Use the setting in the following lines to re-create this experiment

{'result_folder_name': 'bonus_2b', 'plot_file_name': '', 'log_file_name': 'bonus_2b_log', 'n_run': 30, 'n_eval': 2000, 'n_pacman': 3, 'n_ghost': 3, 'size_tuple': (10, 15), 'wall_density': 0.25, 'replay_file_name': '0_replay', 'time_multiplier': 2, 'pills_density': 0.5, 'fruit_spawn_probability': 0.05, 'pill_value': 1, 'fruit_score': 10, 'grow_terminal_prob': 0.5, 'over_selection_x': 0.2, 'pacman_max_tree_height': 2, 'pacman_parent_selection': 'os', 'pacman_stable_population': 5, 'pacman_offspring_population': 50, 'n_pacman_parent': 4, 'pacman_survival_selection': 'trunc', 'pacman_survival_k': 15, 'pacman_parsimony_pressure': 2, 'pacman_share_controller': False, 'ghost_max_tree_height': 2, 'ghost_parent_selection': 'os', 'ghost_stable_population': 5, 'ghost_offspring_population': 50, 'n_ghost_parent': 2, 'ghost_survival_selection': 'trunc', 'ghost_survival_k': 15, 'ghost_parsimony_pressure': 2, 'ghost_share_controller': True, 'convergence_n_eval': None, 'seed': '2018-12-03 13:36:34.728622'}

Result Log

Run 0
5	4.620408163265306	20
55	2.9338775510204083	24
105	0.031020408163265303	6
155	0.0032653061224489793	2
205	0.0	2
255	0.0	2
305	0.20244897959183672	11
355	0.013061224489795917	10
405	0.11591836734693876	8
455	0.0	0
505	0.22693877551020405	11
555	0.08653061224489794	8
605	0.011428571428571429	7
655	0.1844897959183673	10
705	0.05877551020408163	10
755	0.0	1
805	0.0	10
855	0.026122448979591834	4
905	0.0	1
955	0.0	4
1005	0.17632653061224488	8
1055	0.0065306122448979586	3
1105	0.029387755102040815	6
1155	0.12897959183673469	12
1205	0.0	10
1255	0.04408163265306122	11
1305	0.2546938775510204	10
1355	0.2791836734693877	14
1405	0.0	0
1455	0.013061224489795917	2
1505	0.156734693877551	10
1555	0.13224489795918365	9
1605	0.0	5
1655	0.0065306122448979586	11
1705	0.10122448979591836	8
1755	0.0	1
1805	0.2644897959183673	9
1855	0.0	2
1905	0.0636734693877551	6
1955	0.30857142857142855	8
2005	0.03918367346938775	6

Run 1
5	4.261224489795918	24
55	2.705306122448979	51
105	2.2579591836734694	84
155	1.417142857142857	38
205	0.8995918367346937	43
255	1.8448979591836734	54
305	1.786122448979592	32
355	0.3363265306122449	39
405	1.1151020408163266	41
455	1.0759183673469386	54
505	1.100408163265306	36
555	2.1779591836734693	38
605	1.3061224489795915	39
655	2.3118367346938773	40
705	1.7077551020408164	42
755	1.353469387755102	50
805	0.6187755102040816	67
855	1.2653061224489794	36
905	1.5869387755102036	53
955	1.3420408163265307	58
1005	1.3387755102040813	39
1055	1.417142857142857	38
1105	1.5951020408163261	44
1155	0.5322448979591835	45
1205	1.7485714285714287	56
1255	1.410612244897959	39
1305	0.8146938775510203	49
1355	0.9159183673469385	53
1405	1.2620408163265306	101
1455	0.7787755102040816	36
1505	0.9697959183673468	59
1555	1.2620408163265304	37
1605	1.8318367346938773	67
1655	1.457959183673469	46
1705	1.8595918367346937	34
1755	1.3746938775510205	58
1805	0.8244897959183674	30
1855	1.3534693877551018	44
1905	0.626938775510204	47
1955	0.9583673469387755	35
2005	1.4955102040816326	44

Run 2
5	1.0285714285714285	31
55	2.8571428571428568	81
105	0.39836734693877546	50
155	0.8653061224489795	63
205	1.4759183673469385	57
255	1.1330612244897957	48
305	0.2710204081632653	29
355	2.3559183673469386	60
405	1.5934693877551018	71
455	1.4334693877551021	52
505	0.20081632653061224	27
555	0.6955102040816326	47
605	2.2399999999999998	65
655	0.7248979591836735	53
705	0.9453061224489795	46
755	0.5126530612244897	46
805	1.5902040816326528	47
855	0.8799999999999999	75
905	1.506938775510204	61
955	0.4261224489795918	18
1005	1.0155102040816326	46
1055	0.5208163265306122	20
1105	1.451428571428571	46
1155	0.4408163265306122	18
1205	0.7820408163265306	20
1255	0.32163265306122446	16
1305	2.071836734693877	59
1355	0.4718367346938775	24
1405	0.7167346938775511	25
1455	1.3681632653061222	44
1505	0.34775510204081633	72
1555	1.1248979591836734	46
1605	1.4955102040816326	47
1655	0.22204081632653064	21
1705	0.35265306122448975	40
1755	0.19428571428571423	16
1805	0.7951020408163266	16
1855	1.0171428571428571	57
1905	1.059591836734694	55
1955	0.933877551020408	55
2005	1.2326530612244897	43

Run 3
5	1.2244897959183674	31
55	2.550204081632653	42
105	2.7493877551020405	57
155	2.2661224489795915	41
205	0.8261224489795918	51
255	0.8065306122448979	30
305	0.9681632653061223	51
355	1.9069387755102039	54
405	0.2808163265306122	52
455	1.043265306122449	139
505	0.5730612244897959	74
555	0.3004081632653061	37
605	1.340408163265306	59
655	1.663673469387755	64
705	2.0342857142857143	84
755	1.4057142857142852	64
805	0.7657142857142856	35
855	1.0155102040816326	52
905	0.783673469387755	51
955	2.2253061224489796	45
1005	0.8326530612244898	75
1055	0.9322448979591837	55
1105	0.9567346938775511	38
1155	0.2236734693877551	65
1205	1.023673469387755	42
1255	0.9648979591836734	26
1305	1.510204081632653	39
1355	1.831836734693877	66
1405	1.1591836734693874	52
1455	1.8448979591836734	48
1505	2.075102040816326	58
1555	0.8342857142857143	39
1605	1.7599999999999998	49
1655	1.8138775510204084	48
1705	0.7689795918367346	75
1755	1.0220408163265307	53
1805	0.3755102040816326	65
1855	1.5804081632653058	43
1905	0.4718367346938775	58
1955	1.9118367346938772	78
2005	0.8865306122448977	49

Run 4
5	0.34285714285714286	7
55	0.4522448979591836	51
105	1.7159183673469385	62
155	0.4751020408163265	20
205	1.637551020408163	39
255	1.4857142857142855	29
305	1.970612244897959	51
355	0.31836734693877544	12
405	0.7412244897959183	59
455	0.9387755102040817	45
505	0.36897959183673457	23
555	1.3926530612244898	39
605	1.3028571428571432	53
655	1.4220408163265303	46
705	0.8473469387755103	32
755	1.0922448979591841	34
805	2.4440816326530608	35
855	1.026938775510204	41
905	0.15183673469387754	8
955	2.4685714285714284	33
1005	0.39020408163265297	25
1055	0.9551020408163263	25
1105	0.620408163265306	17
1155	1.5951020408163266	42
1205	0.8718367346938777	19
1255	0.7755102040816325	10
1305	1.477551020408163	34
1355	1.4253061224489796	33
1405	0.5648979591836732	40
1455	0.7706122448979591	27
1505	0.37387755102040815	14
1555	0.6302040816326528	36
1605	0.8342857142857142	49
1655	0.809795918367347	28
1705	2.0016326530612245	44
1755	1.257142857142857	47
1805	1.0791836734693876	20
1855	1.3273469387755097	41
1905	0.9485714285714285	43
1955	0.966530612244898	15
2005	1.9216326530612244	53

Run 5
5	0.4408163265306122	30
55	4.324897959183672	75
105	0.3346938775510204	65
155	1.196734693877551	61
205	0.8424489795918366	69
255	1.0726530612244896	48
305	1.5444897959183672	55
355	2.052244897959184	58
405	0.48653061224489796	41
455	0.9991836734693877	54
505	0.5730612244897958	119
555	1.0481632653061224	90
605	1.062857142857143	37
655	0.8555102040816326	68
705	1.3551020408163261	95
755	1.1902040816326531	49
805	0.7591836734693876	51
855	1.3648979591836734	95
905	1.7404081632653061	67
955	1.043265306122449	51
1005	1.5755102040816324	42
1055	2.2187755102040816	53
1105	1.7518367346938775	82
1155	0.9093877551020408	56
1205	0.7575510204081632	58
1255	1.030204081632653	52
1305	0.2971428571428571	51
1355	0.4848979591836735	48
1405	0.7755102040816326	50
1455	0.8457142857142855	99
1505	1.000816326530612	64
1555	1.0089795918367346	55
1605	1.5314285714285711	39
1655	0.9485714285714285	39
1705	1.0824489795918366	46
1755	0.563265306122449	42
1805	1.8416326530612241	57
1855	1.9706122448979588	77
1905	1.5314285714285714	57
1955	1.366530612244898	55
2005	0.7624489795918368	56

Run 6
5	0.5224489795918367	23
55	1.3420408163265307	34
105	1.9428571428571428	46
155	2.001632653061224	71
205	1.0220408163265307	51
255	0.5551020408163265	91
305	0.4914285714285714	42
355	1.7469387755102037	67
405	0.20081632653061224	28
455	0.3118367346938775	30
505	1.0938775510204082	51
555	2.9926530612244897	60
605	1.7240816326530615	64
655	0.6971428571428572	22
705	1.7812244897959182	47
755	0.4555102040816326	61
805	0.5355102040816326	59
855	0.6481632653061223	85
905	0.9044897959183673	79
955	1.6538775510204078	68
1005	0.8963265306122449	101
1055	0.4963265306122448	34
1105	0.9257142857142857	53
1155	0.956734693877551	26
1205	0.9044897959183673	62
1255	0.5893877551020407	35
1305	1.4840816326530608	64
1355	1.1151020408163266	62
1405	1.2293877551020407	54
1455	1.4873469387755103	48
1505	1.564081632653061	74
1555	1.030204081632653	89
1605	1.9330612244897958	62
1655	1.6179591836734692	74
1705	0.6759183673469387	29
1755	0.6302040816326531	53
1805	1.717551020408163	46
1855	0.8195918367346938	25
1905	2.3102040816326532	68
1955	2.3412244897959185	74
2005	1.9281632653061223	44

Run 7
5	1.1918367346938774	46
55	3.9657142857142857	59
105	0.6253061224489795	33
155	0.40489795918367333	39
205	0.8114285714285714	26
255	0.9926530612244899	36
305	0.8146938775510205	26
355	0.8408163265306123	17
405	1.2277551020408164	34
455	1.3044897959183677	16
505	0.710204081632653	19
555	0.7297959183673467	11
605	0.7265306122448979	18
655	0.8081632653061223	15
705	0.8881632653061223	31
755	0.5551020408163265	11
805	0.6155102040816325	12
855	2.1730612244897953	27
905	0.4669387755102039	28
955	0.803265306122449	14
1005	0.7624489795918364	21
1055	0.9567346938775507	41
1105	0.6497959183673468	14
1155	1.1118367346938773	28
1205	0.4506122448979591	12
1255	0.5828571428571429	13
1305	1.1281632653061222	19
1355	0.9844897959183673	17
1405	1.4497959183673463	27
1455	1.0889795918367347	15
1505	0.4048979591836733	5
1555	0.7069387755102042	14
1605	1.170612244897959	30
1655	0.8359183673469386	24
1705	0.6824489795918367	16
1755	1.0497959183673469	26
1805	0.5420408163265305	10
1855	0.6106122448979591	22
1905	0.8342857142857143	15
1955	0.6122448979591837	26
2005	0.8179591836734693	12

Run 8
5	1.257142857142857	41
55	2.692244897959183	132
105	0.38367346938775504	40
155	0.15346938775510205	27
205	1.0122448979591836	62
255	0.690612244897959	38
305	0.21061224489795916	30
355	1.100408163265306	37
405	0.4799999999999999	40
455	0.32163265306122446	25
505	0.7885714285714285	62
555	0.9910204081632652	56
605	0.563265306122449	28
655	0.6416326530612245	82
705	0.313469387755102	26
755	0.1910204081632653	12
805	0.3151020408163265	55
855	0.556734693877551	35
905	0.25632653061224486	49
955	0.22857142857142856	72
1005	1.1363265306122445	51
1055	0.326530612244898	18
1105	0.3608163265306122	28
1155	0.4195918367346938	14
1205	0.39020408163265297	35
1255	0.19755102040816325	32
1305	0.44734693877551024	73
1355	0.44244897959183677	22
1405	0.9763265306122451	50
1455	0.8375510204081631	20
1505	1.5657142857142852	35
1555	0.6514285714285714	29
1605	0.5289795918367347	25
1655	0.853877551020408	39
1705	0.6987755102040815	32
1755	0.9763265306122451	38
1805	0.0636734693877551	15
1855	0.8702040816326531	73
1905	0.7395918367346939	103
1955	1.384489795918367	51
2005	0.29061224489795917	24

Run 9
5	6.465306122448979	28
55	5.1053061224489795	96
105	1.7273469387755103	110
155	0.5681632653061224	142
205	3.750204081632653	139
255	0.5730612244897959	105
305	1.369795918367347	118
355	0.5746938775510204	95
405	1.8775510204081634	131
455	0.7559183673469387	106
505	1.874285714285714	100
555	0.9893877551020407	84
605	0.43755102040816324	123
655	0.6628571428571428	46
705	1.4008163265306122	95
755	1.6097959183673467	118
805	0.3559183673469387	81
855	0.6808163265306122	125
905	1.7583673469387755	124
955	1.129795918367347	114
1005	1.1608163265306122	94
1055	2.7493877551020414	117
1105	1.8808163265306121	86
1155	2.089795918367347	154
1205	0.5077551020408163	91
1255	0.6122448979591837	117
1305	1.093877551020408	93
1355	1.6489795918367343	104
1405	1.7861224489795915	119
1455	0.30857142857142855	107
1505	3.844897959183673	130
1555	0.6579591836734693	121
1605	0.8832653061224489	120
1655	1.1118367346938773	129
1705	0.4751020408163265	101
1755	2.497959183673469	113
1805	3.1216326530612246	120
1855	1.941224489795918	88
1905	1.8710204081632649	91
1955	0.30693877551020404	128
2005	0.9730612244897958	149

Run 10
5	1.9591836734693875	19
55	4.078367346938776	71
105	0.7836734693877552	85
155	0.2546938775510204	18
205	0.786938775510204	44
255	0.8685714285714287	28
305	1.074285714285714	45
355	0.8212244897959183	61
405	1.071020408163265	79
455	0.16979591836734692	17
505	0.8865306122448976	53
555	0.969795918367347	47
605	1.080816326530612	45
655	1.2293877551020407	56
705	0.7069387755102039	47
755	0.2922448979591836	40
805	0.7787755102040816	62
855	0.21877551020408162	76
905	0.8816326530612244	86
955	0.6546938775510204	72
1005	0.6742857142857142	36
1055	0.35428571428571426	27
1105	0.49469387755102034	54
1155	1.3044897959183674	53
1205	0.7836734693877552	45
1255	0.48326530612244895	57
1305	0.16816326530612244	29
1355	1.2555102040816326	23
1405	0.4261224489795918	34
1455	0.6399999999999999	41
1505	0.5273469387755102	30
1555	1.0987755102040817	42
1605	0.8669387755102039	40
1655	0.34612244897959177	55
1705	0.5012244897959183	31
1755	1.4955102040816326	75
1805	0.7085714285714285	43
1855	0.633469387755102	91
1905	0.7248979591836734	71
1955	0.5975510204081632	47
2005	0.8016326530612246	39

Run 11
5	2.971428571428571	21
55	1.9248979591836735	42
105	0.19755102040816325	10
155	1.6767346938775507	45
205	0.20244897959183672	18
255	1.2995918367346937	32
305	0.1273469387755102	10
355	0.4571428571428571	47
405	0.6579591836734693	41
455	0.22367346938775512	55
505	0.5648979591836735	53
555	0.20244897959183672	58
605	0.626938775510204	120
655	0.7248979591836735	34
705	0.4032653061224489	24
755	0.4424489795918366	38
805	0.6138775510204081	29
855	1.88734693877551	25
905	0.36244897959183675	24
955	0.36734693877551017	22
1005	1.2359183673469383	38
1055	1.3322448979591837	34
1105	2.850612244897959	83
1155	0.42938775510204075	18
1205	1.1689795918367343	19
1255	0.4881632653061224	34
1305	0.40816326530612246	12
1355	0.30857142857142855	13
1405	0.6285714285714286	24
1455	0.25632653061224486	30
1505	0.4685714285714285	55
1555	0.45877551020408164	12
1605	0.35591836734693877	48
1655	1.560816326530612	28
1705	3.0334693877551007	109
1755	0.23346938775510204	32
1805	0.924081632653061	21
1855	0.24	54
1905	0.6138775510204081	31
1955	0.27428571428571424	94
2005	1.0138775510204079	29

Run 12
5	5.224489795918367	17
55	4.64326530612245	46
105	2.7363265306122444	69
155	1.1118367346938776	38
205	1.830204081632653	90
255	1.8253061224489795	48
305	1.516734693877551	73
355	0.563265306122449	55
405	1.4677551020408162	76
455	2.2106122448979595	71
505	2.0228571428571427	56
555	1.5820408163265305	67
605	2.692244897959183	65
655	1.4710204081632652	71
705	2.088163265306122	59
755	1.3502040816326528	88
805	0.8881632653061223	47
855	1.0677551020408163	58
905	1.3942857142857141	47
955	2.083265306122449	76
1005	1.8677551020408163	53
1055	0.23020408163265305	46
1105	0.9093877551020406	111
1155	0.9730612244897959	47
1205	2.071836734693877	53
1255	1.6783673469387752	77
1305	1.707755102040816	59
1355	0.9126530612244897	51
1405	1.5020408163265304	60
1455	2.220408163265306	71
1505	1.1346938775510202	68
1555	1.4791836734693873	57
1605	1.4253061224489791	80
1655	1.2816326530612243	49
1705	1.2048979591836733	62
1755	1.480816326530612	60
1805	1.2718367346938775	72
1855	2.5959183673469384	62
1905	1.206530612244898	50
1955	1.4367346938775512	41
2005	0.9812244897959184	95

Run 13
5	7.330612244897959	61
55	5.134693877551021	61
105	2.662857142857143	123
155	1.8987755102040815	58
205	2.741224489795918	65
255	2.4930612244897956	59
305	4.133877551020408	124
355	2.7167346938775507	101
405	0.3444897959183673	60
455	0.8195918367346937	64
505	0.4195918367346939	86
555	2.537142857142857	65
605	2.577959183673469	126
655	1.3812244897959183	132
705	2.7836734693877547	55
755	2.427755102040816	61
805	1.691428571428571	52
855	2.210612244897959	101
905	0.8228571428571427	62
955	2.2661224489795915	74
1005	1.9461224489795919	133
1055	0.9730612244897958	67
1105	1.4383673469387757	61
1155	1.8955102040816323	56
1205	1.6930612244897958	75
1255	1.8220408163265307	116
1305	2.2563265306122444	122
1355	2.406530612244898	65
1405	2.1012244897959182	61
1455	1.7746938775510204	121
1505	1.8530612244897957	101
1555	0.5338775510204081	53
1605	1.3975510204081631	114
1655	2.104489795918367	65
1705	2.0865306122448986	151
1755	1.777959183673469	72
1805	3.067755102040816	124
1855	2.0702040816326535	65
1905	1.5248979591836735	135
1955	0.8489795918367347	99
2005	1.5020408163265304	60

Run 14
5	0.0	89
55	0.46367346938775506	129
105	2.403265306122449	106
155	0.8114285714285714	87
205	0.6089795918367347	119
255	0.3918367346938775	51
305	3.5085714285714285	90
355	1.4987755102040814	110
405	3.2995918367346935	111
455	2.42938775510204	73
505	0.6171428571428571	45
555	0.26285714285714284	87
605	0.5240816326530612	89
655	0.47673469387755096	82
705	0.7722448979591836	62
755	1.6163265306122452	83
805	2.948571428571429	132
855	1.270204081632653	74
905	1.3714285714285714	122
955	1.139591836734694	113
1005	0.46367346938775506	53
1055	1.8334693877551016	108
1105	1.6783673469387752	99
1155	0.26938775510204077	70
1205	1.6946938775510205	83
1255	2.979591836734693	129
1305	1.8677551020408163	78
1355	0.4555102040816326	45
1405	1.0824489795918366	79
1455	1.3485714285714285	119
1505	0.41142857142857137	120
1555	3.4693877551020402	95
1605	1.4383673469387752	120
1655	0.623673469387755	93
1705	1.9706122448979593	111
1755	1.3322448979591834	92
1805	0.6938775510204082	126
1855	0.8163265306122449	84
1905	3.503673469387755	96
1955	1.4677551020408162	91
2005	1.1787755102040816	147

Run 15
5	7.7877551020408164	90
55	1.306122448979592	41
105	1.193469387755102	86
155	0.5436734693877551	47
205	1.5999999999999996	83
255	2.4604081632653054	100
305	3.5624489795918364	85
355	2.999183673469387	101
405	2.284081632653061	87
455	0.9093877551020406	82
505	4.047346938775511	101
555	1.0481632653061224	120
605	0.6824489795918367	37
655	4.006530612244898	113
705	1.4416326530612245	100
755	0.6791836734693877	119
805	1.4530612244897958	41
855	0.5485714285714285	58
905	1.6702040816326527	69
955	2.316734693877551	108
1005	2.024489795918367	112
1055	1.720816326530612	62
1105	0.47346938775510206	92
1155	3.4285714285714284	114
1205	0.6857142857142857	60
1255	1.3583673469387754	122
1305	1.043265306122449	96
1355	2.5355102040816324	69
1405	0.9714285714285712	92
1455	1.1575510204081632	119
1505	0.16163265306122448	91
1555	1.910204081632653	109
1605	1.3616326530612244	118
1655	0.5599999999999999	40
1705	2.28734693877551	129
1755	1.183673469387755	45
1805	1.8400000000000003	60
1855	0.8130612244897958	67
1905	1.1085714285714283	48
1955	2.1061224489795918	100
2005	0.8408163265306122	91

Run 16
5	0.14693877551020407	28
55	0.9289795918367346	57
105	0.7379591836734692	61
155	1.5151020408163263	54
205	1.3795918367346933	66
255	0.6302040816326531	46
305	0.380408163265306	52
355	1.6751020408163264	48
405	2.253061224489796	84
455	1.859591836734694	69
505	1.9869387755102037	56
555	3.0726530612244884	61
605	0.9093877551020408	61
655	1.2555102040816324	50
705	1.8285714285714283	58
755	1.3110204081632653	86
805	1.7240816326530608	90
855	1.0628571428571427	54
905	0.7673469387755101	51
955	1.7632653061224488	73
1005	1.937959183673469	54
1055	1.250612244897959	61
1105	1.004081632653061	56
1155	1.036734693877551	52
1205	0.7755102040816325	60
1255	2.0163265306122446	65
1305	1.559183673469388	43
1355	1.2489795918367346	77
1405	1.3240816326530611	57
1455	0.7118367346938774	60
1505	1.1493877551020408	60
1555	1.6097959183673467	54
1605	1.234285714285714	68
1655	0.9404081632653061	99
1705	1.45469387755102	68
1755	0.9763265306122448	60
1805	0.5926530612244897	46
1855	2.3265306122448974	67
1905	0.6563265306122449	60
1955	1.4759183673469385	57
2005	1.5624489795918368	53

Run 17
5	0.7183673469387755	24
55	1.2163265306122446	33
105	0.537142857142857	29
155	0.5583673469387754	20
205	0.4914285714285714	31
255	0.33795918367346933	14
305	0.5355102040816326	36
355	0.393469387755102	23
405	0.24489795918367346	19
455	0.42448979591836733	34
505	0.8669387755102038	35
555	0.40326530612244893	49
605	0.8653061224489795	35
655	0.8653061224489795	24
705	0.4310204081632653	20
755	0.35102040816326524	26
805	0.997551020408163	27
855	1.00734693877551	45
905	0.7297959183673468	36
955	0.2922448979591837	27
1005	0.773877551020408	41
1055	0.6546938775510204	51
1105	0.6873469387755101	33
1155	0.3706122448979592	16
1205	0.3575510204081633	19
1255	0.2987755102040816	34
1305	0.37061224489795913	24
1355	0.12081632653061225	20
1405	0.2497959183673469	38
1455	0.43755102040816324	20
1505	0.313469387755102	47
1555	0.5322448979591836	27
1605	0.8783673469387755	59
1655	0.42122448979591826	29
1705	0.27265306122448973	26
1755	0.47346938775510194	35
1805	0.3346938775510204	20
1855	0.6285714285714286	74
1905	0.47020408163265304	19
1955	0.2710204081632653	25
2005	0.7020408163265306	33

Run 18
5	0.7346938775510203	11
55	1.2963265306122447	20
105	0.4	22
155	0.553469387755102	28
205	1.2293877551020407	54
255	0.6644897959183673	22
305	1.020408163265306	26
355	0.4408163265306122	25
405	0.5779591836734693	46
455	0.4783673469387755	34
505	1.0220408163265304	58
555	0.5746938775510203	25
605	1.64734693877551	49
655	0.7755102040816326	38
705	1.0008163265306123	69
755	0.30693877551020404	41
805	1.3616326530612244	23
855	0.9404081632653061	43
905	0.6791836734693877	25
955	1.020408163265306	24
1005	0.9453061224489795	45
1055	0.690612244897959	34
1105	0.4555102040816326	38
1155	0.8718367346938775	36
1205	0.9420408163265307	49
1255	0.8979591836734694	24
1305	0.6057142857142856	27
1355	0.5191836734693878	30
1405	0.9208163265306121	28
1455	1.3681632653061222	48
1505	0.7559183673469385	62
1555	0.2955102040816326	25
1605	0.9420408163265305	34
1655	0.7216326530612244	35
1705	0.933877551020408	35
1755	1.1869387755102039	25
1805	0.6840816326530611	44
1855	0.790204081632653	35
1905	0.8522448979591836	29
1955	1.0628571428571427	32
2005	0.6726530612244898	20

Run 19
5	5.518367346938776	56
55	6.661224489795919	75
105	2.9975510204081632	73
155	2.6106122448979585	63
205	1.8285714285714285	135
255	5.670204081632653	88
305	2.893061224489795	105
355	1.12	73
405	1.7975510204081633	83
455	2.608979591836735	108
505	4.117551020408163	74
555	2.0114285714285716	133
605	4.538775510204081	73
655	4.723265306122448	99
705	2.042448979591837	110
755	2.9453061224489794	145
805	1.5738775510204082	116
855	3.72734693877551	72
905	1.954285714285714	125
955	3.3077551020408165	71
1005	1.0661224489795917	81
1055	1.48734693877551	131
1105	2.9322448979591833	75
1155	1.337142857142857	137
1205	1.756734693877551	127
1255	2.0963265306122447	115
1305	3.371428571428571	93
1355	1.1510204081632653	131
1405	1.7812244897959184	126
1455	3.5902040816326526	72
1505	2.7836734693877547	112
1555	4.285714285714285	129
1605	1.4008163265306124	79
1655	3.7518367346938764	122
1705	1.6799999999999997	139
1755	3.1869387755102037	124
1805	1.804081632653061	95
1855	1.9902040816326527	132
1905	2.4195918367346936	75
1955	2.32	75
2005	2.344489795918367	84

Run 20
5	2.204081632653061	9
55	2.7216326530612247	25
105	0.16653061224489796	80
155	0.021224489795918365	13
205	0.4408163265306122	25
255	0.20081632653061224	30
305	0.13551020408163264	37
355	0.19265306122448977	32
405	0.11755102040816326	11
455	0.4065306122448979	24
505	0.3999999999999999	83
555	0.20081632653061224	11
605	0.037551020408163265	12
655	1.0530612244897959	19
705	0.2808163265306122	24
755	0.35428571428571426	56
805	0.7281632653061224	82
855	0.6351020408163266	68
905	0.1877551020408163	10
955	0.8555102040816327	82
1005	0.6840816326530611	68
1055	0.13224489795918368	7
1105	0.021224489795918365	52
1155	0.08653061224489797	18
1205	0.5877551020408164	84
1255	0.36408163265306115	26
1305	0.28897959183673466	37
1355	0.28408163265306124	24
1405	0.13224489795918365	52
1455	0.24326530612244895	92
1505	0.10612244897959183	24
1555	1.4693877551020407	80
1605	0.16816326530612244	10
1655	0.6187755102040815	93
1705	0.8146938775510205	67
1755	0.34122448979591835	36
1805	0.3640816326530612	25
1855	0.22204081632653058	24
1905	0.1436734693877551	15
1955	0.3836734693877551	22
2005	0.10285714285714284	15

Run 21
5	2.7591836734693875	22
55	4.0	62
105	1.5167346938775506	28
155	0.20897959183673467	30
205	2.200816326530612	85
255	1.097142857142857	48
305	0.8114285714285714	64
355	1.8089795918367348	55
405	0.9110204081632652	56
455	1.3191836734693876	86
505	0.8195918367346937	58
555	0.1387755102040816	34
605	1.8906122448979588	65
655	0.8081632653061225	77
705	0.7330612244897958	49
755	0.28244897959183674	37
805	0.6955102040816327	31
855	0.7134693877551022	63
905	0.47346938775510206	48
955	1.0987755102040813	79
1005	0.7493877551020407	76
1055	1.1395918367346936	50
1105	0.3330612244897959	63
1155	1.5967346938775508	38
1205	1.00734693877551	56
1255	0.3265306122448979	39
1305	0.8261224489795918	43
1355	0.4669387755102041	75
1405	1.4073469387755098	86
1455	1.033469387755102	56
1505	0.7624489795918368	55
1555	0.9142857142857141	50
1605	0.8065306122448981	55
1655	1.0644897959183672	43
1705	0.5240816326530612	49
1755	0.8538775510204082	29
1805	0.8963265306122448	49
1855	1.000816326530612	63
1905	0.556734693877551	60
1955	0.7102040816326531	56
2005	1.3942857142857141	43

Run 22
5	1.6816326530612244	44
55	3.165714285714286	89
105	0.8146938775510203	126
155	1.6032653061224489	74
205	1.4857142857142855	147
255	0.7559183673469387	85
305	2.053877551020408	121
355	0.9779591836734692	74
405	1.2636734693877552	82
455	1.8318367346938773	77
505	2.076734693877551	106
555	1.689795918367347	99
605	0.9583673469387753	97
655	2.6089795918367344	91
705	2.0555102040816324	73
755	1.986938775510204	64
805	2.881632653061224	126
855	1.7012244897959181	70
905	2.9632653061224494	80
955	2.2106122448979586	78
1005	1.12	101
1055	2.328163265306122	76
1105	1.033469387755102	112
1155	1.0220408163265304	97
1205	0.7640816326530612	113
1255	1.7991836734693873	106
1305	2.0832653061224486	126
1355	1.7599999999999998	68
1405	2.6742857142857144	60
1455	0.47346938775510194	95
1505	1.6244897959183673	62
1555	1.7061224489795919	130
1605	2.246530612244898	109
1655	1.2718367346938775	95
1705	1.2816326530612243	82
1755	1.0318367346938775	95
1805	1.5395918367346935	77
1855	2.4424489795918363	74
1905	2.316734693877551	115
1955	1.030204081632653	70
2005	2.1289795918367345	60

Run 23
5	2.3999999999999995	11
55	3.1085714285714277	24
105	0.3297959183673469	10
155	0.0065306122448979586	5
205	0.2073469387755102	12
255	0.019591836734693877	8
305	0.0	1
355	0.1893877551020408	11
405	0.17142857142857143	12
455	0.2530612244897959	10
505	0.05224489795918367	7
555	0.13224489795918365	9
605	0.1110204081632653	8
655	0.11102040816326529	11
705	0.20081632653061224	9
755	0.07346938775510203	9
805	0.026122448979591834	2
855	0.4195918367346938	14
905	0.36897959183673473	13
955	0.0946938775510204	3
1005	0.22204081632653058	8
1055	0.045714285714285714	4
1105	0.03265306122448979	11
1155	0.20408163265306123	6
1205	0.20081632653061227	9
1255	0.20244897959183672	8
1305	0.22857142857142854	13
1355	0.15020408163265306	8
1405	0.07510204081632653	6
1455	0.019591836734693877	7
1505	0.12081632653061224	7
1555	0.16979591836734695	8
1605	0.0032653061224489793	6
1655	0.2253061224489796	10
1705	0.10448979591836734	7
1755	0.04244897959183673	10
1805	0.3918367346938776	10
1855	0.13061224489795917	7
1905	0.0	11
1955	0.10612244897959183	13
2005	0.15183673469387757	9

Run 24
5	0.4408163265306122	31
55	2.7069387755102037	41
105	1.3159183673469386	60
155	2.558367346938775	88
205	0.8702040816326531	67
255	1.9885714285714287	69
305	2.1599999999999997	78
355	0.47183673469387755	77
405	1.1820408163265306	93
455	2.225306122448979	64
505	1.9853061224489794	73
555	0.30530612244897953	69
605	0.9648979591836735	117
655	1.4383673469387752	52
705	0.8816326530612244	56
755	1.546122448979592	50
805	1.1183673469387754	65
855	0.44081632653061226	41
905	1.5151020408163265	62
955	2.217142857142857	48
1005	1.1722448979591835	51
1055	0.7624489795918366	60
1105	1.5493877551020407	54
1155	0.5485714285714285	61
1205	0.29061224489795917	65
1255	0.3934693877551019	53
1305	1.557551020408163	124
1355	3.0187755102040814	87
1405	0.2546938775510204	53
1455	2.36734693877551	57
1505	0.3918367346938776	88
1555	1.1755102040816328	52
1605	2.951836734693878	84
1655	1.5934693877551018	87
1705	2.6987755102040807	92
1755	1.180408163265306	61
1805	0.5044897959183673	45
1855	2.0261224489795917	57
1905	0.32816326530612244	73
1955	1.180408163265306	84
2005	0.8897959183673467	55

Run 25
5	1.583673469387755	30
55	4.788571428571427	51
105	2.0881632653061226	22
155	2.62204081632653	44
205	2.259591836734694	43
255	1.8857142857142852	33
305	3.04	55
355	2.3493877551020406	27
405	3.2653061224489797	47
455	3.0073469387755107	32
505	2.408163265306122	36
555	2.4669387755102044	31
605	3.3469387755102047	41
655	1.1314285714285715	24
705	2.2546938775510204	32
755	1.8759183673469386	51
805	1.129795918367347	36
855	2.613877551020408	23
905	0.5191836734693875	48
955	1.5755102040816331	22
1005	2.2530612244897954	41
1055	2.5322448979591834	53
1105	1.4840816326530608	21
1155	1.6	34
1205	1.1918367346938772	32
1255	1.9085714285714284	72
1305	0.8130612244897958	46
1355	1.818775510204081	31
1405	1.6146938775510202	32
1455	2.940408163265306	41
1505	1.8269387755102036	27
1555	2.775510204081632	33
1605	1.877551020408162	28
1655	1.270204081632653	22
1705	1.129795918367347	27
1755	2.1697959183673463	47
1805	2.122448979591836	52
1855	1.074285714285714	34
1905	1.7714285714285714	27
1955	2.4783673469387755	43
2005	0.790204081632653	30

Run 26
5	4.261224489795918	14
55	6.698775510204081	45
105	0.7183673469387755	69
155	1.4857142857142858	44
205	1.1575510204081632	51
255	0.4506122448979592	48
305	1.6946938775510203	53
355	0.7967346938775509	43
405	0.44897959183673464	61
455	0.7787755102040815	65
505	0.5648979591836735	51
555	0.5028571428571429	45
605	1.177142857142857	62
655	0.6759183673469387	45
705	1.0530612244897959	51
755	0.8653061224489795	34
805	0.6644897959183672	23
855	0.5551020408163265	51
905	0.5583673469387754	28
955	1.2718367346938775	58
1005	0.5093877551020407	71
1055	1.8644897959183673	40
1105	1.2979591836734692	54
1155	1.1183673469387756	41
1205	0.44081632653061226	48
1255	1.3191836734693876	57
1305	0.6416326530612244	49
1355	0.38204081632653064	50
1405	0.623673469387755	39
1455	1.64734693877551	45
1505	1.1395918367346938	59
1555	0.9191836734693877	43
1605	0.4097959183673469	48
1655	1.036734693877551	67
1705	0.710204081632653	16
1755	0.5795918367346938	44
1805	1.250612244897959	75
1855	1.6620408163265303	49
1905	1.0383673469387755	49
1955	1.276734693877551	41
2005	2.1077551020408163	72

Run 27
5	5.5836734693877546	26
55	5.933061224489795	40
105	0.8522448979591835	41
155	1.123265306122449	48
205	1.2359183673469385	37
255	0.31510204081632653	40
305	1.686530612244898	44
355	0.5910204081632653	48
405	0.6318367346938775	25
455	0.6465306122448979	37
505	0.8881632653061223	57
555	0.6253061224489795	58
605	0.08653061224489794	49
655	0.617142857142857	45
705	0.4538775510204081	52
755	0.9844897959183672	63
805	0.8391836734693878	55
855	0.8946938775510205	32
905	0.6399999999999999	33
955	0.34775510204081633	70
1005	0.8391836734693876	34
1055	0.9828571428571428	54
1105	1.5461224489795915	72
1155	0.7461224489795917	25
1205	1.4922448979591834	50
1255	1.4285714285714284	45
1305	0.7591836734693875	33
1355	1.1689795918367345	50
1405	1.3110204081632653	64
1455	0.860408163265306	30
1505	0.9224489795918366	40
1555	0.626938775510204	30
1605	0.9322448979591837	39
1655	0.540408163265306	38
1705	0.4048979591836735	42
1755	0.21061224489795916	32
1805	1.7518367346938775	63
1855	1.3795918367346938	57
1905	2.194285714285714	100
1955	0.7738775510204081	34
2005	0.7297959183673468	34

Run 28
5	7.8040816326530615	73
55	8.566530612244897	74
105	8.408163265306122	153
155	2.9142857142857137	130
205	5.100408163265305	127
255	4.2089795918367345	136
305	3.3224489795918366	143
355	2.7836734693877543	118
405	5.389387755102041	145
455	3.1657142857142855	143
505	4.453877551020408	142
555	3.4269387755102034	142
605	6.36408163265306	143
655	4.0016326530612245	134
705	6.933877551020407	130
755	3.2081632653061223	152
805	5.4204081632653045	155
855	2.4930612244897956	149
905	3.3404081632653053	149
955	2.7036734693877555	136
1005	4.267755102040816	151
1055	2.0587755102040814	130
1105	2.997551020408162	155
1155	2.9616326530612236	105
1205	2.7395918367346934	105
1255	2.8636734693877544	154
1305	4.411428571428571	141
1355	2.32	179
1405	3.738775510204081	142
1455	4.8	148
1505	4.535510204081633	135
1555	2.9387755102040813	125
1605	4.662857142857142	139
1655	1.097142857142857	114
1705	3.2636734693877547	139
1755	4.444081632653061	128
1805	3.180408163265306	167
1855	3.392653061224489	132
1905	4.176326530612244	122
1955	4.92734693877551	149
2005	5.761632653061224	145

Run 29
5	1.1918367346938774	13
55	1.206530612244898	58
105	1.337142857142857	41
155	3.12	46
205	3.45469387755102	53
255	1.1216326530612242	78
305	1.6963265306122448	81
355	3.288163265306123	60
405	1.8579591836734692	48
455	4.424489795918367	68
505	5.544489795918365	59
555	3.626122448979591	68
605	2.3771428571428572	60
655	3.990204081632653	63
705	5.541224489795919	89
755	4.442448979591838	62
805	2.1387755102040815	58
855	2.540408163265306	64
905	1.3387755102040821	63
955	3.1395918367346933	58
1005	0.4897959183673469	56
1055	6.169795918367345	68
1105	5.970612244897958	74
1155	4.4	57
1205	2.72	55
1255	5.773061224489795	61
1305	1.6718367346938772	59
1355	4.27265306122449	61
1405	5.288163265306122	66
1455	5.485714285714284	68
1505	0.9665306122448979	55
1555	2.5926530612244902	54
1605	2.9208163265306113	80
1655	2.373877551020408	46
1705	2.674285714285714	65
1755	4.52408163265306	62
1805	1.9738775510204079	71
1855	4.048979591836734	53
1905	3.162448979591837	70
1955	5.813877551020409	82
2005	5.188571428571428	61
