10
15
w 5 9
w 9 1
w 5 6
w 7 7
w 2 1
w 0 7
w 0 10
w 2 4
w 5 8
w 6 3
w 1 5
w 4 1
w 6 4
w 0 0
w 7 1
w 6 11
w 0 12
w 7 5
w 4 2
w 2 14
w 9 6
w 4 11
w 3 5
w 9 13
w 3 12
w 4 6
w 8 12
w 0 13
w 2 11
w 7 4
w 3 8
w 8 8
w 4 3
w 6 13
w 9 5
w 7 8
w 0 2
p 6 9
p 6 6
p 7 12
p 3 0
p 9 8
p 2 8
p 3 11
p 5 13
p 6 2
p 1 6
p 9 4
p 5 1
p 2 5
p 0 3
p 7 2
p 1 2
p 6 7
p 2 9
p 7 6
p 4 4
p 3 10
p 6 10
p 4 13
p 0 11
p 9 11
p 2 13
p 5 0
p 7 10
p 1 10
p 8 6
p 2 2
p 1 1
p 4 10
p 7 14
p 9 14
p 3 13
p 5 11
p 1 13
p 6 0
p 1 4
p 2 10
p 9 10
p 3 9
p 2 3
p 1 9
p 8 7
p 6 12
p 2 7
p 0 1
p 6 8
p 5 7
p 9 9
p 5 14
p 1 8
p 5 2
p 9 12
m0 0 14
m1 0 14
m2 0 14
1 9 0
2 9 0
3 9 0
t 300 0
m0 1 14
m1 1 14
m2 1 14
1 8 0
2 8 0
3 8 0
t 299 0
m0 0 14
m1 1 13
m2 1 13
1 9 0
2 9 0
3 9 0
t 298 1
m0 0 14
m1 2 13
m2 2 13
1 8 0
2 8 0
3 8 0
t 297 2
m0 0 14
m1 3 13
m2 2 12
1 9 0
2 9 0
3 9 0
f 7 13
t 296 3
m0 1 14
m1 4 13
m2 2 12
1 8 0
2 8 0
3 8 0
t 295 4
m0 1 14
m1 5 13
m2 2 12
1 9 0
2 9 0
3 9 0
t 294 5
m0 1 14
m1 5 14
m2 2 12
1 8 0
2 8 0
3 8 0
t 293 6
m0 1 14
m1 6 14
m2 2 12
1 9 0
2 9 0
3 9 0
t 292 6
m0 1 14
m1 7 14
m2 2 12
1 8 0
2 8 0
3 8 0
t 291 7
m0 1 14
m1 6 14
m2 2 12
1 9 0
2 9 0
3 9 0
t 290 7
m0 1 14
m1 6 14
m2 2 12
1 8 0
2 8 0
3 8 0
t 289 7
m0 1 14
m1 6 14
m2 2 12
1 9 0
2 9 0
3 9 0
t 288 7
m0 1 14
m1 6 14
m2 2 12
1 8 0
2 8 0
3 8 0
t 287 7
m0 1 14
m1 7 14
m2 2 12
1 9 0
2 9 0
3 9 0
t 286 7
m0 1 14
m1 8 14
m2 2 12
1 8 0
2 8 0
3 8 0
t 285 7
m0 1 14
m1 9 14
m2 2 12
1 7 0
2 7 0
3 7 0
t 284 8
m0 1 14
m1 9 14
m2 2 12
1 6 0
2 6 0
3 6 0
t 283 8
m0 1 14
m1 9 14
m2 2 12
1 7 0
2 7 0
3 7 0
t 282 8
m0 1 14
m1 8 14
m2 2 12
1 6 0
2 6 0
3 6 0
t 281 8
m0 1 14
m1 8 13
m2 2 12
1 5 0
2 5 0
3 5 0
t 280 8
m0 1 14
m1 8 14
m2 2 12
1 6 0
2 6 0
3 6 0
t 279 8
m0 1 14
m1 9 14
m2 2 12
1 7 0
2 7 0
3 7 0
t 278 8
m0 1 14
m1 8 14
m2 2 12
1 6 0
2 6 0
3 6 0
t 277 8
m0 1 14
m1 9 14
m2 2 12
1 7 0
2 7 0
3 7 0
t 276 8
m0 1 14
m1 9 14
m2 2 12
1 6 0
2 6 0
3 6 0
t 275 8
m0 1 14
m1 8 14
m2 2 12
1 7 0
2 7 0
3 7 0
t 274 8
m0 1 14
m1 8 13
m2 2 12
1 6 0
2 6 0
3 6 0
t 273 8
m0 1 14
m1 8 14
m2 2 12
1 7 0
2 7 0
3 7 0
t 272 8
m0 1 14
m1 8 13
m2 2 12
1 6 0
2 6 0
3 6 0
t 271 8
m0 1 14
m1 8 14
m2 2 12
1 7 0
2 7 0
3 7 0
t 270 8
m0 1 14
m1 8 13
m2 2 12
1 6 0
2 6 0
3 6 0
t 269 8
m0 1 14
m1 8 14
m2 2 12
1 7 0
2 7 0
3 7 0
t 268 8
m0 1 14
m1 8 14
m2 2 12
1 6 0
2 6 0
3 6 0
t 267 8
m0 1 14
m1 8 13
m2 2 12
1 5 0
2 5 0
3 5 0
t 266 8
m0 1 14
m1 8 14
m2 2 12
1 6 0
2 6 0
3 6 0
t 265 8
m0 1 14
m1 8 14
m2 2 12
1 7 0
2 7 0
3 7 0
t 264 8
m0 1 14
m1 8 14
m2 2 12
1 6 0
2 6 0
3 6 0
t 263 8
m0 1 14
m1 8 14
m2 2 12
1 7 0
2 7 0
3 7 0
t 262 8
m0 1 14
m1 9 14
m2 2 12
1 6 0
2 6 0
3 6 0
t 261 8
m0 1 14
m1 9 14
m2 2 12
1 7 0
2 7 0
3 7 0
t 260 8
m0 1 14
m1 8 14
m2 2 12
1 6 0
2 6 0
3 6 0
t 259 8
m0 1 14
m1 9 14
m2 2 12
1 7 0
2 7 0
3 7 0
t 258 8
m0 1 14
m1 8 14
m2 2 12
1 6 0
2 6 0
3 6 0
t 257 8
m0 1 14
m1 8 13
m2 2 12
1 5 0
2 5 0
3 5 0
t 256 8
m0 1 14
m1 8 14
m2 2 12
1 6 0
2 6 0
3 6 0
t 255 8
m0 1 14
m1 8 13
m2 2 12
1 5 0
2 5 0
3 5 0
t 254 8
m0 1 14
m1 7 13
m2 2 12
1 6 0
2 6 0
3 6 0
t 253 18
m0 1 14
m1 7 12
m2 2 12
1 5 0
2 5 0
3 5 0
t 252 19
m0 1 14
m1 6 12
m2 2 12
1 4 0
2 4 0
3 4 0
t 251 20
m0 1 14
m1 6 12
m2 2 12
1 5 0
2 5 0
3 5 0
t 250 20
m0 1 14
m1 6 12
m2 2 12
1 4 0
2 4 0
3 4 0
t 249 20
m0 1 14
m1 7 12
m2 2 12
1 5 0
2 5 0
3 5 0
t 248 20
m0 1 14
m1 7 11
m2 2 12
1 4 0
2 4 0
3 4 0
t 247 20
m0 1 14
m1 7 10
m2 2 12
1 3 0
2 3 0
3 3 0
t 246 21
m0 1 14
m1 6 10
m2 2 12
1 4 0
2 4 0
3 4 0
t 245 22
m0 1 14
m1 6 9
m2 2 12
1 3 0
2 3 0
3 3 0
t 244 23
m0 1 14
m1 6 8
m2 2 12
1 2 0
2 2 0
3 2 0
t 243 24
m0 1 14
m1 6 7
m2 2 12
1 1 0
2 1 0
3 1 0
f 8 0
t 242 25
m0 1 14
m1 6 6
m2 2 12
1 2 0
2 2 0
3 2 0
t 241 26
m0 1 14
m1 7 6
m2 2 12
1 1 0
2 1 0
3 1 0
t 240 27
m0 1 14
m1 8 6
m2 2 12
1 2 0
2 2 0
3 2 0
t 239 28
m0 1 14
m1 8 7
m2 2 12
1 1 0
2 1 0
3 1 0
t 238 29
m0 1 14
m1 8 7
m2 2 12
1 2 0
2 2 0
3 2 0
t 237 29
m0 1 14
m1 8 6
m2 2 12
1 1 0
2 1 0
3 1 0
t 236 29
m0 1 14
m1 8 6
m2 2 12
1 2 0
2 2 0
3 2 0
t 235 29
m0 1 14
m1 8 5
m2 2 12
1 1 0
2 1 0
3 1 0
t 234 29
m0 1 14
m1 8 6
m2 2 12
1 2 0
2 2 0
3 2 0
t 233 29
m0 1 14
m1 8 5
m2 2 12
1 1 0
2 1 0
3 1 0
t 232 29
m0 1 14
m1 8 6
m2 2 12
1 2 0
2 2 0
3 2 0
t 231 29
m0 1 14
m1 8 6
m2 2 12
1 1 0
2 1 0
3 1 0
t 230 29
m0 1 14
m1 8 7
m2 2 12
1 2 0
2 2 0
3 2 0
t 229 29
m0 1 14
m1 8 7
m2 2 12
1 1 0
2 1 0
3 1 0
t 228 29
m0 1 14
m1 9 7
m2 2 12
1 2 0
2 2 0
3 2 0
t 227 29
m0 1 14
m1 9 8
m2 2 12
1 3 0
2 3 0
3 3 0
t 226 30
m0 1 14
m1 9 9
m2 2 12
1 4 0
2 4 0
3 4 0
t 225 31
m0 1 14
m1 9 10
m2 2 12
1 5 0
2 5 0
3 5 0
t 224 32
m0 1 14
m1 9 11
m2 2 12
1 6 0
2 6 0
3 6 0
t 223 33
m0 1 14
m1 9 12
m2 2 12
1 5 0
2 5 0
3 5 0
t 222 34
m0 1 14
m1 9 11
m2 2 12
1 6 0
2 6 0
3 6 0
t 221 34
m0 1 14
m1 9 10
m2 2 12
1 5 0
2 5 0
3 5 0
t 220 34
m0 1 14
m1 9 10
m2 2 12
1 4 0
2 4 0
3 4 0
t 219 34
m0 1 14
m1 9 9
m2 2 12
1 5 0
2 5 0
3 5 0
t 218 34
m0 1 14
m1 9 8
m2 2 12
1 4 0
2 4 0
3 4 0
t 217 34
m0 1 14
m1 9 8
m2 2 12
1 3 0
2 3 0
3 3 0
t 216 34
m0 1 14
m1 9 7
m2 2 12
1 4 0
2 4 0
3 4 0
t 215 34
m0 1 14
m1 9 8
m2 2 12
1 3 0
2 3 0
3 3 0
t 214 34
m0 1 14
m1 9 7
m2 2 12
1 4 0
2 4 0
3 4 0
t 213 34
m0 1 14
m1 8 7
m2 2 12
1 3 0
2 3 0
3 3 0
t 212 34
m0 1 14
m1 9 7
m2 2 12
1 4 0
2 4 0
3 4 0
t 211 34
m0 1 14
m1 9 7
m2 2 12
1 3 0
2 3 0
3 3 0
t 210 34
m0 1 14
m1 9 7
m2 2 12
1 4 0
2 4 0
3 4 0
t 209 34
m0 1 14
m1 9 8
m2 2 12
1 3 0
2 3 0
3 3 0
t 208 34
m0 1 14
m1 9 7
m2 2 12
1 4 0
2 4 0
3 4 0
t 207 34
m0 1 14
m1 9 7
m2 2 12
1 3 0
2 3 0
3 3 0
t 206 34
m0 1 14
m1 8 7
m2 2 12
1 2 0
2 2 0
3 2 0
t 205 34
m0 1 14
m1 8 6
m2 2 12
1 1 0
2 1 0
3 1 0
t 204 34
m0 1 14
m1 8 5
m2 2 12
1 2 0
2 2 0
3 2 0
t 203 34
m0 1 14
m1 8 4
m2 2 12
1 1 0
2 1 0
3 1 0
t 202 34
m0 1 14
m1 9 4
m2 2 12
1 2 0
2 2 0
3 2 0
t 201 35
m0 1 14
m1 8 4
m2 2 12
1 1 0
2 1 0
3 1 0
t 200 35
m0 1 14
m1 8 3
m2 2 12
1 2 0
2 2 0
3 2 0
t 199 35
m0 1 14
m1 7 3
m2 2 12
1 1 0
2 1 0
3 1 0
t 198 35
m0 1 14
m1 7 2
m2 2 12
1 2 0
2 2 0
3 2 0
t 197 36
m0 1 14
m1 6 2
m2 2 12
1 1 0
2 1 0
3 1 0
t 196 37
m0 1 14
m1 5 2
m2 2 12
1 2 0
2 2 0
3 2 0
t 195 38
m0 1 14
m1 5 1
m2 2 12
1 1 0
2 1 0
3 1 0
t 194 39
m0 1 14
m1 5 0
m2 2 12
1 1 1
2 1 1
3 1 1
t 193 40
m0 1 14
m1 6 0
m2 2 12
1 0 1
2 0 1
3 0 1
t 192 41
m0 0 14
m1 7 0
m2 2 12
1 1 1
2 1 1
3 1 1
t 191 41
m0 1 14
m1 7 0
m2 2 12
1 0 1
2 0 1
3 0 1
t 190 41
m0 0 14
m1 7 0
m2 2 12
1 1 1
2 1 1
3 1 1
t 189 41
m0 1 14
m1 7 0
m2 2 12
1 0 1
2 0 1
3 0 1
t 188 41
m0 0 14
m1 8 0
m2 2 12
1 1 1
2 1 1
3 1 1
t 187 51
m0 1 14
m1 8 0
m2 2 12
1 0 1
2 0 1
3 0 1
t 186 51
m0 0 14
m1 9 0
m2 2 12
1 1 1
2 1 1
3 1 1
t 185 51
m0 1 14
m1 9 0
m2 2 12
1 0 1
2 0 1
3 0 1
t 184 51
m0 0 14
m1 9 0
m2 2 12
1 1 1
2 1 1
3 1 1
t 183 51
m0 1 14
m1 8 0
m2 2 12
1 0 1
2 0 1
3 0 1
t 182 51
m0 0 14
m1 9 0
m2 2 12
1 1 1
2 1 1
3 1 1
t 181 51
m0 1 14
m1 8 0
m2 2 12
1 0 1
2 0 1
3 0 1
t 180 51
m0 0 14
m1 7 0
m2 2 12
1 1 1
2 1 1
3 1 1
t 179 51
m0 1 14
m1 6 0
m2 2 12
1 0 1
2 0 1
3 0 1
t 178 51
m0 0 14
m1 6 1
m2 2 12
1 1 1
2 1 1
3 1 1
t 177 51
m0 1 14
m1 5 1
m2 2 12
1 1 0
2 1 0
3 1 0
t 176 51
m0 1 14
m1 6 1
m2 2 12
1 2 0
2 2 0
3 2 0
t 175 51
m0 1 14
m1 6 0
m2 2 12
1 1 0
2 1 0
3 1 0
t 174 51
m0 1 14
m1 6 0
m2 2 12
1 1 1
2 1 1
3 1 1
t 173 51
m0 1 14
m1 6 0
m2 2 12
1 0 1
2 0 1
3 0 1
t 172 51
m0 0 14
m1 6 1
m2 2 12
1 1 1
2 1 1
3 1 1
t 171 51
m0 1 14
m1 6 0
m2 2 12
1 0 1
2 0 1
3 0 1
t 170 51
m0 0 14
m1 6 0
m2 2 12
1 1 1
2 1 1
3 1 1
t 169 51
m0 1 14
m1 6 0
m2 2 12
1 0 1
2 0 1
3 0 1
t 168 51
m0 0 14
m1 5 0
m2 2 12
1 1 1
2 1 1
3 1 1
t 167 51
m0 1 14
m1 5 0
m2 2 12
1 0 1
2 0 1
3 0 1
t 166 51
m0 0 14
m1 5 0
m2 2 12
1 1 1
2 1 1
3 1 1
t 165 51
m0 1 14
m1 5 0
m2 2 12
1 0 1
2 0 1
3 0 1
t 164 51
m0 0 14
m1 6 0
m2 2 12
1 1 1
2 1 1
3 1 1
t 163 51
m0 1 14
m1 7 0
m2 2 12
1 0 1
2 0 1
3 0 1
t 162 51
m0 0 14
m1 6 0
m2 2 12
1 1 1
2 1 1
3 1 1
t 161 51
m0 1 14
m1 5 0
m2 2 12
1 0 1
2 0 1
3 0 1
t 160 51
m0 0 14
m1 5 0
m2 2 12
1 1 1
2 1 1
3 1 1
t 159 51
m0 1 14
m1 6 0
m2 2 12
1 0 1
2 0 1
3 0 1
t 158 51
m0 0 14
m1 6 0
m2 2 12
1 1 1
2 1 1
3 1 1
t 157 51
m0 1 14
m1 6 0
m2 2 12
1 0 1
2 0 1
3 0 1
t 156 51
m0 0 14
m1 7 0
m2 2 12
1 1 1
2 1 1
3 1 1
t 155 51
m0 1 14
m1 7 0
m2 2 12
1 0 1
2 0 1
3 0 1
t 154 51
m0 0 14
m1 7 0
m2 2 12
1 1 1
2 1 1
3 1 1
t 153 51
m0 1 14
m1 6 0
m2 2 12
1 0 1
2 0 1
3 0 1
t 152 51
m0 0 14
m1 7 0
m2 2 12
1 1 1
2 1 1
3 1 1
t 151 51
m0 1 14
m1 6 0
m2 2 12
1 0 1
2 0 1
3 0 1
t 150 51
m0 0 14
m1 6 0
m2 2 12
1 1 1
2 1 1
3 1 1
t 149 51
m0 1 14
m1 5 0
m2 2 12
1 0 1
2 0 1
3 0 1
t 148 51
m0 0 14
m1 5 1
m2 2 12
1 1 1
2 1 1
3 1 1
t 147 51
m0 1 14
m1 5 1
m2 2 12
1 1 0
2 1 0
3 1 0
t 146 51
m0 1 14
m1 6 1
m2 2 12
1 2 0
2 2 0
3 2 0
t 145 51
m0 1 14
m1 6 1
m2 2 12
1 1 0
2 1 0
3 1 0
t 144 51
m0 1 14
m1 6 1
m2 2 12
1 2 0
2 2 0
3 2 0
t 143 51
m0 1 14
m1 6 1
m2 2 12
1 1 0
2 1 0
3 1 0
t 142 51
m0 1 14
m1 6 2
m2 2 12
1 2 0
2 2 0
3 2 0
t 141 51
m0 1 14
m1 5 2
m2 2 12
1 1 0
2 1 0
3 1 0
t 140 51
m0 1 14
m1 5 3
m2 2 12
1 2 0
2 2 0
3 2 0
t 139 51
m0 1 14
m1 5 2
m2 2 12
1 1 0
2 1 0
3 1 0
t 138 51
m0 1 14
m1 5 1
m2 2 12
1 2 0
2 2 0
3 2 0
t 137 51
m0 1 14
m1 5 1
m2 2 12
1 1 0
2 1 0
3 1 0
t 136 51
m0 1 14
m1 5 0
m2 2 12
1 1 1
2 1 1
3 1 1
t 135 51
m0 1 14
m1 4 0
m2 2 12
1 0 1
2 0 1
3 0 1
t 134 51
m0 0 14
m1 3 0
m2 2 12
1 1 1
2 1 1
3 1 1
t 133 52
m0 1 14
m1 2 0
m2 2 12
1 0 1
2 0 1
3 0 1
f 5 3
t 132 52
m0 0 14
m1 1 0
m2 2 12
1 1 1
2 1 1
3 1 1
t 131 52
m0 1 14
m1 -5 -5
m2 2 12
1 1 0
2 1 0
3 1 0
t 130 53
m0 1 14
m1 -5 -5
m2 2 12
1 2 0
2 2 0
3 2 0
t 129 53
m0 1 14
m1 -5 -5
m2 2 12
1 3 0
2 3 0
3 3 0
t 128 53
m0 1 14
m1 -5 -5
m2 2 12
1 4 0
2 4 0
3 4 0
t 127 53
m0 1 14
m1 -5 -5
m2 2 12
1 5 0
2 5 0
3 5 0
t 126 53
m0 1 14
m1 -5 -5
m2 2 12
1 6 0
2 6 0
3 6 0
t 125 53
m0 1 14
m1 -5 -5
m2 2 12
1 7 0
2 7 0
3 7 0
t 124 53
m0 1 14
m1 -5 -5
m2 2 12
1 8 0
2 8 0
3 8 0
t 123 53
m0 1 14
m1 -5 -5
m2 2 12
1 9 0
2 9 0
3 9 0
t 122 53
m0 1 14
m1 -5 -5
m2 2 12
1 8 0
2 8 0
3 8 0
t 121 53
m0 1 14
m1 -5 -5
m2 2 12
1 9 0
2 9 0
3 9 0
t 120 53
m0 1 14
m1 -5 -5
m2 2 12
1 8 0
2 8 0
3 8 0
t 119 53
m0 1 14
m1 -5 -5
m2 2 12
1 9 0
2 9 0
3 9 0
t 118 53
m0 1 14
m1 -5 -5
m2 2 12
1 8 0
2 8 0
3 8 0
t 117 53
m0 1 14
m1 -5 -5
m2 2 12
1 9 0
2 9 0
3 9 0
t 116 53
m0 1 14
m1 -5 -5
m2 2 12
1 8 0
2 8 0
3 8 0
t 115 53
m0 1 14
m1 -5 -5
m2 2 12
1 9 0
2 9 0
3 9 0
t 114 53
m0 1 14
m1 -5 -5
m2 2 12
1 8 0
2 8 0
3 8 0
t 113 53
m0 1 14
m1 -5 -5
m2 2 12
1 9 0
2 9 0
3 9 0
t 112 53
m0 1 14
m1 -5 -5
m2 2 12
1 8 0
2 8 0
3 8 0
t 111 53
m0 1 14
m1 -5 -5
m2 2 12
1 9 0
2 9 0
3 9 0
t 110 53
m0 1 14
m1 -5 -5
m2 2 12
1 8 0
2 8 0
3 8 0
t 109 53
m0 1 14
m1 -5 -5
m2 2 12
1 9 0
2 9 0
3 9 0
t 108 53
m0 1 14
m1 -5 -5
m2 2 12
1 8 0
2 8 0
3 8 0
t 107 53
m0 1 14
m1 -5 -5
m2 2 12
1 9 0
2 9 0
3 9 0
t 106 53
m0 1 14
m1 -5 -5
m2 2 12
1 8 0
2 8 0
3 8 0
t 105 53
m0 1 14
m1 -5 -5
m2 2 12
1 9 0
2 9 0
3 9 0
t 104 53
m0 1 14
m1 -5 -5
m2 2 12
1 8 0
2 8 0
3 8 0
t 103 53
m0 1 14
m1 -5 -5
m2 2 12
1 9 0
2 9 0
3 9 0
t 102 53
m0 1 14
m1 -5 -5
m2 2 12
1 8 0
2 8 0
3 8 0
t 101 53
m0 1 14
m1 -5 -5
m2 2 12
1 9 0
2 9 0
3 9 0
t 100 53
m0 1 14
m1 -5 -5
m2 2 12
1 8 0
2 8 0
3 8 0
t 99 53
m0 1 14
m1 -5 -5
m2 2 12
1 9 0
2 9 0
3 9 0
t 98 53
m0 1 14
m1 -5 -5
m2 2 12
1 8 0
2 8 0
3 8 0
t 97 53
m0 1 14
m1 -5 -5
m2 2 12
1 9 0
2 9 0
3 9 0
t 96 53
m0 1 14
m1 -5 -5
m2 2 12
1 8 0
2 8 0
3 8 0
t 95 53
m0 1 14
m1 -5 -5
m2 2 12
1 9 0
2 9 0
3 9 0
t 94 53
m0 1 14
m1 -5 -5
m2 2 12
1 8 0
2 8 0
3 8 0
t 93 53
m0 1 14
m1 -5 -5
m2 2 12
1 9 0
2 9 0
3 9 0
t 92 53
m0 1 14
m1 -5 -5
m2 2 12
1 8 0
2 8 0
3 8 0
t 91 53
m0 1 14
m1 -5 -5
m2 2 12
1 9 0
2 9 0
3 9 0
t 90 53
m0 1 14
m1 -5 -5
m2 2 12
1 8 0
2 8 0
3 8 0
t 89 53
m0 1 14
m1 -5 -5
m2 2 12
1 9 0
2 9 0
3 9 0
t 88 53
m0 1 14
m1 -5 -5
m2 2 12
1 8 0
2 8 0
3 8 0
t 87 53
m0 1 14
m1 -5 -5
m2 2 12
1 9 0
2 9 0
3 9 0
t 86 53
m0 1 14
m1 -5 -5
m2 2 12
1 8 0
2 8 0
3 8 0
t 85 53
m0 1 14
m1 -5 -5
m2 2 12
1 9 0
2 9 0
3 9 0
t 84 53
m0 1 14
m1 -5 -5
m2 2 12
1 8 0
2 8 0
3 8 0
t 83 53
m0 1 14
m1 -5 -5
m2 2 12
1 9 0
2 9 0
3 9 0
t 82 53
m0 1 14
m1 -5 -5
m2 2 12
1 8 0
2 8 0
3 8 0
t 81 53
m0 1 14
m1 -5 -5
m2 2 12
1 9 0
2 9 0
3 9 0
t 80 53
m0 1 14
m1 -5 -5
m2 2 12
1 8 0
2 8 0
3 8 0
t 79 53
m0 1 14
m1 -5 -5
m2 2 12
1 9 0
2 9 0
3 9 0
t 78 53
m0 1 14
m1 -5 -5
m2 2 12
1 8 0
2 8 0
3 8 0
t 77 53
m0 1 14
m1 -5 -5
m2 2 12
1 9 0
2 9 0
3 9 0
t 76 53
m0 1 14
m1 -5 -5
m2 2 12
1 8 0
2 8 0
3 8 0
t 75 53
m0 1 14
m1 -5 -5
m2 2 12
1 9 0
2 9 0
3 9 0
t 74 53
m0 1 14
m1 -5 -5
m2 2 12
1 8 0
2 8 0
3 8 0
t 73 53
m0 1 14
m1 -5 -5
m2 2 12
1 9 0
2 9 0
3 9 0
t 72 53
m0 1 14
m1 -5 -5
m2 2 12
1 8 0
2 8 0
3 8 0
t 71 53
m0 1 14
m1 -5 -5
m2 2 12
1 9 0
2 9 0
3 9 0
t 70 53
m0 1 14
m1 -5 -5
m2 2 12
1 8 0
2 8 0
3 8 0
t 69 53
m0 1 14
m1 -5 -5
m2 2 12
1 9 0
2 9 0
3 9 0
t 68 53
m0 1 14
m1 -5 -5
m2 2 12
1 8 0
2 8 0
3 8 0
t 67 53
m0 1 14
m1 -5 -5
m2 2 12
1 9 0
2 9 0
3 9 0
t 66 53
m0 1 14
m1 -5 -5
m2 2 12
1 8 0
2 8 0
3 8 0
t 65 53
m0 1 14
m1 -5 -5
m2 2 12
1 9 0
2 9 0
3 9 0
t 64 53
m0 1 14
m1 -5 -5
m2 2 12
1 8 0
2 8 0
3 8 0
t 63 53
m0 1 14
m1 -5 -5
m2 2 12
1 9 0
2 9 0
3 9 0
t 62 53
m0 1 14
m1 -5 -5
m2 2 12
1 8 0
2 8 0
3 8 0
t 61 53
m0 1 14
m1 -5 -5
m2 2 12
1 9 0
2 9 0
3 9 0
t 60 53
m0 1 14
m1 -5 -5
m2 2 12
1 8 0
2 8 0
3 8 0
t 59 53
m0 1 14
m1 -5 -5
m2 2 12
1 9 0
2 9 0
3 9 0
t 58 53
m0 1 14
m1 -5 -5
m2 2 12
1 8 0
2 8 0
3 8 0
t 57 53
m0 1 14
m1 -5 -5
m2 2 12
1 9 0
2 9 0
3 9 0
t 56 53
m0 1 14
m1 -5 -5
m2 2 12
1 8 0
2 8 0
3 8 0
t 55 53
m0 1 14
m1 -5 -5
m2 2 12
1 9 0
2 9 0
3 9 0
t 54 53
m0 1 14
m1 -5 -5
m2 2 12
1 8 0
2 8 0
3 8 0
t 53 53
m0 1 14
m1 -5 -5
m2 2 12
1 9 0
2 9 0
3 9 0
t 52 53
m0 1 14
m1 -5 -5
m2 2 12
1 8 0
2 8 0
3 8 0
t 51 53
m0 1 14
m1 -5 -5
m2 2 12
1 9 0
2 9 0
3 9 0
t 50 53
m0 1 14
m1 -5 -5
m2 2 12
1 8 0
2 8 0
3 8 0
t 49 53
m0 1 14
m1 -5 -5
m2 2 12
1 9 0
2 9 0
3 9 0
t 48 53
m0 1 14
m1 -5 -5
m2 2 12
1 8 0
2 8 0
3 8 0
t 47 53
m0 1 14
m1 -5 -5
m2 2 12
1 9 0
2 9 0
3 9 0
t 46 53
m0 1 14
m1 -5 -5
m2 2 12
1 8 0
2 8 0
3 8 0
t 45 53
m0 1 14
m1 -5 -5
m2 2 12
1 9 0
2 9 0
3 9 0
t 44 53
m0 1 14
m1 -5 -5
m2 2 12
1 8 0
2 8 0
3 8 0
t 43 53
m0 1 14
m1 -5 -5
m2 2 12
1 9 0
2 9 0
3 9 0
t 42 53
m0 1 14
m1 -5 -5
m2 2 12
1 8 0
2 8 0
3 8 0
t 41 53
m0 1 14
m1 -5 -5
m2 2 12
1 9 0
2 9 0
3 9 0
t 40 53
m0 1 14
m1 -5 -5
m2 2 12
1 8 0
2 8 0
3 8 0
t 39 53
m0 1 14
m1 -5 -5
m2 2 12
1 9 0
2 9 0
3 9 0
t 38 53
m0 1 14
m1 -5 -5
m2 2 12
1 8 0
2 8 0
3 8 0
t 37 53
m0 1 14
m1 -5 -5
m2 2 12
1 9 0
2 9 0
3 9 0
t 36 53
m0 1 14
m1 -5 -5
m2 2 12
1 8 0
2 8 0
3 8 0
t 35 53
m0 1 14
m1 -5 -5
m2 2 12
1 9 0
2 9 0
3 9 0
t 34 53
m0 1 14
m1 -5 -5
m2 2 12
1 8 0
2 8 0
3 8 0
t 33 53
m0 1 14
m1 -5 -5
m2 2 12
1 9 0
2 9 0
3 9 0
t 32 53
m0 1 14
m1 -5 -5
m2 2 12
1 8 0
2 8 0
3 8 0
t 31 53
m0 1 14
m1 -5 -5
m2 2 12
1 9 0
2 9 0
3 9 0
t 30 53
m0 1 14
m1 -5 -5
m2 2 12
1 8 0
2 8 0
3 8 0
t 29 53
m0 1 14
m1 -5 -5
m2 2 12
1 9 0
2 9 0
3 9 0
t 28 53
m0 1 14
m1 -5 -5
m2 2 12
1 8 0
2 8 0
3 8 0
t 27 53
m0 1 14
m1 -5 -5
m2 2 12
1 9 0
2 9 0
3 9 0
t 26 53
m0 1 14
m1 -5 -5
m2 2 12
1 8 0
2 8 0
3 8 0
t 25 53
m0 1 14
m1 -5 -5
m2 2 12
1 9 0
2 9 0
3 9 0
t 24 53
m0 1 14
m1 -5 -5
m2 2 12
1 8 0
2 8 0
3 8 0
t 23 53
m0 1 14
m1 -5 -5
m2 2 12
1 9 0
2 9 0
3 9 0
t 22 53
m0 1 14
m1 -5 -5
m2 2 12
1 8 0
2 8 0
3 8 0
t 21 53
m0 1 14
m1 -5 -5
m2 2 12
1 9 0
2 9 0
3 9 0
t 20 53
m0 1 14
m1 -5 -5
m2 2 12
1 8 0
2 8 0
3 8 0
t 19 53
m0 1 14
m1 -5 -5
m2 2 12
1 9 0
2 9 0
3 9 0
t 18 53
m0 1 14
m1 -5 -5
m2 2 12
1 8 0
2 8 0
3 8 0
t 17 53
m0 1 14
m1 -5 -5
m2 2 12
1 9 0
2 9 0
3 9 0
t 16 53
m0 1 14
m1 -5 -5
m2 2 12
1 8 0
2 8 0
3 8 0
t 15 53
m0 1 14
m1 -5 -5
m2 2 12
1 9 0
2 9 0
3 9 0
t 14 53
m0 1 14
m1 -5 -5
m2 2 12
1 8 0
2 8 0
3 8 0
t 13 53
m0 1 14
m1 -5 -5
m2 2 12
1 9 0
2 9 0
3 9 0
t 12 53
m0 1 14
m1 -5 -5
m2 2 12
1 8 0
2 8 0
3 8 0
t 11 53
m0 1 14
m1 -5 -5
m2 2 12
1 9 0
2 9 0
3 9 0
t 10 53
m0 1 14
m1 -5 -5
m2 2 12
1 8 0
2 8 0
3 8 0
t 9 53
m0 1 14
m1 -5 -5
m2 2 12
1 9 0
2 9 0
3 9 0
t 8 53
m0 1 14
m1 -5 -5
m2 2 12
1 8 0
2 8 0
3 8 0
t 7 53
m0 1 14
m1 -5 -5
m2 2 12
1 9 0
2 9 0
3 9 0
t 6 53
m0 1 14
m1 -5 -5
m2 2 12
1 8 0
2 8 0
3 8 0
t 5 53
m0 1 14
m1 -5 -5
m2 2 12
1 9 0
2 9 0
3 9 0
t 4 53
m0 1 14
m1 -5 -5
m2 2 12
1 8 0
2 8 0
3 8 0
t 3 53
m0 1 14
m1 -5 -5
m2 2 12
1 9 0
2 9 0
3 9 0
t 2 53
m0 1 14
m1 -5 -5
m2 2 12
1 8 0
2 8 0
3 8 0
t 1 53
m0 1 14
m1 -5 -5
m2 2 12
1 8 0
2 8 0
3 8 0
t 0 53
