10
15
w 6 9
w 1 3
w 8 13
w 6 6
w 4 8
w 0 10
w 7 11
w 2 5
w 8 5
w 6 7
w 8 1
w 1 14
w 6 3
w 9 11
w 5 0
w 4 10
w 3 2
w 6 4
w 9 14
w 4 14
w 9 10
w 3 9
w 8 7
w 6 12
w 0 1
w 9 13
w 3 12
w 4 6
w 6 1
w 3 1
w 2 11
w 1 8
w 6 13
w 1 7
w 3 4
w 9 12
w 8 4
p 4 7
p 9 1
p 5 6
p 9 8
p 8 0
p 3 11
p 7 7
p 8 9
p 6 2
p 1 6
p 2 12
p 5 1
p 1 11
p 7 2
p 6 14
p 1 2
p 8 14
p 4 9
p 2 9
p 4 4
p 8 10
p 4 13
p 1 5
p 2 13
p 7 10
p 3 6
p 2 2
p 8 6
p 4 1
p 7 14
p 0 0
p 2 6
p 7 1
p 6 11
p 1 4
p 2 10
p 1 9
p 1 0
p 0 8
p 9 6
p 2 14
p 6 5
p 7 9
p 4 11
p 5 3
p 5 10
p 6 8
p 1 12
p 7 0
p 9 2
p 5 7
p 0 13
p 5 14
p 2 0
p 7 4
p 7 8
m0 0 14
m1 0 14
m2 0 14
1 9 0
2 9 0
3 9 0
t 300 0
m0 0 14
m1 0 13
m2 0 13
1 8 0
2 9 1
3 8 0
t 299 1
m0 0 13
m1 1 13
m2 1 13
1 9 0
2 9 2
3 7 0
f 9 4
t 298 1
m0 1 13
m1 2 13
m2 2 13
1 8 0
2 9 3
3 6 0
t 297 2
m0 2 13
m1 3 13
m2 3 13
1 9 0
2 8 3
3 7 0
t 296 2
m0 3 13
m1 4 13
m2 4 13
1 9 1
2 7 3
3 6 0
t 295 3
m0 4 13
m1 5 13
m2 5 13
1 9 0
2 7 4
3 7 0
t 294 3
m0 5 13
m1 5 12
m2 5 12
1 9 1
2 7 5
3 6 0
t 293 3
m0 5 12
m1 5 11
m2 5 11
1 9 2
2 7 6
3 7 0
t 292 3
m0 5 11
m1 6 11
m2 6 11
1 9 3
2 7 7
3 6 0
t 291 4
m0 6 11
m1 6 10
m2 6 10
1 9 2
2 7 8
3 7 0
t 290 4
m0 6 10
m1 7 10
m2 7 10
1 9 3
2 6 8
3 6 0
t 289 5
m0 7 10
m1 8 10
m2 8 10
1 9 4
2 5 8
3 7 0
t 288 6
m0 8 10
m1 8 9
m2 8 9
1 9 5
2 5 9
3 6 0
t 287 7
m0 8 9
m1 9 9
m2 9 9
1 9 4
2 4 9
3 7 0
t 286 7
m0 9 9
m1 9 8
m2 9 8
1 9 5
2 5 9
3 6 0
t 285 8
m0 9 8
m1 9 7
m2 9 7
1 9 4
2 4 9
3 7 0
t 284 8
m0 9 7
m1 9 6
m2 9 6
1 9 5
2 5 9
3 6 0
t 283 9
m0 9 6
m1 -5 -5
m2 -5 -5
1 9 4
2 4 9
3 7 0
t 282 9
m0 8 6
m1 -5 -5
m2 -5 -5
1 9 5
2 5 9
3 6 0
t 281 10
m0 7 6
m1 -5 -5
m2 -5 -5
1 9 4
2 4 9
3 7 0
t 280 10
m0 8 6
m1 -5 -5
m2 -5 -5
1 9 5
2 5 9
3 6 0
t 279 10
m0 9 6
m1 -5 -5
m2 -5 -5
1 9 4
2 4 9
3 7 0
t 278 10
m0 9 7
m1 -5 -5
m2 -5 -5
1 9 5
2 5 9
3 6 0
t 277 10
m0 9 8
m1 -5 -5
m2 -5 -5
1 9 4
2 4 9
3 7 0
t 276 10
m0 9 9
m1 -5 -5
m2 -5 -5
1 9 5
2 5 9
3 6 0
t 275 10
m0 8 9
m1 -5 -5
m2 -5 -5
1 9 4
2 4 9
3 7 0
t 274 10
m0 8 8
m1 -5 -5
m2 -5 -5
1 9 5
2 5 9
3 6 0
t 273 10
m0 8 9
m1 -5 -5
m2 -5 -5
1 9 4
2 4 9
3 7 0
t 272 10
m0 8 9
m1 -5 -5
m2 -5 -5
1 9 5
2 5 9
3 6 0
t 271 10
m0 8 8
m1 -5 -5
m2 -5 -5
1 9 4
2 4 9
3 7 0
t 270 10
m0 7 8
m1 -5 -5
m2 -5 -5
1 9 5
2 5 9
3 6 0
t 269 11
m0 7 8
m1 -5 -5
m2 -5 -5
1 9 4
2 4 9
3 7 0
t 268 11
m0 7 7
m1 -5 -5
m2 -5 -5
1 9 5
2 5 9
3 6 0
t 267 12
m0 7 6
m1 -5 -5
m2 -5 -5
1 9 4
2 4 9
3 7 0
t 266 12
m0 7 7
m1 -5 -5
m2 -5 -5
1 9 5
2 5 9
3 6 0
t 265 12
m0 7 7
m1 -5 -5
m2 -5 -5
1 9 4
2 4 9
3 7 0
t 264 12
m0 7 7
m1 -5 -5
m2 -5 -5
1 9 5
2 5 9
3 6 0
t 263 12
m0 7 7
m1 -5 -5
m2 -5 -5
1 9 4
2 4 9
3 7 0
t 262 12
m0 7 6
m1 -5 -5
m2 -5 -5
1 9 5
2 5 9
3 6 0
t 261 12
m0 8 6
m1 -5 -5
m2 -5 -5
1 9 4
2 4 9
3 7 0
t 260 12
m0 7 6
m1 -5 -5
m2 -5 -5
1 9 5
2 5 9
3 6 0
t 259 12
m0 7 6
m1 -5 -5
m2 -5 -5
1 9 4
2 4 9
3 7 0
t 258 12
m0 7 6
m1 -5 -5
m2 -5 -5
1 9 5
2 5 9
3 6 0
t 257 12
m0 7 5
m1 -5 -5
m2 -5 -5
1 9 4
2 4 9
3 7 0
t 256 12
m0 7 6
m1 -5 -5
m2 -5 -5
1 9 5
2 5 9
3 6 0
t 255 12
m0 7 7
m1 -5 -5
m2 -5 -5
1 9 4
2 4 9
3 7 0
t 254 12
m0 7 8
m1 -5 -5
m2 -5 -5
1 9 5
2 5 9
3 6 0
t 253 12
m0 7 9
m1 -5 -5
m2 -5 -5
1 9 4
2 4 9
3 7 0
t 252 13
m0 7 8
m1 -5 -5
m2 -5 -5
1 9 5
2 5 9
3 6 0
t 251 13
m0 7 7
m1 -5 -5
m2 -5 -5
1 9 4
2 4 9
3 7 0
t 250 13
m0 7 8
m1 -5 -5
m2 -5 -5
1 9 5
2 5 9
3 6 0
t 249 13
m0 6 8
m1 -5 -5
m2 -5 -5
1 9 4
2 4 9
3 7 0
t 248 14
m0 6 8
m1 -5 -5
m2 -5 -5
1 9 5
2 5 9
3 6 0
t 247 14
m0 7 8
m1 -5 -5
m2 -5 -5
1 9 4
2 4 9
3 7 0
t 246 14
m0 8 8
m1 -5 -5
m2 -5 -5
1 9 5
2 5 9
3 6 0
t 245 14
m0 7 8
m1 -5 -5
m2 -5 -5
1 9 4
2 4 9
3 7 0
t 244 14
m0 7 8
m1 -5 -5
m2 -5 -5
1 9 5
2 5 9
3 6 0
t 243 14
m0 6 8
m1 -5 -5
m2 -5 -5
1 9 4
2 4 9
3 7 0
t 242 14
m0 6 8
m1 -5 -5
m2 -5 -5
1 9 5
2 5 9
3 6 0
t 241 14
m0 7 8
m1 -5 -5
m2 -5 -5
1 9 4
2 4 9
3 7 0
t 240 14
m0 8 8
m1 -5 -5
m2 -5 -5
1 9 5
2 5 9
3 6 0
t 239 14
m0 9 8
m1 -5 -5
m2 -5 -5
1 9 4
2 4 9
3 7 0
t 238 14
m0 9 9
m1 -5 -5
m2 -5 -5
1 9 5
2 5 9
3 6 0
t 237 14
m0 9 9
m1 -5 -5
m2 -5 -5
1 9 4
2 4 9
3 7 0
t 236 14
m0 9 9
m1 -5 -5
m2 -5 -5
1 9 5
2 5 9
3 6 0
t 235 14
m0 9 8
m1 -5 -5
m2 -5 -5
1 9 4
2 4 9
3 7 0
t 234 14
m0 8 8
m1 -5 -5
m2 -5 -5
1 9 5
2 5 9
3 6 0
t 233 14
m0 8 8
m1 -5 -5
m2 -5 -5
1 9 4
2 4 9
3 7 0
t 232 14
m0 8 8
m1 -5 -5
m2 -5 -5
1 9 5
2 5 9
3 6 0
t 231 14
m0 8 9
m1 -5 -5
m2 -5 -5
1 9 4
2 4 9
3 7 0
t 230 14
m0 9 9
m1 -5 -5
m2 -5 -5
1 9 5
2 5 9
3 6 0
t 229 14
m0 9 8
m1 -5 -5
m2 -5 -5
1 9 4
2 4 9
3 7 0
t 228 14
m0 9 9
m1 -5 -5
m2 -5 -5
1 9 5
2 5 9
3 6 0
t 227 14
m0 9 9
m1 -5 -5
m2 -5 -5
1 9 4
2 4 9
3 7 0
t 226 14
m0 9 8
m1 -5 -5
m2 -5 -5
1 9 5
2 5 9
3 6 0
t 225 14
m0 8 8
m1 -5 -5
m2 -5 -5
1 9 4
2 4 9
3 7 0
t 224 14
m0 9 8
m1 -5 -5
m2 -5 -5
1 9 5
2 5 9
3 6 0
t 223 14
m0 9 7
m1 -5 -5
m2 -5 -5
1 9 4
2 4 9
3 7 0
t 222 14
m0 9 6
m1 -5 -5
m2 -5 -5
1 9 5
2 5 9
3 6 0
t 221 14
m0 9 6
m1 -5 -5
m2 -5 -5
1 9 4
2 4 9
3 7 0
t 220 14
m0 9 6
m1 -5 -5
m2 -5 -5
1 9 5
2 5 9
3 6 0
t 219 14
m0 8 6
m1 -5 -5
m2 -5 -5
1 9 4
2 4 9
3 7 0
t 218 14
m0 8 6
m1 -5 -5
m2 -5 -5
1 9 5
2 5 9
3 6 0
t 217 14
m0 7 6
m1 -5 -5
m2 -5 -5
1 9 4
2 4 9
3 7 0
t 216 14
m0 7 6
m1 -5 -5
m2 -5 -5
1 9 5
2 5 9
3 6 0
t 215 14
m0 7 7
m1 -5 -5
m2 -5 -5
1 9 4
2 4 9
3 7 0
t 214 14
m0 7 6
m1 -5 -5
m2 -5 -5
1 9 5
2 5 9
3 6 0
t 213 14
m0 8 6
m1 -5 -5
m2 -5 -5
1 9 4
2 4 9
3 7 0
t 212 14
m0 8 6
m1 -5 -5
m2 -5 -5
1 9 5
2 5 9
3 6 0
t 211 14
m0 7 6
m1 -5 -5
m2 -5 -5
1 9 4
2 4 9
3 7 0
t 210 14
m0 7 7
m1 -5 -5
m2 -5 -5
1 9 5
2 5 9
3 6 0
t 209 14
m0 7 8
m1 -5 -5
m2 -5 -5
1 9 4
2 4 9
3 7 0
t 208 14
m0 6 8
m1 -5 -5
m2 -5 -5
1 9 5
2 5 9
3 6 0
t 207 14
m0 7 8
m1 -5 -5
m2 -5 -5
1 9 4
2 4 9
3 7 0
t 206 14
m0 8 8
m1 -5 -5
m2 -5 -5
1 9 5
2 5 9
3 6 0
t 205 14
m0 7 8
m1 -5 -5
m2 -5 -5
1 9 4
2 4 9
3 7 0
t 204 14
m0 7 7
m1 -5 -5
m2 -5 -5
1 9 5
2 5 9
3 6 0
t 203 14
m0 7 8
m1 -5 -5
m2 -5 -5
1 9 4
2 4 9
3 7 0
t 202 14
m0 7 7
m1 -5 -5
m2 -5 -5
1 9 5
2 5 9
3 6 0
t 201 14
m0 7 6
m1 -5 -5
m2 -5 -5
1 9 4
2 4 9
3 7 0
t 200 14
m0 7 5
m1 -5 -5
m2 -5 -5
1 9 5
2 5 9
3 6 0
t 199 14
m0 6 5
m1 -5 -5
m2 -5 -5
1 9 4
2 4 9
3 7 0
t 198 15
m0 5 5
m1 -5 -5
m2 -5 -5
1 9 5
2 5 9
3 6 0
t 197 15
m0 4 5
m1 -5 -5
m2 -5 -5
1 9 4
2 4 9
3 7 0
t 196 15
m0 3 5
m1 -5 -5
m2 -5 -5
1 9 5
2 5 9
3 6 0
t 195 15
m0 4 5
m1 -5 -5
m2 -5 -5
1 9 4
2 4 9
3 7 0
t 194 15
m0 3 5
m1 -5 -5
m2 -5 -5
1 9 5
2 5 9
3 6 0
t 193 15
m0 4 5
m1 -5 -5
m2 -5 -5
1 9 4
2 4 9
3 7 0
t 192 15
m0 3 5
m1 -5 -5
m2 -5 -5
1 9 5
2 5 9
3 6 0
t 191 15
m0 3 5
m1 -5 -5
m2 -5 -5
1 9 4
2 4 9
3 7 0
t 190 15
m0 4 5
m1 -5 -5
m2 -5 -5
1 9 5
2 5 9
3 6 0
t 189 15
m0 3 5
m1 -5 -5
m2 -5 -5
1 9 4
2 4 9
3 7 0
t 188 15
m0 3 5
m1 -5 -5
m2 -5 -5
1 9 5
2 5 9
3 6 0
t 187 15
m0 4 5
m1 -5 -5
m2 -5 -5
1 9 4
2 4 9
3 7 0
t 186 15
m0 5 5
m1 -5 -5
m2 -5 -5
1 9 5
2 5 9
3 6 0
t 185 15
m0 5 5
m1 -5 -5
m2 -5 -5
1 9 4
2 4 9
3 7 0
t 184 15
m0 6 5
m1 -5 -5
m2 -5 -5
1 9 5
2 5 9
3 6 0
t 183 15
m0 7 5
m1 -5 -5
m2 -5 -5
1 9 4
2 4 9
3 7 0
t 182 15
m0 7 4
m1 -5 -5
m2 -5 -5
1 9 5
2 5 9
3 6 0
t 181 16
m0 7 3
m1 -5 -5
m2 -5 -5
1 9 4
2 4 9
3 7 0
t 180 16
m0 8 3
m1 -5 -5
m2 -5 -5
1 9 5
2 5 9
3 6 0
t 179 16
m0 9 3
m1 -5 -5
m2 -5 -5
1 9 4
2 4 9
3 7 0
t 178 16
m0 9 2
m1 -5 -5
m2 -5 -5
1 9 5
2 5 9
3 6 0
t 177 17
m0 9 1
m1 -5 -5
m2 -5 -5
1 9 4
2 4 9
3 7 0
t 176 18
m0 9 2
m1 -5 -5
m2 -5 -5
1 9 5
2 5 9
3 6 0
t 175 18
m0 9 1
m1 -5 -5
m2 -5 -5
1 9 4
2 4 9
3 7 0
t 174 18
m0 9 0
m1 -5 -5
m2 -5 -5
1 9 5
2 5 9
3 6 0
t 173 18
m0 9 1
m1 -5 -5
m2 -5 -5
1 9 4
2 4 9
3 7 0
t 172 18
m0 9 2
m1 -5 -5
m2 -5 -5
1 9 5
2 5 9
3 6 0
t 171 18
m0 9 1
m1 -5 -5
m2 -5 -5
1 9 4
2 4 9
3 7 0
t 170 18
m0 9 1
m1 -5 -5
m2 -5 -5
1 9 5
2 5 9
3 6 0
t 169 18
m0 9 2
m1 -5 -5
m2 -5 -5
1 9 4
2 4 9
3 7 0
t 168 18
m0 9 1
m1 -5 -5
m2 -5 -5
1 9 5
2 5 9
3 6 0
t 167 18
m0 9 0
m1 -5 -5
m2 -5 -5
1 9 4
2 4 9
3 7 0
t 166 18
m0 9 0
m1 -5 -5
m2 -5 -5
1 9 5
2 5 9
3 6 0
t 165 18
m0 9 0
m1 -5 -5
m2 -5 -5
1 9 4
2 4 9
3 7 0
t 164 18
m0 8 0
m1 -5 -5
m2 -5 -5
1 9 5
2 5 9
3 6 0
t 163 19
m0 8 0
m1 -5 -5
m2 -5 -5
1 9 4
2 4 9
3 7 0
t 162 19
m0 8 0
m1 -5 -5
m2 -5 -5
1 9 5
2 5 9
3 6 0
t 161 19
m0 -5 -5
m1 -5 -5
m2 -5 -5
1 9 4
2 4 9
3 7 0
t 160 20
