10
15
w 9 1
w 6 6
w 5 6
w 2 1
w 4 12
w 2 12
w 9 4
w 3 7
w 1 2
w 8 14
w 8 1
w 5 12
w 3 10
w 6 3
w 1 5
w 9 11
w 5 0
w 3 6
w 1 10
w 8 6
w 9 14
w 6 0
w 4 14
w 3 9
w 2 3
w 2 14
w 9 6
w 7 9
w 5 10
w 6 1
w 3 1
w 7 13
w 9 9
w 1 8
w 4 3
w 9 5
w 9 12
p 7 3
p 4 7
p 1 3
p 8 13
p 3 0
p 8 0
p 7 7
p 5 13
p 0 7
p 8 9
p 3 11
p 6 2
p 5 1
p 7 11
p 1 11
p 5 8
p 3 14
p 6 14
p 9 0
p 2 9
p 7 6
p 4 4
p 4 13
p 0 4
p 4 1
p 1 1
p 9 7
p 7 14
p 2 6
p 3 2
p 8 2
p 3 13
p 4 5
p 1 13
p 5 11
p 9 3
p 1 4
p 0 12
p 9 10
p 8 7
p 1 0
p 0 8
p 5 3
p 3 5
p 7 0
p 4 6
p 3 12
p 8 12
p 5 7
p 2 11
p 5 14
p 0 6
p 7 4
p 3 8
p 7 8
p 8 4
m0 0 14
m1 0 14
m2 0 14
1 9 0
2 9 0
3 9 0
t 300 0
m0 0 14
m1 0 14
m2 1 14
1 8 0
2 8 0
3 8 0
t 299 0
m0 0 13
m1 1 14
m2 1 13
1 9 0
2 9 0
3 9 0
t 298 1
m0 1 13
m1 1 13
m2 2 13
1 8 0
2 8 0
3 8 0
t 297 1
m0 1 13
m1 2 13
m2 3 13
1 9 0
2 9 0
3 9 0
t 296 2
m0 1 12
m1 3 13
m2 4 13
1 8 0
2 8 0
3 8 0
t 295 3
m0 0 12
m1 4 13
m2 5 13
1 9 0
2 9 0
3 9 0
t 294 5
m0 1 12
m1 5 13
m2 6 13
1 8 0
2 8 0
3 8 0
t 293 5
m0 0 12
m1 6 13
m2 6 12
1 9 0
2 9 0
3 9 0
t 292 5
m0 1 12
m1 6 12
m2 7 12
1 8 0
2 8 0
3 8 0
t 291 5
m0 0 12
m1 7 12
m2 8 12
1 9 0
2 9 0
3 9 0
t 290 6
m0 0 11
m1 8 12
m2 8 11
1 8 0
2 8 0
3 8 0
t 289 6
m0 1 11
m1 8 11
m2 8 10
1 9 0
2 9 0
3 9 0
t 288 7
m0 1 12
m1 8 10
m2 9 10
1 8 0
2 8 0
3 8 0
t 287 8
m0 0 12
m1 9 10
m2 8 10
1 7 0
2 7 0
3 7 0
t 286 8
m0 1 12
m1 8 10
m2 9 10
1 8 0
2 8 0
3 8 0
t 285 8
m0 1 13
m1 9 10
m2 8 10
1 7 0
2 7 0
3 7 0
t 284 8
m0 1 14
m1 8 10
m2 9 10
1 8 0
2 8 0
3 8 0
t 283 8
m0 1 13
m1 9 10
m2 8 10
1 7 0
2 7 0
3 7 0
t 282 8
m0 1 14
m1 8 10
m2 9 10
1 8 0
2 8 0
3 8 0
t 281 8
m0 1 14
m1 9 10
m2 8 10
1 7 0
2 7 0
3 7 0
f 6 10
t 280 8
m0 1 14
m1 8 10
m2 7 10
1 8 0
2 8 0
3 8 0
t 279 8
m0 1 13
m1 7 10
m2 6 10
1 9 0
2 9 0
3 9 0
t 278 18
m0 2 13
m1 6 10
m2 7 10
1 8 0
2 8 0
3 8 0
t 277 18
m0 2 13
m1 7 10
m2 8 10
1 9 0
2 9 0
3 9 0
t 276 18
m0 1 13
m1 8 10
m2 9 10
1 8 0
2 8 0
3 8 0
t 275 18
m0 1 14
m1 9 10
m2 8 10
1 7 0
2 7 0
3 7 0
t 274 18
m0 1 13
m1 8 10
m2 9 10
1 8 0
2 8 0
3 8 0
t 273 18
m0 2 13
m1 9 10
m2 8 10
1 7 0
2 7 0
3 7 0
t 272 18
m0 3 13
m1 8 10
m2 9 10
1 8 0
2 8 0
3 8 0
t 271 18
m0 3 13
m1 9 10
m2 8 10
1 7 0
2 7 0
3 7 0
t 270 18
m0 3 13
m1 8 10
m2 9 10
1 8 0
2 8 0
3 8 0
t 269 18
m0 3 12
m1 9 10
m2 8 10
1 7 0
2 7 0
3 7 0
t 268 19
m0 3 11
m1 8 10
m2 9 10
1 8 0
2 8 0
3 8 0
t 267 20
m0 4 11
m1 9 10
m2 8 10
1 7 0
2 7 0
3 7 0
t 266 20
m0 5 11
m1 8 10
m2 9 10
1 8 0
2 8 0
3 8 0
t 265 21
m0 5 11
m1 9 10
m2 8 10
1 7 0
2 7 0
3 7 0
t 264 21
m0 6 11
m1 8 10
m2 9 10
1 8 0
2 8 0
3 8 0
t 263 21
m0 6 11
m1 9 10
m2 8 10
1 7 0
2 7 0
3 7 0
t 262 21
m0 6 11
m1 8 10
m2 9 10
1 8 0
2 8 0
3 8 0
t 261 21
m0 6 10
m1 9 10
m2 8 10
1 7 0
2 7 0
3 7 0
t 260 21
m0 6 11
m1 8 10
m2 9 10
1 8 0
2 8 0
3 8 0
t 259 21
m0 5 11
m1 9 10
m2 8 10
1 7 0
2 7 0
3 7 0
t 258 21
m0 6 11
m1 8 10
m2 9 10
1 8 0
2 8 0
3 8 0
t 257 21
m0 6 10
m1 9 10
m2 8 10
1 7 0
2 7 0
3 7 0
t 256 21
m0 7 10
m1 8 10
m2 9 10
1 8 0
2 8 0
3 8 0
t 255 21
m0 7 10
m1 9 10
m2 8 10
1 9 0
2 9 0
3 9 0
t 254 21
m0 7 10
m1 8 10
m2 9 10
1 8 0
2 8 0
3 8 0
t 253 21
m0 8 10
m1 9 10
m2 8 10
1 7 0
2 7 0
3 7 0
t 252 21
m0 9 10
m1 8 10
m2 9 10
1 8 0
2 8 0
3 8 0
t 251 21
m0 8 10
m1 9 10
m2 8 10
1 7 0
2 7 0
3 7 0
t 250 21
m0 8 11
m1 8 10
m2 9 10
1 8 0
2 8 0
3 8 0
t 249 21
m0 8 10
m1 9 10
m2 8 10
1 7 0
2 7 0
3 7 0
t 248 21
m0 9 10
m1 8 10
m2 8 9
1 8 0
2 8 0
3 8 0
f 4 9
t 247 22
m0 9 10
m1 9 10
m2 8 9
1 9 0
2 9 0
3 9 0
t 246 22
m0 9 10
m1 9 10
m2 8 9
1 8 0
2 8 0
3 8 0
t 245 22
m0 9 10
m1 9 10
m2 8 9
1 9 0
2 9 0
3 9 0
t 244 22
m0 8 10
m1 8 10
m2 8 9
1 8 0
2 8 0
3 8 0
t 243 22
m0 9 10
m1 9 10
m2 8 9
1 9 0
2 9 0
3 9 0
t 242 22
m0 9 10
m1 9 10
m2 8 9
1 8 0
2 8 0
3 8 0
t 241 22
m0 8 10
m1 8 10
m2 8 9
1 9 0
2 9 0
3 9 0
t 240 22
m0 8 9
m1 8 9
m2 8 9
1 8 0
2 8 0
3 8 0
t 239 22
m0 8 10
m1 8 10
m2 8 9
1 9 0
2 9 0
3 9 0
t 238 22
m0 8 9
m1 8 9
m2 8 9
1 8 0
2 8 0
3 8 0
t 237 22
m0 8 8
m1 8 8
m2 8 9
1 9 0
2 9 0
3 9 0
t 236 22
m0 7 8
m1 7 8
m2 8 9
1 8 0
2 8 0
3 8 0
t 235 23
m0 7 8
m1 7 8
m2 8 9
1 9 0
2 9 0
3 9 0
t 234 23
m0 7 8
m1 7 8
m2 8 9
1 8 0
2 8 0
3 8 0
t 233 23
m0 6 8
m1 6 8
m2 8 9
1 9 0
2 9 0
3 9 0
t 232 23
m0 5 8
m1 5 8
m2 8 9
1 8 0
2 8 0
3 8 0
t 231 24
m0 6 8
m1 6 8
m2 8 9
1 9 0
2 9 0
3 9 0
t 230 24
m0 7 8
m1 7 8
m2 8 9
1 8 0
2 8 0
3 8 0
t 229 24
m0 7 7
m1 7 7
m2 8 9
1 9 0
2 9 0
3 9 0
t 228 25
m0 6 7
m1 6 7
m2 8 9
1 8 0
2 8 0
3 8 0
t 227 25
m0 6 8
m1 6 8
m2 8 9
1 9 0
2 9 0
3 9 0
t 226 25
m0 7 8
m1 7 8
m2 8 9
1 8 0
2 8 0
3 8 0
t 225 25
m0 6 8
m1 6 8
m2 8 9
1 9 0
2 9 0
3 9 0
t 224 25
m0 7 8
m1 7 8
m2 8 9
1 8 0
2 8 0
3 8 0
t 223 25
m0 7 8
m1 7 8
m2 8 9
1 9 0
2 9 0
3 9 0
t 222 25
m0 8 8
m1 8 8
m2 8 9
1 8 0
2 8 0
3 8 0
t 221 25
m0 7 8
m1 7 8
m2 8 9
1 9 0
2 9 0
3 9 0
t 220 25
m0 8 8
m1 8 8
m2 8 9
1 8 0
2 8 0
3 8 0
t 219 25
m0 8 9
m1 8 9
m2 8 9
1 9 0
2 9 0
3 9 0
t 218 25
m0 8 8
m1 8 8
m2 8 9
1 8 0
2 8 0
3 8 0
t 217 25
m0 7 8
m1 7 8
m2 8 9
1 9 0
2 9 0
3 9 0
t 216 25
m0 7 7
m1 7 7
m2 8 9
1 8 0
2 8 0
3 8 0
t 215 25
m0 7 7
m1 7 7
m2 8 9
1 9 0
2 9 0
3 9 0
t 214 25
m0 7 8
m1 7 8
m2 8 9
1 8 0
2 8 0
3 8 0
t 213 25
m0 7 7
m1 7 7
m2 8 9
1 9 0
2 9 0
3 9 0
t 212 25
m0 6 7
m1 6 7
m2 8 9
1 8 0
2 8 0
3 8 0
t 211 25
m0 6 8
m1 6 8
m2 8 9
1 9 0
2 9 0
3 9 0
t 210 25
m0 7 8
m1 7 8
m2 8 9
1 8 0
2 8 0
3 8 0
t 209 25
m0 6 8
m1 6 8
m2 8 9
1 9 0
2 9 0
3 9 0
t 208 25
m0 5 8
m1 5 8
m2 8 9
1 8 0
2 8 0
3 8 0
t 207 25
m0 4 8
m1 4 8
m2 8 9
1 9 0
2 9 0
3 9 0
t 206 25
m0 4 7
m1 4 7
m2 8 9
1 8 0
2 8 0
3 8 0
t 205 26
m0 4 7
m1 4 7
m2 8 9
1 9 0
2 9 0
3 9 0
t 204 26
m0 4 8
m1 4 8
m2 8 9
1 8 0
2 8 0
3 8 0
t 203 26
m0 4 9
m1 4 9
m2 8 9
1 9 0
2 9 0
3 9 0
t 202 36
m0 4 10
m1 4 10
m2 8 8
1 8 0
2 8 0
3 8 0
t 201 36
m0 4 11
m1 4 11
m2 9 8
1 7 0
2 7 0
3 7 0
t 200 36
m0 4 10
m1 4 10
m2 8 8
1 8 0
2 8 0
3 8 0
t 199 46
m0 4 10
m1 4 10
m2 9 8
1 7 0
2 7 0
3 7 0
t 198 46
m0 4 11
m1 4 11
m2 9 7
1 8 0
2 8 0
3 8 0
f 3 4
t 197 47
m0 5 11
m1 5 11
m2 9 8
1 7 0
2 7 0
3 7 0
t 196 47
m0 4 11
m1 4 11
m2 9 7
1 8 0
2 8 0
3 8 0
t 195 47
m0 4 10
m1 4 10
m2 9 8
1 7 0
2 7 0
3 7 0
t 194 47
m0 4 10
m1 4 10
m2 9 7
1 8 0
2 8 0
3 8 0
t 193 47
m0 4 10
m1 4 10
m2 9 8
1 7 0
2 7 0
3 7 0
t 192 47
m0 4 9
m1 4 9
m2 9 7
1 8 0
2 8 0
3 8 0
t 191 47
m0 4 8
m1 4 8
m2 9 8
1 7 0
2 7 0
3 7 0
t 190 47
m0 3 8
m1 3 8
m2 9 7
1 8 0
2 8 0
3 8 0
t 189 48
m0 2 8
m1 2 8
m2 9 8
1 7 0
2 7 0
3 7 0
t 188 48
m0 2 9
m1 2 9
m2 9 7
1 8 0
2 8 0
3 8 0
t 187 49
m0 2 8
m1 2 8
m2 9 8
1 7 0
2 7 0
3 7 0
t 186 49
m0 2 7
m1 2 7
m2 9 7
1 8 0
2 8 0
3 8 0
t 185 49
m0 2 8
m1 2 8
m2 9 8
1 7 0
2 7 0
3 7 0
t 184 49
m0 2 9
m1 2 9
m2 9 7
1 8 0
2 8 0
3 8 0
t 183 49
m0 2 9
m1 2 9
m2 9 8
1 7 0
2 7 0
3 7 0
t 182 49
m0 2 8
m1 2 8
m2 9 7
1 8 0
2 8 0
3 8 0
t 181 49
m0 2 8
m1 2 8
m2 9 8
1 7 0
2 7 0
3 7 0
t 180 49
m0 3 8
m1 3 8
m2 9 7
1 8 0
2 8 0
3 8 0
t 179 49
m0 3 8
m1 3 8
m2 9 8
1 7 0
2 7 0
3 7 0
t 178 49
m0 3 8
m1 3 8
m2 9 7
1 8 0
2 8 0
3 8 0
t 177 49
m0 3 8
m1 3 8
m2 9 8
1 7 0
2 7 0
3 7 0
t 176 49
m0 3 8
m1 3 8
m2 9 7
1 8 0
2 8 0
3 8 0
t 175 49
m0 3 8
m1 3 8
m2 9 8
1 7 0
2 7 0
3 7 0
t 174 49
m0 2 8
m1 2 8
m2 9 7
1 8 0
2 8 0
3 8 0
t 173 49
m0 2 8
m1 2 8
m2 9 8
1 7 0
2 7 0
3 7 0
t 172 49
m0 3 8
m1 3 8
m2 9 7
1 8 0
2 8 0
3 8 0
t 171 49
m0 4 8
m1 4 8
m2 9 8
1 7 0
2 7 0
3 7 0
t 170 49
m0 3 8
m1 3 8
m2 9 7
1 8 0
2 8 0
3 8 0
t 169 49
m0 2 8
m1 2 8
m2 9 8
1 7 0
2 7 0
3 7 0
t 168 49
m0 2 7
m1 2 7
m2 9 7
1 8 0
2 8 0
3 8 0
t 167 49
m0 2 6
m1 2 6
m2 9 8
1 7 0
2 7 0
3 7 0
t 166 50
m0 1 6
m1 1 6
m2 9 7
1 8 0
2 8 0
3 8 0
t 165 50
m0 0 6
m1 0 6
m2 9 8
1 7 0
2 7 0
3 7 0
t 164 51
m0 0 6
m1 0 6
m2 9 7
1 8 0
2 8 0
3 8 0
t 163 51
m0 0 5
m1 0 5
m2 9 8
1 7 0
2 7 0
3 7 0
t 162 51
m0 0 4
m1 0 4
m2 9 7
1 8 0
2 8 0
3 8 0
t 161 52
m0 0 3
m1 0 3
m2 9 8
1 7 0
2 7 0
3 7 0
t 160 52
m0 0 4
m1 0 4
m2 9 7
1 8 0
2 8 0
3 8 0
t 159 52
m0 1 4
m1 1 4
m2 9 8
1 7 0
2 7 0
3 7 0
t 158 53
m0 2 4
m1 2 4
m2 9 7
1 8 0
2 8 0
3 8 0
t 157 53
m0 3 4
m1 3 4
m2 9 8
1 9 0
2 9 0
3 9 0
t 156 63
m0 4 4
m1 4 4
m2 9 7
1 8 0
2 8 0
3 8 0
t 155 64
m0 5 4
m1 5 4
m2 8 7
1 9 0
2 9 0
3 9 0
t 154 65
m0 5 4
m1 5 4
m2 9 7
1 8 0
2 8 0
3 8 0
t 153 65
m0 5 4
m1 5 4
m2 8 7
1 9 0
2 9 0
3 9 0
t 152 65
m0 6 4
m1 6 4
m2 9 7
1 8 0
2 8 0
3 8 0
t 151 65
m0 6 4
m1 6 4
m2 8 7
1 9 0
2 9 0
3 9 0
t 150 65
m0 7 4
m1 7 4
m2 9 7
1 8 0
2 8 0
3 8 0
t 149 66
m0 8 4
m1 8 4
m2 8 7
1 9 0
2 9 0
3 9 0
t 148 67
m0 8 3
m1 8 3
m2 9 7
1 8 0
2 8 0
3 8 0
t 147 67
m0 8 4
m1 8 4
m2 8 7
1 9 0
2 9 0
3 9 0
t 146 67
m0 8 4
m1 8 4
m2 9 7
1 8 0
2 8 0
3 8 0
t 145 67
m0 8 3
m1 8 3
m2 8 7
1 9 0
2 9 0
3 9 0
t 144 67
m0 8 3
m1 8 3
m2 9 7
1 8 0
2 8 0
3 8 0
t 143 67
m0 7 3
m1 7 3
m2 8 7
1 9 0
2 9 0
3 9 0
t 142 68
m0 7 4
m1 7 4
m2 8 8
1 8 0
2 8 0
3 8 0
f 9 8
t 141 68
m0 7 4
m1 7 4
m2 9 8
1 9 0
2 9 0
3 9 0
t 140 78
m0 7 5
m1 7 5
m2 8 8
1 8 0
2 8 0
3 8 0
f 0 6
t 139 78
m0 7 6
m1 7 6
m2 7 8
1 9 0
2 9 0
3 9 0
t 138 79
m0 7 7
m1 7 7
m2 6 8
1 8 0
2 8 0
3 8 0
t 137 79
m0 6 7
m1 6 7
m2 5 8
1 9 0
2 9 0
3 9 0
t 136 79
m0 6 7
m1 6 7
m2 4 8
1 8 0
2 8 0
3 8 0
t 135 79
m0 6 8
m1 6 8
m2 3 8
1 9 0
2 9 0
3 9 0
t 134 79
m0 6 7
m1 6 7
m2 2 8
1 8 0
2 8 0
3 8 0
t 133 79
m0 7 7
m1 7 7
m2 2 7
1 9 0
2 9 0
3 9 0
t 132 79
m0 6 7
m1 6 7
m2 1 7
1 8 0
2 8 0
3 8 0
t 131 79
m0 6 7
m1 6 7
m2 0 7
1 9 0
2 9 0
3 9 0
t 130 80
m0 6 8
m1 6 8
m2 0 6
1 8 0
2 8 0
3 8 0
t 129 90
m0 5 8
m1 5 8
m2 1 6
1 9 0
2 9 0
3 9 0
t 128 90
m0 5 7
m1 5 7
m2 2 6
1 8 0
2 8 0
3 8 0
t 127 91
m0 5 8
m1 5 8
m2 2 5
1 9 0
2 9 0
3 9 0
t 126 91
m0 6 8
m1 6 8
m2 3 5
1 8 0
2 8 0
3 8 0
t 125 92
m0 7 8
m1 7 8
m2 4 5
1 9 0
2 9 0
3 9 0
t 124 93
m0 7 8
m1 7 8
m2 5 5
1 8 0
2 8 0
3 8 0
t 123 93
m0 8 8
m1 8 8
m2 6 5
1 9 0
2 9 0
3 9 0
t 122 93
m0 7 8
m1 7 8
m2 5 5
1 8 0
2 8 0
3 8 0
f 4 8
t 121 93
m0 6 8
m1 6 8
m2 4 5
1 9 0
2 9 0
3 9 0
t 120 93
m0 6 8
m1 6 8
m2 4 6
1 8 0
2 8 0
3 8 0
t 119 94
m0 7 8
m1 7 8
m2 4 7
1 9 0
2 9 0
3 9 0
t 118 94
m0 6 8
m1 6 8
m2 4 8
1 8 0
2 8 0
3 8 0
t 117 104
m0 6 7
m1 6 7
m2 5 8
1 9 0
2 9 0
3 9 0
t 116 104
m0 6 8
m1 6 8
m2 6 8
1 8 0
2 8 0
3 8 0
t 115 104
m0 6 9
m1 6 9
m2 7 8
1 9 0
2 9 0
3 9 0
t 114 104
m0 6 9
m1 6 9
m2 8 8
1 8 0
2 8 0
3 8 0
t 113 104
m0 5 9
m1 5 9
m2 9 8
1 7 0
2 7 0
3 7 0
t 112 104
m0 6 9
m1 6 9
m2 9 7
1 8 0
2 8 0
3 8 0
t 111 104
m0 6 9
m1 6 9
m2 8 7
1 9 0
2 9 0
3 9 0
t 110 104
m0 6 10
m1 6 10
m2 9 7
1 8 0
2 8 0
3 8 0
t 109 104
m0 6 11
m1 6 11
m2 8 7
1 9 0
2 9 0
3 9 0
t 108 104
m0 5 11
m1 5 11
m2 9 7
1 8 0
2 8 0
3 8 0
t 107 104
m0 6 11
m1 6 11
m2 8 7
1 9 0
2 9 0
3 9 0
t 106 104
m0 7 11
m1 7 11
m2 9 7
1 8 0
2 8 0
3 8 0
t 105 105
m0 7 11
m1 7 11
m2 8 7
1 9 0
2 9 0
3 9 0
t 104 105
m0 8 11
m1 8 11
m2 9 7
1 8 0
2 8 0
3 8 0
t 103 105
m0 8 12
m1 8 12
m2 8 7
1 9 0
2 9 0
3 9 0
t 102 105
m0 8 12
m1 8 12
m2 9 7
1 8 0
2 8 0
3 8 0
t 101 105
m0 8 12
m1 8 12
m2 8 7
1 9 0
2 9 0
3 9 0
t 100 105
m0 8 13
m1 8 13
m2 9 7
1 8 0
2 8 0
3 8 0
t 99 106
m0 8 13
m1 8 13
m2 8 7
1 9 0
2 9 0
3 9 0
t 98 106
m0 8 12
m1 8 12
m2 9 7
1 8 0
2 8 0
3 8 0
t 97 106
m0 8 12
m1 8 12
m2 8 7
1 9 0
2 9 0
3 9 0
t 96 106
m0 8 13
m1 8 13
m2 9 7
1 8 0
2 8 0
3 8 0
t 95 106
m0 8 12
m1 8 12
m2 8 7
1 9 0
2 9 0
3 9 0
t 94 106
m0 7 12
m1 7 12
m2 9 7
1 8 0
2 8 0
3 8 0
t 93 106
m0 7 11
m1 7 11
m2 8 7
1 9 0
2 9 0
3 9 0
t 92 106
m0 7 12
m1 7 12
m2 9 7
1 8 0
2 8 0
3 8 0
t 91 106
m0 6 12
m1 6 12
m2 8 7
1 9 0
2 9 0
3 9 0
t 90 106
m0 6 12
m1 6 12
m2 7 7
1 8 0
2 8 0
3 8 0
f 0 13
t 89 106
m0 6 12
m1 6 12
m2 6 7
1 9 0
2 9 0
3 9 0
t 88 106
m0 7 12
m1 7 12
m2 5 7
1 8 0
2 8 0
3 8 0
t 87 106
m0 7 11
m1 7 11
m2 4 7
1 9 0
2 9 0
3 9 0
t 86 106
m0 8 11
m1 8 11
m2 4 8
1 8 0
2 8 0
3 8 0
t 85 106
m0 8 12
m1 8 12
m2 3 8
1 9 0
2 9 0
3 9 0
t 84 106
m0 8 12
m1 8 12
m2 2 8
1 8 0
2 8 0
3 8 0
t 83 106
m0 8 11
m1 8 11
m2 2 9
1 9 0
2 9 0
3 9 0
t 82 106
m0 7 11
m1 7 11
m2 1 9
1 8 0
2 8 0
3 8 0
t 81 106
m0 7 12
m1 7 12
m2 0 9
1 9 0
2 9 0
3 9 0
t 80 106
m0 8 12
m1 8 12
m2 0 10
1 8 0
2 8 0
3 8 0
t 79 106
m0 7 12
m1 7 12
m2 0 11
1 9 0
2 9 0
3 9 0
t 78 106
m0 7 11
m1 7 11
m2 0 12
1 8 0
2 8 0
3 8 0
t 77 106
m0 7 12
m1 7 12
m2 0 13
1 9 0
2 9 0
3 9 0
t 76 116
m0 7 11
m1 7 11
m2 1 13
1 8 0
2 8 0
3 8 0
f 2 8
t 75 116
m0 7 11
m1 7 11
m2 2 13
1 9 0
2 9 0
3 9 0
t 74 116
m0 7 10
m1 7 10
m2 2 13
1 8 0
2 8 0
3 8 0
t 73 116
m0 7 10
m1 7 10
m2 2 13
1 9 0
2 9 0
3 9 0
t 72 116
m0 7 10
m1 7 10
m2 2 13
1 8 0
2 8 0
3 8 0
t 71 116
m0 6 10
m1 6 10
m2 2 13
1 9 0
2 9 0
3 9 0
t 70 116
m0 6 9
m1 6 9
m2 2 13
1 8 0
2 8 0
3 8 0
t 69 116
m0 5 9
m1 5 9
m2 2 13
1 9 0
2 9 0
3 9 0
t 68 116
m0 5 8
m1 5 8
m2 2 13
1 8 0
2 8 0
3 8 0
t 67 116
m0 4 8
m1 4 8
m2 2 13
1 9 0
2 9 0
3 9 0
t 66 116
m0 4 9
m1 4 9
m2 2 13
1 8 0
2 8 0
3 8 0
t 65 116
m0 4 10
m1 4 10
m2 2 13
1 9 0
2 9 0
3 9 0
t 64 116
m0 4 11
m1 4 11
m2 2 13
1 8 0
2 8 0
3 8 0
t 63 116
m0 4 10
m1 4 10
m2 2 13
1 9 0
2 9 0
3 9 0
t 62 116
m0 4 9
m1 4 9
m2 2 13
1 8 0
2 8 0
3 8 0
t 61 116
m0 4 8
m1 4 8
m2 2 13
1 9 0
2 9 0
3 9 0
t 60 116
m0 5 8
m1 5 8
m2 2 13
1 8 0
2 8 0
3 8 0
t 59 116
m0 6 8
m1 6 8
m2 2 13
1 9 0
2 9 0
3 9 0
t 58 116
m0 6 8
m1 6 8
m2 2 13
1 8 0
2 8 0
3 8 0
t 57 116
m0 7 8
m1 7 8
m2 2 13
1 9 0
2 9 0
3 9 0
t 56 116
m0 6 8
m1 6 8
m2 2 13
1 8 0
2 8 0
3 8 0
t 55 116
m0 7 8
m1 7 8
m2 2 13
1 9 0
2 9 0
3 9 0
t 54 116
m0 6 8
m1 6 8
m2 2 13
1 8 0
2 8 0
3 8 0
t 53 116
m0 5 8
m1 5 8
m2 2 13
1 9 0
2 9 0
3 9 0
t 52 116
m0 5 8
m1 5 8
m2 2 13
1 8 0
2 8 0
3 8 0
t 51 116
m0 6 8
m1 6 8
m2 2 13
1 9 0
2 9 0
3 9 0
t 50 116
m0 7 8
m1 7 8
m2 2 13
1 8 0
2 8 0
3 8 0
t 49 116
m0 6 8
m1 6 8
m2 2 13
1 9 0
2 9 0
3 9 0
t 48 116
m0 7 8
m1 7 8
m2 2 13
1 8 0
2 8 0
3 8 0
t 47 116
m0 6 8
m1 6 8
m2 2 13
1 9 0
2 9 0
3 9 0
t 46 116
m0 6 8
m1 6 8
m2 2 13
1 8 0
2 8 0
3 8 0
t 45 116
m0 5 8
m1 5 8
m2 2 13
1 9 0
2 9 0
3 9 0
t 44 116
m0 5 7
m1 5 7
m2 2 13
1 8 0
2 8 0
3 8 0
t 43 116
m0 4 7
m1 4 7
m2 2 13
1 9 0
2 9 0
3 9 0
t 42 116
m0 5 7
m1 5 7
m2 2 13
1 8 0
2 8 0
3 8 0
t 41 116
m0 5 7
m1 5 7
m2 2 13
1 9 0
2 9 0
3 9 0
t 40 116
m0 6 7
m1 6 7
m2 2 13
1 8 0
2 8 0
3 8 0
t 39 116
m0 5 7
m1 5 7
m2 2 13
1 9 0
2 9 0
3 9 0
t 38 116
m0 5 8
m1 5 8
m2 2 13
1 8 0
2 8 0
3 8 0
t 37 116
m0 4 8
m1 4 8
m2 2 13
1 9 0
2 9 0
3 9 0
t 36 116
m0 4 8
m1 4 8
m2 2 13
1 8 0
2 8 0
3 8 0
t 35 116
m0 4 8
m1 4 8
m2 2 13
1 9 0
2 9 0
3 9 0
t 34 116
m0 4 8
m1 4 8
m2 2 13
1 8 0
2 8 0
3 8 0
t 33 116
m0 3 8
m1 3 8
m2 2 13
1 9 0
2 9 0
3 9 0
t 32 116
m0 2 8
m1 2 8
m2 2 13
1 8 0
2 8 0
3 8 0
t 31 126
m0 2 8
m1 2 8
m2 3 13
1 9 0
2 9 0
3 9 0
t 30 126
m0 3 8
m1 3 8
m2 4 13
1 8 0
2 8 0
3 8 0
t 29 126
m0 3 8
m1 3 8
m2 5 13
1 9 0
2 9 0
3 9 0
t 28 126
m0 4 8
m1 4 8
m2 6 13
1 8 0
2 8 0
3 8 0
t 27 126
m0 4 7
m1 4 7
m2 6 12
1 9 0
2 9 0
3 9 0
t 26 126
m0 4 6
m1 4 6
m2 7 12
1 8 0
2 8 0
3 8 0
t 25 126
m0 4 6
m1 4 6
m2 8 12
1 9 0
2 9 0
3 9 0
t 24 126
m0 4 5
m1 4 5
m2 8 11
1 8 0
2 8 0
3 8 0
t 23 126
m0 4 6
m1 4 6
m2 8 10
1 9 0
2 9 0
3 9 0
t 22 126
m0 4 6
m1 4 6
m2 9 10
1 8 0
2 8 0
3 8 0
t 21 126
m0 4 7
m1 4 7
m2 8 10
1 9 0
2 9 0
3 9 0
f 1 7
t 20 126
m0 4 8
m1 4 8
m2 7 10
1 8 0
2 8 0
3 8 0
t 19 126
m0 4 9
m1 4 9
m2 6 10
1 9 0
2 9 0
3 9 0
t 18 126
m0 5 9
m1 5 9
m2 6 9
1 8 0
2 8 0
3 8 0
t 17 126
m0 5 9
m1 6 9
m2 5 9
1 9 0
2 9 0
3 9 0
t 16 126
m0 4 9
m1 5 9
m2 4 9
1 8 0
2 8 0
3 8 0
t 15 126
m0 4 10
m1 4 9
m2 4 8
1 9 0
2 9 0
3 9 0
t 14 126
m0 4 11
m1 4 8
m2 3 8
1 8 0
2 8 0
3 8 0
t 13 126
m0 5 11
m1 3 8
m2 2 8
1 9 0
2 9 0
3 9 0
t 12 126
m0 4 11
m1 2 8
m2 2 7
1 8 0
2 8 0
3 8 0
t 11 126
m0 5 11
m1 2 7
m2 1 7
1 9 0
2 9 0
3 9 0
t 10 136
m0 4 11
m1 1 7
m2 2 7
1 8 0
2 8 0
3 8 0
t 9 136
m0 4 11
m1 2 7
m2 2 8
1 9 0
2 9 0
3 9 0
f 5 13
t 8 136
m0 4 10
m1 2 8
m2 2 9
1 8 0
2 8 0
3 8 0
t 7 136
m0 4 11
m1 2 9
m2 2 10
1 9 0
2 9 0
3 9 0
t 6 136
m0 5 11
m1 2 10
m2 2 11
1 8 0
2 8 0
3 8 0
t 5 137
m0 5 11
m1 2 11
m2 3 11
1 9 0
2 9 0
3 9 0
t 4 137
m0 5 11
m1 3 11
m2 3 12
1 8 0
2 8 0
3 8 0
t 3 137
m0 5 11
m1 3 12
m2 3 13
1 9 0
2 9 0
3 9 0
t 2 137
m0 6 11
m1 3 13
m2 4 13
1 8 0
2 8 0
3 8 0
t 1 137
m0 7 11
m1 4 13
m2 5 13
1 8 0
2 8 0
3 8 0
t 0 147
