10
15
w 4 7
w 3 0
w 2 8
w 9 8
w 6 2
w 1 6
w 2 5
w 1 11
w 6 7
w 4 9
w 8 1
w 7 6
w 5 12
w 1 14
w 7 10
w 2 2
w 1 10
w 1 1
w 9 7
w 6 4
w 9 14
w 5 11
w 4 14
w 1 4
w 2 10
w 4 2
w 0 8
w 5 3
w 7 9
w 9 13
w 8 3
w 3 12
w 4 6
w 6 1
w 9 9
w 9 12
w 8 4
p 7 3
p 5 9
p 8 13
p 9 1
p 4 8
p 6 6
p 8 0
p 5 13
p 3 11
p 2 12
p 3 7
p 0 3
p 8 5
p 2 4
p 5 8
p 4 0
p 1 2
p 9 0
p 3 3
p 3 10
p 6 10
p 2 13
p 9 11
p 5 0
p 3 6
p 8 6
p 7 14
p 5 4
p 0 0
p 8 2
p 6 11
p 8 11
p 9 3
p 6 0
p 2 3
p 0 5
p 8 7
p 1 9
p 6 5
p 4 11
p 0 1
p 7 0
p 6 8
p 5 10
p 8 12
p 9 2
p 7 13
p 2 11
p 5 14
p 0 6
p 4 3
p 1 7
p 0 9
p 9 5
p 3 4
p 0 2
m0 0 14
m1 0 14
m2 0 14
1 9 0
2 9 0
3 9 0
t 300 0
m0 0 14
m1 0 14
m2 0 14
1 8 0
2 8 0
3 8 0
t 299 0
m0 0 13
m1 0 14
m2 0 14
1 9 0
2 9 0
3 9 0
f 1 12
t 298 0
m0 0 14
m1 0 14
m2 0 14
1 8 0
2 8 0
3 8 0
t 297 0
m0 0 13
m1 0 14
m2 0 14
1 9 0
2 9 0
3 9 0
t 296 0
m0 0 13
m1 0 14
m2 0 14
1 8 0
2 8 0
3 8 0
t 295 0
m0 0 14
m1 0 14
m2 0 14
1 9 0
2 9 0
3 9 0
t 294 0
m0 0 14
m1 0 13
m2 0 14
1 8 0
2 8 0
3 8 0
t 293 0
m0 0 14
m1 0 12
m2 0 14
1 9 0
2 9 0
3 9 0
t 292 0
m0 0 13
m1 1 12
m2 0 14
1 8 0
2 8 0
3 8 0
t 291 10
m0 1 13
m1 2 12
m2 0 14
1 9 0
2 9 0
3 9 0
f 1 0
t 290 11
m0 1 13
m1 2 13
m2 0 14
1 8 0
2 8 0
3 8 0
t 289 12
m0 1 13
m1 2 14
m2 0 14
1 9 0
2 9 0
3 9 0
t 288 12
m0 0 13
m1 3 14
m2 0 14
1 8 0
2 8 0
3 8 0
t 287 12
m0 0 13
m1 2 14
m2 0 14
1 9 0
2 9 0
3 9 0
t 286 12
m0 1 13
m1 2 14
m2 0 14
1 8 0
2 8 0
3 8 0
t 285 12
m0 0 13
m1 2 13
m2 0 14
1 9 0
2 9 0
3 9 0
t 284 12
m0 1 13
m1 2 12
m2 0 14
1 8 0
2 8 0
3 8 0
t 283 12
m0 2 13
m1 1 12
m2 0 14
1 9 0
2 9 0
3 9 0
t 282 12
m0 2 14
m1 1 12
m2 0 14
1 8 0
2 8 0
3 8 0
t 281 12
m0 2 14
m1 2 12
m2 0 14
1 9 0
2 9 0
3 9 0
t 280 12
m0 3 14
m1 2 13
m2 0 14
1 8 0
2 8 0
3 8 0
t 279 12
m0 3 14
m1 1 13
m2 0 14
1 9 0
2 9 0
3 9 0
t 278 12
m0 2 14
m1 2 13
m2 0 14
1 8 0
2 8 0
3 8 0
t 277 12
m0 2 14
m1 3 13
m2 0 14
1 9 0
2 9 0
3 9 0
t 276 12
m0 2 14
m1 4 13
m2 0 14
1 8 0
2 8 0
3 8 0
t 275 12
m0 2 13
m1 4 12
m2 0 14
1 9 0
2 9 0
3 9 0
t 274 12
m0 1 13
m1 4 11
m2 0 14
1 8 0
2 8 0
3 8 0
t 273 13
m0 0 13
m1 4 10
m2 0 14
1 9 0
2 9 0
3 9 0
t 272 13
m0 0 12
m1 5 10
m2 0 14
1 8 0
2 8 0
3 8 0
t 271 14
m0 0 11
m1 5 10
m2 0 14
1 9 0
2 9 0
3 9 0
t 270 14
m0 0 11
m1 6 10
m2 0 14
1 8 0
2 8 0
3 8 0
t 269 15
m0 0 11
m1 6 11
m2 0 14
1 9 0
2 9 0
3 9 0
t 268 16
m0 0 10
m1 7 11
m2 0 14
1 8 0
2 8 0
3 8 0
t 267 16
m0 0 11
m1 7 12
m2 0 14
1 9 0
2 9 0
3 9 0
t 266 16
m0 0 10
m1 7 13
m2 0 14
1 8 0
2 8 0
3 8 0
t 265 17
m0 0 9
m1 7 14
m2 0 14
1 9 0
2 9 0
3 9 0
t 264 19
m0 1 9
m1 7 13
m2 0 14
1 8 0
2 8 0
3 8 0
t 263 20
m0 2 9
m1 8 13
m2 0 14
1 9 0
2 9 0
3 9 0
t 262 21
m0 3 9
m1 7 13
m2 0 14
1 8 0
2 8 0
3 8 0
t 261 21
m0 3 10
m1 8 13
m2 0 14
1 9 0
2 9 0
3 9 0
t 260 22
m0 4 10
m1 8 13
m2 0 14
1 8 0
2 8 0
3 8 0
t 259 22
m0 3 10
m1 8 14
m2 0 14
1 9 0
2 9 0
3 9 0
t 258 22
m0 3 11
m1 8 14
m2 0 14
1 8 0
2 8 0
3 8 0
t 257 23
m0 3 10
m1 8 14
m2 0 14
1 9 0
2 9 0
3 9 0
t 256 23
m0 3 10
m1 8 13
m2 0 14
1 8 0
2 8 0
3 8 0
t 255 23
m0 3 10
m1 8 12
m2 0 14
1 9 0
2 9 0
3 9 0
t 254 24
m0 3 10
m1 8 13
m2 0 14
1 8 0
2 8 0
3 8 0
t 253 24
m0 3 10
m1 8 12
m2 0 14
1 9 0
2 9 0
3 9 0
t 252 24
m0 4 10
m1 8 11
m2 0 14
1 8 0
2 8 0
3 8 0
t 251 25
m0 4 10
m1 7 11
m2 0 14
1 9 0
2 9 0
3 9 0
t 250 25
m0 5 10
m1 8 11
m2 0 14
1 8 0
2 8 0
3 8 0
t 249 25
m0 4 10
m1 8 10
m2 0 14
1 9 0
2 9 0
3 9 0
t 248 25
m0 4 11
m1 9 10
m2 0 14
1 8 0
2 8 0
3 8 0
t 247 25
m0 3 11
m1 8 10
m2 0 14
1 9 0
2 9 0
3 9 0
t 246 25
m0 3 10
m1 8 9
m2 0 14
1 8 0
2 8 0
3 8 0
t 245 25
m0 3 9
m1 8 8
m2 0 14
1 9 0
2 9 0
3 9 0
t 244 25
m0 3 8
m1 8 8
m2 0 14
1 8 0
2 8 0
3 8 0
t 243 25
m0 3 9
m1 8 8
m2 0 14
1 9 0
2 9 0
3 9 0
t 242 25
m0 3 10
m1 7 8
m2 0 14
1 8 0
2 8 0
3 8 0
t 241 25
m0 3 10
m1 7 7
m2 0 14
1 9 0
2 9 0
3 9 0
t 240 25
m0 4 10
m1 8 7
m2 0 14
1 8 0
2 8 0
3 8 0
t 239 26
m0 4 11
m1 8 7
m2 0 14
1 9 0
2 9 0
3 9 0
t 238 26
m0 4 10
m1 8 8
m2 0 14
1 8 0
2 8 0
3 8 0
t 237 26
m0 5 10
m1 8 7
m2 0 14
1 9 0
2 9 0
3 9 0
t 236 26
m0 5 10
m1 8 8
m2 0 14
1 8 0
2 8 0
3 8 0
t 235 26
m0 5 9
m1 8 9
m2 0 14
1 9 0
2 9 0
3 9 0
t 234 27
m0 5 8
m1 8 9
m2 0 14
1 8 0
2 8 0
3 8 0
t 233 28
m0 4 8
m1 8 10
m2 0 14
1 9 0
2 9 0
3 9 0
t 232 29
m0 4 8
m1 9 10
m2 0 14
1 8 0
2 8 0
3 8 0
t 231 29
m0 4 8
m1 9 10
m2 0 14
1 9 0
2 9 0
3 9 0
t 230 29
m0 5 8
m1 9 10
m2 0 14
1 8 0
2 8 0
3 8 0
t 229 29
m0 5 8
m1 8 10
m2 0 14
1 9 0
2 9 0
3 9 0
t 228 29
m0 5 8
m1 8 11
m2 0 14
1 8 0
2 8 0
3 8 0
t 227 29
m0 5 7
m1 8 12
m2 0 14
1 9 0
2 9 0
3 9 0
t 226 29
m0 5 6
m1 8 11
m2 0 14
1 8 0
2 8 0
3 8 0
t 225 29
m0 6 6
m1 7 11
m2 0 14
1 9 0
2 9 0
3 9 0
t 224 30
m0 6 5
m1 7 11
m2 0 14
1 8 0
2 8 0
3 8 0
t 223 31
m0 6 5
m1 7 12
m2 0 14
1 9 0
2 9 0
3 9 0
t 222 31
m0 5 5
m1 8 12
m2 0 14
1 8 0
2 8 0
3 8 0
t 221 31
m0 5 5
m1 7 12
m2 0 14
1 9 0
2 9 0
3 9 0
t 220 31
m0 6 5
m1 6 12
m2 0 14
1 8 0
2 8 0
3 8 0
t 219 31
m0 7 5
m1 7 12
m2 0 14
1 9 0
2 9 0
3 9 0
t 218 31
m0 6 5
m1 7 13
m2 0 14
1 8 0
2 8 0
3 8 0
t 217 31
m0 6 5
m1 8 13
m2 0 14
1 9 0
2 9 0
3 9 0
t 216 31
m0 6 6
m1 7 13
m2 0 14
1 8 0
2 8 0
3 8 0
t 215 31
m0 6 6
m1 7 13
m2 0 14
1 9 0
2 9 0
3 9 0
t 214 31
m0 6 5
m1 6 13
m2 0 14
1 8 0
2 8 0
3 8 0
t 213 31
m0 6 5
m1 7 13
m2 0 14
1 9 0
2 9 0
3 9 0
t 212 31
m0 6 6
m1 6 13
m2 0 14
1 8 0
2 8 0
3 8 0
t 211 31
m0 6 5
m1 5 13
m2 0 14
1 9 0
2 9 0
3 9 0
t 210 32
m0 5 5
m1 5 13
m2 0 14
1 8 0
2 8 0
3 8 0
t 209 32
m0 5 5
m1 5 13
m2 0 14
1 9 0
2 9 0
3 9 0
t 208 32
m0 5 6
m1 5 13
m2 0 14
1 8 0
2 8 0
3 8 0
t 207 32
m0 6 6
m1 5 13
m2 0 14
1 9 0
2 9 0
3 9 0
t 206 32
m0 6 6
m1 5 13
m2 0 14
1 8 0
2 8 0
3 8 0
t 205 32
m0 6 6
m1 5 14
m2 0 14
1 9 0
2 9 0
3 9 0
t 204 33
m0 6 5
m1 5 14
m2 0 14
1 8 0
2 8 0
3 8 0
t 203 33
m0 6 5
m1 5 13
m2 0 14
1 9 0
2 9 0
3 9 0
t 202 33
m0 6 6
m1 5 14
m2 0 14
1 8 0
2 8 0
3 8 0
t 201 33
m0 6 6
m1 6 14
m2 0 14
1 9 0
2 9 0
3 9 0
t 200 33
m0 6 6
m1 6 13
m2 0 14
1 8 0
2 8 0
3 8 0
t 199 33
m0 5 6
m1 6 14
m2 0 14
1 9 0
2 9 0
3 9 0
t 198 33
m0 5 7
m1 7 14
m2 0 14
1 8 0
2 8 0
3 8 0
t 197 33
m0 5 6
m1 8 14
m2 0 14
1 9 0
2 9 0
3 9 0
t 196 33
m0 5 5
m1 8 13
m2 0 14
1 8 0
2 8 0
3 8 0
t 195 33
m0 5 5
m1 7 13
m2 0 14
1 9 0
2 9 0
3 9 0
t 194 33
m0 5 4
m1 7 13
m2 0 14
1 8 0
2 8 0
3 8 0
t 193 34
m0 4 4
m1 7 14
m2 0 14
1 9 0
2 9 0
3 9 0
t 192 34
m0 4 4
m1 7 14
m2 0 14
1 8 0
2 8 0
3 8 0
t 191 34
m0 4 3
m1 7 14
m2 0 14
1 9 0
2 9 0
3 9 0
t 190 35
m0 4 4
m1 7 13
m2 0 14
1 8 0
2 8 0
3 8 0
t 189 35
m0 4 4
m1 8 13
m2 0 14
1 9 0
2 9 0
3 9 0
t 188 35
m0 3 4
m1 8 13
m2 0 14
1 8 0
2 8 0
3 8 0
t 187 36
m0 3 3
m1 8 12
m2 0 14
1 9 0
2 9 0
3 9 0
t 186 37
m0 3 3
m1 8 12
m2 0 14
1 8 0
2 8 0
3 8 0
t 185 37
m0 4 3
m1 8 13
m2 0 14
1 9 0
2 9 0
3 9 0
t 184 37
m0 4 3
m1 8 14
m2 0 14
1 8 0
2 8 0
3 8 0
t 183 37
m0 3 3
m1 8 13
m2 0 14
1 9 0
2 9 0
3 9 0
t 182 37
m0 4 3
m1 8 14
m2 0 14
1 8 0
2 8 0
3 8 0
t 181 37
m0 4 3
m1 8 14
m2 0 14
1 9 0
2 9 0
3 9 0
t 180 37
m0 4 3
m1 8 13
m2 0 14
1 8 0
2 8 0
3 8 0
t 179 37
m0 4 3
m1 8 12
m2 0 14
1 9 0
2 9 0
3 9 0
t 178 37
m0 4 3
m1 8 13
m2 0 14
1 8 0
2 8 0
3 8 0
t 177 37
m0 4 3
m1 8 12
m2 0 14
1 9 0
2 9 0
3 9 0
t 176 37
m0 3 3
m1 8 11
m2 0 14
1 8 0
2 8 0
3 8 0
t 175 37
m0 3 2
m1 7 11
m2 0 14
1 9 0
2 9 0
3 9 0
t 174 37
m0 3 1
m1 8 11
m2 0 14
1 8 0
2 8 0
3 8 0
t 173 37
m0 3 2
m1 9 11
m2 0 14
1 9 0
2 9 0
3 9 0
t 172 38
m0 3 2
m1 9 10
m2 0 14
1 8 0
2 8 0
3 8 0
t 171 38
m0 3 1
m1 9 10
m2 0 14
1 9 0
2 9 0
3 9 0
t 170 38
m0 3 1
m1 8 10
m2 0 14
1 8 0
2 8 0
3 8 0
t 169 38
m0 4 1
m1 8 9
m2 0 14
1 9 0
2 9 0
3 9 0
t 168 38
m0 4 0
m1 8 8
m2 0 14
1 8 0
2 8 0
3 8 0
t 167 39
m0 4 0
m1 8 8
m2 0 14
1 9 0
2 9 0
3 9 0
t 166 39
m0 4 1
m1 7 8
m2 0 14
1 8 0
2 8 0
3 8 0
t 165 39
m0 3 1
m1 8 8
m2 0 14
1 9 0
2 9 0
3 9 0
t 164 39
m0 2 1
m1 8 7
m2 0 14
1 8 0
2 8 0
3 8 0
t 163 39
m0 2 1
m1 8 8
m2 0 14
1 9 0
2 9 0
3 9 0
t 162 39
m0 2 1
m1 8 9
m2 0 14
1 8 0
2 8 0
3 8 0
t 161 39
m0 2 0
m1 8 8
m2 0 14
1 9 0
2 9 0
3 9 0
t 160 39
m0 2 1
m1 7 8
m2 0 14
1 8 0
2 8 0
3 8 0
t 159 39
m0 2 0
m1 6 8
m2 0 14
1 9 0
2 9 0
3 9 0
t 158 40
m0 2 0
m1 6 9
m2 0 14
1 8 0
2 8 0
3 8 0
t 157 40
m0 1 0
m1 6 8
m2 0 14
1 9 0
2 9 0
3 9 0
t 156 50
m0 2 0
m1 7 8
m2 0 14
1 8 0
2 8 0
3 8 0
t 155 50
m0 1 0
m1 6 8
m2 0 14
1 9 0
2 9 0
3 9 0
t 154 50
m0 1 0
m1 5 8
m2 0 14
1 8 0
2 8 0
3 8 0
t 153 50
m0 1 0
m1 5 8
m2 0 14
1 9 0
2 9 0
3 9 0
t 152 50
m0 0 0
m1 5 9
m2 0 14
1 8 0
2 8 0
3 8 0
t 151 51
m0 0 0
m1 5 10
m2 0 14
1 9 0
2 9 0
3 9 0
t 150 51
m0 1 0
m1 5 9
m2 0 14
1 8 0
2 8 0
3 8 0
t 149 51
m0 0 0
m1 5 10
m2 0 14
1 9 0
2 9 0
3 9 0
t 148 51
m0 0 1
m1 5 9
m2 0 14
1 8 0
2 8 0
3 8 0
t 147 52
m0 0 0
m1 5 10
m2 0 14
1 9 0
2 9 0
3 9 0
t 146 52
m0 1 0
m1 5 9
m2 0 14
1 8 0
2 8 0
3 8 0
t 145 52
m0 0 0
m1 5 8
m2 0 14
1 9 0
2 9 0
3 9 0
t 144 52
m0 0 0
m1 5 7
m2 0 14
1 8 0
2 8 0
3 8 0
t 143 52
m0 0 1
m1 5 6
m2 0 14
1 9 0
2 9 0
3 9 0
t 142 52
m0 0 1
m1 6 6
m2 0 14
1 8 0
2 8 0
3 8 0
t 141 52
m0 0 2
m1 6 6
m2 0 14
1 9 0
2 9 0
3 9 0
t 140 53
m0 0 3
m1 6 6
m2 0 14
1 8 0
2 8 0
3 8 0
t 139 54
m0 0 4
m1 5 6
m2 0 14
1 9 0
2 9 0
3 9 0
t 138 54
m0 0 5
m1 5 6
m2 0 14
1 8 0
2 8 0
3 8 0
t 137 55
m0 0 4
m1 5 6
m2 0 14
1 9 0
2 9 0
3 9 0
t 136 55
m0 0 3
m1 6 6
m2 0 14
1 8 0
2 8 0
3 8 0
t 135 55
m0 0 3
m1 5 6
m2 0 14
1 9 0
2 9 0
3 9 0
t 134 55
m0 1 3
m1 6 6
m2 0 14
1 8 0
2 8 0
3 8 0
t 133 55
m0 2 3
m1 6 5
m2 0 14
1 9 0
2 9 0
3 9 0
t 132 56
m0 1 3
m1 7 5
m2 0 14
1 8 0
2 8 0
3 8 0
t 131 56
m0 0 3
m1 6 5
m2 0 14
1 9 0
2 9 0
3 9 0
t 130 56
m0 0 3
m1 6 6
m2 0 14
1 8 0
2 8 0
3 8 0
t 129 56
m0 0 2
m1 6 5
m2 0 14
1 9 0
2 9 0
3 9 0
t 128 56
m0 0 1
m1 7 5
m2 0 14
1 8 0
2 8 0
3 8 0
t 127 56
m0 0 1
m1 8 5
m2 0 14
1 9 0
2 9 0
3 9 0
t 126 57
m0 0 1
m1 8 6
m2 0 14
1 8 0
2 8 0
3 8 0
t 125 58
m0 0 0
m1 9 6
m2 0 14
1 9 0
2 9 0
3 9 0
t 124 58
m0 0 1
m1 9 6
m2 0 14
1 8 0
2 8 0
3 8 0
t 123 58
m0 0 1
m1 9 5
m2 0 14
1 9 0
2 9 0
3 9 0
f 6 3
t 122 59
m0 0 2
m1 9 4
m2 0 14
1 8 0
2 8 0
3 8 0
t 121 59
m0 1 2
m1 9 5
m2 0 14
1 9 0
2 9 0
3 9 0
t 120 60
m0 0 2
m1 9 6
m2 0 14
1 8 0
2 8 0
3 8 0
t 119 60
m0 1 2
m1 9 6
m2 0 14
1 9 0
2 9 0
3 9 0
t 118 60
m0 0 2
m1 9 6
m2 0 14
1 8 0
2 8 0
3 8 0
t 117 60
m0 1 2
m1 9 6
m2 0 14
1 9 0
2 9 0
3 9 0
t 116 60
m0 1 2
m1 9 6
m2 0 14
1 8 0
2 8 0
3 8 0
t 115 60
m0 1 2
m1 9 6
m2 0 14
1 9 0
2 9 0
3 9 0
t 114 60
m0 0 2
m1 9 6
m2 0 14
1 8 0
2 8 0
3 8 0
t 113 60
m0 1 2
m1 9 6
m2 0 14
1 9 0
2 9 0
3 9 0
t 112 60
m0 0 2
m1 8 6
m2 0 14
1 8 0
2 8 0
3 8 0
t 111 60
m0 0 3
m1 8 7
m2 0 14
1 9 0
2 9 0
3 9 0
t 110 60
m0 0 3
m1 7 7
m2 0 14
1 8 0
2 8 0
3 8 0
t 109 60
m0 0 2
m1 8 7
m2 0 14
1 9 0
2 9 0
3 9 0
t 108 60
m0 0 1
m1 7 7
m2 0 14
1 8 0
2 8 0
3 8 0
t 107 60
m0 0 1
m1 7 7
m2 0 14
1 9 0
2 9 0
3 9 0
t 106 60
m0 0 1
m1 7 8
m2 0 14
1 8 0
2 8 0
3 8 0
t 105 60
m0 0 0
m1 8 8
m2 0 14
1 9 0
2 9 0
3 9 0
t 104 60
m0 0 0
m1 8 7
m2 0 14
1 8 0
2 8 0
3 8 0
t 103 60
m0 0 0
m1 8 8
m2 0 14
1 9 0
2 9 0
3 9 0
t 102 60
m0 1 0
m1 8 9
m2 0 14
1 8 0
2 8 0
3 8 0
t 101 60
m0 2 0
m1 8 8
m2 0 14
1 9 0
2 9 0
3 9 0
t 100 60
m0 1 0
m1 8 7
m2 0 14
1 8 0
2 8 0
3 8 0
t 99 60
m0 2 0
m1 8 8
m2 0 14
1 9 0
2 9 0
3 9 0
t 98 60
m0 1 0
m1 8 8
m2 0 14
1 8 0
2 8 0
3 8 0
t 97 60
m0 1 0
m1 8 7
m2 0 14
1 9 0
2 9 0
3 9 0
t 96 60
m0 0 0
m1 7 7
m2 0 14
1 8 0
2 8 0
3 8 0
t 95 60
m0 1 0
m1 7 7
m2 0 14
1 9 0
2 9 0
3 9 0
t 94 60
m0 1 0
m1 8 7
m2 0 14
1 8 0
2 8 0
3 8 0
t 93 60
m0 2 0
m1 8 6
m2 0 14
1 9 0
2 9 0
3 9 0
t 92 60
m0 2 0
m1 8 7
m2 0 14
1 8 0
2 8 0
3 8 0
t 91 60
m0 1 0
m1 8 7
m2 0 14
1 9 0
2 9 0
3 9 0
t 90 60
m0 1 0
m1 8 7
m2 0 14
1 8 0
2 8 0
3 8 0
t 89 60
m0 2 0
m1 8 8
m2 0 14
1 9 0
2 9 0
3 9 0
t 88 60
m0 1 0
m1 8 7
m2 0 14
1 8 0
2 8 0
3 8 0
t 87 60
m0 0 0
m1 8 8
m2 0 14
1 9 0
2 9 0
3 9 0
t 86 60
m0 1 0
m1 8 7
m2 0 14
1 8 0
2 8 0
3 8 0
t 85 60
m0 0 0
m1 8 7
m2 0 14
1 9 0
2 9 0
3 9 0
t 84 60
m0 0 0
m1 7 7
m2 0 14
1 8 0
2 8 0
3 8 0
t 83 60
m0 0 1
m1 7 7
m2 0 14
1 9 0
2 9 0
3 9 0
t 82 60
m0 0 2
m1 8 7
m2 0 14
1 8 0
2 8 0
3 8 0
t 81 60
m0 0 3
m1 8 8
m2 0 14
1 9 0
2 9 0
3 9 0
t 80 60
m0 1 3
m1 8 9
m2 0 14
1 8 0
2 8 0
3 8 0
t 79 60
m0 1 2
m1 8 9
m2 0 14
1 9 0
2 9 0
3 9 0
t 78 60
m0 1 3
m1 8 10
m2 0 14
1 8 0
2 8 0
3 8 0
t 77 60
m0 1 3
m1 8 9
m2 0 14
1 9 0
2 9 0
3 9 0
t 76 60
m0 1 2
m1 8 10
m2 0 14
1 8 0
2 8 0
3 8 0
t 75 60
m0 0 2
m1 8 9
m2 0 14
1 9 0
2 9 0
3 9 0
t 74 60
m0 0 2
m1 8 8
m2 0 14
1 8 0
2 8 0
3 8 0
t 73 60
m0 0 3
m1 8 9
m2 0 14
1 9 0
2 9 0
3 9 0
t 72 60
m0 1 3
m1 8 8
m2 0 14
1 8 0
2 8 0
3 8 0
t 71 60
m0 2 3
m1 8 9
m2 0 14
1 9 0
2 9 0
3 9 0
t 70 60
m0 3 3
m1 8 10
m2 0 14
1 8 0
2 8 0
3 8 0
t 69 60
m0 3 2
m1 9 10
m2 0 14
1 9 0
2 9 0
3 9 0
t 68 60
m0 3 1
m1 9 10
m2 0 14
1 8 0
2 8 0
3 8 0
t 67 60
m0 3 2
m1 9 10
m2 0 14
1 9 0
2 9 0
3 9 0
t 66 60
m0 3 3
m1 9 11
m2 0 14
1 8 0
2 8 0
3 8 0
t 65 60
m0 3 2
m1 9 10
m2 0 14
1 9 0
2 9 0
3 9 0
t 64 60
m0 3 1
m1 9 10
m2 0 14
1 8 0
2 8 0
3 8 0
t 63 60
m0 2 1
m1 8 10
m2 0 14
1 9 0
2 9 0
3 9 0
t 62 60
m0 2 1
m1 8 9
m2 0 14
1 8 0
2 8 0
3 8 0
t 61 60
m0 2 1
m1 8 8
m2 0 14
1 9 0
2 9 0
3 9 0
t 60 60
m0 2 0
m1 8 8
m2 0 14
1 8 0
2 8 0
3 8 0
t 59 60
m0 2 0
m1 8 7
m2 0 14
1 9 0
2 9 0
3 9 0
t 58 60
m0 2 0
m1 8 8
m2 0 14
1 8 0
2 8 0
3 8 0
t 57 60
m0 1 0
m1 8 8
m2 0 14
1 9 0
2 9 0
3 9 0
t 56 60
m0 2 0
m1 7 8
m2 0 14
1 8 0
2 8 0
3 8 0
t 55 60
m0 1 0
m1 8 8
m2 0 14
1 9 0
2 9 0
3 9 0
t 54 60
m0 1 0
m1 8 8
m2 0 14
1 8 0
2 8 0
3 8 0
t 53 60
m0 2 0
m1 8 8
m2 0 14
1 9 0
2 9 0
3 9 0
t 52 60
m0 2 0
m1 7 8
m2 0 14
1 8 0
2 8 0
3 8 0
t 51 60
m0 1 0
m1 7 8
m2 0 14
1 9 0
2 9 0
3 9 0
t 50 60
m0 0 0
m1 7 7
m2 0 14
1 8 0
2 8 0
3 8 0
t 49 60
m0 0 1
m1 7 7
m2 0 14
1 9 0
2 9 0
3 9 0
t 48 60
m0 0 2
m1 8 7
m2 0 14
1 8 0
2 8 0
3 8 0
t 47 60
m0 1 2
m1 8 8
m2 0 14
1 9 0
2 9 0
3 9 0
t 46 60
m0 1 2
m1 8 9
m2 0 14
1 8 0
2 8 0
3 8 0
t 45 60
m0 0 2
m1 8 8
m2 0 14
1 9 0
2 9 0
3 9 0
t 44 60
m0 0 1
m1 8 8
m2 0 14
1 8 0
2 8 0
3 8 0
t 43 60
m0 0 0
m1 8 7
m2 0 14
1 9 0
2 9 0
3 9 0
t 42 60
m0 0 0
m1 8 7
m2 0 14
1 8 0
2 8 0
3 8 0
t 41 60
m0 0 1
m1 8 7
m2 0 14
1 9 0
2 9 0
3 9 0
t 40 60
m0 0 1
m1 8 6
m2 0 14
1 8 0
2 8 0
3 8 0
t 39 60
m0 0 1
m1 8 6
m2 0 14
1 9 0
2 9 0
3 9 0
t 38 60
m0 0 0
m1 9 6
m2 0 14
1 8 0
2 8 0
3 8 0
t 37 60
m0 1 0
m1 9 5
m2 0 14
1 9 0
2 9 0
3 9 0
t 36 60
m0 2 0
m1 9 6
m2 0 14
1 8 0
2 8 0
3 8 0
t 35 60
m0 1 0
m1 8 6
m2 0 14
1 9 0
2 9 0
3 9 0
t 34 60
m0 0 0
m1 9 6
m2 0 14
1 8 0
2 8 0
3 8 0
t 33 60
m0 1 0
m1 9 6
m2 0 14
1 9 0
2 9 0
3 9 0
t 32 60
m0 1 0
m1 9 5
m2 0 14
1 8 0
2 8 0
3 8 0
t 31 60
m0 1 0
m1 9 6
m2 0 14
1 9 0
2 9 0
3 9 0
t 30 60
m0 2 0
m1 9 6
m2 0 14
1 8 0
2 8 0
3 8 0
t 29 60
m0 2 0
m1 9 6
m2 0 14
1 9 0
2 9 0
3 9 0
t 28 60
m0 1 0
m1 9 5
m2 0 14
1 8 0
2 8 0
3 8 0
t 27 60
m0 1 0
m1 9 5
m2 0 14
1 9 0
2 9 0
3 9 0
t 26 60
m0 0 0
m1 8 5
m2 0 14
1 8 0
2 8 0
3 8 0
t 25 60
m0 0 0
m1 7 5
m2 0 14
1 9 0
2 9 0
3 9 0
t 24 60
m0 0 1
m1 8 5
m2 0 14
1 8 0
2 8 0
3 8 0
t 23 60
m0 0 0
m1 9 5
m2 0 14
1 9 0
2 9 0
3 9 0
t 22 60
m0 0 1
m1 9 6
m2 0 14
1 8 0
2 8 0
3 8 0
t 21 60
m0 0 0
m1 8 6
m2 0 14
1 9 0
2 9 0
3 9 0
t 20 60
m0 0 1
m1 9 6
m2 0 14
1 8 0
2 8 0
3 8 0
t 19 60
m0 0 0
m1 8 6
m2 0 14
1 9 0
2 9 0
3 9 0
t 18 60
m0 0 0
m1 9 6
m2 0 14
1 8 0
2 8 0
3 8 0
t 17 60
m0 0 1
m1 9 5
m2 0 14
1 9 0
2 9 0
3 9 0
t 16 60
m0 0 0
m1 9 4
m2 0 14
1 8 0
2 8 0
3 8 0
t 15 60
m0 0 0
m1 9 4
m2 0 14
1 9 0
2 9 0
3 9 0
t 14 60
m0 0 0
m1 9 5
m2 0 14
1 8 0
2 8 0
3 8 0
t 13 60
m0 0 0
m1 9 4
m2 0 14
1 9 0
2 9 0
3 9 0
t 12 60
m0 0 0
m1 9 3
m2 0 14
1 8 0
2 8 0
3 8 0
t 11 61
m0 0 1
m1 9 4
m2 0 14
1 9 0
2 9 0
3 9 0
t 10 61
m0 0 0
m1 9 3
m2 0 14
1 8 0
2 8 0
3 8 0
t 9 61
m0 0 1
m1 9 3
m2 0 14
1 9 0
2 9 0
3 9 0
t 8 61
m0 0 0
m1 9 3
m2 0 14
1 8 0
2 8 0
3 8 0
t 7 61
m0 0 1
m1 9 3
m2 0 14
1 9 0
2 9 0
3 9 0
t 6 61
m0 0 0
m1 9 4
m2 0 14
1 8 0
2 8 0
3 8 0
t 5 61
m0 0 1
m1 9 4
m2 0 14
1 9 0
2 9 0
3 9 0
t 4 61
m0 0 0
m1 9 3
m2 0 14
1 8 0
2 8 0
3 8 0
t 3 61
m0 0 1
m1 9 4
m2 0 14
1 9 0
2 9 0
3 9 0
t 2 61
m0 0 1
m1 9 3
m2 0 14
1 8 0
2 8 0
3 8 0
t 1 61
m0 0 2
m1 9 4
m2 0 14
1 8 0
2 8 0
3 8 0
t 0 61
