10
15
w 5 6
w 0 2
w 1 6
w 2 12
w 9 4
w 7 11
w 7 2
w 6 14
w 5 5
w 2 9
w 5 12
w 7 6
w 3 10
w 4 13
w 0 11
w 3 6
w 2 2
w 4 1
w 6 4
w 5 4
w 2 6
w 7 14
w 4 10
w 9 14
w 0 0
w 0 12
w 4 2
w 5 3
w 0 1
w 6 8
w 6 1
w 9 9
w 3 8
w 0 9
w 9 5
w 3 4
w 2 4
p 6 9
p 1 3
p 8 13
p 9 1
p 4 7
p 3 0
p 2 8
p 9 8
p 8 0
p 3 11
p 0 7
p 8 9
p 4 12
p 0 10
p 3 7
p 0 3
p 5 8
p 1 2
p 9 0
p 6 7
p 3 3
p 8 1
p 6 3
p 2 13
p 7 10
p 0 4
p 1 10
p 5 0
p 8 6
p 9 7
p 8 2
p 5 11
p 4 5
p 3 13
p 6 11
p 1 4
p 2 10
p 9 10
p 3 9
p 0 5
p 1 9
p 6 5
p 3 5
p 2 7
p 7 9
p 8 3
p 3 12
p 4 6
p 1 12
p 9 2
p 7 4
p 2 0
p 8 8
p 6 13
p 5 2
p 8 4
m0 0 14
m1 0 14
m2 0 14
1 9 0
2 9 0
3 9 0
t 300 0
m0 0 14
m1 0 14
m2 0 13
1 8 0
2 8 0
3 8 0
t 299 0
m0 1 14
m1 0 14
m2 1 13
1 9 0
2 9 0
3 9 0
t 298 0
m0 1 13
m1 0 14
m2 1 14
1 8 0
2 8 0
3 8 0
t 297 0
m0 1 14
m1 0 14
m2 2 14
1 9 0
2 9 0
3 9 0
t 296 0
m0 2 14
m1 0 14
m2 3 14
1 8 0
2 8 0
3 8 0
t 295 0
m0 1 14
m1 0 14
m2 3 13
1 9 0
2 9 0
3 9 0
t 294 1
m0 1 13
m1 0 14
m2 3 13
1 8 0
2 8 0
3 8 0
t 293 1
m0 1 14
m1 0 14
m2 3 14
1 9 0
2 9 0
3 9 0
t 292 1
m0 1 13
m1 0 14
m2 3 14
1 8 0
2 8 0
3 8 0
t 291 1
m0 1 14
m1 0 14
m2 2 14
1 9 0
2 9 0
3 9 0
t 290 1
m0 1 13
m1 0 14
m2 3 14
1 8 0
2 8 0
3 8 0
t 289 1
m0 2 13
m1 0 14
m2 3 14
1 9 0
2 9 0
3 9 0
f 7 8
t 288 2
m0 3 13
m1 0 14
m2 4 14
1 8 0
2 8 0
3 8 0
t 287 2
m0 3 13
m1 0 14
m2 4 14
1 9 0
2 9 0
3 9 0
t 286 2
m0 3 13
m1 0 14
m2 5 14
1 8 0
2 8 0
3 8 0
t 285 2
m0 3 12
m1 0 14
m2 5 13
1 9 0
2 9 0
3 9 0
t 284 3
m0 3 11
m1 0 14
m2 6 13
1 8 0
2 8 0
3 8 0
t 283 5
m0 3 11
m1 0 14
m2 7 13
1 9 0
2 9 0
3 9 0
t 282 5
m0 4 11
m1 0 14
m2 6 13
1 8 0
2 8 0
3 8 0
t 281 5
m0 4 12
m1 0 14
m2 6 12
1 9 0
2 9 0
3 9 0
t 280 6
m0 4 11
m1 0 14
m2 6 11
1 8 0
2 8 0
3 8 0
t 279 7
m0 5 11
m1 0 14
m2 5 11
1 9 0
2 9 0
3 9 0
t 278 8
m0 5 10
m1 0 14
m2 5 10
1 8 0
2 8 0
3 8 0
t 277 8
m0 5 9
m1 0 14
m2 5 9
1 9 0
2 9 0
3 9 0
t 276 8
m0 6 9
m1 0 14
m2 6 9
1 8 0
2 8 0
3 8 0
t 275 9
m0 7 9
m1 0 14
m2 7 9
1 9 0
2 9 0
3 9 0
t 274 10
m0 7 8
m1 0 14
m2 7 8
1 8 0
2 8 0
3 8 0
t 273 20
m0 7 9
m1 0 14
m2 8 8
1 9 0
2 9 0
3 9 0
t 272 21
m0 8 9
m1 0 14
m2 8 9
1 8 0
2 8 0
3 8 0
f 7 13
t 271 22
m0 8 10
m1 0 14
m2 7 9
1 9 0
2 9 0
3 9 0
t 270 22
m0 8 10
m1 0 14
m2 7 10
1 8 0
2 8 0
3 8 0
t 269 23
m0 9 10
m1 0 14
m2 7 10
1 9 0
2 9 0
3 9 0
t 268 24
m0 9 10
m1 0 14
m2 8 10
1 8 0
2 8 0
3 8 0
t 267 24
m0 9 11
m1 0 14
m2 8 11
1 7 0
2 7 0
3 7 0
t 266 24
m0 9 12
m1 0 14
m2 8 12
1 6 0
2 6 0
3 6 0
t 265 24
m0 8 12
m1 0 14
m2 8 13
1 5 0
2 5 0
3 5 0
t 264 25
m0 7 12
m1 0 14
m2 7 13
1 4 0
2 4 0
3 4 0
t 263 35
m0 8 12
m1 0 14
m2 7 12
1 3 0
2 3 0
3 3 0
t 262 35
m0 9 12
m1 0 14
m2 6 12
1 2 0
2 2 0
3 2 0
t 261 35
m0 9 13
m1 0 14
m2 7 12
1 3 0
2 3 0
3 3 0
t 260 35
m0 8 13
m1 0 14
m2 7 13
1 4 0
2 4 0
3 4 0
t 259 35
m0 9 13
m1 0 14
m2 6 13
1 3 0
2 3 0
3 3 0
t 258 35
m0 9 12
m1 0 14
m2 5 13
1 2 0
2 2 0
3 2 0
t 257 35
m0 8 12
m1 0 14
m2 5 14
1 3 0
2 3 0
3 3 0
t 256 35
m0 8 11
m1 0 14
m2 4 14
1 2 0
2 2 0
3 2 0
t 255 35
m0 9 11
m1 0 14
m2 3 14
1 1 0
2 1 0
3 1 0
t 254 35
m0 9 10
m1 0 14
m2 3 13
1 2 0
2 2 0
3 2 0
t 253 35
m0 8 10
m1 0 14
m2 3 14
1 1 0
2 1 0
3 1 0
t 252 35
m0 8 10
m1 0 14
m2 2 14
1 2 0
2 2 0
3 2 0
t 251 35
m0 7 10
m1 0 14
m2 3 14
1 1 0
2 1 0
3 1 0
t 250 35
m0 8 10
m1 0 14
m2 2 14
1 2 0
2 2 0
3 2 0
t 249 35
m0 9 10
m1 0 14
m2 3 14
1 1 0
2 1 0
3 1 0
t 248 35
m0 9 11
m1 0 14
m2 4 14
1 2 0
2 2 0
3 2 0
t 247 35
m0 9 12
m1 0 14
m2 4 14
1 3 0
2 3 0
3 3 0
t 246 35
m0 8 12
m1 0 14
m2 4 14
1 2 0
2 2 0
3 2 0
t 245 35
m0 8 13
m1 0 14
m2 5 14
1 3 0
2 3 0
3 3 0
t 244 35
m0 9 13
m1 0 14
m2 5 14
1 2 0
2 2 0
3 2 0
t 243 35
m0 9 12
m1 0 14
m2 5 14
1 3 0
2 3 0
3 3 0
t 242 35
m0 9 11
m1 0 14
m2 4 14
1 2 0
2 2 0
3 2 0
t 241 35
m0 9 12
m1 0 14
m2 3 14
1 1 0
2 1 0
3 1 0
t 240 45
m0 8 12
m1 0 14
m2 3 13
1 2 0
2 2 0
3 2 0
t 239 45
m0 8 11
m1 0 14
m2 3 12
1 1 0
2 1 0
3 1 0
t 238 45
m0 8 12
m1 0 14
m2 4 12
1 2 0
2 2 0
3 2 0
f 3 2
t 237 45
m0 9 12
m1 0 14
m2 4 11
1 1 0
2 1 0
3 1 0
t 236 45
m0 9 11
m1 0 14
m2 4 12
1 2 0
2 2 0
3 2 0
t 235 45
m0 9 11
m1 0 14
m2 4 12
1 1 0
2 1 0
3 1 0
t 234 45
m0 9 10
m1 0 14
m2 4 12
1 2 0
2 2 0
3 2 0
t 233 45
m0 9 10
m1 0 14
m2 3 12
1 1 0
2 1 0
3 1 0
t 232 45
m0 8 10
m1 0 14
m2 4 12
1 2 0
2 2 0
3 2 0
t 231 45
m0 8 11
m1 0 14
m2 3 12
1 1 0
2 1 0
3 1 0
t 230 45
m0 8 10
m1 0 14
m2 3 12
1 2 0
2 2 0
3 2 0
t 229 45
m0 8 9
m1 0 14
m2 3 12
1 1 0
2 1 0
3 1 0
t 228 45
m0 8 9
m1 0 14
m2 3 11
1 2 0
2 2 0
3 2 0
t 227 45
m0 7 9
m1 0 14
m2 4 11
1 1 0
2 1 0
3 1 0
t 226 45
m0 7 8
m1 0 14
m2 5 11
1 2 0
2 2 0
3 2 0
t 225 45
m0 7 8
m1 0 14
m2 4 11
1 1 0
2 1 0
3 1 0
t 224 45
m0 8 8
m1 0 14
m2 4 12
1 2 0
2 2 0
3 2 0
t 223 45
m0 7 8
m1 0 14
m2 3 12
1 1 0
2 1 0
3 1 0
t 222 45
m0 7 7
m1 0 14
m2 3 11
1 2 0
2 2 0
3 2 0
t 221 45
m0 7 7
m1 0 14
m2 3 11
1 1 0
2 1 0
3 1 0
t 220 45
m0 7 7
m1 0 14
m2 2 11
1 2 0
2 2 0
3 2 0
t 219 45
m0 8 7
m1 0 14
m2 2 10
1 3 0
2 3 0
3 3 0
t 218 46
m0 7 7
m1 0 14
m2 1 10
1 2 0
2 2 0
3 2 0
t 217 47
m0 6 7
m1 0 14
m2 1 9
1 3 0
2 3 0
3 3 0
t 216 49
m0 6 7
m1 0 14
m2 1 8
1 4 0
2 4 0
3 4 0
t 215 49
m0 6 6
m1 0 14
m2 1 8
1 3 0
2 3 0
3 3 0
t 214 49
m0 6 5
m1 0 14
m2 1 9
1 2 0
2 2 0
3 2 0
t 213 50
m0 7 5
m1 0 14
m2 1 9
1 3 0
2 3 0
3 3 0
t 212 50
m0 7 4
m1 0 14
m2 1 8
1 2 0
2 2 0
3 2 0
t 211 51
m0 7 3
m1 0 14
m2 1 8
1 1 0
2 1 0
3 1 0
t 210 51
m0 6 3
m1 0 14
m2 1 7
1 2 0
2 2 0
3 2 0
t 209 52
m0 6 2
m1 0 14
m2 0 7
1 1 0
2 1 0
3 1 0
t 208 53
m0 5 2
m1 0 14
m2 0 7
1 2 0
2 2 0
3 2 0
t 207 54
m0 5 2
m1 0 14
m2 0 8
1 1 0
2 1 0
3 1 0
t 206 54
m0 5 2
m1 0 14
m2 0 8
1 2 0
2 2 0
3 2 0
t 205 54
m0 5 2
m1 0 14
m2 1 8
1 1 0
2 1 0
3 1 0
t 204 54
m0 5 2
m1 0 14
m2 1 8
1 2 0
2 2 0
3 2 0
t 203 54
m0 5 1
m1 0 14
m2 2 8
1 1 0
2 1 0
3 1 0
t 202 55
m0 5 1
m1 0 14
m2 2 8
1 2 0
2 2 0
3 2 0
t 201 55
m0 5 2
m1 0 14
m2 2 8
1 1 0
2 1 0
3 1 0
t 200 55
m0 5 1
m1 0 14
m2 2 7
1 2 0
2 2 0
3 2 0
t 199 56
m0 5 2
m1 0 14
m2 2 7
1 1 0
2 1 0
3 1 0
t 198 56
m0 5 2
m1 0 14
m2 2 8
1 2 0
2 2 0
3 2 0
t 197 56
m0 5 1
m1 0 14
m2 2 7
1 1 0
2 1 0
3 1 0
t 196 56
m0 5 0
m1 0 14
m2 3 7
1 1 1
2 1 1
3 1 1
t 195 58
m0 4 0
m1 0 14
m2 4 7
1 1 2
2 1 2
3 1 2
t 194 59
m0 4 0
m1 0 14
m2 4 6
1 1 3
2 1 3
3 1 3
t 193 60
m0 3 0
m1 0 14
m2 4 5
1 0 3
2 0 3
3 0 3
t 192 62
m0 3 0
m1 0 14
m2 3 5
1 1 3
2 1 3
3 1 3
t 191 63
m0 3 0
m1 0 14
m2 3 5
1 0 3
2 0 3
3 0 3
t 190 63
m0 2 0
m1 0 14
m2 3 5
1 1 3
2 1 3
3 1 3
t 189 64
m0 2 1
m1 0 14
m2 3 5
1 0 3
2 0 3
3 0 3
t 188 64
m0 3 1
m1 0 14
m2 3 5
1 1 3
2 1 3
3 1 3
t 187 64
m0 3 2
m1 0 14
m2 3 5
1 0 3
2 0 3
3 0 3
t 186 74
m0 3 2
m1 0 14
m2 3 5
1 0 4
2 0 4
3 0 4
t 185 74
m0 3 1
m1 0 14
m2 3 5
1 0 3
2 0 3
3 0 3
t 184 74
m0 2 1
m1 0 14
m2 3 5
1 0 4
2 0 4
3 0 4
t 183 74
m0 2 1
m1 0 14
m2 3 5
1 0 3
2 0 3
3 0 3
t 182 74
m0 2 0
m1 0 14
m2 4 5
1 0 4
2 0 4
3 0 4
t 181 74
m0 1 0
m1 0 14
m2 4 4
1 0 5
2 0 5
3 0 5
t 180 74
m0 1 0
m1 0 14
m2 4 5
1 0 4
2 0 4
3 0 4
t 179 74
m0 1 1
m1 0 14
m2 4 6
1 0 5
2 0 5
3 0 5
t 178 74
m0 1 2
m1 0 14
m2 4 6
1 0 6
2 0 6
3 0 6
t 177 75
m0 1 2
m1 0 14
m2 4 7
1 0 5
2 0 5
3 0 5
t 176 75
m0 1 2
m1 0 14
m2 4 6
1 0 6
2 0 6
3 0 6
t 175 75
m0 1 3
m1 0 14
m2 4 6
1 0 7
2 0 7
3 0 7
t 174 76
m0 2 3
m1 0 14
m2 4 7
1 0 6
2 0 6
3 0 6
t 173 76
m0 2 3
m1 0 14
m2 4 7
1 0 5
2 0 5
3 0 5
t 172 76
m0 1 3
m1 0 14
m2 3 7
1 0 6
2 0 6
3 0 6
t 171 76
m0 1 2
m1 0 14
m2 3 7
1 0 5
2 0 5
3 0 5
t 170 76
m0 1 1
m1 0 14
m2 4 7
1 0 6
2 0 6
3 0 6
t 169 76
m0 1 0
m1 0 14
m2 4 6
1 0 5
2 0 5
3 0 5
t 168 76
m0 2 0
m1 0 14
m2 4 6
1 0 4
2 0 4
3 0 4
t 167 76
m0 1 0
m1 0 14
m2 4 7
1 0 5
2 0 5
3 0 5
t 166 86
m0 1 1
m1 0 14
m2 4 8
1 0 6
2 0 6
3 0 6
f 4 4
t 165 86
m0 1 2
m1 0 14
m2 5 8
1 0 7
2 0 7
3 0 7
t 164 87
m0 1 2
m1 0 14
m2 4 8
1 0 6
2 0 6
3 0 6
t 163 87
m0 1 2
m1 0 14
m2 4 7
1 0 5
2 0 5
3 0 5
t 162 87
m0 1 3
m1 0 14
m2 4 6
1 0 6
2 0 6
3 0 6
t 161 87
m0 0 3
m1 0 14
m2 4 5
1 0 7
2 0 7
3 0 7
t 160 88
m0 0 4
m1 0 14
m2 4 4
1 1 7
2 1 7
3 1 7
t 159 99
m0 0 4
m1 0 14
m2 4 5
1 1 8
2 1 8
3 1 8
t 158 99
m0 0 5
m1 0 14
m2 4 4
1 2 8
2 2 8
3 2 8
t 157 100
m0 0 6
m1 0 14
m2 4 5
1 2 7
2 2 7
3 2 7
f 6 11
t 156 100
m0 0 5
m1 0 14
m2 3 5
1 2 8
2 2 8
3 2 8
t 155 100
m0 0 4
m1 0 14
m2 2 5
1 1 8
2 1 8
3 1 8
t 154 100
m0 0 5
m1 0 14
m2 3 5
1 1 9
2 1 9
3 1 9
t 153 100
m0 1 5
m1 0 14
m2 2 5
1 1 10
2 1 10
3 1 10
t 152 100
m0 1 5
m1 0 14
m2 1 5
1 2 10
2 2 10
3 2 10
t 151 100
m0 2 5
m1 0 14
m2 2 5
1 1 10
2 1 10
3 1 10
t 150 100
m0 3 5
m1 0 14
m2 2 5
1 2 10
2 2 10
3 2 10
t 149 100
m0 2 5
m1 0 14
m2 2 5
1 1 10
2 1 10
3 1 10
t 148 100
m0 3 5
m1 0 14
m2 1 5
1 2 10
2 2 10
3 2 10
t 147 100
m0 4 5
m1 0 14
m2 1 4
1 1 10
2 1 10
3 1 10
t 146 101
m0 4 4
m1 0 14
m2 0 4
1 2 10
2 2 10
3 2 10
t 145 101
m0 4 3
m1 0 14
m2 0 5
1 1 10
2 1 10
3 1 10
t 144 101
m0 4 4
m1 0 14
m2 0 6
1 2 10
2 2 10
3 2 10
t 143 101
m0 4 5
m1 0 14
m2 0 7
1 2 11
2 2 11
3 2 11
t 142 101
m0 4 4
m1 0 14
m2 1 7
1 3 11
2 3 11
3 3 11
t 141 101
m0 4 3
m1 0 14
m2 2 7
1 4 11
2 4 11
3 4 11
t 140 101
m0 4 4
m1 0 14
m2 2 7
1 5 11
2 5 11
3 5 11
t 139 101
m0 4 3
m1 0 14
m2 2 8
1 6 11
2 6 11
3 6 11
t 138 101
m0 3 3
m1 0 14
m2 2 8
1 6 12
2 6 12
3 6 12
t 137 102
m0 4 3
m1 0 14
m2 2 8
1 7 12
2 7 12
3 7 12
t 136 102
m0 4 4
m1 0 14
m2 1 8
1 8 12
2 8 12
3 8 12
t 135 102
m0 4 4
m1 0 14
m2 2 8
1 9 12
2 9 12
3 9 12
t 134 102
m0 4 3
m1 0 14
m2 2 7
1 9 11
2 9 11
3 9 11
t 133 102
m0 4 4
m1 0 14
m2 2 8
1 9 12
2 9 12
3 9 12
t 132 102
m0 4 5
m1 0 14
m2 2 7
1 9 11
2 9 11
3 9 11
t 131 102
m0 4 4
m1 0 14
m2 3 7
1 9 12
2 9 12
3 9 12
t 130 102
m0 4 5
m1 0 14
m2 3 7
1 9 11
2 9 11
3 9 11
t 129 102
m0 3 5
m1 0 14
m2 4 7
1 9 12
2 9 12
3 9 12
t 128 102
m0 3 5
m1 0 14
m2 4 8
1 9 13
2 9 13
3 9 13
t 127 102
m0 4 5
m1 0 14
m2 4 9
1 9 12
2 9 12
3 9 12
t 126 102
m0 4 6
m1 0 14
m2 3 9
1 9 13
2 9 13
3 9 13
t 125 103
m0 4 6
m1 0 14
m2 3 9
1 9 12
2 9 12
3 9 12
t 124 103
m0 4 5
m1 0 14
m2 4 9
1 9 13
2 9 13
3 9 13
t 123 103
m0 4 6
m1 0 14
m2 5 9
1 9 12
2 9 12
3 9 12
t 122 103
m0 4 6
m1 0 14
m2 5 10
1 9 13
2 9 13
3 9 13
t 121 103
m0 4 7
m1 0 14
m2 5 11
1 9 12
2 9 12
3 9 12
t 120 103
m0 5 7
m1 0 14
m2 6 11
1 9 13
2 9 13
3 9 13
t 119 113
m0 4 7
m1 0 14
m2 6 12
1 9 12
2 9 12
3 9 12
t 118 113
m0 3 7
m1 0 14
m2 6 12
1 9 11
2 9 11
3 9 11
t 117 113
m0 2 7
m1 0 14
m2 6 11
1 9 10
2 9 10
3 9 10
t 116 113
m0 1 7
m1 0 14
m2 6 10
1 9 11
2 9 11
3 9 11
t 115 113
m0 1 8
m1 0 14
m2 5 10
1 9 12
2 9 12
3 9 12
t 114 113
m0 0 8
m1 0 14
m2 5 10
1 9 13
2 9 13
3 9 13
t 113 113
m0 0 8
m1 0 14
m2 6 10
1 9 12
2 9 12
3 9 12
t 112 113
m0 0 7
m1 0 14
m2 6 10
1 9 13
2 9 13
3 9 13
t 111 113
m0 0 8
m1 0 14
m2 6 9
1 9 12
2 9 12
3 9 12
t 110 113
m0 0 8
m1 0 14
m2 6 10
1 9 13
2 9 13
3 9 13
t 109 113
m0 1 8
m1 0 14
m2 6 11
1 9 12
2 9 12
3 9 12
t 108 113
m0 1 9
m1 0 14
m2 5 11
1 9 13
2 9 13
3 9 13
f 3 1
t 107 113
m0 1 8
m1 0 14
m2 5 10
1 9 12
2 9 12
3 9 12
t 106 113
m0 1 9
m1 0 14
m2 6 10
1 9 13
2 9 13
3 9 13
t 105 113
m0 1 10
m1 0 14
m2 7 10
1 9 12
2 9 12
3 9 12
t 104 113
m0 1 11
m1 0 14
m2 8 10
1 9 13
2 9 13
3 9 13
t 103 113
m0 1 10
m1 0 14
m2 8 9
1 9 12
2 9 12
3 9 12
t 102 113
m0 1 11
m1 0 14
m2 7 9
1 9 13
2 9 13
3 9 13
t 101 113
m0 1 11
m1 0 14
m2 8 9
1 9 12
2 9 12
3 9 12
t 100 113
m0 1 12
m1 0 14
m2 8 9
1 9 13
2 9 13
3 9 13
t 99 114
m0 1 11
m1 1 14
m2 8 8
1 9 12
2 9 12
3 9 12
t 98 114
m0 1 10
m1 2 14
m2 8 9
1 9 13
2 9 13
3 9 13
t 97 114
m0 0 10
m1 3 14
m2 8 8
1 9 12
2 9 12
3 9 12
t 96 115
m0 1 10
m1 2 14
m2 9 8
1 8 12
2 8 12
3 8 12
t 95 116
m0 2 10
m1 1 14
m2 9 7
1 7 12
2 7 12
3 7 12
t 94 117
m0 2 10
m1 0 14
m2 9 6
1 7 13
2 7 13
3 7 13
t 93 117
m0 2 10
m1 0 14
m2 9 6
1 8 13
2 8 13
3 8 13
t 92 117
m0 2 10
m1 0 14
m2 8 6
1 9 13
2 9 13
3 9 13
t 91 118
m0 1 10
m1 0 14
m2 8 5
1 9 12
2 9 12
3 9 12
t 90 118
m0 1 9
m1 0 14
m2 8 4
1 9 13
2 9 13
3 9 13
t 89 119
m0 1 8
m1 0 14
m2 8 3
1 9 12
2 9 12
3 9 12
t 88 120
m0 1 7
m1 0 14
m2 8 2
1 9 11
2 9 11
3 9 11
t 87 121
m0 2 7
m1 0 14
m2 8 2
1 9 12
2 9 12
3 9 12
t 86 121
m0 2 7
m1 0 14
m2 8 1
1 9 11
2 9 11
3 9 11
t 85 122
m0 3 7
m1 0 14
m2 8 0
1 9 12
2 9 12
3 9 12
t 84 123
m0 2 7
m1 0 14
m2 8 1
1 9 11
2 9 11
3 9 11
t 83 123
m0 2 7
m1 0 14
m2 8 1
1 9 12
2 9 12
3 9 12
t 82 123
m0 2 7
m1 0 14
m2 9 1
1 9 11
2 9 11
3 9 11
t 81 124
m0 3 7
m1 0 14
m2 9 0
1 9 12
2 9 12
3 9 12
t 80 125
m0 3 7
m1 0 14
m2 8 0
1 9 11
2 9 11
3 9 11
t 79 125
m0 3 7
m1 0 14
m2 8 1
1 9 12
2 9 12
3 9 12
t 78 125
m0 3 7
m1 0 14
m2 8 2
1 9 11
2 9 11
3 9 11
t 77 125
m0 3 7
m1 0 14
m2 8 2
1 9 12
2 9 12
3 9 12
t 76 125
m0 3 7
m1 0 14
m2 8 3
1 9 13
2 9 13
3 9 13
t 75 125
m0 3 7
m1 0 14
m2 8 3
1 9 12
2 9 12
3 9 12
t 74 125
m0 4 7
m1 0 14
m2 8 2
1 9 13
2 9 13
3 9 13
t 73 125
m0 4 7
m1 0 14
m2 8 2
1 9 12
2 9 12
3 9 12
t 72 125
m0 4 7
m1 0 14
m2 8 2
1 9 13
2 9 13
3 9 13
t 71 125
m0 4 6
m1 0 14
m2 8 2
1 9 12
2 9 12
3 9 12
t 70 125
m0 4 5
m1 0 14
m2 9 2
1 9 12
2 9 12
3 9 12
t 69 149
