10
15
w 1 3
w 6 6
w 7 12
w 4 12
w 2 12
w 3 7
w 7 11
w 5 8
w 6 14
w 1 2
w 6 7
w 8 1
w 5 12
w 1 14
w 6 3
w 4 13
w 4 1
w 6 4
w 3 2
w 0 0
w 8 11
w 9 3
w 1 4
w 3 9
w 1 9
w 8 7
w 3 5
w 7 9
w 7 8
w 5 10
w 6 8
w 8 12
w 5 7
w 2 11
w 3 8
w 0 6
w 3 4
p 5 9
p 4 7
p 8 13
p 9 1
p 4 8
p 3 0
p 9 8
p 8 0
p 8 9
p 6 2
p 1 6
p 0 10
p 9 4
p 2 5
p 1 11
p 0 3
p 7 2
p 8 14
p 4 4
p 8 10
p 2 13
p 7 10
p 0 4
p 3 6
p 8 6
p 1 1
p 9 7
p 4 10
p 7 14
p 7 1
p 1 13
p 2 10
p 0 12
p 0 5
p 2 3
p 1 0
p 0 8
p 2 14
p 6 5
p 5 3
p 4 11
p 9 13
p 0 1
p 7 0
p 3 12
p 7 13
p 0 13
p 1 8
p 8 8
p 4 3
p 1 7
p 0 9
p 5 2
p 0 2
p 9 12
p 8 4
m0 0 14
m1 0 14
m2 0 14
1 9 0
2 9 0
3 9 0
t 300 0
m0 0 14
m1 0 13
m2 0 13
1 8 0
2 8 0
3 8 0
t 299 1
m0 0 13
m1 0 12
m2 1 13
1 9 0
2 9 0
3 9 0
t 298 3
m0 1 13
m1 1 12
m2 2 13
1 8 0
2 8 0
3 8 0
t 297 4
m0 2 13
m1 1 11
m2 2 14
1 9 0
2 9 0
3 9 0
t 296 6
m0 3 13
m1 1 10
m2 3 14
1 8 0
2 8 0
3 8 0
t 295 6
m0 3 13
m1 0 10
m2 3 14
1 9 0
2 9 0
3 9 0
t 294 7
m0 3 13
m1 0 9
m2 3 14
1 8 0
2 8 0
3 8 0
t 293 8
m0 3 13
m1 0 8
m2 3 14
1 9 0
2 9 0
3 9 0
t 292 9
m0 3 13
m1 1 8
m2 3 14
1 8 0
2 8 0
3 8 0
t 291 10
m0 3 12
m1 1 7
m2 3 14
1 9 0
2 9 0
3 9 0
f 5 14
t 290 12
m0 3 11
m1 1 6
m2 3 14
1 8 0
2 8 0
3 8 0
t 289 13
m0 4 11
m1 1 5
m2 3 14
1 9 0
2 9 0
3 9 0
t 288 14
m0 4 10
m1 2 5
m2 3 14
1 8 0
2 8 0
3 8 0
t 287 16
m0 4 9
m1 2 4
m2 3 14
1 9 0
2 9 0
3 9 0
t 286 16
m0 5 9
m1 2 3
m2 3 14
1 8 0
2 8 0
3 8 0
t 285 18
m0 4 9
m1 3 3
m2 3 14
1 9 0
2 9 0
3 9 0
t 284 18
m0 4 8
m1 4 3
m2 3 14
1 8 0
2 8 0
3 8 0
t 283 20
m0 4 7
m1 4 4
m2 3 14
1 9 0
2 9 0
3 9 0
t 282 22
m0 4 6
m1 5 4
m2 3 14
1 8 0
2 8 0
3 8 0
t 281 22
m0 3 6
m1 5 3
m2 3 14
1 9 0
2 9 0
3 9 0
t 280 24
m0 4 6
m1 5 2
m2 3 14
1 8 0
2 8 0
3 8 0
t 279 25
m0 4 6
m1 6 2
m2 3 14
1 9 0
2 9 0
3 9 0
t 278 26
m0 4 6
m1 7 2
m2 3 14
1 8 0
2 8 0
3 8 0
t 277 27
m0 4 6
m1 7 1
m2 3 14
1 9 0
2 9 0
3 9 0
t 276 28
m0 4 6
m1 7 0
m2 3 14
1 8 0
2 8 0
3 8 0
t 275 29
m0 4 6
m1 -5 -5
m2 3 14
1 9 0
2 9 0
3 9 0
t 274 30
m0 4 6
m1 -5 -5
m2 3 14
1 8 0
2 8 0
3 8 0
t 273 30
m0 4 6
m1 -5 -5
m2 3 14
1 9 0
2 9 0
3 9 0
t 272 30
m0 4 6
m1 -5 -5
m2 3 14
1 8 0
2 8 0
3 8 0
t 271 30
m0 4 6
m1 -5 -5
m2 3 14
1 9 0
2 9 0
3 9 0
t 270 30
m0 4 6
m1 -5 -5
m2 3 14
1 8 0
2 8 0
3 8 0
t 269 30
m0 4 6
m1 -5 -5
m2 3 14
1 9 0
2 9 0
3 9 0
t 268 30
m0 4 6
m1 -5 -5
m2 3 14
1 8 0
2 8 0
3 8 0
t 267 30
m0 4 6
m1 -5 -5
m2 3 14
1 9 0
2 9 0
3 9 0
t 266 30
m0 4 6
m1 -5 -5
m2 3 14
1 8 0
2 8 0
3 8 0
t 265 30
m0 4 6
m1 -5 -5
m2 3 14
1 9 0
2 9 0
3 9 0
t 264 30
m0 4 6
m1 -5 -5
m2 3 14
1 8 0
2 8 0
3 8 0
t 263 30
m0 4 6
m1 -5 -5
m2 3 14
1 9 0
2 9 0
3 9 0
t 262 30
m0 4 6
m1 -5 -5
m2 3 14
1 8 0
2 8 0
3 8 0
t 261 30
m0 4 6
m1 -5 -5
m2 3 14
1 9 0
2 9 0
3 9 0
t 260 30
m0 4 6
m1 -5 -5
m2 3 14
1 8 0
2 8 0
3 8 0
t 259 30
m0 4 6
m1 -5 -5
m2 3 14
1 9 0
2 9 0
3 9 0
t 258 30
m0 4 6
m1 -5 -5
m2 3 14
1 8 0
2 8 0
3 8 0
t 257 30
m0 4 6
m1 -5 -5
m2 3 14
1 9 0
2 9 0
3 9 0
t 256 30
m0 4 6
m1 -5 -5
m2 3 14
1 8 0
2 8 0
3 8 0
t 255 30
m0 4 6
m1 -5 -5
m2 3 14
1 9 0
2 9 0
3 9 0
t 254 30
m0 4 6
m1 -5 -5
m2 3 14
1 8 0
2 8 0
3 8 0
t 253 30
m0 4 6
m1 -5 -5
m2 3 14
1 9 0
2 9 0
3 9 0
t 252 30
m0 4 6
m1 -5 -5
m2 3 14
1 8 0
2 8 0
3 8 0
t 251 30
m0 4 6
m1 -5 -5
m2 3 14
1 9 0
2 9 0
3 9 0
t 250 30
m0 4 6
m1 -5 -5
m2 3 14
1 8 0
2 8 0
3 8 0
t 249 30
m0 4 6
m1 -5 -5
m2 3 14
1 9 0
2 9 0
3 9 0
t 248 30
m0 4 6
m1 -5 -5
m2 3 14
1 8 0
2 8 0
3 8 0
t 247 30
m0 4 6
m1 -5 -5
m2 3 14
1 9 0
2 9 0
3 9 0
t 246 30
m0 4 6
m1 -5 -5
m2 3 14
1 8 0
2 8 0
3 8 0
t 245 30
m0 4 6
m1 -5 -5
m2 3 14
1 9 0
2 9 0
3 9 0
t 244 30
m0 4 6
m1 -5 -5
m2 3 14
1 8 0
2 8 0
3 8 0
t 243 30
m0 4 6
m1 -5 -5
m2 3 14
1 9 0
2 9 0
3 9 0
t 242 30
m0 4 6
m1 -5 -5
m2 3 14
1 8 0
2 8 0
3 8 0
t 241 30
m0 4 6
m1 -5 -5
m2 3 14
1 9 0
2 9 0
3 9 0
t 240 30
m0 4 6
m1 -5 -5
m2 3 14
1 8 0
2 8 0
3 8 0
t 239 30
m0 4 6
m1 -5 -5
m2 3 14
1 9 0
2 9 0
3 9 0
t 238 30
m0 4 6
m1 -5 -5
m2 3 14
1 8 0
2 8 0
3 8 0
t 237 30
m0 4 6
m1 -5 -5
m2 3 14
1 9 0
2 9 0
3 9 0
t 236 30
m0 4 6
m1 -5 -5
m2 3 14
1 8 0
2 8 0
3 8 0
t 235 30
m0 4 6
m1 -5 -5
m2 3 14
1 9 0
2 9 0
3 9 0
t 234 30
m0 4 6
m1 -5 -5
m2 3 14
1 8 0
2 8 0
3 8 0
t 233 30
m0 4 6
m1 -5 -5
m2 3 14
1 9 0
2 9 0
3 9 0
t 232 30
m0 4 6
m1 -5 -5
m2 3 14
1 8 0
2 8 0
3 8 0
t 231 30
m0 4 6
m1 -5 -5
m2 3 14
1 9 0
2 9 0
3 9 0
t 230 30
m0 4 6
m1 -5 -5
m2 3 14
1 8 0
2 8 0
3 8 0
t 229 30
m0 4 6
m1 -5 -5
m2 3 14
1 9 0
2 9 0
3 9 0
t 228 30
m0 4 6
m1 -5 -5
m2 3 14
1 8 0
2 8 0
3 8 0
t 227 30
m0 4 6
m1 -5 -5
m2 3 14
1 9 0
2 9 0
3 9 0
t 226 30
m0 4 6
m1 -5 -5
m2 3 14
1 8 0
2 8 0
3 8 0
t 225 30
m0 4 6
m1 -5 -5
m2 3 14
1 9 0
2 9 0
3 9 0
t 224 30
m0 4 6
m1 -5 -5
m2 3 14
1 8 0
2 8 0
3 8 0
t 223 30
m0 4 6
m1 -5 -5
m2 3 14
1 9 0
2 9 0
3 9 0
t 222 30
m0 4 6
m1 -5 -5
m2 3 14
1 8 0
2 8 0
3 8 0
t 221 30
m0 4 6
m1 -5 -5
m2 3 14
1 9 0
2 9 0
3 9 0
t 220 30
m0 4 6
m1 -5 -5
m2 3 14
1 8 0
2 8 0
3 8 0
t 219 30
m0 4 6
m1 -5 -5
m2 3 14
1 9 0
2 9 0
3 9 0
t 218 30
m0 4 6
m1 -5 -5
m2 3 14
1 8 0
2 8 0
3 8 0
t 217 30
m0 4 6
m1 -5 -5
m2 3 14
1 9 0
2 9 0
3 9 0
t 216 30
m0 4 6
m1 -5 -5
m2 3 14
1 8 0
2 8 0
3 8 0
t 215 30
m0 4 6
m1 -5 -5
m2 3 14
1 9 0
2 9 0
3 9 0
t 214 30
m0 4 6
m1 -5 -5
m2 3 14
1 8 0
2 8 0
3 8 0
t 213 30
m0 4 6
m1 -5 -5
m2 3 14
1 9 0
2 9 0
3 9 0
t 212 30
m0 4 6
m1 -5 -5
m2 3 14
1 8 0
2 8 0
3 8 0
t 211 30
m0 4 6
m1 -5 -5
m2 3 14
1 9 0
2 9 0
3 9 0
t 210 30
m0 4 6
m1 -5 -5
m2 3 14
1 8 0
2 8 0
3 8 0
t 209 30
m0 4 6
m1 -5 -5
m2 3 14
1 9 0
2 9 0
3 9 0
t 208 30
m0 4 6
m1 -5 -5
m2 3 14
1 8 0
2 8 0
3 8 0
t 207 30
m0 4 6
m1 -5 -5
m2 3 14
1 9 0
2 9 0
3 9 0
t 206 30
m0 4 6
m1 -5 -5
m2 3 14
1 8 0
2 8 0
3 8 0
t 205 30
m0 4 6
m1 -5 -5
m2 3 14
1 9 0
2 9 0
3 9 0
t 204 30
m0 4 6
m1 -5 -5
m2 3 14
1 8 0
2 8 0
3 8 0
t 203 30
m0 4 6
m1 -5 -5
m2 3 14
1 9 0
2 9 0
3 9 0
t 202 30
m0 4 6
m1 -5 -5
m2 3 14
1 8 0
2 8 0
3 8 0
t 201 30
m0 4 6
m1 -5 -5
m2 3 14
1 9 0
2 9 0
3 9 0
t 200 30
m0 4 6
m1 -5 -5
m2 3 14
1 8 0
2 8 0
3 8 0
t 199 30
m0 4 6
m1 -5 -5
m2 3 14
1 9 0
2 9 0
3 9 0
t 198 30
m0 4 6
m1 -5 -5
m2 3 14
1 8 0
2 8 0
3 8 0
t 197 30
m0 4 6
m1 -5 -5
m2 3 14
1 9 0
2 9 0
3 9 0
t 196 30
m0 4 6
m1 -5 -5
m2 3 14
1 8 0
2 8 0
3 8 0
t 195 30
m0 4 6
m1 -5 -5
m2 3 14
1 9 0
2 9 0
3 9 0
t 194 30
m0 4 6
m1 -5 -5
m2 3 14
1 8 0
2 8 0
3 8 0
t 193 30
m0 4 6
m1 -5 -5
m2 3 14
1 9 0
2 9 0
3 9 0
t 192 30
m0 4 6
m1 -5 -5
m2 3 14
1 8 0
2 8 0
3 8 0
t 191 30
m0 4 6
m1 -5 -5
m2 3 14
1 9 0
2 9 0
3 9 0
t 190 30
m0 4 6
m1 -5 -5
m2 3 14
1 8 0
2 8 0
3 8 0
t 189 30
m0 4 6
m1 -5 -5
m2 3 14
1 9 0
2 9 0
3 9 0
t 188 30
m0 4 6
m1 -5 -5
m2 3 14
1 8 0
2 8 0
3 8 0
t 187 30
m0 4 6
m1 -5 -5
m2 3 14
1 9 0
2 9 0
3 9 0
t 186 30
m0 4 6
m1 -5 -5
m2 3 14
1 8 0
2 8 0
3 8 0
t 185 30
m0 4 6
m1 -5 -5
m2 3 14
1 9 0
2 9 0
3 9 0
t 184 30
m0 4 6
m1 -5 -5
m2 3 14
1 8 0
2 8 0
3 8 0
t 183 30
m0 4 6
m1 -5 -5
m2 3 14
1 9 0
2 9 0
3 9 0
t 182 30
m0 4 6
m1 -5 -5
m2 3 14
1 8 0
2 8 0
3 8 0
t 181 30
m0 4 6
m1 -5 -5
m2 3 14
1 9 0
2 9 0
3 9 0
t 180 30
m0 4 6
m1 -5 -5
m2 3 14
1 8 0
2 8 0
3 8 0
t 179 30
m0 4 6
m1 -5 -5
m2 3 14
1 9 0
2 9 0
3 9 0
t 178 30
m0 4 6
m1 -5 -5
m2 3 14
1 8 0
2 8 0
3 8 0
t 177 30
m0 4 6
m1 -5 -5
m2 3 14
1 9 0
2 9 0
3 9 0
t 176 30
m0 4 6
m1 -5 -5
m2 3 14
1 8 0
2 8 0
3 8 0
t 175 30
m0 4 6
m1 -5 -5
m2 3 14
1 9 0
2 9 0
3 9 0
t 174 30
m0 4 6
m1 -5 -5
m2 3 14
1 8 0
2 8 0
3 8 0
t 173 30
m0 4 6
m1 -5 -5
m2 3 14
1 9 0
2 9 0
3 9 0
t 172 30
m0 4 6
m1 -5 -5
m2 3 14
1 8 0
2 8 0
3 8 0
t 171 30
m0 4 6
m1 -5 -5
m2 3 14
1 9 0
2 9 0
3 9 0
t 170 30
m0 4 6
m1 -5 -5
m2 3 14
1 8 0
2 8 0
3 8 0
t 169 30
m0 4 6
m1 -5 -5
m2 3 14
1 9 0
2 9 0
3 9 0
t 168 30
m0 4 6
m1 -5 -5
m2 3 14
1 8 0
2 8 0
3 8 0
t 167 30
m0 4 6
m1 -5 -5
m2 3 14
1 9 0
2 9 0
3 9 0
t 166 30
m0 4 6
m1 -5 -5
m2 3 14
1 8 0
2 8 0
3 8 0
t 165 30
m0 4 6
m1 -5 -5
m2 3 14
1 9 0
2 9 0
3 9 0
t 164 30
m0 4 6
m1 -5 -5
m2 3 14
1 8 0
2 8 0
3 8 0
t 163 30
m0 4 6
m1 -5 -5
m2 3 14
1 9 0
2 9 0
3 9 0
t 162 30
m0 4 6
m1 -5 -5
m2 3 14
1 8 0
2 8 0
3 8 0
t 161 30
m0 4 6
m1 -5 -5
m2 3 14
1 9 0
2 9 0
3 9 0
t 160 30
m0 4 6
m1 -5 -5
m2 3 14
1 8 0
2 8 0
3 8 0
t 159 30
m0 4 6
m1 -5 -5
m2 3 14
1 9 0
2 9 0
3 9 0
t 158 30
m0 4 6
m1 -5 -5
m2 3 14
1 8 0
2 8 0
3 8 0
t 157 30
m0 4 6
m1 -5 -5
m2 3 14
1 9 0
2 9 0
3 9 0
t 156 30
m0 4 6
m1 -5 -5
m2 3 14
1 8 0
2 8 0
3 8 0
t 155 30
m0 4 6
m1 -5 -5
m2 3 14
1 9 0
2 9 0
3 9 0
t 154 30
m0 4 6
m1 -5 -5
m2 3 14
1 8 0
2 8 0
3 8 0
t 153 30
m0 4 6
m1 -5 -5
m2 3 14
1 9 0
2 9 0
3 9 0
t 152 30
m0 4 6
m1 -5 -5
m2 3 14
1 8 0
2 8 0
3 8 0
t 151 30
m0 4 6
m1 -5 -5
m2 3 14
1 9 0
2 9 0
3 9 0
t 150 30
m0 4 6
m1 -5 -5
m2 3 14
1 8 0
2 8 0
3 8 0
t 149 30
m0 4 6
m1 -5 -5
m2 3 14
1 9 0
2 9 0
3 9 0
t 148 30
m0 4 6
m1 -5 -5
m2 3 14
1 8 0
2 8 0
3 8 0
t 147 30
m0 4 6
m1 -5 -5
m2 3 14
1 9 0
2 9 0
3 9 0
t 146 30
m0 4 6
m1 -5 -5
m2 3 14
1 8 0
2 8 0
3 8 0
t 145 30
m0 4 6
m1 -5 -5
m2 3 14
1 9 0
2 9 0
3 9 0
t 144 30
m0 4 6
m1 -5 -5
m2 3 14
1 8 0
2 8 0
3 8 0
t 143 30
m0 4 6
m1 -5 -5
m2 3 14
1 9 0
2 9 0
3 9 0
t 142 30
m0 4 6
m1 -5 -5
m2 3 14
1 8 0
2 8 0
3 8 0
t 141 30
m0 4 6
m1 -5 -5
m2 3 14
1 9 0
2 9 0
3 9 0
t 140 30
m0 4 6
m1 -5 -5
m2 3 14
1 8 0
2 8 0
3 8 0
t 139 30
m0 4 6
m1 -5 -5
m2 3 14
1 9 0
2 9 0
3 9 0
t 138 30
m0 4 6
m1 -5 -5
m2 3 14
1 8 0
2 8 0
3 8 0
t 137 30
m0 4 6
m1 -5 -5
m2 3 14
1 9 0
2 9 0
3 9 0
t 136 30
m0 4 6
m1 -5 -5
m2 3 14
1 8 0
2 8 0
3 8 0
t 135 30
m0 4 6
m1 -5 -5
m2 3 14
1 9 0
2 9 0
3 9 0
t 134 30
m0 4 6
m1 -5 -5
m2 3 14
1 8 0
2 8 0
3 8 0
t 133 30
m0 4 6
m1 -5 -5
m2 3 14
1 9 0
2 9 0
3 9 0
t 132 30
m0 4 6
m1 -5 -5
m2 3 14
1 8 0
2 8 0
3 8 0
t 131 30
m0 4 6
m1 -5 -5
m2 3 14
1 9 0
2 9 0
3 9 0
t 130 30
m0 4 6
m1 -5 -5
m2 3 14
1 8 0
2 8 0
3 8 0
t 129 30
m0 4 6
m1 -5 -5
m2 3 14
1 9 0
2 9 0
3 9 0
t 128 30
m0 4 6
m1 -5 -5
m2 3 14
1 8 0
2 8 0
3 8 0
t 127 30
m0 4 6
m1 -5 -5
m2 3 14
1 9 0
2 9 0
3 9 0
t 126 30
m0 4 6
m1 -5 -5
m2 3 14
1 8 0
2 8 0
3 8 0
t 125 30
m0 4 6
m1 -5 -5
m2 3 14
1 9 0
2 9 0
3 9 0
t 124 30
m0 4 6
m1 -5 -5
m2 3 14
1 8 0
2 8 0
3 8 0
t 123 30
m0 4 6
m1 -5 -5
m2 3 14
1 9 0
2 9 0
3 9 0
t 122 30
m0 4 6
m1 -5 -5
m2 3 14
1 8 0
2 8 0
3 8 0
t 121 30
m0 4 6
m1 -5 -5
m2 3 14
1 9 0
2 9 0
3 9 0
t 120 30
m0 4 6
m1 -5 -5
m2 3 14
1 8 0
2 8 0
3 8 0
t 119 30
m0 4 6
m1 -5 -5
m2 3 14
1 9 0
2 9 0
3 9 0
t 118 30
m0 4 6
m1 -5 -5
m2 3 14
1 8 0
2 8 0
3 8 0
t 117 30
m0 4 6
m1 -5 -5
m2 3 14
1 9 0
2 9 0
3 9 0
t 116 30
m0 4 6
m1 -5 -5
m2 3 14
1 8 0
2 8 0
3 8 0
t 115 30
m0 4 6
m1 -5 -5
m2 3 14
1 9 0
2 9 0
3 9 0
t 114 30
m0 4 6
m1 -5 -5
m2 3 14
1 8 0
2 8 0
3 8 0
t 113 30
m0 4 6
m1 -5 -5
m2 3 14
1 9 0
2 9 0
3 9 0
t 112 30
m0 4 6
m1 -5 -5
m2 3 14
1 8 0
2 8 0
3 8 0
t 111 30
m0 4 6
m1 -5 -5
m2 3 14
1 9 0
2 9 0
3 9 0
t 110 30
m0 4 6
m1 -5 -5
m2 3 14
1 8 0
2 8 0
3 8 0
t 109 30
m0 4 6
m1 -5 -5
m2 3 14
1 9 0
2 9 0
3 9 0
t 108 30
m0 4 6
m1 -5 -5
m2 3 14
1 8 0
2 8 0
3 8 0
t 107 30
m0 4 6
m1 -5 -5
m2 3 14
1 9 0
2 9 0
3 9 0
t 106 30
m0 4 6
m1 -5 -5
m2 3 14
1 8 0
2 8 0
3 8 0
t 105 30
m0 4 6
m1 -5 -5
m2 3 14
1 9 0
2 9 0
3 9 0
t 104 30
m0 4 6
m1 -5 -5
m2 3 14
1 8 0
2 8 0
3 8 0
t 103 30
m0 4 6
m1 -5 -5
m2 3 14
1 9 0
2 9 0
3 9 0
t 102 30
m0 4 6
m1 -5 -5
m2 3 14
1 8 0
2 8 0
3 8 0
t 101 30
m0 4 6
m1 -5 -5
m2 3 14
1 9 0
2 9 0
3 9 0
t 100 30
m0 4 6
m1 -5 -5
m2 3 14
1 8 0
2 8 0
3 8 0
t 99 30
m0 4 6
m1 -5 -5
m2 3 14
1 9 0
2 9 0
3 9 0
t 98 30
m0 4 6
m1 -5 -5
m2 3 14
1 8 0
2 8 0
3 8 0
t 97 30
m0 4 6
m1 -5 -5
m2 3 14
1 9 0
2 9 0
3 9 0
t 96 30
m0 4 6
m1 -5 -5
m2 3 14
1 8 0
2 8 0
3 8 0
t 95 30
m0 4 6
m1 -5 -5
m2 3 14
1 9 0
2 9 0
3 9 0
t 94 30
m0 4 6
m1 -5 -5
m2 3 14
1 8 0
2 8 0
3 8 0
t 93 30
m0 4 6
m1 -5 -5
m2 3 14
1 9 0
2 9 0
3 9 0
t 92 30
m0 4 6
m1 -5 -5
m2 3 14
1 8 0
2 8 0
3 8 0
t 91 30
m0 4 6
m1 -5 -5
m2 3 14
1 9 0
2 9 0
3 9 0
t 90 30
m0 4 6
m1 -5 -5
m2 3 14
1 8 0
2 8 0
3 8 0
t 89 30
m0 4 6
m1 -5 -5
m2 3 14
1 9 0
2 9 0
3 9 0
t 88 30
m0 4 6
m1 -5 -5
m2 3 14
1 8 0
2 8 0
3 8 0
t 87 30
m0 4 6
m1 -5 -5
m2 3 14
1 9 0
2 9 0
3 9 0
t 86 30
m0 4 6
m1 -5 -5
m2 3 14
1 8 0
2 8 0
3 8 0
t 85 30
m0 4 6
m1 -5 -5
m2 3 14
1 9 0
2 9 0
3 9 0
t 84 30
m0 4 6
m1 -5 -5
m2 3 14
1 8 0
2 8 0
3 8 0
t 83 30
m0 4 6
m1 -5 -5
m2 3 14
1 9 0
2 9 0
3 9 0
t 82 30
m0 4 6
m1 -5 -5
m2 3 14
1 8 0
2 8 0
3 8 0
t 81 30
m0 4 6
m1 -5 -5
m2 3 14
1 9 0
2 9 0
3 9 0
t 80 30
m0 4 6
m1 -5 -5
m2 3 14
1 8 0
2 8 0
3 8 0
t 79 30
m0 4 6
m1 -5 -5
m2 3 14
1 9 0
2 9 0
3 9 0
t 78 30
m0 4 6
m1 -5 -5
m2 3 14
1 8 0
2 8 0
3 8 0
t 77 30
m0 4 6
m1 -5 -5
m2 3 14
1 9 0
2 9 0
3 9 0
t 76 30
m0 4 6
m1 -5 -5
m2 3 14
1 8 0
2 8 0
3 8 0
t 75 30
m0 4 6
m1 -5 -5
m2 3 14
1 9 0
2 9 0
3 9 0
t 74 30
m0 4 6
m1 -5 -5
m2 3 14
1 8 0
2 8 0
3 8 0
t 73 30
m0 4 6
m1 -5 -5
m2 3 14
1 9 0
2 9 0
3 9 0
t 72 30
m0 4 6
m1 -5 -5
m2 3 14
1 8 0
2 8 0
3 8 0
t 71 30
m0 4 6
m1 -5 -5
m2 3 14
1 9 0
2 9 0
3 9 0
t 70 30
m0 4 6
m1 -5 -5
m2 3 14
1 8 0
2 8 0
3 8 0
t 69 30
m0 4 6
m1 -5 -5
m2 3 14
1 9 0
2 9 0
3 9 0
t 68 30
m0 4 6
m1 -5 -5
m2 3 14
1 8 0
2 8 0
3 8 0
t 67 30
m0 4 6
m1 -5 -5
m2 3 14
1 9 0
2 9 0
3 9 0
t 66 30
m0 4 6
m1 -5 -5
m2 3 14
1 8 0
2 8 0
3 8 0
t 65 30
m0 4 6
m1 -5 -5
m2 3 14
1 9 0
2 9 0
3 9 0
t 64 30
m0 4 6
m1 -5 -5
m2 3 14
1 8 0
2 8 0
3 8 0
t 63 30
m0 4 6
m1 -5 -5
m2 3 14
1 9 0
2 9 0
3 9 0
t 62 30
m0 4 6
m1 -5 -5
m2 3 14
1 8 0
2 8 0
3 8 0
t 61 30
m0 4 6
m1 -5 -5
m2 3 14
1 9 0
2 9 0
3 9 0
t 60 30
m0 4 6
m1 -5 -5
m2 3 14
1 8 0
2 8 0
3 8 0
t 59 30
m0 4 6
m1 -5 -5
m2 3 14
1 9 0
2 9 0
3 9 0
t 58 30
m0 4 6
m1 -5 -5
m2 3 14
1 8 0
2 8 0
3 8 0
t 57 30
m0 4 6
m1 -5 -5
m2 3 14
1 9 0
2 9 0
3 9 0
t 56 30
m0 4 6
m1 -5 -5
m2 3 14
1 8 0
2 8 0
3 8 0
t 55 30
m0 4 6
m1 -5 -5
m2 3 14
1 9 0
2 9 0
3 9 0
t 54 30
m0 4 6
m1 -5 -5
m2 3 14
1 8 0
2 8 0
3 8 0
t 53 30
m0 4 6
m1 -5 -5
m2 3 14
1 9 0
2 9 0
3 9 0
t 52 30
m0 4 6
m1 -5 -5
m2 3 14
1 8 0
2 8 0
3 8 0
t 51 30
m0 4 6
m1 -5 -5
m2 3 14
1 9 0
2 9 0
3 9 0
t 50 30
m0 4 6
m1 -5 -5
m2 3 14
1 8 0
2 8 0
3 8 0
t 49 30
m0 4 6
m1 -5 -5
m2 3 14
1 9 0
2 9 0
3 9 0
t 48 30
m0 4 6
m1 -5 -5
m2 3 14
1 8 0
2 8 0
3 8 0
t 47 30
m0 4 6
m1 -5 -5
m2 3 14
1 9 0
2 9 0
3 9 0
t 46 30
m0 4 6
m1 -5 -5
m2 3 14
1 8 0
2 8 0
3 8 0
t 45 30
m0 4 6
m1 -5 -5
m2 3 14
1 9 0
2 9 0
3 9 0
t 44 30
m0 4 6
m1 -5 -5
m2 3 14
1 8 0
2 8 0
3 8 0
t 43 30
m0 4 6
m1 -5 -5
m2 3 14
1 9 0
2 9 0
3 9 0
t 42 30
m0 4 6
m1 -5 -5
m2 3 14
1 8 0
2 8 0
3 8 0
t 41 30
m0 4 6
m1 -5 -5
m2 3 14
1 9 0
2 9 0
3 9 0
t 40 30
m0 4 6
m1 -5 -5
m2 3 14
1 8 0
2 8 0
3 8 0
t 39 30
m0 4 6
m1 -5 -5
m2 3 14
1 9 0
2 9 0
3 9 0
t 38 30
m0 4 6
m1 -5 -5
m2 3 14
1 8 0
2 8 0
3 8 0
t 37 30
m0 4 6
m1 -5 -5
m2 3 14
1 9 0
2 9 0
3 9 0
t 36 30
m0 4 6
m1 -5 -5
m2 3 14
1 8 0
2 8 0
3 8 0
t 35 30
m0 4 6
m1 -5 -5
m2 3 14
1 9 0
2 9 0
3 9 0
t 34 30
m0 4 6
m1 -5 -5
m2 3 14
1 8 0
2 8 0
3 8 0
t 33 30
m0 4 6
m1 -5 -5
m2 3 14
1 9 0
2 9 0
3 9 0
t 32 30
m0 4 6
m1 -5 -5
m2 3 14
1 8 0
2 8 0
3 8 0
t 31 30
m0 4 6
m1 -5 -5
m2 3 14
1 9 0
2 9 0
3 9 0
t 30 30
m0 4 6
m1 -5 -5
m2 3 14
1 8 0
2 8 0
3 8 0
t 29 30
m0 4 6
m1 -5 -5
m2 3 14
1 9 0
2 9 0
3 9 0
t 28 30
m0 4 6
m1 -5 -5
m2 3 14
1 8 0
2 8 0
3 8 0
t 27 30
m0 4 6
m1 -5 -5
m2 3 14
1 9 0
2 9 0
3 9 0
t 26 30
m0 4 6
m1 -5 -5
m2 3 14
1 8 0
2 8 0
3 8 0
t 25 30
m0 4 6
m1 -5 -5
m2 3 14
1 9 0
2 9 0
3 9 0
t 24 30
m0 4 6
m1 -5 -5
m2 3 14
1 8 0
2 8 0
3 8 0
t 23 30
m0 4 6
m1 -5 -5
m2 3 14
1 9 0
2 9 0
3 9 0
t 22 30
m0 4 6
m1 -5 -5
m2 3 14
1 8 0
2 8 0
3 8 0
t 21 30
m0 4 6
m1 -5 -5
m2 3 14
1 9 0
2 9 0
3 9 0
t 20 30
m0 4 6
m1 -5 -5
m2 3 14
1 8 0
2 8 0
3 8 0
t 19 30
m0 4 6
m1 -5 -5
m2 3 14
1 9 0
2 9 0
3 9 0
t 18 30
m0 4 6
m1 -5 -5
m2 3 14
1 8 0
2 8 0
3 8 0
t 17 30
m0 4 6
m1 -5 -5
m2 3 14
1 9 0
2 9 0
3 9 0
t 16 30
m0 4 6
m1 -5 -5
m2 3 14
1 8 0
2 8 0
3 8 0
t 15 30
m0 4 6
m1 -5 -5
m2 3 14
1 9 0
2 9 0
3 9 0
t 14 30
m0 4 6
m1 -5 -5
m2 3 14
1 8 0
2 8 0
3 8 0
t 13 30
m0 4 6
m1 -5 -5
m2 3 14
1 9 0
2 9 0
3 9 0
t 12 30
m0 4 6
m1 -5 -5
m2 3 14
1 8 0
2 8 0
3 8 0
t 11 30
m0 4 6
m1 -5 -5
m2 3 14
1 9 0
2 9 0
3 9 0
t 10 30
m0 4 6
m1 -5 -5
m2 3 14
1 8 0
2 8 0
3 8 0
t 9 30
m0 4 6
m1 -5 -5
m2 3 14
1 9 0
2 9 0
3 9 0
t 8 30
m0 4 6
m1 -5 -5
m2 3 14
1 8 0
2 8 0
3 8 0
t 7 30
m0 4 6
m1 -5 -5
m2 3 14
1 9 0
2 9 0
3 9 0
t 6 30
m0 4 6
m1 -5 -5
m2 3 14
1 8 0
2 8 0
3 8 0
t 5 30
m0 4 6
m1 -5 -5
m2 3 14
1 9 0
2 9 0
3 9 0
t 4 30
m0 4 6
m1 -5 -5
m2 3 14
1 8 0
2 8 0
3 8 0
t 3 30
m0 4 6
m1 -5 -5
m2 3 14
1 9 0
2 9 0
3 9 0
t 2 30
m0 4 6
m1 -5 -5
m2 3 14
1 8 0
2 8 0
3 8 0
t 1 30
m0 4 6
m1 -5 -5
m2 3 14
1 8 0
2 8 0
3 8 0
t 0 30
