10
15
w 6 9
w 6 6
w 5 6
w 7 12
w 9 4
w 5 1
w 0 3
w 3 14
w 6 7
w 4 9
w 5 5
w 3 10
w 5 12
w 6 10
w 7 6
w 1 5
w 9 11
w 2 2
w 1 10
w 1 1
w 9 7
w 3 2
w 9 14
w 7 1
w 0 8
w 7 9
w 9 13
w 4 6
w 9 2
w 6 1
w 7 13
w 9 9
w 7 4
w 5 14
w 1 7
w 3 4
w 9 12
p 7 3
p 4 7
p 8 13
p 2 8
p 8 0
p 7 7
p 6 2
p 2 12
p 3 7
p 7 11
p 2 5
p 1 11
p 8 5
p 7 2
p 6 14
p 1 2
p 8 14
p 2 4
p 3 3
p 2 9
p 4 4
p 8 10
p 0 11
p 5 0
p 4 10
p 6 4
p 5 11
p 1 13
p 9 3
p 6 0
p 4 14
p 2 10
p 0 12
p 7 5
p 0 5
p 1 9
p 6 12
p 1 0
p 2 14
p 9 6
p 3 5
p 2 7
p 0 1
p 8 3
p 3 12
p 6 8
p 8 12
p 5 7
p 3 8
p 0 6
p 6 13
p 4 3
p 0 9
p 9 5
p 0 2
p 8 4
m0 0 14
m1 0 14
m2 0 14
1 9 0
2 9 0
3 9 0
t 300 0
m0 1 14
m1 1 14
m2 1 14
1 8 0
2 8 0
3 8 0
t 299 0
m0 2 14
m1 2 14
m2 2 14
1 9 0
2 9 0
3 9 0
t 298 1
m0 2 13
m1 2 14
m2 2 13
1 8 0
2 8 0
3 8 0
t 297 1
m0 3 13
m1 2 13
m2 3 13
1 9 0
2 9 0
3 9 0
t 296 1
m0 4 13
m1 1 13
m2 4 13
1 8 0
2 8 0
3 8 0
t 295 2
m0 5 13
m1 0 13
m2 5 13
1 9 0
2 9 0
3 9 0
t 294 2
m0 6 13
m1 0 12
m2 6 13
1 8 0
2 8 0
3 8 0
t 293 4
m0 6 12
m1 0 11
m2 6 12
1 9 0
2 9 0
3 9 0
t 292 6
m0 6 11
m1 0 11
m2 6 11
1 8 0
2 8 0
3 8 0
t 291 6
m0 7 11
m1 1 11
m2 7 11
1 9 0
2 9 0
3 9 0
t 290 8
m0 8 11
m1 1 12
m2 8 11
1 8 0
2 8 0
3 8 0
t 289 8
m0 8 10
m1 1 12
m2 8 10
1 9 0
2 9 0
3 9 0
t 288 9
m0 9 10
m1 1 11
m2 9 10
1 8 0
2 8 0
3 8 0
f 0 0
t 287 9
m0 8 10
m1 1 12
m2 8 10
1 9 0
2 9 0
3 9 0
t 286 9
m0 9 10
m1 2 12
m2 9 10
1 8 0
2 8 0
3 8 0
t 285 10
m0 8 10
m1 2 12
m2 8 10
1 9 0
2 9 0
3 9 0
t 284 10
m0 9 10
m1 2 13
m2 9 10
1 8 0
2 8 0
3 8 0
t 283 10
m0 8 10
m1 2 12
m2 8 10
1 9 0
2 9 0
3 9 0
t 282 10
m0 9 10
m1 2 13
m2 9 10
1 8 0
2 8 0
3 8 0
t 281 10
m0 8 10
m1 2 12
m2 8 10
1 9 0
2 9 0
3 9 0
t 280 10
m0 9 10
m1 2 11
m2 9 10
1 8 0
2 8 0
3 8 0
t 279 10
m0 8 10
m1 2 10
m2 8 10
1 9 0
2 9 0
3 9 0
t 278 11
m0 9 10
m1 2 9
m2 9 10
1 8 0
2 8 0
3 8 0
t 277 12
m0 8 10
m1 3 9
m2 8 10
1 9 0
2 9 0
3 9 0
t 276 12
m0 9 10
m1 3 8
m2 9 10
1 8 0
2 8 0
3 8 0
t 275 13
m0 8 10
m1 4 8
m2 8 10
1 9 0
2 9 0
3 9 0
t 274 13
m0 9 10
m1 3 8
m2 9 10
1 8 0
2 8 0
3 8 0
t 273 13
m0 8 10
m1 3 8
m2 8 10
1 9 0
2 9 0
3 9 0
t 272 13
m0 9 10
m1 3 8
m2 9 10
1 8 0
2 8 0
3 8 0
t 271 13
m0 8 10
m1 3 7
m2 8 10
1 9 0
2 9 0
3 9 0
t 270 14
m0 9 10
m1 3 7
m2 9 10
1 8 0
2 8 0
3 8 0
t 269 14
m0 8 10
m1 3 8
m2 8 10
1 9 0
2 9 0
3 9 0
t 268 14
m0 9 10
m1 2 8
m2 9 10
1 8 0
2 8 0
3 8 0
t 267 15
m0 8 10
m1 2 7
m2 8 10
1 9 0
2 9 0
3 9 0
t 266 16
m0 9 10
m1 3 7
m2 9 10
1 8 0
2 8 0
3 8 0
t 265 16
m0 8 10
m1 3 6
m2 8 10
1 9 0
2 9 0
3 9 0
t 264 16
m0 9 10
m1 3 5
m2 9 10
1 8 0
2 8 0
3 8 0
t 263 17
m0 8 10
m1 3 5
m2 8 10
1 9 0
2 9 0
3 9 0
t 262 17
m0 9 10
m1 3 5
m2 9 10
1 8 0
2 8 0
3 8 0
t 261 17
m0 8 10
m1 2 5
m2 8 10
1 9 0
2 9 0
3 9 0
t 260 18
m0 9 10
m1 3 5
m2 9 10
1 8 0
2 8 0
3 8 0
t 259 18
m0 8 10
m1 4 5
m2 8 10
1 9 0
2 9 0
3 9 0
t 258 18
m0 9 10
m1 4 4
m2 9 10
1 8 0
2 8 0
3 8 0
t 257 19
m0 8 10
m1 5 4
m2 8 10
1 9 0
2 9 0
3 9 0
t 256 19
m0 9 10
m1 6 4
m2 9 10
1 8 0
2 8 0
3 8 0
t 255 20
m0 8 10
m1 6 4
m2 8 10
1 9 0
2 9 0
3 9 0
t 254 20
m0 9 10
m1 6 3
m2 9 10
1 8 0
2 8 0
3 8 0
t 253 20
m0 8 10
m1 6 4
m2 8 10
1 9 0
2 9 0
3 9 0
t 252 20
m0 9 10
m1 6 3
m2 9 10
1 8 0
2 8 0
3 8 0
t 251 20
m0 8 10
m1 6 2
m2 8 10
1 9 0
2 9 0
3 9 0
t 250 21
m0 9 10
m1 7 2
m2 9 10
1 8 0
2 8 0
3 8 0
t 249 22
m0 8 10
m1 8 2
m2 8 10
1 9 0
2 9 0
3 9 0
t 248 22
m0 9 10
m1 8 1
m2 9 10
1 8 0
2 8 0
3 8 0
t 247 22
m0 8 10
m1 9 1
m2 8 10
1 7 0
2 7 0
3 7 0
t 246 22
m0 8 9
m1 9 0
m2 8 9
1 6 0
2 6 0
3 6 0
t 245 22
m0 8 8
m1 8 0
m2 8 8
1 5 0
2 5 0
3 5 0
t 244 23
m0 8 7
m1 7 0
m2 8 7
1 4 0
2 4 0
3 4 0
t 243 23
m0 8 6
m1 8 0
m2 8 6
1 3 0
2 3 0
3 3 0
t 242 23
m0 8 5
m1 9 0
m2 8 5
1 2 0
2 2 0
3 2 0
t 241 24
m0 8 4
m1 9 0
m2 8 4
1 1 0
2 1 0
3 1 0
t 240 25
m0 8 3
m1 8 0
m2 8 3
1 0 0
2 0 0
3 0 0
t 239 26
m0 8 2
m1 7 0
m2 8 2
1 0 1
2 0 1
3 0 1
t 238 26
m0 8 1
m1 6 0
m2 8 1
1 0 2
2 0 2
3 0 2
t 237 27
m0 8 2
m1 7 0
m2 8 2
1 0 1
2 0 1
3 0 1
t 236 27
m0 8 1
m1 6 0
m2 8 1
1 0 2
2 0 2
3 0 2
t 235 27
m0 8 2
m1 7 0
m2 8 2
1 0 1
2 0 1
3 0 1
t 234 27
m0 8 1
m1 7 0
m2 8 1
1 0 2
2 0 2
3 0 2
t 233 27
m0 8 2
m1 6 0
m2 8 2
1 1 2
2 1 2
3 1 2
t 232 27
m0 7 2
m1 5 0
m2 7 2
1 0 2
2 0 2
3 0 2
t 231 28
m0 6 2
m1 4 0
m2 6 2
1 1 2
2 1 2
3 1 2
t 230 28
m0 5 2
m1 4 1
m2 5 2
1 0 2
2 0 2
3 0 2
t 229 28
m0 4 2
m1 4 2
m2 4 2
1 0 1
2 0 1
3 0 1
t 228 28
m0 4 1
m1 4 2
m2 4 1
1 0 0
2 0 0
3 0 0
t 227 28
m0 4 0
m1 4 1
m2 4 0
1 0 1
2 0 1
3 0 1
t 226 28
m0 4 1
m1 3 1
m2 4 1
1 0 0
2 0 0
3 0 0
t 225 28
m0 3 1
m1 3 1
m2 3 1
1 1 0
2 1 0
3 1 0
t 224 28
m0 3 0
m1 3 0
m2 3 0
1 0 0
2 0 0
3 0 0
t 223 28
m0 2 0
m1 2 0
m2 2 0
1 0 1
2 0 1
3 0 1
t 222 28
m0 1 0
m1 1 0
m2 1 0
1 0 2
2 0 2
3 0 2
t 221 29
m0 0 0
m1 0 0
m2 0 0
1 1 2
2 1 2
3 1 2
t 220 39
m0 1 0
m1 1 0
m2 1 0
1 0 2
2 0 2
3 0 2
t 219 39
m0 0 0
m1 0 0
m2 0 0
1 1 2
2 1 2
3 1 2
t 218 39
m0 1 0
m1 1 0
m2 1 0
1 0 2
2 0 2
3 0 2
t 217 39
m0 0 0
m1 0 0
m2 0 0
1 1 2
2 1 2
3 1 2
t 216 39
m0 1 0
m1 1 0
m2 1 0
1 0 2
2 0 2
3 0 2
t 215 39
m0 0 0
m1 0 0
m2 0 0
1 1 2
2 1 2
3 1 2
t 214 39
m0 1 0
m1 1 0
m2 1 0
1 0 2
2 0 2
3 0 2
t 213 39
m0 0 0
m1 0 0
m2 0 0
1 1 2
2 1 2
3 1 2
t 212 39
m0 1 0
m1 1 0
m2 1 0
1 0 2
2 0 2
3 0 2
t 211 39
m0 0 0
m1 0 0
m2 0 0
1 1 2
2 1 2
3 1 2
t 210 39
m0 1 0
m1 1 0
m2 1 0
1 0 2
2 0 2
3 0 2
t 209 39
m0 0 0
m1 0 0
m2 0 0
1 1 2
2 1 2
3 1 2
t 208 49
m0 1 0
m1 1 0
m2 1 0
1 0 2
2 0 2
3 0 2
t 207 49
m0 0 0
m1 0 0
m2 0 0
1 1 2
2 1 2
3 1 2
t 206 49
m0 1 0
m1 1 0
m2 1 0
1 0 2
2 0 2
3 0 2
t 205 49
m0 0 0
m1 1 0
m2 0 0
1 1 2
2 1 2
3 1 2
f 2 1
t 204 49
m0 1 0
m1 2 0
m2 1 0
1 0 2
2 0 2
3 0 2
t 203 49
m0 0 0
m1 1 0
m2 0 0
1 1 2
2 1 2
3 1 2
t 202 49
m0 1 0
m1 2 0
m2 1 0
1 0 2
2 0 2
3 0 2
t 201 49
m0 0 0
m1 1 0
m2 0 0
1 1 2
2 1 2
3 1 2
t 200 49
m0 1 0
m1 2 0
m2 1 0
1 0 2
2 0 2
3 0 2
t 199 49
m0 0 0
m1 2 0
m2 2 0
1 1 2
2 1 2
3 1 2
t 198 49
m0 1 0
m1 1 0
m2 1 0
1 0 2
2 0 2
3 0 2
t 197 49
m0 0 0
m1 1 0
m2 0 0
1 1 2
2 1 2
3 1 2
t 196 49
m0 1 0
m1 2 0
m2 1 0
1 0 2
2 0 2
3 0 2
t 195 49
m0 0 0
m1 1 0
m2 0 0
1 1 2
2 1 2
3 1 2
t 194 49
m0 1 0
m1 2 0
m2 1 0
1 0 2
2 0 2
3 0 2
t 193 49
m0 0 0
m1 1 0
m2 0 0
1 1 2
2 1 2
3 1 2
t 192 49
m0 1 0
m1 2 0
m2 1 0
1 0 2
2 0 2
3 0 2
t 191 49
m0 0 0
m1 1 0
m2 0 0
1 1 2
2 1 2
3 1 2
t 190 49
m0 1 0
m1 2 0
m2 1 0
1 0 2
2 0 2
3 0 2
t 189 49
m0 0 0
m1 1 0
m2 0 0
1 1 2
2 1 2
3 1 2
t 188 49
m0 1 0
m1 2 0
m2 1 0
1 0 2
2 0 2
3 0 2
t 187 49
m0 0 0
m1 1 0
m2 0 0
1 1 2
2 1 2
3 1 2
t 186 49
m0 1 0
m1 2 0
m2 1 0
1 0 2
2 0 2
3 0 2
t 185 49
m0 0 0
m1 1 0
m2 0 0
1 1 2
2 1 2
3 1 2
t 184 49
m0 1 0
m1 2 0
m2 1 0
1 0 2
2 0 2
3 0 2
t 183 49
m0 0 0
m1 1 0
m2 0 0
1 1 2
2 1 2
3 1 2
t 182 49
m0 1 0
m1 2 0
m2 1 0
1 0 2
2 0 2
3 0 2
t 181 49
m0 0 0
m1 2 0
m2 2 0
1 1 2
2 1 2
3 1 2
t 180 49
m0 1 0
m1 1 0
m2 1 0
1 0 2
2 0 2
3 0 2
t 179 49
m0 0 0
m1 0 0
m2 0 0
1 1 2
2 1 2
3 1 2
t 178 49
m0 1 0
m1 1 0
m2 1 0
1 0 2
2 0 2
3 0 2
t 177 49
m0 0 0
m1 0 0
m2 0 0
1 1 2
2 1 2
3 1 2
t 176 49
m0 1 0
m1 1 0
m2 1 0
1 0 2
2 0 2
3 0 2
t 175 49
m0 0 0
m1 0 0
m2 0 0
1 1 2
2 1 2
3 1 2
t 174 49
m0 1 0
m1 1 0
m2 1 0
1 0 2
2 0 2
3 0 2
t 173 49
m0 0 0
m1 0 0
m2 0 0
1 1 2
2 1 2
3 1 2
t 172 49
m0 1 0
m1 1 0
m2 1 0
1 0 2
2 0 2
3 0 2
t 171 49
m0 0 0
m1 1 0
m2 0 0
1 1 2
2 1 2
3 1 2
t 170 49
m0 1 0
m1 2 0
m2 1 0
1 0 2
2 0 2
3 0 2
t 169 49
m0 0 0
m1 1 0
m2 0 0
1 1 2
2 1 2
3 1 2
t 168 49
m0 1 0
m1 2 0
m2 1 0
1 0 2
2 0 2
3 0 2
t 167 49
m0 0 0
m1 1 0
m2 0 0
1 1 2
2 1 2
3 1 2
t 166 49
m0 1 0
m1 2 0
m2 1 0
1 0 2
2 0 2
3 0 2
t 165 49
m0 0 0
m1 1 0
m2 0 0
1 1 2
2 1 2
3 1 2
t 164 49
m0 1 0
m1 2 0
m2 1 0
1 0 2
2 0 2
3 0 2
t 163 49
m0 0 0
m1 1 0
m2 0 0
1 1 2
2 1 2
3 1 2
t 162 49
m0 1 0
m1 2 0
m2 1 0
1 0 2
2 0 2
3 0 2
t 161 49
m0 0 0
m1 1 0
m2 0 0
1 1 2
2 1 2
3 1 2
t 160 49
m0 1 0
m1 2 0
m2 1 0
1 0 2
2 0 2
3 0 2
t 159 49
m0 0 0
m1 1 0
m2 0 0
1 1 2
2 1 2
3 1 2
t 158 49
m0 1 0
m1 2 0
m2 1 0
1 0 2
2 0 2
3 0 2
t 157 49
m0 0 0
m1 2 0
m2 2 0
1 1 2
2 1 2
3 1 2
t 156 49
m0 1 0
m1 1 0
m2 1 0
1 0 2
2 0 2
3 0 2
t 155 49
m0 0 0
m1 0 0
m2 0 0
1 1 2
2 1 2
3 1 2
t 154 49
m0 1 0
m1 1 0
m2 1 0
1 0 2
2 0 2
3 0 2
t 153 49
m0 0 0
m1 0 0
m2 0 0
1 1 2
2 1 2
3 1 2
t 152 49
m0 1 0
m1 1 0
m2 1 0
1 0 2
2 0 2
3 0 2
t 151 49
m0 0 0
m1 0 0
m2 0 0
1 1 2
2 1 2
3 1 2
t 150 49
m0 1 0
m1 1 0
m2 1 0
1 0 2
2 0 2
3 0 2
t 149 49
m0 0 0
m1 0 0
m2 0 0
1 1 2
2 1 2
3 1 2
t 148 49
m0 1 0
m1 1 0
m2 1 0
1 0 2
2 0 2
3 0 2
t 147 49
m0 0 0
m1 1 0
m2 0 0
1 1 2
2 1 2
3 1 2
t 146 49
m0 1 0
m1 2 0
m2 1 0
1 0 2
2 0 2
3 0 2
t 145 49
m0 0 0
m1 1 0
m2 0 0
1 1 2
2 1 2
3 1 2
t 144 49
m0 1 0
m1 2 0
m2 1 0
1 0 2
2 0 2
3 0 2
t 143 49
m0 0 0
m1 1 0
m2 0 0
1 1 2
2 1 2
3 1 2
t 142 49
m0 1 0
m1 2 0
m2 1 0
1 0 2
2 0 2
3 0 2
t 141 49
m0 0 0
m1 1 0
m2 0 0
1 1 2
2 1 2
3 1 2
t 140 49
m0 1 0
m1 2 0
m2 1 0
1 0 2
2 0 2
3 0 2
t 139 49
m0 0 0
m1 1 0
m2 0 0
1 1 2
2 1 2
3 1 2
t 138 49
m0 1 0
m1 2 0
m2 1 0
1 0 2
2 0 2
3 0 2
t 137 49
m0 0 0
m1 1 0
m2 0 0
1 1 2
2 1 2
3 1 2
t 136 49
m0 1 0
m1 2 0
m2 1 0
1 0 2
2 0 2
3 0 2
t 135 49
m0 0 0
m1 1 0
m2 0 0
1 1 2
2 1 2
3 1 2
t 134 49
m0 1 0
m1 2 0
m2 1 0
1 0 2
2 0 2
3 0 2
t 133 49
m0 0 0
m1 1 0
m2 0 0
1 1 2
2 1 2
3 1 2
t 132 49
m0 1 0
m1 2 0
m2 1 0
1 0 2
2 0 2
3 0 2
t 131 49
m0 0 0
m1 2 0
m2 2 0
1 1 2
2 1 2
3 1 2
t 130 49
m0 1 0
m1 1 0
m2 1 0
1 0 2
2 0 2
3 0 2
t 129 49
m0 0 0
m1 1 0
m2 0 0
1 1 2
2 1 2
3 1 2
t 128 49
m0 1 0
m1 2 0
m2 1 0
1 0 2
2 0 2
3 0 2
t 127 49
m0 0 0
m1 2 0
m2 2 0
1 1 2
2 1 2
3 1 2
t 126 49
m0 1 0
m1 1 0
m2 1 0
1 0 2
2 0 2
3 0 2
t 125 49
m0 0 0
m1 0 0
m2 0 0
1 1 2
2 1 2
3 1 2
t 124 49
m0 1 0
m1 1 0
m2 1 0
1 0 2
2 0 2
3 0 2
t 123 49
m0 0 0
m1 0 0
m2 0 0
1 1 2
2 1 2
3 1 2
t 122 49
m0 1 0
m1 1 0
m2 1 0
1 0 2
2 0 2
3 0 2
t 121 49
m0 0 0
m1 0 0
m2 0 0
1 1 2
2 1 2
3 1 2
t 120 49
m0 1 0
m1 1 0
m2 1 0
1 0 2
2 0 2
3 0 2
t 119 49
m0 0 0
m1 0 0
m2 0 0
1 1 2
2 1 2
3 1 2
t 118 49
m0 1 0
m1 1 0
m2 1 0
1 0 2
2 0 2
3 0 2
t 117 49
m0 0 0
m1 1 0
m2 0 0
1 1 2
2 1 2
3 1 2
t 116 49
m0 1 0
m1 2 0
m2 1 0
1 0 2
2 0 2
3 0 2
t 115 49
m0 0 0
m1 1 0
m2 0 0
1 1 2
2 1 2
3 1 2
t 114 49
m0 1 0
m1 2 0
m2 1 0
1 0 2
2 0 2
3 0 2
t 113 49
m0 0 0
m1 1 0
m2 0 0
1 1 2
2 1 2
3 1 2
t 112 49
m0 1 0
m1 2 0
m2 1 0
1 0 2
2 0 2
3 0 2
t 111 49
m0 0 0
m1 1 0
m2 0 0
1 1 2
2 1 2
3 1 2
t 110 49
m0 1 0
m1 2 0
m2 1 0
1 0 2
2 0 2
3 0 2
t 109 49
m0 0 0
m1 1 0
m2 0 0
1 1 2
2 1 2
3 1 2
t 108 49
m0 1 0
m1 2 0
m2 1 0
1 0 2
2 0 2
3 0 2
t 107 49
m0 0 0
m1 1 0
m2 0 0
1 1 2
2 1 2
3 1 2
t 106 49
m0 1 0
m1 2 0
m2 1 0
1 0 2
2 0 2
3 0 2
t 105 49
m0 0 0
m1 1 0
m2 0 0
1 1 2
2 1 2
3 1 2
t 104 49
m0 1 0
m1 2 0
m2 1 0
1 0 2
2 0 2
3 0 2
t 103 49
m0 0 0
m1 1 0
m2 0 0
1 1 2
2 1 2
3 1 2
t 102 49
m0 1 0
m1 2 0
m2 1 0
1 0 2
2 0 2
3 0 2
t 101 49
m0 0 0
m1 2 0
m2 2 0
1 1 2
2 1 2
3 1 2
t 100 49
m0 1 0
m1 1 0
m2 1 0
1 0 2
2 0 2
3 0 2
t 99 49
m0 0 0
m1 1 0
m2 0 0
1 1 2
2 1 2
3 1 2
t 98 49
m0 1 0
m1 2 0
m2 1 0
1 0 2
2 0 2
3 0 2
t 97 49
m0 0 0
m1 1 0
m2 0 0
1 1 2
2 1 2
3 1 2
t 96 49
m0 1 0
m1 2 0
m2 1 0
1 0 2
2 0 2
3 0 2
t 95 49
m0 0 0
m1 1 0
m2 0 0
1 1 2
2 1 2
3 1 2
t 94 49
m0 1 0
m1 2 0
m2 1 0
1 0 2
2 0 2
3 0 2
t 93 49
m0 0 0
m1 2 0
m2 2 0
1 1 2
2 1 2
3 1 2
t 92 49
m0 1 0
m1 1 0
m2 1 0
1 0 2
2 0 2
3 0 2
t 91 49
m0 0 0
m1 0 0
m2 0 0
1 1 2
2 1 2
3 1 2
t 90 49
m0 1 0
m1 1 0
m2 1 0
1 0 2
2 0 2
3 0 2
t 89 49
m0 0 0
m1 0 0
m2 0 0
1 1 2
2 1 2
3 1 2
t 88 49
m0 1 0
m1 1 0
m2 1 0
1 0 2
2 0 2
3 0 2
t 87 49
m0 0 0
m1 0 0
m2 0 0
1 1 2
2 1 2
3 1 2
t 86 49
m0 1 0
m1 1 0
m2 1 0
1 0 2
2 0 2
3 0 2
t 85 49
m0 0 0
m1 1 0
m2 0 0
1 1 2
2 1 2
3 1 2
t 84 49
m0 1 0
m1 2 0
m2 1 0
1 0 2
2 0 2
3 0 2
t 83 49
m0 0 0
m1 1 0
m2 0 0
1 1 2
2 1 2
3 1 2
t 82 49
m0 1 0
m1 2 0
m2 1 0
1 0 2
2 0 2
3 0 2
t 81 49
m0 0 0
m1 1 0
m2 0 0
1 1 2
2 1 2
3 1 2
t 80 49
m0 1 0
m1 2 0
m2 1 0
1 0 2
2 0 2
3 0 2
t 79 49
m0 0 0
m1 1 0
m2 0 0
1 1 2
2 1 2
3 1 2
t 78 49
m0 1 0
m1 2 0
m2 1 0
1 0 2
2 0 2
3 0 2
t 77 49
m0 0 0
m1 1 0
m2 0 0
1 1 2
2 1 2
3 1 2
t 76 49
m0 1 0
m1 2 0
m2 1 0
1 0 2
2 0 2
3 0 2
t 75 49
m0 0 0
m1 1 0
m2 0 0
1 1 2
2 1 2
3 1 2
t 74 49
m0 1 0
m1 2 0
m2 1 0
1 0 2
2 0 2
3 0 2
t 73 49
m0 0 0
m1 1 0
m2 0 0
1 1 2
2 1 2
3 1 2
t 72 49
m0 1 0
m1 2 0
m2 1 0
1 0 2
2 0 2
3 0 2
t 71 49
m0 0 0
m1 1 0
m2 0 0
1 1 2
2 1 2
3 1 2
t 70 49
m0 1 0
m1 2 0
m2 1 0
1 0 2
2 0 2
3 0 2
t 69 49
m0 0 0
m1 1 0
m2 0 0
1 1 2
2 1 2
3 1 2
t 68 49
m0 1 0
m1 2 0
m2 1 0
1 0 2
2 0 2
3 0 2
t 67 49
m0 0 0
m1 2 0
m2 2 0
1 1 2
2 1 2
3 1 2
t 66 49
m0 1 0
m1 1 0
m2 1 0
1 0 2
2 0 2
3 0 2
t 65 49
m0 0 0
m1 0 0
m2 0 0
1 1 2
2 1 2
3 1 2
t 64 49
m0 1 0
m1 1 0
m2 1 0
1 0 2
2 0 2
3 0 2
t 63 49
m0 0 0
m1 0 0
m2 0 0
1 1 2
2 1 2
3 1 2
t 62 49
m0 1 0
m1 1 0
m2 1 0
1 0 2
2 0 2
3 0 2
t 61 49
m0 0 0
m1 0 0
m2 0 0
1 1 2
2 1 2
3 1 2
t 60 49
m0 1 0
m1 1 0
m2 1 0
1 0 2
2 0 2
3 0 2
t 59 49
m0 0 0
m1 0 0
m2 0 0
1 1 2
2 1 2
3 1 2
t 58 49
m0 1 0
m1 1 0
m2 1 0
1 0 2
2 0 2
3 0 2
t 57 49
m0 0 0
m1 0 0
m2 0 0
1 1 2
2 1 2
3 1 2
t 56 49
m0 1 0
m1 1 0
m2 1 0
1 0 2
2 0 2
3 0 2
t 55 49
m0 0 0
m1 0 0
m2 0 0
1 1 2
2 1 2
3 1 2
t 54 49
m0 1 0
m1 1 0
m2 1 0
1 0 2
2 0 2
3 0 2
t 53 49
m0 0 0
m1 0 0
m2 0 0
1 1 2
2 1 2
3 1 2
t 52 49
m0 1 0
m1 1 0
m2 1 0
1 0 2
2 0 2
3 0 2
t 51 49
m0 0 0
m1 0 0
m2 0 0
1 1 2
2 1 2
3 1 2
t 50 49
m0 1 0
m1 1 0
m2 1 0
1 0 2
2 0 2
3 0 2
t 49 49
m0 0 0
m1 0 0
m2 0 0
1 1 2
2 1 2
3 1 2
t 48 49
m0 1 0
m1 1 0
m2 1 0
1 0 2
2 0 2
3 0 2
t 47 49
m0 0 0
m1 0 0
m2 0 0
1 1 2
2 1 2
3 1 2
t 46 49
m0 1 0
m1 1 0
m2 1 0
1 0 2
2 0 2
3 0 2
t 45 49
m0 0 0
m1 1 0
m2 0 0
1 1 2
2 1 2
3 1 2
t 44 49
m0 1 0
m1 2 0
m2 1 0
1 0 2
2 0 2
3 0 2
t 43 49
m0 0 0
m1 1 0
m2 0 0
1 1 2
2 1 2
3 1 2
t 42 49
m0 1 0
m1 2 0
m2 1 0
1 0 2
2 0 2
3 0 2
t 41 49
m0 0 0
m1 1 0
m2 0 0
1 1 2
2 1 2
3 1 2
t 40 49
m0 1 0
m1 2 0
m2 1 0
1 0 2
2 0 2
3 0 2
t 39 49
m0 0 0
m1 1 0
m2 0 0
1 1 2
2 1 2
3 1 2
t 38 49
m0 1 0
m1 2 0
m2 1 0
1 0 2
2 0 2
3 0 2
t 37 49
m0 0 0
m1 1 0
m2 0 0
1 1 2
2 1 2
3 1 2
t 36 49
m0 1 0
m1 2 0
m2 1 0
1 0 2
2 0 2
3 0 2
t 35 49
m0 0 0
m1 1 0
m2 0 0
1 1 2
2 1 2
3 1 2
t 34 49
m0 1 0
m1 2 0
m2 1 0
1 0 2
2 0 2
3 0 2
t 33 49
m0 0 0
m1 1 0
m2 0 0
1 1 2
2 1 2
3 1 2
t 32 49
m0 1 0
m1 2 0
m2 1 0
1 0 2
2 0 2
3 0 2
t 31 49
m0 0 0
m1 1 0
m2 0 0
1 1 2
2 1 2
3 1 2
t 30 49
m0 1 0
m1 2 0
m2 1 0
1 0 2
2 0 2
3 0 2
t 29 49
m0 0 0
m1 1 0
m2 0 0
1 1 2
2 1 2
3 1 2
t 28 49
m0 1 0
m1 2 0
m2 1 0
1 0 2
2 0 2
3 0 2
t 27 49
m0 0 0
m1 1 0
m2 0 0
1 1 2
2 1 2
3 1 2
t 26 49
m0 1 0
m1 2 0
m2 1 0
1 0 2
2 0 2
3 0 2
t 25 49
m0 0 0
m1 1 0
m2 0 0
1 1 2
2 1 2
3 1 2
t 24 49
m0 1 0
m1 2 0
m2 1 0
1 0 2
2 0 2
3 0 2
t 23 49
m0 0 0
m1 1 0
m2 0 0
1 1 2
2 1 2
3 1 2
t 22 49
m0 1 0
m1 2 0
m2 1 0
1 0 2
2 0 2
3 0 2
t 21 49
m0 0 0
m1 1 0
m2 0 0
1 1 2
2 1 2
3 1 2
t 20 49
m0 1 0
m1 2 0
m2 1 0
1 0 2
2 0 2
3 0 2
t 19 49
m0 0 0
m1 1 0
m2 0 0
1 1 2
2 1 2
3 1 2
t 18 49
m0 1 0
m1 2 0
m2 1 0
1 0 2
2 0 2
3 0 2
t 17 49
m0 0 0
m1 1 0
m2 0 0
1 1 2
2 1 2
3 1 2
t 16 49
m0 1 0
m1 2 0
m2 1 0
1 0 2
2 0 2
3 0 2
t 15 49
m0 0 0
m1 1 0
m2 0 0
1 1 2
2 1 2
3 1 2
t 14 49
m0 1 0
m1 2 0
m2 1 0
1 0 2
2 0 2
3 0 2
t 13 49
m0 0 0
m1 1 0
m2 0 0
1 1 2
2 1 2
3 1 2
t 12 49
m0 1 0
m1 2 0
m2 1 0
1 0 2
2 0 2
3 0 2
t 11 49
m0 0 0
m1 1 0
m2 0 0
1 1 2
2 1 2
3 1 2
t 10 49
m0 1 0
m1 2 0
m2 1 0
1 0 2
2 0 2
3 0 2
t 9 49
m0 0 0
m1 1 0
m2 0 0
1 1 2
2 1 2
3 1 2
t 8 49
m0 1 0
m1 2 0
m2 1 0
1 0 2
2 0 2
3 0 2
t 7 49
m0 0 0
m1 1 0
m2 0 0
1 1 2
2 1 2
3 1 2
t 6 49
m0 1 0
m1 2 0
m2 1 0
1 0 2
2 0 2
3 0 2
t 5 49
m0 0 0
m1 1 0
m2 0 0
1 1 2
2 1 2
3 1 2
t 4 49
m0 1 0
m1 2 0
m2 1 0
1 0 2
2 0 2
3 0 2
t 3 49
m0 0 0
m1 1 0
m2 0 0
1 1 2
2 1 2
3 1 2
t 2 49
m0 1 0
m1 2 0
m2 1 0
1 0 2
2 0 2
3 0 2
t 1 49
m0 0 0
m1 1 0
m2 0 0
1 0 2
2 0 2
3 0 2
t 0 49
