10
15
w 6 9
w 7 12
w 8 0
w 1 6
w 2 12
w 0 10
w 3 7
w 1 2
w 3 10
w 6 10
w 4 13
w 1 5
w 7 10
w 2 2
w 3 6
w 4 1
w 0 0
w 9 14
w 1 13
w 9 10
w 3 9
w 7 5
w 6 12
w 4 2
w 1 0
w 0 8
w 5 3
w 2 7
w 9 13
w 5 10
w 6 1
w 5 7
w 7 13
w 8 8
w 6 13
w 9 12
w 8 4
p 5 9
p 1 3
p 8 13
p 9 1
p 4 8
p 6 6
p 2 8
p 7 7
p 0 7
p 2 1
p 8 9
p 3 11
p 4 12
p 5 1
p 0 3
p 1 11
p 6 14
p 4 0
p 8 1
p 1 14
p 6 3
p 0 11
p 2 13
p 8 6
p 1 1
p 4 10
p 5 4
p 3 2
p 7 14
p 2 6
p 6 4
p 7 1
p 4 5
p 6 11
p 8 11
p 9 3
p 3 13
p 4 14
p 1 4
p 0 12
p 5 11
p 2 10
p 2 3
p 0 5
p 6 5
p 3 5
p 7 9
p 7 0
p 6 8
p 0 13
p 2 11
p 3 8
p 1 7
p 0 9
p 9 5
p 3 4
m0 0 14
m1 0 14
m2 0 14
1 9 0
2 9 0
3 9 0
t 300 0
m0 0 14
m1 0 14
m2 0 13
1 9 1
2 9 1
3 9 1
t 299 1
m0 0 14
m1 0 14
m2 0 12
1 9 0
2 9 0
3 9 0
t 298 2
m0 0 14
m1 1 14
m2 1 12
1 9 1
2 9 1
3 9 1
t 297 3
m0 1 14
m1 1 14
m2 1 12
1 9 0
2 9 0
3 9 0
t 296 3
m0 1 14
m1 0 14
m2 1 12
1 9 1
2 9 1
3 9 1
t 295 3
m0 0 14
m1 0 14
m2 1 12
1 9 0
2 9 0
3 9 0
t 294 3
m0 0 14
m1 0 13
m2 0 12
1 9 1
2 9 1
3 9 1
t 293 3
m0 0 13
m1 0 14
m2 0 11
1 9 0
2 9 0
3 9 0
t 292 4
m0 0 14
m1 0 13
m2 0 12
1 9 1
2 9 1
3 9 1
t 291 4
m0 0 13
m1 0 12
m2 0 11
1 9 0
2 9 0
3 9 0
t 290 4
m0 0 12
m1 0 13
m2 0 11
1 9 1
2 9 1
3 9 1
t 289 4
m0 0 11
m1 0 12
m2 0 12
1 9 0
2 9 0
3 9 0
t 288 4
m0 0 12
m1 0 11
m2 1 12
1 9 1
2 9 1
3 9 1
t 287 4
m0 1 12
m1 1 11
m2 1 12
1 9 0
2 9 0
3 9 0
t 286 5
m0 1 11
m1 0 11
m2 1 11
1 9 1
2 9 1
3 9 1
t 285 5
m0 1 11
m1 0 12
m2 0 11
1 9 0
2 9 0
3 9 0
t 284 5
m0 0 11
m1 1 12
m2 1 11
1 9 1
2 9 1
3 9 1
t 283 5
m0 1 11
m1 1 12
m2 1 10
1 9 0
2 9 0
3 9 0
t 282 5
m0 1 10
m1 0 12
m2 1 11
1 9 1
2 9 1
3 9 1
t 281 5
m0 1 11
m1 0 12
m2 1 10
1 9 0
2 9 0
3 9 0
t 280 5
m0 1 10
m1 0 12
m2 1 10
1 9 1
2 9 1
3 9 1
t 279 5
m0 1 10
m1 1 12
m2 2 10
1 9 0
2 9 0
3 9 0
t 278 6
m0 2 10
m1 1 12
m2 2 11
1 9 1
2 9 1
3 9 1
t 277 7
m0 2 11
m1 1 11
m2 2 11
1 9 0
2 9 0
3 9 0
t 276 7
m0 2 11
m1 0 11
m2 2 11
1 9 1
2 9 1
3 9 1
t 275 7
m0 2 11
m1 0 11
m2 1 11
1 9 0
2 9 0
3 9 0
t 274 7
m0 1 11
m1 1 11
m2 1 10
1 9 1
2 9 1
3 9 1
t 273 7
m0 1 11
m1 0 11
m2 1 11
1 9 0
2 9 0
3 9 0
t 272 7
m0 0 11
m1 0 12
m2 2 11
1 9 1
2 9 1
3 9 1
t 271 7
m0 0 12
m1 0 11
m2 3 11
1 9 0
2 9 0
3 9 0
t 270 8
m0 0 11
m1 0 11
m2 3 12
1 9 1
2 9 1
3 9 1
t 269 8
m0 0 11
m1 0 12
m2 3 12
1 9 0
2 9 0
3 9 0
t 268 8
m0 0 12
m1 0 11
m2 3 13
1 9 1
2 9 1
3 9 1
t 267 9
m0 0 11
m1 0 11
m2 3 14
1 9 0
2 9 0
3 9 0
t 266 9
m0 0 11
m1 0 11
m2 3 13
1 9 1
2 9 1
3 9 1
t 265 9
m0 0 11
m1 0 12
m2 3 14
1 9 0
2 9 0
3 9 0
f 0 14
t 264 9
m0 0 12
m1 0 11
m2 4 14
1 9 1
2 9 1
3 9 1
t 263 10
m0 0 11
m1 0 12
m2 3 14
1 9 0
2 9 0
3 9 0
t 262 10
m0 0 12
m1 0 13
m2 4 14
1 9 1
2 9 1
3 9 1
t 261 10
m0 0 13
m1 0 12
m2 5 14
1 9 0
2 9 0
3 9 0
t 260 10
m0 0 12
m1 1 12
m2 5 14
1 9 1
2 9 1
3 9 1
t 259 10
m0 1 12
m1 0 12
m2 5 13
1 9 0
2 9 0
3 9 0
t 258 10
m0 0 12
m1 1 12
m2 5 12
1 9 1
2 9 1
3 9 1
t 257 10
m0 1 12
m1 0 12
m2 5 13
1 9 0
2 9 0
3 9 0
t 256 10
m0 0 12
m1 0 11
m2 5 13
1 9 1
2 9 1
3 9 1
t 255 10
m0 0 11
m1 0 12
m2 5 13
1 9 0
2 9 0
3 9 0
t 254 10
m0 0 12
m1 1 12
m2 5 14
1 9 1
2 9 1
3 9 1
t 253 10
m0 1 12
m1 0 12
m2 6 14
1 9 0
2 9 0
3 9 0
t 252 11
m0 0 12
m1 0 13
m2 7 14
1 9 1
2 9 1
3 9 1
t 251 12
m0 0 13
m1 0 14
m2 8 14
1 9 0
2 9 0
3 9 0
t 250 22
m0 0 14
m1 1 14
m2 7 14
1 9 1
2 9 1
3 9 1
t 249 22
m0 1 14
m1 2 14
m2 8 14
1 9 0
2 9 0
3 9 0
t 248 22
m0 2 14
m1 2 13
m2 8 14
1 9 1
2 9 1
3 9 1
t 247 23
m0 2 13
m1 2 13
m2 8 13
1 9 0
2 9 0
3 9 0
t 246 24
m0 2 13
m1 3 13
m2 8 13
1 9 1
2 9 1
3 9 1
t 245 24
m0 3 13
m1 2 13
m2 8 13
1 9 0
2 9 0
3 9 0
t 244 24
m0 2 13
m1 3 13
m2 8 14
1 9 1
2 9 1
3 9 1
t 243 24
m0 3 13
m1 3 13
m2 8 14
1 9 0
2 9 0
3 9 0
t 242 24
m0 3 13
m1 3 14
m2 8 13
1 9 1
2 9 1
3 9 1
f 8 3
t 241 24
m0 3 14
m1 2 14
m2 8 13
1 9 0
2 9 0
3 9 0
t 240 24
m0 2 14
m1 1 14
m2 8 14
1 9 1
2 9 1
3 9 1
t 239 24
m0 1 14
m1 0 14
m2 7 14
1 9 0
2 9 0
3 9 0
t 238 24
m0 0 14
m1 1 14
m2 7 14
1 9 1
2 9 1
3 9 1
t 237 24
m0 1 14
m1 0 14
m2 7 14
1 9 0
2 9 0
3 9 0
t 236 24
m0 0 14
m1 1 14
m2 7 14
1 9 1
2 9 1
3 9 1
t 235 24
m0 1 14
m1 2 14
m2 7 14
1 9 0
2 9 0
3 9 0
t 234 24
m0 2 14
m1 2 13
m2 7 14
1 9 1
2 9 1
3 9 1
t 233 24
m0 2 13
m1 2 14
m2 7 14
1 9 0
2 9 0
3 9 0
t 232 24
m0 2 14
m1 1 14
m2 7 14
1 9 1
2 9 1
3 9 1
t 231 24
m0 1 14
m1 0 14
m2 7 14
1 9 0
2 9 0
3 9 0
t 230 24
m0 0 14
m1 1 14
m2 8 14
1 9 1
2 9 1
3 9 1
t 229 24
m0 1 14
m1 0 14
m2 8 13
1 9 0
2 9 0
3 9 0
t 228 24
m0 0 14
m1 1 14
m2 8 12
1 9 1
2 9 1
3 9 1
t 227 24
m0 1 14
m1 0 14
m2 8 11
1 9 0
2 9 0
3 9 0
t 226 25
m0 0 14
m1 0 13
m2 8 11
1 9 1
2 9 1
3 9 1
t 225 25
m0 0 13
m1 0 14
m2 8 11
1 9 0
2 9 0
3 9 0
t 224 25
m0 0 14
m1 1 14
m2 9 11
1 9 1
2 9 1
3 9 1
t 223 25
m0 1 14
m1 0 14
m2 8 11
1 9 0
2 9 0
3 9 0
t 222 25
m0 0 14
m1 1 14
m2 7 11
1 9 1
2 9 1
3 9 1
t 221 25
m0 1 14
m1 0 14
m2 7 11
1 9 0
2 9 0
3 9 0
t 220 25
m0 0 14
m1 0 13
m2 6 11
1 9 1
2 9 1
3 9 1
t 219 26
m0 0 13
m1 0 14
m2 6 11
1 9 0
2 9 0
3 9 0
t 218 26
m0 0 14
m1 1 14
m2 5 11
1 9 1
2 9 1
3 9 1
t 217 27
m0 1 14
m1 2 14
m2 6 11
1 9 0
2 9 0
3 9 0
t 216 27
m0 2 14
m1 1 14
m2 7 11
1 9 1
2 9 1
3 9 1
t 215 27
m0 1 14
m1 0 14
m2 8 11
1 9 0
2 9 0
3 9 0
t 214 27
m0 0 14
m1 0 14
m2 8 11
1 9 1
2 9 1
3 9 1
t 213 27
m0 0 14
m1 1 14
m2 8 10
1 9 0
2 9 0
3 9 0
t 212 27
m0 1 14
m1 0 14
m2 8 10
1 9 1
2 9 1
3 9 1
t 211 27
m0 0 14
m1 0 13
m2 8 10
1 9 0
2 9 0
3 9 0
t 210 27
m0 0 13
m1 0 14
m2 8 9
1 9 1
2 9 1
3 9 1
t 209 28
m0 0 14
m1 1 14
m2 8 9
1 9 0
2 9 0
3 9 0
t 208 28
m0 1 14
m1 0 14
m2 9 9
1 9 1
2 9 1
3 9 1
t 207 28
m0 0 14
m1 1 14
m2 9 9
1 9 0
2 9 0
3 9 0
t 206 28
m0 1 14
m1 0 14
m2 9 9
1 9 1
2 9 1
3 9 1
t 205 28
m0 0 14
m1 1 14
m2 8 9
1 9 0
2 9 0
3 9 0
t 204 28
m0 1 14
m1 0 14
m2 9 9
1 9 1
2 9 1
3 9 1
t 203 28
m0 0 14
m1 1 14
m2 9 9
1 9 0
2 9 0
3 9 0
t 202 28
m0 1 14
m1 0 14
m2 9 9
1 9 1
2 9 1
3 9 1
t 201 28
m0 0 14
m1 1 14
m2 9 9
1 9 0
2 9 0
3 9 0
t 200 28
m0 1 14
m1 0 14
m2 8 9
1 9 1
2 9 1
3 9 1
t 199 28
m0 0 14
m1 0 13
m2 9 9
1 9 0
2 9 0
3 9 0
t 198 28
m0 0 13
m1 0 14
m2 8 9
1 9 1
2 9 1
3 9 1
t 197 28
m0 0 14
m1 0 13
m2 7 9
1 9 0
2 9 0
3 9 0
t 196 29
m0 0 13
m1 0 14
m2 7 8
1 9 1
2 9 1
3 9 1
t 195 29
m0 0 14
m1 0 13
m2 7 8
1 9 0
2 9 0
3 9 0
t 194 29
m0 0 13
m1 0 14
m2 6 8
1 9 1
2 9 1
3 9 1
t 193 30
m0 0 14
m1 0 13
m2 6 7
1 9 0
2 9 0
3 9 0
t 192 30
m0 0 13
m1 0 12
m2 6 6
1 9 1
2 9 1
3 9 1
t 191 31
m0 0 12
m1 0 13
m2 6 6
1 9 0
2 9 0
3 9 0
t 190 31
m0 0 13
m1 0 14
m2 6 5
1 9 1
2 9 1
3 9 1
t 189 32
m0 0 14
m1 0 13
m2 5 5
1 9 0
2 9 0
3 9 0
t 188 32
m0 0 13
m1 0 12
m2 5 4
1 9 1
2 9 1
3 9 1
t 187 33
m0 0 12
m1 0 13
m2 5 4
1 9 0
2 9 0
3 9 0
t 186 33
m0 0 13
m1 0 12
m2 5 5
1 9 1
2 9 1
3 9 1
t 185 33
m0 0 12
m1 0 13
m2 5 6
1 9 0
2 9 0
3 9 0
t 184 33
m0 0 13
m1 0 14
m2 4 6
1 9 1
2 9 1
3 9 1
t 183 33
m0 0 14
m1 1 14
m2 4 7
1 9 0
2 9 0
3 9 0
t 182 33
m0 1 14
m1 0 14
m2 4 7
1 9 1
2 9 1
3 9 1
t 181 33
m0 0 14
m1 1 14
m2 4 6
1 9 0
2 9 0
3 9 0
t 180 33
m0 1 14
m1 2 14
m2 5 6
1 9 1
2 9 1
3 9 1
t 179 33
m0 2 14
m1 1 14
m2 4 6
1 9 0
2 9 0
3 9 0
t 178 33
m0 1 14
m1 0 14
m2 4 7
1 9 1
2 9 1
3 9 1
t 177 33
m0 0 14
m1 1 14
m2 4 8
1 9 0
2 9 0
3 9 0
t 176 34
m0 1 14
m1 0 14
m2 4 9
1 9 1
2 9 1
3 9 1
t 175 34
m0 0 14
m1 0 13
m2 5 9
1 9 0
2 9 0
3 9 0
t 174 35
m0 0 13
m1 0 14
m2 5 8
1 9 1
2 9 1
3 9 1
t 173 35
m0 0 14
m1 1 14
m2 5 9
1 9 0
2 9 0
3 9 0
t 172 35
m0 1 14
m1 0 14
m2 4 9
1 9 1
2 9 1
3 9 1
t 171 35
m0 0 14
m1 0 13
m2 4 9
1 9 0
2 9 0
3 9 0
t 170 35
m0 0 13
m1 0 14
m2 5 9
1 9 1
2 9 1
3 9 1
t 169 35
m0 0 14
m1 1 14
m2 5 9
1 9 0
2 9 0
3 9 0
t 168 35
m0 1 14
m1 0 14
m2 5 8
1 9 1
2 9 1
3 9 1
t 167 35
m0 0 14
m1 1 14
m2 5 8
1 9 0
2 9 0
3 9 0
t 166 35
m0 1 14
m1 0 14
m2 5 9
1 9 1
2 9 1
3 9 1
t 165 35
m0 0 14
m1 0 13
m2 5 9
1 9 0
2 9 0
3 9 0
t 164 35
m0 0 13
m1 0 14
m2 5 9
1 9 1
2 9 1
3 9 1
t 163 35
m0 0 14
m1 0 13
m2 5 9
1 9 0
2 9 0
3 9 0
t 162 35
m0 0 13
m1 0 14
m2 5 8
1 9 1
2 9 1
3 9 1
t 161 35
m0 0 14
m1 0 13
m2 6 8
1 9 0
2 9 0
3 9 0
t 160 35
m0 0 13
m1 0 14
m2 7 8
1 9 1
2 9 1
3 9 1
t 159 35
m0 0 14
m1 1 14
m2 7 9
1 9 0
2 9 0
3 9 0
t 158 35
m0 1 14
m1 0 14
m2 8 9
1 9 1
2 9 1
3 9 1
t 157 35
m0 0 14
m1 0 13
m2 7 9
1 9 0
2 9 0
3 9 0
t 156 35
m0 0 13
m1 0 14
m2 7 9
1 9 1
2 9 1
3 9 1
t 155 35
m0 0 14
m1 1 14
m2 7 8
1 9 0
2 9 0
3 9 0
t 154 35
m0 1 14
m1 2 14
m2 6 8
1 9 1
2 9 1
3 9 1
t 153 35
m0 2 14
m1 2 13
m2 7 8
1 9 0
2 9 0
3 9 0
t 152 35
m0 2 13
m1 2 14
m2 7 7
1 9 1
2 9 1
3 9 1
t 151 36
m0 2 14
m1 1 14
m2 7 7
1 9 0
2 9 0
3 9 0
t 150 36
m0 1 14
m1 0 14
m2 8 7
1 9 1
2 9 1
3 9 1
t 149 36
m0 0 14
m1 1 14
m2 8 7
1 9 0
2 9 0
3 9 0
t 148 36
m0 1 14
m1 0 14
m2 8 7
1 9 1
2 9 1
3 9 1
t 147 36
m0 0 14
m1 1 14
m2 8 6
1 9 0
2 9 0
3 9 0
t 146 37
m0 1 14
m1 0 14
m2 7 6
1 9 1
2 9 1
3 9 1
t 145 37
m0 0 14
m1 1 14
m2 7 6
1 9 0
2 9 0
3 9 0
t 144 37
m0 1 14
m1 2 14
m2 6 6
1 9 1
2 9 1
3 9 1
t 143 37
m0 2 14
m1 3 14
m2 7 6
1 9 0
2 9 0
3 9 0
t 142 37
m0 3 14
m1 2 14
m2 7 7
1 9 1
2 9 1
3 9 1
t 141 37
m0 2 14
m1 1 14
m2 6 7
1 9 0
2 9 0
3 9 0
t 140 37
m0 1 14
m1 0 14
m2 6 7
1 9 1
2 9 1
3 9 1
t 139 37
m0 0 14
m1 1 14
m2 6 8
1 9 0
2 9 0
3 9 0
t 138 37
m0 1 14
m1 0 14
m2 5 8
1 9 1
2 9 1
3 9 1
t 137 37
m0 0 14
m1 1 14
m2 6 8
1 9 0
2 9 0
3 9 0
t 136 37
m0 1 14
m1 0 14
m2 6 8
1 9 1
2 9 1
3 9 1
t 135 37
m0 0 14
m1 1 14
m2 5 8
1 9 0
2 9 0
3 9 0
t 134 37
m0 1 14
m1 0 14
m2 4 8
1 9 1
2 9 1
3 9 1
t 133 37
m0 0 14
m1 1 14
m2 3 8
1 9 0
2 9 0
3 9 0
t 132 38
m0 1 14
m1 0 14
m2 4 8
1 9 1
2 9 1
3 9 1
t 131 38
m0 0 14
m1 1 14
m2 5 8
1 9 0
2 9 0
3 9 0
t 130 38
m0 1 14
m1 0 14
m2 6 8
1 9 1
2 9 1
3 9 1
t 129 38
m0 0 14
m1 0 13
m2 5 8
1 9 0
2 9 0
3 9 0
t 128 38
m0 0 13
m1 0 14
m2 4 8
1 9 1
2 9 1
3 9 1
t 127 38
m0 0 14
m1 1 14
m2 4 9
1 9 0
2 9 0
3 9 0
t 126 38
m0 1 14
m1 0 14
m2 4 10
1 9 1
2 9 1
3 9 1
t 125 39
m0 0 14
m1 1 14
m2 4 11
1 9 0
2 9 0
3 9 0
t 124 39
m0 1 14
m1 0 14
m2 4 12
1 9 1
2 9 1
3 9 1
t 123 40
m0 0 14
m1 1 14
m2 4 12
1 9 0
2 9 0
3 9 0
t 122 40
m0 1 14
m1 0 14
m2 3 12
1 9 1
2 9 1
3 9 1
t 121 40
m0 0 14
m1 1 14
m2 3 12
1 9 0
2 9 0
3 9 0
t 120 40
m0 1 14
m1 0 14
m2 4 12
1 9 1
2 9 1
3 9 1
t 119 40
m0 0 14
m1 1 14
m2 4 11
1 9 0
2 9 0
3 9 0
t 118 40
m0 1 14
m1 0 14
m2 3 11
1 9 1
2 9 1
3 9 1
t 117 40
m0 0 14
m1 0 13
m2 3 11
1 9 0
2 9 0
3 9 0
t 116 40
m0 0 13
m1 0 12
m2 4 11
1 9 1
2 9 1
3 9 1
t 115 40
m0 0 12
m1 0 13
m2 4 10
1 9 0
2 9 0
3 9 0
t 114 40
m0 0 13
m1 0 14
m2 4 11
1 9 1
2 9 1
3 9 1
t 113 40
m0 0 14
m1 1 14
m2 5 11
1 9 0
2 9 0
3 9 0
t 112 40
m0 1 14
m1 0 14
m2 6 11
1 9 1
2 9 1
3 9 1
t 111 40
m0 0 14
m1 1 14
m2 7 11
1 9 0
2 9 0
3 9 0
t 110 40
m0 1 14
m1 0 14
m2 6 11
1 9 1
2 9 1
3 9 1
t 109 40
m0 0 14
m1 1 14
m2 6 11
1 9 0
2 9 0
3 9 0
t 108 40
m0 1 14
m1 0 14
m2 5 11
1 9 1
2 9 1
3 9 1
t 107 40
m0 0 14
m1 1 14
m2 4 11
1 9 0
2 9 0
3 9 0
t 106 40
m0 1 14
m1 0 14
m2 5 11
1 9 1
2 9 1
3 9 1
t 105 40
m0 0 14
m1 1 14
m2 4 11
1 9 0
2 9 0
3 9 0
t 104 40
m0 1 14
m1 0 14
m2 3 11
1 9 1
2 9 1
3 9 1
t 103 40
m0 0 14
m1 0 13
m2 4 11
1 9 0
2 9 0
3 9 0
t 102 40
m0 0 13
m1 0 12
m2 4 12
1 9 1
2 9 1
3 9 1
t 101 40
m0 0 12
m1 1 12
m2 4 12
1 9 0
2 9 0
3 9 0
t 100 40
m0 1 12
m1 0 12
m2 4 12
1 9 1
2 9 1
3 9 1
t 99 40
m0 0 12
m1 0 13
m2 4 11
1 9 0
2 9 0
3 9 0
t 98 40
m0 0 13
m1 0 14
m2 4 11
1 9 1
2 9 1
3 9 1
t 97 40
m0 0 14
m1 1 14
m2 4 11
1 9 0
2 9 0
3 9 0
t 96 40
m0 1 14
m1 0 14
m2 4 10
1 9 1
2 9 1
3 9 1
t 95 40
m0 0 14
m1 0 13
m2 4 9
1 9 0
2 9 0
3 9 0
t 94 40
m0 0 13
m1 0 14
m2 4 9
1 9 1
2 9 1
3 9 1
t 93 40
m0 0 14
m1 0 13
m2 4 9
1 9 0
2 9 0
3 9 0
t 92 40
m0 0 13
m1 0 12
m2 4 8
1 9 1
2 9 1
3 9 1
t 91 40
m0 0 12
m1 0 13
m2 4 8
1 9 0
2 9 0
3 9 0
t 90 40
m0 0 13
m1 0 14
m2 3 8
1 9 1
2 9 1
3 9 1
t 89 40
m0 0 14
m1 1 14
m2 3 8
1 9 0
2 9 0
3 9 0
t 88 40
m0 1 14
m1 0 14
m2 2 8
1 9 1
2 9 1
3 9 1
t 87 41
m0 0 14
m1 0 13
m2 2 8
1 9 0
2 9 0
3 9 0
t 86 41
m0 0 13
m1 0 14
m2 2 9
1 9 1
2 9 1
3 9 1
t 85 41
m0 0 14
m1 0 13
m2 2 9
1 9 0
2 9 0
3 9 0
t 84 41
m0 0 13
m1 0 14
m2 2 10
1 9 1
2 9 1
3 9 1
t 83 41
m0 0 14
m1 0 13
m2 1 10
1 9 0
2 9 0
3 9 0
t 82 41
m0 0 13
m1 0 14
m2 1 10
1 9 1
2 9 1
3 9 1
t 81 41
m0 0 14
m1 0 13
m2 1 9
1 9 0
2 9 0
3 9 0
t 80 41
m0 0 13
m1 0 14
m2 1 9
1 9 1
2 9 1
3 9 1
t 79 41
m0 0 14
m1 0 13
m2 1 9
1 9 0
2 9 0
3 9 0
t 78 41
m0 0 13
m1 0 14
m2 1 8
1 9 1
2 9 1
3 9 1
t 77 41
m0 0 14
m1 1 14
m2 1 7
1 9 0
2 9 0
3 9 0
t 76 42
m0 1 14
m1 0 14
m2 0 7
1 9 1
2 9 1
3 9 1
t 75 43
m0 0 14
m1 1 14
m2 0 7
1 9 0
2 9 0
3 9 0
t 74 43
m0 1 14
m1 2 14
m2 0 7
1 9 1
2 9 1
3 9 1
t 73 43
m0 2 14
m1 1 14
m2 1 7
1 9 0
2 9 0
3 9 0
t 72 43
m0 1 14
m1 0 14
m2 0 7
1 9 1
2 9 1
3 9 1
t 71 43
m0 0 14
m1 0 13
m2 0 6
1 9 0
2 9 0
3 9 0
t 70 43
m0 0 13
m1 0 14
m2 0 7
1 9 1
2 9 1
3 9 1
t 69 43
m0 0 14
m1 1 14
m2 0 6
1 9 0
2 9 0
3 9 0
t 68 43
m0 1 14
m1 0 14
m2 0 7
1 9 1
2 9 1
3 9 1
t 67 43
m0 0 14
m1 0 13
m2 0 7
1 9 0
2 9 0
3 9 0
t 66 43
m0 0 13
m1 0 14
m2 0 7
1 9 1
2 9 1
3 9 1
t 65 43
m0 0 14
m1 0 13
m2 1 7
1 9 0
2 9 0
3 9 0
t 64 43
m0 0 13
m1 0 14
m2 1 8
1 9 1
2 9 1
3 9 1
t 63 43
m0 0 14
m1 1 14
m2 1 9
1 9 0
2 9 0
3 9 0
t 62 43
m0 1 14
m1 0 14
m2 2 9
1 9 1
2 9 1
3 9 1
t 61 43
m0 0 14
m1 1 14
m2 2 9
1 9 0
2 9 0
3 9 0
t 60 43
m0 1 14
m1 0 14
m2 2 9
1 9 1
2 9 1
3 9 1
t 59 43
m0 0 14
m1 0 13
m2 2 8
1 9 0
2 9 0
3 9 0
t 58 43
m0 0 13
m1 0 14
m2 3 8
1 9 1
2 9 1
3 9 1
t 57 43
m0 0 14
m1 1 14
m2 2 8
1 9 0
2 9 0
3 9 0
t 56 43
m0 1 14
m1 0 14
m2 2 9
1 9 1
2 9 1
3 9 1
t 55 43
m0 0 14
m1 0 13
m2 2 10
1 9 0
2 9 0
3 9 0
t 54 43
m0 0 13
m1 0 12
m2 2 9
1 9 1
2 9 1
3 9 1
t 53 43
m0 0 12
m1 0 13
m2 2 8
1 9 0
2 9 0
3 9 0
t 52 43
m0 0 13
m1 0 14
m2 2 8
1 9 1
2 9 1
3 9 1
t 51 43
m0 0 14
m1 0 13
m2 1 8
1 9 0
2 9 0
3 9 0
t 50 43
m0 0 13
m1 0 14
m2 2 8
1 9 1
2 9 1
3 9 1
t 49 43
m0 0 14
m1 0 13
m2 3 8
1 9 0
2 9 0
3 9 0
t 48 43
m0 0 13
m1 0 14
m2 3 8
1 9 1
2 9 1
3 9 1
t 47 43
m0 0 14
m1 0 13
m2 3 8
1 9 0
2 9 0
3 9 0
t 46 43
m0 0 13
m1 0 12
m2 3 8
1 9 1
2 9 1
3 9 1
t 45 43
m0 0 12
m1 0 13
m2 4 8
1 9 0
2 9 0
3 9 0
t 44 43
m0 0 13
m1 0 14
m2 4 8
1 9 1
2 9 1
3 9 1
t 43 43
m0 0 14
m1 1 14
m2 4 8
1 9 0
2 9 0
3 9 0
t 42 43
m0 1 14
m1 0 14
m2 4 7
1 9 1
2 9 1
3 9 1
t 41 43
m0 0 14
m1 0 13
m2 4 8
1 9 0
2 9 0
3 9 0
t 40 43
m0 0 13
m1 0 14
m2 4 8
1 9 1
2 9 1
3 9 1
t 39 43
m0 0 14
m1 1 14
m2 3 8
1 9 0
2 9 0
3 9 0
t 38 43
m0 1 14
m1 2 14
m2 3 8
1 9 1
2 9 1
3 9 1
t 37 43
m0 2 14
m1 2 13
m2 3 8
1 9 0
2 9 0
3 9 0
t 36 43
m0 2 13
m1 2 14
m2 4 8
1 9 1
2 9 1
3 9 1
t 35 43
m0 2 14
m1 1 14
m2 5 8
1 9 0
2 9 0
3 9 0
t 34 43
m0 1 14
m1 0 14
m2 5 8
1 9 1
2 9 1
3 9 1
t 33 43
m0 0 14
m1 0 13
m2 6 8
1 9 0
2 9 0
3 9 0
t 32 43
m0 0 13
m1 0 14
m2 6 8
1 9 1
2 9 1
3 9 1
t 31 43
m0 0 14
m1 0 13
m2 7 8
1 9 0
2 9 0
3 9 0
t 30 43
m0 0 13
m1 0 12
m2 7 8
1 9 1
2 9 1
3 9 1
t 29 43
m0 0 12
m1 0 13
m2 7 8
1 9 0
2 9 0
3 9 0
t 28 43
m0 0 13
m1 0 14
m2 7 7
1 9 1
2 9 1
3 9 1
t 27 43
m0 0 14
m1 1 14
m2 7 7
1 9 0
2 9 0
3 9 0
t 26 43
m0 1 14
m1 0 14
m2 7 8
1 9 1
2 9 1
3 9 1
t 25 43
m0 0 14
m1 1 14
m2 7 9
1 9 0
2 9 0
3 9 0
t 24 43
m0 1 14
m1 0 14
m2 8 9
1 9 1
2 9 1
3 9 1
t 23 43
m0 0 14
m1 0 13
m2 7 9
1 9 0
2 9 0
3 9 0
t 22 43
m0 0 13
m1 0 14
m2 7 8
1 9 1
2 9 1
3 9 1
t 21 43
m0 0 14
m1 1 14
m2 6 8
1 9 0
2 9 0
3 9 0
t 20 43
m0 1 14
m1 0 14
m2 5 8
1 9 1
2 9 1
3 9 1
t 19 43
m0 0 14
m1 1 14
m2 6 8
1 9 0
2 9 0
3 9 0
t 18 43
m0 1 14
m1 0 14
m2 6 8
1 9 1
2 9 1
3 9 1
t 17 43
m0 0 14
m1 0 13
m2 6 8
1 9 0
2 9 0
3 9 0
t 16 43
m0 0 13
m1 0 14
m2 7 8
1 9 1
2 9 1
3 9 1
t 15 43
m0 0 14
m1 0 13
m2 7 8
1 9 0
2 9 0
3 9 0
t 14 43
m0 0 13
m1 0 14
m2 7 9
1 9 1
2 9 1
3 9 1
t 13 43
m0 0 14
m1 1 14
m2 8 9
1 9 0
2 9 0
3 9 0
t 12 43
m0 1 14
m1 2 14
m2 7 9
1 9 1
2 9 1
3 9 1
t 11 43
m0 2 14
m1 2 13
m2 7 8
1 9 0
2 9 0
3 9 0
t 10 43
m0 2 13
m1 2 14
m2 7 8
1 9 1
2 9 1
3 9 1
t 9 43
m0 2 14
m1 1 14
m2 7 9
1 9 0
2 9 0
3 9 0
t 8 43
m0 1 14
m1 0 14
m2 8 9
1 9 1
2 9 1
3 9 1
t 7 43
m0 0 14
m1 1 14
m2 8 9
1 9 0
2 9 0
3 9 0
t 6 43
m0 1 14
m1 0 14
m2 8 9
1 9 1
2 9 1
3 9 1
t 5 43
m0 0 14
m1 0 13
m2 8 9
1 9 0
2 9 0
3 9 0
t 4 43
m0 0 13
m1 0 14
m2 8 9
1 9 1
2 9 1
3 9 1
t 3 43
m0 0 14
m1 0 13
m2 7 9
1 9 0
2 9 0
3 9 0
t 2 43
m0 0 13
m1 0 14
m2 8 9
1 9 1
2 9 1
3 9 1
t 1 43
m0 0 14
m1 0 13
m2 8 10
1 9 1
2 9 1
3 9 1
t 0 43
