10
15
w 7 3
w 8 13
w 9 1
w 6 6
w 3 11
w 5 13
w 1 6
w 9 4
w 5 1
w 2 5
w 1 11
w 4 9
w 3 3
w 2 9
w 8 1
w 2 13
w 7 10
w 0 4
w 3 6
w 4 1
w 5 11
w 9 3
w 1 9
w 6 5
w 5 3
w 0 1
w 3 12
w 5 7
w 0 13
w 5 14
w 2 0
w 1 8
w 8 8
w 9 5
w 7 8
w 2 4
w 8 4
p 6 9
p 3 0
p 2 8
p 7 12
p 2 1
p 8 9
p 6 2
p 2 12
p 0 10
p 7 11
p 0 3
p 8 5
p 5 8
p 7 2
p 5 5
p 3 10
p 1 14
p 8 10
p 1 5
p 9 11
p 5 0
p 1 10
p 8 6
p 1 1
p 4 10
p 3 2
p 5 4
p 9 14
p 3 13
p 6 11
p 1 13
p 8 11
p 5 2
p 2 10
p 7 5
p 0 5
p 1 0
p 4 11
p 3 5
p 2 7
p 8 3
p 7 0
p 6 8
p 8 12
p 6 1
p 7 13
p 2 11
p 3 1
p 3 8
p 0 6
p 6 13
p 1 7
p 0 9
p 3 4
p 0 2
p 9 12
m0 0 14
m1 0 14
m2 0 14
1 9 0
2 9 0
3 9 0
t 300 0
m0 0 14
m1 0 14
m2 0 14
1 8 0
2 8 0
3 8 0
t 299 0
m0 1 14
m1 0 14
m2 1 14
1 9 0
2 9 0
3 9 0
t 298 1
m0 1 13
m1 1 14
m2 1 14
1 8 0
2 8 0
3 8 0
t 297 2
m0 1 13
m1 0 14
m2 1 14
1 9 0
2 9 0
3 9 0
t 296 2
m0 1 12
m1 0 14
m2 1 13
1 8 0
2 8 0
3 8 0
f 9 7
t 295 2
m0 0 12
m1 1 14
m2 1 13
1 9 0
2 9 0
3 9 0
t 294 2
m0 0 11
m1 2 14
m2 1 14
1 8 0
2 8 0
3 8 0
t 293 2
m0 0 11
m1 1 14
m2 2 14
1 9 0
2 9 0
3 9 0
t 292 2
m0 0 12
m1 0 14
m2 1 14
1 8 0
2 8 0
3 8 0
t 291 2
m0 0 12
m1 1 14
m2 2 14
1 9 0
2 9 0
3 9 0
t 290 2
m0 0 12
m1 1 13
m2 1 14
1 8 0
2 8 0
3 8 0
t 289 2
m0 1 12
m1 1 12
m2 1 14
1 9 0
2 9 0
3 9 0
t 288 2
m0 2 12
m1 1 12
m2 1 13
1 8 0
2 8 0
3 8 0
t 287 3
m0 2 12
m1 2 12
m2 1 13
1 9 0
2 9 0
3 9 0
t 286 3
m0 2 12
m1 2 11
m2 1 14
1 8 0
2 8 0
3 8 0
t 285 4
m0 2 12
m1 2 10
m2 1 13
1 9 0
2 9 0
3 9 0
t 284 5
m0 2 12
m1 3 10
m2 1 12
1 8 0
2 8 0
3 8 0
t 283 6
m0 2 12
m1 2 10
m2 2 12
1 9 0
2 9 0
3 9 0
t 282 6
m0 2 12
m1 2 11
m2 1 12
1 8 0
2 8 0
3 8 0
t 281 6
m0 2 11
m1 2 12
m2 2 12
1 9 0
2 9 0
3 9 0
t 280 6
m0 2 10
m1 2 11
m2 2 12
1 8 0
2 8 0
3 8 0
t 279 6
m0 2 10
m1 2 12
m2 1 12
1 9 0
2 9 0
3 9 0
t 278 6
m0 2 11
m1 2 12
m2 1 12
1 8 0
2 8 0
3 8 0
t 277 6
m0 2 12
m1 2 12
m2 0 12
1 9 0
2 9 0
3 9 0
t 276 6
m0 2 11
m1 2 12
m2 0 12
1 8 0
2 8 0
3 8 0
t 275 6
m0 2 10
m1 1 12
m2 0 11
1 9 0
2 9 0
3 9 0
t 274 6
m0 2 11
m1 0 12
m2 0 12
1 8 0
2 8 0
3 8 0
t 273 6
m0 2 11
m1 1 12
m2 1 12
1 9 0
2 9 0
3 9 0
t 272 6
m0 2 10
m1 1 12
m2 1 13
1 8 0
2 8 0
3 8 0
t 271 6
m0 2 11
m1 2 12
m2 1 12
1 9 0
2 9 0
3 9 0
t 270 6
m0 2 11
m1 2 11
m2 1 13
1 8 0
2 8 0
3 8 0
t 269 6
m0 2 10
m1 2 10
m2 1 13
1 9 0
2 9 0
3 9 0
t 268 6
m0 3 10
m1 2 10
m2 1 13
1 8 0
2 8 0
3 8 0
t 267 6
m0 4 10
m1 2 11
m2 1 12
1 9 0
2 9 0
3 9 0
t 266 7
m0 4 11
m1 2 11
m2 0 12
1 8 0
2 8 0
3 8 0
t 265 8
m0 4 11
m1 2 11
m2 0 11
1 9 0
2 9 0
3 9 0
t 264 8
m0 4 11
m1 2 11
m2 0 10
1 8 0
2 8 0
3 8 0
t 263 9
m0 4 10
m1 2 10
m2 1 10
1 9 0
2 9 0
3 9 0
t 262 10
m0 4 11
m1 2 10
m2 0 10
1 8 0
2 8 0
3 8 0
t 261 10
m0 4 12
m1 3 10
m2 0 10
1 9 0
2 9 0
3 9 0
t 260 10
m0 5 12
m1 3 9
m2 0 10
1 8 0
2 8 0
3 8 0
t 259 10
m0 6 12
m1 3 8
m2 0 9
1 9 0
2 9 0
3 9 0
t 258 12
m0 7 12
m1 2 8
m2 0 9
1 8 0
2 8 0
3 8 0
t 257 14
m0 7 13
m1 2 7
m2 0 9
1 9 0
2 9 0
3 9 0
t 256 16
m0 7 14
m1 1 7
m2 0 8
1 8 0
2 8 0
3 8 0
t 255 17
m0 6 14
m1 1 7
m2 0 9
1 9 0
2 9 0
3 9 0
t 254 17
m0 6 13
m1 2 7
m2 0 8
1 8 0
2 8 0
3 8 0
t 253 18
m0 6 14
m1 2 6
m2 0 8
1 9 0
2 9 0
3 9 0
t 252 18
m0 6 13
m1 2 7
m2 0 9
1 8 0
2 8 0
3 8 0
t 251 18
m0 6 12
m1 2 6
m2 0 9
1 9 0
2 9 0
3 9 0
t 250 18
m0 7 12
m1 2 6
m2 0 9
1 8 0
2 8 0
3 8 0
t 249 18
m0 7 12
m1 2 7
m2 0 9
1 9 0
2 9 0
3 9 0
t 248 18
m0 7 11
m1 2 6
m2 0 8
1 8 0
2 8 0
3 8 0
t 247 19
m0 8 11
m1 2 6
m2 0 8
1 9 0
2 9 0
3 9 0
t 246 20
m0 8 10
m1 2 7
m2 0 7
1 8 0
2 8 0
3 8 0
t 245 21
m0 8 10
m1 2 6
m2 0 6
1 9 0
2 9 0
3 9 0
t 244 22
m0 9 10
m1 2 7
m2 0 5
1 8 0
2 8 0
3 8 0
t 243 23
m0 9 11
m1 3 7
m2 0 5
1 9 0
2 9 0
3 9 0
t 242 24
m0 8 11
m1 4 7
m2 0 6
1 8 0
2 8 0
3 8 0
t 241 24
m0 8 10
m1 3 7
m2 0 6
1 9 0
2 9 0
3 9 0
t 240 24
m0 8 9
m1 4 7
m2 0 5
1 8 0
2 8 0
3 8 0
t 239 25
m0 7 9
m1 4 8
m2 0 5
1 9 0
2 9 0
3 9 0
t 238 25
m0 8 9
m1 4 8
m2 1 5
1 8 0
2 8 0
3 8 0
t 237 26
m0 9 9
m1 4 8
m2 1 5
1 7 0
2 7 0
3 7 0
t 236 26
m0 9 8
m1 3 8
m2 1 5
1 6 0
2 6 0
3 6 0
t 235 26
m0 9 7
m1 4 8
m2 1 5
1 7 0
2 7 0
3 7 0
t 234 36
m0 9 6
m1 4 7
m2 1 5
1 6 0
2 6 0
3 6 0
t 233 36
m0 9 6
m1 3 7
m2 0 5
1 5 0
2 5 0
3 5 0
t 232 36
m0 9 6
m1 2 7
m2 1 5
1 6 0
2 6 0
3 6 0
t 231 36
m0 9 7
m1 2 6
m2 1 5
1 7 0
2 7 0
3 7 0
t 230 36
m0 9 6
m1 2 6
m2 1 4
1 6 0
2 6 0
3 6 0
t 229 36
m0 9 7
m1 2 6
m2 1 3
1 7 0
2 7 0
3 7 0
t 228 36
m0 9 6
m1 2 6
m2 1 4
1 6 0
2 6 0
3 6 0
t 227 36
m0 9 7
m1 2 7
m2 1 5
1 7 0
2 7 0
3 7 0
t 226 36
m0 9 8
m1 2 7
m2 1 5
1 6 0
2 6 0
3 6 0
t 225 36
m0 9 9
m1 2 7
m2 1 4
1 7 0
2 7 0
3 7 0
t 224 36
m0 9 10
m1 2 7
m2 1 5
1 8 0
2 8 0
3 8 0
t 223 36
m0 9 11
m1 3 7
m2 1 4
1 9 0
2 9 0
3 9 0
t 222 36
m0 9 12
m1 3 8
m2 1 3
1 8 0
2 8 0
3 8 0
t 221 37
m0 8 12
m1 2 8
m2 1 3
1 9 0
2 9 0
3 9 0
t 220 38
m0 9 12
m1 2 7
m2 2 3
1 8 0
2 8 0
3 8 0
t 219 38
m0 9 11
m1 2 6
m2 2 3
1 9 0
2 9 0
3 9 0
t 218 38
m0 8 11
m1 2 7
m2 2 3
1 8 0
2 8 0
3 8 0
t 217 38
m0 9 11
m1 2 8
m2 2 3
1 9 0
2 9 0
3 9 0
t 216 38
m0 9 12
m1 2 7
m2 2 2
1 8 0
2 8 0
3 8 0
t 215 38
m0 9 13
m1 1 7
m2 2 1
1 9 0
2 9 0
3 9 0
t 214 39
m0 9 14
m1 1 7
m2 2 1
1 8 0
2 8 0
3 8 0
t 213 40
m0 9 14
m1 0 7
m2 2 2
1 9 0
2 9 0
3 9 0
t 212 40
m0 9 13
m1 0 7
m2 1 2
1 8 0
2 8 0
3 8 0
t 211 40
m0 9 12
m1 0 8
m2 2 2
1 9 0
2 9 0
3 9 0
t 210 40
m0 8 12
m1 0 9
m2 2 3
1 8 0
2 8 0
3 8 0
t 209 40
m0 7 12
m1 0 10
m2 2 3
1 9 0
2 9 0
3 9 0
t 208 40
m0 6 12
m1 0 10
m2 1 3
1 8 0
2 8 0
3 8 0
t 207 40
m0 6 12
m1 0 9
m2 2 3
1 9 0
2 9 0
3 9 0
t 206 40
m0 6 13
m1 0 8
m2 1 3
1 8 0
2 8 0
3 8 0
t 205 40
m0 6 13
m1 0 9
m2 0 3
1 9 0
2 9 0
3 9 0
t 204 41
m0 6 13
m1 0 8
m2 1 3
1 8 0
2 8 0
3 8 0
t 203 41
m0 6 14
m1 0 7
m2 1 2
1 9 0
2 9 0
3 9 0
t 202 41
m0 6 14
m1 1 7
m2 2 2
1 8 0
2 8 0
3 8 0
t 201 41
m0 6 14
m1 1 7
m2 2 1
1 9 0
2 9 0
3 9 0
t 200 41
m0 7 14
m1 1 7
m2 2 1
1 8 0
2 8 0
3 8 0
t 199 41
m0 6 14
m1 0 7
m2 2 1
1 9 0
2 9 0
3 9 0
t 198 41
m0 6 14
m1 0 8
m2 3 1
1 8 0
2 8 0
3 8 0
t 197 42
m0 7 14
m1 0 8
m2 2 1
1 9 0
2 9 0
3 9 0
t 196 42
m0 8 14
m1 0 8
m2 2 2
1 8 0
2 8 0
3 8 0
t 195 42
m0 8 14
m1 0 9
m2 2 1
1 9 0
2 9 0
3 9 0
t 194 42
m0 7 14
m1 0 10
m2 2 1
1 8 0
2 8 0
3 8 0
t 193 42
m0 6 14
m1 0 9
m2 2 2
1 9 0
2 9 0
3 9 0
t 192 42
m0 7 14
m1 0 9
m2 2 2
1 8 0
2 8 0
3 8 0
t 191 42
m0 8 14
m1 0 9
m2 2 2
1 9 0
2 9 0
3 9 0
t 190 42
m0 7 14
m1 0 10
m2 2 2
1 8 0
2 8 0
3 8 0
t 189 42
m0 6 14
m1 0 10
m2 2 3
1 9 0
2 9 0
3 9 0
t 188 42
m0 6 13
m1 0 11
m2 2 3
1 8 0
2 8 0
3 8 0
f 0 9
t 187 42
m0 6 13
m1 0 12
m2 1 3
1 9 0
2 9 0
3 9 0
t 186 42
m0 6 13
m1 0 11
m2 1 4
1 8 0
2 8 0
3 8 0
t 185 42
m0 7 13
m1 0 11
m2 1 4
1 9 0
2 9 0
3 9 0
t 184 42
m0 7 12
m1 0 10
m2 1 3
1 8 0
2 8 0
3 8 0
t 183 42
m0 7 11
m1 0 9
m2 1 2
1 9 0
2 9 0
3 9 0
t 182 52
m0 7 12
m1 0 10
m2 2 2
1 8 0
2 8 0
3 8 0
t 181 52
m0 6 12
m1 1 10
m2 3 2
1 9 0
2 9 0
3 9 0
f 0 6
t 180 53
m0 7 12
m1 2 10
m2 3 2
1 8 0
2 8 0
3 8 0
t 179 53
m0 6 12
m1 1 10
m2 2 2
1 9 0
2 9 0
3 9 0
t 178 53
m0 5 12
m1 2 10
m2 1 2
1 8 0
2 8 0
3 8 0
t 177 53
m0 6 12
m1 2 10
m2 0 2
1 9 0
2 9 0
3 9 0
t 176 54
m0 6 13
m1 2 11
m2 0 2
1 8 0
2 8 0
3 8 0
t 175 54
m0 6 14
m1 2 12
m2 0 2
1 9 0
2 9 0
3 9 0
t 174 54
m0 7 14
m1 2 11
m2 0 3
1 8 0
2 8 0
3 8 0
t 173 54
m0 7 13
m1 2 10
m2 0 3
1 9 0
2 9 0
3 9 0
t 172 54
m0 6 13
m1 3 10
m2 0 3
1 8 0
2 8 0
3 8 0
t 171 54
m0 6 12
m1 3 9
m2 1 3
1 9 0
2 9 0
3 9 0
t 170 54
m0 6 13
m1 3 9
m2 1 2
1 8 0
2 8 0
3 8 0
t 169 54
m0 6 13
m1 3 10
m2 1 2
1 9 0
2 9 0
3 9 0
t 168 54
m0 7 13
m1 3 9
m2 1 2
1 8 0
2 8 0
3 8 0
t 167 54
m0 7 13
m1 3 8
m2 0 2
1 9 0
2 9 0
3 9 0
t 166 54
m0 6 13
m1 2 8
m2 1 2
1 8 0
2 8 0
3 8 0
t 165 54
m0 7 13
m1 3 8
m2 1 1
1 9 0
2 9 0
3 9 0
t 164 55
m0 7 12
m1 3 7
m2 1 0
1 8 0
2 8 0
3 8 0
t 163 56
m0 7 11
m1 3 7
m2 1 1
1 9 0
2 9 0
3 9 0
t 162 56
m0 7 12
m1 3 8
m2 2 1
1 8 0
2 8 0
3 8 0
t 161 56
m0 7 11
m1 4 8
m2 2 2
1 9 0
2 9 0
3 9 0
t 160 56
m0 8 11
m1 5 8
m2 2 2
1 8 0
2 8 0
3 8 0
t 159 57
m0 8 12
m1 5 9
m2 2 3
1 9 0
2 9 0
3 9 0
t 158 57
m0 7 12
m1 5 8
m2 2 3
1 8 0
2 8 0
3 8 0
t 157 57
m0 7 11
m1 5 8
m2 1 3
1 9 0
2 9 0
3 9 0
t 156 57
m0 7 11
m1 6 8
m2 1 4
1 8 0
2 8 0
3 8 0
t 155 58
m0 8 11
m1 6 8
m2 1 5
1 9 0
2 9 0
3 9 0
t 154 58
m0 8 10
m1 6 7
m2 1 5
1 8 0
2 8 0
3 8 0
t 153 58
m0 9 10
m1 6 7
m2 1 5
1 9 0
2 9 0
3 9 0
t 152 58
m0 8 10
m1 7 7
m2 1 5
1 8 0
2 8 0
3 8 0
t 151 58
m0 8 10
m1 6 7
m2 0 5
1 9 0
2 9 0
3 9 0
t 150 58
m0 8 11
m1 6 7
m2 0 5
1 8 0
2 8 0
3 8 0
t 149 58
m0 9 11
m1 6 7
m2 1 5
1 9 0
2 9 0
3 9 0
t 148 58
m0 8 11
m1 6 8
m2 0 5
1 8 0
2 8 0
3 8 0
t 147 58
m0 7 11
m1 6 8
m2 0 6
1 9 0
2 9 0
3 9 0
t 146 68
m0 8 11
m1 6 8
m2 0 5
1 8 0
2 8 0
3 8 0
t 145 68
m0 7 11
m1 5 8
m2 1 5
1 9 0
2 9 0
3 9 0
t 144 68
m0 7 11
m1 5 9
m2 0 5
1 8 0
2 8 0
3 8 0
t 143 68
m0 6 11
m1 5 8
m2 0 6
1 9 0
2 9 0
3 9 0
t 142 69
m0 6 12
m1 5 9
m2 0 7
1 8 0
2 8 0
3 8 0
t 141 69
m0 6 12
m1 5 9
m2 0 6
1 9 0
2 9 0
3 9 0
t 140 69
m0 6 11
m1 5 8
m2 0 5
1 8 0
2 8 0
3 8 0
t 139 69
m0 6 12
m1 5 8
m2 0 5
1 9 0
2 9 0
3 9 0
t 138 69
m0 6 12
m1 6 8
m2 1 5
1 8 0
2 8 0
3 8 0
t 137 69
m0 7 12
m1 6 7
m2 0 5
1 9 0
2 9 0
3 9 0
t 136 69
m0 7 12
m1 6 7
m2 0 6
1 8 0
2 8 0
3 8 0
t 135 69
m0 7 12
m1 6 8
m2 0 7
1 9 0
2 9 0
3 9 0
t 134 69
m0 8 12
m1 6 8
m2 0 8
1 8 0
2 8 0
3 8 0
t 133 69
m0 8 12
m1 6 7
m2 0 7
1 9 0
2 9 0
3 9 0
t 132 69
m0 9 12
m1 7 7
m2 0 6
1 8 0
2 8 0
3 8 0
t 131 69
m0 8 12
m1 7 6
m2 0 6
1 9 0
2 9 0
3 9 0
t 130 69
m0 8 12
m1 7 5
m2 0 5
1 8 0
2 8 0
3 8 0
t 129 70
m0 9 12
m1 8 5
m2 0 5
1 9 0
2 9 0
3 9 0
t 128 71
m0 9 13
m1 8 5
m2 1 5
1 8 0
2 8 0
3 8 0
t 127 71
m0 9 13
m1 8 6
m2 0 5
1 9 0
2 9 0
3 9 0
t 126 72
m0 9 14
m1 8 6
m2 1 5
1 8 0
2 8 0
3 8 0
t 125 72
m0 9 14
m1 8 5
m2 1 4
1 9 0
2 9 0
3 9 0
t 124 72
m0 9 13
m1 8 5
m2 1 4
1 8 0
2 8 0
3 8 0
t 123 72
m0 9 12
m1 8 6
m2 1 5
1 9 0
2 9 0
3 9 0
t 122 72
m0 8 12
m1 8 5
m2 0 5
1 8 0
2 8 0
3 8 0
t 121 72
m0 7 12
m1 8 6
m2 0 5
1 9 0
2 9 0
3 9 0
t 120 72
m0 7 11
m1 8 6
m2 1 5
1 8 0
2 8 0
3 8 0
f 3 2
t 119 72
m0 6 11
m1 8 5
m2 1 5
1 9 0
2 9 0
3 9 0
t 118 72
m0 6 11
m1 8 5
m2 1 5
1 8 0
2 8 0
3 8 0
t 117 72
m0 7 11
m1 7 5
m2 1 4
1 9 0
2 9 0
3 9 0
t 116 72
m0 8 11
m1 7 5
m2 1 4
1 8 0
2 8 0
3 8 0
t 115 72
m0 8 11
m1 7 6
m2 1 4
1 9 0
2 9 0
3 9 0
t 114 72
m0 8 10
m1 7 6
m2 1 4
1 8 0
2 8 0
3 8 0
t 113 72
m0 8 9
m1 7 5
m2 1 4
1 9 0
2 9 0
3 9 0
t 112 72
m0 9 9
m1 7 6
m2 1 3
1 8 0
2 8 0
3 8 0
t 111 72
m0 9 8
m1 7 5
m2 2 3
1 9 0
2 9 0
3 9 0
t 110 72
m0 9 8
m1 8 5
m2 2 2
1 8 0
2 8 0
3 8 0
t 109 72
m0 9 8
m1 7 5
m2 3 2
1 9 0
2 9 0
3 9 0
t 108 82
m0 9 7
m1 7 5
m2 3 1
1 8 0
2 8 0
3 8 0
f 4 14
t 107 82
m0 8 7
m1 8 5
m2 3 1
1 9 0
2 9 0
3 9 0
t 106 82
m0 7 7
m1 7 5
m2 3 0
1 8 0
2 8 0
3 8 0
t 105 83
m0 7 7
m1 7 4
m2 3 0
1 9 0
2 9 0
3 9 0
t 104 83
m0 8 7
m1 7 5
m2 4 0
1 8 0
2 8 0
3 8 0
t 103 83
m0 8 6
m1 7 4
m2 5 0
1 9 0
2 9 0
3 9 0
t 102 84
m0 7 6
m1 6 4
m2 4 0
1 8 0
2 8 0
3 8 0
t 101 84
m0 7 5
m1 5 4
m2 5 0
1 9 0
2 9 0
3 9 0
t 100 85
m0 8 5
m1 5 5
m2 6 0
1 8 0
2 8 0
3 8 0
t 99 86
m0 8 5
m1 5 6
m2 6 1
1 9 0
2 9 0
3 9 0
t 98 87
m0 7 5
m1 5 6
m2 6 0
1 8 0
2 8 0
3 8 0
t 97 87
m0 7 4
m1 5 5
m2 7 0
1 9 0
2 9 0
3 9 0
t 96 88
m0 6 4
m1 5 5
m2 7 0
1 8 0
2 8 0
3 8 0
t 95 88
m0 6 3
m1 5 4
m2 6 0
1 9 0
2 9 0
3 9 0
t 94 88
m0 6 2
m1 4 4
m2 6 0
1 8 0
2 8 0
3 8 0
t 93 89
m0 6 2
m1 3 4
m2 6 0
1 9 0
2 9 0
3 9 0
t 92 90
m0 6 1
m1 3 5
m2 5 0
1 8 0
2 8 0
3 8 0
t 91 91
m0 6 2
m1 4 5
m2 4 0
1 9 0
2 9 0
3 9 0
t 90 91
m0 7 2
m1 4 5
m2 3 0
1 8 0
2 8 0
3 8 0
t 89 92
m0 7 2
m1 4 5
m2 3 1
1 9 0
2 9 0
3 9 0
t 88 92
m0 7 2
m1 5 5
m2 3 1
1 8 0
2 8 0
3 8 0
t 87 92
m0 7 2
m1 5 4
m2 3 2
1 9 0
2 9 0
3 9 0
t 86 92
m0 6 2
m1 5 4
m2 4 2
1 8 0
2 8 0
3 8 0
t 85 92
m0 7 2
m1 4 4
m2 4 2
1 9 0
2 9 0
3 9 0
t 84 92
m0 6 2
m1 5 4
m2 4 2
1 8 0
2 8 0
3 8 0
t 83 92
m0 5 2
m1 5 5
m2 4 2
1 9 0
2 9 0
3 9 0
t 82 93
m0 5 2
m1 5 4
m2 4 2
1 8 0
2 8 0
3 8 0
t 81 93
m0 6 2
m1 6 4
m2 4 2
1 9 0
2 9 0
3 9 0
t 80 93
m0 6 3
m1 6 4
m2 4 3
1 8 0
2 8 0
3 8 0
t 79 93
m0 6 4
m1 6 4
m2 4 4
1 9 0
2 9 0
3 9 0
t 78 93
m0 7 4
m1 6 3
m2 4 5
1 8 0
2 8 0
3 8 0
t 77 93
m0 6 4
m1 6 4
m2 4 6
1 9 0
2 9 0
3 9 0
t 76 93
m0 6 4
m1 5 4
m2 4 7
1 8 0
2 8 0
3 8 0
t 75 93
m0 7 4
m1 5 4
m2 4 8
1 9 0
2 9 0
3 9 0
t 74 93
m0 6 4
m1 6 4
m2 5 8
1 8 0
2 8 0
3 8 0
t 73 93
m0 5 4
m1 5 4
m2 5 9
1 9 0
2 9 0
3 9 0
t 72 93
m0 4 4
m1 5 4
m2 5 9
1 8 0
2 8 0
3 8 0
t 71 93
m0 4 3
m1 5 4
m2 5 9
1 9 0
2 9 0
3 9 0
t 70 93
m0 4 3
m1 4 4
m2 5 10
1 8 0
2 8 0
3 8 0
t 69 93
m0 4 3
m1 4 3
m2 5 10
1 9 0
2 9 0
3 9 0
t 68 93
m0 4 3
m1 4 4
m2 6 10
1 8 0
2 8 0
3 8 0
t 67 93
m0 4 3
m1 3 4
m2 6 9
1 9 0
2 9 0
3 9 0
t 66 94
m0 4 3
m1 4 4
m2 5 9
1 8 0
2 8 0
3 8 0
t 65 94
m0 4 3
m1 4 3
m2 5 10
1 9 0
2 9 0
3 9 0
t 64 94
m0 4 2
m1 4 4
m2 4 10
1 8 0
2 8 0
3 8 0
t 63 94
m0 4 2
m1 3 4
m2 4 11
1 9 0
2 9 0
3 9 0
t 62 94
m0 4 3
m1 3 5
m2 4 12
1 8 0
2 8 0
3 8 0
t 61 94
m0 4 4
m1 4 5
m2 4 13
1 9 0
2 9 0
3 9 0
t 60 94
m0 4 4
m1 5 5
m2 4 13
1 8 0
2 8 0
3 8 0
t 59 94
m0 4 4
m1 5 4
m2 4 14
1 9 0
2 9 0
3 9 0
t 58 104
m0 4 4
m1 5 4
m2 3 14
1 8 0
2 8 0
3 8 0
f 1 14
t 57 104
m0 5 4
m1 6 4
m2 3 13
1 9 0
2 9 0
3 9 0
t 56 105
m0 5 4
m1 6 4
m2 3 13
1 8 0
2 8 0
3 8 0
t 55 105
m0 5 4
m1 6 3
m2 3 14
1 9 0
2 9 0
3 9 0
t 54 105
m0 5 4
m1 6 3
m2 2 14
1 8 0
2 8 0
3 8 0
t 53 105
m0 6 4
m1 6 2
m2 2 14
1 9 0
2 9 0
3 9 0
t 52 105
m0 6 4
m1 7 2
m2 1 14
1 8 0
2 8 0
3 8 0
t 51 115
m0 7 4
m1 7 1
m2 2 14
1 9 0
2 9 0
3 9 0
t 50 115
m0 7 4
m1 7 1
m2 3 14
1 8 0
2 8 0
3 8 0
t 49 115
m0 6 4
m1 6 1
m2 2 14
1 9 0
2 9 0
3 9 0
t 48 115
m0 5 4
m1 6 0
m2 1 14
1 8 0
2 8 0
3 8 0
t 47 115
m0 5 5
m1 6 1
m2 1 14
1 9 0
2 9 0
3 9 0
t 46 115
m0 5 4
m1 6 1
m2 0 14
1 8 0
2 8 0
3 8 0
t 45 115
m0 5 4
m1 6 1
m2 1 14
1 9 0
2 9 0
3 9 0
t 44 115
m0 4 4
m1 6 2
m2 0 14
1 8 0
2 8 0
3 8 0
t 43 115
m0 4 4
m1 5 2
m2 1 14
1 9 0
2 9 0
3 9 0
t 42 115
m0 4 4
m1 6 2
m2 2 14
1 8 0
2 8 0
3 8 0
t 41 115
m0 4 5
m1 5 2
m2 1 14
1 9 0
2 9 0
3 9 0
t 40 115
m0 4 6
m1 6 2
m2 2 14
1 8 0
2 8 0
3 8 0
f 4 7
t 39 115
m0 4 6
m1 6 3
m2 1 14
1 9 0
2 9 0
3 9 0
t 38 115
m0 4 7
m1 6 3
m2 1 13
1 8 0
2 8 0
3 8 0
t 37 125
m0 4 8
m1 6 4
m2 1 13
1 9 0
2 9 0
3 9 0
t 36 125
m0 3 8
m1 5 4
m2 1 14
1 8 0
2 8 0
3 8 0
f 0 14
t 35 125
m0 3 9
m1 5 4
m2 1 13
1 9 0
2 9 0
3 9 0
t 34 125
m0 3 9
m1 6 4
m2 1 13
1 8 0
2 8 0
3 8 0
t 33 125
m0 3 10
m1 5 4
m2 1 14
1 9 0
2 9 0
3 9 0
t 32 125
m0 3 9
m1 5 4
m2 0 14
1 8 0
2 8 0
3 8 0
t 31 135
m0 3 10
m1 5 4
m2 1 14
1 9 0
2 9 0
3 9 0
t 30 135
m0 4 10
m1 4 4
m2 0 14
1 8 0
2 8 0
3 8 0
t 29 135
m0 4 11
m1 4 3
m2 1 14
1 9 0
2 9 0
3 9 0
t 28 135
m0 4 11
m1 4 2
m2 2 14
1 8 0
2 8 0
3 8 0
t 27 135
m0 4 12
m1 5 2
m2 1 14
1 9 0
2 9 0
3 9 0
t 26 135
m0 4 13
m1 5 2
m2 2 14
1 8 0
2 8 0
3 8 0
f 3 14
t 25 135
m0 4 13
m1 4 2
m2 2 14
1 9 0
2 9 0
3 9 0
t 24 135
m0 3 13
m1 5 2
m2 3 14
1 8 0
2 8 0
3 8 0
t 23 145
m0 3 13
m1 6 2
m2 2 14
1 9 0
2 9 0
3 9 0
t 22 145
m0 3 14
m1 6 3
m2 3 14
1 8 0
2 8 0
3 8 0
t 21 145
m0 4 14
m1 6 2
m2 4 14
1 9 0
2 9 0
3 9 0
t 20 145
m0 3 14
m1 5 2
m2 3 14
1 8 0
2 8 0
3 8 0
t 19 145
m0 3 13
m1 4 2
m2 3 13
1 9 0
2 9 0
3 9 0
t 18 145
m0 3 13
m1 5 2
m2 3 13
1 8 0
2 8 0
3 8 0
t 17 145
m0 4 13
m1 5 2
m2 4 13
1 9 0
2 9 0
3 9 0
f 5 0
t 16 145
m0 4 12
m1 5 2
m2 4 12
1 8 0
2 8 0
3 8 0
t 15 145
m0 5 12
m1 5 2
m2 5 12
1 9 0
2 9 0
3 9 0
t 14 145
m0 5 12
m1 5 2
m2 6 12
1 8 0
2 8 0
3 8 0
t 13 145
m0 5 12
m1 5 2
m2 6 11
1 9 0
2 9 0
3 9 0
t 12 145
m0 5 12
m1 5 2
m2 7 11
1 8 0
2 8 0
3 8 0
t 11 145
m0 5 12
m1 6 2
m2 7 12
1 9 0
2 9 0
3 9 0
t 10 145
m0 6 12
m1 6 3
m2 7 11
1 8 0
2 8 0
3 8 0
t 9 145
m0 6 12
m1 6 3
m2 7 11
1 9 0
2 9 0
3 9 0
t 8 145
m0 6 11
m1 6 3
m2 8 11
1 8 0
2 8 0
3 8 0
t 7 145
m0 7 11
m1 6 3
m2 8 12
1 9 0
2 9 0
3 9 0
t 6 145
m0 7 11
m1 6 3
m2 8 11
1 8 0
2 8 0
3 8 0
t 5 145
m0 7 12
m1 6 2
m2 8 10
1 9 0
2 9 0
3 9 0
t 4 145
m0 7 11
m1 5 2
m2 8 9
1 8 0
2 8 0
3 8 0
t 3 145
m0 8 11
m1 6 2
m2 7 9
1 9 0
2 9 0
3 9 0
t 2 145
m0 8 10
m1 5 2
m2 7 9
1 8 0
2 8 0
3 8 0
t 1 145
m0 8 9
m1 6 2
m2 7 9
1 8 0
2 8 0
3 8 0
t 0 145
