10
15
w 4 7
w 3 0
w 2 8
w 5 13
w 8 9
w 4 12
w 1 6
w 9 4
w 2 5
w 0 3
w 1 2
w 8 14
w 6 7
w 3 3
w 3 10
w 8 10
w 4 13
w 6 3
w 7 10
w 0 4
w 1 10
w 4 10
w 3 2
w 2 6
w 9 14
w 8 2
w 4 5
w 9 3
w 0 8
w 6 8
w 8 12
w 9 2
w 6 1
w 8 8
w 6 13
w 5 2
w 2 4
p 5 9
p 7 3
p 9 1
p 5 6
p 9 8
p 7 7
p 6 2
p 0 10
p 2 12
p 7 11
p 5 1
p 3 14
p 9 0
p 5 5
p 8 1
p 5 12
p 4 4
p 1 14
p 6 10
p 0 11
p 5 0
p 2 2
p 8 6
p 4 1
p 6 4
p 5 4
p 7 14
p 3 13
p 6 11
p 1 13
p 8 11
p 2 10
p 9 10
p 0 5
p 2 3
p 4 2
p 6 12
p 1 0
p 4 11
p 6 5
p 3 5
p 8 3
p 4 6
p 1 12
p 7 13
p 0 13
p 3 1
p 9 9
p 2 11
p 2 0
p 1 8
p 4 3
p 1 7
p 9 5
p 7 8
p 9 12
m0 0 14
m1 0 14
m2 0 14
1 9 0
2 9 0
3 9 0
t 300 0
m0 0 13
m1 0 13
m2 0 13
1 8 0
2 9 1
3 8 0
f 3 11
t 299 1
m0 1 13
m1 1 13
m2 1 13
1 9 0
2 9 0
3 9 0
t 298 2
m0 1 14
m1 1 14
m2 1 12
1 8 0
2 9 1
3 8 0
t 297 4
m0 1 13
m1 1 14
m2 2 12
1 9 0
2 9 0
3 9 0
t 296 5
m0 2 13
m1 1 13
m2 2 11
1 8 0
2 9 1
3 8 0
t 295 6
m0 3 13
m1 0 13
m2 2 10
1 9 0
2 9 0
3 9 0
t 294 8
m0 3 14
m1 0 12
m2 2 11
1 8 0
2 9 1
3 8 0
t 293 9
m0 3 14
m1 0 11
m2 3 11
1 9 0
2 9 0
3 9 0
t 292 20
m0 4 14
m1 0 10
m2 4 11
1 8 0
2 9 1
3 8 0
t 291 22
m0 5 14
m1 0 10
m2 5 11
1 9 0
2 9 0
3 9 0
t 290 22
m0 6 14
m1 0 9
m2 6 11
1 8 0
2 9 1
3 8 0
f 2 14
t 289 23
m0 7 14
m1 1 9
m2 6 12
1 9 0
2 9 0
3 9 0
t 288 25
m0 7 13
m1 1 8
m2 5 12
1 8 0
2 9 1
3 8 0
t 287 28
m0 7 12
m1 1 7
m2 6 12
1 9 0
2 9 0
3 9 0
t 286 29
m0 7 11
m1 0 7
m2 7 12
1 8 0
2 9 1
3 8 0
t 285 30
m0 8 11
m1 1 7
m2 7 11
1 9 0
2 9 0
3 7 0
t 284 31
m0 9 11
m1 1 8
m2 6 11
1 8 0
2 8 0
3 6 0
t 283 31
m0 9 10
m1 1 7
m2 6 10
1 7 0
2 9 0
3 5 0
t 282 33
m0 9 9
m1 0 7
m2 6 9
1 7 1
2 8 0
3 4 0
t 281 34
m0 9 8
m1 1 7
m2 5 9
1 7 0
2 9 0
3 4 1
t 280 36
m0 9 7
m1 0 7
m2 6 9
1 6 0
2 8 0
3 4 0
t 279 36
m0 9 7
m1 0 6
m2 7 9
1 5 0
2 9 0
3 5 0
t 278 36
m0 8 7
m1 0 5
m2 7 8
1 6 0
2 9 1
3 4 0
t 277 38
m0 8 6
m1 1 5
m2 7 7
1 7 0
2 9 0
3 5 0
t 276 40
m0 8 7
m1 1 5
m2 7 7
1 6 0
2 9 1
3 4 0
t 275 40
m0 8 7
m1 1 5
m2 7 6
1 7 0
2 9 0
3 4 1
t 274 40
m0 8 6
m1 1 5
m2 7 5
1 6 0
2 9 1
3 4 0
t 273 40
m0 9 6
m1 1 5
m2 6 5
1 7 0
2 9 0
3 4 1
t 272 41
m0 9 5
m1 0 5
m2 5 5
1 6 0
2 8 0
3 3 1
t 271 43
m0 9 6
m1 0 5
m2 5 4
1 7 0
2 9 0
3 2 1
t 270 44
m0 9 7
m1 1 5
m2 4 4
1 8 0
2 8 0
3 2 0
t 269 45
m0 9 6
m1 1 4
m2 4 3
1 9 0
2 7 0
3 1 0
t 268 46
m0 9 5
m1 1 3
m2 4 2
1 8 0
2 8 0
3 0 0
t 267 47
m0 9 5
m1 2 3
m2 4 1
1 9 0
2 7 0
3 0 1
t 266 49
m0 9 5
m1 2 2
m2 5 1
1 9 1
2 8 0
3 0 0
t 265 51
m0 8 5
m1 2 1
m2 5 0
1 9 0
2 8 1
3 1 0
t 264 52
m0 8 4
m1 -5 -5
m2 5 0
1 9 1
2 8 0
3 2 0
t 263 53
m0 8 3
m1 -5 -5
m2 5 1
1 9 0
2 7 0
3 1 0
t 262 54
m0 7 3
m1 -5 -5
m2 4 1
1 9 1
2 6 0
3 0 0
t 261 55
m0 7 4
m1 -5 -5
m2 3 1
1 9 0
2 5 0
3 0 1
t 260 56
m0 6 4
m1 -5 -5
m2 2 1
1 9 1
2 6 0
3 0 2
t 259 57
m0 7 4
m1 -5 -5
m2 2 2
1 9 0
2 5 0
3 0 1
t 258 57
m0 6 4
m1 -5 -5
m2 2 3
1 9 1
2 4 0
3 0 0
t 257 57
m0 5 4
m1 -5 -5
m2 2 2
1 9 0
2 5 0
3 0 1
t 256 57
m0 6 4
m1 -5 -5
m2 2 3
1 9 1
2 4 0
3 0 0
t 255 57
m0 6 4
m1 -5 -5
m2 2 3
1 9 0
2 5 0
3 0 1
t 254 57
m0 6 4
m1 -5 -5
m2 1 3
1 9 1
2 4 0
3 0 0
t 253 57
m0 6 4
m1 -5 -5
m2 2 3
1 9 0
2 5 0
3 0 1
t 252 57
m0 5 4
m1 -5 -5
m2 2 2
1 9 1
2 6 0
3 0 0
t 251 57
m0 6 4
m1 -5 -5
m2 2 3
1 9 0
2 5 0
3 0 1
t 250 57
m0 6 4
m1 -5 -5
m2 2 3
1 9 1
2 4 0
3 0 0
t 249 57
m0 7 4
m1 -5 -5
m2 2 2
1 9 0
2 5 0
3 0 1
t 248 57
m0 7 3
m1 -5 -5
m2 2 2
1 9 1
2 4 0
3 0 0
t 247 57
m0 7 3
m1 -5 -5
m2 2 2
1 9 0
2 5 0
3 0 1
t 246 57
m0 7 2
m1 -5 -5
m2 2 3
1 9 1
2 4 0
3 0 0
t 245 57
m0 6 2
m1 -5 -5
m2 1 3
1 9 0
2 4 1
3 1 0
t 244 58
m0 7 2
m1 -5 -5
m2 2 3
1 8 0
2 4 0
3 0 0
t 243 58
m0 7 1
m1 -5 -5
m2 2 2
1 9 0
2 4 1
3 1 0
t 242 58
m0 8 1
m1 -5 -5
m2 2 2
1 8 0
2 5 1
3 0 0
t 241 59
m0 9 1
m1 -5 -5
m2 2 3
1 9 0
2 5 0
3 0 1
t 240 60
m0 -5 -5
m1 -5 -5
m2 2 2
1 9 1
2 6 0
3 0 0
t 239 61
m0 -5 -5
m1 -5 -5
m2 2 2
1 9 0
2 7 0
3 0 1
t 238 61
m0 -5 -5
m1 -5 -5
m2 2 3
1 9 1
2 8 0
3 0 0
t 237 61
m0 -5 -5
m1 -5 -5
m2 2 3
1 9 0
2 9 0
3 0 1
t 236 61
m0 -5 -5
m1 -5 -5
m2 2 3
1 8 0
2 9 1
3 0 0
t 235 61
m0 -5 -5
m1 -5 -5
m2 1 3
1 9 0
2 9 0
3 0 1
t 234 61
m0 -5 -5
m1 -5 -5
m2 2 3
1 8 0
2 9 1
3 0 0
t 233 61
m0 -5 -5
m1 -5 -5
m2 2 2
1 9 0
2 9 0
3 0 1
t 232 61
m0 -5 -5
m1 -5 -5
m2 2 2
1 8 0
2 9 1
3 0 0
t 231 61
m0 -5 -5
m1 -5 -5
m2 2 2
1 9 0
2 9 0
3 0 1
t 230 61
m0 -5 -5
m1 -5 -5
m2 2 3
1 8 0
2 9 1
3 0 0
t 229 61
m0 -5 -5
m1 -5 -5
m2 2 3
1 9 0
2 9 0
3 0 1
t 228 61
m0 -5 -5
m1 -5 -5
m2 1 3
1 8 0
2 9 1
3 0 0
t 227 61
m0 -5 -5
m1 -5 -5
m2 1 3
1 9 0
2 9 0
3 0 1
t 226 61
m0 -5 -5
m1 -5 -5
m2 1 3
1 8 0
2 9 1
3 0 0
t 225 61
m0 -5 -5
m1 -5 -5
m2 1 3
1 9 0
2 9 0
3 0 1
t 224 61
m0 -5 -5
m1 -5 -5
m2 1 4
1 8 0
2 9 1
3 0 0
t 223 61
m0 -5 -5
m1 -5 -5
m2 1 5
1 9 0
2 9 0
3 0 1
t 222 61
m0 -5 -5
m1 -5 -5
m2 1 4
1 8 0
2 9 1
3 0 0
t 221 61
m0 -5 -5
m1 -5 -5
m2 1 3
1 9 0
2 9 0
3 0 1
t 220 61
m0 -5 -5
m1 -5 -5
m2 2 3
1 8 0
2 9 1
3 0 0
t 219 61
m0 -5 -5
m1 -5 -5
m2 2 3
1 9 0
2 9 0
3 0 1
t 218 61
m0 -5 -5
m1 -5 -5
m2 2 2
1 8 0
2 9 1
3 0 0
t 217 61
m0 -5 -5
m1 -5 -5
m2 2 3
1 9 0
2 9 0
3 0 1
t 216 61
m0 -5 -5
m1 -5 -5
m2 2 2
1 8 0
2 9 1
3 0 0
t 215 61
m0 -5 -5
m1 -5 -5
m2 2 2
1 9 0
2 9 0
3 0 1
t 214 61
m0 -5 -5
m1 -5 -5
m2 2 2
1 8 0
2 9 1
3 0 0
t 213 61
m0 -5 -5
m1 -5 -5
m2 2 2
1 9 0
2 9 0
3 0 1
t 212 61
m0 -5 -5
m1 -5 -5
m2 2 3
1 8 0
2 9 1
3 0 0
t 211 61
m0 -5 -5
m1 -5 -5
m2 1 3
1 9 0
2 9 0
3 0 1
t 210 61
m0 -5 -5
m1 -5 -5
m2 1 4
1 8 0
2 9 1
3 0 0
t 209 61
m0 -5 -5
m1 -5 -5
m2 1 4
1 9 0
2 9 0
3 0 1
t 208 61
m0 -5 -5
m1 -5 -5
m2 1 5
1 8 0
2 9 1
3 0 0
t 207 61
m0 -5 -5
m1 -5 -5
m2 1 5
1 9 0
2 9 0
3 0 1
t 206 61
m0 -5 -5
m1 -5 -5
m2 1 5
1 8 0
2 9 1
3 0 0
t 205 61
m0 -5 -5
m1 -5 -5
m2 1 5
1 9 0
2 9 0
3 0 1
t 204 61
m0 -5 -5
m1 -5 -5
m2 1 4
1 8 0
2 9 1
3 0 0
t 203 61
m0 -5 -5
m1 -5 -5
m2 1 5
1 9 0
2 9 0
3 0 1
t 202 61
m0 -5 -5
m1 -5 -5
m2 0 5
1 8 0
2 9 1
3 1 1
t 201 61
m0 -5 -5
m1 -5 -5
m2 0 5
1 9 0
2 9 0
3 2 1
t 200 61
m0 -5 -5
m1 -5 -5
m2 1 5
1 8 0
2 9 1
3 3 1
t 199 61
m0 -5 -5
m1 -5 -5
m2 1 5
1 9 0
2 9 0
3 4 1
t 198 61
m0 -5 -5
m1 -5 -5
m2 0 5
1 8 0
2 9 1
3 5 1
t 197 61
m0 -5 -5
m1 -5 -5
m2 0 6
1 9 0
2 9 0
3 5 0
t 196 61
m0 -5 -5
m1 -5 -5
m2 0 7
1 8 0
2 9 1
3 6 0
t 195 61
m0 -5 -5
m1 -5 -5
m2 1 7
1 9 0
2 9 0
3 7 0
t 194 61
m0 -5 -5
m1 -5 -5
m2 0 7
1 8 0
2 9 1
3 8 0
t 193 61
m0 -5 -5
m1 -5 -5
m2 1 7
1 9 0
2 9 0
3 9 0
t 192 61
m0 -5 -5
m1 -5 -5
m2 0 7
1 8 0
2 9 1
3 8 0
t 191 61
m0 -5 -5
m1 -5 -5
m2 0 7
1 9 0
2 9 0
3 9 0
t 190 61
m0 -5 -5
m1 -5 -5
m2 0 7
1 8 0
2 9 1
3 8 0
t 189 61
m0 -5 -5
m1 -5 -5
m2 0 6
1 9 0
2 9 0
3 9 0
t 188 61
m0 -5 -5
m1 -5 -5
m2 0 6
1 8 0
2 9 1
3 8 0
t 187 61
m0 -5 -5
m1 -5 -5
m2 0 7
1 9 0
2 9 0
3 9 0
t 186 61
m0 -5 -5
m1 -5 -5
m2 1 7
1 8 0
2 9 1
3 8 0
t 185 61
m0 -5 -5
m1 -5 -5
m2 2 7
1 9 0
2 9 0
3 9 0
t 184 61
m0 -5 -5
m1 -5 -5
m2 3 7
1 8 0
2 9 1
3 8 0
t 183 61
m0 -5 -5
m1 -5 -5
m2 3 6
1 9 0
2 9 0
3 9 0
t 182 61
m0 -5 -5
m1 -5 -5
m2 3 5
1 8 0
2 9 1
3 8 0
t 181 62
m0 -5 -5
m1 -5 -5
m2 3 5
1 9 0
2 9 0
3 9 0
t 180 62
m0 -5 -5
m1 -5 -5
m2 3 6
1 8 0
2 9 1
3 8 0
t 179 62
m0 -5 -5
m1 -5 -5
m2 4 6
1 9 0
2 9 0
3 9 0
t 178 63
m0 -5 -5
m1 -5 -5
m2 5 6
1 8 0
2 9 1
3 8 0
t 177 64
m0 -5 -5
m1 -5 -5
m2 5 7
1 9 0
2 9 0
3 9 0
t 176 64
m0 -5 -5
m1 -5 -5
m2 5 8
1 8 0
2 9 1
3 8 0
t 175 64
m0 -5 -5
m1 -5 -5
m2 5 7
1 9 0
2 9 0
3 9 0
t 174 64
m0 -5 -5
m1 -5 -5
m2 5 6
1 8 0
2 9 1
3 8 0
t 173 64
m0 -5 -5
m1 -5 -5
m2 5 5
1 9 0
2 9 0
3 9 0
t 172 64
m0 -5 -5
m1 -5 -5
m2 5 4
1 8 0
2 9 1
3 8 0
t 171 64
m0 -5 -5
m1 -5 -5
m2 5 4
1 9 0
2 9 0
3 9 0
t 170 64
m0 -5 -5
m1 -5 -5
m2 4 4
1 8 0
2 9 1
3 8 0
t 169 64
m0 -5 -5
m1 -5 -5
m2 5 4
1 9 0
2 9 0
3 9 0
t 168 64
m0 -5 -5
m1 -5 -5
m2 5 5
1 8 0
2 9 1
3 8 0
t 167 64
m0 -5 -5
m1 -5 -5
m2 5 6
1 9 0
2 9 0
3 9 0
t 166 64
m0 -5 -5
m1 -5 -5
m2 5 7
1 8 0
2 9 1
3 8 0
t 165 64
m0 -5 -5
m1 -5 -5
m2 5 7
1 9 0
2 9 0
3 9 0
t 164 64
m0 -5 -5
m1 -5 -5
m2 5 7
1 8 0
2 9 1
3 8 0
t 163 64
m0 -5 -5
m1 -5 -5
m2 5 7
1 9 0
2 9 0
3 9 0
t 162 64
m0 -5 -5
m1 -5 -5
m2 5 6
1 8 0
2 9 1
3 8 0
t 161 64
m0 -5 -5
m1 -5 -5
m2 5 5
1 9 0
2 9 0
3 9 0
t 160 64
m0 -5 -5
m1 -5 -5
m2 5 4
1 8 0
2 9 1
3 8 0
t 159 64
m0 -5 -5
m1 -5 -5
m2 6 4
1 9 0
2 9 0
3 9 0
t 158 64
m0 -5 -5
m1 -5 -5
m2 7 4
1 8 0
2 9 1
3 8 0
t 157 64
m0 -5 -5
m1 -5 -5
m2 8 4
1 9 0
2 9 0
3 7 0
t 156 64
m0 -5 -5
m1 -5 -5
m2 8 3
1 8 0
2 9 1
3 6 0
t 155 64
m0 -5 -5
m1 -5 -5
m2 8 4
1 9 0
2 9 0
3 5 0
t 154 64
m0 -5 -5
m1 -5 -5
m2 7 4
1 8 0
2 9 1
3 4 0
t 153 64
m0 -5 -5
m1 -5 -5
m2 8 4
1 7 0
2 9 0
3 4 1
t 152 64
m0 -5 -5
m1 -5 -5
m2 7 4
1 6 0
2 9 1
3 3 1
t 151 64
m0 -5 -5
m1 -5 -5
m2 7 4
1 5 0
2 9 0
3 2 1
t 150 64
m0 -5 -5
m1 -5 -5
m2 7 3
1 4 0
2 9 1
3 1 1
t 149 64
m0 -5 -5
m1 -5 -5
m2 7 4
1 5 0
2 9 0
3 0 1
t 148 64
m0 -5 -5
m1 -5 -5
m2 7 4
1 4 0
2 9 1
3 0 0
t 147 64
m0 -5 -5
m1 -5 -5
m2 7 4
1 5 0
2 9 0
3 0 1
t 146 64
m0 -5 -5
m1 -5 -5
m2 7 5
1 4 0
2 9 1
3 0 0
t 145 64
m0 -5 -5
m1 -5 -5
m2 6 5
1 5 0
2 9 0
3 0 1
t 144 64
m0 -5 -5
m1 -5 -5
m2 6 6
1 4 0
2 9 1
3 0 0
t 143 64
m0 -5 -5
m1 -5 -5
m2 5 6
1 5 0
2 9 0
3 0 1
t 142 64
m0 -5 -5
m1 -5 -5
m2 6 6
1 4 0
2 9 1
3 0 0
t 141 64
m0 -5 -5
m1 -5 -5
m2 5 6
1 5 0
2 9 0
3 0 1
t 140 64
m0 -5 -5
m1 -5 -5
m2 6 6
1 4 0
2 9 1
3 0 0
t 139 64
m0 -5 -5
m1 -5 -5
m2 7 6
1 5 0
2 9 0
3 0 1
t 138 64
m0 -5 -5
m1 -5 -5
m2 7 6
1 4 0
2 9 1
3 0 0
t 137 64
m0 -5 -5
m1 -5 -5
m2 7 5
1 5 0
2 9 0
3 0 1
t 136 64
m0 -5 -5
m1 -5 -5
m2 8 5
1 4 0
2 9 1
3 0 0
t 135 64
m0 -5 -5
m1 -5 -5
m2 7 5
1 5 0
2 9 0
3 0 1
t 134 64
m0 -5 -5
m1 -5 -5
m2 7 4
1 4 0
2 9 1
3 0 0
t 133 64
m0 -5 -5
m1 -5 -5
m2 8 4
1 5 0
2 9 0
3 0 1
t 132 64
m0 -5 -5
m1 -5 -5
m2 7 4
1 4 0
2 9 1
3 0 0
t 131 64
m0 -5 -5
m1 -5 -5
m2 7 5
1 5 0
2 9 0
3 0 1
t 130 64
m0 -5 -5
m1 -5 -5
m2 7 5
1 4 0
2 9 1
3 0 0
t 129 64
m0 -5 -5
m1 -5 -5
m2 6 5
1 5 0
2 9 0
3 0 1
t 128 64
m0 -5 -5
m1 -5 -5
m2 6 5
1 4 0
2 9 1
3 0 0
t 127 64
m0 -5 -5
m1 -5 -5
m2 6 5
1 5 0
2 9 0
3 0 1
t 126 64
m0 -5 -5
m1 -5 -5
m2 6 5
1 4 0
2 9 1
3 0 0
t 125 64
m0 -5 -5
m1 -5 -5
m2 7 5
1 5 0
2 9 0
3 0 1
t 124 64
m0 -5 -5
m1 -5 -5
m2 7 6
1 4 0
2 9 1
3 0 0
t 123 64
m0 -5 -5
m1 -5 -5
m2 8 6
1 5 0
2 9 0
3 0 1
t 122 64
m0 -5 -5
m1 -5 -5
m2 8 5
1 4 0
2 9 1
3 0 0
t 121 64
m0 -5 -5
m1 -5 -5
m2 8 6
1 5 0
2 9 0
3 0 1
t 120 64
m0 -5 -5
m1 -5 -5
m2 8 5
1 4 0
2 9 1
3 0 0
t 119 64
m0 -5 -5
m1 -5 -5
m2 7 5
1 5 0
2 9 0
3 0 1
t 118 64
m0 -5 -5
m1 -5 -5
m2 6 5
1 4 0
2 9 1
3 0 0
t 117 64
m0 -5 -5
m1 -5 -5
m2 7 5
1 5 0
2 9 0
3 0 1
t 116 64
m0 -5 -5
m1 -5 -5
m2 7 4
1 4 0
2 9 1
3 0 0
t 115 64
m0 -5 -5
m1 -5 -5
m2 7 5
1 5 0
2 9 0
3 0 1
t 114 64
m0 -5 -5
m1 -5 -5
m2 7 6
1 4 0
2 9 1
3 0 0
t 113 64
m0 -5 -5
m1 -5 -5
m2 7 6
1 5 0
2 9 0
3 0 1
t 112 64
m0 -5 -5
m1 -5 -5
m2 7 6
1 4 0
2 9 1
3 0 0
t 111 64
m0 -5 -5
m1 -5 -5
m2 7 5
1 5 0
2 9 0
3 0 1
t 110 64
m0 -5 -5
m1 -5 -5
m2 7 4
1 4 0
2 9 1
3 0 0
t 109 64
m0 -5 -5
m1 -5 -5
m2 6 4
1 5 0
2 9 0
3 0 1
t 108 64
m0 -5 -5
m1 -5 -5
m2 6 5
1 4 0
2 9 1
3 0 0
t 107 64
m0 -5 -5
m1 -5 -5
m2 6 5
1 5 0
2 9 0
3 0 1
t 106 64
m0 -5 -5
m1 -5 -5
m2 6 5
1 4 0
2 9 1
3 0 0
t 105 64
m0 -5 -5
m1 -5 -5
m2 5 5
1 5 0
2 9 0
3 0 1
t 104 64
m0 -5 -5
m1 -5 -5
m2 6 5
1 4 0
2 9 1
3 0 0
t 103 64
m0 -5 -5
m1 -5 -5
m2 5 5
1 5 0
2 9 0
3 0 1
t 102 64
m0 -5 -5
m1 -5 -5
m2 5 6
1 4 0
2 9 1
3 0 0
t 101 64
m0 -5 -5
m1 -5 -5
m2 5 5
1 5 0
2 9 0
3 0 1
t 100 64
m0 -5 -5
m1 -5 -5
m2 5 6
1 4 0
2 9 1
3 0 0
t 99 64
m0 -5 -5
m1 -5 -5
m2 4 6
1 5 0
2 9 0
3 0 1
t 98 64
m0 -5 -5
m1 -5 -5
m2 4 6
1 6 0
2 9 1
3 0 0
t 97 64
m0 -5 -5
m1 -5 -5
m2 4 6
1 7 0
2 9 0
3 0 1
t 96 64
m0 -5 -5
m1 -5 -5
m2 4 6
1 8 0
2 9 1
3 0 0
t 95 64
m0 -5 -5
m1 -5 -5
m2 3 6
1 9 0
2 9 0
3 0 1
t 94 64
m0 -5 -5
m1 -5 -5
m2 3 7
1 8 0
2 9 1
3 0 0
t 93 64
m0 -5 -5
m1 -5 -5
m2 3 8
1 9 0
2 9 0
3 0 1
t 92 64
m0 -5 -5
m1 -5 -5
m2 3 8
1 8 0
2 9 1
3 0 0
t 91 64
m0 -5 -5
m1 -5 -5
m2 4 8
1 9 0
2 9 0
3 0 1
t 90 64
m0 -5 -5
m1 -5 -5
m2 3 8
1 8 0
2 9 1
3 0 0
t 89 64
m0 -5 -5
m1 -5 -5
m2 4 8
1 9 0
2 9 0
3 0 1
t 88 64
m0 -5 -5
m1 -5 -5
m2 5 8
1 8 0
2 9 1
3 0 0
t 87 64
m0 -5 -5
m1 -5 -5
m2 5 8
1 9 0
2 9 0
3 0 1
t 86 64
m0 -5 -5
m1 -5 -5
m2 4 8
1 8 0
2 9 1
3 0 0
t 85 64
m0 -5 -5
m1 -5 -5
m2 4 9
1 9 0
2 9 0
3 0 1
t 84 64
m0 -5 -5
m1 -5 -5
m2 4 8
1 8 0
2 9 1
3 0 0
t 83 64
m0 -5 -5
m1 -5 -5
m2 3 8
1 9 0
2 9 0
3 0 1
t 82 64
m0 -5 -5
m1 -5 -5
m2 3 9
1 8 0
2 9 1
3 0 0
t 81 64
m0 -5 -5
m1 -5 -5
m2 2 9
1 9 0
2 9 0
3 0 1
t 80 64
m0 -5 -5
m1 -5 -5
m2 2 9
1 8 0
2 9 1
3 0 0
t 79 64
m0 -5 -5
m1 -5 -5
m2 2 10
1 9 0
2 9 0
3 0 1
t 78 64
m0 -5 -5
m1 -5 -5
m2 2 10
1 8 0
2 9 1
3 0 0
t 77 64
m0 -5 -5
m1 -5 -5
m2 2 9
1 9 0
2 9 0
3 0 1
t 76 64
m0 -5 -5
m1 -5 -5
m2 2 9
1 8 0
2 9 1
3 0 0
t 75 64
m0 -5 -5
m1 -5 -5
m2 2 10
1 9 0
2 9 0
3 0 1
t 74 64
m0 -5 -5
m1 -5 -5
m2 2 9
1 8 0
2 9 1
3 0 0
t 73 64
m0 -5 -5
m1 -5 -5
m2 3 9
1 9 0
2 9 0
3 0 1
t 72 64
m0 -5 -5
m1 -5 -5
m2 2 9
1 8 0
2 9 1
3 0 0
t 71 64
m0 -5 -5
m1 -5 -5
m2 2 9
1 9 0
2 9 0
3 0 1
t 70 64
m0 -5 -5
m1 -5 -5
m2 2 10
1 8 0
2 9 1
3 0 0
t 69 64
m0 -5 -5
m1 -5 -5
m2 2 10
1 9 0
2 9 0
3 0 1
t 68 64
m0 -5 -5
m1 -5 -5
m2 2 9
1 8 0
2 9 1
3 0 0
t 67 64
m0 -5 -5
m1 -5 -5
m2 2 10
1 9 0
2 9 0
3 0 1
t 66 64
m0 -5 -5
m1 -5 -5
m2 2 11
1 8 0
2 9 1
3 0 0
t 65 64
m0 -5 -5
m1 -5 -5
m2 3 11
1 9 0
2 9 0
3 0 1
t 64 64
m0 -5 -5
m1 -5 -5
m2 2 11
1 8 0
2 9 1
3 0 0
t 63 64
m0 -5 -5
m1 -5 -5
m2 1 11
1 9 0
2 9 0
3 0 1
t 62 64
m0 -5 -5
m1 -5 -5
m2 0 11
1 8 0
2 9 1
3 1 1
t 61 64
m0 -5 -5
m1 -5 -5
m2 0 12
1 9 0
2 9 0
3 2 1
t 60 64
m0 -5 -5
m1 -5 -5
m2 0 11
1 8 0
2 9 1
3 3 1
t 59 64
m0 -5 -5
m1 -5 -5
m2 0 11
1 9 0
2 9 0
3 4 1
t 58 64
m0 -5 -5
m1 -5 -5
m2 0 12
1 8 0
2 9 1
3 5 1
t 57 64
m0 -5 -5
m1 -5 -5
m2 0 12
1 9 0
2 9 0
3 5 0
t 56 64
m0 -5 -5
m1 -5 -5
m2 0 12
1 8 0
2 9 1
3 6 0
t 55 64
m0 -5 -5
m1 -5 -5
m2 0 11
1 9 0
2 9 0
3 7 0
t 54 64
m0 -5 -5
m1 -5 -5
m2 1 11
1 8 0
2 9 1
3 8 0
t 53 64
m0 -5 -5
m1 -5 -5
m2 1 12
1 9 0
2 9 0
3 9 0
t 52 64
m0 -5 -5
m1 -5 -5
m2 0 12
1 8 0
2 9 1
3 8 0
t 51 64
m0 -5 -5
m1 -5 -5
m2 0 13
1 9 0
2 9 0
3 9 0
t 50 64
m0 -5 -5
m1 -5 -5
m2 0 14
1 8 0
2 9 1
3 8 0
t 49 64
m0 -5 -5
m1 -5 -5
m2 0 13
1 9 0
2 9 0
3 9 0
t 48 64
m0 -5 -5
m1 -5 -5
m2 0 13
1 8 0
2 9 1
3 8 0
t 47 64
m0 -5 -5
m1 -5 -5
m2 0 13
1 9 0
2 9 0
3 9 0
t 46 64
m0 -5 -5
m1 -5 -5
m2 1 13
1 8 0
2 9 1
3 8 0
t 45 64
m0 -5 -5
m1 -5 -5
m2 0 13
1 9 0
2 9 0
3 9 0
t 44 64
m0 -5 -5
m1 -5 -5
m2 0 13
1 8 0
2 9 1
3 8 0
t 43 64
m0 -5 -5
m1 -5 -5
m2 0 14
1 9 0
2 9 0
3 9 0
t 42 64
m0 -5 -5
m1 -5 -5
m2 0 13
1 8 0
2 9 1
3 8 0
t 41 64
m0 -5 -5
m1 -5 -5
m2 1 13
1 9 0
2 9 0
3 9 0
t 40 64
m0 -5 -5
m1 -5 -5
m2 1 14
1 8 0
2 9 1
3 8 0
t 39 64
m0 -5 -5
m1 -5 -5
m2 2 14
1 9 0
2 9 0
3 9 0
t 38 74
m0 -5 -5
m1 -5 -5
m2 1 14
1 8 0
2 9 1
3 8 0
t 37 74
m0 -5 -5
m1 -5 -5
m2 1 14
1 9 0
2 9 0
3 9 0
t 36 74
m0 -5 -5
m1 -5 -5
m2 0 14
1 8 0
2 9 1
3 8 0
f 0 9
t 35 74
m0 -5 -5
m1 -5 -5
m2 1 14
1 9 0
2 9 0
3 9 0
t 34 74
m0 -5 -5
m1 -5 -5
m2 1 13
1 8 0
2 9 1
3 8 0
t 33 74
m0 -5 -5
m1 -5 -5
m2 0 13
1 9 0
2 9 0
3 9 0
t 32 74
m0 -5 -5
m1 -5 -5
m2 0 13
1 8 0
2 9 1
3 8 0
t 31 74
m0 -5 -5
m1 -5 -5
m2 1 13
1 9 0
2 9 0
3 9 0
t 30 74
m0 -5 -5
m1 -5 -5
m2 1 12
1 8 0
2 9 1
3 8 0
t 29 74
m0 -5 -5
m1 -5 -5
m2 1 11
1 9 0
2 9 0
3 9 0
t 28 74
m0 -5 -5
m1 -5 -5
m2 0 11
1 8 0
2 9 1
3 8 0
t 27 74
m0 -5 -5
m1 -5 -5
m2 0 11
1 9 0
2 9 0
3 9 0
t 26 74
m0 -5 -5
m1 -5 -5
m2 0 10
1 8 0
2 9 1
3 8 0
t 25 74
m0 -5 -5
m1 -5 -5
m2 0 10
1 9 0
2 9 0
3 9 0
t 24 74
m0 -5 -5
m1 -5 -5
m2 0 10
1 8 0
2 9 1
3 8 0
t 23 74
m0 -5 -5
m1 -5 -5
m2 0 11
1 9 0
2 9 0
3 9 0
t 22 74
m0 -5 -5
m1 -5 -5
m2 0 10
1 8 0
2 9 1
3 8 0
t 21 74
m0 -5 -5
m1 -5 -5
m2 0 9
1 9 0
2 9 0
3 9 0
t 20 84
m0 -5 -5
m1 -5 -5
m2 1 9
1 8 0
2 9 1
3 8 0
t 19 84
m0 -5 -5
m1 -5 -5
m2 2 9
1 9 0
2 9 0
3 9 0
t 18 84
m0 -5 -5
m1 -5 -5
m2 2 9
1 8 0
2 9 1
3 8 0
t 17 84
m0 -5 -5
m1 -5 -5
m2 2 9
1 9 0
2 9 0
3 9 0
t 16 84
m0 -5 -5
m1 -5 -5
m2 2 9
1 8 0
2 9 1
3 8 0
t 15 84
m0 -5 -5
m1 -5 -5
m2 1 9
1 9 0
2 9 0
3 9 0
t 14 84
m0 -5 -5
m1 -5 -5
m2 0 9
1 8 0
2 9 1
3 8 0
t 13 84
m0 -5 -5
m1 -5 -5
m2 0 10
1 9 0
2 9 0
3 9 0
t 12 84
m0 -5 -5
m1 -5 -5
m2 0 9
1 8 0
2 9 1
3 8 0
t 11 84
m0 -5 -5
m1 -5 -5
m2 0 9
1 9 0
2 9 0
3 9 0
t 10 84
m0 -5 -5
m1 -5 -5
m2 0 10
1 8 0
2 9 1
3 8 0
t 9 84
m0 -5 -5
m1 -5 -5
m2 0 11
1 9 0
2 9 0
3 9 0
t 8 84
m0 -5 -5
m1 -5 -5
m2 0 12
1 8 0
2 9 1
3 8 0
t 7 84
m0 -5 -5
m1 -5 -5
m2 0 13
1 9 0
2 9 0
3 9 0
t 6 84
m0 -5 -5
m1 -5 -5
m2 0 14
1 8 0
2 9 1
3 8 0
t 5 84
m0 -5 -5
m1 -5 -5
m2 0 13
1 9 0
2 9 0
3 9 0
t 4 84
m0 -5 -5
m1 -5 -5
m2 0 14
1 8 0
2 9 1
3 8 0
t 3 84
m0 -5 -5
m1 -5 -5
m2 0 14
1 9 0
2 9 0
3 9 0
t 2 84
m0 -5 -5
m1 -5 -5
m2 0 13
1 8 0
2 9 1
3 8 0
t 1 84
m0 -5 -5
m1 -5 -5
m2 0 14
1 8 0
2 9 1
3 8 0
t 0 84
