10
15
w 5 9
w 6 6
w 3 0
w 8 0
w 5 13
w 6 2
w 0 10
w 5 8
w 7 2
w 1 2
w 6 10
w 2 13
w 0 11
w 9 11
w 0 4
w 8 6
w 1 1
w 6 4
w 3 2
w 5 4
w 7 14
w 9 14
w 3 13
w 0 12
w 9 10
w 8 7
w 6 12
w 6 5
w 3 5
w 8 12
w 9 2
w 6 1
w 2 11
w 9 9
w 1 8
w 1 7
w 2 4
p 1 3
p 9 1
p 7 7
p 2 12
p 9 4
p 2 5
p 1 11
p 8 5
p 0 3
p 6 14
p 4 0
p 4 9
p 3 3
p 8 1
p 5 12
p 4 4
p 1 14
p 4 13
p 1 5
p 3 6
p 2 2
p 1 10
p 2 6
p 5 11
p 4 5
p 7 1
p 8 11
p 5 2
p 4 14
p 1 4
p 6 0
p 2 10
p 7 5
p 3 9
p 0 5
p 4 2
p 0 8
p 9 6
p 2 14
p 5 3
p 2 7
p 9 13
p 5 10
p 7 0
p 1 12
p 7 13
p 0 13
p 3 1
p 3 8
p 0 6
p 6 13
p 9 5
p 7 8
p 0 2
p 9 12
p 8 4
m0 0 14
m1 0 14
m2 0 14
1 9 0
2 9 0
3 9 0
t 300 0
m0 0 14
m1 1 14
m2 1 14
1 9 1
2 9 1
3 9 1
t 299 1
m0 1 14
m1 1 13
m2 0 14
1 9 0
2 8 1
3 9 0
t 298 1
m0 0 14
m1 1 13
m2 1 14
1 9 1
2 7 1
3 9 1
t 297 1
m0 1 14
m1 1 13
m2 1 13
1 9 0
2 7 0
3 8 1
t 296 1
m0 1 13
m1 1 12
m2 1 14
1 9 1
2 6 0
3 7 1
t 295 2
m0 1 12
m1 1 13
m2 1 14
1 9 0
2 5 0
3 8 1
f 9 0
t 294 2
m0 1 13
m1 1 12
m2 0 14
1 9 1
2 4 0
3 7 1
t 293 2
m0 1 12
m1 1 13
m2 0 14
1 9 0
2 5 0
3 8 1
t 292 2
m0 1 13
m1 1 12
m2 1 14
1 9 1
2 4 0
3 7 1
t 291 2
m0 1 12
m1 1 13
m2 1 13
1 9 0
2 5 0
3 8 1
t 290 2
m0 1 13
m1 1 12
m2 0 13
1 9 1
2 4 0
3 7 1
t 289 3
m0 1 12
m1 1 13
m2 0 14
1 9 0
2 5 0
3 8 1
t 288 3
m0 1 13
m1 0 13
m2 0 13
1 9 1
2 4 0
3 7 1
t 287 3
m0 0 13
m1 1 13
m2 0 13
1 9 0
2 5 0
3 8 1
t 286 3
m0 1 13
m1 1 12
m2 1 13
1 9 1
2 4 0
3 7 1
t 285 3
m0 1 12
m1 2 12
m2 1 13
1 9 0
2 5 0
3 8 1
t 284 4
m0 2 12
m1 3 12
m2 1 14
1 9 1
2 4 0
3 7 1
t 283 4
m0 3 12
m1 2 12
m2 2 14
1 9 0
2 5 0
3 8 1
t 282 5
m0 2 12
m1 3 12
m2 2 14
1 9 1
2 4 0
3 7 1
t 281 5
m0 3 12
m1 2 12
m2 2 14
1 9 0
2 5 0
3 8 1
t 280 5
m0 2 12
m1 3 12
m2 2 14
1 9 1
2 4 0
3 7 1
t 279 5
m0 3 12
m1 2 12
m2 3 14
1 9 0
2 5 0
3 8 1
t 278 5
m0 2 12
m1 3 12
m2 3 14
1 9 1
2 4 0
3 7 1
t 277 5
m0 3 12
m1 2 12
m2 2 14
1 9 0
2 5 0
3 8 1
t 276 5
m0 2 12
m1 3 12
m2 1 14
1 9 1
2 4 0
3 7 1
t 275 5
m0 3 12
m1 2 12
m2 1 14
1 9 0
2 5 0
3 8 1
t 274 5
m0 2 12
m1 3 12
m2 1 13
1 9 1
2 4 0
3 7 1
t 273 5
m0 3 12
m1 2 12
m2 1 12
1 9 0
2 5 0
3 8 1
t 272 5
m0 2 12
m1 3 12
m2 1 13
1 9 1
2 4 0
3 7 1
t 271 5
m0 3 12
m1 2 12
m2 0 13
1 9 0
2 5 0
3 8 1
t 270 5
m0 2 12
m1 3 12
m2 0 14
1 9 1
2 4 0
3 7 1
t 269 5
m0 3 12
m1 2 12
m2 1 14
1 9 0
2 5 0
3 8 1
t 268 5
m0 2 12
m1 3 12
m2 0 14
1 9 1
2 4 0
3 7 1
t 267 5
m0 3 12
m1 2 12
m2 0 14
1 9 0
2 5 0
3 8 1
t 266 5
m0 2 12
m1 3 12
m2 0 14
1 9 1
2 4 0
3 7 1
t 265 5
m0 3 12
m1 2 12
m2 1 14
1 9 0
2 5 0
3 8 1
t 264 5
m0 2 12
m1 3 12
m2 1 13
1 9 1
2 4 0
3 7 1
t 263 5
m0 3 12
m1 2 12
m2 1 13
1 9 0
2 5 0
3 8 1
t 262 5
m0 2 12
m1 3 12
m2 0 13
1 9 1
2 4 0
3 7 1
t 261 5
m0 3 12
m1 2 12
m2 0 13
1 9 0
2 5 0
3 8 1
t 260 5
m0 2 12
m1 3 12
m2 0 14
1 9 1
2 4 0
3 7 1
t 259 5
m0 3 12
m1 2 12
m2 1 14
1 9 0
2 5 0
3 8 1
t 258 5
m0 2 12
m1 3 12
m2 2 14
1 9 1
2 4 0
3 7 1
t 257 5
m0 3 12
m1 2 12
m2 3 14
1 9 0
2 5 0
3 8 1
t 256 5
m0 2 12
m1 3 12
m2 4 14
1 9 1
2 4 0
3 7 1
t 255 6
m0 3 12
m1 2 12
m2 4 14
1 9 0
2 5 0
3 8 1
t 254 6
m0 2 12
m1 3 12
m2 4 14
1 9 1
2 4 0
3 7 1
t 253 6
m0 3 12
m1 2 12
m2 3 14
1 9 0
2 5 0
3 8 1
t 252 6
m0 2 12
m1 3 12
m2 2 14
1 9 1
2 4 0
3 7 1
t 251 6
m0 3 12
m1 2 12
m2 3 14
1 9 0
2 5 0
3 8 1
t 250 6
m0 2 12
m1 3 12
m2 2 14
1 9 1
2 4 0
3 7 1
t 249 6
m0 3 12
m1 2 12
m2 2 14
1 9 0
2 5 0
3 8 1
t 248 6
m0 2 12
m1 3 12
m2 2 14
1 9 1
2 4 0
3 7 1
t 247 6
m0 3 12
m1 2 12
m2 2 14
1 9 0
2 5 0
3 8 1
t 246 6
m0 2 12
m1 3 12
m2 1 14
1 9 1
2 4 0
3 7 1
t 245 6
m0 3 12
m1 2 12
m2 1 14
1 9 0
2 5 0
3 8 1
t 244 6
m0 2 12
m1 3 12
m2 0 14
1 9 1
2 4 0
3 7 1
t 243 6
m0 3 12
m1 2 12
m2 1 14
1 9 0
2 5 0
3 8 1
t 242 6
m0 2 12
m1 3 12
m2 1 14
1 9 1
2 4 0
3 7 1
t 241 6
m0 3 12
m1 2 12
m2 1 14
1 9 0
2 5 0
3 8 1
t 240 6
m0 2 12
m1 3 12
m2 1 14
1 9 1
2 4 0
3 7 1
t 239 6
m0 3 12
m1 2 12
m2 2 14
1 9 0
2 5 0
3 8 1
t 238 6
m0 2 12
m1 3 12
m2 3 14
1 9 1
2 4 0
3 7 1
t 237 6
m0 3 12
m1 2 12
m2 2 14
1 9 0
2 5 0
3 8 1
t 236 6
m0 2 12
m1 3 12
m2 2 14
1 9 1
2 4 0
3 7 1
t 235 6
m0 3 12
m1 2 12
m2 3 14
1 9 0
2 5 0
3 8 1
t 234 6
m0 2 12
m1 3 12
m2 2 14
1 9 1
2 4 0
3 7 1
t 233 6
m0 3 12
m1 2 12
m2 2 14
1 9 0
2 5 0
3 8 1
t 232 6
m0 2 12
m1 3 12
m2 3 14
1 9 1
2 4 0
3 7 1
t 231 6
m0 3 12
m1 2 12
m2 2 14
1 9 0
2 5 0
3 8 1
t 230 6
m0 2 12
m1 3 12
m2 2 14
1 9 1
2 4 0
3 7 1
t 229 6
m0 3 12
m1 2 12
m2 2 14
1 9 0
2 5 0
3 8 1
t 228 6
m0 2 12
m1 3 12
m2 2 14
1 9 1
2 4 0
3 7 1
t 227 6
m0 3 12
m1 2 12
m2 2 14
1 9 0
2 5 0
3 8 1
t 226 6
m0 2 12
m1 3 12
m2 2 14
1 9 1
2 4 0
3 7 1
t 225 6
m0 3 12
m1 2 12
m2 1 14
1 9 0
2 5 0
3 8 1
t 224 6
m0 2 12
m1 3 12
m2 1 14
1 9 1
2 4 0
3 7 1
t 223 6
m0 3 12
m1 2 12
m2 2 14
1 9 0
2 5 0
3 8 1
t 222 6
m0 2 12
m1 3 12
m2 3 14
1 9 1
2 4 0
3 7 1
t 221 6
m0 3 12
m1 2 12
m2 2 14
1 9 0
2 5 0
3 8 1
t 220 6
m0 2 12
m1 3 12
m2 2 14
1 9 1
2 4 0
3 7 1
t 219 6
m0 3 12
m1 2 12
m2 3 14
1 9 0
2 5 0
3 8 1
t 218 6
m0 2 12
m1 3 12
m2 2 14
1 9 1
2 4 0
3 7 1
t 217 6
m0 3 12
m1 2 12
m2 1 14
1 9 0
2 5 0
3 8 1
t 216 6
m0 2 12
m1 3 12
m2 2 14
1 9 1
2 4 0
3 7 1
t 215 6
m0 3 12
m1 2 12
m2 1 14
1 9 0
2 5 0
3 8 1
t 214 6
m0 2 12
m1 3 12
m2 1 13
1 9 1
2 4 0
3 7 1
t 213 6
m0 3 12
m1 2 12
m2 1 13
1 9 0
2 5 0
3 8 1
t 212 6
m0 2 12
m1 3 12
m2 1 12
1 9 1
2 4 0
3 7 1
t 211 6
m0 3 12
m1 2 12
m2 2 12
1 9 0
2 5 0
3 8 1
t 210 6
m0 2 12
m1 3 12
m2 3 12
1 9 1
2 4 0
3 7 1
t 209 6
m0 3 12
m1 2 12
m2 3 12
1 9 0
2 5 0
3 8 1
t 208 6
m0 2 12
m1 1 12
m2 4 12
1 9 1
2 4 0
3 7 1
t 207 6
m0 1 12
m1 2 12
m2 3 12
1 9 0
2 5 0
3 8 1
t 206 6
m0 2 12
m1 1 12
m2 3 12
1 9 1
2 4 0
3 7 1
t 205 6
m0 3 12
m1 1 13
m2 3 12
1 9 0
2 5 0
3 8 1
t 204 6
m0 3 12
m1 0 13
m2 2 12
1 9 1
2 4 0
3 7 1
t 203 6
m0 2 12
m1 0 13
m2 3 12
1 9 0
2 5 0
3 8 1
t 202 6
m0 3 12
m1 0 13
m2 3 11
1 9 1
2 4 0
3 7 1
t 201 6
m0 3 11
m1 0 13
m2 3 11
1 9 0
2 5 0
3 8 1
t 200 6
m0 3 11
m1 0 13
m2 3 11
1 9 1
2 4 0
3 7 1
t 199 6
m0 3 11
m1 0 13
m2 3 11
1 9 0
2 5 0
3 8 1
t 198 6
m0 3 11
m1 0 13
m2 4 11
1 9 1
2 4 0
3 7 1
t 197 6
m0 4 11
m1 0 13
m2 4 11
1 9 0
2 5 0
3 8 1
t 196 6
m0 4 11
m1 0 13
m2 4 12
1 9 1
2 4 0
3 7 1
t 195 6
m0 4 12
m1 0 13
m2 3 12
1 9 0
2 5 0
3 8 1
t 194 6
m0 3 12
m1 0 13
m2 3 12
1 9 1
2 4 0
3 7 1
t 193 6
m0 3 12
m1 0 13
m2 3 11
1 9 0
2 5 0
3 8 1
t 192 6
m0 3 11
m1 0 13
m2 3 11
1 9 1
2 4 0
3 7 1
t 191 6
m0 3 11
m1 0 13
m2 3 11
1 9 0
2 5 0
3 8 1
t 190 6
m0 3 11
m1 0 13
m2 3 11
1 9 1
2 4 0
3 7 1
t 189 6
m0 3 11
m1 0 13
m2 3 12
1 9 0
2 5 0
3 8 1
t 188 6
m0 3 12
m1 0 13
m2 2 12
1 9 1
2 4 0
3 7 1
t 187 6
m0 2 12
m1 0 13
m2 2 12
1 9 0
2 5 0
3 8 1
t 186 6
m0 2 12
m1 0 13
m2 3 12
1 9 1
2 4 0
3 7 1
t 185 6
m0 3 12
m1 0 13
m2 2 12
1 9 0
2 5 0
3 8 1
t 184 6
m0 2 12
m1 0 13
m2 1 12
1 9 1
2 4 0
3 7 1
t 183 6
m0 1 12
m1 0 13
m2 1 12
1 9 0
2 5 0
3 8 1
t 182 6
m0 1 12
m1 0 13
m2 2 12
1 9 1
2 4 0
3 7 1
t 181 6
m0 2 12
m1 0 13
m2 2 12
1 9 0
2 5 0
3 8 1
t 180 6
m0 2 12
m1 0 13
m2 2 12
1 9 1
2 4 0
3 7 1
t 179 6
m0 2 12
m1 0 13
m2 1 12
1 9 0
2 5 0
3 8 1
t 178 6
m0 1 12
m1 0 13
m2 2 12
1 9 1
2 4 0
3 7 1
t 177 6
m0 2 12
m1 0 13
m2 2 12
1 9 0
2 5 0
3 8 1
t 176 6
m0 2 12
m1 0 13
m2 1 12
1 9 1
2 4 0
3 7 1
t 175 6
m0 1 12
m1 0 13
m2 1 12
1 9 0
2 5 0
3 8 1
t 174 6
m0 1 12
m1 0 13
m2 2 12
1 9 1
2 4 0
3 7 1
t 173 6
m0 2 12
m1 0 13
m2 1 12
1 9 0
2 5 0
3 8 1
t 172 6
m0 1 12
m1 0 13
m2 1 11
1 9 1
2 4 0
3 7 1
t 171 7
m0 1 11
m1 0 13
m2 1 11
1 9 0
2 5 0
3 8 1
t 170 7
m0 1 11
m1 0 13
m2 1 11
1 9 1
2 4 0
3 7 1
t 169 7
m0 1 11
m1 0 13
m2 1 12
1 9 0
2 5 0
3 8 1
t 168 7
m0 1 12
m1 0 13
m2 2 12
1 9 1
2 4 0
3 7 1
t 167 7
m0 2 12
m1 0 13
m2 2 12
1 9 0
2 5 0
3 8 1
t 166 7
m0 2 12
m1 0 13
m2 3 12
1 9 1
2 4 0
3 7 1
t 165 7
m0 3 12
m1 0 13
m2 3 11
1 9 0
2 5 0
3 8 1
t 164 7
m0 3 11
m1 0 13
m2 3 11
1 9 1
2 4 0
3 7 1
t 163 7
m0 3 11
m1 0 13
m2 3 12
1 9 0
2 5 0
3 8 1
t 162 7
m0 3 12
m1 0 13
m2 2 12
1 9 1
2 4 0
3 7 1
t 161 7
m0 2 12
m1 0 13
m2 2 12
1 9 0
2 5 0
3 8 1
t 160 7
m0 2 12
m1 0 13
m2 1 12
1 9 1
2 4 0
3 7 1
t 159 7
m0 1 12
m1 0 13
m2 1 12
1 9 0
2 5 0
3 8 1
t 158 7
m0 1 12
m1 0 13
m2 1 13
1 9 1
2 4 0
3 7 1
t 157 7
m0 1 13
m1 0 13
m2 1 12
1 9 0
2 5 0
3 8 1
t 156 7
m0 1 12
m1 0 13
m2 1 12
1 9 1
2 4 0
3 7 1
t 155 7
m0 1 12
m1 0 13
m2 1 11
1 9 0
2 5 0
3 8 1
t 154 7
m0 1 11
m1 0 13
m2 1 11
1 9 1
2 4 0
3 7 1
t 153 7
m0 1 11
m1 0 13
m2 1 11
1 9 0
2 5 0
3 8 1
t 152 7
m0 1 11
m1 0 13
m2 1 11
1 9 1
2 4 0
3 7 1
t 151 7
m0 1 11
m1 0 13
m2 1 11
1 9 0
2 5 0
3 8 1
t 150 7
m0 1 11
m1 0 13
m2 1 12
1 9 1
2 4 0
3 7 1
t 149 7
m0 1 12
m1 0 13
m2 1 12
1 9 0
2 5 0
3 8 1
t 148 7
m0 1 12
m1 0 13
m2 1 12
1 9 1
2 4 0
3 7 1
t 147 7
m0 1 12
m1 0 13
m2 1 12
1 9 0
2 5 0
3 8 1
t 146 7
m0 1 12
m1 0 13
m2 2 12
1 9 1
2 4 0
3 7 1
t 145 7
m0 2 12
m1 0 13
m2 3 12
1 9 0
2 5 0
3 8 1
t 144 7
m0 3 12
m1 0 13
m2 3 11
1 9 1
2 4 0
3 7 1
t 143 7
m0 3 11
m1 0 13
m2 3 12
1 9 0
2 5 0
3 8 1
t 142 7
m0 3 12
m1 0 13
m2 3 12
1 9 1
2 4 0
3 7 1
t 141 7
m0 3 12
m1 0 13
m2 2 12
1 9 0
2 5 0
3 8 1
t 140 7
m0 2 12
m1 0 13
m2 2 12
1 9 1
2 4 0
3 7 1
t 139 7
m0 2 12
m1 0 13
m2 2 12
1 9 0
2 5 0
3 8 1
t 138 7
m0 2 12
m1 0 13
m2 3 12
1 9 1
2 4 0
3 7 1
t 137 7
m0 3 12
m1 0 13
m2 2 12
1 9 0
2 5 0
3 8 1
t 136 7
m0 2 12
m1 0 13
m2 3 12
1 9 1
2 4 0
3 7 1
t 135 7
m0 3 12
m1 0 13
m2 4 12
1 9 0
2 5 0
3 8 1
t 134 7
m0 4 12
m1 0 13
m2 4 11
1 9 1
2 4 0
3 7 1
t 133 7
m0 4 11
m1 0 13
m2 5 11
1 9 0
2 5 0
3 8 1
t 132 8
m0 5 11
m1 0 13
m2 5 10
1 9 1
2 4 0
3 7 1
t 131 9
m0 5 10
m1 0 13
m2 5 11
1 9 0
2 5 0
3 8 1
t 130 9
m0 5 11
m1 0 13
m2 6 11
1 9 1
2 4 0
3 7 1
t 129 9
m0 6 11
m1 0 13
m2 5 11
1 9 0
2 5 0
3 8 1
t 128 9
m0 5 11
m1 0 13
m2 5 12
1 9 1
2 4 0
3 7 1
t 127 10
m0 5 12
m1 0 13
m2 5 12
1 9 0
2 5 0
3 8 1
t 126 10
m0 5 12
m1 0 13
m2 4 12
1 9 1
2 4 0
3 7 1
t 125 10
m0 4 12
m1 0 13
m2 3 12
1 9 0
2 5 0
3 8 1
t 124 10
m0 3 12
m1 0 13
m2 2 12
1 9 1
2 4 0
3 7 1
t 123 10
m0 2 12
m1 0 13
m2 2 12
1 9 0
2 5 0
3 8 1
t 122 10
m0 2 12
m1 0 13
m2 2 12
1 9 1
2 4 0
3 7 1
t 121 10
m0 2 12
m1 0 13
m2 3 12
1 9 0
2 5 0
3 8 1
t 120 10
m0 3 12
m1 0 13
m2 3 12
1 9 1
2 4 0
3 7 1
t 119 10
m0 3 12
m1 0 13
m2 2 12
1 9 0
2 5 0
3 8 1
t 118 10
m0 2 12
m1 0 13
m2 1 12
1 9 1
2 4 0
3 7 1
t 117 10
m0 1 12
m1 0 13
m2 1 13
1 9 0
2 5 0
3 8 1
t 116 10
m0 1 13
m1 0 13
m2 0 13
1 9 1
2 4 0
3 7 1
t 115 10
m0 0 13
m1 1 13
m2 0 14
1 9 0
2 5 0
3 8 1
t 114 10
m0 1 13
m1 0 13
m2 0 13
1 9 1
2 4 0
3 7 1
t 113 10
m0 0 13
m1 1 13
m2 0 13
1 9 0
2 5 0
3 8 1
t 112 10
m0 1 13
m1 1 12
m2 0 13
1 9 1
2 4 0
3 7 1
t 111 10
m0 1 12
m1 2 12
m2 1 13
1 9 0
2 5 0
3 8 1
t 110 10
m0 2 12
m1 3 12
m2 1 13
1 9 1
2 4 0
3 7 1
t 109 10
m0 3 12
m1 2 12
m2 1 12
1 9 0
2 5 0
3 8 1
t 108 10
m0 2 12
m1 3 12
m2 2 12
1 9 1
2 4 0
3 7 1
t 107 10
m0 3 12
m1 3 11
m2 1 12
1 9 0
2 5 0
3 8 1
t 106 10
m0 3 11
m1 3 12
m2 2 12
1 9 1
2 4 0
3 7 1
t 105 10
m0 3 12
m1 3 11
m2 1 12
1 9 0
2 5 0
3 8 1
t 104 10
m0 3 11
m1 3 12
m2 1 13
1 9 1
2 4 0
3 7 1
t 103 10
m0 3 12
m1 2 12
m2 1 12
1 9 0
2 5 0
3 8 1
t 102 10
m0 2 12
m1 3 12
m2 1 13
1 9 1
2 4 0
3 7 1
t 101 10
m0 3 12
m1 2 12
m2 1 13
1 9 0
2 5 0
3 8 1
t 100 10
m0 2 12
m1 3 12
m2 0 13
1 9 1
2 4 0
3 7 1
t 99 10
m0 3 12
m1 2 12
m2 0 13
1 9 0
2 5 0
3 8 1
t 98 10
m0 2 12
m1 3 12
m2 1 13
1 9 1
2 4 0
3 7 1
t 97 10
m0 3 12
m1 2 12
m2 1 12
1 9 0
2 5 0
3 8 1
t 96 10
m0 2 12
m1 3 12
m2 1 13
1 9 1
2 4 0
3 7 1
t 95 10
m0 3 12
m1 2 12
m2 1 14
1 9 0
2 5 0
3 8 1
t 94 10
m0 2 12
m1 3 12
m2 1 13
1 9 1
2 4 0
3 7 1
t 93 10
m0 3 12
m1 2 12
m2 1 12
1 9 0
2 5 0
3 8 1
t 92 10
m0 2 12
m1 3 12
m2 1 11
1 9 1
2 4 0
3 7 1
t 91 10
m0 3 12
m1 2 12
m2 1 12
1 9 0
2 5 0
3 8 1
t 90 10
m0 2 12
m1 3 12
m2 2 12
1 9 1
2 4 0
3 7 1
t 89 10
m0 3 12
m1 3 11
m2 1 12
1 9 0
2 5 0
3 8 1
t 88 10
m0 3 11
m1 3 12
m2 1 13
1 9 1
2 4 0
3 7 1
t 87 10
m0 3 12
m1 2 12
m2 0 13
1 9 0
2 5 0
3 8 1
t 86 10
m0 2 12
m1 3 12
m2 1 13
1 9 1
2 4 0
3 7 1
t 85 10
m0 3 12
m1 2 12
m2 0 13
1 9 0
2 5 0
3 8 1
t 84 10
m0 2 12
m1 3 12
m2 0 14
1 9 1
2 4 0
3 7 1
t 83 10
m0 3 12
m1 2 12
m2 1 14
1 9 0
2 5 0
3 8 1
t 82 10
m0 2 12
m1 3 12
m2 0 14
1 9 1
2 4 0
3 7 1
t 81 10
m0 3 12
m1 2 12
m2 0 14
1 9 0
2 5 0
3 8 1
t 80 10
m0 2 12
m1 3 12
m2 0 14
1 9 1
2 4 0
3 7 1
t 79 10
m0 3 12
m1 2 12
m2 0 14
1 9 0
2 5 0
3 8 1
t 78 10
m0 2 12
m1 3 12
m2 0 14
1 9 1
2 4 0
3 7 1
t 77 10
m0 3 12
m1 2 12
m2 0 14
1 9 0
2 5 0
3 8 1
t 76 10
m0 2 12
m1 3 12
m2 0 13
1 9 1
2 4 0
3 7 1
t 75 10
m0 3 12
m1 2 12
m2 0 14
1 9 0
2 5 0
3 8 1
t 74 10
m0 2 12
m1 3 12
m2 0 13
1 9 1
2 4 0
3 7 1
t 73 10
m0 3 12
m1 2 12
m2 0 14
1 9 0
2 5 0
3 8 1
t 72 10
m0 2 12
m1 3 12
m2 0 13
1 9 1
2 4 0
3 7 1
t 71 10
m0 3 12
m1 2 12
m2 0 13
1 9 0
2 5 0
3 8 1
t 70 10
m0 2 12
m1 3 12
m2 0 13
1 9 1
2 4 0
3 7 1
t 69 10
m0 3 12
m1 2 12
m2 1 13
1 9 0
2 5 0
3 8 1
t 68 10
m0 2 12
m1 3 12
m2 0 13
1 9 1
2 4 0
3 7 1
t 67 10
m0 3 12
m1 2 12
m2 0 13
1 9 0
2 5 0
3 8 1
t 66 10
m0 2 12
m1 3 12
m2 1 13
1 9 1
2 4 0
3 7 1
t 65 10
m0 3 12
m1 2 12
m2 1 12
1 9 0
2 5 0
3 8 1
t 64 10
m0 2 12
m1 3 12
m2 2 12
1 9 1
2 4 0
3 7 1
t 63 10
m0 3 12
m1 3 11
m2 3 12
1 9 0
2 5 0
3 8 1
t 62 10
m0 3 11
m1 4 11
m2 2 12
1 9 1
2 4 0
3 7 1
t 61 10
m0 4 11
m1 3 11
m2 1 12
1 9 0
2 5 0
3 8 1
t 60 10
m0 3 11
m1 3 12
m2 1 11
1 9 1
2 4 0
3 7 1
t 59 10
m0 3 12
m1 2 12
m2 1 12
1 9 0
2 5 0
3 8 1
t 58 10
m0 2 12
m1 3 12
m2 2 12
1 9 1
2 4 0
3 7 1
t 57 10
m0 3 12
m1 3 11
m2 2 12
1 9 0
2 5 0
3 8 1
t 56 10
m0 3 11
m1 3 12
m2 3 12
1 9 1
2 4 0
3 7 1
t 55 10
m0 3 12
m1 2 12
m2 3 12
1 9 0
2 5 0
3 8 1
t 54 10
m0 2 12
m1 1 12
m2 3 11
1 9 1
2 4 0
3 7 1
t 53 10
m0 1 12
m1 2 12
m2 3 11
1 9 0
2 5 0
3 8 1
t 52 10
m0 2 12
m1 3 12
m2 3 10
1 9 1
2 4 0
3 7 1
t 51 10
m0 3 12
m1 2 12
m2 2 10
1 9 0
2 5 0
3 8 1
t 50 11
m0 2 12
m1 3 12
m2 3 10
1 9 1
2 4 0
3 7 1
t 49 11
m0 3 12
m1 2 12
m2 3 10
1 9 0
2 5 0
3 8 1
t 48 11
m0 2 12
m1 3 12
m2 3 10
1 9 1
2 4 0
3 7 1
t 47 11
m0 3 12
m1 2 12
m2 3 9
1 9 0
2 5 0
3 8 1
t 46 12
m0 2 12
m1 3 12
m2 3 9
1 9 1
2 4 0
3 7 1
t 45 12
m0 3 12
m1 2 12
m2 2 9
1 9 0
2 5 0
3 8 1
t 44 12
m0 2 12
m1 3 12
m2 2 8
1 9 1
2 4 0
3 7 1
t 43 12
m0 3 12
m1 2 12
m2 2 8
1 9 0
2 5 0
3 8 1
t 42 12
m0 2 12
m1 3 12
m2 3 8
1 9 1
2 4 0
3 7 1
t 41 13
m0 3 12
m1 2 12
m2 2 8
1 9 0
2 5 0
3 8 1
t 40 13
m0 2 12
m1 3 12
m2 2 9
1 9 1
2 4 0
3 7 1
t 39 13
m0 3 12
m1 2 12
m2 2 9
1 9 0
2 5 0
3 8 1
t 38 13
m0 2 12
m1 3 12
m2 2 8
1 9 1
2 4 0
3 7 1
t 37 13
m0 3 12
m1 2 12
m2 2 8
1 9 0
2 5 0
3 8 1
t 36 13
m0 2 12
m1 3 12
m2 2 7
1 9 1
2 4 0
3 7 1
t 35 14
m0 3 12
m1 2 12
m2 2 8
1 9 0
2 5 0
3 8 1
t 34 14
m0 2 12
m1 3 12
m2 2 9
1 9 1
2 4 0
3 7 1
t 33 14
m0 3 12
m1 2 12
m2 2 9
1 9 0
2 5 0
3 8 1
t 32 14
m0 2 12
m1 3 12
m2 2 10
1 9 1
2 4 0
3 7 1
t 31 14
m0 3 12
m1 2 12
m2 2 9
1 9 0
2 5 0
3 8 1
t 30 14
m0 2 12
m1 3 12
m2 2 8
1 9 1
2 4 0
3 7 1
t 29 14
m0 3 12
m1 2 12
m2 3 8
1 9 0
2 5 0
3 8 1
t 28 14
m0 2 12
m1 3 12
m2 4 8
1 9 1
2 4 0
3 7 1
t 27 14
m0 3 12
m1 2 12
m2 4 7
1 9 0
2 5 0
3 8 1
t 26 14
m0 2 12
m1 3 12
m2 4 8
1 9 1
2 4 0
3 7 1
t 25 14
m0 3 12
m1 2 12
m2 3 8
1 9 0
2 5 0
3 8 1
t 24 14
m0 2 12
m1 3 12
m2 2 8
1 9 1
2 4 0
3 7 1
t 23 14
m0 3 12
m1 2 12
m2 2 9
1 9 0
2 5 0
3 8 1
t 22 14
m0 2 12
m1 3 12
m2 2 9
1 9 1
2 4 0
3 7 1
t 21 14
m0 3 12
m1 2 12
m2 1 9
1 9 0
2 5 0
3 8 1
t 20 14
m0 2 12
m1 3 12
m2 0 9
1 9 1
2 4 0
3 7 1
t 19 14
m0 3 12
m1 2 12
m2 0 9
1 9 0
2 5 0
3 8 1
t 18 14
m0 2 12
m1 3 12
m2 0 8
1 9 1
2 4 0
3 7 1
t 17 15
m0 3 12
m1 2 12
m2 0 7
1 9 0
2 5 0
3 8 1
t 16 15
m0 2 12
m1 3 12
m2 0 8
1 9 1
2 4 0
3 7 1
t 15 15
m0 3 12
m1 2 12
m2 0 8
1 9 0
2 5 0
3 8 1
t 14 15
m0 2 12
m1 3 12
m2 0 8
1 9 1
2 4 0
3 7 1
t 13 15
m0 3 12
m1 2 12
m2 0 8
1 9 0
2 5 0
3 8 1
t 12 15
m0 2 12
m1 3 12
m2 0 8
1 9 1
2 4 0
3 7 1
t 11 15
m0 3 12
m1 2 12
m2 0 9
1 9 0
2 5 0
3 8 1
t 10 15
m0 2 12
m1 3 12
m2 1 9
1 9 1
2 4 0
3 7 1
t 9 15
m0 3 12
m1 2 12
m2 1 9
1 9 0
2 5 0
3 8 1
t 8 15
m0 2 12
m1 3 12
m2 0 9
1 9 1
2 4 0
3 7 1
t 7 15
m0 3 12
m1 2 12
m2 1 9
1 9 0
2 5 0
3 8 1
t 6 15
m0 2 12
m1 3 12
m2 0 9
1 9 1
2 4 0
3 7 1
t 5 15
m0 3 12
m1 2 12
m2 0 9
1 9 0
2 5 0
3 8 1
t 4 15
m0 2 12
m1 3 12
m2 0 9
1 9 1
2 4 0
3 7 1
t 3 15
m0 3 12
m1 2 12
m2 0 9
1 9 0
2 5 0
3 8 1
t 2 15
m0 2 12
m1 3 12
m2 1 9
1 9 1
2 4 0
3 7 1
t 1 15
m0 3 12
m1 2 12
m2 0 9
1 9 1
2 4 0
3 7 1
t 0 15
