10
15
w 9 1
w 4 8
w 3 0
w 6 6
w 4 12
w 1 6
w 2 12
w 3 14
w 4 0
w 6 14
w 8 14
w 6 7
w 3 3
w 3 10
w 0 11
w 5 0
w 6 4
w 5 4
w 2 6
w 0 0
w 7 1
w 4 14
w 1 4
w 1 9
w 8 7
w 9 6
w 3 5
w 2 7
w 7 9
w 4 6
w 8 12
w 9 2
w 3 1
w 0 13
w 7 4
w 9 5
w 5 2
p 2 8
p 9 8
p 5 13
p 2 1
p 3 11
p 7 11
p 5 1
p 1 11
p 8 5
p 5 8
p 7 2
p 1 2
p 8 1
p 7 6
p 6 10
p 1 14
p 8 10
p 6 3
p 4 13
p 7 10
p 2 2
p 9 7
p 4 10
p 3 2
p 3 13
p 4 5
p 9 3
p 2 10
p 9 10
p 7 5
p 2 3
p 4 2
p 6 12
p 2 14
p 0 8
p 4 11
p 5 3
p 0 1
p 9 13
p 6 5
p 7 0
p 3 12
p 6 1
p 7 13
p 3 8
p 0 6
p 1 8
p 8 8
p 5 14
p 6 13
p 1 7
p 0 9
p 7 8
p 2 4
p 9 12
p 8 4
m0 0 14
m1 0 14
m2 0 14
1 9 0
2 9 0
3 9 0
t 300 0
m0 0 14
m1 1 14
m2 1 14
1 8 0
2 8 0
3 8 0
t 299 1
m0 0 14
m1 2 14
m2 2 14
1 8 1
2 7 0
3 9 0
f 5 10
t 298 2
m0 0 14
m1 2 13
m2 2 13
1 8 2
2 6 0
3 8 0
t 297 2
m0 0 14
m1 3 13
m2 3 13
1 8 3
2 6 1
3 9 0
t 296 3
m0 0 14
m1 4 13
m2 4 13
1 8 4
2 5 1
3 8 0
t 295 4
m0 0 14
m1 5 13
m2 5 13
1 8 5
2 4 1
3 9 0
t 294 5
m0 0 14
m1 6 13
m2 6 13
1 8 6
2 4 2
3 8 0
t 293 6
m0 0 14
m1 7 13
m2 7 13
1 7 6
2 3 2
3 9 0
t 292 7
m0 0 14
m1 8 13
m2 6 13
1 7 7
2 2 2
3 8 0
t 291 7
m0 0 14
m1 9 13
m2 6 12
1 7 8
2 1 2
3 9 0
t 290 9
m0 0 14
m1 9 12
m2 6 11
1 7 7
2 1 1
3 8 0
t 289 10
m0 0 14
m1 9 11
m2 6 10
1 7 8
2 0 1
3 7 0
t 288 11
m0 0 14
m1 9 10
m2 7 10
1 8 8
2 0 2
3 8 0
t 287 13
m0 0 14
m1 8 10
m2 7 11
1 7 8
2 0 1
3 9 0
t 286 15
m0 0 14
m1 8 9
m2 6 11
1 6 8
2 0 2
3 8 0
t 285 15
m0 0 14
m1 8 8
m2 5 11
1 6 9
2 0 3
3 9 0
t 284 16
m0 0 14
m1 7 8
m2 4 11
1 5 9
2 0 2
3 8 0
t 283 18
m0 0 14
m1 8 8
m2 4 10
1 5 10
2 0 1
3 9 0
t 282 19
m0 0 14
m1 9 8
m2 -5 -5
1 5 11
2 0 2
3 8 0
t 281 30
m0 0 14
m1 9 7
m2 -5 -5
1 5 12
2 0 3
3 9 0
t 280 31
m0 0 14
m1 9 7
m2 -5 -5
1 6 12
2 0 2
3 8 0
t 279 31
m0 0 14
m1 9 7
m2 -5 -5
1 7 12
2 0 3
3 9 0
t 278 31
m0 0 14
m1 9 7
m2 -5 -5
1 6 12
2 1 3
3 8 0
t 277 31
m0 0 14
m1 9 7
m2 -5 -5
1 7 12
2 2 3
3 9 0
t 276 31
m0 0 14
m1 9 7
m2 -5 -5
1 7 13
2 1 3
3 8 0
t 275 31
m0 0 14
m1 9 7
m2 -5 -5
1 6 13
2 1 2
3 9 0
t 274 31
m0 0 14
m1 9 7
m2 -5 -5
1 7 13
2 2 2
3 8 0
t 273 31
m0 0 14
m1 9 7
m2 -5 -5
1 7 14
2 3 2
3 9 0
t 272 31
m0 0 14
m1 9 7
m2 -5 -5
1 7 13
2 2 2
3 8 0
t 271 31
m0 0 14
m1 9 7
m2 -5 -5
1 7 14
2 2 1
3 7 0
t 270 31
m0 0 14
m1 9 7
m2 -5 -5
1 7 13
2 2 2
3 6 0
t 269 31
m0 0 14
m1 9 7
m2 -5 -5
1 7 14
2 2 3
3 6 1
t 268 31
m0 0 14
m1 9 8
m2 -5 -5
1 7 13
2 1 3
3 6 2
t 267 31
m0 0 14
m1 8 8
m2 -5 -5
1 8 13
2 0 3
3 7 2
t 266 31
m0 0 14
m1 8 9
m2 -5 -5
1 7 13
2 0 4
3 6 2
t 265 31
m0 0 14
m1 8 8
m2 -5 -5
1 7 14
2 0 5
3 6 3
t 264 31
m0 0 14
m1 7 8
m2 -5 -5
1 7 13
2 0 6
3 7 3
t 263 31
m0 0 14
m1 6 8
m2 -5 -5
1 7 14
2 0 7
3 8 3
t 262 31
m0 0 14
m1 5 8
m2 -5 -5
1 7 13
2 0 6
3 8 2
t 261 32
m0 0 14
m1 6 8
m2 -5 -5
1 6 13
2 0 7
3 8 1
t 260 32
m0 0 14
m1 5 8
m2 -5 -5
1 6 12
2 0 8
3 8 0
t 259 32
m0 1 14
m1 5 8
m2 -5 -5
1 5 12
2 0 7
3 8 1
t 258 32
m0 0 14
m1 5 9
m2 -5 -5
1 5 13
2 0 6
3 8 0
t 257 32
m0 0 14
m1 5 10
m2 -5 -5
1 5 14
2 0 5
3 8 1
t 256 32
m0 0 14
m1 5 11
m2 -5 -5
1 5 13
2 0 6
3 8 0
t 255 32
m0 0 14
m1 5 11
m2 -5 -5
1 5 14
2 0 7
3 9 0
t 254 32
m0 0 14
m1 4 11
m2 -5 -5
1 5 13
2 0 6
3 8 0
t 253 32
m0 0 14
m1 3 11
m2 -5 -5
1 6 13
2 0 5
3 9 0
t 252 33
m0 0 14
m1 3 12
m2 -5 -5
1 6 12
2 0 6
3 8 0
t 251 34
m0 0 14
m1 3 11
m2 -5 -5
1 6 13
2 0 5
3 9 0
t 250 34
m0 0 14
m1 2 11
m2 -5 -5
1 7 13
2 1 5
3 8 0
t 249 34
m0 0 14
m1 2 10
m2 -5 -5
1 7 14
2 0 5
3 9 0
t 248 35
m0 0 14
m1 2 9
m2 -5 -5
1 7 13
2 0 4
3 8 0
f 4 1
t 247 35
m0 0 14
m1 2 8
m2 -5 -5
1 7 14
2 0 5
3 9 0
t 246 36
m0 0 14
m1 1 8
m2 -5 -5
1 7 13
2 1 5
3 8 0
t 245 37
m0 0 14
m1 1 7
m2 -5 -5
1 7 14
2 0 5
3 9 0
t 244 38
m0 0 14
m1 1 8
m2 -5 -5
1 7 13
2 0 4
3 8 0
t 243 38
m0 0 14
m1 0 8
m2 -5 -5
1 7 14
2 0 3
3 9 0
t 242 39
m0 0 14
m1 0 9
m2 -5 -5
1 7 13
2 0 4
3 8 0
t 241 40
m0 0 14
m1 0 10
m2 -5 -5
1 7 14
2 0 3
3 9 0
t 240 40
m0 0 14
m1 1 10
m2 -5 -5
1 7 13
2 0 2
3 8 0
t 239 40
m0 0 14
m1 1 11
m2 -5 -5
1 7 14
2 0 1
3 7 0
t 238 41
m0 0 14
m1 1 10
m2 -5 -5
1 7 13
2 0 2
3 8 0
t 237 41
m0 0 14
m1 2 10
m2 -5 -5
1 7 14
2 0 1
3 8 1
t 236 41
m0 0 14
m1 2 9
m2 -5 -5
1 7 13
2 1 1
3 8 0
t 235 41
m0 0 14
m1 2 8
m2 -5 -5
1 7 14
2 1 2
3 9 0
t 234 41
m0 0 14
m1 3 8
m2 -5 -5
1 7 13
2 2 2
3 8 0
t 233 42
m0 0 14
m1 3 7
m2 -5 -5
1 7 14
2 1 2
3 9 0
t 232 42
m0 0 14
m1 3 6
m2 -5 -5
1 7 13
2 1 3
3 8 0
t 231 42
m0 0 14
m1 3 6
m2 -5 -5
1 7 12
2 0 3
3 9 0
t 230 42
m0 0 14
m1 3 6
m2 -5 -5
1 7 13
2 0 4
3 8 0
t 229 42
m0 0 14
m1 3 6
m2 -5 -5
1 7 12
2 0 3
3 9 0
t 228 42
m0 0 14
m1 3 6
m2 -5 -5
1 6 12
2 0 4
3 8 0
t 227 42
m0 0 14
m1 3 6
m2 -5 -5
1 6 13
2 0 3
3 8 1
t 226 42
m0 0 14
m1 3 6
m2 -5 -5
1 6 12
2 0 4
3 8 0
t 225 42
m0 0 14
m1 3 6
m2 -5 -5
1 5 12
2 0 3
3 8 1
t 224 42
m0 0 14
m1 3 7
m2 -5 -5
1 5 13
2 0 4
3 8 0
t 223 42
m0 0 14
m1 3 6
m2 -5 -5
1 4 13
2 0 5
3 9 0
t 222 42
m0 0 14
m1 3 6
m2 -5 -5
1 5 13
2 0 4
3 8 0
t 221 42
m0 0 14
m1 3 6
m2 -5 -5
1 5 12
2 0 3
3 9 0
t 220 42
m0 0 14
m1 3 6
m2 -5 -5
1 6 12
2 0 4
3 8 0
t 219 42
m0 0 14
m1 3 6
m2 -5 -5
1 7 12
2 0 5
3 7 0
t 218 42
m0 0 14
m1 3 6
m2 -5 -5
1 7 13
2 0 6
3 6 0
t 217 42
m0 0 14
m1 3 6
m2 -5 -5
1 7 14
2 0 5
3 6 1
t 216 42
m0 0 14
m1 3 6
m2 -5 -5
1 7 13
2 0 6
3 6 2
t 215 42
m0 0 14
m1 3 6
m2 -5 -5
1 7 14
2 0 5
3 6 3
t 214 42
m0 0 14
m1 3 6
m2 -5 -5
1 7 13
2 0 6
3 6 2
t 213 42
m0 0 14
m1 3 6
m2 -5 -5
1 7 14
2 0 7
3 7 2
t 212 42
m0 0 14
m1 3 7
m2 -5 -5
1 7 13
2 0 6
3 8 2
t 211 42
m0 0 14
m1 3 6
m2 -5 -5
1 7 14
2 0 7
3 8 1
t 210 42
m0 0 14
m1 3 7
m2 -5 -5
1 7 13
2 0 8
3 8 0
t 209 42
m0 1 14
m1 4 7
m2 -5 -5
1 6 13
2 0 7
3 8 1
t 208 42
m0 0 14
m1 4 7
m2 -5 -5
1 7 13
2 0 6
3 8 0
t 207 42
m0 0 14
m1 4 7
m2 -5 -5
1 7 14
2 0 7
3 9 0
t 206 42
m0 0 14
m1 4 7
m2 -5 -5
1 7 13
2 0 6
3 8 0
t 205 42
m0 0 14
m1 4 7
m2 -5 -5
1 7 14
2 0 7
3 7 0
t 204 42
m0 0 14
m1 3 7
m2 -5 -5
1 7 13
2 1 7
3 6 0
t 203 42
m0 0 14
m1 3 6
m2 -5 -5
1 8 13
2 0 7
3 7 0
t 202 42
m0 1 14
m1 3 6
m2 -5 -5
1 9 13
2 0 8
3 6 0
t 201 42
m0 2 14
m1 3 6
m2 -5 -5
1 9 14
2 1 8
3 6 1
t 200 42
m0 2 14
m1 3 6
m2 -5 -5
1 9 13
2 0 8
3 6 0
t 199 42
m0 2 14
m1 3 6
m2 -5 -5
1 9 14
2 1 8
3 7 0
t 198 42
m0 2 14
m1 3 6
m2 -5 -5
1 9 13
2 0 8
3 6 0
t 197 42
m0 2 14
m1 3 6
m2 -5 -5
1 9 14
2 1 8
3 7 0
t 196 42
m0 2 14
m1 3 7
m2 -5 -5
1 9 13
2 1 7
3 8 0
t 195 42
m0 2 14
m1 3 7
m2 -5 -5
1 9 14
2 0 7
3 7 0
t 194 42
m0 1 14
m1 3 7
m2 -5 -5
1 9 13
2 0 6
3 6 0
t 193 42
m0 1 14
m1 3 6
m2 -5 -5
1 9 14
2 0 7
3 7 0
t 192 42
m0 1 14
m1 3 6
m2 -5 -5
1 9 13
2 0 6
3 8 0
t 191 42
m0 1 14
m1 3 6
m2 -5 -5
1 9 12
2 0 7
3 8 1
t 190 42
m0 2 14
m1 3 6
m2 -5 -5
1 9 13
2 1 7
3 8 2
t 189 42
m0 2 14
m1 3 6
m2 -5 -5
1 8 13
2 0 7
3 8 1
t 188 42
m0 1 14
m1 3 7
m2 -5 -5
1 9 13
2 0 6
3 8 2
t 187 42
m0 1 14
m1 3 6
m2 -5 -5
1 8 13
2 0 7
3 8 1
t 186 42
m0 1 14
m1 3 6
m2 -5 -5
1 9 13
2 1 7
3 8 0
t 185 42
m0 0 14
m1 3 7
m2 -5 -5
1 9 14
2 1 8
3 7 0
t 184 42
m0 0 14
m1 3 6
m2 -5 -5
1 9 13
2 0 8
3 8 0
t 183 42
m0 1 14
m1 3 6
m2 -5 -5
1 9 12
2 0 9
3 7 0
t 182 42
m0 2 14
m1 3 6
m2 -5 -5
1 9 11
2 0 10
3 6 0
t 181 42
m0 2 14
m1 3 6
m2 -5 -5
1 9 12
2 0 9
3 6 1
t 180 42
m0 2 14
m1 3 6
m2 -5 -5
1 9 11
2 0 10
3 6 2
t 179 42
m0 2 14
m1 3 6
m2 -5 -5
1 9 10
2 0 9
3 7 2
t 178 42
m0 2 14
m1 3 6
m2 -5 -5
1 9 11
2 0 8
3 6 2
t 177 42
m0 2 14
m1 3 6
m2 -5 -5
1 9 12
2 1 8
3 6 1
t 176 42
m0 2 14
m1 3 6
m2 -5 -5
1 9 13
2 0 8
3 6 0
t 175 42
m0 2 14
m1 3 6
m2 -5 -5
1 9 14
2 0 7
3 7 0
t 174 42
m0 1 14
m1 3 7
m2 -5 -5
1 9 13
2 0 6
3 8 0
t 173 42
m0 1 14
m1 4 7
m2 -5 -5
1 8 13
2 0 5
3 9 0
t 172 42
m0 0 14
m1 4 7
m2 -5 -5
1 9 13
2 1 5
3 8 0
t 171 42
m0 0 14
m1 4 7
m2 -5 -5
1 8 13
2 0 5
3 8 1
t 170 42
m0 0 14
m1 4 7
m2 -5 -5
1 9 13
2 0 6
3 8 0
t 169 42
m0 1 14
m1 4 7
m2 -5 -5
1 8 13
2 0 7
3 7 0
t 168 42
m0 1 14
m1 4 7
m2 -5 -5
1 7 13
2 0 6
3 8 0
t 167 42
m0 0 14
m1 4 7
m2 -5 -5
1 8 13
2 0 5
3 8 1
t 166 42
m0 0 14
m1 5 7
m2 -5 -5
1 9 13
2 0 6
3 8 2
t 165 42
m0 1 14
m1 5 6
m2 -5 -5
1 9 12
2 0 7
3 8 1
t 164 42
m0 2 14
m1 5 5
m2 -5 -5
1 9 13
2 1 7
3 8 0
t 163 42
m0 2 14
m1 4 5
m2 -5 -5
1 9 14
2 0 7
3 7 0
t 162 43
m0 1 14
m1 5 5
m2 -5 -5
1 9 13
2 0 8
3 6 0
t 161 43
m0 2 14
m1 6 5
m2 -5 -5
1 9 14
2 0 9
3 7 0
t 160 44
m0 2 14
m1 7 5
m2 -5 -5
1 9 13
2 0 10
3 6 0
t 159 45
m0 2 14
m1 8 5
m2 -5 -5
1 9 14
2 0 9
3 7 0
t 158 46
m0 2 14
m1 8 4
m2 -5 -5
1 9 13
2 0 8
3 8 0
t 157 47
m0 2 14
m1 8 3
m2 -5 -5
1 9 12
2 0 7
3 7 0
t 156 47
m0 2 14
m1 9 3
m2 -5 -5
1 9 11
2 1 7
3 6 0
t 155 48
m0 2 14
m1 8 3
m2 -5 -5
1 9 12
2 0 7
3 7 0
t 154 48
m0 2 14
m1 8 2
m2 -5 -5
1 9 13
2 0 6
3 6 0
t 153 48
m0 1 14
m1 8 1
m2 -5 -5
1 9 12
2 0 7
3 7 0
t 152 49
m0 2 14
m1 8 2
m2 -5 -5
1 9 11
2 0 6
3 8 0
t 151 49
m0 2 14
m1 7 2
m2 -5 -5
1 9 12
2 0 7
3 7 0
t 150 50
m0 2 14
m1 7 2
m2 -5 -5
1 9 11
2 0 8
3 6 0
t 149 50
m0 2 14
m1 7 3
m2 -5 -5
1 9 10
2 0 7
3 6 1
t 148 50
m0 2 14
m1 6 3
m2 -5 -5
1 9 11
2 0 8
3 6 0
t 147 51
m0 2 14
m1 5 3
m2 -5 -5
1 9 12
2 0 9
3 7 0
t 146 52
m0 2 14
m1 4 3
m2 -5 -5
1 9 11
2 0 8
3 8 0
t 145 52
m0 2 14
m1 4 2
m2 -5 -5
1 8 11
2 1 8
3 9 0
t 144 53
m0 2 14
m1 3 2
m2 -5 -5
1 9 11
2 0 8
3 8 0
t 143 54
m0 2 14
m1 2 2
m2 -5 -5
1 9 12
2 1 8
3 8 1
t 142 55
m0 2 14
m1 2 1
m2 -5 -5
1 9 13
2 0 8
3 8 0
t 141 56
m0 2 14
m1 2 2
m2 -5 -5
1 9 14
2 0 9
3 9 0
t 140 56
m0 2 14
m1 1 2
m2 -5 -5
1 9 13
2 0 8
3 8 0
t 139 57
m0 2 14
m1 2 2
m2 -5 -5
1 9 14
2 0 9
3 8 1
t 138 57
m0 2 14
m1 2 3
m2 -5 -5
1 9 13
2 0 8
3 8 2
t 137 58
m0 2 14
m1 2 4
m2 -5 -5
1 8 13
2 1 8
3 8 1
t 136 59
m0 2 14
m1 2 5
m2 -5 -5
1 9 13
2 1 7
3 8 0
t 135 59
m0 2 14
m1 1 5
m2 -5 -5
1 8 13
2 0 7
3 7 0
t 134 59
m0 1 14
m1 0 5
m2 -5 -5
1 7 13
2 0 8
3 6 0
t 133 59
m0 1 14
m1 0 6
m2 -5 -5
1 7 12
2 0 7
3 6 1
t 132 60
m0 1 14
m1 -5 -5
m2 -5 -5
1 7 13
2 0 6
3 6 0
t 131 60
m0 0 14
m1 -5 -5
m2 -5 -5
1 8 13
2 0 5
3 7 0
t 130 60
m0 0 14
m1 -5 -5
m2 -5 -5
1 9 13
2 0 4
3 8 0
t 129 60
m0 0 14
m1 -5 -5
m2 -5 -5
1 9 14
2 0 5
3 9 0
t 128 60
m0 0 14
m1 -5 -5
m2 -5 -5
1 9 13
2 0 4
3 8 0
t 127 60
m0 0 14
m1 -5 -5
m2 -5 -5
1 9 14
2 0 5
3 7 0
t 126 60
m0 0 14
m1 -5 -5
m2 -5 -5
1 9 13
2 1 5
3 8 0
t 125 60
m0 0 14
m1 -5 -5
m2 -5 -5
1 9 14
2 0 5
3 9 0
t 124 60
m0 0 14
m1 -5 -5
m2 -5 -5
1 9 13
2 0 6
3 8 0
t 123 60
m0 1 14
m1 -5 -5
m2 -5 -5
1 9 12
2 0 7
3 7 0
t 122 60
m0 2 14
m1 -5 -5
m2 -5 -5
1 9 13
2 0 6
3 8 0
t 121 60
m0 1 14
m1 -5 -5
m2 -5 -5
1 8 13
2 0 5
3 7 0
t 120 60
m0 0 14
m1 -5 -5
m2 -5 -5
1 9 13
2 1 5
3 6 0
t 119 60
m0 0 14
m1 -5 -5
m2 -5 -5
1 9 14
2 2 5
3 7 0
t 118 60
m0 0 14
m1 -5 -5
m2 -5 -5
1 9 13
2 2 4
3 8 0
t 117 60
m0 0 14
m1 -5 -5
m2 -5 -5
1 9 14
2 2 5
3 9 0
t 116 60
m0 0 14
m1 -5 -5
m2 -5 -5
1 9 13
2 1 5
3 8 0
t 115 60
m0 0 14
m1 -5 -5
m2 -5 -5
1 9 12
2 2 5
3 9 0
t 114 60
m0 0 14
m1 -5 -5
m2 -5 -5
1 9 13
2 1 5
3 8 0
t 113 60
m0 0 14
m1 -5 -5
m2 -5 -5
1 9 14
2 0 5
3 9 0
t 112 60
m0 0 14
m1 -5 -5
m2 -5 -5
1 9 13
2 0 4
3 8 0
t 111 60
m0 0 14
m1 -5 -5
m2 -5 -5
1 9 14
2 0 5
3 7 0
t 110 60
m0 0 14
m1 -5 -5
m2 -5 -5
1 9 13
2 0 6
3 8 0
t 109 60
m0 1 14
m1 -5 -5
m2 -5 -5
1 9 12
2 0 7
3 8 1
t 108 60
m0 2 14
m1 -5 -5
m2 -5 -5
1 9 13
2 0 6
3 8 0
t 107 60
m0 1 14
m1 -5 -5
m2 -5 -5
1 9 14
2 0 7
3 7 0
t 106 60
m0 1 14
m1 -5 -5
m2 -5 -5
1 9 13
2 0 8
3 8 0
t 105 60
m0 2 14
m1 -5 -5
m2 -5 -5
1 9 14
2 0 9
3 7 0
t 104 60
m0 2 14
m1 -5 -5
m2 -5 -5
1 9 13
2 0 8
3 8 0
t 103 60
m0 2 14
m1 -5 -5
m2 -5 -5
1 9 14
2 0 9
3 7 0
t 102 60
m0 2 14
m1 -5 -5
m2 -5 -5
1 9 13
2 0 10
3 6 0
t 101 60
m0 2 14
m1 -5 -5
m2 -5 -5
1 9 14
2 0 9
3 7 0
t 100 60
m0 2 14
m1 -5 -5
m2 -5 -5
1 9 13
2 0 10
3 6 0
t 99 60
m0 2 14
m1 -5 -5
m2 -5 -5
1 9 12
2 0 9
3 6 1
t 98 60
m0 2 14
m1 -5 -5
m2 -5 -5
1 9 13
2 0 10
3 6 2
t 97 60
m0 2 14
m1 -5 -5
m2 -5 -5
1 9 14
2 0 9
3 7 2
t 96 60
m0 2 14
m1 -5 -5
m2 -5 -5
1 9 13
2 0 10
3 6 2
t 95 60
m0 2 14
m1 -5 -5
m2 -5 -5
1 9 12
2 1 10
3 7 2
t 94 60
m0 2 14
m1 -5 -5
m2 -5 -5
1 9 13
2 1 11
3 6 2
t 93 60
m0 2 14
m1 -5 -5
m2 -5 -5
1 9 14
2 1 12
3 6 3
t 92 60
m0 2 14
m1 -5 -5
m2 -5 -5
1 9 13
2 1 13
3 5 3
t 91 60
m0 2 14
m1 -5 -5
m2 -5 -5
1 9 14
2 1 12
3 6 3
t 90 60
m0 2 14
m1 -5 -5
m2 -5 -5
1 9 13
2 0 12
3 6 2
t 89 60
m0 2 14
m1 -5 -5
m2 -5 -5
1 9 14
2 1 12
3 6 1
t 88 60
m0 2 14
m1 -5 -5
m2 -5 -5
1 9 13
2 1 13
3 6 0
t 87 60
m0 2 14
m1 -5 -5
m2 -5 -5
1 9 14
2 1 12
3 6 1
t 86 60
m0 2 14
m1 -5 -5
m2 -5 -5
1 9 13
2 0 12
3 6 2
t 85 60
m0 2 14
m1 -5 -5
m2 -5 -5
1 9 14
2 1 12
3 6 3
t 84 60
m0 2 14
m1 -5 -5
m2 -5 -5
1 9 13
2 1 11
3 6 2
t 83 60
m0 2 14
m1 -5 -5
m2 -5 -5
1 8 13
2 1 10
3 6 3
t 82 60
m0 2 14
m1 -5 -5
m2 -5 -5
1 7 13
2 0 10
3 5 3
t 81 60
m0 2 14
m1 -5 -5
m2 -5 -5
1 7 14
2 0 9
3 6 3
t 80 60
m0 1 14
m1 -5 -5
m2 -5 -5
1 7 13
2 0 10
3 6 2
t 79 60
m0 2 14
m1 -5 -5
m2 -5 -5
1 7 14
2 0 9
3 6 1
t 78 60
m0 1 14
m1 -5 -5
m2 -5 -5
1 7 13
2 0 8
3 6 0
t 77 60
m0 1 14
m1 -5 -5
m2 -5 -5
1 7 14
2 0 7
3 7 0
t 76 60
m0 0 14
m1 -5 -5
m2 -5 -5
1 7 13
2 1 7
3 8 0
t 75 60
m0 0 14
m1 -5 -5
m2 -5 -5
1 6 13
2 0 7
3 9 0
t 74 60
m0 0 14
m1 -5 -5
m2 -5 -5
1 5 13
2 0 6
3 8 0
t 73 60
m0 0 14
m1 -5 -5
m2 -5 -5
1 5 14
2 0 5
3 9 0
t 72 60
m0 0 14
m1 -5 -5
m2 -5 -5
1 5 13
2 1 5
3 8 0
t 71 60
m0 0 14
m1 -5 -5
m2 -5 -5
1 6 13
2 0 5
3 8 1
t 70 60
m0 0 14
m1 -5 -5
m2 -5 -5
1 6 12
2 0 6
3 8 0
t 69 60
m0 0 14
m1 -5 -5
m2 -5 -5
1 7 12
2 0 5
3 9 0
t 68 60
m0 0 14
m1 -5 -5
m2 -5 -5
1 7 13
2 0 6
3 8 0
t 67 60
m0 0 14
m1 -5 -5
m2 -5 -5
1 8 13
2 0 7
3 7 0
t 66 60
m0 1 14
m1 -5 -5
m2 -5 -5
1 7 13
2 1 7
3 8 0
t 65 60
m0 0 14
m1 -5 -5
m2 -5 -5
1 7 14
2 0 7
3 9 0
t 64 60
m0 0 14
m1 -5 -5
m2 -5 -5
1 7 13
2 0 6
3 8 0
t 63 60
m0 0 14
m1 -5 -5
m2 -5 -5
1 6 13
2 0 5
3 8 1
t 62 60
m0 0 14
m1 -5 -5
m2 -5 -5
1 6 12
2 0 6
3 8 0
t 61 60
m0 0 14
m1 -5 -5
m2 -5 -5
1 6 13
2 0 7
3 9 0
t 60 60
m0 0 14
m1 -5 -5
m2 -5 -5
1 5 13
2 1 7
3 8 0
t 59 60
m0 0 14
m1 -5 -5
m2 -5 -5
1 6 13
2 1 8
3 9 0
t 58 60
m0 0 14
m1 -5 -5
m2 -5 -5
1 7 13
2 0 8
3 8 0
t 57 60
m0 1 14
m1 -5 -5
m2 -5 -5
1 7 14
2 0 7
3 9 0
t 56 60
m0 0 14
m1 -5 -5
m2 -5 -5
1 7 13
2 0 6
3 8 0
t 55 60
m0 0 14
m1 -5 -5
m2 -5 -5
1 7 12
2 0 5
3 8 1
t 54 60
m0 0 14
m1 -5 -5
m2 -5 -5
1 7 13
2 0 6
3 8 0
t 53 60
m0 0 14
m1 -5 -5
m2 -5 -5
1 7 14
2 0 7
3 8 1
t 52 60
m0 0 14
m1 -5 -5
m2 -5 -5
1 7 13
2 0 8
3 8 0
t 51 60
m0 1 14
m1 -5 -5
m2 -5 -5
1 8 13
2 1 8
3 8 1
t 50 60
m0 0 14
m1 -5 -5
m2 -5 -5
1 7 13
2 1 7
3 8 0
t 49 60
m0 0 14
m1 -5 -5
m2 -5 -5
1 7 14
2 0 7
3 7 0
t 48 60
m0 0 14
m1 -5 -5
m2 -5 -5
1 7 13
2 0 8
3 6 0
t 47 60
m0 1 14
m1 -5 -5
m2 -5 -5
1 7 12
2 0 7
3 7 0
t 46 60
m0 1 14
m1 -5 -5
m2 -5 -5
1 7 13
2 0 6
3 6 0
t 45 60
m0 0 14
m1 -5 -5
m2 -5 -5
1 6 13
2 0 7
3 6 1
t 44 60
m0 0 14
m1 -5 -5
m2 -5 -5
1 7 13
2 0 8
3 6 2
t 43 60
m0 1 14
m1 -5 -5
m2 -5 -5
1 8 13
2 0 9
3 7 2
t 42 60
m0 2 14
m1 -5 -5
m2 -5 -5
1 9 13
2 0 10
3 8 2
t 41 60
m0 2 14
m1 -5 -5
m2 -5 -5
1 9 12
2 0 9
3 7 2
t 40 60
m0 2 14
m1 -5 -5
m2 -5 -5
1 9 13
2 0 8
3 7 3
t 39 60
m0 2 14
m1 -5 -5
m2 -5 -5
1 9 14
2 0 9
3 8 3
t 38 60
m0 2 14
m1 -5 -5
m2 -5 -5
1 9 13
2 0 10
3 7 3
t 37 60
m0 2 14
m1 -5 -5
m2 -5 -5
1 9 14
2 0 9
3 8 3
t 36 60
m0 2 14
m1 -5 -5
m2 -5 -5
1 9 13
2 0 8
3 8 4
t 35 60
m0 2 14
m1 -5 -5
m2 -5 -5
1 9 12
2 0 9
3 9 4
t 34 60
m0 2 14
m1 -5 -5
m2 -5 -5
1 9 13
2 0 8
3 9 3
t 33 60
m0 2 14
m1 -5 -5
m2 -5 -5
1 9 12
2 1 8
3 8 3
t 32 60
m0 2 14
m1 -5 -5
m2 -5 -5
1 9 13
2 0 8
3 8 2
t 31 60
m0 2 14
m1 -5 -5
m2 -5 -5
1 9 14
2 0 9
3 8 1
t 30 60
m0 2 14
m1 -5 -5
m2 -5 -5
1 9 13
2 0 8
3 8 2
t 29 60
m0 2 14
m1 -5 -5
m2 -5 -5
1 9 14
2 0 9
3 8 1
t 28 60
m0 2 14
m1 -5 -5
m2 -5 -5
1 9 13
2 0 8
3 8 2
t 27 60
m0 2 14
m1 -5 -5
m2 -5 -5
1 9 14
2 0 7
3 7 2
t 26 60
m0 1 14
m1 -5 -5
m2 -5 -5
1 9 13
2 0 8
3 6 2
t 25 60
m0 2 14
m1 -5 -5
m2 -5 -5
1 9 14
2 0 9
3 6 1
t 24 60
m0 2 14
m1 -5 -5
m2 -5 -5
1 9 13
2 0 8
3 6 0
t 23 60
m0 2 14
m1 -5 -5
m2 -5 -5
1 9 12
2 0 9
3 7 0
t 22 60
m0 2 14
m1 -5 -5
m2 -5 -5
1 9 13
2 0 8
3 6 0
t 21 60
m0 2 14
m1 -5 -5
m2 -5 -5
1 8 13
2 1 8
3 7 0
t 20 60
m0 2 14
m1 -5 -5
m2 -5 -5
1 9 13
2 0 8
3 8 0
t 19 60
m0 2 14
m1 -5 -5
m2 -5 -5
1 9 14
2 0 9
3 9 0
t 18 60
m0 2 14
m1 -5 -5
m2 -5 -5
1 9 13
2 0 8
3 8 0
t 17 60
m0 2 14
m1 -5 -5
m2 -5 -5
1 9 12
2 1 8
3 7 0
t 16 60
m0 2 14
m1 -5 -5
m2 -5 -5
1 9 13
2 2 8
3 8 0
t 15 60
m0 1 14
m1 -5 -5
m2 -5 -5
1 9 14
2 2 9
3 7 0
t 14 60
m0 0 14
m1 -5 -5
m2 -5 -5
1 9 13
2 2 8
3 8 0
t 13 60
m0 0 14
m1 -5 -5
m2 -5 -5
1 9 14
2 3 8
3 9 0
t 12 60
m0 0 14
m1 -5 -5
m2 -5 -5
1 9 13
2 2 8
3 8 0
t 11 60
m0 0 14
m1 -5 -5
m2 -5 -5
1 9 14
2 3 8
3 8 1
t 10 60
m0 0 14
m1 -5 -5
m2 -5 -5
1 9 13
2 2 8
3 8 0
t 9 60
m0 0 14
m1 -5 -5
m2 -5 -5
1 8 13
2 3 8
3 9 0
t 8 60
m0 0 14
m1 -5 -5
m2 -5 -5
1 9 13
2 3 7
3 8 0
t 7 60
m0 0 14
m1 -5 -5
m2 -5 -5
1 9 14
2 3 6
3 9 0
t 6 60
m0 0 14
m1 -5 -5
m2 -5 -5
1 9 13
2 3 7
3 8 0
t 5 60
m0 0 14
m1 -5 -5
m2 -5 -5
1 9 12
2 3 8
3 9 0
t 4 60
m0 0 14
m1 -5 -5
m2 -5 -5
1 9 13
2 3 9
3 8 0
t 3 60
m0 0 14
m1 -5 -5
m2 -5 -5
1 9 14
2 4 9
3 8 1
t 2 60
m0 0 14
m1 -5 -5
m2 -5 -5
1 9 13
2 4 10
3 8 0
t 1 60
m0 0 14
m1 -5 -5
m2 -5 -5
1 9 13
2 4 10
3 8 0
t 0 60
