10
15
w 6 9
w 1 3
w 8 13
w 6 6
w 9 8
w 8 9
w 6 2
w 0 10
w 7 11
w 2 9
w 8 1
w 5 12
w 4 4
w 7 6
w 6 3
w 4 1
w 1 1
w 6 4
w 3 13
w 6 11
w 4 5
w 8 11
w 1 4
w 3 9
w 0 8
w 2 7
w 8 3
w 7 0
w 6 8
w 1 12
w 7 13
w 2 11
w 3 1
w 5 14
w 4 3
w 0 9
w 3 4
p 5 9
p 7 12
p 2 8
p 7 7
p 2 1
p 4 12
p 2 12
p 9 4
p 5 1
p 3 7
p 1 11
p 7 2
p 5 8
p 4 0
p 8 14
p 4 9
p 3 3
p 6 7
p 6 10
p 4 13
p 0 11
p 2 13
p 5 0
p 8 6
p 9 7
p 7 14
p 0 0
p 2 6
p 5 4
p 3 2
p 5 11
p 9 3
p 4 14
p 0 12
p 9 10
p 7 5
p 0 5
p 1 9
p 2 3
p 8 7
p 6 12
p 4 2
p 6 5
p 4 11
p 3 5
p 6 1
p 5 7
p 0 13
p 9 9
p 7 4
p 3 8
p 2 0
p 8 8
p 9 5
p 5 2
p 0 2
m0 0 14
m1 0 14
m2 0 14
1 9 0
2 9 0
3 9 0
t 300 0
m0 1 14
m1 0 13
m2 0 14
1 8 0
2 8 0
3 8 0
t 299 1
m0 1 13
m1 0 13
m2 0 13
1 9 0
2 9 0
3 9 0
t 298 1
m0 2 13
m1 0 14
m2 0 12
1 8 0
2 8 0
3 8 0
t 297 3
m0 2 14
m1 0 13
m2 0 13
1 9 0
2 9 0
3 9 0
t 296 3
m0 2 14
m1 1 13
m2 0 13
1 8 0
2 8 0
3 8 0
t 295 3
m0 3 14
m1 0 13
m2 0 13
1 9 0
2 9 0
3 9 0
t 294 3
m0 3 14
m1 1 13
m2 1 13
1 8 0
2 8 0
3 8 0
t 293 3
m0 2 14
m1 2 13
m2 1 14
1 9 0
2 9 0
3 9 0
t 292 3
m0 1 14
m1 1 13
m2 2 14
1 8 0
2 8 0
3 8 0
t 291 3
m0 2 14
m1 2 13
m2 2 13
1 9 0
2 9 0
3 9 0
t 290 3
m0 3 14
m1 1 13
m2 1 13
1 8 0
2 8 0
3 8 0
t 289 3
m0 4 14
m1 1 14
m2 1 14
1 9 0
2 9 0
3 9 0
t 288 4
m0 4 13
m1 1 13
m2 1 14
1 8 0
2 8 0
3 8 0
t 287 5
m0 4 12
m1 1 14
m2 0 14
1 9 0
2 9 0
3 9 0
t 286 6
m0 4 11
m1 2 14
m2 0 13
1 8 0
2 8 0
3 8 0
t 285 7
m0 4 12
m1 2 14
m2 0 14
1 9 0
2 9 0
3 9 0
t 284 7
m0 4 11
m1 3 14
m2 1 14
1 8 0
2 8 0
3 8 0
t 283 7
m0 3 11
m1 4 14
m2 0 14
1 9 0
2 9 0
3 9 0
t 282 7
m0 3 10
m1 3 14
m2 1 14
1 8 0
2 8 0
3 8 0
t 281 7
m0 4 10
m1 2 14
m2 0 14
1 9 0
2 9 0
3 9 0
t 280 7
m0 5 10
m1 2 14
m2 0 13
1 8 0
2 8 0
3 8 0
t 279 7
m0 6 10
m1 3 14
m2 0 14
1 9 0
2 9 0
3 9 0
t 278 8
m0 7 10
m1 2 14
m2 0 14
1 8 0
2 8 0
3 8 0
t 277 8
m0 7 10
m1 2 13
m2 0 13
1 9 0
2 9 0
3 9 0
t 276 8
m0 8 10
m1 1 13
m2 0 13
1 8 0
2 8 0
3 8 0
t 275 8
m0 8 10
m1 2 13
m2 0 14
1 9 0
2 9 0
3 9 0
t 274 8
m0 7 10
m1 2 13
m2 1 14
1 8 0
2 8 0
3 8 0
t 273 8
m0 7 10
m1 1 13
m2 2 14
1 9 0
2 9 0
3 9 0
t 272 8
m0 7 9
m1 2 13
m2 2 13
1 8 0
2 8 0
3 8 0
t 271 8
m0 7 10
m1 2 13
m2 2 14
1 9 0
2 9 0
3 9 0
t 270 8
m0 7 10
m1 2 12
m2 2 13
1 8 0
2 8 0
3 8 0
t 269 9
m0 7 10
m1 2 12
m2 2 14
1 9 0
2 9 0
3 9 0
t 268 9
m0 8 10
m1 3 12
m2 2 14
1 8 0
2 8 0
3 8 0
t 267 9
m0 7 10
m1 4 12
m2 3 14
1 9 0
2 9 0
3 9 0
t 266 9
m0 7 10
m1 4 12
m2 2 14
1 8 0
2 8 0
3 8 0
t 265 9
m0 7 10
m1 4 12
m2 1 14
1 9 0
2 9 0
3 9 0
t 264 9
m0 7 9
m1 4 13
m2 1 13
1 8 0
2 8 0
3 8 0
t 263 9
m0 7 8
m1 4 12
m2 1 14
1 9 0
2 9 0
3 9 0
t 262 9
m0 7 8
m1 4 11
m2 1 14
1 8 0
2 8 0
3 8 0
t 261 9
m0 7 9
m1 4 10
m2 2 14
1 9 0
2 9 0
3 9 0
t 260 9
m0 7 8
m1 4 9
m2 2 14
1 8 0
2 8 0
3 8 0
t 259 10
m0 7 7
m1 5 9
m2 2 13
1 9 0
2 9 0
3 9 0
t 258 12
m0 7 7
m1 5 8
m2 1 13
1 8 0
2 8 0
3 8 0
t 257 13
m0 8 7
m1 5 9
m2 2 13
1 9 0
2 9 0
3 9 0
t 256 14
m0 8 6
m1 4 9
m2 2 12
1 8 0
2 8 0
3 8 0
t 255 15
m0 9 6
m1 4 8
m2 2 12
1 9 0
2 9 0
3 9 0
t 254 15
m0 9 7
m1 4 7
m2 2 12
1 8 0
2 8 0
3 8 0
t 253 16
m0 8 7
m1 4 6
m2 2 12
1 9 0
2 9 0
3 9 0
t 252 16
m0 8 7
m1 3 6
m2 2 12
1 8 0
2 8 0
3 8 0
t 251 16
m0 9 7
m1 3 5
m2 2 12
1 9 0
2 9 0
3 9 0
t 250 17
m0 9 7
m1 2 5
m2 3 12
1 8 0
2 8 0
3 8 0
t 249 17
m0 9 7
m1 2 6
m2 2 12
1 9 0
2 9 0
3 9 0
t 248 18
m0 9 7
m1 3 6
m2 2 13
1 8 0
2 8 0
3 8 0
f 6 13
t 247 18
m0 8 7
m1 3 7
m2 2 12
1 9 0
2 9 0
3 9 0
t 246 19
m0 8 6
m1 4 7
m2 2 12
1 8 0
2 8 0
3 8 0
t 245 19
m0 8 6
m1 4 6
m2 2 12
1 9 0
2 9 0
3 9 0
t 244 19
m0 8 6
m1 5 6
m2 2 12
1 8 0
2 8 0
3 8 0
t 243 19
m0 8 6
m1 5 5
m2 2 12
1 9 0
2 9 0
3 9 0
t 242 19
m0 9 6
m1 5 5
m2 2 12
1 8 0
2 8 0
3 8 0
t 241 19
m0 9 6
m1 5 4
m2 2 12
1 9 0
2 9 0
3 9 0
t 240 20
m0 9 7
m1 5 3
m2 3 12
1 8 0
2 8 0
3 8 0
t 239 20
m0 9 6
m1 5 2
m2 2 12
1 9 0
2 9 0
3 9 0
t 238 21
m0 9 7
m1 5 2
m2 2 12
1 8 0
2 8 0
3 8 0
t 237 21
m0 9 7
m1 5 3
m2 2 12
1 9 0
2 9 0
3 9 0
t 236 21
m0 9 7
m1 5 2
m2 3 12
1 8 0
2 8 0
3 8 0
t 235 21
m0 9 6
m1 5 2
m2 2 12
1 9 0
2 9 0
3 9 0
t 234 21
m0 9 6
m1 5 1
m2 2 12
1 8 0
2 8 0
3 8 0
t 233 22
m0 9 5
m1 5 0
m2 2 12
1 9 0
2 9 0
3 9 0
t 232 24
m0 9 4
m1 6 0
m2 2 12
1 9 1
2 9 1
3 9 1
t 231 25
m0 9 5
m1 6 0
m2 2 12
1 9 0
2 9 0
3 9 0
t 230 25
m0 8 5
m1 6 0
m2 2 12
1 9 1
2 9 1
3 9 1
t 229 25
m0 7 5
m1 6 1
m2 2 12
1 9 0
2 9 0
3 9 0
t 228 27
m0 7 4
m1 7 1
m2 2 12
1 8 0
2 8 0
3 8 0
t 227 28
m0 7 3
m1 7 1
m2 2 12
1 9 0
2 9 0
3 9 0
t 226 28
m0 7 2
m1 6 1
m2 3 12
1 8 0
2 8 0
3 8 0
t 225 29
m0 7 2
m1 6 0
m2 2 12
1 9 0
2 9 0
3 9 0
t 224 29
m0 7 1
m1 6 1
m2 2 13
1 8 0
2 8 0
3 8 0
t 223 29
m0 7 2
m1 7 1
m2 1 13
1 9 0
2 9 0
3 9 0
t 222 29
m0 7 1
m1 7 1
m2 0 13
1 8 0
2 8 0
3 8 0
t 221 29
m0 7 1
m1 7 2
m2 0 14
1 9 0
2 9 0
3 9 0
t 220 29
m0 7 2
m1 7 3
m2 0 14
1 8 0
2 8 0
3 8 0
t 219 29
m0 8 2
m1 7 4
m2 1 14
1 9 0
2 9 0
3 9 0
t 218 29
m0 7 2
m1 7 5
m2 2 14
1 8 0
2 8 0
3 8 0
t 217 29
m0 7 3
m1 7 5
m2 2 14
1 9 0
2 9 0
3 9 0
t 216 29
m0 7 4
m1 7 4
m2 2 14
1 8 0
2 8 0
3 8 0
t 215 29
m0 8 4
m1 7 4
m2 2 13
1 9 0
2 9 0
3 9 0
t 214 29
m0 8 5
m1 7 3
m2 2 14
1 8 0
2 8 0
3 8 0
t 213 29
m0 8 4
m1 7 3
m2 1 14
1 9 0
2 9 0
3 9 0
t 212 29
m0 8 4
m1 7 2
m2 2 14
1 8 0
2 8 0
3 8 0
t 211 29
m0 7 4
m1 7 1
m2 1 14
1 9 0
2 9 0
3 9 0
t 210 29
m0 7 4
m1 6 1
m2 1 13
1 8 0
2 8 0
3 8 0
t 209 29
m0 7 4
m1 6 1
m2 1 14
1 9 0
2 9 0
3 9 0
t 208 29
m0 8 4
m1 5 1
m2 0 14
1 8 0
2 8 0
3 8 0
t 207 29
m0 8 4
m1 5 2
m2 0 14
1 9 0
2 9 0
3 9 0
t 206 29
m0 8 4
m1 4 2
m2 0 14
1 8 0
2 8 0
3 8 0
t 205 30
m0 7 4
m1 4 2
m2 0 14
1 9 0
2 9 0
3 9 0
t 204 30
m0 8 4
m1 3 2
m2 1 14
1 8 0
2 8 0
3 8 0
t 203 31
m0 8 5
m1 3 2
m2 0 14
1 9 0
2 9 0
3 9 0
t 202 31
m0 9 5
m1 3 2
m2 0 13
1 8 0
2 8 0
3 8 0
t 201 31
m0 9 4
m1 3 2
m2 0 14
1 9 0
2 9 0
3 9 0
t 200 31
m0 9 4
m1 3 2
m2 0 13
1 8 0
2 8 0
3 8 0
t 199 31
m0 9 3
m1 4 2
m2 0 14
1 9 0
2 9 0
3 9 0
t 198 32
m0 9 2
m1 3 2
m2 1 14
1 8 0
2 8 0
3 8 0
t 197 32
m0 9 1
m1 2 2
m2 0 14
1 9 0
2 9 0
3 9 0
t 196 32
m0 -5 -5
m1 3 2
m2 0 14
1 8 0
2 8 0
3 8 0
t 195 32
m0 -5 -5
m1 3 3
m2 1 14
1 9 0
2 9 0
3 9 0
t 194 33
m0 -5 -5
m1 2 3
m2 0 14
1 8 0
2 8 0
3 8 0
t 193 34
m0 -5 -5
m1 2 3
m2 1 14
1 9 0
2 9 0
3 9 0
t 192 34
m0 -5 -5
m1 2 3
m2 1 14
1 8 0
2 8 0
3 8 0
t 191 34
m0 -5 -5
m1 3 3
m2 0 14
1 9 0
2 9 0
3 9 0
t 190 34
m0 -5 -5
m1 2 3
m2 0 14
1 8 0
2 8 0
3 8 0
t 189 34
m0 -5 -5
m1 2 3
m2 0 13
1 9 0
2 9 0
3 9 0
t 188 34
m0 -5 -5
m1 2 2
m2 0 14
1 8 0
2 8 0
3 8 0
t 187 34
m0 -5 -5
m1 2 2
m2 1 14
1 9 0
2 9 0
3 9 0
t 186 34
m0 -5 -5
m1 2 2
m2 0 14
1 8 0
2 8 0
3 8 0
t 185 34
m0 -5 -5
m1 2 1
m2 0 14
1 9 0
2 9 0
3 9 0
t 184 35
m0 -5 -5
m1 2 0
m2 0 13
1 9 1
2 9 1
3 9 1
t 183 36
m0 -5 -5
m1 3 0
m2 0 12
1 9 2
2 9 2
3 9 2
t 182 36
m0 -5 -5
m1 4 0
m2 0 11
1 9 3
2 9 3
3 9 3
t 181 38
m0 -5 -5
m1 5 0
m2 1 11
1 9 4
2 9 4
3 9 4
t 180 39
m0 -5 -5
m1 5 0
m2 1 11
1 9 5
2 9 5
3 9 5
t 179 39
m0 -5 -5
m1 5 0
m2 1 10
1 9 6
2 9 6
3 9 6
t 178 39
m0 -5 -5
m1 6 0
m2 1 10
1 9 7
2 9 7
3 9 7
t 177 39
m0 -5 -5
m1 5 0
m2 2 10
1 9 6
2 9 6
3 9 6
t 176 39
m0 -5 -5
m1 4 0
m2 2 10
1 9 5
2 9 5
3 9 5
t 175 39
m0 -5 -5
m1 4 0
m2 2 10
1 9 6
2 9 6
3 9 6
t 174 39
m0 -5 -5
m1 3 0
m2 2 10
1 9 5
2 9 5
3 9 5
t 173 39
m0 -5 -5
m1 3 0
m2 2 10
1 9 6
2 9 6
3 9 6
t 172 39
m0 -5 -5
m1 2 0
m2 1 10
1 9 5
2 9 5
3 9 5
t 171 39
m0 -5 -5
m1 2 0
m2 1 11
1 9 6
2 9 6
3 9 6
t 170 39
m0 -5 -5
m1 2 1
m2 1 11
1 9 7
2 9 7
3 9 7
t 169 39
m0 -5 -5
m1 2 2
m2 1 10
1 9 6
2 9 6
3 9 6
t 168 39
m0 -5 -5
m1 2 3
m2 1 9
1 9 7
2 9 7
3 9 7
t 167 40
m0 -5 -5
m1 2 4
m2 1 8
1 9 6
2 9 6
3 9 6
t 166 40
m0 -5 -5
m1 2 3
m2 1 9
1 9 7
2 9 7
3 9 7
t 165 40
m0 -5 -5
m1 2 2
m2 1 10
1 9 6
2 9 6
3 9 6
t 164 40
m0 -5 -5
m1 2 1
m2 1 10
1 9 5
2 9 5
3 9 5
t 163 40
m0 -5 -5
m1 2 0
m2 1 9
1 9 4
2 9 4
3 9 4
t 162 40
m0 -5 -5
m1 3 0
m2 1 8
1 9 5
2 9 5
3 9 5
t 161 40
m0 -5 -5
m1 2 0
m2 2 8
1 9 4
2 9 4
3 9 4
t 160 41
m0 -5 -5
m1 1 0
m2 1 8
1 9 3
2 9 3
3 9 3
t 159 41
m0 -5 -5
m1 1 0
m2 1 8
1 9 4
2 9 4
3 9 4
t 158 41
m0 -5 -5
m1 1 0
m2 1 7
1 9 3
2 9 3
3 9 3
t 157 41
m0 -5 -5
m1 0 0
m2 1 7
1 9 2
2 9 2
3 9 2
t 156 42
m0 -5 -5
m1 1 0
m2 0 7
1 9 3
2 9 3
3 9 3
t 155 42
m0 -5 -5
m1 2 0
m2 0 7
1 9 4
2 9 4
3 9 4
t 154 42
m0 -5 -5
m1 1 0
m2 0 6
1 9 3
2 9 3
3 9 3
t 153 42
m0 -5 -5
m1 0 0
m2 0 6
1 9 2
2 9 2
3 9 2
t 152 42
m0 -5 -5
m1 0 1
m2 0 5
1 9 3
2 9 3
3 9 3
t 151 43
m0 -5 -5
m1 0 1
m2 0 5
1 9 2
2 9 2
3 9 2
t 150 43
m0 -5 -5
m1 0 2
m2 1 5
1 9 1
2 9 1
3 9 1
t 149 44
m0 -5 -5
m1 0 1
m2 2 5
1 9 0
2 9 0
3 9 0
t 148 44
m0 -5 -5
m1 0 0
m2 2 5
1 9 1
2 9 1
3 9 1
t 147 44
m0 -5 -5
m1 0 0
m2 2 6
1 9 2
2 9 2
3 9 2
t 146 44
m0 -5 -5
m1 0 1
m2 2 6
1 9 3
2 9 3
3 9 3
t 145 44
m0 -5 -5
m1 0 0
m2 2 5
1 9 2
2 9 2
3 9 2
t 144 44
m0 -5 -5
m1 0 0
m2 2 4
1 9 1
2 9 1
3 9 1
t 143 44
m0 -5 -5
m1 0 0
m2 2 4
1 9 0
2 9 0
3 9 0
t 142 44
m0 -5 -5
m1 1 0
m2 2 3
1 9 1
2 9 1
3 9 1
t 141 44
m0 -5 -5
m1 0 0
m2 2 3
1 9 0
2 9 0
3 9 0
t 140 44
m0 -5 -5
m1 1 0
m2 2 2
1 9 1
2 9 1
3 9 1
t 139 44
m0 -5 -5
m1 1 0
m2 1 2
1 9 0
2 9 0
3 9 0
t 138 44
m0 -5 -5
m1 1 0
m2 1 2
1 9 1
2 9 1
3 9 1
t 137 44
m0 -5 -5
m1 1 0
m2 0 2
1 9 2
2 9 2
3 9 2
t 136 44
m0 -5 -5
m1 0 0
m2 0 1
1 9 3
2 9 3
3 9 3
t 135 44
m0 -5 -5
m1 0 0
m2 0 1
1 9 4
2 9 4
3 9 4
t 134 44
m0 -5 -5
m1 1 0
m2 0 2
1 9 5
2 9 5
3 9 5
t 133 44
m0 -5 -5
m1 1 0
m2 0 1
1 9 6
2 9 6
3 9 6
t 132 44
m0 -5 -5
m1 1 0
m2 0 1
1 9 7
2 9 7
3 9 7
t 131 44
m0 -5 -5
m1 0 0
m2 0 0
1 9 6
2 9 6
3 9 6
t 130 44
m0 -5 -5
m1 1 0
m2 1 0
1 9 7
2 9 7
3 9 7
t 129 44
m0 -5 -5
m1 1 0
m2 2 0
1 9 6
2 9 6
3 9 6
t 128 44
m0 -5 -5
m1 0 0
m2 2 1
1 9 7
2 9 7
3 9 7
t 127 44
m0 -5 -5
m1 1 0
m2 2 0
1 9 6
2 9 6
3 9 6
t 126 44
m0 -5 -5
m1 1 0
m2 3 0
1 9 7
2 9 7
3 9 7
t 125 44
m0 -5 -5
m1 0 0
m2 4 0
1 9 6
2 9 6
3 9 6
t 124 44
m0 -5 -5
m1 1 0
m2 5 0
1 9 7
2 9 7
3 9 7
t 123 44
m0 -5 -5
m1 0 0
m2 4 0
1 9 6
2 9 6
3 9 6
t 122 44
m0 -5 -5
m1 0 0
m2 3 0
1 9 7
2 9 7
3 9 7
t 121 44
m0 -5 -5
m1 1 0
m2 4 0
1 9 6
2 9 6
3 9 6
t 120 44
m0 -5 -5
m1 0 0
m2 4 0
1 9 7
2 9 7
3 9 7
t 119 44
m0 -5 -5
m1 0 0
m2 4 0
1 9 6
2 9 6
3 9 6
t 118 44
m0 -5 -5
m1 0 1
m2 3 0
1 9 7
2 9 7
3 9 7
t 117 44
m0 -5 -5
m1 0 2
m2 4 0
1 9 6
2 9 6
3 9 6
t 116 44
m0 -5 -5
m1 0 3
m2 3 0
1 9 7
2 9 7
3 9 7
t 115 44
m0 -5 -5
m1 0 2
m2 3 0
1 9 6
2 9 6
3 9 6
t 114 44
m0 -5 -5
m1 0 3
m2 4 0
1 9 7
2 9 7
3 9 7
t 113 44
m0 -5 -5
m1 0 2
m2 4 0
1 9 6
2 9 6
3 9 6
t 112 44
m0 -5 -5
m1 0 3
m2 4 0
1 9 7
2 9 7
3 9 7
t 111 44
m0 -5 -5
m1 0 2
m2 3 0
1 9 6
2 9 6
3 9 6
t 110 44
m0 -5 -5
m1 1 2
m2 3 0
1 9 7
2 9 7
3 9 7
t 109 44
m0 -5 -5
m1 2 2
m2 2 0
1 9 6
2 9 6
3 9 6
t 108 44
m0 -5 -5
m1 1 2
m2 2 1
1 9 7
2 9 7
3 9 7
t 107 44
m0 -5 -5
m1 2 2
m2 2 2
1 9 6
2 9 6
3 9 6
t 106 44
m0 -5 -5
m1 2 1
m2 2 2
1 9 7
2 9 7
3 9 7
t 105 44
m0 -5 -5
m1 2 2
m2 2 3
1 9 6
2 9 6
3 9 6
t 104 44
m0 -5 -5
m1 2 3
m2 2 3
1 9 7
2 9 7
3 9 7
t 103 44
m0 -5 -5
m1 2 3
m2 2 2
1 9 6
2 9 6
3 9 6
t 102 44
m0 -5 -5
m1 2 4
m2 2 2
1 9 7
2 9 7
3 9 7
t 101 44
m0 -5 -5
m1 2 4
m2 2 2
1 9 6
2 9 6
3 9 6
t 100 44
m0 -5 -5
m1 2 3
m2 1 2
1 9 7
2 9 7
3 9 7
t 99 44
m0 -5 -5
m1 2 2
m2 0 2
1 9 6
2 9 6
3 9 6
t 98 44
m0 -5 -5
m1 2 1
m2 0 2
1 9 7
2 9 7
3 9 7
t 97 44
m0 -5 -5
m1 2 2
m2 0 1
1 9 6
2 9 6
3 9 6
t 96 44
m0 -5 -5
m1 1 2
m2 0 1
1 9 7
2 9 7
3 9 7
t 95 44
m0 -5 -5
m1 1 2
m2 0 2
1 9 6
2 9 6
3 9 6
t 94 44
m0 -5 -5
m1 1 2
m2 0 2
1 9 7
2 9 7
3 9 7
t 93 44
m0 -5 -5
m1 0 2
m2 0 3
1 9 6
2 9 6
3 9 6
t 92 44
m0 -5 -5
m1 0 3
m2 0 2
1 9 7
2 9 7
3 9 7
t 91 44
m0 -5 -5
m1 0 3
m2 0 2
1 9 6
2 9 6
3 9 6
t 90 44
m0 -5 -5
m1 0 2
m2 1 2
1 9 7
2 9 7
3 9 7
t 89 44
m0 -5 -5
m1 0 3
m2 1 2
1 9 6
2 9 6
3 9 6
t 88 44
m0 -5 -5
m1 0 3
m2 2 2
1 9 7
2 9 7
3 9 7
t 87 44
m0 -5 -5
m1 0 4
m2 2 2
1 9 6
2 9 6
3 9 6
t 86 44
m0 -5 -5
m1 0 5
m2 3 2
1 9 7
2 9 7
3 9 7
t 85 44
m0 -5 -5
m1 1 5
m2 3 2
1 9 6
2 9 6
3 9 6
t 84 44
m0 -5 -5
m1 2 5
m2 3 3
1 9 7
2 9 7
3 9 7
t 83 44
m0 -5 -5
m1 2 4
m2 2 3
1 9 6
2 9 6
3 9 6
t 82 44
m0 -5 -5
m1 2 4
m2 2 4
1 9 7
2 9 7
3 9 7
t 81 44
m0 -5 -5
m1 2 4
m2 2 5
1 9 6
2 9 6
3 9 6
t 80 44
m0 -5 -5
m1 2 5
m2 2 4
1 9 7
2 9 7
3 9 7
t 79 44
m0 -5 -5
m1 2 5
m2 2 5
1 9 6
2 9 6
3 9 6
t 78 44
m0 -5 -5
m1 2 4
m2 1 5
1 9 7
2 9 7
3 9 7
t 77 44
m0 -5 -5
m1 2 5
m2 1 6
1 9 6
2 9 6
3 9 6
t 76 44
m0 -5 -5
m1 1 5
m2 0 6
1 9 7
2 9 7
3 9 7
t 75 44
m0 -5 -5
m1 0 5
m2 0 7
1 9 6
2 9 6
3 9 6
t 74 44
m0 -5 -5
m1 1 5
m2 0 6
1 9 7
2 9 7
3 9 7
t 73 44
m0 -5 -5
m1 2 5
m2 0 7
1 9 6
2 9 6
3 9 6
t 72 44
m0 -5 -5
m1 1 5
m2 0 7
1 9 7
2 9 7
3 9 7
t 71 44
m0 -5 -5
m1 1 6
m2 0 6
1 9 6
2 9 6
3 9 6
t 70 44
m0 -5 -5
m1 0 6
m2 0 6
1 9 5
2 9 5
3 9 5
t 69 44
m0 -5 -5
m1 0 6
m2 0 6
1 9 4
2 9 4
3 9 4
t 68 44
m0 -5 -5
m1 0 6
m2 0 7
1 9 3
2 9 3
3 9 3
t 67 44
m0 -5 -5
m1 0 5
m2 0 7
1 9 2
2 9 2
3 9 2
t 66 44
m0 -5 -5
m1 0 5
m2 0 7
1 9 1
2 9 1
3 9 1
t 65 44
m0 -5 -5
m1 0 6
m2 0 6
1 9 0
2 9 0
3 9 0
t 64 44
m0 -5 -5
m1 1 6
m2 0 5
1 8 0
2 8 0
3 8 0
t 63 44
m0 -5 -5
m1 2 6
m2 0 4
1 9 0
2 9 0
3 9 0
t 62 44
m0 -5 -5
m1 2 6
m2 0 5
1 8 0
2 8 0
3 8 0
t 61 44
m0 -5 -5
m1 2 5
m2 1 5
1 9 0
2 9 0
3 9 0
t 60 44
m0 -5 -5
m1 2 4
m2 0 5
1 8 0
2 8 0
3 8 0
t 59 44
m0 -5 -5
m1 2 4
m2 0 4
1 9 0
2 9 0
3 9 0
t 58 44
m0 -5 -5
m1 2 3
m2 0 3
1 8 0
2 8 0
3 8 0
t 57 44
m0 -5 -5
m1 3 3
m2 0 3
1 9 0
2 9 0
3 9 0
t 56 44
m0 -5 -5
m1 2 3
m2 0 4
1 8 0
2 8 0
3 8 0
t 55 44
m0 -5 -5
m1 2 3
m2 0 5
1 9 0
2 9 0
3 9 0
t 54 44
m0 -5 -5
m1 2 3
m2 0 5
1 8 0
2 8 0
3 8 0
t 53 44
m0 -5 -5
m1 2 4
m2 1 5
1 9 0
2 9 0
3 9 0
t 52 44
m0 -5 -5
m1 2 4
m2 0 5
1 8 0
2 8 0
3 8 0
t 51 44
m0 -5 -5
m1 2 3
m2 1 5
1 9 0
2 9 0
3 9 0
t 50 44
m0 -5 -5
m1 2 3
m2 1 5
1 8 0
2 8 0
3 8 0
t 49 44
m0 -5 -5
m1 2 3
m2 1 5
1 9 0
2 9 0
3 9 0
t 48 44
m0 -5 -5
m1 2 2
m2 0 5
1 8 0
2 8 0
3 8 0
t 47 44
m0 -5 -5
m1 1 2
m2 0 4
1 9 0
2 9 0
3 9 0
t 46 44
m0 -5 -5
m1 1 2
m2 0 3
1 8 0
2 8 0
3 8 0
t 45 44
m0 -5 -5
m1 0 2
m2 0 4
1 9 0
2 9 0
3 9 0
t 44 44
m0 -5 -5
m1 0 1
m2 0 3
1 8 0
2 8 0
3 8 0
t 43 44
m0 -5 -5
m1 0 1
m2 0 3
1 9 0
2 9 0
3 9 0
t 42 44
m0 -5 -5
m1 0 1
m2 0 4
1 8 0
2 8 0
3 8 0
t 41 44
m0 -5 -5
m1 0 1
m2 0 3
1 9 0
2 9 0
3 9 0
t 40 44
m0 -5 -5
m1 0 1
m2 0 3
1 8 0
2 8 0
3 8 0
t 39 44
m0 -5 -5
m1 0 2
m2 0 4
1 9 0
2 9 0
3 9 0
t 38 44
m0 -5 -5
m1 0 1
m2 0 3
1 8 0
2 8 0
3 8 0
t 37 44
m0 -5 -5
m1 0 0
m2 0 3
1 9 0
2 9 0
3 9 0
t 36 44
m0 -5 -5
m1 0 0
m2 0 3
1 9 1
2 9 1
3 9 1
t 35 44
m0 -5 -5
m1 0 1
m2 0 2
1 9 0
2 9 0
3 9 0
t 34 44
m0 -5 -5
m1 0 0
m2 0 1
1 9 1
2 9 1
3 9 1
t 33 44
m0 -5 -5
m1 0 0
m2 0 0
1 9 2
2 9 2
3 9 2
t 32 44
m0 -5 -5
m1 0 0
m2 1 0
1 9 3
2 9 3
3 9 3
t 31 44
m0 -5 -5
m1 1 0
m2 0 0
1 9 4
2 9 4
3 9 4
t 30 44
m0 -5 -5
m1 1 0
m2 0 0
1 9 5
2 9 5
3 9 5
t 29 44
m0 -5 -5
m1 1 0
m2 1 0
1 9 6
2 9 6
3 9 6
t 28 44
m0 -5 -5
m1 1 0
m2 0 0
1 9 7
2 9 7
3 9 7
t 27 44
m0 -5 -5
m1 1 0
m2 0 1
1 9 6
2 9 6
3 9 6
t 26 44
m0 -5 -5
m1 2 0
m2 0 0
1 9 7
2 9 7
3 9 7
t 25 44
m0 -5 -5
m1 3 0
m2 0 1
1 9 6
2 9 6
3 9 6
t 24 44
m0 -5 -5
m1 3 0
m2 0 0
1 9 7
2 9 7
3 9 7
t 23 44
m0 -5 -5
m1 4 0
m2 0 1
1 9 6
2 9 6
3 9 6
t 22 44
m0 -5 -5
m1 3 0
m2 0 0
1 9 7
2 9 7
3 9 7
t 21 44
m0 -5 -5
m1 3 0
m2 1 0
1 9 6
2 9 6
3 9 6
t 20 44
m0 -5 -5
m1 4 0
m2 0 0
1 9 7
2 9 7
3 9 7
t 19 44
m0 -5 -5
m1 3 0
m2 0 1
1 9 6
2 9 6
3 9 6
t 18 44
m0 -5 -5
m1 3 0
m2 0 0
1 9 7
2 9 7
3 9 7
t 17 44
m0 -5 -5
m1 2 0
m2 1 0
1 9 6
2 9 6
3 9 6
t 16 44
m0 -5 -5
m1 1 0
m2 2 0
1 9 7
2 9 7
3 9 7
t 15 44
m0 -5 -5
m1 1 0
m2 3 0
1 9 6
2 9 6
3 9 6
t 14 44
m0 -5 -5
m1 1 0
m2 3 0
1 9 7
2 9 7
3 9 7
t 13 44
m0 -5 -5
m1 1 0
m2 4 0
1 9 6
2 9 6
3 9 6
t 12 44
m0 -5 -5
m1 0 0
m2 3 0
1 9 7
2 9 7
3 9 7
t 11 44
m0 -5 -5
m1 0 0
m2 2 0
1 9 6
2 9 6
3 9 6
t 10 44
m0 -5 -5
m1 0 0
m2 3 0
1 9 7
2 9 7
3 9 7
t 9 44
m0 -5 -5
m1 1 0
m2 2 0
1 9 6
2 9 6
3 9 6
t 8 44
m0 -5 -5
m1 1 0
m2 3 0
1 9 7
2 9 7
3 9 7
t 7 44
m0 -5 -5
m1 2 0
m2 2 0
1 9 6
2 9 6
3 9 6
t 6 44
m0 -5 -5
m1 2 1
m2 3 0
1 9 7
2 9 7
3 9 7
t 5 44
m0 -5 -5
m1 2 1
m2 2 0
1 9 6
2 9 6
3 9 6
t 4 44
m0 -5 -5
m1 2 1
m2 2 1
1 9 7
2 9 7
3 9 7
t 3 44
m0 -5 -5
m1 2 0
m2 2 2
1 9 6
2 9 6
3 9 6
t 2 44
m0 -5 -5
m1 2 1
m2 2 2
1 9 7
2 9 7
3 9 7
t 1 44
m0 -5 -5
m1 2 2
m2 2 2
1 9 7
2 9 7
3 9 7
t 0 44
