10
15
w 7 3
w 6 9
w 8 13
w 4 8
w 3 0
w 2 8
w 3 11
w 7 7
w 1 6
w 0 3
w 8 5
w 3 14
w 6 14
w 4 9
w 8 1
w 1 14
w 8 10
w 2 2
w 4 10
w 5 4
w 6 11
w 2 10
w 0 12
w 7 5
w 2 3
w 8 7
w 4 2
w 2 14
w 5 3
w 6 1
w 2 11
w 7 4
w 8 8
w 1 7
w 0 9
w 9 12
w 8 4
p 5 9
p 4 7
p 1 3
p 7 12
p 5 13
p 0 7
p 8 9
p 6 2
p 0 10
p 9 4
p 7 11
p 1 11
p 4 0
p 6 7
p 5 5
p 2 9
p 5 12
p 3 10
p 4 13
p 0 11
p 7 10
p 3 6
p 5 0
p 6 4
p 7 14
p 8 2
p 3 13
p 1 13
p 9 3
p 5 2
p 6 0
p 1 4
p 9 10
p 3 9
p 0 5
p 4 11
p 6 5
p 2 7
p 7 9
p 3 12
p 4 6
p 1 12
p 8 12
p 9 2
p 7 0
p 6 8
p 3 1
p 7 13
p 9 9
p 5 14
p 0 6
p 2 0
p 6 13
p 4 3
p 7 8
p 0 2
m0 0 14
m1 0 14
m2 0 14
1 9 0
2 9 0
3 9 0
t 300 0
m0 0 13
m1 0 14
m2 0 14
1 8 0
2 8 0
3 8 0
t 299 0
m0 1 13
m1 0 14
m2 0 14
1 9 0
2 9 0
3 9 0
t 298 1
m0 2 13
m1 0 14
m2 0 14
1 8 0
2 8 0
3 8 0
t 297 1
m0 3 13
m1 0 14
m2 0 14
1 9 0
2 9 0
3 9 0
t 296 2
m0 4 13
m1 0 14
m2 0 14
1 8 0
2 8 0
3 8 0
t 295 3
m0 5 13
m1 0 14
m2 0 14
1 9 0
2 9 0
3 9 0
t 294 4
m0 6 13
m1 0 14
m2 0 14
1 8 0
2 8 0
3 8 0
t 293 5
m0 7 13
m1 0 14
m2 0 14
1 9 0
2 9 0
3 9 0
t 292 6
m0 7 12
m1 0 14
m2 0 14
1 8 0
2 8 0
3 8 0
t 291 7
m0 8 12
m1 0 14
m2 0 14
1 9 0
2 9 0
3 9 0
t 290 8
m0 8 11
m1 0 14
m2 0 14
1 8 0
2 8 0
3 8 0
t 289 8
m0 9 11
m1 0 14
m2 0 14
1 9 0
2 9 0
3 9 0
t 288 8
m0 9 10
m1 0 14
m2 0 14
1 8 0
2 8 0
3 8 0
t 287 9
m0 9 11
m1 0 14
m2 0 14
1 9 0
2 9 0
3 9 0
f 5 8
t 286 9
m0 9 11
m1 0 14
m2 0 14
1 8 0
2 8 0
3 8 0
t 285 9
m0 9 11
m1 0 14
m2 0 14
1 9 0
2 9 0
3 9 0
t 284 9
m0 9 11
m1 0 14
m2 0 14
1 8 0
2 8 0
3 8 0
t 283 9
m0 9 11
m1 0 14
m2 0 14
1 9 0
2 9 0
3 9 0
t 282 9
m0 9 11
m1 0 14
m2 0 14
1 8 0
2 8 0
3 8 0
t 281 9
m0 9 11
m1 0 14
m2 0 14
1 9 0
2 9 0
3 9 0
t 280 9
m0 9 11
m1 0 14
m2 0 14
1 8 0
2 8 0
3 8 0
t 279 9
m0 9 11
m1 0 14
m2 0 14
1 9 0
2 9 0
3 9 0
t 278 9
m0 9 11
m1 0 14
m2 0 14
1 8 0
2 8 0
3 8 0
t 277 9
m0 9 11
m1 0 14
m2 0 14
1 9 0
2 9 0
3 9 0
t 276 9
m0 9 11
m1 0 14
m2 0 14
1 8 0
2 8 0
3 8 0
t 275 9
m0 9 11
m1 0 14
m2 0 14
1 9 0
2 9 0
3 9 0
t 274 9
m0 9 11
m1 0 14
m2 0 14
1 8 0
2 8 0
3 8 0
t 273 9
m0 9 11
m1 0 14
m2 0 14
1 9 0
2 9 0
3 9 0
t 272 9
m0 9 11
m1 0 14
m2 0 14
1 8 0
2 8 0
3 8 0
t 271 9
m0 9 11
m1 0 14
m2 0 14
1 9 0
2 9 0
3 9 0
t 270 9
m0 9 11
m1 0 14
m2 0 14
1 8 0
2 8 0
3 8 0
t 269 9
m0 9 11
m1 0 14
m2 0 14
1 9 0
2 9 0
3 9 0
t 268 9
m0 9 11
m1 0 14
m2 0 14
1 8 0
2 8 0
3 8 0
t 267 9
m0 9 11
m1 0 14
m2 0 14
1 9 0
2 9 0
3 9 0
t 266 9
m0 9 11
m1 0 14
m2 0 14
1 8 0
2 8 0
3 8 0
t 265 9
m0 9 11
m1 0 14
m2 0 14
1 9 0
2 9 0
3 9 0
t 264 9
m0 9 11
m1 0 14
m2 0 14
1 8 0
2 8 0
3 8 0
t 263 9
m0 9 11
m1 0 14
m2 0 14
1 9 0
2 9 0
3 9 0
t 262 9
m0 9 11
m1 0 14
m2 0 14
1 8 0
2 8 0
3 8 0
t 261 9
m0 9 11
m1 0 14
m2 0 14
1 9 0
2 9 0
3 9 0
t 260 9
m0 9 11
m1 0 14
m2 0 14
1 8 0
2 8 0
3 8 0
t 259 9
m0 9 11
m1 0 14
m2 0 14
1 9 0
2 9 0
3 9 0
t 258 9
m0 9 11
m1 0 14
m2 0 14
1 8 0
2 8 0
3 8 0
t 257 9
m0 9 11
m1 0 14
m2 0 14
1 9 0
2 9 0
3 9 0
t 256 9
m0 9 11
m1 0 14
m2 0 14
1 8 0
2 8 0
3 8 0
t 255 9
m0 9 11
m1 0 14
m2 0 14
1 9 0
2 9 0
3 9 0
t 254 9
m0 9 11
m1 0 14
m2 0 14
1 8 0
2 8 0
3 8 0
t 253 9
m0 9 11
m1 0 14
m2 0 14
1 9 0
2 9 0
3 9 0
t 252 9
m0 9 11
m1 0 14
m2 0 14
1 8 0
2 8 0
3 8 0
t 251 9
m0 9 11
m1 0 14
m2 0 14
1 9 0
2 9 0
3 9 0
t 250 9
m0 9 11
m1 0 14
m2 0 14
1 8 0
2 8 0
3 8 0
t 249 9
m0 9 11
m1 0 14
m2 0 14
1 9 0
2 9 0
3 9 0
t 248 9
m0 9 11
m1 0 14
m2 0 14
1 8 0
2 8 0
3 8 0
t 247 9
m0 9 11
m1 0 14
m2 0 14
1 9 0
2 9 0
3 9 0
t 246 9
m0 9 11
m1 0 14
m2 0 14
1 8 0
2 8 0
3 8 0
t 245 9
m0 9 11
m1 0 14
m2 0 14
1 9 0
2 9 0
3 9 0
t 244 9
m0 9 11
m1 0 14
m2 0 14
1 8 0
2 8 0
3 8 0
t 243 9
m0 9 11
m1 0 14
m2 0 14
1 9 0
2 9 0
3 9 0
t 242 9
m0 9 11
m1 0 14
m2 0 14
1 8 0
2 8 0
3 8 0
t 241 9
m0 9 11
m1 0 14
m2 0 14
1 9 0
2 9 0
3 9 0
t 240 9
m0 9 11
m1 0 14
m2 0 14
1 8 0
2 8 0
3 8 0
t 239 9
m0 9 11
m1 0 14
m2 0 14
1 9 0
2 9 0
3 9 0
t 238 9
m0 9 11
m1 0 14
m2 0 14
1 8 0
2 8 0
3 8 0
t 237 9
m0 9 11
m1 0 14
m2 0 14
1 9 0
2 9 0
3 9 0
t 236 9
m0 9 11
m1 0 14
m2 0 14
1 8 0
2 8 0
3 8 0
t 235 9
m0 9 11
m1 0 14
m2 0 14
1 9 0
2 9 0
3 9 0
t 234 9
m0 9 11
m1 0 14
m2 0 14
1 8 0
2 8 0
3 8 0
t 233 9
m0 9 11
m1 0 14
m2 0 14
1 9 0
2 9 0
3 9 0
t 232 9
m0 9 11
m1 0 14
m2 0 14
1 8 0
2 8 0
3 8 0
t 231 9
m0 9 11
m1 0 14
m2 0 14
1 9 0
2 9 0
3 9 0
t 230 9
m0 9 11
m1 0 14
m2 0 14
1 8 0
2 8 0
3 8 0
t 229 9
m0 9 11
m1 0 14
m2 0 14
1 9 0
2 9 0
3 9 0
t 228 9
m0 9 11
m1 0 14
m2 0 14
1 8 0
2 8 0
3 8 0
t 227 9
m0 9 11
m1 0 14
m2 0 14
1 9 0
2 9 0
3 9 0
t 226 9
m0 9 11
m1 0 14
m2 0 14
1 8 0
2 8 0
3 8 0
t 225 9
m0 9 11
m1 0 14
m2 0 14
1 9 0
2 9 0
3 9 0
t 224 9
m0 9 11
m1 0 14
m2 0 14
1 8 0
2 8 0
3 8 0
t 223 9
m0 9 11
m1 0 14
m2 0 14
1 9 0
2 9 0
3 9 0
t 222 9
m0 9 11
m1 0 14
m2 0 14
1 8 0
2 8 0
3 8 0
t 221 9
m0 9 11
m1 0 14
m2 0 14
1 9 0
2 9 0
3 9 0
t 220 9
m0 9 11
m1 0 14
m2 0 14
1 8 0
2 8 0
3 8 0
t 219 9
m0 9 11
m1 0 14
m2 0 14
1 9 0
2 9 0
3 9 0
t 218 9
m0 9 11
m1 0 14
m2 0 14
1 8 0
2 8 0
3 8 0
t 217 9
m0 9 11
m1 0 14
m2 0 14
1 9 0
2 9 0
3 9 0
t 216 9
m0 9 11
m1 0 14
m2 0 14
1 8 0
2 8 0
3 8 0
t 215 9
m0 9 11
m1 0 14
m2 0 14
1 9 0
2 9 0
3 9 0
t 214 9
m0 9 11
m1 0 14
m2 0 14
1 8 0
2 8 0
3 8 0
t 213 9
m0 9 11
m1 0 14
m2 0 14
1 9 0
2 9 0
3 9 0
t 212 9
m0 9 11
m1 0 14
m2 0 14
1 8 0
2 8 0
3 8 0
t 211 9
m0 9 11
m1 0 14
m2 0 14
1 9 0
2 9 0
3 9 0
t 210 9
m0 9 11
m1 0 14
m2 0 14
1 8 0
2 8 0
3 8 0
t 209 9
m0 9 11
m1 0 14
m2 0 14
1 9 0
2 9 0
3 9 0
t 208 9
m0 9 11
m1 0 14
m2 0 14
1 8 0
2 8 0
3 8 0
t 207 9
m0 9 11
m1 0 14
m2 0 14
1 9 0
2 9 0
3 9 0
t 206 9
m0 9 11
m1 0 14
m2 0 14
1 8 0
2 8 0
3 8 0
t 205 9
m0 9 11
m1 0 14
m2 0 14
1 9 0
2 9 0
3 9 0
t 204 9
m0 9 11
m1 0 14
m2 0 14
1 8 0
2 8 0
3 8 0
t 203 9
m0 9 11
m1 0 14
m2 0 14
1 9 0
2 9 0
3 9 0
t 202 9
m0 9 11
m1 0 14
m2 0 14
1 8 0
2 8 0
3 8 0
t 201 9
m0 9 11
m1 0 14
m2 0 14
1 9 0
2 9 0
3 9 0
t 200 9
m0 9 11
m1 0 14
m2 0 14
1 8 0
2 8 0
3 8 0
t 199 9
m0 9 11
m1 0 14
m2 0 14
1 9 0
2 9 0
3 9 0
t 198 9
m0 9 11
m1 0 14
m2 0 14
1 8 0
2 8 0
3 8 0
t 197 9
m0 9 11
m1 0 14
m2 0 14
1 9 0
2 9 0
3 9 0
t 196 9
m0 9 11
m1 0 14
m2 0 14
1 8 0
2 8 0
3 8 0
t 195 9
m0 9 11
m1 0 14
m2 0 14
1 9 0
2 9 0
3 9 0
t 194 9
m0 9 11
m1 0 14
m2 0 14
1 8 0
2 8 0
3 8 0
t 193 9
m0 9 11
m1 0 14
m2 0 14
1 9 0
2 9 0
3 9 0
t 192 9
m0 9 11
m1 0 14
m2 0 14
1 8 0
2 8 0
3 8 0
t 191 9
m0 9 11
m1 0 14
m2 0 14
1 9 0
2 9 0
3 9 0
t 190 9
m0 9 11
m1 0 14
m2 0 14
1 8 0
2 8 0
3 8 0
t 189 9
m0 9 11
m1 0 14
m2 0 14
1 9 0
2 9 0
3 9 0
t 188 9
m0 9 11
m1 0 14
m2 0 14
1 8 0
2 8 0
3 8 0
t 187 9
m0 9 11
m1 0 14
m2 0 14
1 9 0
2 9 0
3 9 0
t 186 9
m0 9 11
m1 0 14
m2 0 14
1 8 0
2 8 0
3 8 0
t 185 9
m0 9 11
m1 0 14
m2 0 14
1 9 0
2 9 0
3 9 0
t 184 9
m0 9 11
m1 0 14
m2 0 14
1 8 0
2 8 0
3 8 0
t 183 9
m0 9 11
m1 0 14
m2 0 14
1 9 0
2 9 0
3 9 0
t 182 9
m0 9 11
m1 0 14
m2 0 14
1 8 0
2 8 0
3 8 0
t 181 9
m0 9 11
m1 0 14
m2 0 14
1 9 0
2 9 0
3 9 0
t 180 9
m0 9 11
m1 0 14
m2 0 14
1 8 0
2 8 0
3 8 0
t 179 9
m0 9 11
m1 0 14
m2 0 14
1 9 0
2 9 0
3 9 0
t 178 9
m0 9 11
m1 0 14
m2 0 14
1 8 0
2 8 0
3 8 0
t 177 9
m0 9 11
m1 0 14
m2 0 14
1 9 0
2 9 0
3 9 0
t 176 9
m0 9 11
m1 0 14
m2 0 14
1 8 0
2 8 0
3 8 0
t 175 9
m0 9 11
m1 0 14
m2 0 14
1 9 0
2 9 0
3 9 0
t 174 9
m0 9 11
m1 0 14
m2 0 14
1 8 0
2 8 0
3 8 0
t 173 9
m0 9 11
m1 0 14
m2 0 14
1 9 0
2 9 0
3 9 0
t 172 9
m0 9 11
m1 0 14
m2 0 14
1 8 0
2 8 0
3 8 0
t 171 9
m0 9 11
m1 0 14
m2 0 14
1 9 0
2 9 0
3 9 0
t 170 9
m0 9 11
m1 0 14
m2 0 14
1 8 0
2 8 0
3 8 0
t 169 9
m0 9 11
m1 0 14
m2 0 14
1 9 0
2 9 0
3 9 0
t 168 9
m0 9 11
m1 0 14
m2 0 14
1 8 0
2 8 0
3 8 0
t 167 9
m0 9 11
m1 0 14
m2 0 14
1 9 0
2 9 0
3 9 0
t 166 9
m0 9 11
m1 0 14
m2 0 14
1 8 0
2 8 0
3 8 0
t 165 9
m0 9 11
m1 0 14
m2 0 14
1 9 0
2 9 0
3 9 0
t 164 9
m0 9 11
m1 0 14
m2 0 14
1 8 0
2 8 0
3 8 0
t 163 9
m0 9 11
m1 0 14
m2 0 14
1 9 0
2 9 0
3 9 0
t 162 9
m0 9 11
m1 0 14
m2 0 14
1 8 0
2 8 0
3 8 0
t 161 9
m0 9 11
m1 0 14
m2 0 14
1 9 0
2 9 0
3 9 0
t 160 9
m0 9 11
m1 0 14
m2 0 14
1 8 0
2 8 0
3 8 0
t 159 9
m0 9 11
m1 0 14
m2 0 14
1 9 0
2 9 0
3 9 0
t 158 9
m0 9 11
m1 0 14
m2 0 14
1 8 0
2 8 0
3 8 0
t 157 9
m0 9 11
m1 0 14
m2 0 14
1 9 0
2 9 0
3 9 0
t 156 9
m0 9 11
m1 0 14
m2 0 14
1 8 0
2 8 0
3 8 0
t 155 9
m0 9 11
m1 0 14
m2 0 14
1 9 0
2 9 0
3 9 0
t 154 9
m0 9 11
m1 0 14
m2 0 14
1 8 0
2 8 0
3 8 0
t 153 9
m0 9 11
m1 0 14
m2 0 14
1 9 0
2 9 0
3 9 0
t 152 9
m0 9 11
m1 0 14
m2 0 14
1 8 0
2 8 0
3 8 0
t 151 9
m0 9 11
m1 0 14
m2 0 14
1 9 0
2 9 0
3 9 0
t 150 9
m0 9 11
m1 0 14
m2 0 14
1 8 0
2 8 0
3 8 0
t 149 9
m0 9 11
m1 0 14
m2 0 14
1 9 0
2 9 0
3 9 0
t 148 9
m0 9 11
m1 0 14
m2 0 14
1 8 0
2 8 0
3 8 0
t 147 9
m0 9 11
m1 0 14
m2 0 14
1 9 0
2 9 0
3 9 0
t 146 9
m0 9 11
m1 0 14
m2 0 14
1 8 0
2 8 0
3 8 0
t 145 9
m0 9 11
m1 0 14
m2 0 14
1 9 0
2 9 0
3 9 0
t 144 9
m0 9 11
m1 0 14
m2 0 14
1 8 0
2 8 0
3 8 0
t 143 9
m0 9 11
m1 0 14
m2 0 14
1 9 0
2 9 0
3 9 0
t 142 9
m0 9 11
m1 0 14
m2 0 14
1 8 0
2 8 0
3 8 0
t 141 9
m0 9 11
m1 0 14
m2 0 14
1 9 0
2 9 0
3 9 0
t 140 9
m0 9 11
m1 0 14
m2 0 14
1 8 0
2 8 0
3 8 0
t 139 9
m0 9 11
m1 0 14
m2 0 14
1 9 0
2 9 0
3 9 0
t 138 9
m0 9 11
m1 0 14
m2 0 14
1 8 0
2 8 0
3 8 0
t 137 9
m0 9 11
m1 0 14
m2 0 14
1 9 0
2 9 0
3 9 0
t 136 9
m0 9 11
m1 0 14
m2 0 14
1 8 0
2 8 0
3 8 0
t 135 9
m0 9 11
m1 0 14
m2 0 14
1 9 0
2 9 0
3 9 0
t 134 9
m0 9 11
m1 0 14
m2 0 14
1 8 0
2 8 0
3 8 0
t 133 9
m0 9 11
m1 0 14
m2 0 14
1 9 0
2 9 0
3 9 0
t 132 9
m0 9 11
m1 0 14
m2 0 14
1 8 0
2 8 0
3 8 0
t 131 9
m0 9 11
m1 0 14
m2 0 14
1 9 0
2 9 0
3 9 0
t 130 9
m0 9 11
m1 0 14
m2 0 14
1 8 0
2 8 0
3 8 0
t 129 9
m0 9 11
m1 0 14
m2 0 14
1 9 0
2 9 0
3 9 0
t 128 9
m0 9 11
m1 0 14
m2 0 14
1 8 0
2 8 0
3 8 0
t 127 9
m0 9 11
m1 0 14
m2 0 14
1 9 0
2 9 0
3 9 0
t 126 9
m0 9 11
m1 0 14
m2 0 14
1 8 0
2 8 0
3 8 0
t 125 9
m0 9 11
m1 0 14
m2 0 14
1 9 0
2 9 0
3 9 0
t 124 9
m0 9 11
m1 0 14
m2 0 14
1 8 0
2 8 0
3 8 0
t 123 9
m0 9 11
m1 0 14
m2 0 14
1 9 0
2 9 0
3 9 0
t 122 9
m0 9 11
m1 0 14
m2 0 14
1 8 0
2 8 0
3 8 0
t 121 9
m0 9 11
m1 0 14
m2 0 14
1 9 0
2 9 0
3 9 0
t 120 9
m0 9 11
m1 0 14
m2 0 14
1 8 0
2 8 0
3 8 0
t 119 9
m0 9 11
m1 0 14
m2 0 14
1 9 0
2 9 0
3 9 0
t 118 9
m0 9 11
m1 0 14
m2 0 14
1 8 0
2 8 0
3 8 0
t 117 9
m0 9 11
m1 0 14
m2 0 14
1 9 0
2 9 0
3 9 0
t 116 9
m0 9 11
m1 0 14
m2 0 14
1 8 0
2 8 0
3 8 0
t 115 9
m0 9 11
m1 0 14
m2 0 14
1 9 0
2 9 0
3 9 0
t 114 9
m0 9 11
m1 0 14
m2 0 14
1 8 0
2 8 0
3 8 0
t 113 9
m0 9 11
m1 0 14
m2 0 14
1 9 0
2 9 0
3 9 0
t 112 9
m0 9 11
m1 0 14
m2 0 14
1 8 0
2 8 0
3 8 0
t 111 9
m0 9 11
m1 0 14
m2 0 14
1 9 0
2 9 0
3 9 0
t 110 9
m0 9 11
m1 0 14
m2 0 14
1 8 0
2 8 0
3 8 0
t 109 9
m0 9 11
m1 0 14
m2 0 14
1 9 0
2 9 0
3 9 0
t 108 9
m0 9 11
m1 0 14
m2 0 14
1 8 0
2 8 0
3 8 0
t 107 9
m0 9 11
m1 0 14
m2 0 14
1 9 0
2 9 0
3 9 0
t 106 9
m0 9 11
m1 0 14
m2 0 14
1 8 0
2 8 0
3 8 0
t 105 9
m0 9 11
m1 0 14
m2 0 14
1 9 0
2 9 0
3 9 0
t 104 9
m0 9 11
m1 0 14
m2 0 14
1 8 0
2 8 0
3 8 0
t 103 9
m0 9 11
m1 0 14
m2 0 14
1 9 0
2 9 0
3 9 0
t 102 9
m0 9 11
m1 0 14
m2 0 14
1 8 0
2 8 0
3 8 0
t 101 9
m0 9 11
m1 0 14
m2 0 14
1 9 0
2 9 0
3 9 0
t 100 9
m0 9 11
m1 0 14
m2 0 14
1 8 0
2 8 0
3 8 0
t 99 9
m0 9 11
m1 0 14
m2 0 14
1 9 0
2 9 0
3 9 0
t 98 9
m0 9 11
m1 0 14
m2 0 14
1 8 0
2 8 0
3 8 0
t 97 9
m0 9 11
m1 0 14
m2 0 14
1 9 0
2 9 0
3 9 0
t 96 9
m0 9 11
m1 0 14
m2 0 14
1 8 0
2 8 0
3 8 0
t 95 9
m0 9 11
m1 0 14
m2 0 14
1 9 0
2 9 0
3 9 0
t 94 9
m0 9 11
m1 0 14
m2 0 14
1 8 0
2 8 0
3 8 0
t 93 9
m0 9 11
m1 0 14
m2 0 14
1 9 0
2 9 0
3 9 0
t 92 9
m0 9 11
m1 0 14
m2 0 14
1 8 0
2 8 0
3 8 0
t 91 9
m0 9 11
m1 0 14
m2 0 14
1 9 0
2 9 0
3 9 0
t 90 9
m0 9 11
m1 0 14
m2 0 14
1 8 0
2 8 0
3 8 0
t 89 9
m0 9 11
m1 0 14
m2 0 14
1 9 0
2 9 0
3 9 0
t 88 9
m0 9 11
m1 0 14
m2 0 14
1 8 0
2 8 0
3 8 0
t 87 9
m0 9 11
m1 0 14
m2 0 14
1 9 0
2 9 0
3 9 0
t 86 9
m0 9 11
m1 0 14
m2 0 14
1 8 0
2 8 0
3 8 0
t 85 9
m0 9 11
m1 0 14
m2 0 14
1 9 0
2 9 0
3 9 0
t 84 9
m0 9 11
m1 0 14
m2 0 14
1 8 0
2 8 0
3 8 0
t 83 9
m0 9 11
m1 0 14
m2 0 14
1 9 0
2 9 0
3 9 0
t 82 9
m0 9 11
m1 0 14
m2 0 14
1 8 0
2 8 0
3 8 0
t 81 9
m0 9 11
m1 0 14
m2 0 14
1 9 0
2 9 0
3 9 0
t 80 9
m0 9 11
m1 0 14
m2 0 14
1 8 0
2 8 0
3 8 0
t 79 9
m0 9 11
m1 0 14
m2 0 14
1 9 0
2 9 0
3 9 0
t 78 9
m0 9 11
m1 0 14
m2 0 14
1 8 0
2 8 0
3 8 0
t 77 9
m0 9 11
m1 0 14
m2 0 14
1 9 0
2 9 0
3 9 0
t 76 9
m0 9 11
m1 0 14
m2 0 14
1 8 0
2 8 0
3 8 0
t 75 9
m0 9 11
m1 0 14
m2 0 14
1 9 0
2 9 0
3 9 0
t 74 9
m0 9 11
m1 0 14
m2 0 14
1 8 0
2 8 0
3 8 0
t 73 9
m0 9 11
m1 0 14
m2 0 14
1 9 0
2 9 0
3 9 0
t 72 9
m0 9 11
m1 0 14
m2 0 14
1 8 0
2 8 0
3 8 0
t 71 9
m0 9 11
m1 0 14
m2 0 14
1 9 0
2 9 0
3 9 0
t 70 9
m0 9 11
m1 0 14
m2 0 14
1 8 0
2 8 0
3 8 0
t 69 9
m0 9 11
m1 0 14
m2 0 14
1 9 0
2 9 0
3 9 0
t 68 9
m0 9 11
m1 0 14
m2 0 14
1 8 0
2 8 0
3 8 0
t 67 9
m0 9 11
m1 0 14
m2 0 14
1 9 0
2 9 0
3 9 0
t 66 9
m0 9 11
m1 0 14
m2 0 14
1 8 0
2 8 0
3 8 0
t 65 9
m0 9 11
m1 0 14
m2 0 14
1 9 0
2 9 0
3 9 0
t 64 9
m0 9 11
m1 0 14
m2 0 14
1 8 0
2 8 0
3 8 0
t 63 9
m0 9 11
m1 0 14
m2 0 14
1 9 0
2 9 0
3 9 0
t 62 9
m0 9 11
m1 0 14
m2 0 14
1 8 0
2 8 0
3 8 0
t 61 9
m0 9 11
m1 0 14
m2 0 14
1 9 0
2 9 0
3 9 0
t 60 9
m0 9 11
m1 0 14
m2 0 14
1 8 0
2 8 0
3 8 0
t 59 9
m0 9 11
m1 0 14
m2 0 14
1 9 0
2 9 0
3 9 0
t 58 9
m0 9 11
m1 0 14
m2 0 14
1 8 0
2 8 0
3 8 0
t 57 9
m0 9 11
m1 0 14
m2 0 14
1 9 0
2 9 0
3 9 0
t 56 9
m0 9 11
m1 0 14
m2 0 14
1 8 0
2 8 0
3 8 0
t 55 9
m0 9 11
m1 0 14
m2 0 14
1 9 0
2 9 0
3 9 0
t 54 9
m0 9 11
m1 0 14
m2 0 14
1 8 0
2 8 0
3 8 0
t 53 9
m0 9 11
m1 0 14
m2 0 14
1 9 0
2 9 0
3 9 0
t 52 9
m0 9 11
m1 0 14
m2 0 14
1 8 0
2 8 0
3 8 0
t 51 9
m0 9 11
m1 0 14
m2 0 14
1 9 0
2 9 0
3 9 0
t 50 9
m0 9 11
m1 0 14
m2 0 14
1 8 0
2 8 0
3 8 0
t 49 9
m0 9 11
m1 0 14
m2 0 14
1 9 0
2 9 0
3 9 0
t 48 9
m0 9 11
m1 0 14
m2 0 14
1 8 0
2 8 0
3 8 0
t 47 9
m0 9 11
m1 0 14
m2 0 14
1 9 0
2 9 0
3 9 0
t 46 9
m0 9 11
m1 0 14
m2 0 14
1 8 0
2 8 0
3 8 0
t 45 9
m0 9 11
m1 0 14
m2 0 14
1 9 0
2 9 0
3 9 0
t 44 9
m0 9 11
m1 0 14
m2 0 14
1 8 0
2 8 0
3 8 0
t 43 9
m0 9 11
m1 0 14
m2 0 14
1 9 0
2 9 0
3 9 0
t 42 9
m0 9 11
m1 0 14
m2 0 14
1 8 0
2 8 0
3 8 0
t 41 9
m0 9 11
m1 0 14
m2 0 14
1 9 0
2 9 0
3 9 0
t 40 9
m0 9 11
m1 0 14
m2 0 14
1 8 0
2 8 0
3 8 0
t 39 9
m0 9 11
m1 0 14
m2 0 14
1 9 0
2 9 0
3 9 0
t 38 9
m0 9 11
m1 0 14
m2 0 14
1 8 0
2 8 0
3 8 0
t 37 9
m0 9 11
m1 0 14
m2 0 14
1 9 0
2 9 0
3 9 0
t 36 9
m0 9 11
m1 0 14
m2 0 14
1 8 0
2 8 0
3 8 0
t 35 9
m0 9 11
m1 0 14
m2 0 14
1 9 0
2 9 0
3 9 0
t 34 9
m0 9 11
m1 0 14
m2 0 14
1 8 0
2 8 0
3 8 0
t 33 9
m0 9 11
m1 0 14
m2 0 14
1 9 0
2 9 0
3 9 0
t 32 9
m0 9 11
m1 0 14
m2 0 14
1 8 0
2 8 0
3 8 0
t 31 9
m0 9 11
m1 0 14
m2 0 14
1 9 0
2 9 0
3 9 0
t 30 9
m0 9 11
m1 0 14
m2 0 14
1 8 0
2 8 0
3 8 0
t 29 9
m0 9 11
m1 0 14
m2 0 14
1 9 0
2 9 0
3 9 0
t 28 9
m0 9 11
m1 0 14
m2 0 14
1 8 0
2 8 0
3 8 0
t 27 9
m0 9 11
m1 0 14
m2 0 14
1 9 0
2 9 0
3 9 0
t 26 9
m0 9 11
m1 0 14
m2 0 14
1 8 0
2 8 0
3 8 0
t 25 9
m0 9 11
m1 0 14
m2 0 14
1 9 0
2 9 0
3 9 0
t 24 9
m0 9 11
m1 0 14
m2 0 14
1 8 0
2 8 0
3 8 0
t 23 9
m0 9 11
m1 0 14
m2 0 14
1 9 0
2 9 0
3 9 0
t 22 9
m0 9 11
m1 0 14
m2 0 14
1 8 0
2 8 0
3 8 0
t 21 9
m0 9 11
m1 0 14
m2 0 14
1 9 0
2 9 0
3 9 0
t 20 9
m0 9 11
m1 0 14
m2 0 14
1 8 0
2 8 0
3 8 0
t 19 9
m0 9 11
m1 0 14
m2 0 14
1 9 0
2 9 0
3 9 0
t 18 9
m0 9 11
m1 0 14
m2 0 14
1 8 0
2 8 0
3 8 0
t 17 9
m0 9 11
m1 0 14
m2 0 14
1 9 0
2 9 0
3 9 0
t 16 9
m0 9 11
m1 0 14
m2 0 14
1 8 0
2 8 0
3 8 0
t 15 9
m0 9 11
m1 0 14
m2 0 14
1 9 0
2 9 0
3 9 0
t 14 9
m0 9 11
m1 0 14
m2 0 14
1 8 0
2 8 0
3 8 0
t 13 9
m0 9 11
m1 0 14
m2 0 14
1 9 0
2 9 0
3 9 0
t 12 9
m0 9 11
m1 0 14
m2 0 14
1 8 0
2 8 0
3 8 0
t 11 9
m0 9 11
m1 0 14
m2 0 14
1 9 0
2 9 0
3 9 0
t 10 9
m0 9 11
m1 0 14
m2 0 14
1 8 0
2 8 0
3 8 0
t 9 9
m0 9 11
m1 0 14
m2 0 14
1 9 0
2 9 0
3 9 0
t 8 9
m0 9 11
m1 0 14
m2 0 14
1 8 0
2 8 0
3 8 0
t 7 9
m0 9 11
m1 0 14
m2 0 14
1 9 0
2 9 0
3 9 0
t 6 9
m0 9 11
m1 0 14
m2 0 14
1 8 0
2 8 0
3 8 0
t 5 9
m0 9 11
m1 0 14
m2 0 14
1 9 0
2 9 0
3 9 0
t 4 9
m0 9 11
m1 0 14
m2 0 14
1 8 0
2 8 0
3 8 0
t 3 9
m0 9 11
m1 0 14
m2 0 14
1 9 0
2 9 0
3 9 0
t 2 9
m0 9 11
m1 0 14
m2 0 14
1 8 0
2 8 0
3 8 0
t 1 9
m0 9 11
m1 0 14
m2 0 14
1 8 0
2 8 0
3 8 0
t 0 9
