10
15
w 6 9
w 3 0
w 5 6
w 5 13
w 6 2
w 2 12
w 3 7
w 0 3
w 7 2
w 5 8
w 4 0
w 1 14
w 6 3
w 9 11
w 0 4
w 7 14
w 3 2
w 9 14
w 7 1
w 4 5
w 6 11
w 3 9
w 1 9
w 8 7
w 2 14
w 4 11
w 3 5
w 0 1
w 2 7
w 1 12
w 8 12
w 9 2
w 2 11
w 9 9
w 4 3
w 0 2
w 8 4
p 4 7
p 1 3
p 8 13
p 4 8
p 7 12
p 6 6
p 9 8
p 8 0
p 2 1
p 0 7
p 8 9
p 9 4
p 1 11
p 8 5
p 6 14
p 3 3
p 2 9
p 8 1
p 5 12
p 7 6
p 6 10
p 8 10
p 2 13
p 3 6
p 2 2
p 1 10
p 8 6
p 1 1
p 5 4
p 0 0
p 8 2
p 3 13
p 5 2
p 4 14
p 6 0
p 0 12
p 7 5
p 2 3
p 4 2
p 1 0
p 6 5
p 7 9
p 5 3
p 8 3
p 3 12
p 7 0
p 6 8
p 4 6
p 3 1
p 0 13
p 2 0
p 1 8
p 8 8
p 0 6
p 6 13
p 3 4
m0 0 14
m1 0 14
m2 0 14
1 9 0
2 9 0
3 9 0
t 300 0
m0 0 14
m1 0 13
m2 0 13
1 8 0
2 9 1
3 9 1
t 299 1
m0 0 13
m1 0 12
m2 0 12
1 7 0
2 8 1
3 9 0
t 298 2
m0 0 12
m1 0 11
m2 0 12
1 8 0
2 9 1
3 8 0
t 297 2
m0 0 11
m1 1 11
m2 0 12
1 7 0
2 9 0
3 8 1
t 296 3
m0 1 11
m1 1 10
m2 0 12
1 6 0
2 8 0
3 9 1
t 295 4
m0 1 10
m1 2 10
m2 0 12
1 6 1
2 8 1
3 9 0
t 294 4
m0 2 10
m1 2 9
m2 0 12
1 6 0
2 9 1
3 8 0
t 293 5
m0 2 9
m1 2 8
m2 0 13
1 7 0
2 8 1
3 9 0
t 292 5
m0 2 8
m1 1 8
m2 0 13
1 6 0
2 8 2
3 9 1
t 291 6
m0 1 8
m1 1 7
m2 0 14
1 7 0
2 8 3
3 9 0
t 290 6
m0 1 7
m1 0 7
m2 0 14
1 8 0
2 7 3
3 9 1
t 289 7
m0 0 7
m1 0 6
m2 0 13
1 7 0
2 7 4
3 8 1
t 288 8
m0 0 6
m1 1 6
m2 0 13
1 6 0
2 7 3
3 8 0
t 287 8
m0 1 6
m1 2 6
m2 0 14
1 5 0
2 8 3
3 9 0
t 286 8
m0 2 6
m1 3 6
m2 0 14
1 5 1
2 8 2
3 9 1
t 285 9
m0 3 6
m1 4 6
m2 0 14
1 5 0
2 8 1
3 9 0
t 284 10
m0 4 6
m1 4 7
m2 0 13
1 6 0
2 9 1
3 9 1
t 283 11
m0 4 7
m1 4 8
m2 1 13
1 7 0
2 9 0
3 8 1
t 282 12
m0 4 8
m1 4 7
m2 2 13
1 6 0
2 8 0
3 8 2
f 3 14
t 281 13
m0 4 7
m1 5 7
m2 3 13
1 5 0
2 9 0
3 8 1
t 280 14
m0 5 7
m1 6 7
m2 3 12
1 6 0
2 9 1
3 8 0
t 279 15
m0 6 7
m1 6 6
m2 3 13
1 5 0
2 9 0
3 8 1
t 278 16
m0 6 6
m1 7 6
m2 4 13
1 6 0
2 8 0
3 9 1
t 277 17
m0 7 6
m1 8 6
m2 4 14
1 6 1
2 8 1
3 8 1
t 276 19
m0 8 6
m1 8 5
m2 3 14
1 6 0
2 8 0
3 9 1
t 275 30
m0 8 5
m1 7 5
m2 3 14
1 6 1
2 7 0
3 9 0
t 274 31
m0 7 5
m1 6 5
m2 4 14
1 5 1
2 6 0
3 9 1
t 273 32
m0 6 5
m1 6 4
m2 4 14
1 4 1
2 7 0
3 8 1
t 272 32
m0 6 4
m1 5 4
m2 3 14
1 3 1
2 8 0
3 8 0
t 271 33
m0 5 4
m1 5 3
m2 3 13
1 2 1
2 7 0
3 9 0
t 270 34
m0 5 3
m1 5 2
m2 3 12
1 1 1
2 6 0
3 9 1
t 269 35
m0 5 2
m1 4 2
m2 3 13
1 1 0
2 7 0
3 9 0
t 268 36
m0 4 2
m1 4 1
m2 3 14
1 1 1
2 6 0
3 9 1
t 267 36
m0 4 1
m1 3 1
m2 3 13
1 1 2
2 5 0
3 9 0
t 266 37
m0 3 1
m1 2 1
m2 2 13
1 1 3
2 5 1
3 9 1
t 265 38
m0 2 1
m1 2 0
m2 3 13
1 1 4
2 5 2
3 9 0
t 264 39
m0 2 0
m1 1 0
m2 4 13
1 1 5
2 5 3
3 9 1
t 263 40
m0 1 0
m1 0 0
m2 4 14
1 0 5
2 5 4
3 9 0
t 262 41
m0 0 0
m1 1 0
m2 4 13
1 0 6
2 6 4
3 9 1
t 261 41
m0 1 0
m1 1 1
m2 4 14
1 0 7
2 6 5
3 9 0
t 260 42
m0 1 1
m1 2 1
m2 4 14
1 0 8
2 6 6
3 8 0
t 259 42
m0 2 1
m1 2 2
m2 4 14
1 0 9
2 7 6
3 9 0
t 258 43
m0 2 2
m1 2 3
m2 3 14
1 0 10
2 7 7
3 8 0
t 257 44
m0 2 3
m1 3 3
m2 3 14
1 0 11
2 7 8
3 9 0
t 256 45
m0 3 3
m1 3 4
m2 4 14
1 0 12
2 7 9
3 9 1
t 255 46
m0 3 4
m1 3 3
m2 5 14
1 0 13
2 7 8
3 9 0
t 254 46
m0 3 3
m1 2 3
m2 6 14
1 0 14
2 6 8
3 8 0
t 253 47
m0 2 3
m1 1 3
m2 6 13
1 0 13
2 6 7
3 9 0
t 252 49
m0 1 3
m1 2 3
m2 6 12
1 0 14
2 5 7
3 9 1
t 251 49
m0 2 3
m1 3 3
m2 5 12
1 0 13
2 4 7
3 9 0
t 250 50
m0 3 3
m1 2 3
m2 6 12
1 0 14
2 5 7
3 9 1
t 249 50
m0 2 3
m1 3 3
m2 7 12
1 0 13
2 4 7
3 9 0
t 248 51
m0 3 3
m1 2 3
m2 7 11
1 0 14
2 4 6
3 9 1
t 247 51
m0 2 3
m1 3 3
m2 7 11
1 0 13
2 4 7
3 9 0
t 246 51
m0 3 3
m1 2 3
m2 7 10
1 0 14
2 5 7
3 8 0
t 245 51
m0 2 3
m1 3 3
m2 6 10
1 0 13
2 4 7
3 9 0
t 244 52
m0 3 3
m1 2 3
m2 7 10
1 0 14
2 5 7
3 8 0
t 243 52
m0 2 3
m1 3 3
m2 7 9
1 0 13
2 4 7
3 9 0
t 242 53
m0 3 3
m1 2 3
m2 8 9
1 0 14
2 4 6
3 8 0
t 241 54
m0 2 3
m1 3 3
m2 8 8
1 0 13
2 4 7
3 9 0
t 240 55
m0 3 3
m1 2 3
m2 9 8
1 0 14
2 4 6
3 9 1
t 239 56
m0 2 3
m1 3 3
m2 9 7
1 0 13
2 4 7
3 9 0
t 238 56
m0 3 3
m1 2 3
m2 9 8
1 0 14
2 4 8
3 8 0
t 237 56
m0 2 3
m1 3 3
m2 8 8
1 0 13
2 4 7
3 9 0
t 236 56
m0 3 3
m1 2 3
m2 7 8
1 0 14
2 4 6
3 8 0
t 235 56
m0 2 3
m1 3 3
m2 6 8
1 0 13
2 4 7
3 9 0
t 234 57
m0 3 3
m1 2 3
m2 6 8
1 0 14
2 4 6
3 8 0
t 233 57
m0 2 3
m1 3 3
m2 6 8
1 0 13
2 3 6
3 9 0
t 232 57
m0 3 3
m1 2 3
m2 6 8
1 0 14
2 4 6
3 8 0
t 231 57
m0 2 3
m1 3 3
m2 7 8
1 0 13
2 4 7
3 9 0
t 230 57
m0 3 3
m1 2 3
m2 8 8
1 0 14
2 4 6
3 9 1
t 229 57
m0 2 3
m1 3 3
m2 8 9
1 0 13
2 3 6
3 9 0
t 228 57
m0 3 3
m1 2 3
m2 8 10
1 0 14
2 4 6
3 9 1
t 227 58
m0 2 3
m1 3 3
m2 8 10
1 0 13
2 4 7
3 9 0
f 4 6
t 226 58
m0 3 3
m1 2 3
m2 8 10
1 0 14
2 4 8
3 8 0
t 225 58
m0 2 3
m1 3 3
m2 8 9
1 0 13
2 3 8
3 9 0
t 224 58
m0 3 3
m1 2 3
m2 8 9
1 0 14
2 4 8
3 9 1
t 223 58
m0 2 3
m1 3 3
m2 8 10
1 0 13
2 3 8
3 9 0
t 222 58
m0 3 3
m1 2 3
m2 8 10
1 0 14
2 4 8
3 9 1
t 221 58
m0 2 3
m1 3 3
m2 8 11
1 0 13
2 4 9
3 8 1
t 220 58
m0 3 3
m1 2 3
m2 7 11
1 0 14
2 5 9
3 8 0
t 219 58
m0 2 3
m1 3 3
m2 7 12
1 0 13
2 4 9
3 9 0
t 218 58
m0 3 3
m1 2 3
m2 7 13
1 0 14
2 4 8
3 9 1
t 217 58
m0 2 3
m1 3 3
m2 8 13
1 0 13
2 4 9
3 9 0
t 216 59
m0 3 3
m1 2 3
m2 7 13
1 0 14
2 4 8
3 9 1
t 215 59
m0 2 3
m1 3 3
m2 8 13
1 0 13
2 4 9
3 9 0
t 214 59
m0 3 3
m1 2 3
m2 9 13
1 0 14
2 5 9
3 8 0
t 213 59
m0 2 3
m1 3 3
m2 9 12
1 0 13
2 4 9
3 7 0
t 212 59
m0 3 3
m1 2 3
m2 9 12
1 0 14
2 4 8
3 8 0
t 211 59
m0 2 3
m1 3 3
m2 9 12
1 0 13
2 4 7
3 9 0
t 210 59
m0 3 3
m1 2 3
m2 9 13
1 0 14
2 4 8
3 8 0
t 209 59
m0 2 3
m1 3 3
m2 9 12
1 0 13
2 4 9
3 9 0
t 208 59
m0 3 3
m1 2 3
m2 9 13
1 0 14
2 5 9
3 8 0
t 207 59
m0 2 3
m1 3 3
m2 9 12
1 0 13
2 4 9
3 9 0
t 206 59
m0 3 3
m1 2 3
m2 9 12
1 0 14
2 5 9
3 9 1
t 205 59
m0 2 3
m1 3 3
m2 9 12
1 0 13
2 4 9
3 9 0
t 204 59
m0 3 3
m1 2 3
m2 9 12
1 0 14
2 5 9
3 9 1
t 203 59
m0 2 3
m1 3 3
m2 9 12
1 0 13
2 4 9
3 9 0
t 202 59
m0 3 3
m1 2 3
m2 9 12
1 0 14
2 4 10
3 9 1
t 201 59
m0 2 3
m1 3 3
m2 9 13
1 0 13
2 4 9
3 9 0
t 200 59
m0 3 3
m1 2 3
m2 9 13
1 0 14
2 5 9
3 9 1
t 199 59
m0 2 3
m1 3 3
m2 9 13
1 0 13
2 5 10
3 9 0
t 198 59
m0 3 3
m1 2 3
m2 8 13
1 0 14
2 5 9
3 9 1
t 197 59
m0 2 3
m1 3 3
m2 8 14
1 0 13
2 4 9
3 9 0
t 196 59
m0 3 3
m1 2 3
m2 8 14
1 0 14
2 5 9
3 8 0
t 195 59
m0 2 3
m1 3 3
m2 8 13
1 0 13
2 4 9
3 9 0
t 194 59
m0 3 3
m1 2 3
m2 8 13
1 0 14
2 5 9
3 9 1
t 193 59
m0 2 3
m1 3 3
m2 8 13
1 0 13
2 4 9
3 9 0
t 192 59
m0 3 3
m1 2 3
m2 8 13
1 0 14
2 5 9
3 8 0
t 191 59
m0 2 3
m1 3 3
m2 8 14
1 0 13
2 4 9
3 9 0
t 190 59
m0 3 3
m1 2 3
m2 8 14
1 0 14
2 5 9
3 8 0
t 189 59
m0 2 3
m1 3 3
m2 8 13
1 0 13
2 4 9
3 9 0
t 188 59
m0 3 3
m1 2 3
m2 8 13
1 0 14
2 5 9
3 8 0
t 187 59
m0 2 3
m1 3 3
m2 7 13
1 0 13
2 4 9
3 9 0
t 186 59
m0 3 3
m1 2 3
m2 7 12
1 0 14
2 4 8
3 8 0
t 185 59
m0 2 3
m1 3 3
m2 7 11
1 0 13
2 4 7
3 9 0
t 184 59
m0 3 3
m1 2 3
m2 7 12
1 0 14
2 4 8
3 9 1
t 183 59
m0 2 3
m1 3 3
m2 7 13
1 0 13
2 4 9
3 9 0
t 182 59
m0 3 3
m1 2 3
m2 8 13
1 0 14
2 5 9
3 8 0
t 181 59
m0 2 3
m1 3 3
m2 8 13
1 0 13
2 4 9
3 9 0
t 180 59
m0 3 3
m1 2 3
m2 7 13
1 0 14
2 4 8
3 8 0
t 179 59
m0 2 3
m1 3 3
m2 6 13
1 0 13
2 4 7
3 9 0
t 178 59
m0 3 3
m1 2 3
m2 6 13
1 0 14
2 5 7
3 8 0
t 177 59
m0 2 3
m1 3 3
m2 6 12
1 0 13
2 4 7
3 9 0
t 176 59
m0 3 3
m1 2 3
m2 6 13
1 0 14
2 4 6
3 8 0
t 175 59
m0 2 3
m1 3 3
m2 7 13
1 0 13
2 4 7
3 9 0
t 174 59
m0 3 3
m1 2 3
m2 8 13
1 0 14
2 4 8
3 8 0
t 173 59
m0 2 3
m1 3 3
m2 8 14
1 0 13
2 4 9
3 9 0
t 172 59
m0 3 3
m1 2 3
m2 8 13
1 0 14
2 5 9
3 9 1
t 171 59
m0 2 3
m1 3 3
m2 7 13
1 0 13
2 4 9
3 9 0
t 170 59
m0 3 3
m1 2 3
m2 8 13
1 0 14
2 4 8
3 8 0
t 169 59
m0 2 3
m1 3 3
m2 8 13
1 0 13
2 4 7
3 9 0
t 168 59
m0 3 3
m1 2 3
m2 7 13
1 0 14
2 5 7
3 8 0
t 167 59
m0 2 3
m1 3 3
m2 7 12
1 0 13
2 4 7
3 9 0
t 166 59
m0 3 3
m1 2 3
m2 7 12
1 0 14
2 4 8
3 9 1
t 165 59
m0 2 3
m1 3 3
m2 7 12
1 0 13
2 4 9
3 9 0
t 164 59
m0 3 3
m1 2 3
m2 6 12
1 0 14
2 5 9
3 9 1
t 163 59
m0 2 3
m1 3 3
m2 6 13
1 0 13
2 4 9
3 9 0
t 162 59
m0 3 3
m1 2 3
m2 6 13
1 0 14
2 4 8
3 8 0
t 161 59
m0 2 3
m1 3 3
m2 6 14
1 0 13
2 4 7
3 9 0
t 160 59
m0 3 3
m1 2 3
m2 6 14
1 0 12
2 5 7
3 8 0
t 159 59
m0 2 3
m1 3 3
m2 6 13
1 0 13
2 4 7
3 9 0
t 158 59
m0 3 3
m1 2 3
m2 6 12
1 0 14
2 5 7
3 9 1
t 157 59
m0 2 3
m1 3 3
m2 6 13
1 0 13
2 4 7
3 9 0
t 156 59
m0 3 3
m1 2 3
m2 6 14
1 0 14
2 5 7
3 9 1
t 155 59
m0 2 3
m1 3 3
m2 6 14
1 0 13
2 6 7
3 9 0
t 154 59
m0 3 3
m1 2 3
m2 6 13
1 0 14
2 6 6
3 8 0
t 153 59
m0 2 3
m1 3 3
m2 7 13
1 0 13
2 6 7
3 9 0
t 152 59
m0 3 3
m1 2 3
m2 8 13
1 0 14
2 6 8
3 8 0
t 151 59
m0 2 3
m1 3 3
m2 7 13
1 0 13
2 6 7
3 9 0
t 150 59
m0 3 3
m1 2 3
m2 7 12
1 0 14
2 5 7
3 9 1
t 149 59
m0 2 3
m1 3 3
m2 7 13
1 0 13
2 6 7
3 9 0
t 148 59
m0 3 3
m1 2 3
m2 7 12
1 0 14
2 5 7
3 9 1
t 147 59
m0 2 3
m1 3 3
m2 6 12
1 0 13
2 4 7
3 9 0
t 146 59
m0 3 3
m1 2 3
m2 7 12
1 0 14
2 4 8
3 9 1
t 145 59
m0 2 3
m1 3 3
m2 7 11
1 0 13
2 4 7
3 9 0
t 144 59
m0 3 3
m1 2 3
m2 8 11
1 0 14
2 4 6
3 8 0
t 143 59
m0 2 3
m1 3 3
m2 8 11
1 0 13
2 4 7
3 9 0
t 142 59
m0 3 3
m1 2 3
m2 7 11
1 0 14
2 5 7
3 9 1
t 141 59
m0 2 3
m1 3 3
m2 8 11
1 0 13
2 6 7
3 9 0
t 140 59
m0 3 3
m1 2 3
m2 8 11
1 0 14
2 6 8
3 8 0
t 139 59
m0 2 3
m1 3 3
m2 8 11
1 0 13
2 6 7
3 9 0
t 138 59
m0 3 3
m1 2 3
m2 7 11
1 0 14
2 5 7
3 9 1
t 137 59
m0 2 3
m1 3 3
m2 7 10
1 0 13
2 6 7
3 9 0
t 136 59
m0 3 3
m1 2 3
m2 7 9
1 0 14
2 5 7
3 8 0
t 135 59
m0 2 3
m1 3 3
m2 7 9
1 0 13
2 4 7
3 9 0
t 134 59
m0 3 3
m1 2 3
m2 7 9
1 0 14
2 4 8
3 9 1
t 133 59
m0 2 3
m1 3 3
m2 8 9
1 0 13
2 4 7
3 9 0
t 132 59
m0 3 3
m1 2 3
m2 8 10
1 0 14
2 4 6
3 9 1
t 131 59
m0 2 3
m1 3 3
m2 9 10
1 0 13
2 3 6
3 8 1
t 130 59
m0 3 3
m1 2 3
m2 8 10
1 0 14
2 2 6
3 9 1
t 129 59
m0 2 3
m1 3 3
m2 8 11
1 0 13
2 3 6
3 9 0
t 128 59
m0 3 3
m1 2 3
m2 8 10
1 0 14
2 4 6
3 8 0
t 127 59
m0 2 3
m1 3 3
m2 8 10
1 0 13
2 3 6
3 9 0
t 126 59
m0 3 3
m1 2 3
m2 8 11
1 0 14
2 4 6
3 8 0
t 125 59
m0 2 3
m1 3 3
m2 8 11
1 0 13
2 4 7
3 9 0
t 124 59
m0 3 3
m1 2 3
m2 8 10
1 0 14
2 4 8
3 9 1
t 123 59
m0 2 3
m1 3 3
m2 9 10
1 0 13
2 4 9
3 9 0
t 122 59
m0 3 3
m1 2 3
m2 9 10
1 0 14
2 4 8
3 9 1
t 121 59
m0 2 3
m1 3 3
m2 9 10
1 0 13
2 4 7
3 9 0
t 120 59
m0 3 3
m1 2 3
m2 8 10
1 0 14
2 5 7
3 8 0
t 119 59
m0 2 3
m1 3 3
m2 9 10
1 0 13
2 4 7
3 9 0
t 118 59
m0 3 3
m1 2 3
m2 8 10
1 0 14
2 5 7
3 9 1
t 117 59
m0 2 3
m1 3 3
m2 9 10
1 0 13
2 4 7
3 9 0
t 116 59
m0 3 3
m1 2 3
m2 9 10
1 0 14
2 4 6
3 9 1
t 115 59
m0 2 3
m1 3 3
m2 8 10
1 0 13
2 4 7
3 9 0
t 114 59
m0 3 3
m1 2 3
m2 9 10
1 0 14
2 4 6
3 8 0
t 113 59
m0 2 3
m1 3 3
m2 9 10
1 0 13
2 4 7
3 9 0
t 112 59
m0 3 3
m1 2 3
m2 8 10
1 0 14
2 4 6
3 9 1
t 111 59
m0 2 3
m1 3 3
m2 8 11
1 0 13
2 4 7
3 9 0
t 110 59
m0 3 3
m1 2 3
m2 7 11
1 0 14
2 4 6
3 9 1
t 109 59
m0 2 3
m1 3 3
m2 8 11
1 0 13
2 4 7
3 9 0
t 108 59
m0 3 3
m1 2 3
m2 8 10
1 0 14
2 5 7
3 9 1
t 107 59
m0 2 3
m1 3 3
m2 8 10
1 0 13
2 4 7
3 9 0
t 106 59
m0 3 3
m1 2 3
m2 8 11
1 0 14
2 5 7
3 8 0
t 105 59
m0 2 3
m1 3 3
m2 7 11
1 0 13
2 4 7
3 9 0
t 104 59
m0 3 3
m1 2 3
m2 8 11
1 0 14
2 4 6
3 9 1
t 103 59
m0 2 3
m1 3 3
m2 8 11
1 0 13
2 4 7
3 9 0
t 102 59
m0 3 3
m1 2 3
m2 7 11
1 0 14
2 4 6
3 9 1
t 101 59
m0 2 3
m1 3 3
m2 7 11
1 0 13
2 3 6
3 9 0
t 100 59
m0 3 3
m1 2 3
m2 8 11
1 0 14
2 4 6
3 8 0
t 99 59
m0 2 3
m1 3 3
m2 7 11
1 0 13
2 4 7
3 9 0
t 98 59
m0 3 3
m1 2 3
m2 7 10
1 0 14
2 5 7
3 9 1
t 97 59
m0 2 3
m1 3 3
m2 8 10
1 0 13
2 4 7
3 9 0
t 96 59
m0 3 3
m1 2 3
m2 9 10
1 0 14
2 4 6
3 9 1
t 95 59
m0 2 3
m1 3 3
m2 9 10
1 0 13
2 3 6
3 9 0
t 94 59
m0 3 3
m1 2 3
m2 8 10
1 0 14
2 4 6
3 8 0
t 93 59
m0 2 3
m1 3 3
m2 8 10
1 0 13
2 4 7
3 9 0
t 92 59
m0 3 3
m1 2 3
m2 8 9
1 0 14
2 4 6
3 8 0
t 91 59
m0 2 3
m1 3 3
m2 8 8
1 0 13
2 3 6
3 9 0
t 90 59
m0 3 3
m1 2 3
m2 8 9
1 0 14
2 4 6
3 9 1
t 89 59
m0 2 3
m1 3 3
m2 8 8
1 0 13
2 3 6
3 9 0
t 88 59
m0 3 3
m1 2 3
m2 9 8
1 0 14
2 4 6
3 8 0
t 87 59
m0 2 3
m1 3 3
m2 9 7
1 0 13
2 3 6
3 9 0
t 86 59
m0 3 3
m1 2 3
m2 9 7
1 0 14
2 4 6
3 8 0
t 85 59
m0 2 3
m1 3 3
m2 9 6
1 0 13
2 4 7
3 9 0
t 84 59
m0 3 3
m1 2 3
m2 9 5
1 0 14
2 5 7
3 8 0
t 83 59
m0 2 3
m1 3 3
m2 9 4
1 0 13
2 4 7
3 9 0
t 82 60
m0 3 3
m1 2 3
m2 9 3
1 0 14
2 5 7
3 9 1
t 81 60
m0 2 3
m1 3 3
m2 8 3
1 0 13
2 6 7
3 9 0
t 80 61
m0 3 3
m1 2 3
m2 8 2
1 0 14
2 6 8
3 8 0
t 79 62
m0 2 3
m1 3 3
m2 8 1
1 0 13
2 6 7
3 9 0
t 78 63
m0 3 3
m1 2 3
m2 8 0
1 0 14
2 6 8
3 9 1
t 77 64
m0 2 3
m1 3 3
m2 7 0
1 0 13
2 7 8
3 8 1
t 76 65
m0 3 3
m1 2 3
m2 6 0
1 0 13
2 7 8
3 8 1
t 75 91
