10
15
w 8 13
w 3 11
w 8 9
w 2 12
w 5 1
w 2 5
w 0 3
w 8 5
w 5 8
w 6 14
w 8 1
w 7 6
w 6 10
w 4 4
w 8 10
w 4 13
w 3 6
w 1 10
w 4 1
w 1 1
w 5 11
w 6 0
w 0 12
w 3 9
w 6 12
w 2 14
w 6 5
w 8 3
w 7 0
w 6 8
w 8 12
w 5 7
w 0 13
w 2 0
w 8 8
w 4 3
w 1 7
p 5 9
p 4 7
p 1 3
p 6 9
p 7 3
p 4 8
p 3 0
p 2 8
p 9 8
p 8 0
p 7 12
p 7 7
p 2 1
p 0 7
p 0 10
p 3 7
p 7 11
p 1 11
p 4 9
p 5 5
p 5 12
p 6 3
p 1 5
p 2 13
p 5 0
p 2 2
p 0 4
p 6 4
p 7 14
p 3 2
p 2 6
p 9 14
p 3 13
p 6 11
p 1 13
p 8 11
p 9 3
p 1 4
p 7 5
p 0 5
p 1 9
p 8 7
p 4 2
p 4 11
p 3 12
p 4 6
p 3 1
p 7 13
p 7 4
p 3 8
p 5 14
p 0 9
p 3 4
p 0 2
p 9 12
p 8 4
m0 0 14
m1 0 14
m2 0 14
1 9 0
2 9 0
3 9 0
t 300 0
m0 1 14
m1 1 14
m2 1 14
1 8 0
2 8 0
3 8 0
t 299 0
m0 1 13
m1 1 13
m2 1 13
1 9 0
2 9 0
3 9 0
t 298 1
m0 2 13
m1 2 13
m2 2 13
1 8 0
2 8 0
3 8 0
t 297 2
m0 3 13
m1 2 13
m2 1 13
1 9 0
2 9 0
3 9 0
t 296 3
m0 3 12
m1 2 13
m2 2 13
1 8 0
2 8 0
3 8 0
t 295 4
m0 4 12
m1 2 13
m2 1 13
1 9 0
2 9 0
3 9 0
f 6 1
t 294 4
m0 5 12
m1 2 13
m2 2 13
1 8 0
2 8 0
3 8 0
t 293 5
m0 4 12
m1 2 13
m2 1 13
1 9 0
2 9 0
3 9 0
t 292 5
m0 4 11
m1 2 13
m2 2 13
1 8 0
2 8 0
3 8 0
t 291 6
m0 4 10
m1 2 13
m2 1 13
1 9 0
2 9 0
3 9 0
t 290 6
m0 4 9
m1 2 13
m2 2 13
1 8 0
2 8 0
3 8 0
t 289 7
m0 5 9
m1 2 13
m2 1 13
1 9 0
2 9 0
3 9 0
t 288 8
m0 4 9
m1 2 13
m2 2 13
1 8 0
2 8 0
3 8 0
t 287 8
m0 4 8
m1 2 13
m2 1 13
1 9 0
2 9 0
3 9 0
t 286 9
m0 3 8
m1 2 13
m2 2 13
1 8 0
2 8 0
3 8 0
t 285 10
m0 2 8
m1 2 13
m2 1 13
1 9 0
2 9 0
3 9 0
t 284 11
m0 1 8
m1 2 13
m2 2 13
1 8 0
2 8 0
3 8 0
t 283 11
m0 1 9
m1 2 13
m2 1 13
1 9 0
2 9 0
3 9 0
t 282 12
m0 0 9
m1 2 13
m2 2 13
1 8 0
2 8 0
3 8 0
t 281 13
m0 0 10
m1 2 13
m2 1 13
1 9 0
2 9 0
3 9 0
t 280 14
m0 0 11
m1 2 13
m2 2 13
1 8 0
2 8 0
3 8 0
t 279 14
m0 1 11
m1 2 13
m2 1 13
1 9 0
2 9 0
3 9 0
t 278 15
m0 0 11
m1 2 13
m2 2 13
1 8 0
2 8 0
3 8 0
t 277 15
m0 0 10
m1 2 13
m2 1 13
1 9 0
2 9 0
3 9 0
t 276 15
m0 0 9
m1 2 13
m2 2 13
1 8 0
2 8 0
3 8 0
t 275 15
m0 0 8
m1 2 13
m2 1 13
1 9 0
2 9 0
3 9 0
t 274 15
m0 0 7
m1 2 13
m2 2 13
1 8 0
2 8 0
3 8 0
t 273 16
m0 0 6
m1 2 13
m2 1 13
1 9 0
2 9 0
3 9 0
t 272 16
m0 0 5
m1 2 13
m2 2 13
1 8 0
2 8 0
3 8 0
t 271 17
m0 1 5
m1 2 13
m2 1 13
1 9 0
2 9 0
3 9 0
t 270 18
m0 0 5
m1 2 13
m2 2 13
1 8 0
2 8 0
3 8 0
t 269 18
m0 0 4
m1 2 13
m2 1 13
1 9 0
2 9 0
3 9 0
t 268 19
m0 1 4
m1 2 13
m2 2 13
1 8 0
2 8 0
3 8 0
t 267 20
m0 1 3
m1 2 13
m2 1 13
1 9 0
2 9 0
3 9 0
t 266 21
m0 1 4
m1 2 13
m2 2 13
1 8 0
2 8 0
3 8 0
t 265 21
m0 0 4
m1 2 13
m2 1 13
1 9 0
2 9 0
3 9 0
t 264 21
m0 0 5
m1 2 13
m2 2 13
1 8 0
2 8 0
3 8 0
t 263 21
m0 0 6
m1 2 13
m2 1 13
1 9 0
2 9 0
3 9 0
t 262 21
m0 1 6
m1 2 13
m2 2 13
1 8 0
2 8 0
3 8 0
t 261 21
m0 2 6
m1 2 13
m2 1 13
1 9 0
2 9 0
3 9 0
t 260 22
m0 2 7
m1 2 13
m2 2 13
1 8 0
2 8 0
3 8 0
t 259 22
m0 3 7
m1 2 13
m2 1 13
1 9 0
2 9 0
3 9 0
t 258 23
m0 4 7
m1 2 13
m2 2 13
1 8 0
2 8 0
3 8 0
t 257 24
m0 4 6
m1 2 13
m2 1 13
1 9 0
2 9 0
3 9 0
t 256 25
m0 5 6
m1 2 13
m2 2 13
1 8 0
2 8 0
3 8 0
t 255 25
m0 5 5
m1 2 13
m2 1 13
1 9 0
2 9 0
3 9 0
t 254 26
m0 4 5
m1 2 13
m2 2 13
1 8 0
2 8 0
3 8 0
t 253 26
m0 3 5
m1 2 13
m2 1 13
1 9 0
2 9 0
3 9 0
t 252 26
m0 3 4
m1 2 13
m2 2 13
1 8 0
2 8 0
3 8 0
t 251 27
m0 2 4
m1 2 13
m2 1 13
1 9 0
2 9 0
3 9 0
t 250 27
m0 2 3
m1 2 13
m2 2 13
1 8 0
2 8 0
3 8 0
t 249 27
m0 2 2
m1 2 13
m2 1 13
1 9 0
2 9 0
3 9 0
t 248 28
m0 1 2
m1 2 13
m2 2 13
1 8 0
2 8 0
3 8 0
t 247 28
m0 0 2
m1 2 13
m2 1 13
1 9 0
2 9 0
3 9 0
t 246 29
m0 1 2
m1 2 13
m2 2 13
1 8 0
2 8 0
3 8 0
t 245 29
m0 2 2
m1 2 13
m2 1 13
1 9 0
2 9 0
3 9 0
t 244 29
m0 3 2
m1 2 13
m2 2 13
1 8 0
2 8 0
3 8 0
t 243 30
m0 2 2
m1 2 13
m2 1 13
1 9 0
2 9 0
3 9 0
t 242 30
m0 2 1
m1 2 13
m2 2 13
1 8 0
2 8 0
3 8 0
t 241 31
m0 3 1
m1 2 13
m2 1 13
1 9 0
2 9 0
3 9 0
t 240 32
m0 3 0
m1 2 13
m2 2 13
1 9 1
2 9 1
3 9 1
t 239 33
m0 4 0
m1 2 13
m2 1 13
1 9 2
2 9 2
3 9 2
t 238 33
m0 5 0
m1 2 13
m2 2 13
1 9 3
2 9 3
3 9 3
t 237 34
m0 4 0
m1 2 13
m2 1 13
1 9 4
2 9 4
3 9 4
t 236 34
m0 3 0
m1 2 13
m2 2 13
1 9 5
2 9 5
3 9 5
t 235 34
m0 4 0
m1 2 13
m2 1 13
1 9 6
2 9 6
3 9 6
t 234 34
m0 3 0
m1 2 13
m2 2 13
1 9 7
2 9 7
3 9 7
t 233 34
m0 4 0
m1 2 13
m2 1 13
1 9 8
2 9 8
3 9 8
t 232 34
m0 3 0
m1 2 13
m2 2 13
1 9 7
2 9 7
3 9 7
t 231 34
m0 4 0
m1 2 13
m2 1 13
1 9 8
2 9 8
3 9 8
t 230 34
m0 3 0
m1 2 13
m2 2 13
1 9 7
2 9 7
3 9 7
t 229 34
m0 4 0
m1 2 13
m2 1 13
1 9 8
2 9 8
3 9 8
t 228 34
m0 3 0
m1 2 13
m2 2 13
1 9 7
2 9 7
3 9 7
t 227 34
m0 4 0
m1 2 13
m2 1 13
1 9 8
2 9 8
3 9 8
t 226 34
m0 3 0
m1 2 13
m2 2 13
1 9 7
2 9 7
3 9 7
t 225 34
m0 4 0
m1 2 13
m2 1 13
1 9 8
2 9 8
3 9 8
t 224 34
m0 3 0
m1 2 13
m2 2 13
1 9 7
2 9 7
3 9 7
t 223 34
m0 4 0
m1 2 13
m2 1 13
1 9 8
2 9 8
3 9 8
t 222 34
m0 3 0
m1 2 13
m2 2 13
1 9 7
2 9 7
3 9 7
t 221 34
m0 4 0
m1 2 13
m2 1 13
1 9 8
2 9 8
3 9 8
t 220 34
m0 3 0
m1 2 13
m2 2 13
1 9 7
2 9 7
3 9 7
t 219 34
m0 4 0
m1 2 13
m2 1 13
1 9 8
2 9 8
3 9 8
t 218 34
m0 3 0
m1 2 13
m2 2 13
1 9 7
2 9 7
3 9 7
t 217 34
m0 4 0
m1 2 13
m2 1 13
1 9 8
2 9 8
3 9 8
t 216 34
m0 3 0
m1 2 13
m2 2 13
1 9 7
2 9 7
3 9 7
t 215 34
m0 4 0
m1 2 13
m2 1 13
1 9 8
2 9 8
3 9 8
t 214 34
m0 3 0
m1 2 13
m2 2 13
1 9 7
2 9 7
3 9 7
t 213 34
m0 4 0
m1 2 13
m2 1 13
1 9 8
2 9 8
3 9 8
t 212 34
m0 3 0
m1 2 13
m2 2 13
1 9 7
2 9 7
3 9 7
t 211 34
m0 4 0
m1 2 13
m2 1 13
1 9 8
2 9 8
3 9 8
t 210 34
m0 3 0
m1 2 13
m2 2 13
1 9 7
2 9 7
3 9 7
t 209 34
m0 4 0
m1 2 13
m2 1 13
1 9 8
2 9 8
3 9 8
t 208 34
m0 3 0
m1 2 13
m2 2 13
1 9 7
2 9 7
3 9 7
t 207 34
m0 4 0
m1 2 13
m2 1 13
1 9 8
2 9 8
3 9 8
t 206 34
m0 3 0
m1 2 13
m2 2 13
1 9 7
2 9 7
3 9 7
t 205 34
m0 4 0
m1 2 13
m2 1 13
1 9 8
2 9 8
3 9 8
t 204 34
m0 3 0
m1 2 13
m2 2 13
1 9 7
2 9 7
3 9 7
t 203 34
m0 4 0
m1 2 13
m2 1 13
1 9 8
2 9 8
3 9 8
t 202 34
m0 3 0
m1 2 13
m2 2 13
1 9 7
2 9 7
3 9 7
t 201 34
m0 4 0
m1 2 13
m2 1 13
1 9 8
2 9 8
3 9 8
t 200 34
m0 3 0
m1 2 13
m2 2 13
1 9 7
2 9 7
3 9 7
t 199 34
m0 4 0
m1 2 13
m2 1 13
1 9 8
2 9 8
3 9 8
t 198 34
m0 3 0
m1 2 13
m2 2 13
1 9 7
2 9 7
3 9 7
t 197 34
m0 4 0
m1 2 13
m2 1 13
1 9 8
2 9 8
3 9 8
t 196 34
m0 3 0
m1 2 13
m2 2 13
1 9 7
2 9 7
3 9 7
t 195 34
m0 4 0
m1 2 13
m2 1 13
1 9 8
2 9 8
3 9 8
t 194 34
m0 3 0
m1 2 13
m2 2 13
1 9 7
2 9 7
3 9 7
t 193 34
m0 4 0
m1 2 13
m2 1 13
1 9 8
2 9 8
3 9 8
t 192 34
m0 3 0
m1 2 13
m2 2 13
1 9 7
2 9 7
3 9 7
t 191 34
m0 4 0
m1 2 13
m2 1 13
1 9 8
2 9 8
3 9 8
t 190 34
m0 3 0
m1 2 13
m2 2 13
1 9 7
2 9 7
3 9 7
t 189 34
m0 4 0
m1 2 13
m2 1 13
1 9 8
2 9 8
3 9 8
t 188 34
m0 3 0
m1 2 13
m2 2 13
1 9 7
2 9 7
3 9 7
t 187 34
m0 4 0
m1 2 13
m2 1 13
1 9 8
2 9 8
3 9 8
t 186 34
m0 3 0
m1 2 13
m2 2 13
1 9 7
2 9 7
3 9 7
t 185 34
m0 4 0
m1 2 13
m2 1 13
1 9 8
2 9 8
3 9 8
t 184 34
m0 3 0
m1 2 13
m2 2 13
1 9 7
2 9 7
3 9 7
t 183 34
m0 4 0
m1 2 13
m2 1 13
1 9 8
2 9 8
3 9 8
t 182 34
m0 3 0
m1 2 13
m2 2 13
1 9 7
2 9 7
3 9 7
t 181 34
m0 4 0
m1 2 13
m2 1 13
1 9 8
2 9 8
3 9 8
t 180 34
m0 3 0
m1 2 13
m2 2 13
1 9 7
2 9 7
3 9 7
t 179 34
m0 4 0
m1 2 13
m2 1 13
1 9 8
2 9 8
3 9 8
t 178 34
m0 3 0
m1 2 13
m2 2 13
1 9 7
2 9 7
3 9 7
t 177 34
m0 4 0
m1 2 13
m2 1 13
1 9 8
2 9 8
3 9 8
t 176 34
m0 3 0
m1 2 13
m2 2 13
1 9 7
2 9 7
3 9 7
t 175 34
m0 4 0
m1 2 13
m2 1 13
1 9 8
2 9 8
3 9 8
t 174 34
m0 3 0
m1 2 13
m2 2 13
1 9 7
2 9 7
3 9 7
t 173 34
m0 4 0
m1 2 13
m2 1 13
1 9 8
2 9 8
3 9 8
t 172 34
m0 3 0
m1 2 13
m2 2 13
1 9 7
2 9 7
3 9 7
t 171 34
m0 4 0
m1 2 13
m2 1 13
1 9 8
2 9 8
3 9 8
t 170 34
m0 3 0
m1 2 13
m2 2 13
1 9 7
2 9 7
3 9 7
t 169 34
m0 4 0
m1 2 13
m2 1 13
1 9 8
2 9 8
3 9 8
t 168 34
m0 3 0
m1 2 13
m2 2 13
1 9 7
2 9 7
3 9 7
t 167 34
m0 4 0
m1 2 13
m2 1 13
1 9 8
2 9 8
3 9 8
t 166 34
m0 3 0
m1 2 13
m2 2 13
1 9 7
2 9 7
3 9 7
t 165 34
m0 4 0
m1 2 13
m2 1 13
1 9 8
2 9 8
3 9 8
t 164 34
m0 3 0
m1 2 13
m2 2 13
1 9 7
2 9 7
3 9 7
t 163 34
m0 4 0
m1 2 13
m2 1 13
1 9 8
2 9 8
3 9 8
t 162 34
m0 3 0
m1 2 13
m2 2 13
1 9 7
2 9 7
3 9 7
t 161 34
m0 4 0
m1 2 13
m2 1 13
1 9 8
2 9 8
3 9 8
t 160 34
m0 3 0
m1 2 13
m2 2 13
1 9 7
2 9 7
3 9 7
t 159 34
m0 4 0
m1 2 13
m2 1 13
1 9 8
2 9 8
3 9 8
t 158 34
m0 3 0
m1 2 13
m2 2 13
1 9 7
2 9 7
3 9 7
t 157 34
m0 4 0
m1 2 13
m2 1 13
1 9 8
2 9 8
3 9 8
t 156 34
m0 3 0
m1 2 13
m2 2 13
1 9 7
2 9 7
3 9 7
t 155 34
m0 4 0
m1 2 13
m2 1 13
1 9 8
2 9 8
3 9 8
t 154 34
m0 3 0
m1 2 13
m2 2 13
1 9 7
2 9 7
3 9 7
t 153 34
m0 4 0
m1 2 13
m2 1 13
1 9 8
2 9 8
3 9 8
t 152 34
m0 3 0
m1 2 13
m2 2 13
1 9 7
2 9 7
3 9 7
t 151 34
m0 4 0
m1 2 13
m2 1 13
1 9 8
2 9 8
3 9 8
t 150 34
m0 3 0
m1 2 13
m2 2 13
1 9 7
2 9 7
3 9 7
t 149 34
m0 4 0
m1 2 13
m2 1 13
1 9 8
2 9 8
3 9 8
t 148 34
m0 3 0
m1 2 13
m2 2 13
1 9 7
2 9 7
3 9 7
t 147 34
m0 4 0
m1 2 13
m2 1 13
1 9 8
2 9 8
3 9 8
t 146 34
m0 3 0
m1 2 13
m2 2 13
1 9 7
2 9 7
3 9 7
t 145 34
m0 4 0
m1 2 13
m2 1 13
1 9 8
2 9 8
3 9 8
t 144 34
m0 3 0
m1 2 13
m2 2 13
1 9 7
2 9 7
3 9 7
t 143 34
m0 4 0
m1 2 13
m2 1 13
1 9 8
2 9 8
3 9 8
t 142 34
m0 3 0
m1 2 13
m2 2 13
1 9 7
2 9 7
3 9 7
t 141 34
m0 4 0
m1 2 13
m2 1 13
1 9 8
2 9 8
3 9 8
t 140 34
m0 3 0
m1 2 13
m2 2 13
1 9 7
2 9 7
3 9 7
t 139 34
m0 4 0
m1 2 13
m2 1 13
1 9 8
2 9 8
3 9 8
t 138 34
m0 3 0
m1 2 13
m2 2 13
1 9 7
2 9 7
3 9 7
t 137 34
m0 4 0
m1 2 13
m2 1 13
1 9 8
2 9 8
3 9 8
t 136 34
m0 3 0
m1 2 13
m2 2 13
1 9 7
2 9 7
3 9 7
t 135 34
m0 4 0
m1 2 13
m2 1 13
1 9 8
2 9 8
3 9 8
t 134 34
m0 3 0
m1 2 13
m2 2 13
1 9 7
2 9 7
3 9 7
t 133 34
m0 4 0
m1 2 13
m2 1 13
1 9 8
2 9 8
3 9 8
t 132 34
m0 3 0
m1 2 13
m2 2 13
1 9 7
2 9 7
3 9 7
t 131 34
m0 4 0
m1 2 13
m2 1 13
1 9 8
2 9 8
3 9 8
t 130 34
m0 3 0
m1 2 13
m2 2 13
1 9 7
2 9 7
3 9 7
t 129 34
m0 4 0
m1 2 13
m2 1 13
1 9 8
2 9 8
3 9 8
t 128 34
m0 3 0
m1 2 13
m2 2 13
1 9 7
2 9 7
3 9 7
t 127 34
m0 4 0
m1 2 13
m2 1 13
1 9 8
2 9 8
3 9 8
t 126 34
m0 3 0
m1 2 13
m2 2 13
1 9 7
2 9 7
3 9 7
t 125 34
m0 4 0
m1 2 13
m2 1 13
1 9 8
2 9 8
3 9 8
t 124 34
m0 3 0
m1 2 13
m2 2 13
1 9 7
2 9 7
3 9 7
t 123 34
m0 4 0
m1 2 13
m2 1 13
1 9 8
2 9 8
3 9 8
t 122 34
m0 3 0
m1 2 13
m2 2 13
1 9 7
2 9 7
3 9 7
t 121 34
m0 4 0
m1 2 13
m2 1 13
1 9 8
2 9 8
3 9 8
t 120 34
m0 3 0
m1 2 13
m2 2 13
1 9 7
2 9 7
3 9 7
t 119 34
m0 4 0
m1 2 13
m2 1 13
1 9 8
2 9 8
3 9 8
t 118 34
m0 3 0
m1 2 13
m2 2 13
1 9 7
2 9 7
3 9 7
t 117 34
m0 4 0
m1 2 13
m2 1 13
1 9 8
2 9 8
3 9 8
t 116 34
m0 3 0
m1 2 13
m2 2 13
1 9 7
2 9 7
3 9 7
t 115 34
m0 4 0
m1 2 13
m2 1 13
1 9 8
2 9 8
3 9 8
t 114 34
m0 3 0
m1 2 13
m2 2 13
1 9 7
2 9 7
3 9 7
t 113 34
m0 4 0
m1 2 13
m2 1 13
1 9 8
2 9 8
3 9 8
t 112 34
m0 3 0
m1 2 13
m2 2 13
1 9 7
2 9 7
3 9 7
t 111 34
m0 4 0
m1 2 13
m2 1 13
1 9 8
2 9 8
3 9 8
t 110 34
m0 3 0
m1 2 13
m2 2 13
1 9 7
2 9 7
3 9 7
t 109 34
m0 4 0
m1 2 13
m2 1 13
1 9 8
2 9 8
3 9 8
t 108 34
m0 3 0
m1 2 13
m2 2 13
1 9 7
2 9 7
3 9 7
t 107 34
m0 4 0
m1 2 13
m2 1 13
1 9 8
2 9 8
3 9 8
t 106 34
m0 3 0
m1 2 13
m2 2 13
1 9 7
2 9 7
3 9 7
t 105 34
m0 4 0
m1 2 13
m2 1 13
1 9 8
2 9 8
3 9 8
t 104 34
m0 3 0
m1 2 13
m2 2 13
1 9 7
2 9 7
3 9 7
t 103 34
m0 4 0
m1 2 13
m2 1 13
1 9 8
2 9 8
3 9 8
t 102 34
m0 3 0
m1 2 13
m2 2 13
1 9 7
2 9 7
3 9 7
t 101 34
m0 4 0
m1 2 13
m2 1 13
1 9 8
2 9 8
3 9 8
t 100 34
m0 3 0
m1 2 13
m2 2 13
1 9 7
2 9 7
3 9 7
t 99 34
m0 4 0
m1 2 13
m2 1 13
1 9 8
2 9 8
3 9 8
t 98 34
m0 3 0
m1 2 13
m2 2 13
1 9 7
2 9 7
3 9 7
t 97 34
m0 4 0
m1 2 13
m2 1 13
1 9 8
2 9 8
3 9 8
t 96 34
m0 3 0
m1 2 13
m2 2 13
1 9 7
2 9 7
3 9 7
t 95 34
m0 4 0
m1 2 13
m2 1 13
1 9 8
2 9 8
3 9 8
t 94 34
m0 3 0
m1 2 13
m2 2 13
1 9 7
2 9 7
3 9 7
t 93 34
m0 4 0
m1 2 13
m2 1 13
1 9 8
2 9 8
3 9 8
t 92 34
m0 3 0
m1 2 13
m2 2 13
1 9 7
2 9 7
3 9 7
t 91 34
m0 4 0
m1 2 13
m2 1 13
1 9 8
2 9 8
3 9 8
t 90 34
m0 3 0
m1 2 13
m2 2 13
1 9 7
2 9 7
3 9 7
t 89 34
m0 4 0
m1 2 13
m2 1 13
1 9 8
2 9 8
3 9 8
t 88 34
m0 3 0
m1 2 13
m2 2 13
1 9 7
2 9 7
3 9 7
t 87 34
m0 4 0
m1 2 13
m2 1 13
1 9 8
2 9 8
3 9 8
t 86 34
m0 3 0
m1 2 13
m2 2 13
1 9 7
2 9 7
3 9 7
t 85 34
m0 4 0
m1 2 13
m2 1 13
1 9 8
2 9 8
3 9 8
t 84 34
m0 3 0
m1 2 13
m2 2 13
1 9 7
2 9 7
3 9 7
t 83 34
m0 4 0
m1 2 13
m2 1 13
1 9 8
2 9 8
3 9 8
t 82 34
m0 3 0
m1 2 13
m2 2 13
1 9 7
2 9 7
3 9 7
t 81 34
m0 4 0
m1 2 13
m2 1 13
1 9 8
2 9 8
3 9 8
t 80 34
m0 3 0
m1 2 13
m2 2 13
1 9 7
2 9 7
3 9 7
t 79 34
m0 4 0
m1 2 13
m2 1 13
1 9 8
2 9 8
3 9 8
t 78 34
m0 3 0
m1 2 13
m2 2 13
1 9 7
2 9 7
3 9 7
t 77 34
m0 4 0
m1 2 13
m2 1 13
1 9 8
2 9 8
3 9 8
t 76 34
m0 3 0
m1 2 13
m2 2 13
1 9 7
2 9 7
3 9 7
t 75 34
m0 4 0
m1 2 13
m2 1 13
1 9 8
2 9 8
3 9 8
t 74 34
m0 3 0
m1 2 13
m2 2 13
1 9 7
2 9 7
3 9 7
t 73 34
m0 4 0
m1 2 13
m2 1 13
1 9 8
2 9 8
3 9 8
t 72 34
m0 3 0
m1 2 13
m2 2 13
1 9 7
2 9 7
3 9 7
t 71 34
m0 4 0
m1 2 13
m2 1 13
1 9 8
2 9 8
3 9 8
t 70 34
m0 3 0
m1 2 13
m2 2 13
1 9 7
2 9 7
3 9 7
t 69 34
m0 4 0
m1 2 13
m2 1 13
1 9 8
2 9 8
3 9 8
t 68 34
m0 3 0
m1 2 13
m2 2 13
1 9 7
2 9 7
3 9 7
t 67 34
m0 4 0
m1 2 13
m2 1 13
1 9 8
2 9 8
3 9 8
t 66 34
m0 3 0
m1 2 13
m2 2 13
1 9 7
2 9 7
3 9 7
t 65 34
m0 4 0
m1 2 13
m2 1 13
1 9 8
2 9 8
3 9 8
t 64 34
m0 3 0
m1 2 13
m2 2 13
1 9 7
2 9 7
3 9 7
t 63 34
m0 4 0
m1 2 13
m2 1 13
1 9 8
2 9 8
3 9 8
t 62 34
m0 3 0
m1 2 13
m2 2 13
1 9 7
2 9 7
3 9 7
t 61 34
m0 4 0
m1 2 13
m2 1 13
1 9 8
2 9 8
3 9 8
t 60 34
m0 3 0
m1 2 13
m2 2 13
1 9 7
2 9 7
3 9 7
t 59 34
m0 4 0
m1 2 13
m2 1 13
1 9 8
2 9 8
3 9 8
t 58 34
m0 3 0
m1 2 13
m2 2 13
1 9 7
2 9 7
3 9 7
t 57 34
m0 4 0
m1 2 13
m2 1 13
1 9 8
2 9 8
3 9 8
t 56 34
m0 3 0
m1 2 13
m2 2 13
1 9 7
2 9 7
3 9 7
t 55 34
m0 4 0
m1 2 13
m2 1 13
1 9 8
2 9 8
3 9 8
t 54 34
m0 3 0
m1 2 13
m2 2 13
1 9 7
2 9 7
3 9 7
t 53 34
m0 4 0
m1 2 13
m2 1 13
1 9 8
2 9 8
3 9 8
t 52 34
m0 3 0
m1 2 13
m2 2 13
1 9 7
2 9 7
3 9 7
t 51 34
m0 4 0
m1 2 13
m2 1 13
1 9 8
2 9 8
3 9 8
t 50 34
m0 3 0
m1 2 13
m2 2 13
1 9 7
2 9 7
3 9 7
t 49 34
m0 4 0
m1 2 13
m2 1 13
1 9 8
2 9 8
3 9 8
t 48 34
m0 3 0
m1 2 13
m2 2 13
1 9 7
2 9 7
3 9 7
t 47 34
m0 4 0
m1 2 13
m2 1 13
1 9 8
2 9 8
3 9 8
t 46 34
m0 3 0
m1 2 13
m2 2 13
1 9 7
2 9 7
3 9 7
t 45 34
m0 4 0
m1 2 13
m2 1 13
1 9 8
2 9 8
3 9 8
t 44 34
m0 3 0
m1 2 13
m2 2 13
1 9 7
2 9 7
3 9 7
t 43 34
m0 4 0
m1 2 13
m2 1 13
1 9 8
2 9 8
3 9 8
t 42 34
m0 3 0
m1 2 13
m2 2 13
1 9 7
2 9 7
3 9 7
t 41 34
m0 4 0
m1 2 13
m2 1 13
1 9 8
2 9 8
3 9 8
t 40 34
m0 3 0
m1 2 13
m2 2 13
1 9 7
2 9 7
3 9 7
t 39 34
m0 4 0
m1 2 13
m2 1 13
1 9 8
2 9 8
3 9 8
t 38 34
m0 3 0
m1 2 13
m2 2 13
1 9 7
2 9 7
3 9 7
t 37 34
m0 4 0
m1 2 13
m2 1 13
1 9 8
2 9 8
3 9 8
t 36 34
m0 3 0
m1 2 13
m2 2 13
1 9 7
2 9 7
3 9 7
t 35 34
m0 4 0
m1 2 13
m2 1 13
1 9 8
2 9 8
3 9 8
t 34 34
m0 3 0
m1 2 13
m2 2 13
1 9 7
2 9 7
3 9 7
t 33 34
m0 4 0
m1 2 13
m2 1 13
1 9 8
2 9 8
3 9 8
t 32 34
m0 3 0
m1 2 13
m2 2 13
1 9 7
2 9 7
3 9 7
t 31 34
m0 4 0
m1 2 13
m2 1 13
1 9 8
2 9 8
3 9 8
t 30 34
m0 3 0
m1 2 13
m2 2 13
1 9 7
2 9 7
3 9 7
t 29 34
m0 4 0
m1 2 13
m2 1 13
1 9 8
2 9 8
3 9 8
t 28 34
m0 3 0
m1 2 13
m2 2 13
1 9 7
2 9 7
3 9 7
t 27 34
m0 4 0
m1 2 13
m2 1 13
1 9 8
2 9 8
3 9 8
t 26 34
m0 3 0
m1 2 13
m2 2 13
1 9 7
2 9 7
3 9 7
t 25 34
m0 4 0
m1 2 13
m2 1 13
1 9 8
2 9 8
3 9 8
t 24 34
m0 3 0
m1 2 13
m2 2 13
1 9 7
2 9 7
3 9 7
t 23 34
m0 4 0
m1 2 13
m2 1 13
1 9 8
2 9 8
3 9 8
t 22 34
m0 3 0
m1 2 13
m2 2 13
1 9 7
2 9 7
3 9 7
t 21 34
m0 4 0
m1 2 13
m2 1 13
1 9 8
2 9 8
3 9 8
t 20 34
m0 3 0
m1 2 13
m2 2 13
1 9 7
2 9 7
3 9 7
t 19 34
m0 4 0
m1 2 13
m2 1 13
1 9 8
2 9 8
3 9 8
t 18 34
m0 3 0
m1 2 13
m2 2 13
1 9 7
2 9 7
3 9 7
t 17 34
m0 4 0
m1 2 13
m2 1 13
1 9 8
2 9 8
3 9 8
t 16 34
m0 3 0
m1 2 13
m2 2 13
1 9 7
2 9 7
3 9 7
t 15 34
m0 4 0
m1 2 13
m2 1 13
1 9 8
2 9 8
3 9 8
t 14 34
m0 3 0
m1 2 13
m2 2 13
1 9 7
2 9 7
3 9 7
t 13 34
m0 4 0
m1 2 13
m2 1 13
1 9 8
2 9 8
3 9 8
t 12 34
m0 3 0
m1 2 13
m2 2 13
1 9 7
2 9 7
3 9 7
t 11 34
m0 4 0
m1 2 13
m2 1 13
1 9 8
2 9 8
3 9 8
t 10 34
m0 3 0
m1 2 13
m2 2 13
1 9 7
2 9 7
3 9 7
t 9 34
m0 4 0
m1 2 13
m2 1 13
1 9 8
2 9 8
3 9 8
t 8 34
m0 3 0
m1 2 13
m2 2 13
1 9 7
2 9 7
3 9 7
t 7 34
m0 4 0
m1 2 13
m2 1 13
1 9 8
2 9 8
3 9 8
t 6 34
m0 3 0
m1 2 13
m2 2 13
1 9 7
2 9 7
3 9 7
t 5 34
m0 4 0
m1 2 13
m2 1 13
1 9 8
2 9 8
3 9 8
t 4 34
m0 3 0
m1 2 13
m2 2 13
1 9 7
2 9 7
3 9 7
t 3 34
m0 4 0
m1 2 13
m2 1 13
1 9 8
2 9 8
3 9 8
t 2 34
m0 3 0
m1 2 13
m2 2 13
1 9 7
2 9 7
3 9 7
t 1 34
m0 4 0
m1 2 13
m2 1 13
1 9 7
2 9 7
3 9 7
t 0 34
