10
15
w 6 6
w 6 2
w 4 12
w 5 1
w 5 8
w 8 1
w 3 10
w 4 4
w 5 12
w 2 13
w 9 11
w 7 10
w 2 2
w 4 1
w 1 1
w 6 4
w 2 6
w 9 14
w 9 3
w 6 0
w 9 10
w 0 5
w 2 3
w 8 7
w 1 9
w 2 7
w 8 3
w 5 10
w 6 8
w 9 2
w 6 1
w 2 11
w 8 8
w 6 13
w 0 9
w 9 5
w 9 12
p 5 9
p 6 9
p 7 3
p 4 7
p 5 6
p 3 0
p 7 12
p 9 8
p 5 13
p 7 7
p 2 1
p 8 9
p 3 11
p 0 10
p 2 4
p 6 14
p 1 2
p 8 14
p 9 0
p 6 10
p 1 14
p 8 10
p 4 13
p 1 5
p 0 4
p 9 7
p 7 14
p 8 2
p 5 11
p 6 11
p 1 13
p 8 11
p 1 4
p 7 5
p 3 9
p 1 0
p 0 8
p 9 6
p 2 14
p 6 5
p 3 5
p 0 1
p 4 6
p 8 12
p 5 7
p 0 13
p 9 9
p 3 1
p 3 8
p 2 0
p 5 14
p 1 8
p 0 6
p 4 3
p 0 2
p 8 4
m0 0 14
m1 0 14
m2 0 14
1 9 0
2 9 0
3 9 0
t 300 0
m0 0 14
m1 0 14
m2 0 14
1 8 0
2 8 0
3 9 1
t 299 0
m0 0 14
m1 0 14
m2 0 14
1 9 0
2 9 0
3 9 0
t 298 0
m0 0 14
m1 0 14
m2 0 14
1 9 1
2 9 1
3 8 0
t 297 0
m0 0 14
m1 0 14
m2 0 14
1 9 0
2 9 0
3 9 0
t 296 0
m0 0 14
m1 0 14
m2 0 14
1 8 0
2 9 1
3 8 0
t 295 0
m0 0 14
m1 0 14
m2 0 14
1 9 0
2 9 0
3 9 0
t 294 0
m0 0 14
m1 0 14
m2 0 14
1 8 0
2 9 1
3 8 0
t 293 0
m0 0 14
m1 0 14
m2 0 14
1 7 0
2 9 0
3 9 0
t 292 0
m0 0 14
m1 0 14
m2 0 14
1 7 1
2 9 1
3 9 1
t 291 0
m0 0 14
m1 0 14
m2 0 14
1 7 0
2 9 0
3 9 0
t 290 0
m0 0 14
m1 0 14
m2 0 14
1 7 1
2 9 1
3 9 1
t 289 0
m0 0 14
m1 0 14
m2 0 14
1 7 0
2 9 0
3 9 0
t 288 0
m0 0 14
m1 0 14
m2 0 14
1 8 0
2 9 1
3 8 0
t 287 0
m0 0 14
m1 0 14
m2 0 14
1 7 0
2 9 0
3 9 0
t 286 0
m0 0 14
m1 0 14
m2 0 14
1 8 0
2 9 1
3 9 1
t 285 0
m0 0 14
m1 0 14
m2 0 14
1 9 0
2 9 0
3 9 0
t 284 0
m0 0 14
m1 0 14
m2 0 14
1 8 0
2 8 0
3 9 1
t 283 0
m0 0 14
m1 0 14
m2 0 14
1 9 0
2 7 0
3 9 0
t 282 0
m0 0 14
m1 0 14
m2 0 14
1 8 0
2 7 1
3 9 1
t 281 0
m0 0 14
m1 0 14
m2 0 14
1 9 0
2 7 0
3 9 0
t 280 0
m0 0 14
m1 0 14
m2 0 14
1 9 1
2 8 0
3 8 0
t 279 0
m0 0 14
m1 0 14
m2 0 14
1 9 0
2 9 0
3 7 0
t 278 0
m0 0 14
m1 0 14
m2 0 14
1 9 1
2 8 0
3 7 1
t 277 0
m0 0 14
m1 0 14
m2 0 14
1 9 0
2 7 0
3 7 0
t 276 0
m0 0 14
m1 0 14
m2 0 14
1 9 1
2 8 0
3 7 1
t 275 0
m0 0 14
m1 0 14
m2 0 14
1 9 0
2 9 0
3 7 0
t 274 0
m0 0 14
m1 0 14
m2 0 14
1 9 1
2 8 0
3 8 0
t 273 0
m0 0 14
m1 0 14
m2 0 14
1 9 0
2 9 0
3 9 0
t 272 0
m0 0 14
m1 0 14
m2 0 14
1 9 1
2 8 0
3 9 1
t 271 0
m0 0 14
m1 0 14
m2 0 14
1 9 0
2 9 0
3 9 0
t 270 0
m0 0 14
m1 0 14
m2 0 14
1 9 1
2 8 0
3 8 0
t 269 0
m0 0 14
m1 0 14
m2 0 14
1 9 0
2 7 0
3 7 0
t 268 0
m0 0 14
m1 0 14
m2 0 14
1 9 1
2 7 1
3 7 1
t 267 0
m0 0 14
m1 0 14
m2 0 14
1 9 0
2 7 0
3 7 0
t 266 0
m0 0 13
m1 0 14
m2 0 14
1 8 0
2 8 0
3 7 1
f 3 14
t 265 1
m0 0 12
m1 0 13
m2 0 13
1 7 0
2 9 0
3 7 0
t 264 1
m0 0 11
m1 0 12
m2 0 12
1 8 0
2 9 1
3 8 0
t 263 1
m0 1 11
m1 0 12
m2 0 12
1 9 0
2 9 0
3 7 0
t 262 1
m0 1 10
m1 0 12
m2 0 12
1 8 0
2 8 0
3 8 0
t 261 1
m0 2 10
m1 0 12
m2 0 12
1 9 0
2 9 0
3 9 0
t 260 1
m0 2 9
m1 0 12
m2 0 12
1 9 1
2 9 1
3 8 0
t 259 1
m0 2 8
m1 0 12
m2 0 12
1 9 0
2 9 0
3 7 0
t 258 1
m0 1 8
m1 0 12
m2 0 12
1 8 0
2 9 1
3 8 0
t 257 2
m0 1 7
m1 0 12
m2 0 12
1 7 0
2 9 0
3 7 0
t 256 2
m0 1 6
m1 0 12
m2 0 12
1 7 1
2 9 1
3 8 0
t 255 2
m0 1 5
m1 0 12
m2 0 12
1 7 2
2 9 0
3 9 0
t 254 3
m0 1 4
m1 0 12
m2 0 12
1 8 2
2 9 1
3 9 1
t 253 4
m0 1 3
m1 0 12
m2 0 12
1 7 2
2 9 0
3 9 0
t 252 4
m0 0 3
m1 0 12
m2 0 12
1 7 3
2 8 0
3 9 1
t 251 4
m0 0 2
m1 0 12
m2 0 12
1 7 4
2 9 0
3 9 0
t 250 5
m0 0 1
m1 0 12
m2 0 12
1 7 5
2 9 1
3 8 0
t 249 6
m0 0 0
m1 0 12
m2 0 12
1 7 6
2 9 0
3 9 0
t 248 6
m0 0 1
m1 0 12
m2 0 12
1 7 7
2 8 0
3 9 1
t 247 6
m0 0 0
m1 0 12
m2 0 12
1 7 6
2 7 0
3 9 0
t 246 6
m0 0 1
m1 0 12
m2 0 12
1 8 6
2 8 0
3 8 0
t 245 6
m0 0 0
m1 0 12
m2 0 12
1 9 6
2 9 0
3 9 0
t 244 6
m0 0 1
m1 0 12
m2 0 12
1 9 7
2 9 1
3 9 1
t 243 6
m0 0 0
m1 0 12
m2 0 12
1 9 8
2 9 0
3 9 0
t 242 6
m0 0 1
m1 0 12
m2 0 12
1 9 7
2 9 1
3 9 1
t 241 6
m0 0 0
m1 0 12
m2 0 12
1 9 6
2 9 0
3 9 0
t 240 6
m0 0 1
m1 0 12
m2 0 12
1 9 7
2 8 0
3 9 1
t 239 6
m0 0 0
m1 0 12
m2 0 12
1 9 6
2 9 0
3 9 0
t 238 6
m0 0 1
m1 0 12
m2 0 12
1 9 7
2 8 0
3 8 0
t 237 6
m0 0 0
m1 0 12
m2 0 12
1 9 6
2 9 0
3 9 0
t 236 6
m0 0 1
m1 0 12
m2 0 12
1 8 6
2 9 1
3 9 1
t 235 6
m0 0 0
m1 0 12
m2 0 12
1 9 6
2 9 0
3 9 0
t 234 6
m0 0 1
m1 0 12
m2 0 12
1 9 7
2 8 0
3 9 1
t 233 6
m0 0 0
m1 0 12
m2 0 12
1 9 6
2 7 0
3 9 0
t 232 6
m0 0 1
m1 0 12
m2 0 12
1 8 6
2 8 0
3 8 0
t 231 6
m0 0 0
m1 0 12
m2 0 12
1 8 5
2 9 0
3 7 0
t 230 6
m0 0 1
m1 0 12
m2 0 12
1 8 6
2 9 1
3 8 0
t 229 6
m0 0 0
m1 0 12
m2 0 12
1 9 6
2 9 0
3 9 0
t 228 6
m0 0 1
m1 0 12
m2 0 12
1 9 7
2 9 1
3 8 0
t 227 6
m0 0 0
m1 0 12
m2 0 12
1 9 6
2 9 0
3 9 0
t 226 6
m0 0 1
m1 0 12
m2 0 12
1 9 7
2 8 0
3 8 0
t 225 6
m0 0 0
m1 0 12
m2 0 12
1 9 6
2 7 0
3 9 0
t 224 6
m0 0 1
m1 0 12
m2 0 12
1 9 7
2 8 0
3 9 1
t 223 6
m0 0 0
m1 0 12
m2 0 12
1 9 8
2 9 0
3 9 0
t 222 6
m0 0 1
m1 0 12
m2 0 12
1 9 7
2 8 0
3 9 1
t 221 6
m0 0 0
m1 0 12
m2 0 12
1 9 8
2 9 0
3 9 0
t 220 6
m0 0 1
m1 0 12
m2 0 12
1 9 7
2 8 0
3 9 1
t 219 6
m0 0 0
m1 0 12
m2 0 12
1 9 8
2 9 0
3 9 0
t 218 6
m0 0 1
m1 0 12
m2 0 12
1 9 7
2 8 0
3 9 1
t 217 6
m0 0 0
m1 0 12
m2 0 12
1 9 6
2 9 0
3 9 0
t 216 6
m0 0 1
m1 0 12
m2 0 12
1 9 7
2 9 1
3 9 1
t 215 6
m0 0 0
m1 0 12
m2 0 12
1 9 8
2 9 0
3 9 0
t 214 6
m0 0 1
m1 0 12
m2 0 12
1 9 9
2 8 0
3 8 0
t 213 6
m0 0 0
m1 0 12
m2 0 12
1 9 8
2 9 0
3 9 0
t 212 6
m0 0 1
m1 0 12
m2 0 12
1 9 7
2 8 0
3 9 1
t 211 6
m0 0 0
m1 0 12
m2 0 12
1 9 6
2 9 0
3 9 0
t 210 6
m0 0 1
m1 0 12
m2 0 12
1 9 7
2 8 0
3 8 0
t 209 6
m0 0 0
m1 0 12
m2 0 12
1 9 6
2 9 0
3 9 0
t 208 6
m0 0 1
m1 0 12
m2 0 12
1 9 7
2 8 0
3 9 1
t 207 6
m0 0 0
m1 0 12
m2 0 12
1 9 8
2 9 0
3 9 0
t 206 6
m0 0 1
m1 0 12
m2 0 12
1 9 7
2 9 1
3 9 1
t 205 6
m0 0 0
m1 0 12
m2 0 12
1 9 6
2 9 0
3 9 0
t 204 6
m0 0 1
m1 0 12
m2 0 12
1 9 7
2 9 1
3 9 1
t 203 6
m0 0 0
m1 0 12
m2 0 12
1 9 6
2 9 0
3 9 0
t 202 6
m0 0 1
m1 0 12
m2 0 12
1 9 7
2 8 0
3 9 1
t 201 6
m0 0 0
m1 0 12
m2 0 12
1 9 8
2 7 0
3 9 0
t 200 6
m0 0 1
m1 0 12
m2 0 12
1 9 7
2 8 0
3 9 1
t 199 6
m0 0 0
m1 0 12
m2 0 12
1 9 8
2 9 0
3 9 0
t 198 6
m0 0 1
m1 0 12
m2 0 12
1 9 7
2 8 0
3 9 1
t 197 6
m0 0 0
m1 0 12
m2 0 12
1 9 6
2 7 0
3 9 0
t 196 6
m0 0 1
m1 0 12
m2 0 12
1 9 7
2 8 0
3 8 0
t 195 6
m0 0 0
m1 0 12
m2 0 12
1 9 6
2 9 0
3 7 0
t 194 6
m0 0 1
m1 0 12
m2 0 12
1 9 7
2 8 0
3 7 1
t 193 6
m0 0 0
m1 0 12
m2 0 12
1 9 6
2 9 0
3 7 0
t 192 6
m0 0 1
m1 0 12
m2 0 12
1 9 7
2 9 1
3 8 0
t 191 6
m0 0 0
m1 0 12
m2 0 12
1 9 8
2 9 0
3 9 0
t 190 6
m0 0 1
m1 0 12
m2 0 12
1 9 7
2 8 0
3 8 0
t 189 6
m0 0 0
m1 0 12
m2 0 12
1 9 6
2 9 0
3 7 0
t 188 6
m0 0 1
m1 0 12
m2 0 12
1 9 7
2 9 1
3 7 1
t 187 6
m0 0 0
m1 0 12
m2 0 12
1 9 6
2 9 0
3 7 0
t 186 6
m0 0 1
m1 0 12
m2 0 12
1 9 7
2 8 0
3 8 0
t 185 6
m0 0 0
m1 0 12
m2 0 12
1 9 6
2 9 0
3 9 0
t 184 6
m0 0 1
m1 0 12
m2 0 12
1 9 7
2 9 1
3 9 1
t 183 6
m0 0 0
m1 0 12
m2 0 12
1 9 6
2 9 0
3 9 0
t 182 6
m0 0 1
m1 0 12
m2 0 12
1 9 7
2 9 1
3 8 0
t 181 6
m0 0 0
m1 0 12
m2 0 12
1 9 6
2 9 0
3 9 0
t 180 6
m0 0 1
m1 0 12
m2 0 12
1 9 7
2 8 0
3 9 1
t 179 6
m0 0 0
m1 0 12
m2 0 12
1 9 8
2 7 0
3 9 0
t 178 6
m0 0 1
m1 0 12
m2 0 12
1 9 7
2 8 0
3 8 0
t 177 6
m0 0 0
m1 0 12
m2 0 12
1 9 6
2 9 0
3 9 0
t 176 6
m0 0 1
m1 0 12
m2 0 12
1 9 7
2 9 1
3 8 0
t 175 6
m0 0 0
m1 0 12
m2 0 12
1 9 6
2 9 0
3 9 0
t 174 6
m0 0 1
m1 0 12
m2 0 12
1 9 7
2 9 1
3 8 0
t 173 6
m0 0 0
m1 0 12
m2 0 12
1 9 6
2 9 0
3 9 0
t 172 6
m0 0 1
m1 0 12
m2 0 12
1 9 7
2 9 1
3 9 1
t 171 6
m0 0 0
m1 0 12
m2 0 12
1 9 6
2 9 0
3 9 0
t 170 6
m0 0 1
m1 0 12
m2 0 12
1 9 7
2 8 0
3 8 0
t 169 6
m0 0 0
m1 0 12
m2 0 12
1 9 6
2 9 0
3 9 0
t 168 6
m0 0 1
m1 0 12
m2 0 12
1 8 6
2 8 0
3 9 1
t 167 6
m0 0 0
m1 0 12
m2 0 12
1 8 5
2 7 0
3 9 0
t 166 6
m0 0 1
m1 0 12
m2 0 12
1 8 6
2 8 0
3 8 0
t 165 6
m0 0 0
m1 0 12
m2 0 12
1 9 6
2 9 0
3 7 0
t 164 6
m0 0 1
m1 0 12
m2 0 12
1 8 6
2 8 0
3 7 1
t 163 6
m0 0 0
m1 0 12
m2 0 12
1 9 6
2 9 0
3 7 2
t 162 6
m0 0 1
m1 0 12
m2 0 12
1 8 6
2 8 0
3 8 2
t 161 6
m0 0 0
m1 0 12
m2 0 12
1 9 6
2 9 0
3 7 2
t 160 6
m0 0 1
m1 0 12
m2 0 12
1 9 7
2 9 1
3 7 3
t 159 6
m0 0 0
m1 0 12
m2 0 12
1 9 6
2 9 0
3 7 4
t 158 6
m0 0 1
m1 0 12
m2 0 12
1 9 7
2 9 1
3 8 4
t 157 6
m0 0 0
m1 0 12
m2 0 12
1 9 8
2 9 0
3 8 5
t 156 6
m0 0 1
m1 0 12
m2 0 12
1 9 7
2 9 1
3 8 6
t 155 6
m0 0 0
m1 0 12
m2 0 12
1 9 8
2 9 0
3 9 6
t 154 6
m0 0 1
m1 0 12
m2 0 12
1 9 9
2 9 1
3 9 7
t 153 6
m0 0 0
m1 0 12
m2 0 12
1 9 8
2 9 0
3 9 6
t 152 6
m0 0 1
m1 0 12
m2 0 12
1 9 7
2 8 0
3 9 7
t 151 6
m0 0 0
m1 0 12
m2 0 12
1 9 6
2 9 0
3 9 6
t 150 6
m0 0 1
m1 0 12
m2 0 12
1 9 7
2 8 0
3 9 7
t 149 6
m0 0 0
m1 0 12
m2 0 12
1 9 8
2 9 0
3 9 6
t 148 6
m0 0 1
m1 0 12
m2 0 12
1 9 9
2 8 0
3 8 6
t 147 6
m0 0 0
m1 0 12
m2 0 12
1 9 8
2 9 0
3 9 6
t 146 6
m0 0 1
m1 0 12
m2 0 12
1 9 9
2 8 0
3 8 6
t 145 6
m0 0 0
m1 0 12
m2 0 12
1 9 8
2 9 0
3 7 6
t 144 6
m0 0 1
m1 0 12
m2 0 12
1 9 7
2 9 1
3 8 6
t 143 6
m0 0 0
m1 0 12
m2 0 12
1 9 8
2 9 0
3 9 6
t 142 6
m0 0 1
m1 0 12
m2 0 12
1 9 7
2 9 1
3 9 7
t 141 6
m0 0 0
m1 0 12
m2 0 12
1 9 6
2 9 0
3 9 6
t 140 6
m0 0 1
m1 0 12
m2 0 12
1 9 7
2 8 0
3 9 7
t 139 6
m0 0 0
m1 0 12
m2 0 12
1 9 6
2 9 0
3 9 8
t 138 6
m0 0 1
m1 0 12
m2 0 12
1 8 6
2 8 0
3 9 7
t 137 6
m0 0 0
m1 0 12
m2 0 12
1 7 6
2 9 0
3 9 6
t 136 6
m0 0 1
m1 0 12
m2 0 12
1 7 7
2 8 0
3 9 7
t 135 6
m0 0 0
m1 0 12
m2 0 12
1 7 6
2 9 0
3 9 6
t 134 6
m0 0 1
m1 0 12
m2 0 12
1 8 6
2 8 0
3 9 7
t 133 6
m0 0 0
m1 0 12
m2 0 12
1 8 5
2 9 0
3 9 8
t 132 6
m0 0 1
m1 0 12
m2 0 12
1 8 6
2 9 1
3 9 7
t 131 6
m0 0 0
m1 0 12
m2 0 12
1 7 6
2 9 0
3 9 6
t 130 6
m0 0 1
m1 0 12
m2 0 12
1 7 7
2 8 0
3 9 7
t 129 6
m0 0 0
m1 0 12
m2 0 12
1 7 6
2 9 0
3 9 8
t 128 6
m0 0 1
m1 0 12
m2 0 12
1 8 6
2 9 1
3 9 7
t 127 6
m0 0 0
m1 0 12
m2 0 12
1 7 6
2 9 0
3 9 8
t 126 6
m0 0 1
m1 0 12
m2 0 12
1 8 6
2 9 1
3 9 7
t 125 6
m0 0 0
m1 0 12
m2 0 12
1 9 6
2 9 0
3 9 6
t 124 6
m0 0 1
m1 0 12
m2 0 12
1 9 7
2 8 0
3 9 7
t 123 6
m0 0 0
m1 0 12
m2 0 12
1 9 8
2 9 0
3 9 6
t 122 6
m0 0 1
m1 0 12
m2 0 12
1 9 7
2 9 1
3 9 7
t 121 6
m0 0 0
m1 0 12
m2 0 12
1 9 8
2 9 0
3 9 6
t 120 6
m0 0 1
m1 0 12
m2 0 12
1 9 7
2 8 0
3 9 7
t 119 6
m0 0 0
m1 0 12
m2 0 12
1 9 8
2 9 0
3 9 6
t 118 6
m0 0 1
m1 0 12
m2 0 12
1 9 9
2 9 1
3 8 6
t 117 6
m0 0 0
m1 0 12
m2 0 12
1 9 8
2 9 0
3 8 5
t 116 6
m0 0 1
m1 0 12
m2 0 12
1 9 9
2 8 0
3 8 6
t 115 6
m0 0 0
m1 0 12
m2 0 12
1 9 8
2 9 0
3 7 6
t 114 6
m0 0 1
m1 0 12
m2 0 12
1 9 7
2 9 1
3 7 5
t 113 6
m0 0 0
m1 0 12
m2 0 12
1 9 8
2 9 0
3 8 5
t 112 6
m0 0 1
m1 0 12
m2 0 12
1 9 7
2 8 0
3 8 6
t 111 6
m0 0 0
m1 0 12
m2 0 12
1 9 6
2 9 0
3 8 5
t 110 6
m0 0 1
m1 0 12
m2 0 12
1 9 7
2 9 1
3 7 5
t 109 6
m0 0 0
m1 0 12
m2 0 12
1 9 6
2 9 0
3 7 6
t 108 6
m0 0 1
m1 0 12
m2 0 12
1 8 6
2 9 1
3 8 6
t 107 6
m0 0 0
m1 0 12
m2 0 12
1 9 6
2 9 0
3 9 6
t 106 6
m0 0 1
m1 0 12
m2 0 12
1 9 7
2 9 1
3 9 7
t 105 6
m0 0 0
m1 0 12
m2 0 12
1 9 6
2 9 0
3 9 8
t 104 6
m0 0 1
m1 0 12
m2 0 12
1 8 6
2 9 1
3 9 9
t 103 6
m0 0 0
m1 0 12
m2 0 12
1 9 6
2 9 0
3 8 9
t 102 6
m0 0 1
m1 0 12
m2 0 12
1 9 7
2 8 0
3 9 9
t 101 6
m0 0 0
m1 0 12
m2 0 12
1 9 6
2 9 0
3 9 8
t 100 6
m0 0 1
m1 0 12
m2 0 12
1 8 6
2 8 0
3 9 9
t 99 6
m0 0 0
m1 0 12
m2 0 12
1 8 5
2 9 0
3 9 8
t 98 6
m0 0 1
m1 0 12
m2 0 12
1 8 4
2 8 0
3 9 7
t 97 6
m0 0 0
m1 0 12
m2 0 12
1 8 5
2 9 0
3 9 8
t 96 6
m0 0 1
m1 0 12
m2 0 12
1 8 6
2 8 0
3 9 7
t 95 6
m0 0 0
m1 0 12
m2 0 12
1 9 6
2 7 0
3 9 8
t 94 6
m0 0 1
m1 0 12
m2 0 12
1 9 7
2 8 0
3 9 9
t 93 6
m0 0 0
m1 0 12
m2 0 12
1 9 6
2 9 0
3 8 9
t 92 6
m0 0 1
m1 0 12
m2 0 12
1 9 7
2 8 0
3 8 10
t 91 6
m0 0 0
m1 0 12
m2 0 12
1 9 6
2 9 0
3 8 9
t 90 6
m0 0 1
m1 0 12
m2 0 12
1 8 6
2 8 0
3 9 9
t 89 6
m0 0 0
m1 0 12
m2 0 12
1 7 6
2 9 0
3 9 8
t 88 6
m0 0 1
m1 0 12
m2 0 12
1 8 6
2 9 1
3 9 7
t 87 6
m0 0 0
m1 0 12
m2 0 12
1 8 5
2 9 0
3 9 8
t 86 6
m0 0 1
m1 0 12
m2 0 12
1 8 6
2 9 1
3 9 7
t 85 6
m0 0 0
m1 0 12
m2 0 12
1 9 6
2 9 0
3 9 6
t 84 6
m0 0 1
m1 0 12
m2 0 12
1 8 6
2 9 1
3 9 7
t 83 6
m0 0 0
m1 0 12
m2 0 12
1 7 6
2 9 0
3 9 6
t 82 6
m0 0 1
m1 0 12
m2 0 12
1 8 6
2 8 0
3 8 6
t 81 6
m0 0 0
m1 0 12
m2 0 12
1 9 6
2 9 0
3 9 6
t 80 6
m0 0 1
m1 0 12
m2 0 12
1 9 7
2 8 0
3 8 6
t 79 6
m0 0 0
m1 0 12
m2 0 12
1 9 6
2 9 0
3 9 6
t 78 6
m0 0 1
m1 0 12
m2 0 12
1 8 6
2 8 0
3 9 7
t 77 6
m0 0 0
m1 0 12
m2 0 12
1 7 6
2 9 0
3 9 8
t 76 6
m0 0 1
m1 0 12
m2 0 12
1 8 6
2 8 0
3 9 7
t 75 6
m0 0 0
m1 0 12
m2 0 12
1 9 6
2 9 0
3 9 6
t 74 6
m0 0 1
m1 0 12
m2 0 12
1 8 6
2 8 0
3 8 6
t 73 6
m0 0 0
m1 0 12
m2 0 12
1 7 6
2 9 0
3 9 6
t 72 6
m0 0 1
m1 0 12
m2 0 12
1 7 5
2 8 0
3 9 7
t 71 6
m0 0 0
m1 0 12
m2 0 12
1 7 4
2 9 0
3 9 6
t 70 6
m0 0 1
m1 0 12
m2 0 12
1 8 4
2 9 1
3 9 7
t 69 6
m0 0 0
m1 0 12
m2 0 12
1 9 4
2 9 0
3 9 8
t 68 6
m0 0 1
m1 0 12
m2 0 12
1 8 4
2 9 1
3 9 7
t 67 6
m0 0 0
m1 0 12
m2 0 12
1 9 4
2 9 0
3 9 6
t 66 6
m0 0 1
m1 0 12
m2 0 12
1 8 4
2 8 0
3 9 7
t 65 6
m0 0 0
m1 0 12
m2 0 12
1 8 5
2 9 0
3 9 8
t 64 6
m0 0 1
m1 0 12
m2 0 12
1 8 6
2 8 0
3 9 7
t 63 6
m0 0 0
m1 0 12
m2 0 12
1 7 6
2 9 0
3 9 6
t 62 6
m0 0 1
m1 0 12
m2 0 12
1 8 6
2 8 0
3 9 7
t 61 6
m0 0 0
m1 0 12
m2 0 12
1 9 6
2 9 0
3 9 6
t 60 6
m0 0 1
m1 0 12
m2 0 12
1 8 6
2 9 1
3 9 7
t 59 6
m0 0 0
m1 0 12
m2 0 12
1 9 6
2 9 0
3 9 6
t 58 6
m0 0 1
m1 0 12
m2 0 12
1 9 7
2 8 0
3 9 7
t 57 6
m0 0 0
m1 0 12
m2 0 12
1 9 6
2 9 0
3 9 6
t 56 6
m0 0 1
m1 0 12
m2 0 12
1 9 7
2 9 1
3 9 7
t 55 6
m0 0 0
m1 0 12
m2 0 12
1 9 6
2 9 0
3 9 6
t 54 6
m0 0 1
m1 0 12
m2 0 12
1 8 6
2 9 1
3 9 7
t 53 6
m0 0 0
m1 0 12
m2 0 12
1 9 6
2 9 0
3 9 6
t 52 6
m0 0 1
m1 0 12
m2 0 12
1 8 6
2 8 0
3 8 6
t 51 6
m0 0 0
m1 0 12
m2 0 12
1 9 6
2 9 0
3 9 6
t 50 6
m0 0 1
m1 0 12
m2 0 12
1 8 6
2 8 0
3 9 7
t 49 6
m0 0 0
m1 0 12
m2 0 12
1 9 6
2 9 0
3 9 8
t 48 6
m0 0 1
m1 0 12
m2 0 12
1 9 7
2 9 1
3 9 7
t 47 6
m0 0 0
m1 0 12
m2 0 12
1 9 6
2 9 0
3 9 8
t 46 6
m0 0 1
m1 0 12
m2 0 12
1 9 7
2 8 0
3 9 9
t 45 6
m0 0 0
m1 0 12
m2 0 12
1 9 6
2 9 0
3 8 9
t 44 6
m0 0 1
m1 0 12
m2 0 12
1 9 7
2 9 1
3 9 9
t 43 6
m0 0 0
m1 0 12
m2 0 12
1 9 6
2 9 0
3 8 9
t 42 6
m0 0 1
m1 0 12
m2 0 12
1 8 6
2 8 0
3 9 9
t 41 6
m0 0 0
m1 0 12
m2 0 12
1 9 6
2 9 0
3 9 8
t 40 6
m0 0 1
m1 0 12
m2 0 12
1 9 7
2 8 0
3 9 9
t 39 6
m0 0 0
m1 0 12
m2 0 12
1 9 8
2 9 0
3 9 8
t 38 6
m0 0 1
m1 0 12
m2 0 12
1 9 7
2 9 1
3 9 9
t 37 6
m0 0 0
m1 0 12
m2 0 12
1 9 6
2 9 0
3 8 9
t 36 6
m0 0 1
m1 0 12
m2 0 12
1 9 7
2 8 0
3 9 9
t 35 6
m0 0 0
m1 0 12
m2 0 12
1 9 6
2 9 0
3 8 9
t 34 6
m0 0 1
m1 0 12
m2 0 12
1 9 7
2 8 0
3 9 9
t 33 6
m0 0 0
m1 0 12
m2 0 12
1 9 6
2 9 0
3 9 8
t 32 6
m0 0 1
m1 0 12
m2 0 12
1 9 7
2 8 0
3 9 7
t 31 6
m0 0 0
m1 0 12
m2 0 12
1 9 8
2 9 0
3 9 6
t 30 6
m0 0 1
m1 0 12
m2 0 12
1 9 7
2 8 0
3 9 7
t 29 6
m0 0 0
m1 0 12
m2 0 12
1 9 6
2 7 0
3 9 6
t 28 6
m0 0 1
m1 0 12
m2 0 12
1 8 6
2 8 0
3 9 7
t 27 6
m0 0 0
m1 0 12
m2 0 12
1 8 5
2 9 0
3 9 6
t 26 6
m0 0 1
m1 0 12
m2 0 12
1 8 6
2 9 1
3 8 6
t 25 6
m0 0 0
m1 0 12
m2 0 12
1 7 6
2 9 0
3 9 6
t 24 6
m0 0 1
m1 0 12
m2 0 12
1 8 6
2 9 1
3 9 7
t 23 6
m0 0 0
m1 0 12
m2 0 12
1 8 5
2 9 0
3 9 6
t 22 6
m0 0 1
m1 0 12
m2 0 12
1 8 6
2 9 1
3 9 7
t 21 6
m0 0 0
m1 0 12
m2 0 12
1 7 6
2 9 0
3 9 6
t 20 6
m0 0 1
m1 0 12
m2 0 12
1 8 6
2 8 0
3 8 6
t 19 6
m0 0 0
m1 0 12
m2 0 12
1 9 6
2 9 0
3 8 5
t 18 6
m0 0 1
m1 0 12
m2 0 12
1 9 7
2 9 1
3 8 4
t 17 6
m0 0 0
m1 0 12
m2 0 12
1 9 6
2 9 0
3 8 5
t 16 6
m0 0 1
m1 0 12
m2 0 12
1 8 6
2 9 1
3 8 6
t 15 6
m0 0 0
m1 0 12
m2 0 12
1 9 6
2 9 0
3 8 5
t 14 6
m0 0 1
m1 0 12
m2 0 12
1 8 6
2 8 0
3 7 5
t 13 6
m0 0 0
m1 0 12
m2 0 12
1 9 6
2 9 0
3 7 6
t 12 6
m0 0 1
m1 0 12
m2 0 12
1 9 7
2 8 0
3 8 6
t 11 6
m0 0 0
m1 0 12
m2 0 12
1 9 8
2 9 0
3 9 6
t 10 6
m0 0 1
m1 0 12
m2 0 12
1 9 9
2 8 0
3 9 7
t 9 6
m0 0 0
m1 0 12
m2 0 12
1 9 8
2 9 0
3 9 6
t 8 6
m0 0 1
m1 0 12
m2 0 12
1 9 7
2 9 1
3 9 7
t 7 6
m0 0 0
m1 0 12
m2 0 12
1 9 6
2 9 0
3 9 8
t 6 6
m0 0 1
m1 0 12
m2 0 12
1 9 7
2 8 0
3 9 7
t 5 6
m0 0 0
m1 0 12
m2 0 12
1 9 8
2 7 0
3 9 8
t 4 6
m0 0 1
m1 0 12
m2 0 12
1 9 7
2 8 0
3 9 7
t 3 6
m0 0 0
m1 0 12
m2 0 12
1 9 6
2 9 0
3 9 8
t 2 6
m0 0 1
m1 0 12
m2 0 12
1 8 6
2 9 1
3 9 7
t 1 6
m0 0 0
m1 0 12
m2 0 12
1 8 6
2 9 1
3 9 7
t 0 6
