10
15
w 4 7
w 4 8
w 3 11
w 5 1
w 0 3
w 8 5
w 5 8
w 7 2
w 4 9
w 3 3
w 5 5
w 8 10
w 4 13
w 9 11
w 4 1
w 1 1
w 6 4
w 5 4
w 3 13
w 6 11
w 1 13
w 8 11
w 6 0
w 9 10
w 0 5
w 1 9
w 6 12
w 4 11
w 3 5
w 2 7
w 8 3
w 8 12
w 2 11
w 8 8
w 4 3
w 6 13
w 9 12
p 5 9
p 7 3
p 9 1
p 6 6
p 5 6
p 2 8
p 9 8
p 8 0
p 5 13
p 6 2
p 1 6
p 0 10
p 2 12
p 1 11
p 3 14
p 6 14
p 8 14
p 9 0
p 6 7
p 2 9
p 4 4
p 6 3
p 1 5
p 2 13
p 0 11
p 3 6
p 5 0
p 1 10
p 8 6
p 2 2
p 7 10
p 9 7
p 7 14
p 9 14
p 9 3
p 0 12
p 8 7
p 1 0
p 6 5
p 0 1
p 7 0
p 6 8
p 4 6
p 6 1
p 7 13
p 0 13
p 5 7
p 3 1
p 3 8
p 0 6
p 1 8
p 2 0
p 0 9
p 9 5
p 5 2
p 2 4
m0 0 14
m1 0 14
m2 0 14
1 9 0
2 9 0
3 9 0
t 300 0
m0 0 14
m1 0 14
m2 0 14
1 9 1
2 9 1
3 8 0
t 299 0
m0 0 13
m1 0 14
m2 0 14
1 9 2
2 8 1
3 9 0
t 298 1
m0 0 13
m1 0 14
m2 0 14
1 9 1
2 8 2
3 8 0
t 297 1
m0 0 12
m1 0 14
m2 0 14
1 8 1
2 9 2
3 9 0
t 296 2
m0 0 12
m1 0 14
m2 0 14
1 8 2
2 9 1
3 8 0
t 295 2
m0 1 12
m1 0 14
m2 0 14
1 8 1
2 9 0
3 9 0
t 294 2
m0 1 12
m1 0 14
m2 0 14
1 8 2
2 9 1
3 9 1
t 293 2
m0 1 11
m1 0 14
m2 0 14
1 9 2
2 9 0
3 8 1
t 292 3
m0 1 10
m1 0 14
m2 0 14
1 9 1
2 8 0
3 8 2
t 291 4
m0 0 10
m1 0 14
m2 0 14
1 8 1
2 9 0
3 9 2
t 290 5
m0 0 9
m1 0 14
m2 0 14
1 9 1
2 8 0
3 8 2
t 289 6
m0 0 8
m1 0 14
m2 0 14
1 9 2
2 9 0
3 9 2
t 288 6
m0 0 9
m1 0 14
m2 0 14
1 9 1
2 8 0
3 9 3
t 287 6
m0 0 9
m1 0 14
m2 0 14
1 9 0
2 8 1
3 9 2
t 286 6
m0 0 8
m1 0 14
m2 0 14
1 9 1
2 9 1
3 9 3
t 285 6
m0 1 8
m1 0 14
m2 0 14
1 9 0
2 8 1
3 9 2
t 284 7
m0 0 8
m1 0 14
m2 0 14
1 8 0
2 8 0
3 9 1
t 283 7
m0 0 7
m1 1 14
m2 1 14
1 9 0
2 9 0
3 8 1
f 6 10
t 282 7
m0 0 6
m1 2 14
m2 2 14
1 8 0
2 9 1
3 7 1
t 281 8
m0 0 6
m1 3 14
m2 3 14
1 9 0
2 9 0
3 7 0
t 280 9
m0 0 6
m1 4 14
m2 4 14
1 9 1
2 9 1
3 8 0
t 279 9
m0 0 6
m1 5 14
m2 5 14
1 9 0
2 8 1
3 9 0
t 278 9
m0 0 6
m1 6 14
m2 6 14
1 9 1
2 7 1
3 8 0
t 277 10
m0 0 6
m1 7 14
m2 7 14
1 8 1
2 8 1
3 7 0
t 276 11
m0 0 6
m1 7 13
m2 8 14
1 8 2
2 9 1
3 8 0
t 275 13
m0 0 6
m1 7 12
m2 9 14
1 8 1
2 9 0
3 9 0
t 274 14
m0 0 6
m1 7 11
m2 8 14
1 8 2
2 8 0
3 9 1
t 273 14
m0 0 6
m1 7 10
m2 9 14
1 9 2
2 7 0
3 9 0
t 272 15
m0 0 6
m1 6 10
m2 8 14
1 9 3
2 8 0
3 8 0
t 271 25
m0 1 6
m1 6 9
m2 9 14
1 9 4
2 9 0
3 8 1
t 270 26
m0 1 5
m1 7 9
m2 8 14
1 9 5
2 9 1
3 8 0
t 269 27
m0 1 4
m1 6 9
m2 9 14
1 9 4
2 9 0
3 9 0
t 268 27
m0 0 4
m1 7 9
m2 8 14
1 9 5
2 9 1
3 8 0
t 267 27
m0 1 4
m1 6 9
m2 9 14
1 9 6
2 9 0
3 7 0
t 266 27
m0 1 4
m1 7 9
m2 8 14
1 9 5
2 9 1
3 8 0
t 265 27
m0 0 4
m1 6 9
m2 9 14
1 9 6
2 9 0
3 8 1
t 264 27
m0 1 4
m1 7 9
m2 8 14
1 9 5
2 9 1
3 8 0
t 263 27
m0 1 5
m1 6 9
m2 9 14
1 9 6
2 9 0
3 8 1
t 262 27
m0 1 4
m1 7 9
m2 8 14
1 9 7
2 8 0
3 8 2
t 261 27
m0 1 3
m1 6 9
m2 9 14
1 9 6
2 7 0
3 9 2
t 260 27
m0 1 2
m1 7 9
m2 8 14
1 9 7
2 7 1
3 9 3
t 259 27
m0 0 2
m1 6 9
m2 9 14
1 9 6
2 6 1
3 9 2
t 258 27
m0 0 1
m1 7 9
m2 8 14
1 9 7
2 7 1
3 9 1
t 257 28
m0 0 2
m1 6 9
m2 9 14
1 8 7
2 7 0
3 9 0
t 256 28
m0 0 1
m1 7 9
m2 8 14
1 9 7
2 8 0
3 9 1
t 255 28
m0 0 0
m1 6 9
m2 9 14
1 9 6
2 8 1
3 9 2
t 254 28
m0 1 0
m1 7 9
m2 8 14
1 8 6
2 7 1
3 9 3
t 253 29
m0 1 0
m1 6 9
m2 9 14
1 9 6
2 7 0
3 9 4
t 252 29
m0 0 0
m1 7 9
m2 8 14
1 9 7
2 7 1
3 9 3
t 251 29
m0 0 0
m1 6 9
m2 9 14
1 8 7
2 7 0
3 9 2
t 250 29
m0 0 0
m1 7 9
m2 8 14
1 7 7
2 8 0
3 8 2
t 249 29
m0 0 0
m1 6 9
m2 9 14
1 7 8
2 9 0
3 9 2
t 248 29
m0 1 0
m1 7 9
m2 8 14
1 6 8
2 9 1
3 9 3
t 247 29
m0 1 0
m1 -5 -5
m2 9 14
1 6 9
2 8 1
3 9 2
t 246 29
m0 0 0
m1 -5 -5
m2 8 14
1 6 10
2 8 0
3 9 3
t 245 29
m0 0 1
m1 -5 -5
m2 9 14
1 5 10
2 8 1
3 9 4
t 244 29
m0 0 2
m1 -5 -5
m2 8 14
1 5 11
2 7 1
3 9 3
t 243 29
m0 0 1
m1 -5 -5
m2 9 14
1 5 12
2 7 0
3 9 4
t 242 29
m0 0 0
m1 -5 -5
m2 8 14
1 5 11
2 8 0
3 9 5
t 241 29
m0 0 0
m1 -5 -5
m2 9 14
1 5 12
2 7 0
3 9 4
t 240 29
m0 1 0
m1 -5 -5
m2 8 14
1 5 11
2 8 0
3 9 5
t 239 29
m0 0 0
m1 -5 -5
m2 9 14
1 5 12
2 9 0
3 9 6
t 238 29
m0 0 1
m1 -5 -5
m2 8 14
1 5 13
2 9 1
3 8 6
f 1 0
t 237 29
m0 0 2
m1 -5 -5
m2 9 14
1 5 12
2 9 0
3 7 6
t 236 29
m0 0 1
m1 -5 -5
m2 8 14
1 5 13
2 9 1
3 6 6
t 235 29
m0 0 1
m1 -5 -5
m2 9 14
1 5 12
2 8 1
3 7 6
t 234 29
m0 0 0
m1 -5 -5
m2 8 14
1 4 12
2 7 1
3 6 6
t 233 29
m0 0 0
m1 -5 -5
m2 9 14
1 3 12
2 6 1
3 6 7
t 232 29
m0 0 0
m1 -5 -5
m2 8 14
1 2 12
2 6 2
3 7 7
t 231 29
m0 1 0
m1 -5 -5
m2 9 14
1 2 13
2 6 3
3 6 7
t 230 39
m0 2 0
m1 -5 -5
m2 8 14
1 2 12
2 6 2
3 5 7
t 229 40
m0 2 0
m1 -5 -5
m2 9 14
1 1 12
2 6 1
3 6 7
t 228 40
m0 3 0
m1 -5 -5
m2 8 14
1 2 12
2 7 1
3 5 7
t 227 40
m0 3 1
m1 -5 -5
m2 9 14
1 1 12
2 8 1
3 6 7
t 226 41
m0 2 1
m1 -5 -5
m2 8 14
1 0 12
2 8 0
3 5 7
t 225 41
m0 2 2
m1 -5 -5
m2 9 14
1 0 11
2 7 0
3 6 7
t 224 42
m0 2 2
m1 -5 -5
m2 8 14
1 1 11
2 8 0
3 7 7
t 223 42
m0 2 2
m1 -5 -5
m2 9 14
1 1 10
2 8 1
3 6 7
t 222 42
m0 2 2
m1 -5 -5
m2 8 14
1 1 11
2 9 1
3 6 6
t 221 42
m0 3 2
m1 -5 -5
m2 9 14
1 1 12
2 9 0
3 6 7
t 220 42
m0 4 2
m1 -5 -5
m2 8 14
1 1 11
2 8 0
3 6 8
t 219 42
m0 3 2
m1 -5 -5
m2 9 14
1 0 11
2 9 0
3 6 7
t 218 42
m0 3 1
m1 -5 -5
m2 8 14
1 0 10
2 9 1
3 6 6
t 217 42
m0 3 2
m1 -5 -5
m2 9 14
1 1 10
2 9 2
3 6 7
t 216 42
m0 3 1
m1 -5 -5
m2 8 14
1 1 11
2 9 1
3 5 7
t 215 42
m0 3 2
m1 -5 -5
m2 9 14
1 0 11
2 9 0
3 6 7
t 214 42
m0 3 2
m1 -5 -5
m2 8 14
1 1 11
2 9 1
3 6 8
t 213 42
m0 3 2
m1 -5 -5
m2 9 14
1 0 11
2 9 0
3 6 7
t 212 42
m0 3 2
m1 -5 -5
m2 8 14
1 0 12
2 9 1
3 5 7
t 211 42
m0 3 2
m1 -5 -5
m2 9 14
1 1 12
2 9 2
3 6 7
t 210 42
m0 4 2
m1 -5 -5
m2 8 14
1 0 12
2 9 1
3 5 7
t 209 42
m0 5 2
m1 -5 -5
m2 9 14
1 0 11
2 9 0
3 6 7
t 208 43
m0 5 3
m1 -5 -5
m2 8 14
1 0 10
2 8 0
3 7 7
t 207 43
m0 5 3
m1 -5 -5
m2 9 14
1 0 11
2 7 0
3 7 8
t 206 43
m0 6 3
m1 -5 -5
m2 8 14
1 0 12
2 8 0
3 6 8
t 205 44
m0 7 3
m1 -5 -5
m2 9 14
1 0 11
2 9 0
3 7 8
f 0 1
t 204 45
m0 7 3
m1 -5 -5
m2 8 14
1 0 12
2 9 1
3 7 9
t 203 45
m0 7 3
m1 -5 -5
m2 9 14
1 0 11
2 9 2
3 8 9
t 202 45
m0 7 3
m1 -5 -5
m2 8 14
1 0 12
2 9 1
3 7 9
t 201 45
m0 7 3
m1 -5 -5
m2 9 14
1 1 12
2 9 0
3 7 8
t 200 45
m0 7 3
m1 -5 -5
m2 8 14
1 1 11
2 8 0
3 6 8
t 199 45
m0 6 3
m1 -5 -5
m2 9 14
1 1 10
2 9 0
3 7 8
t 198 45
m0 6 2
m1 -5 -5
m2 8 14
1 0 10
2 8 0
3 7 7
t 197 46
m0 6 2
m1 -5 -5
m2 9 14
1 0 11
2 9 0
3 7 6
t 196 46
m0 6 2
m1 -5 -5
m2 8 14
1 0 10
2 9 1
3 7 7
t 195 46
m0 5 2
m1 -5 -5
m2 9 14
1 0 11
2 9 0
3 7 8
t 194 46
m0 5 2
m1 -5 -5
m2 8 14
1 0 12
2 9 1
3 7 7
t 193 46
m0 6 2
m1 -5 -5
m2 9 14
1 1 12
2 9 0
3 7 8
t 192 46
m0 5 2
m1 -5 -5
m2 8 14
1 2 12
2 8 0
3 7 7
t 191 46
m0 5 3
m1 -5 -5
m2 9 14
1 2 13
2 9 0
3 6 7
t 190 46
m0 5 2
m1 -5 -5
m2 8 14
1 2 12
2 9 1
3 5 7
t 189 46
m0 5 2
m1 -5 -5
m2 9 14
1 1 12
2 9 0
3 5 6
t 188 46
m0 5 3
m1 -5 -5
m2 8 14
1 0 12
2 8 0
3 5 7
t 187 46
m0 5 3
m1 -5 -5
m2 9 14
1 0 13
2 7 0
3 6 7
t 186 46
m0 5 2
m1 -5 -5
m2 8 14
1 0 12
2 8 0
3 7 7
t 185 46
m0 4 2
m1 -5 -5
m2 9 14
1 0 13
2 9 0
3 7 6
t 184 46
m0 3 2
m1 -5 -5
m2 8 14
1 0 14
2 8 0
3 7 7
t 183 46
m0 3 2
m1 -5 -5
m2 9 14
1 0 13
2 8 1
3 7 8
t 182 46
m0 3 1
m1 -5 -5
m2 8 14
1 0 12
2 8 0
3 6 8
t 181 46
m0 3 2
m1 -5 -5
m2 9 14
1 0 13
2 7 0
3 6 7
t 180 46
m0 2 2
m1 -5 -5
m2 8 14
1 0 14
2 8 0
3 6 8
t 179 46
m0 1 2
m1 -5 -5
m2 9 14
1 0 13
2 9 0
3 6 9
t 178 46
m0 1 2
m1 -5 -5
m2 8 14
1 0 14
2 8 0
3 7 9
t 177 46
m0 0 2
m1 -5 -5
m2 9 14
1 0 13
2 7 0
3 6 9
t 176 46
m0 0 1
m1 -5 -5
m2 8 14
1 0 14
2 8 0
3 7 9
t 175 56
m0 0 2
m1 -5 -5
m2 9 14
1 0 13
2 9 0
3 6 9
t 174 56
m0 0 2
m1 -5 -5
m2 8 14
1 0 12
2 8 0
3 6 8
t 173 56
m0 1 2
m1 -5 -5
m2 9 14
1 0 13
2 7 0
3 7 8
t 172 56
m0 2 2
m1 -5 -5
m2 8 14
1 0 14
2 8 0
3 7 9
t 171 56
m0 2 1
m1 -5 -5
m2 9 14
1 0 13
2 9 0
3 8 9
t 170 56
m0 3 1
m1 -5 -5
m2 8 14
1 0 12
2 8 0
3 7 9
t 169 56
m0 3 1
m1 -5 -5
m2 9 14
1 0 13
2 9 0
3 7 8
t 168 56
m0 2 1
m1 -5 -5
m2 8 14
1 0 14
2 8 0
3 6 8
t 167 56
m0 2 2
m1 -5 -5
m2 9 14
1 0 13
2 9 0
3 6 7
t 166 56
m0 3 2
m1 -5 -5
m2 8 14
1 0 14
2 8 0
3 5 7
t 165 56
m0 2 2
m1 -5 -5
m2 9 14
1 0 13
2 7 0
3 6 7
t 164 56
m0 2 2
m1 -5 -5
m2 8 14
1 0 12
2 8 0
3 7 7
t 163 56
m0 3 2
m1 -5 -5
m2 9 14
1 1 12
2 9 0
3 7 8
t 162 56
m0 3 2
m1 -5 -5
m2 8 14
1 0 12
2 9 1
3 6 8
t 161 56
m0 2 2
m1 -5 -5
m2 9 14
1 0 11
2 9 2
3 6 7
t 160 56
m0 2 3
m1 -5 -5
m2 8 14
1 0 12
2 9 1
3 6 8
t 159 56
m0 2 3
m1 -5 -5
m2 9 14
1 0 13
2 9 0
3 6 9
t 158 56
m0 1 3
m1 -5 -5
m2 8 14
1 0 12
2 9 1
3 5 9
t 157 56
m0 2 3
m1 -5 -5
m2 9 14
1 0 13
2 8 1
3 6 9
t 156 56
m0 2 3
m1 -5 -5
m2 8 14
1 0 14
2 9 1
3 5 9
t 155 56
m0 1 3
m1 -5 -5
m2 9 14
1 1 14
2 9 2
3 6 9
t 154 56
m0 1 2
m1 -5 -5
m2 8 14
1 0 14
2 8 2
3 6 10
t 153 56
m0 1 3
m1 -5 -5
m2 9 14
1 0 13
2 8 1
3 6 9
t 152 56
m0 1 2
m1 -5 -5
m2 8 14
1 0 12
2 9 1
3 7 9
t 151 56
m0 0 2
m1 -5 -5
m2 9 14
1 0 13
2 9 0
3 6 9
f 7 10
t 150 56
m0 0 2
m1 -5 -5
m2 8 14
1 0 14
2 8 0
3 6 8
t 149 56
m0 0 1
m1 -5 -5
m2 9 14
1 1 14
2 9 0
3 7 8
t 148 56
m0 0 0
m1 -5 -5
m2 8 14
1 0 14
2 9 1
3 7 7
t 147 56
m0 1 0
m1 -5 -5
m2 9 14
1 0 13
2 9 0
3 6 7
t 146 56
m0 1 0
m1 -5 -5
m2 8 14
1 0 14
2 8 0
3 7 7
t 145 56
m0 2 0
m1 -5 -5
m2 9 14
1 1 14
2 7 0
3 6 7
t 144 56
m0 1 0
m1 -5 -5
m2 8 14
1 0 14
2 8 0
3 6 8
t 143 56
m0 0 0
m1 -5 -5
m2 9 14
1 0 13
2 8 1
3 6 7
t 142 56
m0 0 1
m1 -5 -5
m2 8 14
1 0 14
2 8 2
3 6 6
t 141 56
m0 0 0
m1 -5 -5
m2 9 14
1 0 13
2 8 1
3 5 6
t 140 56
m0 1 0
m1 -5 -5
m2 8 14
1 0 12
2 8 0
3 6 6
t 139 56
m0 1 0
m1 -5 -5
m2 9 14
1 0 11
2 9 0
3 6 7
t 138 56
m0 1 0
m1 -5 -5
m2 8 14
1 0 12
2 9 1
3 6 6
t 137 56
m0 0 0
m1 -5 -5
m2 9 14
1 0 13
2 9 2
3 6 7
t 136 56
m0 0 1
m1 -5 -5
m2 8 14
1 0 12
2 9 3
3 6 8
t 135 56
m0 0 0
m1 -5 -5
m2 9 14
1 1 12
2 9 2
3 7 8
t 134 56
m0 0 1
m1 -5 -5
m2 8 14
1 0 12
2 9 3
3 7 7
t 133 56
m0 0 0
m1 -5 -5
m2 9 14
1 0 13
2 9 2
3 6 7
t 132 56
m0 1 0
m1 -5 -5
m2 8 14
1 0 14
2 8 2
3 5 7
t 131 56
m0 0 0
m1 -5 -5
m2 9 14
1 1 14
2 9 2
3 6 7
t 130 56
m0 0 0
m1 -5 -5
m2 8 14
1 0 14
2 9 1
3 6 6
t 129 56
m0 0 1
m1 -5 -5
m2 9 14
1 0 13
2 9 0
3 6 7
t 128 56
m0 0 1
m1 -5 -5
m2 8 14
1 0 12
2 8 0
3 6 8
t 127 56
m0 0 0
m1 -5 -5
m2 9 14
1 0 11
2 9 0
3 6 7
t 126 56
m0 1 0
m1 -5 -5
m2 8 14
1 0 12
2 9 1
3 5 7
t 125 56
m0 2 0
m1 -5 -5
m2 9 14
1 0 11
2 9 0
3 6 7
t 124 56
m0 1 0
m1 -5 -5
m2 8 14
1 1 11
2 9 1
3 5 7
t 123 56
m0 0 0
m1 -5 -5
m2 9 14
1 1 12
2 9 2
3 6 7
t 122 56
m0 0 1
m1 -5 -5
m2 8 14
1 0 12
2 9 1
3 5 7
t 121 56
m0 0 1
m1 -5 -5
m2 9 14
1 0 13
2 9 2
3 5 6
t 120 56
m0 0 1
m1 -5 -5
m2 8 14
1 0 12
2 9 1
3 4 6
t 119 56
m0 0 0
m1 -5 -5
m2 9 14
1 0 13
2 8 1
3 5 6
t 118 56
m0 0 1
m1 -5 -5
m2 8 14
1 0 14
2 9 1
3 5 7
t 117 56
m0 0 0
m1 -5 -5
m2 9 14
1 1 14
2 9 0
3 6 7
t 116 56
m0 0 1
m1 -5 -5
m2 8 14
1 0 14
2 9 1
3 5 7
t 115 56
m0 0 2
m1 -5 -5
m2 9 14
1 0 13
2 9 2
3 6 7
t 114 56
m0 0 2
m1 -5 -5
m2 8 14
1 0 12
2 8 2
3 5 7
t 113 56
m0 0 1
m1 -5 -5
m2 9 14
1 0 13
2 9 2
3 5 6
t 112 56
m0 0 0
m1 -5 -5
m2 8 14
1 0 12
2 8 2
3 6 6
t 111 56
m0 0 0
m1 -5 -5
m2 9 14
1 0 13
2 9 2
3 5 6
t 110 56
m0 0 1
m1 -5 -5
m2 8 14
1 0 12
2 9 3
3 5 7
t 109 56
m0 0 0
m1 -5 -5
m2 9 14
1 1 12
2 9 4
3 5 6
t 108 56
m0 0 0
m1 -5 -5
m2 8 14
1 0 12
2 9 3
3 5 7
t 107 56
m0 0 0
m1 -5 -5
m2 9 14
1 0 11
2 9 4
3 6 7
t 106 56
m0 0 0
m1 -5 -5
m2 8 14
1 0 12
2 9 5
3 6 8
t 105 56
m0 1 0
m1 -5 -5
m2 9 14
1 0 13
2 9 4
3 6 7
t 104 56
m0 2 0
m1 -5 -5
m2 8 14
1 0 14
2 9 3
3 6 8
t 103 56
m0 1 0
m1 -5 -5
m2 9 14
1 1 14
2 9 2
3 6 9
t 102 56
m0 1 0
m1 -5 -5
m2 8 14
1 0 14
2 9 3
3 6 10
t 101 56
m0 1 0
m1 -5 -5
m2 9 14
1 1 14
2 9 2
3 5 10
t 100 56
m0 2 0
m1 -5 -5
m2 8 14
1 0 14
2 9 3
3 4 10
t 99 56
m0 2 0
m1 -5 -5
m2 9 14
1 0 13
2 9 2
3 3 10
t 98 56
m0 1 0
m1 -5 -5
m2 8 14
1 0 14
2 8 2
3 3 9
t 97 56
m0 1 0
m1 -5 -5
m2 9 14
1 0 13
2 9 2
3 3 8
t 96 56
m0 0 0
m1 -5 -5
m2 8 14
1 0 12
2 9 3
3 3 9
t 95 56
m0 0 1
m1 -5 -5
m2 9 14
1 0 13
2 9 4
3 2 9
t 94 56
m0 0 2
m1 -5 -5
m2 8 14
1 0 14
2 9 5
3 2 8
t 93 56
m0 0 1
m1 -5 -5
m2 9 14
1 0 13
2 9 4
3 3 8
t 92 56
m0 0 0
m1 -5 -5
m2 8 14
1 0 14
2 9 3
3 3 9
t 91 56
m0 1 0
m1 -5 -5
m2 9 14
1 0 13
2 9 4
3 3 10
t 90 56
m0 1 0
m1 -5 -5
m2 8 14
1 0 12
2 9 5
3 3 9
t 89 56
m0 1 0
m1 -5 -5
m2 9 14
1 0 13
2 9 4
3 3 8
t 88 56
m0 0 0
m1 -5 -5
m2 8 14
1 0 14
2 9 5
3 3 9
t 87 56
m0 0 0
m1 -5 -5
m2 9 14
1 0 13
2 9 4
3 3 10
t 86 56
m0 1 0
m1 -5 -5
m2 8 14
1 0 12
2 9 5
3 3 9
t 85 56
m0 2 0
m1 -5 -5
m2 9 14
1 0 13
2 9 4
3 3 8
t 84 56
m0 2 1
m1 -5 -5
m2 8 14
1 0 14
2 9 5
3 3 7
t 83 56
m0 2 1
m1 -5 -5
m2 9 14
1 0 13
2 9 6
3 3 8
t 82 56
m0 2 1
m1 -5 -5
m2 8 14
1 0 14
2 9 5
3 3 7
t 81 56
m0 2 0
m1 -5 -5
m2 9 14
1 0 13
2 9 4
3 3 8
t 80 56
m0 1 0
m1 -5 -5
m2 8 14
1 0 12
2 9 3
3 2 8
t 79 56
m0 1 0
m1 -5 -5
m2 9 14
1 0 13
2 9 2
3 3 8
t 78 56
m0 0 0
m1 -5 -5
m2 8 14
1 0 12
2 8 2
3 2 8
t 77 56
m0 0 1
m1 -5 -5
m2 9 14
1 0 13
2 9 2
3 3 8
t 76 56
m0 0 0
m1 -5 -5
m2 8 14
1 0 14
2 9 3
3 2 8
t 75 56
m0 0 0
m1 -5 -5
m2 9 14
1 1 14
2 9 4
3 1 8
t 74 56
m0 0 1
m1 -5 -5
m2 8 14
1 0 14
2 8 4
3 1 7
t 73 56
m0 0 0
m1 -5 -5
m2 9 14
1 0 13
2 9 4
3 1 6
t 72 56
m0 1 0
m1 -5 -5
m2 8 14
1 0 12
2 9 3
3 1 5
t 71 56
m0 1 0
m1 -5 -5
m2 9 14
1 0 11
2 9 2
3 2 5
t 70 56
m0 0 0
m1 -5 -5
m2 8 14
1 0 12
2 8 2
3 2 6
t 69 56
m0 1 0
m1 -5 -5
m2 9 14
1 1 12
2 8 1
3 3 6
t 68 56
m0 1 0
m1 -5 -5
m2 8 14
1 0 12
2 9 1
3 4 6
t 67 56
m0 1 0
m1 -5 -5
m2 9 14
1 1 12
2 9 0
3 5 6
t 66 56
m0 0 0
m1 -5 -5
m2 8 14
1 2 12
2 9 1
3 6 6
t 65 56
m0 1 0
m1 -5 -5
m2 9 14
1 3 12
2 9 2
3 6 7
t 64 56
m0 0 0
m1 -5 -5
m2 8 14
1 2 12
2 8 2
3 5 7
t 63 56
m0 1 0
m1 -5 -5
m2 9 14
1 1 12
2 9 2
3 5 6
t 62 56
m0 0 0
m1 -5 -5
m2 8 14
1 0 12
2 8 2
3 4 6
t 61 56
m0 0 1
m1 -5 -5
m2 9 14
1 1 12
2 9 2
3 5 6
t 60 56
m0 0 1
m1 -5 -5
m2 8 14
1 1 11
2 9 1
3 6 6
t 59 56
m0 0 1
m1 -5 -5
m2 9 14
1 1 10
2 8 1
3 5 6
t 58 56
m0 0 2
m1 -5 -5
m2 8 14
1 2 10
2 8 0
3 6 6
t 57 56
m0 1 2
m1 -5 -5
m2 9 14
1 1 10
2 9 0
3 7 6
t 56 56
m0 0 2
m1 -5 -5
m2 8 14
1 1 11
2 9 1
3 7 7
t 55 56
m0 0 2
m1 -5 -5
m2 9 14
1 0 11
2 9 0
3 7 6
t 54 56
m0 0 2
m1 -5 -5
m2 8 14
1 0 12
2 9 1
3 8 6
t 53 56
m0 1 2
m1 -5 -5
m2 9 14
1 1 12
2 8 1
3 7 6
t 52 56
m0 1 2
m1 -5 -5
m2 8 14
1 0 12
2 8 0
3 7 5
t 51 56
m0 0 2
m1 -5 -5
m2 9 14
1 0 13
2 9 0
3 7 4
t 50 56
m0 0 1
m1 -5 -5
m2 8 14
1 0 12
2 8 0
3 7 5
t 49 56
m0 0 0
m1 -5 -5
m2 9 14
1 1 12
2 9 0
3 6 5
t 48 56
m0 0 0
m1 -5 -5
m2 8 14
1 2 12
2 8 0
3 7 5
t 47 56
m0 1 0
m1 -5 -5
m2 9 14
1 1 12
2 9 0
3 6 5
t 46 56
m0 0 0
m1 -5 -5
m2 8 14
1 2 12
2 8 0
3 6 6
t 45 56
m0 0 0
m1 -5 -5
m2 9 14
1 2 13
2 9 0
3 6 5
t 44 56
m0 0 1
m1 -5 -5
m2 8 14
1 2 12
2 9 1
3 6 6
t 43 56
m0 0 1
m1 -5 -5
m2 9 14
1 1 12
2 9 0
3 6 7
t 42 56
m0 0 1
m1 -5 -5
m2 8 14
1 1 11
2 9 1
3 6 8
t 41 56
m0 0 0
m1 -5 -5
m2 9 14
1 0 11
2 8 1
3 7 8
t 40 56
m0 0 1
m1 -5 -5
m2 8 14
1 0 12
2 8 0
3 7 9
t 39 56
m0 0 2
m1 -5 -5
m2 9 14
1 1 12
2 9 0
3 7 8
t 38 56
m0 0 1
m1 -5 -5
m2 8 14
1 1 11
2 9 1
3 6 8
t 37 56
m0 0 1
m1 -5 -5
m2 9 14
1 0 11
2 8 1
3 7 8
t 36 56
m0 0 0
m1 -5 -5
m2 8 14
1 0 12
2 9 1
3 6 8
t 35 56
m0 0 0
m1 -5 -5
m2 9 14
1 0 11
2 9 0
3 6 7
t 34 56
m0 0 0
m1 -5 -5
m2 8 14
1 0 12
2 8 0
3 6 8
t 33 56
m0 0 0
m1 -5 -5
m2 9 14
1 1 12
2 8 1
3 7 8
t 32 56
m0 1 0
m1 -5 -5
m2 8 14
1 1 11
2 9 1
3 7 7
t 31 56
m0 1 0
m1 -5 -5
m2 9 14
1 1 12
2 8 1
3 6 7
t 30 56
m0 1 0
m1 -5 -5
m2 8 14
1 0 12
2 8 0
3 7 7
t 29 56
m0 1 0
m1 -5 -5
m2 9 14
1 1 12
2 9 0
3 7 8
t 28 56
m0 1 0
m1 -5 -5
m2 8 14
1 0 12
2 9 1
3 7 7
t 27 56
m0 0 0
m1 -5 -5
m2 9 14
1 0 13
2 9 2
3 6 7
t 26 56
m0 0 0
m1 -5 -5
m2 8 14
1 0 14
2 9 1
3 5 7
t 25 56
m0 0 1
m1 -5 -5
m2 9 14
1 1 14
2 9 0
3 5 6
t 24 56
m0 0 0
m1 -5 -5
m2 8 14
1 0 14
2 8 0
3 5 7
t 23 56
m0 1 0
m1 -5 -5
m2 9 14
1 0 13
2 8 1
3 6 7
t 22 56
m0 0 0
m1 -5 -5
m2 8 14
1 0 12
2 8 2
3 5 7
t 21 56
m0 0 1
m1 -5 -5
m2 9 14
1 1 12
2 8 1
3 5 6
t 20 56
m0 0 0
m1 -5 -5
m2 8 14
1 0 12
2 8 0
3 4 6
t 19 56
m0 0 1
m1 -5 -5
m2 9 14
1 0 13
2 9 0
3 5 6
t 18 56
m0 0 0
m1 -5 -5
m2 8 14
1 0 14
2 9 1
3 5 7
t 17 56
m0 1 0
m1 -5 -5
m2 9 14
1 1 14
2 9 0
3 5 6
t 16 56
m0 1 0
m1 -5 -5
m2 8 14
1 2 14
2 9 1
3 5 7
t 15 56
m0 1 0
m1 -5 -5
m2 9 14
1 2 13
2 9 0
3 5 6
t 14 56
m0 1 0
m1 -5 -5
m2 8 14
1 2 14
2 8 0
3 5 7
t 13 56
m0 2 0
m1 -5 -5
m2 9 14
1 1 14
2 9 0
3 6 7
t 12 56
m0 1 0
m1 -5 -5
m2 8 14
1 0 14
2 9 1
3 5 7
t 11 56
m0 0 0
m1 -5 -5
m2 9 14
1 1 14
2 9 2
3 6 7
t 10 56
m0 0 0
m1 -5 -5
m2 8 14
1 0 14
2 9 1
3 5 7
t 9 56
m0 1 0
m1 -5 -5
m2 9 14
1 0 13
2 9 2
3 6 7
t 8 56
m0 1 0
m1 -5 -5
m2 8 14
1 0 14
2 9 3
3 7 7
t 7 56
m0 2 0
m1 -5 -5
m2 9 14
1 1 14
2 9 2
3 7 6
t 6 56
m0 1 0
m1 -5 -5
m2 8 14
1 2 14
2 9 3
3 7 5
t 5 56
m0 0 0
m1 -5 -5
m2 9 14
1 3 14
2 9 2
3 7 6
t 4 56
m0 0 0
m1 -5 -5
m2 8 14
1 2 14
2 9 1
3 7 7
t 3 56
m0 1 0
m1 -5 -5
m2 9 14
1 1 14
2 9 2
3 7 8
t 2 56
m0 2 0
m1 -5 -5
m2 8 14
1 0 14
2 9 3
3 7 7
t 1 56
m0 1 0
m1 -5 -5
m2 9 14
1 0 14
2 9 3
3 7 7
t 0 56
