10
15
w 6 9
w 1 3
w 5 6
w 5 13
w 7 7
w 8 9
w 6 2
w 2 12
w 3 7
w 7 11
w 5 8
w 8 14
w 5 5
w 2 9
w 8 1
w 1 14
w 9 7
w 4 10
w 3 2
w 5 4
w 9 14
w 6 4
w 7 14
w 5 11
w 3 13
w 8 11
w 7 5
w 9 6
w 3 5
w 8 3
w 6 1
w 3 1
w 2 11
w 3 8
w 1 7
w 5 2
w 2 4
p 7 3
p 4 7
p 8 13
p 6 6
p 3 0
p 2 8
p 2 1
p 4 12
p 1 6
p 0 10
p 9 4
p 0 3
p 1 11
p 8 5
p 6 14
p 1 2
p 9 0
p 4 9
p 3 3
p 6 7
p 7 6
p 6 10
p 5 12
p 8 10
p 4 13
p 0 11
p 9 11
p 2 2
p 1 10
p 8 6
p 4 1
p 0 0
p 7 1
p 6 11
p 1 13
p 4 14
p 0 12
p 3 9
p 2 3
p 0 5
p 0 8
p 6 5
p 0 1
p 2 7
p 7 8
p 6 8
p 1 12
p 9 2
p 7 13
p 9 9
p 1 8
p 6 13
p 4 3
p 0 9
p 3 4
p 9 12
m0 0 14
m1 0 14
m2 0 14
1 9 0
2 9 0
3 9 0
t 300 0
m0 0 14
m1 0 14
m2 0 13
1 8 0
2 9 1
3 9 1
t 299 0
m0 0 14
m1 0 13
m2 1 13
1 9 0
2 9 0
3 9 2
t 298 1
m0 0 13
m1 0 14
m2 2 13
1 9 1
2 8 0
3 9 1
t 297 1
m0 0 14
m1 0 14
m2 2 13
1 9 0
2 9 0
3 9 2
t 296 1
m0 0 14
m1 0 14
m2 2 13
1 8 0
2 8 0
3 9 3
t 295 1
m0 0 14
m1 0 14
m2 2 13
1 7 0
2 7 0
3 9 4
t 294 1
m0 0 13
m1 0 14
m2 2 14
1 8 0
2 6 0
3 9 3
t 293 1
m0 1 13
m1 0 14
m2 3 14
1 9 0
2 7 0
3 9 4
t 292 1
m0 2 13
m1 0 13
m2 4 14
1 9 1
2 8 0
3 8 4
f 7 2
t 291 2
m0 2 13
m1 0 12
m2 5 14
1 9 2
2 7 0
3 8 5
t 290 3
m0 1 13
m1 0 12
m2 6 14
1 9 1
2 8 0
3 8 4
t 289 4
m0 0 13
m1 0 13
m2 6 14
1 9 0
2 9 0
3 8 5
t 288 4
m0 0 14
m1 0 14
m2 6 13
1 8 0
2 8 0
3 8 4
t 287 5
m0 0 13
m1 0 13
m2 7 13
1 9 0
2 7 0
3 9 4
t 286 6
m0 1 13
m1 0 13
m2 8 13
1 8 0
2 6 0
3 9 3
t 285 7
m0 1 12
m1 0 14
m2 9 13
1 7 0
2 7 0
3 9 2
t 284 8
m0 0 12
m1 0 14
m2 9 13
1 6 0
2 6 0
3 9 1
t 283 8
m0 0 13
m1 0 13
m2 9 12
1 5 0
2 5 0
3 9 0
t 282 9
m0 1 13
m1 0 12
m2 9 11
1 6 0
2 4 0
3 8 0
t 281 10
m0 0 13
m1 1 12
m2 9 10
1 5 0
2 5 0
3 7 0
t 280 10
m0 0 14
m1 1 13
m2 9 9
1 6 0
2 6 0
3 8 0
t 279 11
m0 0 13
m1 1 12
m2 9 8
1 5 0
2 5 0
3 7 0
t 278 11
m0 0 12
m1 1 13
m2 9 8
1 4 0
2 4 0
3 6 0
t 277 11
m0 0 13
m1 2 13
m2 9 8
1 3 0
2 3 0
3 5 0
t 276 11
m0 0 13
m1 2 13
m2 9 8
1 2 0
2 2 0
3 5 1
t 275 11
m0 0 13
m1 2 13
m2 9 8
1 3 0
2 1 0
3 5 0
t 274 11
m0 1 13
m1 2 14
m2 9 8
1 2 0
2 2 0
3 5 1
t 273 11
m0 2 13
m1 3 14
m2 9 8
1 2 1
2 1 0
3 5 0
t 272 11
m0 2 14
m1 2 14
m2 9 8
1 1 1
2 0 0
3 4 0
t 271 11
m0 2 14
m1 2 13
m2 9 8
1 2 1
2 0 1
3 3 0
t 270 11
m0 2 14
m1 2 13
m2 9 8
1 1 1
2 0 0
3 4 0
t 269 11
m0 2 14
m1 2 14
m2 9 8
1 0 1
2 1 0
3 4 1
t 268 11
m0 2 13
m1 3 14
m2 9 8
1 0 0
2 1 1
3 4 0
t 267 11
m0 2 14
m1 4 14
m2 9 8
1 0 1
2 2 1
3 3 0
t 266 11
m0 2 13
m1 4 14
m2 9 8
1 0 0
2 2 2
3 2 0
t 265 11
m0 1 13
m1 5 14
m2 9 8
1 0 1
2 2 1
3 3 0
t 264 11
m0 2 13
m1 6 14
m2 9 8
1 0 0
2 2 0
3 4 0
t 263 11
m0 1 13
m1 6 14
m2 9 8
1 0 1
2 3 0
3 4 1
t 262 11
m0 1 12
m1 6 14
m2 9 8
1 0 2
2 4 0
3 4 0
t 261 11
m0 1 12
m1 5 14
m2 9 8
1 1 2
2 4 1
3 3 0
t 260 11
m0 0 12
m1 6 14
m2 9 8
1 2 2
2 4 0
3 2 0
t 259 11
m0 0 13
m1 5 14
m2 9 8
1 1 2
2 3 0
3 3 0
t 258 11
m0 0 14
m1 6 14
m2 9 8
1 1 1
2 4 0
3 2 0
t 257 11
m0 0 14
m1 5 14
m2 9 8
1 2 1
2 3 0
3 2 1
t 256 11
m0 0 14
m1 5 14
m2 9 8
1 2 0
2 2 0
3 2 0
t 255 11
m0 0 13
m1 5 14
m2 9 8
1 3 0
2 1 0
3 3 0
t 254 11
m0 1 13
m1 6 14
m2 9 8
1 4 0
2 2 0
3 2 0
t 253 11
m0 1 13
m1 6 13
m2 9 8
1 5 0
2 3 0
3 1 0
t 252 11
m0 1 13
m1 6 14
m2 9 8
1 4 0
2 2 0
3 0 0
t 251 11
m0 2 13
m1 5 14
m2 9 8
1 3 0
2 1 0
3 0 1
t 250 11
m0 2 14
m1 6 14
m2 9 8
1 2 0
2 0 0
3 0 0
t 249 11
m0 2 14
m1 6 14
m2 9 8
1 1 0
2 0 1
3 0 1
t 248 11
m0 2 13
m1 6 14
m2 9 8
1 0 0
2 0 2
3 0 2
t 247 11
m0 2 14
m1 6 13
m2 9 8
1 0 1
2 0 1
3 0 1
t 246 11
m0 2 13
m1 6 14
m2 9 8
1 0 0
2 0 0
3 0 0
t 245 11
m0 2 14
m1 6 14
m2 9 8
1 1 0
2 0 1
3 0 1
t 244 11
m0 3 14
m1 6 13
m2 9 8
1 2 0
2 1 1
3 0 0
t 243 11
m0 4 14
m1 7 13
m2 9 8
1 1 0
2 1 0
3 0 1
t 242 11
m0 4 13
m1 7 13
m2 9 8
1 0 0
2 2 0
3 0 0
t 241 12
m0 4 12
m1 8 13
m2 9 8
1 1 0
2 1 0
3 0 1
t 240 13
m0 4 13
m1 9 13
m2 8 8
1 2 0
2 0 0
3 0 2
t 239 13
m0 4 14
m1 9 13
m2 8 7
1 1 0
2 1 0
3 0 1
t 238 13
m0 5 14
m1 9 13
m2 8 6
1 1 1
2 0 0
3 0 2
t 237 14
m0 6 14
m1 9 13
m2 8 5
1 1 0
2 0 1
3 1 2
t 236 15
m0 5 14
m1 9 12
m2 8 4
1 0 0
2 0 2
3 0 2
t 235 15
m0 4 14
m1 9 12
m2 7 4
1 0 1
2 0 1
3 0 1
t 234 15
m0 4 13
m1 9 13
m2 7 3
1 0 0
2 0 2
3 0 0
t 233 16
m0 4 13
m1 9 12
m2 7 2
1 1 0
2 0 1
3 1 0
t 232 26
m0 4 13
m1 9 12
m2 7 1
1 0 0
2 0 2
3 0 0
t 231 27
m0 4 14
m1 9 11
m2 7 0
1 0 1
2 0 3
3 0 1
t 230 27
m0 3 14
m1 9 12
m2 6 0
1 0 2
2 0 4
3 0 2
t 229 27
m0 4 14
m1 9 13
m2 6 0
1 0 3
2 0 5
3 0 3
t 228 27
m0 4 13
m1 9 13
m2 7 0
1 0 4
2 0 4
3 0 2
t 227 27
m0 4 14
m1 9 12
m2 6 0
1 0 5
2 0 5
3 0 3
t 226 27
m0 5 14
m1 9 12
m2 6 0
1 0 6
2 0 6
3 0 4
t 225 27
m0 4 14
m1 9 11
m2 5 0
1 1 6
2 0 7
3 0 5
t 224 27
m0 5 14
m1 9 10
m2 4 0
1 0 6
2 0 8
3 1 5
t 223 27
m0 5 14
m1 9 9
m2 3 0
1 0 7
2 0 7
3 0 5
f 9 5
t 222 28
m0 5 14
m1 9 8
m2 2 0
1 0 8
2 0 8
3 0 6
t 221 28
m0 5 14
m1 9 8
m2 1 0
1 0 9
2 0 9
3 0 5
t 220 28
m0 5 14
m1 8 8
m2 0 0
1 1 9
2 1 9
3 1 5
t 219 29
m0 5 14
m1 9 8
m2 0 0
1 0 9
2 1 8
3 2 5
t 218 29
m0 5 14
m1 9 8
m2 0 0
1 0 10
2 1 9
3 2 6
t 217 29
m0 4 14
m1 9 8
m2 0 0
1 0 9
2 0 9
3 3 6
t 216 29
m0 3 14
m1 9 8
m2 0 0
1 0 8
2 0 10
3 2 6
t 215 29
m0 2 14
m1 8 8
m2 0 0
1 1 8
2 0 9
3 3 6
t 214 29
m0 3 14
m1 9 8
m2 0 0
1 0 8
2 0 8
3 2 6
t 213 29
m0 2 14
m1 9 8
m2 0 0
1 0 9
2 0 9
3 3 6
t 212 29
m0 2 14
m1 9 8
m2 0 0
1 0 8
2 0 8
3 2 6
t 211 29
m0 3 14
m1 9 9
m2 0 0
1 0 9
2 1 8
3 2 7
t 210 29
m0 2 14
m1 9 8
m2 0 0
1 0 10
2 0 8
3 2 6
t 209 29
m0 2 13
m1 9 8
m2 0 0
1 1 10
2 0 7
3 3 6
t 208 29
m0 2 14
m1 9 9
m2 0 0
1 0 10
2 0 8
3 2 6
t 207 29
m0 2 13
m1 9 8
m2 0 0
1 0 9
2 0 7
3 3 6
t 206 29
m0 2 14
m1 9 8
m2 0 0
1 0 8
2 0 8
3 2 6
t 205 29
m0 2 14
m1 9 9
m2 0 0
1 1 8
2 0 7
3 3 6
t 204 29
m0 3 14
m1 9 8
m2 0 0
1 0 8
2 0 6
3 2 6
t 203 29
m0 4 14
m1 9 8
m2 0 0
1 0 9
2 0 7
3 3 6
t 202 29
m0 3 14
m1 8 8
m2 0 0
1 0 8
2 0 6
3 2 6
t 201 29
m0 3 14
m1 8 7
m2 0 0
1 1 8
2 0 7
3 2 5
t 200 29
m0 2 14
m1 8 7
m2 0 0
1 0 8
2 0 8
3 2 6
t 199 29
m0 2 13
m1 8 7
m2 0 0
1 0 7
2 0 7
3 1 6
t 198 29
m0 2 14
m1 8 7
m2 0 0
1 0 8
2 0 8
3 2 6
t 197 29
m0 2 14
m1 8 7
m2 0 0
1 0 7
2 0 7
3 2 5
t 196 29
m0 3 14
m1 8 6
m2 0 0
1 0 8
2 0 8
3 1 5
t 195 29
m0 3 14
m1 8 7
m2 0 0
1 0 9
2 0 9
3 2 5
t 194 29
m0 3 14
m1 8 7
m2 0 0
1 0 10
2 0 10
3 2 6
t 193 29
m0 2 14
m1 8 8
m2 0 0
1 0 9
2 0 11
3 2 5
t 192 29
m0 2 13
m1 9 8
m2 0 0
1 0 8
2 0 10
3 2 6
t 191 29
m0 2 14
m1 9 8
m2 0 0
1 1 8
2 0 9
3 3 6
t 190 29
m0 3 14
m1 9 8
m2 0 0
1 0 8
2 0 8
3 4 6
t 189 29
m0 2 14
m1 9 9
m2 0 0
1 0 7
2 1 8
3 4 5
t 188 29
m0 2 14
m1 9 8
m2 0 0
1 0 8
2 2 8
3 4 4
t 187 29
m0 3 14
m1 9 8
m2 0 0
1 0 9
2 2 7
3 4 5
t 186 29
m0 2 14
m1 8 8
m2 0 0
1 0 8
2 2 6
3 4 4
t 185 29
m0 2 14
m1 8 8
m2 0 0
1 0 7
2 2 5
3 4 3
t 184 29
m0 3 14
m1 9 8
m2 0 0
1 0 8
2 2 6
3 5 3
t 183 29
m0 2 14
m1 9 8
m2 0 0
1 0 9
2 3 6
3 6 3
t 182 29
m0 3 14
m1 8 8
m2 0 0
1 0 8
2 2 6
3 5 3
t 181 29
m0 3 14
m1 9 8
m2 0 0
1 1 8
2 2 7
3 6 3
t 180 29
m0 3 14
m1 9 8
m2 0 0
1 2 8
2 2 6
3 5 3
t 179 29
m0 2 14
m1 9 9
m2 0 0
1 1 8
2 3 6
3 6 3
t 178 29
m0 2 14
m1 9 8
m2 0 0
1 0 8
2 2 6
3 5 3
t 177 29
m0 3 14
m1 9 8
m2 0 0
1 0 9
2 2 7
3 6 3
t 176 29
m0 3 14
m1 9 8
m2 0 0
1 0 10
2 2 6
3 5 3
t 175 29
m0 4 14
m1 9 8
m2 0 0
1 0 9
2 3 6
3 6 3
t 174 29
m0 3 14
m1 9 8
m2 0 0
1 0 8
2 2 6
3 5 3
t 173 29
m0 4 14
m1 9 9
m2 0 0
1 0 9
2 2 7
3 6 3
t 172 29
m0 4 13
m1 9 9
m2 0 0
1 0 10
2 2 6
3 7 3
t 171 29
m0 4 13
m1 9 8
m2 0 0
1 0 9
2 3 6
3 7 2
t 170 29
m0 4 13
m1 9 9
m2 0 0
1 0 8
2 2 6
3 8 2
t 169 29
m0 4 14
m1 9 8
m2 0 0
1 0 9
2 3 6
3 7 2
t 168 29
m0 4 14
m1 8 8
m2 0 0
1 0 10
2 2 6
3 7 1
t 167 29
m0 4 13
m1 8 7
m2 0 0
1 0 9
2 2 5
3 7 0
t 166 29
m0 4 14
m1 8 7
m2 0 0
1 0 10
2 2 6
3 7 1
t 165 29
m0 3 14
m1 8 6
m2 0 0
1 0 9
2 2 5
3 7 0
t 164 29
m0 4 14
m1 8 6
m2 0 0
1 0 10
2 1 5
3 6 0
t 163 29
m0 3 14
m1 8 7
m2 0 0
1 0 9
2 2 5
3 7 0
t 162 29
m0 2 14
m1 8 6
m2 0 0
1 0 8
2 2 6
3 8 0
t 161 29
m0 2 14
m1 8 7
m2 0 0
1 0 7
2 2 5
3 9 0
t 160 29
m0 2 14
m1 8 7
m2 0 0
1 0 8
2 2 6
3 9 1
t 159 29
m0 3 14
m1 8 6
m2 0 0
1 0 9
2 2 5
3 9 0
t 158 29
m0 3 14
m1 8 5
m2 0 0
1 0 8
2 2 6
3 8 0
t 157 29
m0 3 14
m1 9 5
m2 0 0
1 0 9
2 2 7
3 7 0
t 156 39
m0 3 14
m1 8 5
m2 0 0
1 0 8
2 2 6
3 6 0
t 155 39
m0 3 14
m1 8 5
m2 0 0
1 1 8
2 2 7
3 7 0
t 154 39
m0 4 14
m1 8 5
m2 0 0
1 1 9
2 2 8
3 6 0
t 153 39
m0 5 14
m1 9 5
m2 0 0
1 0 9
2 1 8
3 7 0
t 152 39
m0 4 14
m1 9 5
m2 0 0
1 0 10
2 1 9
3 8 0
t 151 39
m0 5 14
m1 8 5
m2 0 0
1 0 9
2 1 10
3 9 0
t 150 39
m0 5 14
m1 9 5
m2 0 0
1 1 9
2 1 9
3 8 0
t 149 39
m0 6 14
m1 9 5
m2 0 0
1 1 10
2 1 8
3 7 0
t 148 39
m0 6 14
m1 9 5
m2 0 0
1 0 10
2 2 8
3 8 0
t 147 39
m0 5 14
m1 8 5
m2 0 0
1 0 11
2 1 8
3 7 0
t 146 39
m0 5 14
m1 8 5
m2 0 0
1 0 10
2 2 8
3 6 0
t 145 39
m0 5 14
m1 8 4
m2 0 0
1 0 9
2 2 7
3 7 0
t 144 39
m0 4 14
m1 8 4
m2 0 0
1 0 10
2 2 8
3 6 0
t 143 39
m0 5 14
m1 8 4
m2 0 0
1 0 9
2 2 7
3 5 0
t 142 39
m0 4 14
m1 8 5
m2 0 0
1 0 10
2 2 8
3 5 1
t 141 39
m0 4 13
m1 9 5
m2 0 0
1 0 9
2 2 7
3 5 0
f 9 13
t 140 39
m0 4 14
m1 8 5
m2 0 0
1 0 10
2 2 6
3 5 1
t 139 39
m0 4 14
m1 9 5
m2 0 0
1 0 9
2 2 7
3 5 0
t 138 39
m0 3 14
m1 9 5
m2 0 0
1 0 8
2 2 6
3 6 0
t 137 39
m0 2 14
m1 9 5
m2 0 0
1 0 9
2 1 6
3 7 0
t 136 39
m0 2 13
m1 9 5
m2 0 0
1 0 8
2 2 6
3 8 0
t 135 39
m0 2 13
m1 8 5
m2 0 0
1 0 7
2 1 6
3 9 0
t 134 39
m0 2 14
m1 8 5
m2 0 0
1 0 8
2 2 6
3 9 1
t 133 39
m0 2 13
m1 9 5
m2 0 0
1 0 7
2 1 6
3 9 0
t 132 39
m0 2 14
m1 9 5
m2 0 0
1 0 8
2 2 6
3 8 0
t 131 39
m0 2 13
m1 9 5
m2 0 0
1 0 7
2 3 6
3 7 0
t 130 39
m0 2 14
m1 9 4
m2 0 0
1 0 8
2 2 6
3 6 0
t 129 40
m0 3 14
m1 9 4
m2 0 0
1 0 9
2 3 6
3 7 0
t 128 40
m0 3 14
m1 8 4
m2 0 0
1 0 8
2 2 6
3 6 0
t 127 40
m0 2 14
m1 8 4
m2 0 0
1 1 8
2 1 6
3 5 0
t 126 40
m0 3 14
m1 8 5
m2 0 0
1 0 8
2 2 6
3 6 0
t 125 40
m0 4 14
m1 9 5
m2 0 0
1 0 9
2 2 7
3 7 0
t 124 40
m0 4 13
m1 9 4
m2 0 0
1 0 8
2 2 6
3 6 0
t 123 40
m0 4 13
m1 9 5
m2 0 0
1 0 9
2 2 7
3 7 0
t 122 40
m0 4 12
m1 9 4
m2 0 0
1 0 8
2 2 6
3 6 0
t 121 40
m0 4 13
m1 9 4
m2 0 0
1 0 9
2 3 6
3 7 0
t 120 40
m0 4 12
m1 8 4
m2 0 0
1 0 8
2 2 6
3 6 0
t 119 40
m0 3 12
m1 8 4
m2 0 0
1 0 9
2 2 5
3 5 0
t 118 40
m0 4 12
m1 8 4
m2 0 0
1 0 8
2 2 6
3 6 0
t 117 40
m0 4 11
m1 8 4
m2 0 0
1 0 7
2 2 5
3 7 0
t 116 40
m0 4 11
m1 9 4
m2 0 0
1 0 8
2 2 6
3 6 0
t 115 40
m0 3 11
m1 8 4
m2 0 0
1 0 7
2 2 5
3 7 0
t 114 40
m0 3 10
m1 9 4
m2 0 0
1 0 6
2 2 6
3 6 0
t 113 40
m0 3 11
m1 9 4
m2 0 0
1 0 7
2 2 5
3 7 0
t 112 40
m0 3 12
m1 9 5
m2 0 0
1 0 8
2 2 6
3 7 1
t 111 40
m0 4 12
m1 9 5
m2 0 0
1 0 7
2 2 5
3 7 0
t 110 40
m0 5 12
m1 9 4
m2 0 0
1 0 8
2 2 6
3 6 0
t 109 41
m0 5 12
m1 8 4
m2 0 0
1 0 9
2 2 7
3 7 0
t 108 41
m0 5 12
m1 9 4
m2 0 0
1 0 10
2 2 6
3 6 0
t 107 41
m0 4 12
m1 9 4
m2 0 0
1 0 9
2 1 6
3 7 0
t 106 41
m0 4 12
m1 8 4
m2 0 0
1 0 8
2 2 6
3 6 0
t 105 41
m0 3 12
m1 8 5
m2 0 0
1 0 7
2 1 6
3 7 0
t 104 41
m0 3 12
m1 9 5
m2 0 0
1 0 8
2 2 6
3 6 0
t 103 41
m0 3 11
m1 9 4
m2 0 0
1 0 7
2 1 6
3 7 0
t 102 41
m0 3 12
m1 8 4
m2 0 0
1 0 8
2 0 6
3 6 0
t 101 41
m0 3 11
m1 8 4
m2 0 0
1 0 7
2 0 7
3 5 0
t 100 41
m0 4 11
m1 9 4
m2 0 0
1 0 8
2 0 6
3 6 0
t 99 41
m0 4 11
m1 9 4
m2 0 0
1 0 9
2 1 6
3 7 0
t 98 41
m0 4 12
m1 8 4
m2 0 0
1 0 8
2 2 6
3 6 0
t 97 41
m0 4 11
m1 8 4
m2 0 0
1 0 7
2 2 5
3 7 0
t 96 41
m0 4 12
m1 9 4
m2 0 0
1 0 8
2 2 6
3 6 0
t 95 41
m0 4 11
m1 9 4
m2 0 0
1 0 7
2 2 5
3 7 0
t 94 41
m0 4 12
m1 9 4
m2 0 0
1 0 8
2 2 6
3 6 0
t 93 41
m0 5 12
m1 9 4
m2 0 0
1 0 9
2 3 6
3 7 0
t 92 41
m0 5 12
m1 9 4
m2 0 0
1 0 8
2 2 6
3 6 0
t 91 41
m0 4 12
m1 9 4
m2 0 0
1 0 9
2 2 5
3 7 0
t 90 41
m0 3 12
m1 9 4
m2 0 0
1 0 8
2 2 6
3 6 0
t 89 41
m0 3 11
m1 8 4
m2 0 0
1 0 7
2 2 5
3 7 0
t 88 41
m0 3 11
m1 9 4
m2 0 0
1 0 6
2 2 6
3 6 0
t 87 41
m0 3 12
m1 9 5
m2 0 0
1 0 7
2 2 5
3 7 0
t 86 41
m0 4 12
m1 9 4
m2 0 0
1 0 8
2 2 6
3 6 0
t 85 41
m0 3 12
m1 8 4
m2 0 0
1 0 7
2 1 6
3 5 0
t 84 41
m0 3 12
m1 9 4
m2 0 0
1 0 6
2 2 6
3 6 0
t 83 41
m0 3 11
m1 9 4
m2 0 0
1 0 7
2 2 5
3 7 0
t 82 41
m0 3 12
m1 9 4
m2 0 0
1 0 8
2 2 6
3 6 0
t 81 41
m0 3 11
m1 9 4
m2 0 0
1 0 7
2 2 5
3 7 0
t 80 41
m0 3 11
m1 9 4
m2 0 0
1 0 8
2 2 6
3 6 0
t 79 41
m0 3 10
m1 9 4
m2 0 0
1 0 7
2 1 6
3 7 0
t 78 41
m0 3 10
m1 9 3
m2 0 0
1 0 8
2 1 5
3 6 0
t 77 41
m0 3 10
m1 9 4
m2 0 0
1 0 7
2 2 5
3 7 0
t 76 41
m0 2 10
m1 8 4
m2 0 0
1 0 6
2 1 5
3 6 0
t 75 41
m0 1 10
m1 8 4
m2 0 0
1 0 5
2 1 4
3 5 0
t 74 42
m0 0 10
m1 8 5
m2 1 0
1 1 5
2 0 4
3 5 1
t 73 43
m0 0 11
m1 8 6
m2 2 0
1 0 5
2 0 5
3 4 1
t 72 44
m0 0 11
m1 8 7
m2 2 0
1 0 4
2 0 4
3 5 1
t 71 44
m0 0 10
m1 8 6
m2 2 0
1 0 5
2 1 4
3 4 1
t 70 44
m0 0 9
m1 8 5
m2 2 0
1 0 4
2 1 5
3 5 1
t 69 45
m0 1 9
m1 8 4
m2 2 0
1 0 3
2 2 5
3 4 1
t 68 45
m0 1 8
m1 8 4
m2 3 0
1 0 2
2 2 6
3 5 1
t 67 46
m0 1 8
m1 8 5
m2 3 0
1 0 3
2 3 6
3 5 0
t 66 46
m0 2 8
m1 9 5
m2 4 0
1 0 2
2 4 6
3 6 0
t 65 47
m0 2 7
m1 9 5
m2 5 0
1 0 3
2 4 5
3 7 0
t 64 48
m0 2 7
m1 9 5
m2 4 0
1 0 2
2 4 4
3 8 0
t 63 48
m0 2 8
m1 9 5
m2 4 0
1 0 3
2 4 5
3 9 0
t 62 48
m0 1 8
m1 9 5
m2 3 0
1 0 2
2 4 4
3 8 0
t 61 48
m0 1 8
m1 9 5
m2 4 0
1 0 3
2 4 5
3 9 0
t 60 48
m0 2 8
m1 9 5
m2 4 0
1 0 2
2 4 4
3 8 0
t 59 48
m0 2 7
m1 9 5
m2 5 0
1 0 1
2 4 5
3 9 0
t 58 48
m0 2 6
m1 9 5
m2 5 0
1 0 2
2 4 4
3 9 1
t 57 48
m0 2 5
m1 9 4
m2 5 0
1 0 1
2 4 3
3 9 0
t 56 48
m0 2 5
m1 8 4
m2 4 0
1 0 2
2 5 3
3 8 0
t 55 48
m0 1 5
m1 9 4
m2 5 0
1 0 1
2 4 3
3 9 0
t 54 48
m0 1 6
m1 9 5
m2 4 0
1 0 2
2 4 4
3 8 0
t 53 49
m0 1 5
m1 9 4
m2 5 0
1 0 1
2 4 3
3 9 0
t 52 49
m0 1 4
m1 9 5
m2 6 0
1 0 0
2 5 3
3 9 1
t 51 49
m0 0 4
m1 9 5
m2 5 0
1 1 0
2 6 3
3 9 0
t 50 49
m0 0 4
m1 9 5
m2 5 0
1 0 0
2 7 3
3 9 1
t 49 49
m0 0 3
m1 9 5
m2 6 0
1 1 0
2 7 4
3 9 0
t 48 50
m0 0 3
m1 9 5
m2 5 0
1 2 0
2 7 3
3 9 1
t 47 50
m0 0 2
m1 9 5
m2 6 0
1 1 0
2 7 4
3 9 2
t 46 50
m0 0 1
m1 9 5
m2 7 0
1 2 0
2 7 3
3 9 1
t 45 51
m0 0 1
m1 9 5
m2 6 0
1 3 0
2 6 3
3 9 0
t 44 51
m0 0 2
m1 9 5
m2 6 0
1 2 0
2 5 3
3 9 1
t 43 51
m0 0 2
m1 9 5
m2 6 0
1 1 0
2 4 3
3 9 0
t 42 51
m0 0 1
m1 9 5
m2 7 0
1 2 0
2 4 4
3 9 1
t 41 51
m0 0 0
m1 9 5
m2 7 0
1 2 1
2 3 4
3 9 2
t 40 51
m0 1 0
m1 9 5
m2 8 0
1 2 2
2 4 4
3 8 2
t 39 51
m0 0 0
m1 9 5
m2 7 0
1 2 3
2 3 4
3 9 2
t 38 51
m0 1 0
m1 9 5
m2 8 0
1 3 3
2 4 4
3 9 3
t 37 51
m0 1 0
m1 9 5
m2 7 0
1 3 4
2 3 4
3 9 2
t 36 51
m0 1 0
m1 9 5
m2 8 0
1 4 4
2 4 4
3 9 3
t 35 51
m0 0 0
m1 9 5
m2 7 0
1 3 4
2 3 4
3 9 2
t 34 51
m0 0 1
m1 9 5
m2 6 0
1 3 3
2 4 4
3 9 1
t 33 51
m0 0 0
m1 9 5
m2 7 0
1 3 4
2 3 4
3 9 2
t 32 51
m0 1 0
m1 9 5
m2 8 0
1 3 3
2 4 4
3 9 1
t 31 51
m0 1 1
m1 9 5
m2 7 0
1 4 3
2 4 5
3 9 2
t 30 51
m0 1 0
m1 9 5
m2 8 0
1 5 3
2 4 6
3 9 1
t 29 51
m0 0 0
m1 9 5
m2 7 0
1 4 3
2 4 7
3 9 2
t 28 51
m0 1 0
m1 9 5
m2 8 0
1 5 3
2 4 8
3 9 1
t 27 51
m0 2 0
m1 9 4
m2 7 0
1 4 3
2 4 9
3 9 0
t 26 51
m0 2 1
m1 9 5
m2 8 0
1 5 3
2 3 9
3 9 1
t 25 52
m0 2 0
m1 9 5
m2 8 0
1 4 3
2 3 10
3 9 2
t 24 52
m0 1 0
m1 9 5
m2 7 0
1 4 4
2 3 11
3 9 1
t 23 52
m0 0 0
m1 9 5
m2 7 0
1 3 4
2 3 12
3 9 2
t 22 52
m0 0 1
m1 9 5
m2 6 0
1 4 4
2 4 12
3 9 1
t 21 52
m0 0 1
m1 9 5
m2 7 0
1 3 4
2 4 13
3 9 2
t 20 52
m0 0 0
m1 9 5
m2 7 0
1 4 4
2 4 14
3 8 2
t 19 52
m0 0 1
m1 9 5
m2 6 0
1 3 4
2 3 14
3 9 2
t 18 52
m0 0 0
m1 9 5
m2 7 0
1 3 3
2 2 14
3 9 1
t 17 52
m0 1 0
m1 9 5
m2 8 0
1 4 3
2 3 14
3 9 2
t 16 52
m0 1 1
m1 9 5
m2 7 0
1 4 4
2 4 14
3 8 2
t 15 52
m0 1 0
m1 9 5
m2 8 0
1 3 4
2 3 14
3 7 2
t 14 52
m0 0 0
m1 9 4
m2 7 0
1 3 3
2 2 14
3 8 2
t 13 52
m0 0 0
m1 9 5
m2 7 0
1 3 4
2 3 14
3 9 2
t 12 52
m0 1 0
m1 9 5
m2 8 0
1 4 4
2 2 14
3 8 2
t 11 52
m0 1 1
m1 9 5
m2 7 0
1 3 4
2 3 14
3 9 2
t 10 52
m0 1 0
m1 9 5
m2 8 0
1 4 4
2 2 14
3 9 1
t 9 52
m0 1 0
m1 9 5
m2 7 0
1 3 4
2 2 13
3 9 2
t 8 52
m0 2 0
m1 9 5
m2 8 0
1 4 4
2 1 13
3 9 1
t 7 52
m0 3 0
m1 9 5
m2 9 0
1 4 5
2 0 13
3 9 2
t 6 53
m0 2 0
m1 9 5
m2 8 0
1 4 6
2 0 14
3 9 1
t 5 53
m0 1 0
m1 9 5
m2 7 0
1 4 7
2 0 13
3 9 2
t 4 53
m0 0 0
m1 9 5
m2 7 0
1 4 8
2 0 14
3 8 2
t 3 53
m0 1 0
m1 9 5
m2 8 0
1 4 9
2 0 13
3 7 2
t 2 53
m0 2 0
m1 9 5
m2 8 0
1 3 9
2 0 14
3 7 3
t 1 53
m0 3 0
m1 9 5
m2 9 0
1 3 9
2 0 14
3 7 3
t 0 53
