10
15
w 6 9
w 6 6
w 3 11
w 8 9
w 9 4
w 2 5
w 0 3
w 3 14
w 6 7
w 8 1
w 8 10
w 4 13
w 6 3
w 7 10
w 0 4
w 3 6
w 8 6
w 4 1
w 2 6
w 5 11
w 8 11
w 2 10
w 2 3
w 1 0
w 0 8
w 3 5
w 5 3
w 9 13
w 8 3
w 6 1
w 7 13
w 3 1
w 7 4
w 0 6
w 1 8
w 9 5
w 0 2
p 7 3
p 5 9
p 1 3
p 4 7
p 9 1
p 7 12
p 8 0
p 4 12
p 1 6
p 5 1
p 7 2
p 5 8
p 6 14
p 8 14
p 9 0
p 4 9
p 5 12
p 7 6
p 4 4
p 6 10
p 2 13
p 9 11
p 0 11
p 2 2
p 1 10
p 9 7
p 4 10
p 7 14
p 3 2
p 5 4
p 6 4
p 9 14
p 7 1
p 4 5
p 9 3
p 4 14
p 6 0
p 0 12
p 9 10
p 7 5
p 6 12
p 9 6
p 4 11
p 6 5
p 2 7
p 6 8
p 9 2
p 5 7
p 0 13
p 6 13
p 1 7
p 0 9
p 7 8
p 2 4
p 9 12
p 8 4
m0 0 14
m1 0 14
m2 0 14
1 9 0
2 9 0
3 9 0
t 300 0
m0 1 14
m1 1 14
m2 0 13
1 8 0
2 8 0
3 8 0
t 299 1
m0 2 14
m1 2 14
m2 0 12
1 9 0
2 9 0
3 9 0
t 298 2
m0 1 14
m1 1 14
m2 0 11
1 8 0
2 8 0
3 8 0
t 297 3
m0 0 14
m1 0 14
m2 1 11
1 9 0
2 9 0
3 9 0
t 296 3
m0 0 14
m1 0 14
m2 1 10
1 8 0
2 8 0
3 8 0
t 295 4
m0 0 14
m1 0 14
m2 1 9
1 9 0
2 9 0
3 9 0
t 294 4
m0 0 14
m1 0 14
m2 0 9
1 8 0
2 8 0
3 8 0
t 293 5
m0 0 14
m1 0 14
m2 1 9
1 9 0
2 9 0
3 9 0
t 292 5
m0 0 14
m1 0 14
m2 2 9
1 8 0
2 8 0
3 8 0
t 291 5
m0 0 14
m1 0 14
m2 3 9
1 9 0
2 9 0
3 9 0
t 290 5
m0 0 14
m1 0 14
m2 4 9
1 8 0
2 8 0
3 8 0
t 289 6
m0 0 14
m1 0 14
m2 5 9
1 9 0
2 9 0
3 9 0
t 288 7
m0 0 14
m1 0 14
m2 5 8
1 8 0
2 8 0
3 8 0
t 287 8
m0 0 14
m1 0 14
m2 6 8
1 9 0
2 9 0
3 9 0
f 3 8
t 286 9
m0 0 14
m1 0 14
m2 7 8
1 8 0
2 8 0
3 8 0
t 285 10
m0 0 14
m1 0 14
m2 7 7
1 9 0
2 9 0
3 9 0
t 284 10
m0 0 14
m1 0 14
m2 7 6
1 8 0
2 8 0
3 8 0
t 283 11
m0 0 14
m1 0 14
m2 7 5
1 9 0
2 9 0
3 9 0
t 282 12
m0 0 14
m1 0 14
m2 6 5
1 8 0
2 8 0
3 8 0
t 281 13
m0 0 14
m1 0 14
m2 6 4
1 9 0
2 9 0
3 9 0
t 280 14
m0 0 14
m1 0 14
m2 5 4
1 8 0
2 8 0
3 8 0
t 279 15
m0 0 14
m1 0 14
m2 4 4
1 9 0
2 9 0
3 9 0
t 278 16
m0 0 14
m1 0 14
m2 4 5
1 8 0
2 8 0
3 8 0
t 277 17
m0 0 14
m1 0 14
m2 4 6
1 9 0
2 9 0
3 9 0
t 276 17
m0 0 14
m1 0 14
m2 4 7
1 8 0
2 8 0
3 8 0
t 275 18
m0 0 14
m1 0 14
m2 5 7
1 9 0
2 9 0
3 9 0
t 274 19
m0 0 14
m1 0 14
m2 4 7
1 8 0
2 8 0
3 8 0
t 273 19
m0 0 14
m1 0 14
m2 3 7
1 9 0
2 9 0
3 9 0
t 272 19
m0 0 14
m1 0 14
m2 2 7
1 8 0
2 8 0
3 8 0
t 271 20
m0 0 14
m1 0 14
m2 1 7
1 9 0
2 9 0
3 9 0
t 270 21
m0 0 14
m1 0 14
m2 1 6
1 8 0
2 8 0
3 8 0
t 269 22
m0 0 14
m1 0 14
m2 1 5
1 9 0
2 9 0
3 9 0
t 268 22
m0 0 14
m1 0 14
m2 1 4
1 8 0
2 8 0
3 8 0
t 267 22
m0 0 14
m1 0 14
m2 2 4
1 9 0
2 9 0
3 9 0
t 266 23
m0 0 14
m1 0 14
m2 1 4
1 8 0
2 8 0
3 8 0
t 265 23
m0 0 14
m1 0 14
m2 1 3
1 9 0
2 9 0
3 9 0
t 264 24
m0 0 14
m1 0 14
m2 1 2
1 8 0
2 8 0
3 8 0
t 263 24
m0 0 14
m1 0 14
m2 2 2
1 9 0
2 9 0
3 9 0
t 262 25
m0 0 14
m1 0 14
m2 3 2
1 8 0
2 8 0
3 8 0
t 261 26
m0 0 14
m1 0 14
m2 4 2
1 9 0
2 9 0
3 9 0
t 260 26
m0 0 14
m1 0 14
m2 5 2
1 8 0
2 8 0
3 8 0
t 259 26
m0 0 14
m1 0 14
m2 5 1
1 9 0
2 9 0
3 9 0
t 258 27
m0 0 14
m1 0 14
m2 5 0
1 8 0
2 8 0
3 8 0
t 257 27
m0 0 14
m1 0 14
m2 6 0
1 9 0
2 9 0
3 9 0
t 256 28
m0 0 14
m1 0 14
m2 7 0
1 8 0
2 8 0
3 8 0
t 255 28
m0 0 14
m1 0 14
m2 -5 -5
1 9 0
2 9 0
3 9 0
t 254 29
m0 0 14
m1 0 14
m2 -5 -5
1 8 0
2 8 0
3 8 0
t 253 29
m0 0 14
m1 0 14
m2 -5 -5
1 9 0
2 9 0
3 9 0
t 252 29
m0 0 14
m1 0 14
m2 -5 -5
1 8 0
2 8 0
3 8 0
t 251 29
m0 0 14
m1 0 14
m2 -5 -5
1 9 0
2 9 0
3 9 0
t 250 29
m0 0 14
m1 0 14
m2 -5 -5
1 8 0
2 8 0
3 8 0
t 249 29
m0 0 14
m1 0 14
m2 -5 -5
1 9 0
2 9 0
3 9 0
t 248 29
m0 0 14
m1 0 14
m2 -5 -5
1 8 0
2 8 0
3 8 0
t 247 29
m0 0 14
m1 0 14
m2 -5 -5
1 9 0
2 9 0
3 9 0
t 246 29
m0 0 14
m1 0 14
m2 -5 -5
1 8 0
2 8 0
3 8 0
t 245 29
m0 0 14
m1 0 14
m2 -5 -5
1 9 0
2 9 0
3 9 0
t 244 29
m0 0 14
m1 0 14
m2 -5 -5
1 8 0
2 8 0
3 8 0
t 243 29
m0 0 14
m1 0 14
m2 -5 -5
1 9 0
2 9 0
3 9 0
t 242 29
m0 0 14
m1 0 14
m2 -5 -5
1 8 0
2 8 0
3 8 0
t 241 29
m0 0 14
m1 0 14
m2 -5 -5
1 9 0
2 9 0
3 9 0
t 240 29
m0 0 14
m1 0 14
m2 -5 -5
1 8 0
2 8 0
3 8 0
t 239 29
m0 0 14
m1 0 14
m2 -5 -5
1 9 0
2 9 0
3 9 0
t 238 29
m0 0 14
m1 0 14
m2 -5 -5
1 8 0
2 8 0
3 8 0
t 237 29
m0 0 14
m1 0 14
m2 -5 -5
1 9 0
2 9 0
3 9 0
t 236 29
m0 0 14
m1 0 14
m2 -5 -5
1 8 0
2 8 0
3 8 0
t 235 29
m0 0 14
m1 0 14
m2 -5 -5
1 9 0
2 9 0
3 9 0
t 234 29
m0 0 14
m1 0 14
m2 -5 -5
1 8 0
2 8 0
3 8 0
t 233 29
m0 0 14
m1 0 14
m2 -5 -5
1 9 0
2 9 0
3 9 0
t 232 29
m0 0 14
m1 0 14
m2 -5 -5
1 8 0
2 8 0
3 8 0
t 231 29
m0 0 14
m1 0 14
m2 -5 -5
1 9 0
2 9 0
3 9 0
t 230 29
m0 0 14
m1 0 14
m2 -5 -5
1 8 0
2 8 0
3 8 0
t 229 29
m0 0 14
m1 0 14
m2 -5 -5
1 9 0
2 9 0
3 9 0
t 228 29
m0 0 14
m1 0 14
m2 -5 -5
1 8 0
2 8 0
3 8 0
t 227 29
m0 0 14
m1 0 14
m2 -5 -5
1 9 0
2 9 0
3 9 0
t 226 29
m0 0 14
m1 0 14
m2 -5 -5
1 8 0
2 8 0
3 8 0
t 225 29
m0 0 14
m1 0 14
m2 -5 -5
1 9 0
2 9 0
3 9 0
t 224 29
m0 0 14
m1 0 14
m2 -5 -5
1 8 0
2 8 0
3 8 0
t 223 29
m0 0 14
m1 0 14
m2 -5 -5
1 9 0
2 9 0
3 9 0
t 222 29
m0 0 14
m1 0 14
m2 -5 -5
1 8 0
2 8 0
3 8 0
t 221 29
m0 0 14
m1 0 14
m2 -5 -5
1 9 0
2 9 0
3 9 0
t 220 29
m0 0 14
m1 0 14
m2 -5 -5
1 8 0
2 8 0
3 8 0
t 219 29
m0 0 14
m1 0 14
m2 -5 -5
1 9 0
2 9 0
3 9 0
t 218 29
m0 0 14
m1 0 14
m2 -5 -5
1 8 0
2 8 0
3 8 0
t 217 29
m0 0 14
m1 0 14
m2 -5 -5
1 9 0
2 9 0
3 9 0
t 216 29
m0 0 14
m1 0 14
m2 -5 -5
1 8 0
2 8 0
3 8 0
t 215 29
m0 0 14
m1 0 14
m2 -5 -5
1 9 0
2 9 0
3 9 0
t 214 29
m0 0 14
m1 0 14
m2 -5 -5
1 8 0
2 8 0
3 8 0
t 213 29
m0 0 14
m1 0 14
m2 -5 -5
1 9 0
2 9 0
3 9 0
t 212 29
m0 0 14
m1 0 14
m2 -5 -5
1 8 0
2 8 0
3 8 0
t 211 29
m0 0 14
m1 0 14
m2 -5 -5
1 9 0
2 9 0
3 9 0
t 210 29
m0 0 14
m1 0 14
m2 -5 -5
1 8 0
2 8 0
3 8 0
t 209 29
m0 0 14
m1 0 14
m2 -5 -5
1 9 0
2 9 0
3 9 0
t 208 29
m0 0 14
m1 0 14
m2 -5 -5
1 8 0
2 8 0
3 8 0
t 207 29
m0 0 14
m1 0 14
m2 -5 -5
1 9 0
2 9 0
3 9 0
t 206 29
m0 0 14
m1 0 14
m2 -5 -5
1 8 0
2 8 0
3 8 0
t 205 29
m0 0 14
m1 0 14
m2 -5 -5
1 9 0
2 9 0
3 9 0
t 204 29
m0 0 14
m1 0 14
m2 -5 -5
1 8 0
2 8 0
3 8 0
t 203 29
m0 0 14
m1 0 14
m2 -5 -5
1 9 0
2 9 0
3 9 0
t 202 29
m0 0 14
m1 0 14
m2 -5 -5
1 8 0
2 8 0
3 8 0
t 201 29
m0 0 14
m1 0 14
m2 -5 -5
1 9 0
2 9 0
3 9 0
t 200 29
m0 0 14
m1 0 14
m2 -5 -5
1 8 0
2 8 0
3 8 0
t 199 29
m0 0 14
m1 0 14
m2 -5 -5
1 9 0
2 9 0
3 9 0
t 198 29
m0 0 14
m1 0 14
m2 -5 -5
1 8 0
2 8 0
3 8 0
t 197 29
m0 0 14
m1 0 14
m2 -5 -5
1 9 0
2 9 0
3 9 0
t 196 29
m0 0 14
m1 0 14
m2 -5 -5
1 8 0
2 8 0
3 8 0
t 195 29
m0 0 14
m1 0 14
m2 -5 -5
1 9 0
2 9 0
3 9 0
t 194 29
m0 0 14
m1 0 14
m2 -5 -5
1 8 0
2 8 0
3 8 0
t 193 29
m0 0 14
m1 0 14
m2 -5 -5
1 9 0
2 9 0
3 9 0
t 192 29
m0 0 14
m1 0 14
m2 -5 -5
1 8 0
2 8 0
3 8 0
t 191 29
m0 0 14
m1 0 14
m2 -5 -5
1 9 0
2 9 0
3 9 0
t 190 29
m0 0 14
m1 0 14
m2 -5 -5
1 8 0
2 8 0
3 8 0
t 189 29
m0 0 14
m1 0 14
m2 -5 -5
1 9 0
2 9 0
3 9 0
t 188 29
m0 0 14
m1 0 14
m2 -5 -5
1 8 0
2 8 0
3 8 0
t 187 29
m0 0 14
m1 0 14
m2 -5 -5
1 9 0
2 9 0
3 9 0
t 186 29
m0 0 14
m1 0 14
m2 -5 -5
1 8 0
2 8 0
3 8 0
t 185 29
m0 0 14
m1 0 14
m2 -5 -5
1 9 0
2 9 0
3 9 0
t 184 29
m0 0 14
m1 0 14
m2 -5 -5
1 8 0
2 8 0
3 8 0
t 183 29
m0 0 14
m1 0 14
m2 -5 -5
1 9 0
2 9 0
3 9 0
t 182 29
m0 0 14
m1 0 14
m2 -5 -5
1 8 0
2 8 0
3 8 0
t 181 29
m0 0 14
m1 0 14
m2 -5 -5
1 9 0
2 9 0
3 9 0
t 180 29
m0 0 14
m1 0 14
m2 -5 -5
1 8 0
2 8 0
3 8 0
t 179 29
m0 0 14
m1 0 14
m2 -5 -5
1 9 0
2 9 0
3 9 0
t 178 29
m0 0 14
m1 0 14
m2 -5 -5
1 8 0
2 8 0
3 8 0
t 177 29
m0 0 14
m1 0 14
m2 -5 -5
1 9 0
2 9 0
3 9 0
t 176 29
m0 0 14
m1 0 14
m2 -5 -5
1 8 0
2 8 0
3 8 0
t 175 29
m0 0 14
m1 0 14
m2 -5 -5
1 9 0
2 9 0
3 9 0
t 174 29
m0 0 14
m1 0 14
m2 -5 -5
1 8 0
2 8 0
3 8 0
t 173 29
m0 0 14
m1 0 14
m2 -5 -5
1 9 0
2 9 0
3 9 0
t 172 29
m0 0 14
m1 0 14
m2 -5 -5
1 8 0
2 8 0
3 8 0
t 171 29
m0 0 14
m1 0 14
m2 -5 -5
1 9 0
2 9 0
3 9 0
t 170 29
m0 0 14
m1 0 14
m2 -5 -5
1 8 0
2 8 0
3 8 0
t 169 29
m0 0 14
m1 0 14
m2 -5 -5
1 9 0
2 9 0
3 9 0
t 168 29
m0 0 14
m1 0 14
m2 -5 -5
1 8 0
2 8 0
3 8 0
t 167 29
m0 0 14
m1 0 14
m2 -5 -5
1 9 0
2 9 0
3 9 0
t 166 29
m0 0 14
m1 0 14
m2 -5 -5
1 8 0
2 8 0
3 8 0
t 165 29
m0 0 14
m1 0 14
m2 -5 -5
1 9 0
2 9 0
3 9 0
t 164 29
m0 0 14
m1 0 14
m2 -5 -5
1 8 0
2 8 0
3 8 0
t 163 29
m0 0 14
m1 0 14
m2 -5 -5
1 9 0
2 9 0
3 9 0
t 162 29
m0 0 14
m1 0 14
m2 -5 -5
1 8 0
2 8 0
3 8 0
t 161 29
m0 0 14
m1 0 14
m2 -5 -5
1 9 0
2 9 0
3 9 0
t 160 29
m0 0 14
m1 0 14
m2 -5 -5
1 8 0
2 8 0
3 8 0
t 159 29
m0 0 14
m1 0 14
m2 -5 -5
1 9 0
2 9 0
3 9 0
t 158 29
m0 0 14
m1 0 14
m2 -5 -5
1 8 0
2 8 0
3 8 0
t 157 29
m0 0 14
m1 0 14
m2 -5 -5
1 9 0
2 9 0
3 9 0
t 156 29
m0 0 14
m1 0 14
m2 -5 -5
1 8 0
2 8 0
3 8 0
t 155 29
m0 0 14
m1 0 14
m2 -5 -5
1 9 0
2 9 0
3 9 0
t 154 29
m0 0 14
m1 0 14
m2 -5 -5
1 8 0
2 8 0
3 8 0
t 153 29
m0 0 14
m1 0 14
m2 -5 -5
1 9 0
2 9 0
3 9 0
t 152 29
m0 0 14
m1 0 14
m2 -5 -5
1 8 0
2 8 0
3 8 0
t 151 29
m0 0 14
m1 0 14
m2 -5 -5
1 9 0
2 9 0
3 9 0
t 150 29
m0 0 14
m1 0 14
m2 -5 -5
1 8 0
2 8 0
3 8 0
t 149 29
m0 0 14
m1 0 14
m2 -5 -5
1 9 0
2 9 0
3 9 0
t 148 29
m0 0 14
m1 0 14
m2 -5 -5
1 8 0
2 8 0
3 8 0
t 147 29
m0 0 14
m1 0 14
m2 -5 -5
1 9 0
2 9 0
3 9 0
t 146 29
m0 0 14
m1 0 14
m2 -5 -5
1 8 0
2 8 0
3 8 0
t 145 29
m0 0 14
m1 0 14
m2 -5 -5
1 9 0
2 9 0
3 9 0
t 144 29
m0 0 14
m1 0 14
m2 -5 -5
1 8 0
2 8 0
3 8 0
t 143 29
m0 0 14
m1 0 14
m2 -5 -5
1 9 0
2 9 0
3 9 0
t 142 29
m0 0 14
m1 0 14
m2 -5 -5
1 8 0
2 8 0
3 8 0
t 141 29
m0 0 14
m1 0 14
m2 -5 -5
1 9 0
2 9 0
3 9 0
t 140 29
m0 0 14
m1 0 14
m2 -5 -5
1 8 0
2 8 0
3 8 0
t 139 29
m0 0 14
m1 0 14
m2 -5 -5
1 9 0
2 9 0
3 9 0
t 138 29
m0 0 14
m1 0 14
m2 -5 -5
1 8 0
2 8 0
3 8 0
t 137 29
m0 0 14
m1 0 14
m2 -5 -5
1 9 0
2 9 0
3 9 0
t 136 29
m0 0 14
m1 0 14
m2 -5 -5
1 8 0
2 8 0
3 8 0
t 135 29
m0 0 14
m1 0 14
m2 -5 -5
1 9 0
2 9 0
3 9 0
t 134 29
m0 0 14
m1 0 14
m2 -5 -5
1 8 0
2 8 0
3 8 0
t 133 29
m0 0 14
m1 0 14
m2 -5 -5
1 9 0
2 9 0
3 9 0
t 132 29
m0 0 14
m1 0 14
m2 -5 -5
1 8 0
2 8 0
3 8 0
t 131 29
m0 0 14
m1 0 14
m2 -5 -5
1 9 0
2 9 0
3 9 0
t 130 29
m0 0 14
m1 0 14
m2 -5 -5
1 8 0
2 8 0
3 8 0
t 129 29
m0 0 14
m1 0 14
m2 -5 -5
1 9 0
2 9 0
3 9 0
t 128 29
m0 0 14
m1 0 14
m2 -5 -5
1 8 0
2 8 0
3 8 0
t 127 29
m0 0 14
m1 0 14
m2 -5 -5
1 9 0
2 9 0
3 9 0
t 126 29
m0 0 14
m1 0 14
m2 -5 -5
1 8 0
2 8 0
3 8 0
t 125 29
m0 0 14
m1 0 14
m2 -5 -5
1 9 0
2 9 0
3 9 0
t 124 29
m0 0 14
m1 0 14
m2 -5 -5
1 8 0
2 8 0
3 8 0
t 123 29
m0 0 14
m1 0 14
m2 -5 -5
1 9 0
2 9 0
3 9 0
t 122 29
m0 0 14
m1 0 14
m2 -5 -5
1 8 0
2 8 0
3 8 0
t 121 29
m0 0 14
m1 0 14
m2 -5 -5
1 9 0
2 9 0
3 9 0
t 120 29
m0 0 14
m1 0 14
m2 -5 -5
1 8 0
2 8 0
3 8 0
t 119 29
m0 0 14
m1 0 14
m2 -5 -5
1 9 0
2 9 0
3 9 0
t 118 29
m0 0 14
m1 0 14
m2 -5 -5
1 8 0
2 8 0
3 8 0
t 117 29
m0 0 14
m1 0 14
m2 -5 -5
1 9 0
2 9 0
3 9 0
t 116 29
m0 0 14
m1 0 14
m2 -5 -5
1 8 0
2 8 0
3 8 0
t 115 29
m0 0 14
m1 0 14
m2 -5 -5
1 9 0
2 9 0
3 9 0
t 114 29
m0 0 14
m1 0 14
m2 -5 -5
1 8 0
2 8 0
3 8 0
t 113 29
m0 0 14
m1 0 14
m2 -5 -5
1 9 0
2 9 0
3 9 0
t 112 29
m0 0 14
m1 0 14
m2 -5 -5
1 8 0
2 8 0
3 8 0
t 111 29
m0 0 14
m1 0 14
m2 -5 -5
1 9 0
2 9 0
3 9 0
t 110 29
m0 0 14
m1 0 14
m2 -5 -5
1 8 0
2 8 0
3 8 0
t 109 29
m0 0 14
m1 0 14
m2 -5 -5
1 9 0
2 9 0
3 9 0
t 108 29
m0 0 14
m1 0 14
m2 -5 -5
1 8 0
2 8 0
3 8 0
t 107 29
m0 0 14
m1 0 14
m2 -5 -5
1 9 0
2 9 0
3 9 0
t 106 29
m0 0 14
m1 0 14
m2 -5 -5
1 8 0
2 8 0
3 8 0
t 105 29
m0 0 14
m1 0 14
m2 -5 -5
1 9 0
2 9 0
3 9 0
t 104 29
m0 0 14
m1 0 14
m2 -5 -5
1 8 0
2 8 0
3 8 0
t 103 29
m0 0 14
m1 0 14
m2 -5 -5
1 9 0
2 9 0
3 9 0
t 102 29
m0 0 14
m1 0 14
m2 -5 -5
1 8 0
2 8 0
3 8 0
t 101 29
m0 0 14
m1 0 14
m2 -5 -5
1 9 0
2 9 0
3 9 0
t 100 29
m0 0 14
m1 0 14
m2 -5 -5
1 8 0
2 8 0
3 8 0
t 99 29
m0 0 14
m1 0 14
m2 -5 -5
1 9 0
2 9 0
3 9 0
t 98 29
m0 0 14
m1 0 14
m2 -5 -5
1 8 0
2 8 0
3 8 0
t 97 29
m0 0 14
m1 0 14
m2 -5 -5
1 9 0
2 9 0
3 9 0
t 96 29
m0 0 14
m1 0 14
m2 -5 -5
1 8 0
2 8 0
3 8 0
t 95 29
m0 0 14
m1 0 14
m2 -5 -5
1 9 0
2 9 0
3 9 0
t 94 29
m0 0 14
m1 0 14
m2 -5 -5
1 8 0
2 8 0
3 8 0
t 93 29
m0 0 14
m1 0 14
m2 -5 -5
1 9 0
2 9 0
3 9 0
t 92 29
m0 0 14
m1 0 14
m2 -5 -5
1 8 0
2 8 0
3 8 0
t 91 29
m0 0 14
m1 0 14
m2 -5 -5
1 9 0
2 9 0
3 9 0
t 90 29
m0 0 14
m1 0 14
m2 -5 -5
1 8 0
2 8 0
3 8 0
t 89 29
m0 0 14
m1 0 14
m2 -5 -5
1 9 0
2 9 0
3 9 0
t 88 29
m0 0 14
m1 0 14
m2 -5 -5
1 8 0
2 8 0
3 8 0
t 87 29
m0 0 14
m1 0 14
m2 -5 -5
1 9 0
2 9 0
3 9 0
t 86 29
m0 0 14
m1 0 14
m2 -5 -5
1 8 0
2 8 0
3 8 0
t 85 29
m0 0 14
m1 0 14
m2 -5 -5
1 9 0
2 9 0
3 9 0
t 84 29
m0 0 14
m1 0 14
m2 -5 -5
1 8 0
2 8 0
3 8 0
t 83 29
m0 0 14
m1 0 14
m2 -5 -5
1 9 0
2 9 0
3 9 0
t 82 29
m0 0 14
m1 0 14
m2 -5 -5
1 8 0
2 8 0
3 8 0
t 81 29
m0 0 14
m1 0 14
m2 -5 -5
1 9 0
2 9 0
3 9 0
t 80 29
m0 0 14
m1 0 14
m2 -5 -5
1 8 0
2 8 0
3 8 0
t 79 29
m0 0 14
m1 0 14
m2 -5 -5
1 9 0
2 9 0
3 9 0
t 78 29
m0 0 14
m1 0 14
m2 -5 -5
1 8 0
2 8 0
3 8 0
t 77 29
m0 0 14
m1 0 14
m2 -5 -5
1 9 0
2 9 0
3 9 0
t 76 29
m0 0 14
m1 0 14
m2 -5 -5
1 8 0
2 8 0
3 8 0
t 75 29
m0 0 14
m1 0 14
m2 -5 -5
1 9 0
2 9 0
3 9 0
t 74 29
m0 0 14
m1 0 14
m2 -5 -5
1 8 0
2 8 0
3 8 0
t 73 29
m0 0 14
m1 0 14
m2 -5 -5
1 9 0
2 9 0
3 9 0
t 72 29
m0 0 14
m1 0 14
m2 -5 -5
1 8 0
2 8 0
3 8 0
t 71 29
m0 0 14
m1 0 14
m2 -5 -5
1 9 0
2 9 0
3 9 0
t 70 29
m0 0 14
m1 0 14
m2 -5 -5
1 8 0
2 8 0
3 8 0
t 69 29
m0 0 14
m1 0 14
m2 -5 -5
1 9 0
2 9 0
3 9 0
t 68 29
m0 0 14
m1 0 14
m2 -5 -5
1 8 0
2 8 0
3 8 0
t 67 29
m0 0 14
m1 0 14
m2 -5 -5
1 9 0
2 9 0
3 9 0
t 66 29
m0 0 14
m1 0 14
m2 -5 -5
1 8 0
2 8 0
3 8 0
t 65 29
m0 0 14
m1 0 14
m2 -5 -5
1 9 0
2 9 0
3 9 0
t 64 29
m0 0 14
m1 0 14
m2 -5 -5
1 8 0
2 8 0
3 8 0
t 63 29
m0 0 14
m1 0 14
m2 -5 -5
1 9 0
2 9 0
3 9 0
t 62 29
m0 0 14
m1 0 14
m2 -5 -5
1 8 0
2 8 0
3 8 0
t 61 29
m0 0 14
m1 0 14
m2 -5 -5
1 9 0
2 9 0
3 9 0
t 60 29
m0 0 14
m1 0 14
m2 -5 -5
1 8 0
2 8 0
3 8 0
t 59 29
m0 0 14
m1 0 14
m2 -5 -5
1 9 0
2 9 0
3 9 0
t 58 29
m0 0 14
m1 0 14
m2 -5 -5
1 8 0
2 8 0
3 8 0
t 57 29
m0 0 14
m1 0 14
m2 -5 -5
1 9 0
2 9 0
3 9 0
t 56 29
m0 0 14
m1 0 14
m2 -5 -5
1 8 0
2 8 0
3 8 0
t 55 29
m0 0 14
m1 0 14
m2 -5 -5
1 9 0
2 9 0
3 9 0
t 54 29
m0 0 14
m1 0 14
m2 -5 -5
1 8 0
2 8 0
3 8 0
t 53 29
m0 0 14
m1 0 14
m2 -5 -5
1 9 0
2 9 0
3 9 0
t 52 29
m0 0 14
m1 0 14
m2 -5 -5
1 8 0
2 8 0
3 8 0
t 51 29
m0 0 14
m1 0 14
m2 -5 -5
1 9 0
2 9 0
3 9 0
t 50 29
m0 0 14
m1 0 14
m2 -5 -5
1 8 0
2 8 0
3 8 0
t 49 29
m0 0 14
m1 0 14
m2 -5 -5
1 9 0
2 9 0
3 9 0
t 48 29
m0 0 14
m1 0 14
m2 -5 -5
1 8 0
2 8 0
3 8 0
t 47 29
m0 0 14
m1 0 14
m2 -5 -5
1 9 0
2 9 0
3 9 0
t 46 29
m0 0 14
m1 0 14
m2 -5 -5
1 8 0
2 8 0
3 8 0
t 45 29
m0 0 14
m1 0 14
m2 -5 -5
1 9 0
2 9 0
3 9 0
t 44 29
m0 0 14
m1 0 14
m2 -5 -5
1 8 0
2 8 0
3 8 0
t 43 29
m0 0 14
m1 0 14
m2 -5 -5
1 9 0
2 9 0
3 9 0
t 42 29
m0 0 14
m1 0 14
m2 -5 -5
1 8 0
2 8 0
3 8 0
t 41 29
m0 0 14
m1 0 14
m2 -5 -5
1 9 0
2 9 0
3 9 0
t 40 29
m0 0 14
m1 0 14
m2 -5 -5
1 8 0
2 8 0
3 8 0
t 39 29
m0 0 14
m1 0 14
m2 -5 -5
1 9 0
2 9 0
3 9 0
t 38 29
m0 0 14
m1 0 14
m2 -5 -5
1 8 0
2 8 0
3 8 0
t 37 29
m0 0 14
m1 0 14
m2 -5 -5
1 9 0
2 9 0
3 9 0
t 36 29
m0 0 14
m1 0 14
m2 -5 -5
1 8 0
2 8 0
3 8 0
t 35 29
m0 0 14
m1 0 14
m2 -5 -5
1 9 0
2 9 0
3 9 0
t 34 29
m0 0 14
m1 0 14
m2 -5 -5
1 8 0
2 8 0
3 8 0
t 33 29
m0 0 14
m1 0 14
m2 -5 -5
1 9 0
2 9 0
3 9 0
t 32 29
m0 0 14
m1 0 14
m2 -5 -5
1 8 0
2 8 0
3 8 0
t 31 29
m0 0 14
m1 0 14
m2 -5 -5
1 9 0
2 9 0
3 9 0
t 30 29
m0 0 14
m1 0 14
m2 -5 -5
1 8 0
2 8 0
3 8 0
t 29 29
m0 0 14
m1 0 14
m2 -5 -5
1 9 0
2 9 0
3 9 0
t 28 29
m0 0 14
m1 0 14
m2 -5 -5
1 8 0
2 8 0
3 8 0
t 27 29
m0 0 14
m1 0 14
m2 -5 -5
1 9 0
2 9 0
3 9 0
t 26 29
m0 0 14
m1 0 14
m2 -5 -5
1 8 0
2 8 0
3 8 0
t 25 29
m0 0 14
m1 0 14
m2 -5 -5
1 9 0
2 9 0
3 9 0
t 24 29
m0 0 14
m1 0 14
m2 -5 -5
1 8 0
2 8 0
3 8 0
t 23 29
m0 0 14
m1 0 14
m2 -5 -5
1 9 0
2 9 0
3 9 0
t 22 29
m0 0 14
m1 0 14
m2 -5 -5
1 8 0
2 8 0
3 8 0
t 21 29
m0 0 14
m1 0 14
m2 -5 -5
1 9 0
2 9 0
3 9 0
t 20 29
m0 0 14
m1 0 14
m2 -5 -5
1 8 0
2 8 0
3 8 0
t 19 29
m0 0 14
m1 0 14
m2 -5 -5
1 9 0
2 9 0
3 9 0
t 18 29
m0 0 14
m1 0 14
m2 -5 -5
1 8 0
2 8 0
3 8 0
t 17 29
m0 0 14
m1 0 14
m2 -5 -5
1 9 0
2 9 0
3 9 0
t 16 29
m0 0 14
m1 0 14
m2 -5 -5
1 8 0
2 8 0
3 8 0
t 15 29
m0 0 14
m1 0 14
m2 -5 -5
1 9 0
2 9 0
3 9 0
t 14 29
m0 0 14
m1 0 14
m2 -5 -5
1 8 0
2 8 0
3 8 0
t 13 29
m0 0 14
m1 0 14
m2 -5 -5
1 9 0
2 9 0
3 9 0
t 12 29
m0 0 14
m1 0 14
m2 -5 -5
1 8 0
2 8 0
3 8 0
t 11 29
m0 0 14
m1 0 14
m2 -5 -5
1 9 0
2 9 0
3 9 0
t 10 29
m0 0 14
m1 0 14
m2 -5 -5
1 8 0
2 8 0
3 8 0
t 9 29
m0 0 14
m1 0 14
m2 -5 -5
1 9 0
2 9 0
3 9 0
t 8 29
m0 0 14
m1 0 14
m2 -5 -5
1 8 0
2 8 0
3 8 0
t 7 29
m0 0 14
m1 0 14
m2 -5 -5
1 9 0
2 9 0
3 9 0
t 6 29
m0 0 14
m1 0 14
m2 -5 -5
1 8 0
2 8 0
3 8 0
t 5 29
m0 0 14
m1 0 14
m2 -5 -5
1 9 0
2 9 0
3 9 0
t 4 29
m0 0 14
m1 0 14
m2 -5 -5
1 8 0
2 8 0
3 8 0
t 3 29
m0 0 14
m1 0 14
m2 -5 -5
1 9 0
2 9 0
3 9 0
t 2 29
m0 0 14
m1 0 14
m2 -5 -5
1 8 0
2 8 0
3 8 0
t 1 29
m0 0 14
m1 0 14
m2 -5 -5
1 8 0
2 8 0
3 8 0
t 0 29
