10
15
w 4 8
w 7 12
w 2 8
w 3 0
w 5 6
w 3 11
w 0 10
w 8 5
w 5 8
w 6 14
w 1 2
w 8 1
w 3 10
w 6 10
w 0 11
w 3 6
w 8 6
w 4 1
w 1 1
w 7 14
w 2 6
w 8 2
w 3 13
w 1 4
w 2 10
w 8 7
w 6 5
w 5 3
w 7 9
w 8 3
w 5 10
w 1 12
w 6 1
w 5 14
w 0 6
w 1 8
w 3 4
p 7 3
p 6 9
p 4 7
p 8 13
p 9 1
p 6 6
p 8 0
p 7 7
p 2 1
p 9 4
p 3 7
p 5 1
p 0 3
p 1 11
p 7 2
p 8 14
p 9 0
p 6 7
p 3 3
p 7 6
p 4 4
p 5 12
p 4 13
p 6 3
p 2 13
p 7 10
p 1 10
p 9 7
p 5 4
p 7 1
p 6 11
p 4 5
p 8 11
p 9 3
p 5 11
p 6 0
p 2 3
p 1 9
p 6 12
p 9 6
p 4 11
p 3 12
p 7 0
p 6 8
p 9 2
p 3 1
p 2 11
p 0 13
p 3 8
p 2 0
p 7 4
p 8 8
p 6 13
p 2 4
p 9 12
p 8 4
m0 0 14
m1 0 14
m2 0 14
1 9 0
2 9 0
3 9 0
t 300 0
m0 1 14
m1 0 13
m2 0 13
1 8 0
2 8 0
3 8 0
t 299 1
m0 0 14
m1 0 12
m2 1 13
1 7 0
2 7 0
3 7 0
t 298 1
m0 0 14
m1 0 12
m2 1 13
1 6 0
2 6 0
3 6 0
t 297 1
m0 0 14
m1 0 12
m2 2 13
1 5 0
2 5 0
3 5 0
t 296 2
m0 0 14
m1 0 12
m2 2 12
1 4 0
2 4 0
3 4 0
t 295 2
m0 1 14
m1 0 12
m2 2 11
1 5 0
2 5 0
3 5 0
t 294 3
m0 2 14
m1 0 12
m2 1 11
1 4 0
2 4 0
3 4 0
t 293 4
m0 2 14
m1 0 12
m2 1 10
1 5 0
2 5 0
3 5 0
f 8 12
t 292 5
m0 3 14
m1 0 12
m2 1 9
1 4 0
2 4 0
3 4 0
t 291 6
m0 2 14
m1 0 12
m2 2 9
1 5 0
2 5 0
3 5 0
t 290 6
m0 2 14
m1 0 12
m2 3 9
1 4 0
2 4 0
3 4 0
t 289 6
m0 2 14
m1 0 12
m2 3 8
1 5 0
2 5 0
3 5 0
t 288 7
m0 3 14
m1 0 12
m2 3 8
1 4 0
2 4 0
3 4 0
t 287 7
m0 4 14
m1 0 12
m2 3 7
1 5 0
2 5 0
3 5 0
t 286 8
m0 4 13
m1 0 12
m2 4 7
1 4 0
2 4 0
3 4 0
t 285 10
m0 4 14
m1 0 12
m2 4 6
1 5 0
2 5 0
3 5 0
t 284 10
m0 3 14
m1 0 12
m2 4 6
1 4 0
2 4 0
3 4 0
t 283 10
m0 4 14
m1 0 12
m2 4 5
1 5 0
2 5 0
3 5 0
t 282 11
m0 4 13
m1 0 12
m2 4 6
1 4 0
2 4 0
3 4 0
t 281 11
m0 4 14
m1 0 12
m2 4 5
1 5 0
2 5 0
3 5 0
t 280 11
m0 3 14
m1 0 12
m2 4 4
1 4 0
2 4 0
3 4 0
t 279 12
m0 2 14
m1 0 12
m2 5 4
1 5 0
2 5 0
3 5 0
t 278 13
m0 1 14
m1 0 12
m2 5 4
1 5 1
2 5 1
3 5 1
t 277 13
m0 0 14
m1 0 12
m2 4 4
1 5 2
2 5 2
3 5 2
t 276 13
m0 1 14
m1 0 12
m2 4 4
1 4 2
2 4 2
3 4 2
t 275 13
m0 1 14
m1 0 12
m2 4 5
1 4 3
2 4 3
3 4 3
t 274 13
m0 0 14
m1 0 12
m2 3 5
1 3 3
2 3 3
3 3 3
t 273 13
m0 0 14
m1 0 12
m2 3 5
1 4 3
2 4 3
3 4 3
t 272 13
m0 1 14
m1 0 12
m2 3 5
1 3 3
2 3 3
3 3 3
t 271 13
m0 0 14
m1 0 12
m2 3 5
1 4 3
2 4 3
3 4 3
t 270 13
m0 0 13
m1 0 12
m2 3 5
1 3 3
2 3 3
3 3 3
t 269 13
m0 0 14
m1 0 12
m2 3 5
1 4 3
2 4 3
3 4 3
t 268 13
m0 0 14
m1 0 12
m2 3 5
1 3 3
2 3 3
3 3 3
t 267 13
m0 1 14
m1 0 12
m2 3 5
1 4 3
2 4 3
3 4 3
t 266 13
m0 1 14
m1 0 12
m2 3 5
1 3 3
2 3 3
3 3 3
t 265 13
m0 0 14
m1 0 12
m2 2 5
1 2 3
2 2 3
3 2 3
t 264 13
m0 0 14
m1 0 12
m2 3 5
1 3 3
2 3 3
3 3 3
t 263 13
m0 1 14
m1 0 12
m2 2 5
1 2 3
2 2 3
3 2 3
t 262 13
m0 2 14
m1 0 12
m2 -5 -5
1 2 4
2 2 4
3 2 4
t 261 14
m0 2 14
m1 0 12
m2 -5 -5
1 2 5
2 2 5
3 2 5
t 260 14
m0 1 14
m1 0 12
m2 -5 -5
1 1 5
2 1 5
3 1 5
t 259 14
m0 0 14
m1 0 12
m2 -5 -5
1 0 5
2 0 5
3 0 5
t 258 14
m0 0 14
m1 0 12
m2 -5 -5
1 1 5
2 1 5
3 1 5
t 257 14
m0 0 14
m1 0 12
m2 -5 -5
1 0 5
2 0 5
3 0 5
t 256 14
m0 0 14
m1 0 12
m2 -5 -5
1 1 5
2 1 5
3 1 5
t 255 14
m0 1 14
m1 0 12
m2 -5 -5
1 0 5
2 0 5
3 0 5
t 254 14
m0 1 14
m1 0 12
m2 -5 -5
1 1 5
2 1 5
3 1 5
t 253 14
m0 0 14
m1 0 12
m2 -5 -5
1 0 5
2 0 5
3 0 5
t 252 14
m0 0 14
m1 0 12
m2 -5 -5
1 1 5
2 1 5
3 1 5
t 251 14
m0 0 14
m1 0 12
m2 -5 -5
1 0 5
2 0 5
3 0 5
t 250 14
m0 0 13
m1 0 12
m2 -5 -5
1 1 5
2 1 5
3 1 5
t 249 14
m0 0 14
m1 0 12
m2 -5 -5
1 0 5
2 0 5
3 0 5
t 248 14
m0 1 14
m1 0 12
m2 -5 -5
1 1 5
2 1 5
3 1 5
t 247 14
m0 0 14
m1 0 12
m2 -5 -5
1 0 5
2 0 5
3 0 5
t 246 14
m0 0 13
m1 0 12
m2 -5 -5
1 1 5
2 1 5
3 1 5
t 245 14
m0 0 14
m1 0 12
m2 -5 -5
1 0 5
2 0 5
3 0 5
t 244 14
m0 1 14
m1 0 12
m2 -5 -5
1 1 5
2 1 5
3 1 5
t 243 14
m0 2 14
m1 0 12
m2 -5 -5
1 0 5
2 0 5
3 0 5
t 242 14
m0 2 14
m1 0 12
m2 -5 -5
1 1 5
2 1 5
3 1 5
t 241 14
m0 3 14
m1 0 12
m2 -5 -5
1 0 5
2 0 5
3 0 5
t 240 14
m0 4 14
m1 0 12
m2 -5 -5
1 1 5
2 1 5
3 1 5
t 239 14
m0 4 14
m1 0 12
m2 -5 -5
1 0 5
2 0 5
3 0 5
t 238 14
m0 4 14
m1 0 12
m2 -5 -5
1 1 5
2 1 5
3 1 5
t 237 14
m0 4 14
m1 0 12
m2 -5 -5
1 0 5
2 0 5
3 0 5
t 236 14
m0 4 13
m1 0 12
m2 -5 -5
1 1 5
2 1 5
3 1 5
t 235 14
m0 4 12
m1 0 12
m2 -5 -5
1 0 5
2 0 5
3 0 5
t 234 14
m0 4 13
m1 0 12
m2 -5 -5
1 1 5
2 1 5
3 1 5
t 233 14
m0 5 13
m1 0 12
m2 -5 -5
1 0 5
2 0 5
3 0 5
t 232 14
m0 6 13
m1 0 12
m2 -5 -5
1 1 5
2 1 5
3 1 5
t 231 15
m0 7 13
m1 0 12
m2 -5 -5
1 0 5
2 0 5
3 0 5
t 230 15
m0 7 13
m1 0 12
m2 -5 -5
1 1 5
2 1 5
3 1 5
t 229 15
m0 6 13
m1 0 12
m2 -5 -5
1 0 5
2 0 5
3 0 5
t 228 15
m0 7 13
m1 0 12
m2 -5 -5
1 1 5
2 1 5
3 1 5
t 227 15
m0 7 13
m1 0 12
m2 -5 -5
1 0 5
2 0 5
3 0 5
t 226 15
m0 7 13
m1 0 12
m2 -5 -5
1 1 5
2 1 5
3 1 5
t 225 15
m0 8 13
m1 0 12
m2 -5 -5
1 0 5
2 0 5
3 0 5
t 224 16
m0 7 13
m1 0 12
m2 -5 -5
1 1 5
2 1 5
3 1 5
t 223 16
m0 8 13
m1 0 12
m2 -5 -5
1 0 5
2 0 5
3 0 5
t 222 16
m0 9 13
m1 0 12
m2 -5 -5
1 1 5
2 1 5
3 1 5
t 221 16
m0 8 13
m1 0 12
m2 -5 -5
1 0 5
2 0 5
3 0 5
t 220 16
m0 8 13
m1 0 12
m2 -5 -5
1 1 5
2 1 5
3 1 5
t 219 16
m0 9 13
m1 0 12
m2 -5 -5
1 0 5
2 0 5
3 0 5
t 218 16
m0 9 13
m1 0 12
m2 -5 -5
1 1 5
2 1 5
3 1 5
t 217 16
m0 9 14
m1 0 12
m2 -5 -5
1 0 5
2 0 5
3 0 5
t 216 16
m0 9 13
m1 0 12
m2 -5 -5
1 1 5
2 1 5
3 1 5
t 215 16
m0 9 13
m1 0 12
m2 -5 -5
1 0 5
2 0 5
3 0 5
t 214 16
m0 9 13
m1 0 12
m2 -5 -5
1 1 5
2 1 5
3 1 5
t 213 16
m0 9 14
m1 0 12
m2 -5 -5
1 0 5
2 0 5
3 0 5
t 212 16
m0 9 13
m1 0 12
m2 -5 -5
1 1 5
2 1 5
3 1 5
t 211 16
m0 9 14
m1 0 12
m2 -5 -5
1 0 5
2 0 5
3 0 5
t 210 16
m0 9 14
m1 0 12
m2 -5 -5
1 1 5
2 1 5
3 1 5
t 209 16
m0 9 14
m1 0 12
m2 -5 -5
1 0 5
2 0 5
3 0 5
t 208 16
m0 9 14
m1 0 12
m2 -5 -5
1 1 5
2 1 5
3 1 5
t 207 16
m0 9 14
m1 0 12
m2 -5 -5
1 0 5
2 0 5
3 0 5
t 206 16
m0 8 14
m1 0 12
m2 -5 -5
1 1 5
2 1 5
3 1 5
t 205 17
m0 9 14
m1 0 12
m2 -5 -5
1 0 5
2 0 5
3 0 5
t 204 17
m0 9 13
m1 0 12
m2 -5 -5
1 1 5
2 1 5
3 1 5
t 203 17
m0 9 14
m1 0 12
m2 -5 -5
1 0 5
2 0 5
3 0 5
t 202 17
m0 9 13
m1 0 12
m2 -5 -5
1 1 5
2 1 5
3 1 5
t 201 17
m0 9 14
m1 0 12
m2 -5 -5
1 0 5
2 0 5
3 0 5
t 200 17
m0 8 14
m1 0 12
m2 -5 -5
1 1 5
2 1 5
3 1 5
t 199 17
m0 9 14
m1 0 12
m2 -5 -5
1 0 5
2 0 5
3 0 5
t 198 17
m0 8 14
m1 0 12
m2 -5 -5
1 1 5
2 1 5
3 1 5
t 197 17
m0 9 14
m1 0 12
m2 -5 -5
1 0 5
2 0 5
3 0 5
t 196 17
m0 9 14
m1 0 12
m2 -5 -5
1 1 5
2 1 5
3 1 5
t 195 17
m0 9 13
m1 0 12
m2 -5 -5
1 0 5
2 0 5
3 0 5
t 194 17
m0 9 13
m1 0 12
m2 -5 -5
1 1 5
2 1 5
3 1 5
t 193 17
m0 9 13
m1 0 12
m2 -5 -5
1 0 5
2 0 5
3 0 5
t 192 17
m0 9 13
m1 0 12
m2 -5 -5
1 1 5
2 1 5
3 1 5
t 191 17
m0 9 14
m1 0 12
m2 -5 -5
1 0 5
2 0 5
3 0 5
t 190 17
m0 8 14
m1 0 12
m2 -5 -5
1 1 5
2 1 5
3 1 5
t 189 17
m0 9 14
m1 0 12
m2 -5 -5
1 0 5
2 0 5
3 0 5
t 188 17
m0 9 14
m1 0 12
m2 -5 -5
1 1 5
2 1 5
3 1 5
t 187 17
m0 9 13
m1 0 12
m2 -5 -5
1 0 5
2 0 5
3 0 5
t 186 17
m0 9 14
m1 0 12
m2 -5 -5
1 1 5
2 1 5
3 1 5
t 185 17
m0 8 14
m1 0 12
m2 -5 -5
1 0 5
2 0 5
3 0 5
t 184 17
m0 8 13
m1 0 12
m2 -5 -5
1 1 5
2 1 5
3 1 5
t 183 17
m0 9 13
m1 0 12
m2 -5 -5
1 0 5
2 0 5
3 0 5
t 182 17
m0 9 13
m1 0 12
m2 -5 -5
1 1 5
2 1 5
3 1 5
t 181 17
m0 8 13
m1 0 12
m2 -5 -5
1 0 5
2 0 5
3 0 5
t 180 17
m0 9 13
m1 0 12
m2 -5 -5
1 1 5
2 1 5
3 1 5
t 179 17
m0 9 14
m1 0 12
m2 -5 -5
1 0 5
2 0 5
3 0 5
t 178 17
m0 9 14
m1 0 12
m2 -5 -5
1 1 5
2 1 5
3 1 5
t 177 17
m0 9 13
m1 0 12
m2 -5 -5
1 0 5
2 0 5
3 0 5
t 176 17
m0 9 14
m1 0 12
m2 -5 -5
1 1 5
2 1 5
3 1 5
t 175 17
m0 9 13
m1 0 12
m2 -5 -5
1 0 5
2 0 5
3 0 5
t 174 17
m0 9 13
m1 0 12
m2 -5 -5
1 1 5
2 1 5
3 1 5
t 173 17
m0 9 12
m1 0 12
m2 -5 -5
1 0 5
2 0 5
3 0 5
t 172 18
m0 9 11
m1 0 12
m2 -5 -5
1 1 5
2 1 5
3 1 5
t 171 18
m0 9 10
m1 0 12
m2 -5 -5
1 0 5
2 0 5
3 0 5
t 170 18
m0 9 9
m1 0 12
m2 -5 -5
1 1 5
2 1 5
3 1 5
t 169 18
m0 9 10
m1 0 12
m2 -5 -5
1 0 5
2 0 5
3 0 5
t 168 18
m0 9 11
m1 0 12
m2 -5 -5
1 1 5
2 1 5
3 1 5
t 167 18
m0 9 12
m1 0 12
m2 -5 -5
1 0 5
2 0 5
3 0 5
t 166 18
m0 9 13
m1 0 12
m2 -5 -5
1 1 5
2 1 5
3 1 5
t 165 18
m0 9 14
m1 0 12
m2 -5 -5
1 0 5
2 0 5
3 0 5
t 164 18
m0 9 13
m1 0 12
m2 -5 -5
1 1 5
2 1 5
3 1 5
t 163 18
m0 8 13
m1 0 12
m2 -5 -5
1 0 5
2 0 5
3 0 5
t 162 18
m0 9 13
m1 0 12
m2 -5 -5
1 1 5
2 1 5
3 1 5
t 161 18
m0 9 13
m1 0 12
m2 -5 -5
1 0 5
2 0 5
3 0 5
t 160 18
m0 8 13
m1 0 12
m2 -5 -5
1 1 5
2 1 5
3 1 5
t 159 18
m0 8 14
m1 0 12
m2 -5 -5
1 0 5
2 0 5
3 0 5
t 158 18
m0 8 13
m1 0 12
m2 -5 -5
1 1 5
2 1 5
3 1 5
t 157 18
m0 8 13
m1 0 12
m2 -5 -5
1 0 5
2 0 5
3 0 5
t 156 18
m0 8 13
m1 0 12
m2 -5 -5
1 1 5
2 1 5
3 1 5
t 155 18
m0 8 14
m1 0 12
m2 -5 -5
1 0 5
2 0 5
3 0 5
t 154 18
m0 9 14
m1 0 12
m2 -5 -5
1 1 5
2 1 5
3 1 5
t 153 18
m0 9 13
m1 0 12
m2 -5 -5
1 0 5
2 0 5
3 0 5
t 152 18
m0 8 13
m1 0 12
m2 -5 -5
1 1 5
2 1 5
3 1 5
t 151 18
m0 9 13
m1 0 12
m2 -5 -5
1 0 5
2 0 5
3 0 5
t 150 18
m0 9 13
m1 0 12
m2 -5 -5
1 1 5
2 1 5
3 1 5
t 149 18
m0 9 12
m1 0 12
m2 -5 -5
1 0 5
2 0 5
3 0 5
t 148 18
m0 9 12
m1 0 12
m2 -5 -5
1 1 5
2 1 5
3 1 5
t 147 18
m0 9 12
m1 0 12
m2 -5 -5
1 0 5
2 0 5
3 0 5
t 146 18
m0 9 13
m1 0 12
m2 -5 -5
1 1 5
2 1 5
3 1 5
t 145 18
m0 9 14
m1 0 12
m2 -5 -5
1 0 5
2 0 5
3 0 5
t 144 18
m0 9 14
m1 0 12
m2 -5 -5
1 1 5
2 1 5
3 1 5
t 143 18
m0 9 14
m1 0 12
m2 -5 -5
1 0 5
2 0 5
3 0 5
t 142 18
m0 8 14
m1 0 12
m2 -5 -5
1 1 5
2 1 5
3 1 5
t 141 18
m0 8 14
m1 0 12
m2 -5 -5
1 0 5
2 0 5
3 0 5
t 140 18
m0 8 13
m1 0 12
m2 -5 -5
1 1 5
2 1 5
3 1 5
t 139 18
m0 9 13
m1 0 12
m2 -5 -5
1 0 5
2 0 5
3 0 5
t 138 18
m0 9 12
m1 0 12
m2 -5 -5
1 1 5
2 1 5
3 1 5
t 137 18
m0 8 12
m1 0 12
m2 -5 -5
1 0 5
2 0 5
3 0 5
t 136 28
m0 9 12
m1 0 12
m2 -5 -5
1 1 5
2 1 5
3 1 5
f 3 5
t 135 28
m0 9 11
m1 0 12
m2 -5 -5
1 0 5
2 0 5
3 0 5
t 134 28
m0 9 10
m1 0 12
m2 -5 -5
1 1 5
2 1 5
3 1 5
t 133 28
m0 9 9
m1 0 12
m2 -5 -5
1 0 5
2 0 5
3 0 5
t 132 28
m0 9 8
m1 0 12
m2 -5 -5
1 1 5
2 1 5
3 1 5
t 131 28
m0 9 8
m1 0 12
m2 -5 -5
1 0 5
2 0 5
3 0 5
t 130 28
m0 9 8
m1 0 12
m2 -5 -5
1 1 5
2 1 5
3 1 5
t 129 28
m0 9 8
m1 0 12
m2 -5 -5
1 0 5
2 0 5
3 0 5
t 128 28
m0 9 7
m1 0 12
m2 -5 -5
1 1 5
2 1 5
3 1 5
t 127 29
m0 9 8
m1 0 12
m2 -5 -5
1 0 5
2 0 5
3 0 5
t 126 29
m0 9 8
m1 0 12
m2 -5 -5
1 1 5
2 1 5
3 1 5
t 125 29
m0 9 8
m1 0 12
m2 -5 -5
1 0 5
2 0 5
3 0 5
t 124 29
m0 9 9
m1 0 12
m2 -5 -5
1 1 5
2 1 5
3 1 5
t 123 29
m0 9 8
m1 0 12
m2 -5 -5
1 0 5
2 0 5
3 0 5
t 122 29
m0 8 8
m1 0 12
m2 -5 -5
1 1 5
2 1 5
3 1 5
t 121 30
m0 7 8
m1 0 12
m2 -5 -5
1 0 5
2 0 5
3 0 5
t 120 30
m0 8 8
m1 0 12
m2 -5 -5
1 1 5
2 1 5
3 1 5
t 119 30
m0 9 8
m1 0 12
m2 -5 -5
1 0 5
2 0 5
3 0 5
t 118 30
m0 9 7
m1 0 12
m2 -5 -5
1 1 5
2 1 5
3 1 5
t 117 30
m0 9 7
m1 0 12
m2 -5 -5
1 0 5
2 0 5
3 0 5
t 116 30
m0 9 8
m1 0 12
m2 -5 -5
1 1 5
2 1 5
3 1 5
t 115 30
m0 9 9
m1 0 12
m2 -5 -5
1 0 5
2 0 5
3 0 5
t 114 30
m0 8 9
m1 0 12
m2 -5 -5
1 1 5
2 1 5
3 1 5
t 113 30
m0 9 9
m1 0 12
m2 -5 -5
1 0 5
2 0 5
3 0 5
t 112 30
m0 9 9
m1 0 12
m2 -5 -5
1 1 5
2 1 5
3 1 5
t 111 30
m0 9 9
m1 0 12
m2 -5 -5
1 0 5
2 0 5
3 0 5
t 110 30
m0 8 9
m1 0 12
m2 -5 -5
1 1 5
2 1 5
3 1 5
t 109 30
m0 8 9
m1 0 12
m2 -5 -5
1 0 5
2 0 5
3 0 5
t 108 30
m0 8 10
m1 0 12
m2 -5 -5
1 1 5
2 1 5
3 1 5
t 107 30
m0 9 10
m1 0 12
m2 -5 -5
1 0 5
2 0 5
3 0 5
t 106 30
m0 9 9
m1 0 12
m2 -5 -5
1 1 5
2 1 5
3 1 5
t 105 30
m0 9 9
m1 0 12
m2 -5 -5
1 0 5
2 0 5
3 0 5
t 104 30
m0 9 8
m1 0 12
m2 -5 -5
1 1 5
2 1 5
3 1 5
t 103 30
m0 9 8
m1 0 12
m2 -5 -5
1 0 5
2 0 5
3 0 5
t 102 30
m0 9 8
m1 0 12
m2 -5 -5
1 1 5
2 1 5
3 1 5
t 101 30
m0 9 8
m1 0 12
m2 -5 -5
1 0 5
2 0 5
3 0 5
t 100 30
m0 9 8
m1 0 12
m2 -5 -5
1 1 5
2 1 5
3 1 5
t 99 30
m0 9 7
m1 0 12
m2 -5 -5
1 0 5
2 0 5
3 0 5
t 98 30
m0 9 6
m1 0 12
m2 -5 -5
1 1 5
2 1 5
3 1 5
t 97 31
m0 9 6
m1 0 12
m2 -5 -5
1 0 5
2 0 5
3 0 5
t 96 31
m0 9 5
m1 0 12
m2 -5 -5
1 1 5
2 1 5
3 1 5
t 95 31
m0 9 4
m1 0 12
m2 -5 -5
1 0 5
2 0 5
3 0 5
t 94 32
m0 9 4
m1 0 12
m2 -5 -5
1 1 5
2 1 5
3 1 5
t 93 32
m0 9 5
m1 0 12
m2 -5 -5
1 2 5
2 2 5
3 2 5
t 92 32
m0 9 4
m1 0 12
m2 -5 -5
1 3 5
2 3 5
3 3 5
t 91 32
m0 8 4
m1 0 12
m2 -5 -5
1 4 5
2 4 5
3 4 5
t 90 33
m0 9 4
m1 0 12
m2 -5 -5
1 5 5
2 5 5
3 5 5
t 89 33
m0 9 5
m1 0 12
m2 -5 -5
1 5 4
2 5 4
3 5 4
t 88 33
m0 9 6
m1 0 12
m2 -5 -5
1 6 4
2 6 4
3 6 4
t 87 33
m0 9 5
m1 0 12
m2 -5 -5
1 7 4
2 7 4
3 7 4
t 86 33
m0 9 4
m1 0 12
m2 -5 -5
1 8 4
2 8 4
3 8 4
t 85 33
m0 -5 -5
m1 0 12
m2 -5 -5
1 9 4
2 9 4
3 9 4
t 84 33
m0 -5 -5
m1 0 12
m2 -5 -5
1 8 4
2 8 4
3 8 4
t 83 33
m0 -5 -5
m1 0 12
m2 -5 -5
1 7 4
2 7 4
3 7 4
t 82 33
m0 -5 -5
m1 0 12
m2 -5 -5
1 6 4
2 6 4
3 6 4
t 81 33
m0 -5 -5
m1 0 12
m2 -5 -5
1 5 4
2 5 4
3 5 4
t 80 33
m0 -5 -5
m1 0 12
m2 -5 -5
1 4 4
2 4 4
3 4 4
t 79 33
m0 -5 -5
m1 0 12
m2 -5 -5
1 4 5
2 4 5
3 4 5
t 78 33
m0 -5 -5
m1 0 12
m2 -5 -5
1 3 5
2 3 5
3 3 5
t 77 33
m0 -5 -5
m1 0 12
m2 -5 -5
1 2 5
2 2 5
3 2 5
t 76 33
m0 -5 -5
m1 0 12
m2 -5 -5
1 1 5
2 1 5
3 1 5
t 75 33
m0 -5 -5
m1 0 12
m2 -5 -5
1 0 5
2 0 5
3 0 5
t 74 33
m0 -5 -5
m1 0 12
m2 -5 -5
1 1 5
2 1 5
3 1 5
t 73 33
m0 -5 -5
m1 0 12
m2 -5 -5
1 0 5
2 0 5
3 0 5
t 72 33
m0 -5 -5
m1 0 12
m2 -5 -5
1 1 5
2 1 5
3 1 5
t 71 33
m0 -5 -5
m1 0 12
m2 -5 -5
1 0 5
2 0 5
3 0 5
t 70 33
m0 -5 -5
m1 0 12
m2 -5 -5
1 1 5
2 1 5
3 1 5
t 69 33
m0 -5 -5
m1 0 12
m2 -5 -5
1 0 5
2 0 5
3 0 5
t 68 33
m0 -5 -5
m1 0 12
m2 -5 -5
1 1 5
2 1 5
3 1 5
t 67 33
m0 -5 -5
m1 0 12
m2 -5 -5
1 0 5
2 0 5
3 0 5
t 66 33
m0 -5 -5
m1 0 12
m2 -5 -5
1 1 5
2 1 5
3 1 5
t 65 33
m0 -5 -5
m1 0 12
m2 -5 -5
1 0 5
2 0 5
3 0 5
t 64 33
m0 -5 -5
m1 0 12
m2 -5 -5
1 1 5
2 1 5
3 1 5
t 63 33
m0 -5 -5
m1 0 12
m2 -5 -5
1 0 5
2 0 5
3 0 5
t 62 33
m0 -5 -5
m1 0 12
m2 -5 -5
1 1 5
2 1 5
3 1 5
t 61 33
m0 -5 -5
m1 0 12
m2 -5 -5
1 0 5
2 0 5
3 0 5
t 60 33
m0 -5 -5
m1 0 12
m2 -5 -5
1 1 5
2 1 5
3 1 5
t 59 33
m0 -5 -5
m1 0 12
m2 -5 -5
1 0 5
2 0 5
3 0 5
t 58 33
m0 -5 -5
m1 0 12
m2 -5 -5
1 1 5
2 1 5
3 1 5
t 57 33
m0 -5 -5
m1 0 12
m2 -5 -5
1 0 5
2 0 5
3 0 5
t 56 33
m0 -5 -5
m1 0 12
m2 -5 -5
1 1 5
2 1 5
3 1 5
t 55 33
m0 -5 -5
m1 0 12
m2 -5 -5
1 0 5
2 0 5
3 0 5
t 54 33
m0 -5 -5
m1 0 12
m2 -5 -5
1 1 5
2 1 5
3 1 5
t 53 33
m0 -5 -5
m1 0 12
m2 -5 -5
1 0 5
2 0 5
3 0 5
t 52 33
m0 -5 -5
m1 0 12
m2 -5 -5
1 1 5
2 1 5
3 1 5
t 51 33
m0 -5 -5
m1 0 12
m2 -5 -5
1 0 5
2 0 5
3 0 5
t 50 33
m0 -5 -5
m1 0 12
m2 -5 -5
1 1 5
2 1 5
3 1 5
t 49 33
m0 -5 -5
m1 0 12
m2 -5 -5
1 0 5
2 0 5
3 0 5
t 48 33
m0 -5 -5
m1 0 12
m2 -5 -5
1 1 5
2 1 5
3 1 5
t 47 33
m0 -5 -5
m1 0 12
m2 -5 -5
1 0 5
2 0 5
3 0 5
t 46 33
m0 -5 -5
m1 0 12
m2 -5 -5
1 1 5
2 1 5
3 1 5
t 45 33
m0 -5 -5
m1 0 12
m2 -5 -5
1 0 5
2 0 5
3 0 5
t 44 33
m0 -5 -5
m1 0 12
m2 -5 -5
1 1 5
2 1 5
3 1 5
t 43 33
m0 -5 -5
m1 0 12
m2 -5 -5
1 0 5
2 0 5
3 0 5
t 42 33
m0 -5 -5
m1 0 12
m2 -5 -5
1 1 5
2 1 5
3 1 5
t 41 33
m0 -5 -5
m1 0 12
m2 -5 -5
1 0 5
2 0 5
3 0 5
t 40 33
m0 -5 -5
m1 0 12
m2 -5 -5
1 1 5
2 1 5
3 1 5
t 39 33
m0 -5 -5
m1 0 12
m2 -5 -5
1 0 5
2 0 5
3 0 5
t 38 33
m0 -5 -5
m1 0 12
m2 -5 -5
1 1 5
2 1 5
3 1 5
t 37 33
m0 -5 -5
m1 0 12
m2 -5 -5
1 0 5
2 0 5
3 0 5
t 36 33
m0 -5 -5
m1 0 12
m2 -5 -5
1 1 5
2 1 5
3 1 5
t 35 33
m0 -5 -5
m1 0 12
m2 -5 -5
1 0 5
2 0 5
3 0 5
t 34 33
m0 -5 -5
m1 0 12
m2 -5 -5
1 1 5
2 1 5
3 1 5
t 33 33
m0 -5 -5
m1 0 12
m2 -5 -5
1 0 5
2 0 5
3 0 5
t 32 33
m0 -5 -5
m1 0 12
m2 -5 -5
1 1 5
2 1 5
3 1 5
t 31 33
m0 -5 -5
m1 0 12
m2 -5 -5
1 0 5
2 0 5
3 0 5
t 30 33
m0 -5 -5
m1 0 12
m2 -5 -5
1 1 5
2 1 5
3 1 5
t 29 33
m0 -5 -5
m1 0 12
m2 -5 -5
1 0 5
2 0 5
3 0 5
t 28 33
m0 -5 -5
m1 0 12
m2 -5 -5
1 1 5
2 1 5
3 1 5
t 27 33
m0 -5 -5
m1 0 12
m2 -5 -5
1 0 5
2 0 5
3 0 5
t 26 33
m0 -5 -5
m1 0 12
m2 -5 -5
1 1 5
2 1 5
3 1 5
t 25 33
m0 -5 -5
m1 0 12
m2 -5 -5
1 0 5
2 0 5
3 0 5
t 24 33
m0 -5 -5
m1 0 12
m2 -5 -5
1 1 5
2 1 5
3 1 5
t 23 33
m0 -5 -5
m1 0 12
m2 -5 -5
1 0 5
2 0 5
3 0 5
t 22 33
m0 -5 -5
m1 0 12
m2 -5 -5
1 1 5
2 1 5
3 1 5
t 21 33
m0 -5 -5
m1 0 12
m2 -5 -5
1 0 5
2 0 5
3 0 5
t 20 33
m0 -5 -5
m1 0 12
m2 -5 -5
1 1 5
2 1 5
3 1 5
t 19 33
m0 -5 -5
m1 0 12
m2 -5 -5
1 0 5
2 0 5
3 0 5
t 18 33
m0 -5 -5
m1 0 12
m2 -5 -5
1 1 5
2 1 5
3 1 5
t 17 33
m0 -5 -5
m1 0 12
m2 -5 -5
1 0 5
2 0 5
3 0 5
t 16 33
m0 -5 -5
m1 0 12
m2 -5 -5
1 1 5
2 1 5
3 1 5
t 15 33
m0 -5 -5
m1 0 12
m2 -5 -5
1 0 5
2 0 5
3 0 5
t 14 33
m0 -5 -5
m1 0 12
m2 -5 -5
1 1 5
2 1 5
3 1 5
t 13 33
m0 -5 -5
m1 0 12
m2 -5 -5
1 0 5
2 0 5
3 0 5
t 12 33
m0 -5 -5
m1 0 12
m2 -5 -5
1 1 5
2 1 5
3 1 5
t 11 33
m0 -5 -5
m1 0 12
m2 -5 -5
1 0 5
2 0 5
3 0 5
t 10 33
m0 -5 -5
m1 0 12
m2 -5 -5
1 1 5
2 1 5
3 1 5
t 9 33
m0 -5 -5
m1 0 12
m2 -5 -5
1 0 5
2 0 5
3 0 5
t 8 33
m0 -5 -5
m1 0 12
m2 -5 -5
1 1 5
2 1 5
3 1 5
t 7 33
m0 -5 -5
m1 0 12
m2 -5 -5
1 0 5
2 0 5
3 0 5
t 6 33
m0 -5 -5
m1 0 12
m2 -5 -5
1 1 5
2 1 5
3 1 5
t 5 33
m0 -5 -5
m1 0 12
m2 -5 -5
1 0 5
2 0 5
3 0 5
t 4 33
m0 -5 -5
m1 0 12
m2 -5 -5
1 1 5
2 1 5
3 1 5
t 3 33
m0 -5 -5
m1 0 12
m2 -5 -5
1 0 5
2 0 5
3 0 5
t 2 33
m0 -5 -5
m1 0 12
m2 -5 -5
1 1 5
2 1 5
3 1 5
t 1 33
m0 -5 -5
m1 0 12
m2 -5 -5
1 1 5
2 1 5
3 1 5
t 0 33
