10
15
w 6 9
w 1 3
w 7 12
w 9 8
w 0 3
w 8 5
w 4 9
w 3 3
w 5 5
w 5 12
w 6 3
w 9 11
w 5 0
w 1 10
w 9 7
w 9 14
w 4 14
w 9 10
w 3 9
w 0 5
w 4 2
w 1 0
w 6 5
w 7 9
w 2 7
w 7 8
w 8 3
w 4 6
w 6 1
w 5 7
w 9 9
w 6 13
w 1 7
w 0 9
w 3 4
w 0 2
w 8 4
p 7 3
p 6 6
p 5 6
p 2 1
p 8 9
p 6 2
p 0 10
p 9 4
p 7 11
p 2 5
p 1 11
p 7 2
p 5 8
p 4 0
p 8 14
p 9 0
p 8 1
p 7 6
p 6 10
p 8 10
p 3 6
p 8 6
p 4 1
p 1 1
p 4 10
p 3 2
p 2 6
p 5 4
p 8 2
p 6 4
p 3 13
p 6 11
p 1 13
p 4 5
p 6 0
p 0 12
p 2 3
p 8 7
p 6 12
p 2 14
p 4 11
p 5 3
p 9 13
p 5 10
p 6 8
p 8 12
p 9 2
p 7 13
p 3 1
p 2 11
p 5 14
p 0 6
p 3 8
p 4 3
p 5 2
p 9 12
m0 0 14
m1 0 14
m2 0 14
1 9 0
2 9 0
3 9 0
t 300 0
m0 1 14
m1 0 14
m2 0 13
1 8 0
2 8 0
3 8 0
t 299 0
m0 2 14
m1 0 14
m2 1 13
1 8 1
2 9 0
3 8 1
t 298 2
m0 1 14
m1 1 14
m2 0 13
1 8 0
2 9 1
3 8 0
t 297 2
m0 1 13
m1 1 14
m2 0 12
1 9 0
2 9 2
3 9 0
t 296 3
m0 2 13
m1 0 14
m2 0 12
1 8 0
2 8 2
3 8 0
t 295 3
m0 3 13
m1 1 14
m2 0 11
1 9 0
2 9 2
3 7 0
t 294 4
m0 4 13
m1 1 14
m2 1 11
1 8 0
2 9 1
3 7 1
t 293 5
m0 5 13
m1 0 14
m2 2 11
1 8 1
2 9 2
3 8 1
t 292 6
m0 5 14
m1 0 14
m2 3 11
1 9 1
2 9 1
3 8 2
t 291 7
m0 5 13
m1 0 14
m2 4 11
1 9 0
2 9 0
3 8 1
t 290 8
m0 5 14
m1 0 14
m2 4 10
1 8 0
2 8 0
3 8 0
t 289 9
m0 5 14
m1 0 14
m2 5 10
1 8 1
2 9 0
3 9 0
t 288 10
m0 5 14
m1 0 13
m2 6 10
1 8 0
2 8 0
3 9 1
t 287 11
m0 5 14
m1 1 13
m2 6 11
1 7 0
2 9 0
3 9 2
t 286 12
m0 5 14
m1 1 14
m2 7 11
1 6 0
2 9 1
3 9 1
t 285 13
m0 5 13
m1 0 14
m2 7 11
1 7 0
2 9 0
3 8 1
t 284 13
m0 4 13
m1 0 14
m2 7 11
1 6 0
2 9 1
3 9 1
t 283 13
m0 3 13
m1 1 14
m2 7 11
1 7 0
2 9 0
3 9 0
t 282 13
m0 3 14
m1 2 14
m2 7 10
1 6 0
2 9 1
3 8 0
t 281 13
m0 3 14
m1 1 14
m2 8 10
1 7 0
2 9 0
3 9 0
t 280 14
m0 2 14
m1 1 13
m2 8 9
1 6 0
2 8 0
3 8 0
t 279 15
m0 2 13
m1 1 12
m2 8 10
1 7 0
2 7 0
3 7 0
t 278 15
m0 2 14
m1 2 12
m2 8 9
1 7 1
2 8 0
3 6 0
t 277 15
m0 2 14
m1 2 13
m2 8 9
1 7 0
2 7 0
3 7 0
t 276 15
m0 2 14
m1 2 13
m2 8 9
1 6 0
2 7 1
3 6 0
t 275 15
m0 3 14
m1 1 13
m2 8 9
1 7 0
2 7 0
3 7 0
t 274 15
m0 3 14
m1 1 14
m2 8 8
1 6 0
2 7 1
3 7 1
t 273 15
m0 2 14
m1 0 14
m2 8 7
1 7 0
2 8 1
3 7 0
f 1 13
t 272 16
m0 3 14
m1 0 14
m2 8 6
1 6 0
2 9 1
3 6 0
t 271 17
m0 2 14
m1 1 14
m2 7 6
1 7 0
2 9 0
3 7 0
t 270 18
m0 2 14
m1 1 14
m2 6 6
1 8 0
2 8 0
3 8 0
t 269 19
m0 2 14
m1 1 13
m2 5 6
1 9 0
2 9 0
3 9 0
t 268 30
m0 2 14
m1 2 13
m2 6 6
1 8 0
2 9 1
3 9 1
t 267 30
m0 3 14
m1 3 13
m2 6 7
1 9 0
2 8 1
3 9 0
t 266 30
m0 3 14
m1 4 13
m2 6 8
1 8 0
2 9 1
3 9 1
f 2 10
t 265 31
m0 2 14
m1 5 13
m2 5 8
1 9 0
2 9 0
3 9 0
t 264 32
m0 1 14
m1 5 13
m2 4 8
1 8 0
2 8 0
3 8 0
t 263 32
m0 2 14
m1 5 13
m2 3 8
1 8 1
2 8 1
3 7 0
t 262 33
m0 2 14
m1 5 13
m2 3 7
1 8 0
2 8 0
3 8 0
t 261 33
m0 1 14
m1 4 13
m2 3 6
1 9 0
2 7 0
3 9 0
t 260 34
m0 2 14
m1 3 13
m2 2 6
1 8 0
2 8 0
3 9 1
t 259 35
m0 3 14
m1 3 14
m2 2 5
1 8 1
2 9 0
3 9 0
t 258 36
m0 3 13
m1 2 14
m2 1 5
1 9 1
2 8 0
3 8 0
t 257 36
m0 3 14
m1 1 14
m2 1 5
1 9 0
2 9 0
3 9 0
t 256 36
m0 3 14
m1 0 14
m2 1 4
1 8 0
2 9 1
3 9 1
t 255 36
m0 3 13
m1 1 14
m2 0 4
1 9 0
2 9 0
3 9 2
t 254 36
m0 3 14
m1 2 14
m2 1 4
1 8 0
2 8 0
3 9 1
t 253 36
m0 3 14
m1 2 14
m2 0 4
1 9 0
2 9 0
3 9 0
t 252 36
m0 2 14
m1 2 14
m2 0 4
1 8 0
2 9 1
3 8 0
t 251 36
m0 1 14
m1 2 14
m2 0 4
1 8 1
2 9 0
3 9 0
t 250 36
m0 1 14
m1 2 14
m2 0 4
1 9 1
2 9 1
3 8 0
t 249 36
m0 0 14
m1 2 14
m2 1 4
1 9 0
2 9 0
3 9 0
t 248 36
m0 0 14
m1 1 14
m2 2 4
1 9 1
2 9 1
3 8 0
t 247 36
m0 0 14
m1 1 14
m2 2 3
1 9 0
2 9 0
3 8 1
t 246 37
m0 0 13
m1 2 14
m2 2 2
1 8 0
2 8 0
3 8 0
t 245 37
m0 0 13
m1 3 14
m2 3 2
1 9 0
2 7 0
3 7 0
t 244 38
m0 0 14
m1 2 14
m2 3 1
1 8 0
2 8 0
3 8 0
t 243 39
m0 1 14
m1 2 13
m2 4 1
1 9 0
2 9 0
3 9 0
t 242 40
m0 0 14
m1 2 13
m2 4 0
1 9 1
2 9 1
3 9 1
t 241 41
m0 0 14
m1 3 13
m2 4 1
1 9 0
2 9 2
3 9 0
t 240 41
m0 0 14
m1 3 12
m2 4 1
1 9 1
2 9 3
3 8 0
t 239 41
m0 0 14
m1 3 11
m2 5 1
1 9 0
2 9 4
3 9 0
t 238 41
m0 0 14
m1 4 11
m2 5 2
1 8 0
2 9 5
3 8 0
t 237 42
m0 1 14
m1 4 10
m2 6 2
1 9 0
2 9 6
3 9 0
t 236 43
m0 1 14
m1 4 10
m2 7 2
1 8 0
2 9 5
3 8 0
t 235 44
m0 0 14
m1 4 10
m2 8 2
1 7 0
2 9 6
3 7 0
t 234 45
m0 1 14
m1 4 10
m2 9 2
1 6 0
2 8 6
3 6 0
t 233 46
m0 0 14
m1 4 10
m2 9 2
1 7 0
2 7 6
3 7 0
t 232 46
m0 0 13
m1 4 10
m2 9 3
1 6 0
2 6 6
3 6 0
t 231 46
m0 0 14
m1 5 10
m2 9 4
1 7 0
2 7 6
3 7 0
t 230 47
m0 1 14
m1 6 10
m2 9 5
1 6 0
2 7 7
3 6 0
t 229 47
m0 2 14
m1 7 10
m2 9 4
1 7 0
2 7 6
3 7 0
t 228 47
m0 1 14
m1 7 11
m2 9 3
1 6 0
2 6 6
3 6 0
t 227 47
m0 2 14
m1 7 10
m2 9 2
1 7 0
2 5 6
3 7 0
t 226 47
m0 1 14
m1 7 11
m2 9 2
1 6 0
2 6 6
3 6 0
t 225 47
m0 0 14
m1 7 11
m2 9 2
1 7 0
2 5 6
3 7 0
t 224 47
m0 0 14
m1 6 11
m2 9 1
1 6 0
2 6 6
3 6 0
t 223 47
m0 1 14
m1 6 12
m2 9 0
1 7 0
2 7 6
3 7 0
t 222 49
m0 1 14
m1 6 11
m2 9 1
1 6 0
2 7 5
3 6 0
t 221 49
m0 2 14
m1 6 10
m2 8 1
1 7 0
2 7 6
3 7 0
t 220 50
m0 1 14
m1 6 10
m2 8 0
1 6 0
2 7 5
3 6 0
t 219 50
m0 1 14
m1 7 10
m2 9 0
1 7 0
2 7 4
3 7 0
t 218 50
m0 0 14
m1 7 10
m2 9 0
1 7 1
2 6 4
3 7 1
t 217 50
m0 1 14
m1 8 10
m2 9 1
1 7 0
2 5 4
3 7 0
t 216 50
m0 2 14
m1 8 9
m2 9 1
1 6 0
2 4 4
3 6 0
t 215 50
m0 2 14
m1 8 9
m2 9 0
1 7 0
2 5 4
3 7 0
t 214 50
m0 1 14
m1 8 9
m2 9 0
1 6 0
2 4 4
3 6 0
t 213 50
m0 0 14
m1 8 10
m2 9 1
1 7 0
2 4 5
3 7 0
t 212 50
m0 0 13
m1 8 10
m2 9 0
1 6 0
2 3 5
3 6 0
t 211 50
m0 1 13
m1 8 9
m2 8 0
1 7 0
2 2 5
3 7 0
t 210 50
m0 2 13
m1 8 10
m2 9 0
1 6 0
2 3 5
3 7 1
t 209 50
m0 2 14
m1 8 9
m2 9 1
1 7 0
2 2 5
3 7 0
t 208 50
m0 2 14
m1 8 10
m2 9 0
1 7 1
2 3 5
3 7 1
t 207 50
m0 2 13
m1 8 10
m2 8 0
1 7 2
2 4 5
3 7 2
t 206 50
m0 2 14
m1 8 10
m2 7 0
1 7 3
2 3 5
3 7 3
t 205 50
m0 2 13
m1 8 10
m2 6 0
1 7 4
2 3 6
3 7 4
t 204 51
m0 2 14
m1 8 10
m2 6 0
1 6 4
2 3 5
3 7 5
t 203 51
m0 2 14
m1 8 9
m2 6 0
1 5 4
2 2 5
3 7 4
t 202 51
m0 3 14
m1 8 8
m2 6 0
1 4 4
2 1 5
3 6 4
t 201 51
m0 3 13
m1 8 8
m2 6 0
1 4 5
2 2 5
3 5 4
t 200 51
m0 4 13
m1 8 8
m2 6 0
1 3 5
2 2 4
3 4 4
t 199 51
m0 3 13
m1 8 8
m2 7 0
1 2 5
2 2 5
3 4 5
t 198 51
m0 2 13
m1 8 7
m2 7 0
1 1 5
2 1 5
3 3 5
t 197 51
m0 1 13
m1 7 7
m2 8 0
1 1 4
2 1 4
3 2 5
t 196 51
m0 1 14
m1 7 6
m2 9 0
1 0 4
2 0 4
3 2 4
t 195 51
m0 1 14
m1 7 7
m2 8 0
1 1 4
2 1 4
3 1 4
t 194 51
m0 0 14
m1 6 7
m2 8 0
1 0 4
2 0 4
3 0 4
t 193 51
m0 0 14
m1 7 7
m2 9 0
1 1 4
2 1 4
3 1 4
t 192 51
m0 1 14
m1 8 7
m2 9 0
1 0 4
2 1 5
3 0 4
t 191 51
m0 0 14
m1 8 7
m2 8 0
1 1 4
2 1 4
3 1 4
t 190 51
m0 1 14
m1 8 8
m2 7 0
1 1 5
2 0 4
3 0 4
t 189 51
m0 1 14
m1 8 9
m2 6 0
1 1 4
2 1 4
3 1 4
t 188 51
m0 0 14
m1 8 9
m2 7 0
1 2 4
2 2 4
3 1 5
t 187 51
m0 1 14
m1 8 8
m2 6 0
1 2 5
2 1 4
3 1 4
t 186 51
m0 0 14
m1 8 7
m2 6 0
1 1 5
2 1 5
3 0 4
t 185 51
m0 0 13
m1 8 8
m2 7 0
1 1 6
2 1 4
3 1 4
t 184 51
m0 0 13
m1 8 9
m2 6 0
1 1 5
2 0 4
3 1 5
t 183 51
m0 0 14
m1 8 8
m2 6 0
1 2 5
2 1 4
3 2 5
t 182 51
m0 1 14
m1 8 7
m2 7 0
1 1 5
2 0 4
3 1 5
t 181 51
m0 1 13
m1 8 8
m2 8 0
1 2 5
2 1 4
3 1 4
t 180 51
m0 1 14
m1 8 8
m2 9 0
1 2 4
2 0 4
3 2 4
t 179 51
m0 2 14
m1 8 8
m2 9 1
1 1 4
2 1 4
3 1 4
t 178 51
m0 3 14
m1 8 8
m2 9 0
1 0 4
2 1 5
3 0 4
t 177 51
m0 2 14
m1 8 7
m2 9 0
1 1 4
2 2 5
3 1 4
t 176 51
m0 2 14
m1 8 8
m2 8 0
1 2 4
2 1 5
3 2 4
t 175 51
m0 2 14
m1 8 7
m2 9 0
1 2 3
2 1 4
3 2 3
t 174 51
m0 1 14
m1 8 7
m2 9 1
1 2 4
2 0 4
3 2 4
t 173 51
m0 1 13
m1 8 8
m2 9 0
1 2 5
2 1 4
3 2 3
t 172 51
m0 2 13
m1 8 7
m2 9 0
1 1 5
2 0 4
3 2 4
t 171 51
m0 1 13
m1 8 7
m2 9 0
1 1 4
2 1 4
3 1 4
t 170 51
m0 1 14
m1 7 7
m2 9 0
1 2 4
2 1 5
3 0 4
t 169 51
m0 1 14
m1 7 7
m2 9 0
1 2 5
2 2 5
3 1 4
t 168 51
m0 1 14
m1 8 7
m2 9 0
1 2 4
2 1 5
3 0 4
t 167 51
m0 1 13
m1 8 8
m2 9 1
1 1 4
2 2 5
3 1 4
t 166 51
m0 0 13
m1 8 9
m2 9 1
1 2 4
2 2 4
3 2 4
t 165 51
m0 0 14
m1 8 9
m2 9 0
1 1 4
2 1 4
3 1 4
t 164 51
m0 1 14
m1 8 10
m2 8 0
1 2 4
2 2 4
3 0 4
t 163 51
m0 0 14
m1 8 11
m2 8 0
1 1 4
2 1 4
3 1 4
t 162 51
m0 1 14
m1 8 12
m2 7 0
1 0 4
2 2 4
3 1 5
t 161 52
m0 0 14
m1 9 12
m2 6 0
1 1 4
2 2 5
3 2 5
t 160 53
m0 1 14
m1 9 13
m2 6 0
1 1 5
2 2 6
3 2 6
t 159 54
m0 0 14
m1 9 13
m2 6 0
1 1 6
2 1 6
3 1 6
t 158 54
m0 0 14
m1 9 12
m2 6 0
1 2 6
2 2 6
3 1 5
t 157 54
m0 1 14
m1 9 13
m2 7 0
1 2 5
2 3 6
3 1 4
t 156 54
m0 0 14
m1 9 12
m2 6 0
1 1 5
2 3 5
3 1 5
t 155 54
m0 1 14
m1 8 12
m2 7 0
1 1 4
2 3 6
3 1 4
t 154 54
m0 2 14
m1 8 13
m2 7 1
1 0 4
2 3 7
3 1 5
t 153 54
m0 2 14
m1 7 13
m2 7 1
1 1 4
2 4 7
3 2 5
t 152 55
m0 1 14
m1 7 13
m2 7 2
1 1 5
2 3 7
3 1 5
t 151 55
m0 2 14
m1 8 13
m2 7 3
1 1 6
2 3 6
3 1 6
t 150 56
m0 2 14
m1 8 14
m2 7 3
1 1 5
2 3 7
3 1 5
t 149 57
m0 1 14
m1 8 14
m2 7 3
1 1 4
2 3 8
3 1 6
t 148 57
m0 1 13
m1 7 14
m2 7 4
1 0 4
2 3 7
3 1 5
t 147 57
m0 1 13
m1 8 14
m2 6 4
1 1 4
2 3 8
3 1 4
t 146 58
m0 2 13
m1 8 14
m2 5 4
1 0 4
2 3 7
3 1 5
t 145 59
m0 2 12
m1 8 14
m2 5 3
1 1 4
2 3 6
3 1 6
t 144 60
m0 2 13
m1 8 14
m2 4 3
1 1 5
2 2 6
3 0 6
t 143 61
m0 2 13
m1 7 14
m2 5 3
1 1 6
2 1 6
3 1 6
t 142 61
m0 2 12
m1 7 13
m2 5 3
1 2 6
2 2 6
3 0 6
t 141 61
m0 2 11
m1 7 14
m2 5 2
1 3 6
2 3 6
3 1 6
t 140 61
m0 2 10
m1 8 14
m2 5 2
1 3 5
2 3 5
3 1 5
t 139 71
m0 2 10
m1 8 14
m2 5 1
1 4 5
2 2 5
3 1 4
t 138 71
m0 2 10
m1 8 14
m2 5 1
1 3 5
2 1 5
3 0 4
t 137 71
m0 2 9
m1 8 14
m2 4 1
1 2 5
2 1 4
3 1 4
t 136 71
m0 1 9
m1 8 14
m2 4 0
1 3 5
2 2 4
3 2 4
t 135 71
m0 1 9
m1 8 14
m2 4 0
1 2 5
2 1 4
3 2 5
t 134 71
m0 1 9
m1 8 14
m2 4 0
1 2 4
2 2 4
3 2 4
t 133 71
m0 1 8
m1 8 14
m2 4 1
1 2 5
2 2 5
3 2 5
t 132 71
m0 0 8
m1 7 14
m2 5 1
1 2 4
2 3 5
3 3 5
t 131 71
m0 0 8
m1 8 14
m2 5 1
1 1 4
2 2 5
3 3 6
t 130 71
m0 0 8
m1 8 14
m2 5 1
1 2 4
2 3 5
3 3 5
t 129 71
m0 1 8
m1 8 14
m2 4 1
1 2 5
2 4 5
3 2 5
t 128 71
m0 1 8
m1 8 14
m2 5 1
1 2 4
2 3 5
3 3 5
t 127 71
m0 2 8
m1 8 14
m2 5 1
1 2 3
2 4 5
3 4 5
t 126 71
m0 2 9
m1 8 14
m2 5 2
1 2 4
2 3 5
3 3 5
t 125 71
m0 2 8
m1 8 14
m2 6 2
1 2 3
2 4 5
3 4 5
t 124 71
m0 2 9
m1 8 14
m2 7 2
1 2 4
2 3 5
3 3 5
t 123 71
m0 2 8
m1 8 14
m2 7 2
1 1 4
2 4 5
3 4 5
t 122 71
m0 1 8
m1 8 14
m2 6 2
1 2 4
2 3 5
3 3 5
t 121 71
m0 1 8
m1 8 14
m2 7 2
1 2 3
2 4 5
3 4 5
t 120 71
m0 0 8
m1 8 14
m2 7 1
1 2 4
2 3 5
3 3 5
t 119 71
m0 0 8
m1 8 14
m2 7 2
1 2 3
2 4 5
3 4 5
t 118 71
m0 1 8
m1 8 14
m2 6 2
1 2 4
2 3 5
3 3 5
t 117 71
m0 1 8
m1 8 14
m2 6 2
1 2 3
2 4 5
3 4 5
t 116 71
m0 1 9
m1 8 14
m2 7 2
1 2 4
2 3 5
3 3 5
t 115 71
m0 1 8
m1 8 14
m2 8 2
1 2 3
2 4 5
3 4 5
t 114 71
m0 1 8
m1 8 14
m2 8 1
1 2 2
2 4 4
3 4 4
t 113 71
m0 1 9
m1 8 14
m2 8 0
1 2 3
2 4 5
3 4 3
t 112 71
m0 1 8
m1 8 14
m2 8 1
1 2 2
2 4 4
3 4 4
t 111 71
m0 2 8
m1 8 14
m2 8 0
1 2 1
2 5 4
3 4 3
t 110 71
m0 1 8
m1 8 14
m2 9 0
1 2 2
2 4 4
3 4 4
t 109 71
m0 0 8
m1 7 14
m2 9 0
1 3 2
2 4 3
3 4 3
f 5 2
t 108 71
m0 0 8
m1 8 14
m2 8 0
1 2 2
2 4 4
3 4 4
t 107 71
m0 0 7
m1 8 14
m2 7 0
1 2 3
2 5 4
3 5 4
t 106 71
m0 0 6
m1 7 14
m2 8 0
1 2 2
2 6 4
3 6 4
t 105 72
m0 0 6
m1 8 14
m2 9 0
1 3 2
2 7 4
3 5 4
t 104 72
m0 1 6
m1 8 14
m2 8 0
1 3 1
2 6 4
3 5 3
t 103 72
m0 0 6
m1 7 14
m2 7 0
1 3 2
2 5 4
3 5 4
t 102 72
m0 1 6
m1 8 14
m2 7 0
1 3 1
2 6 4
3 6 4
t 101 72
m0 0 6
m1 7 14
m2 6 0
1 3 2
2 5 4
3 7 4
t 100 72
m0 0 6
m1 8 14
m2 6 0
1 2 2
2 4 4
3 7 5
t 99 72
m0 0 6
m1 7 14
m2 6 0
1 2 3
2 4 5
3 7 6
t 98 72
m0 0 7
m1 7 14
m2 7 0
1 2 2
2 4 4
3 6 6
t 97 72
m0 0 7
m1 8 14
m2 7 1
1 3 2
2 4 5
3 5 6
t 96 72
m0 0 6
m1 8 14
m2 7 0
1 2 2
2 4 4
3 6 6
t 95 72
m0 0 6
m1 8 13
m2 6 0
1 3 2
2 4 5
3 6 7
t 94 72
m0 0 6
m1 8 14
m2 6 0
1 2 2
2 4 4
3 6 8
t 93 72
m0 0 7
m1 8 13
m2 6 0
1 2 3
2 4 5
3 6 7
t 92 72
m0 0 6
m1 9 13
m2 6 0
1 2 2
2 4 4
3 6 8
t 91 72
m0 0 6
m1 9 13
m2 7 0
1 3 2
2 4 3
3 6 7
t 90 72
m0 0 7
m1 9 13
m2 6 0
1 2 2
2 4 4
3 6 6
t 89 72
m0 0 6
m1 9 13
m2 6 0
1 3 2
2 5 4
3 6 7
t 88 72
m0 0 6
m1 8 13
m2 7 0
1 2 2
2 4 4
3 7 7
t 87 72
m0 0 7
m1 9 13
m2 7 0
1 2 3
2 4 3
3 8 7
t 86 72
m0 0 7
m1 8 13
m2 7 0
1 2 2
2 4 4
3 8 6
t 85 72
m0 0 6
m1 8 14
m2 7 0
1 3 2
2 4 3
3 9 6
t 84 72
m0 0 7
m1 8 13
m2 7 0
1 2 2
2 4 4
3 8 6
t 83 72
m0 0 6
m1 9 13
m2 8 0
1 3 2
2 4 3
3 7 6
t 82 72
m0 0 6
m1 9 13
m2 9 0
1 3 1
2 5 3
3 7 7
t 81 72
m0 0 6
m1 8 13
m2 9 0
1 3 2
2 5 4
3 6 7
t 80 72
m0 0 7
m1 8 14
m2 9 0
1 2 2
2 4 4
3 6 6
t 79 72
m0 0 6
m1 8 13
m2 9 0
1 3 2
2 4 3
3 6 7
t 78 72
m0 0 6
m1 8 14
m2 8 0
1 2 2
2 5 3
3 6 8
t 77 72
m0 0 6
m1 8 14
m2 9 0
1 2 1
2 4 3
3 6 7
t 76 72
m0 0 7
m1 8 13
m2 9 0
1 3 1
2 5 3
3 6 8
t 75 72
m0 0 6
m1 8 14
m2 9 1
1 3 2
2 4 3
3 5 8
t 74 72
m0 0 7
m1 8 13
m2 9 2
1 2 2
2 4 4
3 5 9
t 73 72
m0 0 7
m1 8 14
m2 9 1
1 2 3
2 4 3
3 5 10
t 72 72
m0 0 8
m1 8 14
m2 9 0
1 2 4
2 4 4
3 5 9
t 71 72
m0 0 7
m1 8 14
m2 8 0
1 2 3
2 4 3
3 5 10
t 70 72
m0 0 6
m1 8 14
m2 8 0
1 2 2
2 4 4
3 4 10
t 69 72
m0 0 7
m1 8 14
m2 8 1
1 3 2
2 4 3
3 4 11
t 68 72
m0 0 7
m1 7 14
m2 8 1
1 2 2
2 4 4
3 4 10
t 67 72
m0 0 6
m1 8 14
m2 9 1
1 3 2
2 4 3
3 5 10
t 66 72
m0 0 7
m1 8 14
m2 9 2
1 3 1
2 4 4
3 4 10
t 65 72
m0 0 6
m1 8 14
m2 9 1
1 2 1
2 4 3
3 3 10
t 64 72
m0 0 6
m1 8 13
m2 9 1
1 2 0
2 5 3
3 4 10
t 63 72
m0 1 6
m1 8 14
m2 9 1
1 3 0
2 4 3
3 5 10
t 62 72
m0 0 6
m1 8 14
m2 9 1
1 2 0
2 5 3
3 5 9
t 61 72
m0 1 6
m1 8 14
m2 9 0
1 2 1
2 4 3
3 5 10
t 60 72
m0 0 6
m1 7 14
m2 9 1
1 2 0
2 5 3
3 5 9
t 59 72
m0 1 6
m1 7 13
m2 9 0
1 2 1
2 5 2
3 5 8
t 58 72
m0 2 6
m1 8 13
m2 9 0
1 3 1
2 5 3
3 6 8
t 57 72
m0 1 6
m1 8 14
m2 9 0
1 4 1
2 4 3
3 6 7
t 56 72
m0 1 6
m1 8 14
m2 9 0
1 3 1
2 5 3
3 6 8
t 55 72
m0 1 5
m1 8 14
m2 9 1
1 3 0
2 4 3
3 6 7
t 54 72
m0 1 6
m1 8 14
m2 9 2
1 4 0
2 5 3
3 6 8
t 53 72
m0 0 6
m1 7 14
m2 8 2
1 3 0
2 4 3
3 6 7
t 52 72
m0 0 7
m1 8 14
m2 7 2
1 2 0
2 4 4
3 6 8
t 51 72
m0 0 7
m1 8 14
m2 7 1
1 3 0
2 4 5
3 6 7
t 50 72
m0 0 8
m1 8 14
m2 7 0
1 3 1
2 4 4
3 6 6
t 49 72
m0 0 8
m1 8 14
m2 6 0
1 3 2
2 4 5
3 7 6
t 48 72
m0 1 8
m1 8 14
m2 6 0
1 2 2
2 4 4
3 8 6
t 47 72
m0 0 8
m1 8 14
m2 6 0
1 2 3
2 4 5
3 7 6
t 46 72
m0 1 8
m1 8 14
m2 6 0
1 2 4
2 4 4
3 8 6
t 45 72
m0 2 8
m1 8 14
m2 7 0
1 1 4
2 4 3
3 9 6
t 44 72
m0 2 9
m1 8 14
m2 8 0
1 0 4
2 4 4
3 9 5
t 43 72
m0 2 10
m1 8 14
m2 8 1
1 1 4
2 4 5
3 9 6
t 42 72
m0 2 10
m1 8 14
m2 8 0
1 0 4
2 4 4
3 9 5
t 41 72
m0 2 11
m1 7 14
m2 7 0
1 1 4
2 4 5
3 9 6
t 40 72
m0 2 10
m1 8 14
m2 7 0
1 0 4
2 4 4
3 9 5
t 39 72
m0 2 9
m1 8 14
m2 8 0
1 1 4
2 4 3
3 9 6
t 38 72
m0 2 10
m1 8 14
m2 9 0
1 0 4
2 4 4
3 8 6
t 37 72
m0 2 9
m1 8 14
m2 9 1
1 1 4
2 5 4
3 7 6
t 36 72
m0 2 10
m1 8 14
m2 9 1
1 0 4
2 4 4
3 6 6
t 35 72
m0 2 9
m1 8 14
m2 9 0
1 1 4
2 5 4
3 7 6
t 34 72
m0 2 8
m1 8 14
m2 9 1
1 0 4
2 6 4
3 7 5
t 33 72
m0 2 9
m1 8 14
m2 9 0
1 1 4
2 5 4
3 7 6
t 32 72
m0 2 8
m1 8 14
m2 8 0
1 0 4
2 6 4
3 6 6
t 31 72
m0 3 8
m1 8 14
m2 9 0
1 1 4
2 5 4
3 7 6
t 30 72
m0 3 7
m1 8 14
m2 9 0
1 0 4
2 6 4
3 8 6
t 29 72
m0 3 7
m1 8 14
m2 9 1
1 1 4
2 5 4
3 7 6
t 28 72
m0 3 7
m1 8 14
m2 9 0
1 0 4
2 6 4
3 7 5
t 27 72
m0 3 8
m1 8 14
m2 8 0
1 1 4
2 5 4
3 7 4
t 26 72
m0 3 7
m1 8 14
m2 9 0
1 0 4
2 5 3
3 6 4
t 25 72
m0 3 7
m1 8 14
m2 9 0
1 1 4
2 5 2
3 7 4
t 24 72
m0 3 6
m1 8 14
m2 9 0
1 0 4
2 5 3
3 6 4
t 23 72
m0 2 6
m1 8 14
m2 8 0
1 1 4
2 5 4
3 5 4
t 22 72
m0 1 6
m1 8 14
m2 9 0
1 2 4
2 6 4
3 5 3
t 21 72
m0 2 6
m1 8 14
m2 9 0
1 2 3
2 5 4
3 5 4
t 20 72
m0 1 6
m1 7 14
m2 9 1
1 2 2
2 6 4
3 5 3
t 19 72
m0 2 6
m1 8 14
m2 9 1
1 3 2
2 5 4
3 5 2
t 18 72
m0 2 6
m1 8 14
m2 9 0
1 3 1
2 5 3
3 5 1
t 17 72
m0 1 6
m1 7 14
m2 8 0
1 3 0
2 4 3
3 5 2
t 16 72
m0 0 6
m1 7 14
m2 7 0
1 3 1
2 4 4
3 5 3
t 15 72
m0 0 7
m1 8 14
m2 8 0
1 3 2
2 5 4
3 4 3
t 14 72
m0 0 6
m1 8 14
m2 8 1
1 2 2
2 4 4
3 4 4
t 13 72
m0 1 6
m1 8 14
m2 8 0
1 3 2
2 4 3
3 4 3
t 12 72
m0 0 6
m1 7 14
m2 8 0
1 2 2
2 5 3
3 4 4
t 11 72
m0 0 6
m1 8 14
m2 9 0
1 2 1
2 4 3
3 5 4
t 10 72
m0 0 7
m1 8 14
m2 9 0
1 2 2
2 5 3
3 4 4
t 9 72
m0 0 7
m1 7 14
m2 9 1
1 2 3
2 5 4
3 5 4
t 8 72
m0 0 8
m1 8 14
m2 9 1
1 2 2
2 4 4
3 4 4
t 7 72
m0 1 8
m1 8 14
m2 9 0
1 3 2
2 4 3
3 5 4
t 6 72
m0 2 8
m1 8 14
m2 9 0
1 3 1
2 5 3
3 5 3
t 5 72
m0 3 8
m1 8 14
m2 8 0
1 2 1
2 5 4
3 5 4
t 4 72
m0 2 8
m1 8 14
m2 8 0
1 1 1
2 5 3
3 4 4
t 3 72
m0 1 8
m1 8 14
m2 8 0
1 2 1
2 5 4
3 5 4
t 2 72
m0 0 8
m1 8 14
m2 7 0
1 2 2
2 4 4
3 4 4
t 1 72
m0 0 7
m1 8 14
m2 8 0
1 2 2
2 4 4
3 4 4
t 0 72
