10
15
w 4 8
w 3 0
w 2 8
w 5 6
w 8 5
w 3 14
w 1 2
w 3 3
w 8 1
w 7 6
w 5 12
w 8 10
w 1 10
w 8 6
w 1 1
w 4 10
w 7 14
w 5 4
w 9 14
w 3 2
w 5 11
w 7 1
w 9 3
w 5 2
w 4 14
w 0 12
w 2 10
w 1 9
w 2 14
w 9 6
w 7 8
w 6 8
w 7 13
w 0 6
w 8 8
w 3 4
w 2 4
p 6 9
p 1 3
p 4 7
p 9 1
p 7 7
p 3 11
p 5 13
p 4 12
p 9 4
p 5 1
p 2 5
p 5 8
p 7 2
p 4 0
p 9 0
p 5 5
p 2 9
p 3 10
p 6 10
p 1 14
p 6 3
p 2 13
p 9 11
p 0 11
p 5 0
p 3 6
p 7 10
p 9 7
p 2 6
p 0 0
p 8 2
p 9 10
p 3 9
p 0 5
p 7 5
p 6 12
p 1 0
p 0 8
p 6 5
p 3 5
p 0 1
p 7 9
p 9 13
p 5 10
p 1 12
p 8 12
p 6 1
p 3 1
p 9 9
p 7 4
p 2 0
p 1 8
p 5 14
p 3 8
p 9 12
p 8 4
m0 0 14
m1 0 14
m2 0 14
1 9 0
2 9 0
3 9 0
t 300 0
m0 0 13
m1 1 14
m2 1 14
1 8 0
2 9 1
3 8 0
t 299 1
m0 1 13
m1 1 14
m2 1 13
1 9 0
2 9 2
3 7 0
t 298 1
m0 1 12
m1 0 14
m2 2 13
1 8 0
2 9 1
3 6 0
t 297 3
m0 1 13
m1 1 14
m2 3 13
1 9 0
2 9 2
3 5 0
t 296 3
m0 2 13
m1 1 14
m2 4 13
1 8 0
2 9 1
3 4 0
t 295 3
m0 3 13
m1 1 14
m2 5 13
1 7 0
2 9 2
3 4 1
t 294 4
m0 3 13
m1 1 14
m2 6 13
1 8 0
2 9 1
3 3 1
t 293 4
m0 3 13
m1 1 14
m2 6 12
1 7 0
2 9 2
3 2 1
t 292 5
m0 4 13
m1 0 14
m2 7 12
1 6 0
2 9 1
3 2 2
t 291 5
m0 4 12
m1 0 14
m2 8 12
1 5 0
2 9 2
3 2 3
t 290 7
m0 4 13
m1 1 14
m2 9 12
1 6 0
2 9 1
3 1 3
t 289 8
m0 5 13
m1 0 14
m2 9 11
1 5 0
2 9 2
3 0 3
f 6 12
t 288 9
m0 5 14
m1 0 14
m2 9 10
1 4 0
2 9 1
3 0 4
t 287 11
m0 5 13
m1 0 14
m2 9 9
1 5 0
2 9 2
3 0 5
t 286 12
m0 5 13
m1 0 13
m2 9 8
1 4 0
2 9 1
3 1 5
t 285 12
m0 5 14
m1 1 13
m2 9 7
1 5 0
2 9 2
3 0 5
t 284 13
m0 5 14
m1 1 14
m2 8 7
1 4 0
2 9 1
3 0 4
t 283 13
m0 5 13
m1 0 14
m2 9 7
1 5 0
2 9 2
3 0 5
t 282 13
m0 5 13
m1 0 13
m2 8 7
1 4 0
2 9 1
3 1 5
t 281 13
m0 5 14
m1 0 13
m2 9 7
1 5 0
2 9 2
3 0 5
t 280 13
m0 5 13
m1 0 14
m2 8 7
1 4 0
2 9 1
3 0 4
t 279 13
m0 5 13
m1 0 13
m2 9 7
1 5 0
2 9 2
3 0 5
t 278 13
m0 5 14
m1 1 13
m2 8 7
1 4 0
2 9 1
3 0 4
t 277 13
m0 6 14
m1 1 12
m2 9 7
1 5 0
2 9 2
3 0 5
t 276 13
m0 6 14
m1 1 13
m2 8 7
1 4 0
2 9 1
3 0 4
t 275 13
m0 6 14
m1 1 12
m2 9 7
1 5 0
2 9 2
3 0 5
t 274 13
m0 6 13
m1 1 12
m2 8 7
1 4 0
2 9 1
3 0 4
t 273 13
m0 5 13
m1 1 13
m2 9 7
1 5 0
2 9 2
3 0 5
t 272 13
m0 5 14
m1 1 12
m2 8 7
1 4 0
2 9 1
3 0 4
t 271 13
m0 5 14
m1 1 11
m2 9 7
1 5 0
2 9 2
3 0 5
t 270 13
m0 5 13
m1 0 11
m2 8 7
1 4 0
2 9 1
3 1 5
t 269 14
m0 6 13
m1 1 11
m2 9 7
1 5 0
2 9 2
3 0 5
t 268 14
m0 6 12
m1 0 11
m2 8 7
1 4 0
2 9 1
3 1 5
t 267 24
m0 7 12
m1 1 11
m2 9 7
1 5 0
2 9 2
3 0 5
t 266 24
m0 6 12
m1 0 11
m2 8 7
1 4 0
2 9 1
3 1 5
f 5 14
t 265 24
m0 6 11
m1 0 11
m2 9 7
1 5 0
2 9 2
3 0 5
t 264 24
m0 7 11
m1 0 11
m2 8 7
1 4 0
2 9 1
3 1 5
t 263 24
m0 6 11
m1 0 11
m2 9 7
1 5 0
2 9 2
3 0 5
t 262 24
m0 6 10
m1 0 10
m2 8 7
1 4 0
2 9 1
3 1 5
t 261 25
m0 5 10
m1 0 9
m2 9 7
1 5 0
2 9 2
3 0 5
t 260 26
m0 5 10
m1 0 10
m2 8 7
1 4 0
2 9 1
3 1 5
t 259 26
m0 5 9
m1 0 11
m2 9 7
1 5 0
2 9 2
3 0 5
t 258 26
m0 5 9
m1 1 11
m2 8 7
1 4 0
2 9 1
3 0 4
t 257 26
m0 6 9
m1 1 12
m2 9 7
1 5 0
2 9 2
3 0 5
t 256 27
m0 6 10
m1 1 12
m2 8 7
1 4 0
2 9 1
3 0 4
t 255 27
m0 6 10
m1 1 13
m2 9 7
1 5 0
2 9 2
3 0 5
t 254 27
m0 6 9
m1 1 14
m2 8 7
1 4 0
2 9 1
3 0 4
t 253 27
m0 6 10
m1 1 14
m2 9 7
1 5 0
2 9 2
3 0 5
t 252 27
m0 5 10
m1 1 13
m2 8 7
1 4 0
2 9 1
3 0 4
t 251 27
m0 5 10
m1 0 13
m2 9 7
1 5 0
2 9 2
3 0 5
t 250 27
m0 5 9
m1 0 14
m2 8 7
1 4 0
2 9 1
3 0 4
t 249 27
m0 5 8
m1 1 14
m2 9 7
1 5 0
2 9 2
3 0 5
t 248 28
m0 5 9
m1 1 14
m2 8 7
1 4 0
2 9 1
3 0 4
t 247 28
m0 4 9
m1 0 14
m2 9 7
1 5 0
2 9 2
3 0 5
t 246 28
m0 3 9
m1 0 14
m2 8 7
1 4 0
2 9 1
3 0 4
t 245 29
m0 2 9
m1 0 14
m2 9 7
1 5 0
2 9 2
3 0 5
t 244 30
m0 2 9
m1 1 14
m2 8 7
1 4 0
2 9 1
3 0 4
t 243 30
m0 3 9
m1 1 14
m2 9 7
1 5 0
2 9 2
3 0 5
t 242 30
m0 3 10
m1 1 13
m2 8 7
1 4 0
2 9 1
3 0 4
t 241 31
m0 3 9
m1 1 14
m2 9 7
1 5 0
2 9 2
3 0 5
t 240 31
m0 3 8
m1 0 14
m2 8 7
1 4 0
2 9 1
3 0 4
t 239 32
m0 3 8
m1 0 13
m2 9 7
1 5 0
2 9 2
3 0 5
t 238 32
m0 3 7
m1 1 13
m2 8 7
1 4 0
2 9 1
3 0 4
t 237 32
m0 2 7
m1 1 14
m2 9 7
1 5 0
2 9 2
3 0 5
t 236 32
m0 1 7
m1 1 14
m2 8 7
1 4 0
2 9 1
3 0 4
t 235 32
m0 1 6
m1 1 13
m2 9 7
1 5 0
2 9 2
3 0 5
t 234 32
m0 1 6
m1 2 13
m2 8 7
1 4 0
2 9 1
3 0 4
t 233 32
m0 1 5
m1 3 13
m2 9 7
1 5 0
2 9 2
3 0 5
t 232 32
m0 2 5
m1 4 13
m2 8 7
1 4 0
2 9 1
3 0 4
t 231 33
m0 1 5
m1 4 12
m2 9 7
1 5 0
2 9 2
3 0 5
t 230 33
m0 -5 -5
m1 3 12
m2 8 7
1 4 0
2 9 1
3 0 4
t 229 34
m0 -5 -5
m1 4 12
m2 9 7
1 5 0
2 9 2
3 0 5
t 228 34
m0 -5 -5
m1 4 12
m2 8 7
1 4 0
2 9 1
3 0 4
t 227 34
m0 -5 -5
m1 4 13
m2 9 7
1 5 0
2 9 2
3 0 5
t 226 34
m0 -5 -5
m1 3 13
m2 8 7
1 4 0
2 9 1
3 0 4
t 225 34
m0 -5 -5
m1 3 13
m2 9 7
1 5 0
2 9 2
3 0 5
t 224 34
m0 -5 -5
m1 4 13
m2 8 7
1 4 0
2 9 1
3 0 4
t 223 34
m0 -5 -5
m1 3 13
m2 9 7
1 5 0
2 9 2
3 0 5
t 222 34
m0 -5 -5
m1 4 13
m2 8 7
1 4 0
2 9 1
3 0 4
t 221 34
m0 -5 -5
m1 4 13
m2 9 7
1 5 0
2 9 2
3 0 5
t 220 34
m0 -5 -5
m1 4 12
m2 8 7
1 4 0
2 9 1
3 0 4
t 219 34
m0 -5 -5
m1 4 12
m2 9 7
1 5 0
2 9 2
3 0 5
t 218 34
m0 -5 -5
m1 4 11
m2 8 7
1 4 0
2 9 1
3 0 4
t 217 34
m0 -5 -5
m1 4 11
m2 9 7
1 5 0
2 9 2
3 0 5
t 216 34
m0 -5 -5
m1 4 11
m2 8 7
1 4 0
2 9 1
3 0 4
t 215 34
m0 -5 -5
m1 4 12
m2 9 7
1 5 0
2 9 2
3 0 5
t 214 34
m0 -5 -5
m1 4 12
m2 8 7
1 4 0
2 9 1
3 0 4
t 213 34
m0 -5 -5
m1 4 12
m2 9 7
1 5 0
2 9 2
3 0 5
t 212 34
m0 -5 -5
m1 4 12
m2 8 7
1 4 0
2 9 1
3 0 4
t 211 34
m0 -5 -5
m1 3 12
m2 9 7
1 5 0
2 9 2
3 0 5
t 210 34
m0 -5 -5
m1 2 12
m2 8 7
1 4 0
2 9 1
3 0 4
t 209 34
m0 -5 -5
m1 2 12
m2 9 7
1 5 0
2 9 2
3 0 5
t 208 34
m0 -5 -5
m1 1 12
m2 8 7
1 4 0
2 9 1
3 0 4
t 207 34
m0 -5 -5
m1 1 13
m2 9 7
1 5 0
2 9 2
3 0 5
t 206 34
m0 -5 -5
m1 1 13
m2 8 7
1 4 0
2 9 1
3 0 4
t 205 34
m0 -5 -5
m1 1 12
m2 9 7
1 5 0
2 9 2
3 0 5
t 204 34
m0 -5 -5
m1 2 12
m2 8 7
1 4 0
2 9 1
3 0 4
t 203 34
m0 -5 -5
m1 1 12
m2 9 7
1 5 0
2 9 2
3 0 5
t 202 34
m0 -5 -5
m1 1 13
m2 8 7
1 4 0
2 9 1
3 0 4
t 201 34
m0 -5 -5
m1 1 13
m2 9 7
1 5 0
2 9 2
3 0 5
t 200 34
m0 -5 -5
m1 2 13
m2 8 7
1 4 0
2 9 1
3 0 4
t 199 34
m0 -5 -5
m1 2 13
m2 9 7
1 5 0
2 9 2
3 0 5
t 198 34
m0 -5 -5
m1 3 13
m2 8 7
1 4 0
2 9 1
3 0 4
t 197 34
m0 -5 -5
m1 4 13
m2 9 7
1 5 0
2 9 2
3 0 5
t 196 34
m0 -5 -5
m1 4 13
m2 8 7
1 4 0
2 9 1
3 0 4
t 195 34
m0 -5 -5
m1 4 12
m2 9 7
1 5 0
2 9 2
3 0 5
t 194 34
m0 -5 -5
m1 3 12
m2 8 7
1 4 0
2 9 1
3 0 4
t 193 34
m0 -5 -5
m1 4 12
m2 9 7
1 5 0
2 9 2
3 0 5
t 192 34
m0 -5 -5
m1 4 12
m2 8 7
1 4 0
2 9 1
3 0 4
t 191 34
m0 -5 -5
m1 4 12
m2 9 7
1 5 0
2 9 2
3 0 5
t 190 34
m0 -5 -5
m1 4 13
m2 8 7
1 4 0
2 9 1
3 0 4
t 189 34
m0 -5 -5
m1 5 13
m2 9 7
1 5 0
2 9 2
3 0 5
t 188 34
m0 -5 -5
m1 4 13
m2 8 7
1 4 0
2 9 1
3 0 4
t 187 34
m0 -5 -5
m1 5 13
m2 9 7
1 5 0
2 9 2
3 0 5
t 186 34
m0 -5 -5
m1 4 13
m2 8 7
1 4 0
2 9 1
3 0 4
t 185 34
m0 -5 -5
m1 3 13
m2 9 7
1 5 0
2 9 2
3 0 5
t 184 34
m0 -5 -5
m1 3 12
m2 8 7
1 4 0
2 9 1
3 0 4
t 183 34
m0 -5 -5
m1 3 12
m2 9 7
1 5 0
2 9 2
3 0 5
t 182 34
m0 -5 -5
m1 3 13
m2 8 7
1 4 0
2 9 1
3 0 4
t 181 34
m0 -5 -5
m1 3 13
m2 9 7
1 5 0
2 9 2
3 0 5
t 180 34
m0 -5 -5
m1 3 13
m2 8 7
1 4 0
2 9 1
3 0 4
t 179 34
m0 -5 -5
m1 2 13
m2 9 7
1 5 0
2 9 2
3 0 5
t 178 34
m0 -5 -5
m1 1 13
m2 8 7
1 4 0
2 9 1
3 0 4
t 177 34
m0 -5 -5
m1 1 14
m2 9 7
1 5 0
2 9 2
3 0 5
t 176 34
m0 -5 -5
m1 0 14
m2 8 7
1 4 0
2 9 1
3 0 4
t 175 34
m0 -5 -5
m1 0 13
m2 9 7
1 5 0
2 9 2
3 0 5
t 174 34
m0 -5 -5
m1 0 14
m2 8 7
1 4 0
2 9 1
3 0 4
t 173 34
m0 -5 -5
m1 1 14
m2 9 7
1 5 0
2 9 2
3 0 5
t 172 34
m0 -5 -5
m1 0 14
m2 8 7
1 4 0
2 9 1
3 0 4
t 171 34
m0 -5 -5
m1 0 13
m2 9 7
1 5 0
2 9 2
3 0 5
t 170 34
m0 -5 -5
m1 0 14
m2 8 7
1 4 0
2 9 1
3 0 4
t 169 34
m0 -5 -5
m1 1 14
m2 9 7
1 5 0
2 9 2
3 0 5
t 168 34
m0 -5 -5
m1 1 13
m2 8 7
1 4 0
2 9 1
3 0 4
t 167 34
m0 -5 -5
m1 2 13
m2 9 7
1 5 0
2 9 2
3 0 5
t 166 34
m0 -5 -5
m1 2 13
m2 8 7
1 4 0
2 9 1
3 0 4
t 165 34
m0 -5 -5
m1 3 13
m2 9 7
1 5 0
2 9 2
3 0 5
t 164 34
m0 -5 -5
m1 3 13
m2 8 7
1 4 0
2 9 1
3 0 4
t 163 34
m0 -5 -5
m1 3 13
m2 9 7
1 5 0
2 9 2
3 0 5
t 162 34
m0 -5 -5
m1 3 13
m2 8 7
1 4 0
2 9 1
3 0 4
t 161 34
m0 -5 -5
m1 3 12
m2 9 7
1 5 0
2 9 2
3 0 5
t 160 34
m0 -5 -5
m1 3 13
m2 8 7
1 4 0
2 9 1
3 0 4
t 159 34
m0 -5 -5
m1 2 13
m2 9 7
1 5 0
2 9 2
3 0 5
t 158 34
m0 -5 -5
m1 2 13
m2 8 7
1 4 0
2 9 1
3 0 4
t 157 34
m0 -5 -5
m1 3 13
m2 9 7
1 5 0
2 9 2
3 0 5
t 156 34
m0 -5 -5
m1 4 13
m2 8 7
1 4 0
2 9 1
3 0 4
t 155 34
m0 -5 -5
m1 5 13
m2 9 7
1 5 0
2 9 2
3 0 5
t 154 34
m0 -5 -5
m1 6 13
m2 8 7
1 4 0
2 9 1
3 0 4
t 153 34
m0 -5 -5
m1 5 13
m2 9 7
1 5 0
2 9 2
3 0 5
t 152 34
m0 -5 -5
m1 5 14
m2 8 7
1 4 0
2 9 1
3 0 4
t 151 44
m0 -5 -5
m1 5 13
m2 9 7
1 5 0
2 9 2
3 0 5
t 150 44
m0 -5 -5
m1 6 13
m2 8 7
1 4 0
2 9 1
3 0 4
t 149 44
m0 -5 -5
m1 6 14
m2 9 7
1 5 0
2 9 2
3 0 5
t 148 44
m0 -5 -5
m1 6 13
m2 8 7
1 4 0
2 9 1
3 0 4
t 147 44
m0 -5 -5
m1 5 13
m2 9 7
1 5 0
2 9 2
3 0 5
t 146 44
m0 -5 -5
m1 4 13
m2 8 7
1 4 0
2 9 1
3 0 4
t 145 44
m0 -5 -5
m1 4 12
m2 9 7
1 5 0
2 9 2
3 0 5
t 144 44
m0 -5 -5
m1 4 12
m2 8 7
1 4 0
2 9 1
3 0 4
t 143 44
m0 -5 -5
m1 4 12
m2 9 7
1 5 0
2 9 2
3 0 5
t 142 44
m0 -5 -5
m1 4 13
m2 8 7
1 4 0
2 9 1
3 0 4
t 141 44
m0 -5 -5
m1 4 13
m2 9 7
1 5 0
2 9 2
3 0 5
t 140 44
m0 -5 -5
m1 4 13
m2 8 7
1 4 0
2 9 1
3 0 4
t 139 44
m0 -5 -5
m1 4 13
m2 9 7
1 5 0
2 9 2
3 0 5
t 138 44
m0 -5 -5
m1 4 12
m2 8 7
1 4 0
2 9 1
3 0 4
t 137 44
m0 -5 -5
m1 4 11
m2 9 7
1 5 0
2 9 2
3 0 5
t 136 44
m0 -5 -5
m1 4 11
m2 8 7
1 4 0
2 9 1
3 0 4
t 135 44
m0 -5 -5
m1 4 12
m2 9 7
1 5 0
2 9 2
3 0 5
t 134 44
m0 -5 -5
m1 3 12
m2 8 7
1 4 0
2 9 1
3 0 4
t 133 44
m0 -5 -5
m1 3 13
m2 9 7
1 5 0
2 9 2
3 0 5
t 132 44
m0 -5 -5
m1 3 13
m2 8 7
1 4 0
2 9 1
3 0 4
f 6 6
t 131 44
m0 -5 -5
m1 2 13
m2 9 7
1 5 0
2 9 2
3 0 5
t 130 44
m0 -5 -5
m1 1 13
m2 8 7
1 4 0
2 9 1
3 0 4
t 129 44
m0 -5 -5
m1 1 12
m2 9 7
1 5 0
2 9 2
3 0 5
t 128 44
m0 -5 -5
m1 1 12
m2 8 7
1 4 0
2 9 1
3 0 4
t 127 44
m0 -5 -5
m1 1 11
m2 9 7
1 5 0
2 9 2
3 0 5
t 126 44
m0 -5 -5
m1 0 11
m2 8 7
1 4 0
2 9 1
3 1 5
t 125 44
m0 -5 -5
m1 1 11
m2 9 7
1 5 0
2 9 2
3 0 5
t 124 44
m0 -5 -5
m1 1 12
m2 8 7
1 4 0
2 9 1
3 0 4
t 123 44
m0 -5 -5
m1 1 12
m2 9 7
1 5 0
2 9 2
3 0 5
t 122 44
m0 -5 -5
m1 1 12
m2 8 7
1 4 0
2 9 1
3 0 4
t 121 44
m0 -5 -5
m1 1 13
m2 9 7
1 5 0
2 9 2
3 0 5
t 120 44
m0 -5 -5
m1 2 13
m2 8 7
1 4 0
2 9 1
3 0 4
t 119 44
m0 -5 -5
m1 2 13
m2 9 7
1 5 0
2 9 2
3 0 5
t 118 44
m0 -5 -5
m1 1 13
m2 8 7
1 4 0
2 9 1
3 0 4
t 117 44
m0 -5 -5
m1 0 13
m2 9 7
1 5 0
2 9 2
3 0 5
t 116 44
m0 -5 -5
m1 0 14
m2 8 7
1 4 0
2 9 1
3 0 4
t 115 44
m0 -5 -5
m1 1 14
m2 9 7
1 5 0
2 9 2
3 0 5
t 114 44
m0 -5 -5
m1 0 14
m2 8 7
1 4 0
2 9 1
3 0 4
t 113 44
m0 -5 -5
m1 0 14
m2 9 7
1 5 0
2 9 2
3 0 5
t 112 44
m0 -5 -5
m1 1 14
m2 8 7
1 4 0
2 9 1
3 0 4
t 111 44
m0 -5 -5
m1 1 13
m2 9 7
1 5 0
2 9 2
3 0 5
t 110 44
m0 -5 -5
m1 1 13
m2 8 7
1 4 0
2 9 1
3 0 4
t 109 44
m0 -5 -5
m1 2 13
m2 9 7
1 5 0
2 9 2
3 0 5
t 108 44
m0 -5 -5
m1 3 13
m2 8 7
1 4 0
2 9 1
3 0 4
t 107 44
m0 -5 -5
m1 4 13
m2 9 7
1 5 0
2 9 2
3 0 5
t 106 44
m0 -5 -5
m1 3 13
m2 8 7
1 4 0
2 9 1
3 0 4
t 105 44
m0 -5 -5
m1 3 13
m2 9 7
1 5 0
2 9 2
3 0 5
t 104 44
m0 -5 -5
m1 2 13
m2 8 7
1 4 0
2 9 1
3 0 4
t 103 44
m0 -5 -5
m1 2 12
m2 9 7
1 5 0
2 9 2
3 0 5
t 102 44
m0 -5 -5
m1 2 13
m2 8 7
1 4 0
2 9 1
3 0 4
t 101 44
m0 -5 -5
m1 1 13
m2 9 7
1 5 0
2 9 2
3 0 5
t 100 44
m0 -5 -5
m1 0 13
m2 8 7
1 4 0
2 9 1
3 1 5
t 99 44
m0 -5 -5
m1 0 14
m2 9 7
1 5 0
2 9 2
3 0 5
t 98 44
m0 -5 -5
m1 1 14
m2 8 7
1 4 0
2 9 1
3 0 4
t 97 44
m0 -5 -5
m1 0 14
m2 9 7
1 5 0
2 9 2
3 0 5
t 96 44
m0 -5 -5
m1 0 13
m2 8 7
1 4 0
2 9 1
3 1 5
t 95 44
m0 -5 -5
m1 1 13
m2 9 7
1 5 0
2 9 2
3 0 5
t 94 44
m0 -5 -5
m1 1 14
m2 8 7
1 4 0
2 9 1
3 0 4
t 93 44
m0 -5 -5
m1 1 14
m2 9 7
1 5 0
2 9 2
3 0 5
t 92 44
m0 -5 -5
m1 1 14
m2 8 7
1 4 0
2 9 1
3 0 4
t 91 44
m0 -5 -5
m1 0 14
m2 9 7
1 5 0
2 9 2
3 0 5
t 90 44
m0 -5 -5
m1 0 14
m2 8 7
1 4 0
2 9 1
3 0 4
t 89 44
m0 -5 -5
m1 0 13
m2 9 7
1 5 0
2 9 2
3 0 5
t 88 44
m0 -5 -5
m1 1 13
m2 8 7
1 4 0
2 9 1
3 0 4
t 87 44
m0 -5 -5
m1 0 13
m2 9 7
1 5 0
2 9 2
3 0 5
t 86 44
m0 -5 -5
m1 0 13
m2 8 7
1 4 0
2 9 1
3 1 5
t 85 44
m0 -5 -5
m1 0 14
m2 9 7
1 5 0
2 9 2
3 0 5
t 84 44
m0 -5 -5
m1 0 13
m2 8 7
1 4 0
2 9 1
3 1 5
t 83 44
m0 -5 -5
m1 0 14
m2 9 7
1 5 0
2 9 2
3 0 5
t 82 44
m0 -5 -5
m1 0 14
m2 8 7
1 4 0
2 9 1
3 0 4
t 81 44
m0 -5 -5
m1 1 14
m2 9 7
1 5 0
2 9 2
3 0 5
t 80 44
m0 -5 -5
m1 1 13
m2 8 7
1 4 0
2 9 1
3 0 4
t 79 44
m0 -5 -5
m1 1 13
m2 9 7
1 5 0
2 9 2
3 0 5
t 78 44
m0 -5 -5
m1 1 14
m2 8 7
1 4 0
2 9 1
3 0 4
t 77 44
m0 -5 -5
m1 1 14
m2 9 7
1 5 0
2 9 2
3 0 5
t 76 44
m0 -5 -5
m1 1 14
m2 8 7
1 4 0
2 9 1
3 0 4
t 75 44
m0 -5 -5
m1 0 14
m2 9 7
1 5 0
2 9 2
3 0 5
t 74 44
m0 -5 -5
m1 1 14
m2 8 7
1 4 0
2 9 1
3 0 4
t 73 44
m0 -5 -5
m1 1 13
m2 9 7
1 5 0
2 9 2
3 0 5
t 72 44
m0 -5 -5
m1 0 13
m2 8 7
1 4 0
2 9 1
3 1 5
t 71 44
m0 -5 -5
m1 0 14
m2 9 7
1 5 0
2 9 2
3 0 5
t 70 44
m0 -5 -5
m1 1 14
m2 8 7
1 4 0
2 9 1
3 0 4
t 69 44
m0 -5 -5
m1 1 13
m2 9 7
1 5 0
2 9 2
3 0 5
t 68 44
m0 -5 -5
m1 0 13
m2 8 7
1 4 0
2 9 1
3 1 5
t 67 44
m0 -5 -5
m1 0 14
m2 9 7
1 5 0
2 9 2
3 0 5
t 66 44
m0 -5 -5
m1 0 14
m2 8 7
1 4 0
2 9 1
3 0 4
t 65 44
m0 -5 -5
m1 0 13
m2 9 7
1 5 0
2 9 2
3 0 5
t 64 44
m0 -5 -5
m1 1 13
m2 8 7
1 4 0
2 9 1
3 0 4
t 63 44
m0 -5 -5
m1 0 13
m2 9 7
1 5 0
2 9 2
3 0 5
t 62 44
m0 -5 -5
m1 0 14
m2 8 7
1 4 0
2 9 1
3 0 4
t 61 44
m0 -5 -5
m1 0 13
m2 9 7
1 5 0
2 9 2
3 0 5
t 60 44
m0 -5 -5
m1 0 14
m2 8 7
1 4 0
2 9 1
3 0 4
t 59 44
m0 -5 -5
m1 1 14
m2 9 7
1 5 0
2 9 2
3 0 5
t 58 44
m0 -5 -5
m1 1 13
m2 8 7
1 4 0
2 9 1
3 0 4
t 57 44
m0 -5 -5
m1 1 14
m2 9 7
1 5 0
2 9 2
3 0 5
t 56 44
m0 -5 -5
m1 0 14
m2 8 7
1 4 0
2 9 1
3 0 4
t 55 44
m0 -5 -5
m1 1 14
m2 9 7
1 5 0
2 9 2
3 0 5
t 54 44
m0 -5 -5
m1 1 13
m2 8 7
1 4 0
2 9 1
3 0 4
t 53 44
m0 -5 -5
m1 2 13
m2 9 7
1 5 0
2 9 2
3 0 5
t 52 44
m0 -5 -5
m1 1 13
m2 8 7
1 4 0
2 9 1
3 0 4
t 51 44
m0 -5 -5
m1 1 14
m2 9 7
1 5 0
2 9 2
3 0 5
t 50 44
m0 -5 -5
m1 1 14
m2 8 7
1 4 0
2 9 1
3 0 4
t 49 44
m0 -5 -5
m1 0 14
m2 9 7
1 5 0
2 9 2
3 0 5
t 48 44
m0 -5 -5
m1 1 14
m2 8 7
1 4 0
2 9 1
3 0 4
t 47 44
m0 -5 -5
m1 0 14
m2 9 7
1 5 0
2 9 2
3 0 5
t 46 44
m0 -5 -5
m1 0 14
m2 8 7
1 4 0
2 9 1
3 0 4
t 45 44
m0 -5 -5
m1 0 14
m2 9 7
1 5 0
2 9 2
3 0 5
t 44 44
m0 -5 -5
m1 0 14
m2 8 7
1 4 0
2 9 1
3 0 4
t 43 44
m0 -5 -5
m1 1 14
m2 9 7
1 5 0
2 9 2
3 0 5
t 42 44
m0 -5 -5
m1 1 14
m2 8 7
1 4 0
2 9 1
3 0 4
t 41 44
m0 -5 -5
m1 0 14
m2 9 7
1 5 0
2 9 2
3 0 5
t 40 44
m0 -5 -5
m1 0 14
m2 8 7
1 4 0
2 9 1
3 0 4
t 39 44
m0 -5 -5
m1 0 13
m2 9 7
1 5 0
2 9 2
3 0 5
t 38 44
m0 -5 -5
m1 0 13
m2 8 7
1 4 0
2 9 1
3 1 5
t 37 44
m0 -5 -5
m1 0 13
m2 9 7
1 5 0
2 9 2
3 0 5
t 36 44
m0 -5 -5
m1 0 13
m2 8 7
1 4 0
2 9 1
3 1 5
t 35 44
m0 -5 -5
m1 0 13
m2 9 7
1 5 0
2 9 2
3 0 5
t 34 44
m0 -5 -5
m1 0 14
m2 8 7
1 4 0
2 9 1
3 0 4
t 33 44
m0 -5 -5
m1 0 13
m2 9 7
1 5 0
2 9 2
3 0 5
t 32 44
m0 -5 -5
m1 1 13
m2 8 7
1 4 0
2 9 1
3 0 4
t 31 44
m0 -5 -5
m1 0 13
m2 9 7
1 5 0
2 9 2
3 0 5
t 30 44
m0 -5 -5
m1 1 13
m2 8 7
1 4 0
2 9 1
3 0 4
t 29 44
m0 -5 -5
m1 1 12
m2 9 7
1 5 0
2 9 2
3 0 5
t 28 44
m0 -5 -5
m1 1 12
m2 8 7
1 4 0
2 9 1
3 0 4
t 27 44
m0 -5 -5
m1 1 13
m2 9 7
1 5 0
2 9 2
3 0 5
t 26 44
m0 -5 -5
m1 1 13
m2 8 7
1 4 0
2 9 1
3 0 4
t 25 44
m0 -5 -5
m1 0 13
m2 9 7
1 5 0
2 9 2
3 0 5
t 24 44
m0 -5 -5
m1 0 13
m2 8 7
1 4 0
2 9 1
3 1 5
t 23 44
m0 -5 -5
m1 0 13
m2 9 7
1 5 0
2 9 2
3 0 5
t 22 44
m0 -5 -5
m1 0 14
m2 8 7
1 4 0
2 9 1
3 0 4
t 21 44
m0 -5 -5
m1 1 14
m2 9 7
1 5 0
2 9 2
3 0 5
t 20 44
m0 -5 -5
m1 1 14
m2 8 7
1 4 0
2 9 1
3 0 4
t 19 44
m0 -5 -5
m1 1 14
m2 9 7
1 5 0
2 9 2
3 0 5
t 18 44
m0 -5 -5
m1 0 14
m2 8 7
1 4 0
2 9 1
3 0 4
t 17 44
m0 -5 -5
m1 0 14
m2 9 7
1 5 0
2 9 2
3 0 5
t 16 44
m0 -5 -5
m1 0 13
m2 8 7
1 4 0
2 9 1
3 1 5
t 15 44
m0 -5 -5
m1 0 14
m2 9 7
1 5 0
2 9 2
3 0 5
t 14 44
m0 -5 -5
m1 0 14
m2 8 7
1 4 0
2 9 1
3 0 4
t 13 44
m0 -5 -5
m1 0 14
m2 9 7
1 5 0
2 9 2
3 0 5
t 12 44
m0 -5 -5
m1 1 14
m2 8 7
1 4 0
2 9 1
3 0 4
t 11 44
m0 -5 -5
m1 1 13
m2 9 7
1 5 0
2 9 2
3 0 5
t 10 44
m0 -5 -5
m1 1 14
m2 8 7
1 4 0
2 9 1
3 0 4
t 9 44
m0 -5 -5
m1 1 13
m2 9 7
1 5 0
2 9 2
3 0 5
t 8 44
m0 -5 -5
m1 1 14
m2 8 7
1 4 0
2 9 1
3 0 4
t 7 44
m0 -5 -5
m1 0 14
m2 9 7
1 5 0
2 9 2
3 0 5
t 6 44
m0 -5 -5
m1 1 14
m2 8 7
1 4 0
2 9 1
3 0 4
t 5 44
m0 -5 -5
m1 1 13
m2 9 7
1 5 0
2 9 2
3 0 5
t 4 44
m0 -5 -5
m1 1 14
m2 8 7
1 4 0
2 9 1
3 0 4
t 3 44
m0 -5 -5
m1 0 14
m2 9 7
1 5 0
2 9 2
3 0 5
t 2 44
m0 -5 -5
m1 0 14
m2 8 7
1 4 0
2 9 1
3 0 4
t 1 44
m0 -5 -5
m1 0 14
m2 9 7
1 4 0
2 9 1
3 0 4
t 0 44
