10
15
w 5 9
w 1 3
w 8 13
w 5 6
w 2 8
w 7 7
w 3 11
w 0 7
w 8 9
w 5 1
w 1 11
w 5 8
w 3 14
w 1 2
w 6 14
w 2 9
w 8 1
w 7 6
w 4 4
w 6 3
w 1 5
w 8 6
w 6 4
w 5 4
w 0 0
w 2 6
w 5 11
w 7 1
w 4 14
w 2 10
w 4 2
w 2 14
w 8 3
w 3 12
w 6 13
w 0 9
w 9 12
p 7 3
p 4 7
p 4 8
p 2 1
p 2 12
p 9 4
p 7 11
p 2 5
p 8 5
p 7 2
p 4 0
p 9 0
p 6 7
p 5 5
p 5 12
p 6 10
p 1 14
p 2 13
p 0 11
p 9 11
p 3 6
p 0 4
p 3 4
p 1 1
p 4 10
p 9 14
p 3 13
p 6 11
p 1 13
p 4 5
p 9 3
p 1 4
p 0 12
p 9 10
p 3 9
p 2 3
p 1 9
p 8 7
p 6 12
p 0 8
p 4 11
p 3 5
p 7 8
p 5 3
p 0 1
p 7 0
p 5 10
p 9 2
p 6 1
p 3 1
p 0 13
p 5 7
p 5 14
p 0 6
p 5 2
p 2 4
m0 0 14
m1 0 14
m2 0 14
1 9 0
2 9 0
3 9 0
t 300 0
m0 0 13
m1 1 14
m2 0 14
1 8 0
2 8 0
3 8 0
t 299 2
m0 1 13
m1 1 14
m2 1 14
1 9 0
2 9 0
3 9 0
t 298 3
m0 0 13
m1 1 13
m2 1 14
1 8 0
2 8 0
3 8 0
t 297 3
m0 0 12
m1 2 13
m2 0 14
1 9 0
2 9 0
3 9 0
t 296 5
m0 0 13
m1 3 13
m2 0 14
1 8 0
2 8 0
3 8 0
t 295 6
m0 1 13
m1 4 13
m2 0 13
1 9 0
2 9 0
3 9 0
t 294 6
m0 1 13
m1 5 13
m2 1 13
1 8 0
2 8 0
3 8 0
t 293 6
m0 0 13
m1 5 12
m2 2 13
1 9 0
2 9 0
3 9 0
t 292 7
m0 1 13
m1 6 12
m2 2 13
1 8 0
2 8 0
3 8 0
t 291 8
m0 0 13
m1 7 12
m2 1 13
1 9 0
2 9 0
3 9 0
t 290 8
m0 0 12
m1 8 12
m2 0 13
1 8 0
2 8 0
3 8 0
t 289 8
m0 0 12
m1 8 11
m2 0 12
1 9 0
2 9 0
3 9 0
t 288 8
m0 0 13
m1 9 11
m2 1 12
1 8 0
2 8 0
3 8 0
t 287 9
m0 1 13
m1 9 10
m2 2 12
1 7 0
2 7 0
3 7 0
t 286 11
m0 0 13
m1 9 9
m2 1 12
1 6 0
2 6 0
3 6 0
t 285 11
m0 1 13
m1 9 8
m2 1 13
1 5 0
2 5 0
3 5 0
t 284 11
m0 0 13
m1 9 7
m2 2 13
1 4 0
2 4 0
3 4 0
t 283 11
m0 1 13
m1 9 6
m2 3 13
1 3 0
2 3 0
3 3 0
t 282 11
m0 0 13
m1 9 5
m2 2 13
1 2 0
2 2 0
3 2 0
t 281 11
m0 1 13
m1 9 4
m2 3 13
1 1 0
2 1 0
3 1 0
t 280 12
m0 0 13
m1 9 3
m2 4 13
1 2 0
2 2 0
3 2 0
t 279 13
m0 1 13
m1 9 2
m2 4 13
1 1 0
2 1 0
3 1 0
t 278 14
m0 0 13
m1 9 1
m2 3 13
1 2 0
2 2 0
3 2 0
t 277 14
m0 1 13
m1 9 0
m2 4 13
1 1 0
2 1 0
3 1 0
t 276 15
m0 0 13
m1 9 0
m2 4 13
1 1 1
2 1 1
3 1 1
f 7 14
t 275 15
m0 1 13
m1 9 0
m2 5 13
1 0 1
2 0 1
3 0 1
t 274 15
m0 0 13
m1 9 0
m2 5 14
1 0 2
2 0 2
3 0 2
t 273 16
m0 1 13
m1 9 0
m2 5 13
1 0 3
2 0 3
3 0 3
t 272 16
m0 0 13
m1 9 0
m2 5 12
1 0 2
2 0 2
3 0 2
t 271 16
m0 1 13
m1 9 0
m2 5 12
1 0 3
2 0 3
3 0 3
t 270 16
m0 0 13
m1 9 0
m2 5 12
1 0 2
2 0 2
3 0 2
t 269 16
m0 1 13
m1 9 0
m2 5 12
1 0 3
2 0 3
3 0 3
t 268 16
m0 0 13
m1 9 0
m2 5 12
1 0 2
2 0 2
3 0 2
t 267 16
m0 1 13
m1 9 0
m2 6 12
1 0 3
2 0 3
3 0 3
t 266 16
m0 0 13
m1 9 0
m2 6 11
1 0 2
2 0 2
3 0 2
t 265 17
m0 1 13
m1 9 0
m2 6 11
1 0 3
2 0 3
3 0 3
t 264 17
m0 0 13
m1 9 0
m2 7 11
1 0 2
2 0 2
3 0 2
t 263 18
m0 1 13
m1 9 0
m2 7 12
1 0 3
2 0 3
3 0 3
t 262 18
m0 0 13
m1 9 0
m2 8 12
1 0 2
2 0 2
3 0 2
t 261 18
m0 1 13
m1 9 0
m2 8 11
1 0 3
2 0 3
3 0 3
t 260 18
m0 0 13
m1 9 0
m2 9 11
1 0 2
2 0 2
3 0 2
t 259 18
m0 1 13
m1 8 0
m2 8 11
1 0 3
2 0 3
3 0 3
t 258 18
m0 0 13
m1 9 0
m2 8 10
1 0 2
2 0 2
3 0 2
t 257 18
m0 1 13
m1 9 0
m2 9 10
1 0 3
2 0 3
3 0 3
t 256 18
m0 0 13
m1 8 0
m2 8 10
1 0 2
2 0 2
3 0 2
t 255 18
m0 1 13
m1 9 0
m2 9 10
1 0 3
2 0 3
3 0 3
t 254 18
m0 0 13
m1 8 0
m2 9 10
1 0 2
2 0 2
3 0 2
t 253 18
m0 1 13
m1 7 0
m2 9 9
1 0 3
2 0 3
3 0 3
t 252 19
m0 0 13
m1 6 0
m2 9 9
1 0 4
2 0 4
3 0 4
t 251 19
m0 1 13
m1 5 0
m2 9 10
1 0 5
2 0 5
3 0 5
t 250 19
m0 0 13
m1 4 0
m2 9 11
1 0 4
2 0 4
3 0 4
t 249 20
m0 1 13
m1 4 0
m2 9 11
1 0 5
2 0 5
3 0 5
t 248 20
m0 0 13
m1 3 0
m2 9 10
1 0 4
2 0 4
3 0 4
t 247 20
m0 1 13
m1 4 0
m2 9 10
1 0 5
2 0 5
3 0 5
t 246 20
m0 0 13
m1 3 0
m2 9 10
1 0 4
2 0 4
3 0 4
t 245 20
m0 1 13
m1 4 0
m2 9 10
1 0 5
2 0 5
3 0 5
t 244 20
m0 0 13
m1 3 0
m2 9 11
1 0 4
2 0 4
3 0 4
t 243 20
m0 1 13
m1 4 0
m2 8 11
1 0 5
2 0 5
3 0 5
t 242 20
m0 0 13
m1 3 0
m2 9 11
1 0 4
2 0 4
3 0 4
t 241 20
m0 1 13
m1 4 0
m2 8 11
1 0 5
2 0 5
3 0 5
t 240 20
m0 0 13
m1 3 0
m2 8 12
1 0 4
2 0 4
3 0 4
t 239 20
m0 1 13
m1 4 0
m2 7 12
1 0 5
2 0 5
3 0 5
t 238 20
m0 0 13
m1 3 0
m2 7 11
1 0 4
2 0 4
3 0 4
t 237 20
m0 1 13
m1 3 0
m2 7 12
1 0 5
2 0 5
3 0 5
t 236 20
m0 0 13
m1 3 0
m2 6 12
1 0 4
2 0 4
3 0 4
t 235 20
m0 1 13
m1 3 0
m2 6 12
1 0 5
2 0 5
3 0 5
t 234 20
m0 0 13
m1 2 0
m2 6 11
1 0 6
2 0 6
3 0 6
t 233 20
m0 1 13
m1 3 0
m2 6 10
1 0 5
2 0 5
3 0 5
t 232 21
m0 0 13
m1 2 0
m2 7 10
1 0 6
2 0 6
3 0 6
t 231 21
m0 1 13
m1 3 0
m2 7 10
1 0 5
2 0 5
3 0 5
t 230 21
m0 0 13
m1 2 0
m2 6 10
1 0 6
2 0 6
3 0 6
t 229 21
m0 1 13
m1 2 0
m2 6 10
1 1 6
2 1 6
3 1 6
t 228 21
m0 0 13
m1 1 0
m2 6 10
1 0 6
2 0 6
3 0 6
t 227 21
m0 1 13
m1 2 0
m2 7 10
1 1 6
2 1 6
3 1 6
t 226 21
m0 0 13
m1 2 0
m2 6 10
1 0 6
2 0 6
3 0 6
t 225 21
m0 1 13
m1 2 0
m2 6 10
1 1 6
2 1 6
3 1 6
t 224 21
m0 0 13
m1 1 0
m2 6 10
1 0 6
2 0 6
3 0 6
t 223 21
m0 1 13
m1 2 0
m2 6 11
1 1 6
2 1 6
3 1 6
t 222 21
m0 0 13
m1 2 0
m2 7 11
1 0 6
2 0 6
3 0 6
t 221 21
m0 1 13
m1 3 0
m2 7 12
1 0 5
2 0 5
3 0 5
t 220 21
m0 0 13
m1 3 0
m2 7 12
1 0 4
2 0 4
3 0 4
t 219 21
m0 1 13
m1 4 0
m2 7 13
1 0 5
2 0 5
3 0 5
t 218 21
m0 0 13
m1 3 0
m2 7 14
1 0 4
2 0 4
3 0 4
t 217 31
m0 1 13
m1 4 0
m2 7 14
1 0 5
2 0 5
3 0 5
t 216 31
m0 0 13
m1 4 0
m2 8 14
1 0 4
2 0 4
3 0 4
f 6 8
t 215 31
m0 1 13
m1 5 0
m2 8 14
1 0 5
2 0 5
3 0 5
t 214 31
m0 0 13
m1 4 0
m2 8 14
1 0 4
2 0 4
3 0 4
t 213 31
m0 1 13
m1 5 0
m2 7 14
1 0 5
2 0 5
3 0 5
t 212 31
m0 0 13
m1 4 0
m2 8 14
1 0 4
2 0 4
3 0 4
t 211 31
m0 1 13
m1 5 0
m2 9 14
1 0 5
2 0 5
3 0 5
t 210 32
m0 0 13
m1 5 0
m2 9 13
1 0 4
2 0 4
3 0 4
t 209 32
m0 1 13
m1 5 0
m2 9 13
1 0 5
2 0 5
3 0 5
t 208 32
m0 0 13
m1 4 0
m2 9 13
1 0 4
2 0 4
3 0 4
t 207 32
m0 1 13
m1 5 0
m2 9 13
1 0 5
2 0 5
3 0 5
t 206 32
m0 0 13
m1 4 0
m2 9 14
1 0 4
2 0 4
3 0 4
t 205 32
m0 1 13
m1 5 0
m2 8 14
1 0 5
2 0 5
3 0 5
t 204 32
m0 0 13
m1 4 0
m2 7 14
1 0 4
2 0 4
3 0 4
t 203 32
m0 1 13
m1 5 0
m2 8 14
1 0 5
2 0 5
3 0 5
t 202 32
m0 0 13
m1 4 0
m2 7 14
1 0 4
2 0 4
3 0 4
t 201 32
m0 1 13
m1 5 0
m2 8 14
1 0 5
2 0 5
3 0 5
t 200 32
m0 0 13
m1 4 0
m2 8 14
1 0 4
2 0 4
3 0 4
t 199 32
m0 1 13
m1 5 0
m2 8 14
1 0 5
2 0 5
3 0 5
t 198 32
m0 0 13
m1 4 0
m2 9 14
1 0 4
2 0 4
3 0 4
t 197 32
m0 1 13
m1 5 0
m2 9 13
1 0 5
2 0 5
3 0 5
t 196 32
m0 0 13
m1 4 0
m2 9 14
1 0 4
2 0 4
3 0 4
t 195 32
m0 1 13
m1 5 0
m2 9 14
1 0 5
2 0 5
3 0 5
t 194 32
m0 0 13
m1 5 0
m2 9 14
1 0 4
2 0 4
3 0 4
t 193 32
m0 1 13
m1 6 0
m2 9 13
1 1 4
2 1 4
3 1 4
t 192 32
m0 0 13
m1 5 0
m2 9 13
1 0 4
2 0 4
3 0 4
t 191 32
m0 1 13
m1 5 0
m2 9 14
1 0 5
2 0 5
3 0 5
t 190 32
m0 0 13
m1 5 0
m2 8 14
1 0 4
2 0 4
3 0 4
t 189 32
m0 1 13
m1 5 0
m2 8 14
1 0 5
2 0 5
3 0 5
t 188 32
m0 0 13
m1 4 0
m2 9 14
1 0 4
2 0 4
3 0 4
t 187 32
m0 1 13
m1 5 0
m2 9 13
1 0 5
2 0 5
3 0 5
t 186 32
m0 0 13
m1 4 0
m2 9 14
1 0 4
2 0 4
3 0 4
t 185 32
m0 1 13
m1 5 0
m2 8 14
1 0 5
2 0 5
3 0 5
t 184 32
m0 0 13
m1 4 0
m2 9 14
1 0 4
2 0 4
3 0 4
t 183 32
m0 1 13
m1 5 0
m2 9 13
1 0 5
2 0 5
3 0 5
t 182 32
m0 0 13
m1 4 0
m2 9 14
1 0 4
2 0 4
3 0 4
t 181 32
m0 1 13
m1 5 0
m2 9 14
1 0 5
2 0 5
3 0 5
t 180 32
m0 0 13
m1 5 0
m2 9 14
1 0 4
2 0 4
3 0 4
t 179 32
m0 1 13
m1 6 0
m2 9 13
1 1 4
2 1 4
3 1 4
t 178 32
m0 0 13
m1 5 0
m2 9 14
1 0 4
2 0 4
3 0 4
t 177 32
m0 1 13
m1 6 0
m2 9 14
1 1 4
2 1 4
3 1 4
t 176 32
m0 0 13
m1 5 0
m2 9 13
1 0 4
2 0 4
3 0 4
t 175 32
m0 1 13
m1 5 0
m2 9 13
1 0 5
2 0 5
3 0 5
t 174 32
m0 0 13
m1 4 0
m2 9 13
1 0 4
2 0 4
3 0 4
t 173 32
m0 1 13
m1 5 0
m2 9 13
1 0 5
2 0 5
3 0 5
t 172 32
m0 0 13
m1 4 0
m2 9 13
1 0 4
2 0 4
3 0 4
t 171 32
m0 1 13
m1 5 0
m2 9 13
1 0 5
2 0 5
3 0 5
t 170 32
m0 0 13
m1 4 0
m2 9 13
1 0 4
2 0 4
3 0 4
t 169 32
m0 1 13
m1 5 0
m2 9 13
1 0 5
2 0 5
3 0 5
t 168 32
m0 0 13
m1 4 0
m2 9 13
1 0 4
2 0 4
3 0 4
t 167 32
m0 1 13
m1 5 0
m2 9 14
1 0 5
2 0 5
3 0 5
t 166 32
m0 0 13
m1 5 0
m2 9 14
1 0 4
2 0 4
3 0 4
t 165 32
m0 1 13
m1 6 0
m2 8 14
1 1 4
2 1 4
3 1 4
t 164 32
m0 0 13
m1 5 0
m2 8 14
1 0 4
2 0 4
3 0 4
t 163 32
m0 1 13
m1 5 0
m2 9 14
1 0 5
2 0 5
3 0 5
t 162 32
m0 0 13
m1 5 0
m2 9 14
1 0 4
2 0 4
3 0 4
t 161 32
m0 1 13
m1 6 0
m2 8 14
1 1 4
2 1 4
3 1 4
t 160 32
m0 0 13
m1 5 0
m2 8 14
1 0 4
2 0 4
3 0 4
t 159 32
m0 1 13
m1 5 0
m2 9 14
1 0 5
2 0 5
3 0 5
t 158 32
m0 0 13
m1 5 0
m2 8 14
1 0 4
2 0 4
3 0 4
t 157 32
m0 1 13
m1 5 0
m2 8 14
1 0 5
2 0 5
3 0 5
t 156 32
m0 0 13
m1 4 0
m2 9 14
1 0 4
2 0 4
3 0 4
t 155 32
m0 1 13
m1 5 0
m2 8 14
1 0 5
2 0 5
3 0 5
t 154 32
m0 0 13
m1 4 0
m2 8 14
1 0 4
2 0 4
3 0 4
t 153 32
m0 1 13
m1 5 0
m2 8 14
1 0 5
2 0 5
3 0 5
t 152 32
m0 0 13
m1 4 0
m2 9 14
1 0 4
2 0 4
3 0 4
t 151 32
m0 1 13
m1 5 0
m2 9 14
1 0 5
2 0 5
3 0 5
t 150 32
m0 0 13
m1 5 0
m2 8 14
1 0 4
2 0 4
3 0 4
t 149 32
m0 1 13
m1 5 0
m2 9 14
1 0 5
2 0 5
3 0 5
t 148 32
m0 0 13
m1 5 0
m2 9 13
1 0 4
2 0 4
3 0 4
t 147 32
m0 1 13
m1 5 0
m2 9 13
1 0 5
2 0 5
3 0 5
t 146 32
m0 0 13
m1 4 0
m2 9 14
1 0 4
2 0 4
3 0 4
t 145 32
m0 1 13
m1 5 0
m2 9 14
1 0 5
2 0 5
3 0 5
t 144 32
m0 0 13
m1 5 0
m2 8 14
1 0 4
2 0 4
3 0 4
t 143 32
m0 1 13
m1 5 0
m2 9 14
1 0 5
2 0 5
3 0 5
t 142 32
m0 0 13
m1 5 0
m2 8 14
1 0 4
2 0 4
3 0 4
t 141 32
m0 1 13
m1 5 0
m2 7 14
1 0 5
2 0 5
3 0 5
t 140 32
m0 0 13
m1 4 0
m2 8 14
1 0 4
2 0 4
3 0 4
t 139 32
m0 1 13
m1 5 0
m2 9 14
1 0 5
2 0 5
3 0 5
t 138 32
m0 0 13
m1 5 0
m2 9 13
1 0 4
2 0 4
3 0 4
t 137 32
m0 1 13
m1 5 0
m2 9 14
1 0 5
2 0 5
3 0 5
t 136 32
m0 0 13
m1 5 0
m2 9 14
1 0 4
2 0 4
3 0 4
t 135 32
m0 1 13
m1 6 0
m2 9 13
1 1 4
2 1 4
3 1 4
t 134 32
m0 0 13
m1 5 0
m2 9 14
1 0 4
2 0 4
3 0 4
t 133 32
m0 1 13
m1 6 0
m2 9 13
1 1 4
2 1 4
3 1 4
t 132 32
m0 0 13
m1 5 0
m2 9 13
1 0 4
2 0 4
3 0 4
t 131 32
m0 1 13
m1 5 0
m2 9 14
1 0 5
2 0 5
3 0 5
t 130 32
m0 0 13
m1 5 0
m2 8 14
1 0 4
2 0 4
3 0 4
t 129 32
m0 1 13
m1 5 0
m2 7 14
1 0 5
2 0 5
3 0 5
t 128 32
m0 0 13
m1 4 0
m2 8 14
1 0 4
2 0 4
3 0 4
t 127 32
m0 1 13
m1 5 0
m2 8 14
1 0 5
2 0 5
3 0 5
t 126 32
m0 0 13
m1 4 0
m2 8 14
1 0 4
2 0 4
3 0 4
t 125 32
m0 1 13
m1 5 0
m2 7 14
1 0 5
2 0 5
3 0 5
t 124 32
m0 0 13
m1 4 0
m2 8 14
1 0 4
2 0 4
3 0 4
t 123 32
m0 1 13
m1 5 0
m2 8 14
1 0 5
2 0 5
3 0 5
t 122 32
m0 0 13
m1 4 0
m2 7 14
1 0 4
2 0 4
3 0 4
t 121 32
m0 1 13
m1 5 0
m2 8 14
1 0 5
2 0 5
3 0 5
t 120 32
m0 0 13
m1 4 0
m2 9 14
1 0 4
2 0 4
3 0 4
t 119 32
m0 1 13
m1 5 0
m2 9 13
1 0 5
2 0 5
3 0 5
t 118 32
m0 0 13
m1 4 0
m2 9 14
1 0 4
2 0 4
3 0 4
t 117 32
m0 1 13
m1 5 0
m2 9 14
1 0 5
2 0 5
3 0 5
t 116 32
m0 0 13
m1 5 0
m2 9 14
1 0 4
2 0 4
3 0 4
t 115 32
m0 1 13
m1 6 0
m2 9 14
1 1 4
2 1 4
3 1 4
t 114 32
m0 0 13
m1 5 0
m2 9 13
1 0 4
2 0 4
3 0 4
t 113 32
m0 1 13
m1 5 0
m2 9 13
1 0 5
2 0 5
3 0 5
t 112 32
m0 0 13
m1 4 0
m2 9 14
1 0 4
2 0 4
3 0 4
t 111 32
m0 1 13
m1 5 0
m2 8 14
1 0 5
2 0 5
3 0 5
t 110 32
m0 0 13
m1 4 0
m2 9 14
1 0 4
2 0 4
3 0 4
t 109 32
m0 1 13
m1 5 0
m2 8 14
1 0 5
2 0 5
3 0 5
t 108 32
m0 0 13
m1 4 0
m2 7 14
1 0 4
2 0 4
3 0 4
t 107 32
m0 1 13
m1 5 0
m2 7 13
1 0 5
2 0 5
3 0 5
t 106 32
m0 0 13
m1 4 0
m2 7 13
1 0 4
2 0 4
3 0 4
t 105 32
m0 1 13
m1 4 0
m2 7 14
1 0 5
2 0 5
3 0 5
t 104 32
m0 0 13
m1 4 0
m2 7 13
1 0 4
2 0 4
3 0 4
t 103 32
m0 1 13
m1 4 0
m2 7 13
1 0 5
2 0 5
3 0 5
t 102 32
m0 0 13
m1 3 0
m2 7 14
1 0 4
2 0 4
3 0 4
t 101 32
m0 1 13
m1 4 0
m2 8 14
1 0 5
2 0 5
3 0 5
t 100 32
m0 0 13
m1 5 0
m2 8 14
1 0 4
2 0 4
3 0 4
t 99 32
m0 1 13
m1 5 0
m2 9 14
1 0 5
2 0 5
3 0 5
t 98 32
m0 0 13
m1 5 0
m2 8 14
1 0 4
2 0 4
3 0 4
t 97 32
m0 1 13
m1 5 0
m2 7 14
1 0 5
2 0 5
3 0 5
t 96 32
m0 0 13
m1 4 0
m2 7 13
1 0 4
2 0 4
3 0 4
t 95 32
m0 1 13
m1 4 0
m2 7 13
1 0 5
2 0 5
3 0 5
t 94 32
m0 0 13
m1 3 0
m2 7 13
1 0 4
2 0 4
3 0 4
t 93 32
m0 1 13
m1 4 0
m2 7 14
1 0 5
2 0 5
3 0 5
t 92 32
m0 0 13
m1 4 0
m2 7 14
1 0 4
2 0 4
3 0 4
t 91 32
m0 1 13
m1 5 0
m2 7 13
1 0 5
2 0 5
3 0 5
t 90 32
m0 0 13
m1 4 0
m2 7 12
1 0 4
2 0 4
3 0 4
t 89 32
m0 1 13
m1 3 0
m2 7 11
1 0 5
2 0 5
3 0 5
t 88 32
m0 0 13
m1 2 0
m2 8 11
1 0 6
2 0 6
3 0 6
t 87 32
m0 1 13
m1 3 0
m2 8 12
1 0 5
2 0 5
3 0 5
t 86 32
m0 0 13
m1 4 0
m2 8 12
1 0 4
2 0 4
3 0 4
t 85 32
m0 1 13
m1 4 0
m2 7 12
1 0 5
2 0 5
3 0 5
t 84 32
m0 0 13
m1 3 0
m2 7 13
1 0 4
2 0 4
3 0 4
t 83 32
m0 1 13
m1 4 0
m2 7 12
1 0 5
2 0 5
3 0 5
t 82 32
m0 0 13
m1 3 0
m2 7 12
1 0 4
2 0 4
3 0 4
t 81 32
m0 1 13
m1 4 0
m2 8 12
1 0 5
2 0 5
3 0 5
t 80 32
m0 0 13
m1 3 0
m2 8 12
1 0 4
2 0 4
3 0 4
t 79 32
m0 1 13
m1 4 0
m2 8 12
1 0 5
2 0 5
3 0 5
t 78 32
m0 0 13
m1 3 0
m2 7 12
1 0 4
2 0 4
3 0 4
t 77 32
m0 1 13
m1 4 0
m2 7 13
1 0 5
2 0 5
3 0 5
t 76 32
m0 0 13
m1 3 0
m2 7 13
1 0 4
2 0 4
3 0 4
t 75 32
m0 1 13
m1 4 0
m2 7 12
1 0 5
2 0 5
3 0 5
t 74 32
m0 0 13
m1 3 0
m2 8 12
1 0 4
2 0 4
3 0 4
t 73 32
m0 1 13
m1 4 0
m2 8 12
1 0 5
2 0 5
3 0 5
t 72 32
m0 0 13
m1 3 0
m2 7 12
1 0 4
2 0 4
3 0 4
t 71 32
m0 1 13
m1 4 0
m2 6 12
1 0 5
2 0 5
3 0 5
t 70 32
m0 0 13
m1 3 0
m2 5 12
1 0 4
2 0 4
3 0 4
t 69 32
m0 1 13
m1 2 0
m2 5 13
1 0 5
2 0 5
3 0 5
t 68 32
m0 0 13
m1 3 0
m2 5 14
1 0 4
2 0 4
3 0 4
t 67 32
m0 1 13
m1 4 0
m2 5 14
1 0 5
2 0 5
3 0 5
t 66 32
m0 0 13
m1 3 0
m2 5 14
1 0 4
2 0 4
3 0 4
t 65 32
m0 1 13
m1 4 0
m2 5 14
1 0 5
2 0 5
3 0 5
t 64 32
m0 0 13
m1 3 0
m2 5 13
1 0 4
2 0 4
3 0 4
t 63 32
m0 1 13
m1 3 0
m2 5 12
1 0 5
2 0 5
3 0 5
t 62 32
m0 0 13
m1 2 0
m2 6 12
1 0 6
2 0 6
3 0 6
t 61 32
m0 1 13
m1 3 0
m2 6 11
1 0 5
2 0 5
3 0 5
t 60 32
m0 0 13
m1 2 0
m2 6 11
1 0 6
2 0 6
3 0 6
t 59 32
m0 1 13
m1 3 0
m2 6 11
1 0 5
2 0 5
3 0 5
t 58 32
m0 0 13
m1 2 0
m2 6 10
1 0 6
2 0 6
3 0 6
t 57 32
m0 1 13
m1 2 0
m2 6 9
1 1 6
2 1 6
3 1 6
t 56 32
m0 0 13
m1 1 0
m2 6 8
1 0 6
2 0 6
3 0 6
t 55 42
m0 1 13
m1 1 0
m2 7 8
1 1 6
2 1 6
3 1 6
t 54 43
m0 0 13
m1 1 0
m2 7 9
1 0 6
2 0 6
3 0 6
t 53 43
m0 1 13
m1 2 0
m2 7 9
1 1 6
2 1 6
3 1 6
t 52 43
m0 0 13
m1 1 0
m2 7 9
1 0 6
2 0 6
3 0 6
t 51 43
m0 1 13
m1 2 0
m2 6 9
1 1 6
2 1 6
3 1 6
t 50 43
m0 0 13
m1 1 0
m2 6 9
1 0 6
2 0 6
3 0 6
t 49 43
m0 1 13
m1 2 0
m2 7 9
1 1 6
2 1 6
3 1 6
t 48 43
m0 0 13
m1 1 0
m2 6 9
1 0 6
2 0 6
3 0 6
t 47 43
m0 1 13
m1 2 0
m2 7 9
1 1 6
2 1 6
3 1 6
t 46 43
m0 0 13
m1 1 0
m2 7 10
1 0 6
2 0 6
3 0 6
t 45 43
m0 1 13
m1 2 0
m2 7 11
1 1 6
2 1 6
3 1 6
t 44 43
m0 0 13
m1 3 0
m2 8 11
1 0 6
2 0 6
3 0 6
t 43 43
m0 1 13
m1 4 0
m2 8 12
1 0 5
2 0 5
3 0 5
f 9 5
t 42 43
m0 0 13
m1 3 0
m2 7 12
1 0 4
2 0 4
3 0 4
t 41 43
m0 1 13
m1 4 0
m2 6 12
1 0 5
2 0 5
3 0 5
t 40 43
m0 0 13
m1 3 0
m2 5 12
1 0 4
2 0 4
3 0 4
t 39 43
m0 1 13
m1 2 0
m2 6 12
1 0 5
2 0 5
3 0 5
t 38 43
m0 0 13
m1 3 0
m2 5 12
1 0 4
2 0 4
3 0 4
t 37 43
m0 1 13
m1 2 0
m2 5 13
1 0 5
2 0 5
3 0 5
t 36 43
m0 0 13
m1 3 0
m2 5 13
1 0 4
2 0 4
3 0 4
t 35 43
m0 1 13
m1 3 0
m2 5 13
1 0 5
2 0 5
3 0 5
t 34 43
m0 0 13
m1 2 0
m2 5 14
1 0 6
2 0 6
3 0 6
t 33 43
m0 1 13
m1 3 0
m2 5 13
1 0 5
2 0 5
3 0 5
t 32 43
m0 0 13
m1 2 0
m2 4 13
1 0 6
2 0 6
3 0 6
t 31 43
m0 1 13
m1 3 0
m2 3 13
1 0 5
2 0 5
3 0 5
t 30 43
m0 0 13
m1 4 0
m2 3 13
1 0 4
2 0 4
3 0 4
t 29 43
m0 1 13
m1 5 0
m2 2 13
1 0 5
2 0 5
3 0 5
t 28 43
m0 0 13
m1 6 0
m2 3 13
1 0 4
2 0 4
3 0 4
t 27 43
m0 1 13
m1 7 0
m2 2 13
1 0 3
2 0 3
3 0 3
t 26 43
m0 0 13
m1 8 0
m2 2 12
1 0 2
2 0 2
3 0 2
t 25 43
m0 1 13
m1 9 0
m2 1 12
1 0 1
2 0 1
3 0 1
t 24 43
m0 0 13
m1 9 0
m2 1 13
1 0 2
2 0 2
3 0 2
t 23 43
m0 0 12
m1 9 0
m2 1 14
1 0 1
2 0 1
3 0 1
t 22 43
m0 0 13
m1 9 0
m2 1 13
1 0 2
2 0 2
3 0 2
t 21 43
m0 0 12
m1 9 0
m2 2 13
1 0 1
2 0 1
3 0 1
t 20 43
m0 0 13
m1 9 0
m2 1 13
1 0 2
2 0 2
3 0 2
t 19 43
m0 0 12
m1 9 0
m2 1 12
1 0 1
2 0 1
3 0 1
t 18 43
m0 0 13
m1 9 0
m2 1 12
1 0 2
2 0 2
3 0 2
t 17 43
m0 1 13
m1 9 0
m2 1 12
1 0 1
2 0 1
3 0 1
t 16 43
m0 0 13
m1 9 0
m2 1 13
1 0 2
2 0 2
3 0 2
t 15 43
m0 0 12
m1 9 0
m2 1 13
1 0 1
2 0 1
3 0 1
t 14 43
m0 0 13
m1 9 0
m2 1 14
1 0 2
2 0 2
3 0 2
t 13 43
m0 1 13
m1 9 0
m2 0 14
1 0 3
2 0 3
3 0 3
t 12 43
m0 0 13
m1 9 0
m2 1 14
1 0 2
2 0 2
3 0 2
t 11 43
m0 1 13
m1 9 0
m2 0 14
1 0 3
2 0 3
3 0 3
t 10 43
m0 0 13
m1 9 0
m2 1 14
1 0 2
2 0 2
3 0 2
t 9 43
m0 1 13
m1 9 0
m2 1 13
1 0 3
2 0 3
3 0 3
t 8 43
m0 0 13
m1 9 0
m2 1 14
1 0 2
2 0 2
3 0 2
t 7 43
m0 1 13
m1 9 0
m2 1 14
1 0 3
2 0 3
3 0 3
t 6 43
m0 0 13
m1 9 0
m2 1 14
1 0 2
2 0 2
3 0 2
t 5 43
m0 1 13
m1 9 0
m2 0 14
1 0 3
2 0 3
3 0 3
t 4 43
m0 0 13
m1 9 0
m2 1 14
1 0 2
2 0 2
3 0 2
t 3 43
m0 1 13
m1 9 0
m2 1 14
1 0 3
2 0 3
3 0 3
t 2 43
m0 0 13
m1 9 0
m2 1 13
1 0 2
2 0 2
3 0 2
t 1 43
m0 0 12
m1 9 0
m2 1 12
1 0 2
2 0 2
3 0 2
t 0 43
