10
15
w 5 9
w 6 9
w 9 8
w 8 0
w 7 7
w 2 1
w 5 13
w 3 11
w 1 6
w 7 11
w 0 3
w 8 5
w 3 3
w 8 1
w 5 12
w 0 11
w 3 6
w 0 4
w 9 7
w 4 10
w 5 4
w 0 0
w 9 14
w 6 4
w 3 13
w 4 5
w 1 13
w 0 8
w 5 3
w 7 9
w 0 1
w 8 3
w 6 1
w 3 1
w 7 13
w 5 7
w 3 8
p 7 3
p 9 1
p 7 12
p 3 0
p 2 8
p 0 2
p 0 7
p 8 9
p 0 10
p 3 7
p 1 11
p 7 2
p 5 8
p 4 0
p 8 14
p 9 0
p 6 7
p 5 5
p 4 9
p 1 5
p 9 11
p 7 10
p 3 4
p 4 1
p 7 14
p 3 2
p 7 1
p 5 11
p 9 3
p 4 14
p 1 4
p 0 12
p 9 10
p 7 5
p 2 3
p 1 9
p 0 5
p 8 7
p 3 9
p 1 0
p 9 6
p 6 5
p 3 5
p 4 11
p 9 13
p 7 0
p 6 8
p 1 12
p 8 12
p 9 2
p 9 9
p 5 14
p 0 6
p 0 9
p 7 8
p 2 4
m0 0 14
m1 0 14
m2 0 14
1 9 0
2 9 0
3 9 0
t 300 0
m0 1 14
m1 1 14
m2 1 14
1 9 1
2 9 1
3 9 1
t 299 0
m0 2 14
m1 1 14
m2 2 14
1 9 2
2 9 2
3 9 2
t 298 0
m0 2 13
m1 2 14
m2 1 14
1 8 2
2 8 2
3 8 2
t 297 0
m0 2 14
m1 2 14
m2 0 14
1 7 2
2 7 2
3 7 2
t 296 0
m0 2 14
m1 2 13
m2 1 14
1 7 3
2 7 3
3 7 3
t 295 0
m0 2 13
m1 2 13
m2 0 14
1 6 3
2 6 3
3 6 3
t 294 0
m0 2 14
m1 2 12
m2 1 14
1 6 2
2 6 2
3 6 2
t 293 0
m0 3 14
m1 1 12
m2 1 14
1 6 3
2 6 3
3 6 3
t 292 1
m0 2 14
m1 1 11
m2 2 14
1 6 2
2 6 2
3 6 2
t 291 2
m0 2 13
m1 1 12
m2 2 14
1 6 3
2 6 3
3 6 3
t 290 2
m0 2 12
m1 1 12
m2 2 14
1 6 2
2 6 2
3 6 2
t 289 2
m0 2 11
m1 2 12
m2 2 14
1 7 2
2 7 2
3 7 2
t 288 2
m0 2 11
m1 2 12
m2 1 14
1 7 1
2 7 1
3 7 1
t 287 2
m0 2 12
m1 2 11
m2 2 14
1 7 2
2 7 2
3 7 2
t 286 2
m0 2 11
m1 1 11
m2 3 14
1 8 2
2 8 2
3 8 2
t 285 2
m0 2 12
m1 2 11
m2 4 14
1 7 2
2 7 2
3 7 2
t 284 3
m0 2 11
m1 1 11
m2 4 14
1 8 2
2 8 2
3 8 2
t 283 3
m0 2 11
m1 1 11
m2 4 13
1 9 2
2 9 2
3 9 2
t 282 3
m0 2 10
m1 1 10
m2 4 12
1 8 2
2 8 2
3 8 2
t 281 3
m0 1 10
m1 1 9
m2 4 13
1 9 2
2 9 2
3 9 2
t 280 4
m0 1 11
m1 1 9
m2 4 12
1 9 3
2 9 3
3 9 3
t 279 4
m0 1 11
m1 2 9
m2 3 12
1 9 4
2 9 4
3 9 4
t 278 4
m0 1 10
m1 3 9
m2 3 12
1 9 5
2 9 5
3 9 5
t 277 5
m0 2 10
m1 3 9
m2 2 12
1 9 6
2 9 6
3 9 6
t 276 5
m0 2 9
m1 3 9
m2 3 12
1 8 6
2 8 6
3 8 6
t 275 5
m0 2 9
m1 3 10
m2 4 12
1 9 6
2 9 6
3 9 6
t 274 5
m0 2 9
m1 3 10
m2 4 11
1 8 6
2 8 6
3 8 6
t 273 6
m0 3 9
m1 3 10
m2 4 12
1 7 6
2 7 6
3 7 6
t 272 6
m0 3 10
m1 3 9
m2 4 11
1 8 6
2 8 6
3 8 6
t 271 6
m0 2 10
m1 4 9
m2 4 12
1 9 6
2 9 6
3 9 6
t 270 7
m0 2 10
m1 4 9
m2 4 12
1 9 5
2 9 5
3 9 5
t 269 7
m0 2 9
m1 4 9
m2 4 12
1 9 6
2 9 6
3 9 6
t 268 7
m0 1 9
m1 4 8
m2 3 12
1 9 5
2 9 5
3 9 5
t 267 7
m0 0 9
m1 5 8
m2 3 12
1 9 6
2 9 6
3 9 6
t 266 9
m0 0 9
m1 6 8
m2 2 12
1 9 5
2 9 5
3 9 5
t 265 10
m0 1 9
m1 7 8
m2 2 12
1 9 4
2 9 4
3 9 4
t 264 11
m0 1 10
m1 7 8
m2 2 13
1 9 3
2 9 3
3 9 3
t 263 11
m0 1 9
m1 6 8
m2 2 12
1 9 2
2 9 2
3 9 2
t 262 11
m0 1 10
m1 6 7
m2 3 12
1 8 2
2 8 2
3 8 2
t 261 12
m0 0 10
m1 6 7
m2 2 12
1 7 2
2 7 2
3 7 2
f 8 8
t 260 13
m0 1 10
m1 6 7
m2 3 12
1 8 2
2 8 2
3 8 2
t 259 13
m0 1 11
m1 6 8
m2 2 12
1 9 2
2 9 2
3 9 2
t 258 13
m0 2 11
m1 7 8
m2 2 13
1 9 3
2 9 3
3 9 3
t 257 13
m0 2 10
m1 8 8
m2 2 14
1 9 2
2 9 2
3 9 2
t 256 23
m0 2 11
m1 8 9
m2 2 13
1 9 1
2 9 1
3 9 1
f 8 11
t 255 24
m0 2 10
m1 8 10
m2 2 14
1 9 2
2 9 2
3 9 2
t 254 24
m0 2 9
m1 8 11
m2 2 14
1 8 2
2 8 2
3 8 2
t 253 34
m0 2 9
m1 8 10
m2 3 14
1 7 2
2 7 2
3 7 2
t 252 34
m0 3 9
m1 8 9
m2 3 14
1 8 2
2 8 2
3 8 2
t 251 34
m0 2 9
m1 8 9
m2 3 14
1 9 2
2 9 2
3 9 2
t 250 34
m0 2 10
m1 8 9
m2 4 14
1 9 1
2 9 1
3 9 1
t 249 34
m0 2 9
m1 8 8
m2 4 14
1 9 2
2 9 2
3 9 2
t 248 34
m0 3 9
m1 8 9
m2 3 14
1 9 1
2 9 1
3 9 1
t 247 34
m0 4 9
m1 8 9
m2 2 14
1 9 2
2 9 2
3 9 2
t 246 34
m0 4 8
m1 8 8
m2 3 14
1 8 2
2 8 2
3 8 2
t 245 34
m0 4 8
m1 8 7
m2 2 14
1 7 2
2 7 2
3 7 2
t 244 35
m0 5 8
m1 8 6
m2 1 14
1 6 2
2 6 2
3 6 2
t 243 35
m0 6 8
m1 8 6
m2 2 14
1 5 2
2 5 2
3 5 2
t 242 35
m0 5 8
m1 8 6
m2 2 13
1 4 2
2 4 2
3 4 2
t 241 35
m0 6 8
m1 7 6
m2 2 14
1 4 3
2 4 3
3 4 3
t 240 35
m0 6 7
m1 8 6
m2 2 14
1 4 2
2 4 2
3 4 2
t 239 35
m0 6 7
m1 8 7
m2 3 14
1 4 1
2 4 1
3 4 1
t 238 35
m0 6 6
m1 8 7
m2 3 14
1 4 0
2 4 0
3 4 0
t 237 35
m0 6 7
m1 8 7
m2 3 14
1 3 0
2 3 0
3 3 0
t 236 35
m0 6 6
m1 8 7
m2 4 14
1 4 0
2 4 0
3 4 0
t 235 35
m0 7 6
m1 8 8
m2 5 14
1 3 0
2 3 0
3 3 0
t 234 36
m0 8 6
m1 8 9
m2 6 14
1 2 0
2 2 0
3 2 0
t 233 36
m0 8 7
m1 8 9
m2 5 14
1 1 0
2 1 0
3 1 0
t 232 36
m0 8 8
m1 8 10
m2 6 14
1 1 1
2 1 1
3 1 1
t 231 36
m0 8 8
m1 8 9
m2 5 14
1 1 2
2 1 2
3 1 2
t 230 36
m0 8 8
m1 8 9
m2 6 14
1 0 2
2 0 2
3 0 2
t 229 36
m0 8 7
m1 9 9
m2 6 14
1 1 2
2 1 2
3 1 2
t 228 37
m0 8 8
m1 8 9
m2 6 13
1 0 2
2 0 2
3 0 2
t 227 37
m0 8 8
m1 8 9
m2 6 12
1 1 2
2 1 2
3 1 2
t 226 37
m0 8 8
m1 9 9
m2 6 13
1 0 2
2 0 2
3 0 2
t 225 37
m0 7 8
m1 9 9
m2 6 13
1 1 2
2 1 2
3 1 2
t 224 37
m0 8 8
m1 9 9
m2 6 13
1 1 3
2 1 3
3 1 3
t 223 37
m0 8 7
m1 9 10
m2 6 14
1 1 2
2 1 2
3 1 2
t 222 38
m0 8 6
m1 9 10
m2 6 14
1 0 2
2 0 2
3 0 2
t 221 38
m0 7 6
m1 9 10
m2 7 14
1 1 2
2 1 2
3 1 2
t 220 39
m0 8 6
m1 8 10
m2 6 14
1 0 2
2 0 2
3 0 2
t 219 39
m0 9 6
m1 8 11
m2 7 14
1 1 2
2 1 2
3 1 2
t 218 40
m0 9 6
m1 8 10
m2 8 14
1 1 1
2 1 1
3 1 1
t 217 41
m0 8 6
m1 8 10
m2 8 13
1 1 0
2 1 0
3 1 0
t 216 41
m0 8 6
m1 8 9
m2 8 12
1 1 1
2 1 1
3 1 1
t 215 42
m0 8 6
m1 9 9
m2 7 12
1 1 0
2 1 0
3 1 0
t 214 43
m0 9 6
m1 8 9
m2 8 12
1 1 1
2 1 1
3 1 1
t 213 43
m0 9 6
m1 8 8
m2 8 13
1 1 0
2 1 0
3 1 0
t 212 43
m0 8 6
m1 8 9
m2 8 13
1 2 0
2 2 0
3 2 0
t 211 43
m0 9 6
m1 9 9
m2 9 13
1 1 0
2 1 0
3 1 0
t 210 44
m0 9 5
m1 8 9
m2 8 13
1 1 1
2 1 1
3 1 1
t 209 44
m0 9 6
m1 8 8
m2 8 14
1 1 2
2 1 2
3 1 2
t 208 44
m0 9 6
m1 8 9
m2 8 13
1 2 2
2 2 2
3 2 2
t 207 44
m0 9 5
m1 8 9
m2 8 13
1 1 2
2 1 2
3 1 2
t 206 44
m0 9 4
m1 9 9
m2 9 13
1 1 1
2 1 1
3 1 1
t 205 44
m0 9 5
m1 9 10
m2 8 13
1 1 0
2 1 0
3 1 0
t 204 44
m0 9 5
m1 9 10
m2 8 14
1 1 1
2 1 1
3 1 1
t 203 44
m0 9 5
m1 9 9
m2 7 14
1 1 0
2 1 0
3 1 0
t 202 44
m0 9 5
m1 8 9
m2 7 14
1 1 1
2 1 1
3 1 1
t 201 44
m0 9 6
m1 8 9
m2 6 14
1 1 2
2 1 2
3 1 2
t 200 44
m0 9 6
m1 9 9
m2 5 14
1 0 2
2 0 2
3 0 2
t 199 44
m0 9 5
m1 9 10
m2 4 14
1 1 2
2 1 2
3 1 2
t 198 44
m0 9 5
m1 9 11
m2 5 14
1 1 1
2 1 1
3 1 1
t 197 45
m0 9 4
m1 9 11
m2 5 14
1 1 0
2 1 0
3 1 0
t 196 45
m0 9 4
m1 9 12
m2 6 14
1 2 0
2 2 0
3 2 0
t 195 45
m0 8 4
m1 9 13
m2 5 14
1 1 0
2 1 0
3 1 0
t 194 45
m0 7 4
m1 9 12
m2 5 14
1 1 1
2 1 1
3 1 1
t 193 45
m0 8 4
m1 8 12
m2 4 14
1 1 0
2 1 0
3 1 0
t 192 45
m0 7 4
m1 8 12
m2 3 14
1 2 0
2 2 0
3 2 0
t 191 45
m0 8 4
m1 7 12
m2 2 14
1 3 0
2 3 0
3 3 0
t 190 45
m0 7 4
m1 7 12
m2 1 14
1 2 0
2 2 0
3 2 0
t 189 45
m0 7 4
m1 7 12
m2 2 14
1 1 0
2 1 0
3 1 0
t 188 45
m0 7 3
m1 8 12
m2 1 14
1 1 1
2 1 1
3 1 1
t 187 46
m0 7 2
m1 8 12
m2 2 14
1 1 0
2 1 0
3 1 0
t 186 47
m0 6 2
m1 8 12
m2 2 14
1 1 1
2 1 1
3 1 1
t 185 47
m0 7 2
m1 7 12
m2 3 14
1 1 2
2 1 2
3 1 2
t 184 47
m0 8 2
m1 6 12
m2 4 14
1 0 2
2 0 2
3 0 2
f 6 11
t 183 47
m0 8 2
m1 6 11
m2 4 14
1 1 2
2 1 2
3 1 2
t 182 57
m0 8 2
m1 6 12
m2 4 13
1 1 3
2 1 3
3 1 3
f 2 14
t 181 57
m0 7 2
m1 6 13
m2 4 13
1 2 3
2 2 3
3 2 3
t 180 57
m0 8 2
m1 6 14
m2 4 12
1 2 2
2 2 2
3 2 2
t 179 57
m0 7 2
m1 5 14
m2 4 11
1 2 3
2 2 3
3 2 3
t 178 57
m0 7 1
m1 4 14
m2 5 11
1 2 2
2 2 2
3 2 2
t 177 59
m0 7 0
m1 3 14
m2 5 10
1 2 3
2 2 3
3 2 3
t 176 60
m0 7 1
m1 2 14
m2 6 10
1 1 3
2 1 3
3 1 3
t 175 70
m0 7 2
m1 2 14
m2 5 10
1 1 4
2 1 4
3 1 4
t 174 70
m0 6 2
m1 2 14
m2 6 10
1 1 5
2 1 5
3 1 5
t 173 70
m0 6 2
m1 1 14
m2 5 10
1 0 5
2 0 5
3 0 5
t 172 70
m0 6 2
m1 1 14
m2 5 10
1 1 5
2 1 5
3 1 5
t 171 70
m0 6 3
m1 1 14
m2 5 10
1 0 5
2 0 5
3 0 5
t 170 70
m0 6 3
m1 0 14
m2 5 10
1 0 6
2 0 6
3 0 6
t 169 70
m0 6 3
m1 1 14
m2 6 10
1 0 5
2 0 5
3 0 5
f 9 13
t 168 70
m0 6 2
m1 1 14
m2 6 10
1 0 6
2 0 6
3 0 6
t 167 70
m0 6 2
m1 2 14
m2 6 10
1 0 5
2 0 5
3 0 5
t 166 70
m0 6 2
m1 1 14
m2 5 10
1 0 6
2 0 6
3 0 6
t 165 70
m0 5 2
m1 0 14
m2 5 11
1 0 7
2 0 7
3 0 7
t 164 70
m0 5 2
m1 0 14
m2 5 10
1 0 6
2 0 6
3 0 6
t 163 70
m0 6 2
m1 0 13
m2 6 10
1 0 7
2 0 7
3 0 7
t 162 70
m0 5 2
m1 0 13
m2 5 10
1 1 7
2 1 7
3 1 7
t 161 70
m0 4 2
m1 0 14
m2 6 10
1 1 8
2 1 8
3 1 8
t 160 70
m0 4 3
m1 1 14
m2 5 10
1 1 9
2 1 9
3 1 9
t 159 70
m0 4 3
m1 0 14
m2 5 10
1 1 8
2 1 8
3 1 8
t 158 70
m0 4 2
m1 0 13
m2 6 10
1 2 8
2 2 8
3 2 8
t 157 70
m0 4 1
m1 0 13
m2 5 10
1 1 8
2 1 8
3 1 8
t 156 71
m0 5 1
m1 0 13
m2 6 10
1 2 8
2 2 8
3 2 8
t 155 71
m0 5 0
m1 0 14
m2 5 10
1 2 7
2 2 7
3 2 7
t 154 71
m0 5 0
m1 1 14
m2 6 10
1 1 7
2 1 7
3 1 7
t 153 71
m0 5 1
m1 1 14
m2 6 10
1 0 7
2 0 7
3 0 7
t 152 71
m0 5 0
m1 0 14
m2 5 10
1 0 6
2 0 6
3 0 6
t 151 71
m0 5 1
m1 0 13
m2 5 10
1 0 7
2 0 7
3 0 7
t 150 71
m0 5 1
m1 0 14
m2 5 10
1 1 7
2 1 7
3 1 7
t 149 71
m0 4 1
m1 0 14
m2 5 11
1 2 7
2 2 7
3 2 7
t 148 71
m0 4 1
m1 0 13
m2 4 11
1 1 7
2 1 7
3 1 7
t 147 71
m0 4 2
m1 0 13
m2 4 11
1 1 8
2 1 8
3 1 8
t 146 71
m0 3 2
m1 0 14
m2 4 11
1 1 9
2 1 9
3 1 9
t 145 72
m0 4 2
m1 1 14
m2 4 12
1 2 9
2 2 9
3 2 9
t 144 72
m0 4 3
m1 2 14
m2 4 11
1 2 8
2 2 8
3 2 8
t 143 72
m0 4 2
m1 2 14
m2 4 11
1 2 7
2 2 7
3 2 7
t 142 72
m0 3 2
m1 2 13
m2 5 11
1 1 7
2 1 7
3 1 7
t 141 72
m0 2 2
m1 2 14
m2 5 10
1 1 8
2 1 8
3 1 8
t 140 72
m0 3 2
m1 2 14
m2 6 10
1 1 7
2 1 7
3 1 7
t 139 72
m0 2 2
m1 3 14
m2 6 11
1 2 7
2 2 7
3 2 7
t 138 72
m0 2 3
m1 4 14
m2 6 12
1 2 8
2 2 8
3 2 8
t 137 73
m0 2 3
m1 3 14
m2 6 12
1 2 7
2 2 7
3 2 7
t 136 73
m0 2 3
m1 4 14
m2 6 11
1 1 7
2 1 7
3 1 7
t 135 73
m0 2 2
m1 5 14
m2 6 10
1 0 7
2 0 7
3 0 7
t 134 73
m0 1 2
m1 4 14
m2 5 10
1 0 6
2 0 6
3 0 6
t 133 73
m0 1 1
m1 4 13
m2 6 10
1 0 7
2 0 7
3 0 7
t 132 73
m0 1 2
m1 4 14
m2 5 10
1 0 6
2 0 6
3 0 6
t 131 73
m0 2 2
m1 3 14
m2 5 10
1 0 7
2 0 7
3 0 7
t 130 73
m0 2 3
m1 3 14
m2 5 11
1 0 6
2 0 6
3 0 6
t 129 73
m0 1 3
m1 3 14
m2 4 11
1 0 7
2 0 7
3 0 7
t 128 73
m0 2 3
m1 3 14
m2 4 12
1 1 7
2 1 7
3 1 7
t 127 73
m0 2 2
m1 3 14
m2 4 12
1 1 8
2 1 8
3 1 8
t 126 73
m0 3 2
m1 2 14
m2 4 12
1 1 7
2 1 7
3 1 7
t 125 73
m0 2 2
m1 2 13
m2 3 12
1 0 7
2 0 7
3 0 7
t 124 73
m0 3 2
m1 2 14
m2 3 12
1 1 7
2 1 7
3 1 7
t 123 73
m0 4 2
m1 2 13
m2 3 12
1 2 7
2 2 7
3 2 7
t 122 73
m0 3 2
m1 2 12
m2 2 12
1 3 7
2 3 7
3 3 7
t 121 73
m0 3 2
m1 2 13
m2 2 12
1 2 7
2 2 7
3 2 7
t 120 73
m0 4 2
m1 2 13
m2 1 12
1 3 7
2 3 7
3 3 7
t 119 73
m0 4 1
m1 2 12
m2 0 12
1 2 7
2 2 7
3 2 7
t 118 74
m0 4 0
m1 2 12
m2 0 12
1 3 7
2 3 7
3 3 7
t 117 75
m0 4 0
m1 3 12
m2 0 13
1 4 7
2 4 7
3 4 7
t 116 75
m0 4 1
m1 3 12
m2 0 12
1 3 7
2 3 7
3 3 7
t 115 75
m0 5 1
m1 4 12
m2 1 12
1 2 7
2 2 7
3 2 7
t 114 75
m0 5 1
m1 4 12
m2 0 12
1 2 6
2 2 6
3 2 6
t 113 75
m0 5 1
m1 4 13
m2 1 12
1 2 7
2 2 7
3 2 7
t 112 75
m0 5 2
m1 4 13
m2 1 11
1 2 6
2 2 6
3 2 6
t 111 75
m0 5 2
m1 4 13
m2 1 11
1 2 5
2 2 5
3 2 5
t 110 75
m0 5 1
m1 4 12
m2 1 10
1 1 5
2 1 5
3 1 5
t 109 75
m0 5 2
m1 4 13
m2 0 10
1 2 5
2 2 5
3 2 5
t 108 75
m0 6 2
m1 4 13
m2 0 9
1 2 4
2 2 4
3 2 4
t 107 75
m0 6 2
m1 4 13
m2 0 9
1 2 5
2 2 5
3 2 5
t 106 75
m0 5 2
m1 4 13
m2 0 9
1 1 5
2 1 5
3 1 5
t 105 75
m0 5 1
m1 4 14
m2 0 10
1 0 5
2 0 5
3 0 5
t 104 75
m0 5 1
m1 4 13
m2 0 10
1 0 6
2 0 6
3 0 6
t 103 75
m0 5 1
m1 4 12
m2 1 10
1 0 5
2 0 5
3 0 5
t 102 75
m0 4 1
m1 3 12
m2 0 10
1 0 6
2 0 6
3 0 6
t 101 75
m0 4 0
m1 2 12
m2 1 10
1 0 5
2 0 5
3 0 5
t 100 75
m0 4 0
m1 3 12
m2 1 11
1 0 6
2 0 6
3 0 6
t 99 75
m0 3 0
m1 3 12
m2 1 12
1 0 5
2 0 5
3 0 5
t 98 76
m0 4 0
m1 3 12
m2 1 12
1 1 5
2 1 5
3 1 5
t 97 76
m0 5 0
m1 4 12
m2 1 11
1 1 4
2 1 4
3 1 4
t 96 76
m0 5 0
m1 4 13
m2 1 10
1 1 3
2 1 3
3 1 3
t 95 76
m0 5 1
m1 4 12
m2 1 11
1 2 3
2 2 3
3 2 3
t 94 76
m0 5 1
m1 4 13
m2 1 10
1 1 3
2 1 3
3 1 3
t 93 76
m0 4 1
m1 4 13
m2 0 10
1 1 4
2 1 4
3 1 4
t 92 76
m0 5 1
m1 4 13
m2 0 10
1 1 5
2 1 5
3 1 5
t 91 76
m0 4 1
m1 4 14
m2 0 9
1 2 5
2 2 5
3 2 5
t 90 76
m0 4 2
m1 4 13
m2 0 9
1 1 5
2 1 5
3 1 5
t 89 76
m0 4 1
m1 4 13
m2 0 10
1 1 4
2 1 4
3 1 4
t 88 76
m0 4 1
m1 4 14
m2 0 9
1 1 3
2 1 3
3 1 3
t 87 76
m0 4 1
m1 4 13
m2 0 10
1 1 4
2 1 4
3 1 4
t 86 76
m0 4 1
m1 4 12
m2 0 10
1 1 5
2 1 5
3 1 5
t 85 76
m0 4 0
m1 3 12
m2 1 10
1 2 5
2 2 5
3 2 5
t 84 76
m0 4 1
m1 4 12
m2 0 10
1 2 6
2 2 6
3 2 6
t 83 76
m0 4 0
m1 4 12
m2 0 10
1 2 7
2 2 7
3 2 7
t 82 76
m0 3 0
m1 4 13
m2 0 9
1 2 6
2 2 6
3 2 6
t 81 76
m0 4 0
m1 4 13
m2 0 9
1 2 5
2 2 5
3 2 5
t 80 76
m0 4 1
m1 4 13
m2 0 10
1 2 6
2 2 6
3 2 6
t 79 76
m0 4 0
m1 4 13
m2 1 10
1 2 5
2 2 5
3 2 5
t 78 76
m0 4 0
m1 4 14
m2 1 9
1 2 6
2 2 6
3 2 6
t 77 76
m0 4 0
m1 4 13
m2 1 8
1 2 5
2 2 5
3 2 5
t 76 76
m0 3 0
m1 4 13
m2 1 8
1 2 4
2 2 4
3 2 4
t 75 76
m0 4 0
m1 4 12
m2 1 9
1 1 4
2 1 4
3 1 4
t 74 76
m0 4 1
m1 4 12
m2 1 10
1 2 4
2 2 4
3 2 4
t 73 76
m0 4 0
m1 4 11
m2 1 11
1 2 5
2 2 5
3 2 5
t 72 76
m0 4 0
m1 4 12
m2 1 11
1 1 5
2 1 5
3 1 5
t 71 76
m0 5 0
m1 4 13
m2 2 11
1 2 5
2 2 5
3 2 5
t 70 76
m0 5 1
m1 4 13
m2 2 10
1 1 5
2 1 5
3 1 5
t 69 76
m0 5 1
m1 4 12
m2 2 10
1 2 5
2 2 5
3 2 5
t 68 76
m0 4 1
m1 4 11
m2 1 10
1 2 4
2 2 4
3 2 4
t 67 76
m0 4 0
m1 5 11
m2 2 10
1 1 4
2 1 4
3 1 4
t 66 76
m0 5 0
m1 5 11
m2 2 11
1 1 3
2 1 3
3 1 3
t 65 76
m0 5 1
m1 5 11
m2 2 10
1 1 4
2 1 4
3 1 4
t 64 76
m0 5 0
m1 5 10
m2 1 10
1 1 3
2 1 3
3 1 3
t 63 76
m0 4 0
m1 6 10
m2 0 10
1 2 3
2 2 3
3 2 3
t 62 76
m0 4 1
m1 6 10
m2 0 9
1 1 3
2 1 3
3 1 3
t 61 76
m0 5 1
m1 7 10
m2 1 9
1 1 4
2 1 4
3 1 4
t 60 77
m0 4 1
m1 6 10
m2 2 9
1 1 3
2 1 3
3 1 3
t 59 77
m0 4 2
m1 7 10
m2 2 8
1 1 4
2 1 4
3 1 4
t 58 78
m0 5 2
m1 6 10
m2 1 8
1 2 4
2 2 4
3 2 4
t 57 78
m0 4 2
m1 6 11
m2 2 8
1 1 4
2 1 4
3 1 4
t 56 78
m0 4 2
m1 5 11
m2 2 7
1 2 4
2 2 4
3 2 4
t 55 78
m0 4 3
m1 4 11
m2 3 7
1 2 3
2 2 3
3 2 3
t 54 79
m0 4 4
m1 4 11
m2 3 7
1 2 2
2 2 2
3 2 2
t 53 79
m0 4 4
m1 4 11
m2 2 7
1 2 3
2 2 3
3 2 3
t 52 79
m0 3 4
m1 4 11
m2 1 7
1 1 3
2 1 3
3 1 3
t 51 80
m0 3 5
m1 5 11
m2 1 7
1 2 3
2 2 3
3 2 3
t 50 81
m0 3 5
m1 5 10
m2 2 7
1 1 3
2 1 3
3 1 3
t 49 81
m0 3 5
m1 6 10
m2 2 8
1 1 4
2 1 4
3 1 4
t 48 81
m0 2 5
m1 7 10
m2 2 7
1 1 3
2 1 3
3 1 3
t 47 81
m0 2 4
m1 8 10
m2 2 7
1 1 2
2 1 2
3 1 2
t 46 82
m0 1 4
m1 7 10
m2 2 7
1 2 2
2 2 2
3 2 2
t 45 83
m0 2 4
m1 8 10
m2 2 8
1 3 2
2 3 2
3 3 2
t 44 83
m0 2 4
m1 8 9
m2 2 9
1 4 2
2 4 2
3 4 2
t 43 83
m0 1 4
m1 9 9
m2 2 10
1 4 1
2 4 1
3 4 1
t 42 83
m0 2 4
m1 8 9
m2 2 9
1 4 0
2 4 0
3 4 0
t 41 83
m0 1 4
m1 8 10
m2 2 10
1 3 0
2 3 0
3 3 0
t 40 83
m0 1 3
m1 7 10
m2 2 11
1 4 0
2 4 0
3 4 0
t 39 83
m0 1 4
m1 8 10
m2 2 11
1 3 0
2 3 0
3 3 0
t 38 83
m0 1 4
m1 8 11
m2 2 10
1 2 0
2 2 0
3 2 0
t 37 83
m0 2 4
m1 8 12
m2 1 10
1 3 0
2 3 0
3 3 0
t 36 83
m0 1 4
m1 8 13
m2 2 10
1 4 0
2 4 0
3 4 0
t 35 83
m0 1 3
m1 9 13
m2 3 10
1 3 0
2 3 0
3 3 0
t 34 93
m0 1 4
m1 8 13
m2 3 10
1 4 0
2 4 0
3 4 0
t 33 93
m0 1 4
m1 8 14
m2 3 10
1 5 0
2 5 0
3 5 0
t 32 93
m0 2 4
m1 8 13
m2 2 10
1 5 1
2 5 1
3 5 1
t 31 93
m0 2 3
m1 8 14
m2 2 11
1 4 1
2 4 1
3 4 1
t 30 93
m0 2 2
m1 8 13
m2 1 11
1 4 0
2 4 0
3 4 0
f 3 10
t 29 93
m0 1 2
m1 8 12
m2 1 12
1 4 1
2 4 1
3 4 1
t 28 93
m0 1 2
m1 8 12
m2 0 12
1 5 1
2 5 1
3 5 1
t 27 93
m0 1 2
m1 8 12
m2 0 12
1 5 0
2 5 0
3 5 0
t 26 93
m0 0 2
m1 8 12
m2 0 13
1 6 0
2 6 0
3 6 0
t 25 94
m0 0 2
m1 7 12
m2 0 14
1 5 0
2 5 0
3 5 0
t 24 94
m0 0 2
m1 6 12
m2 1 14
1 6 0
2 6 0
3 6 0
t 23 94
m0 0 2
m1 7 12
m2 0 14
1 5 0
2 5 0
3 5 0
t 22 94
m0 1 2
m1 7 12
m2 0 13
1 6 0
2 6 0
3 6 0
t 21 94
m0 1 1
m1 7 12
m2 0 12
1 7 0
2 7 0
3 7 0
t 20 94
m0 1 1
m1 8 12
m2 0 12
1 7 1
2 7 1
3 7 1
t 19 94
m0 1 2
m1 9 12
m2 0 12
1 7 0
2 7 0
3 7 0
t 18 94
m0 0 2
m1 9 11
m2 0 13
1 6 0
2 6 0
3 6 0
t 17 94
m0 1 2
m1 9 10
m2 0 14
1 7 0
2 7 0
3 7 0
t 16 94
m0 1 2
m1 9 9
m2 0 14
1 6 0
2 6 0
3 6 0
t 15 94
m0 1 1
m1 9 10
m2 1 14
1 7 0
2 7 0
3 7 0
t 14 94
m0 1 1
m1 8 10
m2 2 14
1 6 0
2 6 0
3 6 0
t 13 94
m0 1 1
m1 9 10
m2 2 14
1 7 0
2 7 0
3 7 0
t 12 94
m0 1 0
m1 9 10
m2 1 14
1 7 1
2 7 1
3 7 1
t 11 95
m0 1 1
m1 9 10
m2 1 14
1 7 2
2 7 2
3 7 2
t 10 95
m0 1 1
m1 9 11
m2 0 14
1 7 1
2 7 1
3 7 1
t 9 95
m0 1 1
m1 9 10
m2 0 14
1 7 0
2 7 0
3 7 0
t 8 95
m0 1 1
m1 8 10
m2 0 14
1 7 1
2 7 1
3 7 1
t 7 95
m0 1 0
m1 8 11
m2 0 14
1 7 2
2 7 2
3 7 2
t 6 95
m0 1 0
m1 8 10
m2 0 14
1 8 2
2 8 2
3 8 2
t 5 95
m0 1 0
m1 7 10
m2 1 14
1 9 2
2 9 2
3 9 2
t 4 95
m0 1 1
m1 6 10
m2 0 14
1 9 3
2 9 3
3 9 3
t 3 95
m0 1 1
m1 5 10
m2 0 14
1 9 4
2 9 4
3 9 4
t 2 95
m0 1 1
m1 5 10
m2 1 14
1 9 3
2 9 3
3 9 3
t 1 95
m0 1 2
m1 5 10
m2 2 14
1 9 3
2 9 3
3 9 3
t 0 95
