10
15
w 6 9
w 8 13
w 4 8
w 2 8
w 9 8
w 7 7
w 6 2
w 1 6
w 1 2
w 6 7
w 4 4
w 8 10
w 2 13
w 0 11
w 0 4
w 3 4
w 1 1
w 9 7
w 6 4
w 3 2
w 8 2
w 6 11
w 1 13
w 2 10
w 9 6
w 4 11
w 4 6
w 6 8
w 8 12
w 6 1
w 3 1
w 2 11
w 5 14
w 6 13
w 7 8
w 2 4
w 8 4
p 4 7
p 9 1
p 5 6
p 7 12
p 5 13
p 2 1
p 4 12
p 2 12
p 9 4
p 3 7
p 2 5
p 3 14
p 6 14
p 9 0
p 5 5
p 3 3
p 8 1
p 5 12
p 3 10
p 1 14
p 6 3
p 4 13
p 5 0
p 7 10
p 1 10
p 8 6
p 3 13
p 4 5
p 5 11
p 8 11
p 9 3
p 4 14
p 6 0
p 0 12
p 0 5
p 1 9
p 8 7
p 4 2
p 1 0
p 0 8
p 7 9
p 5 3
p 9 13
p 0 1
p 5 10
p 1 12
p 9 2
p 7 13
p 0 13
p 3 8
p 7 4
p 0 6
p 1 8
p 4 3
p 0 9
p 9 12
m0 0 14
m1 0 14
m2 0 14
1 9 0
2 9 0
3 9 0
t 300 0
m0 1 14
m1 0 13
m2 1 14
1 8 0
2 9 1
3 8 0
f 2 7
t 299 2
m0 2 14
m1 0 12
m2 1 14
1 9 0
2 9 0
3 9 0
t 298 3
m0 3 14
m1 1 12
m2 1 14
1 9 1
2 8 0
3 8 0
t 297 5
m0 4 14
m1 1 11
m2 1 14
1 9 0
2 9 0
3 9 0
t 296 6
m0 4 14
m1 1 10
m2 1 14
1 8 0
2 9 1
3 8 0
t 295 7
m0 4 14
m1 1 9
m2 1 14
1 9 0
2 9 0
3 9 0
t 294 8
m0 3 14
m1 1 8
m2 1 14
1 8 0
2 9 1
3 8 0
t 293 9
m0 2 14
m1 0 8
m2 1 14
1 9 0
2 9 0
3 9 0
t 292 10
m0 2 14
m1 0 9
m2 1 14
1 8 0
2 9 1
3 8 0
t 291 11
m0 3 14
m1 0 9
m2 1 14
1 9 0
2 9 0
3 9 0
t 290 11
m0 3 14
m1 0 8
m2 1 14
1 8 0
2 9 1
3 8 0
t 289 11
m0 2 14
m1 1 8
m2 1 14
1 9 0
2 9 0
3 9 0
t 288 11
m0 1 14
m1 1 8
m2 1 14
1 9 1
2 8 0
3 8 0
t 287 11
m0 0 14
m1 1 7
m2 0 14
1 9 2
2 9 0
3 9 0
t 286 11
m0 1 14
m1 2 7
m2 1 14
1 9 1
2 8 0
3 8 0
t 285 21
m0 1 14
m1 3 7
m2 0 14
1 9 0
2 9 0
3 9 0
t 284 22
m0 1 14
m1 4 7
m2 1 14
1 9 1
2 8 0
3 8 0
t 283 23
m0 2 14
m1 5 7
m2 0 14
1 9 0
2 9 0
3 9 0
t 282 23
m0 1 14
m1 5 6
m2 1 14
1 8 0
2 9 1
3 8 0
t 281 24
m0 0 14
m1 5 5
m2 0 14
1 9 0
2 9 0
3 9 0
t 280 25
m0 0 13
m1 4 5
m2 0 13
1 8 0
2 9 1
3 8 0
f 4 9
t 279 26
m0 0 13
m1 3 5
m2 0 13
1 9 0
2 9 0
3 9 0
t 278 26
m0 0 14
m1 2 5
m2 0 14
1 8 0
2 9 1
3 8 0
t 277 27
m0 1 14
m1 1 5
m2 1 14
1 9 0
2 9 0
3 9 0
t 276 27
m0 1 14
m1 0 5
m2 1 14
1 8 0
2 9 1
3 8 0
t 275 28
m0 2 14
m1 0 6
m2 1 14
1 9 0
2 9 0
3 9 0
t 274 29
m0 3 14
m1 0 7
m2 1 14
1 8 0
2 9 1
3 8 0
t 273 29
m0 3 13
m1 1 7
m2 1 14
1 9 0
2 9 0
3 9 0
t 272 30
m0 3 12
m1 0 7
m2 1 14
1 9 1
2 8 0
3 8 0
t 271 30
m0 3 13
m1 0 6
m2 1 14
1 9 0
2 9 0
3 9 0
t 270 30
m0 4 13
m1 0 5
m2 1 14
1 9 1
2 8 0
3 8 0
t 269 31
m0 4 14
m1 0 5
m2 1 14
1 9 0
2 9 0
3 9 0
t 268 31
m0 3 14
m1 1 5
m2 1 14
1 8 0
2 9 1
3 8 0
t 267 31
m0 3 14
m1 1 5
m2 1 14
1 9 0
2 9 0
3 9 0
t 266 31
m0 3 13
m1 0 5
m2 1 14
1 9 1
2 8 0
3 8 0
t 265 31
m0 3 13
m1 0 6
m2 1 14
1 9 0
2 9 0
3 9 0
t 264 31
m0 3 13
m1 0 7
m2 1 14
1 9 1
2 8 0
3 8 0
t 263 31
m0 4 13
m1 1 7
m2 1 14
1 9 0
2 9 0
3 9 0
t 262 31
m0 3 13
m1 2 7
m2 1 14
1 9 1
2 8 0
3 8 0
t 261 31
m0 4 13
m1 2 6
m2 1 14
1 9 2
2 9 0
3 9 0
t 260 31
m0 3 13
m1 2 7
m2 1 14
1 9 1
2 8 0
3 8 0
t 259 31
m0 3 14
m1 2 7
m2 1 14
1 9 0
2 9 0
3 9 0
t 258 31
m0 2 14
m1 3 7
m2 1 14
1 9 1
2 8 0
3 8 0
t 257 31
m0 1 14
m1 3 8
m2 1 14
1 9 0
2 9 0
3 9 0
t 256 32
m0 2 14
m1 3 8
m2 1 14
1 8 0
2 9 1
3 8 0
t 255 32
m0 3 14
m1 3 8
m2 1 14
1 9 0
2 9 0
3 9 0
t 254 32
m0 3 13
m1 3 8
m2 1 14
1 9 1
2 8 0
3 8 0
t 253 32
m0 3 13
m1 3 8
m2 1 14
1 9 0
2 9 0
3 9 0
t 252 32
m0 3 14
m1 3 8
m2 1 14
1 9 1
2 8 0
3 8 0
t 251 32
m0 3 13
m1 3 8
m2 1 14
1 9 0
2 9 0
3 9 0
t 250 32
m0 3 13
m1 3 8
m2 1 14
1 9 1
2 8 0
3 8 0
t 249 32
m0 3 14
m1 3 8
m2 1 14
1 9 0
2 9 0
3 9 0
t 248 32
m0 3 13
m1 3 8
m2 1 14
1 8 0
2 9 1
3 8 0
t 247 32
m0 3 13
m1 3 8
m2 1 14
1 9 0
2 9 0
3 9 0
t 246 32
m0 3 13
m1 3 8
m2 1 14
1 8 0
2 9 1
3 8 0
t 245 32
m0 3 14
m1 3 8
m2 1 14
1 9 0
2 9 0
3 9 0
t 244 32
m0 3 13
m1 3 8
m2 1 14
1 9 1
2 8 0
3 8 0
t 243 32
m0 3 14
m1 3 8
m2 1 14
1 9 0
2 9 0
3 9 0
t 242 32
m0 4 14
m1 3 8
m2 1 14
1 8 0
2 9 1
3 8 0
t 241 32
m0 4 14
m1 3 8
m2 1 14
1 9 0
2 9 0
3 9 0
t 240 32
m0 4 13
m1 3 8
m2 1 14
1 8 0
2 9 1
3 8 0
t 239 32
m0 3 13
m1 3 8
m2 1 14
1 9 0
2 9 0
3 9 0
t 238 32
m0 3 13
m1 3 8
m2 1 14
1 9 1
2 8 0
3 8 0
t 237 32
m0 3 13
m1 3 8
m2 1 14
1 9 0
2 9 0
3 9 0
t 236 32
m0 3 13
m1 3 8
m2 1 14
1 9 1
2 8 0
3 8 0
t 235 32
m0 3 14
m1 3 8
m2 1 14
1 9 0
2 9 0
3 9 0
t 234 32
m0 3 13
m1 3 8
m2 1 14
1 8 0
2 9 1
3 8 0
t 233 32
m0 4 13
m1 3 8
m2 1 14
1 9 0
2 9 0
3 9 0
t 232 32
m0 4 13
m1 3 8
m2 1 14
1 8 0
2 9 1
3 8 0
t 231 32
m0 3 13
m1 3 8
m2 1 14
1 9 0
2 9 0
3 9 0
t 230 32
m0 3 12
m1 3 8
m2 1 14
1 8 0
2 9 1
3 8 0
t 229 32
m0 3 11
m1 3 8
m2 1 14
1 9 0
2 9 0
3 9 0
t 228 32
m0 3 11
m1 3 8
m2 1 14
1 8 0
2 9 1
3 8 0
t 227 32
m0 3 11
m1 3 8
m2 1 14
1 9 0
2 9 0
3 9 0
t 226 32
m0 3 10
m1 3 8
m2 1 14
1 8 0
2 9 1
3 8 0
t 225 33
m0 3 9
m1 3 8
m2 1 14
1 9 0
2 9 0
3 9 0
t 224 33
m0 4 9
m1 3 8
m2 1 14
1 8 0
2 9 1
3 8 0
t 223 43
m0 4 10
m1 3 7
m2 1 14
1 9 0
2 9 0
3 9 0
f 3 10
t 222 43
m0 3 10
m1 2 7
m2 1 14
1 8 0
2 9 1
3 8 0
t 221 53
m0 4 10
m1 2 6
m2 0 14
1 9 0
2 9 0
3 9 0
t 220 53
m0 3 10
m1 3 6
m2 1 14
1 8 0
2 9 1
3 8 0
t 219 53
m0 3 10
m1 2 6
m2 0 14
1 9 0
2 9 0
3 9 0
t 218 53
m0 4 10
m1 3 6
m2 1 14
1 9 1
2 8 0
3 8 0
t 217 53
m0 4 9
m1 3 5
m2 0 14
1 9 0
2 9 0
3 9 0
t 216 53
m0 4 10
m1 4 5
m2 1 14
1 8 0
2 9 1
3 8 0
t 215 53
m0 4 10
m1 4 5
m2 0 14
1 9 0
2 9 0
3 9 0
t 214 53
m0 3 10
m1 4 5
m2 1 14
1 8 0
2 9 1
3 8 0
t 213 53
m0 3 10
m1 4 5
m2 0 14
1 9 0
2 9 0
3 9 0
t 212 53
m0 3 10
m1 4 5
m2 1 14
1 9 1
2 8 0
3 8 0
t 211 53
m0 3 11
m1 4 5
m2 0 14
1 9 0
2 9 0
3 9 0
t 210 53
m0 3 12
m1 4 5
m2 1 14
1 8 0
2 9 1
3 8 0
t 209 53
m0 3 13
m1 4 5
m2 0 14
1 9 0
2 9 0
3 9 0
t 208 53
m0 3 13
m1 4 5
m2 1 14
1 8 0
2 9 1
3 8 0
t 207 53
m0 4 13
m1 4 5
m2 0 14
1 9 0
2 9 0
3 9 0
t 206 53
m0 3 13
m1 4 5
m2 1 14
1 9 1
2 8 0
3 8 0
t 205 53
m0 3 13
m1 4 5
m2 0 14
1 9 2
2 9 0
3 9 0
t 204 53
m0 3 12
m1 4 5
m2 1 14
1 9 3
2 8 0
3 9 1
f 7 2
t 203 53
m0 4 12
m1 4 5
m2 1 14
1 9 2
2 9 0
3 9 0
t 202 54
m0 3 12
m1 4 5
m2 1 14
1 9 1
2 8 0
3 8 0
t 201 54
m0 3 13
m1 4 5
m2 1 14
1 9 0
2 9 0
3 9 0
t 200 54
m0 3 12
m1 4 5
m2 1 14
1 8 0
2 9 1
3 8 0
t 199 54
m0 3 13
m1 4 5
m2 1 14
1 9 0
2 9 0
3 9 0
t 198 54
m0 3 14
m1 4 5
m2 1 14
1 9 1
2 8 0
3 8 0
t 197 54
m0 2 14
m1 4 5
m2 1 14
1 9 0
2 9 0
3 9 0
t 196 54
m0 2 14
m1 4 5
m2 1 14
1 8 0
2 9 1
3 8 0
t 195 54
m0 2 14
m1 4 5
m2 1 14
1 9 0
2 9 0
3 9 0
t 194 54
m0 1 14
m1 4 5
m2 1 14
1 9 1
2 8 0
3 8 0
t 193 54
m0 2 14
m1 4 5
m2 1 14
1 9 0
2 9 0
3 9 0
t 192 54
m0 1 14
m1 4 5
m2 1 14
1 8 0
2 9 1
3 8 0
t 191 54
m0 1 14
m1 4 5
m2 1 14
1 9 0
2 9 0
3 9 0
t 190 54
m0 0 14
m1 4 5
m2 0 14
1 9 1
2 8 0
3 8 0
t 189 54
m0 0 14
m1 4 5
m2 1 14
1 9 2
2 9 0
3 9 0
t 188 54
m0 1 14
m1 4 5
m2 1 14
1 9 1
2 8 0
3 8 0
t 187 54
m0 2 14
m1 4 5
m2 1 14
1 9 0
2 9 0
3 9 0
t 186 54
m0 1 14
m1 4 5
m2 1 14
1 9 1
2 8 0
3 8 0
t 185 54
m0 1 14
m1 4 5
m2 1 14
1 9 2
2 9 0
3 9 0
t 184 54
m0 0 14
m1 4 5
m2 0 14
1 9 1
2 8 0
3 8 0
t 183 54
m0 0 14
m1 4 5
m2 1 14
1 9 0
2 9 0
3 9 0
t 182 54
m0 0 14
m1 4 5
m2 0 14
1 8 0
2 9 1
3 8 0
t 181 54
m0 0 13
m1 4 5
m2 0 13
1 9 0
2 9 0
3 9 0
t 180 54
m0 0 12
m1 4 5
m2 0 13
1 9 1
2 8 0
3 8 0
t 179 54
m0 0 13
m1 4 5
m2 0 13
1 9 0
2 9 0
3 9 0
t 178 54
m0 0 14
m1 4 5
m2 0 14
1 9 1
2 8 0
3 8 0
t 177 54
m0 0 14
m1 4 5
m2 1 14
1 9 0
2 9 0
3 9 0
t 176 54
m0 0 14
m1 4 5
m2 0 14
1 9 1
2 8 0
3 8 0
t 175 54
m0 0 13
m1 4 5
m2 0 13
1 9 0
2 9 0
3 9 0
t 174 54
m0 0 14
m1 4 5
m2 0 14
1 8 0
2 9 1
3 8 0
t 173 54
m0 0 14
m1 4 5
m2 1 14
1 9 0
2 9 0
3 9 0
t 172 54
m0 1 14
m1 4 5
m2 1 14
1 9 1
2 8 0
3 8 0
t 171 54
m0 0 14
m1 4 5
m2 0 14
1 9 0
2 9 0
3 9 0
t 170 54
m0 1 14
m1 4 5
m2 1 14
1 8 0
2 9 1
3 8 0
t 169 54
m0 0 14
m1 4 5
m2 0 14
1 9 0
2 9 0
3 9 0
t 168 54
m0 0 13
m1 4 5
m2 0 13
1 9 1
2 8 0
3 8 0
t 167 54
m0 0 12
m1 4 5
m2 0 13
1 9 0
2 9 0
3 9 0
t 166 54
m0 0 12
m1 4 5
m2 0 13
1 9 1
2 8 0
3 8 0
t 165 54
m0 0 12
m1 4 5
m2 0 13
1 9 0
2 9 0
3 9 0
t 164 54
m0 0 13
m1 4 5
m2 0 13
1 8 0
2 9 1
3 8 0
t 163 54
m0 0 13
m1 4 5
m2 0 13
1 9 0
2 9 0
3 9 0
t 162 54
m0 0 14
m1 4 5
m2 0 14
1 9 1
2 8 0
3 8 0
t 161 54
m0 0 13
m1 4 5
m2 0 13
1 9 0
2 9 0
3 9 0
t 160 54
m0 0 12
m1 4 5
m2 0 13
1 8 0
2 9 1
3 8 0
t 159 54
m0 0 13
m1 4 5
m2 0 13
1 9 0
2 9 0
3 9 0
t 158 54
m0 0 14
m1 4 5
m2 0 14
1 9 1
2 8 0
3 8 0
t 157 54
m0 0 14
m1 4 5
m2 1 14
1 9 0
2 9 0
3 9 0
t 156 54
m0 1 14
m1 4 5
m2 1 14
1 8 0
2 9 1
3 8 0
t 155 54
m0 1 14
m1 4 5
m2 1 14
1 9 0
2 9 0
3 9 0
t 154 54
m0 1 14
m1 4 5
m2 1 14
1 9 1
2 8 0
3 8 0
t 153 54
m0 0 14
m1 4 5
m2 0 14
1 9 0
2 9 0
3 9 0
t 152 54
m0 0 14
m1 4 5
m2 1 14
1 9 1
2 8 0
3 8 0
t 151 54
m0 0 14
m1 4 5
m2 0 14
1 9 0
2 9 0
3 9 0
t 150 54
m0 1 14
m1 4 5
m2 1 14
1 9 1
2 8 0
3 8 0
t 149 54
m0 2 14
m1 4 5
m2 1 14
1 9 0
2 9 0
3 9 0
t 148 54
m0 2 14
m1 4 5
m2 1 14
1 8 0
2 9 1
3 8 0
t 147 54
m0 2 14
m1 4 5
m2 1 14
1 9 0
2 9 0
3 9 0
t 146 54
m0 1 14
m1 4 5
m2 1 14
1 9 1
2 8 0
3 8 0
t 145 54
m0 0 14
m1 4 5
m2 0 14
1 9 0
2 9 0
3 9 0
t 144 54
m0 0 14
m1 4 5
m2 1 14
1 9 1
2 8 0
3 8 0
t 143 54
m0 0 14
m1 4 5
m2 0 14
1 9 0
2 9 0
3 9 0
t 142 54
m0 1 14
m1 4 5
m2 1 14
1 9 1
2 8 0
3 8 0
t 141 54
m0 0 14
m1 4 5
m2 0 14
1 9 0
2 9 0
3 9 0
t 140 54
m0 0 13
m1 4 5
m2 0 13
1 8 0
2 9 1
3 8 0
t 139 54
m0 0 13
m1 4 5
m2 0 13
1 9 0
2 9 0
3 9 0
t 138 54
m0 0 13
m1 4 5
m2 0 13
1 9 1
2 8 0
3 8 0
t 137 54
m0 0 13
m1 4 5
m2 0 13
1 9 0
2 9 0
3 9 0
t 136 54
m0 0 13
m1 4 5
m2 0 13
1 8 0
2 9 1
3 8 0
t 135 54
m0 0 13
m1 4 5
m2 0 13
1 9 0
2 9 0
3 9 0
t 134 54
m0 0 14
m1 4 5
m2 0 14
1 8 0
2 9 1
3 8 0
t 133 54
m0 0 13
m1 4 5
m2 0 13
1 9 0
2 9 0
3 9 0
t 132 54
m0 0 14
m1 4 5
m2 0 14
1 8 0
2 9 1
3 8 0
t 131 54
m0 0 14
m1 4 5
m2 1 14
1 9 0
2 9 0
3 9 0
t 130 54
m0 0 13
m1 4 5
m2 0 14
1 8 0
2 9 1
3 8 0
t 129 54
m0 0 14
m1 4 5
m2 1 14
1 9 0
2 9 0
3 9 0
t 128 54
m0 1 14
m1 4 5
m2 1 14
1 9 1
2 8 0
3 8 0
t 127 54
m0 1 14
m1 4 5
m2 1 14
1 9 0
2 9 0
3 9 0
t 126 54
m0 1 14
m1 4 5
m2 1 14
1 9 1
2 8 0
3 8 0
t 125 54
m0 0 14
m1 4 5
m2 0 14
1 9 0
2 9 0
3 9 0
t 124 54
m0 0 13
m1 4 5
m2 0 13
1 8 0
2 9 1
3 8 0
t 123 54
m0 0 13
m1 4 5
m2 0 13
1 9 0
2 9 0
3 9 0
t 122 54
m0 0 14
m1 4 5
m2 0 14
1 8 0
2 9 1
3 8 0
t 121 54
m0 1 14
m1 4 5
m2 1 14
1 9 0
2 9 0
3 9 0
t 120 54
m0 0 14
m1 4 5
m2 0 14
1 9 1
2 8 0
3 8 0
t 119 54
m0 1 14
m1 4 5
m2 1 14
1 9 2
2 9 0
3 9 0
t 118 54
m0 0 14
m1 4 5
m2 0 14
1 9 3
2 9 1
3 8 0
t 117 54
m0 0 14
m1 4 5
m2 1 14
1 9 2
2 9 0
3 9 0
t 116 54
m0 0 14
m1 4 5
m2 0 14
1 9 1
2 8 0
3 8 0
t 115 54
m0 0 14
m1 4 5
m2 1 14
1 9 0
2 9 0
3 9 0
t 114 54
m0 0 14
m1 4 5
m2 0 14
1 8 0
2 9 1
3 8 0
t 113 54
m0 0 14
m1 4 5
m2 1 14
1 9 0
2 9 0
3 9 0
t 112 54
m0 0 13
m1 4 5
m2 0 14
1 8 0
2 9 1
3 8 0
t 111 54
m0 0 12
m1 4 5
m2 0 13
1 9 0
2 9 0
3 9 0
t 110 54
m0 0 13
m1 4 5
m2 0 13
1 9 1
2 8 0
3 8 0
t 109 54
m0 0 13
m1 4 5
m2 0 13
1 9 0
2 9 0
3 9 0
t 108 54
m0 0 12
m1 4 5
m2 0 13
1 9 1
2 8 0
3 8 0
t 107 54
m0 0 13
m1 4 5
m2 0 13
1 9 0
2 9 0
3 9 0
t 106 54
m0 0 14
m1 4 5
m2 0 14
1 9 1
2 8 0
3 8 0
t 105 54
m0 0 13
m1 4 5
m2 0 13
1 9 0
2 9 0
3 9 0
t 104 54
m0 0 14
m1 4 5
m2 0 14
1 9 1
2 8 0
3 8 0
t 103 54
m0 0 13
m1 4 5
m2 0 13
1 9 0
2 9 0
3 9 0
t 102 54
m0 0 13
m1 4 5
m2 0 13
1 8 0
2 9 1
3 8 0
t 101 54
m0 0 13
m1 4 5
m2 0 13
1 9 0
2 9 0
3 9 0
t 100 54
m0 0 14
m1 4 5
m2 0 14
1 8 0
2 9 1
3 8 0
t 99 54
m0 0 14
m1 4 5
m2 1 14
1 9 0
2 9 0
3 9 0
t 98 54
m0 0 13
m1 4 5
m2 0 14
1 9 1
2 8 0
3 8 0
t 97 54
m0 0 13
m1 4 5
m2 0 13
1 9 0
2 9 0
3 9 0
t 96 54
m0 0 12
m1 4 5
m2 0 13
1 9 1
2 8 0
3 8 0
t 95 54
m0 0 13
m1 4 5
m2 0 13
1 9 0
2 9 0
3 9 0
t 94 54
m0 0 12
m1 4 5
m2 0 13
1 8 0
2 9 1
3 8 0
t 93 54
m0 0 12
m1 4 5
m2 0 13
1 9 0
2 9 0
3 9 0
t 92 54
m0 1 12
m1 4 5
m2 0 13
1 9 1
2 8 0
3 8 0
t 91 54
m0 1 11
m1 4 5
m2 0 13
1 9 0
2 9 0
3 9 0
t 90 54
m0 1 10
m1 4 5
m2 0 13
1 8 0
2 9 1
3 8 0
t 89 54
m0 1 11
m1 4 5
m2 0 13
1 9 0
2 9 0
3 9 0
t 88 54
m0 1 11
m1 4 5
m2 0 13
1 8 0
2 9 1
3 8 0
t 87 54
m0 1 12
m1 4 5
m2 0 13
1 9 0
2 9 0
3 9 0
t 86 54
m0 1 12
m1 4 5
m2 0 13
1 9 1
2 8 0
3 8 0
t 85 54
m0 0 12
m1 4 5
m2 0 13
1 9 0
2 9 0
3 9 0
t 84 54
m0 0 12
m1 4 5
m2 0 13
1 9 1
2 8 0
3 8 0
t 83 54
m0 1 12
m1 4 5
m2 0 13
1 9 0
2 9 0
3 9 0
t 82 54
m0 2 12
m1 4 5
m2 0 13
1 9 1
2 8 0
3 8 0
t 81 55
m0 1 12
m1 4 5
m2 0 12
1 9 0
2 9 0
3 9 0
t 80 55
m0 1 12
m1 4 5
m2 0 12
1 9 1
2 8 0
3 8 0
t 79 55
m0 0 12
m1 4 5
m2 0 12
1 9 0
2 9 0
3 9 0
t 78 55
m0 0 12
m1 4 5
m2 0 12
1 9 1
2 8 0
3 8 0
t 77 55
m0 1 12
m1 4 5
m2 0 12
1 9 0
2 9 0
3 9 0
t 76 55
m0 1 12
m1 4 5
m2 0 12
1 8 0
2 9 1
3 8 0
t 75 55
m0 1 12
m1 4 5
m2 0 12
1 9 0
2 9 0
3 9 0
t 74 55
m0 1 11
m1 4 5
m2 0 12
1 9 1
2 8 0
3 8 0
t 73 55
m0 1 10
m1 4 5
m2 0 12
1 9 2
2 9 0
3 9 0
t 72 55
m0 1 11
m1 4 5
m2 0 12
1 9 1
2 8 0
3 8 0
t 71 55
m0 1 12
m1 4 5
m2 0 12
1 9 2
2 9 0
3 9 0
t 70 55
m0 0 12
m1 4 5
m2 0 12
1 9 1
2 8 0
3 8 0
t 69 55
m0 1 12
m1 4 5
m2 0 12
1 9 0
2 9 0
3 9 0
t 68 55
m0 1 11
m1 4 5
m2 0 12
1 8 0
2 9 1
3 8 0
t 67 55
m0 1 12
m1 4 5
m2 0 12
1 9 0
2 9 0
3 9 0
t 66 55
m0 0 12
m1 4 5
m2 0 12
1 9 1
2 8 0
3 8 0
t 65 55
m0 0 12
m1 4 5
m2 0 12
1 9 0
2 9 0
3 9 0
t 64 55
m0 0 13
m1 4 5
m2 0 13
1 9 1
2 8 0
3 8 0
t 63 55
m0 0 14
m1 4 5
m2 0 12
1 9 2
2 9 0
3 9 0
t 62 55
m0 0 14
m1 4 5
m2 0 13
1 9 1
2 8 0
3 8 0
t 61 55
m0 0 14
m1 4 5
m2 0 12
1 9 0
2 9 0
3 9 0
t 60 55
m0 0 14
m1 4 5
m2 0 13
1 9 1
2 8 0
3 8 0
t 59 55
m0 0 13
m1 4 5
m2 0 12
1 9 0
2 9 0
3 9 0
t 58 55
m0 0 13
m1 4 5
m2 0 13
1 8 0
2 9 1
3 8 0
t 57 55
m0 0 12
m1 4 5
m2 0 12
1 9 0
2 9 0
3 9 0
t 56 55
m0 0 12
m1 4 5
m2 0 12
1 9 1
2 8 0
3 8 0
t 55 55
m0 0 13
m1 4 5
m2 0 13
1 9 0
2 9 0
3 9 0
t 54 55
m0 0 12
m1 4 5
m2 0 12
1 8 0
2 9 1
3 8 0
t 53 55
m0 0 13
m1 4 5
m2 0 13
1 9 0
2 9 0
3 9 0
t 52 55
m0 0 14
m1 4 5
m2 0 12
1 8 0
2 9 1
3 8 0
t 51 55
m0 1 14
m1 4 5
m2 0 13
1 9 0
2 9 0
3 9 0
t 50 55
m0 0 14
m1 4 5
m2 0 12
1 9 1
2 8 0
3 8 0
t 49 55
m0 1 14
m1 4 5
m2 0 13
1 9 0
2 9 0
3 9 0
t 48 55
m0 2 14
m1 4 5
m2 0 12
1 8 0
2 9 1
3 8 0
t 47 55
m0 3 14
m1 4 5
m2 0 13
1 9 0
2 9 0
3 9 0
t 46 55
m0 4 14
m1 4 5
m2 0 12
1 8 0
2 9 1
3 8 0
t 45 55
m0 3 14
m1 4 5
m2 0 13
1 9 0
2 9 0
3 9 0
t 44 55
m0 3 14
m1 4 5
m2 0 12
1 8 0
2 9 1
3 8 0
t 43 55
m0 3 14
m1 4 5
m2 0 13
1 9 0
2 9 0
3 9 0
t 42 55
m0 3 14
m1 4 5
m2 0 12
1 9 1
2 8 0
3 8 0
t 41 55
m0 3 13
m1 4 5
m2 0 13
1 9 0
2 9 0
3 9 0
t 40 55
m0 3 12
m1 4 5
m2 0 12
1 8 0
2 9 1
3 8 0
t 39 55
m0 3 13
m1 4 5
m2 0 13
1 9 0
2 9 0
3 9 0
t 38 55
m0 3 14
m1 4 5
m2 0 12
1 9 1
2 8 0
3 8 0
t 37 55
m0 2 14
m1 4 5
m2 0 13
1 9 0
2 9 0
3 9 0
t 36 55
m0 1 14
m1 4 5
m2 0 12
1 9 1
2 8 0
3 8 0
t 35 55
m0 2 14
m1 4 5
m2 0 13
1 9 0
2 9 0
3 9 0
t 34 55
m0 1 14
m1 4 5
m2 0 12
1 9 1
2 8 0
3 8 0
t 33 55
m0 1 14
m1 4 5
m2 0 13
1 9 0
2 9 0
3 9 0
t 32 55
m0 1 14
m1 4 5
m2 0 12
1 8 0
2 9 1
3 8 0
t 31 55
m0 0 14
m1 4 5
m2 0 13
1 9 0
2 9 0
3 9 0
t 30 55
m0 0 13
m1 4 5
m2 0 12
1 8 0
2 9 1
3 8 0
t 29 55
m0 0 14
m1 4 5
m2 0 13
1 9 0
2 9 0
3 9 0
t 28 55
m0 1 14
m1 4 5
m2 0 12
1 9 1
2 8 0
3 8 0
t 27 55
m0 0 14
m1 4 5
m2 0 13
1 9 0
2 9 0
3 9 0
t 26 55
m0 1 14
m1 4 5
m2 0 12
1 9 1
2 8 0
3 8 0
t 25 55
m0 0 14
m1 4 5
m2 0 13
1 9 2
2 9 0
3 9 0
t 24 55
m0 0 13
m1 4 5
m2 0 12
1 9 1
2 8 0
3 8 0
t 23 55
m0 0 14
m1 4 5
m2 0 13
1 9 0
2 9 0
3 9 0
t 22 55
m0 0 14
m1 4 5
m2 0 12
1 8 0
2 9 1
3 8 0
t 21 55
m0 1 14
m1 4 5
m2 0 13
1 9 0
2 9 0
3 9 0
t 20 55
m0 2 14
m1 4 5
m2 0 12
1 9 1
2 8 0
3 8 0
t 19 55
m0 2 14
m1 4 5
m2 0 13
1 9 2
2 9 0
3 9 0
t 18 55
m0 1 14
m1 4 5
m2 0 12
1 9 1
2 8 0
3 8 0
t 17 55
m0 2 14
m1 4 5
m2 0 13
1 9 0
2 9 0
3 9 0
t 16 55
m0 1 14
m1 4 5
m2 0 12
1 9 1
2 8 0
3 8 0
t 15 55
m0 0 14
m1 4 5
m2 0 13
1 9 0
2 9 0
3 9 0
t 14 55
m0 0 14
m1 4 5
m2 0 12
1 8 0
2 9 1
3 8 0
t 13 55
m0 0 13
m1 4 5
m2 0 13
1 9 0
2 9 0
3 9 0
t 12 55
m0 0 12
m1 4 5
m2 0 12
1 9 1
2 8 0
3 8 0
t 11 55
m0 0 12
m1 4 5
m2 0 12
1 9 0
2 9 0
3 9 0
t 10 55
m0 0 13
m1 4 5
m2 0 13
1 9 1
2 8 0
3 8 0
t 9 55
m0 0 12
m1 4 5
m2 0 12
1 9 0
2 9 0
3 9 0
t 8 55
m0 0 12
m1 4 5
m2 0 12
1 8 0
2 9 1
3 8 0
t 7 55
m0 1 12
m1 4 5
m2 0 12
1 9 0
2 9 0
3 9 0
t 6 55
m0 1 11
m1 4 5
m2 0 12
1 9 1
2 8 0
3 8 0
t 5 55
m0 1 11
m1 4 5
m2 0 12
1 9 0
2 9 0
3 9 0
t 4 55
m0 1 12
m1 4 5
m2 0 12
1 8 0
2 9 1
3 8 0
t 3 55
m0 1 11
m1 4 5
m2 0 12
1 9 0
2 9 0
3 9 0
t 2 55
m0 1 11
m1 4 5
m2 0 12
1 8 0
2 9 1
3 8 0
t 1 55
m0 1 11
m1 4 5
m2 0 12
1 8 0
2 9 1
3 8 0
t 0 55
