10
15
w 8 13
w 4 8
w 6 6
w 2 8
w 2 12
w 0 10
w 0 3
w 8 5
w 6 14
w 3 3
w 3 10
w 6 10
w 5 12
w 8 10
w 6 3
w 2 13
w 3 6
w 0 4
w 8 6
w 0 0
w 8 2
w 5 11
w 9 3
w 2 3
w 1 0
w 6 5
w 3 5
w 8 3
w 6 8
w 3 1
w 0 13
w 8 8
w 4 3
w 1 7
w 0 9
w 5 2
w 9 12
p 5 9
p 9 1
p 7 12
p 3 0
p 5 6
p 8 0
p 5 13
p 3 11
p 2 1
p 6 2
p 4 12
p 5 1
p 3 14
p 1 2
p 8 14
p 9 0
p 6 7
p 2 9
p 8 1
p 7 6
p 4 4
p 4 13
p 9 11
p 7 10
p 1 10
p 4 1
p 1 1
p 6 4
p 7 14
p 2 6
p 4 10
p 3 13
p 6 11
p 1 13
p 0 12
p 2 10
p 1 9
p 8 7
p 4 2
p 6 12
p 4 11
p 7 9
p 2 7
p 5 3
p 0 1
p 5 10
p 1 12
p 8 12
p 5 7
p 5 14
p 3 8
p 2 0
p 6 13
p 3 4
p 2 4
p 8 4
m0 0 14
m1 0 14
m2 0 14
1 9 0
2 9 0
3 9 0
t 300 0
m0 1 14
m1 1 14
m2 1 14
1 8 0
2 9 1
3 8 0
t 299 0
m0 2 14
m1 1 13
m2 2 14
1 9 0
2 9 2
3 7 0
t 298 1
m0 3 14
m1 1 12
m2 3 14
1 8 0
2 9 1
3 6 0
t 297 3
m0 4 14
m1 0 12
m2 4 14
1 9 0
2 8 1
3 5 0
t 296 4
m0 5 14
m1 0 11
m2 5 14
1 8 0
2 9 1
3 4 0
t 295 5
m0 5 13
m1 1 11
m2 5 13
1 7 0
2 9 2
3 3 0
t 294 6
m0 6 13
m1 1 10
m2 6 13
1 8 0
2 9 1
3 2 0
t 293 8
m0 7 13
m1 2 10
m2 7 13
1 7 0
2 9 2
3 2 1
t 292 9
m0 7 12
m1 2 9
m2 7 12
1 6 0
2 9 1
3 1 1
t 291 11
m0 8 12
m1 1 9
m2 8 12
1 5 0
2 9 2
3 0 1
t 290 13
m0 8 11
m1 2 9
m2 8 11
1 6 0
2 9 1
3 0 2
t 289 13
m0 9 11
m1 3 9
m2 9 11
1 5 0
2 9 2
3 1 2
t 288 14
m0 9 10
m1 3 8
m2 9 10
1 6 0
2 9 1
3 0 2
t 287 15
m0 9 9
m1 3 7
m2 9 9
1 5 0
2 9 2
3 1 2
t 286 15
m0 9 8
m1 2 7
m2 9 8
1 6 0
2 9 1
3 0 2
t 285 16
m0 9 7
m1 2 6
m2 9 7
1 5 0
2 9 2
3 1 2
t 284 17
m0 9 6
m1 2 5
m2 9 6
1 6 0
2 9 1
3 0 2
t 283 17
m0 9 5
m1 2 4
m2 9 5
1 5 0
2 9 2
3 1 2
t 282 18
m0 9 4
m1 3 4
m2 9 4
1 6 0
2 9 1
3 0 2
t 281 19
m0 8 4
m1 4 4
m2 8 4
1 5 0
2 9 2
3 1 2
t 280 21
m0 9 4
m1 4 5
m2 9 4
1 6 0
2 9 1
3 0 2
t 279 21
m0 8 4
m1 4 6
m2 8 4
1 5 0
2 9 2
3 1 2
t 278 21
m0 9 4
m1 5 6
m2 9 4
1 6 0
2 9 1
3 0 2
t 277 22
m0 8 4
m1 5 7
m2 8 4
1 5 0
2 9 2
3 1 2
t 276 23
m0 9 4
m1 6 7
m2 9 4
1 6 0
2 9 1
3 0 2
t 275 24
m0 8 4
m1 7 7
m2 8 4
1 5 0
2 9 2
3 1 2
t 274 24
m0 9 4
m1 8 7
m2 9 4
1 6 0
2 9 1
3 0 2
t 273 25
m0 8 4
m1 7 7
m2 8 4
1 5 0
2 9 2
3 1 2
t 272 25
m0 9 4
m1 7 6
m2 9 4
1 6 0
2 9 1
3 0 2
t 271 26
m0 8 4
m1 7 7
m2 8 4
1 5 0
2 9 2
3 1 2
t 270 26
m0 9 4
m1 7 8
m2 9 4
1 6 0
2 9 1
3 0 2
t 269 26
m0 8 4
m1 7 9
m2 8 4
1 5 0
2 9 2
3 1 2
t 268 27
m0 9 4
m1 7 10
m2 9 4
1 6 0
2 9 1
3 0 2
t 267 28
m0 8 4
m1 7 11
m2 8 4
1 5 0
2 9 2
3 1 2
t 266 28
m0 9 4
m1 6 11
m2 9 4
1 6 0
2 9 1
3 0 2
t 265 29
m0 8 4
m1 6 12
m2 8 4
1 5 0
2 9 2
3 1 2
t 264 30
m0 9 4
m1 6 13
m2 9 4
1 6 0
2 9 1
3 0 2
t 263 30
m0 8 4
m1 5 13
m2 8 4
1 5 0
2 9 2
3 1 2
t 262 30
m0 9 4
m1 4 13
m2 9 4
1 6 0
2 9 1
3 0 2
t 261 31
m0 8 4
m1 4 12
m2 8 4
1 5 0
2 9 2
3 1 2
t 260 32
m0 9 4
m1 4 11
m2 9 4
1 6 0
2 9 1
3 0 2
t 259 33
m0 8 4
m1 4 10
m2 8 4
1 5 0
2 9 2
3 1 2
t 258 34
m0 9 4
m1 5 10
m2 9 4
1 6 0
2 9 1
3 0 2
t 257 35
m0 8 4
m1 5 9
m2 9 4
1 5 0
2 9 2
3 1 2
f 0 6
t 256 36
m0 7 4
m1 4 9
m2 9 4
1 6 0
2 9 1
3 0 2
t 255 36
m0 6 4
m1 4 10
m2 9 4
1 5 0
2 9 2
3 1 2
t 254 37
m0 5 4
m1 4 11
m2 9 4
1 6 0
2 9 1
3 0 2
t 253 37
m0 4 4
m1 3 11
m2 9 4
1 5 0
2 9 2
3 1 2
t 252 38
m0 3 4
m1 3 12
m2 9 4
1 6 0
2 9 1
3 0 2
t 251 38
m0 2 4
m1 3 13
m2 9 4
1 5 0
2 9 2
3 1 2
t 250 39
m0 1 4
m1 4 13
m2 9 4
1 6 0
2 9 1
3 0 2
t 249 39
m0 1 5
m1 4 14
m2 9 4
1 5 0
2 9 2
3 1 2
t 248 39
m0 0 5
m1 5 14
m2 9 4
1 6 0
2 9 1
3 0 2
t 247 39
m0 0 6
m1 5 14
m2 8 4
1 5 0
2 9 2
3 1 2
t 246 49
m0 0 7
m1 5 14
m2 9 4
1 6 0
2 9 1
3 0 2
t 245 49
m0 0 7
m1 5 14
m2 8 4
1 5 0
2 9 2
3 1 2
t 244 49
m0 0 8
m1 5 14
m2 9 4
1 6 0
2 9 1
3 0 2
t 243 49
m0 0 7
m1 5 14
m2 8 4
1 5 0
2 9 2
3 1 2
t 242 49
m0 0 8
m1 5 14
m2 9 4
1 6 0
2 9 1
3 0 2
t 241 49
m0 0 7
m1 5 14
m2 8 4
1 5 0
2 9 2
3 1 2
t 240 49
m0 0 8
m1 5 14
m2 9 4
1 6 0
2 9 1
3 0 2
t 239 49
m0 0 7
m1 5 14
m2 8 4
1 5 0
2 9 2
3 1 2
t 238 49
m0 0 8
m1 5 14
m2 9 4
1 6 0
2 9 1
3 0 2
t 237 49
m0 0 7
m1 5 14
m2 8 4
1 5 0
2 9 2
3 1 2
t 236 49
m0 0 8
m1 5 14
m2 9 4
1 6 0
2 9 1
3 0 2
t 235 49
m0 0 7
m1 5 14
m2 8 4
1 5 0
2 9 2
3 1 2
t 234 49
m0 0 8
m1 5 14
m2 9 4
1 6 0
2 9 1
3 0 2
t 233 49
m0 0 7
m1 5 14
m2 8 4
1 5 0
2 9 2
3 1 2
t 232 49
m0 0 8
m1 5 14
m2 9 4
1 6 0
2 9 1
3 0 2
t 231 49
m0 0 7
m1 5 14
m2 8 4
1 5 0
2 9 2
3 1 2
t 230 49
m0 0 8
m1 5 14
m2 9 4
1 6 0
2 9 1
3 0 2
t 229 49
m0 0 7
m1 5 14
m2 8 4
1 5 0
2 9 2
3 1 2
t 228 49
m0 0 8
m1 5 14
m2 9 4
1 6 0
2 9 1
3 0 2
t 227 49
m0 0 7
m1 5 14
m2 8 4
1 5 0
2 9 2
3 1 2
t 226 49
m0 0 8
m1 5 14
m2 9 4
1 6 0
2 9 1
3 0 2
t 225 49
m0 0 7
m1 5 14
m2 8 4
1 5 0
2 9 2
3 1 2
t 224 49
m0 0 8
m1 5 14
m2 9 4
1 6 0
2 9 1
3 0 2
t 223 49
m0 0 7
m1 5 14
m2 8 4
1 5 0
2 9 2
3 1 2
t 222 49
m0 0 8
m1 5 14
m2 9 4
1 6 0
2 9 1
3 0 2
t 221 49
m0 0 7
m1 5 14
m2 8 4
1 5 0
2 9 2
3 1 2
t 220 49
m0 0 8
m1 5 14
m2 9 4
1 6 0
2 9 1
3 0 2
t 219 49
m0 0 7
m1 5 14
m2 8 4
1 5 0
2 9 2
3 1 2
t 218 49
m0 0 8
m1 5 14
m2 9 4
1 6 0
2 9 1
3 0 2
t 217 49
m0 0 7
m1 5 14
m2 8 4
1 5 0
2 9 2
3 1 2
t 216 49
m0 0 8
m1 5 14
m2 9 4
1 6 0
2 9 1
3 0 2
t 215 49
m0 0 7
m1 5 14
m2 8 4
1 5 0
2 9 2
3 1 2
t 214 49
m0 0 8
m1 5 14
m2 9 4
1 6 0
2 9 1
3 0 2
t 213 49
m0 0 7
m1 5 14
m2 8 4
1 5 0
2 9 2
3 1 2
t 212 49
m0 0 8
m1 5 14
m2 9 4
1 6 0
2 9 1
3 0 2
t 211 49
m0 0 7
m1 5 14
m2 8 4
1 5 0
2 9 2
3 1 2
t 210 49
m0 0 8
m1 5 14
m2 9 4
1 6 0
2 9 1
3 0 2
t 209 49
m0 0 7
m1 5 14
m2 8 4
1 5 0
2 9 2
3 1 2
f 4 5
t 208 49
m0 0 6
m1 5 14
m2 7 4
1 6 0
2 9 1
3 0 2
t 207 49
m0 1 6
m1 5 14
m2 6 4
1 5 0
2 9 2
3 1 2
t 206 49
m0 2 6
m1 5 14
m2 5 4
1 6 0
2 9 1
3 0 2
t 205 49
m0 2 5
m1 4 14
m2 4 4
1 5 0
2 9 2
3 1 2
t 204 49
m0 1 5
m1 5 14
m2 4 5
1 6 0
2 9 1
3 0 2
t 203 59
m0 1 4
m1 4 14
m2 5 5
1 5 0
2 9 2
3 1 2
t 202 59
m0 1 3
m1 4 14
m2 5 4
1 6 0
2 9 1
3 0 2
t 201 59
m0 -5 -5
m1 4 14
m2 6 4
1 5 0
2 9 2
3 1 2
t 200 60
m0 -5 -5
m1 4 14
m2 7 4
1 6 0
2 9 1
3 0 2
t 199 60
m0 -5 -5
m1 4 14
m2 8 4
1 5 0
2 9 2
3 1 2
t 198 60
m0 -5 -5
m1 4 14
m2 9 4
1 6 0
2 9 1
3 0 2
t 197 60
m0 -5 -5
m1 5 14
m2 8 4
1 5 0
2 9 2
3 1 2
t 196 60
m0 -5 -5
m1 4 14
m2 9 4
1 6 0
2 9 1
3 0 2
t 195 60
m0 -5 -5
m1 5 14
m2 8 4
1 5 0
2 9 2
3 1 2
t 194 60
m0 -5 -5
m1 4 14
m2 9 4
1 6 0
2 9 1
3 0 2
t 193 60
m0 -5 -5
m1 5 14
m2 8 4
1 5 0
2 9 2
3 1 2
t 192 60
m0 -5 -5
m1 4 14
m2 7 4
1 6 0
2 9 1
3 0 2
f 6 11
t 191 60
m0 -5 -5
m1 4 14
m2 6 4
1 5 0
2 9 2
3 1 2
t 190 60
m0 -5 -5
m1 4 14
m2 5 4
1 6 0
2 9 1
3 0 2
t 189 60
m0 -5 -5
m1 4 14
m2 4 4
1 5 0
2 9 2
3 1 2
t 188 60
m0 -5 -5
m1 5 14
m2 5 4
1 6 0
2 9 1
3 0 2
t 187 60
m0 -5 -5
m1 4 14
m2 4 4
1 5 0
2 9 2
3 1 2
t 186 60
m0 -5 -5
m1 5 14
m2 5 4
1 6 0
2 9 1
3 0 2
t 185 60
m0 -5 -5
m1 4 14
m2 4 4
1 5 0
2 9 2
3 1 2
t 184 60
m0 -5 -5
m1 5 14
m2 5 4
1 6 0
2 9 1
3 0 2
t 183 60
m0 -5 -5
m1 4 14
m2 4 4
1 5 0
2 9 2
3 1 2
t 182 60
m0 -5 -5
m1 5 14
m2 5 4
1 6 0
2 9 1
3 0 2
t 181 60
m0 -5 -5
m1 4 14
m2 4 4
1 5 0
2 9 2
3 1 2
t 180 60
m0 -5 -5
m1 5 14
m2 5 4
1 6 0
2 9 1
3 0 2
t 179 60
m0 -5 -5
m1 4 14
m2 4 4
1 5 0
2 9 2
3 1 2
t 178 60
m0 -5 -5
m1 5 14
m2 5 4
1 6 0
2 9 1
3 0 2
t 177 60
m0 -5 -5
m1 4 14
m2 4 4
1 5 0
2 9 2
3 1 2
t 176 60
m0 -5 -5
m1 5 14
m2 5 4
1 6 0
2 9 1
3 0 2
t 175 60
m0 -5 -5
m1 4 14
m2 4 4
1 5 0
2 9 2
3 1 2
t 174 60
m0 -5 -5
m1 5 14
m2 5 4
1 6 0
2 9 1
3 0 2
t 173 60
m0 -5 -5
m1 4 14
m2 4 4
1 5 0
2 9 2
3 1 2
t 172 60
m0 -5 -5
m1 5 14
m2 5 4
1 6 0
2 9 1
3 0 2
t 171 60
m0 -5 -5
m1 4 14
m2 4 4
1 5 0
2 9 2
3 1 2
t 170 60
m0 -5 -5
m1 5 14
m2 5 4
1 6 0
2 9 1
3 0 2
t 169 60
m0 -5 -5
m1 4 14
m2 4 4
1 5 0
2 9 2
3 1 2
t 168 60
m0 -5 -5
m1 5 14
m2 5 4
1 6 0
2 9 1
3 0 2
t 167 60
m0 -5 -5
m1 4 14
m2 4 4
1 5 0
2 9 2
3 1 2
t 166 60
m0 -5 -5
m1 5 14
m2 5 4
1 6 0
2 9 1
3 0 2
t 165 60
m0 -5 -5
m1 4 14
m2 4 4
1 5 0
2 9 2
3 1 2
t 164 60
m0 -5 -5
m1 5 14
m2 5 4
1 6 0
2 9 1
3 0 2
t 163 60
m0 -5 -5
m1 4 14
m2 4 4
1 5 0
2 9 2
3 1 2
t 162 60
m0 -5 -5
m1 5 14
m2 5 4
1 6 0
2 9 1
3 0 2
t 161 60
m0 -5 -5
m1 4 14
m2 4 4
1 5 0
2 9 2
3 1 2
t 160 60
m0 -5 -5
m1 5 14
m2 5 4
1 6 0
2 9 1
3 0 2
t 159 60
m0 -5 -5
m1 4 14
m2 4 4
1 5 0
2 9 2
3 1 2
t 158 60
m0 -5 -5
m1 5 14
m2 5 4
1 6 0
2 9 1
3 0 2
t 157 60
m0 -5 -5
m1 4 14
m2 4 4
1 5 0
2 9 2
3 1 2
t 156 60
m0 -5 -5
m1 5 14
m2 5 4
1 6 0
2 9 1
3 0 2
t 155 60
m0 -5 -5
m1 4 14
m2 4 4
1 5 0
2 9 2
3 1 2
t 154 60
m0 -5 -5
m1 5 14
m2 5 4
1 6 0
2 9 1
3 0 2
t 153 60
m0 -5 -5
m1 4 14
m2 4 4
1 5 0
2 9 2
3 1 2
t 152 60
m0 -5 -5
m1 5 14
m2 5 4
1 6 0
2 9 1
3 0 2
t 151 60
m0 -5 -5
m1 4 14
m2 4 4
1 5 0
2 9 2
3 1 2
t 150 60
m0 -5 -5
m1 5 14
m2 5 4
1 6 0
2 9 1
3 0 2
t 149 60
m0 -5 -5
m1 4 14
m2 4 4
1 5 0
2 9 2
3 1 2
t 148 60
m0 -5 -5
m1 5 14
m2 5 4
1 6 0
2 9 1
3 0 2
t 147 60
m0 -5 -5
m1 4 14
m2 4 4
1 5 0
2 9 2
3 1 2
t 146 60
m0 -5 -5
m1 5 14
m2 5 4
1 6 0
2 9 1
3 0 2
t 145 60
m0 -5 -5
m1 4 14
m2 4 4
1 5 0
2 9 2
3 1 2
t 144 60
m0 -5 -5
m1 5 14
m2 5 4
1 6 0
2 9 1
3 0 2
t 143 60
m0 -5 -5
m1 4 14
m2 4 4
1 5 0
2 9 2
3 1 2
t 142 60
m0 -5 -5
m1 5 14
m2 5 4
1 6 0
2 9 1
3 0 2
t 141 60
m0 -5 -5
m1 4 14
m2 4 4
1 5 0
2 9 2
3 1 2
t 140 60
m0 -5 -5
m1 5 14
m2 5 4
1 6 0
2 9 1
3 0 2
t 139 60
m0 -5 -5
m1 4 14
m2 4 4
1 5 0
2 9 2
3 1 2
t 138 60
m0 -5 -5
m1 5 14
m2 5 4
1 6 0
2 9 1
3 0 2
t 137 60
m0 -5 -5
m1 4 14
m2 4 4
1 5 0
2 9 2
3 1 2
t 136 60
m0 -5 -5
m1 5 14
m2 5 4
1 6 0
2 9 1
3 0 2
t 135 60
m0 -5 -5
m1 4 14
m2 4 4
1 5 0
2 9 2
3 1 2
t 134 60
m0 -5 -5
m1 5 14
m2 5 4
1 6 0
2 9 1
3 0 2
t 133 60
m0 -5 -5
m1 4 14
m2 4 4
1 5 0
2 9 2
3 1 2
t 132 60
m0 -5 -5
m1 5 14
m2 5 4
1 6 0
2 9 1
3 0 2
t 131 60
m0 -5 -5
m1 4 14
m2 4 4
1 5 0
2 9 2
3 1 2
t 130 60
m0 -5 -5
m1 5 14
m2 5 4
1 6 0
2 9 1
3 0 2
t 129 60
m0 -5 -5
m1 4 14
m2 4 4
1 5 0
2 9 2
3 1 2
t 128 60
m0 -5 -5
m1 5 14
m2 5 4
1 6 0
2 9 1
3 0 2
t 127 60
m0 -5 -5
m1 4 14
m2 4 4
1 5 0
2 9 2
3 1 2
t 126 60
m0 -5 -5
m1 5 14
m2 5 4
1 6 0
2 9 1
3 0 2
t 125 60
m0 -5 -5
m1 4 14
m2 4 4
1 5 0
2 9 2
3 1 2
t 124 60
m0 -5 -5
m1 5 14
m2 5 4
1 6 0
2 9 1
3 0 2
t 123 60
m0 -5 -5
m1 4 14
m2 4 4
1 5 0
2 9 2
3 1 2
t 122 60
m0 -5 -5
m1 5 14
m2 5 4
1 6 0
2 9 1
3 0 2
t 121 60
m0 -5 -5
m1 4 14
m2 4 4
1 5 0
2 9 2
3 1 2
t 120 60
m0 -5 -5
m1 5 14
m2 5 4
1 6 0
2 9 1
3 0 2
t 119 60
m0 -5 -5
m1 4 14
m2 4 4
1 5 0
2 9 2
3 1 2
t 118 60
m0 -5 -5
m1 5 14
m2 5 4
1 6 0
2 9 1
3 0 2
t 117 60
m0 -5 -5
m1 4 14
m2 4 4
1 5 0
2 9 2
3 1 2
t 116 60
m0 -5 -5
m1 5 14
m2 5 4
1 6 0
2 9 1
3 0 2
t 115 60
m0 -5 -5
m1 4 14
m2 4 4
1 5 0
2 9 2
3 1 2
t 114 60
m0 -5 -5
m1 5 14
m2 5 4
1 6 0
2 9 1
3 0 2
t 113 60
m0 -5 -5
m1 4 14
m2 4 4
1 5 0
2 9 2
3 1 2
t 112 60
m0 -5 -5
m1 5 14
m2 5 4
1 6 0
2 9 1
3 0 2
t 111 60
m0 -5 -5
m1 4 14
m2 4 4
1 5 0
2 9 2
3 1 2
t 110 60
m0 -5 -5
m1 5 14
m2 5 4
1 6 0
2 9 1
3 0 2
t 109 60
m0 -5 -5
m1 4 14
m2 4 4
1 5 0
2 9 2
3 1 2
t 108 60
m0 -5 -5
m1 5 14
m2 5 4
1 6 0
2 9 1
3 0 2
t 107 60
m0 -5 -5
m1 4 14
m2 4 4
1 5 0
2 9 2
3 1 2
t 106 60
m0 -5 -5
m1 5 14
m2 5 4
1 6 0
2 9 1
3 0 2
t 105 60
m0 -5 -5
m1 4 14
m2 4 4
1 5 0
2 9 2
3 1 2
t 104 60
m0 -5 -5
m1 5 14
m2 5 4
1 6 0
2 9 1
3 0 2
t 103 60
m0 -5 -5
m1 4 14
m2 4 4
1 5 0
2 9 2
3 1 2
t 102 60
m0 -5 -5
m1 5 14
m2 5 4
1 6 0
2 9 1
3 0 2
t 101 60
m0 -5 -5
m1 4 14
m2 4 4
1 5 0
2 9 2
3 1 2
t 100 60
m0 -5 -5
m1 5 14
m2 5 4
1 6 0
2 9 1
3 0 2
t 99 60
m0 -5 -5
m1 4 14
m2 4 4
1 5 0
2 9 2
3 1 2
t 98 60
m0 -5 -5
m1 5 14
m2 5 4
1 6 0
2 9 1
3 0 2
t 97 60
m0 -5 -5
m1 4 14
m2 4 4
1 5 0
2 9 2
3 1 2
t 96 60
m0 -5 -5
m1 5 14
m2 5 4
1 6 0
2 9 1
3 0 2
t 95 60
m0 -5 -5
m1 4 14
m2 4 4
1 5 0
2 9 2
3 1 2
t 94 60
m0 -5 -5
m1 5 14
m2 5 4
1 6 0
2 9 1
3 0 2
t 93 60
m0 -5 -5
m1 4 14
m2 4 4
1 5 0
2 9 2
3 1 2
t 92 60
m0 -5 -5
m1 5 14
m2 5 4
1 6 0
2 9 1
3 0 2
t 91 60
m0 -5 -5
m1 4 14
m2 4 4
1 5 0
2 9 2
3 1 2
t 90 60
m0 -5 -5
m1 5 14
m2 5 4
1 6 0
2 9 1
3 0 2
t 89 60
m0 -5 -5
m1 4 14
m2 4 4
1 5 0
2 9 2
3 1 2
t 88 60
m0 -5 -5
m1 5 14
m2 5 4
1 6 0
2 9 1
3 0 2
t 87 60
m0 -5 -5
m1 4 14
m2 4 4
1 5 0
2 9 2
3 1 2
t 86 60
m0 -5 -5
m1 5 14
m2 5 4
1 6 0
2 9 1
3 0 2
t 85 60
m0 -5 -5
m1 4 14
m2 4 4
1 5 0
2 9 2
3 1 2
t 84 60
m0 -5 -5
m1 5 14
m2 5 4
1 6 0
2 9 1
3 0 2
t 83 60
m0 -5 -5
m1 4 14
m2 4 4
1 5 0
2 9 2
3 1 2
t 82 60
m0 -5 -5
m1 5 14
m2 5 4
1 6 0
2 9 1
3 0 2
t 81 60
m0 -5 -5
m1 4 14
m2 4 4
1 5 0
2 9 2
3 1 2
t 80 60
m0 -5 -5
m1 5 14
m2 5 4
1 6 0
2 9 1
3 0 2
t 79 60
m0 -5 -5
m1 4 14
m2 4 4
1 5 0
2 9 2
3 1 2
t 78 60
m0 -5 -5
m1 5 14
m2 5 4
1 6 0
2 9 1
3 0 2
t 77 60
m0 -5 -5
m1 4 14
m2 4 4
1 5 0
2 9 2
3 1 2
t 76 60
m0 -5 -5
m1 5 14
m2 5 4
1 6 0
2 9 1
3 0 2
t 75 60
m0 -5 -5
m1 4 14
m2 4 4
1 5 0
2 9 2
3 1 2
t 74 60
m0 -5 -5
m1 5 14
m2 5 4
1 6 0
2 9 1
3 0 2
t 73 60
m0 -5 -5
m1 4 14
m2 4 4
1 5 0
2 9 2
3 1 2
t 72 60
m0 -5 -5
m1 5 14
m2 5 4
1 6 0
2 9 1
3 0 2
t 71 60
m0 -5 -5
m1 4 14
m2 4 4
1 5 0
2 9 2
3 1 2
t 70 60
m0 -5 -5
m1 5 14
m2 5 4
1 6 0
2 9 1
3 0 2
t 69 60
m0 -5 -5
m1 4 14
m2 4 4
1 5 0
2 9 2
3 1 2
t 68 60
m0 -5 -5
m1 5 14
m2 5 4
1 6 0
2 9 1
3 0 2
t 67 60
m0 -5 -5
m1 4 14
m2 4 4
1 5 0
2 9 2
3 1 2
t 66 60
m0 -5 -5
m1 5 14
m2 5 4
1 6 0
2 9 1
3 0 2
t 65 60
m0 -5 -5
m1 4 14
m2 4 4
1 5 0
2 9 2
3 1 2
t 64 60
m0 -5 -5
m1 5 14
m2 5 4
1 6 0
2 9 1
3 0 2
t 63 60
m0 -5 -5
m1 4 14
m2 4 4
1 5 0
2 9 2
3 1 2
t 62 60
m0 -5 -5
m1 5 14
m2 5 4
1 6 0
2 9 1
3 0 2
t 61 60
m0 -5 -5
m1 4 14
m2 4 4
1 5 0
2 9 2
3 1 2
t 60 60
m0 -5 -5
m1 5 14
m2 5 4
1 6 0
2 9 1
3 0 2
t 59 60
m0 -5 -5
m1 4 14
m2 4 4
1 5 0
2 9 2
3 1 2
t 58 60
m0 -5 -5
m1 5 14
m2 5 4
1 6 0
2 9 1
3 0 2
t 57 60
m0 -5 -5
m1 4 14
m2 4 4
1 5 0
2 9 2
3 1 2
t 56 60
m0 -5 -5
m1 5 14
m2 5 4
1 6 0
2 9 1
3 0 2
t 55 60
m0 -5 -5
m1 4 14
m2 4 4
1 5 0
2 9 2
3 1 2
t 54 60
m0 -5 -5
m1 5 14
m2 5 4
1 6 0
2 9 1
3 0 2
t 53 60
m0 -5 -5
m1 4 14
m2 4 4
1 5 0
2 9 2
3 1 2
t 52 60
m0 -5 -5
m1 5 14
m2 5 4
1 6 0
2 9 1
3 0 2
t 51 60
m0 -5 -5
m1 4 14
m2 4 4
1 5 0
2 9 2
3 1 2
t 50 60
m0 -5 -5
m1 5 14
m2 5 4
1 6 0
2 9 1
3 0 2
t 49 60
m0 -5 -5
m1 4 14
m2 4 4
1 5 0
2 9 2
3 1 2
t 48 60
m0 -5 -5
m1 5 14
m2 5 4
1 6 0
2 9 1
3 0 2
t 47 60
m0 -5 -5
m1 4 14
m2 4 4
1 5 0
2 9 2
3 1 2
t 46 60
m0 -5 -5
m1 5 14
m2 5 4
1 6 0
2 9 1
3 0 2
t 45 60
m0 -5 -5
m1 4 14
m2 4 4
1 5 0
2 9 2
3 1 2
t 44 60
m0 -5 -5
m1 5 14
m2 5 4
1 6 0
2 9 1
3 0 2
t 43 60
m0 -5 -5
m1 4 14
m2 4 4
1 5 0
2 9 2
3 1 2
t 42 60
m0 -5 -5
m1 5 14
m2 5 4
1 6 0
2 9 1
3 0 2
t 41 60
m0 -5 -5
m1 4 14
m2 4 4
1 5 0
2 9 2
3 1 2
t 40 60
m0 -5 -5
m1 5 14
m2 5 4
1 6 0
2 9 1
3 0 2
t 39 60
m0 -5 -5
m1 4 14
m2 4 4
1 5 0
2 9 2
3 1 2
t 38 60
m0 -5 -5
m1 5 14
m2 5 4
1 6 0
2 9 1
3 0 2
t 37 60
m0 -5 -5
m1 4 14
m2 4 4
1 5 0
2 9 2
3 1 2
t 36 60
m0 -5 -5
m1 5 14
m2 5 4
1 6 0
2 9 1
3 0 2
t 35 60
m0 -5 -5
m1 4 14
m2 4 4
1 5 0
2 9 2
3 1 2
t 34 60
m0 -5 -5
m1 5 14
m2 5 4
1 6 0
2 9 1
3 0 2
t 33 60
m0 -5 -5
m1 4 14
m2 4 4
1 5 0
2 9 2
3 1 2
t 32 60
m0 -5 -5
m1 5 14
m2 5 4
1 6 0
2 9 1
3 0 2
t 31 60
m0 -5 -5
m1 4 14
m2 4 4
1 5 0
2 9 2
3 1 2
t 30 60
m0 -5 -5
m1 5 14
m2 5 4
1 6 0
2 9 1
3 0 2
t 29 60
m0 -5 -5
m1 4 14
m2 4 4
1 5 0
2 9 2
3 1 2
t 28 60
m0 -5 -5
m1 5 14
m2 5 4
1 6 0
2 9 1
3 0 2
t 27 60
m0 -5 -5
m1 4 14
m2 4 4
1 5 0
2 9 2
3 1 2
t 26 60
m0 -5 -5
m1 5 14
m2 5 4
1 6 0
2 9 1
3 0 2
t 25 60
m0 -5 -5
m1 4 14
m2 4 4
1 5 0
2 9 2
3 1 2
t 24 60
m0 -5 -5
m1 5 14
m2 5 4
1 6 0
2 9 1
3 0 2
t 23 60
m0 -5 -5
m1 4 14
m2 4 4
1 5 0
2 9 2
3 1 2
t 22 60
m0 -5 -5
m1 5 14
m2 5 4
1 6 0
2 9 1
3 0 2
t 21 60
m0 -5 -5
m1 4 14
m2 4 4
1 5 0
2 9 2
3 1 2
t 20 60
m0 -5 -5
m1 5 14
m2 5 4
1 6 0
2 9 1
3 0 2
t 19 60
m0 -5 -5
m1 4 14
m2 4 4
1 5 0
2 9 2
3 1 2
t 18 60
m0 -5 -5
m1 5 14
m2 5 4
1 6 0
2 9 1
3 0 2
t 17 60
m0 -5 -5
m1 4 14
m2 4 4
1 5 0
2 9 2
3 1 2
t 16 60
m0 -5 -5
m1 5 14
m2 5 4
1 6 0
2 9 1
3 0 2
t 15 60
m0 -5 -5
m1 4 14
m2 4 4
1 5 0
2 9 2
3 1 2
t 14 60
m0 -5 -5
m1 5 14
m2 5 4
1 6 0
2 9 1
3 0 2
t 13 60
m0 -5 -5
m1 4 14
m2 4 4
1 5 0
2 9 2
3 1 2
t 12 60
m0 -5 -5
m1 5 14
m2 5 4
1 6 0
2 9 1
3 0 2
t 11 60
m0 -5 -5
m1 4 14
m2 4 4
1 5 0
2 9 2
3 1 2
t 10 60
m0 -5 -5
m1 5 14
m2 5 4
1 6 0
2 9 1
3 0 2
t 9 60
m0 -5 -5
m1 4 14
m2 4 4
1 5 0
2 9 2
3 1 2
t 8 60
m0 -5 -5
m1 5 14
m2 5 4
1 6 0
2 9 1
3 0 2
t 7 60
m0 -5 -5
m1 4 14
m2 4 4
1 5 0
2 9 2
3 1 2
t 6 60
m0 -5 -5
m1 5 14
m2 5 4
1 6 0
2 9 1
3 0 2
t 5 60
m0 -5 -5
m1 4 14
m2 4 4
1 5 0
2 9 2
3 1 2
t 4 60
m0 -5 -5
m1 5 14
m2 5 4
1 6 0
2 9 1
3 0 2
t 3 60
m0 -5 -5
m1 4 14
m2 4 4
1 5 0
2 9 2
3 1 2
t 2 60
m0 -5 -5
m1 5 14
m2 5 4
1 6 0
2 9 1
3 0 2
t 1 60
m0 -5 -5
m1 4 14
m2 4 4
1 6 0
2 9 1
3 0 2
t 0 60
