10
15
w 5 9
w 1 3
w 9 1
w 3 0
w 3 11
w 9 4
w 7 11
w 1 11
w 7 2
w 4 0
w 1 2
w 8 14
w 6 7
w 8 1
w 4 13
w 5 0
w 1 10
w 9 7
w 6 4
w 7 14
w 0 0
w 4 5
w 8 11
w 4 14
w 6 0
w 6 12
w 1 0
w 0 8
w 9 6
w 6 5
w 2 7
w 1 12
w 9 2
w 5 14
w 2 0
w 3 8
w 2 4
p 7 3
p 4 7
p 6 6
p 4 8
p 2 8
p 9 8
p 8 0
p 5 6
p 7 12
p 2 1
p 4 12
p 1 6
p 0 10
p 3 7
p 2 5
p 0 3
p 8 5
p 3 14
p 4 9
p 7 8
p 7 6
p 4 4
p 1 14
p 8 10
p 3 10
p 1 5
p 2 13
p 3 6
p 8 6
p 2 6
p 5 11
p 1 13
p 3 9
p 2 3
p 0 5
p 1 9
p 3 5
p 0 1
p 9 13
p 5 3
p 8 3
p 7 0
p 6 8
p 4 6
p 7 9
p 5 10
p 3 12
p 6 1
p 5 7
p 0 13
p 3 1
p 9 9
p 4 3
p 1 7
p 3 4
p 0 2
m0 0 14
m1 0 14
m2 0 14
1 9 0
2 9 0
3 9 0
t 300 0
m0 0 14
m1 0 14
m2 0 14
1 8 0
2 8 0
3 8 0
t 299 0
m0 0 14
m1 0 14
m2 0 14
1 7 0
2 7 0
3 9 0
t 298 0
m0 0 14
m1 0 14
m2 0 14
1 8 0
2 8 0
3 8 0
t 297 0
m0 0 14
m1 0 14
m2 0 14
1 7 0
2 9 0
3 9 0
t 296 0
m0 0 14
m1 0 14
m2 0 14
1 7 1
2 8 0
3 8 0
t 295 0
m0 0 14
m1 0 14
m2 0 14
1 7 0
2 9 0
3 9 0
t 294 0
m0 0 14
m1 0 14
m2 0 14
1 7 1
2 8 0
3 8 0
t 293 0
m0 0 14
m1 0 14
m2 0 14
1 7 0
2 9 0
3 9 0
t 292 0
m0 0 14
m1 0 14
m2 0 14
1 7 1
2 8 0
3 8 0
t 291 0
m0 0 14
m1 0 14
m2 0 14
1 6 1
2 9 0
3 7 0
t 290 0
m0 0 14
m1 0 14
m2 0 14
1 7 1
2 8 0
3 7 1
t 289 0
m0 0 14
m1 0 14
m2 0 14
1 6 1
2 7 0
3 6 1
t 288 0
m0 0 14
m1 0 14
m2 0 14
1 7 1
2 8 0
3 6 2
t 287 0
m0 0 14
m1 0 14
m2 0 14
1 6 1
2 9 0
3 6 3
t 286 0
m0 0 14
m1 0 14
m2 0 14
1 7 1
2 8 0
3 7 3
t 285 0
m0 0 14
m1 0 14
m2 0 14
1 7 0
2 7 0
3 7 4
t 284 0
m0 0 14
m1 0 14
m2 0 14
1 7 1
2 8 0
3 7 5
t 283 0
m0 0 14
m1 0 14
m2 0 14
1 7 0
2 9 0
3 7 4
t 282 0
m0 0 14
m1 0 14
m2 0 14
1 7 1
2 8 0
3 7 5
t 281 0
m0 0 14
m1 0 14
m2 0 14
1 6 1
2 9 0
3 7 4
t 280 0
m0 0 14
m1 0 14
m2 0 14
1 5 1
2 8 0
3 8 4
t 279 0
m0 0 14
m1 0 14
m2 0 14
1 6 1
2 7 0
3 8 3
t 278 0
m0 0 14
m1 0 14
m2 0 14
1 6 2
2 7 1
3 9 3
t 277 0
m0 0 14
m1 0 14
m2 0 14
1 6 3
2 7 0
3 8 3
t 276 0
m0 0 14
m1 0 14
m2 0 14
1 7 3
2 8 0
3 9 3
t 275 0
m0 0 14
m1 0 14
m2 0 14
1 7 4
2 7 0
3 8 3
t 274 0
m0 0 14
m1 0 14
m2 0 14
1 7 5
2 8 0
3 9 3
t 273 0
m0 0 14
m1 0 14
m2 1 14
1 7 6
2 7 0
3 8 3
f 5 4
t 272 1
m0 1 14
m1 1 14
m2 2 14
1 7 5
2 7 1
3 7 3
t 271 1
m0 2 14
m1 2 14
m2 3 14
1 7 4
2 7 0
3 8 3
t 270 2
m0 3 14
m1 3 14
m2 3 13
1 8 4
2 7 1
3 8 2
t 269 2
m0 3 13
m1 3 13
m2 3 12
1 8 5
2 7 0
3 8 3
t 268 3
m0 3 12
m1 3 12
m2 4 12
1 9 5
2 7 1
3 9 3
t 267 4
m0 4 12
m1 4 12
m2 5 12
1 8 5
2 6 1
3 8 3
t 266 4
m0 5 12
m1 5 12
m2 5 11
1 8 4
2 5 1
3 8 2
t 265 5
m0 5 11
m1 5 11
m2 5 10
1 7 4
2 6 1
3 8 3
t 264 6
m0 5 10
m1 5 10
m2 5 10
1 7 3
2 7 1
3 7 3
t 263 6
m0 5 10
m1 5 10
m2 5 10
1 7 4
2 7 0
3 8 3
t 262 6
m0 5 10
m1 5 10
m2 5 10
1 7 5
2 7 1
3 8 2
t 261 6
m0 5 10
m1 5 10
m2 5 10
1 8 5
2 7 0
3 8 3
t 260 6
m0 5 10
m1 5 10
m2 5 10
1 8 4
2 7 1
3 8 2
t 259 6
m0 5 10
m1 5 10
m2 5 10
1 8 5
2 7 0
3 8 3
t 258 6
m0 5 10
m1 5 10
m2 5 10
1 9 5
2 7 1
3 9 3
t 257 6
m0 5 10
m1 5 10
m2 5 10
1 8 5
2 6 1
3 8 3
t 256 6
m0 5 10
m1 5 10
m2 5 10
1 8 4
2 7 1
3 8 4
t 255 6
m0 5 10
m1 5 10
m2 5 10
1 8 5
2 7 0
3 8 3
t 254 6
m0 5 10
m1 5 10
m2 5 10
1 8 4
2 7 1
3 9 3
t 253 6
m0 5 10
m1 5 10
m2 5 10
1 8 5
2 6 1
3 8 3
t 252 6
m0 5 10
m1 5 10
m2 5 10
1 8 6
2 7 1
3 8 4
t 251 6
m0 5 10
m1 5 10
m2 5 10
1 8 7
2 6 1
3 8 5
t 250 6
m0 5 10
m1 5 10
m2 5 10
1 8 8
2 5 1
3 9 5
t 249 6
m0 5 10
m1 5 10
m2 5 10
1 7 8
2 5 2
3 8 5
t 248 6
m0 5 10
m1 5 10
m2 5 10
1 8 8
2 5 1
3 7 5
t 247 6
m0 5 10
m1 5 10
m2 5 10
1 9 8
2 5 2
3 8 5
t 246 6
m0 5 10
m1 5 10
m2 5 10
1 9 9
2 5 1
3 8 6
t 245 6
m0 5 10
m1 5 10
m2 5 10
1 8 9
2 4 1
3 8 5
t 244 6
m0 5 10
m1 5 10
m2 5 10
1 7 9
2 4 2
3 9 5
t 243 6
m0 5 10
m1 5 10
m2 5 10
1 7 8
2 3 2
3 8 5
t 242 6
m0 5 10
m1 5 10
m2 5 10
1 7 9
2 3 1
3 8 4
t 241 6
m0 5 10
m1 5 10
m2 5 10
1 6 9
2 2 1
3 8 3
t 240 6
m0 5 10
m1 5 10
m2 4 10
1 6 10
2 1 1
3 8 4
t 239 6
m0 4 10
m1 4 10
m2 4 9
1 5 10
2 0 1
3 8 5
t 238 7
m0 4 9
m1 4 9
m2 4 8
1 4 10
2 0 2
3 8 4
t 237 8
m0 4 8
m1 4 8
m2 5 8
1 4 11
2 0 3
3 7 4
t 236 8
m0 5 8
m1 5 8
m2 5 7
1 5 11
2 0 2
3 8 4
t 235 9
m0 5 7
m1 5 7
m2 5 6
1 5 12
2 0 3
3 8 5
t 234 10
m0 5 6
m1 5 6
m2 5 5
1 4 12
2 0 4
3 8 6
t 233 10
m0 5 5
m1 5 5
m2 5 4
1 3 12
2 1 4
3 8 7
t 232 20
m0 5 4
m1 5 4
m2 5 3
1 2 12
2 0 4
3 8 6
f 5 1
t 231 21
m0 5 3
m1 5 3
m2 5 2
1 3 12
2 1 4
3 8 7
t 230 21
m0 5 2
m1 5 2
m2 5 1
1 2 12
2 1 5
3 8 6
t 229 31
m0 5 1
m1 5 1
m2 5 1
1 2 13
2 1 6
3 8 7
t 228 31
m0 5 1
m1 5 1
m2 5 1
1 3 13
2 0 6
3 8 8
t 227 31
m0 5 1
m1 5 1
m2 5 1
1 3 14
2 0 5
3 8 9
t 226 31
m0 5 1
m1 6 1
m2 6 1
1 3 13
2 0 4
3 9 9
t 225 32
m0 6 1
m1 7 1
m2 7 1
1 2 13
2 0 3
3 9 8
t 224 32
m0 7 1
m1 7 0
m2 7 0
1 2 12
2 0 4
3 8 8
t 223 33
m0 7 0
m1 7 0
m2 7 0
1 2 13
2 0 5
3 9 8
t 222 33
m0 7 0
m1 7 0
m2 7 0
1 3 13
2 1 5
3 8 8
t 221 33
m0 7 0
m1 7 0
m2 7 0
1 2 13
2 1 4
3 9 8
t 220 33
m0 7 0
m1 7 0
m2 7 0
1 1 13
2 1 5
3 9 9
t 219 33
m0 7 0
m1 7 0
m2 7 0
1 2 13
2 2 5
3 9 10
t 218 33
m0 7 0
m1 8 0
m2 8 0
1 2 14
2 1 5
3 9 9
t 217 34
m0 8 0
m1 7 0
m2 7 0
1 3 14
2 1 4
3 9 10
t 216 34
m0 7 0
m1 8 0
m2 8 0
1 2 14
2 0 4
3 9 9
t 215 34
m0 8 0
m1 7 0
m2 7 0
1 3 14
2 0 5
3 9 8
t 214 34
m0 7 0
m1 7 0
m2 7 0
1 2 14
2 1 5
3 8 8
t 213 34
m0 7 0
m1 7 0
m2 7 0
1 1 14
2 0 5
3 8 9
t 212 34
m0 7 0
m1 7 0
m2 7 0
1 0 14
2 1 5
3 9 9
t 211 34
m0 7 0
m1 7 0
m2 7 0
1 0 13
2 1 6
3 8 9
t 210 34
m0 7 0
m1 7 0
m2 7 0
1 0 14
2 2 6
3 7 9
t 209 34
m0 7 0
m1 8 0
m2 8 0
1 0 13
2 2 5
3 7 8
t 208 34
m0 8 0
m1 9 0
m2 9 0
1 0 14
2 2 6
3 7 9
t 207 34
m0 9 0
m1 9 0
m2 9 0
1 0 13
2 2 5
3 8 9
t 206 34
m0 9 0
m1 9 0
m2 9 0
1 1 13
2 3 5
3 8 10
t 205 34
m0 9 0
m1 9 0
m2 9 0
1 2 13
2 3 6
3 7 10
t 204 34
m0 9 0
m1 9 0
m2 9 0
1 2 14
2 3 7
3 7 9
t 203 34
m0 9 0
m1 9 0
m2 9 0
1 2 13
2 3 6
3 7 8
t 202 34
m0 9 0
m1 9 0
m2 9 0
1 1 13
2 4 6
3 7 9
t 201 34
m0 9 0
m1 9 0
m2 9 0
1 1 14
2 3 6
3 6 9
t 200 34
m0 9 0
m1 9 0
m2 9 0
1 0 14
2 3 5
3 6 10
t 199 34
m0 9 0
m1 9 0
m2 9 0
1 0 13
2 2 5
3 6 9
t 198 34
m0 9 0
m1 9 0
m2 9 0
1 1 13
2 1 5
3 7 9
t 197 34
m0 9 0
m1 9 0
m2 9 0
1 1 14
2 1 4
3 7 10
t 196 34
m0 9 0
m1 9 0
m2 8 0
1 0 14
2 0 4
3 6 10
f 3 12
t 195 34
m0 8 0
m1 8 0
m2 7 0
1 0 13
2 1 4
3 5 10
t 194 34
m0 7 0
m1 7 0
m2 7 1
1 0 14
2 1 5
3 4 10
t 193 34
m0 7 1
m1 7 1
m2 6 1
1 0 13
2 1 4
3 5 10
t 192 34
m0 6 1
m1 6 1
m2 5 1
1 1 13
2 0 4
3 4 10
t 191 34
m0 5 1
m1 5 1
m2 4 1
1 2 13
2 0 5
3 5 10
t 190 34
m0 4 1
m1 4 1
m2 3 1
1 2 12
2 0 4
3 6 10
t 189 35
m0 3 1
m1 3 1
m2 3 2
1 2 13
2 0 5
3 5 10
t 188 35
m0 3 2
m1 3 2
m2 3 3
1 2 12
2 0 6
3 6 10
t 187 35
m0 3 3
m1 3 3
m2 3 4
1 2 13
2 0 5
3 6 11
t 186 36
m0 3 4
m1 3 4
m2 3 5
1 2 14
2 0 4
3 5 11
t 185 37
m0 3 5
m1 3 5
m2 3 6
1 1 14
2 0 3
3 4 11
t 184 38
m0 3 6
m1 3 6
m2 3 7
1 0 14
2 0 2
3 4 10
t 183 39
m0 3 7
m1 3 7
m2 3 7
1 1 14
2 0 1
3 4 9
t 182 39
m0 3 7
m1 3 7
m2 3 7
1 0 14
2 0 2
3 4 10
t 181 39
m0 3 7
m1 3 7
m2 3 7
1 0 13
2 0 1
3 4 11
t 180 39
m0 3 7
m1 3 7
m2 3 7
1 1 13
2 1 1
3 5 11
t 179 39
m0 3 7
m1 3 7
m2 3 7
1 0 13
2 2 1
3 5 12
t 178 39
m0 3 7
m1 3 7
m2 3 7
1 0 14
2 1 1
3 5 13
t 177 39
m0 3 7
m1 3 7
m2 3 7
1 0 13
2 0 1
3 6 13
t 176 39
m0 3 7
m1 3 7
m2 3 7
1 0 12
2 1 1
3 5 13
t 175 39
m0 3 7
m1 3 7
m2 3 7
1 0 13
2 2 1
3 6 13
t 174 39
m0 3 7
m1 3 7
m2 3 7
1 0 14
2 1 1
3 7 13
t 173 39
m0 3 7
m1 3 7
m2 3 7
1 1 14
2 2 1
3 6 13
t 172 39
m0 3 7
m1 3 7
m2 3 7
1 0 14
2 1 1
3 7 13
t 171 39
m0 3 7
m1 3 7
m2 3 7
1 0 13
2 0 1
3 8 13
t 170 39
m0 3 7
m1 3 7
m2 3 7
1 1 13
2 1 1
3 7 13
t 169 39
m0 3 7
m1 3 7
m2 3 7
1 0 13
2 2 1
3 6 13
t 168 39
m0 3 7
m1 3 7
m2 3 7
1 1 13
2 1 1
3 6 14
t 167 39
m0 3 7
m1 3 7
m2 3 7
1 1 14
2 0 1
3 6 13
t 166 39
m0 3 7
m1 3 7
m2 3 7
1 2 14
2 1 1
3 6 14
t 165 39
m0 3 7
m1 3 7
m2 3 7
1 3 14
2 0 1
3 6 13
t 164 39
m0 3 7
m1 3 7
m2 3 7
1 2 14
2 1 1
3 5 13
t 163 39
m0 3 7
m1 3 7
m2 3 7
1 2 13
2 2 1
3 6 13
t 162 39
m0 3 7
m1 3 7
m2 3 7
1 2 14
2 1 1
3 7 13
t 161 39
m0 3 7
m1 3 7
m2 3 7
1 2 13
2 0 1
3 8 13
t 160 39
m0 3 7
m1 3 7
m2 3 7
1 2 14
2 1 1
3 8 12
t 159 39
m0 3 7
m1 3 7
m2 3 7
1 1 14
2 0 1
3 7 12
t 158 39
m0 3 7
m1 3 7
m2 3 7
1 2 14
2 0 2
3 7 13
t 157 39
m0 3 7
m1 3 7
m2 3 7
1 1 14
2 0 1
3 6 13
t 156 39
m0 3 7
m1 3 7
m2 3 7
1 2 14
2 0 2
3 7 13
t 155 39
m0 3 7
m1 3 7
m2 3 7
1 3 14
2 0 1
3 8 13
t 154 39
m0 3 7
m1 3 7
m2 3 7
1 2 14
2 0 2
3 8 12
t 153 39
m0 3 7
m1 3 7
m2 3 7
1 1 14
2 0 3
3 9 12
t 152 39
m0 3 7
m1 3 7
m2 3 7
1 1 13
2 0 2
3 9 11
t 151 39
m0 3 7
m1 3 7
m2 3 7
1 0 13
2 0 1
3 9 10
t 150 39
m0 3 7
m1 3 7
m2 3 7
1 0 14
2 0 2
3 9 11
t 149 39
m0 3 7
m1 3 7
m2 3 7
1 0 13
2 0 3
3 9 12
t 148 39
m0 3 7
m1 3 7
m2 3 7
1 1 13
2 0 2
3 9 11
t 147 39
m0 3 7
m1 3 7
m2 3 7
1 1 14
2 0 1
3 9 12
t 146 39
m0 3 7
m1 3 7
m2 3 7
1 0 14
2 1 1
3 9 13
t 145 39
m0 3 7
m1 3 7
m2 3 7
1 1 14
2 0 1
3 9 14
t 144 39
m0 3 7
m1 3 7
m2 3 7
1 1 13
2 1 1
3 9 13
t 143 39
m0 3 7
m1 3 7
m2 3 7
1 1 14
2 0 1
3 8 13
t 142 39
m0 3 7
m1 3 7
m2 3 7
1 0 14
2 1 1
3 9 13
t 141 39
m0 3 7
m1 3 7
m2 3 7
1 0 13
2 2 1
3 9 14
t 140 39
m0 3 7
m1 3 7
m2 3 7
1 0 14
2 1 1
3 9 13
t 139 39
m0 3 7
m1 3 7
m2 3 7
1 0 13
2 2 1
3 9 14
t 138 39
m0 3 7
m1 3 7
m2 3 7
1 0 12
2 3 1
3 9 13
t 137 39
m0 3 7
m1 3 7
m2 3 7
1 0 13
2 4 1
3 9 12
t 136 39
m0 3 7
m1 3 7
m2 3 7
1 0 14
2 4 2
3 9 11
t 135 39
m0 3 7
m1 3 7
m2 3 7
1 0 13
2 4 1
3 9 10
t 134 39
m0 3 7
m1 3 7
m2 3 7
1 0 14
2 3 1
3 9 9
t 133 39
m0 3 7
m1 3 7
m2 3 7
1 0 13
2 2 1
3 9 8
t 132 39
m0 3 7
m1 3 7
m2 3 7
1 1 13
2 1 1
3 8 8
t 131 39
m0 3 7
m1 3 7
m2 3 7
1 2 13
2 0 1
3 9 8
t 130 39
m0 3 7
m1 3 7
m2 3 7
1 1 13
2 1 1
3 9 9
t 129 39
m0 3 7
m1 3 7
m2 3 7
1 2 13
2 0 1
3 9 10
t 128 39
m0 3 7
m1 3 7
m2 3 7
1 1 13
2 0 2
3 9 11
t 127 39
m0 3 7
m1 3 7
m2 3 7
1 0 13
2 0 1
3 9 12
t 126 39
m0 3 7
m1 3 7
m2 3 7
1 0 12
2 1 1
3 8 12
t 125 39
m0 3 7
m1 3 7
m2 3 7
1 0 11
2 0 1
3 8 13
t 124 39
m0 3 7
m1 3 7
m2 3 7
1 0 10
2 1 1
3 8 12
t 123 39
m0 3 7
m1 3 7
m2 3 7
1 0 9
2 0 1
3 8 13
t 122 39
m0 3 7
m1 3 7
m2 3 7
1 0 10
2 1 1
3 8 12
t 121 39
m0 3 7
m1 3 7
m2 3 7
1 0 9
2 2 1
3 9 12
t 120 39
m0 3 7
m1 3 7
m2 3 7
1 0 10
2 2 2
3 9 11
t 119 39
m0 3 7
m1 3 7
m2 3 7
1 0 11
2 2 1
3 9 10
t 118 39
m0 3 7
m1 3 7
m2 3 7
1 0 10
2 1 1
3 9 9
t 117 39
m0 3 7
m1 3 7
m2 3 7
1 0 11
2 2 1
3 9 8
t 116 39
m0 3 7
m1 3 7
m2 3 7
1 0 10
2 3 1
3 8 8
t 115 39
m0 3 7
m1 3 7
m2 3 7
1 0 9
2 2 1
3 8 9
t 114 39
m0 3 7
m1 3 7
m2 3 7
1 1 9
2 3 1
3 9 9
t 113 39
m0 3 7
m1 3 7
m2 3 7
1 0 9
2 4 1
3 9 10
t 112 39
m0 3 7
m1 3 7
m2 3 7
1 0 10
2 5 1
3 8 10
t 111 39
m0 3 7
m1 3 7
m2 3 7
1 0 11
2 4 1
3 7 10
t 110 39
m0 3 7
m1 3 7
m2 3 7
1 0 12
2 4 2
3 8 10
t 109 39
m0 3 7
m1 3 7
m2 3 7
1 0 13
2 5 2
3 7 10
t 108 39
m0 3 7
m1 3 7
m2 3 7
1 0 12
2 6 2
3 8 10
t 107 39
m0 3 7
m1 3 7
m2 3 7
1 0 11
2 5 2
3 9 10
t 106 39
m0 3 7
m1 3 7
m2 3 7
1 0 10
2 4 2
3 9 9
t 105 39
m0 3 7
m1 3 7
m2 3 7
1 0 11
2 5 2
3 8 9
t 104 39
m0 3 7
m1 3 7
m2 3 7
1 0 12
2 5 1
3 8 10
t 103 39
m0 3 7
m1 3 7
m2 3 7
1 0 13
2 6 1
3 7 10
t 102 39
m0 3 7
m1 3 7
m2 3 7
1 0 14
2 5 1
3 7 9
t 101 39
m0 3 7
m1 3 7
m2 3 7
1 1 14
2 4 1
3 6 9
t 100 39
m0 3 7
m1 3 7
m2 3 7
1 2 14
2 5 1
3 7 9
t 99 39
m0 3 7
m1 3 7
m2 3 7
1 1 14
2 6 1
3 8 9
t 98 39
m0 3 7
m1 3 7
m2 3 7
1 2 14
2 6 2
3 8 10
t 97 39
m0 3 7
m1 3 7
m2 3 7
1 2 13
2 6 1
3 8 9
t 96 39
m0 3 7
m1 3 7
m2 3 7
1 2 14
2 7 1
3 8 8
t 95 39
m0 3 7
m1 3 7
m2 3 7
1 1 14
2 7 0
3 8 9
t 94 39
m0 3 7
m1 3 7
m2 3 7
1 0 14
2 8 0
3 9 9
t 93 39
m0 3 7
m1 3 7
m2 3 7
1 1 14
2 9 0
3 9 10
t 92 39
m0 3 7
m1 3 7
m2 3 7
1 2 14
2 8 0
3 9 11
t 91 39
m0 3 7
m1 3 7
m2 3 7
1 2 13
2 9 0
3 9 10
t 90 39
m0 3 7
m1 3 7
m2 3 7
1 1 13
2 8 0
3 9 9
t 89 39
m0 3 7
m1 3 7
m2 3 7
1 1 14
2 7 0
3 9 10
t 88 39
m0 3 7
m1 3 7
m2 3 7
1 0 14
2 7 1
3 8 10
t 87 39
m0 3 7
m1 3 7
m2 3 7
1 1 14
2 7 0
3 9 10
t 86 39
m0 3 7
m1 3 7
m2 3 7
1 1 13
2 7 1
3 9 9
t 85 39
m0 3 7
m1 3 7
m2 3 7
1 1 14
2 7 0
3 8 9
t 84 39
m0 3 7
m1 3 7
m2 3 7
1 0 14
2 8 0
3 9 9
t 83 39
m0 3 7
m1 3 7
m2 3 7
1 1 14
2 7 0
3 9 8
t 82 39
m0 3 7
m1 3 7
m2 3 7
1 1 13
2 7 1
3 9 9
t 81 39
m0 3 7
m1 3 7
m2 3 7
1 0 13
2 7 0
3 8 9
t 80 39
m0 3 7
m1 3 7
m2 3 7
1 0 12
2 8 0
3 9 9
t 79 39
m0 3 7
m1 3 7
m2 3 7
1 0 13
2 7 0
3 9 8
t 78 39
m0 3 7
m1 3 7
m2 3 7
1 0 14
2 8 0
3 9 9
t 77 39
m0 3 7
m1 3 7
m2 3 7
1 1 14
2 7 0
3 9 10
t 76 39
m0 3 7
m1 3 7
m2 3 7
1 1 13
2 8 0
3 9 11
t 75 39
m0 3 7
m1 3 7
m2 3 7
1 0 13
2 7 0
3 9 12
t 74 39
m0 3 7
m1 3 7
m2 3 7
1 0 12
2 7 1
3 9 11
t 73 39
m0 3 7
m1 3 7
m2 3 7
1 0 11
2 7 0
3 9 12
t 72 39
m0 3 7
m1 3 7
m2 3 7
1 0 12
2 8 0
3 9 13
t 71 39
m0 3 7
m1 3 7
m2 3 7
1 0 11
2 9 0
3 9 14
t 70 39
m0 3 7
m1 3 7
m2 3 7
1 0 12
2 8 0
3 9 13
t 69 39
m0 3 7
m1 3 7
m2 3 7
1 0 13
2 7 0
3 8 13
t 68 39
m0 3 7
m1 3 7
m2 3 7
1 0 12
2 8 0
3 7 13
t 67 39
m0 3 7
m1 3 7
m2 3 7
1 0 13
2 9 0
3 8 13
t 66 39
m0 3 7
m1 3 7
m2 3 7
1 0 14
2 8 0
3 9 13
t 65 39
m0 3 7
m1 3 7
m2 3 7
1 1 14
2 7 0
3 9 14
t 64 39
m0 3 7
m1 3 7
m2 3 7
1 0 14
2 8 0
3 9 13
t 63 39
m0 3 7
m1 3 7
m2 3 7
1 1 14
2 7 0
3 8 13
t 62 39
m0 3 7
m1 3 7
m2 3 7
1 1 13
2 7 1
3 9 13
t 61 39
m0 3 7
m1 3 7
m2 3 7
1 0 13
2 6 1
3 9 12
t 60 39
m0 3 7
m1 3 7
m2 3 7
1 0 14
2 6 2
3 8 12
t 59 39
m0 3 7
m1 3 7
m2 3 7
1 1 14
2 5 2
3 8 13
t 58 39
m0 3 7
m1 3 7
m2 3 7
1 0 14
2 6 2
3 9 13
t 57 39
m0 3 7
m1 3 7
m2 3 7
1 1 14
2 6 3
3 9 12
t 56 39
m0 3 7
m1 3 7
m2 3 7
1 0 14
2 5 3
3 9 13
t 55 39
m0 3 7
m1 3 7
m2 3 7
1 0 13
2 6 3
3 9 14
t 54 39
m0 3 7
m1 3 7
m2 3 7
1 0 12
2 6 2
3 9 13
t 53 39
m0 3 7
m1 3 7
m2 3 7
1 0 11
2 5 2
3 9 14
t 52 39
m0 3 7
m1 3 7
m2 3 7
1 0 12
2 6 2
3 9 13
t 51 39
m0 3 7
m1 3 7
m2 3 7
1 0 13
2 6 3
3 8 13
t 50 39
m0 3 7
m1 3 7
m2 3 7
1 0 14
2 6 2
3 9 13
t 49 39
m0 3 7
m1 3 7
m2 3 7
1 0 13
2 6 3
3 9 14
t 48 39
m0 3 7
m1 3 7
m2 3 7
1 0 14
2 7 3
3 9 13
t 47 39
m0 3 7
m1 3 7
m2 3 7
1 1 14
2 8 3
3 9 14
t 46 39
m0 3 7
m1 3 7
m2 3 7
1 0 14
2 8 2
3 9 13
t 45 39
m0 3 7
m1 3 7
m2 3 7
1 0 13
2 8 3
3 9 14
t 44 39
m0 3 7
m1 3 7
m2 3 7
1 0 14
2 8 2
3 9 13
t 43 39
m0 3 7
m1 3 7
m2 3 7
1 0 13
2 8 3
3 9 14
t 42 39
m0 3 7
m1 3 7
m2 3 7
1 0 12
2 9 3
3 9 13
t 41 39
m0 3 7
m1 3 7
m2 3 7
1 0 13
2 8 3
3 9 12
t 40 39
m0 3 7
m1 3 7
m2 3 7
1 1 13
2 8 2
3 8 12
t 39 39
m0 3 7
m1 3 7
m2 3 7
1 1 14
2 8 3
3 9 12
t 38 39
m0 3 7
m1 3 7
m2 3 7
1 0 14
2 8 2
3 9 13
t 37 39
m0 3 7
m1 3 7
m2 3 7
1 0 13
2 8 3
3 9 14
t 36 39
m0 3 7
m1 3 7
m2 3 7
1 0 12
2 8 2
3 9 13
t 35 39
m0 3 7
m1 3 7
m2 3 7
1 0 11
2 8 3
3 9 12
t 34 39
m0 3 7
m1 3 7
m2 3 7
1 0 10
2 7 3
3 8 12
t 33 39
m0 3 7
m1 3 7
m2 3 7
1 0 11
2 8 3
3 8 13
t 32 39
m0 3 7
m1 3 7
m2 3 7
1 0 10
2 9 3
3 9 13
t 31 39
m0 3 7
m1 3 7
m2 3 7
1 0 9
2 8 3
3 9 14
t 30 39
m0 3 7
m1 3 7
m2 3 7
1 1 9
2 9 3
3 9 13
t 29 39
m0 3 7
m1 3 7
m2 3 7
1 2 9
2 8 3
3 8 13
t 28 39
m0 3 7
m1 3 7
m2 3 7
1 1 9
2 9 3
3 9 13
t 27 39
m0 3 7
m1 3 7
m2 3 7
1 1 8
2 8 3
3 9 14
t 26 39
m0 3 7
m1 3 7
m2 3 7
1 1 7
2 8 4
3 9 13
t 25 39
m0 3 7
m1 3 7
m2 3 7
1 1 8
2 8 3
3 9 14
t 24 39
m0 3 7
m1 3 7
m2 3 7
1 1 9
2 8 2
3 9 13
t 23 39
m0 3 7
m1 3 7
m2 3 7
1 2 9
2 8 3
3 9 12
t 22 39
m0 3 7
m1 3 7
m2 3 7
1 1 9
2 7 3
3 9 11
t 21 39
m0 3 7
m1 3 7
m2 3 7
1 2 9
2 6 3
3 9 10
t 20 39
m0 3 7
m1 3 7
m2 3 7
1 2 10
2 5 3
3 9 11
t 19 39
m0 3 7
m1 3 7
m2 3 7
1 3 10
2 6 3
3 9 12
t 18 39
m0 3 7
m1 3 7
m2 3 7
1 2 10
2 6 2
3 9 13
t 17 39
m0 3 7
m1 3 7
m2 3 7
1 3 10
2 6 3
3 9 12
t 16 39
m0 3 7
m1 3 7
m2 3 7
1 2 10
2 5 3
3 9 13
t 15 39
m0 3 7
m1 3 7
m2 3 7
1 2 11
2 6 3
3 8 13
t 14 39
m0 3 7
m1 3 7
m2 3 7
1 2 10
2 5 3
3 8 12
t 13 39
m0 3 7
m1 3 7
m2 3 7
1 2 11
2 6 3
3 9 12
t 12 39
m0 3 7
m1 3 7
m2 3 7
1 2 10
2 6 2
3 9 13
t 11 39
m0 3 7
m1 3 7
m2 3 7
1 2 9
2 5 2
3 9 12
t 10 39
m0 3 7
m1 3 7
m2 3 7
1 1 9
2 4 2
3 9 11
t 9 39
m0 3 7
m1 3 7
m2 3 7
1 0 9
2 5 2
3 9 12
t 8 39
m0 3 7
m1 3 7
m2 3 7
1 1 9
2 5 3
3 9 13
t 7 39
m0 3 7
m1 3 7
m2 3 7
1 0 9
2 6 3
3 9 14
t 6 39
m0 3 7
m1 3 7
m2 3 7
1 0 10
2 7 3
3 9 13
t 5 39
m0 3 7
m1 3 7
m2 3 7
1 0 11
2 8 3
3 8 13
t 4 39
m0 3 7
m1 3 7
m2 3 7
1 0 12
2 8 2
3 9 13
t 3 39
m0 3 7
m1 3 7
m2 3 7
1 0 13
2 8 3
3 9 14
t 2 39
m0 3 7
m1 3 7
m2 3 7
1 0 12
2 8 2
3 9 13
t 1 39
m0 3 7
m1 3 7
m2 3 7
1 0 12
2 8 2
3 9 13
t 0 39
