Use the setting in the following lines to re-create this experiment

{'result_folder_name': 'formal_exp_0', 'plot_file_name': '0_plot', 'log_file_name': 'formal_exp_0_log', 'n_run': 30, 'n_eval': 2000, 'n_pacman': 1, 'n_ghost': 3, 'size_tuple': (10, 15), 'wall_density': 0.25, 'replay_file_name': '0_replay', 'time_multiplier': 2, 'pills_density': 0.5, 'fruit_spawn_probability': 0.05, 'pill_value': 1, 'fruit_score': 10, 'grow_terminal_prob': 0.5, 'over_selection_x': 0.2, 'pacman_max_tree_height': 2, 'pacman_parent_selection': 'os', 'pacman_stable_population': 5, 'pacman_offspring_population': 50, 'n_pacman_parent': 2, 'pacman_survival_selection': 'trunc', 'pacman_survival_k': 15, 'pacman_parsimony_pressure': 2, 'pacman_share_controller': True, 'ghost_max_tree_height': 2, 'ghost_parent_selection': 'os', 'ghost_stable_population': 5, 'ghost_offspring_population': 50, 'n_ghost_parent': 2, 'ghost_survival_selection': 'trunc', 'ghost_survival_k': 15, 'ghost_parsimony_pressure': 2, 'ghost_share_controller': True, 'convergence_n_eval': None, 'seed': '2018-12-03 20:27:17.118357'}

Result Log

Run 0
5	0.0	13
55	0.8212244897959182	49
105	0.14857142857142855	27
155	0.3183673469387755	23
205	0.9044897959183669	33
255	0.09632653061224489	24
305	0.6399999999999999	23
355	0.7983673469387754	30
405	0.5306122448979591	34
455	0.7983673469387754	31
505	0.6726530612244898	54
555	0.3346938775510203	31
605	0.6416326530612244	33
655	0.7265306122448979	26
705	0.7379591836734692	51
755	0.44408163265306116	38
805	0.5224489795918367	46
855	0.6089795918367347	37
905	0.4865306122448979	25
955	0.5126530612244897	46
1005	1.097142857142857	25
1055	0.029387755102040815	35
1105	0.20571428571428568	21
1155	0.5812244897959183	23
1205	0.6612244897959182	40
1255	0.5159183673469387	36
1305	0.8277551020408163	37
1355	0.3559183673469387	29
1405	0.7510204081632653	21
1455	0.17632653061224488	35
1505	0.5877551020408163	37
1555	0.2204081632653061	22
1605	0.7902040816326529	49
1655	0.3608163265306122	18
1705	0.35918367346938773	17
1755	0.2448979591836734	36
1805	0.623673469387755	55
1855	0.793469387755102	37
1905	0.2155102040816326	41
1955	0.28244897959183674	21
2005	0.03918367346938775	53

Run 1
5	0.0	22
55	0.4	55
105	1.2228571428571424	52
155	0.2497959183673469	58
205	0.38857142857142857	46
255	0.9959183673469388	53
305	0.2857142857142857	57
355	0.29387755102040813	51
405	0.26122448979591834	54
455	0.3183673469387755	42
505	0.22040816326530613	34
555	0.3689795918367346	39
605	0.16	62
655	0.3118367346938775	60
705	0.21387755102040815	61
755	0.3314285714285714	46
805	0.6057142857142856	43
855	1.2244897959183674	39
905	0.10775510204081633	41
955	0.1420408163265306	42
1005	0.866938775510204	38
1055	0.1844897959183673	38
1105	0.22857142857142854	44
1155	0.34612244897959177	38
1205	0.3493877551020408	50
1255	0.13224489795918365	44
1305	0.5110204081632653	38
1355	0.40816326530612235	41
1405	1.0644897959183672	45
1455	1.3453061224489795	46
1505	0.24326530612244895	45
1555	0.35265306122448975	40
1605	0.2922448979591837	47
1655	0.1404081632653061	35
1705	0.5910204081632653	35
1755	0.27102040816326534	56
1805	0.2987755102040816	25
1855	0.5779591836734693	37
1905	0.23020408163265305	52
1955	0.40816326530612246	38
2005	0.09306122448979591	42

Run 2
5	0.45714285714285713	26
55	1.2604081632653061	60
105	0.14530612244897959	18
155	0.15346938775510202	50
205	0.5371428571428571	56
255	0.017959183673469385	20
305	0.5387755102040817	42
355	0.08979591836734693	17
405	0.5420408163265306	49
455	0.2514285714285714	17
505	0.5453061224489795	46
555	0.18285714285714286	20
605	0.10285714285714284	14
655	0.23346938775510204	52
705	0.12408163265306121	61
755	0.41306122448979593	39
805	0.5273469387755101	48
855	0.05877551020408163	23
905	0.08979591836734693	16
955	0.16489795918367345	44
1005	0.316734693877551	40
1055	0.22204081632653058	48
1105	0.28244897959183674	36
1155	0.6514285714285714	43
1205	0.16653061224489793	41
1255	0.38367346938775504	15
1305	0.36734693877551017	36
1355	0.48653061224489796	47
1405	0.17632653061224488	13
1455	0.0065306122448979586	19
1505	0.28897959183673466	49
1555	0.5240816326530612	44
1605	0.42448979591836733	44
1655	0.4620408163265306	48
1705	0.9012244897959184	43
1755	0.5012244897959183	49
1805	0.03265306122448979	20
1855	0.02122448979591837	22
1905	0.10612244897959183	16
1955	0.11591836734693876	19
2005	0.4195918367346938	21

Run 3
5	0.0	25
55	0.3706122448979592	37
105	0.24326530612244895	42
155	0.21061224489795916	14
205	0.33795918367346933	20
255	0.5240816326530612	51
305	0.4783673469387755	84
355	0.43265306122448977	44
405	0.49469387755102034	54
455	0.17959183673469387	10
505	0.32163265306122446	19
555	0.23510204081632652	39
605	0.21714285714285717	72
655	0.15999999999999998	33
705	0.11918367346938774	57
755	0.26448979591836735	87
805	0.1583673469387755	14
855	0.6889795918367346	46
905	0.3248979591836734	15
955	0.4751020408163265	19
1005	0.1926530612244898	12
1055	0.5306122448979591	33
1105	0.23510204081632652	76
1155	0.4506122448979592	59
1205	0.23673469387755097	83
1255	0.0653061224489796	4
1305	0.32326530612244897	15
1355	0.29551020408163264	41
1405	0.07510204081632652	11
1455	0.1110204081632653	80
1505	0.23510204081632655	34
1555	0.48326530612244895	77
1605	0.4195918367346938	11
1655	0.23510204081632652	18
1705	0.39836734693877546	23
1755	0.17306122448979594	73
1805	0.5289795918367346	12
1855	0.05877551020408163	14
1905	0.10775510204081633	74
1955	0.06040816326530612	89
2005	0.22857142857142854	73

Run 4
5	0.11428571428571428	10
55	0.23183673469387756	12
105	0.08816326530612244	6
155	0.4457142857142856	34
205	0.40979591836734686	11
255	0.2955102040816326	22
305	0.4473469387755101	11
355	0.5926530612244898	36
405	0.5730612244897959	8
455	0.35265306122448975	4
505	1.0742857142857138	21
555	0.6840816326530611	18
605	0.36734693877551017	4
655	0.377142857142857	9
705	0.6759183673469386	38
755	0.8310204081632654	14
805	0.5044897959183673	35
855	0.5322448979591836	13
905	0.2497959183673469	31
955	0.42938775510204075	11
1005	0.380408163265306	10
1055	0.39020408163265285	9
1105	0.6824489795918365	11
1155	0.3755102040816326	31
1205	0.5257142857142855	12
1255	0.33795918367346933	5
1305	0.690612244897959	11
1355	0.2971428571428571	35
1405	0.6726530612244898	32
1455	0.37551020408163266	15
1505	0.8783673469387756	15
1555	0.5959183673469387	20
1605	0.2922448979591837	30
1655	0.5322448979591836	22
1705	0.29387755102040813	40
1755	0.907755102040816	36
1805	0.623673469387755	19
1855	0.3885714285714286	7
1905	0.7053061224489795	7
1955	0.3640816326530612	10
2005	0.6432653061224488	40

Run 5
5	0.14693877551020407	26
55	0.7591836734693876	23
105	0.6465306122448979	39
155	0.4653061224489796	41
205	0.8963265306122448	26
255	0.553469387755102	47
305	0.153469387755102	17
355	0.32163265306122446	59
405	0.41142857142857137	24
455	0.43428571428571433	30
505	0.5746938775510203	25
555	0.6302040816326531	53
605	0.13714285714285712	23
655	0.4914285714285713	38
705	0.3624489795918367	30
755	0.3248979591836735	29
805	0.24653061224489797	40
855	0.2155102040816326	43
905	0.6383673469387755	28
955	0.30204081632653057	60
1005	0.49469387755102034	23
1055	0.037551020408163265	26
1105	0.2220408163265306	28
1155	0.35918367346938773	22
1205	0.3657142857142857	23
1255	0.7248979591836735	48
1305	0.4342857142857142	56
1355	0.31999999999999995	19
1405	0.10612244897959183	27
1455	0.28734693877551015	17
1505	0.14367346938775508	17
1555	0.3608163265306122	19
1605	0.1126530612244898	24
1655	0.39836734693877546	26
1705	0.8097959183673469	54
1755	0.6122448979591836	60
1805	0.7020408163265306	37
1855	0.4065306122448979	50
1905	0.31999999999999995	27
1955	0.3836734693877551	31
2005	0.6187755102040815	22

Run 6
5	0.8489795918367345	17
55	0.9044897959183674	12
105	0.0065306122448979586	16
155	0.2204081632653061	37
205	0.22204081632653058	32
255	0.13061224489795917	14
305	0.316734693877551	16
355	0.2204081632653061	20
405	0.17306122448979594	14
455	0.45224489795918366	39
505	0.156734693877551	10
555	0.15183673469387754	18
605	0.0963265306122449	21
655	0.13224489795918365	19
705	0.13551020408163267	18
755	0.09142857142857143	17
805	0.07020408163265306	14
855	0.2220408163265306	18
905	0.15999999999999998	15
955	0.0979591836734694	13
1005	0.1093877551020408	38
1055	0.05877551020408163	13
1105	0.0016326530612244896	10
1155	0.21061224489795918	18
1205	0.17306122448979586	25
1255	0.021224489795918365	13
1305	0.3918367346938776	16
1355	0.10448979591836734	22
1405	0.053877551020408164	12
1455	0.1093877551020408	16
1505	0.10938775510204081	16
1555	0.03918367346938775	14
1605	0.04408163265306122	43
1655	0.15999999999999998	20
1705	0.037551020408163265	25
1755	0.045714285714285714	16
1805	0.08489795918367346	19
1855	0.13877551020408163	38
1905	0.20897959183673467	17
1955	0.14693877551020407	22
2005	0.20571428571428568	13

Run 7
5	0.7673469387755102	11
55	1.9020408163265299	14
105	0.07346938775510203	12
155	0.23020408163265305	23
205	0.5420408163265305	29
255	0.0	0
305	0.12081632653061224	22
355	0.46040816326530604	91
405	0.20571428571428568	14
455	0.0	0
505	0.4	87
555	0.24326530612244895	48
605	0.16653061224489793	29
655	0.0	0
705	0.8048979591836734	16
755	0.03428571428571428	24
805	0.44897959183673464	20
855	0.3379591836734693	19
905	0.20408163265306123	11
955	0.27265306122448973	33
1005	0.21387755102040815	24
1055	0.3265306122448979	25
1105	0.5420408163265305	12
1155	0.3314285714285714	22
1205	0.0	0
1255	0.2661224489795918	123
1305	0.40326530612244893	22
1355	0.32	14
1405	0.2840816326530612	13
1455	0.0	0
1505	0.20897959183673467	24
1555	0.14693877551020407	10
1605	0.0	0
1655	0.5061224489795918	21
1705	0.22857142857142856	10
1755	0.16163265306122448	83
1805	0.0	0
1855	0.0	0
1905	0.2514285714285714	22
1955	0.0	0
2005	0.1126530612244898	78

Run 8
5	0.8979591836734693	19
55	2.204081632653061	15
105	0.06530612244897958	10
155	0.014693877551020407	1
205	0.05877551020408163	2
255	0.6693877551020406	58
305	0.14693877551020407	2
355	0.2204081632653061	4
405	0.34122448979591835	52
455	0.3297959183673469	21
505	0.40489795918367344	46
555	0.08816326530612244	3
605	0.6220408163265305	35
655	0.1910204081632653	3
705	0.1910204081632653	11
755	0.17632653061224488	4
805	0.29387755102040813	6
855	0.014693877551020407	1
905	0.41142857142857137	11
955	0.029387755102040815	2
1005	1.3518367346938773	37
1055	0.4	42
1105	0.35265306122448975	4
1155	0.2791836734693877	19
1205	0.04408163265306122	1
1255	0.10775510204081633	44
1305	0.2955102040816326	55
1355	0.0	0
1405	0.12408163265306121	20
1455	0.4506122448979592	37
1505	0.16163265306122448	9
1555	0.6024489795918366	6
1605	0.30857142857142855	6
1655	0.4261224489795918	22
1705	0.2791836734693877	8
1755	0.45877551020408164	38
1805	0.08816326530612244	2
1855	0.28244897959183674	10
1905	0.0946938775510204	44
1955	0.04408163265306122	2
2005	0.396734693877551	7

Run 9
5	0.0	19
55	0.1551020408163265	28
105	0.15183673469387754	43
155	0.7085714285714285	47
205	0.633469387755102	65
255	0.4538775510204081	39
305	0.32163265306122446	33
355	0.5485714285714285	52
405	0.4685714285714285	68
455	0.11591836734693876	48
505	0.4767346938775509	53
555	0.5436734693877551	46
605	0.2808163265306122	35
655	0.2204081632653061	44
705	0.0783673469387755	77
755	0.48326530612244895	55
805	0.20734693877551016	85
855	0.38693877551020406	32
905	0.13061224489795917	47
955	0.6595918367346938	45
1005	0.20734693877551016	32
1055	0.6481632653061224	39
1105	0.35265306122448975	28
1155	0.5338775510204081	50
1205	0.5208163265306122	37
1255	0.14204081632653062	40
1305	0.6612244897959184	40
1355	0.6726530612244898	56
1405	0.1893877551020408	39
1455	0.4	30
1505	0.2710204081632653	41
1555	0.0783673469387755	30
1605	0.6840816326530611	53
1655	0.12244897959183673	35
1705	0.47510204081632645	42
1755	0.35265306122448975	32
1805	0.2938775510204082	41
1855	0.2171428571428571	61
1905	0.21224489795918366	44
1955	0.20734693877551014	35
2005	0.4538775510204081	46

Run 10
5	0.0	33
55	0.2612244897959182	35
105	0.553469387755102	52
155	0.45061224489795904	44
205	0.313469387755102	31
255	0.07510204081632653	39
305	0.3885714285714286	38
355	0.3020408163265306	15
405	1.1151020408163266	49
455	0.7477551020408163	34
505	0.8979591836734692	52
555	0.15183673469387754	36
605	1.2163265306122448	51
655	0.37061224489795913	15
705	0.2644897959183673	33
755	0.2204081632653061	52
805	0.30693877551020404	43
855	0.25632653061224486	32
905	0.4212244897959183	28
955	1.3257142857142858	35
1005	0.7902040816326529	39
1055	0.7755102040816326	35
1105	0.40489795918367344	23
1155	0.08816326530612244	30
1205	0.4897959183673468	46
1255	0.8571428571428572	55
1305	0.5044897959183673	23
1355	1.106938775510204	46
1405	0.5257142857142857	32
1455	0.9159183673469385	51
1505	0.1828571428571428	64
1555	0.9469387755102042	44
1605	0.2612244897959183	51
1655	0.4816326530612245	38
1705	0.40979591836734686	51
1755	0.6840816326530611	42
1805	0.690612244897959	48
1855	0.6693877551020406	41
1905	0.6563265306122449	52
1955	0.08816326530612244	33
2005	0.5208163265306122	49

Run 11
5	0.5877551020408163	10
55	2.342857142857143	44
105	0.45714285714285696	26
155	0.40979591836734686	27
205	0.34122448979591824	11
255	0.5469387755102041	31
305	0.6318367346938775	41
355	0.26938775510204077	48
405	0.5126530612244897	28
455	0.3493877551020408	33
505	0.8440816326530611	42
555	0.4457142857142857	81
605	0.16816326530612244	21
655	0.8277551020408163	27
705	0.2073469387755102	14
755	0.5779591836734693	27
805	0.5812244897959183	41
855	0.14857142857142858	11
905	0.23999999999999996	50
955	0.15346938775510208	14
1005	0.21224489795918364	12
1055	0.5648979591836735	30
1105	0.48816326530612236	24
1155	1.0416326530612245	19
1205	0.32326530612244886	30
1255	0.310204081632653	38
1305	0.35591836734693866	78
1355	0.4032653061224488	34
1405	0.45224489795918366	15
1455	0.09632653061224491	6
1505	0.7118367346938775	32
1555	0.6514285714285712	43
1605	0.34285714285714275	20
1655	0.7836734693877552	39
1705	0.6285714285714284	53
1755	0.2008163265306122	28
1805	0.7526530612244896	42
1855	0.6922448979591835	22
1905	0.0963265306122449	24
1955	0.23999999999999996	12
2005	0.38857142857142846	19

Run 12
5	0.16326530612244897	21
55	1.1722448979591837	69
105	0.4914285714285714	20
155	0.2546938775510204	37
205	0.5877551020408163	45
255	0.7281632653061224	54
305	1.0889795918367347	42
355	0.7134693877551022	28
405	0.41795918367346935	31
455	0.7444897959183673	53
505	0.8097959183673469	47
555	0.4571428571428571	36
605	0.6285714285714284	46
655	0.7069387755102039	40
705	0.32163265306122446	59
755	0.7885714285714284	35
805	0.9534693877551018	37
855	0.38693877551020406	61
905	1.0579591836734692	47
955	0.25795918367346937	38
1005	0.7330612244897958	46
1055	0.19591836734693874	50
1105	1.1902040816326527	43
1155	0.6285714285714286	22
1205	1.0612244897959182	34
1255	0.7085714285714285	56
1305	0.45877551020408164	21
1355	0.4277551020408163	29
1405	1.0742857142857143	54
1455	1.1216326530612244	54
1505	0.38693877551020406	32
1555	0.2514285714285714	60
1605	1.2016326530612242	48
1655	0.9648979591836734	56
1705	0.5795918367346938	48
1755	0.7771428571428571	57
1805	0.40326530612244893	34
1855	0.7755102040816325	45
1905	0.7608163265306122	24
1955	0.6399999999999999	35
2005	0.3493877551020408	36

Run 13
5	4.244897959183673	20
55	5.260408163265305	25
105	4.187755102040815	17
155	1.8628571428571428	26
205	1.9232653061224487	61
255	1.516734693877551	13
305	1.8889795918367343	13
355	3.9673469387755085	13
405	4.158367346938776	22
455	1.8808163265306121	16
505	1.5412244897959182	16
555	4.0261224489795895	14
605	3.8351020408163254	16
655	3.6	12
705	4.67265306122449	13
755	3.5412244897959186	13
805	3.893877551020406	15
855	3.761632653061223	13
905	2.2334693877551017	14
955	1.756734693877551	15
1005	3.2473469387755096	11
1055	3.6734693877551026	15
1105	1.828571428571429	13
1155	3.58530612244898	13
1205	3.8644897959183675	14
1255	2.089795918367347	14
1305	2.1567346938775507	17
1355	1.7126530612244897	19
1405	3.511836734693878	19
1455	2.486530612244897	15
1505	4.3493877551020415	14
1555	4.364081632653061	15
1605	1.436734693877551	22
1655	3.497142857142856	10
1705	4.422857142857143	21
1755	3.5559183673469397	12
1805	4.511020408163265	16
1855	1.1379591836734693	11
1905	4.3199999999999985	15
1955	2.143673469387755	13
2005	4.246530612244898	14

Run 14
5	0.8489795918367345	15
55	3.7257142857142855	43
105	0.18285714285714288	6
155	0.3722448979591836	35
205	0.1910204081632653	4
255	0.8832653061224488	84
305	0.4799999999999999	54
355	0.6742857142857143	63
405	0.22693877551020405	4
455	0.3624489795918367	6
505	0.06857142857142856	1
555	0.4375510204081632	97
605	0.12081632653061224	6
655	0.20571428571428568	5
705	0.23673469387755097	8
755	0.2840816326530612	12
805	0.37387755102040815	10
855	0.3363265306122449	45
905	0.35265306122448975	6
955	0.550204081632653	57
1005	0.3657142857142857	55
1055	0.14693877551020407	5
1105	0.23020408163265305	9
1155	0.38857142857142846	45
1205	0.6106122448979591	15
1255	0.10122448979591837	12
1305	0.3412244897959183	46
1355	0.22693877551020405	32
1405	0.4897959183673469	47
1455	0.6563265306122449	30
1505	0.2922448979591837	8
1555	0.40653061224489795	62
1605	0.6546938775510205	29
1655	0.4473469387755102	7
1705	0.08816326530612244	3
1755	0.2661224489795918	8
1805	0.11755102040816326	3
1855	0.23510204081632652	11
1905	0.26938775510204077	8
1955	0.18285714285714286	11
2005	0.13387755102040816	11

Run 15
5	1.6163265306122447	20
55	2.6742857142857144	14
105	0.4130612244897959	27
155	0.5910204081632652	27
205	0.9257142857142854	53
255	0.8228571428571431	11
305	0.8816326530612244	6
355	1.0579591836734692	10
405	0.7346938775510203	5
455	0.8195918367346938	52
505	0.9551020408163265	11
555	0.9110204081632652	5
605	0.7787755102040816	6
655	0.17795918367346936	25
705	0.5142857142857142	5
755	1.0089795918367348	34
805	0.5730612244897959	4
855	0.41306122448979593	25
905	0.5583673469387754	50
955	0.6906122448979591	3
1005	0.6759183673469387	4
1055	0.4930612244897958	47
1105	0.4914285714285714	21
1155	0.896326530612245	13
1205	0.7640816326530612	4
1255	0.4897959183673469	26
1305	0.4097959183673469	32
1355	1.113469387755102	47
1405	0.2530612244897959	20
1455	0.6824489795918367	24
1505	0.690612244897959	4
1555	0.6465306122448979	4
1605	0.8228571428571431	6
1655	1.1134693877551018	47
1705	1.0187755102040816	77
1755	0.5355102040816326	17
1805	0.47020408163265304	35
1855	0.6906122448979591	13
1905	0.4261224489795918	25
1955	0.6465306122448979	61
2005	0.6955102040816327	24

Run 16
5	0.03265306122448979	50
55	0.3689795918367346	23
105	0.9420408163265306	59
155	1.0024489795918363	17
205	0.793469387755102	17
255	1.2604081632653061	22
305	3.2702040816326523	29
355	0.7085714285714285	24
405	1.16734693877551	15
455	1.3599999999999997	30
505	3.408979591836734	35
555	3.051428571428572	31
605	3.2097959183673463	41
655	0.9257142857142856	15
705	1.1346938775510205	19
755	0.6334693877551021	31
805	1.3175510204081626	43
855	3.297959183673468	24
905	0.5893877551020409	24
955	0.7673469387755102	61
1005	1.103673469387755	32
1055	0.5910204081632652	33
1105	0.5534693877551021	16
1155	1.216326530612245	45
1205	2.682448979591836	19
1255	1.0122448979591834	64
1305	2.3183673469387753	27
1355	1.1967346938775505	80
1405	1.0889795918367347	66
1455	0.6808163265306123	16
1505	1.1248979591836736	33
1555	0.8897959183673467	59
1605	0.9763265306122447	16
1655	1.0857142857142859	25
1705	0.5877551020408163	12
1755	1.37469387755102	28
1805	0.5518367346938775	15
1855	0.88	19
1905	0.5893877551020408	15
1955	1.4693877551020407	30
2005	1.350204081632653	84

Run 17
5	0.016326530612244896	1
55	0.31999999999999995	16
105	0.4408163265306122	10
155	0.014693877551020407	1
205	0.47346938775510206	50
255	0.0	0
305	0.07999999999999999	6
355	0.0	0
405	0.47346938775510194	12
455	0.0	0
505	0.5616326530612246	34
555	0.19918367346938776	24
605	0.0065306122448979586	2
655	0.14693877551020407	10
705	0.0	0
755	0.15999999999999998	10
805	0.6024489795918366	29
855	0.0	0
905	0.0	2
955	0.0	0
1005	0.0	0
1055	0.027755102040816323	2
1105	0.04408163265306122	2
1155	0.19265306122448977	12
1205	0.4897959183673468	40
1255	0.0	0
1305	0.0	0
1355	0.0946938775510204	4
1405	0.07999999999999999	10
1455	0.0	0
1505	0.7216326530612244	45
1555	0.3281632653061224	27
1605	0.5877551020408163	41
1655	0.08816326530612244	6
1705	0.0	0
1755	0.07346938775510203	3
1805	0.021224489795918365	1
1855	0.4555102040816326	13
1905	0.0	3
1955	0.2497959183673469	9
2005	0.021224489795918365	1

Run 18
5	0.0	23
55	0.5942857142857142	54
105	0.4408163265306122	60
155	0.24	17
205	0.6808163265306122	40
255	0.5844897959183674	27
305	0.08	28
355	0.5028571428571428	31
405	0.4114285714285715	42
455	0.5453061224489795	45
505	0.8293877551020408	42
555	0.4604081632653061	36
605	0.4016326530612244	45
655	0.19428571428571428	9
705	0.10448979591836734	18
755	0.7689795918367346	49
805	0.2710204081632652	53
855	0.14530612244897959	19
905	0.2448979591836735	18
955	0.13551020408163264	17
1005	0.8489795918367347	41
1055	0.6873469387755101	30
1105	0.5910204081632652	55
1155	1.0824489795918368	38
1205	0.3983673469387756	33
1255	0.8440816326530611	43
1305	0.07673469387755101	20
1355	0.24816326530612243	17
1405	0.3265306122448979	24
1455	0.5077551020408163	29
1505	0.2546938775510204	55
1555	0.2889795918367347	46
1605	0.16163265306122448	32
1655	0.2628571428571428	26
1705	0.22204081632653058	31
1755	0.37224489795918364	38
1805	0.40816326530612246	61
1855	0.5191836734693878	43
1905	0.29387755102040813	22
1955	0.22857142857142854	50
2005	0.37714285714285706	41

Run 19
5	0.7346938775510203	26
55	2.2579591836734694	41
105	1.023673469387755	33
155	0.7510204081632652	25
205	0.5355102040816326	50
255	0.36408163265306115	45
305	0.47020408163265304	29
355	0.5681632653061225	38
405	0.44081632653061226	47
455	0.2938775510204081	28
505	0.8995918367346937	35
555	0.05551020408163265	40
605	1.0448979591836731	43
655	0.4816326530612244	43
705	0.18122448979591838	28
755	0.4620408163265306	44
805	0.18285714285714286	24
855	0.6024489795918366	37
905	1.04	33
955	0.8832653061224489	38
1005	0.8342857142857142	40
1055	0.5306122448979592	30
1105	0.617142857142857	38
1155	0.29551020408163264	39
1205	0.23836734693877548	28
1255	0.02122448979591837	3
1305	0.20571428571428566	37
1355	0.3836734693877551	67
1405	0.34612244897959177	40
1455	0.5338775510204081	35
1505	0.8179591836734694	43
1555	0.7706122448979591	37
1605	0.24163265306122447	19
1655	0.2416326530612245	44
1705	0.7738775510204081	58
1755	0.11102040816326532	16
1805	0.0	14
1855	0.9795918367346939	34
1905	0.3412244897959182	23
1955	0.43918367346938775	55
2005	0.5551020408163265	41

Run 20
5	0.0	49
55	0.1404081632653061	18
105	1.1657142857142857	23
155	0.1926530612244898	60
205	0.8424489795918367	18
255	0.32163265306122446	15
305	0.11428571428571427	24
355	0.2791836734693877	54
405	0.6220408163265305	82
455	0.4848979591836734	67
505	0.40326530612244904	15
555	0.40816326530612246	39
605	0.4130612244897959	30
655	0.0	17
705	0.17306122448979594	28
755	0.1877551020408163	57
805	0.6155102040816326	25
855	0.7461224489795916	20
905	0.3934693877551019	19
955	0.13551020408163264	66
1005	0.43918367346938764	63
1055	0.0946938775510204	63
1105	0.4538775510204081	55
1155	0.26448979591836735	62
1205	0.06040816326530611	24
1255	0.4751020408163265	25
1305	0.13714285714285712	100
1355	0.20408163265306117	64
1405	0.17632653061224488	66
1455	0.7608163265306122	30
1505	0.09795918367346937	23
1555	0.4538775510204081	86
1605	0.3657142857142857	55
1655	0.13877551020408163	95
1705	1.4448979591836735	27
1755	0.13061224489795917	29
1805	0.1110204081632653	14
1855	0.06857142857142856	18
1905	0.7771428571428571	20
1955	0.6481632653061223	29
2005	0.1910204081632653	61

Run 21
5	0.0	31
55	0.31020408163265306	60
105	0.15836734693877552	42
155	0.027755102040816323	55
205	0.14040816326530614	13
255	0.11591836734693876	18
305	0.37061224489795913	26
355	0.09142857142857143	45
405	0.15183673469387754	42
455	0.310204081632653	44
505	0.2644897959183673	46
555	0.16653061224489796	23
605	0.1583673469387755	51
655	0.24	25
705	0.43265306122448977	28
755	0.19265306122448977	37
805	0.09632653061224489	56
855	0.0	57
905	0.21061224489795918	53
955	0.326530612244898	31
1005	0.19265306122448977	21
1055	0.08326530612244896	54
1105	0.2922448979591836	34
1155	0.016326530612244896	29
1205	0.11591836734693878	28
1255	0.09306122448979591	20
1305	0.2955102040816326	53
1355	0.02448979591836735	55
1405	0.28244897959183674	30
1455	0.027755102040816323	12
1505	0.24	24
1555	0.08326530612244898	52
1605	0.27265306122448973	46
1655	0.10448979591836734	43
1705	0.12081632653061224	31
1755	0.2922448979591837	54
1805	0.027755102040816326	27
1855	0.05877551020408163	21
1905	0.3820408163265306	53
1955	0.2497959183673469	22
2005	0.053877551020408164	52

Run 22
5	0.7836734693877551	32
55	0.9191836734693877	58
105	0.23020408163265302	14
155	0.019591836734693877	14
205	0.0	0
255	0.0	0
305	0.011428571428571429	6
355	0.03591836734693877	1
405	0.014693877551020407	1
455	0.1812244897959183	19
505	0.008163265306122448	1
555	0.0816326530612245	17
605	0.014693877551020407	1
655	0.10285714285714284	3
705	0.0065306122448979586	1
755	0.014693877551020407	1
805	0.13551020408163264	6
855	0.0	0
905	0.17632653061224488	9
955	0.013061224489795917	2
1005	0.11428571428571428	7
1055	0.013061224489795917	2
1105	0.1126530612244898	16
1155	0.0	0
1205	0.18612244897959182	11
1255	0.0	0
1305	0.026122448979591834	16
1355	0.0	0
1405	0.10285714285714284	20
1455	0.014693877551020407	1
1505	0.0	0
1555	0.0065306122448979586	1
1605	0.029387755102040815	2
1655	0.0	0
1705	0.013061224489795917	1
1755	0.04571428571428572	2
1805	0.14367346938775508	11
1855	0.0	0
1905	0.029387755102040815	2
1955	0.16326530612244894	6
2005	0.0	0

Run 23
5	2.0897959183673467	32
55	3.043265306122448	36
105	0.13551020408163264	20
155	0.6612244897959184	11
205	0.0	0
255	0.0	0
305	0.0	0
355	0.20081632653061224	46
405	0.11755102040816327	9
455	0.18938775510204078	43
505	0.27428571428571424	58
555	0.0	0
605	0.08326530612244896	48
655	0.0	0
705	0.0	0
755	0.5142857142857142	16
805	0.35428571428571426	13
855	0.0	0
905	0.8228571428571427	24
955	0.11755102040816326	11
1005	0.0	30
1055	0.20897959183673467	53
1105	0.11918367346938773	7
1155	0.20408163265306123	10
1205	0.37061224489795913	31
1255	0.15020408163265306	17
1305	0.3412244897959183	47
1355	0.13224489795918365	6
1405	0.014693877551020407	1
1455	0.29387755102040813	17
1505	0.10775510204081633	7
1555	0.17306122448979588	26
1605	0.0	0
1655	0.24653061224489792	11
1705	0.313469387755102	26
1755	0.0	0
1805	0.16653061224489796	16
1855	0.1583673469387755	9
1905	0.35428571428571426	10
1955	0.2873469387755102	10
2005	0.18122448979591838	17

Run 24
5	0.0	19
55	0.4391836734693876	36
105	0.9583673469387755	55
155	0.2775510204081632	32
205	0.1910204081632653	37
255	0.43755102040816324	31
305	0.5436734693877551	53
355	0.7902040816326529	39
405	0.09632653061224491	34
455	0.4620408163265306	46
505	0.5126530612244897	45
555	0.7346938775510203	39
605	0.4048979591836735	24
655	0.5942857142857142	52
705	0.11755102040816326	37
755	1.2	47
805	0.21551020408163266	100
855	0.5763265306122449	29
905	0.746122448979592	35
955	0.3804081632653061	40
1005	0.4604081632653061	79
1055	0.690612244897959	44
1105	0.7248979591836735	39
1155	0.16979591836734692	35
1205	0.17142857142857143	64
1255	0.4	29
1305	0.12081632653061224	41
1355	0.27591836734693875	40
1405	1.1542857142857141	39
1455	0.7624489795918366	53
1505	0.4457142857142856	33
1555	0.3020408163265306	34
1605	0.7069387755102041	38
1655	1.0661224489795917	41
1705	0.35265306122448975	31
1755	0.4995918367346938	49
1805	0.17306122448979588	23
1855	0.23346938775510204	66
1905	0.32326530612244886	28
1955	0.9012244897959184	48
2005	0.37714285714285706	27

Run 25
5	0.14693877551020407	9
55	1.6653061224489791	33
105	1.1330612244897962	42
155	0.7738775510204081	49
205	0.626938775510204	32
255	0.28408163265306124	36
305	0.7493877551020408	41
355	0.7314285714285714	9
405	1.1232653061224491	40
455	0.17142857142857143	33
505	0.5061224489795917	32
555	0.14530612244897959	23
605	0.729795918367347	35
655	0.4914285714285714	30
705	0.6383673469387755	43
755	0.8326530612244899	43
805	0.5975510204081632	35
855	0.17142857142857143	19
905	0.26122448979591834	24
955	0.3314285714285714	29
1005	0.27428571428571424	24
1055	0.4293877551020408	56
1105	0.37714285714285706	33
1155	0.8522448979591836	48
1205	0.7151020408163266	38
1255	0.6416326530612244	27
1305	0.6024489795918366	31
1355	0.03265306122448979	11
1405	0.4538775510204081	25
1455	0.27428571428571424	24
1505	0.24653061224489792	25
1555	0.4604081632653061	37
1605	0.15020408163265306	53
1655	0.9551020408163265	53
1705	0.029387755102040815	12
1755	0.0016326530612244896	47
1805	0.5746938775510204	38
1855	0.21061224489795916	35
1905	0.2710204081632652	15
1955	0.5583673469387754	29
2005	0.31673469387755104	36

Run 26
5	0.4244897959183673	26
55	1.2620408163265304	45
105	0.4489795918367348	7
155	0.2530612244897959	11
205	0.3967346938775511	24
255	0.20408163265306126	22
305	0.39836734693877546	21
355	0.32326530612244897	14
405	0.5812244897959185	12
455	0.3167346938775511	4
505	0.3689795918367346	45
555	0.6824489795918367	21
605	0.27755102040816326	11
655	0.32326530612244897	10
705	0.28571428571428575	5
755	0.21877551020408162	30
805	0.36244897959183675	4
855	0.3559183673469388	7
905	0.43755102040816324	21
955	0.30367346938775513	16
1005	0.26285714285714284	16
1055	0.18285714285714286	13
1105	0.30857142857142855	7
1155	0.37224489795918364	17
1205	0.30530612244897964	40
1255	0.4669387755102039	26
1305	0.3542857142857143	13
1355	0.14367346938775513	29
1405	0.7085714285714285	13
1455	0.15020408163265306	5
1505	0.6808163265306122	17
1555	0.233469387755102	26
1605	0.46204081632653066	25
1655	0.3902040816326531	18
1705	0.30367346938775513	5
1755	0.48489795918367357	53
1805	0.39183673469387764	4
1855	0.32816326530612244	53
1905	0.31510204081632653	27
1955	0.3281632653061224	13
2005	0.42612244897959184	20

Run 27
5	6.318367346938775	24
55	2.8848979591836734	29
105	0.0	15
155	0.35918367346938773	40
205	0.6432653061224489	39
255	0.4522448979591836	35
305	0.5028571428571428	39
355	0.7232653061224488	36
405	0.7591836734693876	50
455	0.32326530612244897	39
505	0.2677551020408163	19
555	0.556734693877551	32
605	0.23999999999999996	32
655	0.037551020408163265	23
705	0.29551020408163264	42
755	0.7787755102040816	38
805	0.06204081632653061	19
855	0.43428571428571433	43
905	0.13877551020408163	40
955	0.20734693877551016	22
1005	0.30857142857142855	4
1055	0.3477551020408163	20
1105	0.6383673469387755	37
1155	0.24163265306122444	37
1205	0.303673469387755	14
1255	0.773877551020408	34
1305	0.853877551020408	51
1355	0.7004081632653061	44
1405	0.6432653061224488	28
1455	0.563265306122449	48
1505	0.9110204081632651	40
1555	0.780408163265306	44
1605	0.25795918367346937	40
1655	0.8555102040816326	48
1705	0.045714285714285714	31
1755	0.5975510204081632	24
1805	0.3444897959183673	22
1855	0.35918367346938773	33
1905	0.5093877551020408	62
1955	0.3542857142857143	26
2005	1.1281632653061224	50

Run 28
5	0.9795918367346939	6
55	2.238367346938775	20
105	0.14367346938775508	11
155	0.4555102040816326	5
205	0.13224489795918365	8
255	0.06857142857142856	7
305	0.11428571428571427	7
355	0.17632653061224488	2
405	0.4783673469387755	12
455	0.32326530612244897	36
505	0.28897959183673466	14
555	0.23836734693877548	27
605	0.10612244897959183	11
655	0.07346938775510203	2
705	0.5436734693877551	14
755	0.4555102040816326	10
805	0.19265306122448977	21
855	0.5289795918367346	10
905	0.04408163265306122	3
955	0.04081632653061225	3
1005	0.20571428571428568	3
1055	0.06530612244897958	10
1105	0.23510204081632652	9
1155	0.20408163265306123	20
1205	0.0065306122448979586	15
1255	0.4261224489795918	4
1305	0.4408163265306122	10
1355	0.13224489795918365	9
1405	0.0	0
1455	0.47020408163265304	54
1505	0.2497959183673469	10
1555	0.15020408163265306	20
1605	0.20244897959183672	31
1655	0.0636734693877551	8
1705	0.3363265306122449	19
1755	0.0016326530612244896	1
1805	0.5322448979591836	47
1855	0.4555102040816326	4
1905	0.41142857142857137	15
1955	0.5436734693877551	10
2005	0.35265306122448975	12

Run 29
5	1.0612244897959182	19
55	1.606530612244898	21
105	0.1893877551020408	20
155	0.2824489795918367	17
205	0.38857142857142857	21
255	0.3248979591836734	25
305	0.4816326530612244	14
355	0.7510204081632652	20
405	0.048979591836734684	13
455	0.6138775510204082	57
505	0.6138775510204081	33
555	0.4571428571428571	22
605	0.16653061224489793	16
655	0.37224489795918364	27
705	0.18122448979591835	21
755	0.12408163265306121	19
805	0.7183673469387755	39
855	0.09632653061224489	17
905	0.2840816326530612	22
955	0.22857142857142854	19
1005	0.3248979591836735	22
1055	0.18938775510204078	18
1105	0.8065306122448979	64
1155	0.07673469387755101	13
1205	1.1216326530612244	58
1255	0.19918367346938776	16
1305	0.3248979591836734	13
1355	0.11591836734693876	14
1405	0.7069387755102041	35
1455	0.24	16
1505	0.7085714285714285	45
1555	0.29714285714285715	20
1605	0.4473469387755102	19
1655	0.3624489795918367	16
1705	0.14693877551020407	15
1755	0.19265306122448977	15
1805	0.0489795918367347	16
1855	0.2677551020408163	15
1905	0.3265306122448979	21
1955	0.7069387755102039	23
2005	0.24653061224489797	13
