10
15
w 7 3
w 4 7
w 9 1
w 6 6
w 7 12
w 2 1
w 1 6
w 0 10
w 5 1
w 8 5
w 5 8
w 4 9
w 6 3
w 9 11
w 6 4
w 7 14
w 0 0
w 7 1
w 8 11
w 0 12
w 1 9
w 8 7
w 4 2
w 6 12
w 2 14
w 4 11
w 3 5
w 7 9
w 9 13
w 0 1
w 9 2
w 0 13
w 9 9
w 1 8
w 3 4
w 2 4
w 8 4
p 5 9
p 1 3
p 8 13
p 3 0
p 9 8
p 8 0
p 4 12
p 6 2
p 2 12
p 9 4
p 7 11
p 3 7
p 2 5
p 1 11
p 3 14
p 1 2
p 9 0
p 3 3
p 2 9
p 5 5
p 8 1
p 7 6
p 4 4
p 5 12
p 1 14
p 0 11
p 3 6
p 7 10
p 1 10
p 9 7
p 4 10
p 3 2
p 9 14
p 3 13
p 4 5
p 6 11
p 6 0
p 1 4
p 2 10
p 7 5
p 2 3
p 0 5
p 1 0
p 0 8
p 9 6
p 2 7
p 5 10
p 7 0
p 8 12
p 6 1
p 5 7
p 5 14
p 2 0
p 9 5
p 7 8
p 0 2
m0 0 14
1 9 0
2 9 0
3 9 0
t 300 0
m0 1 14
1 8 0
2 8 0
3 8 0
t 299 1
m0 1 13
1 9 0
2 9 0
3 9 0
t 298 1
m0 2 13
1 8 0
2 8 0
3 8 0
t 297 1
m0 1 13
1 9 0
2 9 0
3 9 0
t 296 1
m0 2 13
1 8 0
2 8 0
3 8 0
t 295 1
m0 1 13
1 9 0
2 9 0
3 9 0
t 294 1
m0 2 13
1 8 0
2 8 0
3 8 0
t 293 1
m0 1 13
1 9 0
2 9 0
3 9 0
t 292 1
m0 2 13
1 8 0
2 8 0
3 8 0
t 291 1
m0 1 13
1 9 0
2 9 0
3 9 0
t 290 1
m0 2 13
1 8 0
2 8 0
3 8 0
t 289 1
m0 1 13
1 9 0
2 9 0
3 9 0
t 288 1
m0 2 13
1 8 0
2 8 0
3 8 0
t 287 1
m0 1 13
1 9 0
2 9 0
3 9 0
t 286 1
m0 2 13
1 8 0
2 8 0
3 8 0
t 285 1
m0 1 13
1 9 0
2 9 0
3 9 0
t 284 1
m0 2 13
1 8 0
2 8 0
3 8 0
t 283 1
m0 1 13
1 9 0
2 9 0
3 9 0
t 282 1
m0 2 13
1 8 0
2 8 0
3 8 0
t 281 1
m0 1 13
1 9 0
2 9 0
3 9 0
t 280 1
m0 2 13
1 8 0
2 8 0
3 8 0
t 279 1
m0 1 13
1 9 0
2 9 0
3 9 0
t 278 1
m0 2 13
1 8 0
2 8 0
3 8 0
t 277 1
m0 1 13
1 9 0
2 9 0
3 9 0
t 276 1
m0 2 13
1 8 0
2 8 0
3 8 0
t 275 1
m0 1 13
1 9 0
2 9 0
3 9 0
f 0 14
t 274 1
m0 2 13
1 8 0
2 8 0
3 8 0
t 273 1
m0 1 13
1 9 0
2 9 0
3 9 0
t 272 1
m0 2 13
1 8 0
2 8 0
3 8 0
t 271 1
m0 1 13
1 9 0
2 9 0
3 9 0
t 270 1
m0 2 13
1 8 0
2 8 0
3 8 0
t 269 1
m0 1 13
1 9 0
2 9 0
3 9 0
t 268 1
m0 2 13
1 8 0
2 8 0
3 8 0
t 267 1
m0 1 13
1 9 0
2 9 0
3 9 0
t 266 1
m0 2 13
1 8 0
2 8 0
3 8 0
t 265 1
m0 1 13
1 9 0
2 9 0
3 9 0
t 264 1
m0 2 13
1 8 0
2 8 0
3 8 0
t 263 1
m0 1 13
1 9 0
2 9 0
3 9 0
t 262 1
m0 2 13
1 8 0
2 8 0
3 8 0
t 261 1
m0 1 13
1 9 0
2 9 0
3 9 0
t 260 1
m0 2 13
1 8 0
2 8 0
3 8 0
t 259 1
m0 1 13
1 9 0
2 9 0
3 9 0
t 258 1
m0 2 13
1 8 0
2 8 0
3 8 0
t 257 1
m0 1 13
1 9 0
2 9 0
3 9 0
t 256 1
m0 2 13
1 8 0
2 8 0
3 8 0
t 255 1
m0 1 13
1 9 0
2 9 0
3 9 0
t 254 1
m0 2 13
1 8 0
2 8 0
3 8 0
t 253 1
m0 1 13
1 9 0
2 9 0
3 9 0
t 252 1
m0 2 13
1 8 0
2 8 0
3 8 0
t 251 1
m0 1 13
1 9 0
2 9 0
3 9 0
t 250 1
m0 2 13
1 8 0
2 8 0
3 8 0
t 249 1
m0 1 13
1 9 0
2 9 0
3 9 0
t 248 1
m0 2 13
1 8 0
2 8 0
3 8 0
t 247 1
m0 1 13
1 9 0
2 9 0
3 9 0
t 246 1
m0 2 13
1 8 0
2 8 0
3 8 0
t 245 1
m0 1 13
1 9 0
2 9 0
3 9 0
t 244 1
m0 2 13
1 8 0
2 8 0
3 8 0
t 243 1
m0 1 13
1 9 0
2 9 0
3 9 0
t 242 1
m0 2 13
1 8 0
2 8 0
3 8 0
t 241 1
m0 1 13
1 9 0
2 9 0
3 9 0
t 240 1
m0 2 13
1 8 0
2 8 0
3 8 0
t 239 1
m0 1 13
1 9 0
2 9 0
3 9 0
t 238 1
m0 2 13
1 8 0
2 8 0
3 8 0
t 237 1
m0 1 13
1 9 0
2 9 0
3 9 0
t 236 1
m0 2 13
1 8 0
2 8 0
3 8 0
t 235 1
m0 1 13
1 9 0
2 9 0
3 9 0
t 234 1
m0 2 13
1 8 0
2 8 0
3 8 0
t 233 1
m0 1 13
1 9 0
2 9 0
3 9 0
t 232 1
m0 2 13
1 8 0
2 8 0
3 8 0
t 231 1
m0 1 13
1 9 0
2 9 0
3 9 0
t 230 1
m0 2 13
1 8 0
2 8 0
3 8 0
t 229 1
m0 1 13
1 9 0
2 9 0
3 9 0
t 228 1
m0 2 13
1 8 0
2 8 0
3 8 0
t 227 1
m0 1 13
1 9 0
2 9 0
3 9 0
t 226 1
m0 2 13
1 8 0
2 8 0
3 8 0
t 225 1
m0 1 13
1 9 0
2 9 0
3 9 0
t 224 1
m0 2 13
1 8 0
2 8 0
3 8 0
t 223 1
m0 1 13
1 9 0
2 9 0
3 9 0
t 222 1
m0 2 13
1 8 0
2 8 0
3 8 0
t 221 1
m0 1 13
1 9 0
2 9 0
3 9 0
t 220 1
m0 2 13
1 8 0
2 8 0
3 8 0
t 219 1
m0 1 13
1 9 0
2 9 0
3 9 0
t 218 1
m0 2 13
1 8 0
2 8 0
3 8 0
t 217 1
m0 1 13
1 9 0
2 9 0
3 9 0
t 216 1
m0 2 13
1 8 0
2 8 0
3 8 0
t 215 1
m0 1 13
1 9 0
2 9 0
3 9 0
t 214 1
m0 2 13
1 8 0
2 8 0
3 8 0
t 213 1
m0 1 13
1 9 0
2 9 0
3 9 0
t 212 1
m0 2 13
1 8 0
2 8 0
3 8 0
t 211 1
m0 1 13
1 9 0
2 9 0
3 9 0
t 210 1
m0 2 13
1 8 0
2 8 0
3 8 0
t 209 1
m0 1 13
1 9 0
2 9 0
3 9 0
t 208 1
m0 2 13
1 8 0
2 8 0
3 8 0
t 207 1
m0 1 13
1 9 0
2 9 0
3 9 0
t 206 1
m0 2 13
1 8 0
2 8 0
3 8 0
t 205 1
m0 1 13
1 9 0
2 9 0
3 9 0
t 204 1
m0 2 13
1 8 0
2 8 0
3 8 0
t 203 1
m0 1 13
1 9 0
2 9 0
3 9 0
t 202 1
m0 2 13
1 8 0
2 8 0
3 8 0
t 201 1
m0 1 13
1 9 0
2 9 0
3 9 0
t 200 1
m0 2 13
1 8 0
2 8 0
3 8 0
t 199 1
m0 1 13
1 9 0
2 9 0
3 9 0
t 198 1
m0 2 13
1 8 0
2 8 0
3 8 0
t 197 1
m0 1 13
1 9 0
2 9 0
3 9 0
t 196 1
m0 2 13
1 8 0
2 8 0
3 8 0
t 195 1
m0 1 13
1 9 0
2 9 0
3 9 0
t 194 1
m0 2 13
1 8 0
2 8 0
3 8 0
t 193 1
m0 1 13
1 9 0
2 9 0
3 9 0
t 192 1
m0 2 13
1 8 0
2 8 0
3 8 0
t 191 1
m0 1 13
1 9 0
2 9 0
3 9 0
t 190 1
m0 2 13
1 8 0
2 8 0
3 8 0
t 189 1
m0 1 13
1 9 0
2 9 0
3 9 0
t 188 1
m0 2 13
1 8 0
2 8 0
3 8 0
t 187 1
m0 1 13
1 9 0
2 9 0
3 9 0
t 186 1
m0 2 13
1 8 0
2 8 0
3 8 0
t 185 1
m0 1 13
1 9 0
2 9 0
3 9 0
t 184 1
m0 2 13
1 8 0
2 8 0
3 8 0
t 183 1
m0 1 13
1 9 0
2 9 0
3 9 0
t 182 1
m0 2 13
1 8 0
2 8 0
3 8 0
t 181 1
m0 1 13
1 9 0
2 9 0
3 9 0
t 180 1
m0 2 13
1 8 0
2 8 0
3 8 0
t 179 1
m0 1 13
1 9 0
2 9 0
3 9 0
t 178 1
m0 2 13
1 8 0
2 8 0
3 8 0
t 177 1
m0 1 13
1 9 0
2 9 0
3 9 0
t 176 1
m0 2 13
1 8 0
2 8 0
3 8 0
t 175 1
m0 1 13
1 9 0
2 9 0
3 9 0
t 174 1
m0 2 13
1 8 0
2 8 0
3 8 0
t 173 1
m0 1 13
1 9 0
2 9 0
3 9 0
t 172 1
m0 2 13
1 8 0
2 8 0
3 8 0
t 171 1
m0 1 13
1 9 0
2 9 0
3 9 0
t 170 1
m0 2 13
1 8 0
2 8 0
3 8 0
t 169 1
m0 1 13
1 9 0
2 9 0
3 9 0
t 168 1
m0 2 13
1 8 0
2 8 0
3 8 0
t 167 1
m0 1 13
1 9 0
2 9 0
3 9 0
t 166 1
m0 2 13
1 8 0
2 8 0
3 8 0
t 165 1
m0 1 13
1 9 0
2 9 0
3 9 0
t 164 1
m0 2 13
1 8 0
2 8 0
3 8 0
t 163 1
m0 1 13
1 9 0
2 9 0
3 9 0
t 162 1
m0 2 13
1 8 0
2 8 0
3 8 0
t 161 1
m0 1 13
1 9 0
2 9 0
3 9 0
t 160 1
m0 2 13
1 8 0
2 8 0
3 8 0
t 159 1
m0 1 13
1 9 0
2 9 0
3 9 0
t 158 1
m0 2 13
1 8 0
2 8 0
3 8 0
t 157 1
m0 1 13
1 9 0
2 9 0
3 9 0
t 156 1
m0 2 13
1 8 0
2 8 0
3 8 0
t 155 1
m0 1 13
1 9 0
2 9 0
3 9 0
t 154 1
m0 2 13
1 8 0
2 8 0
3 8 0
t 153 1
m0 1 13
1 9 0
2 9 0
3 9 0
t 152 1
m0 2 13
1 8 0
2 8 0
3 8 0
t 151 1
m0 1 13
1 9 0
2 9 0
3 9 0
t 150 1
m0 2 13
1 8 0
2 8 0
3 8 0
t 149 1
m0 1 13
1 9 0
2 9 0
3 9 0
t 148 1
m0 2 13
1 8 0
2 8 0
3 8 0
t 147 1
m0 1 13
1 9 0
2 9 0
3 9 0
t 146 1
m0 2 13
1 8 0
2 8 0
3 8 0
t 145 1
m0 1 13
1 9 0
2 9 0
3 9 0
t 144 1
m0 2 13
1 8 0
2 8 0
3 8 0
t 143 1
m0 1 13
1 9 0
2 9 0
3 9 0
t 142 1
m0 2 13
1 8 0
2 8 0
3 8 0
t 141 1
m0 1 13
1 9 0
2 9 0
3 9 0
t 140 1
m0 2 13
1 8 0
2 8 0
3 8 0
t 139 1
m0 1 13
1 9 0
2 9 0
3 9 0
t 138 1
m0 2 13
1 8 0
2 8 0
3 8 0
t 137 1
m0 1 13
1 9 0
2 9 0
3 9 0
t 136 1
m0 2 13
1 8 0
2 8 0
3 8 0
t 135 1
m0 1 13
1 9 0
2 9 0
3 9 0
t 134 1
m0 2 13
1 8 0
2 8 0
3 8 0
t 133 1
m0 1 13
1 9 0
2 9 0
3 9 0
t 132 1
m0 2 13
1 8 0
2 8 0
3 8 0
t 131 1
m0 1 13
1 9 0
2 9 0
3 9 0
t 130 1
m0 2 13
1 8 0
2 8 0
3 8 0
t 129 1
m0 1 13
1 9 0
2 9 0
3 9 0
t 128 1
m0 2 13
1 8 0
2 8 0
3 8 0
t 127 1
m0 1 13
1 9 0
2 9 0
3 9 0
t 126 1
m0 2 13
1 8 0
2 8 0
3 8 0
t 125 1
m0 1 13
1 9 0
2 9 0
3 9 0
t 124 1
m0 2 13
1 8 0
2 8 0
3 8 0
t 123 1
m0 1 13
1 9 0
2 9 0
3 9 0
t 122 1
m0 2 13
1 8 0
2 8 0
3 8 0
t 121 1
m0 1 13
1 9 0
2 9 0
3 9 0
t 120 1
m0 2 13
1 8 0
2 8 0
3 8 0
t 119 1
m0 1 13
1 9 0
2 9 0
3 9 0
t 118 1
m0 2 13
1 8 0
2 8 0
3 8 0
t 117 1
m0 1 13
1 9 0
2 9 0
3 9 0
t 116 1
m0 2 13
1 8 0
2 8 0
3 8 0
t 115 1
m0 1 13
1 9 0
2 9 0
3 9 0
t 114 1
m0 2 13
1 8 0
2 8 0
3 8 0
t 113 1
m0 1 13
1 9 0
2 9 0
3 9 0
t 112 1
m0 2 13
1 8 0
2 8 0
3 8 0
t 111 1
m0 1 13
1 9 0
2 9 0
3 9 0
t 110 1
m0 2 13
1 8 0
2 8 0
3 8 0
t 109 1
m0 1 13
1 9 0
2 9 0
3 9 0
t 108 1
m0 2 13
1 8 0
2 8 0
3 8 0
t 107 1
m0 1 13
1 9 0
2 9 0
3 9 0
t 106 1
m0 2 13
1 8 0
2 8 0
3 8 0
t 105 1
m0 1 13
1 9 0
2 9 0
3 9 0
t 104 1
m0 2 13
1 8 0
2 8 0
3 8 0
t 103 1
m0 1 13
1 9 0
2 9 0
3 9 0
t 102 1
m0 2 13
1 8 0
2 8 0
3 8 0
t 101 1
m0 1 13
1 9 0
2 9 0
3 9 0
t 100 1
m0 2 13
1 8 0
2 8 0
3 8 0
t 99 1
m0 1 13
1 9 0
2 9 0
3 9 0
t 98 1
m0 2 13
1 8 0
2 8 0
3 8 0
t 97 1
m0 1 13
1 9 0
2 9 0
3 9 0
t 96 1
m0 2 13
1 8 0
2 8 0
3 8 0
t 95 1
m0 1 13
1 9 0
2 9 0
3 9 0
t 94 1
m0 2 13
1 8 0
2 8 0
3 8 0
t 93 1
m0 1 13
1 9 0
2 9 0
3 9 0
t 92 1
m0 2 13
1 8 0
2 8 0
3 8 0
t 91 1
m0 1 13
1 9 0
2 9 0
3 9 0
t 90 1
m0 2 13
1 8 0
2 8 0
3 8 0
t 89 1
m0 1 13
1 9 0
2 9 0
3 9 0
t 88 1
m0 2 13
1 8 0
2 8 0
3 8 0
t 87 1
m0 1 13
1 9 0
2 9 0
3 9 0
t 86 1
m0 2 13
1 8 0
2 8 0
3 8 0
t 85 1
m0 1 13
1 9 0
2 9 0
3 9 0
t 84 1
m0 2 13
1 8 0
2 8 0
3 8 0
t 83 1
m0 1 13
1 9 0
2 9 0
3 9 0
t 82 1
m0 2 13
1 8 0
2 8 0
3 8 0
t 81 1
m0 1 13
1 9 0
2 9 0
3 9 0
t 80 1
m0 2 13
1 8 0
2 8 0
3 8 0
t 79 1
m0 1 13
1 9 0
2 9 0
3 9 0
t 78 1
m0 2 13
1 8 0
2 8 0
3 8 0
t 77 1
m0 1 13
1 9 0
2 9 0
3 9 0
t 76 1
m0 2 13
1 8 0
2 8 0
3 8 0
t 75 1
m0 1 13
1 9 0
2 9 0
3 9 0
t 74 1
m0 2 13
1 8 0
2 8 0
3 8 0
t 73 1
m0 1 13
1 9 0
2 9 0
3 9 0
t 72 1
m0 2 13
1 8 0
2 8 0
3 8 0
t 71 1
m0 1 13
1 9 0
2 9 0
3 9 0
t 70 1
m0 2 13
1 8 0
2 8 0
3 8 0
t 69 1
m0 1 13
1 9 0
2 9 0
3 9 0
t 68 1
m0 2 13
1 8 0
2 8 0
3 8 0
t 67 1
m0 1 13
1 9 0
2 9 0
3 9 0
t 66 1
m0 2 13
1 8 0
2 8 0
3 8 0
t 65 1
m0 1 13
1 9 0
2 9 0
3 9 0
t 64 1
m0 2 13
1 8 0
2 8 0
3 8 0
t 63 1
m0 1 13
1 9 0
2 9 0
3 9 0
t 62 1
m0 2 13
1 8 0
2 8 0
3 8 0
t 61 1
m0 1 13
1 9 0
2 9 0
3 9 0
t 60 1
m0 2 13
1 8 0
2 8 0
3 8 0
t 59 1
m0 1 13
1 9 0
2 9 0
3 9 0
t 58 1
m0 2 13
1 8 0
2 8 0
3 8 0
t 57 1
m0 1 13
1 9 0
2 9 0
3 9 0
t 56 1
m0 2 13
1 8 0
2 8 0
3 8 0
t 55 1
m0 1 13
1 9 0
2 9 0
3 9 0
t 54 1
m0 2 13
1 8 0
2 8 0
3 8 0
t 53 1
m0 1 13
1 9 0
2 9 0
3 9 0
t 52 1
m0 2 13
1 8 0
2 8 0
3 8 0
t 51 1
m0 1 13
1 9 0
2 9 0
3 9 0
t 50 1
m0 2 13
1 8 0
2 8 0
3 8 0
t 49 1
m0 1 13
1 9 0
2 9 0
3 9 0
t 48 1
m0 2 13
1 8 0
2 8 0
3 8 0
t 47 1
m0 1 13
1 9 0
2 9 0
3 9 0
t 46 1
m0 2 13
1 8 0
2 8 0
3 8 0
t 45 1
m0 1 13
1 9 0
2 9 0
3 9 0
t 44 1
m0 2 13
1 8 0
2 8 0
3 8 0
t 43 1
m0 1 13
1 9 0
2 9 0
3 9 0
t 42 1
m0 2 13
1 8 0
2 8 0
3 8 0
t 41 1
m0 1 13
1 9 0
2 9 0
3 9 0
t 40 1
m0 2 13
1 8 0
2 8 0
3 8 0
t 39 1
m0 1 13
1 9 0
2 9 0
3 9 0
t 38 1
m0 2 13
1 8 0
2 8 0
3 8 0
t 37 1
m0 1 13
1 9 0
2 9 0
3 9 0
t 36 1
m0 2 13
1 8 0
2 8 0
3 8 0
t 35 1
m0 1 13
1 9 0
2 9 0
3 9 0
t 34 1
m0 2 13
1 8 0
2 8 0
3 8 0
t 33 1
m0 1 13
1 9 0
2 9 0
3 9 0
t 32 1
m0 2 13
1 8 0
2 8 0
3 8 0
t 31 1
m0 1 13
1 9 0
2 9 0
3 9 0
t 30 1
m0 2 13
1 8 0
2 8 0
3 8 0
t 29 1
m0 1 13
1 9 0
2 9 0
3 9 0
t 28 1
m0 2 13
1 8 0
2 8 0
3 8 0
t 27 1
m0 1 13
1 9 0
2 9 0
3 9 0
t 26 1
m0 2 13
1 8 0
2 8 0
3 8 0
t 25 1
m0 1 13
1 9 0
2 9 0
3 9 0
t 24 1
m0 2 13
1 8 0
2 8 0
3 8 0
t 23 1
m0 1 13
1 9 0
2 9 0
3 9 0
t 22 1
m0 2 13
1 8 0
2 8 0
3 8 0
t 21 1
m0 1 13
1 9 0
2 9 0
3 9 0
t 20 1
m0 2 13
1 8 0
2 8 0
3 8 0
t 19 1
m0 1 13
1 9 0
2 9 0
3 9 0
t 18 1
m0 2 13
1 8 0
2 8 0
3 8 0
t 17 1
m0 1 13
1 9 0
2 9 0
3 9 0
t 16 1
m0 2 13
1 8 0
2 8 0
3 8 0
t 15 1
m0 1 13
1 9 0
2 9 0
3 9 0
t 14 1
m0 2 13
1 8 0
2 8 0
3 8 0
t 13 1
m0 1 13
1 9 0
2 9 0
3 9 0
t 12 1
m0 2 13
1 8 0
2 8 0
3 8 0
t 11 1
m0 1 13
1 9 0
2 9 0
3 9 0
t 10 1
m0 2 13
1 8 0
2 8 0
3 8 0
t 9 1
m0 1 13
1 9 0
2 9 0
3 9 0
t 8 1
m0 2 13
1 8 0
2 8 0
3 8 0
t 7 1
m0 1 13
1 9 0
2 9 0
3 9 0
t 6 1
m0 2 13
1 8 0
2 8 0
3 8 0
t 5 1
m0 1 13
1 9 0
2 9 0
3 9 0
t 4 1
m0 2 13
1 8 0
2 8 0
3 8 0
t 3 1
m0 1 13
1 9 0
2 9 0
3 9 0
t 2 1
m0 2 13
1 8 0
2 8 0
3 8 0
t 1 1
m0 1 13
1 8 0
2 8 0
3 8 0
t 0 1
