10
15
w 5 9
w 8 13
w 5 6
w 2 8
w 3 11
w 4 12
w 6 2
w 9 4
w 2 5
w 0 3
w 5 8
w 4 0
w 1 2
w 4 9
w 5 5
w 8 1
w 5 0
w 1 10
w 3 2
w 3 13
w 5 11
w 1 13
w 4 5
w 9 3
w 0 12
w 7 5
w 8 7
w 0 8
w 7 9
w 8 3
w 0 13
w 2 0
w 0 6
w 4 3
w 6 13
w 7 8
w 2 4
p 6 9
p 1 3
p 9 1
p 4 8
p 3 0
p 8 0
p 2 1
p 8 9
p 2 12
p 7 11
p 1 11
p 7 2
p 8 14
p 6 7
p 3 3
p 7 6
p 3 10
p 6 10
p 6 3
p 2 13
p 0 11
p 0 4
p 8 6
p 7 14
p 0 0
p 9 14
p 8 2
p 5 4
p 7 1
p 5 2
p 1 4
p 2 10
p 2 3
p 0 5
p 4 2
p 6 12
p 9 6
p 6 5
p 3 5
p 7 0
p 6 8
p 1 12
p 9 2
p 6 1
p 7 13
p 3 1
p 9 9
p 5 14
p 3 8
p 1 8
p 7 4
p 9 5
p 3 4
p 0 2
p 9 12
p 8 4
m0 0 14
1 9 0
2 9 0
3 9 0
t 300 0
m0 0 14
1 8 0
2 8 0
3 8 0
t 299 0
m0 1 14
1 9 0
2 9 0
3 9 0
t 298 0
m0 2 14
1 8 0
2 8 0
3 8 0
t 297 0
m0 2 13
1 9 0
2 9 0
3 9 0
t 296 1
m0 2 13
1 8 0
2 8 0
3 8 0
t 295 1
m0 2 13
1 9 0
2 9 0
3 9 0
t 294 1
m0 2 12
1 8 0
2 8 0
3 8 0
t 293 2
m0 3 12
1 9 0
2 9 0
3 9 0
t 292 2
m0 2 12
1 8 0
2 8 0
3 8 0
t 291 2
m0 1 12
1 9 0
2 9 0
3 9 0
t 290 3
m0 1 11
1 8 0
2 8 0
3 8 0
t 289 4
m0 0 11
1 9 0
2 9 0
3 9 0
t 288 5
m0 1 11
1 8 0
2 8 0
3 8 0
t 287 5
m0 1 11
1 9 0
2 9 0
3 9 0
t 286 5
m0 0 11
1 8 0
2 8 0
3 8 0
t 285 5
m0 0 11
1 9 0
2 9 0
3 9 0
t 284 5
m0 0 10
1 8 0
2 8 0
3 8 0
t 283 5
m0 0 9
1 9 0
2 9 0
3 9 0
f 1 7
t 282 5
m0 1 9
1 8 0
2 8 0
3 8 0
t 281 5
m0 1 8
1 9 0
2 9 0
3 9 0
t 280 6
m0 1 7
1 8 0
2 8 0
3 8 0
t 279 16
m0 0 7
1 9 0
2 9 0
3 9 0
t 278 16
m0 1 7
1 8 0
2 8 0
3 8 0
t 277 16
m0 0 7
1 9 0
2 9 0
3 9 0
t 276 16
m0 0 7
1 8 0
2 8 0
3 8 0
t 275 16
m0 1 7
1 9 0
2 9 0
3 9 0
t 274 16
m0 1 6
1 8 0
2 8 0
3 8 0
t 273 16
m0 1 5
1 9 0
2 9 0
3 9 0
t 272 16
m0 1 4
1 8 0
2 8 0
3 8 0
t 271 17
m0 1 3
1 9 0
2 9 0
3 9 0
t 270 18
m0 1 3
1 8 0
2 8 0
3 8 0
t 269 18
m0 2 3
1 9 0
2 9 0
3 9 0
t 268 19
m0 2 2
1 8 0
2 8 0
3 8 0
t 267 19
m0 2 2
1 9 0
2 9 0
3 9 0
t 266 19
m0 2 3
1 8 0
2 8 0
3 8 0
t 265 19
m0 2 2
1 9 0
2 9 0
3 9 0
t 264 19
m0 2 1
1 8 0
2 8 0
3 8 0
t 263 20
m0 1 1
1 9 0
2 9 0
3 9 0
t 262 20
m0 1 0
1 8 0
2 8 0
3 8 0
t 261 20
m0 1 0
1 9 0
2 9 0
3 9 0
t 260 20
m0 1 0
1 8 0
2 8 0
3 8 0
t 259 20
m0 1 0
1 9 0
2 9 0
3 9 0
t 258 20
m0 0 0
1 8 0
2 8 0
3 8 0
t 257 21
m0 0 0
1 9 0
2 9 0
3 9 0
t 256 21
m0 0 0
1 8 0
2 8 0
3 8 0
t 255 21
m0 0 1
1 9 0
2 9 0
3 9 0
t 254 21
m0 0 0
1 8 0
2 8 0
3 8 0
t 253 21
m0 0 0
1 9 0
2 9 0
3 9 0
t 252 21
m0 1 0
1 8 0
2 8 0
3 8 0
t 251 21
m0 1 0
1 9 0
2 9 0
3 9 0
t 250 21
m0 0 0
1 8 0
2 8 0
3 8 0
t 249 21
m0 0 1
1 9 0
2 9 0
3 9 0
t 248 21
m0 1 1
1 8 0
2 8 0
3 8 0
t 247 21
m0 1 0
1 9 0
2 9 0
3 9 0
t 246 21
m0 1 0
1 8 0
2 8 0
3 8 0
t 245 21
m0 0 0
1 9 0
2 9 0
3 9 0
t 244 21
m0 0 1
1 8 0
2 8 0
3 8 0
t 243 21
m0 0 2
1 9 0
2 9 0
3 9 0
t 242 22
m0 0 1
1 8 0
2 8 0
3 8 0
t 241 22
m0 0 2
1 9 0
2 9 0
3 9 0
t 240 22
m0 0 1
1 8 0
2 8 0
3 8 0
t 239 22
m0 1 1
1 9 0
2 9 0
3 9 0
t 238 22
m0 0 1
1 8 0
2 8 0
3 8 0
t 237 22
m0 1 1
1 9 0
2 9 0
3 9 0
t 236 22
m0 0 1
1 8 0
2 8 0
3 8 0
t 235 22
m0 0 0
1 9 0
2 9 0
3 9 0
t 234 22
m0 0 1
1 8 0
2 8 0
3 8 0
t 233 22
m0 0 2
1 9 0
2 9 0
3 9 0
t 232 22
m0 0 2
1 8 0
2 8 0
3 8 0
t 231 22
m0 0 2
1 9 0
2 9 0
3 9 0
t 230 22
m0 0 1
1 8 0
2 8 0
3 8 0
t 229 22
m0 0 1
1 9 0
2 9 0
3 9 0
t 228 22
m0 1 1
1 8 0
2 8 0
3 8 0
t 227 22
m0 1 1
1 9 0
2 9 0
3 9 0
t 226 22
m0 0 1
1 8 0
2 8 0
3 8 0
t 225 22
m0 0 2
1 9 0
2 9 0
3 9 0
t 224 22
m0 0 2
1 8 0
2 8 0
3 8 0
t 223 22
m0 0 1
1 9 0
2 9 0
3 9 0
t 222 22
m0 0 2
1 8 0
2 8 0
3 8 0
t 221 22
m0 0 2
1 9 0
2 9 0
3 9 0
t 220 22
m0 0 1
1 8 0
2 8 0
3 8 0
t 219 22
m0 0 2
1 9 0
2 9 0
3 9 0
t 218 22
m0 0 2
1 8 0
2 8 0
3 8 0
t 217 22
m0 0 2
1 9 0
2 9 0
3 9 0
t 216 22
m0 0 1
1 8 0
2 8 0
3 8 0
t 215 22
m0 0 2
1 9 0
2 9 0
3 9 0
t 214 22
m0 0 2
1 8 0
2 8 0
3 8 0
t 213 22
m0 0 2
1 9 0
2 9 0
3 9 0
t 212 22
m0 0 1
1 8 0
2 8 0
3 8 0
t 211 22
m0 1 1
1 9 0
2 9 0
3 9 0
t 210 22
m0 2 1
1 8 0
2 8 0
3 8 0
t 209 22
m0 2 2
1 9 0
2 9 0
3 9 0
t 208 22
m0 2 1
1 8 0
2 8 0
3 8 0
t 207 22
m0 3 1
1 9 0
2 9 0
3 9 0
t 206 23
m0 3 1
1 8 0
2 8 0
3 8 0
t 205 23
m0 3 1
1 9 0
2 9 0
3 9 0
t 204 23
m0 2 1
1 8 0
2 8 0
3 8 0
t 203 23
m0 2 2
1 9 0
2 9 0
3 9 0
t 202 23
m0 2 2
1 8 0
2 8 0
3 8 0
t 201 23
m0 2 1
1 9 0
2 9 0
3 9 0
t 200 23
m0 2 1
1 8 0
2 8 0
3 8 0
t 199 23
m0 1 1
1 9 0
2 9 0
3 9 0
t 198 23
m0 0 1
1 8 0
2 8 0
3 8 0
t 197 23
m0 0 1
1 9 0
2 9 0
3 9 0
t 196 23
m0 0 2
1 8 0
2 8 0
3 8 0
t 195 23
m0 0 2
1 9 0
2 9 0
3 9 0
t 194 23
m0 0 1
1 8 0
2 8 0
3 8 0
t 193 23
m0 1 1
1 9 0
2 9 0
3 9 0
t 192 23
m0 1 0
1 8 0
2 8 0
3 8 0
t 191 23
m0 0 0
1 9 0
2 9 0
3 9 0
t 190 23
m0 0 1
1 8 0
2 8 0
3 8 0
t 189 23
m0 0 0
1 9 0
2 9 0
3 9 0
t 188 23
m0 0 0
1 8 0
2 8 0
3 8 0
t 187 23
m0 0 1
1 9 0
2 9 0
3 9 0
t 186 23
m0 0 1
1 8 0
2 8 0
3 8 0
t 185 23
m0 0 2
1 9 0
2 9 0
3 9 0
t 184 23
m0 0 1
1 8 0
2 8 0
3 8 0
t 183 23
m0 0 1
1 9 0
2 9 0
3 9 0
t 182 23
m0 0 1
1 8 0
2 8 0
3 8 0
f 5 7
t 181 23
m0 1 1
1 9 0
2 9 0
3 9 0
t 180 23
m0 2 1
1 8 0
2 8 0
3 8 0
t 179 23
m0 2 1
1 9 0
2 9 0
3 9 0
t 178 23
m0 2 1
1 8 0
2 8 0
3 8 0
t 177 23
m0 2 1
1 9 0
2 9 0
3 9 0
t 176 23
m0 2 1
1 8 0
2 8 0
3 8 0
t 175 23
m0 2 2
1 9 0
2 9 0
3 9 0
t 174 23
m0 2 3
1 8 0
2 8 0
3 8 0
t 173 23
m0 1 3
1 9 0
2 9 0
3 9 0
t 172 23
m0 2 3
1 8 0
2 8 0
3 8 0
t 171 23
m0 3 3
1 9 0
2 9 0
3 9 0
t 170 24
m0 3 4
1 8 0
2 8 0
3 8 0
t 169 25
m0 3 3
1 9 0
2 9 0
3 9 0
t 168 25
m0 2 3
1 8 0
2 8 0
3 8 0
t 167 25
m0 3 3
1 9 0
2 9 0
3 9 0
t 166 25
m0 3 4
1 8 0
2 8 0
3 8 0
t 165 25
m0 3 5
1 9 0
2 9 0
3 9 0
t 164 26
m0 3 6
1 8 0
2 8 0
3 8 0
t 163 26
m0 3 7
1 9 0
2 9 0
3 9 0
t 162 26
m0 3 7
1 8 0
2 8 0
3 8 0
t 161 26
m0 3 6
1 9 0
2 9 0
3 9 0
t 160 26
m0 3 6
1 8 0
2 8 0
3 8 0
t 159 26
m0 3 7
1 9 0
2 9 0
3 9 0
t 158 26
m0 3 6
1 8 0
2 8 0
3 8 0
t 157 26
m0 3 6
1 9 0
2 9 0
3 9 0
t 156 26
m0 3 6
1 8 0
2 8 0
3 8 0
t 155 26
m0 3 7
1 9 0
2 9 0
3 9 0
t 154 26
m0 4 7
1 8 0
2 8 0
3 8 0
t 153 26
m0 5 7
1 9 0
2 9 0
3 9 0
t 152 36
m0 6 7
1 8 0
2 8 0
3 8 0
t 151 37
m0 5 7
1 9 0
2 9 0
3 9 0
t 150 37
m0 4 7
1 8 0
2 8 0
3 8 0
t 149 37
m0 5 7
1 9 0
2 9 0
3 9 0
t 148 37
m0 6 7
1 8 0
2 8 0
3 8 0
t 147 37
m0 7 7
1 9 0
2 9 0
3 9 0
t 146 37
m0 6 7
1 8 0
2 8 0
3 8 0
t 145 37
m0 6 8
1 9 0
2 9 0
3 9 0
t 144 38
m0 6 7
1 8 0
2 8 0
3 8 0
t 143 38
m0 6 8
1 9 0
2 9 0
3 9 0
t 142 38
m0 6 8
1 8 0
2 8 0
3 8 0
t 141 38
m0 6 9
1 9 0
2 9 0
3 9 0
t 140 39
m0 6 9
1 8 0
2 8 0
3 8 0
t 139 39
m0 6 9
1 9 0
2 9 0
3 9 0
t 138 39
m0 6 8
1 8 0
2 8 0
3 8 0
t 137 39
m0 6 8
1 9 0
2 9 0
3 9 0
t 136 39
m0 6 9
1 8 0
2 8 0
3 8 0
t 135 39
m0 6 9
1 9 0
2 9 0
3 9 0
t 134 39
m0 6 9
1 8 0
2 8 0
3 8 0
t 133 39
m0 6 9
1 9 0
2 9 0
3 9 0
f 2 9
t 132 39
m0 6 10
1 8 0
2 8 0
3 8 0
t 131 40
m0 6 10
1 9 0
2 9 0
3 9 0
t 130 40
m0 6 11
1 8 0
2 8 0
3 8 0
t 129 40
m0 6 10
1 9 0
2 9 0
3 9 0
t 128 40
m0 6 11
1 8 0
2 8 0
3 8 0
t 127 40
m0 6 11
1 9 0
2 9 0
3 9 0
t 126 40
m0 6 10
1 8 0
2 8 0
3 8 0
t 125 40
m0 6 9
1 9 0
2 9 0
3 9 0
t 124 40
m0 6 9
1 8 0
2 8 0
3 8 0
t 123 40
m0 6 10
1 9 0
2 9 0
3 9 0
t 122 40
m0 6 10
1 8 0
2 8 0
3 8 0
t 121 40
m0 6 11
1 9 0
2 9 0
3 9 0
t 120 40
m0 6 10
1 8 0
2 8 0
3 8 0
t 119 40
m0 6 10
1 9 0
2 9 0
3 9 0
t 118 40
m0 6 11
1 8 0
2 8 0
3 8 0
t 117 40
m0 6 10
1 9 0
2 9 0
3 9 0
t 116 40
m0 6 10
1 8 0
2 8 0
3 8 0
t 115 40
m0 7 10
1 9 0
2 9 0
3 9 0
t 114 40
m0 6 10
1 8 0
2 8 0
3 8 0
t 113 40
m0 6 10
1 9 0
2 9 0
3 9 0
t 112 40
m0 5 10
1 8 0
2 8 0
3 8 0
t 111 40
m0 4 10
1 9 0
2 9 0
3 9 0
t 110 40
m0 3 10
1 8 0
2 8 0
3 8 0
t 109 41
m0 3 9
1 9 0
2 9 0
3 9 0
t 108 41
m0 2 9
1 8 0
2 8 0
3 8 0
t 107 51
m0 2 10
1 9 0
2 9 0
3 9 0
t 106 52
m0 3 10
1 8 0
2 8 0
3 8 0
t 105 52
m0 2 10
1 9 0
2 9 0
3 9 0
t 104 52
m0 3 10
1 8 0
2 8 0
3 8 0
t 103 52
m0 3 9
1 9 0
2 9 0
3 9 0
t 102 52
m0 3 9
1 8 0
2 8 0
3 8 0
t 101 52
m0 3 9
1 9 0
2 9 0
3 9 0
t 100 52
m0 3 8
1 8 0
2 8 0
3 8 0
t 99 53
m0 3 8
1 9 0
2 9 0
3 9 0
t 98 53
m0 3 8
1 8 0
2 8 0
3 8 0
t 97 53
m0 3 9
1 9 0
2 9 0
3 9 0
t 96 53
m0 3 9
1 8 0
2 8 0
3 8 0
t 95 53
m0 3 9
1 9 0
2 9 0
3 9 0
t 94 53
m0 3 10
1 8 0
2 8 0
3 8 0
t 93 53
m0 4 10
1 9 0
2 9 0
3 9 0
f 2 13
t 92 53
m0 3 10
1 8 0
2 8 0
3 8 0
t 91 53
m0 2 10
1 9 0
2 9 0
3 9 0
t 90 53
m0 2 11
1 8 0
2 8 0
3 8 0
t 89 53
m0 2 12
1 9 0
2 9 0
3 9 0
t 88 53
m0 2 12
1 8 0
2 8 0
3 8 0
t 87 53
m0 2 13
1 9 0
2 9 0
3 9 0
t 86 63
m0 2 13
1 8 0
2 8 0
3 8 0
t 85 63
m0 2 12
1 9 0
2 9 0
3 9 0
t 84 63
m0 2 13
1 8 0
2 8 0
3 8 0
t 83 63
m0 2 14
1 9 0
2 9 0
3 9 0
t 82 63
m0 2 14
1 8 0
2 8 0
3 8 0
t 81 63
m0 2 13
1 9 0
2 9 0
3 9 0
t 80 63
m0 2 14
1 8 0
2 8 0
3 8 0
t 79 63
m0 2 14
1 9 0
2 9 0
3 9 0
t 78 63
m0 2 13
1 8 0
2 8 0
3 8 0
f 0 10
t 77 63
m0 2 13
1 9 0
2 9 0
3 9 0
t 76 63
m0 2 12
1 8 0
2 8 0
3 8 0
t 75 63
m0 2 12
1 9 0
2 9 0
3 9 0
t 74 63
m0 2 11
1 8 0
2 8 0
3 8 0
t 73 63
m0 1 11
1 9 0
2 9 0
3 9 0
t 72 63
m0 0 11
1 8 0
2 8 0
3 8 0
t 71 63
m0 0 10
1 9 0
2 9 0
3 9 0
t 70 73
m0 0 10
1 8 0
2 8 0
3 8 0
t 69 73
m0 0 9
1 9 0
2 9 0
3 9 0
t 68 73
m0 0 10
1 8 0
2 8 0
3 8 0
t 67 73
m0 0 10
1 9 0
2 9 0
3 9 0
t 66 73
m0 0 11
1 8 0
2 8 0
3 8 0
t 65 73
m0 0 11
1 9 0
2 9 0
3 9 0
t 64 73
m0 1 11
1 8 0
2 8 0
3 8 0
t 63 73
m0 1 11
1 9 0
2 9 0
3 9 0
t 62 73
m0 0 11
1 8 0
2 8 0
3 8 0
t 61 73
m0 0 11
1 9 0
2 9 0
3 9 0
t 60 73
m0 0 11
1 8 0
2 8 0
3 8 0
t 59 73
m0 0 11
1 9 0
2 9 0
3 9 0
t 58 73
m0 0 11
1 8 0
2 8 0
3 8 0
t 57 73
m0 0 11
1 9 0
2 9 0
3 9 0
t 56 73
m0 0 11
1 8 0
2 8 0
3 8 0
t 55 73
m0 1 11
1 9 0
2 9 0
3 9 0
t 54 73
m0 1 12
1 8 0
2 8 0
3 8 0
t 53 73
m0 2 12
1 9 0
2 9 0
3 9 0
t 52 73
m0 2 11
1 8 0
2 8 0
3 8 0
t 51 73
m0 2 12
1 9 0
2 9 0
3 9 0
t 50 73
m0 2 11
1 8 0
2 8 0
3 8 0
t 49 73
m0 2 10
1 9 0
2 9 0
3 9 0
t 48 73
m0 2 10
1 8 0
2 8 0
3 8 0
t 47 73
m0 2 10
1 9 0
2 9 0
3 9 0
t 46 73
m0 2 10
1 8 0
2 8 0
3 8 0
t 45 73
m0 3 10
1 9 0
2 9 0
3 9 0
t 44 73
m0 3 10
1 8 0
2 8 0
3 8 0
t 43 73
m0 3 9
1 9 0
2 9 0
3 9 0
f 5 13
t 42 73
m0 3 9
1 8 0
2 8 0
3 8 0
t 41 73
m0 3 8
1 9 0
2 9 0
3 9 0
t 40 73
m0 3 9
1 8 0
2 8 0
3 8 0
t 39 73
m0 3 9
1 9 0
2 9 0
3 9 0
t 38 73
m0 2 9
1 8 0
2 8 0
3 8 0
t 37 73
m0 1 9
1 9 0
2 9 0
3 9 0
t 36 73
m0 0 9
1 8 0
2 8 0
3 8 0
t 35 73
m0 0 10
1 9 0
2 9 0
3 9 0
t 34 73
m0 0 11
1 8 0
2 8 0
3 8 0
t 33 73
m0 0 10
1 9 0
2 9 0
3 9 0
t 32 73
m0 0 9
1 8 0
2 8 0
3 8 0
t 31 73
m0 0 10
1 9 0
2 9 0
3 9 0
t 30 73
m0 0 11
1 8 0
2 8 0
3 8 0
t 29 73
m0 0 10
1 9 0
2 9 0
3 9 0
t 28 73
m0 0 10
1 8 0
2 8 0
3 8 0
t 27 73
m0 0 10
1 9 0
2 9 0
3 9 0
t 26 73
m0 0 11
1 8 0
2 8 0
3 8 0
t 25 73
m0 0 10
1 9 0
2 9 0
3 9 0
t 24 73
m0 0 10
1 8 0
2 8 0
3 8 0
t 23 73
m0 0 9
1 9 0
2 9 0
3 9 0
t 22 73
m0 0 10
1 8 0
2 8 0
3 8 0
t 21 73
m0 0 10
1 9 0
2 9 0
3 9 0
t 20 73
m0 0 10
1 8 0
2 8 0
3 8 0
t 19 73
m0 0 11
1 9 0
2 9 0
3 9 0
t 18 73
m0 0 10
1 8 0
2 8 0
3 8 0
t 17 73
m0 0 11
1 9 0
2 9 0
3 9 0
t 16 73
m0 0 11
1 8 0
2 8 0
3 8 0
t 15 73
m0 0 11
1 9 0
2 9 0
3 9 0
t 14 73
m0 0 10
1 8 0
2 8 0
3 8 0
t 13 73
m0 0 9
1 9 0
2 9 0
3 9 0
t 12 73
m0 1 9
1 8 0
2 8 0
3 8 0
t 11 73
m0 1 9
1 9 0
2 9 0
3 9 0
t 10 73
m0 2 9
1 8 0
2 8 0
3 8 0
t 9 73
m0 1 9
1 9 0
2 9 0
3 9 0
t 8 73
m0 0 9
1 8 0
2 8 0
3 8 0
t 7 73
m0 0 9
1 9 0
2 9 0
3 9 0
t 6 73
m0 0 10
1 8 0
2 8 0
3 8 0
t 5 73
m0 0 10
1 9 0
2 9 0
3 9 0
t 4 73
m0 0 9
1 8 0
2 8 0
3 8 0
t 3 73
m0 1 9
1 9 0
2 9 0
3 9 0
t 2 73
m0 0 9
1 8 0
2 8 0
3 8 0
t 1 73
m0 1 9
1 8 0
2 8 0
3 8 0
t 0 73
