10
15
w 4 7
w 9 1
w 8 9
w 4 12
w 2 5
w 8 5
w 7 2
w 6 14
w 4 9
w 3 3
w 2 9
w 3 10
w 8 10
w 5 0
w 6 4
w 8 2
w 3 13
w 4 5
w 6 11
w 7 1
w 1 13
w 1 4
w 3 9
w 2 3
w 1 9
w 8 7
w 1 0
w 6 5
w 7 9
w 9 13
w 8 3
w 1 12
w 3 1
w 2 0
w 4 3
w 1 7
w 5 2
p 6 9
p 1 3
p 8 13
p 4 8
p 7 12
p 5 6
p 9 8
p 3 11
p 2 1
p 0 10
p 5 1
p 3 7
p 0 3
p 1 11
p 4 0
p 1 2
p 8 14
p 9 0
p 5 5
p 8 1
p 5 12
p 6 10
p 1 14
p 7 6
p 6 3
p 1 5
p 0 11
p 2 13
p 4 1
p 9 7
p 4 10
p 3 2
p 9 14
p 5 11
p 8 11
p 2 10
p 0 12
p 0 5
p 5 3
p 5 10
p 6 8
p 4 6
p 8 12
p 6 1
p 2 11
p 0 13
p 3 8
p 7 4
p 1 8
p 8 8
p 6 13
p 0 9
p 9 5
p 7 8
p 0 2
p 9 12
m0 0 14
1 9 0
2 9 0
3 9 0
t 300 0
m0 0 14
1 8 0
2 8 0
3 8 0
t 299 0
m0 0 14
1 9 0
2 7 0
3 8 1
t 298 0
m0 0 14
1 8 0
2 6 0
3 8 0
t 297 0
m0 0 14
1 9 0
2 6 1
3 7 0
t 296 0
m0 0 14
1 8 0
2 5 1
3 6 0
t 295 0
m0 0 14
1 9 0
2 4 1
3 7 0
t 294 0
m0 0 14
1 8 0
2 4 2
3 6 0
t 293 0
m0 0 14
1 9 0
2 3 2
3 6 1
t 292 0
m0 0 14
1 8 0
2 2 2
3 5 1
t 291 0
m0 0 14
1 9 0
2 1 2
3 6 1
t 290 0
m0 0 14
1 8 0
2 0 2
3 5 1
t 289 0
m0 1 14
1 9 0
2 0 3
3 4 1
t 288 1
m0 2 14
1 8 0
2 0 4
3 4 2
t 287 1
m0 3 14
1 9 0
2 0 5
3 4 1
t 286 1
m0 4 14
1 8 0
2 0 6
3 4 2
t 285 1
m0 5 14
1 9 0
2 0 7
3 3 2
t 284 1
m0 5 14
1 8 0
2 0 8
3 2 2
t 283 1
m0 5 14
1 9 0
2 0 9
3 3 2
t 282 1
m0 5 14
1 8 0
2 0 10
3 2 2
t 281 1
m0 5 14
1 9 0
2 0 11
3 1 2
t 280 1
m0 5 14
1 8 0
2 0 12
3 0 2
t 279 1
m0 5 14
1 9 0
2 0 13
3 1 2
t 278 1
m0 5 14
1 8 0
2 0 14
3 0 2
t 277 1
m0 5 13
1 9 0
2 1 14
3 0 3
t 276 1
m0 6 13
1 8 0
2 2 14
3 0 4
t 275 2
m0 7 13
1 9 0
2 3 14
3 0 3
t 274 2
m0 8 13
1 8 0
2 4 14
3 0 4
t 273 3
m0 8 12
1 9 0
2 5 14
3 0 5
t 272 4
m0 9 12
1 8 0
2 5 13
3 1 5
t 271 5
m0 9 11
1 9 0
2 6 13
3 0 5
t 270 5
m0 9 10
1 8 0
2 7 13
3 0 6
t 269 5
m0 9 9
1 9 0
2 7 14
3 1 6
t 268 5
m0 9 8
1 8 0
2 8 14
3 0 6
t 267 6
m0 9 7
1 9 0
2 7 14
3 1 6
t 266 7
m0 9 8
1 8 0
2 8 14
3 0 6
f 1 1
t 265 7
m0 9 7
1 9 0
2 7 14
3 1 6
t 264 7
m0 9 8
1 8 0
2 8 14
3 0 6
t 263 7
m0 9 7
1 9 0
2 7 14
3 1 6
t 262 7
m0 9 8
1 8 0
2 8 14
3 0 6
t 261 7
m0 9 7
1 9 0
2 7 14
3 1 6
t 260 7
m0 9 8
1 8 0
2 8 14
3 0 6
t 259 7
m0 9 7
1 9 0
2 7 14
3 1 6
t 258 7
m0 9 8
1 8 0
2 8 14
3 0 6
t 257 7
m0 9 7
1 9 0
2 7 14
3 1 6
t 256 7
m0 9 8
1 8 0
2 8 14
3 0 6
t 255 7
m0 9 7
1 9 0
2 7 14
3 1 6
t 254 7
m0 9 8
1 8 0
2 8 14
3 0 6
t 253 7
m0 9 7
1 9 0
2 7 14
3 1 6
t 252 7
m0 9 8
1 8 0
2 8 14
3 0 6
t 251 7
m0 9 7
1 9 0
2 7 14
3 1 6
t 250 7
m0 9 8
1 8 0
2 8 14
3 0 6
t 249 7
m0 9 7
1 9 0
2 7 14
3 1 6
t 248 7
m0 9 8
1 8 0
2 8 14
3 0 6
t 247 7
m0 9 7
1 9 0
2 7 14
3 1 6
t 246 7
m0 9 8
1 8 0
2 8 14
3 0 6
t 245 7
m0 9 7
1 9 0
2 7 14
3 1 6
t 244 7
m0 9 8
1 8 0
2 8 14
3 0 6
t 243 7
m0 9 7
1 9 0
2 7 14
3 1 6
t 242 7
m0 9 8
1 8 0
2 8 14
3 0 6
t 241 7
m0 9 7
1 9 0
2 7 14
3 1 6
t 240 7
m0 9 8
1 8 0
2 8 14
3 0 6
t 239 7
m0 9 7
1 9 0
2 7 14
3 1 6
t 238 7
m0 9 8
1 8 0
2 8 14
3 0 6
t 237 7
m0 9 7
1 9 0
2 7 14
3 1 6
t 236 7
m0 9 8
1 8 0
2 8 14
3 0 6
t 235 7
m0 9 7
1 9 0
2 7 14
3 1 6
t 234 7
m0 9 8
1 8 0
2 8 14
3 0 6
t 233 7
m0 9 7
1 9 0
2 7 14
3 1 6
t 232 7
m0 9 8
1 8 0
2 8 14
3 0 6
t 231 7
m0 9 7
1 9 0
2 7 14
3 1 6
t 230 7
m0 9 8
1 8 0
2 8 14
3 0 6
t 229 7
m0 9 7
1 9 0
2 7 14
3 1 6
t 228 7
m0 9 8
1 8 0
2 8 14
3 0 6
t 227 7
m0 9 7
1 9 0
2 7 14
3 1 6
t 226 7
m0 9 8
1 8 0
2 8 14
3 0 6
t 225 7
m0 9 7
1 9 0
2 7 14
3 1 6
t 224 7
m0 9 8
1 8 0
2 8 14
3 0 6
t 223 7
m0 9 7
1 9 0
2 7 14
3 1 6
t 222 7
m0 9 8
1 8 0
2 8 14
3 0 6
t 221 7
m0 9 7
1 9 0
2 7 14
3 1 6
t 220 7
m0 9 8
1 8 0
2 8 14
3 0 6
t 219 7
m0 9 7
1 9 0
2 7 14
3 1 6
t 218 7
m0 9 8
1 8 0
2 8 14
3 0 6
t 217 7
m0 9 7
1 9 0
2 7 14
3 1 6
t 216 7
m0 9 8
1 8 0
2 8 14
3 0 6
t 215 7
m0 9 7
1 9 0
2 7 14
3 1 6
t 214 7
m0 9 8
1 8 0
2 8 14
3 0 6
t 213 7
m0 9 7
1 9 0
2 7 14
3 1 6
t 212 7
m0 9 8
1 8 0
2 8 14
3 0 6
t 211 7
m0 9 7
1 9 0
2 7 14
3 1 6
t 210 7
m0 9 8
1 8 0
2 8 14
3 0 6
t 209 7
m0 9 7
1 9 0
2 7 14
3 1 6
t 208 7
m0 9 8
1 8 0
2 8 14
3 0 6
t 207 7
m0 9 7
1 9 0
2 7 14
3 1 6
t 206 7
m0 9 8
1 8 0
2 8 14
3 0 6
t 205 7
m0 9 7
1 9 0
2 7 14
3 1 6
t 204 7
m0 9 8
1 8 0
2 8 14
3 0 6
t 203 7
m0 9 7
1 9 0
2 7 14
3 1 6
t 202 7
m0 9 8
1 8 0
2 8 14
3 0 6
t 201 7
m0 9 7
1 9 0
2 7 14
3 1 6
t 200 7
m0 9 8
1 8 0
2 8 14
3 0 6
t 199 7
m0 9 7
1 9 0
2 7 14
3 1 6
t 198 7
m0 9 8
1 8 0
2 8 14
3 0 6
t 197 7
m0 9 7
1 9 0
2 7 14
3 1 6
t 196 7
m0 9 8
1 8 0
2 8 14
3 0 6
t 195 7
m0 9 7
1 9 0
2 7 14
3 1 6
t 194 7
m0 9 8
1 8 0
2 8 14
3 0 6
t 193 7
m0 9 7
1 9 0
2 7 14
3 1 6
t 192 7
m0 9 8
1 8 0
2 8 14
3 0 6
t 191 7
m0 9 7
1 9 0
2 7 14
3 1 6
t 190 7
m0 9 8
1 8 0
2 8 14
3 0 6
t 189 7
m0 9 7
1 9 0
2 7 14
3 1 6
t 188 7
m0 9 8
1 8 0
2 8 14
3 0 6
t 187 7
m0 9 7
1 9 0
2 7 14
3 1 6
t 186 7
m0 9 8
1 8 0
2 8 14
3 0 6
t 185 7
m0 9 7
1 9 0
2 7 14
3 1 6
t 184 7
m0 9 8
1 8 0
2 8 14
3 0 6
t 183 7
m0 9 7
1 9 0
2 7 14
3 1 6
t 182 7
m0 9 8
1 8 0
2 8 14
3 0 6
t 181 7
m0 9 7
1 9 0
2 7 14
3 1 6
t 180 7
m0 9 8
1 8 0
2 8 14
3 0 6
t 179 7
m0 9 7
1 9 0
2 7 14
3 1 6
t 178 7
m0 9 8
1 8 0
2 8 14
3 0 6
t 177 7
m0 9 7
1 9 0
2 7 14
3 1 6
t 176 7
m0 9 8
1 8 0
2 8 14
3 0 6
t 175 7
m0 9 7
1 9 0
2 7 14
3 1 6
t 174 7
m0 9 8
1 8 0
2 8 14
3 0 6
t 173 7
m0 9 7
1 9 0
2 7 14
3 1 6
t 172 7
m0 9 8
1 8 0
2 8 14
3 0 6
t 171 7
m0 9 7
1 9 0
2 7 14
3 1 6
t 170 7
m0 9 8
1 8 0
2 8 14
3 0 6
t 169 7
m0 9 7
1 9 0
2 7 14
3 1 6
t 168 7
m0 9 8
1 8 0
2 8 14
3 0 6
t 167 7
m0 9 7
1 9 0
2 7 14
3 1 6
t 166 7
m0 9 8
1 8 0
2 8 14
3 0 6
t 165 7
m0 9 7
1 9 0
2 7 14
3 1 6
t 164 7
m0 9 8
1 8 0
2 8 14
3 0 6
t 163 7
m0 9 7
1 9 0
2 7 14
3 1 6
t 162 7
m0 9 8
1 8 0
2 8 14
3 0 6
t 161 7
m0 9 7
1 9 0
2 7 14
3 1 6
t 160 7
m0 9 8
1 8 0
2 8 14
3 0 6
t 159 7
m0 9 7
1 9 0
2 7 14
3 1 6
t 158 7
m0 9 8
1 8 0
2 8 14
3 0 6
t 157 7
m0 9 7
1 9 0
2 7 14
3 1 6
t 156 7
m0 9 8
1 8 0
2 8 14
3 0 6
t 155 7
m0 9 7
1 9 0
2 7 14
3 1 6
t 154 7
m0 9 8
1 8 0
2 8 14
3 0 6
t 153 7
m0 9 7
1 9 0
2 7 14
3 1 6
t 152 7
m0 9 8
1 8 0
2 8 14
3 0 6
t 151 7
m0 9 7
1 9 0
2 7 14
3 1 6
t 150 7
m0 9 8
1 8 0
2 8 14
3 0 6
t 149 7
m0 9 7
1 9 0
2 7 14
3 1 6
t 148 7
m0 9 8
1 8 0
2 8 14
3 0 6
t 147 7
m0 9 7
1 9 0
2 7 14
3 1 6
t 146 7
m0 9 8
1 8 0
2 8 14
3 0 6
t 145 7
m0 9 7
1 9 0
2 7 14
3 1 6
t 144 7
m0 9 8
1 8 0
2 8 14
3 0 6
t 143 7
m0 9 7
1 9 0
2 7 14
3 1 6
t 142 7
m0 9 8
1 8 0
2 8 14
3 0 6
t 141 7
m0 9 7
1 9 0
2 7 14
3 1 6
t 140 7
m0 9 8
1 8 0
2 8 14
3 0 6
t 139 7
m0 9 7
1 9 0
2 7 14
3 1 6
t 138 7
m0 9 8
1 8 0
2 8 14
3 0 6
t 137 7
m0 9 7
1 9 0
2 7 14
3 1 6
t 136 7
m0 9 8
1 8 0
2 8 14
3 0 6
t 135 7
m0 9 7
1 9 0
2 7 14
3 1 6
t 134 7
m0 9 8
1 8 0
2 8 14
3 0 6
t 133 7
m0 9 7
1 9 0
2 7 14
3 1 6
t 132 7
m0 9 8
1 8 0
2 8 14
3 0 6
t 131 7
m0 9 7
1 9 0
2 7 14
3 1 6
t 130 7
m0 9 8
1 8 0
2 8 14
3 0 6
t 129 7
m0 9 7
1 9 0
2 7 14
3 1 6
t 128 7
m0 9 8
1 8 0
2 8 14
3 0 6
t 127 7
m0 9 7
1 9 0
2 7 14
3 1 6
t 126 7
m0 9 8
1 8 0
2 8 14
3 0 6
t 125 7
m0 9 7
1 9 0
2 7 14
3 1 6
t 124 7
m0 9 8
1 8 0
2 8 14
3 0 6
t 123 7
m0 9 7
1 9 0
2 7 14
3 1 6
t 122 7
m0 9 8
1 8 0
2 8 14
3 0 6
t 121 7
m0 9 7
1 9 0
2 7 14
3 1 6
t 120 7
m0 9 8
1 8 0
2 8 14
3 0 6
t 119 7
m0 9 7
1 9 0
2 7 14
3 1 6
t 118 7
m0 9 8
1 8 0
2 8 14
3 0 6
t 117 7
m0 9 7
1 9 0
2 7 14
3 1 6
t 116 7
m0 9 8
1 8 0
2 8 14
3 0 6
t 115 7
m0 9 7
1 9 0
2 7 14
3 1 6
t 114 7
m0 9 8
1 8 0
2 8 14
3 0 6
t 113 7
m0 9 7
1 9 0
2 7 14
3 1 6
t 112 7
m0 9 8
1 8 0
2 8 14
3 0 6
t 111 7
m0 9 7
1 9 0
2 7 14
3 1 6
t 110 7
m0 9 8
1 8 0
2 8 14
3 0 6
t 109 7
m0 9 7
1 9 0
2 7 14
3 1 6
t 108 7
m0 9 8
1 8 0
2 8 14
3 0 6
t 107 7
m0 9 7
1 9 0
2 7 14
3 1 6
t 106 7
m0 9 8
1 8 0
2 8 14
3 0 6
t 105 7
m0 9 7
1 9 0
2 7 14
3 1 6
t 104 7
m0 9 8
1 8 0
2 8 14
3 0 6
t 103 7
m0 9 7
1 9 0
2 7 14
3 1 6
t 102 7
m0 9 8
1 8 0
2 8 14
3 0 6
t 101 7
m0 9 7
1 9 0
2 7 14
3 1 6
t 100 7
m0 9 8
1 8 0
2 8 14
3 0 6
t 99 7
m0 9 7
1 9 0
2 7 14
3 1 6
t 98 7
m0 9 8
1 8 0
2 8 14
3 0 6
t 97 7
m0 9 7
1 9 0
2 7 14
3 1 6
t 96 7
m0 9 8
1 8 0
2 8 14
3 0 6
t 95 7
m0 9 7
1 9 0
2 7 14
3 1 6
t 94 7
m0 9 8
1 8 0
2 8 14
3 0 6
t 93 7
m0 9 7
1 9 0
2 7 14
3 1 6
t 92 7
m0 9 8
1 8 0
2 8 14
3 0 6
t 91 7
m0 9 7
1 9 0
2 7 14
3 1 6
t 90 7
m0 9 8
1 8 0
2 8 14
3 0 6
t 89 7
m0 9 7
1 9 0
2 7 14
3 1 6
t 88 7
m0 9 8
1 8 0
2 8 14
3 0 6
t 87 7
m0 9 7
1 9 0
2 7 14
3 1 6
t 86 7
m0 9 8
1 8 0
2 8 14
3 0 6
t 85 7
m0 9 7
1 9 0
2 7 14
3 1 6
t 84 7
m0 9 8
1 8 0
2 8 14
3 0 6
t 83 7
m0 9 7
1 9 0
2 7 14
3 1 6
t 82 7
m0 9 8
1 8 0
2 8 14
3 0 6
t 81 7
m0 9 7
1 9 0
2 7 14
3 1 6
t 80 7
m0 9 8
1 8 0
2 8 14
3 0 6
t 79 7
m0 9 7
1 9 0
2 7 14
3 1 6
t 78 7
m0 9 8
1 8 0
2 8 14
3 0 6
t 77 7
m0 9 7
1 9 0
2 7 14
3 1 6
t 76 7
m0 9 8
1 8 0
2 8 14
3 0 6
t 75 7
m0 9 7
1 9 0
2 7 14
3 1 6
t 74 7
m0 9 8
1 8 0
2 8 14
3 0 6
t 73 7
m0 9 7
1 9 0
2 7 14
3 1 6
t 72 7
m0 9 8
1 8 0
2 8 14
3 0 6
t 71 7
m0 9 7
1 9 0
2 7 14
3 1 6
t 70 7
m0 9 8
1 8 0
2 8 14
3 0 6
t 69 7
m0 9 7
1 9 0
2 7 14
3 1 6
t 68 7
m0 9 8
1 8 0
2 8 14
3 0 6
t 67 7
m0 9 7
1 9 0
2 7 14
3 1 6
t 66 7
m0 9 8
1 8 0
2 8 14
3 0 6
t 65 7
m0 9 7
1 9 0
2 7 14
3 1 6
t 64 7
m0 9 8
1 8 0
2 8 14
3 0 6
t 63 7
m0 9 7
1 9 0
2 7 14
3 1 6
t 62 7
m0 9 8
1 8 0
2 8 14
3 0 6
t 61 7
m0 9 7
1 9 0
2 7 14
3 1 6
t 60 7
m0 9 8
1 8 0
2 8 14
3 0 6
t 59 7
m0 9 7
1 9 0
2 7 14
3 1 6
t 58 7
m0 9 8
1 8 0
2 8 14
3 0 6
t 57 7
m0 9 7
1 9 0
2 7 14
3 1 6
t 56 7
m0 9 8
1 8 0
2 8 14
3 0 6
t 55 7
m0 9 7
1 9 0
2 7 14
3 1 6
t 54 7
m0 9 8
1 8 0
2 8 14
3 0 6
t 53 7
m0 9 7
1 9 0
2 7 14
3 1 6
t 52 7
m0 9 8
1 8 0
2 8 14
3 0 6
t 51 7
m0 9 7
1 9 0
2 7 14
3 1 6
t 50 7
m0 9 8
1 8 0
2 8 14
3 0 6
t 49 7
m0 9 7
1 9 0
2 7 14
3 1 6
t 48 7
m0 9 8
1 8 0
2 8 14
3 0 6
t 47 7
m0 9 7
1 9 0
2 7 14
3 1 6
t 46 7
m0 9 8
1 8 0
2 8 14
3 0 6
t 45 7
m0 9 7
1 9 0
2 7 14
3 1 6
t 44 7
m0 9 8
1 8 0
2 8 14
3 0 6
t 43 7
m0 9 7
1 9 0
2 7 14
3 1 6
t 42 7
m0 9 8
1 8 0
2 8 14
3 0 6
t 41 7
m0 9 7
1 9 0
2 7 14
3 1 6
t 40 7
m0 9 8
1 8 0
2 8 14
3 0 6
t 39 7
m0 9 7
1 9 0
2 7 14
3 1 6
t 38 7
m0 9 8
1 8 0
2 8 14
3 0 6
t 37 7
m0 9 7
1 9 0
2 7 14
3 1 6
t 36 7
m0 9 8
1 8 0
2 8 14
3 0 6
t 35 7
m0 9 7
1 9 0
2 7 14
3 1 6
t 34 7
m0 9 8
1 8 0
2 8 14
3 0 6
t 33 7
m0 9 7
1 9 0
2 7 14
3 1 6
t 32 7
m0 9 8
1 8 0
2 8 14
3 0 6
t 31 7
m0 9 7
1 9 0
2 7 14
3 1 6
t 30 7
m0 9 8
1 8 0
2 8 14
3 0 6
t 29 7
m0 9 7
1 9 0
2 7 14
3 1 6
t 28 7
m0 9 8
1 8 0
2 8 14
3 0 6
t 27 7
m0 9 7
1 9 0
2 7 14
3 1 6
t 26 7
m0 9 8
1 8 0
2 8 14
3 0 6
t 25 7
m0 9 7
1 9 0
2 7 14
3 1 6
t 24 7
m0 9 8
1 8 0
2 8 14
3 0 6
t 23 7
m0 9 7
1 9 0
2 7 14
3 1 6
t 22 7
m0 9 8
1 8 0
2 8 14
3 0 6
t 21 7
m0 9 7
1 9 0
2 7 14
3 1 6
t 20 7
m0 9 8
1 8 0
2 8 14
3 0 6
t 19 7
m0 9 7
1 9 0
2 7 14
3 1 6
t 18 7
m0 9 8
1 8 0
2 8 14
3 0 6
t 17 7
m0 9 7
1 9 0
2 7 14
3 1 6
t 16 7
m0 9 8
1 8 0
2 8 14
3 0 6
t 15 7
m0 9 7
1 9 0
2 7 14
3 1 6
t 14 7
m0 9 8
1 8 0
2 8 14
3 0 6
t 13 7
m0 9 7
1 9 0
2 7 14
3 1 6
t 12 7
m0 9 8
1 8 0
2 8 14
3 0 6
t 11 7
m0 9 7
1 9 0
2 7 14
3 1 6
t 10 7
m0 9 8
1 8 0
2 8 14
3 0 6
t 9 7
m0 9 7
1 9 0
2 7 14
3 1 6
t 8 7
m0 9 8
1 8 0
2 8 14
3 0 6
t 7 7
m0 9 7
1 9 0
2 7 14
3 1 6
t 6 7
m0 9 8
1 8 0
2 8 14
3 0 6
t 5 7
m0 9 7
1 9 0
2 7 14
3 1 6
t 4 7
m0 9 8
1 8 0
2 8 14
3 0 6
t 3 7
m0 9 7
1 9 0
2 7 14
3 1 6
t 2 7
m0 9 8
1 8 0
2 8 14
3 0 6
t 1 7
m0 9 7
1 8 0
2 8 14
3 0 6
t 0 7
