10
15
w 7 3
w 4 8
w 5 6
w 7 12
w 7 7
w 0 7
w 5 13
w 0 10
w 3 3
w 3 10
w 4 4
w 6 3
w 4 13
w 9 11
w 7 10
w 3 6
w 0 0
w 3 13
w 7 1
w 6 11
w 9 3
w 6 0
w 2 10
w 4 2
w 9 6
w 6 5
w 3 12
w 5 10
w 3 1
w 5 7
w 7 13
w 0 13
w 0 6
w 1 8
w 8 8
w 9 5
w 0 2
p 5 9
p 1 3
p 8 13
p 2 8
p 8 0
p 8 9
p 6 2
p 7 11
p 2 5
p 1 11
p 0 3
p 3 14
p 4 0
p 9 0
p 4 9
p 2 9
p 8 1
p 5 12
p 7 6
p 1 14
p 8 10
p 6 10
p 2 13
p 0 11
p 5 0
p 4 1
p 9 7
p 7 14
p 5 4
p 2 6
p 8 2
p 3 2
p 5 11
p 4 5
p 4 14
p 1 4
p 9 10
p 7 5
p 2 3
p 1 9
p 1 0
p 0 8
p 7 9
p 7 0
p 1 12
p 6 1
p 9 9
p 3 8
p 2 0
p 6 13
p 1 7
p 0 9
p 4 3
p 5 2
p 2 4
p 9 12
m0 0 14
1 9 0
2 9 0
3 9 0
t 300 0
m0 1 14
1 8 0
2 9 1
3 8 0
t 299 1
m0 0 14
1 9 0
2 9 2
3 7 0
t 298 1
m0 0 14
1 9 1
2 8 2
3 8 0
t 297 1
m0 0 14
1 8 1
2 8 3
3 7 0
t 296 1
m0 1 14
1 9 1
2 8 2
3 8 0
t 295 1
m0 2 14
1 9 2
2 7 2
3 9 0
t 294 1
m0 1 14
1 8 2
2 6 2
3 9 1
t 293 1
m0 1 14
1 8 1
2 5 2
3 9 2
t 292 1
m0 2 14
1 8 2
2 5 3
3 9 1
t 291 1
m0 2 13
1 8 1
2 5 4
3 9 2
t 290 2
m0 1 13
1 8 2
2 5 3
3 9 1
t 289 2
m0 1 12
1 9 2
2 4 3
3 8 1
t 288 3
m0 2 12
1 9 1
2 5 3
3 8 2
t 287 3
m0 2 11
1 9 0
2 5 4
3 8 1
t 286 3
m0 3 11
1 8 0
2 5 5
3 8 2
t 285 3
m0 2 11
1 9 0
2 4 5
3 8 3
t 284 3
m0 2 11
1 8 0
2 3 5
3 8 4
t 283 3
m0 2 11
1 9 0
2 3 4
3 8 5
f 5 14
t 282 3
m0 1 11
1 9 1
2 2 4
3 7 5
t 281 4
m0 1 10
1 8 1
2 2 3
3 8 5
t 280 4
m0 1 10
1 8 2
2 2 2
3 7 5
t 279 4
m0 1 9
1 8 1
2 3 2
3 7 6
t 278 5
m0 2 9
1 8 0
2 2 2
3 8 6
t 277 6
m0 1 9
1 8 1
2 3 2
3 8 5
t 276 6
m0 1 9
1 8 0
2 2 2
3 7 5
t 275 6
m0 1 10
1 9 0
2 2 1
3 8 5
t 274 6
m0 1 11
1 9 1
2 2 0
3 7 5
t 273 6
m0 1 11
1 9 0
2 2 1
3 7 4
t 272 6
m0 1 10
1 9 1
2 1 1
3 6 4
t 271 6
m0 1 9
1 9 0
2 0 1
3 7 4
t 270 6
m0 0 9
1 8 0
2 1 1
3 7 5
t 269 7
m0 1 9
1 9 0
2 0 1
3 7 4
t 268 7
m0 2 9
1 8 0
2 1 1
3 6 4
t 267 7
m0 1 9
1 7 0
2 0 1
3 5 4
t 266 7
m0 0 9
1 8 0
2 1 1
3 5 5
t 265 7
m0 1 9
1 9 0
2 0 1
3 5 4
t 264 7
m0 2 9
1 8 0
2 1 1
3 6 4
t 263 7
m0 2 9
1 9 0
2 0 1
3 5 4
t 262 7
m0 2 9
1 8 0
2 1 1
3 6 4
t 261 7
m0 3 9
1 9 0
2 1 0
3 7 4
t 260 7
m0 3 8
1 8 0
2 1 1
3 6 4
t 259 8
m0 3 7
1 9 0
2 0 1
3 5 4
t 258 8
m0 2 7
1 8 0
2 1 1
3 6 4
t 257 8
m0 2 8
1 9 0
2 0 1
3 5 4
t 256 9
m0 2 7
1 9 1
2 1 1
3 5 3
t 255 9
m0 2 7
1 9 0
2 0 1
3 5 2
t 254 9
m0 2 8
1 9 1
2 1 1
3 6 2
t 253 9
m0 2 9
1 9 0
2 0 1
3 6 1
t 252 9
m0 3 9
1 9 1
2 1 1
3 6 2
t 251 9
m0 2 9
1 9 0
2 0 1
3 5 2
t 250 9
m0 3 9
1 9 1
2 1 1
3 5 1
t 249 9
m0 4 9
1 8 1
2 1 0
3 4 1
t 248 10
m0 3 9
1 9 1
2 2 0
3 5 1
t 247 10
m0 2 9
1 9 0
2 1 0
3 4 1
t 246 10
m0 3 9
1 9 1
2 2 0
3 4 0
t 245 10
m0 3 9
1 9 0
2 2 1
3 5 0
t 244 10
m0 4 9
1 9 1
2 2 2
3 5 1
t 243 10
m0 4 9
1 9 2
2 1 2
3 5 0
t 242 10
m0 3 9
1 9 1
2 1 1
3 4 0
t 241 10
m0 4 9
1 9 2
2 2 1
3 5 0
t 240 10
m0 4 9
1 8 2
2 2 2
3 4 0
t 239 10
m0 3 9
1 8 3
2 1 2
3 5 0
t 238 10
m0 4 9
1 8 4
2 2 2
3 5 1
t 237 10
m0 5 9
1 9 4
2 1 2
3 5 0
t 236 11
m0 5 9
1 8 4
2 1 1
3 4 0
t 235 11
m0 6 9
1 8 5
2 1 2
3 3 0
t 234 11
m0 5 9
1 8 6
2 1 3
3 2 0
t 233 11
m0 4 9
1 8 5
2 0 3
3 3 0
t 232 11
m0 4 9
1 8 4
2 1 3
3 4 0
t 231 11
m0 4 9
1 8 3
2 0 3
3 5 0
t 230 11
m0 4 10
1 8 2
2 1 3
3 4 0
t 229 11
m0 4 11
1 8 3
2 1 4
3 5 0
t 228 11
m0 3 11
1 8 4
2 0 4
3 4 0
t 227 11
m0 2 11
1 8 5
2 0 3
3 5 0
t 226 11
m0 3 11
1 8 6
2 0 4
3 5 1
t 225 11
m0 4 11
1 8 7
2 0 5
3 5 0
t 224 11
m0 4 12
1 9 7
2 0 4
3 5 1
t 223 11
m0 4 11
1 8 7
2 0 5
3 5 0
t 222 11
m0 4 12
1 9 7
2 0 4
3 4 0
t 221 11
m0 4 11
1 9 8
2 0 5
3 3 0
t 220 11
m0 4 12
1 9 7
2 0 4
3 4 0
t 219 11
m0 4 11
1 8 7
2 0 3
3 5 0
t 218 11
m0 5 11
1 9 7
2 0 4
3 4 0
t 217 12
m0 5 12
1 9 8
2 0 5
3 5 0
t 216 13
m0 5 11
1 9 9
2 0 4
3 4 0
t 215 13
m0 5 11
1 9 10
2 0 3
3 5 0
t 214 13
m0 5 11
1 9 9
2 0 4
3 4 0
t 213 13
m0 5 11
1 9 8
2 0 3
3 5 0
t 212 13
m0 4 11
1 9 7
2 0 4
3 4 0
t 211 13
m0 5 11
1 9 8
2 0 5
3 5 0
t 210 13
m0 5 12
1 9 9
2 0 4
3 4 0
t 209 13
m0 4 12
1 9 8
2 0 5
3 3 0
t 208 13
m0 5 12
1 9 7
2 0 4
3 4 0
t 207 13
m0 4 12
1 9 8
2 0 5
3 5 0
t 206 13
m0 4 11
1 9 7
2 0 4
3 4 0
t 205 13
m0 5 11
1 9 8
2 0 5
3 5 0
t 204 13
m0 5 11
1 9 7
2 0 4
3 4 0
t 203 13
m0 5 12
1 8 7
2 0 5
3 5 0
t 202 13
m0 6 12
1 9 7
2 0 4
3 4 0
t 201 13
m0 6 12
1 8 7
2 0 5
3 3 0
t 200 13
m0 5 12
1 9 7
2 1 5
3 4 0
t 199 13
m0 5 12
1 8 7
2 0 5
3 4 1
t 198 13
m0 6 12
1 9 7
2 1 5
3 5 1
t 197 13
m0 5 12
1 8 7
2 0 5
3 4 1
t 196 13
m0 5 12
1 9 7
2 0 4
3 4 0
t 195 13
m0 5 11
1 9 8
2 0 5
3 3 0
t 194 13
m0 4 11
1 9 7
2 1 5
3 4 0
t 193 13
m0 5 11
1 8 7
2 0 5
3 5 0
t 192 13
m0 5 11
1 9 7
2 0 4
3 4 0
t 191 13
m0 5 12
1 8 7
2 0 5
3 3 0
t 190 13
m0 6 12
1 9 7
2 0 4
3 4 0
t 189 13
m0 6 12
1 8 7
2 0 3
3 5 0
t 188 13
m0 6 12
1 9 7
2 0 4
3 5 1
t 187 13
m0 6 12
1 8 7
2 0 3
3 4 1
t 186 13
m0 6 13
1 9 7
2 0 4
3 4 0
t 185 14
m0 6 13
1 9 8
2 0 5
3 5 0
t 184 14
m0 6 13
1 9 7
2 1 5
3 5 1
t 183 14
m0 6 13
1 8 7
2 0 5
3 4 1
t 182 14
m0 6 14
1 9 7
2 1 5
3 5 1
t 181 14
m0 5 14
1 9 8
2 1 4
3 4 1
t 180 24
m0 4 14
1 9 7
2 1 5
3 5 1
t 179 25
m0 3 14
1 9 8
2 1 4
3 6 1
t 178 26
m0 4 14
1 9 7
2 0 4
3 6 2
t 177 26
m0 5 14
1 8 7
2 0 5
3 5 2
t 176 26
m0 5 14
1 9 7
2 1 5
3 5 1
t 175 26
m0 5 14
1 9 8
2 1 6
3 5 0
t 174 26
m0 6 14
1 9 7
2 1 5
3 4 0
t 173 26
m0 5 14
1 9 8
2 1 4
3 5 0
t 172 26
m0 6 14
1 9 9
2 1 3
3 5 1
t 171 26
m0 7 14
1 9 8
2 0 3
3 5 0
t 170 27
m0 6 14
1 9 9
2 0 4
3 5 1
t 169 27
m0 7 14
1 9 8
2 0 5
3 6 1
t 168 27
m0 7 14
1 9 9
2 0 4
3 6 2
t 167 27
m0 8 14
1 9 8
2 1 4
3 7 2
t 166 27
m0 9 14
1 9 7
2 2 4
3 8 2
t 165 27
m0 9 14
1 9 8
2 2 5
3 7 2
t 164 27
m0 9 14
1 9 7
2 3 5
3 8 2
t 163 27
m0 8 14
1 9 8
2 4 5
3 7 2
t 162 27
m0 7 14
1 9 9
2 3 5
3 8 2
t 161 27
m0 8 14
1 9 8
2 3 4
3 7 2
t 160 27
m0 8 14
1 9 7
2 3 5
3 6 2
t 159 27
m0 7 14
1 9 8
2 2 5
3 6 1
t 158 27
m0 8 14
1 9 7
2 2 6
3 5 1
t 157 27
m0 8 13
1 8 7
2 1 6
3 5 0
t 156 28
m0 9 13
1 9 7
2 1 5
3 5 1
t 155 28
m0 9 12
1 9 8
2 0 5
3 5 0
t 154 29
m0 9 13
1 9 9
2 1 5
3 5 1
t 153 29
m0 9 13
1 9 8
2 1 4
3 5 0
t 152 29
m0 9 13
1 9 7
2 1 3
3 4 0
t 151 29
m0 9 13
1 9 8
2 1 2
3 5 0
t 150 29
m0 9 14
1 9 7
2 1 3
3 5 1
t 149 29
m0 8 14
1 8 7
2 2 3
3 6 1
t 148 29
m0 8 14
1 9 7
2 2 4
3 6 2
t 147 29
m0 8 13
1 9 8
2 1 4
3 6 1
t 146 29
m0 8 14
1 9 9
2 1 3
3 6 2
t 145 29
m0 9 14
1 8 9
2 1 4
3 7 2
t 144 29
m0 8 14
1 9 9
2 1 3
3 8 2
t 143 29
m0 7 14
1 9 8
2 0 3
3 9 2
t 142 29
m0 7 14
1 9 7
2 0 4
3 9 1
t 141 29
m0 6 14
1 8 7
2 1 4
3 9 0
t 140 29
m0 6 13
1 9 7
2 0 4
3 9 1
t 139 29
m0 6 13
1 8 7
2 0 3
3 9 2
t 138 29
m0 6 13
1 9 7
2 0 4
3 8 2
t 137 29
m0 6 14
1 9 8
2 0 5
3 7 2
t 136 29
m0 7 14
1 9 7
2 1 5
3 6 2
t 135 29
m0 6 14
1 9 8
2 0 5
3 6 1
t 134 29
m0 6 13
1 9 9
2 1 5
3 5 1
t 133 29
m0 6 12
1 8 9
2 0 5
3 5 0
t 132 29
m0 6 12
1 7 9
2 1 5
3 5 1
t 131 29
m0 6 13
1 7 8
2 1 6
3 5 0
t 130 29
m0 6 13
1 7 9
2 1 5
3 5 1
t 129 29
m0 6 13
1 7 8
2 1 6
3 4 1
t 128 29
m0 6 14
1 7 9
2 1 5
3 5 1
t 127 29
m0 5 14
1 8 9
2 2 5
3 6 1
t 126 39
m0 6 14
1 9 9
2 2 6
3 6 2
t 125 39
m0 7 14
1 9 8
2 1 6
3 5 2
t 124 39
m0 7 14
1 9 9
2 1 5
3 5 1
t 123 39
m0 7 14
1 9 10
2 0 5
3 5 0
t 122 39
m0 6 14
1 9 9
2 0 4
3 4 0
t 121 39
m0 7 14
1 9 10
2 0 5
3 5 0
t 120 39
m0 7 14
1 9 9
2 0 4
3 4 0
t 119 39
m0 8 14
1 9 8
2 1 4
3 3 0
t 118 39
m0 7 14
1 9 7
2 0 4
3 4 0
t 117 39
m0 6 14
1 9 8
2 0 5
3 3 0
t 116 39
m0 6 13
1 9 7
2 1 5
3 2 0
t 115 39
m0 6 14
1 9 8
2 1 6
3 2 1
t 114 39
m0 6 14
1 9 7
2 1 5
3 2 0
t 113 39
m0 5 14
1 9 8
2 0 5
3 3 0
t 112 39
m0 6 14
1 9 7
2 0 4
3 4 0
f 9 14
t 111 39
m0 5 14
1 9 8
2 0 5
3 5 0
t 110 39
m0 6 14
1 9 7
2 1 5
3 4 0
t 109 39
m0 7 14
1 9 8
2 2 5
3 4 1
t 108 39
m0 8 14
1 9 7
2 3 5
3 5 1
t 107 39
m0 9 14
1 9 8
2 3 4
3 6 1
t 106 49
m0 8 14
1 9 7
2 2 4
3 5 1
t 105 49
m0 8 13
1 8 7
2 2 5
3 4 1
t 104 49
m0 9 13
1 9 7
2 2 4
3 5 1
t 103 49
m0 8 13
1 9 8
2 2 5
3 6 1
t 102 49
m0 8 13
1 9 7
2 2 4
3 5 1
t 101 49
m0 9 13
1 8 7
2 1 4
3 5 0
t 100 49
m0 9 12
1 8 6
2 1 3
3 4 0
t 99 49
m0 8 12
1 8 5
2 1 2
3 4 1
t 98 49
m0 8 13
1 8 6
2 1 3
3 5 1
t 97 49
m0 8 12
1 8 5
2 0 3
3 5 2
t 96 49
m0 8 12
1 7 5
2 0 4
3 5 1
t 95 49
m0 8 11
1 8 5
2 1 4
3 6 1
t 94 49
m0 8 12
1 8 4
2 0 4
3 6 2
t 93 49
m0 8 13
1 9 4
2 0 3
3 6 1
t 92 49
m0 8 13
1 8 4
2 1 3
3 5 1
t 91 49
m0 8 13
1 9 4
2 1 4
3 5 0
t 90 49
m0 8 12
1 8 4
2 1 5
3 4 0
t 89 49
m0 8 13
1 9 4
2 0 5
3 3 0
t 88 49
m0 8 14
1 8 4
2 1 5
3 4 0
t 87 49
m0 8 13
1 9 4
2 1 4
3 3 0
t 86 49
m0 8 12
1 8 4
2 0 4
3 4 0
t 85 49
m0 8 13
1 9 4
2 1 4
3 5 0
t 84 49
m0 8 13
1 8 4
2 1 3
3 4 0
t 83 49
m0 9 13
1 7 4
2 0 3
3 3 0
t 82 49
m0 8 13
1 6 4
2 1 3
3 4 0
t 81 49
m0 8 14
1 7 4
2 1 2
3 5 0
t 80 49
m0 8 14
1 8 4
2 1 3
3 4 0
f 5 9
t 79 49
m0 7 14
1 7 4
2 1 4
3 5 0
t 78 49
m0 8 14
1 8 4
2 0 4
3 4 0
t 77 49
m0 8 14
1 9 4
2 0 3
3 4 1
t 76 49
m0 7 14
1 8 4
2 0 4
3 5 1
t 75 49
m0 8 14
1 9 4
2 1 4
3 4 1
t 74 49
m0 8 14
1 8 4
2 0 4
3 4 0
t 73 49
m0 9 14
1 7 4
2 0 5
3 3 0
t 72 49
m0 9 13
1 8 4
2 1 5
3 4 0
t 71 49
m0 9 14
1 8 3
2 1 4
3 3 0
t 70 49
m0 9 13
1 8 4
2 2 4
3 4 0
t 69 49
m0 9 13
1 8 5
2 1 4
3 4 1
t 68 49
m0 8 13
1 7 5
2 1 3
3 4 0
t 67 49
m0 8 14
1 8 5
2 1 2
3 4 1
t 66 49
m0 8 14
1 8 4
2 1 3
3 5 1
t 65 49
m0 9 14
1 8 5
2 1 4
3 5 2
t 64 49
m0 9 14
1 8 6
2 1 5
3 5 1
t 63 49
m0 8 14
1 8 7
2 0 5
3 6 1
t 62 49
m0 8 13
1 9 7
2 1 5
3 6 2
t 61 49
m0 8 14
1 9 8
2 0 5
3 7 2
t 60 49
m0 9 14
1 9 9
2 1 5
3 6 2
t 59 49
m0 9 13
1 9 8
2 1 6
3 6 1
t 58 49
m0 9 12
1 9 7
2 1 5
3 5 1
t 57 49
m0 8 12
1 8 7
2 1 6
3 5 2
t 56 49
m0 8 11
1 9 7
2 1 7
3 5 1
t 55 49
m0 8 12
1 9 8
2 1 6
3 4 1
t 54 49
m0 8 12
1 9 7
2 1 5
3 4 0
t 53 49
m0 8 12
1 8 7
2 0 5
3 5 0
t 52 49
m0 9 12
1 8 6
2 1 5
3 4 0
t 51 49
m0 9 13
1 8 5
2 0 5
3 5 0
t 50 49
m0 9 13
1 8 4
2 0 4
3 5 1
t 49 49
m0 9 14
1 7 4
2 0 3
3 5 0
t 48 49
m0 9 13
1 8 4
2 0 4
3 4 0
t 47 49
m0 9 12
1 8 5
2 0 5
3 3 0
t 46 49
m0 9 12
1 8 4
2 1 5
3 4 0
t 45 49
m0 8 12
1 9 4
2 1 4
3 5 0
t 44 49
m0 8 12
1 8 4
2 1 3
3 4 0
t 43 49
m0 8 13
1 9 4
2 2 3
3 5 0
t 42 49
m0 8 14
1 8 4
2 2 4
3 5 1
t 41 49
m0 7 14
1 8 5
2 1 4
3 5 0
t 40 49
m0 7 14
1 8 6
2 0 4
3 4 0
t 39 49
m0 7 14
1 8 7
2 0 5
3 4 1
t 38 49
m0 7 14
1 9 7
2 0 4
3 4 0
t 37 49
m0 8 14
1 9 8
2 1 4
3 3 0
t 36 49
m0 8 13
1 9 7
2 1 3
3 2 0
t 35 49
m0 8 12
1 9 8
2 0 3
3 1 0
t 34 49
m0 8 13
1 9 7
2 0 4
3 2 0
t 33 49
m0 9 13
1 8 7
2 1 4
3 3 0
t 32 49
m0 9 13
1 9 7
2 0 4
3 2 0
t 31 49
m0 8 13
1 9 8
2 0 3
3 2 1
t 30 49
m0 8 13
1 9 9
2 0 4
3 2 0
t 29 49
m0 8 12
1 8 9
2 0 5
3 3 0
t 28 49
m0 8 12
1 9 9
2 1 5
3 4 0
t 27 49
m0 8 12
1 9 8
2 0 5
3 3 0
t 26 49
m0 8 13
1 9 7
2 1 5
3 2 0
t 25 49
m0 8 13
1 9 8
2 0 5
3 2 1
t 24 49
m0 8 12
1 9 7
2 0 4
3 2 2
t 23 49
m0 9 12
1 8 7
2 0 5
3 2 1
t 22 49
m0 8 12
1 8 6
2 1 5
3 2 2
t 21 49
m0 8 12
1 8 5
2 0 5
3 2 1
t 20 49
m0 8 11
1 8 4
2 0 4
3 2 0
t 19 49
m0 7 11
1 9 4
2 0 5
3 3 0
t 18 50
m0 7 11
1 8 4
2 0 4
3 2 0
t 17 50
m0 7 11
1 9 4
2 0 5
3 1 0
t 16 50
m0 8 11
1 8 4
2 1 5
3 2 0
t 15 50
m0 8 12
1 9 4
2 0 5
3 3 0
t 14 50
m0 8 12
1 8 4
2 1 5
3 4 0
t 13 50
m0 9 12
1 8 3
2 0 5
3 3 0
t 12 50
m0 8 12
1 8 4
2 0 4
3 4 0
t 11 50
m0 9 12
1 9 4
2 0 5
3 4 1
t 10 50
m0 8 12
1 8 4
2 0 4
3 4 0
t 9 50
m0 8 13
1 9 4
2 0 5
3 3 0
t 8 50
m0 8 12
1 8 4
2 1 5
3 4 0
t 7 50
m0 9 12
1 8 3
2 1 4
3 5 0
t 6 50
m0 9 13
1 8 2
2 1 5
3 4 0
t 5 50
m0 9 13
1 7 2
2 2 5
3 4 1
t 4 50
m0 9 12
1 8 2
2 2 6
3 4 0
t 3 50
m0 8 12
1 9 2
2 2 7
3 3 0
t 2 50
m0 9 12
1 8 2
2 1 7
3 2 0
t 1 50
m0 9 13
1 8 2
2 1 7
3 2 0
t 0 50
