10
15
w 6 9
w 4 8
w 0 2
w 5 13
w 7 7
w 8 9
w 1 6
w 0 10
w 3 7
w 0 3
w 7 2
w 1 2
w 4 9
w 2 9
w 8 1
w 8 10
w 6 3
w 5 0
w 2 2
w 9 7
w 0 0
w 3 13
w 6 11
w 1 13
w 4 5
w 6 0
w 2 10
w 4 2
w 1 0
w 0 8
w 4 11
w 5 7
w 7 4
w 2 0
w 6 13
w 3 4
w 2 4
p 4 7
p 1 3
p 8 13
p 9 1
p 6 6
p 2 8
p 9 8
p 8 0
p 3 11
p 2 1
p 4 12
p 7 11
p 5 8
p 6 7
p 3 3
p 5 5
p 5 12
p 7 6
p 6 10
p 1 14
p 4 13
p 9 11
p 0 4
p 1 10
p 8 6
p 4 1
p 1 1
p 6 4
p 7 14
p 3 2
p 9 14
p 4 10
p 4 14
p 0 12
p 9 10
p 3 9
p 2 14
p 9 6
p 6 5
p 2 7
p 8 3
p 7 0
p 6 8
p 1 12
p 8 12
p 9 2
p 4 6
p 3 1
p 0 13
p 7 13
p 5 14
p 0 6
p 8 8
p 4 3
p 0 9
p 8 4
m0 0 14
1 9 0
2 9 0
3 9 0
t 300 0
m0 1 14
1 8 0
2 9 1
3 8 0
t 299 1
m0 0 14
1 9 0
2 9 0
3 9 0
t 298 1
m0 1 14
1 8 0
2 9 1
3 8 0
t 297 1
m0 1 14
1 9 0
2 9 0
3 9 0
t 296 1
m0 0 14
1 8 0
2 9 1
3 8 0
f 8 5
t 295 1
m0 0 13
1 9 0
2 9 0
3 9 0
t 294 2
m0 0 13
1 8 0
2 9 1
3 8 0
t 293 2
m0 0 14
1 9 0
2 9 0
3 9 0
t 292 2
m0 0 14
1 8 0
2 9 1
3 8 0
t 291 2
m0 1 14
1 9 0
2 9 0
3 9 0
t 290 2
m0 1 14
1 8 0
2 9 1
3 8 0
t 289 2
m0 1 14
1 9 0
2 9 0
3 9 0
t 288 2
m0 1 14
1 8 0
2 9 1
3 8 0
t 287 2
m0 0 14
1 9 0
2 9 0
3 9 0
t 286 2
m0 1 14
1 8 0
2 9 1
3 8 0
t 285 2
m0 0 14
1 9 0
2 9 0
3 9 0
t 284 2
m0 0 13
1 8 0
2 9 1
3 8 0
t 283 2
m0 0 12
1 9 0
2 9 0
3 9 0
t 282 3
m0 0 12
1 8 0
2 9 1
3 8 0
t 281 3
m0 0 13
1 9 0
2 9 0
3 9 0
t 280 3
m0 0 13
1 8 0
2 9 1
3 8 0
t 279 3
m0 0 14
1 9 0
2 9 0
3 9 0
t 278 3
m0 0 14
1 8 0
2 9 1
3 8 0
t 277 3
m0 0 14
1 9 0
2 9 0
3 9 0
t 276 3
m0 1 14
1 8 0
2 9 1
3 8 0
t 275 3
m0 1 14
1 9 0
2 9 0
3 9 0
t 274 3
m0 2 14
1 8 0
2 9 1
3 8 0
t 273 4
m0 3 14
1 9 0
2 9 0
3 9 0
t 272 4
m0 4 14
1 8 0
2 9 1
3 8 0
t 271 5
m0 4 14
1 9 0
2 9 0
3 9 0
t 270 5
m0 4 14
1 8 0
2 9 1
3 8 0
t 269 5
m0 3 14
1 9 0
2 9 0
3 9 0
t 268 5
m0 2 14
1 8 0
2 9 1
3 8 0
t 267 5
m0 1 14
1 9 0
2 9 0
3 9 0
t 266 5
m0 2 14
1 8 0
2 9 1
3 8 0
t 265 5
m0 2 14
1 9 0
2 9 0
3 9 0
t 264 5
m0 3 14
1 8 0
2 9 1
3 8 0
t 263 5
m0 4 14
1 9 0
2 9 0
3 9 0
t 262 5
m0 4 13
1 8 0
2 9 1
3 8 0
t 261 6
m0 4 14
1 9 0
2 9 0
3 9 0
t 260 6
m0 5 14
1 8 0
2 9 1
3 8 0
t 259 7
m0 5 14
1 9 0
2 9 0
3 9 0
t 258 7
m0 4 14
1 8 0
2 9 1
3 8 0
t 257 7
m0 3 14
1 9 0
2 9 0
3 9 0
t 256 7
m0 3 14
1 8 0
2 9 1
3 8 0
t 255 7
m0 3 14
1 9 0
2 9 0
3 9 0
t 254 7
m0 3 14
1 8 0
2 9 1
3 8 0
t 253 7
m0 2 14
1 9 0
2 9 0
3 9 0
t 252 7
m0 3 14
1 8 0
2 9 1
3 8 0
t 251 7
m0 3 14
1 9 0
2 9 0
3 9 0
t 250 7
m0 4 14
1 8 0
2 9 1
3 8 0
t 249 7
m0 4 14
1 9 0
2 9 0
3 9 0
t 248 7
m0 5 14
1 8 0
2 9 1
3 8 0
t 247 7
m0 5 14
1 9 0
2 9 0
3 9 0
t 246 7
m0 4 14
1 8 0
2 9 1
3 8 0
t 245 7
m0 4 13
1 9 0
2 9 0
3 9 0
t 244 7
m0 4 12
1 8 0
2 9 1
3 8 0
t 243 8
m0 4 12
1 9 0
2 9 0
3 9 0
t 242 8
m0 5 12
1 8 0
2 9 1
3 8 0
t 241 9
m0 5 11
1 9 0
2 9 0
3 9 0
t 240 9
m0 5 12
1 8 0
2 9 1
3 8 0
t 239 9
m0 5 12
1 9 0
2 9 0
3 9 0
t 238 9
m0 5 11
1 8 0
2 9 1
3 8 0
t 237 9
m0 5 11
1 9 0
2 9 0
3 9 0
t 236 9
m0 5 12
1 8 0
2 9 1
3 8 0
t 235 9
m0 5 12
1 9 0
2 9 0
3 9 0
t 234 9
m0 4 12
1 8 0
2 9 1
3 8 0
t 233 9
m0 5 12
1 9 0
2 9 0
3 9 0
t 232 9
m0 5 12
1 8 0
2 9 1
3 8 0
t 231 9
m0 6 12
1 9 0
2 9 0
3 9 0
t 230 9
m0 5 12
1 8 0
2 9 1
3 8 0
t 229 9
m0 4 12
1 9 0
2 9 0
3 9 0
t 228 9
m0 5 12
1 8 0
2 9 1
3 8 0
t 227 9
m0 5 12
1 9 0
2 9 0
3 9 0
t 226 9
m0 5 12
1 8 0
2 9 1
3 8 0
t 225 9
m0 4 12
1 9 0
2 9 0
3 9 0
t 224 9
m0 4 12
1 8 0
2 9 1
3 8 0
t 223 9
m0 4 12
1 9 0
2 9 0
3 9 0
t 222 9
m0 5 12
1 8 0
2 9 1
3 8 0
t 221 9
m0 4 12
1 9 0
2 9 0
3 9 0
t 220 9
m0 4 12
1 8 0
2 9 1
3 8 0
t 219 9
m0 4 13
1 9 0
2 9 0
3 9 0
t 218 9
m0 4 13
1 8 0
2 9 1
3 8 0
t 217 9
m0 4 12
1 9 0
2 9 0
3 9 0
t 216 9
m0 4 12
1 8 0
2 9 1
3 8 0
t 215 9
m0 4 13
1 9 0
2 9 0
3 9 0
t 214 9
m0 4 13
1 8 0
2 9 1
3 8 0
t 213 9
m0 4 14
1 9 0
2 9 0
3 9 0
t 212 9
m0 5 14
1 8 0
2 9 1
3 8 0
t 211 9
m0 6 14
1 9 0
2 9 0
3 9 0
t 210 9
m0 7 14
1 8 0
2 9 1
3 8 0
t 209 10
m0 6 14
1 9 0
2 9 0
3 9 0
t 208 10
m0 5 14
1 8 0
2 9 1
3 8 0
t 207 10
m0 4 14
1 9 0
2 9 0
3 9 0
t 206 10
m0 4 14
1 8 0
2 9 1
3 8 0
t 205 10
m0 5 14
1 9 0
2 9 0
3 9 0
t 204 10
m0 5 14
1 8 0
2 9 1
3 8 0
t 203 10
m0 6 14
1 9 0
2 9 0
3 9 0
t 202 10
m0 5 14
1 8 0
2 9 1
3 8 0
t 201 10
m0 6 14
1 9 0
2 9 0
3 9 0
t 200 10
m0 7 14
1 8 0
2 9 1
3 8 0
t 199 10
m0 8 14
1 9 0
2 9 0
3 7 0
t 198 10
m0 7 14
1 8 0
2 9 1
3 8 0
t 197 10
m0 7 13
1 9 0
2 9 0
3 9 0
t 196 11
m0 7 13
1 8 0
2 9 1
3 8 0
t 195 11
m0 7 12
1 9 0
2 9 0
3 9 0
t 194 11
m0 7 12
1 8 0
2 9 1
3 8 0
t 193 11
m0 8 12
1 9 0
2 9 0
3 7 0
t 192 12
m0 8 13
1 8 0
2 9 1
3 7 1
t 191 13
m0 8 14
1 9 0
2 9 0
3 6 1
t 190 13
m0 9 14
1 8 0
2 8 0
3 5 1
t 189 14
m0 8 14
1 9 0
2 7 0
3 4 1
t 188 14
m0 8 14
1 9 1
2 8 0
3 3 1
t 187 14
m0 9 14
1 9 0
2 7 0
3 2 1
t 186 14
m0 9 14
1 8 0
2 7 1
3 1 1
t 185 14
m0 8 14
1 9 0
2 6 1
3 0 1
t 184 14
m0 7 14
1 8 0
2 5 1
3 1 1
t 183 14
m0 7 14
1 9 0
2 4 1
3 0 1
t 182 14
m0 7 13
1 8 0
2 4 0
3 1 1
t 181 14
m0 7 13
1 9 0
2 3 0
3 0 1
t 180 14
m0 7 13
1 9 1
2 4 0
3 1 1
t 179 14
m0 7 14
1 9 0
2 3 0
3 0 1
t 178 14
m0 8 14
1 9 1
2 4 0
3 1 1
t 177 14
m0 8 14
1 9 0
2 3 0
3 0 1
t 176 14
m0 8 14
1 9 1
2 4 0
3 1 1
t 175 14
m0 8 13
1 9 0
2 3 0
3 0 1
t 174 14
m0 7 13
1 9 1
2 4 0
3 1 1
t 173 14
m0 7 12
1 9 0
2 3 0
3 0 1
t 172 14
m0 7 12
1 9 1
2 4 0
3 1 1
t 171 14
m0 6 12
1 9 0
2 3 0
3 0 1
t 170 14
m0 5 12
1 9 1
2 4 0
3 1 1
t 169 14
m0 5 11
1 9 0
2 3 0
3 0 1
t 168 14
m0 5 12
1 9 1
2 4 0
3 1 1
t 167 14
m0 4 12
1 9 0
2 3 0
3 0 1
t 166 14
m0 3 12
1 9 1
2 4 0
3 1 1
t 165 14
m0 2 12
1 9 0
2 3 0
3 0 1
t 164 14
m0 2 11
1 9 1
2 4 0
3 1 1
t 163 14
m0 2 12
1 9 0
2 3 0
3 0 1
t 162 14
m0 3 12
1 9 1
2 4 0
3 1 1
t 161 14
m0 3 11
1 9 0
2 3 0
3 0 1
t 160 15
m0 2 11
1 9 1
2 4 0
3 1 1
t 159 15
m0 2 12
1 9 0
2 3 0
3 0 1
t 158 15
m0 2 11
1 9 1
2 4 0
3 1 1
t 157 15
m0 3 11
1 9 0
2 3 0
3 0 1
t 156 15
m0 3 10
1 9 1
2 4 0
3 1 1
t 155 15
m0 3 10
1 9 0
2 3 0
3 0 1
t 154 15
m0 4 10
1 9 1
2 4 0
3 1 1
t 153 16
m0 5 10
1 9 0
2 3 0
3 0 1
t 152 16
m0 6 10
1 9 1
2 4 0
3 1 1
t 151 17
m0 6 10
1 9 0
2 3 0
3 0 1
t 150 17
m0 6 10
1 9 1
2 4 0
3 1 1
t 149 17
m0 7 10
1 9 0
2 3 0
3 0 1
t 148 17
m0 6 10
1 9 1
2 4 0
3 1 1
t 147 17
m0 6 10
1 9 0
2 3 0
3 0 1
t 146 17
m0 6 10
1 9 1
2 4 0
3 1 1
t 145 17
m0 7 10
1 9 0
2 3 0
3 0 1
t 144 17
m0 7 11
1 9 1
2 4 0
3 1 1
t 143 18
m0 8 11
1 9 0
2 3 0
3 0 1
t 142 18
m0 8 12
1 9 1
2 4 0
3 1 1
t 141 18
m0 8 12
1 9 0
2 3 0
3 0 1
t 140 18
m0 8 11
1 9 1
2 4 0
3 1 1
t 139 18
m0 7 11
1 9 0
2 3 0
3 0 1
t 138 18
m0 7 11
1 9 1
2 4 0
3 1 1
t 137 18
m0 7 11
1 9 0
2 3 0
3 0 1
t 136 18
m0 7 10
1 9 1
2 4 0
3 1 1
t 135 18
m0 7 11
1 9 0
2 3 0
3 0 1
t 134 18
m0 7 10
1 9 1
2 4 0
3 1 1
t 133 18
m0 6 10
1 9 0
2 3 0
3 0 1
t 132 18
m0 7 10
1 9 1
2 4 0
3 1 1
t 131 18
m0 7 11
1 9 0
2 3 0
3 0 1
t 130 18
m0 7 10
1 9 1
2 4 0
3 1 1
t 129 18
m0 6 10
1 9 0
2 3 0
3 0 1
t 128 18
m0 7 10
1 9 1
2 4 0
3 1 1
t 127 18
m0 7 9
1 9 0
2 3 0
3 0 1
t 126 18
m0 7 10
1 9 1
2 4 0
3 1 1
t 125 18
m0 7 9
1 9 0
2 3 0
3 0 1
t 124 18
m0 7 8
1 9 1
2 4 0
3 1 1
t 123 18
m0 7 9
1 9 0
2 3 0
3 0 1
t 122 18
m0 7 10
1 9 1
2 4 0
3 1 1
t 121 18
m0 7 9
1 9 0
2 3 0
3 0 1
t 120 18
m0 7 8
1 9 1
2 4 0
3 1 1
t 119 18
m0 6 8
1 9 0
2 3 0
3 0 1
t 118 19
m0 5 8
1 9 1
2 4 0
3 1 1
t 117 20
m0 6 8
1 9 0
2 3 0
3 0 1
t 116 20
m0 7 8
1 9 1
2 4 0
3 1 1
t 115 20
m0 7 8
1 9 0
2 3 0
3 0 1
t 114 20
m0 8 8
1 9 1
2 4 0
3 1 1
t 113 21
m0 8 7
1 9 0
2 3 0
3 0 1
t 112 21
m0 8 6
1 9 1
2 4 0
3 1 1
t 111 22
m0 8 5
1 9 0
2 3 0
3 0 1
t 110 32
m0 8 4
1 9 1
2 4 0
3 1 1
t 109 33
m0 8 4
1 9 0
2 3 0
3 0 1
t 108 33
m0 9 4
1 8 0
2 4 0
3 1 1
t 107 33
m0 9 3
1 9 0
2 3 0
3 0 1
t 106 33
m0 8 3
1 9 1
2 4 0
3 1 1
t 105 34
m0 8 4
1 9 0
2 3 0
3 0 1
t 104 34
m0 9 4
1 8 0
2 4 0
3 1 1
t 103 34
m0 9 3
1 9 0
2 3 0
3 0 1
t 102 34
m0 9 4
1 8 0
2 4 0
3 1 1
t 101 34
m0 8 4
1 9 0
2 3 0
3 0 1
t 100 34
m0 9 4
1 8 0
2 4 0
3 1 1
t 99 34
m0 9 4
1 9 0
2 3 0
3 0 1
t 98 34
m0 9 4
1 8 0
2 4 0
3 1 1
t 97 34
m0 8 4
1 9 0
2 3 0
3 0 1
t 96 34
m0 8 3
1 9 1
2 4 0
3 1 1
t 95 34
m0 8 2
1 9 0
2 3 0
3 0 1
t 94 34
m0 8 2
1 9 1
2 4 0
3 1 1
t 93 34
m0 8 3
1 9 0
2 3 0
3 0 1
t 92 34
m0 9 3
1 8 0
2 4 0
3 1 1
t 91 34
m0 8 3
1 9 0
2 3 0
3 0 1
t 90 34
m0 8 3
1 9 1
2 4 0
3 1 1
t 89 34
m0 7 3
1 9 0
2 3 0
3 0 1
t 88 34
m0 7 3
1 9 1
2 4 0
3 1 1
t 87 34
m0 7 3
1 9 0
2 3 0
3 0 1
t 86 34
m0 7 3
1 9 1
2 4 0
3 1 1
t 85 34
m0 8 3
1 9 0
2 3 0
3 0 1
t 84 34
m0 8 3
1 9 1
2 4 0
3 1 1
t 83 34
m0 9 3
1 9 0
2 3 0
3 0 1
t 82 34
m0 9 4
1 8 0
2 4 0
3 1 1
f 9 9
t 81 34
m0 9 4
1 9 0
2 3 0
3 0 1
t 80 34
m0 8 4
1 9 1
2 4 0
3 1 1
t 79 34
m0 8 4
1 9 0
2 3 0
3 0 1
t 78 34
m0 8 4
1 9 1
2 4 0
3 1 1
t 77 34
m0 8 3
1 9 0
2 3 0
3 0 1
t 76 34
m0 7 3
1 9 1
2 4 0
3 1 1
t 75 34
m0 7 3
1 9 0
2 3 0
3 0 1
t 74 34
m0 7 3
1 9 1
2 4 0
3 1 1
t 73 34
m0 8 3
1 9 0
2 3 0
3 0 1
t 72 34
m0 9 3
1 8 0
2 4 0
3 1 1
t 71 34
m0 8 3
1 9 0
2 3 0
3 0 1
t 70 34
m0 8 3
1 9 1
2 4 0
3 1 1
t 69 34
m0 7 3
1 9 0
2 3 0
3 0 1
t 68 34
m0 8 3
1 9 1
2 4 0
3 1 1
t 67 34
m0 8 3
1 9 0
2 3 0
3 0 1
t 66 34
m0 8 4
1 9 1
2 4 0
3 1 1
t 65 34
m0 8 3
1 9 0
2 3 0
3 0 1
t 64 34
m0 7 3
1 9 1
2 4 0
3 1 1
t 63 34
m0 8 3
1 9 0
2 3 0
3 0 1
t 62 34
m0 9 3
1 8 0
2 4 0
3 1 1
t 61 34
m0 9 2
1 9 0
2 3 0
3 0 1
t 60 35
m0 9 2
1 8 0
2 4 0
3 1 1
t 59 35
m0 9 2
1 9 0
2 3 0
3 0 1
t 58 35
m0 8 2
1 9 1
2 4 0
3 1 1
t 57 35
m0 8 3
1 9 0
2 3 0
3 0 1
t 56 35
m0 8 3
1 9 1
2 4 0
3 1 1
t 55 35
m0 9 3
1 9 0
2 3 0
3 0 1
t 54 35
m0 9 2
1 8 0
2 4 0
3 1 1
t 53 35
m0 9 2
1 9 0
2 3 0
3 0 1
t 52 35
m0 9 2
1 8 0
2 4 0
3 1 1
t 51 35
m0 9 3
1 9 0
2 3 0
3 0 1
t 50 35
m0 9 2
1 8 0
2 4 0
3 1 1
t 49 35
m0 9 2
1 9 0
2 3 0
3 0 1
t 48 35
m0 8 2
1 9 1
2 4 0
3 1 1
t 47 35
m0 8 3
1 9 0
2 3 0
3 0 1
t 46 35
m0 8 3
1 9 1
2 4 0
3 1 1
t 45 35
m0 8 3
1 9 0
2 3 0
3 0 1
t 44 35
m0 8 2
1 9 1
2 4 0
3 1 1
t 43 35
m0 9 2
1 9 0
2 3 0
3 0 1
t 42 35
m0 9 1
1 8 0
2 4 0
3 1 1
t 41 36
m0 -5 -5
1 9 0
2 3 0
3 0 1
t 40 36
