10
15
w 7 3
w 8 13
w 7 12
w 8 0
w 7 7
w 8 9
w 2 12
w 2 5
w 3 3
w 2 9
w 5 12
w 7 6
w 2 13
w 0 11
w 9 11
w 5 0
w 2 2
w 0 4
w 7 10
w 4 1
w 4 10
w 5 4
w 0 0
w 9 3
w 6 0
w 2 3
w 1 9
w 0 5
w 1 0
w 9 6
w 2 7
w 7 0
w 4 6
w 5 7
w 3 8
w 5 2
w 0 2
p 6 9
p 1 3
p 9 1
p 6 6
p 4 8
p 3 11
p 2 1
p 0 7
p 6 2
p 1 6
p 0 10
p 9 4
p 1 11
p 8 5
p 7 2
p 6 14
p 4 9
p 6 7
p 3 10
p 8 10
p 1 5
p 1 10
p 8 6
p 1 1
p 9 7
p 8 2
p 7 1
p 6 11
p 1 13
p 4 14
p 1 4
p 3 9
p 8 7
p 4 2
p 0 8
p 2 14
p 6 5
p 5 3
p 0 1
p 6 8
p 8 12
p 9 2
p 7 13
p 2 11
p 0 13
p 5 14
p 0 6
p 1 8
p 6 13
p 1 7
p 0 9
p 9 5
p 4 3
p 3 4
p 9 12
p 8 4
m0 0 14
1 9 0
2 9 0
3 9 0
t 300 0
m0 1 14
1 9 1
2 9 1
3 9 1
t 299 0
m0 1 14
1 9 0
2 9 0
3 9 0
t 298 0
m0 0 14
1 9 1
2 9 1
3 9 1
t 297 0
m0 0 14
1 9 0
2 9 0
3 9 0
t 296 0
m0 0 14
1 9 1
2 9 1
3 9 1
t 295 0
m0 1 14
1 9 0
2 9 0
3 9 0
t 294 0
m0 0 14
1 9 1
2 9 1
3 9 1
t 293 0
m0 1 14
1 9 0
2 9 0
3 9 0
t 292 0
m0 1 14
1 9 1
2 9 1
3 9 1
t 291 0
m0 1 14
1 9 0
2 9 0
3 9 0
t 290 0
m0 1 14
1 9 1
2 9 1
3 9 1
t 289 0
m0 1 13
1 9 0
2 9 0
3 9 0
t 288 1
m0 1 12
1 9 1
2 9 1
3 9 1
t 287 1
m0 0 12
1 9 0
2 9 0
3 9 0
t 286 1
m0 0 12
1 9 1
2 9 1
3 9 1
t 285 1
m0 1 12
1 9 0
2 9 0
3 9 0
t 284 1
m0 1 12
1 9 1
2 9 1
3 9 1
t 283 1
m0 1 12
1 9 0
2 9 0
3 9 0
t 282 1
m0 0 12
1 9 1
2 9 1
3 9 1
t 281 1
m0 0 13
1 9 0
2 9 0
3 9 0
t 280 2
m0 0 12
1 9 1
2 9 1
3 9 1
t 279 2
m0 1 12
1 9 0
2 9 0
3 9 0
t 278 2
m0 1 11
1 9 1
2 9 1
3 9 1
t 277 3
m0 1 12
1 9 0
2 9 0
3 9 0
t 276 3
m0 1 13
1 9 1
2 9 1
3 9 1
t 275 3
m0 1 14
1 9 0
2 9 0
3 9 0
t 274 3
m0 1 14
1 9 1
2 9 1
3 9 1
t 273 3
m0 0 14
1 9 0
2 9 0
3 9 0
t 272 3
m0 0 14
1 9 1
2 9 1
3 9 1
t 271 3
m0 0 13
1 9 0
2 9 0
3 9 0
f 4 7
t 270 3
m0 1 13
1 9 1
2 9 1
3 9 1
t 269 3
m0 1 13
1 9 0
2 9 0
3 9 0
t 268 3
m0 1 12
1 9 1
2 9 1
3 9 1
t 267 3
m0 1 11
1 9 0
2 9 0
3 9 0
t 266 3
m0 1 11
1 9 1
2 9 1
3 9 1
t 265 3
m0 2 11
1 9 0
2 9 0
3 9 0
t 264 4
m0 2 10
1 9 1
2 9 1
3 9 1
t 263 4
m0 2 11
1 9 0
2 9 0
3 9 0
t 262 4
m0 3 11
1 9 1
2 9 1
3 9 1
t 261 5
m0 4 11
1 9 0
2 9 0
3 9 0
t 260 5
m0 4 11
1 9 1
2 9 1
3 9 1
t 259 5
m0 4 11
1 9 0
2 9 0
3 9 0
t 258 5
m0 4 12
1 9 1
2 9 1
3 9 1
t 257 5
m0 4 12
1 9 0
2 9 0
3 9 0
t 256 5
m0 4 12
1 9 1
2 9 1
3 9 1
t 255 5
m0 4 11
1 9 0
2 9 0
3 9 0
t 254 5
m0 4 12
1 9 1
2 9 1
3 9 1
t 253 5
m0 4 11
1 9 0
2 9 0
3 9 0
t 252 5
m0 4 11
1 9 1
2 9 1
3 9 1
t 251 5
m0 3 11
1 9 0
2 9 0
3 9 0
t 250 5
m0 3 11
1 9 1
2 9 1
3 9 1
t 249 5
m0 4 11
1 9 0
2 9 0
3 9 0
t 248 5
m0 4 11
1 9 1
2 9 1
3 9 1
t 247 5
m0 4 12
1 9 0
2 9 0
3 9 0
t 246 5
m0 4 12
1 9 1
2 9 1
3 9 1
t 245 5
m0 4 11
1 9 0
2 9 0
3 9 0
t 244 5
m0 5 11
1 9 1
2 9 1
3 9 1
t 243 5
m0 5 10
1 9 0
2 9 0
3 9 0
t 242 5
m0 5 10
1 9 1
2 9 1
3 9 1
t 241 5
m0 5 9
1 9 0
2 9 0
3 9 0
t 240 5
m0 4 9
1 9 1
2 9 1
3 9 1
t 239 6
m0 4 8
1 9 0
2 9 0
3 9 0
t 238 7
m0 4 7
1 9 1
2 9 1
3 9 1
t 237 17
m0 3 7
1 9 0
2 9 0
3 9 0
t 236 17
m0 4 7
1 9 1
2 9 1
3 9 1
t 235 17
m0 3 7
1 9 0
2 9 0
3 9 0
t 234 17
m0 4 7
1 9 1
2 9 1
3 9 1
t 233 17
m0 4 8
1 9 0
2 9 0
3 9 0
t 232 17
m0 4 9
1 9 1
2 9 1
3 9 1
t 231 17
m0 4 9
1 9 0
2 9 0
3 9 0
t 230 17
m0 4 9
1 9 1
2 9 1
3 9 1
t 229 17
m0 4 8
1 9 0
2 9 0
3 9 0
t 228 17
m0 4 8
1 9 1
2 9 1
3 9 1
t 227 17
m0 4 7
1 9 0
2 9 0
3 9 0
t 226 17
m0 3 7
1 9 1
2 9 1
3 9 1
t 225 17
m0 4 7
1 9 0
2 9 0
3 9 0
t 224 17
m0 4 7
1 9 1
2 9 1
3 9 1
t 223 17
m0 4 8
1 9 0
2 9 0
3 9 0
f 6 10
t 222 17
m0 4 8
1 9 1
2 9 1
3 9 1
t 221 17
m0 4 9
1 9 0
2 9 0
3 9 0
t 220 17
m0 4 9
1 9 1
2 9 1
3 9 1
t 219 17
m0 5 9
1 9 0
2 9 0
3 9 0
t 218 17
m0 5 10
1 9 1
2 9 1
3 9 1
t 217 17
m0 6 10
1 9 0
2 9 0
3 9 0
t 216 27
m0 5 10
1 9 1
2 9 1
3 9 1
t 215 27
m0 5 9
1 9 0
2 9 0
3 9 0
t 214 27
m0 5 9
1 9 1
2 9 1
3 9 1
t 213 27
m0 5 9
1 9 0
2 9 0
3 9 0
t 212 27
m0 4 9
1 9 1
2 9 1
3 9 1
t 211 27
m0 4 8
1 9 0
2 9 0
3 9 0
t 210 27
m0 4 9
1 9 1
2 9 1
3 9 1
f 8 11
t 209 27
m0 4 9
1 9 0
2 9 0
3 9 0
t 208 27
m0 5 9
1 9 1
2 9 1
3 9 1
t 207 27
m0 6 9
1 9 0
2 9 0
3 9 0
t 206 28
m0 7 9
1 9 1
2 9 1
3 9 1
t 205 28
m0 6 9
1 9 0
2 9 0
3 9 0
t 204 28
m0 6 9
1 9 1
2 9 1
3 9 1
t 203 28
m0 7 9
1 9 0
2 9 0
3 9 0
t 202 28
m0 7 9
1 9 1
2 9 1
3 9 1
t 201 28
m0 6 9
1 9 0
2 9 0
3 9 0
t 200 28
m0 7 9
1 9 1
2 9 1
3 9 1
t 199 28
m0 7 9
1 9 0
2 9 0
3 9 0
t 198 28
m0 7 9
1 9 1
2 9 1
3 9 1
t 197 28
m0 7 9
1 9 0
2 9 0
3 9 0
t 196 28
m0 7 9
1 9 1
2 9 1
3 9 1
t 195 28
m0 7 9
1 9 0
2 9 0
3 9 0
t 194 28
m0 7 8
1 9 1
2 9 1
3 9 1
t 193 28
m0 8 8
1 9 0
2 9 0
3 9 0
t 192 28
m0 8 8
1 9 1
2 9 1
3 9 1
t 191 28
m0 7 8
1 9 0
2 9 0
3 9 0
t 190 28
m0 7 9
1 9 1
2 9 1
3 9 1
t 189 28
m0 7 9
1 9 0
2 9 0
3 9 0
t 188 28
m0 6 9
1 9 1
2 9 1
3 9 1
t 187 28
m0 6 9
1 9 0
2 9 0
3 9 0
t 186 28
m0 6 9
1 9 1
2 9 1
3 9 1
t 185 28
m0 6 9
1 9 0
2 9 0
3 9 0
t 184 28
m0 7 9
1 9 1
2 9 1
3 9 1
t 183 28
m0 7 8
1 9 0
2 9 0
3 9 0
t 182 28
m0 7 9
1 9 1
2 9 1
3 9 1
t 181 28
m0 7 9
1 9 0
2 9 0
3 9 0
t 180 28
m0 6 9
1 9 1
2 9 1
3 9 1
t 179 28
m0 6 10
1 9 0
2 9 0
3 9 0
t 178 28
m0 5 10
1 9 1
2 9 1
3 9 1
t 177 28
m0 6 10
1 9 0
2 9 0
3 9 0
t 176 28
m0 6 10
1 9 1
2 9 1
3 9 1
t 175 28
m0 6 11
1 9 0
2 9 0
3 9 0
t 174 29
m0 7 11
1 9 1
2 9 1
3 9 1
t 173 29
m0 8 11
1 9 0
2 9 0
3 9 0
t 172 39
m0 7 11
1 9 1
2 9 1
3 9 1
t 171 39
m0 6 11
1 9 0
2 9 0
3 9 0
t 170 39
m0 6 10
1 9 1
2 9 1
3 9 1
t 169 39
m0 6 9
1 9 0
2 9 0
3 9 0
t 168 39
m0 5 9
1 9 1
2 9 1
3 9 1
t 167 39
m0 5 9
1 9 0
2 9 0
3 9 0
t 166 39
m0 5 8
1 9 1
2 9 1
3 9 1
t 165 39
m0 4 8
1 9 0
2 9 0
3 9 0
t 164 39
m0 4 9
1 9 1
2 9 1
3 9 1
t 163 39
m0 3 9
1 9 0
2 9 0
3 9 0
t 162 40
m0 4 9
1 9 1
2 9 1
3 9 1
t 161 40
m0 5 9
1 9 0
2 9 0
3 9 0
t 160 40
m0 5 10
1 9 1
2 9 1
3 9 1
t 159 40
m0 5 10
1 9 0
2 9 0
3 9 0
t 158 40
m0 5 9
1 9 1
2 9 1
3 9 1
t 157 40
m0 5 8
1 9 0
2 9 0
3 9 0
t 156 40
m0 4 8
1 9 1
2 9 1
3 9 1
t 155 40
m0 4 9
1 9 0
2 9 0
3 9 0
t 154 40
m0 3 9
1 9 1
2 9 1
3 9 1
t 153 40
m0 4 9
1 9 0
2 9 0
3 9 0
t 152 40
m0 5 9
1 9 1
2 9 1
3 9 1
t 151 40
m0 5 8
1 9 0
2 9 0
3 9 0
t 150 40
m0 5 9
1 9 1
2 9 1
3 9 1
t 149 40
m0 5 9
1 9 0
2 9 0
3 9 0
t 148 40
m0 6 9
1 9 1
2 9 1
3 9 1
t 147 40
m0 7 9
1 9 0
2 9 0
3 9 0
t 146 40
m0 7 8
1 9 1
2 9 1
3 9 1
t 145 40
m0 7 9
1 9 0
2 9 0
3 9 0
t 144 40
m0 6 9
1 9 1
2 9 1
3 9 1
t 143 40
m0 7 9
1 9 0
2 9 0
3 9 0
t 142 40
m0 7 9
1 9 1
2 9 1
3 9 1
t 141 40
m0 6 9
1 9 0
2 9 0
3 9 0
t 140 40
m0 6 9
1 9 1
2 9 1
3 9 1
t 139 40
m0 6 10
1 9 0
2 9 0
3 9 0
t 138 40
m0 6 9
1 9 1
2 9 1
3 9 1
t 137 40
m0 7 9
1 9 0
2 9 0
3 9 0
t 136 40
m0 6 9
1 9 1
2 9 1
3 9 1
t 135 40
m0 6 9
1 9 0
2 9 0
3 9 0
t 134 40
m0 6 10
1 9 1
2 9 1
3 9 1
t 133 40
m0 5 10
1 9 0
2 9 0
3 9 0
t 132 40
m0 5 9
1 9 1
2 9 1
3 9 1
t 131 40
m0 5 8
1 9 0
2 9 0
3 9 0
t 130 40
m0 5 8
1 9 1
2 9 1
3 9 1
t 129 40
m0 5 8
1 9 0
2 9 0
3 9 0
t 128 40
m0 6 8
1 9 1
2 9 1
3 9 1
t 127 41
m0 7 8
1 9 0
2 9 0
3 9 0
t 126 41
m0 7 8
1 9 1
2 9 1
3 9 1
t 125 41
m0 6 8
1 9 0
2 9 0
3 9 0
t 124 41
m0 6 8
1 9 1
2 9 1
3 9 1
t 123 41
m0 6 9
1 9 0
2 9 0
3 9 0
t 122 41
m0 6 9
1 9 1
2 9 1
3 9 1
t 121 41
m0 6 9
1 9 0
2 9 0
3 9 0
t 120 41
m0 6 9
1 9 1
2 9 1
3 9 1
t 119 41
m0 6 9
1 9 0
2 9 0
3 9 0
f 6 3
t 118 41
m0 6 9
1 9 1
2 9 1
3 9 1
t 117 41
m0 6 8
1 9 0
2 9 0
3 9 0
t 116 41
m0 6 7
1 9 1
2 9 1
3 9 1
t 115 42
m0 6 7
1 9 0
2 9 0
3 9 0
t 114 42
m0 6 8
1 9 1
2 9 1
3 9 1
t 113 42
m0 6 7
1 9 0
2 9 0
3 9 0
t 112 42
m0 6 6
1 9 1
2 9 1
3 9 1
t 111 43
m0 6 5
1 9 0
2 9 0
3 9 0
t 110 44
m0 6 4
1 9 1
2 9 1
3 9 1
t 109 44
m0 6 3
1 9 0
2 9 0
3 9 0
t 108 54
m0 6 4
1 9 1
2 9 1
3 9 1
t 107 54
m0 6 3
1 9 0
2 9 0
3 9 0
t 106 54
m0 5 3
1 9 1
2 9 1
3 9 1
t 105 55
m0 4 3
1 9 0
2 9 0
3 9 0
t 104 56
m0 5 3
1 9 1
2 9 1
3 9 1
t 103 56
m0 4 3
1 9 0
2 9 0
3 9 0
t 102 56
m0 4 3
1 9 1
2 9 1
3 9 1
t 101 56
m0 4 4
1 9 0
2 9 0
3 9 0
t 100 56
m0 4 3
1 9 1
2 9 1
3 9 1
t 99 56
m0 5 3
1 9 0
2 9 0
3 9 0
t 98 56
m0 6 3
1 9 1
2 9 1
3 9 1
t 97 56
m0 6 3
1 9 0
2 9 0
3 9 0
t 96 56
m0 6 3
1 9 1
2 9 1
3 9 1
t 95 56
m0 6 3
1 9 0
2 9 0
3 9 0
t 94 56
m0 6 4
1 9 1
2 9 1
3 9 1
t 93 56
m0 6 5
1 9 0
2 9 0
3 9 0
t 92 56
m0 7 5
1 9 1
2 9 1
3 9 1
t 91 56
m0 7 4
1 9 0
2 9 0
3 9 0
t 90 56
m0 8 4
1 9 1
2 9 1
3 9 1
t 89 57
m0 8 5
1 9 0
2 9 0
3 9 0
t 88 58
m0 9 5
1 9 1
2 9 1
3 9 1
t 87 59
m0 9 5
1 9 0
2 9 0
3 9 0
t 86 59
m0 8 5
1 9 1
2 9 1
3 9 1
t 85 59
m0 8 6
1 9 0
2 9 0
3 9 0
t 84 60
m0 8 6
1 9 1
2 9 1
3 9 1
t 83 60
m0 8 6
1 9 0
2 9 0
3 9 0
t 82 60
m0 8 5
1 9 1
2 9 1
3 9 1
t 81 60
m0 8 6
1 9 0
2 9 0
3 9 0
t 80 60
m0 8 5
1 9 1
2 9 1
3 9 1
t 79 60
m0 8 6
1 9 0
2 9 0
3 9 0
t 78 60
m0 8 7
1 9 1
2 9 1
3 9 1
t 77 61
m0 8 7
1 9 0
2 9 0
3 9 0
t 76 61
m0 8 6
1 9 1
2 9 1
3 9 1
t 75 61
m0 8 6
1 9 0
2 9 0
3 9 0
t 74 61
m0 8 5
1 9 1
2 9 1
3 9 1
t 73 61
m0 9 5
1 9 0
2 9 0
3 9 0
t 72 61
m0 9 5
1 9 1
2 9 1
3 9 1
t 71 61
m0 8 5
1 9 0
2 9 0
3 9 0
t 70 61
m0 9 5
1 9 1
2 9 1
3 9 1
t 69 61
m0 9 4
1 9 0
2 9 0
3 9 0
t 68 62
m0 8 4
1 9 1
2 9 1
3 9 1
t 67 62
m0 7 4
1 9 0
2 9 0
3 9 0
t 66 62
m0 7 4
1 9 1
2 9 1
3 9 1
t 65 62
m0 6 4
1 9 0
2 9 0
3 9 0
t 64 62
m0 6 3
1 9 1
2 9 1
3 9 1
t 63 72
m0 6 2
1 9 0
2 9 0
3 9 0
t 62 73
m0 7 2
1 9 1
2 9 1
3 9 1
t 61 74
m0 7 1
1 9 0
2 9 0
3 9 0
t 60 75
m0 7 1
1 9 1
2 9 1
3 9 1
t 59 75
m0 6 1
1 9 0
2 9 0
3 9 0
t 58 75
m0 7 1
1 9 1
2 9 1
3 9 1
t 57 75
m0 7 2
1 9 0
2 9 0
3 9 0
t 56 75
m0 7 2
1 9 1
2 9 1
3 9 1
t 55 75
m0 6 2
1 9 0
2 9 0
3 9 0
t 54 75
m0 6 1
1 9 1
2 9 1
3 9 1
t 53 75
m0 5 1
1 9 0
2 9 0
3 9 0
t 52 75
m0 5 1
1 9 1
2 9 1
3 9 1
t 51 75
m0 5 1
1 9 0
2 9 0
3 9 0
t 50 75
m0 5 1
1 9 1
2 9 1
3 9 1
t 49 75
m0 5 1
1 9 0
2 9 0
3 9 0
t 48 75
m0 5 1
1 9 1
2 9 1
3 9 1
t 47 75
m0 5 1
1 9 0
2 9 0
3 9 0
t 46 75
m0 6 1
1 9 1
2 9 1
3 9 1
t 45 75
m0 6 1
1 9 0
2 9 0
3 9 0
t 44 75
m0 5 1
1 9 1
2 9 1
3 9 1
t 43 75
m0 6 1
1 9 0
2 9 0
3 9 0
t 42 75
m0 6 1
1 9 1
2 9 1
3 9 1
t 41 75
m0 7 1
1 9 0
2 9 0
3 9 0
t 40 75
m0 8 1
1 9 1
2 9 1
3 9 1
t 39 75
m0 7 1
1 9 0
2 9 0
3 9 0
t 38 75
m0 6 1
1 9 1
2 9 1
3 9 1
t 37 75
m0 7 1
1 9 0
2 9 0
3 9 0
t 36 75
m0 7 1
1 9 1
2 9 1
3 9 1
t 35 75
m0 7 2
1 9 0
2 9 0
3 9 0
t 34 75
m0 6 2
1 9 1
2 9 1
3 9 1
t 33 75
m0 7 2
1 9 0
2 9 0
3 9 0
t 32 75
m0 8 2
1 9 1
2 9 1
3 9 1
t 31 76
m0 8 2
1 9 0
2 9 0
3 9 0
t 30 76
m0 8 2
1 9 1
2 9 1
3 9 1
t 29 76
m0 9 2
1 9 0
2 9 0
3 9 0
t 28 77
m0 -5 -5
1 9 1
2 9 1
3 9 1
t 27 78
