10
15
w 8 13
w 6 6
w 3 0
w 2 8
w 5 6
w 4 8
w 8 9
w 2 12
w 9 4
w 0 3
w 1 11
w 5 8
w 4 0
w 7 2
w 6 14
w 4 9
w 8 1
w 3 10
w 8 10
w 4 13
w 2 13
w 2 2
w 3 4
w 2 6
w 9 14
w 8 11
w 0 5
w 9 6
w 7 9
w 2 7
w 0 1
w 3 1
w 0 13
w 2 0
w 1 7
w 5 2
w 2 4
p 5 9
p 4 7
p 7 3
p 7 12
p 9 8
p 8 0
p 3 11
p 2 1
p 0 7
p 6 2
p 0 10
p 3 7
p 2 5
p 8 5
p 3 14
p 8 14
p 5 5
p 2 9
p 7 6
p 4 4
p 1 14
p 6 10
p 1 5
p 9 11
p 5 0
p 0 4
p 7 10
p 9 7
p 7 14
p 5 4
p 8 2
p 7 1
p 1 4
p 2 10
p 9 10
p 0 12
p 3 9
p 2 3
p 1 0
p 4 11
p 3 5
p 9 13
p 8 3
p 5 10
p 4 6
p 3 12
p 8 12
p 6 8
p 7 0
p 6 1
p 3 8
p 7 4
p 5 14
p 6 13
p 9 5
p 7 8
m0 0 14
1 9 0
2 9 0
3 9 0
t 300 0
m0 0 14
1 8 0
2 9 1
3 8 0
t 299 0
m0 1 14
1 9 0
2 9 2
3 7 0
t 298 1
m0 0 14
1 8 0
2 9 3
3 6 0
t 297 1
m0 0 14
1 9 0
2 8 3
3 5 0
t 296 1
m0 1 14
1 8 0
2 9 3
3 5 1
t 295 1
m0 0 14
1 9 0
2 8 3
3 4 1
t 294 1
m0 0 14
1 8 0
2 9 3
3 4 2
t 293 1
m0 1 14
1 7 0
2 9 2
3 3 2
t 292 1
m0 0 14
1 6 0
2 9 3
3 3 3
t 291 1
m0 1 14
1 7 0
2 9 2
3 2 3
t 290 1
m0 2 14
1 6 0
2 9 3
3 1 3
t 289 1
m0 1 14
1 5 0
2 9 2
3 1 4
t 288 1
m0 0 14
1 6 0
2 9 3
3 0 4
t 287 1
m0 1 14
1 5 0
2 9 2
3 1 4
t 286 1
m0 1 14
1 6 0
2 9 3
3 0 4
f 4 14
t 285 1
m0 1 13
1 5 0
2 9 2
3 1 4
t 284 1
m0 1 12
1 6 0
2 9 3
3 0 4
t 283 1
m0 0 12
1 5 0
2 9 2
3 1 4
t 282 2
m0 0 12
1 6 0
2 9 3
3 1 3
t 281 2
m0 0 11
1 5 0
2 9 2
3 1 4
t 280 2
m0 0 11
1 6 0
2 9 3
3 1 3
t 279 2
m0 0 10
1 5 0
2 9 2
3 1 4
t 278 3
m0 1 10
1 6 0
2 9 3
3 0 4
t 277 3
m0 1 10
1 5 0
2 9 2
3 1 4
t 276 3
m0 2 10
1 6 0
2 9 3
3 0 4
t 275 4
m0 1 10
1 5 0
2 9 2
3 1 4
t 274 4
m0 1 9
1 6 0
2 9 3
3 0 4
t 273 4
m0 0 9
1 5 0
2 9 2
3 1 4
t 272 4
m0 1 9
1 6 0
2 9 3
3 0 4
t 271 4
m0 2 9
1 5 0
2 9 2
3 1 4
t 270 5
m0 1 9
1 6 0
2 9 3
3 0 4
t 269 5
m0 2 9
1 5 0
2 9 2
3 1 4
t 268 5
m0 3 9
1 6 0
2 9 3
3 0 4
t 267 6
m0 3 9
1 5 0
2 9 2
3 1 4
t 266 6
m0 3 8
1 6 0
2 9 3
3 0 4
t 265 7
m0 3 8
1 5 0
2 9 2
3 1 4
t 264 7
m0 3 7
1 6 0
2 9 3
3 0 4
t 263 8
m0 3 7
1 5 0
2 9 2
3 1 4
t 262 8
m0 3 8
1 6 0
2 9 3
3 0 4
t 261 8
m0 3 9
1 5 0
2 9 2
3 1 4
t 260 8
m0 2 9
1 6 0
2 9 3
3 0 4
t 259 8
m0 2 10
1 5 0
2 9 2
3 1 4
t 258 8
m0 1 10
1 6 0
2 9 3
3 0 4
t 257 8
m0 1 10
1 5 0
2 9 2
3 1 4
t 256 8
m0 1 10
1 6 0
2 9 3
3 0 4
t 255 8
m0 0 10
1 5 0
2 9 2
3 1 4
t 254 8
m0 1 10
1 6 0
2 9 3
3 0 4
t 253 8
m0 1 10
1 5 0
2 9 2
3 1 4
t 252 8
m0 1 10
1 6 0
2 9 3
3 0 4
t 251 8
m0 0 10
1 5 0
2 9 2
3 1 4
t 250 8
m0 1 10
1 6 0
2 9 3
3 0 4
t 249 8
m0 0 10
1 5 0
2 9 2
3 1 4
t 248 8
m0 0 10
1 6 0
2 9 3
3 1 3
t 247 8
m0 1 10
1 5 0
2 9 2
3 2 3
t 246 8
m0 1 9
1 6 0
2 9 3
3 3 3
t 245 8
m0 1 10
1 7 0
2 9 2
3 2 3
t 244 8
m0 2 10
1 6 0
2 9 3
3 1 3
t 243 8
m0 2 11
1 5 0
2 9 2
3 1 4
t 242 8
m0 2 11
1 6 0
2 9 3
3 0 4
t 241 8
m0 2 11
1 5 0
2 9 2
3 1 4
t 240 8
m0 2 11
1 6 0
2 9 3
3 0 4
t 239 8
m0 3 11
1 5 0
2 9 2
3 1 4
t 238 9
m0 4 11
1 6 0
2 9 3
3 0 4
t 237 10
m0 4 10
1 5 0
2 9 2
3 1 4
t 236 10
m0 4 11
1 6 0
2 9 3
3 0 4
t 235 10
m0 4 11
1 5 0
2 9 2
3 1 4
t 234 10
m0 4 12
1 6 0
2 9 3
3 0 4
t 233 10
m0 4 11
1 5 0
2 9 2
3 1 4
t 232 10
m0 5 11
1 6 0
2 9 3
3 0 4
t 231 10
m0 4 11
1 5 0
2 9 2
3 1 4
t 230 10
m0 3 11
1 6 0
2 9 3
3 0 4
t 229 10
m0 2 11
1 5 0
2 9 2
3 1 4
t 228 10
m0 3 11
1 6 0
2 9 3
3 0 4
t 227 10
m0 3 12
1 5 0
2 9 2
3 1 4
t 226 11
m0 3 12
1 6 0
2 9 3
3 0 4
t 225 11
m0 4 12
1 5 0
2 9 2
3 1 4
t 224 11
m0 5 12
1 6 0
2 9 3
3 0 4
t 223 11
m0 5 11
1 5 0
2 9 2
3 1 4
t 222 11
m0 6 11
1 6 0
2 9 3
3 0 4
t 221 11
m0 6 10
1 5 0
2 9 2
3 1 4
t 220 12
m0 6 9
1 6 0
2 9 3
3 0 4
t 219 12
m0 6 8
1 5 0
2 9 2
3 1 4
t 218 13
m0 6 9
1 6 0
2 9 3
3 0 4
t 217 13
m0 6 9
1 5 0
2 9 2
3 1 4
t 216 13
m0 6 9
1 6 0
2 9 3
3 0 4
t 215 13
m0 6 10
1 5 0
2 9 2
3 1 4
t 214 13
m0 6 9
1 6 0
2 9 3
3 0 4
t 213 13
m0 5 9
1 5 0
2 9 2
3 1 4
t 212 14
m0 5 10
1 6 0
2 9 3
3 0 4
t 211 15
m0 5 11
1 5 0
2 9 2
3 1 4
t 210 15
m0 6 11
1 6 0
2 9 3
3 0 4
t 209 15
m0 5 11
1 5 0
2 9 2
3 1 4
t 208 15
m0 6 11
1 6 0
2 9 3
3 0 4
t 207 15
m0 6 11
1 5 0
2 9 2
3 1 4
t 206 15
m0 6 11
1 6 0
2 9 3
3 0 4
t 205 15
m0 6 12
1 5 0
2 9 2
3 1 4
t 204 15
m0 7 12
1 6 0
2 9 3
3 0 4
t 203 16
m0 6 12
1 5 0
2 9 2
3 1 4
t 202 16
m0 6 13
1 6 0
2 9 3
3 0 4
t 201 17
m0 6 13
1 5 0
2 9 2
3 1 4
t 200 17
m0 5 13
1 6 0
2 9 3
3 0 4
t 199 17
m0 5 14
1 5 0
2 9 2
3 1 4
t 198 18
m0 5 13
1 6 0
2 9 3
3 0 4
t 197 18
m0 5 14
1 5 0
2 9 2
3 1 4
t 196 18
m0 4 14
1 6 0
2 9 3
3 0 4
t 195 28
m0 4 14
1 5 0
2 9 2
3 1 4
t 194 28
m0 5 14
1 6 0
2 9 3
3 0 4
t 193 28
m0 5 13
1 5 0
2 9 2
3 1 4
t 192 28
m0 5 13
1 6 0
2 9 3
3 0 4
t 191 28
m0 5 12
1 5 0
2 9 2
3 1 4
t 190 28
m0 4 12
1 6 0
2 9 3
3 0 4
t 189 28
m0 3 12
1 5 0
2 9 2
3 1 4
t 188 28
m0 4 12
1 6 0
2 9 3
3 0 4
t 187 28
m0 3 12
1 5 0
2 9 2
3 1 4
t 186 28
m0 3 11
1 6 0
2 9 3
3 0 4
t 185 28
m0 4 11
1 5 0
2 9 2
3 1 4
t 184 28
m0 3 11
1 6 0
2 9 3
3 0 4
t 183 28
m0 4 11
1 5 0
2 9 2
3 1 4
t 182 28
m0 4 10
1 6 0
2 9 3
3 0 4
t 181 28
m0 5 10
1 5 0
2 9 2
3 1 4
t 180 28
m0 4 10
1 6 0
2 9 3
3 0 4
t 179 28
m0 4 10
1 5 0
2 9 2
3 1 4
t 178 28
m0 5 10
1 6 0
2 9 3
3 0 4
t 177 28
m0 4 10
1 5 0
2 9 2
3 1 4
t 176 28
m0 4 11
1 6 0
2 9 3
3 0 4
t 175 28
m0 5 11
1 5 0
2 9 2
3 1 4
t 174 28
m0 4 11
1 6 0
2 9 3
3 0 4
f 5 14
t 173 28
m0 4 12
1 5 0
2 9 2
3 1 4
t 172 28
m0 4 11
1 6 0
2 9 3
3 0 4
t 171 28
m0 5 11
1 5 0
2 9 2
3 1 4
t 170 28
m0 5 11
1 6 0
2 9 3
3 0 4
t 169 28
m0 6 11
1 5 0
2 9 2
3 1 4
t 168 28
m0 7 11
1 6 0
2 9 3
3 0 4
t 167 28
m0 7 12
1 5 0
2 9 2
3 1 4
t 166 28
m0 7 13
1 6 0
2 9 3
3 0 4
t 165 28
m0 6 13
1 5 0
2 9 2
3 1 4
t 164 28
m0 5 13
1 6 0
2 9 3
3 0 4
t 163 28
m0 6 13
1 5 0
2 9 2
3 1 4
t 162 28
m0 7 13
1 6 0
2 9 3
3 0 4
t 161 28
m0 7 12
1 5 0
2 9 2
3 1 4
t 160 28
m0 7 12
1 6 0
2 9 3
3 0 4
t 159 28
m0 6 12
1 5 0
2 9 2
3 1 4
t 158 28
m0 5 12
1 6 0
2 9 3
3 0 4
t 157 28
m0 5 13
1 5 0
2 9 2
3 1 4
t 156 28
m0 6 13
1 6 0
2 9 3
3 0 4
t 155 28
m0 6 12
1 5 0
2 9 2
3 1 4
t 154 28
m0 6 12
1 6 0
2 9 3
3 0 4
t 153 28
m0 7 12
1 5 0
2 9 2
3 1 4
t 152 28
m0 7 12
1 6 0
2 9 3
3 0 4
t 151 28
m0 7 12
1 5 0
2 9 2
3 1 4
t 150 28
m0 8 12
1 6 0
2 9 3
3 0 4
t 149 29
m0 7 12
1 5 0
2 9 2
3 1 4
t 148 29
m0 7 11
1 6 0
2 9 3
3 0 4
t 147 29
m0 7 11
1 5 0
2 9 2
3 1 4
t 146 29
m0 7 11
1 6 0
2 9 3
3 0 4
t 145 29
m0 7 10
1 5 0
2 9 2
3 1 4
t 144 30
m0 7 11
1 6 0
2 9 3
3 0 4
t 143 30
m0 7 12
1 5 0
2 9 2
3 1 4
t 142 30
m0 7 12
1 6 0
2 9 3
3 0 4
t 141 30
m0 6 12
1 5 0
2 9 2
3 1 4
t 140 30
m0 6 13
1 6 0
2 9 3
3 0 4
t 139 30
m0 6 13
1 5 0
2 9 2
3 1 4
t 138 30
m0 6 12
1 6 0
2 9 3
3 0 4
t 137 30
m0 6 11
1 5 0
2 9 2
3 1 4
t 136 30
m0 6 11
1 6 0
2 9 3
3 0 4
t 135 30
m0 5 11
1 5 0
2 9 2
3 1 4
t 134 30
m0 5 10
1 6 0
2 9 3
3 0 4
t 133 30
m0 4 10
1 5 0
2 9 2
3 1 4
t 132 30
m0 4 10
1 6 0
2 9 3
3 0 4
t 131 30
m0 4 10
1 5 0
2 9 2
3 1 4
t 130 30
m0 4 11
1 6 0
2 9 3
3 0 4
t 129 30
m0 3 11
1 5 0
2 9 2
3 1 4
t 128 30
m0 3 12
1 6 0
2 9 3
3 0 4
t 127 30
m0 3 13
1 5 0
2 9 2
3 1 4
t 126 30
m0 3 12
1 6 0
2 9 3
3 0 4
t 125 30
m0 3 11
1 5 0
2 9 2
3 1 4
t 124 30
m0 3 12
1 6 0
2 9 3
3 0 4
t 123 30
m0 3 12
1 5 0
2 9 2
3 1 4
t 122 30
m0 3 11
1 6 0
2 9 3
3 0 4
t 121 30
m0 2 11
1 5 0
2 9 2
3 1 4
t 120 30
m0 3 11
1 6 0
2 9 3
3 0 4
t 119 30
m0 3 11
1 5 0
2 9 2
3 1 4
t 118 30
m0 3 11
1 6 0
2 9 3
3 0 4
t 117 30
m0 3 12
1 5 0
2 9 2
3 1 4
t 116 30
m0 3 13
1 6 0
2 9 3
3 0 4
t 115 30
m0 3 13
1 5 0
2 9 2
3 1 4
t 114 30
m0 3 13
1 6 0
2 9 3
3 0 4
t 113 30
m0 3 13
1 5 0
2 9 2
3 1 4
t 112 30
m0 3 12
1 6 0
2 9 3
3 0 4
t 111 30
m0 3 13
1 5 0
2 9 2
3 1 4
t 110 30
m0 3 13
1 6 0
2 9 3
3 0 4
t 109 30
m0 3 14
1 5 0
2 9 2
3 1 4
t 108 31
m0 3 14
1 6 0
2 9 3
3 0 4
t 107 31
m0 3 14
1 5 0
2 9 2
3 1 4
t 106 31
m0 4 14
1 6 0
2 9 3
3 0 4
t 105 31
m0 4 14
1 5 0
2 9 2
3 1 4
t 104 31
m0 4 14
1 6 0
2 9 3
3 0 4
t 103 31
m0 4 14
1 5 0
2 9 2
3 1 4
t 102 31
m0 5 14
1 6 0
2 9 3
3 0 4
t 101 41
m0 4 14
1 5 0
2 9 2
3 1 4
t 100 41
m0 3 14
1 6 0
2 9 3
3 0 4
t 99 41
m0 2 14
1 5 0
2 9 2
3 1 4
t 98 41
m0 2 14
1 6 0
2 9 3
3 0 4
t 97 41
m0 2 14
1 5 0
2 9 2
3 1 4
t 96 41
m0 3 14
1 6 0
2 9 3
3 0 4
t 95 41
m0 3 14
1 5 0
2 9 2
3 1 4
t 94 41
m0 4 14
1 6 0
2 9 3
3 0 4
t 93 41
m0 4 14
1 5 0
2 9 2
3 1 4
t 92 41
m0 5 14
1 6 0
2 9 3
3 0 4
t 91 41
m0 5 14
1 5 0
2 9 2
3 1 4
t 90 41
m0 5 14
1 6 0
2 9 3
3 0 4
t 89 41
m0 5 13
1 5 0
2 9 2
3 1 4
t 88 41
m0 5 13
1 6 0
2 9 3
3 0 4
t 87 41
m0 5 13
1 5 0
2 9 2
3 1 4
t 86 41
m0 5 14
1 6 0
2 9 3
3 0 4
t 85 41
m0 5 14
1 5 0
2 9 2
3 1 4
t 84 41
m0 4 14
1 6 0
2 9 3
3 0 4
t 83 41
m0 4 14
1 5 0
2 9 2
3 1 4
t 82 41
m0 4 14
1 6 0
2 9 3
3 0 4
t 81 41
m0 5 14
1 5 0
2 9 2
3 1 4
t 80 41
m0 4 14
1 6 0
2 9 3
3 0 4
t 79 41
m0 4 14
1 5 0
2 9 2
3 1 4
t 78 41
m0 3 14
1 6 0
2 9 3
3 0 4
t 77 41
m0 4 14
1 5 0
2 9 2
3 1 4
t 76 41
m0 3 14
1 6 0
2 9 3
3 0 4
t 75 41
m0 4 14
1 5 0
2 9 2
3 1 4
t 74 41
m0 5 14
1 6 0
2 9 3
3 0 4
t 73 41
m0 5 14
1 5 0
2 9 2
3 1 4
t 72 41
m0 5 13
1 6 0
2 9 3
3 0 4
t 71 41
m0 5 12
1 5 0
2 9 2
3 1 4
t 70 41
m0 5 11
1 6 0
2 9 3
3 0 4
t 69 41
m0 6 11
1 5 0
2 9 2
3 1 4
t 68 41
m0 6 10
1 6 0
2 9 3
3 0 4
t 67 41
m0 6 11
1 5 0
2 9 2
3 1 4
t 66 41
m0 7 11
1 6 0
2 9 3
3 0 4
t 65 41
m0 6 11
1 5 0
2 9 2
3 1 4
t 64 41
m0 6 10
1 6 0
2 9 3
3 0 4
t 63 41
m0 6 11
1 5 0
2 9 2
3 1 4
t 62 41
m0 6 11
1 6 0
2 9 3
3 0 4
t 61 41
m0 5 11
1 5 0
2 9 2
3 1 4
t 60 41
m0 5 11
1 6 0
2 9 3
3 0 4
t 59 41
m0 4 11
1 5 0
2 9 2
3 1 4
t 58 41
m0 4 12
1 6 0
2 9 3
3 0 4
t 57 41
m0 3 12
1 5 0
2 9 2
3 1 4
t 56 41
m0 4 12
1 6 0
2 9 3
3 0 4
t 55 41
m0 4 11
1 5 0
2 9 2
3 1 4
f 1 12
t 54 41
m0 4 10
1 6 0
2 9 3
3 0 4
t 53 41
m0 4 10
1 5 0
2 9 2
3 1 4
t 52 41
m0 4 10
1 6 0
2 9 3
3 0 4
t 51 41
m0 4 11
1 5 0
2 9 2
3 1 4
t 50 41
m0 5 11
1 6 0
2 9 3
3 0 4
t 49 41
m0 5 11
1 5 0
2 9 2
3 1 4
t 48 41
m0 5 10
1 6 0
2 9 3
3 0 4
t 47 41
m0 6 10
1 5 0
2 9 2
3 1 4
t 46 41
m0 5 10
1 6 0
2 9 3
3 0 4
t 45 41
m0 5 10
1 5 0
2 9 2
3 1 4
t 44 41
m0 5 10
1 6 0
2 9 3
3 0 4
t 43 41
m0 6 10
1 5 0
2 9 2
3 1 4
t 42 41
m0 6 10
1 6 0
2 9 3
3 0 4
t 41 41
m0 6 9
1 5 0
2 9 2
3 1 4
t 40 41
m0 6 9
1 6 0
2 9 3
3 0 4
t 39 41
m0 6 10
1 5 0
2 9 2
3 1 4
t 38 41
m0 6 11
1 6 0
2 9 3
3 0 4
t 37 41
m0 6 11
1 5 0
2 9 2
3 1 4
t 36 41
m0 6 11
1 6 0
2 9 3
3 0 4
t 35 41
m0 6 12
1 5 0
2 9 2
3 1 4
t 34 41
m0 6 13
1 6 0
2 9 3
3 0 4
t 33 41
m0 6 12
1 5 0
2 9 2
3 1 4
t 32 41
m0 6 13
1 6 0
2 9 3
3 0 4
t 31 41
m0 6 13
1 5 0
2 9 2
3 1 4
t 30 41
m0 6 12
1 6 0
2 9 3
3 0 4
t 29 41
m0 7 12
1 5 0
2 9 2
3 1 4
t 28 41
m0 8 12
1 6 0
2 9 3
3 0 4
t 27 41
m0 7 12
1 5 0
2 9 2
3 1 4
t 26 41
m0 8 12
1 6 0
2 9 3
3 0 4
t 25 41
m0 8 12
1 5 0
2 9 2
3 1 4
t 24 41
m0 7 12
1 6 0
2 9 3
3 0 4
t 23 41
m0 7 12
1 5 0
2 9 2
3 1 4
t 22 41
m0 8 12
1 6 0
2 9 3
3 0 4
t 21 41
m0 7 12
1 5 0
2 9 2
3 1 4
t 20 41
m0 7 11
1 6 0
2 9 3
3 0 4
t 19 41
m0 6 11
1 5 0
2 9 2
3 1 4
t 18 41
m0 7 11
1 6 0
2 9 3
3 0 4
t 17 41
m0 7 11
1 5 0
2 9 2
3 1 4
t 16 41
m0 6 11
1 6 0
2 9 3
3 0 4
t 15 41
m0 6 12
1 5 0
2 9 2
3 1 4
t 14 41
m0 6 11
1 6 0
2 9 3
3 0 4
t 13 41
m0 6 10
1 5 0
2 9 2
3 1 4
t 12 41
m0 6 11
1 6 0
2 9 3
3 0 4
t 11 41
m0 6 10
1 5 0
2 9 2
3 1 4
t 10 41
m0 6 9
1 6 0
2 9 3
3 0 4
t 9 41
m0 5 9
1 5 0
2 9 2
3 1 4
t 8 41
m0 5 10
1 6 0
2 9 3
3 0 4
t 7 41
m0 5 9
1 5 0
2 9 2
3 1 4
t 6 41
m0 5 10
1 6 0
2 9 3
3 0 4
t 5 41
m0 6 10
1 5 0
2 9 2
3 1 4
t 4 41
m0 7 10
1 6 0
2 9 3
3 0 4
t 3 41
m0 7 10
1 5 0
2 9 2
3 1 4
t 2 41
m0 7 10
1 6 0
2 9 3
3 0 4
t 1 41
m0 7 10
1 6 0
2 9 3
3 0 4
t 0 41
