10
15
w 5 9
w 8 13
w 3 11
w 0 7
w 8 9
w 4 12
w 3 7
w 0 3
w 8 5
w 6 7
w 7 6
w 5 12
w 1 5
w 0 11
w 4 1
w 9 7
w 5 4
w 0 0
w 7 1
w 6 11
w 1 13
w 8 11
w 4 14
w 0 12
w 7 5
w 2 3
w 3 9
w 0 5
w 0 8
w 3 5
w 8 3
w 4 6
w 6 1
w 5 14
w 1 8
w 4 3
w 8 4
p 7 3
p 6 9
p 1 3
p 4 7
p 3 0
p 7 12
p 8 0
p 5 13
p 2 1
p 1 6
p 2 12
p 9 4
p 2 5
p 1 11
p 2 4
p 7 2
p 6 14
p 5 5
p 3 3
p 6 10
p 1 14
p 8 10
p 2 13
p 9 11
p 7 10
p 3 6
p 5 0
p 0 4
p 6 4
p 7 14
p 2 6
p 4 10
p 8 2
p 5 11
p 3 13
p 9 3
p 5 2
p 1 9
p 8 7
p 2 14
p 6 5
p 5 3
p 0 1
p 7 9
p 7 0
p 6 8
p 1 12
p 5 7
p 7 13
p 9 9
p 3 1
p 0 6
p 8 8
p 6 13
p 7 8
p 0 2
m0 0 14
1 9 0
2 9 0
3 9 0
t 300 0
m0 1 14
1 8 0
2 9 1
3 9 1
t 299 1
m0 2 14
1 7 0
2 9 0
3 9 2
t 298 2
m0 3 14
1 6 0
2 9 1
3 8 2
t 297 2
m0 3 13
1 7 0
2 8 1
3 8 1
t 296 3
m0 4 13
1 6 0
2 8 0
3 8 0
t 295 3
m0 5 13
1 5 0
2 9 0
3 7 0
t 294 4
m0 6 13
1 6 0
2 9 1
3 6 0
t 293 5
m0 7 13
1 7 0
2 8 1
3 5 0
t 292 6
m0 7 12
1 6 0
2 8 0
3 4 0
t 291 7
m0 8 12
1 5 0
2 8 1
3 3 0
t 290 7
m0 9 12
1 4 0
2 8 0
3 2 0
t 289 7
m0 9 11
1 5 0
2 7 0
3 3 0
t 288 8
m0 9 10
1 5 1
2 6 0
3 4 0
t 287 8
m0 9 9
1 5 0
2 5 0
3 5 0
t 286 9
m0 9 8
1 4 0
2 4 0
3 5 1
t 285 9
m0 8 8
1 3 0
2 3 0
3 5 0
t 284 10
m0 9 8
1 4 0
2 3 1
3 4 0
t 283 10
m0 8 8
1 3 0
2 2 1
3 3 0
t 282 10
m0 7 8
1 2 0
2 2 0
3 2 0
f 5 13
t 281 11
m0 7 7
1 2 1
2 2 1
3 3 0
t 280 11
m0 7 7
1 1 1
2 3 1
3 3 1
t 279 11
m0 7 7
1 1 2
2 3 2
3 2 1
t 278 11
m0 7 7
1 2 2
2 3 3
3 2 2
t 277 11
m0 7 8
1 2 1
2 3 2
3 2 1
t 276 11
m0 7 9
1 3 1
2 4 2
3 2 2
t 275 12
m0 6 9
1 3 2
2 3 2
3 3 2
t 274 13
m0 7 9
1 3 3
2 2 2
3 2 2
t 273 13
m0 7 8
1 3 2
2 3 2
3 3 2
t 272 13
m0 6 8
1 2 2
2 3 1
3 3 1
t 271 14
m0 6 8
1 2 1
2 3 0
3 3 0
t 270 14
m0 5 8
1 2 0
2 2 0
3 3 1
t 269 14
m0 5 7
1 2 1
2 3 0
3 2 1
t 268 15
m0 5 6
1 1 1
2 3 1
3 3 1
t 267 15
m0 5 5
1 2 1
2 3 0
3 3 0
t 266 16
m0 5 6
1 1 1
2 2 0
3 2 0
t 265 16
m0 5 6
1 1 0
2 3 0
3 3 0
t 264 16
m0 5 7
1 2 0
2 4 0
3 4 0
t 263 16
m0 5 7
1 3 0
2 5 0
3 3 0
t 262 16
m0 5 8
1 2 0
2 4 0
3 2 0
t 261 16
m0 5 7
1 2 1
2 3 0
3 3 0
t 260 16
m0 4 7
1 3 1
2 2 0
3 2 0
t 259 17
m0 4 7
1 3 0
2 3 0
3 3 0
t 258 17
m0 4 8
1 2 0
2 2 0
3 3 1
t 257 17
m0 5 8
1 2 1
2 1 0
3 2 1
t 256 17
m0 5 7
1 2 0
2 2 0
3 2 0
t 255 17
m0 5 8
1 2 1
2 1 0
3 3 0
t 254 17
m0 6 8
1 1 1
2 2 0
3 3 1
t 253 17
m0 6 9
1 2 1
2 2 1
3 3 2
t 252 17
m0 6 10
1 3 1
2 2 2
3 3 1
t 251 18
m0 6 10
1 2 1
2 1 2
3 3 0
t 250 18
m0 5 10
1 1 1
2 1 1
3 3 1
t 249 18
m0 5 11
1 0 1
2 1 2
3 2 1
t 248 19
m0 5 11
1 0 2
2 1 1
3 2 0
t 247 19
m0 4 11
1 0 1
2 1 0
3 2 1
t 246 19
m0 4 10
1 1 1
2 2 0
3 2 0
t 245 20
m0 4 10
1 1 2
2 3 0
3 1 0
t 244 20
m0 4 10
1 2 2
2 3 1
3 1 1
t 243 20
m0 3 10
1 1 2
2 2 1
3 1 2
t 242 20
m0 2 10
1 0 2
2 2 2
3 2 2
t 241 20
m0 2 11
1 0 1
2 3 2
3 3 2
t 240 20
m0 2 12
1 0 2
2 4 2
3 3 1
t 239 21
m0 1 12
1 0 1
2 3 2
3 3 2
t 238 22
m0 1 11
1 0 2
2 3 1
3 2 2
t 237 23
m0 1 11
1 1 2
2 3 2
3 1 2
t 236 23
m0 1 11
1 0 2
2 4 2
3 2 2
t 235 23
m0 1 11
1 1 2
2 5 2
3 3 2
t 234 23
m0 1 11
1 2 2
2 5 1
3 2 2
t 233 23
m0 1 10
1 3 2
2 5 0
3 3 2
t 232 23
m0 1 11
1 3 1
2 5 1
3 3 1
t 231 23
m0 1 12
1 2 1
2 5 0
3 3 0
t 230 23
m0 2 12
1 3 1
2 4 0
3 4 0
t 229 23
m0 2 12
1 3 0
2 3 0
3 3 0
t 228 23
m0 2 11
1 3 1
2 4 0
3 4 0
t 227 23
m0 1 11
1 3 0
2 5 0
3 5 0
t 226 23
m0 2 11
1 4 0
2 5 1
3 4 0
t 225 23
m0 2 12
1 3 0
2 5 0
3 3 0
t 224 23
m0 2 13
1 3 1
2 5 1
3 4 0
t 223 24
m0 2 14
1 3 2
2 5 0
3 3 0
t 222 24
m0 2 14
1 3 3
2 4 0
3 2 0
t 221 24
m0 3 14
1 3 2
2 3 0
3 2 1
t 220 24
m0 2 14
1 3 1
2 4 0
3 1 1
t 219 24
m0 1 14
1 3 0
2 5 0
3 1 2
t 218 24
m0 1 14
1 4 0
2 6 0
3 1 1
t 217 24
m0 2 14
1 3 0
2 5 0
3 0 1
t 216 24
m0 1 14
1 4 0
2 4 0
3 1 1
t 215 24
m0 0 14
1 3 0
2 3 0
3 1 0
t 214 24
m0 1 14
1 3 1
2 3 1
3 1 1
t 213 24
m0 1 14
1 2 1
2 2 1
3 2 1
t 212 24
m0 2 14
1 2 0
2 2 2
3 2 2
t 211 24
m0 2 14
1 1 0
2 3 2
3 2 1
t 210 24
m0 2 14
1 2 0
2 3 3
3 1 1
t 209 24
m0 1 14
1 1 0
2 3 2
3 1 0
t 208 24
m0 2 14
1 2 0
2 2 2
3 2 0
t 207 24
m0 3 14
1 3 0
2 1 2
3 3 0
t 206 24
m0 3 14
1 3 1
2 1 1
3 3 1
t 205 24
m0 3 14
1 3 2
2 1 2
3 3 2
t 204 24
m0 3 14
1 3 3
2 1 3
3 2 2
t 203 24
m0 2 14
1 3 2
2 1 2
3 1 2
t 202 24
m0 1 14
1 2 2
2 0 2
3 2 2
t 201 24
m0 1 14
1 2 1
2 0 1
3 2 1
t 200 24
m0 2 14
1 2 0
2 0 2
3 2 0
t 199 24
m0 3 14
1 1 0
2 0 1
3 3 0
t 198 24
m0 2 14
1 1 1
2 1 1
3 2 0
t 197 24
m0 2 13
1 1 0
2 1 0
3 2 1
t 196 24
m0 2 14
1 2 0
2 2 0
3 2 0
t 195 24
m0 1 14
1 1 0
2 3 0
3 1 0
t 194 24
m0 2 14
1 1 1
2 2 0
3 1 1
t 193 24
m0 2 13
1 0 1
2 3 0
3 0 1
t 192 24
m0 2 13
1 0 2
2 2 0
3 1 1
t 191 24
m0 3 13
1 0 1
2 2 1
3 1 0
t 190 24
m0 3 13
1 1 1
2 1 1
3 1 1
t 189 24
m0 3 12
1 0 1
2 1 2
3 1 0
t 188 24
m0 3 13
1 0 2
2 1 1
3 2 0
t 187 24
m0 3 14
1 1 2
2 2 1
3 2 1
t 186 24
m0 3 14
1 1 1
2 1 1
3 2 0
t 185 24
m0 2 14
1 0 1
2 0 1
3 3 0
t 184 24
m0 3 14
1 0 2
2 0 2
3 3 1
t 183 24
m0 2 14
1 0 1
2 0 1
3 2 1
t 182 24
m0 1 14
1 1 1
2 0 2
3 1 1
t 181 24
m0 1 14
1 1 2
2 1 2
3 1 0
t 180 24
m0 2 14
1 1 1
2 1 1
3 2 0
t 179 24
m0 2 13
1 0 1
2 0 1
3 2 1
t 178 24
m0 2 13
1 0 2
2 1 1
3 3 1
t 177 24
m0 2 14
1 1 2
2 2 1
3 3 0
t 176 24
m0 2 14
1 1 1
2 1 1
3 2 0
t 175 24
m0 3 14
1 0 1
2 1 0
3 1 0
t 174 24
m0 2 14
1 0 2
2 2 0
3 2 0
t 173 24
m0 2 13
1 0 1
2 1 0
3 1 0
t 172 24
m0 2 12
1 1 1
2 2 0
3 1 1
t 171 24
m0 3 12
1 2 1
2 2 1
3 0 1
t 170 24
m0 3 12
1 2 0
2 3 1
3 1 1
t 169 24
m0 2 12
1 1 0
2 2 1
3 1 2
t 168 24
m0 3 12
1 1 1
2 1 1
3 1 3
t 167 24
m0 3 13
1 0 1
2 1 2
3 1 4
t 166 24
m0 4 13
1 1 1
2 1 1
3 1 3
t 165 24
m0 4 13
1 1 0
2 1 0
3 1 2
t 164 24
m0 5 13
1 1 1
2 1 1
3 0 2
t 163 34
m0 6 13
1 2 1
2 1 2
3 1 2
t 162 34
m0 7 13
1 2 2
2 1 3
3 1 3
t 161 34
m0 7 12
1 1 2
2 1 2
3 1 4
t 160 34
m0 8 12
1 0 2
2 1 1
3 1 3
t 159 34
m0 9 12
1 0 1
2 2 1
3 1 2
t 158 34
m0 9 11
1 0 2
2 2 2
3 1 1
t 157 34
m0 9 10
1 0 1
2 2 1
3 1 2
t 156 34
m0 9 9
1 1 1
2 2 0
3 1 3
t 155 34
m0 9 8
1 1 2
2 1 0
3 1 4
t 154 34
m0 8 8
1 0 2
2 1 1
3 0 4
t 153 34
m0 9 8
1 0 1
2 0 1
3 1 4
t 152 34
m0 8 8
1 1 1
2 0 2
3 0 4
t 151 34
m0 9 8
1 1 0
2 0 1
3 1 4
t 150 34
m0 8 8
1 1 1
2 1 1
3 1 3
t 149 34
m0 9 8
1 0 1
2 1 2
3 1 4
t 148 34
m0 8 8
1 0 2
2 0 2
3 0 4
t 147 34
m0 9 8
1 0 1
2 0 1
3 1 4
t 146 34
m0 8 8
1 1 1
2 0 2
3 0 4
t 145 34
m0 9 8
1 1 2
2 1 2
3 1 4
t 144 34
m0 8 8
1 1 1
2 1 1
3 1 3
t 143 34
m0 9 8
1 1 2
2 2 1
3 1 2
t 142 34
m0 8 8
1 1 1
2 1 1
3 1 1
t 141 34
m0 9 8
1 1 0
2 1 2
3 1 2
t 140 34
m0 8 8
1 1 1
2 1 3
3 2 2
t 139 34
m0 9 8
1 2 1
2 1 2
3 1 2
t 138 34
m0 8 8
1 2 2
2 2 2
3 0 2
t 137 34
m0 9 8
1 1 2
2 3 2
3 1 2
t 136 34
m0 8 8
1 1 3
2 2 2
3 1 3
t 135 34
m0 9 8
1 1 2
2 3 2
3 1 4
t 134 34
m0 8 8
1 1 3
2 3 3
3 1 3
t 133 34
m0 9 8
1 1 4
2 3 2
3 1 2
t 132 34
m0 8 8
1 1 3
2 4 2
3 1 3
t 131 34
m0 9 8
1 1 2
2 3 2
3 1 2
t 130 34
m0 8 8
1 2 2
2 4 2
3 1 1
t 129 34
m0 9 8
1 2 1
2 3 2
3 1 2
t 128 34
m0 8 8
1 2 2
2 3 3
3 2 2
t 127 34
m0 9 8
1 3 2
2 3 2
3 3 2
t 126 34
m0 8 8
1 4 2
2 4 2
3 4 2
t 125 34
m0 9 8
1 3 2
2 3 2
3 3 2
t 124 34
m0 8 8
1 2 2
2 2 2
3 3 3
t 123 34
m0 9 8
1 3 2
2 3 2
3 3 2
t 122 34
m0 8 8
1 4 2
2 3 1
3 4 2
t 121 34
m0 9 8
1 5 2
2 2 1
3 5 2
t 120 34
m0 9 9
1 5 1
2 3 1
3 5 3
f 2 13
t 119 34
m0 9 8
1 5 0
2 3 0
3 5 2
t 118 34
m0 8 8
1 5 1
2 4 0
3 5 1
t 117 34
m0 8 8
1 5 2
2 5 0
3 5 2
t 116 34
m0 7 8
1 5 1
2 5 1
3 5 1
t 115 34
m0 7 7
1 5 0
2 5 0
3 5 2
t 114 34
m0 8 7
1 4 0
2 6 0
3 4 2
t 113 35
m0 8 7
1 3 0
2 7 0
3 3 2
t 112 35
m0 8 6
1 2 0
2 6 0
3 3 1
t 111 35
m0 8 7
1 2 1
2 5 0
3 2 1
t 110 35
m0 7 7
1 3 1
2 5 1
3 3 1
t 109 35
m0 7 7
1 3 0
2 5 0
3 3 0
t 108 35
m0 7 7
1 4 0
2 6 0
3 4 0
t 107 35
m0 8 7
1 3 0
2 5 0
3 3 0
t 106 35
m0 7 7
1 4 0
2 4 0
3 3 1
t 105 35
m0 7 8
1 5 0
2 5 0
3 3 2
t 104 35
m0 6 8
1 4 0
2 4 0
3 4 2
t 103 35
m0 6 8
1 3 0
2 3 0
3 3 2
t 102 35
m0 7 8
1 3 1
2 3 1
3 3 1
t 101 35
m0 7 7
1 3 2
2 3 0
3 3 2
t 100 35
m0 7 7
1 2 2
2 3 1
3 2 2
t 99 35
m0 7 7
1 2 1
2 3 2
3 2 1
t 98 35
m0 8 7
1 1 1
2 3 3
3 2 2
t 97 35
m0 7 7
1 1 2
2 3 2
3 1 2
t 96 35
m0 8 7
1 0 2
2 2 2
3 0 2
t 95 35
m0 8 8
1 0 1
2 2 1
3 0 1
t 94 35
m0 8 8
1 0 2
2 2 2
3 1 1
t 93 35
m0 8 7
1 1 2
2 1 2
3 1 2
t 92 35
m0 8 7
1 0 2
2 0 2
3 1 1
t 91 35
m0 8 6
1 0 1
2 0 1
3 0 1
t 90 35
m0 9 6
1 1 1
2 1 1
3 0 2
t 89 35
m0 9 6
1 1 2
2 1 0
3 0 1
t 88 35
m0 8 6
1 0 2
2 1 1
3 1 1
t 87 35
m0 8 6
1 1 2
2 1 2
3 1 2
t 86 35
m0 8 7
1 1 3
2 2 2
3 2 2
t 85 35
m0 8 8
1 1 4
2 3 2
3 3 2
t 84 35
m0 8 7
1 2 4
2 3 1
3 2 2
t 83 35
m0 8 8
1 3 4
2 3 2
3 1 2
t 82 35
m0 8 7
1 3 3
2 3 3
3 2 2
t 81 35
m0 8 8
1 3 4
2 3 4
3 1 2
t 80 35
m0 7 8
1 4 4
2 2 4
3 1 1
t 79 35
m0 7 7
1 3 4
2 2 5
3 1 2
t 78 35
m0 7 8
1 2 4
2 2 4
3 2 2
t 77 35
m0 6 8
1 2 5
2 2 5
3 2 1
t 76 35
m0 6 8
1 2 4
2 2 4
3 2 2
t 75 35
m0 7 8
1 1 4
2 2 5
3 1 2
t 74 35
m0 7 8
1 1 3
2 2 4
3 1 3
t 73 35
m0 6 8
1 1 4
2 3 4
3 1 4
t 72 35
m0 7 8
1 1 3
2 2 4
3 1 3
t 71 35
m0 8 8
1 1 4
2 2 5
3 1 2
t 70 35
m0 9 8
1 1 3
2 2 4
3 0 2
t 69 35
m0 9 8
1 1 2
2 1 4
3 0 1
t 68 35
m0 8 8
1 1 3
2 1 3
3 0 2
t 67 35
m0 8 7
1 1 4
2 1 4
3 1 2
t 66 35
m0 7 7
1 1 3
2 1 3
3 1 1
t 65 35
m0 7 7
1 1 4
2 1 4
3 1 2
t 64 35
m0 7 7
1 2 4
2 2 4
3 2 2
t 63 35
m0 7 8
1 2 5
2 1 4
3 3 2
t 62 35
m0 8 8
1 2 4
2 2 4
3 2 2
t 61 35
m0 8 8
1 2 5
2 2 5
3 3 2
t 60 35
m0 8 7
1 2 6
2 2 6
3 3 3
t 59 35
m0 7 7
1 3 6
2 3 6
3 3 2
t 58 35
m0 7 7
1 2 6
2 2 6
3 2 2
t 57 35
m0 7 8
1 3 6
2 3 6
3 3 2
t 56 35
m0 7 7
1 2 6
2 2 6
3 2 2
t 55 35
m0 8 7
1 1 6
2 1 6
3 1 2
t 54 35
m0 8 8
1 0 6
2 0 6
3 1 3
t 53 35
m0 8 7
1 1 6
2 1 6
3 1 4
t 52 35
m0 8 8
1 2 6
2 2 6
3 2 4
t 51 35
m0 7 8
1 1 6
2 1 6
3 2 5
t 50 35
m0 8 8
1 1 7
2 2 6
3 2 6
t 49 35
m0 9 8
1 2 7
2 2 7
3 2 7
t 48 35
m0 9 8
1 2 8
2 2 6
3 2 8
t 47 35
m0 9 8
1 3 8
2 2 7
3 2 7
t 46 35
m0 9 8
1 2 8
2 2 6
3 2 8
t 45 35
m0 8 8
1 2 7
2 2 7
3 2 7
t 44 35
m0 8 8
1 2 8
2 2 6
3 2 8
t 43 35
m0 8 8
1 2 9
2 2 5
3 2 7
t 42 35
m0 8 7
1 2 8
2 2 4
3 2 8
t 41 35
m0 8 6
1 3 8
2 2 5
3 2 7
t 40 35
m0 8 6
1 2 8
2 2 6
3 2 6
t 39 35
m0 8 6
1 2 7
2 3 6
3 3 6
t 38 35
m0 8 6
1 2 6
2 2 6
3 2 6
t 37 35
m0 8 6
1 1 6
2 2 5
3 2 5
t 36 35
m0 8 7
1 2 6
2 2 4
3 2 6
t 35 35
m0 7 7
1 1 6
2 2 5
3 2 5
t 34 35
m0 7 7
1 2 6
2 2 4
3 2 4
t 33 35
m0 7 8
1 2 5
2 1 4
3 2 5
t 32 35
m0 7 9
1 2 6
2 2 4
3 2 4
t 31 35
m0 7 10
1 2 5
2 2 5
3 3 4
t 30 36
m0 7 9
1 2 6
2 2 4
3 3 3
t 29 36
m0 7 8
1 2 5
2 2 5
3 3 4
t 28 36
m0 6 8
1 2 4
2 2 6
3 2 4
t 27 36
m0 5 8
1 1 4
2 2 5
3 2 5
t 26 36
m0 4 8
1 0 4
2 2 4
3 2 4
t 25 36
m0 5 8
1 1 4
2 1 4
3 3 4
t 24 36
m0 5 7
1 1 3
2 1 3
3 3 3
t 23 36
m0 5 7
1 1 2
2 1 2
3 3 2
t 22 36
m0 5 8
1 2 2
2 2 2
3 4 2
t 21 36
m0 6 8
1 3 2
2 3 2
3 3 2
t 20 36
m0 7 8
1 3 3
2 3 1
3 3 1
t 19 36
m0 7 7
1 3 2
2 3 2
3 2 1
t 18 36
m0 7 7
1 3 1
2 3 1
3 1 1
t 17 36
m0 7 8
1 3 2
2 3 2
3 0 1
t 16 36
m0 7 7
1 4 2
2 3 1
3 1 1
t 15 36
m0 8 7
1 3 2
2 3 2
3 2 1
t 14 36
m0 8 6
1 3 3
2 3 3
3 1 1
t 13 36
m0 8 7
1 3 2
2 3 2
3 2 1
t 12 36
m0 8 7
1 3 1
2 3 1
3 1 1
t 11 36
m0 8 8
1 3 2
2 3 0
3 1 0
t 10 36
m0 8 8
1 3 1
2 2 0
3 1 1
t 9 36
m0 9 8
1 3 2
2 2 1
3 1 0
t 8 36
m0 9 8
1 3 1
2 3 1
3 2 0
t 7 36
m0 9 9
1 3 0
2 3 2
3 3 0
t 6 36
m0 9 9
1 4 0
2 4 2
3 3 1
t 5 36
m0 9 10
1 3 0
2 3 2
3 3 0
t 4 36
m0 9 9
1 4 0
2 3 1
3 3 1
t 3 36
m0 9 8
1 3 0
2 2 1
3 3 0
t 2 36
m0 8 8
1 3 1
2 3 1
3 2 0
t 1 36
m0 9 8
1 3 1
2 3 1
3 2 0
t 0 36
