10
15
w 7 3
w 6 9
w 3 0
w 2 8
w 0 7
w 2 12
w 7 11
w 0 3
w 4 0
w 4 9
w 3 10
w 4 13
w 1 5
w 5 0
w 2 2
w 1 10
w 5 4
w 9 14
w 7 1
w 5 11
w 6 0
w 9 10
w 2 3
w 8 7
w 1 0
w 0 8
w 5 3
w 8 3
w 3 12
w 1 12
w 7 13
w 5 7
w 9 9
w 2 0
w 6 13
w 9 5
w 3 4
p 5 9
p 4 8
p 7 12
p 6 6
p 9 8
p 8 0
p 5 13
p 2 1
p 7 7
p 6 2
p 9 4
p 3 7
p 1 11
p 2 4
p 5 8
p 6 14
p 1 2
p 6 7
p 3 3
p 8 1
p 5 12
p 4 4
p 8 10
p 9 11
p 7 10
p 0 4
p 8 6
p 1 1
p 8 2
p 3 13
p 6 11
p 1 13
p 8 11
p 4 14
p 0 12
p 1 9
p 4 2
p 6 5
p 7 9
p 3 5
p 9 13
p 5 10
p 7 0
p 8 12
p 9 2
p 3 1
p 2 11
p 3 8
p 5 14
p 7 4
p 1 8
p 4 3
p 5 2
p 0 2
p 9 12
p 8 4
m0 0 14
1 9 0
2 9 0
3 9 0
t 300 0
m0 1 14
1 8 0
2 8 0
3 8 0
t 299 0
m0 2 14
1 7 0
2 7 0
3 7 0
t 298 0
m0 2 13
1 8 0
2 8 0
3 8 0
t 297 0
m0 2 13
1 7 0
2 7 0
3 7 0
t 296 0
m0 3 13
1 8 0
2 8 0
3 8 0
f 9 6
t 295 1
m0 3 14
1 7 0
2 7 0
3 7 0
t 294 1
m0 4 14
1 8 0
2 8 0
3 8 0
t 293 2
m0 5 14
1 7 0
2 7 0
3 7 0
t 292 3
m0 6 14
1 8 0
2 8 0
3 8 0
t 291 4
m0 5 14
1 7 0
2 7 0
3 7 0
t 290 4
m0 5 13
1 8 0
2 8 0
3 8 0
t 289 5
m0 5 12
1 7 0
2 7 0
3 7 0
t 288 6
m0 6 12
1 8 0
2 8 0
3 8 0
t 287 6
m0 7 12
1 7 0
2 7 0
3 7 0
t 286 7
m0 8 12
1 8 0
2 8 0
3 8 0
t 285 8
m0 9 12
1 9 0
2 9 0
3 9 0
t 284 9
m0 9 11
1 9 1
2 9 1
3 9 1
t 283 10
m0 8 11
1 8 1
2 8 1
3 8 1
t 282 11
m0 8 10
1 8 2
2 8 2
3 8 2
t 281 12
m0 7 10
1 7 2
2 7 2
3 7 2
t 280 13
m0 7 9
1 8 2
2 8 2
3 8 2
t 279 14
m0 7 8
1 7 2
2 7 2
3 7 2
t 278 14
m0 7 7
1 8 2
2 8 2
3 8 2
t 277 15
m0 7 6
1 7 2
2 7 2
3 7 2
t 276 15
m0 8 6
1 8 2
2 8 2
3 8 2
t 275 16
m0 7 6
1 7 2
2 7 2
3 7 2
t 274 16
m0 7 5
1 8 2
2 8 2
3 8 2
t 273 16
m0 7 4
1 7 2
2 7 2
3 7 2
t 272 17
m0 6 4
1 6 2
2 6 2
3 6 2
t 271 17
m0 -5 -5
1 6 3
2 6 3
3 6 3
t 270 17
