10
15
w 6 9
w 8 13
w 6 6
w 3 0
w 5 13
w 4 12
w 2 5
w 3 14
w 1 2
w 7 6
w 4 4
w 1 14
w 1 5
w 2 2
w 1 10
w 3 4
w 6 4
w 4 10
w 2 6
w 8 2
w 8 11
w 0 12
w 3 9
w 1 9
w 6 12
w 1 0
w 4 2
w 9 6
w 0 8
w 2 7
w 7 0
w 6 8
w 6 1
w 7 4
w 2 0
w 7 8
w 8 4
p 4 7
p 4 8
p 5 6
p 2 8
p 9 8
p 8 0
p 3 11
p 8 9
p 6 2
p 2 12
p 0 10
p 5 1
p 3 7
p 0 3
p 1 11
p 7 2
p 5 8
p 6 14
p 8 14
p 6 7
p 8 10
p 6 3
p 2 13
p 3 6
p 7 10
p 5 0
p 8 6
p 4 1
p 1 1
p 7 14
p 9 14
p 5 11
p 4 5
p 1 13
p 3 13
p 9 3
p 4 14
p 1 4
p 6 0
p 7 5
p 2 3
p 2 14
p 4 11
p 5 3
p 0 1
p 1 12
p 8 12
p 9 2
p 7 13
p 9 9
p 5 14
p 1 8
p 8 8
p 1 7
p 5 2
p 2 4
m0 0 14
1 9 0
2 9 0
3 9 0
t 300 0
m0 0 13
1 9 1
2 9 1
3 8 0
t 299 0
m0 1 13
1 8 1
2 9 0
3 8 1
t 298 1
m0 2 13
1 8 0
2 9 1
3 7 1
t 297 2
m0 3 13
1 9 0
2 8 1
3 8 1
t 296 3
m0 4 13
1 8 0
2 8 0
3 8 0
t 295 3
m0 3 13
1 9 0
2 9 0
3 8 1
t 294 3
m0 4 13
1 9 1
2 9 1
3 8 0
t 293 3
m0 3 13
1 9 2
2 8 1
3 9 0
t 292 3
m0 4 13
1 9 3
2 7 1
3 9 1
t 291 3
m0 3 13
1 9 2
2 7 2
3 8 1
t 290 3
m0 4 13
1 9 3
2 6 2
3 7 1
t 289 3
m0 3 13
1 9 4
2 6 3
3 8 1
t 288 3
m0 4 13
1 9 3
2 6 2
3 9 1
t 287 3
m0 3 13
1 8 3
2 5 2
3 9 2
t 286 3
m0 4 13
1 9 3
2 6 2
3 9 1
t 285 3
m0 3 13
1 9 2
2 7 2
3 8 1
f 3 12
t 284 3
m0 3 12
1 9 3
2 7 1
3 9 1
t 283 13
m0 3 11
1 9 2
2 8 1
3 9 0
t 282 14
m0 4 11
1 9 3
2 7 1
3 9 1
t 281 15
m0 5 11
1 8 3
2 8 1
3 8 1
t 280 16
m0 6 11
1 9 3
2 8 0
3 9 1
f 3 5
t 279 16
m0 7 11
1 9 2
2 9 0
3 9 0
t 278 16
m0 7 10
1 9 1
2 9 1
3 9 1
t 277 17
m0 8 10
1 9 0
2 9 2
3 9 0
t 276 18
m0 9 10
1 8 0
2 9 1
3 8 0
t 275 18
m0 9 9
1 8 1
2 9 0
3 8 1
t 274 19
m0 9 8
1 7 1
2 8 0
3 7 1
t 273 20
m0 9 7
1 8 1
2 8 1
3 7 2
t 272 20
m0 8 7
1 9 1
2 7 1
3 7 1
t 271 20
m0 9 7
1 8 1
2 7 2
3 8 1
t 270 20
m0 8 7
1 8 0
2 6 2
3 8 0
t 269 20
m0 9 7
1 8 1
2 6 3
3 9 0
t 268 20
m0 8 7
1 7 1
2 5 3
3 9 1
t 267 20
m0 9 7
1 8 1
2 6 3
3 8 1
t 266 20
m0 8 7
1 7 1
2 7 3
3 8 0
t 265 20
m0 9 7
1 8 1
2 6 3
3 8 1
t 264 20
m0 8 7
1 7 1
2 7 3
3 8 0
t 263 20
m0 9 7
1 7 2
2 7 2
3 8 1
t 262 20
m0 8 7
1 7 1
2 7 3
3 7 1
t 261 20
m0 9 7
1 8 1
2 6 3
3 7 2
t 260 20
m0 8 7
1 9 1
2 6 2
3 6 2
t 259 20
m0 9 7
1 9 0
2 7 2
3 5 2
t 258 20
m0 8 7
1 9 1
2 7 1
3 5 1
t 257 20
m0 9 7
1 8 1
2 7 2
3 4 1
t 256 20
m0 8 7
1 8 0
2 6 2
3 3 1
t 255 20
m0 9 7
1 9 0
2 5 2
3 2 1
t 254 20
m0 8 7
1 8 0
2 6 2
3 1 1
t 253 20
m0 9 7
1 8 1
2 5 2
3 0 1
t 252 20
m0 8 7
1 9 1
2 5 1
3 0 0
t 251 20
m0 9 7
1 9 2
2 4 1
3 0 1
t 250 20
m0 8 7
1 9 1
2 4 0
3 1 1
t 249 20
m0 9 7
1 8 1
2 4 1
3 2 1
t 248 20
m0 8 7
1 9 1
2 4 0
3 3 1
t 247 20
m0 9 7
1 9 2
2 4 1
3 3 2
t 246 20
m0 8 7
1 9 1
2 4 0
3 3 1
t 245 20
m0 9 7
1 9 2
2 5 0
3 2 1
t 244 20
m0 8 7
1 9 1
2 6 0
3 3 1
t 243 20
m0 9 7
1 9 2
2 5 0
3 2 1
t 242 20
m0 8 7
1 9 3
2 4 0
3 1 1
t 241 20
m0 9 7
1 9 4
2 5 0
3 0 1
t 240 20
m0 8 7
1 9 3
2 5 1
3 0 2
t 239 20
m0 9 7
1 9 2
2 5 0
3 0 1
t 238 20
m0 8 7
1 9 1
2 4 0
3 1 1
t 237 20
m0 9 7
1 8 1
2 4 1
3 0 1
t 236 20
m0 8 7
1 9 1
2 4 0
3 0 2
t 235 20
m0 9 7
1 8 1
2 4 1
3 0 1
t 234 20
m0 8 7
1 7 1
2 3 1
3 0 0
t 233 20
m0 9 7
1 8 1
2 2 1
3 0 1
t 232 20
m0 8 7
1 8 0
2 1 1
3 1 1
t 231 20
m0 9 7
1 8 1
2 0 1
3 0 1
t 230 20
m0 8 7
1 9 1
2 0 0
3 0 2
t 229 20
m0 9 7
1 9 2
2 0 1
3 0 3
t 228 20
m0 8 7
1 9 1
2 1 1
3 0 2
t 227 20
m0 9 7
1 8 1
2 0 1
3 0 1
t 226 20
m0 8 7
1 8 0
2 1 1
3 0 2
t 225 20
m0 9 7
1 9 0
2 2 1
3 0 1
t 224 20
m0 8 7
1 9 1
2 3 1
3 0 2
t 223 20
m0 9 7
1 8 1
2 3 2
3 0 3
t 222 20
m0 8 7
1 8 0
2 3 3
3 0 2
t 221 20
m0 9 7
1 9 0
2 2 3
3 0 1
t 220 20
m0 8 7
1 8 0
2 2 4
3 0 0
t 219 20
m0 9 7
1 9 0
2 1 4
3 0 1
t 218 20
m0 8 7
1 8 0
2 1 3
3 0 0
t 217 20
m0 9 7
1 8 1
2 0 3
3 0 1
t 216 20
m0 8 7
1 7 1
2 0 2
3 1 1
t 215 20
m0 9 7
1 7 2
2 0 3
3 0 1
t 214 20
m0 8 7
1 7 1
2 0 2
3 0 0
t 213 20
m0 9 7
1 7 2
2 0 1
3 0 1
t 212 20
m0 8 7
1 6 2
2 1 1
3 0 0
t 211 20
m0 9 7
1 7 2
2 0 1
3 0 1
t 210 20
m0 8 7
1 6 2
2 0 0
3 0 2
t 209 20
m0 9 7
1 7 2
2 0 1
3 0 3
t 208 20
m0 8 7
1 7 3
2 0 0
3 0 2
t 207 20
m0 9 7
1 8 3
2 0 1
3 0 1
t 206 20
m0 8 7
1 7 3
2 0 0
3 0 0
t 205 20
m0 9 7
1 8 3
2 0 1
3 0 1
t 204 20
m0 8 7
1 9 3
2 0 2
3 0 0
t 203 20
m0 9 7
1 9 2
2 0 3
3 0 1
t 202 20
m0 8 7
1 9 1
2 1 3
3 0 2
t 201 20
m0 9 7
1 9 0
2 1 4
3 0 1
t 200 20
m0 8 7
1 8 0
2 0 4
3 0 0
t 199 20
m0 9 7
1 9 0
2 0 3
3 0 1
t 198 20
m0 8 7
1 8 0
2 0 2
3 0 2
t 197 20
m0 9 7
1 8 1
2 0 3
3 0 3
t 196 20
m0 8 7
1 9 1
2 0 2
3 0 4
t 195 20
m0 9 7
1 9 0
2 0 3
3 0 5
t 194 20
m0 8 7
1 9 1
2 1 3
3 0 6
t 193 20
m0 9 7
1 8 1
2 1 4
3 0 5
t 192 20
m0 8 7
1 9 1
2 0 4
3 0 4
t 191 20
m0 9 7
1 9 0
2 0 3
3 0 5
t 190 20
m0 8 7
1 8 0
2 0 2
3 0 4
t 189 20
m0 9 7
1 8 1
2 0 1
3 0 3
t 188 20
m0 8 7
1 7 1
2 1 1
3 0 2
t 187 20
m0 9 7
1 8 1
2 0 1
3 0 3
t 186 20
m0 8 7
1 8 0
2 0 0
3 1 3
t 185 20
m0 9 7
1 8 1
2 0 1
3 0 3
t 184 20
m0 8 7
1 8 0
2 0 2
3 0 2
t 183 20
m0 9 7
1 8 1
2 0 3
3 0 1
t 182 20
m0 8 7
1 9 1
2 0 4
3 1 1
t 181 20
m0 9 7
1 8 1
2 0 3
3 2 1
t 180 20
m0 8 7
1 7 1
2 0 2
3 3 1
t 179 20
m0 9 7
1 7 2
2 0 1
3 3 2
t 178 20
m0 8 7
1 6 2
2 0 2
3 3 1
t 177 20
m0 9 7
1 5 2
2 0 1
3 4 1
t 176 20
m0 8 7
1 5 3
2 0 0
3 3 1
t 175 20
m0 9 7
1 4 3
2 0 1
3 2 1
t 174 20
m0 8 7
1 3 3
2 0 0
3 3 1
t 173 20
m0 9 7
1 2 3
2 0 1
3 4 1
t 172 20
m0 8 7
1 3 3
2 1 1
3 4 0
t 171 20
m0 9 7
1 2 3
2 2 1
3 4 1
t 170 20
m0 8 7
1 1 3
2 3 1
3 4 0
t 169 20
m0 9 7
1 2 3
2 4 1
3 4 1
t 168 20
m0 8 7
1 1 3
2 5 1
3 4 0
t 167 20
m0 9 7
1 1 4
2 5 2
3 5 0
t 166 20
m0 8 7
1 1 3
2 5 1
3 6 0
t 165 20
m0 9 7
1 0 3
2 4 1
3 5 0
t 164 20
m0 8 7
1 1 3
2 4 0
3 5 1
t 163 20
m0 9 7
1 2 3
2 5 0
3 4 1
t 162 20
m0 8 7
1 1 3
2 5 1
3 3 1
t 161 20
m0 9 7
1 1 4
2 5 0
3 2 1
t 160 20
m0 8 7
1 1 3
2 6 0
3 3 1
t 159 20
m0 9 7
1 0 3
2 5 0
3 3 2
t 158 20
m0 8 7
1 1 3
2 5 1
3 3 3
t 157 20
m0 9 7
1 2 3
2 4 1
3 3 2
t 156 20
m0 8 7
1 1 3
2 5 1
3 3 3
t 155 20
m0 9 7
1 2 3
2 5 0
3 3 2
t 154 20
m0 8 7
1 2 4
2 5 1
3 3 3
t 153 20
m0 9 7
1 2 3
2 4 1
3 4 3
t 152 20
m0 8 7
1 2 4
2 5 1
3 3 3
t 151 20
m0 9 7
1 1 4
2 5 0
3 3 2
t 150 20
m0 8 7
1 2 4
2 6 0
3 3 3
t 149 20
m0 9 7
1 1 4
2 5 0
3 2 3
t 148 20
m0 8 7
1 0 4
2 6 0
3 1 3
t 147 20
m0 9 7
1 0 5
2 5 0
3 0 3
t 146 20
m0 8 7
1 0 4
2 5 1
3 1 3
t 145 20
m0 9 7
1 0 3
2 4 1
3 0 3
t 144 20
m0 8 7
1 1 3
2 4 0
3 1 3
t 143 20
m0 9 7
1 1 4
2 5 0
3 0 3
t 142 20
m0 8 7
1 1 3
2 4 0
3 0 2
t 141 20
m0 9 7
1 2 3
2 5 0
3 0 3
t 140 20
m0 8 7
1 2 4
2 5 1
3 0 2
t 139 20
m0 9 7
1 1 4
2 5 0
3 0 3
t 138 20
m0 8 7
1 1 3
2 5 1
3 0 2
t 137 20
m0 9 7
1 0 3
2 5 2
3 0 3
t 136 20
m0 8 7
1 0 2
2 5 1
3 0 4
t 135 20
m0 9 7
1 0 1
2 4 1
3 0 3
t 134 20
m0 8 7
1 0 0
2 4 0
3 0 4
t 133 20
m0 9 7
1 0 1
2 5 0
3 0 3
t 132 20
m0 8 7
1 0 2
2 6 0
3 0 4
t 131 20
m0 9 7
1 0 1
2 5 0
3 0 5
t 130 20
m0 8 7
1 1 1
2 4 0
3 0 4
t 129 20
m0 9 7
1 2 1
2 5 0
3 0 5
t 128 20
m0 8 7
1 1 1
2 4 0
3 0 4
t 127 20
m0 9 7
1 0 1
2 4 1
3 0 3
t 126 20
m0 8 7
1 0 2
2 3 1
3 0 2
t 125 20
m0 9 7
1 0 1
2 4 1
3 0 3
t 124 20
m0 8 7
1 1 1
2 3 1
3 0 4
t 123 20
m0 9 7
1 0 1
2 3 2
3 0 5
t 122 20
m0 8 7
1 0 0
2 3 1
3 0 4
t 121 20
m0 9 7
1 0 1
2 4 1
3 1 4
t 120 20
m0 8 7
1 0 2
2 4 0
3 1 3
t 119 20
m0 9 7
1 0 1
2 4 1
3 0 3
t 118 20
m0 8 7
1 1 1
2 3 1
3 0 2
t 117 20
m0 9 7
1 0 1
2 3 2
3 0 3
t 116 20
m0 8 7
1 0 0
2 3 3
3 1 3
t 115 20
m0 9 7
1 0 1
2 2 3
3 0 3
t 114 20
m0 8 7
1 1 1
2 1 3
3 1 3
t 113 20
m0 9 7
1 0 1
2 0 3
3 2 3
t 112 20
m0 8 7
1 0 0
2 0 4
3 1 3
t 111 20
m0 9 7
1 0 1
2 1 4
3 1 4
t 110 20
m0 8 7
1 0 0
2 2 4
3 0 4
t 109 20
m0 9 7
1 0 1
2 2 3
3 1 4
t 108 20
m0 8 7
1 1 1
2 1 3
3 0 4
t 107 20
m0 9 7
1 2 1
2 1 4
3 0 3
t 106 20
m0 8 7
1 3 1
2 0 4
3 0 2
t 105 20
m0 9 7
1 2 1
2 0 5
3 0 3
t 104 20
m0 8 7
1 3 1
2 0 4
3 1 3
t 103 20
m0 9 7
1 2 1
2 0 5
3 2 3
t 102 20
m0 8 7
1 3 1
2 0 4
3 1 3
t 101 20
m0 9 7
1 3 2
2 0 3
3 0 3
t 100 20
m0 8 7
1 3 3
2 1 3
3 0 4
t 99 20
m0 9 7
1 3 2
2 0 3
3 0 5
t 98 20
m0 8 7
1 3 3
2 1 3
3 0 4
t 97 20
m0 9 7
1 2 3
2 0 3
3 1 4
t 96 20
m0 8 7
1 1 3
2 0 2
3 1 3
t 95 20
m0 9 7
1 1 4
2 0 1
3 1 4
t 94 20
m0 8 7
1 1 3
2 1 1
3 1 3
t 93 20
m0 9 7
1 0 3
2 0 1
3 1 4
t 92 20
m0 8 7
1 0 4
2 0 0
3 2 4
t 91 20
m0 9 7
1 0 3
2 0 1
3 1 4
t 90 20
m0 8 7
1 1 3
2 0 0
3 1 3
t 89 20
m0 9 7
1 0 3
2 0 1
3 1 4
t 88 20
m0 8 7
1 0 2
2 0 0
3 0 4
t 87 20
m0 9 7
1 0 1
2 0 1
3 0 5
t 86 20
m0 8 7
1 0 2
2 1 1
3 0 6
t 85 20
m0 9 7
1 0 3
2 0 1
3 0 7
t 84 20
m0 8 7
1 0 2
2 0 0
3 1 7
t 83 20
m0 9 7
1 0 3
2 0 1
3 1 6
t 82 20
m0 8 7
1 0 4
2 0 2
3 0 6
t 81 20
m0 9 7
1 0 5
2 0 1
3 0 7
t 80 20
m0 8 7
1 0 4
2 0 0
3 1 7
t 79 20
m0 9 7
1 1 4
2 0 1
3 1 6
t 78 20
m0 8 7
1 1 3
2 0 0
3 0 6
t 77 20
m0 9 7
1 1 4
2 0 1
3 0 7
t 76 20
m0 8 7
1 2 4
2 0 2
3 0 6
t 75 20
m0 9 7
1 1 4
2 0 3
3 0 5
t 74 20
m0 8 7
1 0 4
2 0 2
3 0 4
t 73 20
m0 9 7
1 0 3
2 0 3
3 1 4
t 72 20
m0 8 7
1 0 4
2 1 3
3 2 4
t 71 20
m0 9 7
1 1 4
2 1 4
3 2 3
t 70 20
m0 8 7
1 0 4
2 1 3
3 1 3
t 69 20
m0 9 7
1 1 4
2 1 4
3 2 3
t 68 20
m0 8 7
1 2 4
2 0 4
3 3 3
t 67 20
m0 9 7
1 2 3
2 0 3
3 3 2
t 66 20
m0 8 7
1 1 3
2 0 2
3 3 3
t 65 20
m0 9 7
1 0 3
2 0 3
3 3 2
t 64 20
m0 8 7
1 1 3
2 0 4
3 3 3
t 63 20
m0 9 7
1 0 3
2 1 4
3 2 3
t 62 20
m0 8 7
1 0 4
2 1 3
3 3 3
t 61 20
m0 9 7
1 0 5
2 2 3
3 4 3
t 60 20
m0 8 7
1 0 4
2 1 3
3 3 3
t 59 20
m0 9 7
1 0 3
2 1 4
3 2 3
t 58 20
m0 8 7
1 0 2
2 1 3
3 2 4
t 57 20
m0 9 7
1 0 1
2 1 4
3 2 3
t 56 20
m0 8 7
1 1 1
2 1 3
3 1 3
t 55 20
m0 9 7
1 0 1
2 1 4
3 1 4
t 54 20
m0 8 7
1 0 2
2 0 4
3 1 3
t 53 20
m0 9 7
1 0 3
2 1 4
3 2 3
t 52 20
m0 8 7
1 0 4
2 0 4
3 3 3
t 51 20
m0 9 7
1 0 3
2 0 3
3 2 3
t 50 20
m0 8 7
1 0 2
2 0 4
3 1 3
t 49 20
m0 9 7
1 0 1
2 0 5
3 1 4
t 48 20
m0 8 7
1 0 2
2 0 6
3 0 4
t 47 20
m0 9 7
1 0 3
2 0 5
3 0 3
t 46 20
m0 8 7
1 0 2
2 0 4
3 0 4
t 45 20
m0 9 7
1 0 3
2 0 3
3 1 4
t 44 20
m0 8 7
1 0 4
2 0 2
3 1 3
t 43 20
m0 9 7
1 0 5
2 0 1
3 0 3
t 42 20
m0 8 7
1 0 6
2 0 0
3 0 2
t 41 20
m0 9 7
1 1 6
2 0 1
3 0 1
t 40 20
m0 8 7
1 0 6
2 0 2
3 1 1
t 39 20
m0 9 7
1 0 5
2 0 3
3 2 1
t 38 20
m0 8 7
1 0 6
2 0 4
3 1 1
t 37 20
m0 9 7
1 0 5
2 0 3
3 0 1
t 36 20
m0 8 7
1 0 4
2 0 2
3 0 0
t 35 20
m0 9 7
1 0 3
2 0 3
3 0 1
t 34 20
m0 8 7
1 0 2
2 1 3
3 0 2
t 33 20
m0 9 7
1 0 3
2 0 3
3 0 1
t 32 20
m0 8 7
1 0 2
2 0 2
3 0 0
t 31 20
m0 9 7
1 0 1
2 0 1
3 0 1
t 30 20
m0 8 7
1 1 1
2 0 0
3 0 0
t 29 20
m0 9 7
1 0 1
2 0 1
3 0 1
t 28 20
m0 8 7
1 0 2
2 0 0
3 1 1
t 27 20
m0 9 7
1 0 1
2 0 1
3 0 1
t 26 20
m0 8 7
1 0 0
2 1 1
3 0 0
t 25 20
m0 9 7
1 0 1
2 0 1
3 0 1
t 24 20
m0 8 7
1 0 2
2 0 0
3 0 0
t 23 20
m0 9 7
1 0 3
2 0 1
3 0 1
t 22 20
m0 8 7
1 0 2
2 0 0
3 0 0
t 21 20
m0 9 7
1 0 1
2 0 1
3 0 1
t 20 20
m0 8 7
1 0 2
2 0 0
3 1 1
t 19 20
m0 9 7
1 0 1
2 0 1
3 2 1
t 18 20
m0 8 7
1 0 2
2 0 2
3 1 1
t 17 20
m0 9 7
1 0 1
2 0 3
3 0 1
t 16 20
m0 8 7
1 0 0
2 1 3
3 0 2
t 15 20
m0 9 7
1 0 1
2 0 3
3 0 1
t 14 20
m0 8 7
1 0 2
2 0 2
3 1 1
t 13 20
m0 9 7
1 0 1
2 0 1
3 2 1
t 12 20
m0 8 7
1 0 0
2 0 0
3 1 1
t 11 20
m0 9 7
1 0 1
2 0 1
3 2 1
t 10 20
m0 8 7
1 0 0
2 1 1
3 1 1
t 9 20
m0 9 7
1 0 1
2 2 1
3 0 1
t 8 20
m0 8 7
1 0 2
2 3 1
3 0 0
t 7 20
m0 9 7
1 0 1
2 4 1
3 0 1
t 6 20
m0 8 7
1 0 0
2 4 0
3 0 2
t 5 20
m0 9 7
1 0 1
2 4 1
3 0 1
t 4 20
m0 8 7
1 1 1
2 3 1
3 0 0
t 3 20
m0 9 7
1 0 1
2 4 1
3 0 1
t 2 20
m0 8 7
1 1 1
2 4 0
3 0 0
t 1 20
m0 9 7
1 1 1
2 4 0
3 0 0
t 0 20
