10
15
w 7 3
w 6 6
w 5 6
w 2 8
w 4 8
w 7 12
w 2 1
w 8 9
w 1 6
w 0 10
w 9 4
w 5 1
w 0 3
w 5 8
w 4 9
w 3 3
w 8 1
w 5 12
w 8 10
w 7 10
w 0 4
w 4 1
w 5 4
w 8 2
w 4 5
w 4 14
w 0 8
w 5 3
w 9 13
w 5 10
w 3 12
w 7 13
w 2 11
w 0 13
w 8 8
w 3 4
w 9 12
p 9 8
p 5 13
p 0 7
p 7 7
p 3 11
p 4 12
p 2 12
p 3 7
p 2 5
p 1 11
p 8 5
p 3 14
p 6 14
p 1 2
p 4 0
p 9 0
p 6 7
p 2 9
p 7 6
p 6 10
p 4 13
p 5 0
p 8 6
p 3 2
p 0 0
p 9 14
p 3 13
p 5 11
p 8 11
p 0 12
p 7 5
p 0 5
p 1 9
p 8 7
p 4 2
p 1 0
p 2 14
p 9 6
p 6 5
p 7 9
p 0 1
p 8 3
p 7 0
p 4 6
p 1 12
p 9 2
p 6 1
p 3 1
p 5 7
p 9 9
p 1 8
p 1 7
p 9 5
p 5 2
p 2 4
p 8 4
m0 0 14
1 9 0
2 9 0
3 9 0
t 300 0
m0 1 14
1 8 0
2 8 0
3 8 0
t 299 0
m0 2 14
1 9 0
2 9 0
3 9 0
t 298 1
m0 3 14
1 8 0
2 8 0
3 8 0
t 297 2
m0 3 13
1 9 0
2 9 0
3 9 0
t 296 3
m0 4 13
1 8 0
2 8 0
3 8 0
t 295 4
m0 5 13
1 9 0
2 9 0
3 9 0
t 294 5
m0 5 13
1 8 0
2 8 0
3 8 0
t 293 5
m0 5 13
1 9 0
2 9 0
3 9 0
t 292 5
m0 6 13
1 8 0
2 8 0
3 8 0
t 291 5
m0 6 14
1 9 0
2 9 0
3 9 0
t 290 6
m0 6 14
1 8 0
2 8 0
3 8 0
t 289 6
m0 7 14
1 9 0
2 9 0
3 9 0
t 288 6
m0 7 14
1 8 0
2 8 0
3 8 0
t 287 6
m0 6 14
1 9 0
2 9 0
3 9 0
t 286 6
m0 7 14
1 8 0
2 8 0
3 8 0
t 285 6
m0 7 14
1 9 0
2 9 0
3 9 0
t 284 6
m0 8 14
1 8 0
2 8 0
3 8 0
t 283 6
m0 9 14
1 7 0
2 7 0
3 7 0
t 282 7
m0 9 14
1 6 0
2 6 0
3 6 0
t 281 7
m0 9 14
1 5 0
2 5 0
3 5 0
t 280 7
m0 8 14
1 4 0
2 4 0
3 4 0
t 279 7
m0 9 14
1 3 0
2 3 0
3 3 0
t 278 7
m0 8 14
1 2 0
2 2 0
3 2 0
t 277 7
m0 9 14
1 1 0
2 1 0
3 1 0
t 276 7
m0 9 14
1 0 0
2 0 0
3 0 0
t 275 7
m0 8 14
1 1 0
2 1 0
3 1 0
t 274 7
m0 8 13
1 0 0
2 0 0
3 0 0
t 273 7
m0 8 13
1 1 0
2 1 0
3 1 0
t 272 7
m0 8 12
1 0 0
2 0 0
3 0 0
t 271 7
m0 8 11
1 1 0
2 1 0
3 1 0
t 270 8
m0 7 11
1 0 0
2 0 0
3 0 0
t 269 8
m0 8 11
1 1 0
2 1 0
3 1 0
t 268 8
m0 8 11
1 0 0
2 0 0
3 0 0
t 267 8
m0 7 11
1 1 0
2 1 0
3 1 0
t 266 8
m0 7 11
1 0 0
2 0 0
3 0 0
t 265 8
m0 8 11
1 1 0
2 1 0
3 1 0
t 264 8
m0 9 11
1 0 0
2 0 0
3 0 0
t 263 8
m0 9 11
1 1 0
2 1 0
3 1 0
f 2 14
t 262 8
m0 8 11
1 0 0
2 0 0
3 0 0
t 261 8
m0 8 11
1 1 0
2 1 0
3 1 0
t 260 8
m0 8 12
1 0 0
2 0 0
3 0 0
t 259 8
m0 8 12
1 1 0
2 1 0
3 1 0
t 258 8
m0 8 13
1 0 0
2 0 0
3 0 0
t 257 8
m0 8 13
1 1 0
2 1 0
3 1 0
t 256 8
m0 8 13
1 0 0
2 0 0
3 0 0
t 255 8
m0 8 13
1 1 0
2 1 0
3 1 0
t 254 8
m0 8 12
1 0 0
2 0 0
3 0 0
t 253 8
m0 8 11
1 1 0
2 1 0
3 1 0
t 252 8
m0 9 11
1 0 0
2 0 0
3 0 0
t 251 8
m0 9 11
1 1 0
2 1 0
3 1 0
t 250 8
m0 8 11
1 0 0
2 0 0
3 0 0
t 249 8
m0 9 11
1 1 0
2 1 0
3 1 0
t 248 8
m0 8 11
1 0 0
2 0 0
3 0 0
t 247 8
m0 7 11
1 1 0
2 1 0
3 1 0
t 246 8
m0 7 11
1 0 0
2 0 0
3 0 0
t 245 8
m0 7 11
1 1 0
2 1 0
3 1 0
t 244 8
m0 6 11
1 0 0
2 0 0
3 0 0
t 243 8
m0 6 10
1 1 0
2 1 0
3 1 0
t 242 9
m0 6 10
1 0 0
2 0 0
3 0 0
t 241 9
m0 6 10
1 1 0
2 1 0
3 1 0
t 240 9
m0 6 10
1 0 0
2 0 0
3 0 0
t 239 9
m0 6 11
1 1 0
2 1 0
3 1 0
t 238 9
m0 5 11
1 0 0
2 0 0
3 0 0
t 237 10
m0 4 11
1 1 0
2 1 0
3 1 0
t 236 10
m0 3 11
1 0 0
2 0 0
3 0 0
t 235 11
m0 4 11
1 1 0
2 1 0
3 1 0
t 234 11
m0 4 12
1 0 0
2 0 0
3 0 0
t 233 12
m0 4 13
1 1 0
2 1 0
3 1 0
t 232 12
m0 3 13
1 0 0
2 0 0
3 0 0
t 231 12
m0 3 14
1 1 0
2 1 0
3 1 0
t 230 12
m0 3 14
1 0 0
2 0 0
3 0 0
t 229 12
m0 2 14
1 1 0
2 1 0
3 1 0
t 228 22
m0 3 14
1 0 0
2 0 0
3 0 0
t 227 22
m0 3 14
1 1 0
2 1 0
3 1 0
t 226 22
m0 3 14
1 0 0
2 0 0
3 0 0
t 225 22
m0 3 13
1 1 0
2 1 0
3 1 0
t 224 22
m0 2 13
1 0 0
2 0 0
3 0 0
t 223 22
m0 2 12
1 1 0
2 1 0
3 1 0
t 222 23
m0 1 12
1 2 0
2 2 0
3 2 0
t 221 24
m0 1 11
1 3 0
2 3 0
3 3 0
t 220 25
m0 1 11
1 4 0
2 4 0
3 4 0
t 219 25
m0 0 11
1 5 0
2 5 0
3 5 0
t 218 25
m0 0 12
1 6 0
2 6 0
3 6 0
t 217 26
m0 0 12
1 7 0
2 7 0
3 7 0
t 216 26
m0 0 11
1 8 0
2 8 0
3 8 0
t 215 26
m0 0 12
1 9 0
2 9 0
3 9 0
t 214 26
m0 0 11
1 8 0
2 8 0
3 8 0
t 213 26
m0 1 11
1 9 0
2 9 0
3 9 0
t 212 26
m0 0 11
1 8 0
2 8 0
3 8 0
t 211 26
m0 0 12
1 9 0
2 9 0
3 9 0
t 210 26
m0 0 12
1 8 0
2 8 0
3 8 0
t 209 26
m0 0 11
1 9 0
2 9 0
3 9 0
t 208 26
m0 0 11
1 8 0
2 8 0
3 8 0
f 4 12
t 207 26
m0 1 11
1 9 0
2 9 0
3 9 0
t 206 26
m0 1 12
1 8 0
2 8 0
3 8 0
t 205 26
m0 1 13
1 9 0
2 9 0
3 9 0
t 204 26
m0 2 13
1 8 0
2 8 0
3 8 0
t 203 26
m0 1 13
1 9 0
2 9 0
3 9 0
t 202 26
m0 1 13
1 8 0
2 8 0
3 8 0
t 201 26
m0 2 13
1 9 0
2 9 0
3 9 0
t 200 26
m0 2 12
1 8 0
2 8 0
3 8 0
t 199 26
m0 2 12
1 9 0
2 9 0
3 9 0
t 198 26
m0 2 13
1 8 0
2 8 0
3 8 0
t 197 26
m0 1 13
1 9 0
2 9 0
3 9 0
t 196 26
m0 1 14
1 8 0
2 8 0
3 8 0
t 195 26
m0 0 14
1 9 0
2 9 0
3 9 0
t 194 26
m0 0 14
1 8 0
2 8 0
3 8 0
t 193 26
m0 1 14
1 9 0
2 9 0
3 9 0
t 192 26
m0 1 14
1 8 0
2 8 0
3 8 0
t 191 26
m0 0 14
1 9 0
2 9 0
3 9 0
t 190 26
m0 1 14
1 8 0
2 8 0
3 8 0
t 189 26
m0 1 13
1 9 0
2 9 0
3 9 0
t 188 26
m0 1 14
1 8 0
2 8 0
3 8 0
t 187 26
m0 0 14
1 9 0
2 9 0
3 9 0
t 186 26
m0 0 14
1 8 0
2 8 0
3 8 0
t 185 26
m0 1 14
1 9 0
2 9 0
3 9 0
t 184 26
m0 1 14
1 8 0
2 8 0
3 8 0
t 183 26
m0 2 14
1 9 0
2 9 0
3 9 0
t 182 26
m0 3 14
1 8 0
2 8 0
3 8 0
t 181 26
m0 3 14
1 9 0
2 9 0
3 9 0
t 180 26
m0 3 13
1 8 0
2 8 0
3 8 0
t 179 26
m0 2 13
1 9 0
2 9 0
3 9 0
t 178 26
m0 2 12
1 8 0
2 8 0
3 8 0
t 177 26
m0 1 12
1 9 0
2 9 0
3 9 0
t 176 26
m0 1 12
1 8 0
2 8 0
3 8 0
t 175 26
m0 2 12
1 9 0
2 9 0
3 9 0
t 174 26
m0 2 12
1 8 0
2 8 0
3 8 0
t 173 26
m0 2 12
1 9 0
2 9 0
3 9 0
t 172 26
m0 1 12
1 8 0
2 8 0
3 8 0
t 171 26
m0 0 12
1 9 0
2 9 0
3 9 0
t 170 26
m0 0 11
1 8 0
2 8 0
3 8 0
t 169 26
m0 0 12
1 9 0
2 9 0
3 9 0
t 168 26
m0 0 12
1 8 0
2 8 0
3 8 0
t 167 26
m0 0 12
1 9 0
2 9 0
3 9 0
t 166 26
m0 0 12
1 8 0
2 8 0
3 8 0
t 165 26
m0 0 11
1 9 0
2 9 0
3 9 0
t 164 26
m0 0 12
1 8 0
2 8 0
3 8 0
t 163 26
m0 0 12
1 9 0
2 9 0
3 9 0
t 162 26
m0 1 12
1 8 0
2 8 0
3 8 0
t 161 26
m0 1 12
1 9 0
2 9 0
3 9 0
t 160 26
m0 2 12
1 8 0
2 8 0
3 8 0
t 159 26
m0 1 12
1 9 0
2 9 0
3 9 0
t 158 26
m0 1 11
1 8 0
2 8 0
3 8 0
t 157 26
m0 1 10
1 9 0
2 9 0
3 9 0
t 156 26
m0 1 9
1 8 0
2 8 0
3 8 0
t 155 27
m0 2 9
1 9 0
2 9 0
3 9 0
t 154 28
m0 1 9
1 8 0
2 8 0
3 8 0
t 153 28
m0 1 8
1 9 0
2 9 0
3 9 0
t 152 29
m0 1 7
1 8 0
2 8 0
3 8 0
t 151 30
m0 0 7
1 9 0
2 9 0
3 9 0
t 150 31
m0 0 7
1 8 0
2 8 0
3 8 0
t 149 31
m0 0 7
1 9 0
2 9 0
3 9 0
t 148 31
m0 0 6
1 8 0
2 8 0
3 8 0
t 147 31
m0 0 5
1 9 0
2 9 0
3 9 0
t 146 32
m0 0 5
1 8 0
2 8 0
3 8 0
t 145 32
m0 0 6
1 9 0
2 9 0
3 9 0
t 144 32
m0 0 6
1 8 0
2 8 0
3 8 0
t 143 32
m0 0 7
1 9 0
2 9 0
3 9 0
t 142 32
m0 0 6
1 8 0
2 8 0
3 8 0
t 141 32
m0 0 7
1 9 0
2 9 0
3 9 0
t 140 32
m0 1 7
1 8 0
2 8 0
3 8 0
t 139 32
m0 2 7
1 9 0
2 9 0
3 9 0
t 138 32
m0 3 7
1 8 0
2 8 0
3 8 0
t 137 33
m0 3 7
1 9 0
2 9 0
3 9 0
t 136 33
m0 3 7
1 8 0
2 8 0
3 8 0
t 135 33
m0 3 7
1 9 0
2 9 0
3 9 0
t 134 33
m0 3 6
1 8 0
2 8 0
3 8 0
t 133 33
m0 4 6
1 9 0
2 9 0
3 9 0
t 132 34
m0 4 7
1 8 0
2 8 0
3 8 0
t 131 34
m0 5 7
1 9 0
2 9 0
3 9 0
t 130 35
m0 6 7
1 8 0
2 8 0
3 8 0
t 129 36
m0 7 7
1 9 0
2 9 0
3 9 0
t 128 37
m0 8 7
1 8 0
2 8 0
3 8 0
t 127 38
m0 8 6
1 9 0
2 9 0
3 9 0
t 126 39
m0 9 6
1 8 0
2 8 0
3 8 0
t 125 40
m0 9 5
1 7 0
2 7 0
3 7 0
t 124 41
m0 8 5
1 6 0
2 6 0
3 6 0
t 123 42
m0 8 4
1 5 0
2 5 0
3 5 0
t 122 43
m0 8 3
1 4 0
2 4 0
3 4 0
t 121 44
m0 8 3
1 3 0
2 3 0
3 3 0
t 120 44
m0 8 3
1 2 0
2 2 0
3 2 0
t 119 44
m0 9 3
1 1 0
2 1 0
3 1 0
t 118 44
m0 9 2
1 0 0
2 0 0
3 0 0
t 117 45
m0 9 1
1 1 0
2 1 0
3 1 0
t 116 45
m0 9 0
1 0 0
2 0 0
3 0 0
t 115 46
m0 8 0
1 0 1
2 0 1
3 0 1
t 114 46
m0 7 0
1 0 2
2 0 2
3 0 2
t 113 47
m0 8 0
1 1 2
2 1 2
3 1 2
t 112 47
m0 8 0
1 0 2
2 0 2
3 0 2
t 111 47
m0 7 0
1 1 2
2 1 2
3 1 2
t 110 47
m0 7 1
1 0 2
2 0 2
3 0 2
t 109 47
m0 6 1
1 1 2
2 1 2
3 1 2
t 108 48
m0 6 1
1 0 2
2 0 2
3 0 2
t 107 48
m0 6 2
1 0 1
2 0 1
3 0 1
t 106 48
m0 5 2
1 0 0
2 0 0
3 0 0
t 105 49
m0 4 2
1 1 0
2 1 0
3 1 0
t 104 50
m0 3 2
1 0 0
2 0 0
3 0 0
t 103 51
m0 3 1
1 1 0
2 1 0
3 1 0
t 102 52
m0 3 0
1 0 0
2 0 0
3 0 0
t 101 52
m0 4 0
1 0 1
2 0 1
3 0 1
t 100 53
m0 5 0
1 0 2
2 0 2
3 0 2
t 99 54
m0 4 0
1 1 2
2 1 2
3 1 2
t 98 54
m0 5 0
1 0 2
2 0 2
3 0 2
t 97 54
m0 5 0
1 1 2
2 1 2
3 1 2
t 96 54
m0 6 0
1 0 2
2 0 2
3 0 2
t 95 54
m0 5 0
1 1 2
2 1 2
3 1 2
t 94 54
m0 4 0
1 0 2
2 0 2
3 0 2
t 93 54
m0 3 0
1 1 2
2 1 2
3 1 2
t 92 54
m0 2 0
1 0 2
2 0 2
3 0 2
t 91 54
m0 1 0
1 1 2
2 1 2
3 1 2
t 90 55
m0 0 0
1 2 2
2 2 2
3 2 2
t 89 56
m0 0 1
1 3 2
2 3 2
3 3 2
t 88 57
m0 1 1
1 4 2
2 4 2
3 4 2
t 87 57
m0 1 2
1 5 2
2 5 2
3 5 2
t 86 58
m0 2 2
1 6 2
2 6 2
3 6 2
t 85 58
m0 3 2
1 7 2
2 7 2
3 7 2
t 84 58
m0 2 2
1 7 1
2 7 1
3 7 1
t 83 58
m0 2 2
1 7 0
2 7 0
3 7 0
t 82 58
m0 3 2
1 8 0
2 8 0
3 8 0
t 81 58
m0 4 2
1 9 0
2 9 0
3 9 0
t 80 58
m0 4 2
1 8 0
2 8 0
3 8 0
t 79 58
m0 4 2
1 9 0
2 9 0
3 9 0
t 78 58
m0 4 2
1 8 0
2 8 0
3 8 0
t 77 58
m0 5 2
1 9 0
2 9 0
3 9 0
t 76 58
m0 6 2
1 8 0
2 8 0
3 8 0
t 75 58
m0 6 1
1 9 0
2 9 0
3 9 0
t 74 58
m0 7 1
1 8 0
2 8 0
3 8 0
t 73 58
m0 6 1
1 9 0
2 9 0
3 9 0
t 72 58
m0 7 1
1 8 0
2 8 0
3 8 0
t 71 58
m0 7 2
1 9 0
2 9 0
3 9 0
t 70 58
m0 6 2
1 8 0
2 8 0
3 8 0
t 69 58
m0 6 3
1 9 0
2 9 0
3 9 0
t 68 58
m0 6 3
1 8 0
2 8 0
3 8 0
t 67 58
m0 6 2
1 9 0
2 9 0
3 9 0
t 66 58
m0 6 1
1 8 0
2 8 0
3 8 0
t 65 58
m0 7 1
1 9 0
2 9 0
3 9 0
t 64 58
m0 7 1
1 8 0
2 8 0
3 8 0
t 63 58
m0 7 1
1 9 0
2 9 0
3 9 0
t 62 58
m0 7 1
1 8 0
2 8 0
3 8 0
t 61 58
m0 7 2
1 9 0
2 9 0
3 9 0
t 60 58
m0 6 2
1 8 0
2 8 0
3 8 0
t 59 58
m0 7 2
1 9 0
2 9 0
3 9 0
t 58 58
m0 6 2
1 8 0
2 8 0
3 8 0
t 57 58
m0 5 2
1 9 0
2 9 0
3 9 0
t 56 58
m0 5 2
1 8 0
2 8 0
3 8 0
t 55 58
m0 4 2
1 9 0
2 9 0
3 9 0
t 54 58
m0 4 3
1 8 0
2 8 0
3 8 0
t 53 58
m0 4 4
1 9 0
2 9 0
3 9 0
t 52 58
m0 4 4
1 8 0
2 8 0
3 8 0
t 51 58
m0 4 4
1 9 0
2 9 0
3 9 0
t 50 58
m0 4 4
1 8 0
2 8 0
3 8 0
t 49 58
m0 4 4
1 9 0
2 9 0
3 9 0
t 48 58
m0 4 4
1 8 0
2 8 0
3 8 0
t 47 58
m0 4 3
1 9 0
2 9 0
3 9 0
t 46 58
m0 4 2
1 8 0
2 8 0
3 8 0
t 45 58
m0 4 2
1 9 0
2 9 0
3 9 0
t 44 58
m0 5 2
1 8 0
2 8 0
3 8 0
t 43 58
m0 6 2
1 9 0
2 9 0
3 9 0
t 42 58
m0 6 2
1 8 0
2 8 0
3 8 0
t 41 58
m0 7 2
1 9 0
2 9 0
3 9 0
t 40 58
m0 7 2
1 8 0
2 8 0
3 8 0
t 39 58
m0 7 1
1 9 0
2 9 0
3 9 0
t 38 58
m0 7 1
1 8 0
2 8 0
3 8 0
t 37 58
m0 7 1
1 9 0
2 9 0
3 9 0
t 36 58
m0 7 0
1 9 1
2 9 1
3 9 1
t 35 58
m0 7 1
1 9 0
2 9 0
3 9 0
t 34 58
m0 6 1
1 8 0
2 8 0
3 8 0
t 33 58
m0 6 0
1 9 0
2 9 0
3 9 0
t 32 58
m0 6 1
1 8 0
2 8 0
3 8 0
t 31 58
m0 7 1
1 9 0
2 9 0
3 9 0
t 30 58
m0 7 2
1 8 0
2 8 0
3 8 0
t 29 58
m0 7 1
1 9 0
2 9 0
3 9 0
t 28 58
m0 6 1
1 8 0
2 8 0
3 8 0
t 27 58
m0 6 2
1 9 0
2 9 0
3 9 0
t 26 58
m0 6 2
1 8 0
2 8 0
3 8 0
t 25 58
m0 6 2
1 9 0
2 9 0
3 9 0
t 24 58
m0 6 2
1 8 0
2 8 0
3 8 0
t 23 58
m0 6 1
1 9 0
2 9 0
3 9 0
t 22 58
m0 6 1
1 8 0
2 8 0
3 8 0
t 21 58
m0 6 0
1 9 0
2 9 0
3 9 0
t 20 58
m0 6 0
1 9 1
2 9 1
3 9 1
t 19 58
m0 6 1
1 9 0
2 9 0
3 9 0
t 18 58
m0 6 2
1 8 0
2 8 0
3 8 0
t 17 58
m0 5 2
1 9 0
2 9 0
3 9 0
t 16 58
m0 5 2
1 8 0
2 8 0
3 8 0
t 15 58
m0 6 2
1 9 0
2 9 0
3 9 0
t 14 58
m0 5 2
1 8 0
2 8 0
3 8 0
t 13 58
m0 5 2
1 9 0
2 9 0
3 9 0
t 12 58
m0 5 2
1 8 0
2 8 0
3 8 0
t 11 58
m0 4 2
1 9 0
2 9 0
3 9 0
t 10 58
m0 5 2
1 8 0
2 8 0
3 8 0
t 9 58
m0 4 2
1 9 0
2 9 0
3 9 0
t 8 58
m0 5 2
1 8 0
2 8 0
3 8 0
t 7 58
m0 6 2
1 9 0
2 9 0
3 9 0
t 6 58
m0 6 3
1 8 0
2 8 0
3 8 0
t 5 58
m0 6 3
1 9 0
2 9 0
3 9 0
t 4 58
m0 6 4
1 8 0
2 8 0
3 8 0
t 3 58
m0 6 5
1 9 0
2 9 0
3 9 0
t 2 59
m0 7 5
1 8 0
2 8 0
3 8 0
t 1 60
m0 7 6
1 8 0
2 8 0
3 8 0
t 0 61
