10
15
w 7 3
w 6 6
w 9 8
w 5 13
w 1 6
w 6 14
w 4 9
w 6 7
w 7 6
w 4 4
w 8 10
w 2 13
w 7 10
w 2 2
w 1 10
w 3 6
w 4 1
w 1 1
w 6 4
w 9 14
w 8 2
w 3 13
w 6 11
w 4 5
w 1 4
w 3 9
w 9 6
w 4 11
w 9 13
w 1 12
w 6 1
w 6 13
w 4 3
w 9 5
w 7 8
w 0 2
w 9 12
p 5 9
p 4 7
p 7 12
p 2 8
p 3 11
p 0 7
p 7 7
p 6 2
p 0 10
p 7 11
p 2 5
p 1 11
p 8 5
p 0 3
p 5 8
p 4 0
p 1 2
p 8 14
p 9 0
p 5 5
p 2 9
p 3 10
p 6 10
p 5 12
p 6 3
p 9 11
p 0 4
p 9 7
p 3 2
p 2 6
p 8 11
p 9 3
p 4 14
p 0 12
p 9 10
p 7 5
p 4 2
p 6 12
p 0 8
p 6 5
p 3 5
p 2 7
p 0 1
p 5 3
p 5 10
p 6 8
p 3 12
p 7 13
p 2 11
p 9 9
p 7 4
p 0 6
p 1 8
p 8 8
p 0 9
p 5 2
m0 0 14
1 9 0
2 9 0
3 9 0
t 300 0
m0 1 14
1 9 1
2 9 1
3 9 1
t 299 0
m0 2 14
1 9 0
2 9 2
3 8 1
t 298 0
m0 1 14
1 8 0
2 9 3
3 7 1
t 297 0
m0 2 14
1 8 1
2 9 2
3 8 1
t 296 0
m0 3 14
1 8 0
2 9 3
3 8 0
t 295 0
m0 4 14
1 9 0
2 8 3
3 8 1
t 294 1
m0 4 14
1 8 0
2 8 4
3 8 0
t 293 1
m0 3 14
1 9 0
2 8 3
3 7 0
t 292 1
m0 2 14
1 9 1
2 9 3
3 6 0
t 291 1
m0 1 14
1 8 1
2 9 4
3 7 0
t 290 1
m0 0 14
1 8 0
2 9 3
3 8 0
t 289 1
m0 1 14
1 8 1
2 8 3
3 7 0
t 288 1
m0 1 14
1 9 1
2 8 4
3 8 0
t 287 1
m0 1 14
1 9 0
2 8 5
3 9 0
t 286 1
m0 1 13
1 9 1
2 7 5
3 8 0
t 285 1
m0 0 13
1 9 0
2 8 5
3 7 0
t 284 1
m0 0 14
1 9 1
2 7 5
3 8 0
t 283 1
m0 0 14
1 9 2
2 7 4
3 9 0
t 282 1
m0 0 14
1 9 1
2 8 4
3 8 0
t 281 1
m0 0 13
1 9 2
2 9 4
3 9 0
t 280 1
m0 0 13
1 9 1
2 8 4
3 8 0
t 279 1
m0 0 12
1 9 0
2 8 5
3 9 0
t 278 2
m0 0 12
1 8 0
2 8 6
3 9 1
t 277 2
m0 0 12
1 8 1
2 8 7
3 9 2
t 276 2
m0 0 13
1 8 0
2 9 7
3 9 3
t 275 2
m0 0 14
1 9 0
2 8 7
3 9 4
t 274 2
m0 0 14
1 9 1
2 8 6
3 8 4
t 273 2
m0 0 13
1 9 2
2 8 5
3 8 3
t 272 2
m0 0 12
1 9 1
2 8 4
3 8 4
t 271 2
m0 0 12
1 9 2
2 8 3
3 9 4
t 270 2
m0 0 13
1 9 3
2 9 3
3 9 3
t 269 2
m0 0 14
1 9 2
2 8 3
3 9 4
t 268 2
m0 0 14
1 9 1
2 9 3
3 8 4
f 4 14
t 267 2
m0 0 14
1 9 0
2 9 4
3 7 4
t 266 2
m0 0 14
1 9 1
2 9 3
3 8 4
t 265 2
m0 0 13
1 9 2
2 9 2
3 8 3
t 264 2
m0 0 12
1 9 1
2 9 1
3 9 3
t 263 2
m0 0 11
1 9 0
2 9 0
3 9 2
t 262 2
m0 0 10
1 9 1
2 9 1
3 9 3
t 261 3
m0 0 9
1 9 0
2 9 0
3 8 3
t 260 4
m0 1 9
1 8 0
2 8 0
3 9 3
t 259 4
m0 1 8
1 9 0
2 8 1
3 9 2
t 258 5
m0 1 7
1 8 0
2 9 1
3 9 1
t 257 5
m0 2 7
1 9 0
2 9 2
3 8 1
t 256 6
m0 1 7
1 8 0
2 9 3
3 8 0
t 255 6
m0 0 7
1 9 0
2 9 2
3 9 0
t 254 7
m0 1 7
1 8 0
2 9 1
3 8 0
t 253 7
m0 1 7
1 9 0
2 8 1
3 9 0
t 252 7
m0 0 7
1 8 0
2 8 0
3 9 1
t 251 7
m0 0 7
1 8 1
2 7 0
3 9 0
t 250 7
m0 1 7
1 9 1
2 7 1
3 8 0
t 249 7
m0 2 7
1 9 2
2 7 0
3 7 0
t 248 7
m0 1 7
1 9 1
2 6 0
3 7 1
t 247 7
m0 1 7
1 9 0
2 5 0
3 8 1
t 246 7
m0 2 7
1 8 0
2 4 0
3 8 0
t 245 7
m0 1 7
1 9 0
2 5 0
3 9 0
t 244 7
m0 1 8
1 8 0
2 6 0
3 9 1
t 243 7
m0 1 8
1 8 1
2 7 0
3 9 2
t 242 7
m0 1 7
1 9 1
2 7 1
3 9 1
t 241 7
m0 1 7
1 9 0
2 7 0
3 8 1
t 240 7
m0 0 7
1 8 0
2 8 0
3 7 1
t 239 7
m0 1 7
1 8 1
2 7 0
3 7 2
t 238 7
m0 1 8
1 7 1
2 8 0
3 6 2
t 237 7
m0 0 8
1 8 1
2 7 0
3 6 3
t 236 8
m0 0 9
1 9 1
2 7 1
3 5 3
t 235 8
m0 0 10
1 9 0
2 8 1
3 5 4
t 234 8
m0 0 9
1 8 0
2 8 0
3 5 3
t 233 8
m0 0 8
1 9 0
2 9 0
3 5 2
t 232 8
m0 0 8
1 8 0
2 8 0
3 5 1
t 231 8
m0 0 9
1 9 0
2 7 0
3 5 0
t 230 8
m0 0 9
1 8 0
2 6 0
3 5 1
t 229 8
m0 0 8
1 9 0
2 5 0
3 5 0
t 228 8
m0 0 9
1 8 0
2 5 1
3 4 0
t 227 8
m0 0 9
1 9 0
2 5 0
3 3 0
t 226 8
m0 0 10
1 9 1
2 5 1
3 4 0
t 225 8
m0 0 10
1 9 0
2 5 0
3 5 0
t 224 8
m0 0 11
1 8 0
2 5 1
3 4 0
t 223 8
m0 0 12
1 8 1
2 5 2
3 5 0
t 222 8
m0 0 11
1 9 1
2 5 1
3 5 1
t 221 8
m0 1 11
1 8 1
2 5 2
3 5 0
t 220 9
m0 0 11
1 8 0
2 6 2
3 6 0
t 219 9
m0 0 11
1 7 0
2 6 3
3 5 0
t 218 9
m0 0 11
1 6 0
2 6 2
3 4 0
t 217 9
m0 0 11
1 7 0
2 6 3
3 5 0
t 216 9
m0 0 10
1 8 0
2 5 3
3 6 0
t 215 9
m0 0 10
1 7 0
2 6 3
3 5 0
t 214 9
m0 0 10
1 6 0
2 6 2
3 4 0
t 213 9
m0 0 9
1 7 0
2 6 3
3 3 0
t 212 9
m0 0 8
1 8 0
2 6 2
3 2 0
t 211 9
m0 0 9
1 7 0
2 7 2
3 3 0
t 210 9
m0 0 10
1 6 0
2 7 1
3 3 1
t 209 9
m0 0 9
1 5 0
2 7 2
3 3 0
t 208 9
m0 1 9
1 4 0
2 6 2
3 3 1
t 207 9
m0 1 8
1 3 0
2 6 3
3 3 0
t 206 9
m0 1 7
1 2 0
2 6 2
3 2 0
t 205 9
m0 0 7
1 3 0
2 7 2
3 2 1
t 204 9
m0 0 7
1 4 0
2 7 1
3 2 0
t 203 9
m0 0 8
1 5 0
2 7 2
3 1 0
t 202 9
m0 0 7
1 5 1
2 7 1
3 2 0
t 201 9
m0 1 7
1 5 0
2 7 0
3 1 0
t 200 9
m0 0 7
1 5 1
2 8 0
3 2 0
t 199 9
m0 0 6
1 5 2
2 7 0
3 3 0
t 198 10
m0 0 5
1 6 2
2 8 0
3 4 0
t 197 10
m0 0 4
1 5 2
2 7 0
3 5 0
t 196 11
m0 0 5
1 5 1
2 6 0
3 6 0
t 195 11
m0 0 6
1 5 0
2 5 0
3 5 0
t 194 11
m0 0 7
1 4 0
2 5 1
3 4 0
t 193 11
m0 0 7
1 5 0
2 5 2
3 3 0
t 192 11
m0 0 8
1 4 0
2 5 3
3 4 0
t 191 11
m0 0 7
1 3 0
2 6 3
3 3 0
t 190 11
m0 1 7
1 4 0
2 5 3
3 3 1
t 189 11
m0 0 7
1 3 0
2 6 3
3 3 2
t 188 11
m0 1 7
1 3 1
2 5 3
3 3 1
t 187 11
m0 1 8
1 3 0
2 6 3
3 3 2
t 186 11
m0 1 8
1 3 1
2 5 3
3 3 3
t 185 11
m0 0 8
1 3 2
2 5 2
3 3 2
t 184 11
m0 0 8
1 3 1
2 5 3
3 3 1
t 183 11
m0 1 8
1 2 1
2 5 2
3 3 0
t 182 11
m0 0 8
1 2 0
2 4 2
3 3 1
t 181 11
m0 0 8
1 3 0
2 5 2
3 3 0
t 180 11
m0 0 8
1 4 0
2 5 3
3 4 0
t 179 11
m0 1 8
1 5 0
2 6 3
3 3 0
t 178 11
m0 0 8
1 6 0
2 6 2
3 4 0
t 177 11
m0 0 7
1 7 0
2 6 3
3 3 0
t 176 11
m0 0 8
1 6 0
2 5 3
3 3 1
t 175 11
m0 0 9
1 7 0
2 5 4
3 3 0
t 174 11
m0 0 8
1 8 0
2 5 3
3 2 0
t 173 11
m0 0 8
1 9 0
2 5 2
3 3 0
t 172 11
m0 0 8
1 9 1
2 5 1
3 3 1
t 171 11
m0 0 7
1 9 2
2 5 2
3 3 0
t 170 11
m0 0 8
1 9 3
2 5 3
3 2 0
t 169 11
m0 0 9
1 9 2
2 6 3
3 1 0
t 168 11
m0 0 9
1 9 3
2 5 3
3 2 0
t 167 11
m0 0 9
1 9 2
2 5 2
3 2 1
t 166 11
m0 0 9
1 9 1
2 5 3
3 2 0
t 165 11
m0 0 9
1 9 2
2 6 3
3 3 0
t 164 11
m0 0 8
1 9 3
2 6 2
3 4 0
t 163 11
m0 1 8
1 9 2
2 5 2
3 5 0
t 162 11
m0 1 7
1 9 3
2 6 2
3 6 0
t 161 11
m0 2 7
1 9 4
2 5 2
3 5 0
t 160 11
m0 2 8
1 8 4
2 5 1
3 5 1
t 159 12
m0 1 8
1 8 3
2 5 0
3 5 0
t 158 12
m0 0 8
1 8 4
2 4 0
3 4 0
t 157 12
m0 0 9
1 8 5
2 3 0
3 3 0
t 156 12
m0 1 9
1 8 4
2 3 1
3 4 0
t 155 12
m0 1 9
1 8 3
2 2 1
3 5 0
t 154 12
m0 1 9
1 9 3
2 3 1
3 4 0
t 153 12
m0 2 9
1 8 3
2 3 2
3 3 0
t 152 13
m0 2 10
1 9 3
2 3 1
3 4 0
t 151 13
m0 3 10
1 9 2
2 3 0
3 5 0
t 150 14
m0 3 10
1 9 3
2 4 0
3 6 0
t 149 14
m0 2 10
1 9 2
2 3 0
3 5 0
t 148 14
m0 2 10
1 9 1
2 4 0
3 6 0
t 147 14
m0 2 11
1 9 2
2 5 0
3 5 0
t 146 15
m0 3 11
1 9 3
2 4 0
3 6 0
t 145 16
m0 3 10
1 9 4
2 5 0
3 7 0
t 144 16
m0 2 10
1 8 4
2 4 0
3 7 1
t 143 16
m0 2 9
1 9 4
2 5 0
3 8 1
t 142 16
m0 1 9
1 9 3
2 4 0
3 8 0
t 141 16
m0 1 9
1 8 3
2 5 0
3 8 1
t 140 16
m0 1 9
1 8 4
2 5 1
3 8 0
t 139 16
m0 1 9
1 8 5
2 5 0
3 9 0
t 138 16
m0 1 9
1 8 4
2 5 1
3 8 0
t 137 16
m0 0 9
1 8 3
2 5 2
3 8 1
t 136 16
m0 0 8
1 8 4
2 6 2
3 7 1
t 135 16
m0 0 8
1 9 4
2 7 2
3 8 1
t 134 16
m0 0 9
1 9 3
2 6 2
3 7 1
t 133 16
m0 0 9
1 9 2
2 7 2
3 8 1
t 132 16
m0 0 10
1 9 3
2 7 1
3 7 1
t 131 16
m0 0 10
1 9 2
2 7 2
3 7 0
t 130 16
m0 0 10
1 9 1
2 7 1
3 6 0
t 129 16
m0 0 10
1 8 1
2 7 2
3 7 0
t 128 16
m0 0 10
1 7 1
2 6 2
3 7 1
t 127 16
m0 0 11
1 7 2
2 5 2
3 7 2
t 126 16
m0 0 11
1 7 1
2 5 1
3 7 1
t 125 16
m0 1 11
1 8 1
2 5 2
3 7 0
t 124 16
m0 0 11
1 8 0
2 5 3
3 7 1
t 123 16
m0 0 11
1 8 1
2 5 2
3 7 2
t 122 16
m0 0 10
1 8 0
2 5 3
3 6 2
t 121 16
m0 0 9
1 7 0
2 5 2
3 6 3
t 120 16
m0 0 10
1 8 0
2 4 2
3 5 3
t 119 16
m0 0 10
1 7 0
2 5 2
3 5 4
t 118 16
m0 0 10
1 6 0
2 5 3
3 5 3
t 117 16
m0 0 10
1 5 0
2 5 4
3 5 4
t 116 16
m0 0 9
1 6 0
2 5 3
3 5 3
t 115 16
m0 0 10
1 7 0
2 5 2
3 6 3
t 114 16
m0 0 11
1 8 0
2 6 2
3 6 2
t 113 16
m0 0 11
1 9 0
2 6 3
3 5 2
t 112 16
m0 1 11
1 9 1
2 6 2
3 4 2
t 111 16
m0 0 11
1 9 0
2 6 3
3 5 2
t 110 16
m0 0 10
1 9 1
2 5 3
3 6 2
t 109 16
m0 0 9
1 9 0
2 5 2
3 7 2
t 108 16
m0 0 9
1 8 0
2 5 3
3 6 2
t 107 16
m0 0 8
1 9 0
2 5 2
3 7 2
t 106 16
m0 1 8
1 8 0
2 6 2
3 7 1
t 105 16
m0 0 8
1 8 1
2 5 2
3 8 1
t 104 16
m0 0 7
1 8 0
2 6 2
3 9 1
t 103 16
m0 1 7
1 8 1
2 5 2
3 9 0
t 102 16
m0 0 7
1 7 1
2 5 1
3 8 0
t 101 16
m0 1 7
1 7 0
2 5 2
3 7 0
t 100 16
m0 0 7
1 7 1
2 4 2
3 8 0
t 99 16
m0 0 8
1 8 1
2 5 2
3 7 0
t 98 16
m0 0 8
1 8 0
2 5 3
3 8 0
t 97 16
m0 0 8
1 7 0
2 5 2
3 9 0
t 96 16
m0 0 9
1 7 1
2 5 3
3 8 0
t 95 16
m0 0 8
1 8 1
2 5 2
3 8 1
t 94 16
m0 0 8
1 8 0
2 4 2
3 9 1
t 93 16
m0 0 8
1 8 1
2 3 2
3 9 0
t 92 16
m0 0 9
1 7 1
2 4 2
3 9 1
t 91 16
m0 1 9
1 7 0
2 5 2
3 9 0
t 90 16
m0 1 8
1 6 0
2 4 2
3 8 0
t 89 16
m0 0 8
1 5 0
2 3 2
3 9 0
t 88 16
m0 0 8
1 6 0
2 4 2
3 9 1
t 87 16
m0 0 7
1 5 0
2 3 2
3 8 1
t 86 16
m0 0 6
1 4 0
2 4 2
3 9 1
t 85 16
m0 0 6
1 5 0
2 5 2
3 9 0
t 84 16
m0 0 7
1 6 0
2 4 2
3 8 0
t 83 16
m0 0 8
1 5 0
2 5 2
3 8 1
t 82 16
m0 0 8
1 6 0
2 6 2
3 9 1
t 81 16
m0 0 7
1 7 0
2 6 3
3 9 0
t 80 16
m0 0 6
1 8 0
2 6 2
3 8 0
t 79 16
m0 0 7
1 8 1
2 5 2
3 8 1
t 78 16
m0 0 7
1 9 1
2 5 3
3 9 1
t 77 16
m0 0 8
1 9 0
2 5 2
3 9 2
t 76 16
m0 1 8
1 9 1
2 5 3
3 9 3
t 75 16
m0 1 8
1 9 0
2 5 2
3 9 2
t 74 16
m0 1 8
1 9 1
2 5 1
3 9 3
t 73 16
m0 1 9
1 8 1
2 5 0
3 8 3
t 72 16
m0 1 9
1 9 1
2 5 1
3 8 4
t 71 16
m0 1 8
1 9 0
2 5 2
3 8 3
t 70 16
m0 0 8
1 9 1
2 4 2
3 8 4
t 69 16
m0 0 7
1 8 1
2 3 2
3 8 3
t 68 16
m0 0 7
1 8 0
2 3 1
3 9 3
t 67 16
m0 0 6
1 9 0
2 3 0
3 9 4
t 66 16
m0 0 6
1 9 1
2 4 0
3 9 3
t 65 16
m0 0 6
1 9 0
2 5 0
3 9 4
t 64 16
m0 0 5
1 9 1
2 6 0
3 8 4
t 63 16
m0 0 4
1 9 2
2 7 0
3 8 5
t 62 16
m0 0 3
1 9 1
2 6 0
3 8 6
t 61 17
m0 0 3
1 9 0
2 7 0
3 8 5
t 60 17
m0 0 4
1 8 0
2 6 0
3 7 5
t 59 17
m0 0 4
1 7 0
2 7 0
3 8 5
t 58 17
m0 0 4
1 8 0
2 8 0
3 8 4
t 57 17
m0 0 5
1 8 1
2 9 0
3 8 3
t 56 17
m0 0 4
1 8 0
2 9 1
3 9 3
t 55 17
m0 0 5
1 9 0
2 9 2
3 9 4
t 54 17
m0 0 4
1 9 1
2 9 3
3 8 4
t 53 17
m0 0 5
1 8 1
2 8 3
3 8 5
t 52 17
m0 0 4
1 9 1
2 9 3
3 8 4
t 51 17
m0 0 3
1 9 2
2 8 3
3 7 4
t 50 17
m0 0 3
1 9 3
2 9 3
3 7 5
t 49 17
m0 0 3
1 9 2
2 9 2
3 8 5
t 48 17
m0 1 3
1 9 3
2 9 1
3 8 6
t 47 17
m0 1 3
1 9 4
2 9 0
3 8 7
t 46 17
m0 1 2
1 8 4
2 8 0
3 8 8
t 45 18
m0 1 3
1 8 5
2 9 0
3 8 9
t 44 18
m0 1 2
1 8 6
2 9 1
3 7 9
t 43 18
m0 1 3
1 8 5
2 8 1
3 8 9
t 42 18
m0 2 3
1 7 5
2 7 1
3 9 9
t 41 18
m0 2 4
1 8 5
2 8 1
3 9 10
t 40 18
m0 2 3
1 8 6
2 8 0
3 9 9
t 39 18
m0 1 3
1 8 7
2 7 0
3 8 9
t 38 18
m0 0 3
1 8 8
2 6 0
3 8 8
t 37 18
m0 0 3
1 8 9
2 7 0
3 8 7
t 36 18
m0 0 4
1 9 9
2 7 1
3 8 8
t 35 18
m0 0 5
1 9 10
2 8 1
3 8 9
t 34 18
m0 0 5
1 9 9
2 7 1
3 7 9
t 33 18
m0 1 5
1 9 10
2 8 1
3 8 9
t 32 18
m0 1 5
1 9 9
2 9 1
3 9 9
t 31 18
m0 1 5
1 8 9
2 9 0
3 8 9
t 30 18
m0 0 5
1 9 9
2 8 0
3 8 8
t 29 18
m0 1 5
1 9 10
2 8 1
3 8 9
t 28 18
m0 0 5
1 9 9
2 9 1
3 9 9
t 27 18
m0 1 5
1 8 9
2 8 1
3 9 10
t 26 18
m0 2 5
1 7 9
2 7 1
3 9 9
t 25 19
m0 3 5
1 8 9
2 7 2
3 9 10
t 24 20
m0 2 5
1 9 9
2 7 1
3 9 11
t 23 20
m0 1 5
1 8 9
2 8 1
3 9 10
t 22 20
m0 1 5
1 9 9
2 8 0
3 9 11
t 21 20
m0 1 5
1 9 10
2 7 0
3 9 10
t 20 20
m0 0 5
1 9 9
2 7 1
3 9 11
t 19 20
m0 0 4
1 9 10
2 7 0
3 9 10
t 18 20
m0 0 3
1 9 11
2 8 0
3 9 11
t 17 20
m0 0 3
1 8 11
2 9 0
3 8 11
t 16 20
m0 0 3
1 8 12
2 8 0
3 8 12
t 15 20
m0 1 3
1 8 13
2 9 0
3 7 12
t 14 20
m0 0 3
1 8 12
2 8 0
3 7 13
t 13 20
m0 0 3
1 8 11
2 8 1
3 8 13
t 12 20
m0 0 3
1 9 11
2 7 1
3 8 12
t 11 20
m0 1 3
1 8 11
2 7 0
3 8 11
t 10 20
m0 2 3
1 8 12
2 6 0
3 9 11
t 9 20
m0 3 3
1 8 11
2 5 0
3 9 10
t 8 20
m0 2 3
1 9 11
2 6 0
3 9 9
t 7 20
m0 2 3
1 9 10
2 7 0
3 9 10
t 6 20
m0 2 3
1 9 11
2 7 1
3 9 11
t 5 20
m0 3 3
1 9 10
2 8 1
3 8 11
t 4 20
m0 3 2
1 9 9
2 9 1
3 9 11
t 3 21
m0 4 2
1 9 10
2 9 0
3 8 11
t 2 22
m0 5 2
1 9 11
2 8 0
3 8 12
t 1 23
m0 5 3
1 9 11
2 8 0
3 8 12
t 0 24
