10
15
w 6 9
w 7 7
w 0 7
w 8 9
w 2 12
w 0 10
w 9 4
w 7 11
w 5 8
w 1 2
w 2 9
w 1 14
w 1 5
w 0 11
w 8 6
w 4 1
w 5 4
w 2 6
w 8 2
w 5 11
w 3 13
w 6 11
w 5 2
w 0 12
w 7 5
w 1 0
w 5 3
w 7 0
w 4 6
w 7 13
w 3 1
w 2 11
w 3 8
w 6 13
w 0 9
w 3 4
w 2 4
p 4 7
p 1 3
p 6 6
p 3 0
p 9 8
p 8 0
p 4 12
p 3 7
p 2 5
p 1 11
p 7 2
p 4 0
p 6 14
p 8 14
p 3 3
p 5 5
p 8 1
p 7 6
p 4 4
p 3 10
p 4 13
p 2 13
p 9 11
p 2 2
p 1 10
p 0 4
p 9 7
p 4 10
p 7 14
p 4 5
p 8 11
p 1 4
p 2 10
p 9 10
p 3 9
p 6 12
p 2 14
p 9 6
p 6 5
p 3 5
p 9 13
p 8 3
p 5 10
p 8 12
p 9 2
p 5 7
p 0 13
p 7 4
p 5 14
p 1 8
p 4 3
p 1 7
p 9 5
p 0 2
p 9 12
p 8 4
m0 0 14
1 9 0
2 9 0
3 9 0
t 300 0
m0 0 13
1 8 0
2 9 1
3 8 0
t 299 1
m0 1 13
1 9 0
2 9 2
3 8 1
t 298 11
m0 2 13
1 8 0
2 9 3
3 9 1
t 297 12
m0 2 13
1 9 0
2 8 3
3 8 1
t 296 12
m0 2 13
1 8 0
2 9 3
3 9 1
t 295 12
m0 2 13
1 9 0
2 8 3
3 8 1
t 294 12
m0 2 13
1 8 0
2 9 3
3 9 1
t 293 12
m0 2 13
1 9 0
2 8 3
3 8 1
t 292 12
m0 2 13
1 8 0
2 9 3
3 9 1
t 291 12
m0 2 13
1 9 0
2 8 3
3 8 1
t 290 12
m0 2 13
1 8 0
2 9 3
3 9 1
t 289 12
m0 2 13
1 9 0
2 8 3
3 8 1
t 288 12
m0 2 13
1 8 0
2 9 3
3 9 1
t 287 12
m0 2 13
1 9 0
2 8 3
3 8 1
t 286 12
m0 2 13
1 8 0
2 9 3
3 9 1
t 285 12
m0 2 13
1 9 0
2 8 3
3 8 1
t 284 12
m0 2 13
1 8 0
2 9 3
3 9 1
t 283 12
m0 2 13
1 9 0
2 8 3
3 8 1
t 282 12
m0 2 13
1 8 0
2 9 3
3 9 1
t 281 12
m0 2 13
1 9 0
2 8 3
3 8 1
t 280 12
m0 2 13
1 8 0
2 9 3
3 9 1
t 279 12
m0 2 13
1 9 0
2 8 3
3 8 1
t 278 12
m0 2 13
1 8 0
2 9 3
3 9 1
t 277 12
m0 2 13
1 9 0
2 8 3
3 8 1
t 276 12
m0 2 13
1 8 0
2 9 3
3 9 1
t 275 12
m0 2 13
1 9 0
2 8 3
3 8 1
t 274 12
m0 2 13
1 8 0
2 9 3
3 9 1
t 273 12
m0 2 13
1 9 0
2 8 3
3 8 1
t 272 12
m0 2 13
1 8 0
2 9 3
3 9 1
t 271 12
m0 2 13
1 9 0
2 8 3
3 8 1
t 270 12
m0 2 13
1 8 0
2 9 3
3 9 1
t 269 12
m0 2 13
1 9 0
2 8 3
3 8 1
t 268 12
m0 2 13
1 8 0
2 9 3
3 9 1
t 267 12
m0 2 13
1 9 0
2 8 3
3 8 1
t 266 12
m0 2 13
1 8 0
2 9 3
3 9 1
t 265 12
m0 2 13
1 9 0
2 8 3
3 8 1
t 264 12
m0 2 13
1 8 0
2 9 3
3 9 1
t 263 12
m0 2 13
1 9 0
2 8 3
3 8 1
t 262 12
m0 2 13
1 8 0
2 9 3
3 9 1
t 261 12
m0 2 13
1 9 0
2 8 3
3 8 1
t 260 12
m0 2 13
1 8 0
2 9 3
3 9 1
t 259 12
m0 2 13
1 9 0
2 8 3
3 8 1
t 258 12
m0 2 13
1 8 0
2 9 3
3 9 1
t 257 12
m0 2 13
1 9 0
2 8 3
3 8 1
t 256 12
m0 2 13
1 8 0
2 9 3
3 9 1
t 255 12
m0 2 13
1 9 0
2 8 3
3 8 1
t 254 12
m0 2 13
1 8 0
2 9 3
3 9 1
t 253 12
m0 2 13
1 9 0
2 8 3
3 8 1
t 252 12
m0 2 13
1 8 0
2 9 3
3 9 1
t 251 12
m0 2 13
1 9 0
2 8 3
3 8 1
t 250 12
m0 2 13
1 8 0
2 9 3
3 9 1
t 249 12
m0 2 13
1 9 0
2 8 3
3 8 1
t 248 12
m0 2 13
1 8 0
2 9 3
3 9 1
t 247 12
m0 2 13
1 9 0
2 8 3
3 8 1
t 246 12
m0 2 13
1 8 0
2 9 3
3 9 1
t 245 12
m0 2 13
1 9 0
2 8 3
3 8 1
t 244 12
m0 2 13
1 8 0
2 9 3
3 9 1
t 243 12
m0 2 13
1 9 0
2 8 3
3 8 1
t 242 12
m0 2 13
1 8 0
2 9 3
3 9 1
t 241 12
m0 2 13
1 9 0
2 8 3
3 8 1
f 8 13
t 240 12
m0 2 13
1 8 0
2 9 3
3 9 1
t 239 12
m0 2 13
1 9 0
2 8 3
3 8 1
t 238 12
m0 2 13
1 8 0
2 9 3
3 9 1
t 237 12
m0 2 13
1 9 0
2 8 3
3 8 1
t 236 12
m0 2 13
1 8 0
2 9 3
3 9 1
t 235 12
m0 2 13
1 9 0
2 8 3
3 8 1
t 234 12
m0 2 13
1 8 0
2 9 3
3 9 1
t 233 12
m0 2 13
1 9 0
2 8 3
3 8 1
t 232 12
m0 2 13
1 8 0
2 9 3
3 9 1
t 231 12
m0 2 13
1 9 0
2 8 3
3 8 1
t 230 12
m0 2 13
1 8 0
2 9 3
3 9 1
t 229 12
m0 2 13
1 9 0
2 8 3
3 8 1
t 228 12
m0 2 13
1 8 0
2 9 3
3 9 1
t 227 12
m0 2 13
1 9 0
2 8 3
3 8 1
t 226 12
m0 2 13
1 8 0
2 9 3
3 9 1
t 225 12
m0 2 13
1 9 0
2 8 3
3 8 1
t 224 12
m0 2 13
1 8 0
2 9 3
3 9 1
t 223 12
m0 2 13
1 9 0
2 8 3
3 8 1
t 222 12
m0 2 13
1 8 0
2 9 3
3 9 1
t 221 12
m0 2 13
1 9 0
2 8 3
3 8 1
t 220 12
m0 2 13
1 8 0
2 9 3
3 9 1
t 219 12
m0 2 13
1 9 0
2 8 3
3 8 1
t 218 12
m0 2 13
1 8 0
2 9 3
3 9 1
t 217 12
m0 2 13
1 9 0
2 8 3
3 8 1
t 216 12
m0 2 13
1 8 0
2 9 3
3 9 1
t 215 12
m0 2 13
1 9 0
2 8 3
3 8 1
t 214 12
m0 2 13
1 8 0
2 9 3
3 9 1
t 213 12
m0 2 13
1 9 0
2 8 3
3 8 1
t 212 12
m0 2 13
1 8 0
2 9 3
3 9 1
t 211 12
m0 2 13
1 9 0
2 8 3
3 8 1
t 210 12
m0 2 13
1 8 0
2 9 3
3 9 1
t 209 12
m0 2 13
1 9 0
2 8 3
3 8 1
t 208 12
m0 2 13
1 8 0
2 9 3
3 9 1
t 207 12
m0 2 13
1 9 0
2 8 3
3 8 1
t 206 12
m0 2 13
1 8 0
2 9 3
3 9 1
t 205 12
m0 2 13
1 9 0
2 8 3
3 8 1
t 204 12
m0 2 13
1 8 0
2 9 3
3 9 1
t 203 12
m0 2 13
1 9 0
2 8 3
3 8 1
t 202 12
m0 2 13
1 8 0
2 9 3
3 9 1
t 201 12
m0 2 13
1 9 0
2 8 3
3 8 1
t 200 12
m0 2 13
1 8 0
2 9 3
3 9 1
t 199 12
m0 2 13
1 9 0
2 8 3
3 8 1
t 198 12
m0 2 13
1 8 0
2 9 3
3 9 1
t 197 12
m0 2 13
1 9 0
2 8 3
3 8 1
t 196 12
m0 2 13
1 8 0
2 9 3
3 9 1
t 195 12
m0 2 13
1 9 0
2 8 3
3 8 1
t 194 12
m0 2 13
1 8 0
2 9 3
3 9 1
t 193 12
m0 2 13
1 9 0
2 8 3
3 8 1
t 192 12
m0 2 13
1 8 0
2 9 3
3 9 1
t 191 12
m0 2 13
1 9 0
2 8 3
3 8 1
t 190 12
m0 2 13
1 8 0
2 9 3
3 9 1
t 189 12
m0 2 13
1 9 0
2 8 3
3 8 1
t 188 12
m0 2 13
1 8 0
2 9 3
3 9 1
t 187 12
m0 2 13
1 9 0
2 8 3
3 8 1
t 186 12
m0 2 13
1 8 0
2 9 3
3 9 1
t 185 12
m0 2 13
1 9 0
2 8 3
3 8 1
t 184 12
m0 2 13
1 8 0
2 9 3
3 9 1
t 183 12
m0 2 13
1 9 0
2 8 3
3 8 1
t 182 12
m0 2 13
1 8 0
2 9 3
3 9 1
t 181 12
m0 2 13
1 9 0
2 8 3
3 8 1
t 180 12
m0 2 13
1 8 0
2 9 3
3 9 1
t 179 12
m0 2 13
1 9 0
2 8 3
3 8 1
t 178 12
m0 2 13
1 8 0
2 9 3
3 9 1
t 177 12
m0 2 13
1 9 0
2 8 3
3 8 1
t 176 12
m0 2 13
1 8 0
2 9 3
3 9 1
t 175 12
m0 2 13
1 9 0
2 8 3
3 8 1
t 174 12
m0 2 13
1 8 0
2 9 3
3 9 1
t 173 12
m0 2 13
1 9 0
2 8 3
3 8 1
t 172 12
m0 2 13
1 8 0
2 9 3
3 9 1
t 171 12
m0 2 13
1 9 0
2 8 3
3 8 1
t 170 12
m0 2 13
1 8 0
2 9 3
3 9 1
t 169 12
m0 2 13
1 9 0
2 8 3
3 8 1
t 168 12
m0 2 13
1 8 0
2 9 3
3 9 1
t 167 12
m0 2 13
1 9 0
2 8 3
3 8 1
t 166 12
m0 2 13
1 8 0
2 9 3
3 9 1
t 165 12
m0 2 13
1 9 0
2 8 3
3 8 1
t 164 12
m0 2 13
1 8 0
2 9 3
3 9 1
t 163 12
m0 2 13
1 9 0
2 8 3
3 8 1
t 162 12
m0 2 13
1 8 0
2 9 3
3 9 1
t 161 12
m0 2 13
1 9 0
2 8 3
3 8 1
t 160 12
m0 2 13
1 8 0
2 9 3
3 9 1
t 159 12
m0 2 13
1 9 0
2 8 3
3 8 1
t 158 12
m0 2 13
1 8 0
2 9 3
3 9 1
t 157 12
m0 2 13
1 9 0
2 8 3
3 8 1
t 156 12
m0 2 13
1 8 0
2 9 3
3 9 1
t 155 12
m0 2 13
1 9 0
2 8 3
3 8 1
t 154 12
m0 2 13
1 8 0
2 9 3
3 9 1
t 153 12
m0 2 13
1 9 0
2 8 3
3 8 1
t 152 12
m0 2 13
1 8 0
2 9 3
3 9 1
t 151 12
m0 2 13
1 9 0
2 8 3
3 8 1
t 150 12
m0 2 13
1 8 0
2 9 3
3 9 1
t 149 12
m0 2 13
1 9 0
2 8 3
3 8 1
t 148 12
m0 2 13
1 8 0
2 9 3
3 9 1
t 147 12
m0 2 13
1 9 0
2 8 3
3 8 1
t 146 12
m0 2 13
1 8 0
2 9 3
3 9 1
t 145 12
m0 2 13
1 9 0
2 8 3
3 8 1
t 144 12
m0 2 13
1 8 0
2 9 3
3 9 1
t 143 12
m0 2 13
1 9 0
2 8 3
3 8 1
t 142 12
m0 2 13
1 8 0
2 9 3
3 9 1
t 141 12
m0 2 13
1 9 0
2 8 3
3 8 1
t 140 12
m0 2 13
1 8 0
2 9 3
3 9 1
t 139 12
m0 2 13
1 9 0
2 8 3
3 8 1
t 138 12
m0 2 13
1 8 0
2 9 3
3 9 1
t 137 12
m0 2 13
1 9 0
2 8 3
3 8 1
t 136 12
m0 2 13
1 8 0
2 9 3
3 9 1
t 135 12
m0 2 13
1 9 0
2 8 3
3 8 1
t 134 12
m0 2 13
1 8 0
2 9 3
3 9 1
t 133 12
m0 2 13
1 9 0
2 8 3
3 8 1
t 132 12
m0 2 13
1 8 0
2 9 3
3 9 1
t 131 12
m0 2 13
1 9 0
2 8 3
3 8 1
t 130 12
m0 2 13
1 8 0
2 9 3
3 9 1
t 129 12
m0 2 13
1 9 0
2 8 3
3 8 1
t 128 12
m0 2 13
1 8 0
2 9 3
3 9 1
t 127 12
m0 2 13
1 9 0
2 8 3
3 8 1
t 126 12
m0 2 13
1 8 0
2 9 3
3 9 1
t 125 12
m0 2 13
1 9 0
2 8 3
3 8 1
t 124 12
m0 2 13
1 8 0
2 9 3
3 9 1
t 123 12
m0 2 13
1 9 0
2 8 3
3 8 1
t 122 12
m0 2 13
1 8 0
2 9 3
3 9 1
t 121 12
m0 2 13
1 9 0
2 8 3
3 8 1
t 120 12
m0 2 13
1 8 0
2 9 3
3 9 1
t 119 12
m0 2 13
1 9 0
2 8 3
3 8 1
t 118 12
m0 2 13
1 8 0
2 9 3
3 9 1
t 117 12
m0 2 13
1 9 0
2 8 3
3 8 1
t 116 12
m0 2 13
1 8 0
2 9 3
3 9 1
t 115 12
m0 2 13
1 9 0
2 8 3
3 8 1
t 114 12
m0 2 13
1 8 0
2 9 3
3 9 1
t 113 12
m0 2 13
1 9 0
2 8 3
3 8 1
t 112 12
m0 2 13
1 8 0
2 9 3
3 9 1
t 111 12
m0 2 13
1 9 0
2 8 3
3 8 1
t 110 12
m0 2 13
1 8 0
2 9 3
3 9 1
t 109 12
m0 2 13
1 9 0
2 8 3
3 8 1
t 108 12
m0 2 13
1 8 0
2 9 3
3 9 1
t 107 12
m0 2 13
1 9 0
2 8 3
3 8 1
t 106 12
m0 2 13
1 8 0
2 9 3
3 9 1
t 105 12
m0 2 13
1 9 0
2 8 3
3 8 1
t 104 12
m0 2 13
1 8 0
2 9 3
3 9 1
t 103 12
m0 2 13
1 9 0
2 8 3
3 8 1
t 102 12
m0 2 13
1 8 0
2 9 3
3 9 1
t 101 12
m0 2 13
1 9 0
2 8 3
3 8 1
t 100 12
m0 2 13
1 8 0
2 9 3
3 9 1
t 99 12
m0 2 13
1 9 0
2 8 3
3 8 1
t 98 12
m0 2 13
1 8 0
2 9 3
3 9 1
t 97 12
m0 2 13
1 9 0
2 8 3
3 8 1
t 96 12
m0 2 13
1 8 0
2 9 3
3 9 1
t 95 12
m0 2 13
1 9 0
2 8 3
3 8 1
t 94 12
m0 2 13
1 8 0
2 9 3
3 9 1
t 93 12
m0 2 13
1 9 0
2 8 3
3 8 1
t 92 12
m0 2 13
1 8 0
2 9 3
3 9 1
t 91 12
m0 2 13
1 9 0
2 8 3
3 8 1
t 90 12
m0 2 13
1 8 0
2 9 3
3 9 1
t 89 12
m0 2 13
1 9 0
2 8 3
3 8 1
t 88 12
m0 2 13
1 8 0
2 9 3
3 9 1
t 87 12
m0 2 13
1 9 0
2 8 3
3 8 1
t 86 12
m0 2 13
1 8 0
2 9 3
3 9 1
t 85 12
m0 2 13
1 9 0
2 8 3
3 8 1
t 84 12
m0 2 13
1 8 0
2 9 3
3 9 1
t 83 12
m0 2 13
1 9 0
2 8 3
3 8 1
t 82 12
m0 2 13
1 8 0
2 9 3
3 9 1
t 81 12
m0 2 13
1 9 0
2 8 3
3 8 1
t 80 12
m0 2 13
1 8 0
2 9 3
3 9 1
t 79 12
m0 2 13
1 9 0
2 8 3
3 8 1
t 78 12
m0 2 13
1 8 0
2 9 3
3 9 1
t 77 12
m0 2 13
1 9 0
2 8 3
3 8 1
t 76 12
m0 2 13
1 8 0
2 9 3
3 9 1
t 75 12
m0 2 13
1 9 0
2 8 3
3 8 1
t 74 12
m0 2 13
1 8 0
2 9 3
3 9 1
t 73 12
m0 2 13
1 9 0
2 8 3
3 8 1
t 72 12
m0 2 13
1 8 0
2 9 3
3 9 1
t 71 12
m0 2 13
1 9 0
2 8 3
3 8 1
t 70 12
m0 2 13
1 8 0
2 9 3
3 9 1
t 69 12
m0 2 13
1 9 0
2 8 3
3 8 1
t 68 12
m0 2 13
1 8 0
2 9 3
3 9 1
t 67 12
m0 2 13
1 9 0
2 8 3
3 8 1
t 66 12
m0 2 13
1 8 0
2 9 3
3 9 1
t 65 12
m0 2 13
1 9 0
2 8 3
3 8 1
t 64 12
m0 2 13
1 8 0
2 9 3
3 9 1
t 63 12
m0 2 13
1 9 0
2 8 3
3 8 1
t 62 12
m0 2 13
1 8 0
2 9 3
3 9 1
t 61 12
m0 2 13
1 9 0
2 8 3
3 8 1
t 60 12
m0 2 13
1 8 0
2 9 3
3 9 1
t 59 12
m0 2 13
1 9 0
2 8 3
3 8 1
t 58 12
m0 2 13
1 8 0
2 9 3
3 9 1
t 57 12
m0 2 13
1 9 0
2 8 3
3 8 1
t 56 12
m0 2 13
1 8 0
2 9 3
3 9 1
t 55 12
m0 2 13
1 9 0
2 8 3
3 8 1
t 54 12
m0 2 13
1 8 0
2 9 3
3 9 1
t 53 12
m0 2 13
1 9 0
2 8 3
3 8 1
t 52 12
m0 2 13
1 8 0
2 9 3
3 9 1
t 51 12
m0 2 13
1 9 0
2 8 3
3 8 1
t 50 12
m0 2 13
1 8 0
2 9 3
3 9 1
t 49 12
m0 2 13
1 9 0
2 8 3
3 8 1
t 48 12
m0 2 13
1 8 0
2 9 3
3 9 1
t 47 12
m0 2 13
1 9 0
2 8 3
3 8 1
t 46 12
m0 2 13
1 8 0
2 9 3
3 9 1
t 45 12
m0 2 13
1 9 0
2 8 3
3 8 1
t 44 12
m0 2 13
1 8 0
2 9 3
3 9 1
t 43 12
m0 2 13
1 9 0
2 8 3
3 8 1
t 42 12
m0 2 13
1 8 0
2 9 3
3 9 1
t 41 12
m0 2 13
1 9 0
2 8 3
3 8 1
t 40 12
m0 2 13
1 8 0
2 9 3
3 9 1
t 39 12
m0 2 13
1 9 0
2 8 3
3 8 1
t 38 12
m0 2 13
1 8 0
2 9 3
3 9 1
t 37 12
m0 2 13
1 9 0
2 8 3
3 8 1
t 36 12
m0 2 13
1 8 0
2 9 3
3 9 1
t 35 12
m0 2 13
1 9 0
2 8 3
3 8 1
t 34 12
m0 2 13
1 8 0
2 9 3
3 9 1
t 33 12
m0 2 13
1 9 0
2 8 3
3 8 1
t 32 12
m0 2 13
1 8 0
2 9 3
3 9 1
t 31 12
m0 2 13
1 9 0
2 8 3
3 8 1
t 30 12
m0 2 13
1 8 0
2 9 3
3 9 1
t 29 12
m0 2 13
1 9 0
2 8 3
3 8 1
t 28 12
m0 2 13
1 8 0
2 9 3
3 9 1
t 27 12
m0 2 13
1 9 0
2 8 3
3 8 1
t 26 12
m0 2 13
1 8 0
2 9 3
3 9 1
t 25 12
m0 2 13
1 9 0
2 8 3
3 8 1
t 24 12
m0 2 13
1 8 0
2 9 3
3 9 1
t 23 12
m0 2 13
1 9 0
2 8 3
3 8 1
t 22 12
m0 2 13
1 8 0
2 9 3
3 9 1
t 21 12
m0 2 13
1 9 0
2 8 3
3 8 1
t 20 12
m0 2 13
1 8 0
2 9 3
3 9 1
t 19 12
m0 2 13
1 9 0
2 8 3
3 8 1
t 18 12
m0 2 13
1 8 0
2 9 3
3 9 1
t 17 12
m0 2 13
1 9 0
2 8 3
3 8 1
t 16 12
m0 2 13
1 8 0
2 9 3
3 9 1
t 15 12
m0 2 13
1 9 0
2 8 3
3 8 1
t 14 12
m0 2 13
1 8 0
2 9 3
3 9 1
t 13 12
m0 2 13
1 9 0
2 8 3
3 8 1
t 12 12
m0 2 13
1 8 0
2 9 3
3 9 1
t 11 12
m0 2 13
1 9 0
2 8 3
3 8 1
t 10 12
m0 2 13
1 8 0
2 9 3
3 9 1
t 9 12
m0 2 13
1 9 0
2 8 3
3 8 1
t 8 12
m0 2 13
1 8 0
2 9 3
3 9 1
t 7 12
m0 2 13
1 9 0
2 8 3
3 8 1
t 6 12
m0 2 13
1 8 0
2 9 3
3 9 1
t 5 12
m0 2 13
1 9 0
2 8 3
3 8 1
t 4 12
m0 2 13
1 8 0
2 9 3
3 9 1
t 3 12
m0 2 13
1 9 0
2 8 3
3 8 1
t 2 12
m0 2 13
1 8 0
2 9 3
3 9 1
t 1 12
m0 2 13
1 8 0
2 9 3
3 9 1
t 0 12
