10
15
w 8 13
w 9 1
w 9 8
w 3 11
w 4 12
w 6 2
w 0 10
w 4 0
w 3 3
w 7 6
w 2 13
w 7 10
w 3 6
w 9 7
w 4 10
w 3 2
w 6 4
w 0 0
w 8 2
w 0 12
w 9 10
w 3 9
w 2 3
w 0 5
w 0 1
w 5 10
w 6 1
w 5 7
w 7 13
w 5 14
w 2 0
w 0 6
w 4 3
w 1 7
w 7 8
w 0 2
w 8 4
p 5 9
p 4 7
p 1 3
p 6 6
p 5 6
p 7 7
p 5 13
p 0 7
p 8 9
p 1 6
p 7 11
p 3 7
p 1 11
p 3 14
p 1 2
p 8 14
p 4 9
p 6 7
p 2 9
p 8 1
p 3 10
p 4 4
p 1 14
p 8 10
p 5 12
p 6 3
p 1 5
p 9 11
p 5 0
p 0 4
p 1 10
p 7 14
p 2 6
p 9 14
p 5 11
p 4 5
p 1 13
p 3 13
p 6 0
p 4 14
p 2 10
p 7 5
p 1 9
p 6 12
p 2 14
p 9 6
p 4 11
p 6 5
p 2 7
p 9 13
p 3 12
p 3 1
p 2 11
p 3 8
p 6 13
p 5 2
m0 0 14
1 9 0
2 9 0
3 9 0
t 300 0
m0 1 14
1 8 0
2 8 0
3 8 0
t 299 1
m0 2 14
1 9 0
2 9 0
3 9 0
t 298 2
m0 3 14
1 8 0
2 8 0
3 8 0
t 297 3
m0 4 14
1 9 0
2 9 0
3 9 0
t 296 4
m0 4 13
1 8 0
2 8 0
3 8 0
t 295 4
m0 5 13
1 9 0
2 9 0
3 9 0
t 294 5
m0 6 13
1 8 0
2 8 0
3 8 0
t 293 6
m0 6 12
1 9 0
2 9 0
3 9 0
t 292 7
m0 7 12
1 8 0
2 8 0
3 8 0
t 291 7
m0 8 12
1 9 0
2 9 0
3 9 0
t 290 7
m0 9 12
1 8 0
2 8 0
3 8 0
t 289 7
m0 9 11
1 9 0
2 9 0
3 9 0
t 288 8
m0 8 11
1 8 0
2 8 0
3 8 0
t 287 8
m0 9 11
1 9 0
2 9 0
3 9 0
t 286 8
m0 8 11
1 8 0
2 8 0
3 8 0
t 285 8
m0 9 11
1 9 0
2 9 0
3 9 0
t 284 8
m0 8 11
1 8 0
2 8 0
3 8 0
t 283 8
m0 9 11
1 9 0
2 9 0
3 9 0
t 282 8
m0 8 11
1 8 0
2 8 0
3 8 0
t 281 8
m0 9 11
1 9 0
2 9 0
3 9 0
t 280 8
m0 8 11
1 8 0
2 8 0
3 8 0
t 279 8
m0 9 11
1 9 0
2 9 0
3 9 0
t 278 8
m0 8 11
1 8 0
2 8 0
3 8 0
t 277 8
m0 9 11
1 9 0
2 9 0
3 9 0
t 276 8
m0 8 11
1 8 0
2 8 0
3 8 0
t 275 8
m0 9 11
1 9 0
2 9 0
3 9 0
t 274 8
m0 8 11
1 8 0
2 8 0
3 8 0
t 273 8
m0 9 11
1 9 0
2 9 0
3 9 0
t 272 8
m0 8 11
1 8 0
2 8 0
3 8 0
t 271 8
m0 9 11
1 9 0
2 9 0
3 9 0
t 270 8
m0 8 11
1 8 0
2 8 0
3 8 0
t 269 8
m0 9 11
1 9 0
2 9 0
3 9 0
t 268 8
m0 8 11
1 8 0
2 8 0
3 8 0
t 267 8
m0 9 11
1 9 0
2 9 0
3 9 0
t 266 8
m0 8 11
1 8 0
2 8 0
3 8 0
t 265 8
m0 9 11
1 9 0
2 9 0
3 9 0
t 264 8
m0 8 11
1 8 0
2 8 0
3 8 0
t 263 8
m0 9 11
1 9 0
2 9 0
3 9 0
t 262 8
m0 8 11
1 8 0
2 8 0
3 8 0
t 261 8
m0 9 11
1 9 0
2 9 0
3 9 0
t 260 8
m0 8 11
1 8 0
2 8 0
3 8 0
t 259 8
m0 9 11
1 9 0
2 9 0
3 9 0
t 258 8
m0 8 11
1 8 0
2 8 0
3 8 0
t 257 8
m0 9 11
1 9 0
2 9 0
3 9 0
t 256 8
m0 8 11
1 8 0
2 8 0
3 8 0
t 255 8
m0 9 11
1 9 0
2 9 0
3 9 0
t 254 8
m0 8 11
1 8 0
2 8 0
3 8 0
t 253 8
m0 9 11
1 9 0
2 9 0
3 9 0
t 252 8
m0 8 11
1 8 0
2 8 0
3 8 0
t 251 8
m0 9 11
1 9 0
2 9 0
3 9 0
t 250 8
m0 8 11
1 8 0
2 8 0
3 8 0
t 249 8
m0 7 11
1 9 0
2 9 0
3 9 0
f 9 3
t 248 9
m0 7 11
1 8 0
2 8 0
3 8 0
t 247 9
m0 8 11
1 9 0
2 9 0
3 9 0
t 246 9
m0 9 11
1 8 0
2 8 0
3 8 0
t 245 9
m0 9 11
1 9 0
2 9 0
3 9 0
t 244 9
m0 9 11
1 8 0
2 8 0
3 8 0
t 243 9
m0 9 12
1 9 0
2 9 0
3 9 0
t 242 9
m0 8 12
1 8 0
2 8 0
3 8 0
t 241 9
m0 8 12
1 9 0
2 9 0
3 9 0
t 240 9
m0 7 12
1 8 0
2 8 0
3 8 0
t 239 9
m0 7 12
1 9 0
2 9 0
3 9 0
t 238 9
m0 6 12
1 8 0
2 8 0
3 8 0
t 237 9
m0 5 12
1 9 0
2 9 0
3 9 0
t 236 10
m0 5 11
1 8 0
2 8 0
3 8 0
t 235 11
m0 5 11
1 9 0
2 9 0
3 9 0
t 234 11
m0 5 11
1 8 0
2 8 0
3 8 0
t 233 11
m0 5 11
1 9 0
2 9 0
3 9 0
t 232 11
m0 5 11
1 8 0
2 8 0
3 8 0
t 231 11
m0 6 11
1 9 0
2 9 0
3 9 0
t 230 11
m0 5 11
1 8 0
2 8 0
3 8 0
t 229 11
m0 5 12
1 9 0
2 9 0
3 9 0
t 228 11
m0 5 11
1 8 0
2 8 0
3 8 0
t 227 11
m0 5 11
1 9 0
2 9 0
3 9 0
t 226 11
m0 5 11
1 8 0
2 8 0
3 8 0
t 225 11
m0 5 12
1 9 0
2 9 0
3 9 0
t 224 11
m0 5 13
1 8 0
2 8 0
3 8 0
t 223 11
m0 5 12
1 9 0
2 9 0
3 9 0
t 222 11
m0 6 12
1 8 0
2 8 0
3 8 0
t 221 11
m0 6 12
1 9 0
2 9 0
3 9 0
t 220 11
m0 7 12
1 8 0
2 8 0
3 8 0
t 219 11
m0 7 11
1 9 0
2 9 0
3 9 0
t 218 11
m0 6 11
1 8 0
2 8 0
3 8 0
t 217 11
m0 6 12
1 9 0
2 9 0
3 9 0
t 216 11
m0 6 12
1 8 0
2 8 0
3 8 0
t 215 11
m0 6 11
1 9 0
2 9 0
3 9 0
t 214 11
m0 6 12
1 8 0
2 8 0
3 8 0
t 213 11
m0 6 11
1 9 0
2 9 0
3 9 0
t 212 11
m0 6 12
1 8 0
2 8 0
3 8 0
t 211 11
m0 5 12
1 9 0
2 9 0
3 9 0
t 210 11
m0 5 12
1 8 0
2 8 0
3 8 0
t 209 11
m0 6 12
1 9 0
2 9 0
3 9 0
t 208 11
m0 6 12
1 8 0
2 8 0
3 8 0
t 207 11
m0 6 13
1 9 0
2 9 0
3 9 0
t 206 11
m0 5 13
1 8 0
2 8 0
3 8 0
t 205 11
m0 4 13
1 9 0
2 9 0
3 9 0
t 204 11
m0 5 13
1 8 0
2 8 0
3 8 0
t 203 11
m0 6 13
1 9 0
2 9 0
3 9 0
t 202 11
m0 6 12
1 8 0
2 8 0
3 8 0
t 201 11
m0 6 13
1 9 0
2 9 0
3 9 0
t 200 11
m0 6 13
1 8 0
2 8 0
3 8 0
t 199 11
m0 6 13
1 9 0
2 9 0
3 9 0
t 198 11
m0 6 14
1 8 0
2 8 0
3 8 0
t 197 11
m0 7 14
1 9 0
2 9 0
3 9 0
t 196 12
m0 8 14
1 8 0
2 8 0
3 8 0
t 195 13
m0 7 14
1 9 0
2 9 0
3 9 0
t 194 13
m0 6 14
1 8 0
2 8 0
3 8 0
t 193 13
m0 7 14
1 9 0
2 9 0
3 9 0
t 192 13
m0 6 14
1 8 0
2 8 0
3 8 0
t 191 13
m0 6 13
1 9 0
2 9 0
3 9 0
t 190 13
m0 6 13
1 8 0
2 8 0
3 8 0
t 189 13
m0 6 13
1 9 0
2 9 0
3 9 0
t 188 13
m0 6 14
1 8 0
2 8 0
3 8 0
t 187 13
m0 6 13
1 9 0
2 9 0
3 9 0
t 186 13
m0 6 13
1 8 0
2 8 0
3 8 0
t 185 13
m0 6 14
1 9 0
2 9 0
3 9 0
t 184 13
m0 6 13
1 8 0
2 8 0
3 8 0
t 183 13
m0 6 13
1 9 0
2 9 0
3 9 0
t 182 13
m0 5 13
1 8 0
2 8 0
3 8 0
t 181 13
m0 4 13
1 9 0
2 9 0
3 9 0
t 180 13
m0 4 14
1 8 0
2 8 0
3 8 0
t 179 13
m0 4 13
1 9 0
2 9 0
3 9 0
t 178 13
m0 5 13
1 8 0
2 8 0
3 8 0
t 177 13
m0 6 13
1 9 0
2 9 0
3 9 0
t 176 13
m0 6 13
1 8 0
2 8 0
3 8 0
t 175 13
m0 6 13
1 9 0
2 9 0
3 9 0
t 174 13
m0 6 12
1 8 0
2 8 0
3 8 0
t 173 13
m0 5 12
1 9 0
2 9 0
3 9 0
t 172 13
m0 5 13
1 8 0
2 8 0
3 8 0
t 171 13
m0 5 12
1 9 0
2 9 0
3 9 0
t 170 13
m0 6 12
1 8 0
2 8 0
3 8 0
t 169 13
m0 5 12
1 9 0
2 9 0
3 9 0
t 168 13
m0 5 11
1 8 0
2 8 0
3 8 0
t 167 13
m0 4 11
1 9 0
2 9 0
3 9 0
t 166 14
m0 5 11
1 8 0
2 8 0
3 8 0
t 165 14
m0 5 12
1 9 0
2 9 0
3 9 0
t 164 14
m0 6 12
1 8 0
2 8 0
3 8 0
t 163 14
m0 6 13
1 9 0
2 9 0
3 9 0
t 162 14
m0 5 13
1 8 0
2 8 0
3 8 0
t 161 14
m0 6 13
1 9 0
2 9 0
3 9 0
t 160 14
m0 6 12
1 8 0
2 8 0
3 8 0
t 159 14
m0 6 12
1 9 0
2 9 0
3 9 0
t 158 14
m0 5 12
1 8 0
2 8 0
3 8 0
t 157 14
m0 5 12
1 9 0
2 9 0
3 9 0
t 156 14
m0 5 13
1 8 0
2 8 0
3 8 0
t 155 14
m0 5 12
1 9 0
2 9 0
3 9 0
t 154 14
m0 6 12
1 8 0
2 8 0
3 8 0
t 153 14
m0 7 12
1 9 0
2 9 0
3 9 0
t 152 14
m0 7 12
1 8 0
2 8 0
3 8 0
t 151 14
m0 7 12
1 9 0
2 9 0
3 9 0
t 150 14
m0 8 12
1 8 0
2 8 0
3 8 0
t 149 14
m0 9 12
1 9 0
2 9 0
3 9 0
t 148 14
m0 9 12
1 8 0
2 8 0
3 8 0
t 147 14
m0 8 12
1 9 0
2 9 0
3 9 0
t 146 14
m0 8 11
1 8 0
2 8 0
3 8 0
t 145 14
m0 8 10
1 9 0
2 9 0
3 9 0
t 144 15
m0 8 9
1 8 0
2 8 0
3 8 0
t 143 16
m0 9 9
1 9 0
2 9 0
3 9 0
t 142 16
m0 8 9
1 8 0
2 8 0
3 8 0
t 141 16
m0 8 10
1 9 0
2 9 0
3 9 0
t 140 16
m0 8 10
1 8 0
2 8 0
3 8 0
t 139 16
m0 8 9
1 9 0
2 9 0
3 9 0
t 138 16
m0 9 9
1 8 0
2 8 0
3 8 0
t 137 16
m0 9 9
1 9 0
2 9 0
3 9 0
t 136 16
m0 9 9
1 8 0
2 8 0
3 8 0
t 135 16
m0 8 9
1 9 0
2 9 0
3 9 0
t 134 16
m0 8 8
1 8 0
2 8 0
3 8 0
t 133 16
m0 8 7
1 9 0
2 9 0
3 9 0
t 132 16
m0 8 7
1 8 0
2 8 0
3 8 0
t 131 16
m0 8 6
1 9 0
2 9 0
3 9 0
t 130 16
m0 8 7
1 8 0
2 8 0
3 8 0
t 129 16
m0 8 8
1 9 0
2 9 0
3 9 0
t 128 16
m0 8 7
1 8 0
2 8 0
3 8 0
t 127 16
m0 8 7
1 9 0
2 9 0
3 9 0
t 126 16
m0 7 7
1 8 0
2 8 0
3 8 0
t 125 17
m0 6 7
1 9 0
2 9 0
3 9 0
t 124 18
m0 6 7
1 8 0
2 8 0
3 8 0
t 123 18
m0 6 8
1 9 0
2 9 0
3 9 0
t 122 18
m0 6 8
1 8 0
2 8 0
3 8 0
t 121 18
m0 6 7
1 9 0
2 9 0
3 9 0
t 120 18
m0 7 7
1 8 0
2 8 0
3 8 0
t 119 18
m0 6 7
1 9 0
2 9 0
3 9 0
t 118 18
m0 6 8
1 8 0
2 8 0
3 8 0
t 117 18
m0 5 8
1 9 0
2 9 0
3 9 0
t 116 18
m0 4 8
1 8 0
2 8 0
3 8 0
t 115 18
m0 5 8
1 9 0
2 9 0
3 9 0
t 114 18
m0 4 8
1 8 0
2 8 0
3 8 0
t 113 18
m0 3 8
1 9 0
2 9 0
3 9 0
t 112 19
m0 2 8
1 8 0
2 8 0
3 8 0
t 111 19
m0 1 8
1 9 0
2 9 0
3 9 0
t 110 19
m0 2 8
1 8 0
2 8 0
3 8 0
t 109 19
m0 1 8
1 9 0
2 9 0
3 9 0
t 108 19
m0 1 8
1 8 0
2 8 0
3 8 0
t 107 19
m0 1 9
1 9 0
2 9 0
3 9 0
t 106 20
m0 1 8
1 8 0
2 8 0
3 8 0
t 105 20
m0 1 9
1 9 0
2 9 0
3 9 0
t 104 20
m0 1 10
1 8 0
2 8 0
3 8 0
t 103 21
m0 1 9
1 9 0
2 9 0
3 9 0
t 102 21
m0 1 10
1 8 0
2 8 0
3 8 0
t 101 21
m0 1 9
1 9 0
2 9 0
3 9 0
t 100 21
m0 0 9
1 8 0
2 8 0
3 8 0
t 99 21
m0 0 9
1 9 0
2 9 0
3 9 0
t 98 21
m0 1 9
1 8 0
2 8 0
3 8 0
t 97 21
m0 1 8
1 9 0
2 9 0
3 9 0
t 96 21
m0 1 8
1 8 0
2 8 0
3 8 0
t 95 21
m0 1 8
1 9 0
2 9 0
3 9 0
t 94 21
m0 2 8
1 8 0
2 8 0
3 8 0
t 93 21
m0 3 8
1 9 0
2 9 0
3 9 0
t 92 21
m0 3 7
1 8 0
2 8 0
3 8 0
t 91 22
m0 3 7
1 9 0
2 9 0
3 9 0
t 90 22
m0 3 7
1 8 0
2 8 0
3 8 0
t 89 22
m0 3 7
1 9 0
2 9 0
3 9 0
t 88 22
m0 4 7
1 8 0
2 8 0
3 8 0
t 87 23
m0 3 7
1 9 0
2 9 0
3 9 0
t 86 23
m0 4 7
1 8 0
2 8 0
3 8 0
t 85 23
m0 4 6
1 9 0
2 9 0
3 9 0
t 84 23
m0 5 6
1 8 0
2 8 0
3 8 0
t 83 24
m0 5 6
1 9 0
2 9 0
3 9 0
t 82 24
m0 5 5
1 8 0
2 8 0
3 8 0
t 81 24
m0 6 5
1 9 0
2 9 0
3 9 0
t 80 25
m0 7 5
1 8 0
2 8 0
3 8 0
t 79 26
m0 8 5
1 9 0
2 9 0
3 9 0
t 78 26
m0 9 5
1 8 0
2 8 0
3 8 0
t 77 26
m0 8 5
1 9 0
2 9 0
3 9 0
t 76 26
m0 7 5
1 8 0
2 8 0
3 8 0
t 75 26
m0 8 5
1 9 0
2 9 0
3 9 0
t 74 26
m0 8 5
1 8 0
2 8 0
3 8 0
t 73 26
m0 7 5
1 9 0
2 9 0
3 9 0
t 72 26
m0 7 4
1 8 0
2 8 0
3 8 0
t 71 26
m0 7 4
1 9 0
2 9 0
3 9 0
t 70 26
m0 7 3
1 8 0
2 8 0
3 8 0
t 69 26
m0 7 3
1 9 0
2 9 0
3 9 0
t 68 26
m0 7 2
1 8 0
2 8 0
3 8 0
t 67 26
m0 7 2
1 9 0
2 9 0
3 9 0
t 66 26
m0 7 1
1 8 0
2 8 0
3 8 0
t 65 26
m0 7 1
1 9 0
2 9 0
3 9 0
t 64 26
m0 8 1
1 8 0
2 8 0
3 8 0
t 63 27
m0 7 1
1 9 0
2 9 0
3 9 0
t 62 27
m0 8 1
1 8 0
2 8 0
3 8 0
t 61 27
m0 -5 -5
1 8 0
2 8 0
3 8 0
t 60 27
