10
15
w 7 3
w 6 9
w 1 3
w 9 1
w 6 6
w 7 12
w 9 8
w 7 7
w 0 7
w 5 13
w 4 12
w 9 4
w 5 8
w 3 14
w 6 10
w 5 0
w 2 2
w 3 2
w 2 6
w 5 4
w 7 1
w 4 5
w 2 10
w 7 5
w 0 5
w 1 9
w 9 6
w 4 11
w 7 9
w 3 12
w 4 6
w 8 12
w 0 13
w 3 8
w 2 0
w 3 4
w 9 12
p 4 7
p 8 13
p 8 0
p 8 9
p 6 2
p 1 6
p 3 7
p 7 11
p 2 5
p 1 11
p 8 5
p 7 2
p 6 14
p 1 2
p 8 14
p 4 0
p 6 7
p 5 5
p 3 10
p 4 4
p 1 14
p 4 13
p 0 11
p 8 6
p 4 1
p 6 4
p 7 14
p 4 10
p 0 0
p 6 11
p 1 13
p 8 11
p 5 2
p 1 4
p 9 10
p 8 7
p 4 2
p 2 14
p 6 5
p 5 3
p 8 3
p 6 8
p 1 12
p 6 1
p 7 13
p 3 1
p 9 9
p 5 7
p 7 4
p 1 8
p 6 13
p 4 3
p 0 9
p 7 8
p 0 2
p 8 4
m0 0 14
1 9 0
2 9 0
3 9 0
t 300 0
m0 1 14
1 8 0
2 8 0
3 8 0
t 299 1
m0 2 14
1 9 0
2 9 0
3 9 0
t 298 2
m0 2 13
1 8 0
2 8 0
3 8 0
t 297 2
m0 1 13
1 9 0
2 9 0
3 9 0
t 296 3
m0 1 12
1 8 0
2 8 0
3 8 0
t 295 4
m0 1 11
1 9 0
2 9 0
3 9 0
t 294 5
m0 0 11
1 8 0
2 8 0
3 8 0
t 293 6
m0 0 10
1 9 0
2 9 0
3 9 0
t 292 6
m0 0 9
1 8 0
2 8 0
3 8 0
t 291 7
m0 0 8
1 9 0
2 9 0
3 9 0
t 290 7
m0 1 8
1 8 0
2 8 0
3 8 0
t 289 8
m0 1 7
1 9 0
2 9 0
3 9 0
t 288 8
m0 1 6
1 8 0
2 8 0
3 8 0
t 287 9
m0 1 5
1 9 0
2 9 0
3 9 0
t 286 9
m0 2 5
1 8 0
2 8 0
3 8 0
t 285 10
m0 2 4
1 9 0
2 9 0
3 9 0
t 284 10
m0 1 4
1 8 0
2 8 0
3 8 0
t 283 11
m0 2 4
1 9 0
2 9 0
3 9 0
t 282 11
m0 2 3
1 8 0
2 8 0
3 8 0
t 281 11
m0 3 3
1 9 0
2 9 0
3 9 0
t 280 11
m0 4 3
1 8 0
2 8 0
3 8 0
t 279 12
m0 5 3
1 9 0
2 9 0
3 9 0
t 278 13
m0 5 2
1 8 0
2 8 0
3 8 0
t 277 14
m0 6 2
1 9 0
2 9 0
3 9 0
t 276 15
m0 7 2
1 8 0
2 8 0
3 8 0
f 5 14
t 275 16
m0 8 2
1 9 0
2 9 0
3 9 0
t 274 16
m0 8 3
1 8 0
2 8 0
3 8 0
t 273 17
m0 8 4
1 9 0
2 9 0
3 9 0
t 272 18
m0 7 4
1 8 0
2 8 0
3 8 0
t 271 19
m0 6 4
1 9 0
2 9 0
3 9 0
t 270 20
m0 6 5
1 8 0
2 8 0
3 8 0
t 269 21
m0 5 5
1 9 0
2 9 0
3 9 0
t 268 22
m0 5 6
1 8 0
2 8 0
3 8 0
t 267 22
m0 5 7
1 9 0
2 9 0
3 9 0
t 266 23
m0 6 7
1 8 0
2 8 0
3 8 0
t 265 24
m0 6 8
1 9 0
2 9 0
3 9 0
t 264 25
m0 7 8
1 8 0
2 8 0
3 8 0
t 263 26
m0 8 8
1 9 0
2 9 0
3 9 0
t 262 26
m0 8 7
1 8 0
2 8 0
3 8 0
t 261 27
m0 8 6
1 9 0
2 9 0
3 9 0
t 260 28
m0 8 5
1 8 0
2 8 0
3 8 0
t 259 29
m0 8 6
1 9 0
2 9 0
3 9 0
t 258 29
m0 8 7
1 8 0
2 8 0
3 8 0
t 257 29
m0 8 8
1 9 0
2 9 0
3 9 0
t 256 29
m0 8 9
1 8 0
2 8 0
3 8 0
t 255 30
m0 9 9
1 7 0
2 7 0
3 7 0
t 254 31
m0 9 10
1 6 0
2 6 0
3 6 0
t 253 32
m0 8 10
1 7 0
2 7 0
3 7 0
t 252 32
m0 8 11
1 6 0
2 6 0
3 6 0
t 251 33
m0 7 11
1 7 0
2 7 0
3 7 0
t 250 34
m0 6 11
1 8 0
2 8 0
3 8 0
t 249 35
m0 6 12
1 9 0
2 9 0
3 9 0
t 248 35
m0 6 13
1 8 0
2 8 0
3 8 0
t 247 36
m0 7 13
1 9 0
2 9 0
3 9 0
t 246 37
m0 8 13
1 8 0
2 8 0
3 8 0
t 245 38
m0 8 14
1 9 0
2 9 0
3 9 0
t 244 39
m0 7 14
1 8 0
2 8 0
3 8 0
t 243 40
m0 6 14
1 9 0
2 9 0
3 9 0
t 242 41
m0 6 13
1 8 0
2 8 0
3 8 0
t 241 41
m0 6 13
1 9 0
2 9 0
3 9 0
t 240 41
m0 6 13
1 8 0
2 8 0
3 8 0
t 239 41
m0 6 13
1 9 0
2 9 0
3 9 0
t 238 41
m0 6 13
1 8 0
2 8 0
3 8 0
t 237 41
m0 6 13
1 9 0
2 9 0
3 9 0
t 236 41
m0 6 13
1 8 0
2 8 0
3 8 0
t 235 41
m0 6 13
1 9 0
2 9 0
3 9 0
t 234 41
m0 6 13
1 8 0
2 8 0
3 8 0
t 233 41
m0 6 13
1 9 0
2 9 0
3 9 0
t 232 41
m0 6 13
1 8 0
2 8 0
3 8 0
t 231 41
m0 6 13
1 9 0
2 9 0
3 9 0
t 230 41
m0 6 13
1 8 0
2 8 0
3 8 0
t 229 41
m0 6 13
1 9 0
2 9 0
3 9 0
t 228 41
m0 6 13
1 8 0
2 8 0
3 8 0
t 227 41
m0 6 13
1 9 0
2 9 0
3 9 0
t 226 41
m0 6 13
1 8 0
2 8 0
3 8 0
t 225 41
m0 6 13
1 9 0
2 9 0
3 9 0
t 224 41
m0 6 13
1 8 0
2 8 0
3 8 0
t 223 41
m0 6 13
1 9 0
2 9 0
3 9 0
t 222 41
m0 6 13
1 8 0
2 8 0
3 8 0
t 221 41
m0 6 13
1 9 0
2 9 0
3 9 0
t 220 41
m0 6 13
1 8 0
2 8 0
3 8 0
t 219 41
m0 6 13
1 9 0
2 9 0
3 9 0
t 218 41
m0 6 13
1 8 0
2 8 0
3 8 0
t 217 41
m0 6 13
1 9 0
2 9 0
3 9 0
t 216 41
m0 6 13
1 8 0
2 8 0
3 8 0
t 215 41
m0 6 13
1 9 0
2 9 0
3 9 0
t 214 41
m0 6 13
1 8 0
2 8 0
3 8 0
t 213 41
m0 6 13
1 9 0
2 9 0
3 9 0
t 212 41
m0 6 13
1 8 0
2 8 0
3 8 0
t 211 41
m0 6 13
1 9 0
2 9 0
3 9 0
t 210 41
m0 6 13
1 8 0
2 8 0
3 8 0
t 209 41
m0 6 13
1 9 0
2 9 0
3 9 0
t 208 41
m0 6 13
1 8 0
2 8 0
3 8 0
t 207 41
m0 6 13
1 9 0
2 9 0
3 9 0
t 206 41
m0 6 13
1 8 0
2 8 0
3 8 0
t 205 41
m0 6 13
1 9 0
2 9 0
3 9 0
t 204 41
m0 6 13
1 8 0
2 8 0
3 8 0
t 203 41
m0 6 13
1 9 0
2 9 0
3 9 0
t 202 41
m0 6 13
1 8 0
2 8 0
3 8 0
t 201 41
m0 6 13
1 9 0
2 9 0
3 9 0
t 200 41
m0 6 13
1 8 0
2 8 0
3 8 0
t 199 41
m0 6 13
1 9 0
2 9 0
3 9 0
t 198 41
m0 6 13
1 8 0
2 8 0
3 8 0
t 197 41
m0 6 13
1 9 0
2 9 0
3 9 0
t 196 41
m0 6 13
1 8 0
2 8 0
3 8 0
t 195 41
m0 6 13
1 9 0
2 9 0
3 9 0
t 194 41
m0 6 13
1 8 0
2 8 0
3 8 0
t 193 41
m0 6 13
1 9 0
2 9 0
3 9 0
t 192 41
m0 6 13
1 8 0
2 8 0
3 8 0
t 191 41
m0 6 13
1 9 0
2 9 0
3 9 0
t 190 41
m0 6 13
1 8 0
2 8 0
3 8 0
t 189 41
m0 6 13
1 9 0
2 9 0
3 9 0
t 188 41
m0 6 13
1 8 0
2 8 0
3 8 0
t 187 41
m0 6 13
1 9 0
2 9 0
3 9 0
t 186 41
m0 6 13
1 8 0
2 8 0
3 8 0
t 185 41
m0 6 13
1 9 0
2 9 0
3 9 0
t 184 41
m0 6 13
1 8 0
2 8 0
3 8 0
t 183 41
m0 6 13
1 9 0
2 9 0
3 9 0
t 182 41
m0 6 13
1 8 0
2 8 0
3 8 0
t 181 41
m0 6 13
1 9 0
2 9 0
3 9 0
t 180 41
m0 6 13
1 8 0
2 8 0
3 8 0
t 179 41
m0 6 13
1 9 0
2 9 0
3 9 0
t 178 41
m0 6 13
1 8 0
2 8 0
3 8 0
t 177 41
m0 6 13
1 9 0
2 9 0
3 9 0
t 176 41
m0 6 13
1 8 0
2 8 0
3 8 0
t 175 41
m0 6 13
1 9 0
2 9 0
3 9 0
t 174 41
m0 6 13
1 8 0
2 8 0
3 8 0
t 173 41
m0 6 13
1 9 0
2 9 0
3 9 0
t 172 41
m0 6 13
1 8 0
2 8 0
3 8 0
t 171 41
m0 6 13
1 9 0
2 9 0
3 9 0
t 170 41
m0 6 13
1 8 0
2 8 0
3 8 0
t 169 41
m0 6 13
1 9 0
2 9 0
3 9 0
t 168 41
m0 6 13
1 8 0
2 8 0
3 8 0
t 167 41
m0 6 13
1 9 0
2 9 0
3 9 0
t 166 41
m0 6 13
1 8 0
2 8 0
3 8 0
t 165 41
m0 6 13
1 9 0
2 9 0
3 9 0
t 164 41
m0 6 13
1 8 0
2 8 0
3 8 0
t 163 41
m0 6 13
1 9 0
2 9 0
3 9 0
t 162 41
m0 6 13
1 8 0
2 8 0
3 8 0
t 161 41
m0 6 13
1 9 0
2 9 0
3 9 0
t 160 41
m0 6 13
1 8 0
2 8 0
3 8 0
t 159 41
m0 6 13
1 9 0
2 9 0
3 9 0
t 158 41
m0 6 13
1 8 0
2 8 0
3 8 0
t 157 41
m0 6 13
1 9 0
2 9 0
3 9 0
t 156 41
m0 6 13
1 8 0
2 8 0
3 8 0
t 155 41
m0 6 13
1 9 0
2 9 0
3 9 0
t 154 41
m0 6 13
1 8 0
2 8 0
3 8 0
t 153 41
m0 6 13
1 9 0
2 9 0
3 9 0
t 152 41
m0 6 13
1 8 0
2 8 0
3 8 0
t 151 41
m0 6 13
1 9 0
2 9 0
3 9 0
t 150 41
m0 6 13
1 8 0
2 8 0
3 8 0
t 149 41
m0 6 13
1 9 0
2 9 0
3 9 0
t 148 41
m0 6 13
1 8 0
2 8 0
3 8 0
t 147 41
m0 6 13
1 9 0
2 9 0
3 9 0
t 146 41
m0 6 13
1 8 0
2 8 0
3 8 0
t 145 41
m0 6 13
1 9 0
2 9 0
3 9 0
t 144 41
m0 6 13
1 8 0
2 8 0
3 8 0
t 143 41
m0 6 13
1 9 0
2 9 0
3 9 0
t 142 41
m0 6 13
1 8 0
2 8 0
3 8 0
t 141 41
m0 6 13
1 9 0
2 9 0
3 9 0
t 140 41
m0 6 13
1 8 0
2 8 0
3 8 0
t 139 41
m0 6 13
1 9 0
2 9 0
3 9 0
t 138 41
m0 6 13
1 8 0
2 8 0
3 8 0
t 137 41
m0 6 13
1 9 0
2 9 0
3 9 0
t 136 41
m0 6 13
1 8 0
2 8 0
3 8 0
t 135 41
m0 6 13
1 9 0
2 9 0
3 9 0
t 134 41
m0 6 13
1 8 0
2 8 0
3 8 0
t 133 41
m0 6 13
1 9 0
2 9 0
3 9 0
t 132 41
m0 6 13
1 8 0
2 8 0
3 8 0
t 131 41
m0 6 13
1 9 0
2 9 0
3 9 0
t 130 41
m0 6 13
1 8 0
2 8 0
3 8 0
t 129 41
m0 6 13
1 9 0
2 9 0
3 9 0
t 128 41
m0 6 13
1 8 0
2 8 0
3 8 0
t 127 41
m0 6 13
1 9 0
2 9 0
3 9 0
t 126 41
m0 6 13
1 8 0
2 8 0
3 8 0
t 125 41
m0 6 13
1 9 0
2 9 0
3 9 0
t 124 41
m0 6 13
1 8 0
2 8 0
3 8 0
t 123 41
m0 6 13
1 9 0
2 9 0
3 9 0
t 122 41
m0 6 13
1 8 0
2 8 0
3 8 0
t 121 41
m0 6 13
1 9 0
2 9 0
3 9 0
t 120 41
m0 6 13
1 8 0
2 8 0
3 8 0
t 119 41
m0 6 13
1 9 0
2 9 0
3 9 0
t 118 41
m0 6 13
1 8 0
2 8 0
3 8 0
t 117 41
m0 6 13
1 9 0
2 9 0
3 9 0
t 116 41
m0 6 13
1 8 0
2 8 0
3 8 0
t 115 41
m0 6 13
1 9 0
2 9 0
3 9 0
t 114 41
m0 6 13
1 8 0
2 8 0
3 8 0
t 113 41
m0 6 13
1 9 0
2 9 0
3 9 0
t 112 41
m0 6 13
1 8 0
2 8 0
3 8 0
t 111 41
m0 6 13
1 9 0
2 9 0
3 9 0
t 110 41
m0 6 13
1 8 0
2 8 0
3 8 0
t 109 41
m0 6 13
1 9 0
2 9 0
3 9 0
t 108 41
m0 6 13
1 8 0
2 8 0
3 8 0
t 107 41
m0 6 13
1 9 0
2 9 0
3 9 0
t 106 41
m0 6 13
1 8 0
2 8 0
3 8 0
t 105 41
m0 6 13
1 9 0
2 9 0
3 9 0
t 104 41
m0 6 13
1 8 0
2 8 0
3 8 0
t 103 41
m0 6 13
1 9 0
2 9 0
3 9 0
t 102 41
m0 6 13
1 8 0
2 8 0
3 8 0
t 101 41
m0 6 13
1 9 0
2 9 0
3 9 0
t 100 41
m0 6 13
1 8 0
2 8 0
3 8 0
t 99 41
m0 6 13
1 9 0
2 9 0
3 9 0
t 98 41
m0 6 13
1 8 0
2 8 0
3 8 0
t 97 41
m0 6 13
1 9 0
2 9 0
3 9 0
t 96 41
m0 6 13
1 8 0
2 8 0
3 8 0
t 95 41
m0 6 13
1 9 0
2 9 0
3 9 0
t 94 41
m0 6 13
1 8 0
2 8 0
3 8 0
t 93 41
m0 6 13
1 9 0
2 9 0
3 9 0
t 92 41
m0 6 13
1 8 0
2 8 0
3 8 0
t 91 41
m0 6 13
1 9 0
2 9 0
3 9 0
t 90 41
m0 6 13
1 8 0
2 8 0
3 8 0
t 89 41
m0 6 13
1 9 0
2 9 0
3 9 0
t 88 41
m0 6 13
1 8 0
2 8 0
3 8 0
t 87 41
m0 6 13
1 9 0
2 9 0
3 9 0
t 86 41
m0 6 13
1 8 0
2 8 0
3 8 0
t 85 41
m0 6 13
1 9 0
2 9 0
3 9 0
t 84 41
m0 6 13
1 8 0
2 8 0
3 8 0
t 83 41
m0 6 13
1 9 0
2 9 0
3 9 0
t 82 41
m0 6 13
1 8 0
2 8 0
3 8 0
t 81 41
m0 6 13
1 9 0
2 9 0
3 9 0
t 80 41
m0 6 13
1 8 0
2 8 0
3 8 0
t 79 41
m0 6 13
1 9 0
2 9 0
3 9 0
t 78 41
m0 6 13
1 8 0
2 8 0
3 8 0
t 77 41
m0 6 13
1 9 0
2 9 0
3 9 0
t 76 41
m0 6 13
1 8 0
2 8 0
3 8 0
t 75 41
m0 6 13
1 9 0
2 9 0
3 9 0
t 74 41
m0 6 13
1 8 0
2 8 0
3 8 0
t 73 41
m0 6 13
1 9 0
2 9 0
3 9 0
t 72 41
m0 6 13
1 8 0
2 8 0
3 8 0
t 71 41
m0 6 13
1 9 0
2 9 0
3 9 0
t 70 41
m0 6 13
1 8 0
2 8 0
3 8 0
t 69 41
m0 6 13
1 9 0
2 9 0
3 9 0
t 68 41
m0 6 13
1 8 0
2 8 0
3 8 0
t 67 41
m0 6 13
1 9 0
2 9 0
3 9 0
t 66 41
m0 6 13
1 8 0
2 8 0
3 8 0
t 65 41
m0 6 13
1 9 0
2 9 0
3 9 0
t 64 41
m0 6 13
1 8 0
2 8 0
3 8 0
t 63 41
m0 6 13
1 9 0
2 9 0
3 9 0
t 62 41
m0 6 13
1 8 0
2 8 0
3 8 0
t 61 41
m0 6 13
1 9 0
2 9 0
3 9 0
t 60 41
m0 6 13
1 8 0
2 8 0
3 8 0
t 59 41
m0 6 13
1 9 0
2 9 0
3 9 0
t 58 41
m0 6 13
1 8 0
2 8 0
3 8 0
t 57 41
m0 6 13
1 9 0
2 9 0
3 9 0
t 56 41
m0 6 13
1 8 0
2 8 0
3 8 0
t 55 41
m0 6 13
1 9 0
2 9 0
3 9 0
t 54 41
m0 6 13
1 8 0
2 8 0
3 8 0
t 53 41
m0 6 13
1 9 0
2 9 0
3 9 0
t 52 41
m0 6 13
1 8 0
2 8 0
3 8 0
t 51 41
m0 6 13
1 9 0
2 9 0
3 9 0
t 50 41
m0 6 13
1 8 0
2 8 0
3 8 0
t 49 41
m0 6 13
1 9 0
2 9 0
3 9 0
t 48 41
m0 6 13
1 8 0
2 8 0
3 8 0
t 47 41
m0 6 13
1 9 0
2 9 0
3 9 0
t 46 41
m0 6 13
1 8 0
2 8 0
3 8 0
t 45 41
m0 6 13
1 9 0
2 9 0
3 9 0
t 44 41
m0 6 13
1 8 0
2 8 0
3 8 0
t 43 41
m0 6 13
1 9 0
2 9 0
3 9 0
t 42 41
m0 6 13
1 8 0
2 8 0
3 8 0
t 41 41
m0 6 13
1 9 0
2 9 0
3 9 0
t 40 41
m0 6 13
1 8 0
2 8 0
3 8 0
t 39 41
m0 6 13
1 9 0
2 9 0
3 9 0
t 38 41
m0 6 13
1 8 0
2 8 0
3 8 0
t 37 41
m0 6 13
1 9 0
2 9 0
3 9 0
t 36 41
m0 6 13
1 8 0
2 8 0
3 8 0
t 35 41
m0 6 13
1 9 0
2 9 0
3 9 0
t 34 41
m0 6 13
1 8 0
2 8 0
3 8 0
t 33 41
m0 6 13
1 9 0
2 9 0
3 9 0
t 32 41
m0 6 13
1 8 0
2 8 0
3 8 0
t 31 41
m0 6 13
1 9 0
2 9 0
3 9 0
t 30 41
m0 6 13
1 8 0
2 8 0
3 8 0
t 29 41
m0 6 13
1 9 0
2 9 0
3 9 0
t 28 41
m0 6 13
1 8 0
2 8 0
3 8 0
t 27 41
m0 6 13
1 9 0
2 9 0
3 9 0
t 26 41
m0 6 13
1 8 0
2 8 0
3 8 0
t 25 41
m0 6 13
1 9 0
2 9 0
3 9 0
t 24 41
m0 6 13
1 8 0
2 8 0
3 8 0
t 23 41
m0 6 13
1 9 0
2 9 0
3 9 0
t 22 41
m0 6 13
1 8 0
2 8 0
3 8 0
t 21 41
m0 6 13
1 9 0
2 9 0
3 9 0
t 20 41
m0 6 13
1 8 0
2 8 0
3 8 0
t 19 41
m0 6 13
1 9 0
2 9 0
3 9 0
t 18 41
m0 6 13
1 8 0
2 8 0
3 8 0
t 17 41
m0 6 13
1 9 0
2 9 0
3 9 0
t 16 41
m0 6 13
1 8 0
2 8 0
3 8 0
t 15 41
m0 6 13
1 9 0
2 9 0
3 9 0
t 14 41
m0 6 13
1 8 0
2 8 0
3 8 0
t 13 41
m0 6 13
1 9 0
2 9 0
3 9 0
t 12 41
m0 6 13
1 8 0
2 8 0
3 8 0
t 11 41
m0 6 13
1 9 0
2 9 0
3 9 0
t 10 41
m0 6 13
1 8 0
2 8 0
3 8 0
t 9 41
m0 6 13
1 9 0
2 9 0
3 9 0
t 8 41
m0 6 13
1 8 0
2 8 0
3 8 0
t 7 41
m0 6 13
1 9 0
2 9 0
3 9 0
t 6 41
m0 6 13
1 8 0
2 8 0
3 8 0
t 5 41
m0 6 13
1 9 0
2 9 0
3 9 0
t 4 41
m0 6 13
1 8 0
2 8 0
3 8 0
t 3 41
m0 6 13
1 9 0
2 9 0
3 9 0
t 2 41
m0 6 13
1 8 0
2 8 0
3 8 0
t 1 41
m0 6 13
1 8 0
2 8 0
3 8 0
t 0 41
