10
15
w 5 9
w 6 9
w 6 6
w 2 8
w 3 11
w 8 9
w 6 2
w 4 12
w 1 6
w 3 7
w 3 14
w 4 0
w 6 7
w 6 10
w 1 14
w 6 3
w 1 5
w 2 13
w 9 11
w 5 0
w 2 2
w 4 5
w 6 0
w 4 14
w 1 9
w 8 7
w 4 2
w 6 12
w 2 14
w 3 5
w 2 7
w 8 3
w 5 10
w 7 13
w 2 11
w 9 5
w 9 12
p 4 7
p 1 3
p 8 13
p 9 1
p 5 6
p 3 0
p 8 0
p 2 1
p 2 12
p 9 4
p 0 10
p 2 5
p 0 3
p 8 5
p 5 8
p 1 2
p 9 0
p 4 9
p 3 3
p 2 9
p 8 1
p 7 6
p 3 10
p 7 10
p 0 4
p 1 10
p 8 6
p 1 1
p 4 10
p 5 4
p 5 11
p 7 1
p 8 11
p 9 3
p 1 4
p 2 10
p 1 0
p 0 8
p 9 6
p 6 5
p 4 11
p 7 9
p 9 13
p 3 12
p 4 6
p 6 8
p 8 12
p 6 1
p 3 1
p 0 13
p 9 9
p 7 4
p 2 0
p 1 8
p 8 8
p 5 2
m0 0 14
1 9 0
2 9 0
3 9 0
t 300 0
m0 0 13
1 8 0
2 9 1
3 9 1
t 299 1
m0 1 13
1 7 0
2 9 0
3 9 0
t 298 1
m0 1 12
1 7 1
2 9 1
3 9 1
t 297 1
m0 2 12
1 6 1
2 9 0
3 9 2
t 296 2
m0 3 12
1 7 1
2 8 0
3 9 3
t 295 3
m0 3 12
1 8 1
2 9 0
3 9 2
t 294 3
m0 3 12
1 8 0
2 9 1
3 8 2
t 293 3
m0 3 12
1 7 0
2 9 0
3 9 2
t 292 3
m0 3 12
1 7 1
2 8 0
3 9 1
f 2 12
t 291 3
m0 3 12
1 6 1
2 9 0
3 9 0
t 290 3
m0 3 12
1 7 1
2 9 1
3 8 0
t 289 3
m0 3 12
1 6 1
2 9 2
3 7 0
t 288 3
m0 3 12
1 7 1
2 9 1
3 8 0
t 287 3
m0 3 12
1 7 2
2 8 1
3 9 0
t 286 3
m0 3 12
1 7 1
2 8 0
3 8 0
t 285 3
m0 3 12
1 6 1
2 9 0
3 8 1
t 284 3
m0 3 12
1 7 1
2 8 0
3 9 1
t 283 3
m0 3 12
1 8 1
2 9 0
3 9 0
t 282 3
m0 3 12
1 8 2
2 8 0
3 9 1
t 281 3
m0 3 12
1 8 1
2 9 0
3 8 1
t 280 3
m0 3 12
1 8 0
2 9 1
3 8 0
t 279 3
m0 3 12
1 7 0
2 9 2
3 9 0
t 278 3
m0 3 12
1 7 1
2 8 2
3 8 0
t 277 3
m0 3 12
1 7 0
2 9 2
3 9 0
t 276 3
m0 3 12
1 7 1
2 9 3
3 8 0
t 275 3
m0 3 12
1 7 2
2 9 4
3 8 1
t 274 3
m0 3 12
1 7 1
2 9 3
3 8 0
t 273 3
m0 3 12
1 7 0
2 9 2
3 8 1
t 272 3
m0 3 12
1 7 1
2 9 3
3 8 2
t 271 3
m0 3 12
1 8 1
2 9 4
3 9 2
t 270 3
m0 3 12
1 7 1
2 8 4
3 9 1
t 269 3
m0 3 12
1 7 0
2 8 5
3 9 0
t 268 3
m0 3 12
1 8 0
2 7 5
3 9 1
t 267 3
m0 3 12
1 7 0
2 8 5
3 8 1
t 266 3
m0 3 12
1 8 0
2 8 6
3 9 1
t 265 3
m0 3 12
1 7 0
2 9 6
3 9 0
t 264 3
m0 3 12
1 7 1
2 9 7
3 8 0
t 263 3
m0 3 12
1 7 0
2 9 8
3 9 0
t 262 3
m0 3 12
1 7 1
2 8 8
3 9 1
t 261 3
m0 3 12
1 8 1
2 7 8
3 9 0
t 260 3
m0 3 12
1 8 0
2 7 9
3 9 1
t 259 3
m0 3 12
1 7 0
2 7 8
3 9 0
t 258 3
m0 3 12
1 8 0
2 6 8
3 8 0
t 257 3
m0 3 12
1 9 0
2 7 8
3 9 0
t 256 3
m0 3 12
1 8 0
2 8 8
3 9 1
t 255 3
m0 3 12
1 9 0
2 9 8
3 9 2
t 254 3
m0 3 12
1 8 0
2 9 7
3 9 3
t 253 3
m0 3 12
1 9 0
2 9 8
3 9 4
t 252 3
m0 3 12
1 9 1
2 9 7
3 9 3
t 251 3
m0 3 12
1 9 0
2 9 6
3 9 2
t 250 3
m0 3 12
1 9 1
2 8 6
3 9 3
t 249 3
m0 3 12
1 9 0
2 8 5
3 9 4
t 248 3
m0 3 12
1 9 1
2 8 4
3 9 3
t 247 3
m0 3 12
1 9 0
2 9 4
3 9 2
t 246 3
m0 3 12
1 8 0
2 9 3
3 8 2
t 245 3
m0 3 12
1 7 0
2 9 2
3 8 1
t 244 3
m0 3 12
1 8 0
2 9 1
3 7 1
t 243 3
m0 3 12
1 7 0
2 8 1
3 6 1
t 242 3
m0 3 12
1 7 1
2 8 2
3 7 1
t 241 3
m0 3 12
1 7 2
2 9 2
3 7 0
t 240 3
m0 3 12
1 8 2
2 9 1
3 8 0
t 239 3
m0 3 12
1 8 1
2 9 2
3 9 0
t 238 3
m0 3 12
1 9 1
2 9 3
3 9 1
t 237 3
m0 3 12
1 8 1
2 9 4
3 9 0
t 236 3
m0 3 12
1 8 2
2 9 3
3 8 0
t 235 3
m0 3 12
1 7 2
2 9 2
3 8 1
t 234 3
m0 3 12
1 8 2
2 9 3
3 8 0
t 233 3
m0 3 12
1 9 2
2 9 4
3 8 1
t 232 3
m0 3 12
1 8 2
2 8 4
3 8 0
t 231 3
m0 3 12
1 9 2
2 9 4
3 7 0
t 230 3
m0 3 12
1 9 1
2 9 3
3 7 1
t 229 3
m0 3 12
1 9 0
2 9 2
3 7 2
t 228 3
m0 3 12
1 8 0
2 9 1
3 7 1
t 227 3
m0 3 12
1 7 0
2 9 0
3 8 1
t 226 3
m0 3 12
1 8 0
2 9 1
3 8 2
t 225 3
m0 3 12
1 7 0
2 9 0
3 8 1
t 224 3
m0 3 12
1 7 1
2 9 1
3 8 2
t 223 3
m0 3 12
1 7 0
2 8 1
3 9 2
t 222 3
m0 3 12
1 7 1
2 8 2
3 9 1
t 221 3
m0 3 12
1 7 2
2 8 1
3 9 2
t 220 3
m0 3 12
1 7 1
2 8 0
3 8 2
t 219 3
m0 3 12
1 8 1
2 7 0
3 9 2
t 218 3
m0 3 12
1 8 0
2 7 1
3 9 3
t 217 3
m0 3 12
1 9 0
2 7 2
3 9 4
t 216 3
m0 3 12
1 8 0
2 7 1
3 9 3
t 215 3
m0 3 12
1 9 0
2 7 0
3 9 2
t 214 3
m0 3 12
1 8 0
2 8 0
3 9 1
t 213 3
m0 3 12
1 7 0
2 8 1
3 8 1
t 212 3
m0 3 12
1 8 0
2 8 2
3 8 0
t 211 3
m0 3 12
1 9 0
2 9 2
3 7 0
t 210 3
m0 3 12
1 9 1
2 9 1
3 8 0
t 209 3
m0 3 12
1 8 1
2 9 0
3 9 0
t 208 3
m0 3 12
1 9 1
2 8 0
3 9 1
t 207 3
m0 3 12
1 9 0
2 7 0
3 9 0
t 206 3
m0 3 12
1 8 0
2 8 0
3 9 1
t 205 3
m0 3 12
1 9 0
2 7 0
3 9 0
t 204 3
m0 3 12
1 9 1
2 8 0
3 8 0
t 203 3
m0 3 12
1 9 0
2 9 0
3 8 1
t 202 3
m0 3 12
1 8 0
2 9 1
3 8 2
t 201 3
m0 3 12
1 9 0
2 8 1
3 8 1
t 200 3
m0 3 12
1 9 1
2 8 0
3 8 2
t 199 3
m0 3 12
1 9 2
2 8 1
3 7 2
t 198 3
m0 3 12
1 9 3
2 8 0
3 7 3
t 197 3
m0 3 12
1 9 2
2 9 0
3 7 2
t 196 3
m0 3 12
1 9 1
2 9 1
3 7 3
t 195 3
m0 3 12
1 9 0
2 8 1
3 7 2
t 194 3
m0 3 12
1 9 1
2 8 0
3 7 3
t 193 3
m0 3 12
1 9 2
2 9 0
3 7 4
t 192 3
m0 3 12
1 9 3
2 8 0
3 7 3
t 191 3
m0 3 12
1 9 2
2 7 0
3 7 4
t 190 3
m0 3 12
1 9 3
2 8 0
3 7 3
t 189 3
m0 3 12
1 9 4
2 8 1
3 7 2
t 188 3
m0 3 12
1 9 3
2 8 0
3 8 2
t 187 3
m0 3 12
1 9 4
2 8 1
3 9 2
t 186 3
m0 3 12
1 9 3
2 9 1
3 8 2
t 185 3
m0 3 12
1 9 4
2 9 0
3 8 1
t 184 3
m0 3 12
1 9 3
2 8 0
3 9 1
t 183 3
m0 3 12
1 9 2
2 9 0
3 9 0
t 182 3
m0 3 12
1 9 1
2 8 0
3 8 0
t 181 3
m0 3 12
1 9 2
2 9 0
3 9 0
t 180 3
m0 3 12
1 9 1
2 8 0
3 8 0
t 179 3
m0 3 12
1 9 2
2 8 1
3 8 1
t 178 3
m0 3 12
1 9 1
2 7 1
3 8 0
t 177 3
m0 3 12
1 9 0
2 7 2
3 7 0
t 176 3
m0 3 12
1 8 0
2 7 1
3 8 0
t 175 3
m0 3 12
1 8 1
2 6 1
3 8 1
t 174 3
m0 3 12
1 8 0
2 5 1
3 7 1
t 173 3
m0 3 12
1 9 0
2 5 2
3 7 2
t 172 3
m0 3 12
1 8 0
2 5 1
3 7 3
t 171 3
m0 3 12
1 9 0
2 4 1
3 7 4
t 170 3
m0 3 12
1 8 0
2 3 1
3 7 5
t 169 3
m0 3 12
1 9 0
2 2 1
3 8 5
t 168 3
m0 2 12
1 8 0
2 3 1
3 8 6
t 167 13
m0 3 12
1 9 0
2 3 0
3 9 6
t 166 13
m0 3 12
1 9 1
2 2 0
3 9 7
t 165 13
m0 3 12
1 9 2
2 3 0
3 9 8
t 164 13
m0 3 12
1 8 2
2 2 0
3 9 9
t 163 13
m0 3 12
1 9 2
2 1 0
3 9 10
t 162 13
m0 3 12
1 9 1
2 0 0
3 8 10
t 161 13
m0 3 12
1 9 2
2 0 1
3 7 10
t 160 13
m0 3 12
1 8 2
2 0 0
3 8 10
t 159 13
m0 3 12
1 9 2
2 1 0
3 9 10
t 158 13
m0 3 12
1 9 3
2 0 0
3 8 10
t 157 13
m0 3 12
1 9 2
2 0 1
3 8 11
t 156 13
m0 3 12
1 8 2
2 0 0
3 7 11
t 155 13
m0 3 12
1 7 2
2 1 0
3 7 10
t 154 13
m0 3 12
1 8 2
2 1 1
3 7 9
t 153 13
m0 3 12
1 7 2
2 0 1
3 7 8
t 152 13
m0 3 12
1 7 1
2 0 0
3 8 8
t 151 13
m0 3 12
1 7 2
2 0 1
3 9 8
t 150 13
m0 3 12
1 8 2
2 0 0
3 9 9
t 149 13
m0 3 12
1 8 1
2 0 1
3 9 8
t 148 13
m0 3 12
1 9 1
2 0 2
3 9 7
t 147 13
m0 3 12
1 9 0
2 0 1
3 9 6
t 146 13
m0 3 12
1 9 1
2 1 1
3 9 7
t 145 13
m0 3 12
1 9 2
2 1 0
3 9 8
t 144 13
m0 3 12
1 8 2
2 2 0
3 9 9
t 143 13
m0 3 12
1 9 2
2 2 1
3 9 8
t 142 13
m0 3 12
1 8 2
2 2 0
3 9 9
t 141 13
m0 3 12
1 8 1
2 3 0
3 9 8
t 140 13
m0 3 12
1 8 0
2 2 0
3 9 9
t 139 13
m0 3 12
1 8 1
2 2 1
3 9 10
t 138 13
m0 3 12
1 9 1
2 3 1
3 8 10
t 137 13
m0 3 12
1 8 1
2 4 1
3 9 10
f 9 8
t 136 13
m0 3 12
1 8 0
2 5 1
3 9 9
t 135 13
m0 3 12
1 9 0
2 6 1
3 9 8
t 134 13
m0 3 12
1 8 0
2 7 1
3 9 9
t 133 13
m0 3 12
1 7 0
2 6 1
3 9 10
t 132 13
m0 3 12
1 8 0
2 5 1
3 8 10
t 131 13
m0 3 12
1 9 0
2 6 1
3 8 11
t 130 13
m0 3 12
1 8 0
2 7 1
3 8 12
t 129 13
m0 3 12
1 9 0
2 8 1
3 8 11
t 128 13
m0 3 12
1 8 0
2 9 1
3 7 11
t 127 13
m0 3 12
1 7 0
2 9 0
3 8 11
t 126 13
m0 3 12
1 8 0
2 9 1
3 8 10
t 125 13
m0 3 12
1 8 1
2 9 0
3 8 11
t 124 13
m0 3 12
1 8 0
2 8 0
3 7 11
t 123 13
m0 3 12
1 8 1
2 9 0
3 7 12
t 122 13
m0 3 12
1 8 2
2 9 1
3 7 11
t 121 13
m0 3 12
1 8 1
2 9 2
3 7 10
t 120 13
m0 3 12
1 8 0
2 9 3
3 7 11
t 119 13
m0 3 12
1 9 0
2 9 2
3 8 11
t 118 13
m0 3 12
1 8 0
2 9 3
3 7 11
t 117 13
m0 3 12
1 7 0
2 9 4
3 8 11
t 116 13
m0 3 12
1 8 0
2 8 4
3 8 10
t 115 13
m0 3 12
1 7 0
2 9 4
3 8 11
t 114 13
m0 3 12
1 7 1
2 8 4
3 8 10
t 113 13
m0 3 12
1 6 1
2 7 4
3 8 11
t 112 13
m0 3 12
1 5 1
2 8 4
3 8 10
t 111 13
m0 3 12
1 5 2
2 9 4
3 9 10
t 110 13
m0 3 12
1 5 1
2 8 4
3 8 10
t 109 13
m0 3 12
1 4 1
2 8 5
3 9 10
t 108 13
m0 3 12
1 3 1
2 7 5
3 9 9
t 107 13
m0 3 12
1 3 0
2 7 4
3 9 10
t 106 13
m0 3 12
1 3 1
2 8 4
3 9 9
t 105 13
m0 3 12
1 2 1
2 8 5
3 9 8
t 104 13
m0 3 12
1 2 0
2 7 5
3 8 8
t 103 13
m0 3 12
1 1 0
2 7 4
3 9 8
t 102 13
m0 3 12
1 0 0
2 8 4
3 9 7
t 101 13
m0 3 12
1 1 0
2 7 4
3 9 6
t 100 13
m0 3 12
1 0 0
2 8 4
3 9 7
t 99 13
m0 3 12
1 0 1
2 9 4
3 9 6
t 98 13
m0 3 12
1 0 0
2 9 3
3 8 6
t 97 13
m0 3 12
1 0 1
2 9 2
3 9 6
t 96 13
m0 3 12
1 0 0
2 9 3
3 8 6
t 95 13
m0 3 12
1 1 0
2 9 2
3 7 6
t 94 13
m0 3 12
1 0 0
2 9 1
3 8 6
t 93 13
m0 3 12
1 0 1
2 9 0
3 8 5
t 92 13
m0 3 12
1 0 0
2 8 0
3 8 6
t 91 13
m0 3 12
1 1 0
2 7 0
3 8 5
t 90 13
m0 3 12
1 0 0
2 7 1
3 8 4
t 89 13
m0 3 12
1 0 1
2 8 1
3 8 5
t 88 13
m0 3 12
1 0 0
2 9 1
3 8 6
t 87 13
m0 3 12
1 0 1
2 9 0
3 8 5
t 86 13
m0 3 12
1 0 0
2 9 1
3 7 5
t 85 13
m0 3 12
1 1 0
2 9 0
3 7 4
t 84 13
m0 3 12
1 1 1
2 9 1
3 6 4
t 83 13
m0 3 12
1 0 1
2 9 2
3 5 4
t 82 13
m0 3 12
1 0 2
2 8 2
3 6 4
t 81 13
m0 3 12
1 1 2
2 8 1
3 5 4
t 80 13
m0 3 12
1 1 1
2 9 1
3 6 4
t 79 13
m0 3 12
1 0 1
2 9 2
3 7 4
t 78 13
m0 3 12
1 1 1
2 9 3
3 6 4
t 77 13
m0 3 12
1 0 1
2 9 4
3 6 5
t 76 13
m0 3 12
1 0 2
2 9 3
3 6 4
t 75 13
m0 3 12
1 0 1
2 9 2
3 6 5
t 74 13
m0 3 12
1 0 2
2 9 3
3 6 4
t 73 13
m0 3 12
1 0 1
2 9 4
3 6 5
t 72 13
m0 3 12
1 1 1
2 9 3
3 7 5
t 71 13
m0 3 12
1 0 1
2 9 2
3 7 4
t 70 13
m0 3 12
1 0 0
2 9 1
3 8 4
t 69 13
m0 3 12
1 1 0
2 9 0
3 7 4
t 68 13
m0 3 12
1 0 0
2 9 1
3 6 4
t 67 13
m0 3 12
1 1 0
2 8 1
3 5 4
t 66 13
m0 3 12
1 1 1
2 8 2
3 6 4
t 65 13
m0 3 12
1 0 1
2 9 2
3 5 4
t 64 13
m0 3 12
1 0 2
2 9 1
3 5 3
t 63 13
m0 3 12
1 0 1
2 9 0
3 5 2
t 62 13
m0 3 12
1 0 0
2 8 0
3 5 1
t 61 13
m0 3 12
1 0 1
2 9 0
3 6 1
t 60 13
m0 2 12
1 0 0
2 8 0
3 7 1
t 59 13
m0 1 12
1 0 1
2 7 0
3 6 1
t 58 13
m0 1 11
1 0 0
2 7 1
3 7 1
t 57 13
m0 1 10
1 0 1
2 7 0
3 8 1
t 56 14
m0 0 10
1 0 0
2 7 1
3 9 1
t 55 15
m0 0 9
1 1 0
2 7 0
3 9 2
t 54 15
m0 0 8
1 0 0
2 8 0
3 9 1
t 53 16
m0 0 7
1 1 0
2 8 1
3 9 2
t 52 16
m0 1 7
1 0 0
2 8 0
3 8 2
t 51 16
m0 0 7
1 0 1
2 9 0
3 8 1
t 50 16
m0 0 6
1 1 1
2 8 0
3 7 1
t 49 16
m0 0 5
1 1 0
2 9 0
3 6 1
t 48 16
m0 0 4
1 0 0
2 8 0
3 5 1
t 47 17
m0 0 3
1 1 0
2 7 0
3 6 1
t 46 18
m0 1 3
1 0 0
2 8 0
3 5 1
t 45 19
m0 1 2
1 1 0
2 7 0
3 4 1
t 44 20
m0 1 1
1 0 0
2 8 0
3 5 1
t 43 21
m0 1 0
1 0 1
2 8 1
3 5 2
t 42 22
m0 0 0
1 0 2
2 8 2
3 5 3
t 41 22
m0 0 1
1 0 3
2 9 2
3 5 2
t 40 22
m0 0 2
1 0 4
2 9 3
3 5 1
t 39 22
m0 0 3
1 0 5
2 9 2
3 6 1
t 38 22
m0 0 4
1 0 6
2 9 3
3 5 1
t 37 22
m0 0 5
1 0 7
2 9 2
3 6 1
t 36 22
m0 0 6
1 1 7
2 9 3
3 5 1
t 35 22
m0 0 7
1 1 8
2 9 2
3 6 1
t 34 22
m0 -5 -5
1 1 7
2 9 3
3 7 1
t 33 22
