10
15
w 5 9
w 4 7
w 7 12
w 0 2
w 3 11
w 5 1
w 1 11
w 4 9
w 3 3
w 2 9
w 5 5
w 8 1
w 6 7
w 7 6
w 8 10
w 1 5
w 1 10
w 1 1
w 9 7
w 7 14
w 0 0
w 6 11
w 1 13
w 9 3
w 4 14
w 9 10
w 6 12
w 1 0
w 0 8
w 9 6
w 4 11
w 0 1
w 2 7
w 3 1
w 8 8
w 3 4
w 2 4
p 8 13
p 6 6
p 3 0
p 5 6
p 9 8
p 8 0
p 7 7
p 0 7
p 2 1
p 4 12
p 6 2
p 0 10
p 9 4
p 1 6
p 2 12
p 2 5
p 8 5
p 7 2
p 5 8
p 1 2
p 6 14
p 3 14
p 3 10
p 5 12
p 1 14
p 4 13
p 2 13
p 9 11
p 3 6
p 2 2
p 6 4
p 5 4
p 2 6
p 7 1
p 3 13
p 8 11
p 1 4
p 2 10
p 7 5
p 3 9
p 9 13
p 3 12
p 7 0
p 1 12
p 2 11
p 9 9
p 0 13
p 3 8
p 2 0
p 1 8
p 5 14
p 6 13
p 1 7
p 0 9
p 5 2
p 8 4
m0 0 14
1 9 0
2 9 0
3 9 0
t 300 0
m0 1 14
1 9 1
2 8 0
3 9 1
t 299 1
m0 2 14
1 9 2
2 9 0
3 9 0
t 298 1
m0 3 14
1 9 1
2 8 0
3 8 0
t 297 2
m0 3 13
1 9 0
2 7 0
3 7 0
t 296 3
m0 4 13
1 9 1
2 6 0
3 6 0
t 295 4
m0 4 12
1 9 2
2 7 0
3 5 0
t 294 5
m0 5 12
1 9 1
2 8 0
3 4 0
t 293 6
m0 4 12
1 9 2
2 7 0
3 4 1
t 292 6
m0 3 12
1 9 1
2 7 1
3 4 0
t 291 7
m0 2 12
1 9 2
2 6 1
3 3 0
t 290 8
m0 2 11
1 8 2
2 6 0
3 4 0
t 289 9
m0 2 10
1 9 2
2 7 0
3 3 0
t 288 10
m0 3 10
1 8 2
2 6 0
3 2 0
t 287 11
m0 3 9
1 8 3
2 6 1
3 3 0
t 286 12
m0 3 8
1 8 4
2 7 1
3 2 0
t 285 13
m0 2 8
1 9 4
2 6 1
3 3 0
f 6 5
t 284 13
m0 1 8
1 9 5
2 7 1
3 2 0
t 283 14
m0 1 9
1 8 5
2 7 0
3 2 1
t 282 14
m0 0 9
1 9 5
2 8 0
3 2 2
t 281 15
m0 0 10
1 9 4
2 9 0
3 1 2
t 280 16
m0 0 11
1 8 4
2 9 1
3 2 2
t 279 16
m0 0 12
1 8 5
2 9 0
3 1 2
t 278 16
m0 0 13
1 7 5
2 8 0
3 1 3
t 277 17
m0 0 12
1 8 5
2 9 0
3 1 2
t 276 17
m0 1 12
1 8 6
2 9 1
3 1 3
t 275 18
m0 2 12
1 8 5
2 9 2
3 0 3
t 274 18
m0 2 13
1 8 4
2 8 2
3 0 4
t 273 19
m0 2 14
1 9 4
2 7 2
3 0 5
t 272 19
m0 3 14
1 8 4
2 7 1
3 0 4
t 271 19
m0 2 14
1 8 5
2 7 0
3 0 3
t 270 19
m0 3 14
1 8 6
2 8 0
3 0 4
t 269 19
m0 2 14
1 8 7
2 7 0
3 0 3
t 268 19
m0 3 14
1 8 6
2 7 1
3 0 4
t 267 19
m0 2 14
1 8 7
2 6 1
3 0 5
t 266 19
m0 3 14
1 7 7
2 6 0
3 0 4
t 265 19
m0 2 14
1 7 8
2 5 0
3 0 5
t 264 19
m0 3 14
1 7 9
2 4 0
3 0 6
t 263 19
m0 2 14
1 8 9
2 5 0
3 0 5
t 262 19
m0 3 14
1 9 9
2 6 0
3 0 6
t 261 19
m0 2 14
1 9 8
2 7 0
3 0 5
t 260 19
m0 3 14
1 9 9
2 8 0
3 0 4
t 259 19
m0 2 14
1 8 9
2 9 0
3 0 3
t 258 19
m0 3 14
1 7 9
2 8 0
3 0 4
t 257 19
m0 2 14
1 6 9
2 9 0
3 0 3
t 256 19
m0 3 14
1 6 10
2 8 0
3 0 4
t 255 19
m0 2 14
1 7 10
2 9 0
3 0 3
t 254 19
m0 3 14
1 7 11
2 8 0
3 0 4
t 253 19
m0 2 14
1 8 11
2 9 0
3 0 5
t 252 19
m0 3 14
1 8 12
2 8 0
3 0 6
t 251 19
m0 2 14
1 9 12
2 7 0
3 0 7
t 250 19
m0 3 14
1 9 13
2 8 0
3 1 7
t 249 19
m0 2 14
1 9 14
2 9 0
3 0 7
t 248 19
m0 3 14
1 8 14
2 9 1
3 1 7
t 247 19
m0 2 14
1 8 13
2 9 0
3 1 6
t 246 19
m0 3 14
1 7 13
2 9 1
3 0 6
t 245 19
m0 2 14
1 8 13
2 9 0
3 1 6
t 244 19
m0 3 14
1 8 14
2 8 0
3 0 6
t 243 19
m0 2 14
1 9 14
2 9 0
3 0 7
t 242 19
m0 3 14
1 8 14
2 8 0
3 0 6
t 241 19
m0 2 14
1 9 14
2 7 0
3 0 7
t 240 19
m0 3 14
1 8 14
2 8 0
3 0 6
t 239 19
m0 2 14
1 9 14
2 7 0
3 0 7
t 238 19
m0 3 14
1 9 13
2 8 0
3 0 6
t 237 19
m0 2 14
1 9 14
2 9 0
3 0 7
t 236 19
m0 3 14
1 8 14
2 8 0
3 0 6
t 235 19
m0 2 14
1 8 13
2 9 0
3 0 5
t 234 19
m0 3 14
1 8 12
2 8 0
3 0 6
t 233 19
m0 2 14
1 9 12
2 7 0
3 0 7
t 232 19
m0 3 14
1 9 13
2 8 0
3 1 7
t 231 19
m0 2 14
1 9 14
2 9 0
3 0 7
t 230 19
m0 3 14
1 9 13
2 8 0
3 1 7
t 229 19
m0 2 14
1 9 14
2 9 0
3 1 8
t 228 19
m0 3 14
1 9 13
2 8 0
3 1 7
t 227 19
m0 2 14
1 9 14
2 7 0
3 1 8
t 226 19
m0 3 14
1 8 14
2 8 0
3 1 7
t 225 19
m0 2 14
1 9 14
2 9 0
3 0 7
t 224 19
m0 3 14
1 8 14
2 9 1
3 1 7
t 223 19
m0 2 14
1 8 13
2 9 0
3 1 6
t 222 19
m0 3 14
1 9 13
2 9 1
3 1 7
t 221 19
m0 2 14
1 8 13
2 9 0
3 1 6
t 220 19
m0 3 14
1 8 12
2 8 0
3 0 6
t 219 19
m0 2 14
1 9 12
2 9 0
3 0 7
t 218 19
m0 3 14
1 8 12
2 8 0
3 0 6
t 217 19
m0 2 14
1 8 13
2 9 0
3 0 7
t 216 19
m0 3 14
1 9 13
2 8 0
3 0 6
t 215 19
m0 2 14
1 9 14
2 7 0
3 0 7
t 214 19
m0 3 14
1 8 14
2 8 0
3 1 7
t 213 19
m0 2 14
1 9 14
2 9 0
3 1 6
t 212 19
m0 3 14
1 8 14
2 8 0
3 0 6
t 211 19
m0 2 14
1 9 14
2 9 0
3 0 7
t 210 19
m0 3 14
1 9 13
2 8 0
3 0 6
t 209 19
m0 2 14
1 9 14
2 9 0
3 0 7
t 208 19
m0 3 14
1 9 13
2 8 0
3 0 6
t 207 19
m0 2 14
1 9 14
2 7 0
3 0 5
t 206 19
m0 3 14
1 8 14
2 7 1
3 0 6
t 205 19
m0 2 14
1 9 14
2 7 0
3 0 7
t 204 19
m0 3 14
1 8 14
2 8 0
3 0 6
t 203 19
m0 2 14
1 9 14
2 9 0
3 0 7
t 202 19
m0 3 14
1 9 13
2 8 0
3 0 6
t 201 19
m0 2 14
1 9 14
2 9 0
3 0 7
t 200 19
m0 3 14
1 8 14
2 8 0
3 1 7
t 199 19
m0 2 14
1 9 14
2 9 0
3 0 7
t 198 19
m0 3 14
1 8 14
2 8 0
3 1 7
t 197 19
m0 2 14
1 9 14
2 9 0
3 0 7
t 196 19
m0 3 14
1 8 14
2 8 0
3 0 6
t 195 19
m0 2 14
1 9 14
2 9 0
3 0 7
t 194 19
m0 3 14
1 9 13
2 8 0
3 1 7
t 193 19
m0 2 14
1 9 14
2 9 0
3 0 7
t 192 19
m0 3 14
1 9 13
2 8 0
3 1 7
t 191 19
m0 2 14
1 9 14
2 9 0
3 0 7
t 190 19
m0 3 14
1 8 14
2 9 1
3 1 7
t 189 19
m0 2 14
1 9 14
2 9 0
3 0 7
t 188 19
m0 3 14
1 8 14
2 8 0
3 0 6
t 187 19
m0 2 14
1 9 14
2 9 0
3 1 6
t 186 19
m0 3 14
1 9 13
2 8 0
3 0 6
t 185 19
m0 2 14
1 9 14
2 9 0
3 0 7
t 184 19
m0 3 14
1 9 13
2 8 0
3 0 6
t 183 19
m0 2 14
1 9 12
2 7 0
3 0 7
t 182 19
m0 3 14
1 8 12
2 6 0
3 0 6
t 181 19
m0 2 14
1 8 13
2 7 0
3 0 7
t 180 19
m0 3 14
1 8 14
2 6 0
3 1 7
t 179 19
m0 2 14
1 9 14
2 7 0
3 0 7
t 178 19
m0 3 14
1 8 14
2 8 0
3 0 6
t 177 19
m0 2 14
1 9 14
2 9 0
3 1 6
t 176 19
m0 3 14
1 9 13
2 9 1
3 0 6
t 175 19
m0 2 14
1 8 13
2 9 0
3 1 6
t 174 19
m0 3 14
1 8 14
2 8 0
3 1 7
t 173 19
m0 2 14
1 9 14
2 9 0
3 0 7
t 172 19
m0 3 14
1 8 14
2 9 1
3 1 7
t 171 19
m0 2 14
1 9 14
2 9 0
3 0 7
t 170 19
m0 3 14
1 8 14
2 9 1
3 0 6
t 169 19
m0 2 14
1 9 14
2 9 0
3 0 7
t 168 19
m0 3 14
1 8 14
2 8 0
3 0 6
t 167 19
m0 2 14
1 9 14
2 9 0
3 0 7
t 166 19
m0 3 14
1 9 13
2 8 0
3 0 6
t 165 19
m0 2 14
1 9 14
2 9 0
3 0 5
t 164 19
m0 3 14
1 9 13
2 9 1
3 0 6
t 163 19
m0 2 14
1 8 13
2 9 0
3 0 5
t 162 19
m0 3 14
1 7 13
2 8 0
3 0 6
t 161 19
m0 2 14
1 6 13
2 9 0
3 0 5
t 160 19
m0 3 14
1 7 13
2 8 0
3 0 6
t 159 19
m0 2 14
1 8 13
2 9 0
3 0 5
t 158 19
m0 3 14
1 7 13
2 8 0
3 0 6
t 157 19
m0 2 14
1 8 13
2 9 0
3 0 5
t 156 19
m0 3 14
1 7 13
2 9 1
3 0 6
t 155 19
m0 2 14
1 8 13
2 9 0
3 0 5
t 154 19
m0 3 14
1 7 13
2 8 0
3 0 6
t 153 19
m0 2 14
1 6 13
2 9 0
3 0 5
t 152 19
m0 3 14
1 6 14
2 9 1
3 0 6
t 151 19
m0 2 14
1 5 14
2 9 0
3 0 5
t 150 19
m0 3 14
1 5 13
2 8 0
3 0 4
t 149 19
m0 2 14
1 5 12
2 9 0
3 0 3
t 148 19
m0 3 14
1 5 13
2 8 0
3 0 4
t 147 19
m0 2 14
1 5 14
2 9 0
3 0 5
t 146 19
m0 3 14
1 6 14
2 8 0
3 0 6
t 145 19
m0 2 14
1 6 13
2 9 0
3 0 5
t 144 19
m0 3 14
1 7 13
2 9 1
3 0 6
t 143 19
m0 2 14
1 8 13
2 9 0
3 0 5
t 142 19
m0 3 14
1 7 13
2 9 1
3 0 6
t 141 19
m0 2 14
1 8 13
2 9 0
3 1 6
t 140 19
m0 3 14
1 8 12
2 9 1
3 0 6
t 139 19
m0 2 14
1 9 12
2 9 0
3 1 6
t 138 19
m0 3 14
1 9 13
2 9 1
3 1 7
t 137 19
m0 2 14
1 8 13
2 9 0
3 1 6
t 136 19
m0 3 14
1 8 12
2 9 1
3 0 6
t 135 19
m0 2 14
1 8 13
2 9 0
3 1 6
t 134 19
m0 3 14
1 8 14
2 9 1
3 0 6
t 133 19
m0 2 14
1 9 14
2 9 0
3 0 5
t 132 19
m0 3 14
1 8 14
2 8 0
3 0 6
t 131 19
m0 2 14
1 9 14
2 9 0
3 0 7
t 130 19
m0 3 14
1 8 14
2 8 0
3 0 6
t 129 19
m0 2 14
1 9 14
2 9 0
3 0 5
t 128 19
m0 3 14
1 8 14
2 8 0
3 0 6
t 127 19
m0 2 14
1 9 14
2 7 0
3 1 6
t 126 19
m0 3 14
1 9 13
2 8 0
3 1 7
t 125 19
m0 2 14
1 9 12
2 7 0
3 1 8
t 124 19
m0 3 14
1 9 13
2 8 0
3 1 7
t 123 19
m0 2 14
1 9 14
2 9 0
3 0 7
t 122 19
m0 3 14
1 8 14
2 9 1
3 0 6
t 121 19
m0 2 14
1 9 14
2 9 0
3 0 7
t 120 19
m0 3 14
1 8 14
2 9 1
3 1 7
t 119 19
m0 2 14
1 8 13
2 9 0
3 0 7
t 118 19
m0 3 14
1 8 12
2 8 0
3 0 6
t 117 19
m0 2 14
1 9 12
2 9 0
3 0 5
t 116 19
m0 3 14
1 9 13
2 9 1
3 0 6
t 115 19
m0 2 14
1 8 13
2 9 0
3 1 6
t 114 19
m0 3 14
1 7 13
2 8 0
3 0 6
t 113 19
m0 2 14
1 6 13
2 7 0
3 0 7
t 112 19
m0 3 14
1 7 13
2 8 0
3 0 6
t 111 19
m0 2 14
1 6 13
2 9 0
3 0 5
t 110 19
m0 3 14
1 7 13
2 8 0
3 0 6
t 109 19
m0 2 14
1 8 13
2 7 0
3 0 7
t 108 19
m0 3 14
1 8 12
2 6 0
3 0 6
t 107 19
m0 2 14
1 8 13
2 7 0
3 0 7
t 106 19
m0 3 14
1 8 12
2 6 0
3 1 7
t 105 19
m0 2 14
1 8 13
2 7 0
3 0 7
t 104 19
m0 3 14
1 9 13
2 8 0
3 0 6
t 103 19
m0 2 14
1 9 14
2 9 0
3 0 7
t 102 19
m0 3 14
1 8 14
2 8 0
3 0 6
t 101 19
m0 2 14
1 9 14
2 9 0
3 0 7
t 100 19
m0 3 14
1 8 14
2 8 0
3 0 6
t 99 19
m0 2 14
1 9 14
2 9 0
3 0 5
t 98 19
m0 3 14
1 9 13
2 9 1
3 0 6
t 97 19
m0 2 14
1 8 13
2 9 0
3 1 6
t 96 19
m0 3 14
1 8 12
2 8 0
3 0 6
t 95 19
m0 2 14
1 9 12
2 7 0
3 0 7
t 94 19
m0 3 14
1 8 12
2 8 0
3 0 6
t 93 19
m0 2 14
1 8 13
2 7 0
3 0 7
t 92 19
m0 3 14
1 8 12
2 8 0
3 0 6
t 91 19
m0 2 14
1 9 12
2 7 0
3 0 7
t 90 19
m0 3 14
1 9 13
2 8 0
3 1 7
t 89 19
m0 2 14
1 9 14
2 9 0
3 0 7
t 88 19
m0 3 14
1 9 13
2 8 0
3 1 7
t 87 19
m0 2 14
1 9 14
2 7 0
3 0 7
t 86 19
m0 3 14
1 9 13
2 8 0
3 0 6
t 85 19
m0 2 14
1 9 14
2 9 0
3 0 7
t 84 19
m0 3 14
1 8 14
2 8 0
3 0 6
t 83 19
m0 2 14
1 9 14
2 9 0
3 1 6
t 82 19
m0 3 14
1 9 13
2 8 0
3 0 6
t 81 19
m0 2 14
1 9 14
2 7 0
3 0 7
t 80 19
m0 3 14
1 8 14
2 8 0
3 1 7
t 79 19
m0 2 14
1 9 14
2 9 0
3 0 7
t 78 19
m0 3 14
1 8 14
2 8 0
3 1 7
t 77 19
m0 2 14
1 9 14
2 9 0
3 0 7
t 76 19
m0 3 14
1 9 13
2 8 0
3 0 6
t 75 19
m0 2 14
1 8 13
2 9 0
3 0 5
t 74 19
m0 3 14
1 7 13
2 9 1
3 0 6
t 73 19
m0 2 14
1 6 13
2 9 0
3 0 5
t 72 19
m0 3 14
1 7 13
2 8 0
3 0 6
t 71 19
m0 2 14
1 6 13
2 7 0
3 0 7
t 70 19
m0 3 14
1 7 13
2 8 0
3 0 6
t 69 19
m0 2 14
1 6 13
2 9 0
3 0 5
t 68 19
m0 3 14
1 6 14
2 8 0
3 0 6
t 67 19
m0 2 14
1 6 13
2 7 0
3 0 5
t 66 19
m0 3 14
1 6 14
2 8 0
3 0 6
t 65 19
m0 2 14
1 6 13
2 9 0
3 0 5
t 64 19
m0 3 14
1 6 14
2 8 0
3 0 6
t 63 19
m0 2 14
1 6 13
2 9 0
3 0 5
t 62 19
m0 3 14
1 7 13
2 8 0
3 0 6
t 61 19
m0 2 14
1 8 13
2 9 0
3 1 6
t 60 19
m0 3 14
1 8 14
2 8 0
3 1 7
t 59 19
m0 2 14
1 9 14
2 9 0
3 0 7
t 58 19
m0 3 14
1 8 14
2 9 1
3 0 6
t 57 19
m0 2 14
1 8 13
2 9 0
3 1 6
t 56 19
m0 3 14
1 8 12
2 9 1
3 0 6
t 55 19
m0 2 14
1 8 13
2 9 0
3 0 5
t 54 19
m0 3 14
1 8 14
2 8 0
3 0 6
t 53 19
m0 2 14
1 8 13
2 9 0
3 0 5
t 52 19
m0 3 14
1 8 14
2 9 1
3 0 6
t 51 19
m0 2 14
1 9 14
2 9 0
3 0 7
t 50 19
m0 3 14
1 9 13
2 8 0
3 0 6
t 49 19
m0 2 14
1 9 12
2 7 0
3 0 7
t 48 19
m0 3 14
1 9 13
2 8 0
3 1 7
t 47 19
m0 2 14
1 9 14
2 9 0
3 0 7
t 46 19
m0 3 14
1 8 14
2 8 0
3 1 7
t 45 19
m0 2 14
1 8 13
2 9 0
3 0 7
t 44 19
m0 3 14
1 8 14
2 8 0
3 0 6
t 43 19
m0 2 14
1 9 14
2 7 0
3 0 7
t 42 19
m0 3 14
1 9 13
2 8 0
3 0 6
t 41 19
m0 2 14
1 9 14
2 9 0
3 0 7
t 40 19
m0 3 14
1 8 14
2 9 1
3 0 6
t 39 19
m0 2 14
1 9 14
2 9 0
3 0 7
t 38 19
m0 3 14
1 8 14
2 9 1
3 1 7
t 37 19
m0 2 14
1 9 14
2 9 0
3 0 7
t 36 19
m0 3 14
1 8 14
2 9 1
3 0 6
t 35 19
m0 2 14
1 8 13
2 9 0
3 0 5
t 34 19
m0 3 14
1 7 13
2 8 0
3 0 6
t 33 19
m0 2 14
1 8 13
2 9 0
3 1 6
t 32 19
m0 3 14
1 7 13
2 9 1
3 0 6
t 31 19
m0 2 14
1 8 13
2 9 0
3 1 6
t 30 19
m0 3 14
1 8 14
2 8 0
3 0 6
t 29 19
m0 2 14
1 9 14
2 7 0
3 0 7
t 28 19
m0 3 14
1 9 13
2 8 0
3 1 7
t 27 19
m0 2 14
1 9 14
2 9 0
3 0 7
t 26 19
m0 3 14
1 8 14
2 9 1
3 0 6
t 25 19
m0 2 14
1 8 13
2 9 0
3 0 5
t 24 19
m0 3 14
1 8 14
2 8 0
3 0 6
t 23 19
m0 2 14
1 9 14
2 7 0
3 0 7
t 22 19
m0 3 14
1 9 13
2 8 0
3 0 6
t 21 19
m0 2 14
1 9 14
2 9 0
3 0 7
t 20 19
m0 3 14
1 9 13
2 9 1
3 0 6
t 19 19
m0 2 14
1 9 14
2 9 0
3 0 7
t 18 19
m0 3 14
1 9 13
2 8 0
3 0 6
t 17 19
m0 2 14
1 9 14
2 9 0
3 0 7
t 16 19
m0 3 14
1 8 14
2 9 1
3 1 7
t 15 19
m0 2 14
1 9 14
2 9 0
3 0 7
t 14 19
m0 3 14
1 9 13
2 8 0
3 0 6
t 13 19
m0 2 14
1 9 12
2 7 0
3 0 7
t 12 19
m0 3 14
1 9 13
2 8 0
3 1 7
t 11 19
m0 2 14
1 9 14
2 9 0
3 0 7
t 10 19
m0 3 14
1 8 14
2 9 1
3 0 6
t 9 19
m0 2 14
1 9 14
2 9 0
3 1 6
t 8 19
m0 3 14
1 9 13
2 8 0
3 0 6
t 7 19
m0 2 14
1 9 14
2 9 0
3 0 7
t 6 19
m0 3 14
1 8 14
2 8 0
3 1 7
t 5 19
m0 2 14
1 9 14
2 7 0
3 0 7
t 4 19
m0 3 14
1 8 14
2 8 0
3 0 6
t 3 19
m0 2 14
1 9 14
2 9 0
3 0 7
t 2 19
m0 3 14
1 8 14
2 9 1
3 0 6
t 1 19
m0 2 14
1 8 14
2 9 1
3 0 6
t 0 19
