10
15
w 9 1
w 5 6
w 2 8
w 9 8
w 5 13
w 2 1
w 0 7
w 9 4
w 2 5
w 0 3
w 7 2
w 6 7
w 5 12
w 4 4
w 9 11
w 3 6
w 0 4
w 7 10
w 4 1
w 4 10
w 7 14
w 6 4
w 9 14
w 3 13
w 9 3
w 2 10
w 7 5
w 2 3
w 8 7
w 0 1
w 6 8
w 1 12
w 6 1
w 0 6
w 4 3
w 0 9
w 9 12
p 7 3
p 6 9
p 8 13
p 6 6
p 7 12
p 4 8
p 0 2
p 7 7
p 1 6
p 2 12
p 0 10
p 7 11
p 1 11
p 8 5
p 5 8
p 6 14
p 3 14
p 4 0
p 9 0
p 4 9
p 3 3
p 2 9
p 5 5
p 7 6
p 3 10
p 1 14
p 8 10
p 6 10
p 1 5
p 2 2
p 8 6
p 9 7
p 3 2
p 5 4
p 8 2
p 5 11
p 6 11
p 4 14
p 1 4
p 6 0
p 1 0
p 5 3
p 3 5
p 9 13
p 5 10
p 3 12
p 5 7
p 0 13
p 2 11
p 3 1
p 7 4
p 3 8
p 8 8
p 6 13
p 3 4
p 2 4
m0 0 14
1 9 0
2 9 0
3 9 0
t 300 0
m0 0 14
1 8 0
2 8 0
3 8 0
t 299 0
m0 0 13
1 9 0
2 9 0
3 9 0
t 298 1
m0 0 12
1 8 0
2 8 0
3 8 0
t 297 1
m0 0 13
1 9 0
2 9 0
3 9 0
t 296 1
m0 0 14
1 8 0
2 8 0
3 8 0
t 295 1
m0 0 13
1 9 0
2 9 0
3 9 0
t 294 1
m0 0 13
1 8 0
2 8 0
3 8 0
t 293 1
m0 1 13
1 9 0
2 9 0
3 9 0
t 292 1
m0 0 13
1 8 0
2 8 0
3 8 0
t 291 1
m0 1 13
1 9 0
2 9 0
3 9 0
t 290 1
m0 1 13
1 8 0
2 8 0
3 8 0
t 289 1
m0 1 13
1 9 0
2 9 0
3 9 0
t 288 1
m0 1 14
1 8 0
2 8 0
3 8 0
t 287 2
m0 1 14
1 9 0
2 9 0
3 9 0
t 286 2
m0 2 14
1 8 0
2 8 0
3 8 0
t 285 2
m0 2 13
1 9 0
2 9 0
3 9 0
t 284 2
m0 2 12
1 8 0
2 8 0
3 8 0
t 283 3
m0 2 12
1 9 0
2 9 0
3 9 0
t 282 3
m0 2 12
1 8 0
2 8 0
3 8 0
t 281 3
m0 2 13
1 9 0
2 9 0
3 9 0
t 280 3
m0 2 14
1 8 0
2 8 0
3 8 0
t 279 3
m0 1 14
1 9 0
2 9 0
3 9 0
t 278 3
m0 1 13
1 8 0
2 8 0
3 8 0
t 277 3
m0 2 13
1 9 0
2 9 0
3 9 0
f 3 11
t 276 3
m0 2 12
1 8 0
2 8 0
3 8 0
t 275 3
m0 3 12
1 9 0
2 9 0
3 9 0
t 274 4
m0 3 11
1 8 0
2 8 0
3 8 0
t 273 14
m0 4 11
1 9 0
2 9 0
3 9 0
t 272 14
m0 5 11
1 8 0
2 8 0
3 8 0
t 271 15
m0 5 10
1 9 0
2 9 0
3 9 0
t 270 16
m0 5 11
1 8 0
2 8 0
3 8 0
t 269 16
m0 4 11
1 9 0
2 9 0
3 9 0
t 268 16
m0 3 11
1 8 0
2 8 0
3 8 0
t 267 16
m0 3 10
1 9 0
2 9 0
3 9 0
t 266 17
m0 3 9
1 8 0
2 8 0
3 8 0
t 265 17
m0 3 9
1 9 0
2 9 0
3 9 0
t 264 17
m0 3 10
1 8 0
2 8 0
3 8 0
t 263 17
m0 3 11
1 9 0
2 9 0
3 9 0
t 262 17
m0 3 10
1 8 0
2 8 0
3 8 0
t 261 17
m0 3 11
1 9 0
2 9 0
3 9 0
t 260 17
m0 3 11
1 8 0
2 8 0
3 8 0
f 2 13
t 259 17
m0 3 11
1 9 0
2 9 0
3 9 0
t 258 17
m0 4 11
1 8 0
2 8 0
3 8 0
t 257 17
m0 4 12
1 9 0
2 9 0
3 9 0
t 256 17
m0 4 12
1 8 0
2 8 0
3 8 0
t 255 17
m0 4 13
1 9 0
2 9 0
3 9 0
t 254 17
m0 4 14
1 8 0
2 8 0
3 8 0
t 253 18
m0 3 14
1 9 0
2 9 0
3 9 0
t 252 19
m0 3 14
1 8 0
2 8 0
3 8 0
t 251 19
m0 2 14
1 9 0
2 9 0
3 9 0
t 250 19
m0 2 14
1 8 0
2 8 0
3 8 0
t 249 19
m0 1 14
1 9 0
2 9 0
3 9 0
t 248 19
m0 2 14
1 8 0
2 8 0
3 8 0
t 247 19
m0 3 14
1 9 0
2 9 0
3 9 0
t 246 19
m0 2 14
1 8 0
2 8 0
3 8 0
t 245 19
m0 2 13
1 9 0
2 9 0
3 9 0
t 244 29
m0 2 14
1 8 0
2 8 0
3 8 0
t 243 29
m0 2 14
1 9 0
2 9 0
3 9 0
t 242 29
m0 1 14
1 8 0
2 8 0
3 8 0
t 241 29
m0 2 14
1 9 0
2 9 0
3 9 0
t 240 29
m0 1 14
1 8 0
2 8 0
3 8 0
t 239 29
m0 1 14
1 9 0
2 9 0
3 9 0
t 238 29
m0 1 14
1 8 0
2 8 0
3 8 0
t 237 29
m0 1 13
1 9 0
2 9 0
3 9 0
t 236 29
m0 2 13
1 8 0
2 8 0
3 8 0
t 235 29
m0 2 14
1 9 0
2 9 0
3 9 0
t 234 29
m0 3 14
1 8 0
2 8 0
3 8 0
t 233 29
m0 3 14
1 9 0
2 9 0
3 9 0
t 232 29
m0 3 14
1 8 0
2 8 0
3 8 0
t 231 29
m0 4 14
1 9 0
2 9 0
3 9 0
t 230 29
m0 4 13
1 8 0
2 8 0
3 8 0
t 229 29
m0 4 13
1 9 0
2 9 0
3 9 0
t 228 29
m0 4 12
1 8 0
2 8 0
3 8 0
t 227 29
m0 3 12
1 9 0
2 9 0
3 9 0
t 226 29
m0 4 12
1 8 0
2 8 0
3 8 0
t 225 29
m0 4 11
1 9 0
2 9 0
3 9 0
t 224 29
m0 3 11
1 8 0
2 8 0
3 8 0
t 223 29
m0 3 12
1 9 0
2 9 0
3 9 0
t 222 29
m0 2 12
1 8 0
2 8 0
3 8 0
t 221 29
m0 3 12
1 9 0
2 9 0
3 9 0
t 220 29
m0 4 12
1 8 0
2 8 0
3 8 0
t 219 29
m0 4 12
1 9 0
2 9 0
3 9 0
t 218 29
m0 4 12
1 8 0
2 8 0
3 8 0
t 217 29
m0 3 12
1 9 0
2 9 0
3 9 0
t 216 29
m0 4 12
1 8 0
2 8 0
3 8 0
t 215 29
m0 4 11
1 9 0
2 9 0
3 9 0
t 214 29
m0 5 11
1 8 0
2 8 0
3 8 0
t 213 29
m0 5 11
1 9 0
2 9 0
3 9 0
t 212 29
m0 4 11
1 8 0
2 8 0
3 8 0
t 211 29
m0 4 12
1 9 0
2 9 0
3 9 0
t 210 29
m0 4 13
1 8 0
2 8 0
3 8 0
f 4 5
t 209 29
m0 4 14
1 9 0
2 9 0
3 9 0
t 208 29
m0 3 14
1 8 0
2 8 0
3 8 0
t 207 29
m0 4 14
1 9 0
2 9 0
3 9 0
t 206 29
m0 4 14
1 8 0
2 8 0
3 8 0
t 205 29
m0 3 14
1 9 0
2 9 0
3 9 0
t 204 29
m0 3 14
1 8 0
2 8 0
3 8 0
t 203 29
m0 2 14
1 9 0
2 9 0
3 9 0
t 202 29
m0 1 14
1 8 0
2 8 0
3 8 0
t 201 29
m0 1 13
1 9 0
2 9 0
3 9 0
t 200 29
m0 1 14
1 8 0
2 8 0
3 8 0
t 199 29
m0 1 13
1 9 0
2 9 0
3 9 0
t 198 29
m0 1 13
1 8 0
2 8 0
3 8 0
t 197 29
m0 2 13
1 9 0
2 9 0
3 9 0
t 196 29
m0 1 13
1 8 0
2 8 0
3 8 0
t 195 29
m0 1 14
1 9 0
2 9 0
3 9 0
t 194 29
m0 0 14
1 8 0
2 8 0
3 8 0
t 193 29
m0 0 13
1 9 0
2 9 0
3 9 0
t 192 29
m0 1 13
1 8 0
2 8 0
3 8 0
t 191 29
m0 0 13
1 9 0
2 9 0
3 9 0
t 190 29
m0 0 14
1 8 0
2 8 0
3 8 0
t 189 29
m0 0 14
1 9 0
2 9 0
3 9 0
t 188 29
m0 1 14
1 8 0
2 8 0
3 8 0
t 187 29
m0 1 13
1 9 0
2 9 0
3 9 0
t 186 29
m0 1 13
1 8 0
2 8 0
3 8 0
t 185 29
m0 2 13
1 9 0
2 9 0
3 9 0
t 184 29
m0 2 14
1 8 0
2 8 0
3 8 0
t 183 29
m0 1 14
1 9 0
2 9 0
3 9 0
t 182 29
m0 1 14
1 8 0
2 8 0
3 8 0
t 181 29
m0 1 13
1 9 0
2 9 0
3 9 0
t 180 29
m0 0 13
1 8 0
2 8 0
3 8 0
t 179 29
m0 0 12
1 9 0
2 9 0
3 9 0
t 178 29
m0 0 11
1 8 0
2 8 0
3 8 0
t 177 29
m0 0 12
1 9 0
2 9 0
3 9 0
t 176 29
m0 0 11
1 8 0
2 8 0
3 8 0
t 175 29
m0 0 12
1 9 0
2 9 0
3 9 0
t 174 29
m0 0 12
1 8 0
2 8 0
3 8 0
t 173 29
m0 0 11
1 9 0
2 9 0
3 9 0
t 172 29
m0 0 10
1 8 0
2 8 0
3 8 0
t 171 30
m0 1 10
1 9 0
2 9 0
3 9 0
t 170 30
m0 1 10
1 8 0
2 8 0
3 8 0
t 169 30
m0 1 10
1 9 0
2 9 0
3 9 0
t 168 30
m0 1 10
1 8 0
2 8 0
3 8 0
t 167 30
m0 0 10
1 9 0
2 9 0
3 9 0
t 166 30
m0 0 10
1 8 0
2 8 0
3 8 0
t 165 30
m0 0 10
1 9 0
2 9 0
3 9 0
t 164 30
m0 1 10
1 8 0
2 8 0
3 8 0
t 163 30
m0 1 9
1 9 0
2 9 0
3 9 0
t 162 30
m0 1 8
1 8 0
2 8 0
3 8 0
t 161 30
m0 0 8
1 9 0
2 9 0
3 9 0
t 160 30
m0 1 8
1 8 0
2 8 0
3 8 0
t 159 30
m0 1 7
1 9 0
2 9 0
3 9 0
t 158 30
m0 1 6
1 8 0
2 8 0
3 8 0
t 157 31
m0 1 6
1 9 0
2 9 0
3 9 0
t 156 31
m0 1 6
1 8 0
2 8 0
3 8 0
t 155 31
m0 2 6
1 9 0
2 9 0
3 9 0
t 154 31
m0 2 7
1 8 0
2 8 0
3 8 0
t 153 31
m0 1 7
1 9 0
2 9 0
3 9 0
t 152 31
m0 1 7
1 8 0
2 8 0
3 8 0
t 151 31
m0 1 8
1 9 0
2 9 0
3 9 0
t 150 31
m0 0 8
1 8 0
2 8 0
3 8 0
t 149 31
m0 0 8
1 9 0
2 9 0
3 9 0
t 148 31
m0 0 8
1 8 0
2 8 0
3 8 0
t 147 31
m0 1 8
1 9 0
2 9 0
3 9 0
t 146 31
m0 1 7
1 8 0
2 8 0
3 8 0
t 145 31
m0 1 8
1 9 0
2 9 0
3 9 0
t 144 31
m0 1 8
1 8 0
2 8 0
3 8 0
t 143 31
m0 1 8
1 9 0
2 9 0
3 9 0
t 142 31
m0 0 8
1 8 0
2 8 0
3 8 0
t 141 31
m0 0 8
1 9 0
2 9 0
3 9 0
t 140 31
m0 0 8
1 8 0
2 8 0
3 8 0
t 139 31
m0 0 8
1 9 0
2 9 0
3 9 0
t 138 31
m0 1 8
1 8 0
2 8 0
3 8 0
t 137 31
m0 1 9
1 9 0
2 9 0
3 9 0
t 136 31
m0 1 10
1 8 0
2 8 0
3 8 0
t 135 31
m0 1 9
1 9 0
2 9 0
3 9 0
t 134 31
m0 1 9
1 8 0
2 8 0
3 8 0
t 133 31
m0 1 10
1 9 0
2 9 0
3 9 0
t 132 31
m0 1 9
1 8 0
2 8 0
3 8 0
t 131 31
m0 1 8
1 9 0
2 9 0
3 9 0
t 130 31
m0 1 9
1 8 0
2 8 0
3 8 0
t 129 31
m0 1 9
1 9 0
2 9 0
3 9 0
t 128 31
m0 1 8
1 8 0
2 8 0
3 8 0
t 127 31
m0 1 8
1 9 0
2 9 0
3 9 0
t 126 31
m0 1 9
1 8 0
2 8 0
3 8 0
t 125 31
m0 1 9
1 9 0
2 9 0
3 9 0
t 124 31
m0 1 10
1 8 0
2 8 0
3 8 0
t 123 31
m0 1 9
1 9 0
2 9 0
3 9 0
t 122 31
m0 1 10
1 8 0
2 8 0
3 8 0
t 121 31
m0 1 10
1 9 0
2 9 0
3 9 0
t 120 31
m0 1 9
1 8 0
2 8 0
3 8 0
t 119 31
m0 1 9
1 9 0
2 9 0
3 9 0
t 118 31
m0 1 8
1 8 0
2 8 0
3 8 0
t 117 31
m0 1 7
1 9 0
2 9 0
3 9 0
t 116 31
m0 1 6
1 8 0
2 8 0
3 8 0
t 115 31
m0 2 6
1 9 0
2 9 0
3 9 0
t 114 31
m0 1 6
1 8 0
2 8 0
3 8 0
t 113 31
m0 2 6
1 9 0
2 9 0
3 9 0
t 112 31
m0 1 6
1 8 0
2 8 0
3 8 0
t 111 31
m0 2 6
1 9 0
2 9 0
3 9 0
t 110 31
m0 2 7
1 8 0
2 8 0
3 8 0
t 109 31
m0 1 7
1 9 0
2 9 0
3 9 0
t 108 31
m0 1 7
1 8 0
2 8 0
3 8 0
t 107 31
m0 1 6
1 9 0
2 9 0
3 9 0
t 106 31
m0 1 6
1 8 0
2 8 0
3 8 0
t 105 31
m0 1 7
1 9 0
2 9 0
3 9 0
t 104 31
m0 2 7
1 8 0
2 8 0
3 8 0
t 103 31
m0 2 7
1 9 0
2 9 0
3 9 0
t 102 31
m0 2 7
1 8 0
2 8 0
3 8 0
t 101 31
m0 3 7
1 9 0
2 9 0
3 9 0
t 100 31
m0 2 7
1 8 0
2 8 0
3 8 0
t 99 31
m0 2 7
1 9 0
2 9 0
3 9 0
t 98 31
m0 3 7
1 8 0
2 8 0
3 8 0
t 97 31
m0 2 7
1 9 0
2 9 0
3 9 0
t 96 31
m0 2 6
1 8 0
2 8 0
3 8 0
t 95 31
m0 2 7
1 9 0
2 9 0
3 9 0
t 94 31
m0 2 7
1 8 0
2 8 0
3 8 0
t 93 31
m0 2 7
1 9 0
2 9 0
3 9 0
t 92 31
m0 3 7
1 8 0
2 8 0
3 8 0
t 91 31
m0 2 7
1 9 0
2 9 0
3 9 0
t 90 31
m0 3 7
1 8 0
2 8 0
3 8 0
t 89 31
m0 2 7
1 9 0
2 9 0
3 9 0
t 88 31
m0 2 6
1 8 0
2 8 0
3 8 0
t 87 31
m0 1 6
1 9 0
2 9 0
3 9 0
t 86 31
m0 1 7
1 8 0
2 8 0
3 8 0
t 85 31
m0 2 7
1 9 0
2 9 0
3 9 0
t 84 31
m0 3 7
1 8 0
2 8 0
3 8 0
t 83 31
m0 3 7
1 9 0
2 9 0
3 9 0
t 82 31
m0 3 7
1 8 0
2 8 0
3 8 0
t 81 31
m0 3 7
1 9 0
2 9 0
3 9 0
t 80 31
m0 3 8
1 8 0
2 8 0
3 8 0
t 79 32
m0 3 7
1 9 0
2 9 0
3 9 0
t 78 32
m0 3 7
1 8 0
2 8 0
3 8 0
t 77 32
m0 4 7
1 9 0
2 9 0
3 9 0
t 76 32
m0 4 8
1 8 0
2 8 0
3 8 0
t 75 33
m0 3 8
1 9 0
2 9 0
3 9 0
t 74 33
m0 3 9
1 8 0
2 8 0
3 8 0
t 73 33
m0 3 10
1 9 0
2 9 0
3 9 0
t 72 33
m0 3 10
1 8 0
2 8 0
3 8 0
t 71 33
m0 3 10
1 9 0
2 9 0
3 9 0
t 70 33
m0 3 11
1 8 0
2 8 0
3 8 0
t 69 33
m0 2 11
1 9 0
2 9 0
3 9 0
t 68 34
m0 1 11
1 8 0
2 8 0
3 8 0
t 67 35
m0 1 11
1 9 0
2 9 0
3 9 0
t 66 35
m0 1 10
1 8 0
2 8 0
3 8 0
t 65 35
m0 1 9
1 9 0
2 9 0
3 9 0
t 64 35
m0 1 8
1 8 0
2 8 0
3 8 0
t 63 35
m0 1 8
1 9 0
2 9 0
3 9 0
t 62 35
m0 1 9
1 8 0
2 8 0
3 8 0
t 61 35
m0 1 8
1 9 0
2 9 0
3 9 0
t 60 35
m0 1 9
1 8 0
2 8 0
3 8 0
t 59 35
m0 1 10
1 9 0
2 9 0
3 9 0
t 58 35
m0 0 10
1 8 0
2 8 0
3 8 0
t 57 35
m0 0 11
1 9 0
2 9 0
3 9 0
t 56 35
m0 0 12
1 8 0
2 8 0
3 8 0
t 55 35
m0 0 13
1 9 0
2 9 0
3 9 0
t 54 35
m0 0 14
1 8 0
2 8 0
3 8 0
t 53 35
m0 1 14
1 9 0
2 9 0
3 9 0
t 52 35
m0 1 14
1 8 0
2 8 0
3 8 0
t 51 35
m0 1 13
1 9 0
2 9 0
3 9 0
t 50 35
m0 1 14
1 8 0
2 8 0
3 8 0
t 49 35
m0 2 14
1 9 0
2 9 0
3 9 0
t 48 35
m0 2 13
1 8 0
2 8 0
3 8 0
t 47 35
m0 2 14
1 9 0
2 9 0
3 9 0
t 46 35
m0 2 13
1 8 0
2 8 0
3 8 0
t 45 35
m0 2 13
1 9 0
2 9 0
3 9 0
t 44 35
m0 2 13
1 8 0
2 8 0
3 8 0
t 43 35
m0 2 13
1 9 0
2 9 0
3 9 0
t 42 35
m0 2 12
1 8 0
2 8 0
3 8 0
t 41 35
m0 2 13
1 9 0
2 9 0
3 9 0
t 40 35
m0 2 12
1 8 0
2 8 0
3 8 0
t 39 35
m0 3 12
1 9 0
2 9 0
3 9 0
t 38 35
m0 4 12
1 8 0
2 8 0
3 8 0
t 37 35
m0 3 12
1 9 0
2 9 0
3 9 0
t 36 35
m0 4 12
1 8 0
2 8 0
3 8 0
t 35 35
m0 3 12
1 9 0
2 9 0
3 9 0
t 34 35
m0 4 12
1 8 0
2 8 0
3 8 0
t 33 35
m0 4 11
1 9 0
2 9 0
3 9 0
t 32 35
m0 5 11
1 8 0
2 8 0
3 8 0
t 31 35
m0 5 10
1 9 0
2 9 0
3 9 0
t 30 35
m0 5 9
1 8 0
2 8 0
3 8 0
t 29 35
m0 4 9
1 9 0
2 9 0
3 9 0
t 28 36
m0 4 8
1 8 0
2 8 0
3 8 0
t 27 36
m0 4 7
1 9 0
2 9 0
3 9 0
t 26 36
m0 4 6
1 8 0
2 8 0
3 8 0
t 25 36
m0 4 5
1 9 0
2 9 0
3 9 0
t 24 46
m0 5 5
1 8 0
2 8 0
3 8 0
t 23 47
m0 5 5
1 9 0
2 9 0
3 9 0
t 22 47
m0 5 4
1 8 0
2 8 0
3 8 0
t 21 48
m0 5 5
1 9 0
2 9 0
3 9 0
t 20 48
m0 5 5
1 8 0
2 8 0
3 8 0
t 19 48
m0 6 5
1 9 0
2 9 0
3 9 0
t 18 48
m0 6 5
1 8 0
2 8 0
3 8 0
t 17 48
m0 6 5
1 9 0
2 9 0
3 9 0
t 16 48
m0 6 5
1 8 0
2 8 0
3 8 0
t 15 48
m0 5 5
1 9 0
2 9 0
3 9 0
t 14 48
m0 5 4
1 8 0
2 8 0
3 8 0
t 13 48
m0 5 5
1 9 0
2 9 0
3 9 0
t 12 48
m0 6 5
1 8 0
2 8 0
3 8 0
t 11 48
m0 5 5
1 9 0
2 9 0
3 9 0
t 10 48
m0 5 5
1 8 0
2 8 0
3 8 0
t 9 48
m0 5 5
1 9 0
2 9 0
3 9 0
t 8 48
m0 5 4
1 8 0
2 8 0
3 8 0
t 7 48
m0 5 4
1 9 0
2 9 0
3 9 0
t 6 48
m0 5 3
1 8 0
2 8 0
3 8 0
t 5 49
m0 5 4
1 9 0
2 9 0
3 9 0
t 4 49
m0 5 3
1 8 0
2 8 0
3 8 0
t 3 49
m0 5 3
1 9 0
2 9 0
3 9 0
t 2 49
m0 5 3
1 8 0
2 8 0
3 8 0
f 4 14
t 1 49
m0 5 4
1 8 0
2 8 0
3 8 0
t 0 49
