10
15
w 5 9
w 7 3
w 4 8
w 3 0
w 2 8
w 4 12
w 7 11
w 5 1
w 0 3
w 4 9
w 8 1
w 7 6
w 1 5
w 0 11
w 9 7
w 2 6
w 8 2
w 7 1
w 8 11
w 0 12
w 7 5
w 2 3
w 4 2
w 1 0
w 0 8
w 9 6
w 7 9
w 5 10
w 6 8
w 7 13
w 0 13
w 2 11
w 9 9
w 5 14
w 2 0
w 4 3
w 9 5
p 1 3
p 7 12
p 8 9
p 6 2
p 1 6
p 0 10
p 9 4
p 1 11
p 4 0
p 1 2
p 8 14
p 9 0
p 6 7
p 2 9
p 3 10
p 6 10
p 1 14
p 6 3
p 7 10
p 2 2
p 0 4
p 1 10
p 8 6
p 4 1
p 4 10
p 5 4
p 7 14
p 9 14
p 6 4
p 3 13
p 4 5
p 1 13
p 9 3
p 6 0
p 4 14
p 0 5
p 1 9
p 8 7
p 2 14
p 6 5
p 3 5
p 2 7
p 4 11
p 1 12
p 8 12
p 9 2
p 6 1
p 5 7
p 3 1
p 7 4
p 0 6
p 1 8
p 7 8
p 2 4
p 9 12
p 8 4
m0 0 14
1 9 0
2 9 0
3 9 0
t 300 0
m0 0 14
1 8 0
2 9 1
3 8 0
t 299 0
m0 0 14
1 9 0
2 9 2
3 7 0
t 298 0
m0 0 14
1 8 0
2 9 3
3 6 0
t 297 0
m0 0 14
1 9 0
2 8 3
3 5 0
t 296 0
m0 0 14
1 8 0
2 9 3
3 4 0
t 295 0
m0 0 14
1 9 0
2 8 3
3 4 1
t 294 0
m0 0 14
1 8 0
2 9 3
3 3 1
t 293 0
m0 1 14
1 7 0
2 9 4
3 2 1
f 4 7
t 292 1
m0 1 13
1 8 0
2 9 3
3 1 1
t 291 2
m0 1 12
1 7 0
2 9 4
3 0 1
t 290 3
m0 1 11
1 6 0
2 9 3
3 0 2
t 289 4
m0 1 10
1 5 0
2 9 4
3 0 1
t 288 5
m0 2 10
1 6 0
2 9 3
3 0 2
t 287 5
m0 2 9
1 5 0
2 9 4
3 0 1
t 286 6
m0 3 9
1 6 0
2 9 3
3 0 2
t 285 6
m0 3 8
1 5 0
2 9 4
3 0 1
t 284 6
m0 3 7
1 6 0
2 9 3
3 0 2
t 283 6
m0 4 7
1 5 0
2 9 4
3 0 1
t 282 16
m0 4 7
1 6 0
2 9 3
3 0 2
t 281 16
m0 4 7
1 5 0
2 9 4
3 0 1
t 280 16
m0 4 7
1 6 0
2 9 3
3 0 2
t 279 16
m0 4 7
1 5 0
2 9 4
3 0 1
t 278 16
m0 4 7
1 6 0
2 9 3
3 0 2
t 277 16
m0 4 7
1 5 0
2 9 4
3 0 1
t 276 16
m0 4 7
1 6 0
2 9 3
3 0 2
t 275 16
m0 4 7
1 5 0
2 9 4
3 0 1
t 274 16
m0 4 7
1 6 0
2 9 3
3 0 2
t 273 16
m0 4 7
1 5 0
2 9 4
3 0 1
t 272 16
m0 4 7
1 6 0
2 9 3
3 0 2
t 271 16
m0 4 7
1 5 0
2 9 4
3 0 1
t 270 16
m0 4 7
1 6 0
2 9 3
3 0 2
t 269 16
m0 4 6
1 5 0
2 9 4
3 0 1
f 2 5
t 268 16
m0 3 6
1 6 0
2 9 3
3 0 2
t 267 16
m0 3 5
1 5 0
2 9 4
3 0 1
t 266 17
m0 2 5
1 6 0
2 9 3
3 0 0
t 265 27
m0 2 4
1 7 0
2 9 4
3 0 1
f 1 4
t 264 28
m0 1 4
1 6 0
2 9 3
3 0 0
t 263 38
m0 1 3
1 7 0
2 9 4
3 0 1
t 262 39
m0 1 3
1 6 0
2 9 3
3 0 0
t 261 39
m0 1 3
1 7 0
2 9 4
3 0 1
t 260 39
m0 1 3
1 6 0
2 9 3
3 0 0
t 259 39
m0 1 3
1 7 0
2 9 4
3 0 1
t 258 39
m0 1 3
1 6 0
2 9 3
3 0 0
t 257 39
m0 1 3
1 7 0
2 9 4
3 0 1
t 256 39
m0 1 3
1 6 0
2 9 3
3 0 0
t 255 39
m0 1 3
1 7 0
2 9 4
3 0 1
t 254 39
m0 1 4
1 6 0
2 9 3
3 0 0
f 3 4
t 253 39
m0 2 4
1 7 0
2 9 4
3 0 1
t 252 39
m0 3 4
1 6 0
2 9 3
3 0 0
t 251 49
m0 3 3
1 7 0
2 9 4
3 0 1
t 250 49
m0 3 3
1 6 0
2 9 3
3 0 0
t 249 49
m0 3 3
1 7 0
2 9 4
3 0 1
t 248 49
m0 3 3
1 6 0
2 9 3
3 0 0
t 247 49
m0 3 3
1 7 0
2 9 4
3 0 1
t 246 49
m0 3 3
1 6 0
2 9 3
3 0 0
t 245 49
m0 3 3
1 7 0
2 9 4
3 0 1
t 244 49
m0 3 3
1 6 0
2 9 3
3 0 0
t 243 49
m0 3 3
1 7 0
2 9 4
3 0 1
t 242 49
m0 3 3
1 6 0
2 9 3
3 0 0
t 241 49
m0 3 3
1 7 0
2 9 4
3 0 1
t 240 49
m0 3 3
1 6 0
2 9 3
3 0 0
t 239 49
m0 3 3
1 7 0
2 9 4
3 0 1
t 238 49
m0 3 3
1 6 0
2 9 3
3 0 0
t 237 49
m0 3 3
1 7 0
2 9 4
3 0 1
t 236 49
m0 3 3
1 6 0
2 9 3
3 0 0
t 235 49
m0 3 3
1 7 0
2 9 4
3 0 1
t 234 49
m0 3 3
1 6 0
2 9 3
3 0 0
t 233 49
m0 3 3
1 7 0
2 9 4
3 0 1
t 232 49
m0 3 3
1 6 0
2 9 3
3 0 0
t 231 49
m0 3 3
1 7 0
2 9 4
3 0 1
t 230 49
m0 3 3
1 6 0
2 9 3
3 0 0
t 229 49
m0 3 3
1 7 0
2 9 4
3 0 1
t 228 49
m0 3 3
1 6 0
2 9 3
3 0 0
t 227 49
m0 3 3
1 7 0
2 9 4
3 0 1
t 226 49
m0 3 3
1 6 0
2 9 3
3 0 0
t 225 49
m0 3 3
1 7 0
2 9 4
3 0 1
t 224 49
m0 3 3
1 6 0
2 9 3
3 0 0
t 223 49
m0 3 3
1 7 0
2 9 4
3 0 1
t 222 49
m0 3 3
1 6 0
2 9 3
3 0 0
t 221 49
m0 3 3
1 7 0
2 9 4
3 0 1
t 220 49
m0 3 3
1 6 0
2 9 3
3 0 0
t 219 49
m0 3 3
1 7 0
2 9 4
3 0 1
t 218 49
m0 3 3
1 6 0
2 9 3
3 0 0
t 217 49
m0 3 3
1 7 0
2 9 4
3 0 1
t 216 49
m0 3 3
1 6 0
2 9 3
3 0 0
t 215 49
m0 3 3
1 7 0
2 9 4
3 0 1
t 214 49
m0 3 4
1 6 0
2 9 3
3 0 0
f 4 7
t 213 49
m0 4 4
1 7 0
2 9 4
3 0 1
t 212 49
m0 4 5
1 6 0
2 9 3
3 0 2
t 211 50
m0 4 6
1 5 0
2 9 4
3 0 1
t 210 50
m0 4 7
1 6 0
2 9 3
3 0 2
t 209 60
m0 4 7
1 5 0
2 9 4
3 0 1
t 208 60
m0 4 7
1 6 0
2 9 3
3 0 2
t 207 60
m0 4 7
1 5 0
2 9 4
3 0 1
t 206 60
m0 4 7
1 6 0
2 9 3
3 0 2
t 205 60
m0 4 7
1 5 0
2 9 4
3 0 1
t 204 60
m0 4 7
1 6 0
2 9 3
3 0 2
t 203 60
m0 4 7
1 5 0
2 9 4
3 0 1
t 202 60
m0 4 7
1 6 0
2 9 3
3 0 2
t 201 60
m0 4 7
1 5 0
2 9 4
3 0 1
t 200 60
m0 4 6
1 6 0
2 9 3
3 0 2
f 3 3
t 199 60
m0 3 6
1 5 0
2 9 4
3 0 1
t 198 60
m0 3 5
1 6 0
2 9 3
3 0 0
t 197 60
m0 3 4
1 7 0
2 9 4
3 0 1
t 196 60
m0 3 3
1 6 0
2 9 3
3 0 0
t 195 70
m0 3 3
1 7 0
2 9 4
3 0 1
t 194 70
m0 3 3
1 6 0
2 9 3
3 0 0
t 193 70
m0 3 3
1 7 0
2 9 4
3 0 1
t 192 70
m0 3 3
1 6 0
2 9 3
3 0 0
t 191 70
m0 3 3
1 7 0
2 9 4
3 0 1
t 190 70
m0 3 4
1 6 0
2 9 3
3 0 0
f 5 6
t 189 70
m0 4 4
1 7 0
2 9 4
3 0 1
t 188 70
m0 5 4
1 8 0
2 9 3
3 0 0
t 187 71
m0 5 5
1 7 0
2 9 4
3 0 1
t 186 71
m0 5 6
1 6 0
2 9 3
3 0 2
t 185 81
m0 6 6
1 5 0
2 9 2
3 0 1
t 184 81
m0 6 5
1 4 0
2 9 1
3 0 2
t 183 82
m0 6 6
1 5 0
2 9 2
3 0 1
t 182 82
m0 6 5
1 4 0
2 9 1
3 0 2
t 181 82
m0 6 6
1 5 0
2 9 2
3 0 1
t 180 82
m0 6 5
1 4 0
2 9 1
3 0 2
t 179 82
m0 6 6
1 5 0
2 9 2
3 0 1
t 178 82
m0 6 5
1 4 0
2 9 1
3 0 2
t 177 82
m0 6 6
1 5 0
2 9 2
3 0 1
t 176 82
m0 6 5
1 4 0
2 9 1
3 0 2
t 175 82
m0 6 6
1 5 0
2 9 2
3 0 1
t 174 82
m0 6 7
1 4 0
2 9 3
3 0 2
f 5 12
t 173 83
m0 5 7
1 5 0
2 9 4
3 0 1
t 172 84
m0 5 8
1 6 0
2 9 3
3 0 2
t 171 84
m0 5 8
1 5 0
2 9 4
3 0 1
t 170 84
m0 5 8
1 6 0
2 9 3
3 0 2
t 169 84
m0 5 8
1 5 0
2 9 4
3 0 1
t 168 84
m0 5 8
1 6 0
2 9 3
3 0 2
t 167 84
m0 5 8
1 5 0
2 9 4
3 0 1
t 166 84
m0 5 8
1 6 0
2 9 3
3 0 2
t 165 84
m0 5 8
1 5 0
2 9 4
3 0 1
t 164 84
m0 5 8
1 6 0
2 9 3
3 0 2
t 163 84
m0 5 8
1 5 0
2 9 4
3 0 1
t 162 84
m0 5 8
1 6 0
2 9 3
3 0 2
t 161 84
m0 5 8
1 5 0
2 9 4
3 0 1
t 160 84
m0 5 8
1 6 0
2 9 3
3 0 2
t 159 84
m0 5 8
1 5 0
2 9 4
3 0 1
t 158 84
m0 5 8
1 6 0
2 9 3
3 0 2
t 157 84
m0 5 8
1 5 0
2 9 4
3 0 1
t 156 84
m0 5 8
1 6 0
2 9 3
3 0 2
t 155 84
m0 5 8
1 5 0
2 9 4
3 0 1
t 154 84
m0 5 8
1 6 0
2 9 3
3 0 2
t 153 84
m0 5 8
1 5 0
2 9 4
3 0 1
t 152 84
m0 5 8
1 6 0
2 9 3
3 0 2
t 151 84
m0 5 8
1 5 0
2 9 4
3 0 1
t 150 84
m0 5 8
1 6 0
2 9 3
3 0 2
t 149 84
m0 5 8
1 5 0
2 9 4
3 0 1
t 148 84
m0 5 8
1 6 0
2 9 3
3 0 2
t 147 84
m0 5 8
1 5 0
2 9 4
3 0 1
t 146 84
m0 5 8
1 6 0
2 9 3
3 0 2
t 145 84
m0 5 8
1 5 0
2 9 4
3 0 1
t 144 84
m0 5 8
1 6 0
2 9 3
3 0 2
t 143 84
m0 5 8
1 5 0
2 9 4
3 0 1
t 142 84
m0 5 8
1 6 0
2 9 3
3 0 2
t 141 84
m0 5 8
1 5 0
2 9 4
3 0 1
t 140 84
m0 5 8
1 6 0
2 9 3
3 0 2
t 139 84
m0 5 8
1 5 0
2 9 4
3 0 1
t 138 84
m0 5 8
1 6 0
2 9 3
3 0 2
t 137 84
m0 5 8
1 5 0
2 9 4
3 0 1
t 136 84
m0 5 8
1 6 0
2 9 3
3 0 2
t 135 84
m0 5 8
1 5 0
2 9 4
3 0 1
t 134 84
m0 5 8
1 6 0
2 9 3
3 0 2
t 133 84
m0 5 8
1 5 0
2 9 4
3 0 1
t 132 84
m0 5 8
1 6 0
2 9 3
3 0 2
t 131 84
m0 5 8
1 5 0
2 9 4
3 0 1
t 130 84
m0 5 8
1 6 0
2 9 3
3 0 2
t 129 84
m0 5 8
1 5 0
2 9 4
3 0 1
t 128 84
m0 5 8
1 6 0
2 9 3
3 0 2
t 127 84
m0 5 8
1 5 0
2 9 4
3 0 1
t 126 84
m0 5 8
1 6 0
2 9 3
3 0 2
t 125 84
m0 5 8
1 5 0
2 9 4
3 0 1
t 124 84
m0 5 8
1 6 0
2 9 3
3 0 2
t 123 84
m0 5 8
1 5 0
2 9 4
3 0 1
t 122 84
m0 5 8
1 6 0
2 9 3
3 0 2
t 121 84
m0 5 8
1 5 0
2 9 4
3 0 1
t 120 84
m0 5 8
1 6 0
2 9 3
3 0 2
t 119 84
m0 5 8
1 5 0
2 9 4
3 0 1
t 118 84
m0 5 8
1 6 0
2 9 3
3 0 2
t 117 84
m0 5 8
1 5 0
2 9 4
3 0 1
t 116 84
m0 5 8
1 6 0
2 9 3
3 0 2
t 115 84
m0 5 8
1 5 0
2 9 4
3 0 1
t 114 84
m0 5 8
1 6 0
2 9 3
3 0 2
t 113 84
m0 5 8
1 5 0
2 9 4
3 0 1
t 112 84
m0 5 8
1 6 0
2 9 3
3 0 2
t 111 84
m0 5 8
1 5 0
2 9 4
3 0 1
t 110 84
m0 5 8
1 6 0
2 9 3
3 0 2
t 109 84
m0 5 8
1 5 0
2 9 4
3 0 1
t 108 84
m0 5 8
1 6 0
2 9 3
3 0 2
t 107 84
m0 5 8
1 5 0
2 9 4
3 0 1
t 106 84
m0 5 8
1 6 0
2 9 3
3 0 2
t 105 84
m0 5 8
1 5 0
2 9 4
3 0 1
t 104 84
m0 5 8
1 6 0
2 9 3
3 0 2
t 103 84
m0 5 8
1 5 0
2 9 4
3 0 1
t 102 84
m0 5 8
1 6 0
2 9 3
3 0 2
t 101 84
m0 5 8
1 5 0
2 9 4
3 0 1
t 100 84
m0 5 8
1 6 0
2 9 3
3 0 2
t 99 84
m0 5 8
1 5 0
2 9 4
3 0 1
t 98 84
m0 5 8
1 6 0
2 9 3
3 0 2
t 97 84
m0 5 8
1 5 0
2 9 4
3 0 1
t 96 84
m0 5 8
1 6 0
2 9 3
3 0 2
t 95 84
m0 5 8
1 5 0
2 9 4
3 0 1
t 94 84
m0 5 8
1 6 0
2 9 3
3 0 2
t 93 84
m0 5 8
1 5 0
2 9 4
3 0 1
t 92 84
m0 5 8
1 6 0
2 9 3
3 0 2
t 91 84
m0 5 8
1 5 0
2 9 4
3 0 1
t 90 84
m0 5 8
1 6 0
2 9 3
3 0 2
t 89 84
m0 5 8
1 5 0
2 9 4
3 0 1
t 88 84
m0 5 8
1 6 0
2 9 3
3 0 2
t 87 84
m0 5 8
1 5 0
2 9 4
3 0 1
t 86 84
m0 5 8
1 6 0
2 9 3
3 0 2
t 85 84
m0 5 8
1 5 0
2 9 4
3 0 1
t 84 84
m0 5 8
1 6 0
2 9 3
3 0 2
t 83 84
m0 5 8
1 5 0
2 9 4
3 0 1
t 82 84
m0 5 8
1 6 0
2 9 3
3 0 2
t 81 84
m0 5 8
1 5 0
2 9 4
3 0 1
t 80 84
m0 5 8
1 6 0
2 9 3
3 0 2
t 79 84
m0 5 8
1 5 0
2 9 4
3 0 1
t 78 84
m0 5 8
1 6 0
2 9 3
3 0 2
t 77 84
m0 5 8
1 5 0
2 9 4
3 0 1
t 76 84
m0 5 8
1 6 0
2 9 3
3 0 2
t 75 84
m0 5 8
1 5 0
2 9 4
3 0 1
t 74 84
m0 5 8
1 6 0
2 9 3
3 0 2
t 73 84
m0 5 8
1 5 0
2 9 4
3 0 1
t 72 84
m0 5 8
1 6 0
2 9 3
3 0 2
t 71 84
m0 5 8
1 5 0
2 9 4
3 0 1
t 70 84
m0 5 8
1 6 0
2 9 3
3 0 2
t 69 84
m0 5 8
1 5 0
2 9 4
3 0 1
t 68 84
m0 5 8
1 6 0
2 9 3
3 0 2
t 67 84
m0 5 8
1 5 0
2 9 4
3 0 1
t 66 84
m0 5 8
1 6 0
2 9 3
3 0 2
t 65 84
m0 5 8
1 5 0
2 9 4
3 0 1
t 64 84
m0 5 8
1 6 0
2 9 3
3 0 2
t 63 84
m0 5 8
1 5 0
2 9 4
3 0 1
t 62 84
m0 5 8
1 6 0
2 9 3
3 0 2
t 61 84
m0 5 8
1 5 0
2 9 4
3 0 1
t 60 84
m0 5 8
1 6 0
2 9 3
3 0 2
t 59 84
m0 5 8
1 5 0
2 9 4
3 0 1
t 58 84
m0 5 8
1 6 0
2 9 3
3 0 2
t 57 84
m0 5 8
1 5 0
2 9 4
3 0 1
t 56 84
m0 5 8
1 6 0
2 9 3
3 0 2
t 55 84
m0 5 8
1 5 0
2 9 4
3 0 1
t 54 84
m0 5 8
1 6 0
2 9 3
3 0 2
t 53 84
m0 5 8
1 5 0
2 9 4
3 0 1
t 52 84
m0 5 8
1 6 0
2 9 3
3 0 2
t 51 84
m0 5 8
1 5 0
2 9 4
3 0 1
t 50 84
m0 5 8
1 6 0
2 9 3
3 0 2
t 49 84
m0 5 8
1 5 0
2 9 4
3 0 1
t 48 84
m0 5 8
1 6 0
2 9 3
3 0 2
t 47 84
m0 5 8
1 5 0
2 9 4
3 0 1
t 46 84
m0 5 8
1 6 0
2 9 3
3 0 2
t 45 84
m0 5 8
1 5 0
2 9 4
3 0 1
t 44 84
m0 5 8
1 6 0
2 9 3
3 0 2
t 43 84
m0 5 8
1 5 0
2 9 4
3 0 1
t 42 84
m0 5 8
1 6 0
2 9 3
3 0 2
t 41 84
m0 5 8
1 5 0
2 9 4
3 0 1
t 40 84
m0 5 8
1 6 0
2 9 3
3 0 2
t 39 84
m0 5 8
1 5 0
2 9 4
3 0 1
t 38 84
m0 5 8
1 6 0
2 9 3
3 0 2
t 37 84
m0 5 8
1 5 0
2 9 4
3 0 1
t 36 84
m0 5 8
1 6 0
2 9 3
3 0 2
t 35 84
m0 5 8
1 5 0
2 9 4
3 0 1
t 34 84
m0 5 8
1 6 0
2 9 3
3 0 2
t 33 84
m0 5 8
1 5 0
2 9 4
3 0 1
t 32 84
m0 5 8
1 6 0
2 9 3
3 0 2
t 31 84
m0 5 8
1 5 0
2 9 4
3 0 1
t 30 84
m0 5 8
1 6 0
2 9 3
3 0 2
t 29 84
m0 5 8
1 5 0
2 9 4
3 0 1
t 28 84
m0 5 8
1 6 0
2 9 3
3 0 2
t 27 84
m0 5 8
1 5 0
2 9 4
3 0 1
t 26 84
m0 5 8
1 6 0
2 9 3
3 0 2
t 25 84
m0 5 8
1 5 0
2 9 4
3 0 1
t 24 84
m0 5 8
1 6 0
2 9 3
3 0 2
t 23 84
m0 5 8
1 5 0
2 9 4
3 0 1
t 22 84
m0 5 8
1 6 0
2 9 3
3 0 2
t 21 84
m0 5 8
1 5 0
2 9 4
3 0 1
t 20 84
m0 5 8
1 6 0
2 9 3
3 0 2
t 19 84
m0 5 8
1 5 0
2 9 4
3 0 1
t 18 84
m0 5 8
1 6 0
2 9 3
3 0 2
t 17 84
m0 5 8
1 5 0
2 9 4
3 0 1
t 16 84
m0 5 8
1 6 0
2 9 3
3 0 2
t 15 84
m0 5 8
1 5 0
2 9 4
3 0 1
t 14 84
m0 5 8
1 6 0
2 9 3
3 0 2
t 13 84
m0 5 8
1 5 0
2 9 4
3 0 1
t 12 84
m0 5 8
1 6 0
2 9 3
3 0 2
t 11 84
m0 5 8
1 5 0
2 9 4
3 0 1
t 10 84
m0 5 8
1 6 0
2 9 3
3 0 2
t 9 84
m0 5 8
1 5 0
2 9 4
3 0 1
t 8 84
m0 5 8
1 6 0
2 9 3
3 0 2
t 7 84
m0 5 8
1 5 0
2 9 4
3 0 1
t 6 84
m0 5 8
1 6 0
2 9 3
3 0 2
t 5 84
m0 5 8
1 5 0
2 9 4
3 0 1
t 4 84
m0 5 8
1 6 0
2 9 3
3 0 2
t 3 84
m0 5 8
1 5 0
2 9 4
3 0 1
t 2 84
m0 5 8
1 6 0
2 9 3
3 0 2
t 1 84
m0 5 8
1 6 0
2 9 3
3 0 2
t 0 84
