10
15
w 4 7
w 9 1
w 6 6
w 4 8
w 3 11
w 4 12
w 6 2
w 5 8
w 4 9
w 3 3
w 6 10
w 8 10
w 5 0
w 1 10
w 1 1
w 5 4
w 7 14
w 2 6
w 1 13
w 6 0
w 1 4
w 7 5
w 6 12
w 0 8
w 9 6
w 4 11
w 2 7
w 9 13
w 4 6
w 1 12
w 9 2
w 3 1
w 5 14
w 0 6
w 8 8
w 3 4
w 8 4
p 7 3
p 1 3
p 5 6
p 7 12
p 3 0
p 0 2
p 2 1
p 9 4
p 3 7
p 5 1
p 0 3
p 1 11
p 7 2
p 6 14
p 4 0
p 8 14
p 6 7
p 2 9
p 8 1
p 7 6
p 4 4
p 3 10
p 4 13
p 2 13
p 9 11
p 0 11
p 7 10
p 4 1
p 4 10
p 0 0
p 8 2
p 3 13
p 7 1
p 4 14
p 0 12
p 2 10
p 3 9
p 0 5
p 8 7
p 4 2
p 1 0
p 2 14
p 3 5
p 7 9
p 8 3
p 5 10
p 6 8
p 6 1
p 7 13
p 2 11
p 9 9
p 3 8
p 2 0
p 1 8
p 2 4
p 9 12
m0 0 14
1 9 0
2 9 0
3 9 0
t 300 0
m0 0 13
1 8 0
2 8 0
3 8 0
t 299 0
m0 0 13
1 9 0
2 7 0
3 8 1
t 298 0
m0 0 13
1 8 0
2 7 1
3 8 2
f 3 14
t 297 0
m0 0 14
1 9 0
2 6 1
3 8 3
t 296 0
m0 1 14
1 8 0
2 5 1
3 9 3
t 295 0
m0 0 14
1 9 0
2 4 1
3 8 3
t 294 0
m0 1 14
1 8 0
2 4 2
3 9 3
t 293 0
m0 1 14
1 7 0
2 3 2
3 9 4
t 292 0
m0 2 14
1 8 0
2 2 2
3 9 5
t 291 1
m0 3 14
1 7 0
2 1 2
3 9 4
t 290 11
m0 4 14
1 8 0
2 0 2
3 9 5
t 289 12
m0 4 13
1 7 0
2 0 3
3 9 4
t 288 13
m0 4 13
1 8 0
2 0 2
3 9 5
t 287 13
m0 3 13
1 7 0
2 0 3
3 9 4
t 286 14
m0 4 13
1 8 0
2 0 2
3 9 5
t 285 14
m0 4 14
1 7 0
2 0 3
3 9 4
t 284 14
m0 3 14
1 8 0
2 0 2
3 9 5
t 283 14
m0 3 13
1 7 0
2 0 3
3 9 4
t 282 14
m0 2 13
1 8 0
2 0 2
3 9 5
t 281 15
m0 2 14
1 7 0
2 0 3
3 9 4
t 280 15
m0 1 14
1 8 0
2 0 2
3 9 5
t 279 15
m0 0 14
1 7 0
2 0 3
3 9 4
t 278 15
m0 0 13
1 8 0
2 0 2
3 9 5
t 277 15
m0 0 13
1 7 0
2 0 3
3 9 4
t 276 15
m0 0 14
1 8 0
2 0 2
3 9 5
t 275 15
m0 1 14
1 7 0
2 0 3
3 9 4
t 274 15
m0 2 14
1 8 0
2 0 2
3 9 5
t 273 15
m0 1 14
1 7 0
2 0 3
3 9 4
t 272 15
m0 0 14
1 8 0
2 0 2
3 9 5
t 271 15
m0 0 14
1 7 0
2 0 3
3 9 4
t 270 15
m0 1 14
1 8 0
2 0 2
3 9 5
t 269 15
m0 1 14
1 7 0
2 0 3
3 9 4
t 268 15
m0 2 14
1 8 0
2 0 2
3 9 5
t 267 15
m0 2 14
1 7 0
2 0 3
3 9 4
t 266 15
m0 3 14
1 8 0
2 0 2
3 9 5
t 265 15
m0 2 14
1 7 0
2 0 3
3 9 4
t 264 15
m0 2 13
1 8 0
2 0 2
3 9 5
t 263 15
m0 2 14
1 7 0
2 0 3
3 9 4
t 262 15
m0 1 14
1 8 0
2 0 2
3 9 5
f 9 8
t 261 15
m0 2 14
1 7 0
2 0 3
3 9 4
t 260 15
m0 3 14
1 8 0
2 0 2
3 9 5
t 259 15
m0 3 14
1 7 0
2 0 3
3 9 4
t 258 15
m0 3 13
1 8 0
2 0 2
3 9 5
t 257 15
m0 3 14
1 7 0
2 0 3
3 9 4
t 256 15
m0 4 14
1 8 0
2 0 2
3 9 5
t 255 15
m0 4 14
1 7 0
2 0 3
3 9 4
t 254 15
m0 4 13
1 8 0
2 0 2
3 9 5
t 253 15
m0 4 14
1 7 0
2 0 3
3 9 4
t 252 15
m0 4 14
1 8 0
2 0 2
3 9 5
t 251 15
m0 4 13
1 7 0
2 0 3
3 9 4
t 250 15
m0 5 13
1 8 0
2 0 2
3 9 5
t 249 15
m0 6 13
1 7 0
2 0 3
3 9 4
t 248 15
m0 7 13
1 8 0
2 0 2
3 9 5
t 247 16
m0 7 12
1 7 0
2 0 3
3 9 4
t 246 17
m0 7 11
1 8 0
2 0 2
3 9 5
t 245 17
m0 7 10
1 7 0
2 0 3
3 9 4
t 244 18
m0 7 11
1 8 0
2 0 2
3 9 5
t 243 18
m0 7 10
1 7 0
2 0 3
3 9 4
t 242 18
m0 7 10
1 8 0
2 0 2
3 9 5
t 241 18
m0 7 11
1 7 0
2 0 3
3 9 4
t 240 18
m0 7 10
1 8 0
2 0 2
3 9 5
t 239 18
m0 7 9
1 7 0
2 0 3
3 9 4
t 238 19
m0 7 10
1 8 0
2 0 2
3 9 5
t 237 19
m0 7 11
1 7 0
2 0 3
3 9 4
t 236 19
m0 7 11
1 8 0
2 0 2
3 9 5
t 235 19
m0 7 12
1 7 0
2 0 3
3 9 4
t 234 19
m0 7 11
1 8 0
2 0 2
3 9 5
t 233 19
m0 8 11
1 7 0
2 0 3
3 9 4
t 232 19
m0 8 12
1 8 0
2 0 2
3 9 5
t 231 19
m0 8 13
1 7 0
2 0 3
3 9 4
t 230 19
m0 7 13
1 8 0
2 0 2
3 9 5
t 229 19
m0 6 13
1 7 0
2 0 3
3 9 4
t 228 19
m0 7 13
1 8 0
2 0 2
3 9 5
t 227 19
m0 6 13
1 7 0
2 0 3
3 9 4
t 226 19
m0 6 13
1 8 0
2 0 2
3 9 5
t 225 19
m0 6 13
1 7 0
2 0 3
3 9 4
t 224 19
m0 7 13
1 8 0
2 0 2
3 9 5
t 223 19
m0 6 13
1 7 0
2 0 3
3 9 4
t 222 19
m0 5 13
1 8 0
2 0 2
3 9 5
t 221 19
m0 6 13
1 7 0
2 0 3
3 9 4
t 220 19
m0 6 13
1 8 0
2 0 2
3 9 5
t 219 19
m0 5 13
1 7 0
2 0 3
3 9 4
t 218 19
m0 6 13
1 8 0
2 0 2
3 9 5
t 217 19
m0 6 14
1 7 0
2 0 3
3 9 4
t 216 20
m0 6 14
1 8 0
2 0 2
3 9 5
t 215 20
m0 6 13
1 7 0
2 0 3
3 9 4
t 214 20
m0 7 13
1 8 0
2 0 2
3 9 5
t 213 20
m0 8 13
1 7 0
2 0 3
3 9 4
t 212 20
m0 7 13
1 8 0
2 0 2
3 9 5
t 211 20
m0 7 12
1 7 0
2 0 3
3 9 4
t 210 20
m0 7 13
1 8 0
2 0 2
3 9 5
t 209 20
m0 8 13
1 7 0
2 0 3
3 9 4
t 208 20
m0 8 12
1 8 0
2 0 2
3 9 5
t 207 20
m0 8 12
1 7 0
2 0 3
3 9 4
t 206 20
m0 8 12
1 8 0
2 0 2
3 9 5
t 205 20
m0 7 12
1 7 0
2 0 3
3 9 4
t 204 20
m0 8 12
1 8 0
2 0 2
3 9 5
t 203 20
m0 8 13
1 7 0
2 0 3
3 9 4
t 202 20
m0 7 13
1 8 0
2 0 2
3 9 5
t 201 20
m0 8 13
1 7 0
2 0 3
3 9 4
t 200 20
m0 8 13
1 8 0
2 0 2
3 9 5
t 199 20
m0 8 13
1 7 0
2 0 3
3 9 4
t 198 20
m0 8 13
1 8 0
2 0 2
3 9 5
t 197 20
m0 8 14
1 7 0
2 0 3
3 9 4
t 196 21
m0 8 13
1 8 0
2 0 2
3 9 5
t 195 21
m0 8 12
1 7 0
2 0 3
3 9 4
t 194 21
m0 8 12
1 8 0
2 0 2
3 9 5
t 193 21
m0 9 12
1 7 0
2 0 3
3 9 4
t 192 22
m0 8 12
1 8 0
2 0 2
3 9 5
t 191 22
m0 8 12
1 7 0
2 0 3
3 9 4
t 190 22
m0 8 12
1 8 0
2 0 2
3 9 5
t 189 22
m0 9 12
1 7 0
2 0 3
3 9 4
t 188 22
m0 8 12
1 8 0
2 0 2
3 9 5
t 187 22
m0 8 13
1 7 0
2 0 3
3 9 4
t 186 22
m0 8 13
1 8 0
2 0 2
3 9 5
t 185 22
m0 7 13
1 7 0
2 0 3
3 9 4
t 184 22
m0 6 13
1 8 0
2 0 2
3 9 5
t 183 22
m0 6 13
1 7 0
2 0 3
3 9 4
t 182 22
m0 6 14
1 8 0
2 0 2
3 9 5
t 181 22
m0 6 14
1 7 0
2 0 3
3 9 4
t 180 22
m0 6 14
1 8 0
2 0 2
3 9 5
t 179 22
m0 6 13
1 7 0
2 0 3
3 9 4
t 178 22
m0 7 13
1 8 0
2 0 2
3 9 5
t 177 22
m0 6 13
1 7 0
2 0 3
3 9 4
t 176 22
m0 6 13
1 8 0
2 0 2
3 9 5
t 175 22
m0 6 13
1 7 0
2 0 3
3 9 4
t 174 22
m0 6 13
1 8 0
2 0 2
3 9 5
t 173 22
m0 7 13
1 7 0
2 0 3
3 9 4
t 172 22
m0 6 13
1 8 0
2 0 2
3 9 5
t 171 22
m0 6 14
1 7 0
2 0 3
3 9 4
t 170 22
m0 6 13
1 8 0
2 0 2
3 9 5
t 169 22
m0 6 13
1 7 0
2 0 3
3 9 4
t 168 22
m0 7 13
1 8 0
2 0 2
3 9 5
t 167 22
m0 7 12
1 7 0
2 0 3
3 9 4
t 166 22
m0 8 12
1 8 0
2 0 2
3 9 5
t 165 22
m0 8 12
1 7 0
2 0 3
3 9 4
t 164 22
m0 8 12
1 8 0
2 0 2
3 9 5
t 163 22
m0 8 12
1 7 0
2 0 3
3 9 4
t 162 22
m0 7 12
1 8 0
2 0 2
3 9 5
t 161 22
m0 7 11
1 7 0
2 0 3
3 9 4
t 160 22
m0 7 10
1 8 0
2 0 2
3 9 5
t 159 22
m0 7 9
1 7 0
2 0 3
3 9 4
t 158 22
m0 8 9
1 8 0
2 0 2
3 9 5
t 157 22
m0 9 9
1 7 0
2 0 3
3 9 4
t 156 23
m0 9 10
1 8 0
2 0 2
3 9 5
t 155 23
m0 9 9
1 7 0
2 0 3
3 9 4
t 154 23
m0 8 9
1 8 0
2 0 2
3 9 5
t 153 23
m0 7 9
1 7 0
2 0 3
3 9 4
t 152 23
m0 6 9
1 8 0
2 0 2
3 9 5
t 151 23
m0 5 9
1 7 0
2 0 3
3 9 4
t 150 23
m0 5 10
1 8 0
2 0 2
3 9 5
t 149 24
m0 5 11
1 7 0
2 0 3
3 9 4
t 148 24
m0 5 11
1 8 0
2 0 2
3 9 5
t 147 24
m0 6 11
1 7 0
2 0 3
3 9 4
t 146 24
m0 5 11
1 8 0
2 0 2
3 9 5
t 145 24
m0 5 10
1 7 0
2 0 3
3 9 4
t 144 24
m0 4 10
1 8 0
2 0 2
3 9 5
t 143 25
m0 3 10
1 7 0
2 0 3
3 9 4
t 142 26
m0 3 10
1 8 0
2 0 2
3 9 5
t 141 26
m0 4 10
1 7 0
2 0 3
3 9 4
t 140 26
m0 3 10
1 8 0
2 0 2
3 9 5
t 139 26
m0 2 10
1 7 0
2 0 3
3 9 4
t 138 27
m0 2 10
1 8 0
2 0 2
3 9 5
t 137 27
m0 2 9
1 7 0
2 0 3
3 9 4
t 136 28
m0 1 9
1 8 0
2 0 2
3 9 5
t 135 28
m0 0 9
1 7 0
2 0 3
3 9 4
t 134 28
m0 0 10
1 8 0
2 0 2
3 9 5
t 133 28
m0 0 11
1 7 0
2 0 3
3 9 4
t 132 29
m0 1 11
1 8 0
2 0 2
3 9 5
t 131 30
m0 0 11
1 7 0
2 0 3
3 9 4
t 130 30
m0 0 11
1 8 0
2 0 2
3 9 5
t 129 30
m0 1 11
1 7 0
2 0 3
3 9 4
t 128 30
m0 1 11
1 8 0
2 0 2
3 9 5
t 127 30
m0 1 11
1 7 0
2 0 3
3 9 4
t 126 30
m0 0 11
1 8 0
2 0 2
3 9 5
t 125 30
m0 0 11
1 7 0
2 0 3
3 9 4
t 124 30
m0 0 10
1 8 0
2 0 2
3 9 5
t 123 30
m0 0 10
1 7 0
2 0 3
3 9 4
t 122 30
m0 0 11
1 8 0
2 0 2
3 9 5
t 121 30
m0 0 11
1 7 0
2 0 3
3 9 4
t 120 30
m0 0 12
1 8 0
2 0 2
3 9 5
t 119 31
m0 0 11
1 7 0
2 0 3
3 9 4
t 118 31
m0 0 12
1 8 0
2 0 2
3 9 5
t 117 31
m0 0 13
1 7 0
2 0 3
3 9 4
t 116 31
m0 0 13
1 8 0
2 0 2
3 9 5
t 115 31
m0 0 14
1 7 0
2 0 3
3 9 4
t 114 31
m0 1 14
1 8 0
2 0 2
3 9 5
t 113 31
m0 1 14
1 7 0
2 0 3
3 9 4
t 112 31
m0 0 14
1 8 0
2 0 2
3 9 5
t 111 31
m0 0 13
1 7 0
2 0 3
3 9 4
t 110 31
m0 0 12
1 8 0
2 0 2
3 9 5
t 109 31
m0 0 13
1 7 0
2 0 3
3 9 4
t 108 31
m0 0 12
1 8 0
2 0 2
3 9 5
t 107 31
m0 0 11
1 7 0
2 0 3
3 9 4
t 106 31
m0 0 11
1 8 0
2 0 2
3 9 5
t 105 31
m0 0 10
1 7 0
2 0 3
3 9 4
t 104 31
m0 0 9
1 8 0
2 0 2
3 9 5
t 103 31
m0 0 10
1 7 0
2 0 3
3 9 4
t 102 31
m0 0 9
1 8 0
2 0 2
3 9 5
t 101 31
m0 1 9
1 7 0
2 0 3
3 9 4
t 100 31
m0 2 9
1 8 0
2 0 2
3 9 5
t 99 31
m0 2 8
1 7 0
2 0 3
3 9 4
t 98 31
m0 3 8
1 8 0
2 0 2
3 9 5
t 97 32
m0 3 7
1 7 0
2 0 3
3 9 4
t 96 33
m0 3 8
1 8 0
2 0 2
3 9 5
t 95 33
m0 3 8
1 7 0
2 0 3
3 9 4
t 94 33
m0 2 8
1 8 0
2 0 2
3 9 5
t 93 33
m0 3 8
1 7 0
2 0 3
3 9 4
t 92 33
m0 3 9
1 8 0
2 0 2
3 9 5
t 91 34
m0 3 10
1 7 0
2 0 3
3 9 4
t 90 34
m0 3 9
1 8 0
2 0 2
3 9 5
t 89 34
m0 2 9
1 7 0
2 0 3
3 9 4
t 88 34
m0 3 9
1 8 0
2 0 2
3 9 5
t 87 34
m0 3 8
1 7 0
2 0 3
3 9 4
t 86 34
m0 3 7
1 8 0
2 0 2
3 9 5
t 85 34
m0 3 6
1 7 0
2 0 3
3 9 4
t 84 34
m0 3 7
1 8 0
2 0 2
3 9 5
t 83 34
m0 3 6
1 7 0
2 0 3
3 9 4
t 82 34
m0 3 5
1 8 0
2 0 2
3 9 5
t 81 35
m0 3 5
1 7 0
2 0 3
3 9 4
t 80 35
m0 3 5
1 8 0
2 0 2
3 9 5
t 79 35
m0 3 5
1 7 0
2 0 3
3 9 4
t 78 35
m0 2 5
1 8 0
2 0 2
3 9 5
t 77 35
m0 1 5
1 7 0
2 0 3
3 9 4
t 76 35
m0 1 6
1 8 0
2 0 2
3 9 5
t 75 35
m0 1 6
1 7 0
2 0 3
3 9 4
t 74 35
m0 1 5
1 8 0
2 0 2
3 9 5
t 73 35
m0 2 5
1 7 0
2 0 3
3 9 4
t 72 35
m0 1 5
1 8 0
2 0 2
3 9 5
t 71 35
m0 2 5
1 7 0
2 0 3
3 9 4
t 70 35
m0 2 5
1 8 0
2 0 2
3 9 5
t 69 35
m0 2 5
1 7 0
2 0 3
3 9 4
t 68 35
m0 2 5
1 8 0
2 0 2
3 9 5
t 67 35
m0 2 4
1 7 0
2 0 3
3 9 4
t 66 36
m0 2 3
1 8 0
2 0 2
3 9 5
t 65 36
m0 2 2
1 7 0
2 0 3
3 9 4
t 64 36
m0 1 2
1 8 0
2 0 2
3 9 5
t 63 36
m0 1 2
1 7 0
2 0 3
3 9 4
t 62 36
m0 2 2
1 8 0
2 0 2
3 9 5
t 61 36
m0 2 1
1 7 0
2 0 3
3 9 4
t 60 37
m0 2 0
1 8 0
2 0 2
3 9 5
t 59 38
m0 2 1
1 7 0
2 0 3
3 9 4
t 58 38
m0 2 2
1 8 0
2 0 2
3 9 5
t 57 38
m0 2 2
1 7 0
2 0 3
3 9 4
t 56 38
m0 3 2
1 8 0
2 0 2
3 9 5
t 55 38
m0 4 2
1 7 0
2 0 3
3 9 4
t 54 39
m0 3 2
1 8 0
2 0 2
3 9 5
t 53 39
m0 2 2
1 7 0
2 0 3
3 9 4
t 52 39
m0 1 2
1 8 0
2 0 2
3 9 5
t 51 39
m0 1 3
1 7 0
2 0 3
3 9 4
t 50 40
m0 2 3
1 8 0
2 0 2
3 9 5
t 49 40
m0 2 4
1 7 0
2 0 3
3 9 4
t 48 40
m0 2 3
1 8 0
2 0 2
3 9 5
t 47 40
m0 2 3
1 7 0
2 0 3
3 9 4
t 46 40
m0 2 2
1 8 0
2 0 2
3 9 5
t 45 40
m0 2 2
1 7 0
2 0 3
3 9 4
t 44 40
m0 1 2
1 8 0
2 0 2
3 9 5
t 43 40
m0 1 3
1 7 0
2 0 3
3 9 4
t 42 40
m0 2 3
1 8 0
2 0 2
3 9 5
t 41 40
m0 2 4
1 7 0
2 0 3
3 9 4
t 40 40
m0 2 5
1 8 0
2 0 2
3 9 5
t 39 40
m0 3 5
1 7 0
2 0 3
3 9 4
t 38 40
m0 3 6
1 8 0
2 0 2
3 9 5
t 37 40
m0 3 6
1 7 0
2 0 3
3 9 4
t 36 40
m0 3 6
1 8 0
2 0 2
3 9 5
t 35 40
m0 3 6
1 7 0
2 0 3
3 9 4
t 34 40
m0 3 6
1 8 0
2 0 2
3 9 5
t 33 40
m0 3 7
1 7 0
2 0 3
3 9 4
t 32 40
m0 3 7
1 8 0
2 0 2
3 9 5
t 31 40
m0 3 8
1 7 0
2 0 3
3 9 4
t 30 40
m0 3 7
1 8 0
2 0 2
3 9 5
t 29 40
m0 3 6
1 7 0
2 0 3
3 9 4
t 28 40
m0 3 5
1 8 0
2 0 2
3 9 5
t 27 40
m0 3 6
1 7 0
2 0 3
3 9 4
t 26 40
m0 3 5
1 8 0
2 0 2
3 9 5
t 25 40
m0 4 5
1 7 0
2 0 3
3 9 4
t 24 40
m0 4 4
1 8 0
2 0 2
3 9 5
t 23 41
m0 4 4
1 7 0
2 0 3
3 9 4
t 22 41
m0 4 4
1 8 0
2 0 2
3 9 5
t 21 41
m0 4 4
1 7 0
2 0 3
3 9 4
t 20 41
m0 4 4
1 8 0
2 0 2
3 9 5
t 19 41
m0 4 3
1 7 0
2 0 3
3 9 4
t 18 41
m0 4 2
1 8 0
2 0 2
3 9 5
t 17 41
m0 3 2
1 7 0
2 0 3
3 9 4
t 16 41
m0 2 2
1 8 0
2 0 2
3 9 5
t 15 41
m0 2 1
1 7 0
2 0 3
3 9 4
t 14 41
m0 2 2
1 8 0
2 0 2
3 9 5
t 13 41
m0 2 2
1 7 0
2 0 3
3 9 4
t 12 41
m0 2 3
1 8 0
2 0 2
3 9 5
t 11 41
m0 1 3
1 7 0
2 0 3
3 9 4
t 10 41
m0 1 2
1 8 0
2 0 2
3 9 5
t 9 41
m0 -5 -5
1 8 0
2 0 2
3 9 5
t 8 42
