10
15
w 5 9
w 7 3
w 6 9
w 4 7
w 6 6
w 9 8
w 0 10
w 3 7
w 2 5
w 5 8
w 7 2
w 1 2
w 5 5
w 1 14
w 4 13
w 9 11
w 4 1
w 5 4
w 9 14
w 4 5
w 8 11
w 9 3
w 6 0
w 0 12
w 9 10
w 0 5
w 8 7
w 6 12
w 4 11
w 9 13
w 6 8
w 9 2
w 7 13
w 2 11
w 7 4
w 0 6
w 1 8
p 1 3
p 9 1
p 2 8
p 5 13
p 2 1
p 4 12
p 9 4
p 5 1
p 8 5
p 3 14
p 4 0
p 6 7
p 3 3
p 4 9
p 2 9
p 8 1
p 5 12
p 4 4
p 8 10
p 6 3
p 2 13
p 7 10
p 0 4
p 3 6
p 5 0
p 1 1
p 9 7
p 6 4
p 4 10
p 7 14
p 3 2
p 2 6
p 3 13
p 7 1
p 1 13
p 4 14
p 1 4
p 7 5
p 1 9
p 2 14
p 6 5
p 3 5
p 0 1
p 7 9
p 8 3
p 3 12
p 8 12
p 6 1
p 5 7
p 3 1
p 9 9
p 3 8
p 1 7
p 0 9
p 3 4
p 2 4
m0 0 14
1 9 0
2 9 0
3 9 0
t 300 0
m0 0 14
1 8 0
2 8 0
3 8 0
t 299 0
m0 0 14
1 9 0
2 9 0
3 9 0
t 298 0
m0 0 13
1 8 0
2 8 0
3 8 0
t 297 0
m0 0 14
1 9 0
2 9 0
3 9 0
t 296 0
m0 0 14
1 8 0
2 8 0
3 8 0
t 295 0
m0 0 13
1 9 0
2 9 0
3 9 0
t 294 0
m0 0 13
1 8 0
2 8 0
3 8 0
t 293 0
m0 0 13
1 9 0
2 9 0
3 9 0
t 292 0
m0 0 14
1 8 0
2 8 0
3 8 0
t 291 0
m0 0 13
1 9 0
2 9 0
3 9 0
t 290 0
m0 0 13
1 8 0
2 8 0
3 8 0
t 289 0
m0 1 13
1 9 0
2 9 0
3 9 0
t 288 1
m0 1 12
1 8 0
2 8 0
3 8 0
t 287 1
m0 1 11
1 9 0
2 9 0
3 9 0
t 286 1
m0 1 10
1 8 0
2 8 0
3 8 0
t 285 1
m0 1 10
1 9 0
2 9 0
3 9 0
t 284 1
m0 1 9
1 8 0
2 8 0
3 8 0
t 283 2
m0 1 10
1 9 0
2 9 0
3 9 0
t 282 2
m0 1 9
1 8 0
2 8 0
3 8 0
t 281 2
m0 1 10
1 9 0
2 9 0
3 9 0
t 280 2
m0 1 10
1 8 0
2 8 0
3 8 0
t 279 2
m0 1 10
1 9 0
2 9 0
3 9 0
t 278 2
m0 2 10
1 8 0
2 8 0
3 8 0
t 277 2
m0 3 10
1 9 0
2 9 0
3 9 0
t 276 2
m0 3 11
1 8 0
2 8 0
3 8 0
t 275 2
m0 3 11
1 9 0
2 9 0
3 9 0
t 274 2
m0 3 11
1 8 0
2 8 0
3 8 0
t 273 2
m0 3 11
1 9 0
2 9 0
3 9 0
t 272 2
m0 3 11
1 8 0
2 8 0
3 8 0
t 271 2
m0 3 10
1 9 0
2 9 0
3 9 0
t 270 2
m0 4 10
1 8 0
2 8 0
3 8 0
t 269 3
m0 5 10
1 9 0
2 9 0
3 9 0
t 268 3
m0 5 10
1 8 0
2 8 0
3 8 0
t 267 3
m0 5 11
1 9 0
2 9 0
3 9 0
t 266 3
m0 5 11
1 8 0
2 8 0
3 8 0
f 1 13
t 265 3
m0 5 10
1 9 0
2 9 0
3 9 0
t 264 3
m0 6 10
1 8 0
2 8 0
3 8 0
t 263 3
m0 7 10
1 9 0
2 9 0
3 9 0
t 262 4
m0 8 10
1 8 0
2 8 0
3 8 0
t 261 5
m0 8 10
1 9 0
2 9 0
3 9 0
t 260 5
m0 7 10
1 8 0
2 8 0
3 8 0
t 259 5
m0 7 10
1 9 0
2 9 0
3 9 0
t 258 5
m0 7 10
1 8 0
2 8 0
3 8 0
t 257 5
m0 7 11
1 9 0
2 9 0
3 9 0
t 256 5
m0 7 12
1 8 0
2 8 0
3 8 0
t 255 5
m0 8 12
1 9 0
2 9 0
3 9 0
t 254 6
m0 7 12
1 8 0
2 8 0
3 8 0
t 253 6
m0 7 11
1 9 0
2 9 0
3 9 0
t 252 6
m0 6 11
1 8 0
2 8 0
3 8 0
t 251 6
m0 5 11
1 9 0
2 9 0
3 9 0
t 250 6
m0 6 11
1 8 0
2 8 0
3 8 0
t 249 6
m0 6 11
1 9 0
2 9 0
3 9 0
t 248 6
m0 6 11
1 8 0
2 8 0
3 8 0
t 247 6
m0 5 11
1 9 0
2 9 0
3 9 0
t 246 6
m0 5 12
1 8 0
2 8 0
3 8 0
t 245 7
m0 4 12
1 9 0
2 9 0
3 9 0
t 244 8
m0 5 12
1 8 0
2 8 0
3 8 0
t 243 8
m0 5 13
1 9 0
2 9 0
3 9 0
t 242 9
m0 5 13
1 8 0
2 8 0
3 8 0
t 241 9
m0 6 13
1 9 0
2 9 0
3 9 0
t 240 9
m0 6 13
1 8 0
2 8 0
3 8 0
t 239 9
m0 6 14
1 9 0
2 9 0
3 9 0
t 238 9
m0 6 13
1 8 0
2 8 0
3 8 0
t 237 9
m0 5 13
1 9 0
2 9 0
3 9 0
t 236 9
m0 5 12
1 8 0
2 8 0
3 8 0
t 235 9
m0 5 12
1 9 0
2 9 0
3 9 0
t 234 9
m0 5 11
1 8 0
2 8 0
3 8 0
t 233 9
m0 5 12
1 9 0
2 9 0
3 9 0
t 232 9
m0 5 13
1 8 0
2 8 0
3 8 0
t 231 9
m0 5 14
1 9 0
2 9 0
3 9 0
t 230 9
m0 5 13
1 8 0
2 8 0
3 8 0
t 229 9
m0 6 13
1 9 0
2 9 0
3 9 0
t 228 9
m0 6 13
1 8 0
2 8 0
3 8 0
t 227 9
m0 5 13
1 9 0
2 9 0
3 9 0
t 226 9
m0 5 13
1 8 0
2 8 0
3 8 0
t 225 9
m0 5 13
1 9 0
2 9 0
3 9 0
t 224 9
m0 6 13
1 8 0
2 8 0
3 8 0
t 223 9
m0 6 13
1 9 0
2 9 0
3 9 0
t 222 9
m0 5 13
1 8 0
2 8 0
3 8 0
t 221 9
m0 5 13
1 9 0
2 9 0
3 9 0
t 220 9
m0 5 12
1 8 0
2 8 0
3 8 0
t 219 9
m0 5 13
1 9 0
2 9 0
3 9 0
t 218 9
m0 5 14
1 8 0
2 8 0
3 8 0
t 217 9
m0 6 14
1 9 0
2 9 0
3 9 0
t 216 9
m0 6 14
1 8 0
2 8 0
3 8 0
t 215 9
m0 6 13
1 9 0
2 9 0
3 9 0
t 214 9
m0 6 14
1 8 0
2 8 0
3 8 0
t 213 9
m0 5 14
1 9 0
2 9 0
3 9 0
t 212 9
m0 4 14
1 8 0
2 8 0
3 8 0
t 211 10
m0 5 14
1 9 0
2 9 0
3 9 0
t 210 10
m0 4 14
1 8 0
2 8 0
3 8 0
t 209 10
m0 5 14
1 9 0
2 9 0
3 9 0
t 208 10
m0 4 14
1 8 0
2 8 0
3 8 0
t 207 10
m0 4 14
1 9 0
2 9 0
3 9 0
t 206 10
m0 3 14
1 8 0
2 8 0
3 8 0
t 205 11
m0 2 14
1 9 0
2 9 0
3 9 0
t 204 12
m0 2 14
1 8 0
2 8 0
3 8 0
t 203 12
m0 2 14
1 9 0
2 9 0
3 9 0
t 202 12
m0 2 13
1 8 0
2 8 0
3 8 0
t 201 13
m0 1 13
1 9 0
2 9 0
3 9 0
t 200 23
m0 2 13
1 8 0
2 8 0
3 8 0
f 2 0
t 199 23
m0 2 13
1 9 0
2 9 0
3 9 0
t 198 23
m0 3 13
1 8 0
2 8 0
3 8 0
t 197 24
m0 3 13
1 9 0
2 9 0
3 9 0
t 196 24
m0 2 13
1 8 0
2 8 0
3 8 0
t 195 24
m0 2 12
1 9 0
2 9 0
3 9 0
t 194 24
m0 2 12
1 8 0
2 8 0
3 8 0
t 193 24
m0 3 12
1 9 0
2 9 0
3 9 0
t 192 25
m0 3 13
1 8 0
2 8 0
3 8 0
t 191 25
m0 3 13
1 9 0
2 9 0
3 9 0
t 190 25
m0 3 14
1 8 0
2 8 0
3 8 0
t 189 25
m0 3 13
1 9 0
2 9 0
3 9 0
t 188 25
m0 3 12
1 8 0
2 8 0
3 8 0
t 187 25
m0 3 12
1 9 0
2 9 0
3 9 0
t 186 25
m0 3 12
1 8 0
2 8 0
3 8 0
t 185 25
m0 3 13
1 9 0
2 9 0
3 9 0
t 184 25
m0 3 13
1 8 0
2 8 0
3 8 0
t 183 25
m0 2 13
1 9 0
2 9 0
3 9 0
t 182 25
m0 3 13
1 8 0
2 8 0
3 8 0
t 181 25
m0 3 14
1 9 0
2 9 0
3 9 0
t 180 25
m0 3 13
1 8 0
2 8 0
3 8 0
t 179 25
m0 3 12
1 9 0
2 9 0
3 9 0
t 178 25
m0 2 12
1 8 0
2 8 0
3 8 0
t 177 25
m0 2 13
1 9 0
2 9 0
3 9 0
t 176 25
m0 3 13
1 8 0
2 8 0
3 8 0
t 175 25
m0 3 13
1 9 0
2 9 0
3 9 0
t 174 25
m0 3 14
1 8 0
2 8 0
3 8 0
t 173 25
m0 4 14
1 9 0
2 9 0
3 9 0
t 172 25
m0 5 14
1 8 0
2 8 0
3 8 0
t 171 25
m0 5 14
1 9 0
2 9 0
3 9 0
t 170 25
m0 5 14
1 8 0
2 8 0
3 8 0
t 169 25
m0 5 13
1 9 0
2 9 0
3 9 0
t 168 25
m0 5 12
1 8 0
2 8 0
3 8 0
t 167 25
m0 4 12
1 9 0
2 9 0
3 9 0
t 166 25
m0 5 12
1 8 0
2 8 0
3 8 0
t 165 25
m0 5 12
1 9 0
2 9 0
3 9 0
t 164 25
m0 5 11
1 8 0
2 8 0
3 8 0
t 163 25
m0 5 10
1 9 0
2 9 0
3 9 0
t 162 25
m0 4 10
1 8 0
2 8 0
3 8 0
t 161 25
m0 4 9
1 9 0
2 9 0
3 9 0
t 160 26
m0 4 10
1 8 0
2 8 0
3 8 0
t 159 26
m0 4 10
1 9 0
2 9 0
3 9 0
t 158 26
m0 4 9
1 8 0
2 8 0
3 8 0
t 157 26
m0 4 9
1 9 0
2 9 0
3 9 0
t 156 26
m0 4 9
1 8 0
2 8 0
3 8 0
t 155 26
m0 4 9
1 9 0
2 9 0
3 9 0
t 154 26
m0 4 9
1 8 0
2 8 0
3 8 0
t 153 26
m0 4 10
1 9 0
2 9 0
3 9 0
t 152 26
m0 4 9
1 8 0
2 8 0
3 8 0
t 151 26
m0 3 9
1 9 0
2 9 0
3 9 0
t 150 26
m0 3 9
1 8 0
2 8 0
3 8 0
t 149 26
m0 2 9
1 9 0
2 9 0
3 9 0
t 148 27
m0 3 9
1 8 0
2 8 0
3 8 0
t 147 27
m0 4 9
1 9 0
2 9 0
3 9 0
t 146 27
m0 4 8
1 8 0
2 8 0
3 8 0
t 145 27
m0 4 8
1 9 0
2 9 0
3 9 0
t 144 27
m0 4 8
1 8 0
2 8 0
3 8 0
t 143 27
m0 4 9
1 9 0
2 9 0
3 9 0
t 142 27
m0 4 9
1 8 0
2 8 0
3 8 0
t 141 27
m0 4 8
1 9 0
2 9 0
3 9 0
t 140 27
m0 4 8
1 8 0
2 8 0
3 8 0
t 139 27
m0 4 8
1 9 0
2 9 0
3 9 0
t 138 27
m0 4 9
1 8 0
2 8 0
3 8 0
t 137 27
m0 4 9
1 9 0
2 9 0
3 9 0
t 136 27
m0 4 9
1 8 0
2 8 0
3 8 0
t 135 27
m0 4 8
1 9 0
2 9 0
3 9 0
t 134 27
m0 4 8
1 8 0
2 8 0
3 8 0
t 133 27
m0 4 9
1 9 0
2 9 0
3 9 0
t 132 27
m0 4 10
1 8 0
2 8 0
3 8 0
t 131 27
m0 4 9
1 9 0
2 9 0
3 9 0
t 130 27
m0 4 9
1 8 0
2 8 0
3 8 0
t 129 27
m0 3 9
1 9 0
2 9 0
3 9 0
t 128 27
m0 2 9
1 8 0
2 8 0
3 8 0
t 127 27
m0 3 9
1 9 0
2 9 0
3 9 0
t 126 27
m0 3 8
1 8 0
2 8 0
3 8 0
t 125 28
m0 3 8
1 9 0
2 9 0
3 9 0
t 124 28
m0 2 8
1 8 0
2 8 0
3 8 0
t 123 29
m0 2 7
1 9 0
2 9 0
3 9 0
t 122 29
m0 2 7
1 8 0
2 8 0
3 8 0
t 121 29
m0 2 7
1 9 0
2 9 0
3 9 0
t 120 29
m0 2 6
1 8 0
2 8 0
3 8 0
t 119 30
m0 2 6
1 9 0
2 9 0
3 9 0
t 118 30
m0 2 6
1 8 0
2 8 0
3 8 0
t 117 30
m0 1 6
1 9 0
2 9 0
3 9 0
t 116 30
m0 1 5
1 8 0
2 8 0
3 8 0
t 115 30
m0 1 5
1 9 0
2 9 0
3 9 0
t 114 30
m0 1 6
1 8 0
2 8 0
3 8 0
t 113 30
m0 2 6
1 9 0
2 9 0
3 9 0
t 112 30
m0 1 6
1 8 0
2 8 0
3 8 0
t 111 30
m0 1 6
1 9 0
2 9 0
3 9 0
t 110 30
m0 2 6
1 8 0
2 8 0
3 8 0
t 109 30
m0 2 6
1 9 0
2 9 0
3 9 0
t 108 30
m0 1 6
1 8 0
2 8 0
3 8 0
t 107 30
m0 2 6
1 9 0
2 9 0
3 9 0
t 106 30
m0 1 6
1 8 0
2 8 0
3 8 0
t 105 30
m0 1 6
1 9 0
2 9 0
3 9 0
t 104 30
m0 2 6
1 8 0
2 8 0
3 8 0
t 103 30
m0 3 6
1 9 0
2 9 0
3 9 0
t 102 31
m0 3 5
1 8 0
2 8 0
3 8 0
t 101 32
m0 3 6
1 9 0
2 9 0
3 9 0
t 100 32
m0 4 6
1 8 0
2 8 0
3 8 0
t 99 32
m0 3 6
1 9 0
2 9 0
3 9 0
t 98 32
m0 4 6
1 8 0
2 8 0
3 8 0
t 97 32
m0 4 6
1 9 0
2 9 0
3 9 0
t 96 32
m0 5 6
1 8 0
2 8 0
3 8 0
t 95 32
m0 5 6
1 9 0
2 9 0
3 9 0
t 94 32
m0 5 7
1 8 0
2 8 0
3 8 0
t 93 33
m0 5 7
1 9 0
2 9 0
3 9 0
t 92 33
m0 5 7
1 8 0
2 8 0
3 8 0
t 91 33
m0 6 7
1 9 0
2 9 0
3 9 0
t 90 34
m0 5 7
1 8 0
2 8 0
3 8 0
t 89 34
m0 5 6
1 9 0
2 9 0
3 9 0
t 88 34
m0 5 6
1 8 0
2 8 0
3 8 0
t 87 34
m0 5 6
1 9 0
2 9 0
3 9 0
t 86 34
m0 5 7
1 8 0
2 8 0
3 8 0
t 85 34
m0 5 6
1 9 0
2 9 0
3 9 0
t 84 34
m0 5 7
1 8 0
2 8 0
3 8 0
t 83 34
m0 6 7
1 9 0
2 9 0
3 9 0
t 82 34
m0 6 7
1 8 0
2 8 0
3 8 0
t 81 34
m0 7 7
1 9 0
2 9 0
3 9 0
t 80 34
m0 7 7
1 8 0
2 8 0
3 8 0
t 79 34
m0 6 7
1 9 0
2 9 0
3 9 0
t 78 34
m0 5 7
1 8 0
2 8 0
3 8 0
t 77 34
m0 5 6
1 9 0
2 9 0
3 9 0
t 76 34
m0 5 6
1 8 0
2 8 0
3 8 0
t 75 34
m0 4 6
1 9 0
2 9 0
3 9 0
t 74 34
m0 4 6
1 8 0
2 8 0
3 8 0
t 73 34
m0 3 6
1 9 0
2 9 0
3 9 0
t 72 34
m0 3 6
1 8 0
2 8 0
3 8 0
t 71 34
m0 3 6
1 9 0
2 9 0
3 9 0
t 70 34
m0 4 6
1 8 0
2 8 0
3 8 0
t 69 34
m0 4 6
1 9 0
2 9 0
3 9 0
t 68 34
m0 4 6
1 8 0
2 8 0
3 8 0
t 67 34
m0 4 6
1 9 0
2 9 0
3 9 0
t 66 34
m0 4 6
1 8 0
2 8 0
3 8 0
t 65 34
m0 3 6
1 9 0
2 9 0
3 9 0
t 64 34
m0 4 6
1 8 0
2 8 0
3 8 0
t 63 34
m0 4 6
1 9 0
2 9 0
3 9 0
t 62 34
m0 3 6
1 8 0
2 8 0
3 8 0
t 61 34
m0 4 6
1 9 0
2 9 0
3 9 0
t 60 34
m0 5 6
1 8 0
2 8 0
3 8 0
t 59 34
m0 4 6
1 9 0
2 9 0
3 9 0
t 58 34
m0 3 6
1 8 0
2 8 0
3 8 0
t 57 34
m0 3 5
1 9 0
2 9 0
3 9 0
t 56 34
m0 3 5
1 8 0
2 8 0
3 8 0
t 55 34
m0 3 5
1 9 0
2 9 0
3 9 0
t 54 34
m0 3 4
1 8 0
2 8 0
3 8 0
t 53 35
m0 3 3
1 9 0
2 9 0
3 9 0
t 52 36
m0 3 2
1 8 0
2 8 0
3 8 0
t 51 37
m0 3 3
1 9 0
2 9 0
3 9 0
t 50 37
m0 4 3
1 8 0
2 8 0
3 8 0
t 49 37
m0 3 3
1 9 0
2 9 0
3 9 0
t 48 37
m0 2 3
1 8 0
2 8 0
3 8 0
t 47 37
m0 1 3
1 9 0
2 9 0
3 9 0
t 46 38
m0 2 3
1 8 0
2 8 0
3 8 0
t 45 38
m0 2 3
1 9 0
2 9 0
3 9 0
t 44 38
m0 2 3
1 8 0
2 8 0
3 8 0
t 43 38
m0 2 3
1 9 0
2 9 0
3 9 0
t 42 38
m0 3 3
1 8 0
2 8 0
3 8 0
t 41 38
m0 3 3
1 9 0
2 9 0
3 9 0
t 40 38
m0 3 4
1 8 0
2 8 0
3 8 0
t 39 38
m0 4 4
1 9 0
2 9 0
3 9 0
t 38 39
m0 3 4
1 8 0
2 8 0
3 8 0
t 37 39
m0 3 3
1 9 0
2 9 0
3 9 0
t 36 39
m0 4 3
1 8 0
2 8 0
3 8 0
t 35 39
m0 4 2
1 9 0
2 9 0
3 9 0
t 34 39
m0 3 2
1 8 0
2 8 0
3 8 0
t 33 39
m0 3 1
1 9 0
2 9 0
3 9 0
t 32 40
m0 3 2
1 8 0
2 8 0
3 8 0
t 31 40
m0 3 1
1 9 0
2 9 0
3 9 0
t 30 40
m0 3 2
1 8 0
2 8 0
3 8 0
t 29 40
m0 4 2
1 9 0
2 9 0
3 9 0
t 28 40
m0 5 2
1 8 0
2 8 0
3 8 0
t 27 40
m0 5 3
1 9 0
2 9 0
3 9 0
t 26 40
m0 5 2
1 8 0
2 8 0
3 8 0
t 25 40
m0 4 2
1 9 0
2 9 0
3 9 0
t 24 40
m0 4 2
1 8 0
2 8 0
3 8 0
t 23 40
m0 3 2
1 9 0
2 9 0
3 9 0
t 22 40
m0 3 1
1 8 0
2 8 0
3 8 0
t 21 40
m0 3 1
1 9 0
2 9 0
3 9 0
t 20 40
m0 3 0
1 9 1
2 9 1
3 9 1
t 19 40
m0 4 0
1 9 0
2 9 0
3 9 0
t 18 41
m0 3 0
1 9 1
2 9 1
3 9 1
t 17 41
m0 3 1
1 9 0
2 9 0
3 9 0
t 16 41
m0 3 0
1 9 1
2 9 1
3 9 1
t 15 41
m0 2 0
1 9 0
2 9 0
3 9 0
t 14 51
m0 2 1
1 8 0
2 8 0
3 8 0
t 13 52
m0 3 1
1 9 0
2 9 0
3 9 0
t 12 52
m0 3 0
1 9 1
2 9 1
3 9 1
t 11 52
m0 3 0
1 9 0
2 9 0
3 9 0
t 10 52
m0 3 1
1 8 0
2 8 0
3 8 0
t 9 52
m0 3 0
1 9 0
2 9 0
3 9 0
t 8 52
m0 3 1
1 8 0
2 8 0
3 8 0
t 7 52
m0 3 2
1 9 0
2 9 0
3 9 0
t 6 52
m0 3 3
1 8 0
2 8 0
3 8 0
t 5 52
m0 4 3
1 9 0
2 9 0
3 9 0
t 4 52
m0 3 3
1 8 0
2 8 0
3 8 0
t 3 52
m0 2 3
1 9 0
2 9 0
3 9 0
t 2 52
m0 2 2
1 8 0
2 8 0
3 8 0
t 1 52
m0 2 2
1 8 0
2 8 0
3 8 0
t 0 52
