10
15
w 3 0
w 2 8
w 5 6
w 5 13
w 8 9
w 1 6
w 5 1
w 2 5
w 7 2
w 5 8
w 6 7
w 4 9
w 4 4
w 8 10
w 2 2
w 0 4
w 8 6
w 1 10
w 1 1
w 3 13
w 6 11
w 1 13
w 0 12
w 7 5
w 0 5
w 4 2
w 4 11
w 7 9
w 2 7
w 9 13
w 7 0
w 1 12
w 9 2
w 5 7
w 0 6
w 1 8
w 9 12
p 4 7
p 1 3
p 8 13
p 4 8
p 7 12
p 7 7
p 4 12
p 2 12
p 9 4
p 0 10
p 1 11
p 3 14
p 4 0
p 6 14
p 9 0
p 2 9
p 8 1
p 5 12
p 6 10
p 7 6
p 2 13
p 0 11
p 7 10
p 5 0
p 3 4
p 4 1
p 4 10
p 7 14
p 5 4
p 3 2
p 9 14
p 5 11
p 8 11
p 4 14
p 2 10
p 2 3
p 1 0
p 2 14
p 0 8
p 9 6
p 3 5
p 5 3
p 8 3
p 5 10
p 6 1
p 7 13
p 2 11
p 0 13
p 3 8
p 5 14
p 6 13
p 1 7
p 0 9
p 4 3
p 5 2
p 8 4
m0 0 14
1 9 0
2 9 0
3 9 0
t 300 0
m0 0 14
1 8 0
2 8 0
3 8 0
t 299 0
m0 0 13
1 9 0
2 9 0
3 9 0
t 298 1
m0 0 13
1 8 0
2 8 0
3 8 0
t 297 1
m0 0 14
1 9 0
2 9 0
3 9 0
t 296 1
m0 1 14
1 8 0
2 8 0
3 8 0
t 295 1
m0 0 14
1 9 0
2 9 0
3 9 0
f 4 13
t 294 1
m0 0 14
1 8 0
2 8 0
3 8 0
t 293 1
m0 0 13
1 9 0
2 9 0
3 9 0
t 292 1
m0 0 13
1 8 0
2 8 0
3 8 0
t 291 1
m0 0 14
1 9 0
2 9 0
3 9 0
t 290 1
m0 0 14
1 8 0
2 8 0
3 8 0
t 289 1
m0 1 14
1 9 0
2 9 0
3 9 0
t 288 1
m0 0 14
1 8 0
2 8 0
3 8 0
t 287 1
m0 0 13
1 9 0
2 9 0
3 9 0
t 286 1
m0 0 14
1 8 0
2 8 0
3 8 0
t 285 1
m0 0 13
1 9 0
2 9 0
3 9 0
t 284 1
m0 0 14
1 8 0
2 8 0
3 8 0
t 283 1
m0 0 14
1 9 0
2 9 0
3 9 0
t 282 1
m0 1 14
1 8 0
2 8 0
3 8 0
t 281 1
m0 0 14
1 9 0
2 9 0
3 9 0
t 280 1
m0 0 14
1 8 0
2 8 0
3 8 0
t 279 1
m0 0 13
1 9 0
2 9 0
3 9 0
t 278 1
m0 0 14
1 8 0
2 8 0
3 8 0
t 277 1
m0 0 14
1 9 0
2 9 0
3 9 0
t 276 1
m0 0 14
1 8 0
2 8 0
3 8 0
t 275 1
m0 0 13
1 9 0
2 9 0
3 9 0
t 274 1
m0 0 13
1 8 0
2 8 0
3 8 0
t 273 1
m0 0 13
1 9 0
2 9 0
3 9 0
t 272 1
m0 0 13
1 8 0
2 8 0
3 8 0
t 271 1
m0 0 13
1 9 0
2 9 0
3 9 0
t 270 1
m0 0 13
1 8 0
2 8 0
3 8 0
t 269 1
m0 0 14
1 9 0
2 9 0
3 9 0
t 268 1
m0 0 13
1 8 0
2 8 0
3 8 0
t 267 1
m0 0 14
1 9 0
2 9 0
3 9 0
t 266 1
m0 0 13
1 8 0
2 8 0
3 8 0
t 265 1
m0 0 13
1 9 0
2 9 0
3 9 0
t 264 1
m0 0 14
1 8 0
2 8 0
3 8 0
t 263 1
m0 0 14
1 9 0
2 9 0
3 9 0
t 262 1
m0 0 14
1 8 0
2 8 0
3 8 0
t 261 1
m0 0 13
1 9 0
2 9 0
3 9 0
t 260 1
m0 0 14
1 8 0
2 8 0
3 8 0
t 259 1
m0 1 14
1 9 0
2 9 0
3 9 0
t 258 1
m0 1 14
1 8 0
2 8 0
3 8 0
t 257 1
m0 0 14
1 9 0
2 9 0
3 9 0
t 256 1
m0 1 14
1 8 0
2 8 0
3 8 0
t 255 1
m0 2 14
1 9 0
2 9 0
3 9 0
t 254 2
m0 2 14
1 8 0
2 8 0
3 8 0
t 253 2
m0 3 14
1 9 0
2 9 0
3 9 0
t 252 3
m0 4 14
1 8 0
2 8 0
3 8 0
t 251 4
m0 4 13
1 9 0
2 9 0
3 9 0
t 250 14
m0 4 14
1 8 0
2 8 0
3 8 0
t 249 14
m0 5 14
1 9 0
2 9 0
3 9 0
t 248 15
m0 6 14
1 8 0
2 8 0
3 8 0
t 247 16
m0 6 13
1 9 0
2 9 0
3 9 0
t 246 17
m0 7 13
1 8 0
2 8 0
3 8 0
t 245 18
m0 7 13
1 9 0
2 9 0
3 9 0
t 244 18
m0 7 12
1 8 0
2 8 0
3 8 0
t 243 19
m0 7 11
1 9 0
2 9 0
3 9 0
t 242 19
m0 7 11
1 8 0
2 8 0
3 8 0
t 241 19
m0 7 12
1 9 0
2 9 0
3 9 0
f 8 12
t 240 19
m0 8 12
1 8 0
2 8 0
3 8 0
t 239 29
m0 8 13
1 9 0
2 9 0
3 9 0
t 238 30
m0 7 13
1 8 0
2 8 0
3 8 0
t 237 30
m0 8 13
1 9 0
2 9 0
3 9 0
t 236 30
m0 8 12
1 8 0
2 8 0
3 8 0
t 235 30
m0 8 12
1 9 0
2 9 0
3 9 0
t 234 30
m0 8 13
1 8 0
2 8 0
3 8 0
t 233 30
m0 8 13
1 9 0
2 9 0
3 9 0
t 232 30
m0 8 14
1 8 0
2 8 0
3 8 0
t 231 30
m0 8 13
1 9 0
2 9 0
3 9 0
t 230 30
m0 7 13
1 8 0
2 8 0
3 8 0
t 229 30
m0 7 12
1 9 0
2 9 0
3 9 0
t 228 30
m0 7 12
1 8 0
2 8 0
3 8 0
t 227 30
m0 7 13
1 9 0
2 9 0
3 9 0
t 226 30
m0 6 13
1 8 0
2 8 0
3 8 0
t 225 30
m0 7 13
1 9 0
2 9 0
3 9 0
t 224 30
m0 7 12
1 8 0
2 8 0
3 8 0
t 223 30
m0 8 12
1 9 0
2 9 0
3 9 0
t 222 30
m0 8 12
1 8 0
2 8 0
3 8 0
t 221 30
m0 8 11
1 9 0
2 9 0
3 9 0
t 220 31
m0 9 11
1 8 0
2 8 0
3 8 0
t 219 31
m0 8 11
1 9 0
2 9 0
3 9 0
t 218 31
m0 8 11
1 8 0
2 8 0
3 8 0
t 217 31
m0 8 11
1 9 0
2 9 0
3 9 0
t 216 31
m0 8 11
1 8 0
2 8 0
3 8 0
t 215 31
m0 7 11
1 9 0
2 9 0
3 9 0
t 214 31
m0 8 11
1 8 0
2 8 0
3 8 0
t 213 31
m0 7 11
1 9 0
2 9 0
3 9 0
t 212 31
m0 7 11
1 8 0
2 8 0
3 8 0
t 211 31
m0 7 10
1 9 0
2 9 0
3 9 0
t 210 32
m0 7 10
1 8 0
2 8 0
3 8 0
t 209 32
m0 7 10
1 9 0
2 9 0
3 9 0
t 208 32
m0 7 10
1 8 0
2 8 0
3 8 0
t 207 32
m0 6 10
1 9 0
2 9 0
3 9 0
f 8 14
t 206 33
m0 5 10
1 8 0
2 8 0
3 8 0
t 205 34
m0 5 9
1 9 0
2 9 0
3 9 0
t 204 34
m0 5 10
1 8 0
2 8 0
3 8 0
t 203 34
m0 5 9
1 9 0
2 9 0
3 9 0
t 202 34
m0 5 10
1 8 0
2 8 0
3 8 0
t 201 34
m0 5 9
1 9 0
2 9 0
3 9 0
t 200 34
m0 5 9
1 8 0
2 8 0
3 8 0
t 199 34
m0 5 9
1 9 0
2 9 0
3 9 0
t 198 34
m0 5 9
1 8 0
2 8 0
3 8 0
t 197 34
m0 6 9
1 9 0
2 9 0
3 9 0
t 196 34
m0 5 9
1 8 0
2 8 0
3 8 0
t 195 34
m0 5 10
1 9 0
2 9 0
3 9 0
t 194 34
m0 5 10
1 8 0
2 8 0
3 8 0
t 193 34
m0 5 10
1 9 0
2 9 0
3 9 0
t 192 34
m0 5 11
1 8 0
2 8 0
3 8 0
t 191 35
m0 5 10
1 9 0
2 9 0
3 9 0
t 190 35
m0 4 10
1 8 0
2 8 0
3 8 0
t 189 36
m0 4 10
1 9 0
2 9 0
3 9 0
t 188 36
m0 3 10
1 8 0
2 8 0
3 8 0
t 187 36
m0 3 10
1 9 0
2 9 0
3 9 0
t 186 36
m0 3 10
1 8 0
2 8 0
3 8 0
t 185 36
m0 3 9
1 9 0
2 9 0
3 9 0
t 184 36
m0 2 9
1 8 0
2 8 0
3 8 0
t 183 37
m0 2 9
1 9 0
2 9 0
3 9 0
t 182 37
m0 2 9
1 8 0
2 8 0
3 8 0
t 181 37
m0 2 10
1 9 0
2 9 0
3 9 0
t 180 38
m0 2 10
1 8 0
2 8 0
3 8 0
t 179 38
m0 2 10
1 9 0
2 9 0
3 9 0
t 178 38
m0 2 11
1 8 0
2 8 0
3 8 0
t 177 39
m0 2 11
1 9 0
2 9 0
3 9 0
t 176 39
m0 1 11
1 8 0
2 8 0
3 8 0
t 175 40
m0 1 11
1 9 0
2 9 0
3 9 0
t 174 40
m0 0 11
1 8 0
2 8 0
3 8 0
t 173 41
m0 0 11
1 9 0
2 9 0
3 9 0
t 172 41
m0 1 11
1 8 0
2 8 0
3 8 0
t 171 41
m0 1 11
1 9 0
2 9 0
3 9 0
t 170 41
m0 0 11
1 8 0
2 8 0
3 8 0
t 169 41
m0 1 11
1 9 0
2 9 0
3 9 0
t 168 41
m0 0 11
1 8 0
2 8 0
3 8 0
t 167 41
m0 0 11
1 9 0
2 9 0
3 9 0
t 166 41
m0 0 10
1 8 0
2 8 0
3 8 0
t 165 42
m0 0 9
1 9 0
2 9 0
3 9 0
t 164 43
m0 0 8
1 8 0
2 8 0
3 8 0
t 163 44
m0 0 8
1 9 0
2 9 0
3 9 0
t 162 44
m0 0 9
1 8 0
2 8 0
3 8 0
t 161 44
m0 0 9
1 9 0
2 9 0
3 9 0
t 160 44
m0 0 8
1 8 0
2 8 0
3 8 0
t 159 44
m0 0 7
1 9 0
2 9 0
3 9 0
t 158 44
m0 0 7
1 8 0
2 8 0
3 8 0
t 157 44
m0 1 7
1 9 0
2 9 0
3 9 0
t 156 45
m0 0 7
1 8 0
2 8 0
3 8 0
t 155 45
m0 1 7
1 9 0
2 9 0
3 9 0
t 154 45
m0 0 7
1 8 0
2 8 0
3 8 0
t 153 45
m0 0 7
1 9 0
2 9 0
3 9 0
t 152 45
m0 0 8
1 8 0
2 8 0
3 8 0
t 151 45
m0 0 7
1 9 0
2 9 0
3 9 0
t 150 45
m0 0 8
1 8 0
2 8 0
3 8 0
t 149 45
m0 0 8
1 9 0
2 9 0
3 9 0
t 148 45
m0 0 8
1 8 0
2 8 0
3 8 0
t 147 45
m0 0 7
1 9 0
2 9 0
3 9 0
t 146 45
m0 0 7
1 8 0
2 8 0
3 8 0
t 145 45
m0 0 8
1 9 0
2 9 0
3 9 0
t 144 45
m0 0 7
1 8 0
2 8 0
3 8 0
t 143 45
m0 0 7
1 9 0
2 9 0
3 9 0
t 142 45
m0 0 8
1 8 0
2 8 0
3 8 0
t 141 45
m0 0 8
1 9 0
2 9 0
3 9 0
t 140 45
m0 0 7
1 8 0
2 8 0
3 8 0
t 139 45
m0 0 7
1 9 0
2 9 0
3 9 0
t 138 45
m0 0 7
1 8 0
2 8 0
3 8 0
t 137 45
m0 0 8
1 9 0
2 9 0
3 9 0
t 136 45
m0 0 9
1 8 0
2 8 0
3 8 0
t 135 45
m0 0 10
1 9 0
2 9 0
3 9 0
t 134 45
m0 0 9
1 8 0
2 8 0
3 8 0
t 133 45
m0 0 9
1 9 0
2 9 0
3 9 0
t 132 45
m0 0 10
1 8 0
2 8 0
3 8 0
t 131 45
m0 0 11
1 9 0
2 9 0
3 9 0
t 130 45
m0 0 10
1 8 0
2 8 0
3 8 0
t 129 45
m0 0 9
1 9 0
2 9 0
3 9 0
t 128 45
m0 0 10
1 8 0
2 8 0
3 8 0
t 127 45
m0 0 10
1 9 0
2 9 0
3 9 0
t 126 45
m0 0 10
1 8 0
2 8 0
3 8 0
t 125 45
m0 0 11
1 9 0
2 9 0
3 9 0
t 124 45
m0 0 11
1 8 0
2 8 0
3 8 0
t 123 45
m0 0 10
1 9 0
2 9 0
3 9 0
t 122 45
m0 0 9
1 8 0
2 8 0
3 8 0
t 121 45
m0 0 9
1 9 0
2 9 0
3 9 0
t 120 45
m0 0 9
1 8 0
2 8 0
3 8 0
t 119 45
m0 0 8
1 9 0
2 9 0
3 9 0
t 118 45
m0 0 9
1 8 0
2 8 0
3 8 0
t 117 45
m0 0 8
1 9 0
2 9 0
3 9 0
t 116 45
m0 0 8
1 8 0
2 8 0
3 8 0
t 115 45
m0 0 9
1 9 0
2 9 0
3 9 0
t 114 45
m0 0 10
1 8 0
2 8 0
3 8 0
t 113 45
m0 0 10
1 9 0
2 9 0
3 9 0
t 112 45
m0 0 9
1 8 0
2 8 0
3 8 0
t 111 45
m0 0 10
1 9 0
2 9 0
3 9 0
t 110 45
m0 0 9
1 8 0
2 8 0
3 8 0
t 109 45
m0 0 8
1 9 0
2 9 0
3 9 0
t 108 45
m0 0 9
1 8 0
2 8 0
3 8 0
t 107 45
m0 0 8
1 9 0
2 9 0
3 9 0
t 106 45
m0 0 7
1 8 0
2 8 0
3 8 0
t 105 45
m0 0 7
1 9 0
2 9 0
3 9 0
t 104 45
m0 0 7
1 8 0
2 8 0
3 8 0
t 103 45
m0 0 8
1 9 0
2 9 0
3 9 0
t 102 45
m0 0 8
1 8 0
2 8 0
3 8 0
t 101 45
m0 0 8
1 9 0
2 9 0
3 9 0
t 100 45
m0 0 8
1 8 0
2 8 0
3 8 0
t 99 45
m0 0 7
1 9 0
2 9 0
3 9 0
t 98 45
m0 0 8
1 8 0
2 8 0
3 8 0
t 97 45
m0 0 9
1 9 0
2 9 0
3 9 0
t 96 45
m0 0 9
1 8 0
2 8 0
3 8 0
t 95 45
m0 0 9
1 9 0
2 9 0
3 9 0
t 94 45
m0 0 8
1 8 0
2 8 0
3 8 0
t 93 45
m0 0 8
1 9 0
2 9 0
3 9 0
t 92 45
m0 0 9
1 8 0
2 8 0
3 8 0
t 91 45
m0 0 10
1 9 0
2 9 0
3 9 0
t 90 45
m0 0 11
1 8 0
2 8 0
3 8 0
t 89 45
m0 1 11
1 9 0
2 9 0
3 9 0
t 88 45
m0 0 11
1 8 0
2 8 0
3 8 0
t 87 45
m0 1 11
1 9 0
2 9 0
3 9 0
t 86 45
m0 2 11
1 8 0
2 8 0
3 8 0
t 85 45
m0 2 12
1 9 0
2 9 0
3 9 0
t 84 46
m0 2 12
1 8 0
2 8 0
3 8 0
t 83 46
m0 2 12
1 9 0
2 9 0
3 9 0
t 82 46
m0 3 12
1 8 0
2 8 0
3 8 0
t 81 46
m0 3 11
1 9 0
2 9 0
3 9 0
t 80 46
m0 3 11
1 8 0
2 8 0
3 8 0
t 79 46
m0 3 12
1 9 0
2 9 0
3 9 0
t 78 46
m0 3 11
1 8 0
2 8 0
3 8 0
t 77 46
m0 2 11
1 9 0
2 9 0
3 9 0
t 76 46
m0 1 11
1 8 0
2 8 0
3 8 0
t 75 46
m0 2 11
1 9 0
2 9 0
3 9 0
t 74 46
m0 2 10
1 8 0
2 8 0
3 8 0
t 73 46
m0 2 9
1 9 0
2 9 0
3 9 0
t 72 46
m0 2 10
1 8 0
2 8 0
3 8 0
t 71 46
m0 2 11
1 9 0
2 9 0
3 9 0
t 70 46
m0 3 11
1 8 0
2 8 0
3 8 0
t 69 46
m0 3 11
1 9 0
2 9 0
3 9 0
t 68 46
m0 3 12
1 8 0
2 8 0
3 8 0
t 67 46
m0 3 12
1 9 0
2 9 0
3 9 0
t 66 46
m0 3 11
1 8 0
2 8 0
3 8 0
t 65 46
m0 3 12
1 9 0
2 9 0
3 9 0
t 64 46
m0 2 12
1 8 0
2 8 0
3 8 0
t 63 46
m0 2 12
1 9 0
2 9 0
3 9 0
t 62 46
m0 2 12
1 8 0
2 8 0
3 8 0
t 61 46
m0 3 12
1 9 0
2 9 0
3 9 0
t 60 46
m0 3 11
1 8 0
2 8 0
3 8 0
t 59 46
m0 2 11
1 9 0
2 9 0
3 9 0
t 58 46
m0 3 11
1 8 0
2 8 0
3 8 0
t 57 46
m0 2 11
1 9 0
2 9 0
3 9 0
t 56 46
m0 2 11
1 8 0
2 8 0
3 8 0
t 55 46
m0 1 11
1 9 0
2 9 0
3 9 0
t 54 46
m0 0 11
1 8 0
2 8 0
3 8 0
t 53 46
m0 0 10
1 9 0
2 9 0
3 9 0
t 52 46
m0 0 10
1 8 0
2 8 0
3 8 0
t 51 46
m0 0 9
1 9 0
2 9 0
3 9 0
t 50 46
m0 0 9
1 8 0
2 8 0
3 8 0
t 49 46
m0 1 9
1 9 0
2 9 0
3 9 0
t 48 46
m0 0 9
1 8 0
2 8 0
3 8 0
t 47 46
m0 0 9
1 9 0
2 9 0
3 9 0
t 46 46
m0 1 9
1 8 0
2 8 0
3 8 0
t 45 46
m0 1 9
1 9 0
2 9 0
3 9 0
t 44 46
m0 1 9
1 8 0
2 8 0
3 8 0
t 43 46
m0 0 9
1 9 0
2 9 0
3 9 0
t 42 46
m0 0 8
1 8 0
2 8 0
3 8 0
t 41 46
m0 0 7
1 9 0
2 9 0
3 9 0
t 40 46
m0 1 7
1 8 0
2 8 0
3 8 0
t 39 46
m0 0 7
1 9 0
2 9 0
3 9 0
t 38 46
m0 1 7
1 8 0
2 8 0
3 8 0
t 37 46
m0 0 7
1 9 0
2 9 0
3 9 0
t 36 46
m0 0 8
1 8 0
2 8 0
3 8 0
t 35 46
m0 0 8
1 9 0
2 9 0
3 9 0
t 34 46
m0 0 7
1 8 0
2 8 0
3 8 0
t 33 46
m0 0 7
1 9 0
2 9 0
3 9 0
t 32 46
m0 1 7
1 8 0
2 8 0
3 8 0
t 31 46
m0 0 7
1 9 0
2 9 0
3 9 0
t 30 46
m0 0 7
1 8 0
2 8 0
3 8 0
t 29 46
m0 1 7
1 9 0
2 9 0
3 9 0
t 28 46
m0 1 7
1 8 0
2 8 0
3 8 0
t 27 46
m0 0 7
1 9 0
2 9 0
3 9 0
t 26 46
m0 0 7
1 8 0
2 8 0
3 8 0
t 25 46
m0 1 7
1 9 0
2 9 0
3 9 0
t 24 46
m0 1 7
1 8 0
2 8 0
3 8 0
t 23 46
m0 0 7
1 9 0
2 9 0
3 9 0
t 22 46
m0 0 8
1 8 0
2 8 0
3 8 0
t 21 46
m0 0 8
1 9 0
2 9 0
3 9 0
t 20 46
m0 0 9
1 8 0
2 8 0
3 8 0
t 19 46
m0 0 9
1 9 0
2 9 0
3 9 0
t 18 46
m0 0 10
1 8 0
2 8 0
3 8 0
t 17 46
m0 0 10
1 9 0
2 9 0
3 9 0
t 16 46
m0 0 11
1 8 0
2 8 0
3 8 0
t 15 46
m0 0 10
1 9 0
2 9 0
3 9 0
t 14 46
m0 0 10
1 8 0
2 8 0
3 8 0
t 13 46
m0 0 10
1 9 0
2 9 0
3 9 0
t 12 46
m0 0 11
1 8 0
2 8 0
3 8 0
t 11 46
m0 0 11
1 9 0
2 9 0
3 9 0
t 10 46
m0 0 10
1 8 0
2 8 0
3 8 0
t 9 46
m0 0 11
1 9 0
2 9 0
3 9 0
t 8 46
m0 1 11
1 8 0
2 8 0
3 8 0
t 7 46
m0 1 11
1 9 0
2 9 0
3 9 0
t 6 46
m0 0 11
1 8 0
2 8 0
3 8 0
t 5 46
m0 0 11
1 9 0
2 9 0
3 9 0
t 4 46
m0 0 10
1 8 0
2 8 0
3 8 0
t 3 46
m0 0 10
1 9 0
2 9 0
3 9 0
t 2 46
m0 0 11
1 8 0
2 8 0
3 8 0
t 1 46
m0 1 11
1 8 0
2 8 0
3 8 0
t 0 46
