10
15
w 5 9
w 4 7
w 8 13
w 9 8
w 3 11
w 2 5
w 1 11
w 2 4
w 6 7
w 8 1
w 5 12
w 6 10
w 4 4
w 3 10
w 8 10
w 6 3
w 0 11
w 0 4
w 4 1
w 2 6
w 0 0
w 8 2
w 3 13
w 1 13
w 8 7
w 1 0
w 6 5
w 7 9
w 0 1
w 6 1
w 3 1
w 0 13
w 3 8
w 5 14
w 0 6
w 4 3
w 0 2
p 7 3
p 4 8
p 3 0
p 7 12
p 8 0
p 7 7
p 5 13
p 2 1
p 8 9
p 0 7
p 0 10
p 9 4
p 3 7
p 8 5
p 7 2
p 6 14
p 8 14
p 9 0
p 4 9
p 2 9
p 7 6
p 1 14
p 4 13
p 2 13
p 9 11
p 5 0
p 2 2
p 1 1
p 9 7
p 7 14
p 5 4
p 7 1
p 8 11
p 9 3
p 6 0
p 4 14
p 0 12
p 2 10
p 7 5
p 3 9
p 1 9
p 6 12
p 2 14
p 0 8
p 4 11
p 2 7
p 9 13
p 6 8
p 4 6
p 8 12
p 9 2
p 5 7
p 9 9
p 7 4
p 6 13
p 5 2
m0 0 14
1 9 0
2 9 0
3 9 0
t 300 0
m0 1 14
1 8 0
2 9 1
3 8 0
t 299 1
m0 2 14
1 9 0
2 9 0
3 9 0
t 298 2
m0 3 14
1 8 0
2 9 1
3 8 0
t 297 2
m0 4 14
1 9 0
2 9 0
3 9 0
t 296 3
m0 4 13
1 8 0
2 9 1
3 8 0
t 295 4
m0 5 13
1 9 0
2 9 0
3 9 0
f 9 12
t 294 5
m0 6 13
1 8 0
2 9 1
3 8 0
t 293 6
m0 7 13
1 9 0
2 9 0
3 9 0
t 292 6
m0 7 12
1 8 0
2 9 1
3 8 0
t 291 7
m0 8 12
1 9 0
2 9 0
3 7 0
t 290 8
m0 9 12
1 8 0
2 8 0
3 6 0
t 289 18
m0 9 11
1 7 0
2 7 0
3 5 0
t 288 19
m0 9 10
1 6 0
2 6 0
3 4 0
t 287 19
m0 9 9
1 5 0
2 5 0
3 3 0
t 286 20
m0 8 9
1 4 0
2 4 0
3 2 0
t 285 21
m0 9 9
1 3 0
2 3 0
3 2 1
t 284 21
m0 8 9
1 2 0
2 2 0
3 1 1
t 283 21
m0 9 9
1 3 0
2 2 1
3 1 2
t 282 21
m0 8 9
1 2 0
2 1 1
3 1 1
t 281 21
m0 9 9
1 3 0
2 2 1
3 1 2
t 280 21
m0 8 9
1 2 0
2 1 1
3 1 1
t 279 21
m0 9 9
1 3 0
2 2 1
3 1 2
t 278 21
m0 8 9
1 2 0
2 1 1
3 1 1
t 277 21
m0 9 9
1 3 0
2 2 1
3 1 2
t 276 21
m0 8 9
1 2 0
2 1 1
3 1 1
t 275 21
m0 9 9
1 3 0
2 2 1
3 1 2
t 274 21
m0 8 9
1 2 0
2 1 1
3 1 1
t 273 21
m0 9 9
1 3 0
2 2 1
3 1 2
t 272 21
m0 8 9
1 2 0
2 1 1
3 1 1
t 271 21
m0 9 9
1 3 0
2 2 1
3 1 2
t 270 21
m0 8 9
1 2 0
2 1 1
3 1 1
t 269 21
m0 9 9
1 3 0
2 2 1
3 1 2
t 268 21
m0 8 9
1 2 0
2 1 1
3 1 1
t 267 21
m0 9 9
1 3 0
2 2 1
3 1 2
t 266 21
m0 8 9
1 2 0
2 1 1
3 1 1
t 265 21
m0 9 9
1 3 0
2 2 1
3 1 2
t 264 21
m0 8 9
1 2 0
2 1 1
3 1 1
t 263 21
m0 9 9
1 3 0
2 2 1
3 1 2
t 262 21
m0 8 9
1 2 0
2 1 1
3 1 1
t 261 21
m0 9 9
1 3 0
2 2 1
3 1 2
t 260 21
m0 8 9
1 2 0
2 1 1
3 1 1
t 259 21
m0 9 9
1 3 0
2 2 1
3 1 2
t 258 21
m0 8 9
1 2 0
2 1 1
3 1 1
t 257 21
m0 9 9
1 3 0
2 2 1
3 1 2
t 256 21
m0 8 9
1 2 0
2 1 1
3 1 1
t 255 21
m0 9 9
1 3 0
2 2 1
3 1 2
t 254 21
m0 8 9
1 2 0
2 1 1
3 1 1
t 253 21
m0 9 9
1 3 0
2 2 1
3 1 2
t 252 21
m0 8 9
1 2 0
2 1 1
3 1 1
t 251 21
m0 9 9
1 3 0
2 2 1
3 1 2
t 250 21
m0 8 9
1 2 0
2 1 1
3 1 1
t 249 21
m0 9 9
1 3 0
2 2 1
3 1 2
t 248 21
m0 8 9
1 2 0
2 1 1
3 1 1
t 247 21
m0 9 9
1 3 0
2 2 1
3 1 2
t 246 21
m0 8 9
1 2 0
2 1 1
3 1 1
t 245 21
m0 9 9
1 3 0
2 2 1
3 1 2
t 244 21
m0 8 9
1 2 0
2 1 1
3 1 1
t 243 21
m0 9 9
1 3 0
2 2 1
3 1 2
t 242 21
m0 8 9
1 2 0
2 1 1
3 1 1
t 241 21
m0 9 9
1 3 0
2 2 1
3 1 2
f 8 12
t 240 21
m0 8 9
1 2 0
2 1 1
3 1 1
t 239 21
m0 9 9
1 3 0
2 2 1
3 1 2
t 238 21
m0 8 9
1 2 0
2 1 1
3 1 1
t 237 21
m0 9 9
1 3 0
2 2 1
3 1 2
t 236 21
m0 8 9
1 2 0
2 1 1
3 1 1
t 235 21
m0 9 9
1 3 0
2 2 1
3 1 2
t 234 21
m0 8 9
1 2 0
2 1 1
3 1 1
t 233 21
m0 9 9
1 3 0
2 2 1
3 1 2
t 232 21
m0 8 9
1 2 0
2 1 1
3 1 1
t 231 21
m0 9 9
1 3 0
2 2 1
3 1 2
t 230 21
m0 8 9
1 2 0
2 1 1
3 1 1
t 229 21
m0 9 9
1 3 0
2 2 1
3 1 2
t 228 21
m0 8 9
1 2 0
2 1 1
3 1 1
t 227 21
m0 9 9
1 3 0
2 2 1
3 1 2
t 226 21
m0 8 9
1 2 0
2 1 1
3 1 1
t 225 21
m0 9 9
1 3 0
2 2 1
3 1 2
t 224 21
m0 8 9
1 2 0
2 1 1
3 1 1
t 223 21
m0 9 9
1 3 0
2 2 1
3 1 2
t 222 21
m0 8 9
1 2 0
2 1 1
3 1 1
t 221 21
m0 9 9
1 3 0
2 2 1
3 1 2
t 220 21
m0 8 9
1 2 0
2 1 1
3 1 1
t 219 21
m0 9 9
1 3 0
2 2 1
3 1 2
t 218 21
m0 8 9
1 2 0
2 1 1
3 1 1
t 217 21
m0 9 9
1 3 0
2 2 1
3 1 2
t 216 21
m0 8 9
1 2 0
2 1 1
3 1 1
t 215 21
m0 9 9
1 3 0
2 2 1
3 1 2
t 214 21
m0 8 9
1 2 0
2 1 1
3 1 1
t 213 21
m0 9 9
1 3 0
2 2 1
3 1 2
t 212 21
m0 8 9
1 2 0
2 1 1
3 1 1
t 211 21
m0 9 9
1 3 0
2 2 1
3 1 2
t 210 21
m0 8 9
1 2 0
2 1 1
3 1 1
t 209 21
m0 9 9
1 3 0
2 2 1
3 1 2
t 208 21
m0 8 9
1 2 0
2 1 1
3 1 1
t 207 21
m0 9 9
1 3 0
2 2 1
3 1 2
t 206 21
m0 8 9
1 2 0
2 1 1
3 1 1
t 205 21
m0 9 9
1 3 0
2 2 1
3 1 2
t 204 21
m0 8 9
1 2 0
2 1 1
3 1 1
t 203 21
m0 9 9
1 3 0
2 2 1
3 1 2
t 202 21
m0 8 9
1 2 0
2 1 1
3 1 1
t 201 21
m0 9 9
1 3 0
2 2 1
3 1 2
t 200 21
m0 8 9
1 2 0
2 1 1
3 1 1
t 199 21
m0 9 9
1 3 0
2 2 1
3 1 2
t 198 21
m0 8 9
1 2 0
2 1 1
3 1 1
t 197 21
m0 9 9
1 3 0
2 2 1
3 1 2
t 196 21
m0 8 9
1 2 0
2 1 1
3 1 1
t 195 21
m0 9 9
1 3 0
2 2 1
3 1 2
t 194 21
m0 8 9
1 2 0
2 1 1
3 1 1
t 193 21
m0 9 9
1 3 0
2 2 1
3 1 2
t 192 21
m0 8 9
1 2 0
2 1 1
3 1 1
t 191 21
m0 9 9
1 3 0
2 2 1
3 1 2
t 190 21
m0 8 9
1 2 0
2 1 1
3 1 1
t 189 21
m0 9 9
1 3 0
2 2 1
3 1 2
t 188 21
m0 8 9
1 2 0
2 1 1
3 1 1
t 187 21
m0 9 9
1 3 0
2 2 1
3 1 2
t 186 21
m0 8 9
1 2 0
2 1 1
3 1 1
t 185 21
m0 9 9
1 3 0
2 2 1
3 1 2
t 184 21
m0 8 9
1 2 0
2 1 1
3 1 1
t 183 21
m0 9 9
1 3 0
2 2 1
3 1 2
t 182 21
m0 8 9
1 2 0
2 1 1
3 1 1
t 181 21
m0 9 9
1 3 0
2 2 1
3 1 2
t 180 21
m0 8 9
1 2 0
2 1 1
3 1 1
t 179 21
m0 9 9
1 3 0
2 2 1
3 1 2
t 178 21
m0 8 9
1 2 0
2 1 1
3 1 1
t 177 21
m0 9 9
1 3 0
2 2 1
3 1 2
t 176 21
m0 8 9
1 2 0
2 1 1
3 1 1
t 175 21
m0 9 9
1 3 0
2 2 1
3 1 2
t 174 21
m0 8 9
1 2 0
2 1 1
3 1 1
t 173 21
m0 9 9
1 3 0
2 2 1
3 1 2
t 172 21
m0 8 9
1 2 0
2 1 1
3 1 1
t 171 21
m0 9 9
1 3 0
2 2 1
3 1 2
t 170 21
m0 8 9
1 2 0
2 1 1
3 1 1
t 169 21
m0 9 9
1 3 0
2 2 1
3 1 2
t 168 21
m0 8 9
1 2 0
2 1 1
3 1 1
t 167 21
m0 9 9
1 3 0
2 2 1
3 1 2
t 166 21
m0 8 9
1 2 0
2 1 1
3 1 1
t 165 21
m0 9 9
1 3 0
2 2 1
3 1 2
t 164 21
m0 8 9
1 2 0
2 1 1
3 1 1
t 163 21
m0 9 9
1 3 0
2 2 1
3 1 2
t 162 21
m0 8 9
1 2 0
2 1 1
3 1 1
t 161 21
m0 9 9
1 3 0
2 2 1
3 1 2
t 160 21
m0 8 9
1 2 0
2 1 1
3 1 1
t 159 21
m0 9 9
1 3 0
2 2 1
3 1 2
t 158 21
m0 8 9
1 2 0
2 1 1
3 1 1
t 157 21
m0 9 9
1 3 0
2 2 1
3 1 2
t 156 21
m0 8 9
1 2 0
2 1 1
3 1 1
t 155 21
m0 9 9
1 3 0
2 2 1
3 1 2
t 154 21
m0 8 9
1 2 0
2 1 1
3 1 1
t 153 21
m0 9 9
1 3 0
2 2 1
3 1 2
t 152 21
m0 8 9
1 2 0
2 1 1
3 1 1
t 151 21
m0 9 9
1 3 0
2 2 1
3 1 2
t 150 21
m0 8 9
1 2 0
2 1 1
3 1 1
t 149 21
m0 9 9
1 3 0
2 2 1
3 1 2
t 148 21
m0 8 9
1 2 0
2 1 1
3 1 1
t 147 21
m0 9 9
1 3 0
2 2 1
3 1 2
t 146 21
m0 8 9
1 2 0
2 1 1
3 1 1
t 145 21
m0 9 9
1 3 0
2 2 1
3 1 2
t 144 21
m0 8 9
1 2 0
2 1 1
3 1 1
t 143 21
m0 9 9
1 3 0
2 2 1
3 1 2
t 142 21
m0 8 9
1 2 0
2 1 1
3 1 1
t 141 21
m0 9 9
1 3 0
2 2 1
3 1 2
t 140 21
m0 8 9
1 2 0
2 1 1
3 1 1
t 139 21
m0 9 9
1 3 0
2 2 1
3 1 2
t 138 21
m0 8 9
1 2 0
2 1 1
3 1 1
t 137 21
m0 9 9
1 3 0
2 2 1
3 1 2
t 136 21
m0 8 9
1 2 0
2 1 1
3 1 1
t 135 21
m0 9 9
1 3 0
2 2 1
3 1 2
t 134 21
m0 8 9
1 2 0
2 1 1
3 1 1
t 133 21
m0 9 9
1 3 0
2 2 1
3 1 2
t 132 21
m0 8 9
1 2 0
2 1 1
3 1 1
t 131 21
m0 9 9
1 3 0
2 2 1
3 1 2
t 130 21
m0 8 9
1 2 0
2 1 1
3 1 1
t 129 21
m0 9 9
1 3 0
2 2 1
3 1 2
t 128 21
m0 8 9
1 2 0
2 1 1
3 1 1
t 127 21
m0 9 9
1 3 0
2 2 1
3 1 2
t 126 21
m0 8 9
1 2 0
2 1 1
3 1 1
t 125 21
m0 9 9
1 3 0
2 2 1
3 1 2
t 124 21
m0 8 9
1 2 0
2 1 1
3 1 1
t 123 21
m0 9 9
1 3 0
2 2 1
3 1 2
t 122 21
m0 8 9
1 2 0
2 1 1
3 1 1
t 121 21
m0 9 9
1 3 0
2 2 1
3 1 2
t 120 21
m0 8 9
1 2 0
2 1 1
3 1 1
t 119 21
m0 9 9
1 3 0
2 2 1
3 1 2
t 118 21
m0 8 9
1 2 0
2 1 1
3 1 1
t 117 21
m0 9 9
1 3 0
2 2 1
3 1 2
t 116 21
m0 8 9
1 2 0
2 1 1
3 1 1
t 115 21
m0 9 9
1 3 0
2 2 1
3 1 2
t 114 21
m0 8 9
1 2 0
2 1 1
3 1 1
t 113 21
m0 9 9
1 3 0
2 2 1
3 1 2
t 112 21
m0 8 9
1 2 0
2 1 1
3 1 1
t 111 21
m0 9 9
1 3 0
2 2 1
3 1 2
t 110 21
m0 8 9
1 2 0
2 1 1
3 1 1
t 109 21
m0 9 9
1 3 0
2 2 1
3 1 2
t 108 21
m0 8 9
1 2 0
2 1 1
3 1 1
t 107 21
m0 9 9
1 3 0
2 2 1
3 1 2
t 106 21
m0 8 9
1 2 0
2 1 1
3 1 1
t 105 21
m0 9 9
1 3 0
2 2 1
3 1 2
t 104 21
m0 8 9
1 2 0
2 1 1
3 1 1
t 103 21
m0 9 9
1 3 0
2 2 1
3 1 2
t 102 21
m0 8 9
1 2 0
2 1 1
3 1 1
t 101 21
m0 9 9
1 3 0
2 2 1
3 1 2
t 100 21
m0 8 9
1 2 0
2 1 1
3 1 1
t 99 21
m0 9 9
1 3 0
2 2 1
3 1 2
t 98 21
m0 8 9
1 2 0
2 1 1
3 1 1
t 97 21
m0 9 9
1 3 0
2 2 1
3 1 2
t 96 21
m0 8 9
1 2 0
2 1 1
3 1 1
t 95 21
m0 9 9
1 3 0
2 2 1
3 1 2
t 94 21
m0 8 9
1 2 0
2 1 1
3 1 1
t 93 21
m0 9 9
1 3 0
2 2 1
3 1 2
t 92 21
m0 8 9
1 2 0
2 1 1
3 1 1
t 91 21
m0 9 9
1 3 0
2 2 1
3 1 2
t 90 21
m0 8 9
1 2 0
2 1 1
3 1 1
t 89 21
m0 9 9
1 3 0
2 2 1
3 1 2
t 88 21
m0 8 9
1 2 0
2 1 1
3 1 1
t 87 21
m0 9 9
1 3 0
2 2 1
3 1 2
t 86 21
m0 8 9
1 2 0
2 1 1
3 1 1
t 85 21
m0 9 9
1 3 0
2 2 1
3 1 2
t 84 21
m0 8 9
1 2 0
2 1 1
3 1 1
t 83 21
m0 9 9
1 3 0
2 2 1
3 1 2
t 82 21
m0 8 9
1 2 0
2 1 1
3 1 1
t 81 21
m0 9 9
1 3 0
2 2 1
3 1 2
t 80 21
m0 8 9
1 2 0
2 1 1
3 1 1
t 79 21
m0 9 9
1 3 0
2 2 1
3 1 2
t 78 21
m0 8 9
1 2 0
2 1 1
3 1 1
t 77 21
m0 9 9
1 3 0
2 2 1
3 1 2
t 76 21
m0 8 9
1 2 0
2 1 1
3 1 1
t 75 21
m0 9 9
1 3 0
2 2 1
3 1 2
t 74 21
m0 8 9
1 2 0
2 1 1
3 1 1
t 73 21
m0 9 9
1 3 0
2 2 1
3 1 2
t 72 21
m0 8 9
1 2 0
2 1 1
3 1 1
t 71 21
m0 9 9
1 3 0
2 2 1
3 1 2
t 70 21
m0 8 9
1 2 0
2 1 1
3 1 1
t 69 21
m0 9 9
1 3 0
2 2 1
3 1 2
t 68 21
m0 8 9
1 2 0
2 1 1
3 1 1
t 67 21
m0 9 9
1 3 0
2 2 1
3 1 2
t 66 21
m0 8 9
1 2 0
2 1 1
3 1 1
t 65 21
m0 9 9
1 3 0
2 2 1
3 1 2
t 64 21
m0 8 9
1 2 0
2 1 1
3 1 1
t 63 21
m0 9 9
1 3 0
2 2 1
3 1 2
t 62 21
m0 8 9
1 2 0
2 1 1
3 1 1
t 61 21
m0 9 9
1 3 0
2 2 1
3 1 2
t 60 21
m0 8 9
1 2 0
2 1 1
3 1 1
t 59 21
m0 9 9
1 3 0
2 2 1
3 1 2
t 58 21
m0 8 9
1 2 0
2 1 1
3 1 1
t 57 21
m0 9 9
1 3 0
2 2 1
3 1 2
t 56 21
m0 8 9
1 2 0
2 1 1
3 1 1
t 55 21
m0 9 9
1 3 0
2 2 1
3 1 2
t 54 21
m0 8 9
1 2 0
2 1 1
3 1 1
t 53 21
m0 9 9
1 3 0
2 2 1
3 1 2
t 52 21
m0 8 9
1 2 0
2 1 1
3 1 1
t 51 21
m0 9 9
1 3 0
2 2 1
3 1 2
t 50 21
m0 8 9
1 2 0
2 1 1
3 1 1
t 49 21
m0 9 9
1 3 0
2 2 1
3 1 2
t 48 21
m0 8 9
1 2 0
2 1 1
3 1 1
t 47 21
m0 9 9
1 3 0
2 2 1
3 1 2
t 46 21
m0 8 9
1 2 0
2 1 1
3 1 1
t 45 21
m0 9 9
1 3 0
2 2 1
3 1 2
t 44 21
m0 8 9
1 2 0
2 1 1
3 1 1
t 43 21
m0 9 9
1 3 0
2 2 1
3 1 2
t 42 21
m0 8 9
1 2 0
2 1 1
3 1 1
t 41 21
m0 9 9
1 3 0
2 2 1
3 1 2
t 40 21
m0 8 9
1 2 0
2 1 1
3 1 1
t 39 21
m0 9 9
1 3 0
2 2 1
3 1 2
t 38 21
m0 8 9
1 2 0
2 1 1
3 1 1
t 37 21
m0 9 9
1 3 0
2 2 1
3 1 2
t 36 21
m0 8 9
1 2 0
2 1 1
3 1 1
t 35 21
m0 9 9
1 3 0
2 2 1
3 1 2
t 34 21
m0 8 9
1 2 0
2 1 1
3 1 1
t 33 21
m0 9 9
1 3 0
2 2 1
3 1 2
t 32 21
m0 8 9
1 2 0
2 1 1
3 1 1
t 31 21
m0 9 9
1 3 0
2 2 1
3 1 2
t 30 21
m0 8 9
1 2 0
2 1 1
3 1 1
t 29 21
m0 9 9
1 3 0
2 2 1
3 1 2
t 28 21
m0 8 9
1 2 0
2 1 1
3 1 1
t 27 21
m0 9 9
1 3 0
2 2 1
3 1 2
t 26 21
m0 8 9
1 2 0
2 1 1
3 1 1
t 25 21
m0 9 9
1 3 0
2 2 1
3 1 2
t 24 21
m0 8 9
1 2 0
2 1 1
3 1 1
t 23 21
m0 9 9
1 3 0
2 2 1
3 1 2
t 22 21
m0 8 9
1 2 0
2 1 1
3 1 1
t 21 21
m0 9 9
1 3 0
2 2 1
3 1 2
t 20 21
m0 8 9
1 2 0
2 1 1
3 1 1
t 19 21
m0 9 9
1 3 0
2 2 1
3 1 2
t 18 21
m0 8 9
1 2 0
2 1 1
3 1 1
t 17 21
m0 9 9
1 3 0
2 2 1
3 1 2
t 16 21
m0 8 9
1 2 0
2 1 1
3 1 1
t 15 21
m0 9 9
1 3 0
2 2 1
3 1 2
t 14 21
m0 8 9
1 2 0
2 1 1
3 1 1
t 13 21
m0 9 9
1 3 0
2 2 1
3 1 2
t 12 21
m0 8 9
1 2 0
2 1 1
3 1 1
t 11 21
m0 9 9
1 3 0
2 2 1
3 1 2
t 10 21
m0 8 9
1 2 0
2 1 1
3 1 1
t 9 21
m0 9 9
1 3 0
2 2 1
3 1 2
t 8 21
m0 8 9
1 2 0
2 1 1
3 1 1
t 7 21
m0 9 9
1 3 0
2 2 1
3 1 2
t 6 21
m0 8 9
1 2 0
2 1 1
3 1 1
t 5 21
m0 9 9
1 3 0
2 2 1
3 1 2
t 4 21
m0 8 9
1 2 0
2 1 1
3 1 1
t 3 21
m0 9 9
1 3 0
2 2 1
3 1 2
t 2 21
m0 8 9
1 2 0
2 1 1
3 1 1
t 1 21
m0 9 9
1 2 0
2 1 1
3 1 1
t 0 21
