10
15
w 8 13
w 9 1
w 2 1
w 8 9
w 1 6
w 5 1
w 3 7
w 8 5
w 6 14
w 8 14
w 6 7
w 5 5
w 3 10
w 4 13
w 2 13
w 2 2
w 1 10
w 9 7
w 9 14
w 6 11
w 8 11
w 1 4
w 6 12
w 5 3
w 0 1
w 9 13
w 3 12
w 7 0
w 9 2
w 6 1
w 3 1
w 0 13
w 3 8
w 7 4
w 1 7
w 7 8
w 2 4
p 5 9
p 4 7
p 6 9
p 3 0
p 7 12
p 9 8
p 0 10
p 9 4
p 2 12
p 7 11
p 1 11
p 7 2
p 5 8
p 1 2
p 2 9
p 8 1
p 5 12
p 4 4
p 7 6
p 1 14
p 6 3
p 5 0
p 7 10
p 4 1
p 4 10
p 5 4
p 0 0
p 7 14
p 8 2
p 3 13
p 7 1
p 1 13
p 6 0
p 9 10
p 2 3
p 1 9
p 8 7
p 4 2
p 0 8
p 9 6
p 4 11
p 6 5
p 2 7
p 7 9
p 8 3
p 5 10
p 4 6
p 5 7
p 2 11
p 2 0
p 1 8
p 0 6
p 4 3
p 9 5
p 0 2
p 8 4
m0 0 14
1 9 0
2 9 0
3 9 0
t 300 0
m0 0 14
1 8 0
2 8 0
3 8 0
t 299 0
m0 0 14
1 8 1
2 9 0
3 8 1
t 298 0
m0 0 14
1 7 1
2 8 0
3 8 2
t 297 0
m0 0 14
1 7 2
2 9 0
3 8 3
t 296 0
m0 0 14
1 6 2
2 8 0
3 8 4
t 295 0
m0 0 14
1 5 2
2 9 0
3 9 4
t 294 0
m0 0 14
1 4 2
2 8 0
3 9 5
t 293 0
m0 0 14
1 3 2
2 8 1
3 9 6
t 292 0
m0 0 14
1 3 3
2 8 0
3 8 6
t 291 0
m0 0 14
1 2 3
2 9 0
3 7 6
t 290 0
m0 0 14
1 1 3
2 8 0
3 6 6
t 289 0
m0 0 14
1 0 3
2 9 0
3 5 6
t 288 0
m0 1 14
1 0 2
2 8 0
3 5 7
t 287 1
m0 1 14
1 1 2
2 9 0
3 5 8
t 286 1
m0 1 14
1 0 2
2 8 0
3 5 9
t 285 1
m0 1 14
1 0 3
2 9 0
3 5 10
t 284 1
m0 1 14
1 1 3
2 8 0
3 5 11
t 283 1
m0 1 14
1 0 3
2 9 0
3 5 12
t 282 1
m0 1 14
1 0 4
2 8 0
3 5 13
t 281 1
m0 1 14
1 0 5
2 9 0
3 5 14
t 280 1
m0 1 13
1 1 5
2 8 0
3 5 13
t 279 2
m0 1 12
1 0 5
2 9 0
3 6 13
t 278 2
m0 1 11
1 1 5
2 8 0
3 7 13
t 277 3
m0 0 11
1 0 5
2 9 0
3 7 14
t 276 3
m0 1 11
1 0 6
2 8 0
3 7 13
t 275 3
m0 1 12
1 0 7
2 9 0
3 7 14
t 274 3
m0 2 12
1 0 6
2 8 0
3 7 13
t 273 4
m0 2 11
1 0 7
2 9 0
3 7 14
t 272 5
m0 3 11
1 0 6
2 8 0
3 7 13
t 271 5
m0 3 11
1 0 7
2 9 0
3 7 14
t 270 5
m0 3 11
1 0 6
2 8 0
3 7 13
t 269 5
m0 3 11
1 0 7
2 9 0
3 7 14
t 268 5
m0 3 11
1 0 6
2 8 0
3 7 13
t 267 5
m0 3 11
1 0 7
2 9 0
3 7 14
t 266 5
m0 3 11
1 0 6
2 8 0
3 7 13
t 265 5
m0 3 11
1 0 7
2 9 0
3 7 14
t 264 5
m0 3 11
1 0 6
2 8 0
3 7 13
t 263 5
m0 3 11
1 0 7
2 9 0
3 7 14
t 262 5
m0 3 11
1 0 6
2 8 0
3 7 13
t 261 5
m0 3 11
1 0 7
2 9 0
3 7 14
t 260 5
m0 3 11
1 0 6
2 8 0
3 7 13
t 259 5
m0 3 11
1 0 7
2 9 0
3 7 14
t 258 5
m0 3 11
1 0 6
2 8 0
3 7 13
t 257 5
m0 3 11
1 0 7
2 9 0
3 7 14
t 256 5
m0 3 11
1 0 6
2 8 0
3 7 13
t 255 5
m0 3 11
1 0 7
2 9 0
3 7 14
t 254 5
m0 3 11
1 0 6
2 8 0
3 7 13
t 253 5
m0 3 11
1 0 7
2 9 0
3 7 14
t 252 5
m0 3 11
1 0 6
2 8 0
3 7 13
t 251 5
m0 3 11
1 0 7
2 9 0
3 7 14
t 250 5
m0 3 11
1 0 6
2 8 0
3 7 13
t 249 5
m0 3 11
1 0 7
2 9 0
3 7 14
t 248 5
m0 3 11
1 0 6
2 8 0
3 7 13
t 247 5
m0 3 11
1 0 7
2 9 0
3 7 14
t 246 5
m0 4 11
1 0 6
2 8 0
3 7 13
f 0 5
t 245 6
m0 4 10
1 0 7
2 9 0
3 7 14
t 244 7
m0 5 10
1 0 6
2 8 0
3 7 13
t 243 8
m0 5 9
1 0 7
2 9 0
3 7 14
t 242 9
m0 6 9
1 0 6
2 8 0
3 7 13
t 241 10
m0 7 9
1 0 7
2 9 0
3 7 14
t 240 11
m0 7 10
1 0 6
2 8 0
3 7 13
t 239 12
m0 7 11
1 0 7
2 9 0
3 7 14
t 238 13
m0 7 12
1 0 6
2 8 0
3 7 13
t 237 14
m0 8 12
1 0 7
2 9 0
3 7 14
t 236 14
m0 9 12
1 0 6
2 8 0
3 7 13
t 235 14
m0 9 11
1 0 7
2 9 0
3 7 14
t 234 14
m0 9 10
1 0 6
2 8 0
3 7 13
t 233 15
m0 9 9
1 0 7
2 9 0
3 7 14
t 232 15
m0 9 8
1 0 6
2 8 0
3 7 13
t 231 16
m0 8 8
1 0 7
2 9 0
3 7 14
t 230 16
m0 8 7
1 0 6
2 8 0
3 7 13
t 229 17
m0 8 6
1 0 5
2 9 0
3 7 14
t 228 17
m0 7 6
1 0 6
2 8 0
3 7 13
t 227 18
m0 8 6
1 0 5
2 9 0
3 7 14
t 226 18
m0 9 6
1 0 6
2 8 0
3 7 13
t 225 19
m0 9 5
1 0 5
2 9 0
3 7 14
t 224 20
m0 9 4
1 0 6
2 8 0
3 7 13
t 223 21
m0 8 4
1 0 5
2 9 0
3 7 14
t 222 22
m0 8 3
1 0 6
2 8 0
3 7 13
t 221 23
m0 8 2
1 0 5
2 9 0
3 7 14
t 220 24
m0 7 2
1 0 6
2 8 0
3 7 13
t 219 25
m0 7 1
1 0 5
2 9 0
3 7 14
t 218 26
m0 8 1
1 0 6
2 8 0
3 7 13
t 217 27
m0 7 1
1 0 5
2 9 0
3 7 14
t 216 27
m0 7 2
1 0 6
2 8 0
3 7 13
t 215 27
m0 6 2
1 0 5
2 9 0
3 7 14
t 214 27
m0 6 3
1 0 6
2 8 0
3 7 13
t 213 28
m0 6 4
1 0 5
2 9 0
3 7 14
t 212 28
m0 5 4
1 0 6
2 8 0
3 7 13
t 211 29
m0 4 4
1 0 5
2 9 0
3 7 14
t 210 30
m0 4 3
1 0 6
2 8 0
3 7 13
t 209 31
m0 4 2
1 0 5
2 9 0
3 7 14
t 208 32
m0 4 1
1 0 6
2 8 0
3 7 13
t 207 33
m0 4 0
1 0 5
2 9 0
3 7 14
t 206 33
m0 3 0
1 0 6
2 8 0
3 7 13
t 205 34
m0 2 0
1 0 5
2 9 0
3 7 14
t 204 35
m0 1 0
1 0 6
2 8 0
3 7 13
t 203 35
m0 0 0
1 0 5
2 9 0
3 7 14
t 202 36
m0 1 0
1 0 6
2 8 0
3 7 13
t 201 36
m0 1 1
1 0 5
2 9 0
3 7 14
t 200 36
m0 1 2
1 0 6
2 8 0
3 7 13
t 199 37
m0 0 2
1 0 5
2 9 0
3 7 14
t 198 38
m0 1 2
1 0 6
2 8 0
3 7 13
t 197 38
m0 1 1
1 0 5
2 9 0
3 7 14
t 196 38
m0 1 0
1 0 6
2 8 0
3 7 13
t 195 38
m0 2 0
1 0 5
2 9 0
3 7 14
t 194 38
m0 3 0
1 0 6
2 8 0
3 7 13
t 193 38
m0 4 0
1 0 5
2 9 0
3 7 14
t 192 38
m0 5 0
1 0 6
2 8 0
3 7 13
t 191 39
m0 6 0
1 0 5
2 9 0
3 7 14
t 190 40
m0 6 0
1 0 6
2 8 0
3 7 13
t 189 40
m0 5 0
1 0 5
2 9 0
3 7 14
t 188 40
m0 4 0
1 0 6
2 8 0
3 7 13
t 187 40
m0 3 0
1 0 5
2 9 0
3 7 14
t 186 40
m0 2 0
1 0 6
2 8 0
3 7 13
t 185 40
m0 2 0
1 0 5
2 9 0
3 7 14
t 184 40
m0 2 0
1 0 6
2 8 0
3 7 13
t 183 40
m0 2 0
1 0 5
2 9 0
3 7 14
t 182 40
m0 2 0
1 0 6
2 8 0
3 7 13
t 181 40
m0 2 0
1 0 5
2 9 0
3 7 14
t 180 40
m0 2 0
1 0 6
2 8 0
3 7 13
t 179 40
m0 2 0
1 0 5
2 9 0
3 7 14
t 178 40
m0 2 0
1 0 6
2 8 0
3 7 13
t 177 40
m0 2 0
1 0 5
2 9 0
3 7 14
t 176 40
m0 2 0
1 0 6
2 8 0
3 7 13
t 175 40
m0 2 0
1 0 5
2 9 0
3 7 14
t 174 40
m0 2 0
1 0 6
2 8 0
3 7 13
t 173 40
m0 2 0
1 0 5
2 9 0
3 7 14
t 172 40
m0 2 0
1 0 6
2 8 0
3 7 13
t 171 40
m0 2 0
1 0 5
2 9 0
3 7 14
t 170 40
m0 2 0
1 0 6
2 8 0
3 7 13
t 169 40
m0 2 0
1 0 5
2 9 0
3 7 14
t 168 40
m0 2 0
1 0 6
2 8 0
3 7 13
t 167 40
m0 2 0
1 0 5
2 9 0
3 7 14
t 166 40
m0 2 0
1 0 6
2 8 0
3 7 13
t 165 40
m0 2 0
1 0 5
2 9 0
3 7 14
t 164 40
m0 2 0
1 0 6
2 8 0
3 7 13
t 163 40
m0 2 0
1 0 5
2 9 0
3 7 14
t 162 40
m0 2 0
1 0 6
2 8 0
3 7 13
t 161 40
m0 2 0
1 0 5
2 9 0
3 7 14
t 160 40
m0 2 0
1 0 6
2 8 0
3 7 13
t 159 40
m0 2 0
1 0 5
2 9 0
3 7 14
t 158 40
m0 2 0
1 0 6
2 8 0
3 7 13
t 157 40
m0 2 0
1 0 5
2 9 0
3 7 14
t 156 40
m0 2 0
1 0 6
2 8 0
3 7 13
t 155 40
m0 2 0
1 0 5
2 9 0
3 7 14
t 154 40
m0 2 0
1 0 6
2 8 0
3 7 13
t 153 40
m0 2 0
1 0 5
2 9 0
3 7 14
t 152 40
m0 2 0
1 0 6
2 8 0
3 7 13
t 151 40
m0 2 0
1 0 5
2 9 0
3 7 14
t 150 40
m0 2 0
1 0 6
2 8 0
3 7 13
t 149 40
m0 2 0
1 0 5
2 9 0
3 7 14
t 148 40
m0 2 0
1 0 6
2 8 0
3 7 13
t 147 40
m0 2 0
1 0 5
2 9 0
3 7 14
t 146 40
m0 2 0
1 0 6
2 8 0
3 7 13
t 145 40
m0 2 0
1 0 5
2 9 0
3 7 14
t 144 40
m0 2 0
1 0 6
2 8 0
3 7 13
t 143 40
m0 2 0
1 0 5
2 9 0
3 7 14
t 142 40
m0 2 0
1 0 6
2 8 0
3 7 13
t 141 40
m0 2 0
1 0 5
2 9 0
3 7 14
t 140 40
m0 2 0
1 0 6
2 8 0
3 7 13
t 139 40
m0 2 0
1 0 5
2 9 0
3 7 14
t 138 40
m0 2 0
1 0 6
2 8 0
3 7 13
t 137 40
m0 2 0
1 0 5
2 9 0
3 7 14
t 136 40
m0 2 0
1 0 6
2 8 0
3 7 13
t 135 40
m0 2 0
1 0 5
2 9 0
3 7 14
t 134 40
m0 2 0
1 0 6
2 8 0
3 7 13
t 133 40
m0 2 0
1 0 5
2 9 0
3 7 14
t 132 40
m0 2 0
1 0 6
2 8 0
3 7 13
t 131 40
m0 2 0
1 0 5
2 9 0
3 7 14
t 130 40
m0 2 0
1 0 6
2 8 0
3 7 13
t 129 40
m0 2 0
1 0 5
2 9 0
3 7 14
t 128 40
m0 2 0
1 0 6
2 8 0
3 7 13
t 127 40
m0 2 0
1 0 5
2 9 0
3 7 14
t 126 40
m0 2 0
1 0 6
2 8 0
3 7 13
t 125 40
m0 2 0
1 0 5
2 9 0
3 7 14
t 124 40
m0 2 0
1 0 6
2 8 0
3 7 13
t 123 40
m0 2 0
1 0 5
2 9 0
3 7 14
t 122 40
m0 2 0
1 0 6
2 8 0
3 7 13
t 121 40
m0 2 0
1 0 5
2 9 0
3 7 14
t 120 40
m0 2 0
1 0 6
2 8 0
3 7 13
t 119 40
m0 2 0
1 0 5
2 9 0
3 7 14
t 118 40
m0 2 0
1 0 6
2 8 0
3 7 13
t 117 40
m0 2 0
1 0 5
2 9 0
3 7 14
t 116 40
m0 2 0
1 0 6
2 8 0
3 7 13
t 115 40
m0 2 0
1 0 5
2 9 0
3 7 14
t 114 40
m0 2 0
1 0 6
2 8 0
3 7 13
t 113 40
m0 2 0
1 0 5
2 9 0
3 7 14
t 112 40
m0 2 0
1 0 6
2 8 0
3 7 13
t 111 40
m0 2 0
1 0 5
2 9 0
3 7 14
t 110 40
m0 2 0
1 0 6
2 8 0
3 7 13
t 109 40
m0 2 0
1 0 5
2 9 0
3 7 14
t 108 40
m0 2 0
1 0 6
2 8 0
3 7 13
t 107 40
m0 2 0
1 0 5
2 9 0
3 7 14
t 106 40
m0 2 0
1 0 6
2 8 0
3 7 13
t 105 40
m0 2 0
1 0 5
2 9 0
3 7 14
t 104 40
m0 2 0
1 0 6
2 8 0
3 7 13
t 103 40
m0 2 0
1 0 5
2 9 0
3 7 14
t 102 40
m0 2 0
1 0 6
2 8 0
3 7 13
t 101 40
m0 2 0
1 0 5
2 9 0
3 7 14
t 100 40
m0 2 0
1 0 6
2 8 0
3 7 13
t 99 40
m0 2 0
1 0 5
2 9 0
3 7 14
t 98 40
m0 2 0
1 0 6
2 8 0
3 7 13
t 97 40
m0 2 0
1 0 5
2 9 0
3 7 14
t 96 40
m0 2 0
1 0 6
2 8 0
3 7 13
t 95 40
m0 2 0
1 0 5
2 9 0
3 7 14
t 94 40
m0 2 0
1 0 6
2 8 0
3 7 13
t 93 40
m0 2 0
1 0 5
2 9 0
3 7 14
t 92 40
m0 2 0
1 0 6
2 8 0
3 7 13
t 91 40
m0 2 0
1 0 5
2 9 0
3 7 14
t 90 40
m0 2 0
1 0 6
2 8 0
3 7 13
t 89 40
m0 2 0
1 0 5
2 9 0
3 7 14
t 88 40
m0 2 0
1 0 6
2 8 0
3 7 13
t 87 40
m0 2 0
1 0 5
2 9 0
3 7 14
t 86 40
m0 2 0
1 0 6
2 8 0
3 7 13
t 85 40
m0 2 0
1 0 5
2 9 0
3 7 14
t 84 40
m0 2 0
1 0 6
2 8 0
3 7 13
t 83 40
m0 2 0
1 0 5
2 9 0
3 7 14
t 82 40
m0 2 0
1 0 6
2 8 0
3 7 13
t 81 40
m0 2 0
1 0 5
2 9 0
3 7 14
t 80 40
m0 2 0
1 0 6
2 8 0
3 7 13
t 79 40
m0 2 0
1 0 5
2 9 0
3 7 14
t 78 40
m0 2 0
1 0 6
2 8 0
3 7 13
t 77 40
m0 2 0
1 0 5
2 9 0
3 7 14
t 76 40
m0 2 0
1 0 6
2 8 0
3 7 13
t 75 40
m0 2 0
1 0 5
2 9 0
3 7 14
t 74 40
m0 2 0
1 0 6
2 8 0
3 7 13
t 73 40
m0 2 0
1 0 5
2 9 0
3 7 14
t 72 40
m0 2 0
1 0 6
2 8 0
3 7 13
t 71 40
m0 2 0
1 0 5
2 9 0
3 7 14
t 70 40
m0 2 0
1 0 6
2 8 0
3 7 13
t 69 40
m0 2 0
1 0 5
2 9 0
3 7 14
t 68 40
m0 2 0
1 0 6
2 8 0
3 7 13
t 67 40
m0 2 0
1 0 5
2 9 0
3 7 14
t 66 40
m0 2 0
1 0 6
2 8 0
3 7 13
t 65 40
m0 2 0
1 0 5
2 9 0
3 7 14
t 64 40
m0 2 0
1 0 6
2 8 0
3 7 13
t 63 40
m0 2 0
1 0 5
2 9 0
3 7 14
t 62 40
m0 2 0
1 0 6
2 8 0
3 7 13
t 61 40
m0 2 0
1 0 5
2 9 0
3 7 14
t 60 40
m0 2 0
1 0 6
2 8 0
3 7 13
t 59 40
m0 2 0
1 0 5
2 9 0
3 7 14
t 58 40
m0 2 0
1 0 6
2 8 0
3 7 13
t 57 40
m0 2 0
1 0 5
2 9 0
3 7 14
t 56 40
m0 2 0
1 0 6
2 8 0
3 7 13
t 55 40
m0 2 0
1 0 5
2 9 0
3 7 14
t 54 40
m0 2 0
1 0 6
2 8 0
3 7 13
t 53 40
m0 2 0
1 0 5
2 9 0
3 7 14
t 52 40
m0 2 0
1 0 6
2 8 0
3 7 13
t 51 40
m0 2 0
1 0 5
2 9 0
3 7 14
t 50 40
m0 2 0
1 0 6
2 8 0
3 7 13
t 49 40
m0 2 0
1 0 5
2 9 0
3 7 14
t 48 40
m0 2 0
1 0 6
2 8 0
3 7 13
t 47 40
m0 2 0
1 0 5
2 9 0
3 7 14
t 46 40
m0 2 0
1 0 6
2 8 0
3 7 13
t 45 40
m0 2 0
1 0 5
2 9 0
3 7 14
t 44 40
m0 2 0
1 0 6
2 8 0
3 7 13
t 43 40
m0 2 0
1 0 5
2 9 0
3 7 14
t 42 40
m0 2 0
1 0 6
2 8 0
3 7 13
t 41 40
m0 2 0
1 0 5
2 9 0
3 7 14
t 40 40
m0 2 0
1 0 6
2 8 0
3 7 13
t 39 40
m0 2 0
1 0 5
2 9 0
3 7 14
t 38 40
m0 2 0
1 0 6
2 8 0
3 7 13
t 37 40
m0 2 0
1 0 5
2 9 0
3 7 14
t 36 40
m0 2 0
1 0 6
2 8 0
3 7 13
t 35 40
m0 2 0
1 0 5
2 9 0
3 7 14
t 34 40
m0 2 0
1 0 6
2 8 0
3 7 13
t 33 40
m0 2 0
1 0 5
2 9 0
3 7 14
t 32 40
m0 2 0
1 0 6
2 8 0
3 7 13
t 31 40
m0 2 0
1 0 5
2 9 0
3 7 14
t 30 40
m0 2 0
1 0 6
2 8 0
3 7 13
t 29 40
m0 2 0
1 0 5
2 9 0
3 7 14
t 28 40
m0 2 0
1 0 6
2 8 0
3 7 13
t 27 40
m0 2 0
1 0 5
2 9 0
3 7 14
t 26 40
m0 2 0
1 0 6
2 8 0
3 7 13
t 25 40
m0 2 0
1 0 5
2 9 0
3 7 14
t 24 40
m0 2 0
1 0 6
2 8 0
3 7 13
t 23 40
m0 2 0
1 0 5
2 9 0
3 7 14
t 22 40
m0 2 0
1 0 6
2 8 0
3 7 13
t 21 40
m0 2 0
1 0 5
2 9 0
3 7 14
t 20 40
m0 2 0
1 0 6
2 8 0
3 7 13
t 19 40
m0 2 0
1 0 5
2 9 0
3 7 14
t 18 40
m0 2 0
1 0 6
2 8 0
3 7 13
t 17 40
m0 2 0
1 0 5
2 9 0
3 7 14
t 16 40
m0 2 0
1 0 6
2 8 0
3 7 13
t 15 40
m0 2 0
1 0 5
2 9 0
3 7 14
t 14 40
m0 2 0
1 0 6
2 8 0
3 7 13
t 13 40
m0 2 0
1 0 5
2 9 0
3 7 14
t 12 40
m0 2 0
1 0 6
2 8 0
3 7 13
t 11 40
m0 2 0
1 0 5
2 9 0
3 7 14
t 10 40
m0 2 0
1 0 6
2 8 0
3 7 13
t 9 40
m0 2 0
1 0 5
2 9 0
3 7 14
t 8 40
m0 2 0
1 0 6
2 8 0
3 7 13
t 7 40
m0 2 0
1 0 5
2 9 0
3 7 14
t 6 40
m0 2 0
1 0 6
2 8 0
3 7 13
t 5 40
m0 2 0
1 0 5
2 9 0
3 7 14
t 4 40
m0 2 0
1 0 6
2 8 0
3 7 13
t 3 40
m0 2 0
1 0 5
2 9 0
3 7 14
t 2 40
m0 2 0
1 0 6
2 8 0
3 7 13
t 1 40
m0 2 0
1 0 6
2 8 0
3 7 13
t 0 40
