10
15
w 8 13
w 3 0
w 5 13
w 3 11
w 9 4
w 7 11
w 5 1
w 0 3
w 3 14
w 5 8
w 5 12
w 7 6
w 0 4
w 1 1
w 6 4
w 2 6
w 0 0
w 8 2
w 8 11
w 9 3
w 5 2
w 4 14
w 1 9
w 8 7
w 4 2
w 2 14
w 6 5
w 3 5
w 0 1
w 7 9
w 7 13
w 5 7
w 3 8
w 1 7
w 9 5
w 3 4
w 0 2
p 7 3
p 5 9
p 4 7
p 6 6
p 4 8
p 9 8
p 7 7
p 0 7
p 8 9
p 6 2
p 2 12
p 3 7
p 8 5
p 6 14
p 8 14
p 9 0
p 6 7
p 5 5
p 2 9
p 4 4
p 1 14
p 8 10
p 6 3
p 1 5
p 0 11
p 9 11
p 2 13
p 5 0
p 2 2
p 4 10
p 7 14
p 5 11
p 1 13
p 6 0
p 1 4
p 2 10
p 9 10
p 3 9
p 0 5
p 7 5
p 2 3
p 6 12
p 1 0
p 9 13
p 8 3
p 7 0
p 6 8
p 5 10
p 4 6
p 3 1
p 0 13
p 9 9
p 7 4
p 1 8
p 8 8
p 4 3
m0 0 14
1 9 0
2 9 0
3 9 0
t 300 0
m0 1 14
1 8 0
2 8 0
3 8 0
t 299 1
m0 1 13
1 9 0
2 9 0
3 9 0
t 298 2
m0 2 13
1 8 0
2 8 0
3 8 0
t 297 3
m0 2 12
1 9 0
2 9 0
3 9 0
f 0 10
t 296 4
m0 2 11
1 8 0
2 8 0
3 8 0
t 295 4
m0 2 10
1 9 0
2 9 0
3 9 0
t 294 5
m0 1 10
1 8 0
2 8 0
3 8 0
t 293 5
m0 0 10
1 9 0
2 9 0
3 9 0
t 292 15
m0 1 10
1 8 0
2 8 0
3 8 0
f 9 14
t 291 15
m0 2 10
1 9 0
2 9 0
3 9 0
t 290 15
m0 3 10
1 8 0
2 8 0
3 8 0
t 289 15
m0 4 10
1 9 0
2 9 0
3 9 0
t 288 16
m0 5 10
1 8 0
2 8 0
3 8 0
t 287 17
m0 6 10
1 9 0
2 9 0
3 9 0
t 286 17
m0 7 10
1 8 0
2 8 0
3 8 0
t 285 17
m0 8 10
1 9 0
2 9 0
3 9 0
t 284 18
m0 9 10
1 8 0
2 8 0
3 8 0
t 283 19
m0 9 11
1 7 0
2 7 0
3 7 0
t 282 20
m0 9 12
1 6 0
2 6 0
3 6 0
t 281 20
m0 9 13
1 5 0
2 5 0
3 5 0
t 280 21
m0 9 14
1 4 0
2 4 0
3 4 0
t 279 31
m0 9 13
1 5 0
2 5 0
3 5 0
f 7 12
t 278 31
m0 9 12
1 4 0
2 4 0
3 4 0
t 277 31
m0 8 12
1 5 0
2 5 0
3 5 0
t 276 31
m0 7 12
1 4 0
2 4 0
3 4 0
t 275 41
m0 8 12
1 5 0
2 5 0
3 5 0
t 274 41
m0 9 12
1 4 0
2 4 0
3 4 0
t 273 41
m0 9 11
1 5 0
2 5 0
3 5 0
t 272 41
m0 9 10
1 4 0
2 4 0
3 4 0
t 271 41
m0 9 9
1 5 0
2 5 0
3 5 0
t 270 42
m0 9 8
1 4 0
2 4 0
3 4 0
t 269 43
m0 9 7
1 5 0
2 5 0
3 5 0
f 9 6
t 268 43
m0 9 6
1 4 0
2 4 0
3 4 0
t 267 53
m0 8 6
1 5 0
2 5 0
3 5 0
t 266 53
m0 9 6
1 4 0
2 4 0
3 4 0
t 265 53
m0 8 6
1 5 0
2 5 0
3 5 0
t 264 53
m0 9 6
1 4 0
2 4 0
3 4 0
t 263 53
m0 8 6
1 5 0
2 5 0
3 5 0
t 262 53
m0 9 6
1 4 0
2 4 0
3 4 0
t 261 53
m0 8 6
1 5 0
2 5 0
3 5 0
t 260 53
m0 9 6
1 4 0
2 4 0
3 4 0
t 259 53
m0 8 6
1 5 0
2 5 0
3 5 0
t 258 53
m0 9 6
1 4 0
2 4 0
3 4 0
t 257 53
m0 8 6
1 5 0
2 5 0
3 5 0
t 256 53
m0 9 6
1 4 0
2 4 0
3 4 0
t 255 53
m0 8 6
1 5 0
2 5 0
3 5 0
t 254 53
m0 9 6
1 4 0
2 4 0
3 4 0
t 253 53
m0 8 6
1 5 0
2 5 0
3 5 0
f 3 10
t 252 53
m0 8 6
1 4 0
2 4 0
3 4 0
t 251 53
m0 8 6
1 5 0
2 5 0
3 5 0
t 250 53
m0 8 6
1 4 0
2 4 0
3 4 0
t 249 53
m0 8 6
1 5 0
2 5 0
3 5 0
t 248 53
m0 8 6
1 4 0
2 4 0
3 4 0
t 247 53
m0 8 6
1 5 0
2 5 0
3 5 0
t 246 53
m0 8 6
1 4 0
2 4 0
3 4 0
t 245 53
m0 8 6
1 5 0
2 5 0
3 5 0
t 244 53
m0 8 6
1 4 0
2 4 0
3 4 0
t 243 53
m0 8 6
1 5 0
2 5 0
3 5 0
t 242 53
m0 8 6
1 4 0
2 4 0
3 4 0
t 241 53
m0 8 6
1 5 0
2 5 0
3 5 0
t 240 53
m0 8 6
1 4 0
2 4 0
3 4 0
t 239 53
m0 8 6
1 5 0
2 5 0
3 5 0
t 238 53
m0 8 6
1 4 0
2 4 0
3 4 0
t 237 53
m0 8 6
1 5 0
2 5 0
3 5 0
t 236 53
m0 8 6
1 4 0
2 4 0
3 4 0
t 235 53
m0 8 6
1 5 0
2 5 0
3 5 0
t 234 53
m0 8 6
1 4 0
2 4 0
3 4 0
t 233 53
m0 8 6
1 5 0
2 5 0
3 5 0
t 232 53
m0 8 6
1 4 0
2 4 0
3 4 0
t 231 53
m0 8 6
1 5 0
2 5 0
3 5 0
t 230 53
m0 8 6
1 4 0
2 4 0
3 4 0
t 229 53
m0 8 6
1 5 0
2 5 0
3 5 0
t 228 53
m0 8 6
1 4 0
2 4 0
3 4 0
t 227 53
m0 8 6
1 5 0
2 5 0
3 5 0
t 226 53
m0 8 6
1 4 0
2 4 0
3 4 0
t 225 53
m0 8 6
1 5 0
2 5 0
3 5 0
t 224 53
m0 8 6
1 4 0
2 4 0
3 4 0
t 223 53
m0 8 6
1 5 0
2 5 0
3 5 0
t 222 53
m0 8 6
1 4 0
2 4 0
3 4 0
t 221 53
m0 8 6
1 5 0
2 5 0
3 5 0
t 220 53
m0 8 6
1 4 0
2 4 0
3 4 0
t 219 53
m0 8 6
1 5 0
2 5 0
3 5 0
t 218 53
m0 8 6
1 4 0
2 4 0
3 4 0
t 217 53
m0 8 6
1 5 0
2 5 0
3 5 0
t 216 53
m0 8 6
1 4 0
2 4 0
3 4 0
t 215 53
m0 8 6
1 5 0
2 5 0
3 5 0
t 214 53
m0 8 6
1 4 0
2 4 0
3 4 0
t 213 53
m0 8 6
1 5 0
2 5 0
3 5 0
t 212 53
m0 8 6
1 4 0
2 4 0
3 4 0
t 211 53
m0 8 6
1 5 0
2 5 0
3 5 0
t 210 53
m0 8 6
1 4 0
2 4 0
3 4 0
t 209 53
m0 8 6
1 5 0
2 5 0
3 5 0
t 208 53
m0 8 6
1 4 0
2 4 0
3 4 0
t 207 53
m0 8 6
1 5 0
2 5 0
3 5 0
t 206 53
m0 8 6
1 4 0
2 4 0
3 4 0
t 205 53
m0 8 6
1 5 0
2 5 0
3 5 0
t 204 53
m0 8 6
1 4 0
2 4 0
3 4 0
t 203 53
m0 8 6
1 5 0
2 5 0
3 5 0
t 202 53
m0 8 6
1 4 0
2 4 0
3 4 0
t 201 53
m0 8 6
1 5 0
2 5 0
3 5 0
t 200 53
m0 8 6
1 4 0
2 4 0
3 4 0
t 199 53
m0 8 6
1 5 0
2 5 0
3 5 0
t 198 53
m0 8 6
1 4 0
2 4 0
3 4 0
t 197 53
m0 8 6
1 5 0
2 5 0
3 5 0
t 196 53
m0 8 6
1 4 0
2 4 0
3 4 0
t 195 53
m0 8 6
1 5 0
2 5 0
3 5 0
t 194 53
m0 8 6
1 4 0
2 4 0
3 4 0
t 193 53
m0 8 6
1 5 0
2 5 0
3 5 0
t 192 53
m0 8 6
1 4 0
2 4 0
3 4 0
t 191 53
m0 8 6
1 5 0
2 5 0
3 5 0
t 190 53
m0 8 6
1 4 0
2 4 0
3 4 0
t 189 53
m0 8 6
1 5 0
2 5 0
3 5 0
t 188 53
m0 8 6
1 4 0
2 4 0
3 4 0
t 187 53
m0 8 6
1 5 0
2 5 0
3 5 0
t 186 53
m0 8 6
1 4 0
2 4 0
3 4 0
t 185 53
m0 8 6
1 5 0
2 5 0
3 5 0
t 184 53
m0 8 6
1 4 0
2 4 0
3 4 0
t 183 53
m0 8 6
1 5 0
2 5 0
3 5 0
t 182 53
m0 8 6
1 4 0
2 4 0
3 4 0
t 181 53
m0 8 6
1 5 0
2 5 0
3 5 0
t 180 53
m0 8 6
1 4 0
2 4 0
3 4 0
t 179 53
m0 8 6
1 5 0
2 5 0
3 5 0
t 178 53
m0 8 6
1 4 0
2 4 0
3 4 0
t 177 53
m0 8 6
1 5 0
2 5 0
3 5 0
t 176 53
m0 8 6
1 4 0
2 4 0
3 4 0
t 175 53
m0 8 6
1 5 0
2 5 0
3 5 0
t 174 53
m0 8 6
1 4 0
2 4 0
3 4 0
t 173 53
m0 8 6
1 5 0
2 5 0
3 5 0
t 172 53
m0 8 6
1 4 0
2 4 0
3 4 0
t 171 53
m0 8 6
1 5 0
2 5 0
3 5 0
t 170 53
m0 8 6
1 4 0
2 4 0
3 4 0
t 169 53
m0 8 6
1 5 0
2 5 0
3 5 0
t 168 53
m0 8 6
1 4 0
2 4 0
3 4 0
t 167 53
m0 8 6
1 5 0
2 5 0
3 5 0
t 166 53
m0 8 6
1 4 0
2 4 0
3 4 0
t 165 53
m0 8 6
1 5 0
2 5 0
3 5 0
t 164 53
m0 8 6
1 4 0
2 4 0
3 4 0
t 163 53
m0 8 6
1 5 0
2 5 0
3 5 0
t 162 53
m0 8 6
1 4 0
2 4 0
3 4 0
t 161 53
m0 8 6
1 5 0
2 5 0
3 5 0
t 160 53
m0 8 6
1 4 0
2 4 0
3 4 0
t 159 53
m0 8 6
1 5 0
2 5 0
3 5 0
t 158 53
m0 8 6
1 4 0
2 4 0
3 4 0
t 157 53
m0 8 6
1 5 0
2 5 0
3 5 0
t 156 53
m0 8 6
1 4 0
2 4 0
3 4 0
t 155 53
m0 8 6
1 5 0
2 5 0
3 5 0
t 154 53
m0 8 6
1 4 0
2 4 0
3 4 0
t 153 53
m0 8 6
1 5 0
2 5 0
3 5 0
t 152 53
m0 8 6
1 4 0
2 4 0
3 4 0
t 151 53
m0 8 6
1 5 0
2 5 0
3 5 0
t 150 53
m0 8 6
1 4 0
2 4 0
3 4 0
t 149 53
m0 8 6
1 5 0
2 5 0
3 5 0
t 148 53
m0 8 6
1 4 0
2 4 0
3 4 0
t 147 53
m0 8 6
1 5 0
2 5 0
3 5 0
t 146 53
m0 8 6
1 4 0
2 4 0
3 4 0
t 145 53
m0 8 6
1 5 0
2 5 0
3 5 0
t 144 53
m0 8 6
1 4 0
2 4 0
3 4 0
t 143 53
m0 8 6
1 5 0
2 5 0
3 5 0
t 142 53
m0 8 6
1 4 0
2 4 0
3 4 0
t 141 53
m0 8 6
1 5 0
2 5 0
3 5 0
t 140 53
m0 8 6
1 4 0
2 4 0
3 4 0
t 139 53
m0 8 6
1 5 0
2 5 0
3 5 0
t 138 53
m0 8 6
1 4 0
2 4 0
3 4 0
t 137 53
m0 8 6
1 5 0
2 5 0
3 5 0
t 136 53
m0 8 6
1 4 0
2 4 0
3 4 0
t 135 53
m0 8 6
1 5 0
2 5 0
3 5 0
t 134 53
m0 8 6
1 4 0
2 4 0
3 4 0
t 133 53
m0 8 6
1 5 0
2 5 0
3 5 0
t 132 53
m0 8 6
1 4 0
2 4 0
3 4 0
t 131 53
m0 8 6
1 5 0
2 5 0
3 5 0
t 130 53
m0 8 6
1 4 0
2 4 0
3 4 0
t 129 53
m0 8 6
1 5 0
2 5 0
3 5 0
t 128 53
m0 8 6
1 4 0
2 4 0
3 4 0
t 127 53
m0 8 6
1 5 0
2 5 0
3 5 0
t 126 53
m0 8 6
1 4 0
2 4 0
3 4 0
t 125 53
m0 8 6
1 5 0
2 5 0
3 5 0
t 124 53
m0 8 6
1 4 0
2 4 0
3 4 0
t 123 53
m0 8 6
1 5 0
2 5 0
3 5 0
t 122 53
m0 8 6
1 4 0
2 4 0
3 4 0
t 121 53
m0 8 6
1 5 0
2 5 0
3 5 0
t 120 53
m0 8 6
1 4 0
2 4 0
3 4 0
t 119 53
m0 8 6
1 5 0
2 5 0
3 5 0
t 118 53
m0 8 6
1 4 0
2 4 0
3 4 0
t 117 53
m0 8 6
1 5 0
2 5 0
3 5 0
t 116 53
m0 8 6
1 4 0
2 4 0
3 4 0
t 115 53
m0 8 6
1 5 0
2 5 0
3 5 0
t 114 53
m0 8 6
1 4 0
2 4 0
3 4 0
t 113 53
m0 8 6
1 5 0
2 5 0
3 5 0
t 112 53
m0 8 6
1 4 0
2 4 0
3 4 0
t 111 53
m0 8 6
1 5 0
2 5 0
3 5 0
t 110 53
m0 8 6
1 4 0
2 4 0
3 4 0
t 109 53
m0 8 6
1 5 0
2 5 0
3 5 0
t 108 53
m0 8 6
1 4 0
2 4 0
3 4 0
t 107 53
m0 8 6
1 5 0
2 5 0
3 5 0
t 106 53
m0 8 6
1 4 0
2 4 0
3 4 0
t 105 53
m0 8 6
1 5 0
2 5 0
3 5 0
t 104 53
m0 8 6
1 4 0
2 4 0
3 4 0
t 103 53
m0 8 6
1 5 0
2 5 0
3 5 0
t 102 53
m0 8 6
1 4 0
2 4 0
3 4 0
t 101 53
m0 8 6
1 5 0
2 5 0
3 5 0
t 100 53
m0 8 6
1 4 0
2 4 0
3 4 0
t 99 53
m0 8 6
1 5 0
2 5 0
3 5 0
t 98 53
m0 8 6
1 4 0
2 4 0
3 4 0
t 97 53
m0 8 6
1 5 0
2 5 0
3 5 0
t 96 53
m0 8 6
1 4 0
2 4 0
3 4 0
t 95 53
m0 8 6
1 5 0
2 5 0
3 5 0
t 94 53
m0 8 6
1 4 0
2 4 0
3 4 0
t 93 53
m0 8 6
1 5 0
2 5 0
3 5 0
t 92 53
m0 8 6
1 4 0
2 4 0
3 4 0
t 91 53
m0 8 6
1 5 0
2 5 0
3 5 0
t 90 53
m0 8 6
1 4 0
2 4 0
3 4 0
t 89 53
m0 8 6
1 5 0
2 5 0
3 5 0
t 88 53
m0 8 6
1 4 0
2 4 0
3 4 0
t 87 53
m0 8 6
1 5 0
2 5 0
3 5 0
t 86 53
m0 8 6
1 4 0
2 4 0
3 4 0
t 85 53
m0 8 6
1 5 0
2 5 0
3 5 0
t 84 53
m0 8 6
1 4 0
2 4 0
3 4 0
t 83 53
m0 8 6
1 5 0
2 5 0
3 5 0
t 82 53
m0 8 6
1 4 0
2 4 0
3 4 0
t 81 53
m0 8 6
1 5 0
2 5 0
3 5 0
t 80 53
m0 8 6
1 4 0
2 4 0
3 4 0
t 79 53
m0 8 6
1 5 0
2 5 0
3 5 0
t 78 53
m0 8 6
1 4 0
2 4 0
3 4 0
t 77 53
m0 8 6
1 5 0
2 5 0
3 5 0
t 76 53
m0 8 6
1 4 0
2 4 0
3 4 0
t 75 53
m0 8 6
1 5 0
2 5 0
3 5 0
t 74 53
m0 8 6
1 4 0
2 4 0
3 4 0
t 73 53
m0 8 6
1 5 0
2 5 0
3 5 0
t 72 53
m0 8 6
1 4 0
2 4 0
3 4 0
t 71 53
m0 8 6
1 5 0
2 5 0
3 5 0
t 70 53
m0 8 6
1 4 0
2 4 0
3 4 0
t 69 53
m0 8 6
1 5 0
2 5 0
3 5 0
t 68 53
m0 8 6
1 4 0
2 4 0
3 4 0
t 67 53
m0 8 6
1 5 0
2 5 0
3 5 0
t 66 53
m0 8 6
1 4 0
2 4 0
3 4 0
t 65 53
m0 8 6
1 5 0
2 5 0
3 5 0
t 64 53
m0 8 6
1 4 0
2 4 0
3 4 0
t 63 53
m0 8 6
1 5 0
2 5 0
3 5 0
t 62 53
m0 8 6
1 4 0
2 4 0
3 4 0
t 61 53
m0 8 6
1 5 0
2 5 0
3 5 0
t 60 53
m0 8 6
1 4 0
2 4 0
3 4 0
t 59 53
m0 8 6
1 5 0
2 5 0
3 5 0
t 58 53
m0 8 6
1 4 0
2 4 0
3 4 0
t 57 53
m0 8 6
1 5 0
2 5 0
3 5 0
t 56 53
m0 8 6
1 4 0
2 4 0
3 4 0
t 55 53
m0 8 6
1 5 0
2 5 0
3 5 0
t 54 53
m0 8 6
1 4 0
2 4 0
3 4 0
t 53 53
m0 8 6
1 5 0
2 5 0
3 5 0
t 52 53
m0 8 6
1 4 0
2 4 0
3 4 0
t 51 53
m0 8 6
1 5 0
2 5 0
3 5 0
t 50 53
m0 8 6
1 4 0
2 4 0
3 4 0
t 49 53
m0 8 6
1 5 0
2 5 0
3 5 0
t 48 53
m0 8 6
1 4 0
2 4 0
3 4 0
t 47 53
m0 8 6
1 5 0
2 5 0
3 5 0
t 46 53
m0 8 6
1 4 0
2 4 0
3 4 0
t 45 53
m0 8 6
1 5 0
2 5 0
3 5 0
t 44 53
m0 8 6
1 4 0
2 4 0
3 4 0
t 43 53
m0 8 6
1 5 0
2 5 0
3 5 0
t 42 53
m0 8 6
1 4 0
2 4 0
3 4 0
t 41 53
m0 8 6
1 5 0
2 5 0
3 5 0
t 40 53
m0 8 6
1 4 0
2 4 0
3 4 0
t 39 53
m0 8 6
1 5 0
2 5 0
3 5 0
t 38 53
m0 8 6
1 4 0
2 4 0
3 4 0
t 37 53
m0 8 6
1 5 0
2 5 0
3 5 0
t 36 53
m0 8 6
1 4 0
2 4 0
3 4 0
t 35 53
m0 8 6
1 5 0
2 5 0
3 5 0
t 34 53
m0 8 6
1 4 0
2 4 0
3 4 0
t 33 53
m0 8 6
1 5 0
2 5 0
3 5 0
t 32 53
m0 8 6
1 4 0
2 4 0
3 4 0
t 31 53
m0 8 6
1 5 0
2 5 0
3 5 0
t 30 53
m0 8 6
1 4 0
2 4 0
3 4 0
t 29 53
m0 8 6
1 5 0
2 5 0
3 5 0
t 28 53
m0 8 6
1 4 0
2 4 0
3 4 0
t 27 53
m0 8 6
1 5 0
2 5 0
3 5 0
t 26 53
m0 8 6
1 4 0
2 4 0
3 4 0
t 25 53
m0 8 6
1 5 0
2 5 0
3 5 0
t 24 53
m0 8 6
1 4 0
2 4 0
3 4 0
t 23 53
m0 8 6
1 5 0
2 5 0
3 5 0
t 22 53
m0 8 6
1 4 0
2 4 0
3 4 0
t 21 53
m0 8 6
1 5 0
2 5 0
3 5 0
t 20 53
m0 8 6
1 4 0
2 4 0
3 4 0
t 19 53
m0 8 6
1 5 0
2 5 0
3 5 0
t 18 53
m0 8 6
1 4 0
2 4 0
3 4 0
t 17 53
m0 8 6
1 5 0
2 5 0
3 5 0
t 16 53
m0 8 6
1 4 0
2 4 0
3 4 0
t 15 53
m0 8 6
1 5 0
2 5 0
3 5 0
t 14 53
m0 8 6
1 4 0
2 4 0
3 4 0
t 13 53
m0 8 6
1 5 0
2 5 0
3 5 0
t 12 53
m0 8 6
1 4 0
2 4 0
3 4 0
t 11 53
m0 8 6
1 5 0
2 5 0
3 5 0
t 10 53
m0 8 6
1 4 0
2 4 0
3 4 0
t 9 53
m0 8 6
1 5 0
2 5 0
3 5 0
t 8 53
m0 8 6
1 4 0
2 4 0
3 4 0
t 7 53
m0 8 6
1 5 0
2 5 0
3 5 0
t 6 53
m0 8 6
1 4 0
2 4 0
3 4 0
t 5 53
m0 8 6
1 5 0
2 5 0
3 5 0
t 4 53
m0 8 6
1 4 0
2 4 0
3 4 0
t 3 53
m0 8 6
1 5 0
2 5 0
3 5 0
t 2 53
m0 8 6
1 4 0
2 4 0
3 4 0
t 1 53
m0 8 6
1 4 0
2 4 0
3 4 0
t 0 53
