Use the setting in the following lines to re-create this experiment

{'result_folder_name': 'formal_exp_1_offspring_150', 'plot_file_name': '', 'log_file_name': 'formal_exp_1_offspring_150_log', 'n_run': 30, 'n_eval': 2000, 'n_pacman': 1, 'n_ghost': 3, 'size_tuple': (10, 15), 'wall_density': 0.25, 'replay_file_name': '0_replay', 'time_multiplier': 2, 'pills_density': 0.5, 'fruit_spawn_probability': 0.05, 'pill_value': 1, 'fruit_score': 10, 'grow_terminal_prob': 0.5, 'over_selection_x': 0.2, 'pacman_max_tree_height': 2, 'pacman_parent_selection': 'os', 'pacman_stable_population': 5, 'pacman_offspring_population': 150, 'n_pacman_parent': 3, 'pacman_survival_selection': 'trunc', 'pacman_survival_k': 15, 'pacman_parsimony_pressure': 2, 'pacman_share_controller': True, 'ghost_max_tree_height': 2, 'ghost_parent_selection': 'os', 'ghost_stable_population': 5, 'ghost_offspring_population': 150, 'n_ghost_parent': 2, 'ghost_survival_selection': 'trunc', 'ghost_survival_k': 15, 'ghost_parsimony_pressure': 2, 'ghost_share_controller': True, 'convergence_n_eval': None, 'seed': '2018-12-04 18:48:55.602773'}

Result Log

Run 0
5	1.126530612244898	40
155	2.3559183673469395	22
305	1.1711564625850341	35
455	1.5232653061224486	21
605	1.8046258503401365	51
755	1.139591836734694	51
905	1.3491156462585037	49
1055	1.4917006802721091	61
1205	1.2272108843537413	49
1355	1.6397278911564626	53
1505	1.196734693877551	60
1655	1.1804081632653065	36
1805	1.530884353741496	48
1955	1.24843537414966	61
2105	1.5080272108843535	16

Run 1
5	0.21224489795918364	44
155	1.6854421768707488	50
305	0.7613605442176871	72
455	1.1085714285714283	43
605	0.04897959183673469	10
755	0.8157823129251701	42
905	0.3907482993197278	87
1055	0.4538775510204081	79
1205	1.1912925170068023	46
1355	0.8897959183673466	46
1505	0.2595918367346939	103
1655	0.9708843537414966	66
1805	0.518639455782313	42
1955	0.14693877551020407	10
2105	1.122721088435374	59

Run 2
5	0.0	23
155	0.39129251700680256	32
305	0.2682993197278912	59
455	0.24979591836734688	42
605	0.28897959183673466	31
755	0.1948299319727891	44
905	0.31564625850340144	33
1055	0.3363265306122449	41
1205	0.20244897959183675	31
1355	0.396734693877551	46
1505	0.23782312925170065	42
1655	0.21496598639455777	34
1805	0.29986394557823126	42
1955	0.25306122448979596	31
2105	0.3929251700680272	50

Run 3
5	0.9306122448979591	11
155	1.4595918367346938	14
305	0.7896598639455783	22
455	0.5948299319727884	12
605	0.6944217687074826	14
755	0.44789115646258515	23
905	0.6791836734693876	12
1055	0.7287074829931968	12
1205	0.6552380952380953	10
1355	0.9409523809523811	13
1505	0.7466666666666665	13
1655	0.5425850340136055	11
1805	0.6367346938775513	48
1955	0.5926530612244898	12
2105	0.4979591836734692	14

Run 4
5	1.3224489795918366	17
155	1.516734693877551	28
305	0.2089795918367347	28
455	0.11918367346938773	82
605	0.19972789115646256	34
755	0.21061224489795913	34
905	0.3259863945578231	45
1055	0.1551020408163265	23
1205	0.24544217687074824	74
1355	0.2095238095238095	52
1505	0.10122448979591836	44
1655	0.0968707482993197	52
1805	0.3548299319727891	33
1955	0.13605442176870747	42
2105	0.21496598639455783	44

Run 5
5	0.7836734693877551	48
155	1.3790476190476189	22
305	0.2639455782312925	46
455	0.2525170068027211	22
605	0.20408163265306123	36
755	0.5001360544217687	51
905	0.5295238095238096	57
1055	0.2574149659863946	49
1205	0.35972789115646253	61
1355	0.367891156462585	58
1505	0.35972789115646253	45
1655	0.36353741496598646	50
1805	0.6040816326530613	53
1955	0.26775510204081626	26
2105	0.34176870748299315	46

Run 6
5	0.4408163265306122	17
155	0.9453061224489799	61
305	0.38204081632653053	30
455	0.3434013605442176	39
605	0.43646258503401364	17
755	0.3646258503401361	21
905	0.5893877551020408	19
1055	0.4946938775510203	25
1205	0.5382312925170067	18
1355	0.5834013605442175	58
1505	0.5578231292517006	30
1655	0.7521088435374149	22
1805	0.46965986394557824	18
1955	0.3308843537414965	24
2105	0.37115646258503404	20

Run 7
5	0.0	24
155	0.3831292517006803	39
305	0.473469387755102	70
455	0.4048979591836734	87
605	0.4729251700680272	95
755	0.3314285714285714	65
905	0.6688435374149659	81
1055	0.4266666666666667	68
1205	0.40326530612244904	47
1355	0.37551020408163266	60
1505	0.5028571428571429	62
1655	0.883265306122449	62
1805	0.5453061224489794	71
1955	0.821768707482993	48
2105	0.6040816326530615	65

Run 8
5	0.7346938775510203	24
155	1.5205442176870747	54
305	0.2617687074829932	25
455	0.36680272108843537	57
605	0.18666666666666665	15
755	0.26285714285714284	55
905	0.31292517006802717	14
1055	0.12244897959183672	13
1205	0.27374149659863944	32
1355	0.22312925170068024	54
1505	0.4228571428571429	104
1655	0.25850340136054417	53
1805	0.2731972789115646	25
1955	0.21442176870748297	47
2105	0.32707482993197273	50

Run 9
5	1.1755102040816325	15
155	1.553197278911564	50
305	0.1436734693877551	49
455	0.30476190476190473	65
605	0.36136054421768704	67
755	0.816326530612245	55
905	0.803265306122449	60
1055	0.8228571428571427	54
1205	0.671020408163265	50
1355	0.6590476190476189	57
1505	0.25578231292517	59
1655	0.36244897959183675	59
1805	0.3629931972789115	44
1955	0.5306122448979591	81
2105	0.3248979591836734	105

Run 10
5	0.45714285714285713	21
155	1.079727891156462	37
305	0.5311564625850341	26
455	0.4549659863945578	24
605	0.7863945578231292	26
755	0.5627210884353742	21
905	0.35265306122448975	39
1055	0.6351020408163265	50
1205	0.6525170068027211	51
1355	0.5795918367346939	26
1505	0.43102040816326526	33
1655	0.5360544217687073	27
1805	0.5001360544217688	26
1955	0.2688435374149659	58
2105	0.9289795918367345	27

Run 11
5	0.14693877551020407	11
155	1.6691156462585035	41
305	0.21714285714285714	45
455	0.3014965986394557	60
605	0.19374149659863946	69
755	0.3129251700680271	55
905	0.3978231292517007	47
1055	0.35591836734693877	54
1205	0.38585034013605435	50
1355	0.38530612244897955	56
1505	0.3646258503401361	58
1655	0.3907482993197278	51
1805	0.4364625850340135	40
1955	0.24435374149659855	34
2105	0.19156462585034012	61

Run 12
5	0.7346938775510203	13
155	1.611972789115646	24
305	0.3248979591836734	22
455	0.4174149659863945	27
605	0.42448979591836716	20
755	0.45115646258503406	25
905	0.4174149659863946	24
1055	0.17578231292517005	22
1205	0.2536054421768707	61
1355	0.3292517006802721	25
1505	0.13931972789115646	28
1655	0.27591836734693875	21
1805	0.33850340136054413	26
1955	0.42612244897959184	18
2105	0.4054421768707482	29

Run 13
5	0.0	43
155	0.9126530612244895	43
305	0.4718367346938775	80
455	0.5164625850340134	55
605	0.7504761904761902	50
755	0.9572789115646261	51
905	0.6634013605442176	53
1055	0.8277551020408161	55
1205	0.8190476190476191	46
1355	0.7809523809523808	45
1505	1.0541496598639457	51
1655	0.31020408163265295	45
1805	0.6127891156462584	50
1955	0.6340136054421767	48
2105	0.6955102040816326	56

Run 14
5	0.0	8
155	0.563265306122449	33
305	0.2655782312925169	47
455	0.2731972789115646	32
605	0.29278911564625854	33
755	0.34612244897959177	28
905	0.24489795918367344	32
1055	0.20299319727891152	24
1205	0.43972789115646255	33
1355	0.3689795918367347	23
1505	0.5480272108843538	31
1655	0.29823129251700675	39
1805	0.49578231292517005	22
1955	0.6601360544217688	34
2105	0.2731972789115646	29

Run 15
5	2.1387755102040815	14
155	3.5238095238095246	73
305	0.28897959183673466	50
455	0.2459863945578231	44
605	0.0	0
755	0.0	0
905	0.2927891156462585	45
1055	0.0	0
1205	0.16979591836734695	33
1355	0.25197278911564636	42
1505	0.0	0
1655	0.0	0
1805	0.27374149659863944	45
1955	0.04897959183673469	10
2105	0.24979591836734688	43

Run 16
5	0.9959183673469386	13
155	0.4609523809523807	29
305	0.34666666666666657	30
455	0.12625850340136052	30
605	0.1730612244897959	44
755	0.20408163265306123	56
905	0.16598639455782313	71
1055	0.1333333333333333	56
1205	0.16925170068027212	23
1355	0.09523809523809523	27
1505	0.13714285714285712	41
1655	0.20517006802721086	21
1805	0.14639455782312924	37
1955	0.24326530612244895	29
2105	0.1507482993197279	26

Run 17
5	0.5387755102040815	26
155	0.70312925170068	50
305	0.33469387755102037	131
455	0.3602721088435374	65
605	0.3553741496598639	53
755	0.5795918367346938	50
905	0.4620408163265306	63
1055	0.33360544217687066	65
1205	0.5736054421768708	123
1355	0.2274829931972789	75
1505	0.3727891156462585	56
1655	0.45006802721088435	63
1805	0.30421768707482993	135
1955	0.4174149659863945	122
2105	0.2802721088435374	62

Run 18
5	0.4408163265306122	16
155	1.4133333333333329	59
305	0.21496598639455777	47
455	0.28843537414965986	47
605	0.3542857142857143	37
755	0.3248979591836734	49
905	0.153469387755102	17
1055	0.3531972789115645	28
1205	0.12462585034013604	59
1355	0.1409523809523809	40
1505	0.19047619047619038	23
1655	0.20190476190476184	29
1805	0.5463945578231294	85
1955	0.0	0
2105	0.2731972789115646	56

Run 19
5	0.13061224489795917	8
155	0.21714285714285714	29
305	0.4097959183673468	45
455	0.22857142857142856	12
605	0.45551020408163256	31
755	0.20897959183673465	59
905	0.21659863945578234	15
1055	0.5741496598639455	34
1205	0.2639455782312925	19
1355	0.3385034013605442	31
1505	0.16326530612244897	20
1655	0.5447619047619047	39
1805	0.47020408163265304	24
1955	0.27755102040816326	16
2105	0.28680272108843546	35

Run 20
5	0.0	12
155	0.03537414965986394	13
305	0.07238095238095238	17
455	0.12408163265306121	36
605	0.05061224489795918	12
755	0.16598639455782313	17
905	0.20897959183673467	18
1055	0.12081632653061225	23
1205	0.17034013605442172	18
1355	0.18612244897959182	39
1505	0.12462585034013604	20
1655	0.16380952380952377	18
1805	0.08653061224489794	20
1955	0.37659863945578226	38
2105	0.014693877551020407	24

Run 21
5	0.4408163265306122	21
155	0.3831292517006803	16
305	0.23564625850340135	14
455	0.21877551020408167	15
605	0.2829931972789115	35
755	0.49142857142857127	41
905	0.47564625850340114	45
1055	0.3493877551020406	41
1205	0.33795918367346933	43
1355	0.5093877551020406	45
1505	0.23183673469387756	24
1655	0.4751020408163264	31
1805	0.3940136054421768	30
1955	0.4179591836734693	39
2105	0.4206802721088435	36

Run 22
5	0.09795918367346938	31
155	0.5170068027210883	50
305	0.5028571428571429	44
455	0.6623129251700681	56
605	0.9638095238095237	32
755	0.8848979591836733	35
905	0.8021768707482994	17
1055	0.47020408163265304	37
1205	0.6655782312925169	36
1355	0.45986394557823124	11
1505	0.9523809523809524	49
1655	1.0291156462585036	51
1805	0.7368707482993194	22
1955	0.6808163265306123	45
2105	1.0448979591836733	31

Run 23
5	0.14693877551020407	17
155	0.39455782312925175	29
305	0.3374149659863946	19
455	0.45823129251700684	37
605	0.6236734693877553	21
755	0.40598639455782326	19
905	0.6378231292517009	38
1055	0.5458503401360544	49
1205	0.553469387755102	42
1355	0.42013605442176877	41
1505	0.4337414965986395	29
1655	0.45768707482993193	38
1805	0.6008163265306123	20
1955	0.6917006802721086	52
2105	0.3472108843537415	12

Run 24
5	3.510204081632653	47
155	1.9711564625850337	61
305	0.27537414965986384	68
455	1.0601360544217684	75
605	0.2682993197278912	54
755	0.17904761904761904	63
905	1.2370068027210879	49
1055	0.08816326530612244	58
1205	1.0438095238095237	58
1355	0.3842176870748299	75
1505	0.16435374149659865	85
1655	0.8500680272108845	129
1805	0.15455782312925168	76
1955	0.2503401360544217	81
2105	1.1804081632653063	68

Run 25
5	0.0	20
155	0.41414965986394553	57
305	0.3297959183673469	50
455	0.41469387755102033	65
605	0.42993197278911555	68
755	0.20299319727891155	55
905	0.30312925170068034	47
1055	0.14149659863945577	53
1205	0.39673469387755095	48
1355	0.4805442176870747	65
1505	0.27700680272108846	64
1655	0.316734693877551	58
1805	0.23510204081632652	59
1955	0.4087074829931973	50
2105	0.28625850340136044	47

Run 26
5	0.0	30
155	0.1953741496598639	28
305	0.23619047619047612	62
455	0.5044897959183674	50
605	0.12789115646258503	29
755	0.2873469387755101	45
905	0.8174149659863946	71
1055	0.3178231292517006	49
1205	0.2987755102040816	65
1355	0.33741496598639453	54
1505	0.17034013605442178	68
1655	0.6965986394557823	55
1805	0.1986394557823129	52
1955	0.3907482993197278	55
2105	0.489795918367347	53

Run 27
5	0.0	17
155	0.4440816326530612	61
305	0.38748299319727886	78
455	0.4658503401360544	98
605	0.23945578231292516	53
755	0.5001360544217686	105
905	0.2949659863945578	60
1055	0.26557823129251695	64
1205	0.3842176870748299	82
1355	0.294421768707483	57
1505	0.25578231292517	71
1655	0.13877551020408163	57
1805	0.45931972789115644	69
1955	0.5355102040816326	67
2105	0.44462585034013596	86

Run 28
5	0.09795918367346938	37
155	0.4821768707482993	35
305	0.24054421768707485	52
455	0.32108843537414966	54
605	0.2002721088435374	52
755	0.30965986394557826	58
905	0.08979591836734692	56
1055	0.13768707482993195	17
1205	0.1202721088435374	63
1355	0.3450340136054421	51
1505	0.16870748299319727	28
1655	0.16163265306122448	28
1805	0.2519727891156462	43
1955	0.06857142857142856	27
2105	0.13278911564625848	18

Run 29
5	2.644897959183673	13
155	1.0840816326530613	40
305	0.11972789115646258	20
455	0.1240816326530612	13
605	0.1398639455782313	33
755	0.18068027210884352	51
905	0.07346938775510205	21
1055	0.17142857142857137	12
1205	0.09306122448979591	26
1355	0.12462585034013603	17
1505	0.09414965986394556	21
1655	0.23020408163265307	17
1805	0.09687074829931971	25
1955	0.07510204081632652	10
2105	0.15999999999999998	15
