10
15
w 6 6
w 5 6
w 2 8
w 9 8
w 4 8
w 4 12
w 5 1
w 0 3
w 1 11
w 6 3
w 2 13
w 3 6
w 7 10
w 8 6
w 4 1
w 9 7
w 6 4
w 3 2
w 3 13
w 9 10
w 8 7
w 6 12
w 0 8
w 9 6
w 9 13
w 7 0
w 6 8
w 9 2
w 2 11
w 9 9
w 3 8
w 2 0
w 7 4
w 8 8
w 6 13
w 2 4
w 9 12
p 5 9
p 4 7
p 6 9
p 8 13
p 9 1
p 3 0
p 7 12
p 7 7
p 8 9
p 9 4
p 8 5
p 5 8
p 4 0
p 1 2
p 7 2
p 9 0
p 3 14
p 6 14
p 2 9
p 3 10
p 1 14
p 0 11
p 5 0
p 7 14
p 0 0
p 8 2
p 7 1
p 6 11
p 1 13
p 4 5
p 9 3
p 6 0
p 1 4
p 2 10
p 4 14
p 7 5
p 2 3
p 1 9
p 1 0
p 4 11
p 7 9
p 5 3
p 3 5
p 6 5
p 3 12
p 4 6
p 1 12
p 5 7
p 7 13
p 0 13
p 1 8
p 4 3
p 1 7
p 9 5
p 7 8
p 0 2
m0 0 14
1 9 0
2 9 0
3 9 0
t 300 0
m0 0 14
1 8 0
2 9 1
3 8 0
t 299 0
m0 1 14
1 9 0
2 8 1
3 9 0
t 298 1
m0 1 14
1 8 0
2 7 1
3 9 1
t 297 1
m0 1 14
1 9 0
2 6 1
3 8 1
t 296 1
m0 1 14
1 8 0
2 6 2
3 9 1
t 295 1
m0 0 14
1 9 0
2 5 2
3 8 1
t 294 1
m0 0 13
1 8 0
2 4 2
3 9 1
t 293 2
m0 0 13
1 9 0
2 4 3
3 8 1
t 292 2
m0 1 13
1 8 0
2 3 3
3 9 1
t 291 3
m0 1 13
1 9 0
2 4 3
3 8 1
t 290 3
m0 1 12
1 8 0
2 3 3
3 9 1
t 289 4
m0 2 12
1 9 0
2 4 3
3 8 1
t 288 4
m0 2 12
1 8 0
2 5 3
3 9 1
t 287 4
m0 1 12
1 9 0
2 4 3
3 8 1
t 286 4
m0 2 12
1 8 0
2 5 3
3 9 1
t 285 4
m0 3 12
1 9 0
2 5 2
3 8 1
t 284 5
m0 3 11
1 8 0
2 4 2
3 9 1
t 283 5
m0 3 11
1 9 0
2 5 2
3 8 1
t 282 5
m0 3 10
1 8 0
2 4 2
3 9 1
t 281 6
m0 3 10
1 9 0
2 5 2
3 8 1
t 280 6
m0 3 9
1 8 0
2 4 2
3 9 1
t 279 6
m0 4 9
1 9 0
2 5 2
3 8 1
t 278 6
m0 3 9
1 8 0
2 4 2
3 9 1
t 277 6
m0 4 9
1 9 0
2 5 2
3 8 1
t 276 6
m0 4 9
1 8 0
2 4 2
3 9 1
t 275 6
m0 5 9
1 9 0
2 4 3
3 8 1
f 5 14
t 274 7
m0 5 10
1 8 0
2 3 3
3 9 1
t 273 7
m0 6 10
1 9 0
2 2 3
3 8 1
t 272 7
m0 6 10
1 8 0
2 1 3
3 9 1
t 271 7
m0 6 11
1 9 0
2 1 2
3 8 1
t 270 8
m0 5 11
1 8 0
2 0 2
3 9 1
t 269 8
m0 5 12
1 9 0
2 0 1
3 8 1
t 268 8
m0 5 13
1 8 0
2 0 0
3 9 1
t 267 8
m0 5 14
1 9 0
2 0 1
3 8 1
t 266 18
m0 6 14
1 8 0
2 0 0
3 9 1
t 265 19
m0 6 14
1 9 0
2 0 1
3 8 1
t 264 19
m0 6 14
1 8 0
2 0 0
3 9 1
t 263 19
m0 5 14
1 9 0
2 0 1
3 8 1
t 262 19
m0 5 14
1 8 0
2 0 0
3 9 1
t 261 19
m0 5 13
1 9 0
2 0 1
3 8 1
t 260 19
m0 4 13
1 8 0
2 0 0
3 9 1
t 259 19
m0 4 14
1 9 0
2 0 1
3 8 1
t 258 20
m0 3 14
1 8 0
2 0 0
3 9 1
t 257 21
m0 2 14
1 9 0
2 0 1
3 8 1
t 256 21
m0 2 14
1 8 0
2 0 0
3 9 1
t 255 21
m0 2 14
1 9 0
2 0 1
3 8 1
t 254 21
m0 1 14
1 8 0
2 0 0
3 9 1
t 253 21
m0 2 14
1 9 0
2 0 1
3 8 1
t 252 21
m0 3 14
1 8 0
2 0 0
3 9 1
t 251 21
m0 3 14
1 9 0
2 0 1
3 8 1
t 250 21
m0 4 14
1 8 0
2 0 0
3 9 1
t 249 21
m0 4 14
1 9 0
2 0 1
3 8 1
f 1 5
t 248 21
m0 4 14
1 8 0
2 0 0
3 9 1
t 247 21
m0 3 14
1 9 0
2 0 1
3 8 1
t 246 21
m0 2 14
1 8 0
2 0 0
3 9 1
t 245 21
m0 1 14
1 9 0
2 0 1
3 8 1
t 244 21
m0 1 13
1 8 0
2 0 0
3 9 1
t 243 21
m0 1 13
1 9 0
2 0 1
3 8 1
t 242 21
m0 1 12
1 8 0
2 0 0
3 9 1
t 241 21
m0 1 13
1 9 0
2 0 1
3 8 1
t 240 21
m0 1 13
1 8 0
2 0 0
3 9 1
t 239 21
m0 1 14
1 9 0
2 0 1
3 8 1
t 238 21
m0 1 14
1 8 0
2 0 0
3 9 1
t 237 21
m0 1 13
1 9 0
2 0 1
3 8 1
t 236 21
m0 1 12
1 8 0
2 0 0
3 9 1
t 235 21
m0 2 12
1 9 0
2 0 1
3 8 1
t 234 21
m0 3 12
1 8 0
2 0 0
3 9 1
t 233 21
m0 2 12
1 9 0
2 0 1
3 8 1
t 232 21
m0 1 12
1 8 0
2 0 0
3 9 1
t 231 21
m0 1 12
1 9 0
2 0 1
3 8 1
t 230 21
m0 1 13
1 8 0
2 0 0
3 9 1
t 229 21
m0 1 14
1 9 0
2 0 1
3 8 1
t 228 21
m0 1 13
1 8 0
2 0 0
3 9 1
t 227 21
m0 1 12
1 9 0
2 0 1
3 8 1
t 226 21
m0 1 13
1 8 0
2 0 0
3 9 1
t 225 21
m0 1 13
1 9 0
2 0 1
3 8 1
t 224 21
m0 1 13
1 8 0
2 0 0
3 9 1
t 223 21
m0 1 14
1 9 0
2 0 1
3 8 1
t 222 21
m0 1 14
1 8 0
2 0 0
3 9 1
t 221 21
m0 1 14
1 9 0
2 0 1
3 8 1
t 220 21
m0 1 14
1 8 0
2 0 0
3 9 1
t 219 21
m0 0 14
1 9 0
2 1 0
3 8 1
t 218 21
m0 0 14
1 8 0
2 0 0
3 9 1
t 217 21
m0 0 14
1 9 0
2 1 0
3 8 1
t 216 21
m0 0 13
1 8 0
2 0 0
3 9 1
t 215 21
m0 0 13
1 9 0
2 1 0
3 8 1
t 214 21
m0 0 13
1 8 0
2 0 0
3 9 1
t 213 21
m0 1 13
1 9 0
2 0 1
3 8 1
t 212 21
m0 1 14
1 8 0
2 0 0
3 9 1
t 211 21
m0 1 13
1 9 0
2 0 1
3 8 1
t 210 21
m0 1 12
1 8 0
2 0 0
3 9 1
t 209 21
m0 1 12
1 9 0
2 0 1
3 8 1
t 208 21
m0 1 12
1 8 0
2 0 0
3 9 1
t 207 21
m0 1 13
1 9 0
2 0 1
3 8 1
t 206 21
m0 1 12
1 8 0
2 0 0
3 9 1
t 205 21
m0 1 13
1 9 0
2 0 1
3 8 1
t 204 21
m0 1 13
1 8 0
2 0 0
3 9 1
t 203 21
m0 1 13
1 9 0
2 0 1
3 8 1
t 202 21
m0 1 13
1 8 0
2 0 0
3 9 1
t 201 21
m0 1 14
1 9 0
2 0 1
3 8 1
t 200 21
m0 2 14
1 8 0
2 0 0
3 9 1
t 199 21
m0 3 14
1 9 0
2 0 1
3 8 1
t 198 21
m0 2 14
1 8 0
2 0 0
3 9 1
t 197 21
m0 2 14
1 9 0
2 0 1
3 8 1
t 196 21
m0 1 14
1 8 0
2 0 0
3 9 1
t 195 21
m0 2 14
1 9 0
2 0 1
3 8 1
t 194 21
m0 2 14
1 8 0
2 0 0
3 9 1
t 193 21
m0 1 14
1 9 0
2 0 1
3 8 1
t 192 21
m0 1 14
1 8 0
2 0 0
3 9 1
t 191 21
m0 1 13
1 9 0
2 0 1
3 8 1
t 190 21
m0 1 12
1 8 0
2 0 0
3 9 1
t 189 21
m0 1 12
1 9 0
2 0 1
3 8 1
t 188 21
m0 1 13
1 8 0
2 0 0
3 9 1
t 187 21
m0 1 12
1 9 0
2 0 1
3 8 1
t 186 21
m0 2 12
1 8 0
2 0 0
3 9 1
t 185 21
m0 1 12
1 9 0
2 0 1
3 8 1
t 184 21
m0 2 12
1 8 0
2 0 0
3 9 1
t 183 21
m0 3 12
1 9 0
2 0 1
3 8 1
t 182 21
m0 2 12
1 8 0
2 0 0
3 9 1
t 181 21
m0 2 12
1 9 0
2 0 1
3 8 1
t 180 21
m0 1 12
1 8 0
2 0 0
3 9 1
t 179 21
m0 1 13
1 9 0
2 0 1
3 8 1
t 178 21
m0 1 12
1 8 0
2 0 0
3 9 1
t 177 21
m0 1 12
1 9 0
2 0 1
3 8 1
t 176 21
m0 1 13
1 8 0
2 0 0
3 9 1
t 175 21
m0 1 13
1 9 0
2 0 1
3 8 1
t 174 21
m0 1 14
1 8 0
2 0 0
3 9 1
t 173 21
m0 1 13
1 9 0
2 0 1
3 8 1
t 172 21
m0 1 13
1 8 0
2 0 0
3 9 1
t 171 21
m0 1 12
1 9 0
2 0 1
3 8 1
t 170 21
m0 1 13
1 8 0
2 0 0
3 9 1
t 169 21
m0 1 14
1 9 0
2 0 1
3 8 1
t 168 21
m0 1 13
1 8 0
2 0 0
3 9 1
t 167 21
m0 1 12
1 9 0
2 0 1
3 8 1
t 166 21
m0 2 12
1 8 0
2 0 0
3 9 1
t 165 21
m0 2 12
1 9 0
2 0 1
3 8 1
t 164 21
m0 2 12
1 8 0
2 0 0
3 9 1
t 163 21
m0 1 12
1 9 0
2 0 1
3 8 1
t 162 21
m0 2 12
1 8 0
2 0 0
3 9 1
t 161 21
m0 1 12
1 9 0
2 0 1
3 8 1
t 160 21
m0 1 12
1 8 0
2 0 0
3 9 1
t 159 21
m0 1 13
1 9 0
2 0 1
3 8 1
t 158 21
m0 1 13
1 8 0
2 0 0
3 9 1
t 157 21
m0 1 13
1 9 0
2 0 1
3 8 1
t 156 21
m0 1 12
1 8 0
2 0 0
3 9 1
t 155 21
m0 2 12
1 9 0
2 0 1
3 8 1
t 154 21
m0 2 12
1 8 0
2 0 0
3 9 1
t 153 21
m0 2 12
1 9 0
2 0 1
3 8 1
t 152 21
m0 2 12
1 8 0
2 0 0
3 9 1
t 151 21
m0 1 12
1 9 0
2 0 1
3 8 1
t 150 21
m0 1 13
1 8 0
2 0 0
3 9 1
t 149 21
m0 1 14
1 9 0
2 0 1
3 8 1
t 148 21
m0 0 14
1 8 0
2 0 0
3 9 1
t 147 21
m0 1 14
1 9 0
2 0 1
3 8 1
t 146 21
m0 1 14
1 8 0
2 0 0
3 9 1
t 145 21
m0 1 14
1 9 0
2 0 1
3 8 1
t 144 21
m0 1 13
1 8 0
2 0 0
3 9 1
t 143 21
m0 1 13
1 9 0
2 0 1
3 8 1
t 142 21
m0 1 12
1 8 0
2 0 0
3 9 1
t 141 21
m0 1 13
1 9 0
2 0 1
3 8 1
t 140 21
m0 1 14
1 8 0
2 0 0
3 9 1
t 139 21
m0 2 14
1 9 0
2 0 1
3 8 1
t 138 21
m0 3 14
1 8 0
2 0 0
3 9 1
t 137 21
m0 3 14
1 9 0
2 0 1
3 8 1
t 136 21
m0 4 14
1 8 0
2 0 0
3 9 1
t 135 21
m0 4 13
1 9 0
2 0 1
3 8 1
t 134 21
m0 4 13
1 8 0
2 0 0
3 9 1
t 133 21
m0 4 14
1 9 0
2 0 1
3 8 1
t 132 21
m0 4 13
1 8 0
2 0 0
3 9 1
t 131 21
m0 4 13
1 9 0
2 0 1
3 8 1
t 130 21
m0 4 13
1 8 0
2 0 0
3 9 1
t 129 21
m0 4 14
1 9 0
2 0 1
3 8 1
t 128 21
m0 4 13
1 8 0
2 0 0
3 9 1
t 127 21
m0 4 14
1 9 0
2 0 1
3 8 1
t 126 21
m0 4 13
1 8 0
2 0 0
3 9 1
t 125 21
m0 4 13
1 9 0
2 0 1
3 8 1
t 124 21
m0 5 13
1 8 0
2 0 0
3 9 1
t 123 21
m0 4 13
1 9 0
2 0 1
3 8 1
t 122 21
m0 4 14
1 8 0
2 0 0
3 9 1
t 121 21
m0 3 14
1 9 0
2 0 1
3 8 1
t 120 21
m0 4 14
1 8 0
2 0 0
3 9 1
t 119 21
m0 4 14
1 9 0
2 0 1
3 8 1
t 118 21
m0 3 14
1 8 0
2 0 0
3 9 1
t 117 21
m0 2 14
1 9 0
2 0 1
3 8 1
t 116 21
m0 1 14
1 8 0
2 0 0
3 9 1
t 115 21
m0 2 14
1 9 0
2 0 1
3 8 1
t 114 21
m0 1 14
1 8 0
2 0 0
3 9 1
t 113 21
m0 1 13
1 9 0
2 0 1
3 8 1
t 112 21
m0 1 12
1 8 0
2 0 0
3 9 1
t 111 21
m0 2 12
1 9 0
2 0 1
3 8 1
t 110 21
m0 2 12
1 8 0
2 0 0
3 9 1
t 109 21
m0 2 12
1 9 0
2 0 1
3 8 1
t 108 21
m0 1 12
1 8 0
2 0 0
3 9 1
t 107 21
m0 2 12
1 9 0
2 0 1
3 8 1
t 106 21
m0 1 12
1 8 0
2 0 0
3 9 1
t 105 21
m0 1 13
1 9 0
2 0 1
3 8 1
t 104 21
m0 1 12
1 8 0
2 0 0
3 9 1
t 103 21
m0 1 12
1 9 0
2 0 1
3 8 1
t 102 21
m0 2 12
1 8 0
2 0 0
3 9 1
t 101 21
m0 1 12
1 9 0
2 0 1
3 8 1
t 100 21
m0 1 12
1 8 0
2 0 0
3 9 1
t 99 21
m0 1 13
1 9 0
2 0 1
3 8 1
t 98 21
m0 1 13
1 8 0
2 0 0
3 9 1
t 97 21
m0 1 12
1 9 0
2 0 1
3 8 1
t 96 21
m0 2 12
1 8 0
2 0 0
3 9 1
t 95 21
m0 3 12
1 9 0
2 0 1
3 8 1
t 94 21
m0 2 12
1 8 0
2 0 0
3 9 1
t 93 21
m0 3 12
1 9 0
2 0 1
3 8 1
t 92 21
m0 3 11
1 8 0
2 0 0
3 9 1
t 91 21
m0 3 11
1 9 0
2 0 1
3 8 1
t 90 21
m0 4 11
1 8 0
2 0 0
3 9 1
t 89 22
m0 3 11
1 9 0
2 0 1
3 8 1
t 88 22
m0 3 10
1 8 0
2 0 0
3 9 1
t 87 22
m0 3 9
1 9 0
2 0 1
3 8 1
t 86 22
m0 3 9
1 8 0
2 0 0
3 9 1
t 85 22
m0 2 9
1 9 0
2 0 1
3 8 1
t 84 23
m0 2 9
1 8 0
2 0 0
3 9 1
t 83 23
m0 3 9
1 9 0
2 0 1
3 8 1
t 82 23
m0 2 9
1 8 0
2 0 0
3 9 1
t 81 23
m0 3 9
1 9 0
2 0 1
3 8 1
t 80 23
m0 2 9
1 8 0
2 0 0
3 9 1
t 79 23
m0 2 9
1 9 0
2 0 1
3 8 1
t 78 23
m0 2 10
1 8 0
2 0 0
3 9 1
t 77 24
m0 3 10
1 9 0
2 0 1
3 8 1
t 76 24
m0 4 10
1 8 0
2 0 0
3 9 1
t 75 24
m0 4 9
1 9 0
2 0 1
3 8 1
t 74 24
m0 4 10
1 8 0
2 0 0
3 9 1
t 73 24
m0 4 9
1 9 0
2 0 1
3 8 1
t 72 24
m0 3 9
1 8 0
2 0 0
3 9 1
t 71 24
m0 3 9
1 9 0
2 0 1
3 8 1
t 70 24
m0 2 9
1 8 0
2 0 0
3 9 1
t 69 24
m0 2 10
1 9 0
2 0 1
3 8 1
t 68 24
m0 2 9
1 8 0
2 0 0
3 9 1
t 67 24
m0 1 9
1 9 0
2 0 1
3 8 1
t 66 25
m0 1 9
1 8 0
2 0 0
3 9 1
t 65 25
m0 1 10
1 9 0
2 0 1
3 8 1
t 64 25
m0 1 10
1 8 0
2 0 0
3 9 1
t 63 25
m0 1 10
1 9 0
2 0 1
3 8 1
t 62 25
m0 1 10
1 8 0
2 0 0
3 9 1
t 61 25
m0 1 9
1 9 0
2 0 1
3 8 1
t 60 25
m0 1 10
1 8 0
2 0 0
3 9 1
t 59 25
m0 1 9
1 9 0
2 0 1
3 8 1
t 58 25
m0 1 10
1 8 0
2 0 0
3 9 1
t 57 25
m0 1 10
1 9 0
2 0 1
3 8 1
t 56 25
m0 1 10
1 8 0
2 0 0
3 9 1
t 55 25
m0 1 10
1 9 0
2 0 1
3 8 1
t 54 25
m0 0 10
1 8 0
2 0 0
3 9 1
t 53 25
m0 0 11
1 9 0
2 1 0
3 8 1
t 52 26
m0 0 11
1 8 0
2 0 0
3 9 1
t 51 26
m0 0 10
1 9 0
2 1 0
3 8 1
t 50 26
m0 0 9
1 8 0
2 0 0
3 9 1
t 49 26
m0 0 10
1 9 0
2 1 0
3 8 1
t 48 26
m0 1 10
1 8 0
2 0 0
3 9 1
t 47 26
m0 1 10
1 9 0
2 0 1
3 8 1
t 46 26
m0 1 10
1 8 0
2 0 0
3 9 1
t 45 26
m0 1 10
1 9 0
2 0 1
3 8 1
t 44 26
m0 1 9
1 8 0
2 0 0
3 9 1
t 43 26
m0 1 9
1 9 0
2 0 1
3 8 1
t 42 26
m0 1 9
1 8 0
2 0 0
3 9 1
t 41 26
m0 1 10
1 9 0
2 0 1
3 8 1
t 40 26
m0 2 10
1 8 0
2 0 0
3 9 1
t 39 26
m0 2 9
1 9 0
2 0 1
3 8 1
t 38 26
m0 1 9
1 8 0
2 0 0
3 9 1
t 37 26
m0 1 8
1 9 0
2 0 1
3 8 1
t 36 27
m0 1 7
1 8 0
2 0 0
3 9 1
t 35 28
m0 1 6
1 9 0
2 0 1
3 8 1
t 34 28
m0 1 6
1 8 0
2 0 0
3 9 1
t 33 28
m0 1 5
1 9 0
2 0 1
3 8 1
t 32 38
m0 1 5
1 8 0
2 0 0
3 9 1
t 31 38
m0 1 5
1 9 0
2 0 1
3 8 1
t 30 38
m0 1 4
1 8 0
2 0 0
3 9 1
t 29 39
m0 0 4
1 9 0
2 1 0
3 8 1
t 28 39
m0 0 5
1 8 0
2 0 0
3 9 1
f 3 7
t 27 39
m0 1 5
1 9 0
2 0 1
3 8 1
t 26 39
m0 1 6
1 8 0
2 0 0
3 9 1
t 25 39
m0 2 6
1 9 0
2 0 1
3 8 1
t 24 39
m0 2 6
1 8 0
2 0 0
3 9 1
t 23 39
m0 2 7
1 9 0
2 0 1
3 8 1
t 22 39
m0 3 7
1 8 0
2 0 0
3 9 1
t 21 49
m0 4 7
1 9 0
2 0 1
3 8 1
t 20 50
m0 3 7
1 8 0
2 0 0
3 9 1
t 19 50
m0 3 7
1 9 0
2 0 1
3 8 1
t 18 50
m0 3 7
1 8 0
2 0 0
3 9 1
t 17 50
m0 4 7
1 9 0
2 0 1
3 8 1
t 16 50
m0 3 7
1 8 0
2 0 0
3 9 1
t 15 50
m0 3 7
1 9 0
2 0 1
3 8 1
t 14 50
m0 2 7
1 8 0
2 0 0
3 9 1
t 13 50
m0 2 6
1 9 0
2 0 1
3 8 1
t 12 50
m0 2 6
1 8 0
2 0 0
3 9 1
f 3 3
t 11 50
m0 2 5
1 9 0
2 0 1
3 8 1
t 10 50
m0 2 6
1 8 0
2 0 0
3 9 1
t 9 50
m0 2 6
1 9 0
2 0 1
3 8 1
t 8 50
m0 2 5
1 8 0
2 0 0
3 9 1
t 7 50
m0 3 5
1 9 0
2 0 1
3 8 1
t 6 51
m0 4 5
1 8 0
2 0 0
3 9 1
t 5 52
m0 4 4
1 9 0
2 0 1
3 8 1
t 4 52
m0 4 3
1 8 0
2 0 0
3 9 1
t 3 53
m0 4 3
1 9 0
2 0 1
3 8 1
t 2 53
m0 4 2
1 8 0
2 0 0
3 9 1
t 1 53
m0 4 3
1 8 0
2 0 0
3 9 1
t 0 53
