10
15
w 5 9
w 4 7
w 1 3
w 6 6
w 9 8
w 8 0
w 0 7
w 6 2
w 3 7
w 2 5
w 8 14
w 2 9
w 5 12
w 6 3
w 9 11
w 5 0
w 8 6
w 0 0
w 8 2
w 3 13
w 4 5
w 1 13
w 5 2
w 6 0
w 2 3
w 1 0
w 0 8
w 6 5
w 5 10
w 4 6
w 3 1
w 2 11
w 9 9
w 4 3
w 6 13
w 7 8
w 8 4
p 6 9
p 8 13
p 9 1
p 4 8
p 7 12
p 5 6
p 2 8
p 7 7
p 2 1
p 3 11
p 5 13
p 1 6
p 0 10
p 5 1
p 0 3
p 1 11
p 3 14
p 7 2
p 1 2
p 5 5
p 8 1
p 3 10
p 4 4
p 7 6
p 8 10
p 2 13
p 7 10
p 0 4
p 2 2
p 4 1
p 7 14
p 3 2
p 2 6
p 5 11
p 2 10
p 0 12
p 0 5
p 8 7
p 6 12
p 4 2
p 5 3
p 0 1
p 2 7
p 7 0
p 6 8
p 1 12
p 8 12
p 6 1
p 7 13
p 5 14
p 7 4
p 1 8
p 0 9
p 9 5
p 3 4
p 9 12
m0 0 14
1 9 0
2 9 0
3 9 0
t 300 0
m0 0 14
1 9 1
2 9 1
3 9 1
t 299 0
m0 0 14
1 9 0
2 9 0
3 9 0
t 298 0
m0 0 14
1 9 1
2 9 1
3 9 1
t 297 0
m0 0 14
1 9 0
2 9 0
3 9 0
t 296 0
m0 0 14
1 9 1
2 9 1
3 9 1
t 295 0
m0 0 14
1 9 0
2 9 0
3 9 0
t 294 0
m0 0 14
1 9 1
2 9 1
3 9 1
t 293 0
m0 0 14
1 9 0
2 9 0
3 9 0
t 292 0
m0 0 14
1 9 1
2 9 1
3 9 1
t 291 0
m0 0 14
1 9 0
2 9 0
3 9 0
t 290 0
m0 0 14
1 9 1
2 9 1
3 9 1
t 289 0
m0 0 14
1 9 0
2 9 0
3 9 0
t 288 0
m0 0 14
1 9 1
2 9 1
3 9 1
t 287 0
m0 0 14
1 9 0
2 9 0
3 9 0
t 286 0
m0 0 14
1 9 1
2 9 1
3 9 1
t 285 0
m0 0 14
1 9 0
2 9 0
3 9 0
t 284 0
m0 0 14
1 9 1
2 9 1
3 9 1
t 283 0
m0 0 14
1 9 0
2 9 0
3 9 0
t 282 0
m0 0 14
1 9 1
2 9 1
3 9 1
t 281 0
m0 0 14
1 9 0
2 9 0
3 9 0
t 280 0
m0 0 14
1 9 1
2 9 1
3 9 1
t 279 0
m0 0 14
1 9 0
2 9 0
3 9 0
t 278 0
m0 0 14
1 9 1
2 9 1
3 9 1
t 277 0
m0 0 14
1 9 0
2 9 0
3 9 0
t 276 0
m0 0 14
1 9 1
2 9 1
3 9 1
t 275 0
m0 0 14
1 9 0
2 9 0
3 9 0
t 274 0
m0 0 14
1 9 1
2 9 1
3 9 1
t 273 0
m0 0 14
1 9 0
2 9 0
3 9 0
t 272 0
m0 0 14
1 9 1
2 9 1
3 9 1
t 271 0
m0 0 14
1 9 0
2 9 0
3 9 0
t 270 0
m0 0 14
1 9 1
2 9 1
3 9 1
t 269 0
m0 0 14
1 9 0
2 9 0
3 9 0
t 268 0
m0 1 14
1 9 1
2 9 1
3 9 1
f 4 11
t 267 0
m0 2 14
1 9 0
2 9 0
3 9 0
t 266 0
m0 3 14
1 9 1
2 9 1
3 9 1
t 265 1
m0 4 14
1 9 0
2 9 0
3 9 0
t 264 1
m0 4 13
1 9 1
2 9 1
3 9 1
t 263 1
m0 4 12
1 9 0
2 9 0
3 9 0
t 262 1
m0 4 11
1 9 1
2 9 1
3 9 1
t 261 11
m0 3 11
1 9 0
2 9 0
3 9 0
f 1 9
t 260 12
m0 3 10
1 9 1
2 9 1
3 9 1
t 259 13
m0 2 10
1 9 0
2 9 0
3 9 0
t 258 14
m0 1 10
1 9 1
2 9 1
3 9 1
t 257 14
m0 1 9
1 9 0
2 9 0
3 9 0
t 256 24
m0 0 9
1 9 1
2 9 1
3 9 1
t 255 25
m0 0 10
1 9 0
2 9 0
3 9 0
t 254 26
m0 0 11
1 9 1
2 9 1
3 9 1
f 2 14
t 253 26
m0 0 12
1 9 0
2 9 0
3 9 0
t 252 27
m0 0 13
1 9 1
2 9 1
3 9 1
t 251 27
m0 0 14
1 9 0
2 9 0
3 9 0
t 250 27
m0 1 14
1 9 1
2 9 1
3 9 1
t 249 27
m0 2 14
1 9 0
2 9 0
3 9 0
t 248 37
m0 1 14
1 9 1
2 9 1
3 9 1
t 247 37
m0 0 14
1 9 0
2 9 0
3 9 0
t 246 37
m0 0 14
1 9 1
2 9 1
3 9 1
t 245 37
m0 0 14
1 9 0
2 9 0
3 9 0
t 244 37
m0 0 14
1 9 1
2 9 1
3 9 1
t 243 37
m0 0 14
1 9 0
2 9 0
3 9 0
t 242 37
m0 0 14
1 9 1
2 9 1
3 9 1
t 241 37
m0 0 14
1 9 0
2 9 0
3 9 0
t 240 37
m0 0 14
1 9 1
2 9 1
3 9 1
t 239 37
m0 0 14
1 9 0
2 9 0
3 9 0
t 238 37
m0 0 14
1 9 1
2 9 1
3 9 1
t 237 37
m0 0 14
1 9 0
2 9 0
3 9 0
t 236 37
m0 0 14
1 9 1
2 9 1
3 9 1
t 235 37
m0 0 14
1 9 0
2 9 0
3 9 0
t 234 37
m0 0 14
1 9 1
2 9 1
3 9 1
t 233 37
m0 0 14
1 9 0
2 9 0
3 9 0
t 232 37
m0 0 14
1 9 1
2 9 1
3 9 1
t 231 37
m0 0 14
1 9 0
2 9 0
3 9 0
t 230 37
m0 0 14
1 9 1
2 9 1
3 9 1
t 229 37
m0 0 14
1 9 0
2 9 0
3 9 0
t 228 37
m0 0 14
1 9 1
2 9 1
3 9 1
t 227 37
m0 0 14
1 9 0
2 9 0
3 9 0
t 226 37
m0 0 14
1 9 1
2 9 1
3 9 1
t 225 37
m0 0 14
1 9 0
2 9 0
3 9 0
t 224 37
m0 0 14
1 9 1
2 9 1
3 9 1
t 223 37
m0 0 14
1 9 0
2 9 0
3 9 0
t 222 37
m0 0 14
1 9 1
2 9 1
3 9 1
t 221 37
m0 0 14
1 9 0
2 9 0
3 9 0
t 220 37
m0 0 14
1 9 1
2 9 1
3 9 1
t 219 37
m0 0 14
1 9 0
2 9 0
3 9 0
t 218 37
m0 0 14
1 9 1
2 9 1
3 9 1
t 217 37
m0 0 14
1 9 0
2 9 0
3 9 0
t 216 37
m0 0 14
1 9 1
2 9 1
3 9 1
t 215 37
m0 0 14
1 9 0
2 9 0
3 9 0
t 214 37
m0 0 14
1 9 1
2 9 1
3 9 1
t 213 37
m0 0 14
1 9 0
2 9 0
3 9 0
t 212 37
m0 0 14
1 9 1
2 9 1
3 9 1
t 211 37
m0 0 14
1 9 0
2 9 0
3 9 0
t 210 37
m0 0 14
1 9 1
2 9 1
3 9 1
t 209 37
m0 0 14
1 9 0
2 9 0
3 9 0
t 208 37
m0 0 14
1 9 1
2 9 1
3 9 1
t 207 37
m0 0 14
1 9 0
2 9 0
3 9 0
t 206 37
m0 0 14
1 9 1
2 9 1
3 9 1
t 205 37
m0 0 14
1 9 0
2 9 0
3 9 0
t 204 37
m0 0 14
1 9 1
2 9 1
3 9 1
t 203 37
m0 0 14
1 9 0
2 9 0
3 9 0
t 202 37
m0 0 14
1 9 1
2 9 1
3 9 1
t 201 37
m0 0 14
1 9 0
2 9 0
3 9 0
t 200 37
m0 0 14
1 9 1
2 9 1
3 9 1
t 199 37
m0 0 14
1 9 0
2 9 0
3 9 0
t 198 37
m0 0 14
1 9 1
2 9 1
3 9 1
t 197 37
m0 0 14
1 9 0
2 9 0
3 9 0
t 196 37
m0 0 14
1 9 1
2 9 1
3 9 1
t 195 37
m0 0 14
1 9 0
2 9 0
3 9 0
t 194 37
m0 1 14
1 9 1
2 9 1
3 9 1
f 8 8
t 193 37
m0 2 14
1 9 0
2 9 0
3 9 0
t 192 37
m0 3 14
1 9 1
2 9 1
3 9 1
t 191 37
m0 4 14
1 9 0
2 9 0
3 9 0
t 190 37
m0 5 14
1 9 1
2 9 1
3 9 1
t 189 38
m0 6 14
1 9 0
2 9 0
3 9 0
t 188 38
m0 7 14
1 9 1
2 9 1
3 9 1
t 187 39
m0 7 13
1 9 0
2 9 0
3 9 0
t 186 40
m0 8 13
1 9 1
2 9 1
3 9 1
t 185 41
m0 8 12
1 9 0
2 9 0
3 9 0
t 184 42
m0 8 11
1 9 1
2 9 1
3 9 1
t 183 42
m0 8 10
1 9 0
2 9 0
3 9 0
t 182 43
m0 8 9
1 9 1
2 9 1
3 9 1
t 181 43
m0 8 8
1 9 0
2 9 0
3 9 0
t 180 53
m0 8 9
1 9 1
2 9 1
3 9 1
t 179 53
m0 7 9
1 9 0
2 9 0
3 9 0
t 178 53
m0 6 9
1 9 1
2 9 1
3 9 1
t 177 54
m0 6 10
1 9 0
2 9 0
3 9 0
t 176 54
m0 6 11
1 9 1
2 9 1
3 9 1
t 175 54
m0 5 11
1 9 0
2 9 0
3 9 0
t 174 55
m0 4 11
1 9 1
2 9 1
3 9 1
t 173 55
m0 3 11
1 9 0
2 9 0
3 9 0
t 172 55
m0 3 12
1 9 1
2 9 1
3 9 1
t 171 55
m0 2 12
1 9 0
2 9 0
3 9 0
t 170 55
m0 1 12
1 9 1
2 9 1
3 9 1
t 169 56
m0 0 12
1 9 0
2 9 0
3 9 0
t 168 56
m0 0 13
1 9 1
2 9 1
3 9 1
t 167 56
m0 0 14
1 9 0
2 9 0
3 9 0
t 166 56
m0 0 14
1 9 1
2 9 1
3 9 1
t 165 56
m0 1 14
1 9 0
2 9 0
3 9 0
f 5 14
t 164 56
m0 2 14
1 9 1
2 9 1
3 9 1
t 163 56
m0 3 14
1 9 0
2 9 0
3 9 0
t 162 56
m0 4 14
1 9 1
2 9 1
3 9 1
t 161 56
m0 5 14
1 9 0
2 9 0
3 9 0
t 160 66
m0 4 14
1 9 1
2 9 1
3 9 1
t 159 66
m0 3 14
1 9 0
2 9 0
3 9 0
t 158 66
m0 2 14
1 9 1
2 9 1
3 9 1
t 157 66
m0 1 14
1 9 0
2 9 0
3 9 0
t 156 66
m0 0 14
1 9 1
2 9 1
3 9 1
t 155 66
m0 0 14
1 9 0
2 9 0
3 9 0
t 154 66
m0 0 14
1 9 1
2 9 1
3 9 1
t 153 66
m0 0 14
1 9 0
2 9 0
3 9 0
t 152 66
m0 0 14
1 9 1
2 9 1
3 9 1
t 151 66
m0 0 14
1 9 0
2 9 0
3 9 0
t 150 66
m0 0 14
1 9 1
2 9 1
3 9 1
t 149 66
m0 0 14
1 9 0
2 9 0
3 9 0
t 148 66
m0 0 14
1 9 1
2 9 1
3 9 1
t 147 66
m0 0 14
1 9 0
2 9 0
3 9 0
t 146 66
m0 0 14
1 9 1
2 9 1
3 9 1
t 145 66
m0 0 14
1 9 0
2 9 0
3 9 0
t 144 66
m0 0 14
1 9 1
2 9 1
3 9 1
t 143 66
m0 0 14
1 9 0
2 9 0
3 9 0
t 142 66
m0 1 14
1 9 1
2 9 1
3 9 1
f 7 5
t 141 66
m0 2 14
1 9 0
2 9 0
3 9 0
t 140 66
m0 3 14
1 9 1
2 9 1
3 9 1
t 139 66
m0 4 14
1 9 0
2 9 0
3 9 0
t 138 66
m0 5 14
1 9 1
2 9 1
3 9 1
t 137 66
m0 6 14
1 9 0
2 9 0
3 9 0
t 136 66
m0 7 14
1 9 1
2 9 1
3 9 1
t 135 66
m0 7 13
1 9 0
2 9 0
3 9 0
t 134 66
m0 7 12
1 9 1
2 9 1
3 9 1
t 133 67
m0 7 11
1 9 0
2 9 0
3 9 0
t 132 67
m0 7 10
1 9 1
2 9 1
3 9 1
t 131 68
m0 7 9
1 9 0
2 9 0
3 9 0
t 130 68
m0 7 9
1 9 1
2 9 1
3 9 1
t 129 68
m0 7 9
1 9 0
2 9 0
3 9 0
t 128 68
m0 7 9
1 9 1
2 9 1
3 9 1
t 127 68
m0 7 9
1 9 0
2 9 0
3 9 0
t 126 68
m0 7 9
1 9 1
2 9 1
3 9 1
t 125 68
m0 7 9
1 9 0
2 9 0
3 9 0
t 124 68
m0 7 9
1 9 1
2 9 1
3 9 1
t 123 68
m0 7 9
1 9 0
2 9 0
3 9 0
t 122 68
m0 7 9
1 9 1
2 9 1
3 9 1
t 121 68
m0 7 9
1 9 0
2 9 0
3 9 0
t 120 68
m0 7 9
1 9 1
2 9 1
3 9 1
t 119 68
m0 7 9
1 9 0
2 9 0
3 9 0
t 118 68
m0 7 9
1 9 1
2 9 1
3 9 1
t 117 68
m0 7 9
1 9 0
2 9 0
3 9 0
t 116 68
m0 7 9
1 9 1
2 9 1
3 9 1
t 115 68
m0 7 9
1 9 0
2 9 0
3 9 0
t 114 68
m0 7 9
1 9 1
2 9 1
3 9 1
t 113 68
m0 7 9
1 9 0
2 9 0
3 9 0
t 112 68
m0 7 9
1 9 1
2 9 1
3 9 1
t 111 68
m0 7 9
1 9 0
2 9 0
3 9 0
t 110 68
m0 7 9
1 9 1
2 9 1
3 9 1
t 109 68
m0 7 9
1 9 0
2 9 0
3 9 0
t 108 68
m0 7 9
1 9 1
2 9 1
3 9 1
t 107 68
m0 7 9
1 9 0
2 9 0
3 9 0
t 106 68
m0 7 9
1 9 1
2 9 1
3 9 1
t 105 68
m0 7 9
1 9 0
2 9 0
3 9 0
t 104 68
m0 7 9
1 9 1
2 9 1
3 9 1
t 103 68
m0 7 9
1 9 0
2 9 0
3 9 0
t 102 68
m0 7 9
1 9 1
2 9 1
3 9 1
t 101 68
m0 7 9
1 9 0
2 9 0
3 9 0
t 100 68
m0 7 9
1 9 1
2 9 1
3 9 1
t 99 68
m0 7 9
1 9 0
2 9 0
3 9 0
t 98 68
m0 7 9
1 9 1
2 9 1
3 9 1
t 97 68
m0 7 9
1 9 0
2 9 0
3 9 0
t 96 68
m0 7 9
1 9 1
2 9 1
3 9 1
t 95 68
m0 7 9
1 9 0
2 9 0
3 9 0
t 94 68
m0 7 9
1 9 1
2 9 1
3 9 1
t 93 68
m0 7 9
1 9 0
2 9 0
3 9 0
t 92 68
m0 7 9
1 9 1
2 9 1
3 9 1
t 91 68
m0 7 9
1 9 0
2 9 0
3 9 0
t 90 68
m0 7 9
1 9 1
2 9 1
3 9 1
t 89 68
m0 7 9
1 9 0
2 9 0
3 9 0
t 88 68
m0 7 9
1 9 1
2 9 1
3 9 1
t 87 68
m0 7 9
1 9 0
2 9 0
3 9 0
t 86 68
m0 7 9
1 9 1
2 9 1
3 9 1
t 85 68
m0 7 9
1 9 0
2 9 0
3 9 0
t 84 68
m0 7 9
1 9 1
2 9 1
3 9 1
t 83 68
m0 7 9
1 9 0
2 9 0
3 9 0
t 82 68
m0 7 9
1 9 1
2 9 1
3 9 1
t 81 68
m0 7 9
1 9 0
2 9 0
3 9 0
t 80 68
m0 7 9
1 9 1
2 9 1
3 9 1
t 79 68
m0 7 9
1 9 0
2 9 0
3 9 0
t 78 68
m0 7 9
1 9 1
2 9 1
3 9 1
t 77 68
m0 7 9
1 9 0
2 9 0
3 9 0
t 76 68
m0 7 9
1 9 1
2 9 1
3 9 1
t 75 68
m0 7 9
1 9 0
2 9 0
3 9 0
t 74 68
m0 7 9
1 9 1
2 9 1
3 9 1
t 73 68
m0 7 9
1 9 0
2 9 0
3 9 0
t 72 68
m0 7 9
1 9 1
2 9 1
3 9 1
t 71 68
m0 7 9
1 9 0
2 9 0
3 9 0
t 70 68
m0 7 9
1 9 1
2 9 1
3 9 1
t 69 68
m0 7 9
1 9 0
2 9 0
3 9 0
t 68 68
m0 7 9
1 9 1
2 9 1
3 9 1
t 67 68
m0 7 9
1 9 0
2 9 0
3 9 0
t 66 68
m0 7 9
1 9 1
2 9 1
3 9 1
t 65 68
m0 7 9
1 9 0
2 9 0
3 9 0
t 64 68
m0 7 9
1 9 1
2 9 1
3 9 1
t 63 68
m0 7 9
1 9 0
2 9 0
3 9 0
t 62 68
m0 7 9
1 9 1
2 9 1
3 9 1
t 61 68
m0 7 9
1 9 0
2 9 0
3 9 0
t 60 68
m0 7 9
1 9 1
2 9 1
3 9 1
t 59 68
m0 7 9
1 9 0
2 9 0
3 9 0
t 58 68
m0 7 9
1 9 1
2 9 1
3 9 1
t 57 68
m0 7 9
1 9 0
2 9 0
3 9 0
t 56 68
m0 7 9
1 9 1
2 9 1
3 9 1
t 55 68
m0 7 9
1 9 0
2 9 0
3 9 0
t 54 68
m0 7 9
1 9 1
2 9 1
3 9 1
t 53 68
m0 7 9
1 9 0
2 9 0
3 9 0
t 52 68
m0 7 9
1 9 1
2 9 1
3 9 1
t 51 68
m0 7 9
1 9 0
2 9 0
3 9 0
t 50 68
m0 7 9
1 9 1
2 9 1
3 9 1
t 49 68
m0 7 9
1 9 0
2 9 0
3 9 0
t 48 68
m0 7 9
1 9 1
2 9 1
3 9 1
t 47 68
m0 7 9
1 9 0
2 9 0
3 9 0
t 46 68
m0 7 9
1 9 1
2 9 1
3 9 1
t 45 68
m0 7 9
1 9 0
2 9 0
3 9 0
t 44 68
m0 7 9
1 9 1
2 9 1
3 9 1
t 43 68
m0 7 9
1 9 0
2 9 0
3 9 0
t 42 68
m0 7 9
1 9 1
2 9 1
3 9 1
t 41 68
m0 7 9
1 9 0
2 9 0
3 9 0
t 40 68
m0 7 9
1 9 1
2 9 1
3 9 1
t 39 68
m0 7 9
1 9 0
2 9 0
3 9 0
t 38 68
m0 7 9
1 9 1
2 9 1
3 9 1
t 37 68
m0 7 9
1 9 0
2 9 0
3 9 0
t 36 68
m0 7 9
1 9 1
2 9 1
3 9 1
t 35 68
m0 7 9
1 9 0
2 9 0
3 9 0
t 34 68
m0 7 9
1 9 1
2 9 1
3 9 1
t 33 68
m0 7 9
1 9 0
2 9 0
3 9 0
t 32 68
m0 7 9
1 9 1
2 9 1
3 9 1
t 31 68
m0 7 9
1 9 0
2 9 0
3 9 0
t 30 68
m0 7 9
1 9 1
2 9 1
3 9 1
t 29 68
m0 7 9
1 9 0
2 9 0
3 9 0
t 28 68
m0 7 9
1 9 1
2 9 1
3 9 1
t 27 68
m0 7 9
1 9 0
2 9 0
3 9 0
t 26 68
m0 7 9
1 9 1
2 9 1
3 9 1
t 25 68
m0 7 9
1 9 0
2 9 0
3 9 0
t 24 68
m0 7 9
1 9 1
2 9 1
3 9 1
t 23 68
m0 7 9
1 9 0
2 9 0
3 9 0
t 22 68
m0 7 9
1 9 1
2 9 1
3 9 1
t 21 68
m0 7 9
1 9 0
2 9 0
3 9 0
t 20 68
m0 7 9
1 9 1
2 9 1
3 9 1
t 19 68
m0 7 9
1 9 0
2 9 0
3 9 0
t 18 68
m0 7 9
1 9 1
2 9 1
3 9 1
t 17 68
m0 7 9
1 9 0
2 9 0
3 9 0
t 16 68
m0 7 9
1 9 1
2 9 1
3 9 1
t 15 68
m0 7 9
1 9 0
2 9 0
3 9 0
t 14 68
m0 7 9
1 9 1
2 9 1
3 9 1
t 13 68
m0 7 9
1 9 0
2 9 0
3 9 0
t 12 68
m0 7 9
1 9 1
2 9 1
3 9 1
t 11 68
m0 7 9
1 9 0
2 9 0
3 9 0
t 10 68
m0 7 9
1 9 1
2 9 1
3 9 1
t 9 68
m0 7 9
1 9 0
2 9 0
3 9 0
t 8 68
m0 7 9
1 9 1
2 9 1
3 9 1
t 7 68
m0 7 9
1 9 0
2 9 0
3 9 0
t 6 68
m0 7 9
1 9 1
2 9 1
3 9 1
t 5 68
m0 7 9
1 9 0
2 9 0
3 9 0
t 4 68
m0 7 9
1 9 1
2 9 1
3 9 1
t 3 68
m0 7 9
1 9 0
2 9 0
3 9 0
t 2 68
m0 7 9
1 9 1
2 9 1
3 9 1
t 1 68
m0 7 9
1 9 1
2 9 1
3 9 1
t 0 68
