10
15
w 5 9
w 4 7
w 6 9
w 7 3
w 6 6
w 7 12
w 2 1
w 8 9
w 7 11
w 1 11
w 8 5
w 7 2
w 4 0
w 3 3
w 1 14
w 9 11
w 7 10
w 0 4
w 5 4
w 2 6
w 5 11
w 3 13
w 9 3
w 3 9
w 1 9
w 8 7
w 3 5
w 0 1
w 9 13
w 6 8
w 6 1
w 2 11
w 0 6
w 6 13
w 5 2
w 2 4
w 9 12
p 1 3
p 8 13
p 9 1
p 4 8
p 3 0
p 9 8
p 3 11
p 0 7
p 6 2
p 4 12
p 0 10
p 9 4
p 5 1
p 3 7
p 5 8
p 3 14
p 8 1
p 7 6
p 5 12
p 8 10
p 6 3
p 1 5
p 2 13
p 4 13
p 0 11
p 3 6
p 2 2
p 8 6
p 4 1
p 9 7
p 4 10
p 3 2
p 0 0
p 9 14
p 6 11
p 6 0
p 2 10
p 9 10
p 7 5
p 2 3
p 6 12
p 4 2
p 2 14
p 1 0
p 7 9
p 5 3
p 5 10
p 7 0
p 8 12
p 7 13
p 3 8
p 4 3
p 0 9
p 9 5
p 7 8
p 0 2
m0 0 14
1 9 0
2 9 0
3 9 0
t 300 0
m0 0 13
1 8 0
2 8 0
3 8 0
t 299 0
m0 1 13
1 9 0
2 9 0
3 9 0
t 298 0
m0 2 13
1 8 0
2 8 0
3 8 0
t 297 1
m0 2 12
1 9 0
2 9 0
3 9 0
t 296 1
m0 3 12
1 8 0
2 8 0
3 8 0
t 295 1
m0 4 12
1 9 0
2 9 0
3 9 0
t 294 2
m0 5 12
1 8 0
2 8 0
3 8 0
t 293 3
m0 6 12
1 9 0
2 9 0
3 9 0
t 292 4
m0 6 11
1 8 0
2 8 0
3 8 0
t 291 5
m0 6 10
1 9 0
2 9 0
3 9 0
t 290 5
m0 5 10
1 8 0
2 8 0
3 8 0
t 289 6
m0 6 10
1 9 0
2 9 0
3 9 0
t 288 6
m0 5 10
1 8 0
2 8 0
3 8 0
t 287 6
m0 6 10
1 9 0
2 9 0
3 9 0
t 286 6
m0 5 10
1 8 0
2 8 0
3 8 0
t 285 6
m0 6 10
1 9 0
2 9 0
3 9 0
t 284 6
m0 5 10
1 8 0
2 8 0
3 8 0
t 283 6
m0 6 10
1 9 0
2 9 0
3 9 0
t 282 6
m0 5 10
1 8 0
2 8 0
3 8 0
t 281 6
m0 6 10
1 9 0
2 9 0
3 9 0
t 280 6
m0 5 10
1 8 0
2 8 0
3 8 0
t 279 6
m0 6 10
1 9 0
2 9 0
3 9 0
t 278 6
m0 5 10
1 8 0
2 8 0
3 8 0
t 277 6
m0 6 10
1 9 0
2 9 0
3 9 0
t 276 6
m0 5 10
1 8 0
2 8 0
3 8 0
t 275 6
m0 6 10
1 9 0
2 9 0
3 9 0
t 274 6
m0 5 10
1 8 0
2 8 0
3 8 0
t 273 6
m0 6 10
1 9 0
2 9 0
3 9 0
t 272 6
m0 5 10
1 8 0
2 8 0
3 8 0
t 271 6
m0 6 10
1 9 0
2 9 0
3 9 0
t 270 6
m0 5 10
1 8 0
2 8 0
3 8 0
t 269 6
m0 6 10
1 9 0
2 9 0
3 9 0
t 268 6
m0 5 10
1 8 0
2 8 0
3 8 0
t 267 6
m0 6 10
1 9 0
2 9 0
3 9 0
f 0 14
t 266 6
m0 5 10
1 8 0
2 8 0
3 8 0
t 265 6
m0 5 10
1 9 0
2 9 0
3 9 0
t 264 6
m0 4 10
1 8 0
2 8 0
3 8 0
t 263 7
m0 5 10
1 9 0
2 9 0
3 9 0
t 262 7
m0 6 10
1 8 0
2 8 0
3 8 0
t 261 7
m0 5 10
1 9 0
2 9 0
3 9 0
t 260 7
m0 4 10
1 8 0
2 8 0
3 8 0
t 259 7
m0 4 11
1 9 0
2 9 0
3 9 0
t 258 7
m0 3 11
1 8 0
2 8 0
3 8 0
t 257 8
m0 4 11
1 9 0
2 9 0
3 9 0
t 256 8
m0 4 12
1 8 0
2 8 0
3 8 0
t 255 8
m0 4 11
1 9 0
2 9 0
3 9 0
t 254 8
m0 4 12
1 8 0
2 8 0
3 8 0
t 253 8
m0 4 13
1 9 0
2 9 0
3 9 0
t 252 9
m0 5 13
1 8 0
2 8 0
3 8 0
t 251 9
m0 5 12
1 9 0
2 9 0
3 9 0
t 250 9
m0 4 12
1 8 0
2 8 0
3 8 0
t 249 9
m0 4 13
1 9 0
2 9 0
3 9 0
t 248 9
m0 4 13
1 8 0
2 8 0
3 8 0
t 247 9
m0 4 12
1 9 0
2 9 0
3 9 0
t 246 9
m0 3 12
1 8 0
2 8 0
3 8 0
t 245 9
m0 2 12
1 9 0
2 9 0
3 9 0
t 244 9
m0 1 12
1 8 0
2 8 0
3 8 0
t 243 9
m0 0 12
1 9 0
2 9 0
3 9 0
t 242 9
m0 1 12
1 8 0
2 8 0
3 8 0
t 241 9
m0 1 13
1 9 0
2 9 0
3 9 0
t 240 9
m0 0 13
1 8 0
2 8 0
3 8 0
t 239 9
m0 0 13
1 9 0
2 9 0
3 9 0
t 238 9
m0 0 14
1 8 0
2 8 0
3 8 0
t 237 19
m0 0 13
1 9 0
2 9 0
3 9 0
t 236 19
m0 1 13
1 8 0
2 8 0
3 8 0
t 235 19
m0 2 13
1 9 0
2 9 0
3 9 0
t 234 19
m0 2 12
1 8 0
2 8 0
3 8 0
t 233 19
m0 3 12
1 9 0
2 9 0
3 9 0
t 232 19
m0 4 12
1 8 0
2 8 0
3 8 0
t 231 19
m0 5 12
1 9 0
2 9 0
3 9 0
t 230 19
m0 6 12
1 8 0
2 8 0
3 8 0
t 229 19
m0 6 11
1 9 0
2 9 0
3 9 0
t 228 19
m0 6 10
1 8 0
2 8 0
3 8 0
t 227 19
m0 5 10
1 9 0
2 9 0
3 9 0
t 226 19
m0 6 10
1 8 0
2 8 0
3 8 0
t 225 19
m0 5 10
1 9 0
2 9 0
3 9 0
t 224 19
m0 6 10
1 8 0
2 8 0
3 8 0
t 223 19
m0 5 10
1 9 0
2 9 0
3 9 0
t 222 19
m0 6 10
1 8 0
2 8 0
3 8 0
t 221 19
m0 5 10
1 9 0
2 9 0
3 9 0
t 220 19
m0 6 10
1 8 0
2 8 0
3 8 0
t 219 19
m0 5 10
1 9 0
2 9 0
3 9 0
t 218 19
m0 6 10
1 8 0
2 8 0
3 8 0
t 217 19
m0 5 10
1 9 0
2 9 0
3 9 0
t 216 19
m0 6 10
1 8 0
2 8 0
3 8 0
t 215 19
m0 5 10
1 9 0
2 9 0
3 9 0
t 214 19
m0 6 10
1 8 0
2 8 0
3 8 0
t 213 19
m0 5 10
1 9 0
2 9 0
3 9 0
t 212 19
m0 6 10
1 8 0
2 8 0
3 8 0
t 211 19
m0 5 10
1 9 0
2 9 0
3 9 0
t 210 19
m0 6 10
1 8 0
2 8 0
3 8 0
t 209 19
m0 5 10
1 9 0
2 9 0
3 9 0
t 208 19
m0 6 10
1 8 0
2 8 0
3 8 0
t 207 19
m0 5 10
1 9 0
2 9 0
3 9 0
t 206 19
m0 6 10
1 8 0
2 8 0
3 8 0
t 205 19
m0 6 10
1 9 0
2 9 0
3 9 0
f 1 10
t 204 19
m0 6 10
1 8 0
2 8 0
3 8 0
t 203 19
m0 6 11
1 9 0
2 9 0
3 9 0
t 202 19
m0 6 10
1 8 0
2 8 0
3 8 0
t 201 19
m0 6 11
1 9 0
2 9 0
3 9 0
t 200 19
m0 6 10
1 8 0
2 8 0
3 8 0
t 199 19
m0 5 10
1 9 0
2 9 0
3 9 0
t 198 19
m0 4 10
1 8 0
2 8 0
3 8 0
t 197 19
m0 4 10
1 9 0
2 9 0
3 9 0
t 196 19
m0 4 11
1 8 0
2 8 0
3 8 0
t 195 19
m0 3 11
1 9 0
2 9 0
3 9 0
t 194 19
m0 3 11
1 8 0
2 8 0
3 8 0
t 193 19
m0 3 12
1 9 0
2 9 0
3 9 0
t 192 19
m0 3 12
1 8 0
2 8 0
3 8 0
t 191 19
m0 3 11
1 9 0
2 9 0
3 9 0
t 190 19
m0 4 11
1 8 0
2 8 0
3 8 0
t 189 19
m0 3 11
1 9 0
2 9 0
3 9 0
t 188 19
m0 3 12
1 8 0
2 8 0
3 8 0
t 187 19
m0 2 12
1 9 0
2 9 0
3 9 0
t 186 19
m0 1 12
1 8 0
2 8 0
3 8 0
t 185 19
m0 2 12
1 9 0
2 9 0
3 9 0
t 184 19
m0 2 13
1 8 0
2 8 0
3 8 0
t 183 19
m0 2 13
1 9 0
2 9 0
3 9 0
t 182 19
m0 2 12
1 8 0
2 8 0
3 8 0
t 181 19
m0 2 12
1 9 0
2 9 0
3 9 0
t 180 19
m0 1 12
1 8 0
2 8 0
3 8 0
t 179 19
m0 1 13
1 9 0
2 9 0
3 9 0
t 178 19
m0 1 12
1 8 0
2 8 0
3 8 0
t 177 19
m0 1 12
1 9 0
2 9 0
3 9 0
t 176 19
m0 1 13
1 8 0
2 8 0
3 8 0
t 175 19
m0 1 13
1 9 0
2 9 0
3 9 0
t 174 19
m0 1 13
1 8 0
2 8 0
3 8 0
t 173 19
m0 2 13
1 9 0
2 9 0
3 9 0
t 172 19
m0 1 13
1 8 0
2 8 0
3 8 0
t 171 19
m0 2 13
1 9 0
2 9 0
3 9 0
t 170 19
m0 2 12
1 8 0
2 8 0
3 8 0
t 169 19
m0 3 12
1 9 0
2 9 0
3 9 0
t 168 19
m0 4 12
1 8 0
2 8 0
3 8 0
t 167 19
m0 4 11
1 9 0
2 9 0
3 9 0
t 166 19
m0 4 12
1 8 0
2 8 0
3 8 0
t 165 19
m0 4 11
1 9 0
2 9 0
3 9 0
t 164 19
m0 3 11
1 8 0
2 8 0
3 8 0
t 163 19
m0 3 10
1 9 0
2 9 0
3 9 0
t 162 19
m0 3 11
1 8 0
2 8 0
3 8 0
t 161 19
m0 3 11
1 9 0
2 9 0
3 9 0
t 160 19
m0 3 12
1 8 0
2 8 0
3 8 0
t 159 19
m0 3 12
1 9 0
2 9 0
3 9 0
t 158 19
m0 3 12
1 8 0
2 8 0
3 8 0
t 157 19
m0 3 12
1 9 0
2 9 0
3 9 0
t 156 19
m0 2 12
1 8 0
2 8 0
3 8 0
t 155 19
m0 2 12
1 9 0
2 9 0
3 9 0
t 154 19
m0 1 12
1 8 0
2 8 0
3 8 0
t 153 19
m0 1 13
1 9 0
2 9 0
3 9 0
t 152 19
m0 0 13
1 8 0
2 8 0
3 8 0
t 151 19
m0 1 13
1 9 0
2 9 0
3 9 0
t 150 19
m0 2 13
1 8 0
2 8 0
3 8 0
t 149 19
m0 2 13
1 9 0
2 9 0
3 9 0
t 148 19
m0 1 13
1 8 0
2 8 0
3 8 0
t 147 19
m0 0 13
1 9 0
2 9 0
3 9 0
t 146 19
m0 0 12
1 8 0
2 8 0
3 8 0
t 145 19
m0 0 12
1 9 0
2 9 0
3 9 0
t 144 19
m0 0 12
1 8 0
2 8 0
3 8 0
t 143 19
m0 0 13
1 9 0
2 9 0
3 9 0
t 142 19
m0 1 13
1 8 0
2 8 0
3 8 0
t 141 19
m0 1 13
1 9 0
2 9 0
3 9 0
t 140 19
m0 1 12
1 8 0
2 8 0
3 8 0
t 139 19
m0 1 13
1 9 0
2 9 0
3 9 0
t 138 19
m0 1 12
1 8 0
2 8 0
3 8 0
t 137 19
m0 2 12
1 9 0
2 9 0
3 9 0
t 136 19
m0 2 13
1 8 0
2 8 0
3 8 0
t 135 19
m0 2 14
1 9 0
2 9 0
3 9 0
t 134 20
m0 2 14
1 8 0
2 8 0
3 8 0
t 133 20
m0 2 13
1 9 0
2 9 0
3 9 0
t 132 20
m0 2 12
1 8 0
2 8 0
3 8 0
t 131 20
m0 1 12
1 9 0
2 9 0
3 9 0
t 130 20
m0 1 12
1 8 0
2 8 0
3 8 0
t 129 20
m0 1 13
1 9 0
2 9 0
3 9 0
t 128 20
m0 1 13
1 8 0
2 8 0
3 8 0
t 127 20
m0 0 13
1 9 0
2 9 0
3 9 0
t 126 20
m0 0 14
1 8 0
2 8 0
3 8 0
t 125 20
m0 0 13
1 9 0
2 9 0
3 9 0
t 124 20
m0 0 13
1 8 0
2 8 0
3 8 0
t 123 20
m0 0 14
1 9 0
2 9 0
3 9 0
t 122 20
m0 0 14
1 8 0
2 8 0
3 8 0
t 121 20
m0 0 14
1 9 0
2 9 0
3 9 0
t 120 20
m0 0 14
1 8 0
2 8 0
3 8 0
t 119 20
m0 0 13
1 9 0
2 9 0
3 9 0
t 118 20
m0 1 13
1 8 0
2 8 0
3 8 0
t 117 20
m0 1 12
1 9 0
2 9 0
3 9 0
t 116 20
m0 1 12
1 8 0
2 8 0
3 8 0
t 115 20
m0 0 12
1 9 0
2 9 0
3 9 0
t 114 20
m0 0 13
1 8 0
2 8 0
3 8 0
t 113 20
m0 1 13
1 9 0
2 9 0
3 9 0
t 112 20
m0 2 13
1 8 0
2 8 0
3 8 0
t 111 20
m0 1 13
1 9 0
2 9 0
3 9 0
t 110 20
m0 1 12
1 8 0
2 8 0
3 8 0
t 109 20
m0 1 13
1 9 0
2 9 0
3 9 0
t 108 20
m0 1 12
1 8 0
2 8 0
3 8 0
t 107 20
m0 1 13
1 9 0
2 9 0
3 9 0
t 106 20
m0 1 13
1 8 0
2 8 0
3 8 0
t 105 20
m0 1 13
1 9 0
2 9 0
3 9 0
t 104 20
m0 1 13
1 8 0
2 8 0
3 8 0
t 103 20
m0 2 13
1 9 0
2 9 0
3 9 0
t 102 20
m0 2 14
1 8 0
2 8 0
3 8 0
t 101 20
m0 2 14
1 9 0
2 9 0
3 9 0
t 100 20
m0 2 13
1 8 0
2 8 0
3 8 0
t 99 20
m0 2 13
1 9 0
2 9 0
3 9 0
t 98 20
m0 2 14
1 8 0
2 8 0
3 8 0
t 97 20
m0 2 14
1 9 0
2 9 0
3 9 0
t 96 20
m0 3 14
1 8 0
2 8 0
3 8 0
t 95 21
m0 2 14
1 9 0
2 9 0
3 9 0
t 94 21
m0 2 13
1 8 0
2 8 0
3 8 0
t 93 21
m0 2 14
1 9 0
2 9 0
3 9 0
t 92 21
m0 3 14
1 8 0
2 8 0
3 8 0
t 91 21
m0 2 14
1 9 0
2 9 0
3 9 0
t 90 21
m0 2 13
1 8 0
2 8 0
3 8 0
t 89 21
m0 2 14
1 9 0
2 9 0
3 9 0
t 88 21
m0 2 13
1 8 0
2 8 0
3 8 0
t 87 21
m0 2 14
1 9 0
2 9 0
3 9 0
t 86 21
m0 2 13
1 8 0
2 8 0
3 8 0
t 85 21
m0 1 13
1 9 0
2 9 0
3 9 0
t 84 21
m0 1 13
1 8 0
2 8 0
3 8 0
t 83 21
m0 2 13
1 9 0
2 9 0
3 9 0
t 82 21
m0 2 12
1 8 0
2 8 0
3 8 0
t 81 21
m0 2 13
1 9 0
2 9 0
3 9 0
t 80 21
m0 1 13
1 8 0
2 8 0
3 8 0
t 79 21
m0 0 13
1 9 0
2 9 0
3 9 0
t 78 21
m0 0 14
1 8 0
2 8 0
3 8 0
t 77 21
m0 0 13
1 9 0
2 9 0
3 9 0
t 76 21
m0 1 13
1 8 0
2 8 0
3 8 0
t 75 21
m0 1 12
1 9 0
2 9 0
3 9 0
t 74 21
m0 2 12
1 8 0
2 8 0
3 8 0
t 73 21
m0 2 12
1 9 0
2 9 0
3 9 0
t 72 21
m0 2 12
1 8 0
2 8 0
3 8 0
t 71 21
m0 2 13
1 9 0
2 9 0
3 9 0
t 70 21
m0 2 12
1 8 0
2 8 0
3 8 0
t 69 21
m0 1 12
1 9 0
2 9 0
3 9 0
t 68 21
m0 1 13
1 8 0
2 8 0
3 8 0
t 67 21
m0 2 13
1 9 0
2 9 0
3 9 0
t 66 21
m0 1 13
1 8 0
2 8 0
3 8 0
t 65 21
m0 1 12
1 9 0
2 9 0
3 9 0
t 64 21
m0 1 13
1 8 0
2 8 0
3 8 0
t 63 21
m0 1 12
1 9 0
2 9 0
3 9 0
t 62 21
m0 1 12
1 8 0
2 8 0
3 8 0
t 61 21
m0 2 12
1 9 0
2 9 0
3 9 0
t 60 21
m0 3 12
1 8 0
2 8 0
3 8 0
t 59 21
m0 2 12
1 9 0
2 9 0
3 9 0
t 58 21
m0 2 12
1 8 0
2 8 0
3 8 0
t 57 21
m0 1 12
1 9 0
2 9 0
3 9 0
t 56 21
m0 2 12
1 8 0
2 8 0
3 8 0
t 55 21
m0 1 12
1 9 0
2 9 0
3 9 0
t 54 21
m0 2 12
1 8 0
2 8 0
3 8 0
t 53 21
m0 1 12
1 9 0
2 9 0
3 9 0
t 52 21
m0 1 12
1 8 0
2 8 0
3 8 0
t 51 21
m0 1 13
1 9 0
2 9 0
3 9 0
t 50 21
m0 1 12
1 8 0
2 8 0
3 8 0
t 49 21
m0 1 13
1 9 0
2 9 0
3 9 0
t 48 21
m0 0 13
1 8 0
2 8 0
3 8 0
t 47 21
m0 0 13
1 9 0
2 9 0
3 9 0
t 46 21
m0 0 13
1 8 0
2 8 0
3 8 0
t 45 21
m0 0 13
1 9 0
2 9 0
3 9 0
t 44 21
m0 0 12
1 8 0
2 8 0
3 8 0
t 43 21
m0 0 11
1 9 0
2 9 0
3 9 0
t 42 22
m0 0 11
1 8 0
2 8 0
3 8 0
t 41 22
m0 0 11
1 9 0
2 9 0
3 9 0
t 40 22
m0 0 11
1 8 0
2 8 0
3 8 0
t 39 22
m0 0 11
1 9 0
2 9 0
3 9 0
t 38 22
m0 0 12
1 8 0
2 8 0
3 8 0
t 37 22
m0 0 11
1 9 0
2 9 0
3 9 0
t 36 22
m0 0 11
1 8 0
2 8 0
3 8 0
t 35 22
m0 0 11
1 9 0
2 9 0
3 9 0
t 34 22
m0 0 10
1 8 0
2 8 0
3 8 0
t 33 23
m0 0 9
1 9 0
2 9 0
3 9 0
t 32 24
m0 0 9
1 8 0
2 8 0
3 8 0
t 31 24
m0 0 10
1 9 0
2 9 0
3 9 0
t 30 24
m0 1 10
1 8 0
2 8 0
3 8 0
t 29 34
m0 2 10
1 9 0
2 9 0
3 9 0
t 28 35
m0 3 10
1 8 0
2 8 0
3 8 0
t 27 35
m0 4 10
1 9 0
2 9 0
3 9 0
t 26 35
m0 5 10
1 8 0
2 8 0
3 8 0
t 25 35
m0 6 10
1 9 0
2 9 0
3 9 0
t 24 35
m0 5 10
1 8 0
2 8 0
3 8 0
t 23 35
m0 6 10
1 9 0
2 9 0
3 9 0
t 22 35
m0 5 10
1 8 0
2 8 0
3 8 0
t 21 35
m0 6 10
1 9 0
2 9 0
3 9 0
t 20 35
m0 5 10
1 8 0
2 8 0
3 8 0
t 19 35
m0 6 10
1 9 0
2 9 0
3 9 0
t 18 35
m0 5 10
1 8 0
2 8 0
3 8 0
t 17 35
m0 6 10
1 9 0
2 9 0
3 9 0
t 16 35
m0 5 10
1 8 0
2 8 0
3 8 0
t 15 35
m0 6 10
1 9 0
2 9 0
3 9 0
t 14 35
m0 5 10
1 8 0
2 8 0
3 8 0
t 13 35
m0 6 10
1 9 0
2 9 0
3 9 0
t 12 35
m0 5 10
1 8 0
2 8 0
3 8 0
t 11 35
m0 6 10
1 9 0
2 9 0
3 9 0
t 10 35
m0 5 10
1 8 0
2 8 0
3 8 0
t 9 35
m0 6 10
1 9 0
2 9 0
3 9 0
t 8 35
m0 5 10
1 8 0
2 8 0
3 8 0
t 7 35
m0 6 10
1 9 0
2 9 0
3 9 0
t 6 35
m0 5 10
1 8 0
2 8 0
3 8 0
t 5 35
m0 6 10
1 9 0
2 9 0
3 9 0
t 4 35
m0 6 10
1 8 0
2 8 0
3 8 0
f 5 0
t 3 35
m0 5 10
1 9 0
2 9 0
3 9 0
t 2 35
m0 5 10
1 8 0
2 8 0
3 8 0
t 1 35
m0 5 10
1 8 0
2 8 0
3 8 0
t 0 35
