10
15
w 5 9
w 3 0
w 5 6
w 8 9
w 4 12
w 2 12
w 5 1
w 3 7
w 7 11
w 0 3
w 8 5
w 4 0
w 5 12
w 7 6
w 1 14
w 8 10
w 3 10
w 1 5
w 0 11
w 2 2
w 3 2
w 2 6
w 7 1
w 5 11
w 4 14
w 2 10
w 0 12
w 1 9
w 1 0
w 2 14
w 5 3
w 8 3
w 6 8
w 7 13
w 7 4
w 5 14
w 2 4
p 8 13
p 6 6
p 7 12
p 2 8
p 9 8
p 4 8
p 3 14
p 6 14
p 9 0
p 4 9
p 5 5
p 3 3
p 8 1
p 4 4
p 6 3
p 9 11
p 3 6
p 5 0
p 7 10
p 8 6
p 3 4
p 4 1
p 1 1
p 9 7
p 6 4
p 5 4
p 4 10
p 9 14
p 8 2
p 0 0
p 3 13
p 1 13
p 9 3
p 6 0
p 9 10
p 0 5
p 0 8
p 9 6
p 4 11
p 3 5
p 9 13
p 3 12
p 4 6
p 7 0
p 8 12
p 9 2
p 1 12
p 3 1
p 2 11
p 0 13
p 3 8
p 2 0
p 4 3
p 9 5
p 7 8
p 8 4
m0 0 14
1 9 0
2 9 0
3 9 0
t 300 0
m0 0 13
1 8 0
2 8 0
3 8 0
t 299 1
m0 1 13
1 9 0
2 9 0
3 9 0
t 298 2
m0 2 13
1 8 0
2 8 0
3 8 0
t 297 2
m0 3 13
1 9 0
2 9 0
3 9 0
t 296 3
m0 4 13
1 8 0
2 8 0
3 8 0
t 295 3
m0 5 13
1 9 0
2 9 0
3 9 0
t 294 3
m0 6 13
1 8 0
2 8 0
3 8 0
t 293 3
m0 6 12
1 9 0
2 9 0
3 9 0
t 292 3
m0 7 12
1 8 0
2 8 0
3 8 0
t 291 4
m0 8 12
1 9 0
2 9 0
3 9 0
t 290 5
m0 9 12
1 8 0
2 8 0
3 8 0
f 0 9
t 289 5
m0 9 11
1 7 0
2 7 0
3 7 0
t 288 6
m0 9 10
1 6 0
2 6 0
3 6 0
t 287 7
m0 9 9
1 5 0
2 5 0
3 5 0
t 286 7
m0 9 8
1 6 0
2 6 0
3 6 0
t 285 8
m0 9 7
1 5 0
2 5 0
3 5 0
t 284 9
m0 9 6
1 6 0
2 6 0
3 6 0
t 283 10
m0 9 5
1 5 0
2 5 0
3 5 0
t 282 11
m0 9 4
1 6 0
2 6 0
3 6 0
t 281 11
m0 9 3
1 5 0
2 5 0
3 5 0
t 280 12
m0 9 2
1 6 0
2 6 0
3 6 0
t 279 13
m0 9 1
1 5 0
2 5 0
3 5 0
t 278 13
m0 9 0
1 6 0
2 6 0
3 6 0
t 277 14
m0 8 0
1 5 0
2 5 0
3 5 0
t 276 14
m0 9 0
1 6 0
2 6 0
3 6 0
t 275 14
m0 8 0
1 5 0
2 5 0
3 5 0
t 274 14
m0 9 0
1 6 0
2 6 0
3 6 0
t 273 14
m0 8 0
1 5 0
2 5 0
3 5 0
t 272 14
m0 9 0
1 6 0
2 6 0
3 6 0
t 271 14
m0 8 0
1 5 0
2 5 0
3 5 0
t 270 14
m0 9 0
1 6 0
2 6 0
3 6 0
t 269 14
m0 8 0
1 5 0
2 5 0
3 5 0
t 268 14
m0 9 0
1 6 0
2 6 0
3 6 0
t 267 14
m0 8 0
1 5 0
2 5 0
3 5 0
t 266 14
m0 9 0
1 6 0
2 6 0
3 6 0
t 265 14
m0 8 0
1 5 0
2 5 0
3 5 0
t 264 14
m0 9 0
1 6 0
2 6 0
3 6 0
t 263 14
m0 8 0
1 5 0
2 5 0
3 5 0
t 262 14
m0 9 0
1 6 0
2 6 0
3 6 0
t 261 14
m0 8 0
1 5 0
2 5 0
3 5 0
t 260 14
m0 9 0
1 6 0
2 6 0
3 6 0
t 259 14
m0 8 0
1 5 0
2 5 0
3 5 0
t 258 14
m0 9 0
1 6 0
2 6 0
3 6 0
t 257 14
m0 8 0
1 5 0
2 5 0
3 5 0
t 256 14
m0 9 0
1 6 0
2 6 0
3 6 0
t 255 14
m0 8 0
1 5 0
2 5 0
3 5 0
t 254 14
m0 9 0
1 6 0
2 6 0
3 6 0
t 253 14
m0 8 0
1 5 0
2 5 0
3 5 0
t 252 14
m0 9 0
1 6 0
2 6 0
3 6 0
t 251 14
m0 8 0
1 5 0
2 5 0
3 5 0
t 250 14
m0 9 0
1 6 0
2 6 0
3 6 0
t 249 14
m0 8 0
1 5 0
2 5 0
3 5 0
t 248 14
m0 9 0
1 6 0
2 6 0
3 6 0
t 247 14
m0 8 0
1 5 0
2 5 0
3 5 0
t 246 14
m0 9 0
1 6 0
2 6 0
3 6 0
t 245 14
m0 8 0
1 5 0
2 5 0
3 5 0
t 244 14
m0 9 0
1 6 0
2 6 0
3 6 0
t 243 14
m0 8 0
1 5 0
2 5 0
3 5 0
t 242 14
m0 9 0
1 6 0
2 6 0
3 6 0
t 241 14
m0 8 0
1 5 0
2 5 0
3 5 0
t 240 14
m0 9 0
1 6 0
2 6 0
3 6 0
t 239 14
m0 8 0
1 5 0
2 5 0
3 5 0
t 238 14
m0 9 0
1 6 0
2 6 0
3 6 0
t 237 14
m0 8 0
1 5 0
2 5 0
3 5 0
t 236 14
m0 9 0
1 6 0
2 6 0
3 6 0
t 235 14
m0 8 0
1 5 0
2 5 0
3 5 0
t 234 14
m0 9 0
1 6 0
2 6 0
3 6 0
t 233 14
m0 8 0
1 5 0
2 5 0
3 5 0
t 232 14
m0 9 0
1 6 0
2 6 0
3 6 0
t 231 14
m0 8 0
1 5 0
2 5 0
3 5 0
t 230 14
m0 9 0
1 6 0
2 6 0
3 6 0
t 229 14
m0 8 0
1 5 0
2 5 0
3 5 0
t 228 14
m0 9 0
1 6 0
2 6 0
3 6 0
t 227 14
m0 8 0
1 5 0
2 5 0
3 5 0
t 226 14
m0 9 0
1 6 0
2 6 0
3 6 0
t 225 14
m0 8 0
1 5 0
2 5 0
3 5 0
t 224 14
m0 9 0
1 6 0
2 6 0
3 6 0
t 223 14
m0 8 0
1 5 0
2 5 0
3 5 0
t 222 14
m0 9 0
1 6 0
2 6 0
3 6 0
t 221 14
m0 8 0
1 5 0
2 5 0
3 5 0
t 220 14
m0 9 0
1 6 0
2 6 0
3 6 0
t 219 14
m0 8 0
1 5 0
2 5 0
3 5 0
t 218 14
m0 9 0
1 6 0
2 6 0
3 6 0
t 217 14
m0 8 0
1 5 0
2 5 0
3 5 0
t 216 14
m0 9 0
1 6 0
2 6 0
3 6 0
t 215 14
m0 8 0
1 5 0
2 5 0
3 5 0
t 214 14
m0 9 0
1 6 0
2 6 0
3 6 0
t 213 14
m0 8 0
1 5 0
2 5 0
3 5 0
t 212 14
m0 9 0
1 6 0
2 6 0
3 6 0
t 211 14
m0 8 0
1 5 0
2 5 0
3 5 0
t 210 14
m0 9 0
1 6 0
2 6 0
3 6 0
t 209 14
m0 8 0
1 5 0
2 5 0
3 5 0
t 208 14
m0 9 0
1 6 0
2 6 0
3 6 0
t 207 14
m0 8 0
1 5 0
2 5 0
3 5 0
t 206 14
m0 9 0
1 6 0
2 6 0
3 6 0
t 205 14
m0 8 0
1 5 0
2 5 0
3 5 0
t 204 14
m0 9 0
1 6 0
2 6 0
3 6 0
t 203 14
m0 8 0
1 5 0
2 5 0
3 5 0
t 202 14
m0 9 0
1 6 0
2 6 0
3 6 0
t 201 14
m0 8 0
1 5 0
2 5 0
3 5 0
t 200 14
m0 9 0
1 6 0
2 6 0
3 6 0
t 199 14
m0 8 0
1 5 0
2 5 0
3 5 0
t 198 14
m0 9 0
1 6 0
2 6 0
3 6 0
t 197 14
m0 8 0
1 5 0
2 5 0
3 5 0
t 196 14
m0 9 0
1 6 0
2 6 0
3 6 0
t 195 14
m0 8 0
1 5 0
2 5 0
3 5 0
t 194 14
m0 9 0
1 6 0
2 6 0
3 6 0
t 193 14
m0 8 0
1 5 0
2 5 0
3 5 0
t 192 14
m0 9 0
1 6 0
2 6 0
3 6 0
t 191 14
m0 8 0
1 5 0
2 5 0
3 5 0
t 190 14
m0 9 0
1 6 0
2 6 0
3 6 0
t 189 14
m0 8 0
1 5 0
2 5 0
3 5 0
t 188 14
m0 9 0
1 6 0
2 6 0
3 6 0
t 187 14
m0 8 0
1 5 0
2 5 0
3 5 0
t 186 14
m0 9 0
1 6 0
2 6 0
3 6 0
t 185 14
m0 8 0
1 5 0
2 5 0
3 5 0
t 184 14
m0 9 0
1 6 0
2 6 0
3 6 0
t 183 14
m0 8 0
1 5 0
2 5 0
3 5 0
t 182 14
m0 9 0
1 6 0
2 6 0
3 6 0
t 181 14
m0 8 0
1 5 0
2 5 0
3 5 0
t 180 14
m0 9 0
1 6 0
2 6 0
3 6 0
t 179 14
m0 8 0
1 5 0
2 5 0
3 5 0
t 178 14
m0 9 0
1 6 0
2 6 0
3 6 0
t 177 14
m0 8 0
1 5 0
2 5 0
3 5 0
t 176 14
m0 9 0
1 6 0
2 6 0
3 6 0
t 175 14
m0 8 0
1 5 0
2 5 0
3 5 0
t 174 14
m0 9 0
1 6 0
2 6 0
3 6 0
t 173 14
m0 8 0
1 5 0
2 5 0
3 5 0
t 172 14
m0 9 0
1 6 0
2 6 0
3 6 0
t 171 14
m0 8 0
1 5 0
2 5 0
3 5 0
t 170 14
m0 9 0
1 6 0
2 6 0
3 6 0
t 169 14
m0 8 0
1 5 0
2 5 0
3 5 0
t 168 14
m0 9 0
1 6 0
2 6 0
3 6 0
t 167 14
m0 8 0
1 5 0
2 5 0
3 5 0
t 166 14
m0 9 0
1 6 0
2 6 0
3 6 0
t 165 14
m0 8 0
1 5 0
2 5 0
3 5 0
t 164 14
m0 9 0
1 6 0
2 6 0
3 6 0
t 163 14
m0 8 0
1 5 0
2 5 0
3 5 0
t 162 14
m0 9 0
1 6 0
2 6 0
3 6 0
t 161 14
m0 8 0
1 5 0
2 5 0
3 5 0
t 160 14
m0 9 0
1 6 0
2 6 0
3 6 0
t 159 14
m0 8 0
1 5 0
2 5 0
3 5 0
t 158 14
m0 9 0
1 6 0
2 6 0
3 6 0
t 157 14
m0 8 0
1 5 0
2 5 0
3 5 0
t 156 14
m0 9 0
1 6 0
2 6 0
3 6 0
t 155 14
m0 8 0
1 5 0
2 5 0
3 5 0
t 154 14
m0 9 0
1 6 0
2 6 0
3 6 0
t 153 14
m0 8 0
1 5 0
2 5 0
3 5 0
t 152 14
m0 9 0
1 6 0
2 6 0
3 6 0
t 151 14
m0 8 0
1 5 0
2 5 0
3 5 0
t 150 14
m0 9 0
1 6 0
2 6 0
3 6 0
t 149 14
m0 8 0
1 5 0
2 5 0
3 5 0
t 148 14
m0 9 0
1 6 0
2 6 0
3 6 0
t 147 14
m0 8 0
1 5 0
2 5 0
3 5 0
t 146 14
m0 9 0
1 6 0
2 6 0
3 6 0
t 145 14
m0 8 0
1 5 0
2 5 0
3 5 0
t 144 14
m0 9 0
1 6 0
2 6 0
3 6 0
t 143 14
m0 8 0
1 5 0
2 5 0
3 5 0
t 142 14
m0 9 0
1 6 0
2 6 0
3 6 0
t 141 14
m0 8 0
1 5 0
2 5 0
3 5 0
t 140 14
m0 9 0
1 6 0
2 6 0
3 6 0
t 139 14
m0 8 0
1 5 0
2 5 0
3 5 0
t 138 14
m0 9 0
1 6 0
2 6 0
3 6 0
t 137 14
m0 8 0
1 5 0
2 5 0
3 5 0
t 136 14
m0 9 0
1 6 0
2 6 0
3 6 0
t 135 14
m0 8 0
1 5 0
2 5 0
3 5 0
t 134 14
m0 9 0
1 6 0
2 6 0
3 6 0
t 133 14
m0 8 0
1 5 0
2 5 0
3 5 0
t 132 14
m0 9 0
1 6 0
2 6 0
3 6 0
t 131 14
m0 8 0
1 5 0
2 5 0
3 5 0
t 130 14
m0 9 0
1 6 0
2 6 0
3 6 0
t 129 14
m0 8 0
1 5 0
2 5 0
3 5 0
t 128 14
m0 9 0
1 6 0
2 6 0
3 6 0
t 127 14
m0 8 0
1 5 0
2 5 0
3 5 0
t 126 14
m0 9 0
1 6 0
2 6 0
3 6 0
t 125 14
m0 8 0
1 5 0
2 5 0
3 5 0
t 124 14
m0 9 0
1 6 0
2 6 0
3 6 0
t 123 14
m0 8 0
1 5 0
2 5 0
3 5 0
t 122 14
m0 9 0
1 6 0
2 6 0
3 6 0
t 121 14
m0 8 0
1 5 0
2 5 0
3 5 0
t 120 14
m0 9 0
1 6 0
2 6 0
3 6 0
t 119 14
m0 8 0
1 5 0
2 5 0
3 5 0
t 118 14
m0 9 0
1 6 0
2 6 0
3 6 0
t 117 14
m0 8 0
1 5 0
2 5 0
3 5 0
t 116 14
m0 9 0
1 6 0
2 6 0
3 6 0
t 115 14
m0 8 0
1 5 0
2 5 0
3 5 0
t 114 14
m0 9 0
1 6 0
2 6 0
3 6 0
t 113 14
m0 8 0
1 5 0
2 5 0
3 5 0
t 112 14
m0 9 0
1 6 0
2 6 0
3 6 0
t 111 14
m0 8 0
1 5 0
2 5 0
3 5 0
t 110 14
m0 9 0
1 6 0
2 6 0
3 6 0
t 109 14
m0 8 0
1 5 0
2 5 0
3 5 0
t 108 14
m0 9 0
1 6 0
2 6 0
3 6 0
t 107 14
m0 8 0
1 5 0
2 5 0
3 5 0
t 106 14
m0 9 0
1 6 0
2 6 0
3 6 0
t 105 14
m0 8 0
1 5 0
2 5 0
3 5 0
t 104 14
m0 9 0
1 6 0
2 6 0
3 6 0
t 103 14
m0 8 0
1 5 0
2 5 0
3 5 0
t 102 14
m0 9 0
1 6 0
2 6 0
3 6 0
t 101 14
m0 8 0
1 5 0
2 5 0
3 5 0
t 100 14
m0 9 0
1 6 0
2 6 0
3 6 0
t 99 14
m0 8 0
1 5 0
2 5 0
3 5 0
t 98 14
m0 9 0
1 6 0
2 6 0
3 6 0
t 97 14
m0 8 0
1 5 0
2 5 0
3 5 0
t 96 14
m0 9 0
1 6 0
2 6 0
3 6 0
t 95 14
m0 8 0
1 5 0
2 5 0
3 5 0
t 94 14
m0 9 0
1 6 0
2 6 0
3 6 0
t 93 14
m0 8 0
1 5 0
2 5 0
3 5 0
t 92 14
m0 9 0
1 6 0
2 6 0
3 6 0
t 91 14
m0 8 0
1 5 0
2 5 0
3 5 0
t 90 14
m0 9 0
1 6 0
2 6 0
3 6 0
t 89 14
m0 8 0
1 5 0
2 5 0
3 5 0
t 88 14
m0 9 0
1 6 0
2 6 0
3 6 0
t 87 14
m0 8 0
1 5 0
2 5 0
3 5 0
t 86 14
m0 9 0
1 6 0
2 6 0
3 6 0
t 85 14
m0 8 0
1 5 0
2 5 0
3 5 0
t 84 14
m0 9 0
1 6 0
2 6 0
3 6 0
t 83 14
m0 8 0
1 5 0
2 5 0
3 5 0
t 82 14
m0 9 0
1 6 0
2 6 0
3 6 0
t 81 14
m0 8 0
1 5 0
2 5 0
3 5 0
t 80 14
m0 9 0
1 6 0
2 6 0
3 6 0
t 79 14
m0 8 0
1 5 0
2 5 0
3 5 0
t 78 14
m0 9 0
1 6 0
2 6 0
3 6 0
t 77 14
m0 8 0
1 5 0
2 5 0
3 5 0
t 76 14
m0 9 0
1 6 0
2 6 0
3 6 0
t 75 14
m0 8 0
1 5 0
2 5 0
3 5 0
t 74 14
m0 9 0
1 6 0
2 6 0
3 6 0
t 73 14
m0 8 0
1 5 0
2 5 0
3 5 0
t 72 14
m0 9 0
1 6 0
2 6 0
3 6 0
t 71 14
m0 8 0
1 5 0
2 5 0
3 5 0
t 70 14
m0 9 0
1 6 0
2 6 0
3 6 0
t 69 14
m0 8 0
1 5 0
2 5 0
3 5 0
t 68 14
m0 9 0
1 6 0
2 6 0
3 6 0
t 67 14
m0 8 0
1 5 0
2 5 0
3 5 0
t 66 14
m0 9 0
1 6 0
2 6 0
3 6 0
t 65 14
m0 8 0
1 5 0
2 5 0
3 5 0
t 64 14
m0 9 0
1 6 0
2 6 0
3 6 0
t 63 14
m0 8 0
1 5 0
2 5 0
3 5 0
t 62 14
m0 9 0
1 6 0
2 6 0
3 6 0
t 61 14
m0 8 0
1 5 0
2 5 0
3 5 0
t 60 14
m0 9 0
1 6 0
2 6 0
3 6 0
t 59 14
m0 8 0
1 5 0
2 5 0
3 5 0
t 58 14
m0 9 0
1 6 0
2 6 0
3 6 0
t 57 14
m0 8 0
1 5 0
2 5 0
3 5 0
t 56 14
m0 9 0
1 6 0
2 6 0
3 6 0
t 55 14
m0 8 0
1 5 0
2 5 0
3 5 0
t 54 14
m0 9 0
1 6 0
2 6 0
3 6 0
t 53 14
m0 8 0
1 5 0
2 5 0
3 5 0
t 52 14
m0 9 0
1 6 0
2 6 0
3 6 0
t 51 14
m0 8 0
1 5 0
2 5 0
3 5 0
t 50 14
m0 9 0
1 6 0
2 6 0
3 6 0
t 49 14
m0 8 0
1 5 0
2 5 0
3 5 0
t 48 14
m0 9 0
1 6 0
2 6 0
3 6 0
t 47 14
m0 8 0
1 5 0
2 5 0
3 5 0
t 46 14
m0 9 0
1 6 0
2 6 0
3 6 0
t 45 14
m0 8 0
1 5 0
2 5 0
3 5 0
t 44 14
m0 9 0
1 6 0
2 6 0
3 6 0
t 43 14
m0 8 0
1 5 0
2 5 0
3 5 0
t 42 14
m0 9 0
1 6 0
2 6 0
3 6 0
t 41 14
m0 8 0
1 5 0
2 5 0
3 5 0
t 40 14
m0 9 0
1 6 0
2 6 0
3 6 0
t 39 14
m0 8 0
1 5 0
2 5 0
3 5 0
t 38 14
m0 9 0
1 6 0
2 6 0
3 6 0
t 37 14
m0 8 0
1 5 0
2 5 0
3 5 0
t 36 14
m0 9 0
1 6 0
2 6 0
3 6 0
t 35 14
m0 8 0
1 5 0
2 5 0
3 5 0
t 34 14
m0 9 0
1 6 0
2 6 0
3 6 0
t 33 14
m0 8 0
1 5 0
2 5 0
3 5 0
t 32 14
m0 9 0
1 6 0
2 6 0
3 6 0
t 31 14
m0 8 0
1 5 0
2 5 0
3 5 0
t 30 14
m0 9 0
1 6 0
2 6 0
3 6 0
t 29 14
m0 8 0
1 5 0
2 5 0
3 5 0
t 28 14
m0 9 0
1 6 0
2 6 0
3 6 0
t 27 14
m0 8 0
1 5 0
2 5 0
3 5 0
t 26 14
m0 9 0
1 6 0
2 6 0
3 6 0
t 25 14
m0 8 0
1 5 0
2 5 0
3 5 0
t 24 14
m0 9 0
1 6 0
2 6 0
3 6 0
t 23 14
m0 8 0
1 5 0
2 5 0
3 5 0
t 22 14
m0 9 0
1 6 0
2 6 0
3 6 0
t 21 14
m0 8 0
1 5 0
2 5 0
3 5 0
t 20 14
m0 9 0
1 6 0
2 6 0
3 6 0
t 19 14
m0 8 0
1 5 0
2 5 0
3 5 0
t 18 14
m0 9 0
1 6 0
2 6 0
3 6 0
t 17 14
m0 8 0
1 5 0
2 5 0
3 5 0
t 16 14
m0 9 0
1 6 0
2 6 0
3 6 0
t 15 14
m0 8 0
1 5 0
2 5 0
3 5 0
t 14 14
m0 9 0
1 6 0
2 6 0
3 6 0
t 13 14
m0 8 0
1 5 0
2 5 0
3 5 0
t 12 14
m0 9 0
1 6 0
2 6 0
3 6 0
t 11 14
m0 8 0
1 5 0
2 5 0
3 5 0
t 10 14
m0 9 0
1 6 0
2 6 0
3 6 0
t 9 14
m0 8 0
1 5 0
2 5 0
3 5 0
t 8 14
m0 9 0
1 6 0
2 6 0
3 6 0
t 7 14
m0 8 0
1 5 0
2 5 0
3 5 0
t 6 14
m0 9 0
1 6 0
2 6 0
3 6 0
t 5 14
m0 8 0
1 5 0
2 5 0
3 5 0
t 4 14
m0 9 0
1 6 0
2 6 0
3 6 0
t 3 14
m0 8 0
1 5 0
2 5 0
3 5 0
t 2 14
m0 9 0
1 6 0
2 6 0
3 6 0
t 1 14
m0 8 0
1 6 0
2 6 0
3 6 0
t 0 14
