10
15
w 5 9
w 6 9
w 7 3
w 8 0
w 2 1
w 8 9
w 1 11
w 8 5
w 8 14
w 6 7
w 2 9
w 8 1
w 4 1
w 0 0
w 9 14
w 3 13
w 6 11
w 1 13
w 8 11
w 2 3
w 0 5
w 8 7
w 1 9
w 6 5
w 5 3
w 3 5
w 2 7
w 7 9
w 0 1
w 4 6
w 8 12
w 6 1
w 3 1
w 2 11
w 6 13
w 4 3
w 8 4
p 4 7
p 1 3
p 8 13
p 9 1
p 4 8
p 7 12
p 2 8
p 9 8
p 2 12
p 9 4
p 3 7
p 7 11
p 5 1
p 2 5
p 7 2
p 3 14
p 1 2
p 9 0
p 4 9
p 3 3
p 5 12
p 6 10
p 1 14
p 3 10
p 7 6
p 4 4
p 6 3
p 0 11
p 3 6
p 5 0
p 0 4
p 7 10
p 9 7
p 7 14
p 8 2
p 5 11
p 4 5
p 9 3
p 6 0
p 0 12
p 3 9
p 1 0
p 2 14
p 9 6
p 9 13
p 8 3
p 5 10
p 1 12
p 0 13
p 9 9
p 3 8
p 0 6
p 1 8
p 9 5
p 5 2
p 2 4
m0 0 14
1 9 0
2 9 0
3 9 0
t 300 0
m0 0 14
1 9 1
2 9 1
3 9 1
t 299 0
m0 0 14
1 9 2
2 9 0
3 9 2
t 298 0
m0 0 13
1 8 2
2 9 1
3 9 1
t 297 1
m0 0 14
1 9 2
2 9 0
3 9 0
f 3 11
t 296 1
m0 0 13
1 8 2
2 9 1
3 9 1
t 295 1
m0 0 13
1 9 2
2 9 2
3 9 2
t 294 1
m0 0 14
1 9 1
2 9 1
3 9 3
t 293 1
m0 0 14
1 9 0
2 9 2
3 9 2
t 292 1
m0 1 14
1 9 1
2 9 3
3 9 1
t 291 2
m0 2 14
1 9 0
2 9 4
3 9 0
t 290 3
m0 2 13
1 9 1
2 9 5
3 9 1
t 289 3
m0 2 14
1 9 0
2 9 4
3 9 2
t 288 3
m0 2 13
1 9 1
2 9 3
3 9 3
t 287 3
m0 2 12
1 9 0
2 9 2
3 8 3
t 286 4
m0 2 12
1 9 1
2 9 3
3 8 2
t 285 4
m0 3 12
1 9 2
2 8 3
3 7 2
t 284 4
m0 3 11
1 9 1
2 8 2
3 7 1
t 283 14
m0 3 11
1 9 0
2 7 2
3 7 2
t 282 14
m0 3 12
1 9 1
2 7 1
3 7 1
t 281 14
m0 3 12
1 9 2
2 7 0
3 7 0
t 280 14
m0 2 12
1 9 1
2 7 1
3 6 0
t 279 14
m0 3 12
1 9 2
2 7 0
3 7 0
t 278 14
m0 3 12
1 9 1
2 7 1
3 7 1
t 277 14
m0 3 11
1 9 0
2 7 2
3 7 2
t 276 14
m0 4 11
1 9 1
2 8 2
3 7 1
t 275 14
m0 4 12
1 9 2
2 9 2
3 7 2
t 274 14
m0 4 12
1 8 2
2 8 2
3 8 2
t 273 14
m0 3 12
1 8 3
2 9 2
3 9 2
t 272 14
m0 4 12
1 8 2
2 8 2
3 9 1
t 271 14
m0 3 12
1 8 3
2 9 2
3 9 2
t 270 14
m0 2 12
1 9 3
2 9 1
3 8 2
t 269 14
m0 1 12
1 9 2
2 9 2
3 8 3
t 268 15
m0 0 12
1 8 2
2 9 1
3 9 3
t 267 16
m0 0 12
1 7 2
2 9 0
3 8 3
t 266 16
m0 0 11
1 8 2
2 9 1
3 8 2
t 265 17
m0 0 11
1 7 2
2 9 0
3 7 2
t 264 17
m0 0 12
1 8 2
2 9 1
3 6 2
t 263 17
m0 0 11
1 8 3
2 9 0
3 5 2
t 262 17
m0 0 12
1 9 3
2 9 1
3 6 2
t 261 17
m0 0 12
1 9 2
2 9 2
3 5 2
t 260 17
m0 1 12
1 8 2
2 8 2
3 5 1
t 259 17
m0 2 12
1 7 2
2 9 2
3 5 0
t 258 17
m0 2 12
1 8 2
2 8 2
3 4 0
t 257 17
m0 3 12
1 7 2
2 9 2
3 5 0
t 256 17
m0 3 12
1 7 1
2 8 2
3 6 0
t 255 17
m0 3 11
1 7 2
2 7 2
3 5 0
t 254 17
m0 3 10
1 6 2
2 6 2
3 6 0
t 253 18
m0 3 9
1 7 2
2 6 3
3 7 0
t 252 19
m0 4 9
1 8 2
2 6 2
3 7 1
t 251 20
m0 3 9
1 8 3
2 5 2
3 7 2
t 250 20
m0 3 8
1 8 2
2 5 1
3 7 1
t 249 21
m0 3 9
1 7 2
2 5 2
3 7 2
t 248 21
m0 4 9
1 7 1
2 4 2
3 7 1
t 247 21
m0 4 9
1 7 0
2 5 2
3 7 0
t 246 21
m0 4 8
1 6 0
2 6 2
3 6 0
t 245 22
m0 4 9
1 5 0
2 5 2
3 7 0
t 244 22
m0 3 9
1 4 0
2 6 2
3 6 0
t 243 22
m0 4 9
1 3 0
2 5 2
3 5 0
t 242 22
m0 4 9
1 2 0
2 6 2
3 5 1
t 241 22
m0 4 8
1 1 0
2 7 2
3 5 2
t 240 22
m0 4 7
1 1 1
2 7 1
3 6 2
t 239 23
m0 4 8
1 1 2
2 7 0
3 7 2
t 238 23
m0 4 8
1 0 2
2 6 0
3 8 2
t 237 23
m0 3 8
1 1 2
2 7 0
3 9 2
t 236 23
m0 3 8
1 1 1
2 7 1
3 9 3
t 235 23
m0 3 9
1 1 0
2 7 2
3 9 4
t 234 23
m0 3 10
1 1 1
2 8 2
3 9 3
t 233 23
m0 3 9
1 1 0
2 9 2
3 9 4
t 232 23
m0 3 9
1 1 1
2 9 3
3 9 3
t 231 23
m0 4 9
1 1 2
2 9 4
3 9 4
f 4 2
t 230 23
m0 3 9
1 1 1
2 9 5
3 9 3
t 229 23
m0 3 10
1 1 0
2 9 4
3 9 2
t 228 23
m0 4 10
1 1 1
2 9 5
3 8 2
t 227 23
m0 4 9
1 1 0
2 9 4
3 7 2
t 226 23
m0 4 9
1 2 0
2 9 3
3 7 1
t 225 23
m0 4 9
1 1 0
2 9 2
3 7 0
t 224 23
m0 4 9
1 2 0
2 9 1
3 7 1
t 223 23
m0 3 9
1 1 0
2 9 0
3 7 0
t 222 23
m0 4 9
1 1 1
2 9 1
3 6 0
t 221 23
m0 4 10
1 1 0
2 9 0
3 7 0
t 220 23
m0 4 9
1 1 1
2 9 1
3 6 0
t 219 23
m0 3 9
1 1 0
2 9 0
3 5 0
t 218 23
m0 3 10
1 1 1
2 9 1
3 5 1
t 217 23
m0 4 10
1 1 0
2 9 0
3 5 2
t 216 23
m0 4 9
1 2 0
2 9 1
3 6 2
t 215 23
m0 4 8
1 1 0
2 9 2
3 7 2
t 214 23
m0 4 9
1 1 1
2 9 1
3 8 2
t 213 23
m0 4 8
1 1 0
2 9 2
3 8 3
t 212 23
m0 4 7
1 1 1
2 9 1
3 9 3
t 211 23
m0 5 7
1 1 2
2 9 2
3 8 3
t 210 23
m0 5 7
1 0 2
2 9 3
3 8 2
t 209 23
m0 4 7
1 0 3
2 9 2
3 8 3
t 208 23
m0 3 7
1 0 2
2 8 2
3 8 2
t 207 24
m0 3 7
1 1 2
2 7 2
3 9 2
t 206 24
m0 3 6
1 0 2
2 7 1
3 9 1
t 205 25
m0 3 6
1 0 3
2 7 2
3 9 0
t 204 25
m0 3 7
1 1 3
2 7 1
3 9 1
t 203 25
m0 3 8
1 0 3
2 7 2
3 9 2
t 202 25
m0 3 7
1 0 2
2 8 2
3 9 1
t 201 25
m0 3 8
1 0 3
2 7 2
3 9 2
t 200 25
m0 3 7
1 0 2
2 8 2
3 8 2
t 199 25
m0 3 7
1 1 2
2 9 2
3 9 2
t 198 25
m0 3 8
1 1 3
2 8 2
3 9 1
t 197 25
m0 3 7
1 0 3
2 8 3
3 9 0
t 196 25
m0 3 7
1 0 4
2 9 3
3 9 1
t 195 25
m0 3 7
1 0 3
2 9 4
3 9 2
t 194 25
m0 3 7
1 0 2
2 9 3
3 9 1
t 193 25
m0 3 6
1 0 3
2 9 2
3 9 2
t 192 25
m0 3 6
1 0 4
2 8 2
3 9 1
t 191 25
m0 3 7
1 0 3
2 8 3
3 9 2
t 190 25
m0 4 7
1 0 2
2 8 2
3 9 3
t 189 25
m0 3 7
1 0 3
2 8 3
3 9 2
t 188 25
m0 3 8
1 0 2
2 9 3
3 9 3
t 187 25
m0 3 7
1 1 2
2 8 3
3 8 3
t 186 25
m0 3 6
1 1 1
2 9 3
3 8 2
t 185 25
m0 2 6
1 1 2
2 9 2
3 9 2
t 184 25
m0 2 6
1 1 1
2 9 3
3 8 2
t 183 25
m0 1 6
1 1 0
2 9 2
3 7 2
t 182 25
m0 1 7
1 2 0
2 9 3
3 8 2
t 181 25
m0 1 6
1 3 0
2 9 2
3 9 2
t 180 25
m0 1 5
1 4 0
2 8 2
3 8 2
t 179 25
m0 1 5
1 5 0
2 7 2
3 8 3
t 178 25
m0 2 5
1 6 0
2 8 2
3 8 2
t 177 26
m0 2 6
1 5 0
2 8 3
3 8 3
t 176 26
m0 1 6
1 5 1
2 8 2
3 9 3
t 175 26
m0 0 6
1 5 0
2 7 2
3 9 2
t 174 27
m0 1 6
1 5 1
2 6 2
3 8 2
t 173 27
m0 1 5
1 5 0
2 5 2
3 7 2
t 172 27
m0 2 5
1 6 0
2 5 1
3 6 2
t 171 27
m0 2 5
1 5 0
2 5 2
3 7 2
t 170 27
m0 2 4
1 4 0
2 5 1
3 8 2
t 169 28
m0 3 4
1 3 0
2 5 0
3 9 2
t 168 28
m0 3 3
1 2 0
2 6 0
3 9 1
t 167 29
m0 3 3
1 3 0
2 7 0
3 9 0
t 166 29
m0 3 2
1 4 0
2 7 1
3 9 1
t 165 29
m0 3 3
1 3 0
2 7 0
3 9 2
t 164 29
m0 3 3
1 4 0
2 6 0
3 9 3
t 163 29
m0 3 4
1 3 0
2 7 0
3 9 2
t 162 29
m0 4 4
1 4 0
2 6 0
3 9 1
t 161 30
m0 4 5
1 3 0
2 5 0
3 9 2
t 160 31
m0 4 4
1 2 0
2 5 1
3 9 1
t 159 31
m0 4 5
1 1 0
2 5 0
3 9 2
t 158 31
m0 5 5
1 1 1
2 6 0
3 9 1
t 157 31
m0 5 5
1 1 0
2 7 0
3 9 2
t 156 31
m0 5 6
1 1 1
2 6 0
3 9 1
t 155 31
m0 6 6
1 1 2
2 5 0
3 9 0
t 154 31
m0 7 6
1 1 3
2 4 0
3 9 1
t 153 32
m0 7 5
1 1 2
2 5 0
3 9 0
t 152 32
m0 7 6
1 1 1
2 4 0
3 9 1
t 151 32
m0 7 5
1 1 0
2 3 0
3 9 0
t 150 32
m0 7 6
1 2 0
2 2 0
3 9 1
t 149 32
m0 7 6
1 1 0
2 1 0
3 9 0
t 148 32
m0 7 7
1 1 1
2 1 1
3 9 1
t 147 32
m0 7 7
1 1 2
2 1 0
3 9 2
t 146 32
m0 7 6
1 2 2
2 2 0
3 9 1
t 145 32
m0 7 6
1 3 2
2 1 0
3 9 2
t 144 32
m0 8 6
1 2 2
2 1 1
3 9 1
t 143 32
m0 9 6
1 3 2
2 1 2
3 9 2
t 142 33
m0 9 6
1 4 2
2 1 1
3 8 2
t 141 33
m0 9 6
1 5 2
2 1 0
3 9 2
t 140 33
m0 8 6
1 5 1
2 2 0
3 9 3
t 139 33
m0 9 6
1 5 2
2 3 0
3 8 3
t 138 33
m0 8 6
1 5 1
2 4 0
3 8 2
t 137 33
m0 9 6
1 5 2
2 3 0
3 9 2
t 136 33
m0 9 5
1 6 2
2 4 0
3 9 1
t 135 34
m0 9 4
1 5 2
2 3 0
3 9 2
t 134 35
m0 9 3
1 4 2
2 4 0
3 8 2
t 133 36
m0 9 3
1 3 2
2 3 0
3 7 2
t 132 36
m0 9 4
1 2 2
2 2 0
3 8 2
t 131 36
m0 9 4
1 1 2
2 3 0
3 7 2
t 130 36
m0 9 3
1 0 2
2 4 0
3 7 1
t 129 36
m0 8 3
1 0 3
2 3 0
3 7 0
t 128 37
m0 9 3
1 1 3
2 2 0
3 7 1
t 127 37
m0 8 3
1 1 4
2 1 0
3 7 0
t 126 37
m0 8 2
1 1 5
2 1 1
3 6 0
t 125 38
m0 9 2
1 2 5
2 1 0
3 5 0
t 124 38
m0 9 2
1 1 5
2 2 0
3 5 1
t 123 38
m0 9 1
1 1 6
2 1 0
3 5 0
t 122 39
m0 9 2
1 0 6
2 2 0
3 6 0
t 121 39
m0 8 2
1 1 6
2 1 0
3 7 0
t 120 39
m0 7 2
1 1 7
2 2 0
3 6 0
t 119 40
m0 7 2
1 1 8
2 1 0
3 7 0
t 118 40
m0 6 2
1 0 8
2 1 1
3 6 0
t 117 40
m0 5 2
1 0 9
2 1 0
3 7 0
t 116 41
m0 5 2
1 0 8
2 1 1
3 7 1
t 115 41
m0 5 2
1 1 8
2 1 2
3 7 0
t 114 41
m0 5 2
1 1 7
2 1 3
3 7 1
t 113 41
m0 4 2
1 1 6
2 1 4
3 7 2
t 112 51
m0 4 2
1 1 7
2 1 3
3 8 2
t 111 51
m0 4 2
1 1 8
2 1 4
3 9 2
t 110 51
m0 5 2
1 0 8
2 1 5
3 9 1
t 109 51
m0 6 2
1 0 7
2 2 5
3 9 0
t 108 51
m0 7 2
1 0 6
2 2 6
3 9 1
t 107 51
m0 8 2
1 1 6
2 1 6
3 9 2
t 106 51
m0 7 2
1 2 6
2 1 7
3 9 1
t 105 51
m0 6 2
1 1 6
2 1 6
3 9 0
t 104 51
m0 6 2
1 1 5
2 0 6
3 9 1
t 103 51
m0 6 3
1 1 6
2 1 6
3 9 2
t 102 52
m0 6 4
1 0 6
2 0 6
3 9 3
f 0 13
t 101 52
m0 6 3
1 1 6
2 1 6
3 9 2
t 100 52
m0 6 4
1 1 7
2 1 7
3 9 1
t 99 52
m0 6 3
1 0 7
2 0 7
3 9 0
t 98 52
m0 6 4
1 0 8
2 0 6
3 9 1
t 97 52
m0 7 4
1 0 9
2 0 7
3 9 2
t 96 52
m0 6 4
1 0 10
2 0 6
3 9 1
t 95 52
m0 5 4
1 0 11
2 0 7
3 9 0
t 94 52
m0 6 4
1 0 10
2 1 7
3 9 1
t 93 52
m0 7 4
1 1 10
2 1 8
3 9 0
t 92 52
m0 7 4
1 2 10
2 2 8
3 9 1
t 91 52
m0 6 4
1 1 10
2 3 8
3 9 2
t 90 52
m0 6 3
1 0 10
2 2 8
3 9 1
t 89 52
m0 6 2
1 1 10
2 1 8
3 9 2
t 88 52
m0 7 2
1 0 10
2 1 7
3 9 3
t 87 52
m0 8 2
1 0 9
2 0 7
3 9 4
t 86 52
m0 8 3
1 0 8
2 0 6
3 9 5
t 85 52
m0 9 3
1 1 8
2 1 6
3 9 6
t 84 52
m0 9 2
1 0 8
2 1 5
3 9 7
t 83 52
m0 9 2
1 0 7
2 1 4
3 9 6
t 82 52
m0 9 1
1 0 6
2 2 4
3 9 7
t 81 52
m0 9 1
1 1 6
2 2 5
3 9 8
t 80 52
m0 9 1
1 0 6
2 1 5
3 9 9
t 79 52
m0 9 2
1 0 7
2 2 5
3 9 10
t 78 52
m0 9 2
1 1 7
2 2 6
3 9 11
t 77 52
m0 9 2
1 1 8
2 1 6
3 9 10
t 76 52
m0 9 2
1 0 8
2 0 6
3 8 10
t 75 52
m0 9 2
1 0 9
2 0 7
3 9 10
t 74 52
m0 9 1
1 0 10
2 0 6
3 8 10
t 73 52
m0 9 0
1 0 11
2 1 6
3 7 10
t 72 53
m0 9 1
1 0 12
2 0 6
3 6 10
t 71 53
m0 9 2
1 0 13
2 0 7
3 5 10
t 70 53
m0 8 2
1 0 14
2 0 8
3 5 11
t 69 53
m0 8 3
1 0 13
2 0 9
3 4 11
t 68 53
m0 8 2
1 0 14
2 0 10
3 4 10
t 67 53
m0 7 2
1 1 14
2 1 10
3 4 9
t 66 53
m0 6 2
1 0 14
2 2 10
3 3 9
t 65 53
m0 6 3
1 1 14
2 3 10
3 4 9
t 64 53
m0 6 3
1 2 14
2 3 11
3 3 9
t 63 53
m0 6 2
1 1 14
2 4 11
3 3 10
t 62 53
m0 6 3
1 0 14
2 3 11
3 4 10
t 61 53
m0 6 2
1 1 14
2 3 12
3 3 10
t 60 53
m0 6 3
1 0 14
2 4 12
3 4 10
t 59 53
m0 6 2
1 0 13
2 5 12
3 4 11
t 58 53
m0 6 2
1 0 14
2 4 12
3 5 11
t 57 53
m0 7 2
1 0 13
2 3 12
3 4 11
t 56 53
m0 6 2
1 0 12
2 4 12
3 5 11
t 55 53
m0 5 2
1 0 11
2 3 12
3 4 11
t 54 53
m0 4 2
1 0 10
2 3 11
3 4 12
t 53 53
m0 3 2
1 0 11
2 3 12
3 4 13
t 52 53
m0 3 2
1 0 10
2 4 12
3 4 14
t 51 53
m0 3 2
1 0 11
2 4 13
3 5 14
t 50 53
m0 2 2
1 0 10
2 4 14
3 4 14
t 49 53
m0 2 2
1 0 9
2 5 14
3 3 14
t 48 53
m0 1 2
1 0 8
2 4 14
3 4 14
t 47 54
m0 2 2
1 0 9
2 5 14
3 5 14
t 46 54
m0 1 2
1 0 10
2 5 13
3 5 13
t 45 54
m0 1 3
1 0 9
2 5 12
3 5 12
t 44 55
m0 0 3
1 0 8
2 5 13
3 5 11
t 43 55
m0 0 2
1 0 7
2 4 13
3 5 12
t 42 55
m0 0 3
1 0 8
2 4 14
3 5 13
t 41 55
m0 0 2
1 1 8
2 5 14
3 5 14
t 40 55
m0 0 3
1 2 8
2 4 14
3 5 13
t 39 55
m0 0 3
1 1 8
2 5 14
3 5 12
t 38 55
m0 0 4
1 2 8
2 6 14
3 6 12
t 37 56
m0 0 4
1 3 8
2 5 14
3 7 12
t 36 56
m0 0 4
1 3 7
2 6 14
3 7 11
t 35 56
m0 1 4
1 4 7
2 5 14
3 7 12
t 34 56
m0 1 3
1 5 7
2 5 13
3 7 13
t 33 56
m0 1 3
1 5 8
2 5 14
3 8 13
t 32 56
m0 1 3
1 6 8
2 5 13
3 7 13
t 31 56
m0 1 3
1 7 8
2 5 14
3 7 14
t 30 56
m0 1 4
1 8 8
2 6 14
3 6 14
t 29 56
m0 1 5
1 7 8
2 7 14
3 7 14
t 28 56
m0 1 5
1 8 8
2 6 14
3 7 13
t 27 56
m0 1 6
1 9 8
2 7 14
3 7 12
t 26 56
m0 1 6
1 9 9
2 6 14
3 6 12
t 25 56
m0 0 6
1 9 10
2 5 14
3 5 12
t 24 56
m0 1 6
1 8 10
2 6 14
3 5 13
t 23 56
m0 1 7
1 9 10
2 7 14
3 4 13
t 22 56
m0 0 7
1 9 11
2 7 13
3 4 12
t 21 56
m0 0 8
1 9 12
2 8 13
3 4 11
t 20 56
m0 0 8
1 9 13
2 9 13
3 4 10
t 19 56
m0 0 8
1 8 13
2 8 13
3 4 11
t 18 56
m0 0 7
1 7 13
2 7 13
3 4 12
t 17 56
m0 0 7
1 7 12
2 7 14
3 4 11
t 16 56
m0 0 6
1 7 11
2 6 14
3 4 12
t 15 56
m0 1 6
1 7 12
2 7 14
3 5 12
t 14 56
m0 1 5
1 6 12
2 6 14
3 6 12
t 13 56
m0 1 4
1 5 12
2 5 14
3 5 12
t 12 56
m0 2 4
1 5 11
2 4 14
3 5 13
t 11 56
m0 2 4
1 5 12
2 5 14
3 5 12
t 10 56
m0 1 4
1 5 11
2 6 14
3 5 13
t 9 56
m0 1 4
1 5 10
2 5 14
3 5 14
t 8 56
m0 2 4
1 6 10
2 5 13
3 4 14
t 7 56
m0 3 4
1 7 10
2 5 14
3 5 14
t 6 56
m0 2 4
1 6 10
2 4 14
3 4 14
t 5 56
m0 3 4
1 7 10
2 5 14
3 5 14
t 4 56
m0 4 4
1 6 10
2 4 14
3 5 13
t 3 56
m0 4 4
1 7 10
2 5 14
3 5 14
t 2 56
m0 5 4
1 8 10
2 6 14
3 6 14
t 1 56
m0 4 4
1 8 10
2 6 14
3 6 14
t 0 56
