10
15
w 5 9
w 6 9
w 1 3
w 7 12
w 3 0
w 8 0
w 8 9
w 6 2
w 4 12
w 5 1
w 3 14
w 8 14
w 6 7
w 5 5
w 3 10
w 4 4
w 8 10
w 7 10
w 1 1
w 5 4
w 2 6
w 8 2
w 5 11
w 1 13
w 4 14
w 1 4
w 7 5
w 8 7
w 0 8
w 7 9
w 2 7
w 8 3
w 4 6
w 1 12
w 3 8
w 6 13
w 0 9
p 9 1
p 4 8
p 2 8
p 7 7
p 2 1
p 1 6
p 2 12
p 7 11
p 1 11
p 7 2
p 5 8
p 1 2
p 4 0
p 9 0
p 4 9
p 7 6
p 5 12
p 1 5
p 0 11
p 2 13
p 2 2
p 1 10
p 8 6
p 0 4
p 4 1
p 9 7
p 7 14
p 3 2
p 4 5
p 9 3
p 6 0
p 2 10
p 9 10
p 6 12
p 4 2
p 2 14
p 9 6
p 4 11
p 3 5
p 7 8
p 9 13
p 3 12
p 5 10
p 8 12
p 9 2
p 6 1
p 7 13
p 5 7
p 9 9
p 7 4
p 8 8
p 4 3
p 9 5
p 5 2
p 9 12
p 8 4
m0 0 14
1 9 0
2 9 0
3 9 0
t 300 0
m0 0 14
1 9 1
2 9 1
3 9 1
t 299 0
m0 0 14
1 9 0
2 8 1
3 9 2
t 298 0
m0 0 14
1 9 1
2 7 1
3 9 3
t 297 0
m0 1 14
1 9 0
2 6 1
3 9 4
t 296 0
m0 1 14
1 9 1
2 6 0
3 8 4
t 295 0
m0 2 14
1 9 0
2 5 0
3 7 4
t 294 1
m0 2 13
1 9 1
2 4 0
3 6 4
t 293 2
m0 3 13
1 9 0
2 4 1
3 7 4
t 292 2
m0 3 13
1 9 1
2 4 0
3 6 4
t 291 2
m0 3 13
1 9 0
2 4 1
3 7 4
t 290 2
m0 3 12
1 9 1
2 4 0
3 6 4
t 289 3
m0 3 13
1 9 0
2 4 1
3 7 4
t 288 3
m0 4 13
1 9 1
2 4 0
3 6 4
t 287 3
m0 5 13
1 9 0
2 4 1
3 7 4
t 286 3
m0 4 13
1 9 1
2 4 0
3 6 4
t 285 3
m0 3 13
1 9 0
2 4 1
3 7 4
t 284 3
m0 2 13
1 9 1
2 4 0
3 6 4
t 283 3
m0 2 12
1 9 0
2 4 1
3 7 4
t 282 4
m0 3 12
1 9 1
2 4 0
3 6 4
t 281 4
m0 3 13
1 9 0
2 4 1
3 7 4
t 280 4
m0 2 13
1 9 1
2 4 0
3 6 4
t 279 4
m0 2 14
1 9 0
2 4 1
3 7 4
t 278 4
m0 2 13
1 9 1
2 4 0
3 6 4
t 277 4
m0 2 12
1 9 0
2 4 1
3 7 4
t 276 4
m0 2 13
1 9 1
2 4 0
3 6 4
f 9 11
t 275 4
m0 2 13
1 9 0
2 4 1
3 7 4
t 274 4
m0 3 13
1 9 1
2 4 0
3 6 4
t 273 4
m0 2 13
1 9 0
2 4 1
3 7 4
t 272 4
m0 2 12
1 9 1
2 4 0
3 6 4
t 271 4
m0 2 12
1 9 0
2 4 1
3 7 4
t 270 4
m0 2 13
1 9 1
2 4 0
3 6 4
t 269 4
m0 2 14
1 9 0
2 4 1
3 7 4
t 268 4
m0 2 14
1 9 1
2 4 0
3 6 4
t 267 4
m0 2 13
1 9 0
2 4 1
3 7 4
t 266 4
m0 2 14
1 9 1
2 4 0
3 6 4
t 265 4
m0 2 14
1 9 0
2 4 1
3 7 4
t 264 4
m0 2 13
1 9 1
2 4 0
3 6 4
t 263 4
m0 3 13
1 9 0
2 4 1
3 7 4
t 262 4
m0 4 13
1 9 1
2 4 0
3 6 4
t 261 4
m0 4 13
1 9 0
2 4 1
3 7 4
t 260 4
m0 5 13
1 9 1
2 4 0
3 6 4
t 259 4
m0 5 14
1 9 0
2 4 1
3 7 4
t 258 4
m0 6 14
1 9 1
2 4 0
3 6 4
t 257 4
m0 5 14
1 9 0
2 4 1
3 7 4
t 256 4
m0 6 14
1 9 1
2 4 0
3 6 4
t 255 4
m0 5 14
1 9 0
2 4 1
3 7 4
t 254 4
m0 6 14
1 9 1
2 4 0
3 6 4
t 253 4
m0 6 14
1 9 0
2 4 1
3 7 4
t 252 4
m0 7 14
1 9 1
2 4 0
3 6 4
t 251 5
m0 7 14
1 9 0
2 4 1
3 7 4
t 250 5
m0 7 14
1 9 1
2 4 0
3 6 4
t 249 5
m0 7 13
1 9 0
2 4 1
3 7 4
t 248 6
m0 7 13
1 9 1
2 4 0
3 6 4
t 247 6
m0 8 13
1 9 0
2 4 1
3 7 4
t 246 6
m0 8 12
1 9 1
2 4 0
3 6 4
t 245 7
m0 9 12
1 9 0
2 4 1
3 7 4
t 244 8
m0 9 12
1 9 1
2 4 0
3 6 4
t 243 8
m0 9 11
1 9 0
2 4 1
3 7 4
t 242 18
m0 9 10
1 9 1
2 4 0
3 6 4
t 241 19
m0 9 9
1 9 0
2 4 1
3 7 4
t 240 20
m0 9 9
1 9 1
2 4 0
3 6 4
t 239 20
m0 9 10
1 9 0
2 4 1
3 7 4
t 238 20
m0 9 11
1 9 1
2 4 0
3 6 4
t 237 20
m0 8 11
1 9 0
2 4 1
3 7 4
t 236 20
m0 7 11
1 9 1
2 4 0
3 6 4
t 235 21
m0 6 11
1 9 0
2 4 1
3 7 4
t 234 21
m0 7 11
1 9 1
2 4 0
3 6 4
t 233 21
m0 7 11
1 9 0
2 4 1
3 7 4
t 232 21
m0 8 11
1 9 1
2 4 0
3 6 4
t 231 21
m0 8 12
1 9 0
2 4 1
3 7 4
t 230 21
m0 8 13
1 9 1
2 4 0
3 6 4
t 229 21
m0 8 13
1 9 0
2 4 1
3 7 4
t 228 21
m0 8 12
1 9 1
2 4 0
3 6 4
t 227 21
m0 8 12
1 9 0
2 4 1
3 7 4
t 226 21
m0 8 13
1 9 1
2 4 0
3 6 4
t 225 21
m0 8 12
1 9 0
2 4 1
3 7 4
t 224 21
m0 9 12
1 9 1
2 4 0
3 6 4
f 2 13
t 223 21
m0 9 11
1 9 0
2 4 1
3 7 4
t 222 21
m0 9 10
1 9 1
2 4 0
3 6 4
t 221 21
m0 9 11
1 9 0
2 4 1
3 7 4
t 220 21
m0 8 11
1 9 1
2 4 0
3 6 4
t 219 21
m0 8 11
1 9 0
2 4 1
3 7 4
t 218 21
m0 7 11
1 9 1
2 4 0
3 6 4
t 217 21
m0 7 11
1 9 0
2 4 1
3 7 4
t 216 21
m0 6 11
1 9 1
2 4 0
3 6 4
t 215 21
m0 6 10
1 9 0
2 4 1
3 7 4
t 214 21
m0 5 10
1 9 1
2 4 0
3 6 4
t 213 22
m0 5 10
1 9 0
2 4 1
3 7 4
t 212 22
m0 4 10
1 9 1
2 4 0
3 6 4
t 211 22
m0 4 11
1 9 0
2 4 1
3 7 4
t 210 23
m0 4 11
1 9 1
2 4 0
3 6 4
t 209 23
m0 3 11
1 9 0
2 4 1
3 7 4
t 208 23
m0 3 11
1 9 1
2 4 0
3 6 4
t 207 23
m0 3 12
1 9 0
2 4 1
3 7 4
t 206 23
m0 3 12
1 9 1
2 4 0
3 6 4
t 205 23
m0 2 12
1 9 0
2 4 1
3 7 4
t 204 23
m0 2 12
1 9 1
2 4 0
3 6 4
t 203 23
m0 2 13
1 9 0
2 4 1
3 7 4
t 202 33
m0 3 13
1 9 1
2 4 0
3 6 4
t 201 33
m0 2 13
1 9 0
2 4 1
3 7 4
t 200 33
m0 3 13
1 9 1
2 4 0
3 6 4
t 199 33
m0 3 13
1 9 0
2 4 1
3 7 4
f 2 3
t 198 33
m0 3 13
1 9 1
2 4 0
3 6 4
t 197 33
m0 2 13
1 9 0
2 4 1
3 7 4
t 196 33
m0 2 14
1 9 1
2 4 0
3 6 4
t 195 33
m0 2 14
1 9 0
2 4 1
3 7 4
t 194 33
m0 2 14
1 9 1
2 4 0
3 6 4
t 193 33
m0 1 14
1 9 0
2 4 1
3 7 4
t 192 33
m0 1 14
1 9 1
2 4 0
3 6 4
t 191 33
m0 1 14
1 9 0
2 4 1
3 7 4
t 190 33
m0 1 14
1 9 1
2 4 0
3 6 4
t 189 33
m0 2 14
1 9 0
2 4 1
3 7 4
t 188 33
m0 2 13
1 9 1
2 4 0
3 6 4
t 187 33
m0 2 12
1 9 0
2 4 1
3 7 4
t 186 33
m0 2 11
1 9 1
2 4 0
3 6 4
t 185 33
m0 2 11
1 9 0
2 4 1
3 7 4
t 184 33
m0 2 10
1 9 1
2 4 0
3 6 4
t 183 34
m0 2 10
1 9 0
2 4 1
3 7 4
t 182 34
m0 2 10
1 9 1
2 4 0
3 6 4
t 181 34
m0 2 9
1 9 0
2 4 1
3 7 4
t 180 34
m0 1 9
1 9 1
2 4 0
3 6 4
t 179 34
m0 1 10
1 9 0
2 4 1
3 7 4
t 178 35
m0 0 10
1 9 1
2 4 0
3 6 4
t 177 35
m0 0 10
1 9 0
2 4 1
3 7 4
t 176 35
m0 0 11
1 9 1
2 4 0
3 6 4
t 175 36
m0 0 11
1 9 0
2 4 1
3 7 4
t 174 36
m0 0 12
1 9 1
2 4 0
3 6 4
t 173 36
m0 0 12
1 9 0
2 4 1
3 7 4
t 172 36
m0 0 11
1 9 1
2 4 0
3 6 4
t 171 36
m0 0 10
1 9 0
2 4 1
3 7 4
t 170 36
m0 0 11
1 9 1
2 4 0
3 6 4
t 169 36
m0 1 11
1 9 0
2 4 1
3 7 4
t 168 37
m0 1 10
1 9 1
2 4 0
3 6 4
t 167 37
m0 2 10
1 9 0
2 4 1
3 7 4
t 166 37
m0 2 9
1 9 1
2 4 0
3 6 4
t 165 37
m0 1 9
1 9 0
2 4 1
3 7 4
t 164 37
m0 1 8
1 9 1
2 4 0
3 6 4
t 163 37
m0 1 8
1 9 0
2 4 1
3 7 4
t 162 37
m0 1 7
1 9 1
2 4 0
3 6 4
t 161 37
m0 1 6
1 9 0
2 4 1
3 7 4
t 160 38
m0 0 6
1 9 1
2 4 0
3 6 4
t 159 38
m0 0 6
1 9 0
2 4 1
3 7 4
t 158 38
m0 0 5
1 9 1
2 4 0
3 6 4
t 157 38
m0 0 6
1 9 0
2 4 1
3 7 4
t 156 38
m0 1 6
1 9 1
2 4 0
3 6 4
t 155 38
m0 1 6
1 9 0
2 4 1
3 7 4
t 154 38
m0 1 6
1 9 1
2 4 0
3 6 4
t 153 38
m0 1 5
1 9 0
2 5 0
3 7 4
t 152 39
m0 0 5
1 9 1
2 4 0
3 6 4
t 151 39
m0 0 4
1 9 0
2 5 0
3 7 4
t 150 40
m0 0 3
1 9 1
2 4 0
3 6 4
t 149 40
m0 0 3
1 9 0
2 5 0
3 7 4
t 148 40
m0 0 3
1 9 1
2 4 0
3 6 4
t 147 40
m0 0 3
1 9 0
2 5 0
3 7 4
t 146 40
m0 0 4
1 9 1
2 4 0
3 6 4
t 145 40
m0 0 4
1 9 0
2 5 0
3 7 4
t 144 40
m0 0 4
1 9 1
2 4 0
3 6 4
t 143 40
m0 0 5
1 9 0
2 4 1
3 7 4
t 142 40
m0 0 6
1 9 1
2 4 0
3 6 4
t 141 40
m0 0 5
1 9 0
2 4 1
3 7 4
t 140 40
m0 0 5
1 9 1
2 4 0
3 6 4
t 139 40
m0 0 6
1 9 0
2 4 1
3 7 4
t 138 40
m0 0 5
1 9 1
2 4 0
3 6 4
t 137 40
m0 1 5
1 9 0
2 5 0
3 7 4
t 136 40
m0 1 5
1 9 1
2 4 0
3 6 4
t 135 40
m0 2 5
1 9 0
2 5 0
3 7 4
t 134 40
m0 3 5
1 9 1
2 4 0
3 6 4
t 133 41
m0 3 5
1 9 0
2 5 0
3 7 4
t 132 41
m0 4 5
1 9 1
2 4 0
3 8 4
t 131 42
m0 4 5
1 9 0
2 4 1
3 7 4
t 130 42
m0 3 5
1 9 1
2 4 0
3 6 4
t 129 42
m0 2 5
1 9 0
2 5 0
3 7 4
t 128 42
m0 1 5
1 9 1
2 4 0
3 6 4
t 127 42
m0 1 5
1 9 0
2 5 0
3 7 4
t 126 42
m0 1 5
1 9 1
2 4 0
3 6 4
t 125 42
m0 1 5
1 9 0
2 5 0
3 7 4
t 124 42
m0 1 6
1 9 1
2 4 0
3 6 4
t 123 42
m0 0 6
1 9 0
2 4 1
3 7 4
t 122 42
m0 0 5
1 9 1
2 4 0
3 6 4
t 121 42
m0 0 4
1 9 0
2 5 0
3 7 4
t 120 42
m0 0 5
1 9 1
2 4 0
3 6 4
t 119 42
m0 0 4
1 9 0
2 5 0
3 7 4
t 118 42
m0 0 4
1 9 1
2 4 0
3 6 4
t 117 42
m0 0 3
1 9 0
2 5 0
3 7 4
t 116 42
m0 0 4
1 9 1
2 4 0
3 6 4
t 115 42
m0 0 3
1 9 0
2 5 0
3 7 4
t 114 42
m0 0 3
1 9 1
2 4 0
3 6 4
t 113 42
m0 0 4
1 9 0
2 5 0
3 7 4
t 112 42
m0 0 4
1 9 1
2 4 0
3 6 4
t 111 42
m0 0 5
1 9 0
2 4 1
3 7 4
t 110 42
m0 0 6
1 9 1
2 4 0
3 6 4
t 109 42
m0 0 7
1 9 0
2 4 1
3 7 4
t 108 42
m0 1 7
1 9 1
2 4 0
3 6 4
t 107 42
m0 1 6
1 9 0
2 4 1
3 7 4
t 106 42
m0 0 6
1 9 1
2 4 0
3 6 4
t 105 42
m0 0 5
1 9 0
2 4 1
3 7 4
t 104 42
m0 0 6
1 9 1
2 4 0
3 6 4
t 103 42
m0 0 5
1 9 0
2 4 1
3 7 4
t 102 42
m0 0 4
1 9 1
2 4 0
3 6 4
t 101 42
m0 0 5
1 9 0
2 4 1
3 7 4
t 100 42
m0 1 5
1 9 1
2 4 0
3 6 4
t 99 42
m0 2 5
1 9 0
2 5 0
3 7 4
t 98 42
m0 2 4
1 9 1
2 4 0
3 6 4
t 97 42
m0 2 4
1 9 0
2 5 0
3 7 4
t 96 42
m0 2 5
1 9 1
2 4 0
3 6 4
t 95 42
m0 2 5
1 9 0
2 5 0
3 7 4
t 94 42
m0 3 5
1 9 1
2 4 0
3 6 4
t 93 42
m0 2 5
1 9 0
2 5 0
3 7 4
t 92 42
m0 3 5
1 9 1
2 4 0
3 6 4
t 91 42
m0 4 5
1 9 0
2 5 0
3 7 4
t 90 42
m0 4 5
1 9 1
2 4 0
3 8 4
t 89 42
m0 3 5
1 9 0
2 4 1
3 7 4
t 88 42
m0 3 6
1 9 1
2 4 0
3 6 4
t 87 42
m0 3 5
1 9 0
2 5 0
3 7 4
t 86 42
m0 3 4
1 9 1
2 4 0
3 8 4
t 85 42
m0 3 5
1 9 0
2 4 1
3 7 4
t 84 42
m0 3 4
1 9 1
2 4 0
3 8 4
t 83 42
m0 3 3
1 9 0
2 5 0
3 8 5
t 82 42
m0 3 4
1 9 1
2 4 0
3 8 6
t 81 42
m0 3 5
1 9 0
2 4 1
3 9 6
t 80 42
m0 2 5
1 9 1
2 4 0
3 9 7
t 79 42
m0 1 5
1 9 0
2 4 1
3 9 8
t 78 42
m0 1 5
1 9 1
2 4 0
3 9 9
t 77 42
m0 0 5
1 9 2
2 5 0
3 9 10
t 76 42
m0 0 4
1 9 3
2 4 0
3 9 11
t 75 42
m0 0 4
1 9 2
2 5 0
3 9 12
t 74 42
m0 0 4
1 9 3
2 4 0
3 9 13
t 73 42
m0 0 5
1 9 4
2 5 0
3 9 14
t 72 42
m0 1 5
1 9 5
2 4 0
3 9 13
t 71 42
m0 1 5
1 9 4
2 5 0
3 9 14
t 70 42
m0 0 5
1 9 5
2 4 0
3 9 13
t 69 42
m0 0 6
1 9 4
2 5 0
3 9 14
t 68 42
m0 0 6
1 9 5
2 4 0
3 9 13
t 67 42
m0 0 5
1 9 4
2 5 0
3 9 14
t 66 42
m0 1 5
1 9 5
2 4 0
3 9 13
t 65 42
m0 1 6
1 9 4
2 5 0
3 9 14
t 64 42
m0 0 6
1 9 5
2 4 0
3 9 13
t 63 42
m0 0 6
1 9 4
2 5 0
3 9 14
t 62 42
m0 1 6
1 9 5
2 4 0
3 9 13
t 61 42
m0 1 5
1 9 4
2 5 0
3 9 14
t 60 42
m0 2 5
1 9 5
2 6 0
3 9 13
t 59 42
m0 3 5
1 9 4
2 5 0
3 9 14
t 58 42
m0 3 4
1 9 5
2 6 0
3 9 13
t 57 42
m0 3 5
1 9 4
2 5 0
3 9 14
t 56 42
m0 3 4
1 9 5
2 6 0
3 9 13
t 55 42
m0 3 3
1 9 6
2 7 0
3 9 14
t 54 42
m0 3 2
1 9 7
2 6 0
3 9 13
t 53 43
m0 4 2
1 9 6
2 7 0
3 9 14
t 52 44
m0 5 2
1 9 7
2 6 0
3 9 13
t 51 45
m0 5 3
1 9 6
2 7 0
3 9 14
t 50 45
m0 4 3
1 9 7
2 6 0
3 9 13
t 49 46
m0 4 3
1 9 6
2 7 0
3 9 14
t 48 46
m0 5 3
1 9 7
2 6 0
3 9 13
t 47 46
m0 4 3
1 9 6
2 7 0
3 9 14
t 46 46
m0 3 3
1 9 7
2 6 0
3 9 13
t 45 46
m0 3 2
1 9 6
2 7 0
3 9 14
t 44 46
m0 4 2
1 9 7
2 6 0
3 9 13
t 43 46
m0 5 2
1 9 6
2 7 0
3 9 14
t 42 46
m0 5 2
1 9 7
2 6 0
3 9 13
t 41 46
m0 5 3
1 9 6
2 7 0
3 9 14
t 40 46
m0 6 3
1 9 7
2 6 0
3 9 13
t 39 46
m0 5 3
1 9 6
2 7 0
3 9 14
t 38 46
m0 5 3
1 9 7
2 6 0
3 9 13
t 37 46
m0 4 3
1 9 6
2 7 0
3 9 14
t 36 46
m0 3 3
1 9 7
2 6 0
3 9 13
t 35 46
m0 3 4
1 9 6
2 7 0
3 9 14
t 34 46
m0 3 3
1 9 7
2 6 0
3 9 13
t 33 46
m0 2 3
1 9 6
2 7 0
3 9 14
t 32 56
m0 2 3
1 9 7
2 6 0
3 9 13
t 31 56
m0 2 3
1 9 6
2 7 0
3 9 14
f 1 7
t 30 56
m0 2 3
1 9 7
2 6 0
3 9 13
t 29 56
m0 2 2
1 9 6
2 7 0
3 9 14
t 28 57
m0 1 2
1 9 7
2 6 0
3 9 13
t 27 58
m0 2 2
1 9 6
2 7 0
3 9 14
t 26 58
m0 2 1
1 9 7
2 6 0
3 9 13
t 25 59
m0 2 0
1 9 6
2 7 0
3 9 14
t 24 59
m0 1 0
1 9 7
2 7 1
3 9 13
t 23 59
m0 2 0
1 9 6
2 8 1
3 9 14
t 22 59
m0 2 0
1 9 7
2 7 1
3 9 13
t 21 59
m0 2 1
1 9 6
2 7 0
3 9 14
t 20 59
m0 2 1
1 9 7
2 6 0
3 9 13
t 19 59
m0 3 1
1 9 6
2 7 0
3 9 14
t 18 59
m0 3 2
1 9 7
2 6 0
3 9 13
t 17 59
m0 3 2
1 9 6
2 7 0
3 9 14
t 16 59
m0 3 3
1 9 7
2 6 0
3 9 13
t 15 59
m0 3 3
1 9 6
2 7 0
3 9 14
t 14 59
m0 3 3
1 9 7
2 6 0
3 9 13
t 13 59
m0 3 3
1 9 6
2 7 0
3 9 14
t 12 59
m0 3 2
1 9 7
2 6 0
3 9 13
t 11 59
m0 3 3
1 9 6
2 7 0
3 9 14
t 10 59
m0 2 3
1 9 7
2 6 0
3 9 13
t 9 59
m0 3 3
1 9 6
2 7 0
3 9 14
t 8 59
m0 4 3
1 9 7
2 6 0
3 9 13
t 7 59
m0 4 2
1 9 6
2 7 0
3 9 14
t 6 59
m0 4 3
1 9 7
2 6 0
3 9 13
t 5 59
m0 5 3
1 9 6
2 7 0
3 9 14
t 4 59
m0 4 3
1 9 7
2 6 0
3 9 13
t 3 59
m0 4 3
1 9 6
2 7 0
3 9 14
t 2 59
m0 4 2
1 9 7
2 6 0
3 9 13
t 1 59
m0 5 2
1 9 7
2 6 0
3 9 13
t 0 59
