10
15
w 6 9
w 8 13
w 5 6
w 5 13
w 1 6
w 0 3
w 8 5
w 7 2
w 5 8
w 4 0
w 3 10
w 4 4
w 7 6
w 1 5
w 2 13
w 7 10
w 1 10
w 8 6
w 6 4
w 0 0
w 8 2
w 5 11
w 1 13
w 6 0
w 8 7
w 6 12
w 1 0
w 0 8
w 2 7
w 8 3
w 7 0
w 6 8
w 3 12
w 9 2
w 3 1
w 0 13
w 5 2
p 5 9
p 1 3
p 9 1
p 6 6
p 3 0
p 2 8
p 7 12
p 7 7
p 2 1
p 0 7
p 6 2
p 4 12
p 2 12
p 9 4
p 7 11
p 2 5
p 1 11
p 1 2
p 9 0
p 6 7
p 3 3
p 5 12
p 1 14
p 8 10
p 0 11
p 9 11
p 3 6
p 0 4
p 5 0
p 2 2
p 4 10
p 7 14
p 9 14
p 7 1
p 8 11
p 9 3
p 9 10
p 7 5
p 4 2
p 2 14
p 9 6
p 5 3
p 3 5
p 9 13
p 4 6
p 6 1
p 5 7
p 5 14
p 0 6
p 1 8
p 8 8
p 4 3
p 7 8
p 2 4
p 9 12
p 8 4
m0 0 14
1 9 0
2 9 0
3 9 0
t 300 0
m0 0 14
1 8 0
2 8 0
3 8 0
t 299 0
m0 0 14
1 9 0
2 9 0
3 9 0
t 298 0
m0 0 14
1 8 0
2 8 0
3 8 0
t 297 0
m0 0 14
1 9 0
2 9 0
3 9 0
t 296 0
m0 1 14
1 8 0
2 8 0
3 8 0
t 295 1
m0 1 14
1 9 0
2 9 0
3 9 0
t 294 1
m0 1 14
1 8 0
2 8 0
3 8 0
t 293 1
m0 2 14
1 9 0
2 9 0
3 9 0
t 292 2
m0 3 14
1 8 0
2 8 0
3 8 0
t 291 2
m0 2 14
1 9 0
2 9 0
3 9 0
t 290 2
m0 2 14
1 8 0
2 8 0
3 8 0
t 289 2
m0 2 14
1 9 0
2 9 0
3 9 0
t 288 2
m0 2 14
1 8 0
2 8 0
3 8 0
t 287 2
m0 2 14
1 9 0
2 9 0
3 9 0
t 286 2
m0 3 14
1 8 0
2 8 0
3 8 0
t 285 2
m0 4 14
1 9 0
2 9 0
3 9 0
t 284 2
m0 4 14
1 8 0
2 8 0
3 8 0
t 283 2
m0 4 13
1 9 0
2 9 0
3 9 0
t 282 2
m0 4 13
1 8 0
2 8 0
3 8 0
t 281 2
m0 4 12
1 9 0
2 9 0
3 9 0
t 280 3
m0 4 11
1 8 0
2 8 0
3 8 0
t 279 3
m0 4 11
1 9 0
2 9 0
3 9 0
t 278 3
m0 4 11
1 8 0
2 8 0
3 8 0
t 277 3
m0 4 10
1 9 0
2 9 0
3 9 0
t 276 4
m0 4 11
1 8 0
2 8 0
3 8 0
t 275 4
m0 4 10
1 9 0
2 9 0
3 9 0
f 1 7
t 274 4
m0 4 9
1 8 0
2 8 0
3 8 0
t 273 4
m0 4 9
1 9 0
2 9 0
3 9 0
t 272 4
m0 4 10
1 8 0
2 8 0
3 8 0
t 271 4
m0 4 11
1 9 0
2 9 0
3 9 0
t 270 4
m0 4 11
1 8 0
2 8 0
3 8 0
t 269 4
m0 4 11
1 9 0
2 9 0
3 9 0
t 268 4
m0 4 10
1 8 0
2 8 0
3 8 0
t 267 4
m0 5 10
1 9 0
2 9 0
3 9 0
t 266 4
m0 5 9
1 8 0
2 8 0
3 8 0
t 265 5
m0 5 10
1 9 0
2 9 0
3 9 0
t 264 5
m0 5 10
1 8 0
2 8 0
3 8 0
t 263 5
m0 5 10
1 9 0
2 9 0
3 9 0
t 262 5
m0 5 10
1 8 0
2 8 0
3 8 0
t 261 5
m0 5 9
1 9 0
2 9 0
3 9 0
t 260 5
m0 4 9
1 8 0
2 8 0
3 8 0
t 259 5
m0 4 10
1 9 0
2 9 0
3 9 0
t 258 5
m0 4 10
1 8 0
2 8 0
3 8 0
t 257 5
m0 5 10
1 9 0
2 9 0
3 9 0
t 256 5
m0 5 9
1 8 0
2 8 0
3 8 0
t 255 5
m0 4 9
1 9 0
2 9 0
3 9 0
t 254 5
m0 5 9
1 8 0
2 8 0
3 8 0
t 253 5
m0 5 10
1 9 0
2 9 0
3 9 0
t 252 5
m0 4 10
1 8 0
2 8 0
3 8 0
t 251 5
m0 4 11
1 9 0
2 9 0
3 9 0
t 250 5
m0 3 11
1 8 0
2 8 0
3 8 0
t 249 5
m0 2 11
1 9 0
2 9 0
3 9 0
t 248 5
m0 2 11
1 8 0
2 8 0
3 8 0
t 247 5
m0 2 12
1 9 0
2 9 0
3 9 0
t 246 6
m0 1 12
1 8 0
2 8 0
3 8 0
t 245 6
m0 0 12
1 9 0
2 9 0
3 9 0
t 244 6
m0 1 12
1 8 0
2 8 0
3 8 0
t 243 6
m0 1 11
1 9 0
2 9 0
3 9 0
t 242 7
m0 2 11
1 8 0
2 8 0
3 8 0
t 241 7
m0 2 10
1 9 0
2 9 0
3 9 0
t 240 7
m0 2 9
1 8 0
2 8 0
3 8 0
t 239 7
m0 2 10
1 9 0
2 9 0
3 9 0
t 238 7
m0 2 11
1 8 0
2 8 0
3 8 0
t 237 7
m0 2 11
1 9 0
2 9 0
3 9 0
t 236 7
m0 1 11
1 8 0
2 8 0
3 8 0
t 235 7
m0 0 11
1 9 0
2 9 0
3 9 0
t 234 8
m0 0 10
1 8 0
2 8 0
3 8 0
t 233 8
m0 0 10
1 9 0
2 9 0
3 9 0
t 232 8
m0 0 10
1 8 0
2 8 0
3 8 0
t 231 8
m0 0 10
1 9 0
2 9 0
3 9 0
t 230 8
m0 0 10
1 8 0
2 8 0
3 8 0
t 229 8
m0 0 9
1 9 0
2 9 0
3 9 0
t 228 8
m0 1 9
1 8 0
2 8 0
3 8 0
t 227 8
m0 1 9
1 9 0
2 9 0
3 9 0
t 226 8
m0 1 8
1 8 0
2 8 0
3 8 0
t 225 9
m0 1 8
1 9 0
2 9 0
3 9 0
t 224 9
m0 1 7
1 8 0
2 8 0
3 8 0
t 223 19
m0 0 7
1 9 0
2 9 0
3 9 0
t 222 20
m0 0 6
1 8 0
2 8 0
3 8 0
t 221 21
m0 0 7
1 9 0
2 9 0
3 9 0
t 220 21
m0 1 7
1 8 0
2 8 0
3 8 0
t 219 21
m0 1 7
1 9 0
2 9 0
3 9 0
f 1 1
t 218 21
m0 1 8
1 8 0
2 8 0
3 8 0
t 217 21
m0 1 9
1 9 0
2 9 0
3 9 0
t 216 21
m0 2 9
1 8 0
2 8 0
3 8 0
t 215 21
m0 2 8
1 9 0
2 9 0
3 9 0
t 214 22
m0 3 8
1 8 0
2 8 0
3 8 0
t 213 22
m0 2 8
1 9 0
2 9 0
3 9 0
t 212 22
m0 1 8
1 8 0
2 8 0
3 8 0
t 211 22
m0 1 7
1 9 0
2 9 0
3 9 0
t 210 22
m0 1 7
1 8 0
2 8 0
3 8 0
t 209 22
m0 1 8
1 9 0
2 9 0
3 9 0
t 208 22
m0 2 8
1 8 0
2 8 0
3 8 0
t 207 22
m0 1 8
1 9 0
2 9 0
3 9 0
t 206 22
m0 1 7
1 8 0
2 8 0
3 8 0
t 205 22
m0 1 7
1 9 0
2 9 0
3 9 0
t 204 22
m0 0 7
1 8 0
2 8 0
3 8 0
t 203 22
m0 0 7
1 9 0
2 9 0
3 9 0
t 202 22
m0 1 7
1 8 0
2 8 0
3 8 0
t 201 22
m0 0 7
1 9 0
2 9 0
3 9 0
t 200 22
m0 1 7
1 8 0
2 8 0
3 8 0
t 199 22
m0 0 7
1 9 0
2 9 0
3 9 0
t 198 22
m0 1 7
1 8 0
2 8 0
3 8 0
t 197 22
m0 1 8
1 9 0
2 9 0
3 9 0
t 196 22
m0 1 9
1 8 0
2 8 0
3 8 0
t 195 22
m0 1 8
1 9 0
2 9 0
3 9 0
t 194 22
m0 2 8
1 8 0
2 8 0
3 8 0
t 193 22
m0 1 8
1 9 0
2 9 0
3 9 0
t 192 22
m0 2 8
1 8 0
2 8 0
3 8 0
t 191 22
m0 3 8
1 9 0
2 9 0
3 9 0
t 190 22
m0 3 9
1 8 0
2 8 0
3 8 0
t 189 22
m0 4 9
1 9 0
2 9 0
3 9 0
t 188 22
m0 4 8
1 8 0
2 8 0
3 8 0
t 187 22
m0 4 9
1 9 0
2 9 0
3 9 0
t 186 22
m0 4 8
1 8 0
2 8 0
3 8 0
t 185 22
m0 3 8
1 9 0
2 9 0
3 9 0
t 184 22
m0 3 8
1 8 0
2 8 0
3 8 0
t 183 22
m0 3 9
1 9 0
2 9 0
3 9 0
t 182 22
m0 2 9
1 8 0
2 8 0
3 8 0
t 181 22
m0 1 9
1 9 0
2 9 0
3 9 0
t 180 22
m0 0 9
1 8 0
2 8 0
3 8 0
t 179 22
m0 0 9
1 9 0
2 9 0
3 9 0
t 178 22
m0 1 9
1 8 0
2 8 0
3 8 0
t 177 22
m0 1 9
1 9 0
2 9 0
3 9 0
t 176 22
m0 0 9
1 8 0
2 8 0
3 8 0
t 175 22
m0 0 9
1 9 0
2 9 0
3 9 0
t 174 22
m0 1 9
1 8 0
2 8 0
3 8 0
t 173 22
m0 0 9
1 9 0
2 9 0
3 9 0
t 172 22
m0 0 9
1 8 0
2 8 0
3 8 0
t 171 22
m0 1 9
1 9 0
2 9 0
3 9 0
t 170 22
m0 1 8
1 8 0
2 8 0
3 8 0
t 169 22
m0 1 8
1 9 0
2 9 0
3 9 0
t 168 22
m0 2 8
1 8 0
2 8 0
3 8 0
t 167 22
m0 3 8
1 9 0
2 9 0
3 9 0
t 166 22
m0 3 9
1 8 0
2 8 0
3 8 0
t 165 22
m0 2 9
1 9 0
2 9 0
3 9 0
t 164 22
m0 2 8
1 8 0
2 8 0
3 8 0
t 163 22
m0 2 8
1 9 0
2 9 0
3 9 0
t 162 22
m0 1 8
1 8 0
2 8 0
3 8 0
t 161 22
m0 1 7
1 9 0
2 9 0
3 9 0
t 160 22
m0 1 7
1 8 0
2 8 0
3 8 0
t 159 22
m0 1 8
1 9 0
2 9 0
3 9 0
t 158 22
m0 1 8
1 8 0
2 8 0
3 8 0
t 157 22
m0 2 8
1 9 0
2 9 0
3 9 0
t 156 22
m0 1 8
1 8 0
2 8 0
3 8 0
t 155 22
m0 2 8
1 9 0
2 9 0
3 9 0
t 154 22
m0 1 8
1 8 0
2 8 0
3 8 0
t 153 22
m0 2 8
1 9 0
2 9 0
3 9 0
t 152 22
m0 2 8
1 8 0
2 8 0
3 8 0
t 151 22
m0 2 9
1 9 0
2 9 0
3 9 0
t 150 22
m0 1 9
1 8 0
2 8 0
3 8 0
t 149 22
m0 0 9
1 9 0
2 9 0
3 9 0
t 148 22
m0 1 9
1 8 0
2 8 0
3 8 0
t 147 22
m0 2 9
1 9 0
2 9 0
3 9 0
t 146 22
m0 3 9
1 8 0
2 8 0
3 8 0
t 145 22
m0 3 8
1 9 0
2 9 0
3 9 0
t 144 22
m0 4 8
1 8 0
2 8 0
3 8 0
t 143 22
m0 4 7
1 9 0
2 9 0
3 9 0
t 142 22
m0 4 8
1 8 0
2 8 0
3 8 0
t 141 22
m0 4 8
1 9 0
2 9 0
3 9 0
t 140 22
m0 4 9
1 8 0
2 8 0
3 8 0
t 139 22
m0 4 10
1 9 0
2 9 0
3 9 0
t 138 22
m0 4 10
1 8 0
2 8 0
3 8 0
t 137 22
m0 4 10
1 9 0
2 9 0
3 9 0
t 136 22
m0 5 10
1 8 0
2 8 0
3 8 0
t 135 22
m0 4 10
1 9 0
2 9 0
3 9 0
t 134 22
m0 4 9
1 8 0
2 8 0
3 8 0
t 133 22
m0 4 9
1 9 0
2 9 0
3 9 0
t 132 22
m0 4 8
1 8 0
2 8 0
3 8 0
t 131 22
m0 4 9
1 9 0
2 9 0
3 9 0
t 130 22
m0 4 9
1 8 0
2 8 0
3 8 0
t 129 22
m0 4 9
1 9 0
2 9 0
3 9 0
t 128 22
m0 3 9
1 8 0
2 8 0
3 8 0
t 127 22
m0 2 9
1 9 0
2 9 0
3 9 0
t 126 22
m0 2 9
1 8 0
2 8 0
3 8 0
t 125 22
m0 2 8
1 9 0
2 9 0
3 9 0
t 124 22
m0 1 8
1 8 0
2 8 0
3 8 0
t 123 22
m0 2 8
1 9 0
2 9 0
3 9 0
t 122 22
m0 2 9
1 8 0
2 8 0
3 8 0
t 121 22
m0 3 9
1 9 0
2 9 0
3 9 0
t 120 22
m0 4 9
1 8 0
2 8 0
3 8 0
t 119 22
m0 4 9
1 9 0
2 9 0
3 9 0
t 118 22
m0 4 8
1 8 0
2 8 0
3 8 0
t 117 22
m0 4 7
1 9 0
2 9 0
3 9 0
t 116 22
m0 4 6
1 8 0
2 8 0
3 8 0
t 115 23
m0 4 5
1 9 0
2 9 0
3 9 0
t 114 23
m0 5 5
1 8 0
2 8 0
3 8 0
t 113 23
m0 5 4
1 9 0
2 9 0
3 9 0
t 112 23
m0 5 3
1 8 0
2 8 0
3 8 0
t 111 24
m0 5 4
1 9 0
2 9 0
3 9 0
t 110 24
m0 5 5
1 8 0
2 8 0
3 8 0
t 109 24
m0 6 5
1 9 0
2 9 0
3 9 0
t 108 24
m0 7 5
1 8 0
2 8 0
3 8 0
t 107 25
m0 7 4
1 9 0
2 9 0
3 9 0
t 106 25
m0 7 5
1 8 0
2 8 0
3 8 0
t 105 25
m0 6 5
1 9 0
2 9 0
3 9 0
t 104 25
m0 7 5
1 8 0
2 8 0
3 8 0
t 103 25
m0 6 5
1 9 0
2 9 0
3 9 0
t 102 25
m0 5 5
1 8 0
2 8 0
3 8 0
t 101 25
m0 4 5
1 9 0
2 9 0
3 9 0
t 100 25
m0 4 5
1 8 0
2 8 0
3 8 0
t 99 25
m0 5 5
1 9 0
2 9 0
3 9 0
t 98 25
m0 5 4
1 8 0
2 8 0
3 8 0
t 97 25
m0 5 3
1 9 0
2 9 0
3 9 0
t 96 25
m0 4 3
1 8 0
2 8 0
3 8 0
t 95 26
m0 3 3
1 9 0
2 9 0
3 9 0
t 94 27
m0 4 3
1 8 0
2 8 0
3 8 0
t 93 27
m0 4 2
1 9 0
2 9 0
3 9 0
t 92 28
m0 4 2
1 8 0
2 8 0
3 8 0
t 91 28
m0 4 3
1 9 0
2 9 0
3 9 0
t 90 28
m0 4 3
1 8 0
2 8 0
3 8 0
t 89 28
m0 4 2
1 9 0
2 9 0
3 9 0
t 88 28
m0 4 1
1 8 0
2 8 0
3 8 0
t 87 28
m0 5 1
1 9 0
2 9 0
3 9 0
t 86 28
m0 4 1
1 8 0
2 8 0
3 8 0
t 85 28
m0 4 2
1 9 0
2 9 0
3 9 0
t 84 28
m0 4 3
1 8 0
2 8 0
3 8 0
t 83 28
m0 3 3
1 9 0
2 9 0
3 9 0
t 82 28
m0 3 2
1 8 0
2 8 0
3 8 0
t 81 28
m0 2 2
1 9 0
2 9 0
3 9 0
t 80 29
m0 2 3
1 8 0
2 8 0
3 8 0
t 79 29
m0 3 3
1 9 0
2 9 0
3 9 0
t 78 29
m0 3 4
1 8 0
2 8 0
3 8 0
t 77 29
m0 3 5
1 9 0
2 9 0
3 9 0
t 76 30
m0 2 5
1 8 0
2 8 0
3 8 0
t 75 31
m0 2 5
1 9 0
2 9 0
3 9 0
t 74 31
m0 2 4
1 8 0
2 8 0
3 8 0
t 73 32
m0 2 4
1 9 0
2 9 0
3 9 0
t 72 32
m0 2 3
1 8 0
2 8 0
3 8 0
t 71 32
m0 2 2
1 9 0
2 9 0
3 9 0
t 70 32
m0 1 2
1 8 0
2 8 0
3 8 0
t 69 33
m0 1 2
1 9 0
2 9 0
3 9 0
t 68 33
m0 0 2
1 8 0
2 8 0
3 8 0
t 67 33
m0 1 2
1 9 0
2 9 0
3 9 0
t 66 33
m0 2 2
1 8 0
2 8 0
3 8 0
t 65 33
m0 2 1
1 9 0
2 9 0
3 9 0
t 64 34
m0 1 1
1 8 0
2 8 0
3 8 0
t 63 44
m0 1 1
1 9 0
2 9 0
3 9 0
t 62 44
m0 2 1
1 8 0
2 8 0
3 8 0
t 61 44
m0 2 1
1 9 0
2 9 0
3 9 0
t 60 44
m0 2 2
1 8 0
2 8 0
3 8 0
t 59 44
m0 2 1
1 9 0
2 9 0
3 9 0
t 58 44
m0 2 0
1 8 0
2 8 0
3 8 0
t 57 44
m0 2 0
1 9 0
2 9 0
3 9 0
t 56 44
m0 2 1
1 8 0
2 8 0
3 8 0
t 55 44
m0 2 1
1 9 0
2 9 0
3 9 0
t 54 44
m0 2 1
1 8 0
2 8 0
3 8 0
t 53 44
m0 1 1
1 9 0
2 9 0
3 9 0
t 52 44
m0 1 2
1 8 0
2 8 0
3 8 0
t 51 44
m0 1 3
1 9 0
2 9 0
3 9 0
t 50 45
m0 1 4
1 8 0
2 8 0
3 8 0
t 49 45
m0 1 3
1 9 0
2 9 0
3 9 0
t 48 45
m0 1 2
1 8 0
2 8 0
3 8 0
t 47 45
m0 1 2
1 9 0
2 9 0
3 9 0
t 46 45
m0 1 3
1 8 0
2 8 0
3 8 0
t 45 45
m0 1 4
1 9 0
2 9 0
3 9 0
t 44 45
m0 2 4
1 8 0
2 8 0
3 8 0
t 43 45
m0 1 4
1 9 0
2 9 0
3 9 0
t 42 45
m0 1 4
1 8 0
2 8 0
3 8 0
t 41 45
m0 1 3
1 9 0
2 9 0
3 9 0
t 40 45
m0 1 3
1 8 0
2 8 0
3 8 0
t 39 45
m0 1 2
1 9 0
2 9 0
3 9 0
t 38 45
m0 1 2
1 8 0
2 8 0
3 8 0
t 37 45
m0 1 1
1 9 0
2 9 0
3 9 0
t 36 45
m0 1 2
1 8 0
2 8 0
3 8 0
t 35 45
m0 1 2
1 9 0
2 9 0
3 9 0
t 34 45
m0 1 2
1 8 0
2 8 0
3 8 0
t 33 45
m0 2 2
1 9 0
2 9 0
3 9 0
t 32 45
m0 3 2
1 8 0
2 8 0
3 8 0
t 31 45
m0 3 2
1 9 0
2 9 0
3 9 0
t 30 45
m0 4 2
1 8 0
2 8 0
3 8 0
t 29 45
m0 3 2
1 9 0
2 9 0
3 9 0
t 28 45
m0 4 2
1 8 0
2 8 0
3 8 0
t 27 45
m0 4 2
1 9 0
2 9 0
3 9 0
t 26 45
m0 3 2
1 8 0
2 8 0
3 8 0
t 25 45
m0 2 2
1 9 0
2 9 0
3 9 0
t 24 45
m0 2 2
1 8 0
2 8 0
3 8 0
t 23 45
m0 3 2
1 9 0
2 9 0
3 9 0
t 22 45
m0 3 3
1 8 0
2 8 0
3 8 0
t 21 45
m0 4 3
1 9 0
2 9 0
3 9 0
t 20 45
m0 4 2
1 8 0
2 8 0
3 8 0
t 19 45
m0 4 3
1 9 0
2 9 0
3 9 0
t 18 45
m0 3 3
1 8 0
2 8 0
3 8 0
t 17 45
m0 2 3
1 9 0
2 9 0
3 9 0
t 16 45
m0 2 4
1 8 0
2 8 0
3 8 0
t 15 45
m0 1 4
1 9 0
2 9 0
3 9 0
t 14 45
m0 2 4
1 8 0
2 8 0
3 8 0
f 4 12
t 13 45
m0 2 4
1 9 0
2 9 0
3 9 0
t 12 45
m0 1 4
1 8 0
2 8 0
3 8 0
t 11 45
m0 0 4
1 9 0
2 9 0
3 9 0
t 10 46
m0 0 4
1 8 0
2 8 0
3 8 0
t 9 46
m0 0 5
1 9 0
2 9 0
3 9 0
t 8 46
m0 0 4
1 8 0
2 8 0
3 8 0
t 7 46
m0 0 5
1 9 0
2 9 0
3 9 0
t 6 46
m0 0 5
1 8 0
2 8 0
3 8 0
t 5 46
m0 0 6
1 9 0
2 9 0
3 9 0
t 4 46
m0 0 7
1 8 0
2 8 0
3 8 0
t 3 46
m0 0 6
1 9 0
2 9 0
3 9 0
t 2 46
m0 0 6
1 8 0
2 8 0
3 8 0
t 1 46
m0 0 6
1 8 0
2 8 0
3 8 0
t 0 46
