10
15
w 4 7
w 1 3
w 8 13
w 5 6
w 8 9
w 6 2
w 0 10
w 5 1
w 2 5
w 1 11
w 5 8
w 3 3
w 5 12
w 1 14
w 6 3
w 0 11
w 2 13
w 3 6
w 0 4
w 9 3
w 0 12
w 3 9
w 0 5
w 6 12
w 2 14
w 9 6
w 6 5
w 0 1
w 8 3
w 3 1
w 5 14
w 3 8
w 8 8
w 4 3
w 1 7
w 0 9
w 8 4
p 5 9
p 6 9
p 3 0
p 7 12
p 2 8
p 7 7
p 2 1
p 3 11
p 4 12
p 9 4
p 7 11
p 3 7
p 8 5
p 2 4
p 3 14
p 6 14
p 1 2
p 4 0
p 2 9
p 8 1
p 3 10
p 4 4
p 6 10
p 8 10
p 4 13
p 5 0
p 2 2
p 1 10
p 4 1
p 9 7
p 4 10
p 5 4
p 7 14
p 3 13
p 4 5
p 8 11
p 5 2
p 4 14
p 1 4
p 6 0
p 9 10
p 2 10
p 7 5
p 1 9
p 8 7
p 1 0
p 9 13
p 4 6
p 6 8
p 9 2
p 6 1
p 5 7
p 0 13
p 2 0
p 7 8
p 0 2
m0 0 14
1 9 0
2 9 0
3 9 0
t 300 0
m0 0 13
1 8 0
2 9 1
3 8 0
t 299 1
m0 1 13
1 7 0
2 9 2
3 8 1
f 2 12
t 298 1
m0 1 13
1 6 0
2 8 2
3 7 1
t 297 1
m0 1 13
1 5 0
2 9 2
3 6 1
t 296 1
m0 1 13
1 4 0
2 8 2
3 7 1
t 295 1
m0 1 13
1 3 0
2 9 2
3 6 1
t 294 1
m0 0 13
1 2 0
2 8 2
3 6 0
t 293 1
m0 0 14
1 1 0
2 9 2
3 5 0
t 292 1
m0 0 13
1 0 0
2 8 2
3 4 0
t 291 1
m0 0 14
1 1 0
2 9 2
3 4 1
t 290 1
m0 0 13
1 0 0
2 8 2
3 4 2
t 289 1
m0 1 13
1 1 0
2 9 2
3 3 2
t 288 1
m0 1 12
1 0 0
2 9 1
3 4 2
t 287 1
m0 2 12
1 1 0
2 9 0
3 5 2
t 286 11
m0 2 11
1 0 0
2 8 0
3 4 2
t 285 11
m0 2 11
1 1 0
2 9 0
3 5 2
t 284 11
m0 2 10
1 0 0
2 8 0
3 4 2
t 283 12
m0 1 10
1 1 0
2 9 0
3 5 2
t 282 13
m0 1 10
1 0 0
2 8 0
3 4 2
t 281 13
m0 1 9
1 1 0
2 9 0
3 5 2
t 280 14
m0 1 10
1 0 0
2 8 0
3 4 2
t 279 14
m0 1 10
1 1 0
2 9 0
3 5 2
t 278 14
m0 1 9
1 0 0
2 8 0
3 4 2
t 277 14
m0 1 9
1 1 0
2 9 0
3 5 2
t 276 14
m0 2 9
1 0 0
2 8 0
3 4 2
f 5 11
t 275 15
m0 2 8
1 1 0
2 9 0
3 5 2
t 274 16
m0 2 7
1 0 0
2 8 0
3 4 2
t 273 16
m0 2 8
1 1 0
2 9 0
3 5 2
t 272 16
m0 2 9
1 0 0
2 8 0
3 4 2
t 271 16
m0 2 9
1 1 0
2 9 0
3 5 2
t 270 16
m0 2 10
1 0 0
2 8 0
3 4 2
t 269 16
m0 2 11
1 1 0
2 9 0
3 5 2
t 268 16
m0 2 11
1 0 0
2 8 0
3 4 2
t 267 16
m0 2 10
1 1 0
2 9 0
3 5 2
t 266 16
m0 2 11
1 0 0
2 8 0
3 4 2
t 265 16
m0 2 12
1 1 0
2 9 0
3 5 2
t 264 16
m0 3 12
1 0 0
2 8 0
3 4 2
t 263 16
m0 3 12
1 1 0
2 9 0
3 5 2
t 262 16
m0 2 12
1 0 0
2 8 0
3 4 2
t 261 16
m0 1 12
1 1 0
2 9 0
3 5 2
t 260 16
m0 2 12
1 0 0
2 8 0
3 4 2
t 259 16
m0 2 11
1 1 0
2 9 0
3 5 2
t 258 16
m0 2 11
1 0 0
2 8 0
3 4 2
t 257 16
m0 3 11
1 1 0
2 9 0
3 5 2
t 256 17
m0 3 12
1 0 0
2 8 0
3 4 2
t 255 17
m0 2 12
1 1 0
2 9 0
3 5 2
t 254 17
m0 2 11
1 0 0
2 8 0
3 4 2
t 253 17
m0 2 12
1 1 0
2 9 0
3 5 2
t 252 17
m0 3 12
1 0 0
2 8 0
3 4 2
t 251 17
m0 3 13
1 1 0
2 9 0
3 5 2
t 250 18
m0 3 14
1 0 0
2 8 0
3 4 2
t 249 19
m0 3 14
1 1 0
2 9 0
3 5 2
t 248 19
m0 4 14
1 0 0
2 8 0
3 4 2
t 247 20
m0 4 14
1 1 0
2 9 0
3 5 2
t 246 20
m0 4 14
1 0 0
2 8 0
3 4 2
t 245 20
m0 3 14
1 1 0
2 9 0
3 5 2
t 244 20
m0 3 14
1 0 0
2 8 0
3 4 2
t 243 20
m0 4 14
1 1 0
2 9 0
3 5 2
t 242 20
m0 3 14
1 0 0
2 8 0
3 4 2
t 241 20
m0 3 13
1 1 0
2 9 0
3 5 2
t 240 20
m0 3 14
1 0 0
2 8 0
3 4 2
t 239 20
m0 3 14
1 1 0
2 9 0
3 5 2
t 238 20
m0 3 13
1 0 0
2 8 0
3 4 2
t 237 20
m0 3 13
1 1 0
2 9 0
3 5 2
t 236 20
m0 3 13
1 0 0
2 8 0
3 4 2
t 235 20
m0 4 13
1 1 0
2 9 0
3 5 2
t 234 21
m0 5 13
1 0 0
2 8 0
3 5 3
t 233 21
m0 4 13
1 1 0
2 9 0
3 5 4
t 232 21
m0 4 12
1 0 0
2 8 0
3 4 4
t 231 22
m0 4 11
1 1 0
2 9 0
3 4 5
t 230 22
m0 4 12
1 0 0
2 9 1
3 4 6
t 229 22
m0 3 12
1 1 0
2 9 2
3 4 5
t 228 22
m0 3 12
1 0 0
2 9 1
3 4 6
t 227 22
m0 3 11
1 1 0
2 9 2
3 4 5
t 226 22
m0 3 10
1 0 0
2 9 1
3 4 6
t 225 23
m0 2 10
1 1 0
2 9 2
3 4 5
t 224 23
m0 2 10
1 0 0
2 9 1
3 4 6
t 223 23
m0 2 10
1 1 0
2 9 2
3 4 5
t 222 23
m0 1 10
1 0 0
2 9 1
3 4 6
t 221 23
m0 2 10
1 1 0
2 9 2
3 4 5
t 220 23
m0 2 11
1 0 0
2 9 1
3 4 6
t 219 23
m0 2 12
1 1 0
2 9 2
3 4 5
t 218 23
m0 1 12
1 0 0
2 9 1
3 4 6
t 217 23
m0 2 12
1 1 0
2 9 2
3 4 5
t 216 23
m0 1 12
1 0 0
2 9 1
3 4 6
t 215 23
m0 1 13
1 1 0
2 9 2
3 4 5
t 214 23
m0 1 12
1 0 0
2 9 1
3 4 6
t 213 23
m0 2 12
1 1 0
2 9 2
3 4 5
t 212 23
m0 2 11
1 0 0
2 9 1
3 4 6
t 211 23
m0 2 10
1 1 0
2 9 2
3 4 5
t 210 23
m0 3 10
1 0 0
2 9 1
3 4 6
t 209 23
m0 2 10
1 1 0
2 9 2
3 4 5
t 208 23
m0 3 10
1 0 0
2 9 1
3 4 6
t 207 23
m0 2 10
1 1 0
2 9 2
3 4 5
t 206 23
m0 2 10
1 0 0
2 9 1
3 4 6
t 205 23
m0 2 11
1 1 0
2 9 2
3 4 5
t 204 23
m0 3 11
1 0 0
2 9 1
3 4 6
t 203 23
m0 3 12
1 1 0
2 9 2
3 4 5
t 202 23
m0 3 12
1 0 0
2 9 1
3 4 6
t 201 23
m0 3 12
1 1 0
2 9 2
3 4 5
t 200 23
m0 3 11
1 0 0
2 9 1
3 4 6
t 199 23
m0 4 11
1 1 0
2 9 2
3 4 5
t 198 23
m0 4 11
1 0 0
2 9 1
3 4 6
t 197 23
m0 4 11
1 1 0
2 9 2
3 4 5
t 196 23
m0 3 11
1 0 0
2 9 1
3 4 6
t 195 23
m0 2 11
1 1 0
2 9 2
3 4 5
t 194 23
m0 2 12
1 0 0
2 9 1
3 4 6
t 193 23
m0 2 11
1 1 0
2 9 2
3 4 5
t 192 23
m0 2 10
1 0 0
2 9 1
3 4 6
t 191 23
m0 2 10
1 1 0
2 9 2
3 4 5
t 190 23
m0 2 11
1 0 0
2 9 1
3 4 6
t 189 23
m0 2 11
1 1 0
2 9 2
3 4 5
t 188 23
m0 2 12
1 0 0
2 9 1
3 4 6
t 187 23
m0 1 12
1 1 0
2 9 2
3 4 5
t 186 23
m0 1 13
1 0 0
2 9 1
3 4 6
t 185 23
m0 0 13
1 1 0
2 9 2
3 4 5
t 184 23
m0 0 14
1 0 0
2 9 1
3 4 6
t 183 23
m0 0 13
1 1 0
2 9 2
3 4 5
t 182 23
m0 0 14
1 0 0
2 9 1
3 4 6
t 181 23
m0 0 14
1 1 0
2 9 2
3 4 5
t 180 23
m0 0 14
1 0 0
2 9 1
3 4 6
t 179 23
m0 0 13
1 1 0
2 9 2
3 4 5
t 178 23
m0 1 13
1 0 0
2 9 1
3 4 6
t 177 23
m0 1 13
1 1 0
2 9 2
3 4 5
t 176 23
m0 1 12
1 0 0
2 9 1
3 4 6
t 175 23
m0 2 12
1 1 0
2 9 2
3 4 5
t 174 23
m0 2 11
1 0 0
2 9 1
3 4 6
t 173 23
m0 3 11
1 1 0
2 9 2
3 4 5
t 172 23
m0 3 10
1 0 0
2 9 1
3 4 6
t 171 23
m0 4 10
1 1 0
2 9 2
3 4 5
t 170 24
m0 5 10
1 0 0
2 9 1
3 4 6
t 169 24
m0 6 10
1 1 0
2 9 2
3 4 5
t 168 25
m0 6 11
1 0 0
2 9 1
3 4 6
t 167 25
m0 7 11
1 1 0
2 9 2
3 4 5
t 166 26
m0 7 12
1 0 0
2 9 1
3 4 6
t 165 27
m0 7 13
1 1 0
2 9 2
3 4 5
t 164 27
m0 6 13
1 0 0
2 9 1
3 4 6
t 163 27
m0 6 14
1 1 0
2 9 2
3 4 5
t 162 28
m0 6 14
1 0 0
2 9 1
3 4 6
t 161 28
m0 6 14
1 1 0
2 9 2
3 4 5
t 160 28
m0 7 14
1 0 0
2 9 1
3 4 6
t 159 29
m0 8 14
1 1 0
2 9 2
3 4 5
t 158 29
m0 9 14
1 0 0
2 9 1
3 4 6
t 157 29
m0 9 14
1 1 0
2 9 2
3 4 5
t 156 29
m0 9 14
1 0 0
2 9 1
3 4 6
t 155 29
m0 9 13
1 1 0
2 9 2
3 4 5
t 154 30
m0 9 13
1 0 0
2 9 1
3 4 6
t 153 30
m0 9 12
1 1 0
2 9 2
3 4 5
t 152 30
m0 9 13
1 0 0
2 9 1
3 4 6
t 151 30
m0 9 14
1 1 0
2 9 2
3 4 5
t 150 30
m0 9 13
1 0 0
2 9 1
3 4 6
t 149 30
m0 9 12
1 1 0
2 9 2
3 4 5
t 148 30
m0 9 13
1 0 0
2 9 1
3 4 6
t 147 30
m0 9 14
1 1 0
2 9 2
3 4 5
t 146 30
m0 8 14
1 0 0
2 9 1
3 4 6
t 145 30
m0 9 14
1 1 0
2 9 2
3 4 5
t 144 30
m0 9 14
1 0 0
2 9 1
3 4 6
t 143 30
m0 9 13
1 1 0
2 9 2
3 4 5
t 142 30
m0 9 14
1 0 0
2 9 1
3 4 6
t 141 30
m0 9 13
1 1 0
2 9 2
3 4 5
t 140 30
m0 9 13
1 0 0
2 9 1
3 4 6
t 139 30
m0 9 12
1 1 0
2 9 2
3 4 5
t 138 30
m0 9 11
1 0 0
2 9 1
3 4 6
t 137 30
m0 9 11
1 1 0
2 9 2
3 4 5
t 136 30
m0 9 12
1 0 0
2 9 1
3 4 6
t 135 30
m0 9 11
1 1 0
2 9 2
3 4 5
t 134 30
m0 9 12
1 0 0
2 9 1
3 4 6
t 133 30
m0 9 11
1 1 0
2 9 2
3 4 5
t 132 30
m0 8 11
1 0 0
2 9 1
3 4 6
t 131 31
m0 8 11
1 1 0
2 9 2
3 4 5
t 130 31
m0 8 11
1 0 0
2 9 1
3 4 6
t 129 31
m0 9 11
1 1 0
2 9 2
3 4 5
t 128 31
m0 9 12
1 0 0
2 9 1
3 4 6
t 127 31
m0 8 12
1 1 0
2 9 2
3 4 5
t 126 31
m0 9 12
1 0 0
2 9 1
3 4 6
t 125 31
m0 9 13
1 1 0
2 9 2
3 4 5
t 124 31
m0 9 13
1 0 0
2 9 1
3 4 6
t 123 31
m0 9 14
1 1 0
2 9 2
3 4 5
t 122 31
m0 8 14
1 0 0
2 9 1
3 4 6
t 121 31
m0 9 14
1 1 0
2 9 2
3 4 5
t 120 31
m0 8 14
1 0 0
2 9 1
3 4 6
t 119 31
m0 8 14
1 1 0
2 9 2
3 4 5
t 118 31
m0 7 14
1 0 0
2 9 1
3 4 6
t 117 31
m0 8 14
1 1 0
2 9 2
3 4 5
t 116 31
m0 7 14
1 0 0
2 9 1
3 4 6
t 115 31
m0 8 14
1 1 0
2 9 2
3 4 5
t 114 31
m0 8 14
1 0 0
2 9 1
3 4 6
t 113 31
m0 8 14
1 1 0
2 9 2
3 4 5
t 112 31
m0 9 14
1 0 0
2 9 1
3 4 6
t 111 31
m0 8 14
1 1 0
2 9 2
3 4 5
t 110 31
m0 8 14
1 0 0
2 9 1
3 4 6
t 109 31
m0 9 14
1 1 0
2 9 2
3 4 5
t 108 31
m0 8 14
1 0 0
2 9 1
3 4 6
t 107 31
m0 9 14
1 1 0
2 9 2
3 4 5
t 106 31
m0 9 13
1 0 0
2 9 1
3 4 6
t 105 31
m0 9 12
1 1 0
2 9 2
3 4 5
t 104 31
m0 8 12
1 0 0
2 9 1
3 4 6
t 103 31
m0 8 12
1 1 0
2 9 2
3 4 5
t 102 31
m0 9 12
1 0 0
2 9 1
3 4 6
t 101 31
m0 9 13
1 1 0
2 9 2
3 4 5
t 100 31
m0 9 14
1 0 0
2 9 1
3 4 6
t 99 31
m0 8 14
1 1 0
2 9 2
3 4 5
t 98 31
m0 7 14
1 0 0
2 9 1
3 4 6
t 97 31
m0 8 14
1 1 0
2 9 2
3 4 5
t 96 31
m0 7 14
1 0 0
2 9 1
3 4 6
t 95 31
m0 8 14
1 1 0
2 9 2
3 4 5
t 94 31
m0 8 14
1 0 0
2 9 1
3 4 6
t 93 31
m0 9 14
1 1 0
2 9 2
3 4 5
t 92 31
m0 9 13
1 0 0
2 9 1
3 4 6
t 91 31
m0 9 12
1 1 0
2 9 2
3 4 5
t 90 31
m0 8 12
1 0 0
2 9 1
3 4 6
t 89 31
m0 9 12
1 1 0
2 9 2
3 4 5
t 88 31
m0 8 12
1 0 0
2 9 1
3 4 6
t 87 31
m0 9 12
1 1 0
2 9 2
3 4 5
t 86 31
m0 8 12
1 0 0
2 9 1
3 4 6
t 85 31
m0 9 12
1 1 0
2 9 2
3 4 5
t 84 31
m0 9 11
1 0 0
2 9 1
3 4 6
t 83 31
m0 9 10
1 1 0
2 9 2
3 4 5
t 82 32
m0 9 9
1 0 0
2 9 1
3 4 6
t 81 32
m0 9 10
1 1 0
2 9 2
3 4 5
t 80 32
m0 8 10
1 0 0
2 9 1
3 4 6
t 79 33
m0 7 10
1 1 0
2 9 2
3 4 5
t 78 33
m0 7 10
1 0 0
2 9 1
3 4 6
t 77 33
m0 6 10
1 1 0
2 9 2
3 4 5
t 76 33
m0 6 10
1 0 0
2 9 1
3 4 6
t 75 33
m0 6 9
1 1 0
2 9 2
3 4 5
t 74 34
m0 7 9
1 0 0
2 9 1
3 4 6
t 73 34
m0 7 10
1 1 0
2 9 2
3 4 5
t 72 34
m0 7 11
1 0 0
2 9 1
3 4 6
t 71 34
m0 7 10
1 1 0
2 9 2
3 4 5
t 70 34
m0 7 11
1 0 0
2 9 1
3 4 6
t 69 34
m0 7 11
1 1 0
2 9 2
3 4 5
t 68 34
m0 8 11
1 0 0
2 9 1
3 4 6
t 67 34
m0 8 12
1 1 0
2 9 2
3 4 5
t 66 34
m0 9 12
1 0 0
2 9 1
3 4 6
t 65 34
m0 9 11
1 1 0
2 9 2
3 4 5
t 64 34
m0 9 12
1 0 0
2 9 1
3 4 6
t 63 34
m0 9 13
1 1 0
2 9 2
3 4 5
t 62 34
m0 9 13
1 0 0
2 9 1
3 4 6
t 61 34
m0 9 14
1 1 0
2 9 2
3 4 5
t 60 34
m0 8 14
1 0 0
2 9 1
3 4 6
t 59 34
m0 7 14
1 1 0
2 9 2
3 4 5
t 58 34
m0 6 14
1 0 0
2 9 1
3 4 6
t 57 34
m0 7 14
1 1 0
2 9 2
3 4 5
t 56 34
m0 7 14
1 0 0
2 9 1
3 4 6
t 55 34
m0 7 13
1 1 0
2 9 2
3 4 5
t 54 34
m0 7 12
1 0 0
2 9 1
3 4 6
t 53 34
m0 7 11
1 1 0
2 9 2
3 4 5
t 52 34
m0 7 10
1 0 0
2 9 1
3 4 6
t 51 34
m0 6 10
1 1 0
2 9 2
3 4 5
t 50 34
m0 6 9
1 0 0
2 9 1
3 4 6
t 49 34
m0 7 9
1 1 0
2 9 2
3 4 5
t 48 34
m0 7 9
1 0 0
2 9 1
3 4 6
t 47 34
m0 7 9
1 1 0
2 9 2
3 4 5
t 46 34
m0 7 8
1 0 0
2 9 1
3 4 6
t 45 35
m0 7 9
1 1 0
2 9 2
3 4 5
t 44 35
m0 7 8
1 0 0
2 9 1
3 4 6
t 43 35
m0 7 8
1 1 0
2 9 2
3 4 5
t 42 35
m0 7 7
1 0 0
2 9 1
3 4 6
t 41 36
m0 7 7
1 1 0
2 9 2
3 4 5
t 40 36
m0 8 7
1 0 0
2 9 1
3 4 6
t 39 37
m0 8 6
1 1 0
2 9 2
3 4 5
t 38 37
m0 8 6
1 0 0
2 9 1
3 4 6
t 37 37
m0 8 5
1 1 0
2 9 2
3 4 5
t 36 38
m0 7 5
1 0 0
2 9 1
3 4 6
t 35 39
m0 8 5
1 1 0
2 9 2
3 4 5
t 34 39
m0 8 6
1 0 0
2 9 1
3 4 6
t 33 39
m0 8 7
1 1 0
2 9 2
3 4 5
t 32 39
m0 9 7
1 0 0
2 9 1
3 4 6
t 31 40
m0 9 8
1 1 0
2 9 2
3 4 5
t 30 40
m0 9 9
1 0 0
2 9 1
3 4 6
t 29 40
m0 9 8
1 1 0
2 9 2
3 4 5
t 28 40
m0 9 7
1 0 0
2 9 1
3 4 6
t 27 40
m0 9 8
1 1 0
2 9 2
3 4 5
t 26 40
m0 9 9
1 0 0
2 9 1
3 4 6
t 25 40
m0 9 10
1 1 0
2 9 2
3 4 5
t 24 40
m0 9 10
1 0 0
2 9 1
3 4 6
t 23 40
m0 9 11
1 1 0
2 9 2
3 4 5
t 22 40
m0 8 11
1 0 0
2 9 1
3 4 6
t 21 40
m0 8 10
1 1 0
2 9 2
3 4 5
t 20 40
m0 7 10
1 0 0
2 9 1
3 4 6
t 19 40
m0 6 10
1 1 0
2 9 2
3 4 5
t 18 40
m0 6 11
1 0 0
2 9 1
3 4 6
t 17 40
m0 5 11
1 1 0
2 9 2
3 4 5
t 16 50
m0 5 10
1 0 0
2 9 1
3 4 6
t 15 50
m0 6 10
1 1 0
2 9 2
3 4 5
t 14 50
m0 6 10
1 0 0
2 9 1
3 4 6
t 13 50
m0 6 9
1 1 0
2 9 2
3 4 5
t 12 50
m0 7 9
1 0 0
2 9 1
3 4 6
f 7 0
t 11 50
m0 7 10
1 1 0
2 9 2
3 4 5
t 10 50
m0 7 9
1 0 0
2 9 1
3 4 6
t 9 50
m0 7 10
1 1 0
2 9 2
3 4 5
t 8 50
m0 7 11
1 0 0
2 9 1
3 4 6
t 7 50
m0 7 11
1 1 0
2 9 2
3 4 5
t 6 50
m0 7 12
1 0 0
2 9 1
3 4 6
t 5 50
m0 7 12
1 1 0
2 9 2
3 4 5
t 4 50
m0 7 13
1 0 0
2 9 1
3 4 6
t 3 50
m0 6 13
1 1 0
2 9 2
3 4 5
t 2 50
m0 5 13
1 0 0
2 9 1
3 4 6
t 1 50
m0 5 13
1 0 0
2 9 1
3 4 6
t 0 50
