10
15
w 7 3
w 1 3
w 4 8
w 5 6
w 7 12
w 8 0
w 7 7
w 7 11
w 2 5
w 1 11
w 8 1
w 5 12
w 4 4
w 1 14
w 6 3
w 3 6
w 1 1
w 1 13
w 6 0
w 1 9
w 2 14
w 7 9
w 8 3
w 5 10
w 7 0
w 8 12
w 6 1
w 3 1
w 2 11
w 5 14
w 7 4
w 3 8
w 8 8
w 6 13
w 1 7
w 4 3
w 9 5
p 6 9
p 4 7
p 8 13
p 6 6
p 3 0
p 3 11
p 0 7
p 2 1
p 4 12
p 1 6
p 9 4
p 3 14
p 7 2
p 5 8
p 9 0
p 6 7
p 5 5
p 4 9
p 7 6
p 6 10
p 8 10
p 4 13
p 1 5
p 0 11
p 2 13
p 1 10
p 8 6
p 4 1
p 4 10
p 0 0
p 2 6
p 8 2
p 3 13
p 5 11
p 6 11
p 8 11
p 9 3
p 4 14
p 1 4
p 0 12
p 9 10
p 7 5
p 1 0
p 9 6
p 6 5
p 4 11
p 2 7
p 3 12
p 4 6
p 1 12
p 5 7
p 7 13
p 0 6
p 1 8
p 0 9
p 2 4
m0 0 14
1 9 0
2 9 0
3 9 0
t 300 0
m0 0 13
1 9 1
2 9 1
3 9 1
t 299 0
m0 0 12
1 9 0
2 9 2
3 9 0
t 298 1
m0 1 12
1 9 1
2 9 1
3 9 1
t 297 2
m0 2 12
1 9 0
2 9 0
3 9 0
t 296 2
m0 3 12
1 9 1
2 9 1
3 9 1
f 3 3
t 295 3
m0 4 12
1 9 0
2 9 0
3 9 0
t 294 4
m0 4 11
1 9 1
2 9 1
3 9 1
t 293 5
m0 5 11
1 9 0
2 9 0
3 9 0
t 292 6
m0 6 11
1 9 1
2 9 1
3 9 1
t 291 7
m0 6 10
1 9 0
2 9 0
3 9 2
t 290 8
m0 7 10
1 9 1
2 9 1
3 9 3
t 289 8
m0 8 10
1 9 0
2 9 2
3 9 2
t 288 9
m0 9 10
1 9 1
2 9 1
3 8 2
t 287 10
m0 9 9
1 9 0
2 9 0
3 9 2
t 286 10
m0 9 8
1 9 1
2 9 1
3 9 3
t 285 10
m0 9 7
1 9 0
2 9 2
3 9 2
t 284 10
m0 9 6
1 9 1
2 8 2
3 9 1
t 283 11
m0 8 6
1 9 2
2 7 2
3 9 0
t 282 12
m0 9 6
1 8 2
2 7 1
3 9 1
t 281 12
m0 8 6
1 9 2
2 7 2
3 9 0
t 280 12
m0 9 6
1 9 1
2 6 2
3 9 1
t 279 12
m0 8 6
1 9 0
2 5 2
3 9 2
t 278 12
m0 9 6
1 9 1
2 5 1
3 8 2
t 277 12
m0 8 6
1 9 0
2 4 1
3 7 2
t 276 12
m0 9 6
1 9 1
2 4 0
3 7 1
t 275 12
m0 8 6
1 9 0
2 4 1
3 7 2
t 274 12
m0 9 6
1 9 1
2 4 2
3 6 2
t 273 12
m0 8 6
1 9 0
2 5 2
3 5 2
t 272 12
m0 9 6
1 9 1
2 5 3
3 5 1
t 271 12
m0 8 6
1 9 0
2 5 2
3 5 0
t 270 12
m0 9 6
1 9 1
2 5 3
3 5 1
t 269 12
m0 8 6
1 9 0
2 5 2
3 4 1
t 268 12
m0 9 6
1 9 1
2 5 1
3 4 0
t 267 12
m0 8 6
1 9 2
2 4 1
3 4 1
t 266 12
m0 9 6
1 8 2
2 5 1
3 4 0
t 265 12
m0 8 6
1 9 2
2 4 1
3 5 0
t 264 12
m0 9 6
1 8 2
2 4 0
3 4 0
t 263 12
m0 8 6
1 9 2
2 4 1
3 3 0
t 262 12
m0 9 6
1 9 1
2 5 1
3 2 0
t 261 12
m0 8 6
1 9 0
2 5 2
3 3 0
t 260 12
m0 9 6
1 9 1
2 6 2
3 4 0
t 259 12
m0 8 6
1 9 2
2 5 2
3 3 0
t 258 12
m0 9 6
1 9 1
2 4 2
3 2 0
t 257 12
m0 8 6
1 9 2
2 3 2
3 1 0
t 256 12
m0 9 6
1 8 2
2 2 2
3 2 0
t 255 12
m0 8 6
1 7 2
2 2 1
3 1 0
t 254 12
m0 9 6
1 7 1
2 2 2
3 2 0
t 253 12
m0 8 6
1 7 2
2 1 2
3 1 0
t 252 12
m0 9 6
1 6 2
2 0 2
3 0 0
t 251 12
m0 8 6
1 5 2
2 0 1
3 0 1
t 250 12
m0 9 6
1 5 1
2 0 0
3 0 2
t 249 12
m0 8 6
1 4 1
2 1 0
3 0 1
t 248 12
m0 9 6
1 5 1
2 2 0
3 0 0
t 247 12
m0 8 6
1 4 1
2 3 0
3 1 0
t 246 12
m0 9 6
1 4 2
2 4 0
3 0 0
t 245 12
m0 8 6
1 4 1
2 3 0
3 0 1
t 244 12
m0 9 6
1 4 0
2 2 0
3 0 2
t 243 12
m0 8 6
1 3 0
2 1 0
3 0 1
t 242 12
m0 9 6
1 2 0
2 0 0
3 0 0
t 241 12
m0 8 6
1 3 0
2 1 0
3 1 0
t 240 12
m0 9 6
1 2 0
2 2 0
3 2 0
t 239 12
m0 8 6
1 2 1
2 1 0
3 2 1
t 238 12
m0 9 6
1 2 0
2 2 0
3 2 2
t 237 12
m0 8 6
1 2 1
2 2 1
3 2 1
t 236 12
m0 9 6
1 2 0
2 2 0
3 2 0
t 235 12
m0 8 6
1 1 0
2 1 0
3 2 1
t 234 12
m0 9 6
1 0 0
2 0 0
3 2 0
t 233 12
m0 8 6
1 0 1
2 0 1
3 3 0
t 232 12
m0 9 6
1 0 0
2 0 2
3 2 0
t 231 12
m0 8 6
1 1 0
2 1 2
3 3 0
t 230 12
m0 9 6
1 0 0
2 2 2
3 4 0
t 229 12
m0 8 6
1 1 0
2 2 1
3 3 0
t 228 12
m0 9 6
1 0 0
2 2 0
3 4 0
t 227 12
m0 8 6
1 1 0
2 3 0
3 3 0
t 226 12
m0 9 6
1 2 0
2 2 0
3 2 0
t 225 12
m0 8 6
1 3 0
2 3 0
3 1 0
t 224 12
m0 9 6
1 2 0
2 4 0
3 0 0
t 223 12
m0 8 6
1 1 0
2 3 0
3 1 0
t 222 12
m0 9 6
1 0 0
2 2 0
3 0 0
t 221 12
m0 8 6
1 1 0
2 2 1
3 0 1
t 220 12
m0 9 6
1 0 0
2 2 0
3 0 2
t 219 12
m0 8 6
1 0 1
2 1 0
3 0 1
t 218 12
m0 9 6
1 0 0
2 0 0
3 0 0
t 217 12
m0 8 6
1 1 0
2 0 1
3 1 0
t 216 12
m0 9 6
1 2 0
2 0 0
3 0 0
t 215 12
m0 8 6
1 1 0
2 0 1
3 0 1
t 214 12
m0 9 6
1 0 0
2 0 2
3 0 2
t 213 12
m0 8 6
1 0 1
2 0 3
3 0 1
t 212 12
m0 9 6
1 0 0
2 0 2
3 0 2
t 211 12
m0 8 6
1 0 1
2 0 3
3 0 3
t 210 12
m0 9 6
1 0 0
2 0 4
3 0 2
t 209 12
m0 8 6
1 0 1
2 1 4
3 0 1
t 208 12
m0 9 6
1 0 2
2 0 4
3 0 0
t 207 12
m0 8 6
1 0 1
2 0 5
3 0 1
t 206 12
m0 9 6
1 0 0
2 0 4
3 0 2
t 205 12
m0 8 6
1 0 1
2 0 5
3 0 1
t 204 12
m0 9 6
1 0 2
2 0 6
3 0 0
t 203 12
m0 8 6
1 0 3
2 0 5
3 0 1
t 202 12
m0 9 6
1 0 4
2 1 5
3 0 0
t 201 12
m0 8 6
1 1 4
2 0 5
3 0 1
t 200 12
m0 9 6
1 2 4
2 0 6
3 0 2
t 199 12
m0 8 6
1 1 4
2 0 5
3 0 1
t 198 12
m0 9 6
1 0 4
2 0 4
3 0 2
t 197 12
m0 8 6
1 0 3
2 0 3
3 0 3
t 196 12
m0 9 6
1 0 2
2 0 2
3 0 2
t 195 12
m0 8 6
1 0 3
2 0 1
3 0 3
t 194 12
m0 9 6
1 0 2
2 0 0
3 0 2
t 193 12
m0 8 6
1 0 1
2 1 0
3 0 1
t 192 12
m0 9 6
1 0 0
2 0 0
3 0 2
t 191 12
m0 8 6
1 1 0
2 0 1
3 0 1
t 190 12
m0 9 6
1 2 0
2 0 0
3 0 2
t 189 12
m0 8 6
1 1 0
2 0 1
3 1 2
t 188 12
m0 9 6
1 0 0
2 0 2
3 0 2
t 187 12
m0 8 6
1 1 0
2 0 3
3 0 1
t 186 12
m0 9 6
1 0 0
2 0 4
3 0 0
t 185 12
m0 8 6
1 1 0
2 0 3
3 0 1
t 184 12
m0 9 6
1 0 0
2 0 2
3 0 0
t 183 12
m0 8 6
1 0 1
2 1 2
3 0 1
t 182 12
m0 9 6
1 0 0
2 2 2
3 0 0
t 181 12
m0 8 6
1 0 1
2 3 2
3 0 1
t 180 12
m0 9 6
1 0 0
2 4 2
3 0 0
t 179 12
m0 8 6
1 1 0
2 4 1
3 1 0
t 178 12
m0 9 6
1 2 0
2 5 1
3 0 0
t 177 12
m0 8 6
1 2 1
2 5 0
3 0 1
t 176 12
m0 9 6
1 2 0
2 4 0
3 0 0
t 175 12
m0 8 6
1 3 0
2 3 0
3 0 1
t 174 12
m0 9 6
1 2 0
2 2 0
3 0 2
t 173 12
m0 8 6
1 3 0
2 1 0
3 0 1
t 172 12
m0 9 6
1 2 0
2 0 0
3 0 2
t 171 12
m0 8 6
1 1 0
2 0 1
3 1 2
t 170 12
m0 9 6
1 0 0
2 0 2
3 0 2
t 169 12
m0 8 6
1 0 1
2 0 3
3 0 1
t 168 12
m0 9 6
1 0 2
2 0 2
3 0 0
t 167 12
m0 8 6
1 1 2
2 0 3
3 1 0
t 166 12
m0 9 6
1 2 2
2 0 2
3 0 0
t 165 12
m0 8 6
1 2 3
2 0 1
3 1 0
t 164 12
m0 9 6
1 2 4
2 0 0
3 2 0
t 163 12
m0 8 6
1 1 4
2 0 1
3 1 0
t 162 12
m0 9 6
1 0 4
2 0 0
3 2 0
t 161 12
m0 8 6
1 0 5
2 1 0
3 1 0
t 160 12
m0 9 6
1 0 6
2 0 0
3 0 0
t 159 12
m0 8 6
1 0 5
2 0 1
3 1 0
t 158 12
m0 9 6
1 0 4
2 0 0
3 0 0
t 157 12
m0 8 6
1 0 3
2 1 0
3 1 0
t 156 12
m0 9 6
1 0 2
2 2 0
3 0 0
t 155 12
m0 8 6
1 0 3
2 1 0
3 0 1
t 154 12
m0 9 6
1 0 2
2 0 0
3 0 0
t 153 12
m0 8 6
1 0 3
2 0 1
3 0 1
t 152 12
m0 9 6
1 0 2
2 0 0
3 0 0
t 151 12
m0 8 6
1 0 1
2 0 1
3 0 1
t 150 12
m0 9 6
1 0 0
2 0 0
3 0 0
t 149 12
m0 8 6
1 0 1
2 1 0
3 1 0
t 148 12
m0 9 6
1 0 0
2 0 0
3 0 0
t 147 12
m0 8 6
1 1 0
2 0 1
3 1 0
t 146 12
m0 9 6
1 0 0
2 0 2
3 2 0
t 145 12
m0 8 6
1 1 0
2 0 1
3 1 0
t 144 12
m0 9 6
1 0 0
2 0 0
3 0 0
t 143 12
m0 8 6
1 0 1
2 0 1
3 0 1
t 142 12
m0 9 6
1 0 2
2 0 0
3 0 0
t 141 12
m0 8 6
1 0 1
2 0 1
3 1 0
t 140 12
m0 9 6
1 0 0
2 0 0
3 2 0
t 139 12
m0 8 6
1 0 1
2 0 1
3 2 1
t 138 12
m0 9 6
1 0 0
2 0 0
3 2 2
t 137 12
m0 8 6
1 0 1
2 1 0
3 2 3
t 136 12
m0 9 6
1 0 0
2 0 0
3 2 4
t 135 12
m0 8 6
1 0 1
2 0 1
3 2 3
t 134 12
m0 9 6
1 0 2
2 0 0
3 2 2
t 133 12
m0 8 6
1 0 3
2 1 0
3 1 2
t 132 12
m0 9 6
1 0 2
2 2 0
3 2 2
t 131 12
m0 8 6
1 0 1
2 3 0
3 2 1
t 130 12
m0 9 6
1 0 0
2 4 0
3 2 2
t 129 12
m0 8 6
1 1 0
2 3 0
3 1 2
t 128 12
m0 9 6
1 0 0
2 2 0
3 0 2
t 127 12
m0 8 6
1 0 1
2 3 0
3 0 1
t 126 12
m0 9 6
1 0 0
2 4 0
3 0 0
t 125 12
m0 8 6
1 1 0
2 5 0
3 1 0
t 124 12
m0 9 6
1 2 0
2 4 0
3 0 0
t 123 12
m0 8 6
1 1 0
2 5 0
3 0 1
t 122 12
m0 9 6
1 0 0
2 5 1
3 0 0
t 121 12
m0 8 6
1 1 0
2 4 1
3 1 0
t 120 12
m0 9 6
1 0 0
2 5 1
3 0 0
t 119 12
m0 8 6
1 0 1
2 4 1
3 0 1
t 118 12
m0 9 6
1 0 2
2 4 0
3 0 0
t 117 12
m0 8 6
1 0 1
2 5 0
3 1 0
t 116 12
m0 9 6
1 0 0
2 4 0
3 2 0
t 115 12
m0 8 6
1 1 0
2 4 1
3 2 1
t 114 12
m0 9 6
1 0 0
2 4 0
3 2 0
t 113 12
m0 8 6
1 1 0
2 3 0
3 1 0
t 112 12
m0 9 6
1 2 0
2 4 0
3 2 0
t 111 12
m0 8 6
1 1 0
2 3 0
3 3 0
t 110 12
m0 9 6
1 2 0
2 2 0
3 2 0
t 109 12
m0 8 6
1 1 0
2 3 0
3 1 0
t 108 12
m0 9 6
1 2 0
2 4 0
3 0 0
t 107 12
m0 8 6
1 1 0
2 3 0
3 1 0
t 106 12
m0 9 6
1 0 0
2 4 0
3 2 0
t 105 12
m0 8 6
1 0 1
2 3 0
3 3 0
t 104 12
m0 9 6
1 0 0
2 2 0
3 2 0
t 103 12
m0 8 6
1 1 0
2 2 1
3 3 0
t 102 12
m0 9 6
1 0 0
2 2 0
3 2 0
t 101 12
m0 8 6
1 0 1
2 1 0
3 3 0
t 100 12
m0 9 6
1 0 2
2 0 0
3 4 0
t 99 12
m0 8 6
1 0 3
2 1 0
3 3 0
t 98 12
m0 9 6
1 0 2
2 0 0
3 2 0
t 97 12
m0 8 6
1 0 1
2 1 0
3 2 1
t 96 12
m0 9 6
1 0 0
2 2 0
3 2 0
t 95 12
m0 8 6
1 1 0
2 1 0
3 3 0
t 94 12
m0 9 6
1 0 0
2 2 0
3 2 0
t 93 12
m0 8 6
1 1 0
2 3 0
3 1 0
t 92 12
m0 9 6
1 0 0
2 2 0
3 2 0
t 91 12
m0 8 6
1 0 1
2 3 0
3 1 0
t 90 12
m0 9 6
1 0 2
2 4 0
3 0 0
t 89 12
m0 8 6
1 0 1
2 5 0
3 0 1
t 88 12
m0 9 6
1 0 2
2 4 0
3 0 2
t 87 12
m0 8 6
1 0 1
2 3 0
3 1 2
t 86 12
m0 9 6
1 0 2
2 2 0
3 2 2
t 85 12
m0 8 6
1 0 1
2 1 0
3 2 1
t 84 12
m0 9 6
1 0 2
2 0 0
3 2 0
t 83 12
m0 8 6
1 1 2
2 0 1
3 3 0
t 82 12
m0 9 6
1 0 2
2 0 2
3 2 0
t 81 12
m0 8 6
1 1 2
2 0 3
3 2 1
t 80 12
m0 9 6
1 0 2
2 0 2
3 2 0
t 79 12
m0 8 6
1 0 3
2 0 1
3 1 0
t 78 12
m0 9 6
1 0 2
2 0 2
3 0 0
t 77 12
m0 8 6
1 0 1
2 0 3
3 0 1
t 76 12
m0 9 6
1 0 0
2 0 4
3 0 2
t 75 12
m0 8 6
1 1 0
2 0 3
3 1 2
t 74 12
m0 9 6
1 0 0
2 0 4
3 2 2
t 73 12
m0 8 6
1 1 0
2 1 4
3 2 3
t 72 12
m0 9 6
1 0 0
2 0 4
3 2 4
t 71 12
m0 8 6
1 1 0
2 0 3
3 2 3
t 70 12
m0 9 6
1 0 0
2 0 2
3 3 3
t 69 12
m0 8 6
1 0 1
2 1 2
3 2 3
t 68 12
m0 9 6
1 0 0
2 0 2
3 2 2
t 67 12
m0 8 6
1 1 0
2 0 3
3 1 2
t 66 12
m0 9 6
1 0 0
2 0 4
3 2 2
t 65 12
m0 8 6
1 1 0
2 0 3
3 2 1
t 64 12
m0 9 6
1 0 0
2 0 2
3 2 2
t 63 12
m0 8 6
1 1 0
2 1 2
3 1 2
t 62 12
m0 9 6
1 0 0
2 2 2
3 2 2
t 61 12
m0 8 6
1 0 1
2 2 1
3 1 2
t 60 12
m0 9 6
1 0 2
2 2 0
3 0 2
t 59 12
m0 8 6
1 0 1
2 1 0
3 0 3
t 58 12
m0 9 6
1 0 2
2 2 0
3 0 2
t 57 12
m0 8 6
1 0 1
2 1 0
3 1 2
t 56 12
m0 9 6
1 0 2
2 0 0
3 2 2
t 55 12
m0 8 6
1 0 1
2 1 0
3 1 2
t 54 12
m0 9 6
1 0 2
2 0 0
3 0 2
t 53 12
m0 8 6
1 0 3
2 0 1
3 0 1
t 52 12
m0 9 6
1 0 2
2 0 0
3 0 2
t 51 12
m0 8 6
1 0 1
2 0 1
3 1 2
t 50 12
m0 9 6
1 0 2
2 0 0
3 0 2
t 49 12
m0 8 6
1 1 2
2 1 0
3 0 1
t 48 12
m0 9 6
1 0 2
2 0 0
3 0 0
t 47 12
m0 8 6
1 0 1
2 0 1
3 0 1
t 46 12
m0 9 6
1 0 2
2 0 2
3 0 2
t 45 12
m0 8 6
1 0 1
2 0 1
3 1 2
t 44 12
m0 9 6
1 0 2
2 0 0
3 0 2
t 43 12
m0 8 6
1 0 1
2 0 1
3 0 1
t 42 12
m0 9 6
1 0 0
2 0 2
3 0 2
t 41 12
m0 8 6
1 0 1
2 0 3
3 0 1
t 40 12
m0 9 6
1 0 0
2 0 2
3 0 0
t 39 12
m0 8 6
1 0 1
2 0 1
3 0 1
t 38 12
m0 9 6
1 0 0
2 0 0
3 0 0
t 37 12
m0 8 6
1 0 1
2 1 0
3 0 1
t 36 12
m0 9 6
1 0 2
2 0 0
3 0 2
t 35 12
m0 8 6
1 0 1
2 1 0
3 0 1
t 34 12
m0 9 6
1 0 2
2 0 0
3 0 0
t 33 12
m0 8 6
1 0 1
2 0 1
3 0 1
t 32 12
m0 9 6
1 0 2
2 0 2
3 0 0
t 31 12
m0 8 6
1 1 2
2 0 1
3 1 0
t 30 12
m0 9 6
1 2 2
2 0 0
3 0 0
t 29 12
m0 8 6
1 2 1
2 1 0
3 0 1
t 28 12
m0 9 6
1 2 0
2 0 0
3 0 0
t 27 12
m0 8 6
1 1 0
2 1 0
3 1 0
t 26 12
m0 9 6
1 0 0
2 0 0
3 0 0
t 25 12
m0 8 6
1 0 1
2 1 0
3 1 0
t 24 12
m0 9 6
1 0 2
2 2 0
3 0 0
t 23 12
m0 8 6
1 0 3
2 1 0
3 0 1
t 22 12
m0 9 6
1 0 4
2 2 0
3 0 2
t 21 12
m0 8 6
1 1 4
2 1 0
3 0 1
t 20 12
m0 9 6
1 1 5
2 2 0
3 0 0
t 19 12
m0 8 6
1 0 5
2 1 0
3 0 1
t 18 12
m0 9 6
1 0 6
2 2 0
3 0 2
t 17 12
m0 8 6
1 0 5
2 1 0
3 0 1
t 16 12
m0 9 6
1 1 5
2 2 0
3 0 0
t 15 12
m0 8 6
1 0 5
2 2 1
3 1 0
t 14 12
m0 9 6
1 0 4
2 2 0
3 0 0
t 13 12
m0 8 6
1 0 5
2 2 1
3 0 1
t 12 12
m0 9 6
1 0 6
2 2 2
3 0 2
t 11 12
m0 8 6
1 0 5
2 2 1
3 0 1
t 10 12
m0 9 6
1 0 6
2 2 0
3 0 0
t 9 12
m0 8 6
1 0 5
2 2 1
3 1 0
t 8 12
m0 9 6
1 0 6
2 2 0
3 0 0
t 7 12
m0 8 6
1 0 7
2 3 0
3 1 0
t 6 12
m0 9 6
1 0 8
2 2 0
3 0 0
t 5 12
m0 8 6
1 0 9
2 2 1
3 0 1
t 4 12
m0 9 6
1 0 10
2 2 0
3 0 2
t 3 12
m0 8 6
1 0 11
2 1 0
3 0 1
t 2 12
m0 9 6
1 0 12
2 2 0
3 0 0
t 1 12
m0 8 6
1 0 12
2 2 0
3 0 0
t 0 12
