10
15
w 5 9
w 6 9
w 4 7
w 8 13
w 5 6
w 3 11
w 2 1
w 0 7
w 6 2
w 4 12
w 1 11
w 8 5
w 4 0
w 8 14
w 6 7
w 3 3
w 8 1
w 1 5
w 2 13
w 0 4
w 2 2
w 1 10
w 5 4
w 0 0
w 9 14
w 5 11
w 4 14
w 6 0
w 9 10
w 3 5
w 7 9
w 0 1
w 0 13
w 7 4
w 6 13
w 0 2
w 8 4
p 4 8
p 7 12
p 6 6
p 7 7
p 8 9
p 1 6
p 0 10
p 5 1
p 7 11
p 0 3
p 3 14
p 7 2
p 5 8
p 9 0
p 4 9
p 5 5
p 3 10
p 4 4
p 1 14
p 4 13
p 6 3
p 0 11
p 7 10
p 8 6
p 4 1
p 1 1
p 4 10
p 2 6
p 8 2
p 3 13
p 9 3
p 1 4
p 3 9
p 7 5
p 1 9
p 4 2
p 6 12
p 0 8
p 9 6
p 2 14
p 6 5
p 2 7
p 3 12
p 5 10
p 6 8
p 8 12
p 4 6
p 5 7
p 2 11
p 9 9
p 3 8
p 1 8
p 4 3
p 9 5
p 7 8
p 2 4
m0 0 14
1 9 0
2 9 0
3 9 0
t 300 0
m0 1 14
1 8 0
2 9 1
3 8 0
t 299 1
m0 2 14
1 9 0
2 9 2
3 7 0
t 298 2
m0 3 14
1 8 0
2 9 3
3 7 1
t 297 3
m0 3 14
1 9 0
2 9 4
3 6 1
t 296 3
m0 2 14
1 8 0
2 9 5
3 5 1
t 295 3
m0 1 14
1 9 0
2 9 6
3 4 1
t 294 3
m0 1 14
1 8 0
2 9 7
3 3 1
t 293 3
m0 1 14
1 9 0
2 8 7
3 3 2
t 292 3
m0 1 13
1 8 0
2 9 7
3 4 2
t 291 3
m0 1 13
1 9 0
2 8 7
3 3 2
t 290 3
m0 1 12
1 8 0
2 9 7
3 4 2
t 289 3
m0 2 12
1 9 0
2 8 7
3 3 2
t 288 3
m0 3 12
1 8 0
2 9 7
3 4 2
t 287 4
m0 3 12
1 9 0
2 8 7
3 3 2
t 286 4
m0 3 13
1 8 0
2 9 7
3 4 2
t 285 5
m0 3 14
1 9 0
2 8 7
3 3 2
t 284 5
m0 3 13
1 8 0
2 9 7
3 4 2
t 283 5
m0 3 12
1 9 0
2 8 7
3 3 2
t 282 5
m0 2 12
1 8 0
2 9 7
3 4 2
t 281 5
m0 2 11
1 9 0
2 8 7
3 3 2
t 280 6
m0 2 12
1 8 0
2 9 7
3 4 2
t 279 6
m0 1 12
1 9 0
2 8 7
3 3 2
t 278 6
m0 1 13
1 8 0
2 9 7
3 4 2
t 277 6
m0 1 13
1 9 0
2 8 7
3 3 2
t 276 6
m0 1 13
1 8 0
2 9 7
3 4 2
t 275 6
m0 1 13
1 9 0
2 8 7
3 3 2
t 274 6
m0 1 14
1 8 0
2 9 7
3 4 2
t 273 6
m0 0 14
1 9 0
2 8 7
3 3 2
f 1 13
t 272 6
m0 0 14
1 8 0
2 9 7
3 4 2
t 271 6
m0 0 14
1 9 0
2 8 7
3 3 2
t 270 6
m0 0 14
1 8 0
2 9 7
3 4 2
t 269 6
m0 1 14
1 9 0
2 8 7
3 3 2
t 268 6
m0 2 14
1 8 0
2 9 7
3 4 2
t 267 6
m0 1 14
1 9 0
2 8 7
3 3 2
t 266 6
m0 2 14
1 8 0
2 9 7
3 4 2
t 265 6
m0 3 14
1 9 0
2 8 7
3 3 2
t 264 6
m0 3 14
1 8 0
2 9 7
3 4 2
t 263 6
m0 3 14
1 9 0
2 8 7
3 3 2
t 262 6
m0 3 14
1 8 0
2 9 7
3 4 2
t 261 6
m0 3 14
1 9 0
2 8 7
3 3 2
t 260 6
m0 3 14
1 8 0
2 9 7
3 4 2
t 259 6
m0 3 14
1 9 0
2 8 7
3 3 2
t 258 6
m0 3 14
1 8 0
2 9 7
3 4 2
t 257 6
m0 2 14
1 9 0
2 8 7
3 3 2
t 256 6
m0 1 14
1 8 0
2 9 7
3 4 2
t 255 6
m0 0 14
1 9 0
2 8 7
3 3 2
t 254 6
m0 0 14
1 8 0
2 9 7
3 4 2
t 253 6
m0 0 14
1 9 0
2 8 7
3 3 2
t 252 6
m0 1 14
1 8 0
2 9 7
3 4 2
t 251 6
m0 0 14
1 9 0
2 8 7
3 3 2
t 250 6
m0 0 14
1 8 0
2 9 7
3 4 2
t 249 6
m0 0 14
1 9 0
2 8 7
3 3 2
t 248 6
m0 0 14
1 8 0
2 9 7
3 4 2
t 247 6
m0 1 14
1 9 0
2 8 7
3 3 2
t 246 6
m0 1 13
1 8 0
2 9 7
3 4 2
t 245 16
m0 1 14
1 9 0
2 8 7
3 3 2
t 244 16
m0 2 14
1 8 0
2 9 7
3 4 2
t 243 16
m0 2 14
1 9 0
2 8 7
3 3 2
t 242 16
m0 3 14
1 8 0
2 9 7
3 4 2
t 241 16
m0 3 14
1 9 0
2 8 7
3 3 2
t 240 16
m0 3 13
1 8 0
2 9 7
3 4 2
t 239 16
m0 3 12
1 9 0
2 8 7
3 3 2
t 238 16
m0 3 13
1 8 0
2 9 7
3 4 2
t 237 16
m0 3 13
1 9 0
2 8 7
3 3 2
t 236 16
m0 4 13
1 8 0
2 9 7
3 3 1
t 235 17
m0 4 13
1 9 0
2 8 7
3 3 2
t 234 17
m0 3 13
1 8 0
2 9 7
3 4 2
t 233 17
m0 3 12
1 9 0
2 8 7
3 3 2
t 232 17
m0 2 12
1 8 0
2 9 7
3 4 2
t 231 17
m0 2 12
1 9 0
2 8 7
3 3 2
t 230 17
m0 2 12
1 8 0
2 9 7
3 4 2
t 229 17
m0 3 12
1 9 0
2 8 7
3 3 2
t 228 17
m0 3 12
1 8 0
2 9 7
3 4 2
t 227 17
m0 3 12
1 9 0
2 8 7
3 3 2
t 226 17
m0 2 12
1 8 0
2 9 7
3 4 2
t 225 17
m0 1 12
1 9 0
2 8 7
3 3 2
t 224 17
m0 1 12
1 8 0
2 9 7
3 4 2
t 223 17
m0 1 13
1 9 0
2 8 7
3 3 2
t 222 17
m0 1 14
1 8 0
2 9 7
3 4 2
t 221 17
m0 1 13
1 9 0
2 8 7
3 3 2
t 220 17
m0 1 13
1 8 0
2 9 7
3 4 2
t 219 17
m0 1 13
1 9 0
2 8 7
3 3 2
t 218 17
m0 1 14
1 8 0
2 9 7
3 4 2
t 217 17
m0 1 13
1 9 0
2 8 7
3 3 2
t 216 17
m0 1 13
1 8 0
2 9 7
3 4 2
t 215 17
m0 1 13
1 9 0
2 8 7
3 3 2
t 214 17
m0 1 13
1 8 0
2 9 7
3 4 2
t 213 17
m0 1 12
1 9 0
2 8 7
3 3 2
f 0 12
t 212 17
m0 1 13
1 8 0
2 9 7
3 4 2
t 211 17
m0 1 13
1 9 0
2 8 7
3 3 2
t 210 17
m0 1 12
1 8 0
2 9 7
3 4 2
t 209 17
m0 1 13
1 9 0
2 8 7
3 3 2
t 208 17
m0 1 12
1 8 0
2 9 7
3 4 2
t 207 17
m0 1 12
1 9 0
2 8 7
3 3 2
t 206 17
m0 0 12
1 8 0
2 9 7
3 4 2
t 205 27
m0 1 12
1 9 0
2 8 7
3 3 2
t 204 27
m0 2 12
1 8 0
2 9 7
3 4 2
t 203 27
m0 2 12
1 9 0
2 8 7
3 3 2
t 202 27
m0 2 11
1 8 0
2 9 7
3 4 2
t 201 27
m0 2 10
1 9 0
2 8 7
3 3 2
t 200 27
m0 3 10
1 8 0
2 9 7
3 4 2
t 199 28
m0 3 9
1 9 0
2 8 7
3 3 2
t 198 29
m0 3 9
1 8 0
2 9 7
3 4 2
t 197 29
m0 3 10
1 9 0
2 8 7
3 3 2
t 196 29
m0 4 10
1 8 0
2 9 7
3 3 1
t 195 30
m0 3 10
1 9 0
2 8 7
3 3 2
t 194 30
m0 3 9
1 8 0
2 9 7
3 4 2
t 193 30
m0 3 10
1 9 0
2 8 7
3 3 2
t 192 30
m0 2 10
1 8 0
2 9 7
3 4 2
t 191 30
m0 2 9
1 9 0
2 8 7
3 3 2
t 190 30
m0 2 10
1 8 0
2 9 7
3 4 2
t 189 30
m0 3 10
1 9 0
2 8 7
3 3 2
t 188 30
m0 3 10
1 8 0
2 9 7
3 4 2
t 187 30
m0 3 9
1 9 0
2 8 7
3 3 2
t 186 30
m0 3 8
1 8 0
2 9 7
3 4 2
t 185 31
m0 2 8
1 9 0
2 8 7
3 3 2
t 184 31
m0 3 8
1 8 0
2 9 7
3 4 2
t 183 31
m0 3 7
1 9 0
2 9 8
3 5 2
f 6 10
t 182 31
m0 3 7
1 8 0
2 9 9
3 4 2
t 181 31
m0 3 8
1 9 0
2 8 9
3 5 2
t 180 31
m0 2 8
1 8 0
2 9 9
3 4 2
t 179 31
m0 2 7
1 9 0
2 8 9
3 5 2
t 178 32
m0 2 6
1 8 0
2 9 9
3 4 2
t 177 33
m0 2 6
1 9 0
2 8 9
3 5 2
t 176 33
m0 1 6
1 8 0
2 9 9
3 4 2
t 175 34
m0 1 6
1 9 0
2 8 9
3 5 2
t 174 34
m0 1 7
1 8 0
2 9 9
3 4 2
t 173 34
m0 1 6
1 9 0
2 8 9
3 5 2
t 172 34
m0 1 7
1 8 0
2 9 9
3 4 2
t 171 34
m0 1 6
1 9 0
2 8 9
3 5 2
t 170 34
m0 1 7
1 8 0
2 9 9
3 4 2
t 169 34
m0 2 7
1 9 0
2 8 9
3 5 2
t 168 34
m0 2 8
1 8 0
2 9 9
3 4 2
t 167 34
m0 3 8
1 9 0
2 8 9
3 5 2
t 166 34
m0 3 7
1 8 0
2 9 9
3 4 2
t 165 34
m0 3 7
1 9 0
2 8 9
3 5 2
t 164 34
m0 3 8
1 8 0
2 9 9
3 4 2
t 163 34
m0 3 9
1 9 0
2 9 8
3 3 2
t 162 34
m0 4 9
1 8 0
2 9 7
3 3 1
t 161 35
m0 4 8
1 9 0
2 9 6
3 3 2
t 160 36
m0 3 8
1 8 0
2 9 7
3 4 2
t 159 36
m0 3 9
1 9 0
2 8 7
3 3 2
t 158 36
m0 4 9
1 8 0
2 9 7
3 3 1
t 157 36
m0 4 10
1 9 0
2 8 7
3 3 2
t 156 36
m0 4 9
1 8 0
2 9 7
3 3 1
t 155 36
m0 4 8
1 9 0
2 9 6
3 3 2
t 154 36
m0 4 8
1 8 0
2 9 5
3 3 1
t 153 36
m0 4 8
1 9 0
2 9 6
3 3 2
t 152 36
m0 4 9
1 8 0
2 9 7
3 3 1
t 151 36
m0 4 10
1 9 0
2 8 7
3 3 2
t 150 36
m0 5 10
1 8 0
2 9 7
3 3 1
t 149 37
m0 5 10
1 9 0
2 9 6
3 3 2
t 148 37
m0 6 10
1 8 0
2 9 5
3 3 1
t 147 47
m0 7 10
1 9 0
2 9 6
3 3 2
t 146 48
m0 7 11
1 8 0
2 9 5
3 3 1
t 145 49
m0 8 11
1 9 0
2 9 6
3 3 2
f 2 11
t 144 49
m0 9 11
1 8 0
2 9 5
3 3 1
t 143 49
m0 8 11
1 9 0
2 9 6
3 3 2
t 142 49
m0 8 12
1 8 0
2 9 5
3 3 1
t 141 50
m0 7 12
1 9 0
2 9 6
3 3 2
t 140 51
m0 7 12
1 8 0
2 9 7
3 3 1
t 139 51
m0 7 12
1 9 0
2 9 6
3 3 2
t 138 51
m0 7 12
1 8 0
2 9 7
3 3 1
t 137 51
m0 6 12
1 9 0
2 8 7
3 3 2
t 136 52
m0 5 12
1 8 0
2 9 7
3 3 1
t 135 52
m0 6 12
1 9 0
2 8 7
3 3 2
t 134 52
m0 5 12
1 8 0
2 9 7
3 3 1
t 133 52
m0 6 12
1 9 0
2 8 7
3 3 2
t 132 52
m0 6 11
1 8 0
2 9 7
3 3 1
t 131 52
m0 6 11
1 9 0
2 9 6
3 3 2
t 130 52
m0 6 11
1 8 0
2 9 7
3 3 1
t 129 52
m0 6 11
1 9 0
2 9 6
3 3 2
t 128 52
m0 6 12
1 8 0
2 9 7
3 3 1
t 127 52
m0 7 12
1 9 0
2 9 6
3 3 2
t 126 52
m0 7 12
1 8 0
2 9 7
3 3 1
t 125 52
m0 7 13
1 9 0
2 8 7
3 3 2
t 124 52
m0 7 13
1 8 0
2 9 7
3 3 1
t 123 52
m0 7 14
1 9 0
2 8 7
3 3 2
t 122 52
m0 6 14
1 8 0
2 9 7
3 3 1
t 121 52
m0 6 14
1 9 0
2 8 7
3 3 2
t 120 52
m0 6 14
1 8 0
2 9 7
3 3 1
t 119 52
m0 7 14
1 9 0
2 8 7
3 3 2
t 118 52
m0 6 14
1 8 0
2 9 7
3 3 1
t 117 52
m0 5 14
1 9 0
2 8 7
3 3 2
t 116 52
m0 5 13
1 8 0
2 9 7
3 3 1
t 115 52
m0 5 12
1 9 0
2 8 7
3 3 2
t 114 52
m0 5 12
1 8 0
2 9 7
3 3 1
t 113 52
m0 5 13
1 9 0
2 8 7
3 3 2
t 112 52
m0 5 13
1 8 0
2 9 7
3 3 1
t 111 52
m0 5 14
1 9 0
2 8 7
3 3 2
t 110 52
m0 5 14
1 8 0
2 9 7
3 3 1
t 109 52
m0 5 13
1 9 0
2 8 7
3 3 2
t 108 52
m0 5 14
1 8 0
2 9 7
3 3 1
t 107 52
m0 5 13
1 9 0
2 8 7
3 3 2
t 106 52
m0 5 14
1 8 0
2 9 7
3 3 1
t 105 52
m0 6 14
1 9 0
2 8 7
3 3 2
t 104 52
m0 5 14
1 8 0
2 9 7
3 3 1
t 103 52
m0 6 14
1 9 0
2 8 7
3 3 2
t 102 52
m0 7 14
1 8 0
2 9 7
3 3 1
t 101 52
m0 7 13
1 9 0
2 8 7
3 3 2
t 100 52
m0 7 13
1 8 0
2 9 7
3 3 1
t 99 52
m0 7 12
1 9 0
2 9 6
3 3 2
t 98 52
m0 7 12
1 8 0
2 9 7
3 3 1
t 97 52
m0 6 12
1 9 0
2 8 7
3 3 2
t 96 52
m0 6 12
1 8 0
2 9 7
3 3 1
t 95 52
m0 6 12
1 9 0
2 8 7
3 3 2
t 94 52
m0 6 12
1 8 0
2 9 7
3 3 1
t 93 52
m0 7 12
1 9 0
2 9 6
3 3 2
t 92 52
m0 7 13
1 8 0
2 9 7
3 3 1
t 91 52
m0 7 12
1 9 0
2 9 6
3 3 2
t 90 52
m0 7 12
1 8 0
2 9 7
3 3 1
t 89 52
m0 6 12
1 9 0
2 8 7
3 3 2
t 88 52
m0 5 12
1 8 0
2 9 7
3 3 1
t 87 52
m0 5 13
1 9 0
2 8 7
3 3 2
t 86 52
m0 5 12
1 8 0
2 9 7
3 3 1
t 85 52
m0 6 12
1 9 0
2 8 7
3 3 2
t 84 52
m0 5 12
1 8 0
2 9 7
3 3 1
t 83 52
m0 6 12
1 9 0
2 8 7
3 3 2
t 82 52
m0 5 12
1 8 0
2 9 7
3 3 1
t 81 52
m0 5 13
1 9 0
2 8 7
3 3 2
t 80 52
m0 5 14
1 8 0
2 9 7
3 3 1
t 79 52
m0 6 14
1 9 0
2 8 7
3 3 2
t 78 52
m0 5 14
1 8 0
2 9 7
3 3 1
t 77 52
m0 5 13
1 9 0
2 8 7
3 3 2
t 76 52
m0 5 13
1 8 0
2 9 7
3 3 1
t 75 52
m0 5 14
1 9 0
2 8 7
3 3 2
t 74 52
m0 5 13
1 8 0
2 9 7
3 3 1
t 73 52
m0 5 13
1 9 0
2 8 7
3 3 2
t 72 52
m0 5 13
1 8 0
2 9 7
3 3 1
t 71 52
m0 5 14
1 9 0
2 8 7
3 3 2
t 70 52
m0 6 14
1 8 0
2 9 7
3 3 1
t 69 52
m0 7 14
1 9 0
2 8 7
3 3 2
t 68 52
m0 7 14
1 8 0
2 9 7
3 3 1
t 67 52
m0 7 13
1 9 0
2 8 7
3 3 2
t 66 52
m0 7 12
1 8 0
2 9 7
3 3 1
t 65 52
m0 7 12
1 9 0
2 9 6
3 3 2
t 64 52
m0 7 13
1 8 0
2 9 7
3 3 1
t 63 52
m0 7 13
1 9 0
2 8 7
3 3 2
t 62 52
m0 7 14
1 8 0
2 9 7
3 3 1
t 61 52
m0 7 14
1 9 0
2 8 7
3 3 2
t 60 52
m0 7 14
1 8 0
2 9 7
3 3 1
t 59 52
m0 6 14
1 9 0
2 8 7
3 3 2
t 58 52
m0 7 14
1 8 0
2 9 7
3 3 1
t 57 52
m0 6 14
1 9 0
2 8 7
3 3 2
t 56 52
m0 5 14
1 8 0
2 9 7
3 3 1
t 55 52
m0 5 13
1 9 0
2 8 7
3 3 2
t 54 52
m0 4 13
1 8 0
2 9 7
3 3 1
t 53 52
m0 5 13
1 9 0
2 8 7
3 3 2
t 52 52
m0 4 13
1 8 0
2 9 7
3 3 1
t 51 52
m0 5 13
1 9 0
2 8 7
3 3 2
t 50 52
m0 5 13
1 8 0
2 9 7
3 3 1
t 49 52
m0 5 14
1 9 0
2 8 7
3 3 2
t 48 52
m0 5 14
1 8 0
2 9 7
3 3 1
t 47 52
m0 5 14
1 9 0
2 8 7
3 3 2
t 46 52
m0 5 14
1 8 0
2 9 7
3 3 1
t 45 52
m0 5 14
1 9 0
2 8 7
3 3 2
t 44 52
m0 5 14
1 8 0
2 9 7
3 3 1
t 43 52
m0 5 13
1 9 0
2 8 7
3 3 2
t 42 52
m0 5 14
1 8 0
2 9 7
3 3 1
t 41 52
m0 5 14
1 9 0
2 8 7
3 3 2
t 40 52
m0 5 13
1 8 0
2 9 7
3 3 1
t 39 52
m0 4 13
1 9 0
2 8 7
3 3 2
t 38 52
m0 3 13
1 8 0
2 9 7
3 4 2
t 37 52
m0 3 14
1 9 0
2 8 7
3 3 2
t 36 52
m0 2 14
1 8 0
2 9 7
3 4 2
t 35 52
m0 2 14
1 9 0
2 8 7
3 3 2
t 34 52
m0 2 14
1 8 0
2 9 7
3 4 2
t 33 52
m0 1 14
1 9 0
2 8 7
3 3 2
t 32 52
m0 1 13
1 8 0
2 9 7
3 4 2
t 31 52
m0 1 12
1 9 0
2 8 7
3 3 2
t 30 52
m0 0 12
1 8 0
2 9 7
3 4 2
t 29 52
m0 1 12
1 9 0
2 8 7
3 3 2
t 28 52
m0 2 12
1 8 0
2 9 7
3 4 2
t 27 52
m0 1 12
1 9 0
2 8 7
3 3 2
t 26 52
m0 2 12
1 8 0
2 9 7
3 4 2
t 25 52
m0 2 12
1 9 0
2 8 7
3 3 2
t 24 52
m0 2 11
1 8 0
2 9 7
3 4 2
t 23 62
m0 2 11
1 9 0
2 8 7
3 3 2
t 22 62
m0 2 11
1 8 0
2 9 7
3 4 2
t 21 62
m0 2 11
1 9 0
2 8 7
3 3 2
t 20 62
m0 2 10
1 8 0
2 9 7
3 4 2
t 19 62
m0 2 10
1 9 0
2 8 7
3 3 2
t 18 62
m0 2 10
1 8 0
2 9 7
3 4 2
t 17 62
m0 2 9
1 9 0
2 8 7
3 3 2
t 16 62
m0 2 8
1 8 0
2 9 7
3 4 2
t 15 62
m0 1 8
1 9 0
2 8 7
3 3 2
t 14 63
m0 1 8
1 8 0
2 9 7
3 4 2
t 13 63
m0 1 9
1 9 0
2 8 7
3 3 2
t 12 64
m0 1 8
1 8 0
2 9 7
3 4 2
t 11 64
m0 1 9
1 9 0
2 8 7
3 3 2
t 10 64
m0 1 8
1 8 0
2 9 7
3 4 2
t 9 64
m0 0 8
1 9 0
2 8 7
3 3 2
t 8 65
m0 0 8
1 8 0
2 9 7
3 4 2
t 7 65
m0 0 9
1 9 0
2 8 7
3 3 2
t 6 65
m0 1 9
1 8 0
2 9 7
3 4 2
t 5 65
m0 1 8
1 9 0
2 8 7
3 3 2
t 4 65
m0 0 8
1 8 0
2 9 7
3 4 2
t 3 65
m0 1 8
1 9 0
2 8 7
3 3 2
t 2 65
m0 1 9
1 8 0
2 9 7
3 4 2
t 1 65
m0 0 9
1 8 0
2 9 7
3 4 2
t 0 65
