10
15
w 1 3
w 7 12
w 8 0
w 7 7
w 0 7
w 8 9
w 2 12
w 8 5
w 6 14
w 4 9
w 3 3
w 8 1
w 3 10
w 1 14
w 6 3
w 1 5
w 4 13
w 7 10
w 4 1
w 1 1
w 7 14
w 0 0
w 2 14
w 9 6
w 0 8
w 6 5
w 7 9
w 2 7
w 3 5
w 4 11
w 9 13
w 4 6
w 1 12
w 5 7
w 9 9
w 4 3
w 9 5
p 7 3
p 6 6
p 3 0
p 5 6
p 5 13
p 3 11
p 2 1
p 6 2
p 1 6
p 0 10
p 9 4
p 3 7
p 5 8
p 7 2
p 3 14
p 9 0
p 6 7
p 5 5
p 5 12
p 6 10
p 2 13
p 9 11
p 0 11
p 3 6
p 2 2
p 1 10
p 5 0
p 3 4
p 9 7
p 5 4
p 3 2
p 7 1
p 5 11
p 8 11
p 0 12
p 9 10
p 7 5
p 2 3
p 1 9
p 6 12
p 4 2
p 8 3
p 3 12
p 6 8
p 8 12
p 9 2
p 6 1
p 3 1
p 0 13
p 2 0
p 8 8
p 6 13
p 1 7
p 5 2
p 9 12
p 8 4
m0 0 14
1 9 0
2 9 0
3 9 0
t 300 0
m0 0 14
1 9 1
2 9 1
3 9 1
t 299 0
m0 0 13
1 9 0
2 9 0
3 9 0
t 298 1
m0 0 12
1 9 1
2 9 1
3 9 1
t 297 2
m0 0 11
1 9 0
2 9 0
3 9 0
t 296 3
m0 0 11
1 9 1
2 9 1
3 9 1
t 295 3
m0 0 11
1 9 0
2 9 0
3 9 0
t 294 3
m0 0 11
1 9 1
2 9 1
3 9 1
t 293 3
m0 0 10
1 9 0
2 9 0
3 9 0
t 292 4
m0 0 9
1 9 1
2 9 1
3 9 1
t 291 4
m0 0 9
1 9 0
2 9 0
3 9 0
t 290 4
m0 1 9
1 9 1
2 9 1
3 9 1
t 289 5
m0 1 9
1 9 0
2 9 0
3 9 0
t 288 5
m0 1 10
1 9 1
2 9 1
3 9 1
t 287 6
m0 0 10
1 9 0
2 9 0
3 9 0
t 286 6
m0 0 9
1 9 1
2 9 1
3 9 1
t 285 6
m0 0 9
1 9 0
2 9 0
3 9 0
t 284 6
m0 0 10
1 9 1
2 9 1
3 9 1
t 283 6
m0 1 10
1 9 0
2 9 0
3 9 0
t 282 6
m0 1 9
1 9 1
2 9 1
3 9 1
t 281 6
m0 1 8
1 9 0
2 9 0
3 9 0
t 280 6
m0 1 7
1 9 1
2 9 1
3 9 1
t 279 7
m0 1 8
1 9 0
2 9 0
3 9 0
t 278 7
m0 1 9
1 9 1
2 9 1
3 9 1
t 277 7
m0 2 9
1 9 0
2 9 0
3 9 0
t 276 7
m0 2 10
1 9 1
2 9 1
3 9 1
t 275 7
m0 2 11
1 9 0
2 9 0
3 9 0
t 274 7
m0 2 11
1 9 1
2 9 1
3 9 1
t 273 7
m0 1 11
1 9 0
2 9 0
3 9 0
t 272 7
m0 2 11
1 9 1
2 9 1
3 9 1
t 271 7
m0 2 11
1 9 0
2 9 0
3 9 0
t 270 7
m0 2 11
1 9 1
2 9 1
3 9 1
t 269 7
m0 1 11
1 9 0
2 9 0
3 9 0
t 268 7
m0 2 11
1 9 1
2 9 1
3 9 1
f 8 13
t 267 7
m0 1 11
1 9 0
2 9 0
3 9 0
t 266 7
m0 2 11
1 9 1
2 9 1
3 9 1
t 265 7
m0 3 11
1 9 0
2 9 0
3 9 0
t 264 8
m0 3 12
1 9 1
2 9 1
3 9 1
t 263 9
m0 3 13
1 9 0
2 9 0
3 9 0
t 262 9
m0 3 13
1 9 1
2 9 1
3 9 1
t 261 9
m0 3 14
1 9 0
2 9 0
3 9 0
t 260 10
m0 4 14
1 9 1
2 9 1
3 9 1
t 259 10
m0 4 14
1 9 0
2 9 0
3 9 0
t 258 10
m0 5 14
1 9 1
2 9 1
3 9 1
t 257 10
m0 5 13
1 9 0
2 9 0
3 9 0
t 256 11
m0 6 13
1 9 1
2 9 1
3 9 1
t 255 12
m0 7 13
1 9 0
2 9 0
3 9 0
t 254 12
m0 8 13
1 9 1
2 9 1
3 9 1
t 253 22
m0 8 13
1 9 0
2 9 0
3 9 0
t 252 22
m0 8 14
1 9 1
2 9 1
3 9 1
t 251 22
m0 9 14
1 9 0
2 9 0
3 9 0
t 250 22
m0 8 14
1 9 1
2 9 1
3 9 1
t 249 22
m0 8 14
1 9 0
2 9 0
3 9 0
t 248 22
m0 8 13
1 9 1
2 9 1
3 9 1
t 247 22
m0 7 13
1 9 0
2 9 0
3 9 0
t 246 22
m0 8 13
1 9 1
2 9 1
3 9 1
t 245 22
m0 8 12
1 9 0
2 9 0
3 9 0
t 244 23
m0 9 12
1 9 1
2 9 1
3 9 1
t 243 24
m0 9 12
1 9 0
2 9 0
3 9 0
t 242 24
m0 9 11
1 9 1
2 9 1
3 9 1
t 241 25
m0 9 11
1 9 0
2 9 0
3 9 0
t 240 25
m0 9 12
1 9 1
2 9 1
3 9 1
t 239 25
m0 8 12
1 9 0
2 9 0
3 9 0
t 238 25
m0 8 13
1 9 1
2 9 1
3 9 1
t 237 25
m0 8 13
1 9 0
2 9 0
3 9 0
t 236 25
m0 8 14
1 9 1
2 9 1
3 9 1
t 235 25
m0 8 14
1 9 0
2 9 0
3 9 0
t 234 25
m0 8 13
1 9 1
2 9 1
3 9 1
t 233 25
m0 8 13
1 9 0
2 9 0
3 9 0
t 232 25
m0 7 13
1 9 1
2 9 1
3 9 1
t 231 25
m0 8 13
1 9 0
2 9 0
3 9 0
t 230 25
m0 8 12
1 9 1
2 9 1
3 9 1
t 229 25
m0 8 13
1 9 0
2 9 0
3 9 0
t 228 25
m0 8 14
1 9 1
2 9 1
3 9 1
t 227 25
m0 8 14
1 9 0
2 9 0
3 9 0
t 226 25
m0 8 14
1 9 1
2 9 1
3 9 1
t 225 25
m0 8 14
1 9 0
2 9 0
3 9 0
t 224 25
m0 8 13
1 9 1
2 9 1
3 9 1
t 223 25
m0 7 13
1 9 0
2 9 0
3 9 0
t 222 25
m0 7 13
1 9 1
2 9 1
3 9 1
t 221 25
m0 6 13
1 9 0
2 9 0
3 9 0
f 6 11
t 220 25
m0 6 13
1 9 1
2 9 1
3 9 1
t 219 25
m0 6 12
1 9 0
2 9 0
3 9 0
t 218 26
m0 6 11
1 9 1
2 9 1
3 9 1
t 217 36
m0 6 10
1 9 0
2 9 0
3 9 0
t 216 37
m0 6 11
1 9 1
2 9 1
3 9 1
t 215 37
m0 6 10
1 9 0
2 9 0
3 9 0
t 214 37
m0 6 11
1 9 1
2 9 1
3 9 1
t 213 37
m0 7 11
1 9 0
2 9 0
3 9 0
t 212 37
m0 8 11
1 9 1
2 9 1
3 9 1
t 211 38
m0 8 12
1 9 0
2 9 0
3 9 0
t 210 38
m0 8 11
1 9 1
2 9 1
3 9 1
t 209 38
m0 8 11
1 9 0
2 9 0
3 9 0
t 208 38
m0 8 11
1 9 1
2 9 1
3 9 1
t 207 38
m0 8 11
1 9 0
2 9 0
3 9 0
t 206 38
m0 7 11
1 9 1
2 9 1
3 9 1
t 205 38
m0 6 11
1 9 0
2 9 0
3 9 0
t 204 38
m0 7 11
1 9 1
2 9 1
3 9 1
t 203 38
m0 6 11
1 9 0
2 9 0
3 9 0
t 202 38
m0 6 10
1 9 1
2 9 1
3 9 1
t 201 38
m0 6 11
1 9 0
2 9 0
3 9 0
f 7 13
t 200 38
m0 7 11
1 9 1
2 9 1
3 9 1
t 199 38
m0 8 11
1 9 0
2 9 0
3 9 0
t 198 38
m0 7 11
1 9 1
2 9 1
3 9 1
t 197 38
m0 7 11
1 9 0
2 9 0
3 9 0
t 196 38
m0 6 11
1 9 1
2 9 1
3 9 1
t 195 38
m0 6 12
1 9 0
2 9 0
3 9 0
t 194 38
m0 6 11
1 9 1
2 9 1
3 9 1
t 193 38
m0 6 12
1 9 0
2 9 0
3 9 0
t 192 38
m0 6 13
1 9 1
2 9 1
3 9 1
t 191 38
m0 7 13
1 9 0
2 9 0
3 9 0
t 190 48
m0 6 13
1 9 1
2 9 1
3 9 1
f 4 12
t 189 48
m0 5 13
1 9 0
2 9 0
3 9 0
t 188 48
m0 5 13
1 9 1
2 9 1
3 9 1
t 187 48
m0 5 12
1 9 0
2 9 0
3 9 0
t 186 49
m0 4 12
1 9 1
2 9 1
3 9 1
t 185 59
m0 4 12
1 9 0
2 9 0
3 9 0
t 184 59
m0 3 12
1 9 1
2 9 1
3 9 1
t 183 59
m0 4 12
1 9 0
2 9 0
3 9 0
f 2 6
t 182 59
m0 3 12
1 9 1
2 9 1
3 9 1
t 181 59
m0 3 11
1 9 0
2 9 0
3 9 0
t 180 59
m0 3 12
1 9 1
2 9 1
3 9 1
t 179 59
m0 3 12
1 9 0
2 9 0
3 9 0
t 178 59
m0 3 12
1 9 1
2 9 1
3 9 1
t 177 59
m0 4 12
1 9 0
2 9 0
3 9 0
t 176 59
m0 4 12
1 9 1
2 9 1
3 9 1
t 175 59
m0 5 12
1 9 0
2 9 0
3 9 0
t 174 59
m0 5 11
1 9 1
2 9 1
3 9 1
t 173 60
m0 5 10
1 9 0
2 9 0
3 9 0
t 172 60
m0 4 10
1 9 1
2 9 1
3 9 1
t 171 60
m0 4 10
1 9 0
2 9 0
3 9 0
t 170 60
m0 4 10
1 9 1
2 9 1
3 9 1
t 169 60
m0 5 10
1 9 0
2 9 0
3 9 0
t 168 60
m0 5 9
1 9 1
2 9 1
3 9 1
t 167 60
m0 5 8
1 9 0
2 9 0
3 9 0
t 166 61
m0 5 8
1 9 1
2 9 1
3 9 1
t 165 61
m0 4 8
1 9 0
2 9 0
3 9 0
t 164 61
m0 4 8
1 9 1
2 9 1
3 9 1
t 163 61
m0 4 7
1 9 0
2 9 0
3 9 0
t 162 61
m0 3 7
1 9 1
2 9 1
3 9 1
t 161 62
m0 3 6
1 9 0
2 9 0
3 9 0
t 160 63
m0 2 6
1 9 1
2 9 1
3 9 1
t 159 73
m0 2 6
1 9 0
2 9 0
3 9 0
t 158 73
m0 2 6
1 9 1
2 9 1
3 9 1
t 157 73
m0 2 6
1 9 0
2 9 0
3 9 0
t 156 73
m0 1 6
1 9 1
2 9 1
3 9 1
t 155 74
m0 2 6
1 9 0
2 9 0
3 9 0
t 154 74
m0 3 6
1 9 1
2 9 1
3 9 1
t 153 74
m0 3 6
1 9 0
2 9 0
3 9 0
t 152 74
m0 3 7
1 9 1
2 9 1
3 9 1
t 151 74
m0 3 8
1 9 0
2 9 0
3 9 0
t 150 74
m0 2 8
1 9 1
2 9 1
3 9 1
t 149 74
m0 2 9
1 9 0
2 9 0
3 9 0
t 148 74
m0 1 9
1 9 1
2 9 1
3 9 1
t 147 74
m0 2 9
1 9 0
2 9 0
3 9 0
f 2 11
t 146 74
m0 2 10
1 9 1
2 9 1
3 9 1
t 145 74
m0 2 11
1 9 0
2 9 0
3 9 0
t 144 84
m0 1 11
1 9 1
2 9 1
3 9 1
t 143 84
m0 1 11
1 9 0
2 9 0
3 9 0
t 142 84
m0 2 11
1 9 1
2 9 1
3 9 1
t 141 84
m0 1 11
1 9 0
2 9 0
3 9 0
t 140 84
m0 2 11
1 9 1
2 9 1
3 9 1
t 139 84
m0 2 11
1 9 0
2 9 0
3 9 0
t 138 84
m0 3 11
1 9 1
2 9 1
3 9 1
t 137 84
m0 3 12
1 9 0
2 9 0
3 9 0
t 136 84
m0 3 12
1 9 1
2 9 1
3 9 1
t 135 84
m0 3 13
1 9 0
2 9 0
3 9 0
t 134 84
m0 2 13
1 9 1
2 9 1
3 9 1
t 133 85
m0 1 13
1 9 0
2 9 0
3 9 0
f 7 11
t 132 85
m0 2 13
1 9 1
2 9 1
3 9 1
t 131 85
m0 2 13
1 9 0
2 9 0
3 9 0
t 130 85
m0 3 13
1 9 1
2 9 1
3 9 1
t 129 85
m0 2 13
1 9 0
2 9 0
3 9 0
t 128 85
m0 1 13
1 9 1
2 9 1
3 9 1
t 127 85
m0 0 13
1 9 0
2 9 0
3 9 0
t 126 85
m0 0 14
1 9 1
2 9 1
3 9 1
t 125 85
m0 0 13
1 9 0
2 9 0
3 9 0
t 124 85
m0 1 13
1 9 1
2 9 1
3 9 1
t 123 85
m0 0 13
1 9 0
2 9 0
3 9 0
t 122 85
m0 0 13
1 9 1
2 9 1
3 9 1
t 121 85
m0 0 14
1 9 0
2 9 0
3 9 0
t 120 85
m0 0 14
1 9 1
2 9 1
3 9 1
t 119 85
m0 0 13
1 9 0
2 9 0
3 9 0
t 118 85
m0 0 13
1 9 1
2 9 1
3 9 1
t 117 85
m0 0 12
1 9 0
2 9 0
3 9 0
t 116 85
m0 0 13
1 9 1
2 9 1
3 9 1
t 115 85
m0 0 13
1 9 0
2 9 0
3 9 0
t 114 85
m0 1 13
1 9 1
2 9 1
3 9 1
t 113 85
m0 1 13
1 9 0
2 9 0
3 9 0
t 112 85
m0 0 13
1 9 1
2 9 1
3 9 1
t 111 85
m0 0 14
1 9 0
2 9 0
3 9 0
t 110 85
m0 0 14
1 9 1
2 9 1
3 9 1
t 109 85
m0 0 14
1 9 0
2 9 0
3 9 0
t 108 85
m0 0 13
1 9 1
2 9 1
3 9 1
t 107 85
m0 1 13
1 9 0
2 9 0
3 9 0
t 106 85
m0 2 13
1 9 1
2 9 1
3 9 1
t 105 85
m0 2 13
1 9 0
2 9 0
3 9 0
t 104 85
m0 2 13
1 9 1
2 9 1
3 9 1
t 103 85
m0 1 13
1 9 0
2 9 0
3 9 0
t 102 85
m0 0 13
1 9 1
2 9 1
3 9 1
t 101 85
m0 0 13
1 9 0
2 9 0
3 9 0
t 100 85
m0 0 13
1 9 1
2 9 1
3 9 1
t 99 85
m0 1 13
1 9 0
2 9 0
3 9 0
t 98 85
m0 2 13
1 9 1
2 9 1
3 9 1
t 97 85
m0 3 13
1 9 0
2 9 0
3 9 0
t 96 85
m0 3 12
1 9 1
2 9 1
3 9 1
t 95 85
m0 3 13
1 9 0
2 9 0
3 9 0
t 94 85
m0 2 13
1 9 1
2 9 1
3 9 1
t 93 85
m0 2 13
1 9 0
2 9 0
3 9 0
t 92 85
m0 2 13
1 9 1
2 9 1
3 9 1
t 91 85
m0 2 13
1 9 0
2 9 0
3 9 0
t 90 85
m0 3 13
1 9 1
2 9 1
3 9 1
t 89 85
m0 2 13
1 9 0
2 9 0
3 9 0
t 88 85
m0 2 13
1 9 1
2 9 1
3 9 1
t 87 85
m0 3 13
1 9 0
2 9 0
3 9 0
t 86 85
m0 3 13
1 9 1
2 9 1
3 9 1
t 85 85
m0 3 12
1 9 0
2 9 0
3 9 0
t 84 85
m0 4 12
1 9 1
2 9 1
3 9 1
t 83 85
m0 5 12
1 9 0
2 9 0
3 9 0
t 82 85
m0 6 12
1 9 1
2 9 1
3 9 1
t 81 85
m0 6 11
1 9 0
2 9 0
3 9 0
t 80 85
m0 7 11
1 9 1
2 9 1
3 9 1
t 79 95
m0 7 11
1 9 0
2 9 0
3 9 0
t 78 95
m0 7 11
1 9 1
2 9 1
3 9 1
t 77 95
m0 7 11
1 9 0
2 9 0
3 9 0
t 76 95
m0 8 11
1 9 1
2 9 1
3 9 1
t 75 95
m0 8 10
1 9 0
2 9 0
3 9 0
t 74 95
m0 8 11
1 9 1
2 9 1
3 9 1
t 73 95
m0 8 12
1 9 0
2 9 0
3 9 0
t 72 105
m0 8 11
1 9 1
2 9 1
3 9 1
t 71 105
m0 8 10
1 9 0
2 9 0
3 9 0
t 70 105
m0 8 10
1 9 1
2 9 1
3 9 1
t 69 105
m0 8 11
1 9 0
2 9 0
3 9 0
t 68 105
m0 7 11
1 9 1
2 9 1
3 9 1
t 67 105
m0 6 11
1 9 0
2 9 0
3 9 0
t 66 105
m0 6 11
1 9 1
2 9 1
3 9 1
t 65 105
m0 5 11
1 9 0
2 9 0
3 9 0
t 64 105
m0 6 11
1 9 1
2 9 1
3 9 1
t 63 105
m0 6 10
1 9 0
2 9 0
3 9 0
t 62 105
m0 6 10
1 9 1
2 9 1
3 9 1
t 61 105
m0 5 10
1 9 0
2 9 0
3 9 0
t 60 105
m0 5 11
1 9 1
2 9 1
3 9 1
t 59 105
m0 5 10
1 9 0
2 9 0
3 9 0
t 58 105
m0 5 10
1 9 1
2 9 1
3 9 1
t 57 105
m0 5 11
1 9 0
2 9 0
3 9 0
t 56 105
m0 5 12
1 9 1
2 9 1
3 9 1
t 55 105
m0 5 13
1 9 0
2 9 0
3 9 0
t 54 105
m0 5 13
1 9 1
2 9 1
3 9 1
t 53 105
m0 5 12
1 9 0
2 9 0
3 9 0
t 52 105
m0 4 12
1 9 1
2 9 1
3 9 1
t 51 105
m0 3 12
1 9 0
2 9 0
3 9 0
t 50 105
m0 3 12
1 9 1
2 9 1
3 9 1
t 49 105
m0 3 11
1 9 0
2 9 0
3 9 0
t 48 105
m0 2 11
1 9 1
2 9 1
3 9 1
t 47 105
m0 1 11
1 9 0
2 9 0
3 9 0
t 46 105
m0 0 11
1 9 1
2 9 1
3 9 1
t 45 105
m0 0 12
1 9 0
2 9 0
3 9 0
t 44 105
m0 0 11
1 9 1
2 9 1
3 9 1
t 43 105
m0 0 11
1 9 0
2 9 0
3 9 0
t 42 105
m0 0 10
1 9 1
2 9 1
3 9 1
t 41 105
m0 0 11
1 9 0
2 9 0
3 9 0
t 40 105
m0 0 10
1 9 1
2 9 1
3 9 1
t 39 105
m0 0 11
1 9 0
2 9 0
3 9 0
t 38 105
m0 0 11
1 9 1
2 9 1
3 9 1
t 37 105
m0 1 11
1 9 0
2 9 0
3 9 0
t 36 105
m0 1 11
1 9 1
2 9 1
3 9 1
t 35 105
m0 0 11
1 9 0
2 9 0
3 9 0
t 34 105
m0 0 12
1 9 1
2 9 1
3 9 1
t 33 105
m0 0 13
1 9 0
2 9 0
3 9 0
t 32 105
m0 0 14
1 9 1
2 9 1
3 9 1
t 31 105
m0 0 14
1 9 0
2 9 0
3 9 0
t 30 105
m0 0 13
1 9 1
2 9 1
3 9 1
t 29 105
m0 0 12
1 9 0
2 9 0
3 9 0
t 28 105
m0 0 13
1 9 1
2 9 1
3 9 1
t 27 105
m0 0 13
1 9 0
2 9 0
3 9 0
t 26 105
m0 0 14
1 9 1
2 9 1
3 9 1
t 25 105
m0 0 13
1 9 0
2 9 0
3 9 0
t 24 105
m0 0 13
1 9 1
2 9 1
3 9 1
t 23 105
m0 0 14
1 9 0
2 9 0
3 9 0
t 22 105
m0 0 13
1 9 1
2 9 1
3 9 1
t 21 105
m0 0 12
1 9 0
2 9 0
3 9 0
t 20 105
m0 0 12
1 9 1
2 9 1
3 9 1
t 19 105
m0 0 12
1 9 0
2 9 0
3 9 0
t 18 105
m0 0 13
1 9 1
2 9 1
3 9 1
t 17 105
m0 0 14
1 9 0
2 9 0
3 9 0
t 16 105
m0 0 13
1 9 1
2 9 1
3 9 1
t 15 105
m0 0 13
1 9 0
2 9 0
3 9 0
t 14 105
m0 1 13
1 9 1
2 9 1
3 9 1
t 13 105
m0 0 13
1 9 0
2 9 0
3 9 0
t 12 105
m0 0 13
1 9 1
2 9 1
3 9 1
t 11 105
m0 0 14
1 9 0
2 9 0
3 9 0
t 10 105
m0 0 14
1 9 1
2 9 1
3 9 1
t 9 105
m0 0 14
1 9 0
2 9 0
3 9 0
t 8 105
m0 0 14
1 9 1
2 9 1
3 9 1
f 8 10
t 7 105
m0 0 13
1 9 0
2 9 0
3 9 0
t 6 105
m0 0 12
1 9 1
2 9 1
3 9 1
t 5 105
m0 0 11
1 9 0
2 9 0
3 9 0
t 4 105
m0 0 10
1 9 1
2 9 1
3 9 1
t 3 105
m0 0 11
1 9 0
2 9 0
3 9 0
t 2 105
m0 0 12
1 9 1
2 9 1
3 9 1
t 1 105
m0 0 12
1 9 1
2 9 1
3 9 1
t 0 105
