10
15
w 5 9
w 6 9
w 3 0
w 5 13
w 0 7
w 6 2
w 2 12
w 9 4
w 2 5
w 7 2
w 1 2
w 6 7
w 3 10
w 8 10
w 1 5
w 4 1
w 6 4
w 9 14
w 7 1
w 4 5
w 1 13
w 8 11
w 3 9
w 0 5
w 2 3
w 6 12
w 4 2
w 6 5
w 4 11
w 2 7
w 9 13
w 6 8
w 1 12
w 9 2
w 7 13
w 8 8
w 8 4
p 8 13
p 9 1
p 4 8
p 5 6
p 6 6
p 9 8
p 7 7
p 2 1
p 8 9
p 0 3
p 1 11
p 8 5
p 5 8
p 4 0
p 8 14
p 9 0
p 4 9
p 3 3
p 2 9
p 7 6
p 4 4
p 5 12
p 6 3
p 0 11
p 2 13
p 3 6
p 0 4
p 8 6
p 5 4
p 0 0
p 3 2
p 3 13
p 5 11
p 4 14
p 1 4
p 2 10
p 9 10
p 1 9
p 2 14
p 9 6
p 0 8
p 8 3
p 5 10
p 7 0
p 6 1
p 0 13
p 3 8
p 0 6
p 1 8
p 2 0
p 6 13
p 1 7
p 4 3
p 9 5
p 3 4
p 9 12
m0 0 14
1 9 0
2 9 0
3 9 0
t 300 0
m0 0 14
1 9 1
2 8 0
3 8 0
t 299 0
m0 0 14
1 9 0
2 8 1
3 7 0
t 298 0
m0 0 14
1 8 0
2 8 2
3 6 0
t 297 0
m0 0 14
1 9 0
2 8 1
3 5 0
t 296 0
m0 0 14
1 8 0
2 9 1
3 5 1
t 295 0
m0 0 14
1 8 1
2 9 0
3 5 0
t 294 0
m0 0 14
1 8 2
2 8 0
3 6 0
t 293 0
m0 0 14
1 8 1
2 9 0
3 7 0
t 292 0
m0 0 14
1 8 2
2 8 0
3 6 0
t 291 0
m0 0 14
1 8 3
2 8 1
3 5 0
t 290 0
m0 0 14
1 7 3
2 9 1
3 5 1
t 289 0
m0 0 14
1 8 3
2 9 0
3 5 2
t 288 0
m0 0 14
1 8 2
2 9 1
3 5 1
t 287 0
m0 0 14
1 8 3
2 8 1
3 5 0
t 286 0
m0 0 14
1 7 3
2 8 2
3 4 0
t 285 0
m0 0 14
1 6 3
2 8 1
3 5 0
t 284 0
m0 0 14
1 5 3
2 9 1
3 4 0
t 283 0
m0 0 14
1 5 4
2 9 0
3 5 0
t 282 0
m0 0 14
1 4 4
2 9 1
3 5 1
t 281 0
m0 0 14
1 4 3
2 8 1
3 5 0
t 280 0
m0 0 14
1 3 3
2 9 1
3 6 0
t 279 0
m0 0 14
1 3 4
2 9 0
3 6 1
t 278 0
m0 0 14
1 3 5
2 8 0
3 5 1
t 277 0
m0 0 14
1 3 6
2 9 0
3 6 1
t 276 0
m0 0 14
1 4 6
2 8 0
3 5 1
t 275 0
m0 0 14
1 5 6
2 9 0
3 5 0
t 274 0
m0 0 14
1 6 6
2 9 1
3 4 0
t 273 0
m0 0 14
1 5 6
2 9 0
3 5 0
t 272 0
m0 0 14
1 5 7
2 9 1
3 4 0
f 3 14
t 271 0
m0 0 14
1 5 8
2 8 1
3 5 0
t 270 0
m0 0 14
1 4 8
2 8 2
3 4 0
t 269 0
m0 0 14
1 4 7
2 8 3
3 5 0
t 268 0
m0 0 14
1 4 6
2 8 2
3 6 0
t 267 0
m0 0 14
1 5 6
2 8 3
3 7 0
t 266 0
m0 0 14
1 5 7
2 9 3
3 6 0
t 265 0
m0 0 14
1 5 8
2 8 3
3 5 0
t 264 0
m0 0 14
1 4 8
2 9 3
3 4 0
t 263 0
m0 0 14
1 5 8
2 8 3
3 5 0
t 262 0
m0 0 14
1 5 7
2 7 3
3 4 0
t 261 0
m0 0 14
1 4 7
2 8 3
3 5 0
t 260 0
m0 0 14
1 3 7
2 9 3
3 5 1
t 259 0
m0 0 14
1 4 7
2 8 3
3 5 0
t 258 0
m0 0 14
1 3 7
2 8 2
3 4 0
t 257 0
m0 0 14
1 3 6
2 8 1
3 5 0
t 256 0
m0 0 14
1 3 5
2 8 2
3 4 0
t 255 0
m0 0 14
1 3 6
2 8 3
3 5 0
t 254 0
m0 0 14
1 3 7
2 9 3
3 6 0
t 253 0
m0 0 14
1 4 7
2 8 3
3 5 0
t 252 0
m0 0 14
1 4 8
2 8 2
3 4 0
t 251 0
m0 0 14
1 5 8
2 8 1
3 5 0
t 250 0
m0 0 14
1 4 8
2 8 2
3 5 1
t 249 0
m0 0 14
1 3 8
2 8 3
3 5 0
t 248 0
m0 0 14
1 2 8
2 8 2
3 4 0
t 247 0
m0 0 14
1 3 8
2 8 1
3 5 0
t 246 0
m0 0 14
1 2 8
2 9 1
3 4 0
t 245 0
m0 0 14
1 2 9
2 9 0
3 5 0
t 244 0
m0 0 14
1 1 9
2 9 1
3 5 1
t 243 0
m0 0 14
1 1 10
2 9 0
3 5 2
t 242 0
m0 0 14
1 1 11
2 9 1
3 5 3
t 241 0
m0 0 14
1 0 11
2 8 1
3 4 3
t 240 0
m0 1 14
1 0 12
2 8 0
3 3 3
t 239 0
m0 2 14
1 0 11
2 7 0
3 4 3
t 238 1
m0 3 14
1 1 11
2 8 0
3 3 3
t 237 11
m0 4 14
1 1 10
2 9 0
3 4 3
t 236 12
m0 5 14
1 0 10
2 9 1
3 5 3
t 235 12
m0 6 14
1 0 11
2 8 1
3 6 3
t 234 12
m0 7 14
1 0 10
2 8 0
3 5 3
t 233 12
m0 8 14
1 1 10
2 8 1
3 5 2
t 232 13
m0 8 14
1 1 11
2 9 1
3 5 3
t 231 13
m0 8 14
1 1 10
2 9 0
3 4 3
t 230 13
m0 8 14
1 2 10
2 9 1
3 3 3
t 229 13
m0 8 14
1 1 10
2 8 1
3 3 4
t 228 13
m0 8 14
1 0 10
2 9 1
3 3 5
t 227 13
m0 8 14
1 0 9
2 9 0
3 3 4
t 226 13
m0 8 14
1 0 10
2 8 0
3 2 4
t 225 13
m0 8 14
1 0 9
2 9 0
3 3 4
t 224 13
m0 8 14
1 0 10
2 8 0
3 3 3
t 223 13
m0 8 14
1 1 10
2 9 0
3 3 4
t 222 13
m0 8 14
1 1 11
2 9 1
3 4 4
t 221 13
m0 8 14
1 0 11
2 9 0
3 3 4
t 220 13
m0 8 14
1 0 12
2 8 0
3 3 5
t 219 13
m0 8 14
1 0 13
2 9 0
3 3 4
t 218 13
m0 8 14
1 0 14
2 9 1
3 3 5
t 217 13
m0 8 13
1 0 13
2 9 0
3 3 4
t 216 14
m0 8 12
1 0 14
2 9 1
3 2 4
t 215 14
m0 9 12
1 0 13
2 9 0
3 3 4
t 214 15
m0 9 11
1 0 14
2 9 1
3 2 4
t 213 15
m0 9 12
1 0 13
2 8 1
3 1 4
t 212 15
m0 9 11
1 0 12
2 9 1
3 2 4
t 211 15
m0 9 11
1 0 13
2 9 0
3 3 4
t 210 15
m0 9 11
1 0 14
2 9 1
3 2 4
f 8 7
t 209 15
m0 9 12
1 1 14
2 9 0
3 3 4
t 208 15
m0 9 11
1 0 14
2 9 1
3 2 4
t 207 15
m0 9 12
1 1 14
2 8 1
3 1 4
t 206 15
m0 9 11
1 0 14
2 8 0
3 0 4
t 205 15
m0 9 11
1 0 13
2 9 0
3 1 4
t 204 15
m0 9 11
1 0 12
2 9 1
3 2 4
t 203 15
m0 9 11
1 0 11
2 9 0
3 1 4
t 202 15
m0 9 10
1 1 11
2 9 1
3 0 4
t 201 16
m0 9 10
1 2 11
2 8 1
3 0 3
t 200 16
m0 9 9
1 3 11
2 8 0
3 0 4
t 199 16
m0 9 8
1 3 12
2 7 0
3 0 3
t 198 17
m0 9 8
1 3 13
2 8 0
3 0 2
t 197 17
m0 9 9
1 4 13
2 8 1
3 0 3
t 196 17
m0 9 9
1 4 14
2 8 0
3 0 2
t 195 17
m0 9 9
1 5 14
2 8 1
3 0 3
t 194 17
m0 9 9
1 4 14
2 9 1
3 1 3
t 193 17
m0 8 9
1 4 13
2 9 0
3 0 3
t 192 18
m0 9 9
1 4 12
2 8 0
3 0 2
t 191 18
m0 9 8
1 5 12
2 9 0
3 0 3
t 190 18
m0 9 8
1 4 12
2 9 1
3 0 4
t 189 18
m0 9 9
1 5 12
2 9 0
3 0 3
t 188 18
m0 9 8
1 5 11
2 9 1
3 0 2
t 187 18
m0 9 8
1 5 12
2 9 0
3 0 1
t 186 18
m0 9 8
1 5 11
2 9 1
3 1 1
t 185 18
m0 9 8
1 5 12
2 9 0
3 0 1
t 184 18
m0 9 8
1 5 11
2 9 1
3 0 0
t 183 18
m0 9 8
1 6 11
2 8 1
3 1 0
t 182 18
m0 9 7
1 5 11
2 8 2
3 0 0
t 181 18
m0 9 8
1 5 12
2 8 1
3 0 1
t 180 18
m0 9 8
1 5 11
2 8 0
3 0 0
t 179 18
m0 9 7
1 6 11
2 8 1
3 0 1
t 178 18
m0 9 7
1 5 11
2 8 2
3 1 1
t 177 18
m0 9 8
1 5 10
2 8 3
3 0 1
t 176 18
m0 9 8
1 5 11
2 9 3
3 1 1
t 175 18
m0 9 9
1 6 11
2 8 3
3 1 0
t 174 18
m0 9 8
1 5 11
2 8 2
3 1 1
t 173 18
m0 9 8
1 6 11
2 8 1
3 2 1
t 172 18
m0 9 7
1 6 10
2 9 1
3 2 2
t 171 18
m0 9 7
1 7 10
2 9 0
3 3 2
t 170 18
m0 9 6
1 6 10
2 8 0
3 3 1
t 169 19
m0 9 6
1 7 10
2 7 0
3 3 2
t 168 19
m0 9 5
1 6 10
2 8 0
3 3 3
t 167 20
m0 9 6
1 5 10
2 8 1
3 4 3
t 166 20
m0 9 7
1 5 11
2 9 1
3 4 4
t 165 20
m0 8 7
1 5 12
2 9 0
3 5 4
t 164 30
m0 9 7
1 4 12
2 8 0
3 4 4
t 163 30
m0 9 8
1 4 13
2 9 0
3 5 4
t 162 30
m0 9 9
1 4 14
2 9 1
3 4 4
t 161 30
m0 8 9
1 5 14
2 9 0
3 4 3
t 160 30
m0 9 9
1 6 14
2 8 0
3 4 4
t 159 30
m0 9 8
1 5 14
2 9 0
3 3 4
t 158 30
m0 9 9
1 4 14
2 9 1
3 2 4
f 8 12
t 157 30
m0 8 9
1 4 13
2 8 1
3 3 4
t 156 30
m0 9 9
1 4 12
2 8 0
3 3 5
t 155 30
m0 9 8
1 4 13
2 9 0
3 3 6
t 154 30
m0 9 9
1 4 12
2 8 0
3 3 7
t 153 30
m0 9 9
1 5 12
2 8 1
3 3 8
t 152 30
m0 9 9
1 4 12
2 8 0
3 2 8
t 151 30
m0 9 9
1 5 12
2 7 0
3 1 8
t 150 30
m0 9 8
1 5 11
2 6 0
3 0 8
t 149 30
m0 9 7
1 5 12
2 7 0
3 0 9
t 148 30
m0 9 7
1 4 12
2 6 0
3 1 9
t 147 30
m0 9 7
1 5 12
2 5 0
3 1 8
t 146 30
m0 9 6
1 4 12
2 5 1
3 1 7
t 145 30
m0 9 6
1 4 13
2 5 0
3 1 6
t 144 30
m0 9 5
1 4 14
2 4 0
3 0 6
t 143 30
m0 9 5
1 4 13
2 5 0
3 1 6
t 142 30
m0 9 5
1 4 12
2 5 1
3 0 6
t 141 30
m0 9 6
1 5 12
2 6 1
3 1 6
t 140 30
m0 9 7
1 5 11
2 6 0
3 1 7
t 139 30
m0 9 6
1 5 12
2 7 0
3 1 8
t 138 30
m0 9 7
1 5 11
2 6 0
3 0 8
t 137 30
m0 9 6
1 5 10
2 5 0
3 0 9
t 136 30
m0 9 5
1 6 10
2 5 1
3 0 10
t 135 30
m0 9 5
1 6 11
2 6 1
3 1 10
t 134 30
m0 9 6
1 7 11
2 6 0
3 2 10
t 133 30
m0 9 5
1 7 12
2 5 0
3 2 11
t 132 30
m0 9 5
1 8 12
2 5 1
3 2 10
t 131 30
m0 9 5
1 7 12
2 5 2
3 2 9
t 130 30
m0 9 6
1 7 11
2 5 1
3 2 8
t 129 30
m0 9 5
1 7 12
2 5 2
3 1 8
t 128 30
m0 9 6
1 7 11
2 5 1
3 0 8
t 127 30
m0 9 5
1 7 10
2 6 1
3 1 8
t 126 30
m0 9 5
1 7 11
2 5 1
3 1 7
t 125 30
m0 9 5
1 6 11
2 5 2
3 1 8
t 124 30
m0 9 6
1 6 10
2 5 3
3 0 8
t 123 30
m0 9 6
1 6 11
2 5 4
3 1 8
t 122 30
m0 9 7
1 5 11
2 4 4
3 2 8
t 121 30
m0 9 7
1 6 11
2 4 3
3 3 8
t 120 30
m0 9 6
1 5 11
2 5 3
3 3 7
t 119 30
m0 9 6
1 5 12
2 6 3
3 4 7
t 118 30
m0 9 6
1 5 11
2 7 3
3 3 7
t 117 30
m0 9 7
1 5 12
2 6 3
3 4 7
t 116 30
m0 9 6
1 4 12
2 5 3
3 4 8
t 115 30
m0 9 6
1 3 12
2 5 4
3 5 8
t 114 30
m0 9 6
1 3 13
2 4 4
3 4 8
t 113 30
m0 9 6
1 3 14
2 5 4
3 3 8
t 112 30
m0 9 7
1 2 14
2 5 3
3 3 7
t 111 30
m0 9 6
1 1 14
2 6 3
3 4 7
t 110 30
m0 9 6
1 0 14
2 7 3
3 4 8
t 109 30
m0 9 7
1 0 13
2 8 3
3 4 9
t 108 30
m0 9 8
1 0 14
2 8 2
3 4 10
t 107 30
m0 9 8
1 1 14
2 8 1
3 5 10
t 106 30
m0 9 7
1 2 14
2 9 1
3 6 10
t 105 30
m0 9 7
1 2 13
2 8 1
3 5 10
t 104 30
m0 9 7
1 2 14
2 9 1
3 6 10
t 103 30
m0 9 7
1 2 13
2 8 1
3 5 10
t 102 30
m0 9 7
1 2 14
2 8 2
3 5 11
t 101 30
m0 9 8
1 1 14
2 8 3
3 5 12
t 100 30
m0 9 9
1 0 14
2 7 3
3 4 12
t 99 30
m0 9 9
1 0 13
2 6 3
3 4 13
t 98 30
m0 9 9
1 0 14
2 7 3
3 3 13
t 97 30
m0 9 10
1 0 13
2 8 3
3 3 14
t 96 30
m0 9 11
1 0 12
2 9 3
3 3 13
t 95 30
m0 9 11
1 0 11
2 8 3
3 4 13
t 94 30
m0 9 10
1 0 10
2 7 3
3 4 14
t 93 30
m0 9 10
1 0 9
2 6 3
3 4 13
t 92 30
m0 9 9
1 0 8
2 5 3
3 4 14
t 91 30
m0 9 9
1 1 8
2 5 2
3 5 14
t 90 30
m0 9 9
1 2 8
2 5 3
3 4 14
t 89 30
m0 9 10
1 2 9
2 6 3
3 5 14
t 88 30
m0 9 10
1 2 10
2 5 3
3 6 14
t 87 30
m0 9 9
1 1 10
2 6 3
3 7 14
t 86 30
m0 9 8
1 0 10
2 7 3
3 6 14
t 85 30
m0 9 9
1 0 11
2 7 4
3 5 14
t 84 30
m0 9 10
1 1 11
2 7 3
3 6 14
t 83 30
m0 9 9
1 1 10
2 6 3
3 5 14
t 82 30
m0 9 9
1 0 10
2 5 3
3 6 14
t 81 30
m0 9 8
1 1 10
2 5 2
3 6 13
t 80 30
m0 9 7
1 1 9
2 5 1
3 6 14
t 79 30
m0 9 7
1 1 10
2 5 0
3 7 14
t 78 30
m0 9 6
1 0 10
2 5 1
3 6 14
t 77 30
m0 9 7
1 0 11
2 5 0
3 7 14
t 76 30
m0 9 6
1 0 12
2 4 0
3 8 14
t 75 30
m0 9 5
1 0 11
2 5 0
3 8 13
t 74 30
m0 9 5
1 1 11
2 6 0
3 8 14
t 73 30
m0 9 6
1 0 11
2 6 1
3 8 13
t 72 30
m0 9 6
1 1 11
2 6 0
3 8 14
t 71 30
m0 9 6
1 2 11
2 7 0
3 8 13
t 70 30
m0 9 6
1 1 11
2 6 0
3 8 14
t 69 30
m0 9 6
1 1 10
2 5 0
3 7 14
t 68 30
m0 9 6
1 1 9
2 5 1
3 8 14
t 67 30
m0 9 6
1 2 9
2 5 2
3 7 14
t 66 30
m0 9 7
1 2 8
2 5 3
3 8 14
t 65 30
m0 9 7
1 2 9
2 6 3
3 8 13
t 64 30
m0 9 7
1 2 10
2 7 3
3 8 14
t 63 30
m0 9 8
1 2 9
2 7 4
3 8 13
t 62 30
m0 9 8
1 1 9
2 7 3
3 8 12
t 61 30
m0 9 7
1 1 10
2 6 3
3 8 13
t 60 30
m0 9 7
1 1 11
2 7 3
3 8 12
t 59 30
m0 9 7
1 0 11
2 8 3
3 9 12
t 58 30
m0 9 7
1 0 10
2 7 3
3 8 12
t 57 30
m0 9 7
1 0 9
2 7 4
3 8 13
t 56 30
m0 9 8
1 0 10
2 7 3
3 8 14
t 55 30
m0 9 8
1 0 9
2 6 3
3 7 14
t 54 30
m0 9 8
1 1 9
2 5 3
3 8 14
t 53 30
m0 9 7
1 1 10
2 4 3
3 8 13
t 52 30
m0 9 6
1 2 10
2 3 3
3 8 14
t 51 30
m0 9 6
1 1 10
2 3 4
3 8 13
t 50 30
m0 9 6
1 2 10
2 2 4
3 8 12
t 49 30
m0 9 5
1 1 10
2 3 4
3 7 12
t 48 30
m0 9 6
1 0 10
2 3 3
3 8 12
t 47 30
m0 9 5
1 1 10
2 3 4
3 8 13
t 46 30
m0 9 6
1 1 9
2 3 3
3 8 14
t 45 30
m0 9 6
1 1 10
2 3 4
3 7 14
t 44 30
m0 9 7
1 0 10
2 4 4
3 6 14
t 43 30
m0 9 8
1 1 10
2 4 3
3 7 14
t 42 30
m0 9 7
1 2 10
2 5 3
3 8 14
t 41 30
m0 9 7
1 2 9
2 5 4
3 8 13
t 40 30
m0 9 7
1 2 8
2 5 3
3 8 14
t 39 30
m0 9 7
1 3 8
2 6 3
3 7 14
t 38 30
m0 9 7
1 4 8
2 5 3
3 8 14
t 37 30
m0 9 6
1 3 8
2 6 3
3 8 13
t 36 30
m0 9 7
1 2 8
2 7 3
3 8 12
t 35 30
m0 9 7
1 2 9
2 6 3
3 8 13
t 34 30
m0 9 7
1 1 9
2 5 3
3 8 12
t 33 30
m0 9 6
1 0 9
2 5 2
3 9 12
t 32 30
m0 9 5
1 1 9
2 5 1
3 9 11
t 31 30
m0 8 5
1 1 8
2 5 0
3 9 12
t 30 31
m0 8 5
1 2 8
2 6 0
3 8 12
t 29 31
m0 9 5
1 3 8
2 7 0
3 8 13
t 28 31
m0 9 6
1 2 8
2 6 0
3 8 14
t 27 31
m0 9 6
1 2 9
2 5 0
3 7 14
t 26 31
m0 9 6
1 2 8
2 4 0
3 8 14
t 25 31
m0 9 5
1 1 8
2 5 0
3 7 14
t 24 31
m0 9 6
1 0 8
2 4 0
3 6 14
t 23 31
m0 9 6
1 0 9
2 5 0
3 5 14
t 22 31
m0 9 7
1 0 10
2 5 1
3 4 14
t 21 31
m0 9 8
1 0 9
2 6 1
3 5 14
t 20 31
m0 9 8
1 0 8
2 5 1
3 4 14
t 19 31
m0 9 7
1 0 9
2 6 1
3 5 14
t 18 31
m0 9 8
1 0 8
2 6 0
3 4 14
t 17 31
m0 9 7
1 0 9
2 5 0
3 5 14
t 16 31
m0 9 7
1 0 8
2 6 0
3 6 14
t 15 31
m0 9 7
1 0 9
2 5 0
3 5 14
t 14 31
m0 9 7
1 0 10
2 4 0
3 6 14
t 13 31
m0 9 6
1 0 11
2 5 0
3 5 14
t 12 31
m0 9 7
1 0 12
2 4 0
3 4 14
t 11 31
m0 9 7
1 0 11
2 5 0
3 4 13
t 10 31
m0 9 7
1 0 10
2 5 1
3 4 14
t 9 31
m0 9 8
1 0 9
2 5 2
3 4 13
t 8 31
m0 9 8
1 1 9
2 5 1
3 4 14
t 7 31
m0 9 7
1 0 9
2 5 2
3 4 13
t 6 31
m0 9 8
1 0 8
2 5 3
3 4 12
t 5 31
m0 9 8
1 1 8
2 5 2
3 3 12
t 4 31
m0 9 7
1 0 8
2 5 3
3 4 12
t 3 31
m0 9 8
1 1 8
2 5 4
3 4 13
t 2 31
m0 9 9
1 1 7
2 5 3
3 4 14
t 1 31
m0 9 9
1 1 7
2 5 3
3 4 14
t 0 31
