10
15
w 5 9
w 4 7
w 1 3
w 7 3
w 6 6
w 5 13
w 7 7
w 2 5
w 8 5
w 5 8
w 4 13
w 2 13
w 0 11
w 9 11
w 7 10
w 3 4
w 4 1
w 0 0
w 9 14
w 8 2
w 0 12
w 1 9
w 8 7
w 1 0
w 4 11
w 2 7
w 9 13
w 5 10
w 6 1
w 3 1
w 2 11
w 9 9
w 7 13
w 1 7
w 0 9
w 9 5
w 7 8
p 8 13
p 9 1
p 4 8
p 3 0
p 7 12
p 9 8
p 8 9
p 1 6
p 0 10
p 9 4
p 5 1
p 3 7
p 1 11
p 3 14
p 6 14
p 1 2
p 8 14
p 7 2
p 4 0
p 4 9
p 3 3
p 8 1
p 5 12
p 3 10
p 1 14
p 1 5
p 1 1
p 9 7
p 6 4
p 5 4
p 4 5
p 8 11
p 9 3
p 2 10
p 7 5
p 4 2
p 0 8
p 9 6
p 6 5
p 5 3
p 0 1
p 7 9
p 8 3
p 4 6
p 1 12
p 8 12
p 9 2
p 6 8
p 5 14
p 2 0
p 1 8
p 8 8
p 7 4
p 6 13
p 4 3
p 9 12
m0 0 14
1 9 0
2 9 0
3 9 0
t 300 0
m0 0 14
1 9 1
2 8 0
3 9 1
t 299 0
m0 0 14
1 9 0
2 9 0
3 8 1
t 298 0
m0 0 14
1 9 1
2 9 1
3 7 1
t 297 0
m0 0 14
1 9 0
2 8 1
3 7 2
t 296 0
m0 0 14
1 9 1
2 7 1
3 6 2
t 295 0
m0 0 14
1 9 0
2 7 0
3 5 2
t 294 0
m0 0 14
1 9 1
2 8 0
3 5 3
t 293 0
m0 0 14
1 9 2
2 8 1
3 4 3
t 292 0
m0 0 14
1 9 1
2 7 1
3 3 3
t 291 0
m0 0 14
1 8 1
2 7 0
3 2 3
t 290 0
m0 0 14
1 9 1
2 6 0
3 2 4
t 289 0
m0 0 14
1 8 1
2 7 0
3 1 4
t 288 0
m0 0 14
1 7 1
2 8 0
3 0 4
t 287 0
m0 1 14
1 7 2
2 9 0
3 0 5
t 286 1
m0 2 14
1 7 1
2 8 0
3 0 6
t 285 1
m0 3 14
1 8 1
2 8 1
3 0 7
t 284 2
m0 4 14
1 9 1
2 7 1
3 0 8
t 283 2
m0 5 14
1 9 2
2 8 1
3 0 7
t 282 3
m0 6 14
1 9 3
2 7 1
3 0 8
t 281 4
m0 7 14
1 9 4
2 7 0
3 1 8
t 280 4
m0 7 14
1 8 4
2 6 0
3 0 8
t 279 4
m0 6 14
1 9 4
2 7 0
3 1 8
t 278 4
m0 7 14
1 8 4
2 6 0
3 0 8
t 277 4
m0 6 14
1 7 4
2 7 0
3 0 7
t 276 4
m0 5 14
1 6 4
2 6 0
3 0 8
t 275 4
m0 5 14
1 6 5
2 5 0
3 1 8
t 274 4
m0 5 14
1 7 5
2 6 0
3 0 8
t 273 4
m0 5 14
1 7 6
2 5 0
3 1 8
t 272 4
m0 5 14
1 8 6
2 6 0
3 0 8
t 271 4
m0 5 14
1 9 6
2 5 0
3 1 8
t 270 4
m0 6 14
1 9 7
2 4 0
3 0 8
t 269 4
m0 5 14
1 9 6
2 3 0
3 1 8
t 268 4
m0 6 14
1 8 6
2 2 0
3 0 8
t 267 4
m0 5 14
1 9 6
2 3 0
3 1 8
f 8 6
t 266 4
m0 6 14
1 9 7
2 4 0
3 0 8
t 265 4
m0 5 14
1 9 6
2 3 0
3 1 8
t 264 4
m0 6 14
1 9 7
2 4 0
3 0 8
t 263 4
m0 5 14
1 9 6
2 3 0
3 1 8
t 262 4
m0 6 14
1 9 7
2 4 0
3 0 8
t 261 4
m0 5 14
1 9 6
2 5 0
3 1 8
t 260 4
m0 6 14
1 8 6
2 6 0
3 0 8
t 259 4
m0 5 14
1 9 6
2 5 0
3 1 8
t 258 4
m0 6 14
1 8 6
2 4 0
3 0 8
t 257 4
m0 5 14
1 9 6
2 3 0
3 1 8
t 256 4
m0 6 14
1 9 7
2 4 0
3 0 8
t 255 4
m0 5 14
1 9 6
2 5 0
3 1 8
t 254 4
m0 6 14
1 9 7
2 4 0
3 0 8
t 253 4
m0 5 14
1 9 6
2 3 0
3 1 8
t 252 4
m0 6 14
1 9 7
2 4 0
3 0 8
t 251 4
m0 5 14
1 9 6
2 3 0
3 1 8
t 250 4
m0 6 14
1 8 6
2 4 0
3 0 8
t 249 4
m0 5 14
1 9 6
2 5 0
3 1 8
t 248 4
m0 6 14
1 8 6
2 4 0
3 0 8
t 247 4
m0 5 14
1 9 6
2 5 0
3 1 8
t 246 4
m0 6 14
1 8 6
2 4 0
3 0 8
t 245 4
m0 5 14
1 9 6
2 3 0
3 1 8
t 244 4
m0 6 14
1 9 7
2 4 0
3 0 8
t 243 4
m0 5 14
1 9 6
2 3 0
3 1 8
t 242 4
m0 6 14
1 9 7
2 4 0
3 0 8
t 241 4
m0 5 14
1 9 6
2 3 0
3 1 8
t 240 4
m0 6 14
1 8 6
2 2 0
3 0 8
t 239 4
m0 5 14
1 9 6
2 3 0
3 1 8
t 238 4
m0 6 14
1 8 6
2 4 0
3 0 8
t 237 4
m0 5 14
1 9 6
2 3 0
3 1 8
t 236 4
m0 6 14
1 9 7
2 4 0
3 0 8
t 235 4
m0 5 14
1 9 6
2 5 0
3 1 8
t 234 4
m0 6 14
1 8 6
2 4 0
3 0 8
t 233 4
m0 5 14
1 9 6
2 5 0
3 1 8
t 232 4
m0 6 14
1 8 6
2 4 0
3 0 8
t 231 4
m0 5 14
1 9 6
2 3 0
3 1 8
t 230 4
m0 6 14
1 9 7
2 4 0
3 0 8
t 229 4
m0 5 14
1 9 6
2 5 0
3 1 8
t 228 4
m0 6 14
1 9 7
2 6 0
3 0 8
t 227 4
m0 5 14
1 9 8
2 5 0
3 0 7
t 226 4
m0 4 14
1 8 8
2 4 0
3 0 6
t 225 4
m0 3 14
1 8 9
2 3 0
3 0 7
t 224 4
m0 3 14
1 8 10
2 4 0
3 0 8
t 223 4
m0 3 14
1 8 11
2 5 0
3 0 7
t 222 4
m0 2 14
1 8 12
2 6 0
3 0 8
t 221 4
m0 2 14
1 8 13
2 5 0
3 1 8
t 220 4
m0 2 14
1 8 14
2 6 0
3 0 8
t 219 4
m0 1 14
1 7 14
2 7 0
3 0 7
t 218 4
m0 1 13
1 8 14
2 7 1
3 0 8
t 217 4
m0 1 14
1 7 14
2 7 0
3 1 8
t 216 4
m0 0 14
1 8 14
2 8 0
3 0 8
t 215 4
m0 1 14
1 8 13
2 7 0
3 0 7
t 214 4
m0 1 14
1 8 14
2 7 1
3 0 8
t 213 4
m0 1 14
1 8 13
2 7 2
3 1 8
t 212 4
m0 2 14
1 8 14
2 7 1
3 2 8
t 211 4
m0 1 14
1 8 13
2 7 2
3 1 8
t 210 4
m0 2 14
1 8 14
2 7 1
3 0 8
t 209 4
m0 1 14
1 7 14
2 7 0
3 0 7
t 208 4
m0 1 13
1 8 14
2 6 0
3 0 8
t 207 4
m0 1 14
1 7 14
2 5 0
3 1 8
t 206 4
m0 0 14
1 8 14
2 5 1
3 0 8
t 205 4
m0 1 14
1 8 13
2 5 0
3 1 8
t 204 4
m0 2 14
1 8 14
2 4 0
3 0 8
t 203 4
m0 1 14
1 7 14
2 5 0
3 0 7
t 202 4
m0 1 13
1 8 14
2 5 1
3 0 8
t 201 4
m0 1 14
1 7 14
2 5 0
3 1 8
t 200 4
m0 0 14
1 8 14
2 5 1
3 0 8
t 199 4
m0 1 14
1 7 14
2 5 0
3 0 7
t 198 4
m0 1 13
1 6 14
2 6 0
3 0 6
t 197 4
m0 1 12
1 7 14
2 7 0
3 0 7
t 196 5
m0 2 12
1 8 14
2 7 1
3 0 6
t 195 5
m0 2 12
1 7 14
2 8 1
3 0 7
t 194 5
m0 2 12
1 6 14
2 9 1
3 0 6
t 193 5
m0 1 12
1 6 13
2 9 0
3 0 5
t 192 5
m0 1 11
1 6 14
2 8 0
3 0 6
t 191 6
m0 1 12
1 6 13
2 9 0
3 0 5
t 190 6
m0 1 11
1 6 14
2 8 0
3 0 6
t 189 6
m0 1 12
1 5 14
2 9 0
3 0 5
t 188 6
m0 1 11
1 6 14
2 9 1
3 0 6
t 187 6
m0 1 12
1 6 13
2 9 0
3 0 5
t 186 6
m0 1 11
1 6 14
2 8 0
3 0 6
t 185 6
m0 1 12
1 5 14
2 9 0
3 0 5
t 184 6
m0 1 11
1 6 14
2 8 0
3 1 5
t 183 6
m0 1 12
1 7 14
2 8 1
3 1 6
t 182 6
m0 2 12
1 6 14
2 8 0
3 0 6
t 181 6
m0 1 12
1 6 13
2 7 0
3 0 7
t 180 6
m0 1 12
1 6 12
2 8 0
3 0 6
t 179 6
m0 1 11
1 6 13
2 9 0
3 0 5
t 178 6
m0 1 11
1 6 14
2 9 1
3 0 6
t 177 6
m0 1 12
1 7 14
2 9 0
3 0 7
t 176 6
m0 2 12
1 6 14
2 9 1
3 0 6
t 175 6
m0 1 12
1 6 13
2 9 0
3 0 5
t 174 6
m0 1 11
1 6 14
2 9 1
3 1 5
t 173 6
m0 1 12
1 7 14
2 9 0
3 1 6
t 172 6
m0 2 12
1 8 14
2 9 1
3 2 6
t 171 6
m0 3 12
1 8 13
2 9 0
3 1 6
t 170 6
m0 3 11
1 8 12
2 9 1
3 0 6
t 169 6
m0 3 10
1 7 12
2 9 0
3 0 5
t 168 7
m0 3 9
1 6 12
2 8 0
3 1 5
t 167 7
m0 3 9
1 6 13
2 9 0
3 0 5
t 166 7
m0 3 9
1 6 14
2 9 1
3 0 6
t 165 7
m0 4 9
1 7 14
2 9 0
3 1 6
t 164 8
m0 4 10
1 8 14
2 9 1
3 0 6
t 163 8
m0 4 10
1 7 14
2 9 0
3 1 6
t 162 8
m0 4 10
1 8 14
2 8 0
3 0 6
t 161 8
m0 4 10
1 7 14
2 9 0
3 1 6
t 160 8
m0 4 10
1 6 14
2 8 0
3 0 6
t 159 8
m0 4 9
1 7 14
2 9 0
3 1 6
t 158 8
m0 4 10
1 8 14
2 9 1
3 2 6
t 157 8
m0 4 10
1 8 13
2 9 0
3 1 6
t 156 8
m0 4 10
1 8 12
2 8 0
3 0 6
t 155 8
m0 4 9
1 8 13
2 9 0
3 1 6
t 154 8
m0 4 10
1 8 14
2 8 0
3 0 6
t 153 8
m0 4 10
1 7 14
2 9 0
3 1 6
t 152 8
m0 4 10
1 8 14
2 8 0
3 0 6
t 151 8
m0 4 10
1 8 13
2 9 0
3 0 5
t 150 8
m0 4 9
1 8 14
2 8 0
3 0 6
t 149 8
m0 4 10
1 7 14
2 9 0
3 0 5
t 148 8
m0 4 9
1 6 14
2 8 0
3 0 6
t 147 8
m0 4 9
1 7 14
2 9 0
3 1 6
t 146 8
m0 4 10
1 6 14
2 9 1
3 0 6
t 145 8
m0 4 9
1 6 13
2 9 0
3 0 5
t 144 8
m0 4 8
1 6 12
2 8 0
3 1 5
t 143 9
m0 4 8
1 7 12
2 9 0
3 0 5
t 142 9
m0 4 8
1 8 12
2 8 0
3 0 6
t 141 9
m0 4 9
1 7 12
2 9 0
3 0 5
t 140 9
m0 4 8
1 6 12
2 9 1
3 1 5
t 139 9
m0 4 8
1 6 11
2 9 0
3 1 4
t 138 9
m0 3 8
1 6 10
2 9 1
3 0 4
t 137 9
m0 3 7
1 6 11
2 9 0
3 0 5
t 136 10
m0 3 8
1 6 12
2 8 0
3 0 6
t 135 10
m0 4 8
1 6 13
2 9 0
3 0 5
t 134 10
m0 4 8
1 6 12
2 9 1
3 1 5
t 133 10
m0 4 8
1 5 12
2 9 0
3 1 4
t 132 10
m0 3 8
1 4 12
2 9 1
3 0 4
t 131 10
m0 3 7
1 3 12
2 9 0
3 0 3
t 130 10
m0 3 6
1 3 13
2 8 0
3 0 4
t 129 10
m0 4 6
1 3 14
2 9 0
3 0 5
t 128 11
m0 5 6
1 4 14
2 8 0
3 0 6
t 127 11
m0 5 5
1 5 14
2 9 0
3 0 5
t 126 11
m0 6 5
1 6 14
2 9 1
3 0 6
t 125 12
m0 6 5
1 7 14
2 9 0
3 0 7
t 124 12
m0 6 5
1 6 14
2 8 0
3 0 6
t 123 12
m0 6 5
1 7 14
2 9 0
3 0 5
t 122 12
m0 7 5
1 6 14
2 9 1
3 0 6
t 121 13
m0 6 5
1 7 14
2 9 0
3 0 5
t 120 13
m0 7 5
1 8 14
2 8 0
3 0 6
t 119 13
m0 6 5
1 7 14
2 9 0
3 1 6
t 118 13
m0 7 5
1 8 14
2 9 1
3 0 6
t 117 13
m0 6 5
1 7 14
2 9 0
3 0 5
t 116 13
m0 7 5
1 6 14
2 9 1
3 1 5
t 115 13
m0 7 6
1 7 14
2 8 1
3 1 6
t 114 13
m0 7 6
1 6 14
2 9 1
3 2 6
t 113 13
m0 8 6
1 7 14
2 9 0
3 1 6
t 112 23
m0 8 6
1 8 14
2 9 1
3 0 6
t 111 23
m0 7 6
1 7 14
2 9 2
3 1 6
t 110 23
m0 7 6
1 8 14
2 9 3
3 0 6
t 109 23
m0 7 6
1 7 14
2 9 2
3 0 7
t 108 23
m0 7 6
1 8 14
2 9 3
3 0 8
t 107 23
m0 7 6
1 7 14
2 9 2
3 1 8
t 106 23
m0 7 6
1 8 14
2 9 3
3 0 8
t 105 23
m0 7 6
1 7 14
2 9 2
3 1 8
t 104 23
m0 7 6
1 8 14
2 9 1
3 0 8
t 103 23
m0 7 6
1 7 14
2 8 1
3 0 7
t 102 23
m0 7 6
1 8 14
2 7 1
3 0 8
t 101 23
m0 8 6
1 8 13
2 7 2
3 0 7
t 100 23
m0 9 6
1 8 14
2 7 1
3 0 8
t 99 24
m0 9 7
1 8 13
2 7 0
3 0 7
t 98 25
m0 9 6
1 8 14
2 8 0
3 0 6
t 97 25
m0 9 7
1 8 13
2 9 0
3 1 6
t 96 25
m0 9 7
1 8 14
2 9 1
3 0 6
t 95 25
m0 9 8
1 7 14
2 9 0
3 0 7
t 94 26
m0 9 8
1 8 14
2 8 0
3 0 8
t 93 26
m0 9 7
1 8 13
2 9 0
3 0 7
t 92 26
m0 9 7
1 8 12
2 8 0
3 0 6
t 91 26
m0 9 6
1 9 12
2 7 0
3 1 6
t 90 26
m0 8 6
1 8 12
2 8 0
3 0 6
t 89 26
m0 9 6
1 7 12
2 9 0
3 0 5
t 88 26
m0 8 6
1 8 12
2 8 0
3 0 6
t 87 26
m0 9 6
1 8 13
2 8 1
3 0 7
t 86 26
m0 9 7
1 8 14
2 8 0
3 0 8
t 85 26
m0 9 7
1 8 13
2 9 0
3 0 7
t 84 26
m0 9 7
1 8 14
2 9 1
3 0 6
t 83 26
m0 9 8
1 7 14
2 9 2
3 0 7
t 82 26
m0 8 8
1 8 14
2 9 1
3 0 6
t 81 27
m0 9 8
1 8 13
2 9 0
3 1 6
t 80 27
m0 9 7
1 8 14
2 8 0
3 0 6
t 79 27
m0 9 7
1 7 14
2 9 0
3 1 6
t 78 27
m0 9 8
1 8 14
2 9 1
3 0 6
f 7 6
t 77 27
m0 9 8
1 8 13
2 9 0
3 0 7
t 76 27
m0 9 7
1 8 14
2 8 0
3 0 8
t 75 27
m0 9 7
1 7 14
2 9 0
3 0 7
t 74 27
m0 9 8
1 6 14
2 9 1
3 0 6
t 73 27
m0 8 8
1 7 14
2 9 0
3 0 7
t 72 27
m0 9 8
1 8 14
2 9 1
3 0 6
t 71 27
m0 9 8
1 7 14
2 8 1
3 0 7
t 70 27
m0 9 8
1 6 14
2 9 1
3 0 6
t 69 27
m0 8 8
1 7 14
2 9 2
3 0 7
t 68 27
m0 8 8
1 8 14
2 9 1
3 0 6
t 67 27
m0 9 8
1 8 13
2 9 0
3 0 7
t 66 27
m0 9 7
1 8 14
2 8 0
3 0 8
t 65 27
m0 9 7
1 7 14
2 9 0
3 0 7
t 64 27
m0 9 8
1 8 14
2 8 0
3 0 8
t 63 27
m0 9 7
1 8 13
2 8 1
3 0 7
t 62 27
m0 9 7
1 8 14
2 8 0
3 0 8
t 61 27
m0 9 7
1 8 13
2 9 0
3 0 7
t 60 27
m0 9 7
1 8 14
2 9 1
3 0 8
t 59 27
m0 9 8
1 8 13
2 9 0
3 0 7
t 58 27
m0 9 7
1 8 14
2 9 1
3 0 8
t 57 27
m0 9 8
1 7 14
2 9 0
3 0 7
t 56 27
m0 9 8
1 8 14
2 9 1
3 0 8
t 55 27
m0 9 8
1 8 13
2 9 0
3 1 8
t 54 27
m0 9 7
1 8 12
2 9 1
3 0 8
t 53 27
m0 9 7
1 8 13
2 9 0
3 0 7
t 52 27
m0 9 7
1 8 14
2 8 0
3 0 8
t 51 27
m0 9 7
1 8 13
2 9 0
3 0 7
t 50 27
m0 9 7
1 8 14
2 9 1
3 0 6
t 49 27
m0 9 8
1 7 14
2 9 0
3 0 7
t 48 27
m0 9 8
1 6 14
2 8 0
3 0 6
t 47 27
m0 9 8
1 7 14
2 9 0
3 1 6
t 46 27
m0 9 8
1 6 14
2 9 1
3 0 6
t 45 27
m0 8 8
1 7 14
2 9 2
3 0 7
t 44 27
m0 8 8
1 8 14
2 9 1
3 0 8
t 43 27
m0 9 8
1 8 13
2 9 2
3 0 7
t 42 27
m0 9 8
1 8 14
2 9 1
3 0 8
t 41 27
m0 9 8
1 8 13
2 9 0
3 0 7
t 40 27
m0 9 7
1 8 14
2 8 0
3 0 6
t 39 27
m0 9 7
1 7 14
2 9 0
3 0 5
t 38 27
m0 9 8
1 8 14
2 8 0
3 0 6
t 37 27
m0 9 7
1 7 14
2 9 0
3 0 7
t 36 27
m0 9 8
1 8 14
2 8 0
3 0 8
t 35 27
m0 9 7
1 8 13
2 8 1
3 1 8
t 34 27
m0 9 7
1 8 14
2 9 1
3 0 8
t 33 27
m0 9 8
1 7 14
2 9 2
3 0 7
t 32 27
m0 8 8
1 8 14
2 9 1
3 0 8
t 31 27
m0 9 8
1 7 14
2 9 0
3 0 7
t 30 27
m0 9 8
1 8 14
2 9 1
3 0 8
t 29 27
m0 9 8
1 8 13
2 9 2
3 1 8
t 28 27
m0 9 8
1 8 14
2 9 1
3 2 8
t 27 27
m0 9 8
1 8 13
2 9 0
3 1 8
t 26 27
m0 9 7
1 8 14
2 9 1
3 2 8
t 25 27
m0 9 8
1 7 14
2 9 0
3 1 8
t 24 27
m0 9 8
1 8 14
2 8 0
3 0 8
t 23 27
m0 9 7
1 7 14
2 9 0
3 0 7
t 22 27
m0 9 8
1 8 14
2 9 1
3 0 8
t 21 27
m0 9 8
1 8 13
2 9 0
3 0 7
t 20 27
m0 9 7
1 8 14
2 9 1
3 0 6
t 19 27
m0 9 8
1 7 14
2 9 0
3 1 6
t 18 27
m0 9 8
1 8 14
2 9 1
3 0 6
t 17 27
m0 9 8
1 7 14
2 9 2
3 0 7
t 16 27
m0 8 8
1 8 14
2 9 3
3 0 8
t 15 27
m0 8 8
1 7 14
2 9 2
3 0 7
t 14 27
m0 8 8
1 8 14
2 9 1
3 0 6
t 13 27
m0 9 8
1 7 14
2 8 1
3 0 7
t 12 27
m0 9 8
1 6 14
2 8 0
3 0 6
t 11 27
m0 9 8
1 7 14
2 9 0
3 1 6
t 10 27
m0 9 8
1 8 14
2 9 1
3 0 6
t 9 27
m0 9 8
1 7 14
2 9 2
3 0 7
t 8 27
m0 8 8
1 8 14
2 9 3
3 0 8
t 7 27
m0 8 8
1 8 13
2 9 2
3 0 7
t 6 27
m0 9 8
1 8 14
2 9 1
3 0 8
t 5 27
m0 9 8
1 7 14
2 9 0
3 0 7
t 4 27
m0 9 8
1 8 14
2 9 1
3 0 8
t 3 27
m0 9 8
1 8 13
2 9 0
3 0 7
t 2 27
m0 9 7
1 8 14
2 9 1
3 0 6
t 1 27
m0 9 8
1 8 14
2 9 1
3 0 6
t 0 27
