10
15
w 5 6
w 7 12
w 7 7
w 4 12
w 5 1
w 0 3
w 8 5
w 5 8
w 4 9
w 2 9
w 8 10
w 7 10
w 0 4
w 2 2
w 9 7
w 0 0
w 7 1
w 1 13
w 0 5
w 8 7
w 4 2
w 1 0
w 0 8
w 3 5
w 5 3
w 9 13
w 7 9
w 3 12
w 9 2
w 3 1
w 5 7
w 2 11
w 7 4
w 0 6
w 1 8
w 6 13
w 0 2
p 6 9
p 1 3
p 8 13
p 4 8
p 9 8
p 8 0
p 0 7
p 8 9
p 6 2
p 9 4
p 3 7
p 8 14
p 9 0
p 3 10
p 4 4
p 7 6
p 4 13
p 1 5
p 2 13
p 9 11
p 6 3
p 5 0
p 3 6
p 1 10
p 3 4
p 6 4
p 3 2
p 2 6
p 7 14
p 3 13
p 6 11
p 5 11
p 8 11
p 4 14
p 0 12
p 2 14
p 4 11
p 2 7
p 0 1
p 5 10
p 4 6
p 7 0
p 6 8
p 8 12
p 6 1
p 7 13
p 0 13
p 3 8
p 2 0
p 8 8
p 4 3
p 1 7
p 7 8
p 2 4
p 9 12
p 8 4
m0 0 14
1 9 0
2 9 0
3 9 0
t 300 0
m0 1 14
1 8 0
2 9 1
3 9 1
t 299 0
m0 2 14
1 7 0
2 9 0
3 8 1
t 298 1
m0 3 14
1 6 0
2 8 0
3 9 1
t 297 1
m0 4 14
1 5 0
2 7 0
3 8 1
t 296 2
m0 4 13
1 4 0
2 6 0
3 9 1
t 295 3
m0 3 13
1 4 1
2 7 0
3 9 0
t 294 4
m0 2 13
1 4 0
2 6 0
3 9 1
t 293 5
m0 2 12
1 3 0
2 7 0
3 9 0
t 292 5
m0 1 12
1 4 0
2 6 0
3 8 0
t 291 5
m0 1 11
1 4 1
2 6 1
3 9 0
t 290 5
m0 1 10
1 4 0
2 6 2
3 9 1
t 289 6
m0 2 10
1 3 0
2 7 2
3 8 1
t 288 6
m0 3 10
1 2 0
2 7 3
3 9 1
t 287 7
m0 4 10
1 2 1
2 8 3
3 9 0
t 286 7
m0 5 10
1 2 0
2 7 3
3 9 1
t 285 8
m0 6 10
1 3 0
2 7 2
3 9 0
t 284 8
m0 6 9
1 2 0
2 6 2
3 8 0
t 283 9
m0 6 8
1 3 0
2 6 3
3 9 0
t 282 10
m0 7 8
1 4 0
2 6 2
3 8 0
f 8 1
t 281 11
m0 8 8
1 3 0
2 6 3
3 9 0
t 280 12
m0 9 8
1 4 0
2 7 3
3 8 0
t 279 13
m0 9 9
1 3 0
2 6 3
3 7 0
t 278 13
m0 8 9
1 2 0
2 6 2
3 8 0
t 277 14
m0 8 9
1 2 1
2 6 3
3 9 0
t 276 14
m0 8 9
1 1 1
2 6 4
3 9 1
t 275 14
m0 8 9
1 2 1
2 6 3
3 8 1
t 274 14
m0 9 9
1 1 1
2 6 4
3 9 1
t 273 14
m0 9 10
1 0 1
2 5 4
3 8 1
t 272 14
m0 9 11
1 1 1
2 4 4
3 8 0
t 271 15
m0 8 11
1 0 1
2 5 4
3 9 0
t 270 16
m0 8 12
1 1 1
2 5 5
3 8 0
t 269 17
m0 9 12
1 0 1
2 4 5
3 9 0
t 268 18
m0 8 12
1 1 1
2 4 4
3 8 0
t 267 18
m0 8 13
1 0 1
2 3 4
3 9 0
t 266 19
m0 7 13
1 1 1
2 4 4
3 8 0
t 265 20
m0 7 14
1 0 1
2 4 3
3 7 0
t 264 21
m0 8 14
1 1 1
2 4 4
3 6 0
t 263 22
m0 9 14
1 0 1
2 4 5
3 5 0
t 262 22
m0 8 14
1 1 1
2 4 4
3 6 0
t 261 22
m0 7 14
1 2 1
2 3 4
3 6 1
t 260 22
m0 7 13
1 1 1
2 3 3
3 6 0
t 259 22
m0 7 13
1 0 1
2 3 4
3 7 0
t 258 22
m0 7 13
1 1 1
2 4 4
3 8 0
t 257 22
m0 7 13
1 0 1
2 5 4
3 7 0
t 256 22
m0 7 13
1 1 1
2 5 5
3 8 0
t 255 22
m0 8 13
1 0 1
2 4 5
3 8 1
t 254 22
m0 7 13
1 1 1
2 5 5
3 9 1
t 253 22
m0 7 13
1 2 1
2 5 4
3 8 1
t 252 22
m0 7 13
1 2 0
2 4 4
3 9 1
t 251 22
m0 7 13
1 2 1
2 4 5
3 8 1
t 250 22
m0 7 13
1 1 1
2 4 4
3 9 1
t 249 22
m0 7 14
1 2 1
2 4 3
3 9 0
t 248 22
m0 7 13
1 2 0
2 4 4
3 8 0
t 247 22
m0 7 13
1 3 0
2 3 4
3 9 0
t 246 22
m0 7 13
1 4 0
2 2 4
3 9 1
t 245 22
m0 7 14
1 4 1
2 1 4
3 9 0
t 244 22
m0 6 14
1 4 0
2 2 4
3 8 0
t 243 22
m0 6 14
1 3 0
2 2 5
3 8 1
t 242 22
m0 6 14
1 4 0
2 2 6
3 9 1
t 241 22
m0 6 14
1 3 0
2 1 6
3 8 1
t 240 22
m0 6 14
1 2 0
2 2 6
3 8 0
t 239 22
m0 6 14
1 3 0
2 1 6
3 8 1
t 238 22
m0 6 14
1 2 0
2 1 5
3 9 1
t 237 22
m0 5 14
1 3 0
2 1 6
3 9 0
t 236 22
m0 5 13
1 2 0
2 1 5
3 8 0
t 235 22
m0 5 12
1 3 0
2 1 6
3 7 0
t 234 22
m0 5 11
1 4 0
2 1 7
3 8 0
t 233 23
m0 6 11
1 4 1
2 0 7
3 8 1
t 232 24
m0 5 11
1 4 0
2 1 7
3 9 1
t 231 24
m0 4 11
1 3 0
2 0 7
3 9 0
t 230 25
m0 4 10
1 4 0
2 1 7
3 8 0
t 229 25
m0 3 10
1 3 0
2 1 6
3 8 1
t 228 25
m0 3 9
1 2 0
2 2 6
3 9 1
t 227 25
m0 3 8
1 3 0
2 1 6
3 9 0
t 226 26
m0 4 8
1 2 0
2 1 5
3 9 1
t 225 27
m0 3 8
1 3 0
2 1 4
3 9 0
t 224 27
m0 3 7
1 2 0
2 1 3
3 9 1
t 223 28
m0 3 6
1 3 0
2 1 2
3 9 0
t 222 29
m0 4 6
1 4 0
2 1 1
3 8 0
t 221 30
m0 3 6
1 4 1
2 0 1
3 8 1
t 220 30
m0 2 6
1 4 0
2 1 1
3 8 0
t 219 31
m0 2 7
1 3 0
2 0 1
3 9 0
t 218 32
m0 1 7
1 4 0
2 1 1
3 8 0
t 217 33
m0 0 7
1 3 0
2 0 1
3 8 1
t 216 34
m0 1 7
1 4 0
2 1 1
3 9 1
t 215 34
m0 1 6
1 5 0
2 0 1
3 8 1
t 214 34
m0 1 5
1 6 0
2 1 1
3 9 1
t 213 35
m0 2 5
1 5 0
2 0 1
3 9 0
t 212 35
m0 2 4
1 6 0
2 1 1
3 9 1
t 211 36
m0 3 4
1 7 0
2 0 1
3 9 0
t 210 37
m0 4 4
1 6 0
2 1 1
3 9 1
t 209 38
m0 4 3
1 7 0
2 0 1
3 9 0
t 208 39
m0 3 3
1 6 0
2 1 1
3 8 0
t 207 39
m0 3 2
1 5 0
2 0 1
3 9 0
t 206 40
m0 3 2
1 4 0
2 1 1
3 8 0
t 205 40
m0 3 2
1 5 0
2 0 1
3 8 1
t 204 40
m0 3 2
1 6 0
2 1 1
3 8 2
t 203 40
m0 3 3
1 5 0
2 1 2
3 8 1
t 202 40
m0 2 3
1 6 0
2 1 1
3 9 1
t 201 40
m0 1 3
1 7 0
2 2 1
3 9 0
t 200 41
m0 1 2
1 8 0
2 2 0
3 9 1
t 199 41
m0 1 1
1 9 0
2 3 0
3 8 1
t 198 41
m0 0 1
1 8 0
2 2 0
3 9 1
t 197 42
m0 0 1
1 7 0
2 3 0
3 8 1
t 196 42
m0 0 1
1 6 0
2 4 0
3 9 1
t 195 42
m0 0 1
1 7 0
2 3 0
3 8 1
t 194 42
m0 0 1
1 8 0
2 4 0
3 9 1
t 193 42
m0 0 1
1 7 0
2 5 0
3 9 0
t 192 42
m0 0 1
1 8 0
2 4 0
3 9 1
t 191 42
m0 1 1
1 7 0
2 3 0
3 9 0
t 190 42
m0 2 1
1 6 0
2 4 0
3 9 1
t 189 42
m0 2 0
1 7 0
2 4 1
3 8 1
t 188 43
m0 3 0
1 8 0
2 4 0
3 8 2
t 187 43
m0 -5 -5
1 8 0
2 4 0
3 8 2
t 186 43
