10
15
w 8 13
w 8 0
w 2 1
w 8 9
w 2 12
w 2 4
w 5 8
w 3 14
w 6 7
w 1 14
w 8 10
w 4 13
w 1 10
w 4 1
w 4 10
w 6 4
w 5 4
w 9 14
w 8 2
w 8 11
w 9 3
w 6 0
w 4 14
w 7 5
w 3 9
w 0 5
w 9 6
w 3 5
w 2 7
w 6 8
w 1 12
w 6 1
w 5 7
w 7 13
w 1 7
w 9 5
w 0 2
p 5 9
p 4 7
p 9 1
p 4 8
p 5 6
p 7 12
p 9 8
p 2 8
p 5 13
p 3 11
p 4 12
p 6 2
p 0 10
p 1 6
p 3 7
p 5 1
p 8 5
p 8 14
p 3 3
p 2 9
p 5 5
p 3 10
p 4 4
p 1 5
p 3 6
p 8 6
p 1 1
p 3 2
p 7 14
p 6 11
p 1 13
p 0 12
p 9 10
p 1 9
p 8 7
p 2 14
p 0 8
p 4 11
p 7 9
p 9 13
p 8 3
p 5 10
p 4 6
p 3 12
p 9 2
p 3 1
p 0 13
p 2 11
p 9 9
p 7 4
p 5 14
p 8 8
p 4 3
p 5 2
p 9 12
p 8 4
m0 0 14
1 9 0
2 9 0
3 9 0
t 300 0
m0 0 14
1 9 1
2 9 1
3 9 1
t 299 0
m0 0 13
1 9 0
2 9 0
3 9 0
t 298 1
m0 0 14
1 9 1
2 9 1
3 9 1
t 297 1
m0 0 14
1 9 0
2 9 0
3 9 0
t 296 1
m0 0 14
1 9 1
2 9 1
3 9 1
t 295 1
m0 0 13
1 9 0
2 9 0
3 9 0
t 294 1
m0 0 13
1 9 1
2 9 1
3 9 1
t 293 1
m0 0 12
1 9 0
2 9 0
3 9 0
t 292 2
m0 0 13
1 9 1
2 9 1
3 9 1
t 291 2
m0 0 14
1 9 0
2 9 0
3 9 0
t 290 2
m0 0 13
1 9 1
2 9 1
3 9 1
t 289 2
m0 1 13
1 9 0
2 9 0
3 9 0
t 288 3
m0 1 13
1 9 1
2 9 1
3 9 1
t 287 3
m0 0 13
1 9 0
2 9 0
3 9 0
t 286 3
m0 0 13
1 9 1
2 9 1
3 9 1
t 285 3
m0 1 13
1 9 0
2 9 0
3 9 0
t 284 3
m0 1 13
1 9 1
2 9 1
3 9 1
t 283 3
m0 2 13
1 9 0
2 9 0
3 9 0
t 282 3
m0 2 13
1 9 1
2 9 1
3 9 1
t 281 3
m0 3 13
1 9 0
2 9 0
3 9 0
t 280 3
m0 2 13
1 9 1
2 9 1
3 9 1
t 279 3
m0 2 14
1 9 0
2 9 0
3 9 0
t 278 4
m0 2 13
1 9 1
2 9 1
3 9 1
t 277 4
m0 1 13
1 9 0
2 9 0
3 9 0
t 276 4
m0 2 13
1 9 1
2 9 1
3 9 1
t 275 4
m0 3 13
1 9 0
2 9 0
3 9 0
t 274 4
m0 3 13
1 9 1
2 9 1
3 9 1
t 273 4
m0 3 13
1 9 0
2 9 0
3 9 0
t 272 4
m0 3 12
1 9 1
2 9 1
3 9 1
t 271 5
m0 3 11
1 9 0
2 9 0
3 9 0
f 0 11
t 270 6
m0 3 11
1 9 1
2 9 1
3 9 1
t 269 6
m0 3 11
1 9 0
2 9 0
3 9 0
t 268 6
m0 4 11
1 9 1
2 9 1
3 9 1
t 267 7
m0 4 11
1 9 0
2 9 0
3 9 0
t 266 7
m0 5 11
1 9 1
2 9 1
3 9 1
t 265 7
m0 5 11
1 9 0
2 9 0
3 9 0
t 264 7
m0 5 10
1 9 1
2 9 1
3 9 1
t 263 8
m0 5 10
1 9 0
2 9 0
3 9 0
t 262 8
m0 5 9
1 9 1
2 9 1
3 9 1
t 261 9
m0 4 9
1 9 0
2 9 0
3 9 0
t 260 9
m0 4 8
1 9 1
2 9 1
3 9 1
t 259 10
m0 3 8
1 9 0
2 9 0
3 9 0
t 258 10
m0 4 8
1 9 1
2 9 1
3 9 1
t 257 10
m0 4 9
1 9 0
2 9 0
3 9 0
t 256 10
m0 4 9
1 9 1
2 9 1
3 9 1
t 255 10
m0 4 9
1 9 0
2 9 0
3 9 0
t 254 10
m0 5 9
1 9 1
2 9 1
3 9 1
t 253 10
m0 4 9
1 9 0
2 9 0
3 9 0
t 252 10
m0 4 8
1 9 1
2 9 1
3 9 1
t 251 10
m0 4 8
1 9 0
2 9 0
3 9 0
t 250 10
m0 4 7
1 9 1
2 9 1
3 9 1
t 249 11
m0 4 8
1 9 0
2 9 0
3 9 0
t 248 11
m0 4 7
1 9 1
2 9 1
3 9 1
t 247 11
m0 4 8
1 9 0
2 9 0
3 9 0
t 246 11
m0 4 9
1 9 1
2 9 1
3 9 1
t 245 11
m0 5 9
1 9 0
2 9 0
3 9 0
t 244 11
m0 5 10
1 9 1
2 9 1
3 9 1
t 243 11
m0 5 9
1 9 0
2 9 0
3 9 0
t 242 11
m0 5 9
1 9 1
2 9 1
3 9 1
t 241 11
m0 5 10
1 9 0
2 9 0
3 9 0
t 240 11
m0 5 11
1 9 1
2 9 1
3 9 1
t 239 11
m0 4 11
1 9 0
2 9 0
3 9 0
t 238 11
m0 4 12
1 9 1
2 9 1
3 9 1
t 237 12
m0 4 12
1 9 0
2 9 0
3 9 0
t 236 12
m0 4 11
1 9 1
2 9 1
3 9 1
t 235 12
m0 4 11
1 9 0
2 9 0
3 9 0
t 234 12
m0 4 12
1 9 1
2 9 1
3 9 1
t 233 12
m0 3 12
1 9 0
2 9 0
3 9 0
t 232 12
m0 4 12
1 9 1
2 9 1
3 9 1
t 231 12
m0 3 12
1 9 0
2 9 0
3 9 0
t 230 12
m0 3 13
1 9 1
2 9 1
3 9 1
t 229 12
m0 2 13
1 9 0
2 9 0
3 9 0
t 228 12
m0 2 13
1 9 1
2 9 1
3 9 1
t 227 12
m0 1 13
1 9 0
2 9 0
3 9 0
t 226 12
m0 2 13
1 9 1
2 9 1
3 9 1
t 225 12
m0 2 13
1 9 0
2 9 0
3 9 0
t 224 12
m0 2 14
1 9 1
2 9 1
3 9 1
t 223 12
m0 2 14
1 9 0
2 9 0
3 9 0
t 222 12
m0 2 14
1 9 1
2 9 1
3 9 1
t 221 12
m0 2 14
1 9 0
2 9 0
3 9 0
t 220 12
m0 2 13
1 9 1
2 9 1
3 9 1
t 219 12
m0 2 14
1 9 0
2 9 0
3 9 0
t 218 12
m0 2 14
1 9 1
2 9 1
3 9 1
t 217 12
m0 2 14
1 9 0
2 9 0
3 9 0
t 216 12
m0 2 13
1 9 1
2 9 1
3 9 1
t 215 12
m0 1 13
1 9 0
2 9 0
3 9 0
t 214 12
m0 1 13
1 9 1
2 9 1
3 9 1
t 213 12
m0 0 13
1 9 0
2 9 0
3 9 0
t 212 12
m0 0 14
1 9 1
2 9 1
3 9 1
t 211 12
m0 0 14
1 9 0
2 9 0
3 9 0
t 210 12
m0 0 14
1 9 1
2 9 1
3 9 1
t 209 12
m0 0 13
1 9 0
2 9 0
3 9 0
t 208 12
m0 1 13
1 9 1
2 9 1
3 9 1
t 207 12
m0 1 13
1 9 0
2 9 0
3 9 0
t 206 12
m0 1 13
1 9 1
2 9 1
3 9 1
t 205 12
m0 1 13
1 9 0
2 9 0
3 9 0
t 204 12
m0 1 13
1 9 1
2 9 1
3 9 1
t 203 12
m0 2 13
1 9 0
2 9 0
3 9 0
t 202 12
m0 2 14
1 9 1
2 9 1
3 9 1
t 201 12
m0 2 13
1 9 0
2 9 0
3 9 0
t 200 12
m0 2 14
1 9 1
2 9 1
3 9 1
t 199 12
m0 2 13
1 9 0
2 9 0
3 9 0
t 198 12
m0 3 13
1 9 1
2 9 1
3 9 1
t 197 12
m0 2 13
1 9 0
2 9 0
3 9 0
t 196 12
m0 2 14
1 9 1
2 9 1
3 9 1
t 195 12
m0 2 14
1 9 0
2 9 0
3 9 0
t 194 12
m0 2 13
1 9 1
2 9 1
3 9 1
t 193 12
m0 1 13
1 9 0
2 9 0
3 9 0
t 192 12
m0 1 13
1 9 1
2 9 1
3 9 1
t 191 12
m0 1 13
1 9 0
2 9 0
3 9 0
t 190 12
m0 1 13
1 9 1
2 9 1
3 9 1
t 189 12
m0 1 13
1 9 0
2 9 0
3 9 0
t 188 12
m0 0 13
1 9 1
2 9 1
3 9 1
t 187 12
m0 0 12
1 9 0
2 9 0
3 9 0
t 186 12
m0 0 12
1 9 1
2 9 1
3 9 1
t 185 12
m0 0 11
1 9 0
2 9 0
3 9 0
t 184 22
m0 0 11
1 9 1
2 9 1
3 9 1
t 183 22
m0 0 11
1 9 0
2 9 0
3 9 0
t 182 22
m0 0 11
1 9 1
2 9 1
3 9 1
t 181 22
m0 1 11
1 9 0
2 9 0
3 9 0
f 4 11
t 180 22
m0 1 11
1 9 1
2 9 1
3 9 1
t 179 22
m0 0 11
1 9 0
2 9 0
3 9 0
t 178 22
m0 0 10
1 9 1
2 9 1
3 9 1
t 177 23
m0 0 10
1 9 0
2 9 0
3 9 0
t 176 23
m0 0 11
1 9 1
2 9 1
3 9 1
t 175 23
m0 0 12
1 9 0
2 9 0
3 9 0
t 174 23
m0 0 11
1 9 1
2 9 1
3 9 1
t 173 23
m0 1 11
1 9 0
2 9 0
3 9 0
t 172 23
m0 1 11
1 9 1
2 9 1
3 9 1
t 171 23
m0 0 11
1 9 0
2 9 0
3 9 0
t 170 23
m0 0 11
1 9 1
2 9 1
3 9 1
t 169 23
m0 0 11
1 9 0
2 9 0
3 9 0
t 168 23
m0 0 10
1 9 1
2 9 1
3 9 1
t 167 23
m0 0 10
1 9 0
2 9 0
3 9 0
t 166 23
m0 0 11
1 9 1
2 9 1
3 9 1
t 165 23
m0 0 10
1 9 0
2 9 0
3 9 0
t 164 23
m0 0 11
1 9 1
2 9 1
3 9 1
t 163 23
m0 0 11
1 9 0
2 9 0
3 9 0
t 162 23
m0 0 12
1 9 1
2 9 1
3 9 1
t 161 23
m0 0 13
1 9 0
2 9 0
3 9 0
t 160 23
m0 0 14
1 9 1
2 9 1
3 9 1
t 159 23
m0 0 14
1 9 0
2 9 0
3 9 0
t 158 23
m0 0 13
1 9 1
2 9 1
3 9 1
t 157 23
m0 1 13
1 9 0
2 9 0
3 9 0
t 156 23
m0 1 13
1 9 1
2 9 1
3 9 1
t 155 23
m0 0 13
1 9 0
2 9 0
3 9 0
t 154 23
m0 0 12
1 9 1
2 9 1
3 9 1
t 153 23
m0 0 13
1 9 0
2 9 0
3 9 0
t 152 23
m0 0 14
1 9 1
2 9 1
3 9 1
t 151 23
m0 0 14
1 9 0
2 9 0
3 9 0
t 150 23
m0 0 14
1 9 1
2 9 1
3 9 1
t 149 23
m0 0 14
1 9 0
2 9 0
3 9 0
t 148 23
m0 0 13
1 9 1
2 9 1
3 9 1
t 147 23
m0 0 14
1 9 0
2 9 0
3 9 0
t 146 23
m0 0 13
1 9 1
2 9 1
3 9 1
t 145 23
m0 0 12
1 9 0
2 9 0
3 9 0
t 144 23
m0 0 12
1 9 1
2 9 1
3 9 1
t 143 23
m0 0 12
1 9 0
2 9 0
3 9 0
t 142 23
m0 0 13
1 9 1
2 9 1
3 9 1
t 141 23
m0 0 14
1 9 0
2 9 0
3 9 0
t 140 23
m0 0 13
1 9 1
2 9 1
3 9 1
t 139 23
m0 0 14
1 9 0
2 9 0
3 9 0
t 138 23
m0 0 13
1 9 1
2 9 1
3 9 1
t 137 23
m0 0 13
1 9 0
2 9 0
3 9 0
t 136 23
m0 0 14
1 9 1
2 9 1
3 9 1
t 135 23
m0 0 14
1 9 0
2 9 0
3 9 0
t 134 23
m0 0 14
1 9 1
2 9 1
3 9 1
t 133 23
m0 0 14
1 9 0
2 9 0
3 9 0
t 132 23
m0 0 13
1 9 1
2 9 1
3 9 1
t 131 23
m0 0 13
1 9 0
2 9 0
3 9 0
t 130 23
m0 0 12
1 9 1
2 9 1
3 9 1
t 129 23
m0 0 12
1 9 0
2 9 0
3 9 0
t 128 23
m0 0 12
1 9 1
2 9 1
3 9 1
t 127 23
m0 0 12
1 9 0
2 9 0
3 9 0
t 126 23
m0 0 13
1 9 1
2 9 1
3 9 1
t 125 23
m0 0 13
1 9 0
2 9 0
3 9 0
t 124 23
m0 1 13
1 9 1
2 9 1
3 9 1
t 123 23
m0 1 13
1 9 0
2 9 0
3 9 0
t 122 23
m0 1 13
1 9 1
2 9 1
3 9 1
t 121 23
m0 0 13
1 9 0
2 9 0
3 9 0
t 120 23
m0 1 13
1 9 1
2 9 1
3 9 1
t 119 23
m0 0 13
1 9 0
2 9 0
3 9 0
t 118 23
m0 1 13
1 9 1
2 9 1
3 9 1
t 117 23
m0 0 13
1 9 0
2 9 0
3 9 0
t 116 23
m0 0 14
1 9 1
2 9 1
3 9 1
t 115 23
m0 0 14
1 9 0
2 9 0
3 9 0
t 114 23
m0 0 14
1 9 1
2 9 1
3 9 1
t 113 23
m0 0 14
1 9 0
2 9 0
3 9 0
t 112 23
m0 0 14
1 9 1
2 9 1
3 9 1
t 111 23
m0 0 13
1 9 0
2 9 0
3 9 0
t 110 23
m0 0 14
1 9 1
2 9 1
3 9 1
t 109 23
m0 0 14
1 9 0
2 9 0
3 9 0
t 108 23
m0 0 14
1 9 1
2 9 1
3 9 1
t 107 23
m0 0 14
1 9 0
2 9 0
3 9 0
t 106 23
m0 0 13
1 9 1
2 9 1
3 9 1
t 105 23
m0 0 14
1 9 0
2 9 0
3 9 0
t 104 23
m0 0 14
1 9 1
2 9 1
3 9 1
t 103 23
m0 0 14
1 9 0
2 9 0
3 9 0
t 102 23
m0 0 14
1 9 1
2 9 1
3 9 1
t 101 23
m0 0 13
1 9 0
2 9 0
3 9 0
t 100 23
m0 1 13
1 9 1
2 9 1
3 9 1
t 99 23
m0 1 13
1 9 0
2 9 0
3 9 0
t 98 23
m0 1 13
1 9 1
2 9 1
3 9 1
t 97 23
m0 0 13
1 9 0
2 9 0
3 9 0
t 96 23
m0 1 13
1 9 1
2 9 1
3 9 1
t 95 23
m0 0 13
1 9 0
2 9 0
3 9 0
t 94 23
m0 0 12
1 9 1
2 9 1
3 9 1
t 93 23
m0 0 12
1 9 0
2 9 0
3 9 0
t 92 23
m0 0 11
1 9 1
2 9 1
3 9 1
t 91 23
m0 0 10
1 9 0
2 9 0
3 9 0
t 90 23
m0 0 9
1 9 1
2 9 1
3 9 1
t 89 23
m0 0 8
1 9 0
2 9 0
3 9 0
t 88 24
m0 0 7
1 9 1
2 9 1
3 9 1
t 87 24
m0 0 7
1 9 0
2 9 0
3 9 0
t 86 24
m0 0 8
1 9 1
2 9 1
3 9 1
t 85 24
m0 0 8
1 9 0
2 9 0
3 9 0
t 84 24
m0 0 9
1 9 1
2 9 1
3 9 1
t 83 24
m0 0 9
1 9 0
2 9 0
3 9 0
t 82 24
m0 0 8
1 9 1
2 9 1
3 9 1
t 81 24
m0 1 8
1 9 0
2 9 0
3 9 0
t 80 24
m0 1 8
1 9 1
2 9 1
3 9 1
t 79 24
m0 0 8
1 9 0
2 9 0
3 9 0
t 78 24
m0 0 7
1 9 1
2 9 1
3 9 1
t 77 24
m0 0 6
1 9 0
2 9 0
3 9 0
t 76 24
m0 1 6
1 9 1
2 9 1
3 9 1
t 75 25
m0 2 6
1 9 0
2 9 0
3 9 0
t 74 25
m0 2 6
1 9 1
2 9 1
3 9 1
t 73 25
m0 1 6
1 9 0
2 9 0
3 9 0
t 72 25
m0 1 5
1 9 1
2 9 1
3 9 1
t 71 26
m0 1 6
1 9 0
2 9 0
3 9 0
t 70 26
m0 1 5
1 9 1
2 9 1
3 9 1
t 69 26
m0 1 5
1 9 0
2 9 0
3 9 0
t 68 26
m0 1 5
1 9 1
2 9 1
3 9 1
t 67 26
m0 1 5
1 9 0
2 9 0
3 9 0
t 66 26
m0 1 5
1 9 1
2 9 1
3 9 1
t 65 26
m0 1 5
1 9 0
2 9 0
3 9 0
t 64 26
m0 1 4
1 9 1
2 9 1
3 9 1
t 63 26
m0 0 4
1 9 0
2 9 0
3 9 0
t 62 26
m0 0 4
1 9 1
2 9 1
3 9 1
t 61 26
m0 0 4
1 9 0
2 9 0
3 9 0
t 60 26
m0 0 4
1 9 1
2 9 1
3 9 1
t 59 26
m0 0 4
1 9 0
2 9 0
3 9 0
t 58 26
m0 0 4
1 9 1
2 9 1
3 9 1
t 57 26
m0 1 4
1 9 0
2 9 0
3 9 0
t 56 26
m0 0 4
1 9 1
2 9 1
3 9 1
t 55 26
m0 0 4
1 9 0
2 9 0
3 9 0
t 54 26
m0 1 4
1 9 1
2 9 1
3 9 1
t 53 26
m0 0 4
1 9 0
2 9 0
3 9 0
t 52 26
m0 0 3
1 9 1
2 9 1
3 9 1
t 51 26
m0 0 3
1 9 0
2 9 0
3 9 0
t 50 26
m0 0 3
1 9 1
2 9 1
3 9 1
t 49 26
m0 0 4
1 9 0
2 9 0
3 9 0
t 48 26
m0 0 4
1 9 1
2 9 1
3 9 1
t 47 26
m0 1 4
1 9 0
2 9 0
3 9 0
t 46 26
m0 0 4
1 9 1
2 9 1
3 9 1
t 45 26
m0 0 3
1 9 0
2 9 0
3 9 0
t 44 26
m0 0 4
1 9 1
2 9 1
3 9 1
t 43 26
m0 0 4
1 9 0
2 9 0
3 9 0
t 42 26
m0 1 4
1 9 1
2 9 1
3 9 1
t 41 26
m0 0 4
1 9 0
2 9 0
3 9 0
t 40 26
m0 0 4
1 9 1
2 9 1
3 9 1
t 39 26
m0 0 4
1 9 0
2 9 0
3 9 0
t 38 26
m0 0 4
1 9 1
2 9 1
3 9 1
t 37 26
m0 0 3
1 9 0
2 9 0
3 9 0
t 36 26
m0 0 4
1 9 1
2 9 1
3 9 1
t 35 26
m0 0 4
1 9 0
2 9 0
3 9 0
t 34 26
m0 0 4
1 9 1
2 9 1
3 9 1
t 33 26
m0 0 4
1 9 0
2 9 0
3 9 0
t 32 26
m0 1 4
1 9 1
2 9 1
3 9 1
t 31 26
m0 1 5
1 9 0
2 9 0
3 9 0
t 30 26
m0 1 5
1 9 1
2 9 1
3 9 1
t 29 26
m0 1 5
1 9 0
2 9 0
3 9 0
t 28 26
m0 1 6
1 9 1
2 9 1
3 9 1
t 27 26
m0 1 5
1 9 0
2 9 0
3 9 0
t 26 26
m0 1 6
1 9 1
2 9 1
3 9 1
t 25 26
m0 0 6
1 9 0
2 9 0
3 9 0
t 24 26
m0 0 7
1 9 1
2 9 1
3 9 1
t 23 26
m0 0 6
1 9 0
2 9 0
3 9 0
t 22 26
m0 1 6
1 9 1
2 9 1
3 9 1
t 21 26
m0 1 6
1 9 0
2 9 0
3 9 0
t 20 26
m0 0 6
1 9 1
2 9 1
3 9 1
t 19 26
m0 1 6
1 9 0
2 9 0
3 9 0
t 18 26
m0 1 5
1 9 1
2 9 1
3 9 1
t 17 26
m0 1 6
1 9 0
2 9 0
3 9 0
t 16 26
m0 2 6
1 9 1
2 9 1
3 9 1
t 15 26
m0 1 6
1 9 0
2 9 0
3 9 0
t 14 26
m0 0 6
1 9 1
2 9 1
3 9 1
t 13 26
m0 0 6
1 9 0
2 9 0
3 9 0
t 12 26
m0 0 7
1 9 1
2 9 1
3 9 1
t 11 26
m0 0 7
1 9 0
2 9 0
3 9 0
t 10 26
m0 0 8
1 9 1
2 9 1
3 9 1
t 9 26
m0 0 7
1 9 0
2 9 0
3 9 0
t 8 26
m0 0 6
1 9 1
2 9 1
3 9 1
t 7 26
m0 0 6
1 9 0
2 9 0
3 9 0
t 6 26
m0 1 6
1 9 1
2 9 1
3 9 1
t 5 26
m0 0 6
1 9 0
2 9 0
3 9 0
t 4 26
m0 1 6
1 9 1
2 9 1
3 9 1
t 3 26
m0 1 6
1 9 0
2 9 0
3 9 0
t 2 26
m0 1 5
1 9 1
2 9 1
3 9 1
t 1 26
m0 1 5
1 9 1
2 9 1
3 9 1
t 0 26
