10
15
w 4 8
w 9 8
w 7 7
w 2 1
w 6 2
w 0 10
w 5 1
w 5 8
w 3 14
w 4 9
w 5 5
w 8 1
w 6 10
w 8 10
w 4 13
w 0 4
w 1 10
w 8 6
w 5 4
w 3 2
w 2 6
w 4 14
w 9 10
w 7 5
w 0 5
w 6 12
w 4 11
w 3 5
w 7 0
w 4 6
w 1 12
w 8 12
w 7 13
w 1 7
w 0 9
w 5 2
w 2 4
p 7 3
p 1 3
p 6 6
p 7 12
p 8 9
p 1 6
p 2 12
p 7 11
p 2 5
p 1 11
p 6 14
p 1 2
p 9 0
p 6 7
p 2 9
p 7 6
p 4 4
p 5 12
p 6 3
p 0 11
p 9 11
p 5 0
p 2 2
p 4 1
p 4 10
p 7 14
p 0 0
p 9 14
p 8 2
p 3 13
p 4 5
p 1 13
p 9 3
p 1 4
p 3 9
p 2 3
p 1 9
p 8 7
p 4 2
p 1 0
p 0 8
p 6 5
p 5 3
p 7 9
p 3 12
p 3 1
p 5 7
p 9 9
p 5 14
p 3 8
p 1 8
p 7 4
p 8 8
p 4 3
p 9 5
p 8 4
m0 0 14
1 9 0
2 9 0
3 9 0
t 300 0
m0 1 14
1 8 0
2 9 1
3 8 0
t 299 0
m0 2 14
1 9 0
2 9 2
3 9 0
t 298 0
m0 2 13
1 8 0
2 9 3
3 9 1
t 297 0
m0 3 13
1 9 0
2 8 3
3 9 2
t 296 1
m0 3 12
1 8 0
2 7 3
3 9 1
t 295 2
m0 4 12
1 9 0
2 6 3
3 9 2
t 294 2
m0 5 12
1 8 0
2 5 3
3 9 3
t 293 3
m0 5 11
1 9 0
2 4 3
3 8 3
t 292 3
m0 6 11
1 8 0
2 4 2
3 9 3
t 291 3
m0 7 11
1 9 0
2 4 1
3 8 3
t 290 4
m0 8 11
1 8 0
2 3 1
3 9 3
t 289 4
m0 9 11
1 9 0
2 3 0
3 8 3
t 288 5
m0 8 11
1 8 0
2 2 0
3 9 3
t 287 5
m0 9 11
1 9 0
2 1 0
3 8 3
t 286 5
m0 8 11
1 8 0
2 0 0
3 9 3
t 285 5
m0 9 11
1 9 0
2 0 1
3 8 3
t 284 5
m0 8 11
1 8 0
2 0 0
3 9 3
t 283 5
m0 9 11
1 9 0
2 0 1
3 8 3
t 282 5
m0 8 11
1 8 0
2 0 0
3 9 3
t 281 5
m0 9 11
1 9 0
2 0 1
3 8 3
t 280 5
m0 8 11
1 8 0
2 0 0
3 9 3
t 279 5
m0 9 11
1 9 0
2 0 1
3 8 3
t 278 5
m0 8 11
1 8 0
2 0 0
3 9 3
t 277 5
m0 9 11
1 9 0
2 0 1
3 8 3
t 276 5
m0 8 11
1 8 0
2 0 0
3 9 3
t 275 5
m0 9 11
1 9 0
2 0 1
3 8 3
t 274 5
m0 8 11
1 8 0
2 0 0
3 9 3
t 273 5
m0 9 11
1 9 0
2 0 1
3 8 3
t 272 5
m0 8 11
1 8 0
2 0 0
3 9 3
t 271 5
m0 9 11
1 9 0
2 0 1
3 8 3
t 270 5
m0 8 11
1 8 0
2 0 0
3 9 3
t 269 5
m0 9 11
1 9 0
2 0 1
3 8 3
t 268 5
m0 8 11
1 8 0
2 0 0
3 9 3
t 267 5
m0 9 11
1 9 0
2 0 1
3 8 3
t 266 5
m0 8 11
1 8 0
2 0 0
3 9 3
t 265 5
m0 9 11
1 9 0
2 0 1
3 8 3
t 264 5
m0 8 11
1 8 0
2 0 0
3 9 3
t 263 5
m0 9 11
1 9 0
2 0 1
3 8 3
t 262 5
m0 8 11
1 8 0
2 0 0
3 9 3
t 261 5
m0 9 11
1 9 0
2 0 1
3 8 3
t 260 5
m0 8 11
1 8 0
2 0 0
3 9 3
t 259 5
m0 7 11
1 9 0
2 0 1
3 8 3
f 9 11
t 258 5
m0 7 10
1 8 0
2 0 0
3 9 3
t 257 5
m0 7 9
1 9 0
2 0 1
3 8 3
t 256 6
m0 7 8
1 8 0
2 0 0
3 9 3
t 255 6
m0 6 8
1 9 0
2 0 1
3 8 3
t 254 6
m0 6 7
1 8 0
2 0 0
3 9 3
t 253 7
m0 6 6
1 9 0
2 0 1
3 8 3
t 252 8
m0 6 5
1 8 0
2 0 0
3 9 3
t 251 9
m0 6 4
1 9 0
2 0 1
3 9 2
t 250 9
m0 6 3
1 8 0
2 0 0
3 9 1
t 249 10
m0 5 3
1 9 0
2 0 1
3 9 2
t 248 11
m0 4 3
1 8 0
2 0 0
3 9 3
t 247 12
m0 4 2
1 9 0
2 0 1
3 9 4
t 246 13
m0 4 1
1 8 0
2 0 2
3 9 5
t 245 14
m0 4 0
1 9 0
2 0 3
3 9 6
t 244 14
m0 3 0
1 9 1
2 1 3
3 9 7
t 243 14
m0 2 0
1 9 0
2 0 3
3 8 7
t 242 14
m0 1 0
1 9 1
2 1 3
3 8 8
t 241 15
m0 0 0
1 9 0
2 1 4
3 8 9
t 240 16
m0 0 0
1 9 1
2 1 5
3 7 9
t 239 16
m0 0 0
1 9 2
2 2 5
3 7 10
t 238 16
m0 0 0
1 9 3
2 1 5
3 7 11
t 237 16
m0 0 0
1 9 2
2 1 6
3 7 12
t 236 16
m0 0 0
1 9 3
2 0 6
3 7 11
t 235 16
m0 0 0
1 9 2
2 1 6
3 7 12
t 234 16
m0 0 0
1 9 3
2 0 6
3 7 11
t 233 16
m0 0 0
1 9 2
2 1 6
3 7 12
t 232 16
m0 0 0
1 9 3
2 0 6
3 7 11
t 231 16
m0 0 0
1 9 2
2 1 6
3 7 12
t 230 16
m0 0 0
1 9 3
2 0 6
3 7 11
t 229 16
m0 0 0
1 9 2
2 1 6
3 7 12
t 228 16
m0 0 0
1 9 3
2 0 6
3 7 11
t 227 16
m0 0 0
1 9 2
2 1 6
3 7 12
t 226 16
m0 0 0
1 9 3
2 0 6
3 7 11
t 225 16
m0 0 0
1 9 2
2 1 6
3 7 12
t 224 16
m0 0 0
1 9 3
2 0 6
3 7 11
t 223 16
m0 0 0
1 9 2
2 1 6
3 7 12
t 222 16
m0 0 0
1 9 3
2 0 6
3 7 11
t 221 16
m0 0 0
1 9 2
2 1 6
3 7 12
t 220 16
m0 0 0
1 9 3
2 0 6
3 7 11
t 219 16
m0 0 0
1 9 2
2 1 6
3 7 12
t 218 16
m0 0 0
1 9 3
2 0 6
3 7 11
t 217 16
m0 0 0
1 9 2
2 1 6
3 7 12
t 216 16
m0 0 0
1 9 3
2 0 6
3 7 11
t 215 16
m0 0 0
1 9 2
2 1 6
3 7 12
t 214 16
m0 0 0
1 9 3
2 0 6
3 7 11
t 213 16
m0 0 0
1 9 2
2 1 6
3 7 12
t 212 16
m0 0 0
1 9 3
2 0 6
3 7 11
t 211 16
m0 0 0
1 9 2
2 1 6
3 7 12
t 210 16
m0 0 0
1 9 3
2 0 6
3 7 11
t 209 16
m0 0 0
1 9 2
2 1 6
3 7 12
t 208 16
m0 0 0
1 9 3
2 0 6
3 7 11
t 207 16
m0 0 0
1 9 2
2 1 6
3 7 12
t 206 16
m0 0 0
1 9 3
2 0 6
3 7 11
t 205 16
m0 0 0
1 9 2
2 1 6
3 7 12
t 204 16
m0 0 0
1 9 3
2 0 6
3 7 11
t 203 16
m0 0 0
1 9 2
2 1 6
3 7 12
t 202 16
m0 0 0
1 9 3
2 0 6
3 7 11
t 201 16
m0 0 0
1 9 2
2 1 6
3 7 12
t 200 16
m0 0 0
1 9 3
2 0 6
3 7 11
t 199 16
m0 0 0
1 9 2
2 1 6
3 7 12
t 198 16
m0 0 0
1 9 3
2 0 6
3 7 11
t 197 16
m0 0 0
1 9 2
2 1 6
3 7 12
t 196 16
m0 0 0
1 9 3
2 0 6
3 7 11
t 195 16
m0 0 0
1 9 2
2 1 6
3 7 12
t 194 16
m0 0 0
1 9 3
2 0 6
3 7 11
t 193 16
m0 0 0
1 9 2
2 1 6
3 7 12
t 192 16
m0 0 0
1 9 3
2 0 6
3 7 11
t 191 16
m0 0 0
1 9 2
2 1 6
3 7 12
t 190 16
m0 0 0
1 9 3
2 0 6
3 7 11
t 189 16
m0 0 0
1 9 2
2 1 6
3 7 12
t 188 16
m0 0 0
1 9 3
2 0 6
3 7 11
t 187 16
m0 0 0
1 9 2
2 1 6
3 7 12
t 186 16
m0 0 0
1 9 3
2 0 6
3 7 11
t 185 16
m0 0 0
1 9 2
2 1 6
3 7 12
t 184 16
m0 0 0
1 9 3
2 0 6
3 7 11
t 183 16
m0 0 0
1 9 2
2 1 6
3 7 12
t 182 16
m0 0 0
1 9 3
2 0 6
3 7 11
t 181 16
m0 0 0
1 9 2
2 1 6
3 7 12
t 180 16
m0 0 0
1 9 3
2 0 6
3 7 11
t 179 16
m0 0 0
1 9 2
2 1 6
3 7 12
t 178 16
m0 0 0
1 9 3
2 0 6
3 7 11
t 177 16
m0 0 0
1 9 2
2 1 6
3 7 12
t 176 16
m0 0 0
1 9 3
2 0 6
3 7 11
t 175 16
m0 0 0
1 9 2
2 1 6
3 7 12
t 174 16
m0 0 0
1 9 3
2 0 6
3 7 11
t 173 16
m0 0 0
1 9 2
2 1 6
3 7 12
t 172 16
m0 0 0
1 9 3
2 0 6
3 7 11
t 171 16
m0 0 0
1 9 2
2 1 6
3 7 12
t 170 16
m0 0 0
1 9 3
2 0 6
3 7 11
t 169 16
m0 0 0
1 9 2
2 1 6
3 7 12
t 168 16
m0 0 0
1 9 3
2 0 6
3 7 11
t 167 16
m0 0 0
1 9 2
2 1 6
3 7 12
t 166 16
m0 0 0
1 9 3
2 0 6
3 7 11
t 165 16
m0 0 0
1 9 2
2 1 6
3 7 12
t 164 16
m0 0 0
1 9 3
2 0 6
3 7 11
t 163 16
m0 0 0
1 9 2
2 1 6
3 7 12
t 162 16
m0 0 0
1 9 3
2 0 6
3 7 11
t 161 16
m0 0 0
1 9 2
2 1 6
3 7 12
t 160 16
m0 0 0
1 9 3
2 0 6
3 7 11
t 159 16
m0 0 0
1 9 2
2 1 6
3 7 12
t 158 16
m0 0 0
1 9 3
2 0 6
3 7 11
t 157 16
m0 0 0
1 9 2
2 1 6
3 7 12
t 156 16
m0 0 0
1 9 3
2 0 6
3 7 11
t 155 16
m0 0 0
1 9 2
2 1 6
3 7 12
t 154 16
m0 0 0
1 9 3
2 0 6
3 7 11
t 153 16
m0 0 0
1 9 2
2 1 6
3 7 12
t 152 16
m0 0 0
1 9 3
2 0 6
3 7 11
t 151 16
m0 0 0
1 9 2
2 1 6
3 7 12
t 150 16
m0 0 0
1 9 3
2 0 6
3 7 11
t 149 16
m0 0 0
1 9 2
2 1 6
3 7 12
t 148 16
m0 0 0
1 9 3
2 0 6
3 7 11
t 147 16
m0 0 0
1 9 2
2 1 6
3 7 12
t 146 16
m0 0 0
1 9 3
2 0 6
3 7 11
t 145 16
m0 0 0
1 9 2
2 1 6
3 7 12
t 144 16
m0 0 0
1 9 3
2 0 6
3 7 11
t 143 16
m0 0 0
1 9 2
2 1 6
3 7 12
t 142 16
m0 0 0
1 9 3
2 0 6
3 7 11
t 141 16
m0 0 0
1 9 2
2 1 6
3 7 12
t 140 16
m0 0 0
1 9 3
2 0 6
3 7 11
t 139 16
m0 0 0
1 9 2
2 1 6
3 7 12
t 138 16
m0 0 0
1 9 3
2 0 6
3 7 11
t 137 16
m0 0 0
1 9 2
2 1 6
3 7 12
t 136 16
m0 0 0
1 9 3
2 0 6
3 7 11
t 135 16
m0 0 0
1 9 2
2 1 6
3 7 12
t 134 16
m0 0 0
1 9 3
2 0 6
3 7 11
t 133 16
m0 0 0
1 9 2
2 1 6
3 7 12
t 132 16
m0 0 0
1 9 3
2 0 6
3 7 11
t 131 16
m0 0 0
1 9 2
2 1 6
3 7 12
t 130 16
m0 0 0
1 9 3
2 0 6
3 7 11
t 129 16
m0 0 0
1 9 2
2 1 6
3 7 12
t 128 16
m0 0 0
1 9 3
2 0 6
3 7 11
t 127 16
m0 0 0
1 9 2
2 1 6
3 7 12
t 126 16
m0 0 0
1 9 3
2 0 6
3 7 11
t 125 16
m0 0 0
1 9 2
2 1 6
3 7 12
t 124 16
m0 0 0
1 9 3
2 0 6
3 7 11
t 123 16
m0 0 0
1 9 2
2 1 6
3 7 12
t 122 16
m0 0 0
1 9 3
2 0 6
3 7 11
t 121 16
m0 0 0
1 9 2
2 1 6
3 7 12
t 120 16
m0 0 0
1 9 3
2 0 6
3 7 11
t 119 16
m0 0 0
1 9 2
2 1 6
3 7 12
t 118 16
m0 0 0
1 9 3
2 0 6
3 7 11
t 117 16
m0 0 0
1 9 2
2 1 6
3 7 12
t 116 16
m0 0 0
1 9 3
2 0 6
3 7 11
t 115 16
m0 0 0
1 9 2
2 1 6
3 7 12
t 114 16
m0 0 0
1 9 3
2 0 6
3 7 11
t 113 16
m0 0 0
1 9 2
2 1 6
3 7 12
t 112 16
m0 0 0
1 9 3
2 0 6
3 7 11
t 111 16
m0 0 0
1 9 2
2 1 6
3 7 12
t 110 16
m0 0 0
1 9 3
2 0 6
3 7 11
t 109 16
m0 0 0
1 9 2
2 1 6
3 7 12
t 108 16
m0 0 0
1 9 3
2 0 6
3 7 11
t 107 16
m0 0 0
1 9 2
2 1 6
3 7 12
t 106 16
m0 0 0
1 9 3
2 0 6
3 7 11
t 105 16
m0 0 0
1 9 2
2 1 6
3 7 12
t 104 16
m0 0 0
1 9 3
2 0 6
3 7 11
t 103 16
m0 0 0
1 9 2
2 1 6
3 7 12
t 102 16
m0 0 0
1 9 3
2 0 6
3 7 11
t 101 16
m0 0 0
1 9 2
2 1 6
3 7 12
t 100 16
m0 0 0
1 9 3
2 0 6
3 7 11
t 99 16
m0 0 0
1 9 2
2 1 6
3 7 12
t 98 16
m0 0 0
1 9 3
2 0 6
3 7 11
t 97 16
m0 0 0
1 9 2
2 1 6
3 7 12
t 96 16
m0 0 0
1 9 3
2 0 6
3 7 11
t 95 16
m0 0 0
1 9 2
2 1 6
3 7 12
t 94 16
m0 0 0
1 9 3
2 0 6
3 7 11
t 93 16
m0 0 0
1 9 2
2 1 6
3 7 12
t 92 16
m0 0 0
1 9 3
2 0 6
3 7 11
t 91 16
m0 0 0
1 9 2
2 1 6
3 7 12
t 90 16
m0 0 0
1 9 3
2 0 6
3 7 11
t 89 16
m0 0 0
1 9 2
2 1 6
3 7 12
t 88 16
m0 0 0
1 9 3
2 0 6
3 7 11
t 87 16
m0 0 0
1 9 2
2 1 6
3 7 12
t 86 16
m0 0 0
1 9 3
2 0 6
3 7 11
t 85 16
m0 0 0
1 9 2
2 1 6
3 7 12
t 84 16
m0 0 0
1 9 3
2 0 6
3 7 11
t 83 16
m0 0 0
1 9 2
2 1 6
3 7 12
t 82 16
m0 0 0
1 9 3
2 0 6
3 7 11
t 81 16
m0 0 0
1 9 2
2 1 6
3 7 12
t 80 16
m0 0 0
1 9 3
2 0 6
3 7 11
t 79 16
m0 0 0
1 9 2
2 1 6
3 7 12
t 78 16
m0 0 0
1 9 3
2 0 6
3 7 11
t 77 16
m0 0 0
1 9 2
2 1 6
3 7 12
t 76 16
m0 0 0
1 9 3
2 0 6
3 7 11
t 75 16
m0 0 0
1 9 2
2 1 6
3 7 12
t 74 16
m0 0 0
1 9 3
2 0 6
3 7 11
t 73 16
m0 0 0
1 9 2
2 1 6
3 7 12
t 72 16
m0 0 0
1 9 3
2 0 6
3 7 11
t 71 16
m0 0 0
1 9 2
2 1 6
3 7 12
t 70 16
m0 0 0
1 9 3
2 0 6
3 7 11
t 69 16
m0 0 0
1 9 2
2 1 6
3 7 12
t 68 16
m0 0 0
1 9 3
2 0 6
3 7 11
t 67 16
m0 0 0
1 9 2
2 1 6
3 7 12
t 66 16
m0 0 0
1 9 3
2 0 6
3 7 11
t 65 16
m0 0 0
1 9 2
2 1 6
3 7 12
t 64 16
m0 0 0
1 9 3
2 0 6
3 7 11
t 63 16
m0 0 0
1 9 2
2 1 6
3 7 12
t 62 16
m0 0 0
1 9 3
2 0 6
3 7 11
t 61 16
m0 0 0
1 9 2
2 1 6
3 7 12
t 60 16
m0 0 0
1 9 3
2 0 6
3 7 11
t 59 16
m0 0 0
1 9 2
2 1 6
3 7 12
t 58 16
m0 0 0
1 9 3
2 0 6
3 7 11
t 57 16
m0 0 0
1 9 2
2 1 6
3 7 12
t 56 16
m0 0 0
1 9 3
2 0 6
3 7 11
t 55 16
m0 0 0
1 9 2
2 1 6
3 7 12
t 54 16
m0 0 0
1 9 3
2 0 6
3 7 11
t 53 16
m0 0 0
1 9 2
2 1 6
3 7 12
t 52 16
m0 0 0
1 9 3
2 0 6
3 7 11
t 51 16
m0 0 0
1 9 2
2 1 6
3 7 12
t 50 16
m0 0 0
1 9 3
2 0 6
3 7 11
t 49 16
m0 0 0
1 9 2
2 1 6
3 7 12
t 48 16
m0 0 0
1 9 3
2 0 6
3 7 11
t 47 16
m0 0 0
1 9 2
2 1 6
3 7 12
t 46 16
m0 0 0
1 9 3
2 0 6
3 7 11
t 45 16
m0 0 0
1 9 2
2 1 6
3 7 12
t 44 16
m0 0 0
1 9 3
2 0 6
3 7 11
t 43 16
m0 0 0
1 9 2
2 1 6
3 7 12
t 42 16
m0 0 0
1 9 3
2 0 6
3 7 11
t 41 16
m0 0 0
1 9 2
2 1 6
3 7 12
t 40 16
m0 0 0
1 9 3
2 0 6
3 7 11
t 39 16
m0 0 0
1 9 2
2 1 6
3 7 12
t 38 16
m0 0 0
1 9 3
2 0 6
3 7 11
t 37 16
m0 0 0
1 9 2
2 1 6
3 7 12
t 36 16
m0 0 0
1 9 3
2 0 6
3 7 11
t 35 16
m0 0 0
1 9 2
2 1 6
3 7 12
t 34 16
m0 0 0
1 9 3
2 0 6
3 7 11
t 33 16
m0 0 0
1 9 2
2 1 6
3 7 12
t 32 16
m0 0 0
1 9 3
2 0 6
3 7 11
t 31 16
m0 0 0
1 9 2
2 1 6
3 7 12
t 30 16
m0 0 0
1 9 3
2 0 6
3 7 11
t 29 16
m0 0 0
1 9 2
2 1 6
3 7 12
t 28 16
m0 0 0
1 9 3
2 0 6
3 7 11
t 27 16
m0 0 0
1 9 2
2 1 6
3 7 12
t 26 16
m0 0 0
1 9 3
2 0 6
3 7 11
t 25 16
m0 0 0
1 9 2
2 1 6
3 7 12
t 24 16
m0 0 0
1 9 3
2 0 6
3 7 11
t 23 16
m0 0 0
1 9 2
2 1 6
3 7 12
t 22 16
m0 0 0
1 9 3
2 0 6
3 7 11
t 21 16
m0 0 0
1 9 2
2 1 6
3 7 12
t 20 16
m0 0 0
1 9 3
2 0 6
3 7 11
t 19 16
m0 0 0
1 9 2
2 1 6
3 7 12
t 18 16
m0 0 0
1 9 3
2 0 6
3 7 11
t 17 16
m0 0 0
1 9 2
2 1 6
3 7 12
t 16 16
m0 0 0
1 9 3
2 0 6
3 7 11
t 15 16
m0 0 0
1 9 2
2 1 6
3 7 12
t 14 16
m0 0 0
1 9 3
2 0 6
3 7 11
t 13 16
m0 0 0
1 9 2
2 1 6
3 7 12
t 12 16
m0 0 0
1 9 3
2 0 6
3 7 11
t 11 16
m0 0 0
1 9 2
2 1 6
3 7 12
t 10 16
m0 0 0
1 9 3
2 0 6
3 7 11
t 9 16
m0 0 0
1 9 2
2 1 6
3 7 12
t 8 16
m0 0 0
1 9 3
2 0 6
3 7 11
t 7 16
m0 0 0
1 9 2
2 1 6
3 7 12
t 6 16
m0 0 0
1 9 3
2 0 6
3 7 11
t 5 16
m0 0 0
1 9 2
2 1 6
3 7 12
t 4 16
m0 0 0
1 9 3
2 0 6
3 7 11
t 3 16
m0 0 0
1 9 2
2 1 6
3 7 12
t 2 16
m0 0 0
1 9 3
2 0 6
3 7 11
t 1 16
m0 0 0
1 9 3
2 0 6
3 7 11
t 0 16
