10
15
w 4 7
w 8 13
w 6 6
w 4 8
w 9 8
w 5 13
w 3 11
w 3 7
w 5 1
w 7 2
w 1 2
w 2 9
w 8 1
w 7 6
w 6 10
w 1 14
w 1 5
w 9 11
w 1 10
w 8 6
w 7 14
w 0 0
w 3 13
w 9 10
w 2 3
w 1 9
w 6 5
w 7 9
w 0 1
w 3 5
w 8 3
w 3 1
w 9 9
w 1 8
w 4 3
w 7 8
w 0 2
p 5 9
p 6 9
p 1 3
p 9 1
p 5 6
p 2 8
p 8 0
p 7 7
p 2 1
p 0 7
p 4 12
p 6 2
p 0 10
p 7 11
p 8 5
p 3 14
p 4 0
p 9 0
p 3 3
p 5 5
p 5 12
p 4 13
p 0 11
p 5 0
p 0 4
p 2 2
p 1 1
p 6 4
p 3 2
p 5 4
p 2 6
p 7 1
p 6 11
p 1 13
p 8 11
p 7 5
p 0 5
p 4 2
p 6 12
p 0 8
p 4 11
p 2 7
p 9 13
p 7 0
p 5 10
p 4 6
p 6 8
p 9 2
p 1 12
p 7 13
p 2 11
p 0 13
p 3 8
p 0 6
p 8 8
p 8 4
m0 0 14
1 9 0
2 9 0
3 9 0
t 300 0
m0 0 14
1 8 0
2 9 1
3 9 1
t 299 0
m0 0 14
1 7 0
2 9 0
3 9 0
t 298 0
m0 0 14
1 7 1
2 8 0
3 8 0
t 297 0
m0 0 14
1 7 0
2 9 0
3 9 0
t 296 0
m0 0 14
1 8 0
2 8 0
3 8 0
t 295 0
m0 0 14
1 7 0
2 9 0
3 9 0
t 294 0
m0 0 14
1 6 0
2 9 1
3 8 0
t 293 0
m0 0 14
1 5 0
2 9 2
3 7 0
f 0 9
t 292 0
m0 0 14
1 6 0
2 9 3
3 7 1
t 291 0
m0 0 13
1 7 0
2 9 4
3 6 1
t 290 1
m0 0 12
1 7 1
2 9 3
3 7 1
t 289 1
m0 0 11
1 6 1
2 9 2
3 7 0
t 288 2
m0 0 11
1 6 0
2 9 1
3 6 0
t 287 2
m0 0 11
1 6 1
2 9 2
3 6 1
t 286 2
m0 0 12
1 7 1
2 9 1
3 7 1
t 285 2
m0 0 11
1 7 0
2 9 2
3 7 0
t 284 2
m0 0 10
1 8 0
2 9 1
3 7 1
t 283 3
m0 0 9
1 7 0
2 9 2
3 6 1
t 282 13
m0 0 8
1 6 0
2 9 3
3 6 0
t 281 14
m0 0 7
1 6 1
2 9 2
3 7 0
t 280 15
m0 1 7
1 6 0
2 9 1
3 7 1
t 279 15
m0 1 7
1 5 0
2 9 2
3 6 1
t 278 15
m0 0 7
1 6 0
2 9 3
3 6 0
t 277 15
m0 0 8
1 5 0
2 9 2
3 7 0
t 276 15
m0 0 8
1 4 0
2 8 2
3 6 0
t 275 15
m0 0 9
1 3 0
2 9 2
3 6 1
t 274 15
m0 0 10
1 4 0
2 9 1
3 7 1
t 273 15
m0 0 10
1 5 0
2 9 0
3 6 1
t 272 15
m0 0 10
1 4 0
2 9 1
3 6 0
t 271 15
m0 0 9
1 4 1
2 9 0
3 7 0
t 270 15
m0 0 10
1 4 0
2 9 1
3 6 0
t 269 15
m0 0 10
1 5 0
2 9 0
3 5 0
t 268 15
m0 0 10
1 4 0
2 8 0
3 4 0
t 267 15
m0 0 10
1 5 0
2 7 0
3 3 0
t 266 15
m0 0 10
1 4 0
2 7 1
3 4 0
t 265 15
m0 0 10
1 5 0
2 7 0
3 4 1
t 264 15
m0 0 9
1 4 0
2 7 1
3 4 2
f 0 12
t 263 15
m0 0 8
1 3 0
2 7 0
3 4 1
t 262 15
m0 0 8
1 2 0
2 7 1
3 4 2
t 261 15
m0 0 9
1 1 0
2 7 0
3 4 1
t 260 15
m0 0 8
1 1 1
2 8 0
3 4 2
t 259 15
m0 0 8
1 1 0
2 9 0
3 4 1
t 258 15
m0 0 9
1 2 0
2 9 1
3 4 2
t 257 15
m0 0 10
1 2 1
2 9 0
3 4 1
t 256 15
m0 0 9
1 2 2
2 8 0
3 4 0
t 255 15
m0 0 9
1 3 2
2 7 0
3 4 1
t 254 15
m0 0 10
1 3 3
2 8 0
3 4 2
t 253 15
m0 0 9
1 3 2
2 9 0
3 5 2
t 252 15
m0 0 9
1 4 2
2 9 1
3 6 2
t 251 15
m0 0 9
1 3 2
2 9 2
3 6 1
t 250 15
m0 0 9
1 2 2
2 9 3
3 6 0
t 249 15
m0 0 8
1 3 2
2 9 2
3 7 0
t 248 15
m0 0 8
1 3 3
2 8 2
3 6 0
t 247 15
m0 0 8
1 3 4
2 9 2
3 5 0
t 246 15
m0 0 7
1 3 3
2 9 1
3 6 0
t 245 15
m0 1 7
1 3 4
2 9 2
3 5 0
t 244 15
m0 1 6
1 4 4
2 9 1
3 4 0
t 243 15
m0 1 7
1 5 4
2 9 0
3 5 0
t 242 15
m0 1 6
1 5 3
2 8 0
3 4 0
t 241 15
m0 2 6
1 6 3
2 9 0
3 3 0
t 240 16
m0 2 6
1 7 3
2 8 0
3 2 0
t 239 16
m0 2 6
1 6 3
2 9 0
3 1 0
t 238 16
m0 2 6
1 7 3
2 9 1
3 2 0
t 237 16
m0 2 7
1 6 3
2 9 2
3 1 0
t 236 17
m0 2 7
1 6 4
2 9 1
3 1 1
t 235 17
m0 2 6
1 7 4
2 9 2
3 1 0
t 234 17
m0 1 6
1 8 4
2 9 1
3 2 0
t 233 17
m0 0 6
1 8 5
2 9 0
3 3 0
t 232 18
m0 0 5
1 7 5
2 8 0
3 4 0
t 231 19
m0 0 6
1 8 5
2 9 0
3 4 1
t 230 19
m0 0 6
1 8 4
2 8 0
3 4 2
t 229 19
m0 1 6
1 8 5
2 9 0
3 5 2
t 228 19
m0 1 7
1 7 5
2 8 0
3 4 2
t 227 19
m0 0 7
1 7 4
2 7 0
3 3 2
t 226 19
m0 0 8
1 7 5
2 6 0
3 2 2
t 225 19
m0 0 8
1 8 5
2 5 0
3 2 1
t 224 19
m0 0 8
1 9 5
2 6 0
3 2 0
t 223 19
m0 0 9
1 9 4
2 7 0
3 3 0
t 222 19
m0 0 8
1 9 5
2 8 0
3 4 0
t 221 19
m0 0 7
1 9 6
2 7 0
3 4 1
t 220 19
m0 1 7
1 9 5
2 8 0
3 4 2
t 219 19
m0 2 7
1 9 6
2 9 0
3 4 1
t 218 19
m0 2 8
1 9 5
2 8 0
3 4 2
t 217 20
m0 3 8
1 9 4
2 9 0
3 3 2
t 216 21
m0 3 9
1 8 4
2 9 1
3 2 2
t 215 21
m0 3 8
1 9 4
2 9 0
3 2 1
t 214 21
m0 3 9
1 8 4
2 8 0
3 1 1
t 213 21
m0 3 8
1 9 4
2 9 0
3 1 0
t 212 21
m0 2 8
1 9 5
2 9 1
3 2 0
t 211 21
m0 3 8
1 9 6
2 9 0
3 1 0
t 210 21
m0 3 8
1 9 7
2 8 0
3 2 0
t 209 21
m0 2 8
1 9 6
2 9 0
3 1 0
t 208 21
m0 2 8
1 9 7
2 8 0
3 1 1
t 207 21
m0 3 8
1 9 6
2 9 0
3 1 0
t 206 21
m0 3 9
1 9 5
2 9 1
3 2 0
t 205 21
m0 3 9
1 9 4
2 9 0
3 1 0
t 204 21
m0 3 10
1 8 4
2 8 0
3 1 1
t 203 21
m0 3 9
1 8 5
2 7 0
3 1 0
t 202 21
m0 4 9
1 9 5
2 8 0
3 1 1
t 201 21
m0 3 9
1 9 4
2 9 0
3 2 1
t 200 21
m0 3 9
1 9 3
2 8 0
3 1 1
t 199 21
m0 4 9
1 9 2
2 9 0
3 2 1
t 198 21
m0 4 10
1 9 3
2 9 1
3 1 1
t 197 21
m0 5 10
1 9 2
2 9 0
3 1 0
t 196 22
m0 5 9
1 8 2
2 9 1
3 2 0
t 195 23
m0 5 8
1 9 2
2 9 2
3 1 0
t 194 23
m0 5 8
1 8 2
2 9 1
3 2 0
t 193 23
m0 5 7
1 9 2
2 9 0
3 1 0
t 192 23
m0 5 8
1 9 1
2 9 1
3 1 1
t 191 23
m0 5 8
1 9 2
2 9 0
3 1 0
t 190 23
m0 5 9
1 9 1
2 8 0
3 2 0
t 189 23
m0 4 9
1 9 0
2 9 0
3 1 0
t 188 23
m0 5 9
1 8 0
2 8 0
3 1 1
t 187 23
m0 5 9
1 9 0
2 9 0
3 1 0
t 186 23
m0 5 10
1 9 1
2 8 0
3 2 0
t 185 23
m0 5 10
1 9 0
2 9 0
3 3 0
t 184 23
m0 5 11
1 9 1
2 9 1
3 2 0
t 183 23
m0 4 11
1 9 0
2 9 0
3 1 0
t 182 24
m0 4 10
1 8 0
2 9 1
3 1 1
t 181 24
m0 4 11
1 7 0
2 9 0
3 1 0
t 180 24
m0 4 12
1 7 1
2 9 1
3 1 1
t 179 25
m0 4 11
1 7 0
2 9 0
3 2 1
t 178 25
m0 5 11
1 8 0
2 9 1
3 2 2
t 177 25
m0 5 12
1 7 0
2 9 2
3 2 1
t 176 26
m0 4 12
1 8 0
2 9 3
3 2 0
t 175 26
m0 4 12
1 7 0
2 9 4
3 1 0
t 174 26
m0 3 12
1 8 0
2 9 3
3 2 0
t 173 26
m0 2 12
1 9 0
2 9 2
3 2 1
t 172 26
m0 3 12
1 8 0
2 9 1
3 2 2
t 171 26
m0 4 12
1 9 0
2 9 2
3 2 1
t 170 26
m0 3 12
1 9 1
2 9 3
3 2 2
t 169 26
m0 4 12
1 9 0
2 9 2
3 3 2
t 168 26
m0 4 12
1 9 1
2 9 3
3 2 2
t 167 26
m0 3 12
1 9 2
2 9 2
3 2 1
t 166 26
m0 4 12
1 8 2
2 9 3
3 1 1
t 165 26
m0 4 12
1 9 2
2 9 4
3 1 0
t 164 26
m0 4 11
1 9 1
2 9 3
3 1 1
t 163 26
m0 4 11
1 9 0
2 9 4
3 1 0
t 162 26
m0 4 11
1 8 0
2 9 3
3 2 0
t 161 26
m0 4 11
1 9 0
2 9 4
3 1 0
t 160 26
m0 4 11
1 8 0
2 9 3
3 1 1
t 159 26
m0 4 12
1 9 0
2 9 2
3 2 1
t 158 26
m0 4 13
1 8 0
2 9 1
3 1 1
t 157 27
m0 4 14
1 7 0
2 9 0
3 1 0
t 156 27
m0 5 14
1 8 0
2 8 0
3 1 1
t 155 27
m0 6 14
1 7 0
2 7 0
3 1 0
t 154 27
m0 5 14
1 8 0
2 8 0
3 1 1
t 153 27
m0 5 14
1 9 0
2 7 0
3 2 1
t 152 27
m0 6 14
1 9 1
2 7 1
3 2 2
t 151 27
m0 6 13
1 9 0
2 6 1
3 3 2
t 150 27
m0 7 13
1 8 0
2 6 0
3 3 3
t 149 28
m0 7 12
1 9 0
2 5 0
3 3 4
t 148 28
m0 7 11
1 8 0
2 4 0
3 3 3
t 147 29
m0 7 12
1 9 0
2 5 0
3 3 4
t 146 29
m0 6 12
1 9 1
2 6 0
3 2 4
t 145 30
m0 5 12
1 9 2
2 7 0
3 1 4
t 144 30
m0 5 12
1 9 3
2 6 0
3 0 4
t 143 30
m0 5 12
1 9 2
2 5 0
3 0 3
t 142 30
m0 5 11
1 8 2
2 6 0
3 0 4
t 141 30
m0 5 11
1 9 2
2 6 1
3 0 3
t 140 30
m0 6 11
1 9 1
2 6 2
3 0 4
t 139 31
m0 5 11
1 9 0
2 5 2
3 0 3
t 138 31
m0 5 11
1 9 1
2 5 3
3 0 4
t 137 31
m0 4 11
1 9 0
2 6 3
3 0 3
t 136 31
m0 4 10
1 9 1
2 6 2
3 0 4
t 135 31
m0 3 10
1 9 0
2 6 3
3 0 5
t 134 31
m0 3 9
1 8 0
2 6 4
3 0 6
t 133 31
m0 3 10
1 9 0
2 6 3
3 0 7
t 132 31
m0 3 9
1 9 1
2 6 2
3 1 7
t 131 31
m0 4 9
1 9 0
2 6 1
3 0 7
t 130 31
m0 3 9
1 8 0
2 6 2
3 1 7
t 129 31
m0 3 8
1 9 0
2 6 1
3 1 6
t 128 31
m0 2 8
1 9 1
2 7 1
3 0 6
t 127 31
m0 2 8
1 9 0
2 7 0
3 0 7
t 126 31
m0 2 8
1 9 1
2 7 1
3 0 8
t 125 31
m0 3 8
1 9 0
2 7 0
3 0 7
t 124 31
m0 3 9
1 8 0
2 6 0
3 0 6
t 123 31
m0 3 10
1 9 0
2 6 1
3 0 7
t 122 31
m0 3 9
1 8 0
2 6 0
3 0 6
t 121 31
m0 3 9
1 7 0
2 6 1
3 1 6
t 120 31
m0 3 10
1 7 1
2 6 0
3 0 6
t 119 31
m0 2 10
1 6 1
2 5 0
3 0 5
t 118 31
m0 2 10
1 6 2
2 6 0
3 0 4
t 117 31
m0 2 11
1 5 2
2 7 0
3 0 3
t 116 32
m0 2 11
1 4 2
2 6 0
3 0 4
t 115 32
m0 1 11
1 5 2
2 6 1
3 0 5
t 114 32
m0 2 11
1 6 2
2 7 1
3 0 4
t 113 32
m0 2 12
1 6 1
2 6 1
3 0 3
t 112 32
m0 2 12
1 6 2
2 7 1
3 0 4
t 111 32
m0 2 12
1 6 1
2 6 1
3 0 5
t 110 32
m0 2 11
1 7 1
2 6 2
3 0 4
t 109 32
m0 2 12
1 6 1
2 6 3
3 1 4
t 108 32
m0 2 12
1 6 2
2 5 3
3 0 4
t 107 32
m0 1 12
1 6 1
2 6 3
3 0 3
t 106 33
m0 0 12
1 6 0
2 5 3
3 1 3
t 105 43
m0 0 11
1 7 0
2 6 3
3 1 4
t 104 43
m0 1 11
1 7 1
2 6 4
3 0 4
t 103 43
m0 0 11
1 7 0
2 7 4
3 0 3
t 102 43
m0 0 11
1 7 1
2 8 4
3 1 3
f 2 5
t 101 43
m0 0 10
1 6 1
2 7 4
3 0 3
t 100 43
m0 0 10
1 6 0
2 7 3
3 0 4
t 99 43
m0 0 10
1 5 0
2 7 4
3 0 3
t 98 43
m0 0 10
1 6 0
2 8 4
3 1 3
t 97 43
m0 0 11
1 7 0
2 8 5
3 0 3
t 96 43
m0 0 12
1 6 0
2 7 5
3 1 3
t 95 43
m0 0 12
1 7 0
2 7 4
3 1 4
t 94 43
m0 1 12
1 7 1
2 7 3
3 0 4
t 93 43
m0 2 12
1 7 0
2 6 3
3 0 5
t 92 43
m0 3 12
1 7 1
2 6 2
3 0 6
t 91 43
m0 2 12
1 6 1
2 6 1
3 1 6
t 90 43
m0 2 12
1 7 1
2 7 1
3 1 7
t 89 43
m0 3 12
1 6 1
2 6 1
3 1 6
t 88 43
m0 2 12
1 7 1
2 6 0
3 1 7
t 87 43
m0 2 13
1 7 0
2 5 0
3 1 6
t 86 43
m0 1 13
1 8 0
2 4 0
3 1 7
t 85 44
m0 1 12
1 7 0
2 4 1
3 0 7
t 84 44
m0 0 12
1 7 1
2 4 0
3 1 7
t 83 44
m0 0 11
1 7 0
2 5 0
3 1 6
t 82 44
m0 1 11
1 8 0
2 4 0
3 0 6
t 81 44
m0 0 11
1 9 0
2 4 1
3 1 6
t 80 44
m0 1 11
1 8 0
2 4 2
3 0 6
t 79 44
m0 0 11
1 9 0
2 3 2
3 1 6
t 78 44
m0 0 10
1 9 1
2 3 3
3 2 6
t 77 44
m0 0 9
1 9 0
2 3 2
3 1 6
t 76 44
m0 0 10
1 9 1
2 3 3
3 2 6
t 75 44
m0 0 11
1 9 0
2 3 4
3 3 6
t 74 44
m0 1 11
1 9 1
2 2 4
3 4 6
t 73 44
m0 2 11
1 9 0
2 1 4
3 5 6
t 72 44
m0 2 11
1 9 1
2 1 3
3 5 7
t 71 44
m0 2 10
1 9 0
2 0 3
3 6 7
t 70 44
m0 3 10
1 8 0
2 1 3
3 6 8
t 69 44
m0 2 10
1 9 0
2 0 3
3 5 8
t 68 44
m0 2 10
1 8 0
2 0 4
3 6 8
t 67 44
m0 3 10
1 9 0
2 0 3
3 6 7
t 66 44
m0 3 10
1 9 1
2 1 3
3 6 8
t 65 44
m0 3 9
1 9 0
2 0 3
3 6 7
t 64 44
m0 3 8
1 8 0
2 1 3
3 6 8
t 63 44
m0 3 8
1 9 0
2 0 3
3 6 7
t 62 44
m0 3 8
1 8 0
2 1 3
3 6 8
t 61 44
m0 2 8
1 9 0
2 0 3
3 6 9
t 60 44
m0 3 8
1 9 1
2 1 3
3 6 8
t 59 44
m0 2 8
1 9 0
2 0 3
3 6 7
t 58 44
m0 3 8
1 8 0
2 0 4
3 7 7
t 57 44
m0 3 8
1 9 0
2 0 3
3 6 7
t 56 44
m0 3 9
1 8 0
2 1 3
3 6 8
t 55 44
m0 4 9
1 9 0
2 0 3
3 5 8
t 54 44
m0 3 9
1 9 1
2 0 4
3 5 7
t 53 44
m0 3 8
1 9 0
2 0 3
3 6 7
t 52 44
m0 2 8
1 8 0
2 1 3
3 7 7
t 51 44
m0 2 7
1 9 0
2 0 3
3 8 7
t 50 44
m0 2 8
1 8 0
2 0 4
3 9 7
t 49 44
m0 2 8
1 9 0
2 0 3
3 9 6
t 48 44
m0 2 7
1 8 0
2 0 4
3 9 7
t 47 44
m0 2 6
1 9 0
2 0 3
3 8 7
t 46 44
m0 2 5
1 8 0
2 1 3
3 9 7
t 45 54
m0 2 5
1 7 0
2 0 3
3 9 6
t 44 54
m0 2 5
1 6 0
2 1 3
3 9 7
t 43 54
m0 2 5
1 7 0
2 0 3
3 9 6
t 42 54
m0 2 5
1 6 0
2 0 4
3 9 7
t 41 54
m0 2 4
1 7 0
2 0 5
3 8 7
f 1 7
t 40 54
m0 3 4
1 6 0
2 0 4
3 8 8
t 39 54
m0 3 4
1 6 1
2 0 5
3 8 9
t 38 54
m0 3 4
1 7 1
2 0 4
3 8 10
t 37 54
m0 3 3
1 7 0
2 0 5
3 8 11
t 36 55
m0 3 3
1 8 0
2 0 4
3 8 12
t 35 55
m0 3 4
1 7 0
2 0 3
3 9 12
t 34 55
m0 3 3
1 8 0
2 0 4
3 9 13
t 33 55
m0 3 2
1 9 0
2 0 3
3 9 14
t 32 56
m0 2 2
1 8 0
2 0 4
3 9 13
t 31 57
m0 2 1
1 9 0
2 1 4
3 9 14
t 30 58
m0 2 0
1 9 1
2 1 3
3 9 13
t 29 58
m0 2 1
1 9 2
2 1 4
3 9 12
t 28 58
m0 2 2
1 9 1
2 0 4
3 9 13
t 27 58
m0 3 2
1 9 0
2 0 5
3 9 14
t 26 58
m0 3 2
1 9 1
2 0 6
3 9 13
t 25 58
m0 4 2
1 9 0
2 0 5
3 9 14
t 24 59
m0 3 2
1 8 0
2 0 4
3 8 14
t 23 59
m0 3 3
1 7 0
2 0 5
3 9 14
t 22 59
m0 3 3
1 8 0
2 0 6
3 9 13
t 21 59
m0 3 3
1 9 0
2 0 5
3 9 14
t 20 59
m0 3 2
1 9 1
2 0 6
3 8 14
t 19 59
m0 2 2
1 9 2
2 0 7
3 9 14
t 18 59
m0 2 2
1 9 1
2 0 8
3 8 14
t 17 59
m0 2 2
1 9 0
2 0 9
3 9 14
t 16 59
m0 2 1
1 8 0
2 0 10
3 9 13
t 15 59
m0 2 0
1 9 0
2 0 9
3 9 14
t 14 59
m0 2 0
1 8 0
2 0 8
3 9 13
t 13 59
m0 2 1
1 9 0
2 0 9
3 9 12
t 12 59
m0 2 0
1 9 1
2 0 8
3 9 13
t 11 59
m0 2 0
1 9 2
2 0 9
3 9 12
t 10 59
m0 1 0
1 9 1
2 0 8
3 9 13
t 9 59
m0 2 0
1 9 2
2 0 9
3 9 12
t 8 59
m0 2 1
1 8 2
2 0 8
3 8 12
t 7 59
m0 2 0
1 9 2
2 0 9
3 8 11
t 6 59
m0 3 0
1 9 1
2 0 10
3 8 12
t 5 59
m0 4 0
1 9 0
2 0 9
3 8 11
t 4 60
m0 5 0
1 9 1
2 0 8
3 8 12
t 3 61
m0 5 0
1 9 0
2 0 9
3 9 12
t 2 61
m0 4 0
1 8 0
2 0 8
3 9 13
t 1 61
m0 5 0
1 8 0
2 0 8
3 9 13
t 0 61
