10
15
w 5 9
w 1 3
w 8 13
w 3 0
w 9 8
w 7 7
w 7 11
w 2 5
w 8 5
w 4 0
w 6 7
w 5 5
w 4 4
w 4 13
w 5 0
w 6 4
w 0 0
w 5 11
w 7 1
w 4 5
w 8 11
w 3 9
w 0 5
w 1 9
w 4 2
w 2 14
w 6 5
w 0 1
w 9 2
w 5 7
w 2 11
w 3 8
w 2 0
w 6 13
w 1 7
w 5 2
w 8 4
p 4 7
p 6 9
p 9 1
p 4 8
p 5 6
p 2 8
p 8 0
p 5 13
p 0 7
p 6 2
p 4 12
p 2 12
p 9 4
p 5 1
p 3 7
p 0 3
p 1 11
p 2 4
p 3 14
p 5 8
p 8 14
p 9 0
p 4 9
p 3 3
p 8 1
p 5 12
p 1 14
p 1 5
p 0 11
p 2 13
p 7 10
p 2 2
p 0 4
p 8 6
p 9 7
p 3 2
p 5 4
p 8 2
p 1 13
p 1 4
p 0 12
p 8 7
p 0 8
p 9 6
p 8 3
p 3 12
p 1 12
p 8 12
p 6 1
p 3 1
p 7 4
p 1 8
p 8 8
p 0 9
p 7 8
p 0 2
m0 0 14
1 9 0
2 9 0
3 9 0
t 300 0
m0 1 14
1 8 0
2 8 0
3 8 0
t 299 1
m0 1 13
1 7 0
2 7 0
3 7 0
f 7 3
t 298 2
m0 2 13
1 6 0
2 6 0
3 6 0
t 297 3
m0 2 12
1 6 1
2 6 1
3 6 1
t 296 4
m0 3 12
1 5 1
2 5 1
3 5 1
t 295 5
m0 4 12
1 4 1
2 4 1
3 4 1
t 294 6
m0 5 12
1 5 1
2 5 1
3 5 1
t 293 7
m0 5 13
1 6 1
2 6 1
3 6 1
t 292 8
m0 5 14
1 5 1
2 5 1
3 5 1
t 291 8
m0 4 14
1 4 1
2 4 1
3 4 1
t 290 8
m0 3 14
1 3 1
2 3 1
3 3 1
t 289 9
m0 3 13
1 3 2
2 3 2
3 3 2
t 288 9
m0 2 13
1 2 2
2 2 2
3 2 2
t 287 9
m0 1 13
1 1 2
2 1 2
3 1 2
t 286 9
m0 1 12
1 2 2
2 2 2
3 2 2
t 285 10
m0 1 11
1 1 2
2 1 2
3 1 2
t 284 11
m0 0 11
1 0 2
2 0 2
3 0 2
t 283 12
m0 0 12
1 0 3
2 0 3
3 0 3
t 282 13
m0 0 11
1 0 4
2 0 4
3 0 4
t 281 13
m0 0 10
1 1 4
2 1 4
3 1 4
t 280 13
m0 0 9
1 0 4
2 0 4
3 0 4
t 279 14
m0 0 8
1 1 4
2 1 4
3 1 4
t 278 15
m0 1 8
1 1 5
2 1 5
3 1 5
t 277 16
m0 2 8
1 1 6
2 1 6
3 1 6
t 276 17
m0 2 7
1 2 6
2 2 6
3 2 6
t 275 17
m0 3 7
1 3 6
2 3 6
3 3 6
t 274 18
m0 4 7
1 4 6
2 4 6
3 4 6
t 273 19
m0 4 8
1 4 7
2 4 7
3 4 7
t 272 20
m0 5 8
1 4 8
2 4 8
3 4 8
t 271 21
m0 6 8
1 5 8
2 5 8
3 5 8
t 270 21
m0 7 8
1 6 8
2 6 8
3 6 8
t 269 22
m0 8 8
1 7 8
2 7 8
3 7 8
t 268 23
m0 8 7
1 8 8
2 8 8
3 8 8
t 267 24
m0 9 7
1 8 7
2 8 7
3 8 7
t 266 25
m0 9 6
1 9 7
2 9 7
3 9 7
t 265 26
m0 8 6
1 9 6
2 9 6
3 9 6
t 264 27
m0 7 6
1 8 6
2 8 6
3 8 6
t 263 27
m0 7 5
1 7 6
2 7 6
3 7 6
t 262 27
m0 7 4
1 7 5
2 7 5
3 7 5
t 261 28
m0 7 3
1 7 4
2 7 4
3 7 4
t 260 38
m0 8 3
1 7 3
2 7 3
3 7 3
t 259 39
m0 8 2
1 8 3
2 8 3
3 8 3
t 258 40
m0 8 1
1 8 2
2 8 2
3 8 2
t 257 41
m0 9 1
1 8 1
2 8 1
3 8 1
t 256 42
m0 9 0
1 9 1
2 9 1
3 9 1
t 255 43
m0 8 0
1 9 0
2 9 0
3 9 0
t 254 44
m0 7 0
1 8 0
2 8 0
3 8 0
f 9 6
t 253 44
m0 6 0
1 7 0
2 7 0
3 7 0
t 252 44
m0 6 1
1 6 0
2 6 0
3 6 0
t 251 45
m0 5 1
1 6 1
2 6 1
3 6 1
t 250 46
m0 4 1
1 5 1
2 5 1
3 5 1
t 249 46
m0 3 1
1 4 1
2 4 1
3 4 1
t 248 47
m0 3 2
1 3 1
2 3 1
3 3 1
t 247 48
m0 2 2
1 2 1
2 2 1
3 2 1
t 246 49
m0 3 2
1 3 1
2 3 1
3 3 1
t 245 49
m0 3 3
1 3 2
2 3 2
3 3 2
t 244 50
m0 2 3
1 2 2
2 2 2
3 2 2
t 243 50
m0 2 4
1 2 3
2 2 3
3 2 3
t 242 51
m0 1 4
1 2 4
2 2 4
3 2 4
t 241 52
m0 0 4
1 1 4
2 1 4
3 1 4
t 240 53
m0 0 3
1 0 4
2 0 4
3 0 4
t 239 54
m0 0 2
1 0 3
2 0 3
3 0 3
t 238 55
m0 1 2
1 0 2
2 0 2
3 0 2
t 237 55
m0 2 2
1 1 2
2 1 2
3 1 2
t 236 55
m0 3 2
1 2 2
2 2 2
3 2 2
t 235 55
m0 3 3
1 3 2
2 3 2
3 3 2
t 234 55
m0 4 3
1 3 3
2 3 3
3 3 3
t 233 55
m0 5 3
1 4 3
2 4 3
3 4 3
t 232 55
m0 5 4
1 5 3
2 5 3
3 5 3
t 231 56
m0 -5 -5
1 5 4
2 5 4
3 5 4
t 230 56
