10
15
w 6 9
w 4 8
w 6 6
w 3 11
w 2 1
w 6 2
w 5 1
w 0 3
w 7 2
w 5 5
w 6 10
w 4 4
w 4 13
w 3 6
w 0 4
w 8 6
w 9 7
w 5 11
w 1 13
w 8 11
w 4 14
w 1 4
w 0 5
w 1 9
w 4 2
w 1 0
w 2 14
w 2 7
w 7 0
w 1 12
w 8 12
w 9 2
w 5 7
w 9 9
w 7 4
w 0 6
w 0 9
p 7 3
p 1 3
p 8 13
p 9 1
p 7 12
p 3 0
p 9 8
p 8 0
p 0 2
p 7 7
p 4 12
p 2 12
p 0 10
p 3 7
p 2 5
p 8 5
p 5 8
p 3 14
p 4 0
p 9 0
p 6 7
p 2 9
p 8 1
p 5 12
p 7 6
p 1 14
p 8 10
p 2 13
p 0 11
p 7 10
p 1 10
p 4 1
p 1 1
p 0 0
p 9 14
p 7 1
p 6 11
p 5 2
p 6 0
p 0 12
p 9 10
p 3 9
p 6 12
p 9 6
p 5 3
p 0 1
p 3 5
p 7 13
p 2 11
p 3 1
p 5 14
p 1 8
p 6 13
p 4 3
p 7 8
p 2 4
m0 0 14
1 9 0
2 9 0
3 9 0
t 300 0
m0 1 14
1 8 0
2 8 0
3 8 0
t 299 1
m0 1 14
1 9 0
2 9 0
3 9 0
t 298 1
m0 1 14
1 8 0
2 8 0
3 8 0
t 297 1
m0 1 14
1 9 0
2 9 0
3 9 0
t 296 1
m0 1 14
1 8 0
2 8 0
3 8 0
t 295 1
m0 1 14
1 9 0
2 9 0
3 9 0
t 294 1
m0 1 14
1 8 0
2 8 0
3 8 0
t 293 1
m0 1 14
1 9 0
2 9 0
3 9 0
t 292 1
m0 1 14
1 8 0
2 8 0
3 8 0
t 291 1
m0 1 14
1 9 0
2 9 0
3 9 0
t 290 1
m0 1 14
1 8 0
2 8 0
3 8 0
t 289 1
m0 1 14
1 9 0
2 9 0
3 9 0
t 288 1
m0 1 14
1 8 0
2 8 0
3 8 0
t 287 1
m0 1 14
1 9 0
2 9 0
3 9 0
t 286 1
m0 1 14
1 8 0
2 8 0
3 8 0
t 285 1
m0 1 14
1 9 0
2 9 0
3 9 0
t 284 1
m0 1 14
1 8 0
2 8 0
3 8 0
t 283 1
m0 1 14
1 9 0
2 9 0
3 9 0
t 282 1
m0 1 14
1 8 0
2 8 0
3 8 0
t 281 1
m0 1 14
1 9 0
2 9 0
3 9 0
f 6 5
t 280 1
m0 0 14
1 8 0
2 8 0
3 8 0
t 279 1
m0 0 13
1 9 0
2 9 0
3 9 0
t 278 1
m0 0 12
1 8 0
2 8 0
3 8 0
t 277 2
m0 0 12
1 9 0
2 9 0
3 9 0
t 276 2
m0 0 11
1 8 0
2 8 0
3 8 0
t 275 3
m0 1 11
1 9 0
2 9 0
3 9 0
t 274 3
m0 1 11
1 8 0
2 8 0
3 8 0
t 273 3
m0 2 11
1 9 0
2 9 0
3 9 0
t 272 4
m0 2 12
1 8 0
2 8 0
3 8 0
t 271 5
m0 2 12
1 9 0
2 9 0
3 9 0
t 270 5
m0 2 13
1 8 0
2 8 0
3 8 0
t 269 6
m0 2 13
1 9 0
2 9 0
3 9 0
t 268 6
m0 3 13
1 8 0
2 8 0
3 8 0
t 267 6
m0 3 13
1 9 0
2 9 0
3 9 0
t 266 6
m0 3 12
1 8 0
2 8 0
3 8 0
t 265 6
m0 3 12
1 9 0
2 9 0
3 9 0
t 264 6
m0 3 12
1 8 0
2 8 0
3 8 0
t 263 6
m0 3 12
1 9 0
2 9 0
3 9 0
t 262 6
m0 4 12
1 8 0
2 8 0
3 8 0
t 261 7
m0 5 12
1 9 0
2 9 0
3 9 0
t 260 8
m0 4 12
1 8 0
2 8 0
3 8 0
t 259 8
m0 4 12
1 9 0
2 9 0
3 9 0
t 258 8
m0 5 12
1 8 0
2 8 0
3 8 0
t 257 8
m0 5 13
1 9 0
2 9 0
3 9 0
t 256 8
m0 5 13
1 8 0
2 8 0
3 8 0
t 255 8
m0 5 14
1 9 0
2 9 0
3 9 0
t 254 9
m0 6 14
1 8 0
2 8 0
3 8 0
t 253 9
m0 7 14
1 9 0
2 9 0
3 9 0
t 252 9
m0 7 13
1 8 0
2 8 0
3 8 0
t 251 10
m0 8 13
1 9 0
2 9 0
3 9 0
t 250 11
m0 8 13
1 8 0
2 8 0
3 8 0
t 249 11
m0 8 13
1 9 0
2 9 0
3 9 0
t 248 11
m0 7 13
1 8 0
2 8 0
3 8 0
t 247 11
m0 7 14
1 9 0
2 9 0
3 9 0
t 246 11
m0 8 14
1 8 0
2 8 0
3 8 0
t 245 11
m0 8 14
1 9 0
2 9 0
3 9 0
t 244 11
m0 8 13
1 8 0
2 8 0
3 8 0
t 243 11
m0 8 14
1 9 0
2 9 0
3 9 0
t 242 11
m0 9 14
1 8 0
2 8 0
3 8 0
t 241 12
m0 8 14
1 9 0
2 9 0
3 9 0
t 240 12
m0 8 13
1 8 0
2 8 0
3 8 0
t 239 12
m0 8 14
1 9 0
2 9 0
3 9 0
t 238 12
m0 9 14
1 8 0
2 8 0
3 8 0
t 237 12
m0 9 14
1 9 0
2 9 0
3 9 0
t 236 12
m0 9 13
1 8 0
2 8 0
3 8 0
t 235 12
m0 8 13
1 9 0
2 9 0
3 9 0
t 234 12
m0 9 13
1 8 0
2 8 0
3 8 0
t 233 12
m0 9 12
1 9 0
2 9 0
3 9 0
t 232 12
m0 9 11
1 8 0
2 8 0
3 8 0
t 231 12
m0 9 10
1 9 0
2 9 0
3 9 0
t 230 13
m0 8 10
1 8 0
2 8 0
3 8 0
t 229 14
m0 7 10
1 9 0
2 9 0
3 9 0
t 228 15
m0 7 11
1 8 0
2 8 0
3 8 0
t 227 15
m0 7 10
1 9 0
2 9 0
3 9 0
t 226 15
m0 7 11
1 8 0
2 8 0
3 8 0
t 225 15
m0 7 10
1 9 0
2 9 0
3 9 0
t 224 15
m0 7 9
1 8 0
2 8 0
3 8 0
t 223 15
m0 7 10
1 9 0
2 9 0
3 9 0
t 222 15
m0 7 10
1 8 0
2 8 0
3 8 0
t 221 15
m0 7 10
1 9 0
2 9 0
3 9 0
t 220 15
m0 7 9
1 8 0
2 8 0
3 8 0
t 219 15
m0 7 9
1 9 0
2 9 0
3 9 0
t 218 15
m0 8 9
1 8 0
2 8 0
3 8 0
t 217 15
m0 8 8
1 9 0
2 9 0
3 9 0
t 216 15
m0 7 8
1 8 0
2 8 0
3 8 0
t 215 16
m0 6 8
1 9 0
2 9 0
3 9 0
t 214 16
m0 6 8
1 8 0
2 8 0
3 8 0
t 213 16
m0 6 7
1 9 0
2 9 0
3 9 0
t 212 17
m0 6 7
1 8 0
2 8 0
3 8 0
t 211 17
m0 7 7
1 9 0
2 9 0
3 9 0
t 210 18
m0 8 7
1 8 0
2 8 0
3 8 0
t 209 18
m0 8 8
1 9 0
2 9 0
3 9 0
t 208 18
m0 7 8
1 8 0
2 8 0
3 8 0
t 207 18
m0 7 8
1 9 0
2 9 0
3 9 0
t 206 18
m0 6 8
1 8 0
2 8 0
3 8 0
t 205 18
m0 6 8
1 9 0
2 9 0
3 9 0
t 204 18
m0 5 8
1 8 0
2 8 0
3 8 0
t 203 19
m0 6 8
1 9 0
2 9 0
3 9 0
t 202 19
m0 6 7
1 8 0
2 8 0
3 8 0
t 201 19
m0 6 8
1 9 0
2 9 0
3 9 0
t 200 19
m0 5 8
1 8 0
2 8 0
3 8 0
t 199 19
m0 5 8
1 9 0
2 9 0
3 9 0
t 198 19
m0 5 9
1 8 0
2 8 0
3 8 0
t 197 19
m0 5 8
1 9 0
2 9 0
3 9 0
t 196 19
m0 5 9
1 8 0
2 8 0
3 8 0
t 195 19
m0 4 9
1 9 0
2 9 0
3 9 0
t 194 19
m0 3 9
1 8 0
2 8 0
3 8 0
t 193 20
m0 3 9
1 9 0
2 9 0
3 9 0
t 192 20
m0 3 9
1 8 0
2 8 0
3 8 0
t 191 20
m0 3 8
1 9 0
2 9 0
3 9 0
t 190 20
m0 3 8
1 8 0
2 8 0
3 8 0
t 189 20
m0 2 8
1 9 0
2 9 0
3 9 0
t 188 20
m0 3 8
1 8 0
2 8 0
3 8 0
t 187 20
m0 3 9
1 9 0
2 9 0
3 9 0
t 186 20
m0 3 8
1 8 0
2 8 0
3 8 0
t 185 20
m0 2 8
1 9 0
2 9 0
3 9 0
t 184 20
m0 3 8
1 8 0
2 8 0
3 8 0
t 183 20
m0 2 8
1 9 0
2 9 0
3 9 0
t 182 20
m0 2 8
1 8 0
2 8 0
3 8 0
t 181 20
m0 2 9
1 9 0
2 9 0
3 9 0
t 180 21
m0 2 8
1 8 0
2 8 0
3 8 0
t 179 21
m0 3 8
1 9 0
2 9 0
3 9 0
t 178 21
m0 3 9
1 8 0
2 8 0
3 8 0
t 177 21
m0 2 9
1 9 0
2 9 0
3 9 0
t 176 21
m0 3 9
1 8 0
2 8 0
3 8 0
t 175 21
m0 4 9
1 9 0
2 9 0
3 9 0
t 174 21
m0 5 9
1 8 0
2 8 0
3 8 0
t 173 21
m0 5 9
1 9 0
2 9 0
3 9 0
t 172 21
m0 5 10
1 8 0
2 8 0
3 8 0
t 171 21
m0 4 10
1 9 0
2 9 0
3 9 0
t 170 21
m0 4 10
1 8 0
2 8 0
3 8 0
t 169 21
m0 4 9
1 9 0
2 9 0
3 9 0
t 168 21
m0 4 10
1 8 0
2 8 0
3 8 0
t 167 21
m0 4 11
1 9 0
2 9 0
3 9 0
t 166 21
m0 4 10
1 8 0
2 8 0
3 8 0
t 165 21
m0 3 10
1 9 0
2 9 0
3 9 0
t 164 21
m0 3 9
1 8 0
2 8 0
3 8 0
t 163 21
m0 4 9
1 9 0
2 9 0
3 9 0
t 162 21
m0 3 9
1 8 0
2 8 0
3 8 0
t 161 21
m0 3 9
1 9 0
2 9 0
3 9 0
t 160 21
m0 2 9
1 8 0
2 8 0
3 8 0
t 159 21
m0 2 9
1 9 0
2 9 0
3 9 0
t 158 21
m0 2 10
1 8 0
2 8 0
3 8 0
t 157 21
m0 2 10
1 9 0
2 9 0
3 9 0
t 156 21
m0 2 11
1 8 0
2 8 0
3 8 0
t 155 21
m0 1 11
1 9 0
2 9 0
3 9 0
t 154 21
m0 0 11
1 8 0
2 8 0
3 8 0
t 153 21
m0 1 11
1 9 0
2 9 0
3 9 0
t 152 21
m0 1 11
1 8 0
2 8 0
3 8 0
t 151 21
m0 1 11
1 9 0
2 9 0
3 9 0
t 150 21
m0 2 11
1 8 0
2 8 0
3 8 0
t 149 21
m0 2 12
1 9 0
2 9 0
3 9 0
t 148 21
m0 2 13
1 8 0
2 8 0
3 8 0
t 147 21
m0 2 12
1 9 0
2 9 0
3 9 0
t 146 21
m0 2 12
1 8 0
2 8 0
3 8 0
t 145 21
m0 2 11
1 9 0
2 9 0
3 9 0
t 144 21
m0 1 11
1 8 0
2 8 0
3 8 0
t 143 21
m0 2 11
1 9 0
2 9 0
3 9 0
t 142 21
m0 2 11
1 8 0
2 8 0
3 8 0
t 141 21
m0 2 11
1 9 0
2 9 0
3 9 0
t 140 21
m0 2 11
1 8 0
2 8 0
3 8 0
t 139 21
m0 2 10
1 9 0
2 9 0
3 9 0
t 138 21
m0 2 10
1 8 0
2 8 0
3 8 0
t 137 21
m0 3 10
1 9 0
2 9 0
3 9 0
t 136 21
m0 4 10
1 8 0
2 8 0
3 8 0
t 135 21
m0 4 9
1 9 0
2 9 0
3 9 0
t 134 21
m0 4 9
1 8 0
2 8 0
3 8 0
t 133 21
m0 5 9
1 9 0
2 9 0
3 9 0
t 132 21
m0 4 9
1 8 0
2 8 0
3 8 0
t 131 21
m0 5 9
1 9 0
2 9 0
3 9 0
t 130 21
m0 5 10
1 8 0
2 8 0
3 8 0
t 129 21
m0 5 10
1 9 0
2 9 0
3 9 0
t 128 21
m0 5 10
1 8 0
2 8 0
3 8 0
t 127 21
m0 4 10
1 9 0
2 9 0
3 9 0
t 126 21
m0 5 10
1 8 0
2 8 0
3 8 0
t 125 21
m0 5 9
1 9 0
2 9 0
3 9 0
t 124 21
m0 5 9
1 8 0
2 8 0
3 8 0
t 123 21
m0 5 8
1 9 0
2 9 0
3 9 0
t 122 21
m0 5 8
1 8 0
2 8 0
3 8 0
t 121 21
m0 6 8
1 9 0
2 9 0
3 9 0
t 120 21
m0 7 8
1 8 0
2 8 0
3 8 0
t 119 21
m0 8 8
1 9 0
2 9 0
3 9 0
t 118 21
m0 8 8
1 8 0
2 8 0
3 8 0
t 117 21
m0 8 7
1 9 0
2 9 0
3 9 0
t 116 21
m0 8 7
1 8 0
2 8 0
3 8 0
t 115 21
m0 8 7
1 9 0
2 9 0
3 9 0
t 114 21
m0 7 7
1 8 0
2 8 0
3 8 0
t 113 21
m0 7 7
1 9 0
2 9 0
3 9 0
t 112 21
m0 6 7
1 8 0
2 8 0
3 8 0
t 111 21
m0 6 8
1 9 0
2 9 0
3 9 0
t 110 21
m0 7 8
1 8 0
2 8 0
3 8 0
t 109 21
m0 7 8
1 9 0
2 9 0
3 9 0
t 108 21
m0 8 8
1 8 0
2 8 0
3 8 0
t 107 21
m0 8 8
1 9 0
2 9 0
3 9 0
t 106 21
m0 9 8
1 8 0
2 8 0
3 8 0
t 105 22
m0 8 8
1 9 0
2 9 0
3 9 0
t 104 22
m0 8 7
1 8 0
2 8 0
3 8 0
t 103 22
m0 8 8
1 9 0
2 9 0
3 9 0
t 102 22
m0 7 8
1 8 0
2 8 0
3 8 0
t 101 22
m0 7 9
1 9 0
2 9 0
3 9 0
t 100 22
m0 7 10
1 8 0
2 8 0
3 8 0
t 99 22
m0 7 11
1 9 0
2 9 0
3 9 0
t 98 22
m0 7 12
1 8 0
2 8 0
3 8 0
t 97 23
m0 7 11
1 9 0
2 9 0
3 9 0
t 96 23
m0 7 10
1 8 0
2 8 0
3 8 0
t 95 23
m0 7 9
1 9 0
2 9 0
3 9 0
t 94 23
m0 7 8
1 8 0
2 8 0
3 8 0
t 93 23
m0 7 7
1 9 0
2 9 0
3 9 0
t 92 23
m0 8 7
1 8 0
2 8 0
3 8 0
t 91 23
m0 8 8
1 9 0
2 9 0
3 9 0
t 90 23
m0 8 8
1 8 0
2 8 0
3 8 0
t 89 23
m0 9 8
1 9 0
2 9 0
3 9 0
t 88 23
m0 9 8
1 8 0
2 8 0
3 8 0
t 87 23
m0 8 8
1 9 0
2 9 0
3 9 0
t 86 23
m0 9 8
1 8 0
2 8 0
3 8 0
t 85 23
m0 8 8
1 9 0
2 9 0
3 9 0
t 84 23
m0 8 8
1 8 0
2 8 0
3 8 0
t 83 23
m0 9 8
1 9 0
2 9 0
3 9 0
t 82 23
m0 8 8
1 8 0
2 8 0
3 8 0
t 81 23
m0 8 7
1 9 0
2 9 0
3 9 0
t 80 23
m0 8 7
1 8 0
2 8 0
3 8 0
t 79 23
m0 8 8
1 9 0
2 9 0
3 9 0
t 78 23
m0 8 8
1 8 0
2 8 0
3 8 0
t 77 23
m0 8 7
1 9 0
2 9 0
3 9 0
t 76 23
m0 8 8
1 8 0
2 8 0
3 8 0
t 75 23
m0 8 9
1 9 0
2 9 0
3 9 0
t 74 23
m0 8 10
1 8 0
2 8 0
3 8 0
t 73 23
m0 7 10
1 9 0
2 9 0
3 9 0
t 72 23
m0 7 10
1 8 0
2 8 0
3 8 0
t 71 23
m0 7 11
1 9 0
2 9 0
3 9 0
t 70 23
m0 7 11
1 8 0
2 8 0
3 8 0
t 69 23
m0 7 11
1 9 0
2 9 0
3 9 0
t 68 23
m0 7 10
1 8 0
2 8 0
3 8 0
t 67 23
m0 8 10
1 9 0
2 9 0
3 9 0
t 66 23
m0 8 9
1 8 0
2 8 0
3 8 0
t 65 23
m0 8 9
1 9 0
2 9 0
3 9 0
t 64 23
m0 8 10
1 8 0
2 8 0
3 8 0
t 63 23
m0 9 10
1 9 0
2 9 0
3 9 0
t 62 23
m0 9 10
1 8 0
2 8 0
3 8 0
t 61 23
m0 9 11
1 9 0
2 9 0
3 9 0
t 60 23
m0 9 11
1 8 0
2 8 0
3 8 0
t 59 23
m0 9 11
1 9 0
2 9 0
3 9 0
t 58 23
m0 9 11
1 8 0
2 8 0
3 8 0
t 57 23
m0 9 10
1 9 0
2 9 0
3 9 0
t 56 23
m0 9 10
1 8 0
2 8 0
3 8 0
t 55 23
m0 9 11
1 9 0
2 9 0
3 9 0
t 54 23
m0 9 11
1 8 0
2 8 0
3 8 0
t 53 23
m0 9 12
1 9 0
2 9 0
3 9 0
t 52 23
m0 9 12
1 8 0
2 8 0
3 8 0
t 51 23
m0 9 11
1 9 0
2 9 0
3 9 0
t 50 23
m0 9 12
1 8 0
2 8 0
3 8 0
t 49 23
m0 9 11
1 9 0
2 9 0
3 9 0
t 48 23
m0 9 12
1 8 0
2 8 0
3 8 0
t 47 23
m0 9 12
1 9 0
2 9 0
3 9 0
t 46 23
m0 9 11
1 8 0
2 8 0
3 8 0
t 45 23
m0 9 12
1 9 0
2 9 0
3 9 0
t 44 23
m0 9 12
1 8 0
2 8 0
3 8 0
t 43 23
m0 9 12
1 9 0
2 9 0
3 9 0
t 42 23
m0 9 13
1 8 0
2 8 0
3 8 0
t 41 23
m0 9 12
1 9 0
2 9 0
3 9 0
t 40 23
m0 9 11
1 8 0
2 8 0
3 8 0
t 39 23
m0 9 12
1 9 0
2 9 0
3 9 0
t 38 23
m0 9 11
1 8 0
2 8 0
3 8 0
t 37 23
m0 9 11
1 9 0
2 9 0
3 9 0
t 36 23
m0 9 10
1 8 0
2 8 0
3 8 0
t 35 23
m0 9 10
1 9 0
2 9 0
3 9 0
t 34 23
m0 9 10
1 8 0
2 8 0
3 8 0
t 33 23
m0 9 11
1 9 0
2 9 0
3 9 0
t 32 23
m0 9 10
1 8 0
2 8 0
3 8 0
t 31 23
m0 8 10
1 9 0
2 9 0
3 9 0
t 30 23
m0 8 9
1 8 0
2 8 0
3 8 0
t 29 23
m0 7 9
1 9 0
2 9 0
3 9 0
t 28 23
m0 7 9
1 8 0
2 8 0
3 8 0
t 27 23
m0 7 10
1 9 0
2 9 0
3 9 0
t 26 23
m0 7 11
1 8 0
2 8 0
3 8 0
t 25 23
m0 7 12
1 9 0
2 9 0
3 9 0
t 24 23
m0 7 11
1 8 0
2 8 0
3 8 0
t 23 23
m0 6 11
1 9 0
2 9 0
3 9 0
t 22 24
m0 7 11
1 8 0
2 8 0
3 8 0
t 21 24
m0 7 10
1 9 0
2 9 0
3 9 0
t 20 24
m0 8 10
1 8 0
2 8 0
3 8 0
t 19 24
m0 8 10
1 9 0
2 9 0
3 9 0
t 18 24
m0 9 10
1 8 0
2 8 0
3 8 0
t 17 24
m0 9 10
1 9 0
2 9 0
3 9 0
t 16 24
m0 9 10
1 8 0
2 8 0
3 8 0
t 15 24
m0 8 10
1 9 0
2 9 0
3 9 0
t 14 24
m0 8 9
1 8 0
2 8 0
3 8 0
t 13 24
m0 7 9
1 9 0
2 9 0
3 9 0
t 12 24
m0 7 8
1 8 0
2 8 0
3 8 0
t 11 24
m0 7 7
1 9 0
2 9 0
3 9 0
t 10 24
m0 6 7
1 8 0
2 8 0
3 8 0
t 9 24
m0 7 7
1 9 0
2 9 0
3 9 0
t 8 24
m0 6 7
1 8 0
2 8 0
3 8 0
t 7 24
m0 6 7
1 9 0
2 9 0
3 9 0
t 6 24
m0 6 7
1 8 0
2 8 0
3 8 0
t 5 24
m0 7 7
1 9 0
2 9 0
3 9 0
t 4 24
m0 8 7
1 8 0
2 8 0
3 8 0
t 3 24
m0 8 7
1 9 0
2 9 0
3 9 0
t 2 24
m0 8 8
1 8 0
2 8 0
3 8 0
t 1 24
m0 8 8
1 8 0
2 8 0
3 8 0
t 0 24
