10
15
w 7 3
w 8 13
w 4 8
w 3 0
w 5 6
w 8 0
w 3 11
w 1 6
w 9 4
w 3 7
w 7 2
w 5 5
w 4 4
w 1 14
w 4 13
w 9 11
w 3 6
w 0 4
w 1 10
w 7 10
w 5 4
w 3 2
w 9 14
w 0 0
w 3 13
w 1 4
w 3 9
w 8 7
w 6 12
w 1 0
w 4 2
w 8 3
w 5 10
w 6 8
w 2 0
w 8 8
w 6 13
p 6 9
p 7 12
p 9 8
p 2 1
p 8 9
p 6 2
p 4 12
p 0 10
p 7 11
p 1 11
p 8 5
p 5 8
p 3 14
p 6 14
p 6 7
p 4 9
p 3 10
p 6 10
p 1 5
p 2 2
p 8 6
p 1 1
p 9 7
p 6 4
p 7 14
p 2 6
p 1 13
p 6 0
p 2 10
p 9 10
p 2 3
p 0 5
p 2 14
p 0 8
p 6 5
p 3 5
p 0 1
p 5 3
p 2 7
p 4 11
p 3 12
p 7 8
p 6 1
p 5 7
p 2 11
p 9 9
p 3 1
p 7 13
p 0 6
p 1 8
p 4 3
p 1 7
p 0 9
p 5 2
p 9 12
p 8 4
m0 0 14
1 9 0
2 9 0
3 9 0
t 300 0
m0 0 13
1 9 1
2 9 1
3 9 1
t 299 0
m0 1 13
1 9 2
2 9 0
3 9 2
t 298 1
m0 2 13
1 9 3
2 9 1
3 9 1
t 297 1
m0 2 12
1 9 2
2 8 1
3 8 1
t 296 1
m0 3 12
1 9 3
2 8 2
3 7 1
t 295 2
m0 4 12
1 9 2
2 8 1
3 8 1
t 294 3
m0 5 12
1 9 1
2 9 1
3 7 1
t 293 3
m0 5 11
1 8 1
2 9 0
3 8 1
t 292 3
m0 5 12
1 7 1
2 9 1
3 9 1
f 5 14
t 291 3
m0 5 13
1 8 1
2 9 2
3 8 1
t 290 3
m0 5 14
1 9 1
2 9 1
3 9 1
t 289 13
m0 6 14
1 9 0
2 9 2
3 9 0
t 288 14
m0 7 14
1 9 1
2 9 1
3 9 1
t 287 15
m0 8 14
1 9 2
2 9 0
3 8 1
t 286 15
m0 8 14
1 9 1
2 9 1
3 7 1
t 285 15
m0 7 14
1 8 1
2 9 2
3 8 1
t 284 15
m0 8 14
1 7 1
2 8 2
3 8 2
t 283 15
m0 8 14
1 8 1
2 9 2
3 9 2
t 282 15
m0 8 14
1 9 1
2 8 2
3 9 1
t 281 15
m0 8 14
1 9 0
2 9 2
3 9 0
t 280 15
m0 8 14
1 9 1
2 8 2
3 9 1
t 279 15
m0 8 14
1 8 1
2 8 1
3 8 1
t 278 15
m0 8 14
1 7 1
2 9 1
3 7 1
t 277 15
m0 7 14
1 8 1
2 9 0
3 8 1
t 276 15
m0 8 14
1 7 1
2 9 1
3 7 1
t 275 15
m0 7 14
1 8 1
2 8 1
3 8 1
t 274 15
m0 8 14
1 7 1
2 9 1
3 8 2
t 273 15
m0 8 14
1 7 0
2 9 0
3 9 2
t 272 15
m0 8 14
1 7 1
2 9 1
3 9 3
t 271 15
m0 8 14
1 7 0
2 8 1
3 9 2
t 270 15
m0 8 14
1 7 1
2 9 1
3 9 1
t 269 15
m0 7 14
1 7 0
2 9 2
3 9 0
t 268 15
m0 8 14
1 6 0
2 9 1
3 9 1
t 267 15
m0 8 14
1 6 1
2 9 0
3 9 0
t 266 15
m0 7 14
1 6 0
2 9 1
3 9 1
t 265 15
m0 8 14
1 6 1
2 9 0
3 9 0
t 264 15
m0 7 14
1 7 1
2 9 1
3 9 1
t 263 15
m0 7 13
1 6 1
2 9 0
3 9 0
t 262 16
m0 7 12
1 6 0
2 9 1
3 9 1
t 261 17
m0 8 12
1 5 0
2 9 0
3 9 0
t 260 17
m0 9 12
1 5 1
2 9 1
3 9 1
t 259 18
m0 9 12
1 5 0
2 9 2
3 8 1
t 258 18
m0 9 12
1 4 0
2 9 1
3 7 1
t 257 18
m0 9 12
1 5 0
2 9 2
3 7 0
t 256 18
m0 9 12
1 4 0
2 8 2
3 6 0
t 255 18
m0 8 12
1 5 0
2 8 1
3 5 0
t 254 18
m0 8 11
1 5 1
2 8 2
3 6 0
t 253 18
m0 8 10
1 6 1
2 9 2
3 5 0
t 252 18
m0 9 10
1 5 1
2 8 2
3 4 0
t 251 19
m0 9 9
1 5 2
2 8 1
3 4 1
t 250 20
m0 9 8
1 5 1
2 7 1
3 4 0
t 249 21
m0 9 7
1 4 1
2 7 0
3 5 0
t 248 22
m0 9 6
1 5 1
2 6 0
3 5 1
t 247 22
m0 9 5
1 4 1
2 7 0
3 5 0
t 246 22
m0 8 5
1 3 1
2 7 1
3 4 0
t 245 23
m0 8 4
1 2 1
2 7 0
3 5 0
t 244 24
m0 7 4
1 1 1
2 6 0
3 4 0
t 243 24
m0 6 4
1 0 1
2 5 0
3 5 0
t 242 25
m0 6 3
1 0 2
2 4 0
3 4 0
t 241 25
m0 6 2
1 0 1
2 4 1
3 5 0
t 240 26
m0 6 1
1 0 2
2 4 0
3 4 0
t 239 27
m0 6 0
1 0 3
2 4 1
3 4 1
t 238 28
m0 5 0
1 0 2
2 3 1
3 3 1
t 237 28
m0 4 0
1 0 3
2 2 1
3 2 1
t 236 28
m0 4 1
1 0 2
2 2 2
3 2 2
t 235 28
m0 3 1
1 0 3
2 2 3
3 2 3
t 234 29
m0 2 1
1 1 3
2 1 3
3 3 3
t 233 30
m0 3 1
1 0 3
2 0 3
3 4 3
t 232 30
m0 4 1
1 1 3
2 0 2
3 3 3
t 231 30
m0 3 1
1 0 3
2 0 3
3 4 3
t 230 30
m0 4 1
1 0 2
2 1 3
3 3 3
t 229 30
m0 3 1
1 0 3
2 0 3
3 4 3
t 228 30
m0 4 1
1 0 2
2 0 2
3 5 3
t 227 30
m0 5 1
1 1 2
2 0 3
3 6 3
t 226 30
m0 6 1
1 0 2
2 0 2
3 6 4
t 225 30
m0 6 2
1 0 1
2 0 1
3 6 5
t 224 30
m0 6 3
1 0 2
2 1 1
3 6 6
t 223 30
m0 6 4
1 0 1
2 0 1
3 7 6
t 222 30
m0 7 4
1 0 2
2 0 2
3 8 6
t 221 30
m0 8 4
1 0 1
2 0 1
3 7 6
t 220 30
m0 7 4
1 1 1
2 0 2
3 7 7
t 219 30
m0 7 5
1 2 1
2 0 1
3 7 8
t 218 30
m0 7 6
1 3 1
2 1 1
3 7 9
t 217 30
m0 7 7
1 2 1
2 1 2
3 8 9
t 216 30
m0 7 8
1 1 1
2 0 2
3 9 9
t 215 31
m0 7 9
1 0 1
2 1 2
3 9 8
t 214 31
m0 8 9
1 1 1
2 0 2
3 9 7
t 213 32
m0 9 9
1 2 1
2 0 1
3 9 6
t 212 32
m0 9 8
1 3 1
2 0 2
3 9 5
t 211 32
m0 9 7
1 4 1
2 0 1
3 8 5
t 210 32
m0 9 6
1 4 0
2 1 1
3 7 5
t 209 32
m0 9 5
1 4 1
2 0 1
3 6 5
t 208 32
m0 8 5
1 4 0
2 1 1
3 6 6
t 207 32
m0 7 5
1 4 1
2 2 1
3 6 7
t 206 32
m0 6 5
1 4 0
2 1 1
3 7 7
t 205 33
m0 7 5
1 5 0
2 0 1
3 6 7
t 204 33
m0 6 5
1 4 0
2 1 1
3 7 7
t 203 33
m0 7 5
1 4 1
2 0 1
3 6 7
t 202 33
m0 6 5
1 4 0
2 1 1
3 5 7
t 201 33
m0 6 6
1 4 1
2 1 2
3 5 8
t 200 33
m0 6 7
1 3 1
2 0 2
3 5 9
f 7 7
t 199 34
m0 7 7
1 2 1
2 0 1
3 4 9
t 198 44
m0 6 7
1 1 1
2 1 1
3 4 10
t 197 44
m0 5 7
1 0 1
2 0 1
3 4 11
t 196 45
m0 4 7
1 1 1
2 0 2
3 4 12
t 195 45
m0 4 7
1 0 1
2 0 1
3 3 12
t 194 45
m0 4 7
1 1 1
2 0 2
3 2 12
t 193 45
m0 4 7
1 0 1
2 0 3
3 2 13
t 192 45
m0 4 6
1 1 1
2 0 2
3 1 13
t 191 45
m0 4 5
1 0 1
2 0 1
3 0 13
t 190 45
m0 3 5
1 1 1
2 1 1
3 0 12
t 189 46
m0 3 4
1 0 1
2 0 1
3 1 12
t 188 46
m0 3 3
1 1 1
2 1 1
3 1 11
t 187 46
m0 2 3
1 0 1
2 0 1
3 1 12
t 186 47
m0 2 2
1 1 1
2 1 1
3 0 12
t 185 48
m0 2 1
1 0 1
2 0 1
3 0 13
t 184 48
m0 1 1
1 0 2
2 0 2
3 0 14
t 183 49
m0 0 1
1 1 2
2 1 2
3 0 13
t 182 50
m0 1 1
1 2 2
2 2 2
3 1 13
t 181 50
m0 2 1
1 1 2
2 1 2
3 2 13
t 180 50
m0 1 1
1 2 2
2 2 2
3 2 14
t 179 50
m0 2 1
1 1 2
2 1 2
3 2 13
t 178 50
m0 1 1
1 2 2
2 2 2
3 1 13
t 177 50
m0 2 1
1 1 2
2 1 2
3 0 13
t 176 50
m0 1 1
1 2 2
2 2 2
3 0 12
t 175 50
m0 2 1
1 1 2
2 1 2
3 0 13
t 174 50
m0 1 1
1 2 2
2 2 2
3 0 12
t 173 50
m0 2 1
1 1 2
2 1 2
3 1 12
t 172 50
m0 1 1
1 2 2
2 2 2
3 2 12
t 171 50
m0 2 1
1 1 2
2 1 2
3 1 12
t 170 50
m0 1 1
1 2 2
2 2 2
3 1 13
t 169 50
m0 2 1
1 1 2
2 1 2
3 0 13
t 168 50
m0 1 1
1 2 2
2 2 2
3 0 14
t 167 50
m0 2 1
1 1 2
2 1 2
3 0 13
t 166 50
m0 2 2
1 1 1
2 1 1
3 0 14
f 7 9
t 165 50
m0 2 1
1 0 1
2 0 1
3 0 13
t 164 50
m0 1 1
1 0 2
2 0 2
3 0 14
t 163 50
m0 1 2
1 0 1
2 0 1
3 0 13
t 162 50
m0 1 1
1 0 2
2 0 2
3 0 14
t 161 50
m0 1 2
1 0 1
2 0 1
3 0 13
t 160 50
m0 1 1
1 0 2
2 0 2
3 0 14
t 159 50
m0 1 2
1 0 1
2 0 1
3 0 13
t 158 50
m0 1 1
1 0 2
2 0 2
3 0 14
t 157 50
m0 1 2
1 0 1
2 0 1
3 0 13
t 156 50
m0 1 1
1 0 2
2 0 2
3 0 12
t 155 50
m0 1 2
1 0 1
2 0 1
3 0 13
t 154 50
m0 1 1
1 0 2
2 0 2
3 0 12
t 153 50
m0 1 2
1 0 1
2 0 1
3 0 13
t 152 50
m0 1 1
1 0 2
2 0 2
3 0 14
t 151 50
m0 1 2
1 0 1
2 0 1
3 0 13
t 150 50
m0 1 1
1 0 2
2 0 2
3 0 14
t 149 50
m0 1 2
1 0 1
2 0 1
3 0 13
t 148 50
m0 1 1
1 0 2
2 0 2
3 1 13
t 147 50
m0 1 2
1 0 1
2 0 1
3 2 13
t 146 50
m0 1 1
1 0 2
2 0 2
3 2 14
t 145 50
m0 1 2
1 0 1
2 0 1
3 3 14
t 144 50
m0 1 1
1 0 2
2 0 2
3 2 14
t 143 50
m0 1 2
1 0 1
2 0 1
3 3 14
t 142 50
m0 1 1
1 0 2
2 0 2
3 4 14
t 141 50
m0 1 2
1 0 1
2 0 1
3 5 14
t 140 50
m0 1 1
1 0 2
2 0 2
3 4 14
t 139 50
m0 1 2
1 0 1
2 0 1
3 3 14
t 138 50
m0 1 1
1 0 2
2 0 2
3 2 14
t 137 50
m0 1 2
1 0 1
2 0 1
3 2 13
t 136 50
m0 1 1
1 0 2
2 0 2
3 2 14
t 135 50
m0 1 2
1 0 1
2 0 1
3 3 14
t 134 50
m0 1 1
1 0 2
2 0 2
3 4 14
t 133 50
m0 1 2
1 0 1
2 0 1
3 5 14
t 132 50
m0 1 1
1 0 2
2 0 2
3 6 14
t 131 50
m0 1 2
1 0 1
2 0 1
3 5 14
t 130 50
m0 1 1
1 0 2
2 0 2
3 6 14
t 129 50
m0 1 2
1 0 1
2 0 1
3 5 14
t 128 50
m0 1 1
1 0 2
2 0 2
3 5 13
t 127 50
m0 1 2
1 0 1
2 0 1
3 5 12
t 126 50
m0 1 1
1 0 2
2 0 2
3 5 11
t 125 50
m0 1 2
1 0 1
2 0 1
3 5 12
t 124 50
m0 1 1
1 0 2
2 0 2
3 5 13
t 123 50
m0 1 2
1 0 1
2 0 1
3 5 14
t 122 50
m0 1 1
1 0 2
2 0 2
3 4 14
t 121 50
m0 1 2
1 0 1
2 0 1
3 5 14
t 120 50
m0 1 1
1 0 2
2 0 2
3 6 14
t 119 50
m0 1 2
1 0 1
2 0 1
3 7 14
t 118 50
m0 1 1
1 0 2
2 0 2
3 6 14
t 117 50
m0 1 2
1 0 1
2 0 1
3 5 14
t 116 50
m0 1 1
1 0 2
2 0 2
3 6 14
t 115 50
m0 1 2
1 0 1
2 0 1
3 7 14
t 114 50
m0 1 1
1 0 2
2 0 2
3 7 13
t 113 50
m0 1 2
1 0 1
2 0 1
3 7 14
t 112 50
m0 1 1
1 0 2
2 0 2
3 7 13
t 111 50
m0 1 2
1 0 1
2 0 1
3 7 12
t 110 50
m0 1 1
1 0 2
2 0 2
3 7 11
t 109 50
m0 1 2
1 0 1
2 0 1
3 7 12
t 108 50
m0 1 1
1 0 2
2 0 2
3 8 12
t 107 50
m0 1 2
1 0 1
2 0 1
3 8 11
t 106 50
m0 1 1
1 0 2
2 0 2
3 8 12
t 105 50
m0 1 2
1 0 1
2 0 1
3 9 12
t 104 50
m0 1 1
1 0 2
2 0 2
3 8 12
t 103 50
m0 1 2
1 0 1
2 0 1
3 7 12
t 102 50
m0 1 1
1 0 2
2 0 2
3 7 13
t 101 50
m0 1 2
1 0 1
2 0 1
3 7 12
t 100 50
m0 1 1
1 0 2
2 0 2
3 8 12
t 99 50
m0 1 2
1 0 1
2 0 1
3 8 11
t 98 50
m0 1 1
1 0 2
2 0 2
3 7 11
t 97 50
m0 1 2
1 0 1
2 0 1
3 8 11
t 96 50
m0 1 1
1 0 2
2 0 2
3 7 11
t 95 50
m0 1 2
1 0 1
2 0 1
3 8 11
t 94 50
m0 1 1
1 0 2
2 0 2
3 7 11
t 93 50
m0 1 2
1 0 1
2 0 1
3 6 11
t 92 50
m0 1 1
1 0 2
2 0 2
3 7 11
t 91 50
m0 1 2
1 0 1
2 0 1
3 7 12
t 90 50
m0 1 1
1 0 2
2 0 2
3 7 13
t 89 50
m0 1 2
1 0 1
2 0 1
3 7 14
t 88 50
m0 1 1
1 0 2
2 0 2
3 8 14
t 87 50
m0 1 2
1 0 1
2 0 1
3 7 14
t 86 50
m0 1 1
1 0 2
2 0 2
3 8 14
t 85 50
m0 1 2
1 0 1
2 0 1
3 7 14
t 84 50
m0 1 1
1 0 2
2 0 2
3 8 14
t 83 50
m0 1 2
1 0 1
2 0 1
3 7 14
t 82 50
m0 1 1
1 0 2
2 0 2
3 8 14
t 81 50
m0 1 2
1 0 1
2 0 1
3 7 14
t 80 50
m0 1 1
1 0 2
2 0 2
3 7 13
t 79 50
m0 1 2
1 0 1
2 0 1
3 7 14
t 78 50
m0 1 1
1 0 2
2 0 2
3 7 13
t 77 50
m0 1 2
1 0 1
2 0 1
3 7 14
t 76 50
m0 1 1
1 0 2
2 0 2
3 6 14
t 75 50
m0 1 2
1 0 1
2 0 1
3 5 14
t 74 50
m0 1 1
1 0 2
2 0 2
3 6 14
t 73 50
m0 1 2
1 0 1
2 0 1
3 7 14
t 72 50
m0 1 1
1 0 2
2 0 2
3 8 14
t 71 50
m0 1 2
1 0 1
2 0 1
3 7 14
t 70 50
m0 1 1
1 0 2
2 0 2
3 6 14
t 69 50
m0 1 2
1 0 1
2 0 1
3 7 14
t 68 50
m0 1 1
1 0 2
2 0 2
3 8 14
t 67 50
m0 1 2
1 0 1
2 0 1
3 7 14
t 66 50
m0 1 1
1 0 2
2 0 2
3 7 13
t 65 50
m0 1 2
1 0 1
2 0 1
3 7 14
t 64 50
m0 1 1
1 0 2
2 0 2
3 8 14
t 63 50
m0 1 2
1 0 1
2 0 1
3 7 14
t 62 50
m0 1 1
1 0 2
2 0 2
3 8 14
t 61 50
m0 1 2
1 0 1
2 0 1
3 7 14
t 60 50
m0 1 1
1 0 2
2 0 2
3 8 14
t 59 50
m0 1 2
1 0 1
2 0 1
3 7 14
t 58 50
m0 1 1
1 0 2
2 0 2
3 7 13
t 57 50
m0 1 2
1 0 1
2 0 1
3 7 12
t 56 50
m0 1 1
1 0 2
2 0 2
3 8 12
t 55 50
m0 1 2
1 0 1
2 0 1
3 7 12
t 54 50
m0 1 1
1 0 2
2 0 2
3 7 13
t 53 50
m0 1 2
1 0 1
2 0 1
3 7 14
t 52 50
m0 1 1
1 0 2
2 0 2
3 8 14
t 51 50
m0 1 2
1 0 1
2 0 1
3 7 14
t 50 50
m0 1 1
1 0 2
2 0 2
3 8 14
t 49 50
m0 1 2
1 0 1
2 0 1
3 7 14
t 48 50
m0 1 1
1 0 2
2 0 2
3 6 14
t 47 50
m0 1 2
1 0 1
2 0 1
3 5 14
t 46 50
m0 1 1
1 0 2
2 0 2
3 6 14
t 45 50
m0 1 2
1 0 1
2 0 1
3 7 14
t 44 50
m0 1 1
1 0 2
2 0 2
3 6 14
t 43 50
m0 1 2
1 0 1
2 0 1
3 7 14
t 42 50
m0 1 1
1 0 2
2 0 2
3 8 14
t 41 50
m0 1 2
1 0 1
2 0 1
3 7 14
t 40 50
m0 1 1
1 0 2
2 0 2
3 8 14
t 39 50
m0 1 2
1 0 1
2 0 1
3 7 14
t 38 50
m0 1 1
1 0 2
2 0 2
3 8 14
t 37 50
m0 1 2
1 0 1
2 0 1
3 7 14
t 36 50
m0 1 1
1 0 2
2 0 2
3 8 14
t 35 50
m0 1 2
1 0 1
2 0 1
3 7 14
t 34 50
m0 1 1
1 0 2
2 0 2
3 8 14
t 33 50
m0 1 2
1 0 1
2 0 1
3 7 14
t 32 50
m0 1 1
1 0 2
2 0 2
3 7 13
t 31 50
m0 1 2
1 0 1
2 0 1
3 7 14
t 30 50
m0 1 1
1 0 2
2 0 2
3 7 13
t 29 50
m0 1 2
1 0 1
2 0 1
3 7 14
t 28 50
m0 1 1
1 0 2
2 0 2
3 8 14
t 27 50
m0 1 2
1 0 1
2 0 1
3 7 14
t 26 50
m0 1 1
1 0 2
2 0 2
3 7 13
t 25 50
m0 1 2
1 0 1
2 0 1
3 7 14
t 24 50
m0 1 1
1 0 2
2 0 2
3 6 14
t 23 50
m0 1 2
1 0 1
2 0 1
3 7 14
t 22 50
m0 1 1
1 0 2
2 0 2
3 8 14
t 21 50
m0 1 2
1 0 1
2 0 1
3 7 14
t 20 50
m0 1 1
1 0 2
2 0 2
3 8 14
t 19 50
m0 1 2
1 0 1
2 0 1
3 7 14
t 18 50
m0 1 1
1 0 2
2 0 2
3 6 14
t 17 50
m0 1 2
1 0 1
2 0 1
3 7 14
t 16 50
m0 1 1
1 0 2
2 0 2
3 8 14
t 15 50
m0 1 2
1 0 1
2 0 1
3 7 14
t 14 50
m0 1 1
1 0 2
2 0 2
3 7 13
t 13 50
m0 1 2
1 0 1
2 0 1
3 7 12
t 12 50
m0 1 1
1 0 2
2 0 2
3 7 11
t 11 50
m0 1 2
1 0 1
2 0 1
3 7 12
t 10 50
m0 1 1
1 0 2
2 0 2
3 7 11
t 9 50
m0 1 2
1 0 1
2 0 1
3 7 12
t 8 50
m0 1 1
1 0 2
2 0 2
3 7 11
t 7 50
m0 1 2
1 0 1
2 0 1
3 6 11
t 6 50
m0 1 1
1 0 2
2 0 2
3 7 11
t 5 50
m0 1 2
1 0 1
2 0 1
3 7 12
t 4 50
m0 1 1
1 0 2
2 0 2
3 7 13
t 3 50
m0 1 2
1 0 1
2 0 1
3 7 14
t 2 50
m0 1 1
1 0 2
2 0 2
3 6 14
t 1 50
m0 1 2
1 0 2
2 0 2
3 6 14
t 0 50
