10
15
w 7 3
w 5 6
w 7 12
w 4 12
w 1 6
w 0 10
w 9 4
w 7 2
w 4 0
w 8 14
w 5 12
w 4 4
w 1 14
w 4 13
w 0 11
w 5 0
w 1 1
w 4 10
w 7 14
w 9 14
w 8 2
w 8 11
w 6 0
w 1 4
w 2 10
w 7 5
w 2 3
w 4 2
w 1 0
w 2 14
w 6 5
w 5 10
w 4 6
w 9 9
w 1 8
w 8 8
w 1 7
p 4 7
p 1 3
p 8 13
p 9 1
p 4 8
p 3 0
p 8 0
p 7 7
p 3 11
p 2 12
p 3 7
p 7 11
p 0 3
p 1 11
p 3 14
p 6 14
p 1 2
p 4 9
p 6 7
p 2 9
p 3 10
p 2 2
p 5 4
p 0 0
p 2 6
p 7 1
p 5 11
p 1 13
p 4 5
p 9 3
p 0 12
p 9 10
p 0 5
p 1 9
p 8 7
p 0 8
p 9 6
p 3 5
p 7 9
p 5 3
p 9 13
p 7 8
p 3 12
p 6 8
p 8 12
p 9 2
p 7 13
p 3 1
p 5 7
p 0 13
p 2 11
p 3 8
p 0 6
p 6 13
p 3 4
p 8 4
m0 0 14
1 9 0
2 9 0
3 9 0
t 300 0
m0 0 13
1 8 0
2 8 0
3 8 0
t 299 1
m0 1 13
1 7 0
2 7 0
3 7 0
t 298 2
m0 2 13
1 7 1
2 7 1
3 7 1
t 297 12
m0 3 13
1 6 1
2 6 1
3 6 1
t 296 12
m0 3 12
1 5 1
2 5 1
3 5 1
t 295 13
m0 3 11
1 4 1
2 4 1
3 4 1
t 294 14
m0 4 11
1 5 1
2 5 1
3 5 1
t 293 14
m0 5 11
1 5 2
2 5 2
3 5 2
t 292 15
m0 5 11
1 5 3
2 5 3
3 5 3
t 291 15
m0 5 11
1 5 4
2 5 4
3 5 4
t 290 15
m0 5 11
1 5 5
2 5 5
3 5 5
t 289 15
m0 5 11
1 5 4
2 5 4
3 5 4
t 288 15
m0 5 11
1 5 5
2 5 5
3 5 5
t 287 15
m0 5 11
1 5 4
2 5 4
3 5 4
t 286 15
m0 5 11
1 5 5
2 5 5
3 5 5
t 285 15
m0 5 11
1 5 4
2 5 4
3 5 4
t 284 15
m0 5 11
1 5 5
2 5 5
3 5 5
t 283 15
m0 5 11
1 5 4
2 5 4
3 5 4
t 282 15
m0 5 11
1 5 5
2 5 5
3 5 5
f 1 12
t 281 15
m0 5 11
1 5 4
2 5 4
3 5 4
t 280 15
m0 5 11
1 5 5
2 5 5
3 5 5
t 279 15
m0 5 11
1 5 4
2 5 4
3 5 4
t 278 15
m0 5 11
1 5 5
2 5 5
3 5 5
t 277 15
m0 5 11
1 5 4
2 5 4
3 5 4
t 276 15
m0 5 11
1 5 5
2 5 5
3 5 5
t 275 15
m0 5 11
1 5 4
2 5 4
3 5 4
t 274 15
m0 5 11
1 5 5
2 5 5
3 5 5
t 273 15
m0 5 11
1 5 4
2 5 4
3 5 4
t 272 15
m0 5 11
1 5 5
2 5 5
3 5 5
t 271 15
m0 5 11
1 5 4
2 5 4
3 5 4
t 270 15
m0 5 11
1 5 5
2 5 5
3 5 5
t 269 15
m0 5 11
1 5 4
2 5 4
3 5 4
t 268 15
m0 5 11
1 5 5
2 5 5
3 5 5
t 267 15
m0 5 11
1 5 4
2 5 4
3 5 4
t 266 15
m0 5 11
1 5 5
2 5 5
3 5 5
t 265 15
m0 5 11
1 5 4
2 5 4
3 5 4
t 264 15
m0 5 11
1 5 5
2 5 5
3 5 5
t 263 15
m0 5 11
1 5 4
2 5 4
3 5 4
t 262 15
m0 5 11
1 5 5
2 5 5
3 5 5
t 261 15
m0 5 11
1 5 4
2 5 4
3 5 4
t 260 15
m0 5 11
1 5 5
2 5 5
3 5 5
t 259 15
m0 5 11
1 5 4
2 5 4
3 5 4
t 258 15
m0 5 11
1 5 5
2 5 5
3 5 5
t 257 15
m0 5 11
1 5 4
2 5 4
3 5 4
t 256 15
m0 5 11
1 5 5
2 5 5
3 5 5
t 255 15
m0 5 11
1 5 4
2 5 4
3 5 4
t 254 15
m0 5 11
1 5 5
2 5 5
3 5 5
t 253 15
m0 5 11
1 5 4
2 5 4
3 5 4
t 252 15
m0 5 11
1 5 5
2 5 5
3 5 5
t 251 15
m0 5 11
1 5 4
2 5 4
3 5 4
t 250 15
m0 5 11
1 5 5
2 5 5
3 5 5
t 249 15
m0 5 11
1 5 4
2 5 4
3 5 4
t 248 15
m0 5 11
1 5 5
2 5 5
3 5 5
t 247 15
m0 5 11
1 5 4
2 5 4
3 5 4
t 246 15
m0 5 11
1 5 5
2 5 5
3 5 5
t 245 15
m0 5 11
1 5 4
2 5 4
3 5 4
t 244 15
m0 5 11
1 5 5
2 5 5
3 5 5
t 243 15
m0 5 11
1 5 4
2 5 4
3 5 4
t 242 15
m0 5 11
1 5 5
2 5 5
3 5 5
t 241 15
m0 5 11
1 5 4
2 5 4
3 5 4
t 240 15
m0 5 11
1 5 5
2 5 5
3 5 5
t 239 15
m0 5 11
1 5 4
2 5 4
3 5 4
t 238 15
m0 5 11
1 5 5
2 5 5
3 5 5
t 237 15
m0 5 11
1 5 4
2 5 4
3 5 4
t 236 15
m0 5 11
1 5 5
2 5 5
3 5 5
t 235 15
m0 5 11
1 5 4
2 5 4
3 5 4
t 234 15
m0 5 11
1 5 5
2 5 5
3 5 5
t 233 15
m0 5 11
1 5 4
2 5 4
3 5 4
t 232 15
m0 5 11
1 5 5
2 5 5
3 5 5
t 231 15
m0 5 11
1 5 4
2 5 4
3 5 4
t 230 15
m0 5 11
1 5 5
2 5 5
3 5 5
t 229 15
m0 5 11
1 5 4
2 5 4
3 5 4
t 228 15
m0 5 11
1 5 5
2 5 5
3 5 5
t 227 15
m0 5 11
1 5 4
2 5 4
3 5 4
t 226 15
m0 5 11
1 5 5
2 5 5
3 5 5
t 225 15
m0 5 11
1 5 4
2 5 4
3 5 4
t 224 15
m0 5 11
1 5 5
2 5 5
3 5 5
t 223 15
m0 5 11
1 5 4
2 5 4
3 5 4
t 222 15
m0 5 11
1 5 5
2 5 5
3 5 5
t 221 15
m0 5 11
1 5 4
2 5 4
3 5 4
t 220 15
m0 5 11
1 5 5
2 5 5
3 5 5
t 219 15
m0 5 11
1 5 4
2 5 4
3 5 4
t 218 15
m0 5 11
1 5 5
2 5 5
3 5 5
t 217 15
m0 5 11
1 5 4
2 5 4
3 5 4
t 216 15
m0 5 11
1 5 5
2 5 5
3 5 5
t 215 15
m0 5 11
1 5 4
2 5 4
3 5 4
t 214 15
m0 5 11
1 5 5
2 5 5
3 5 5
t 213 15
m0 5 11
1 5 4
2 5 4
3 5 4
t 212 15
m0 5 11
1 5 5
2 5 5
3 5 5
t 211 15
m0 5 11
1 5 4
2 5 4
3 5 4
t 210 15
m0 5 11
1 5 5
2 5 5
3 5 5
t 209 15
m0 5 11
1 5 4
2 5 4
3 5 4
t 208 15
m0 5 11
1 5 5
2 5 5
3 5 5
t 207 15
m0 5 11
1 5 4
2 5 4
3 5 4
t 206 15
m0 5 11
1 5 5
2 5 5
3 5 5
t 205 15
m0 5 11
1 5 4
2 5 4
3 5 4
t 204 15
m0 5 11
1 5 5
2 5 5
3 5 5
t 203 15
m0 5 11
1 5 4
2 5 4
3 5 4
t 202 15
m0 5 11
1 5 5
2 5 5
3 5 5
t 201 15
m0 5 11
1 5 4
2 5 4
3 5 4
t 200 15
m0 5 11
1 5 5
2 5 5
3 5 5
t 199 15
m0 5 11
1 5 4
2 5 4
3 5 4
t 198 15
m0 5 11
1 5 5
2 5 5
3 5 5
t 197 15
m0 5 11
1 5 4
2 5 4
3 5 4
t 196 15
m0 5 11
1 5 5
2 5 5
3 5 5
t 195 15
m0 5 11
1 5 4
2 5 4
3 5 4
t 194 15
m0 5 11
1 5 5
2 5 5
3 5 5
t 193 15
m0 5 11
1 5 4
2 5 4
3 5 4
t 192 15
m0 5 11
1 5 5
2 5 5
3 5 5
t 191 15
m0 5 11
1 5 4
2 5 4
3 5 4
t 190 15
m0 5 11
1 5 5
2 5 5
3 5 5
t 189 15
m0 5 11
1 5 4
2 5 4
3 5 4
t 188 15
m0 5 11
1 5 5
2 5 5
3 5 5
t 187 15
m0 5 11
1 5 4
2 5 4
3 5 4
t 186 15
m0 5 11
1 5 5
2 5 5
3 5 5
t 185 15
m0 5 11
1 5 4
2 5 4
3 5 4
t 184 15
m0 5 11
1 5 5
2 5 5
3 5 5
t 183 15
m0 5 11
1 5 4
2 5 4
3 5 4
t 182 15
m0 5 11
1 5 5
2 5 5
3 5 5
t 181 15
m0 5 11
1 5 4
2 5 4
3 5 4
t 180 15
m0 5 11
1 5 5
2 5 5
3 5 5
t 179 15
m0 5 11
1 5 4
2 5 4
3 5 4
t 178 15
m0 5 11
1 5 5
2 5 5
3 5 5
t 177 15
m0 5 11
1 5 4
2 5 4
3 5 4
t 176 15
m0 5 11
1 5 5
2 5 5
3 5 5
t 175 15
m0 5 11
1 5 4
2 5 4
3 5 4
t 174 15
m0 5 11
1 5 5
2 5 5
3 5 5
t 173 15
m0 5 11
1 5 4
2 5 4
3 5 4
t 172 15
m0 5 11
1 5 5
2 5 5
3 5 5
t 171 15
m0 5 11
1 5 4
2 5 4
3 5 4
t 170 15
m0 5 11
1 5 5
2 5 5
3 5 5
t 169 15
m0 5 11
1 5 4
2 5 4
3 5 4
t 168 15
m0 5 11
1 5 5
2 5 5
3 5 5
t 167 15
m0 5 11
1 5 4
2 5 4
3 5 4
t 166 15
m0 5 11
1 5 5
2 5 5
3 5 5
t 165 15
m0 5 11
1 5 4
2 5 4
3 5 4
t 164 15
m0 5 11
1 5 5
2 5 5
3 5 5
t 163 15
m0 5 11
1 5 4
2 5 4
3 5 4
t 162 15
m0 5 11
1 5 5
2 5 5
3 5 5
t 161 15
m0 5 11
1 5 4
2 5 4
3 5 4
t 160 15
m0 5 11
1 5 5
2 5 5
3 5 5
t 159 15
m0 5 11
1 5 4
2 5 4
3 5 4
t 158 15
m0 5 11
1 5 5
2 5 5
3 5 5
t 157 15
m0 5 11
1 5 4
2 5 4
3 5 4
t 156 15
m0 5 11
1 5 5
2 5 5
3 5 5
t 155 15
m0 5 11
1 5 4
2 5 4
3 5 4
t 154 15
m0 5 11
1 5 5
2 5 5
3 5 5
t 153 15
m0 5 11
1 5 4
2 5 4
3 5 4
t 152 15
m0 5 11
1 5 5
2 5 5
3 5 5
t 151 15
m0 5 11
1 5 4
2 5 4
3 5 4
t 150 15
m0 5 11
1 5 5
2 5 5
3 5 5
t 149 15
m0 5 11
1 5 4
2 5 4
3 5 4
t 148 15
m0 5 11
1 5 5
2 5 5
3 5 5
t 147 15
m0 5 11
1 5 4
2 5 4
3 5 4
t 146 15
m0 5 11
1 5 5
2 5 5
3 5 5
t 145 15
m0 5 11
1 5 4
2 5 4
3 5 4
t 144 15
m0 5 11
1 5 5
2 5 5
3 5 5
t 143 15
m0 5 11
1 5 4
2 5 4
3 5 4
t 142 15
m0 5 11
1 5 5
2 5 5
3 5 5
t 141 15
m0 5 11
1 5 4
2 5 4
3 5 4
t 140 15
m0 5 11
1 5 5
2 5 5
3 5 5
t 139 15
m0 5 11
1 5 4
2 5 4
3 5 4
t 138 15
m0 5 11
1 5 5
2 5 5
3 5 5
t 137 15
m0 5 11
1 5 4
2 5 4
3 5 4
t 136 15
m0 5 11
1 5 5
2 5 5
3 5 5
t 135 15
m0 5 11
1 5 4
2 5 4
3 5 4
t 134 15
m0 5 11
1 5 5
2 5 5
3 5 5
t 133 15
m0 5 11
1 5 4
2 5 4
3 5 4
t 132 15
m0 5 11
1 5 5
2 5 5
3 5 5
t 131 15
m0 5 11
1 5 4
2 5 4
3 5 4
t 130 15
m0 5 11
1 5 5
2 5 5
3 5 5
t 129 15
m0 5 11
1 5 4
2 5 4
3 5 4
t 128 15
m0 5 11
1 5 5
2 5 5
3 5 5
t 127 15
m0 5 11
1 5 4
2 5 4
3 5 4
t 126 15
m0 5 11
1 5 5
2 5 5
3 5 5
t 125 15
m0 5 11
1 5 4
2 5 4
3 5 4
t 124 15
m0 5 11
1 5 5
2 5 5
3 5 5
t 123 15
m0 5 11
1 5 4
2 5 4
3 5 4
t 122 15
m0 5 11
1 5 5
2 5 5
3 5 5
t 121 15
m0 5 11
1 5 4
2 5 4
3 5 4
t 120 15
m0 5 11
1 5 5
2 5 5
3 5 5
t 119 15
m0 5 11
1 5 4
2 5 4
3 5 4
t 118 15
m0 5 11
1 5 5
2 5 5
3 5 5
t 117 15
m0 5 11
1 5 4
2 5 4
3 5 4
t 116 15
m0 5 11
1 5 5
2 5 5
3 5 5
t 115 15
m0 5 11
1 5 4
2 5 4
3 5 4
t 114 15
m0 5 11
1 5 5
2 5 5
3 5 5
t 113 15
m0 5 11
1 5 4
2 5 4
3 5 4
t 112 15
m0 5 11
1 5 5
2 5 5
3 5 5
t 111 15
m0 5 11
1 5 4
2 5 4
3 5 4
t 110 15
m0 5 11
1 5 5
2 5 5
3 5 5
t 109 15
m0 5 11
1 5 4
2 5 4
3 5 4
t 108 15
m0 5 11
1 5 5
2 5 5
3 5 5
t 107 15
m0 5 11
1 5 4
2 5 4
3 5 4
t 106 15
m0 5 11
1 5 5
2 5 5
3 5 5
t 105 15
m0 5 11
1 5 4
2 5 4
3 5 4
t 104 15
m0 5 11
1 5 5
2 5 5
3 5 5
t 103 15
m0 5 11
1 5 4
2 5 4
3 5 4
t 102 15
m0 5 11
1 5 5
2 5 5
3 5 5
t 101 15
m0 5 11
1 5 4
2 5 4
3 5 4
t 100 15
m0 5 11
1 5 5
2 5 5
3 5 5
t 99 15
m0 5 11
1 5 4
2 5 4
3 5 4
t 98 15
m0 5 11
1 5 5
2 5 5
3 5 5
t 97 15
m0 5 11
1 5 4
2 5 4
3 5 4
t 96 15
m0 5 11
1 5 5
2 5 5
3 5 5
t 95 15
m0 5 11
1 5 4
2 5 4
3 5 4
t 94 15
m0 5 11
1 5 5
2 5 5
3 5 5
t 93 15
m0 5 11
1 5 4
2 5 4
3 5 4
t 92 15
m0 5 11
1 5 5
2 5 5
3 5 5
t 91 15
m0 5 11
1 5 4
2 5 4
3 5 4
t 90 15
m0 5 11
1 5 5
2 5 5
3 5 5
t 89 15
m0 5 11
1 5 4
2 5 4
3 5 4
t 88 15
m0 5 11
1 5 5
2 5 5
3 5 5
t 87 15
m0 5 11
1 5 4
2 5 4
3 5 4
t 86 15
m0 5 11
1 5 5
2 5 5
3 5 5
t 85 15
m0 5 11
1 5 4
2 5 4
3 5 4
t 84 15
m0 5 11
1 5 5
2 5 5
3 5 5
t 83 15
m0 5 11
1 5 4
2 5 4
3 5 4
t 82 15
m0 5 11
1 5 5
2 5 5
3 5 5
t 81 15
m0 5 11
1 5 4
2 5 4
3 5 4
t 80 15
m0 5 11
1 5 5
2 5 5
3 5 5
t 79 15
m0 5 11
1 5 4
2 5 4
3 5 4
t 78 15
m0 5 11
1 5 5
2 5 5
3 5 5
t 77 15
m0 5 11
1 5 4
2 5 4
3 5 4
t 76 15
m0 5 11
1 5 5
2 5 5
3 5 5
t 75 15
m0 5 11
1 5 4
2 5 4
3 5 4
t 74 15
m0 5 11
1 5 5
2 5 5
3 5 5
t 73 15
m0 5 11
1 5 4
2 5 4
3 5 4
t 72 15
m0 5 11
1 5 5
2 5 5
3 5 5
t 71 15
m0 5 11
1 5 4
2 5 4
3 5 4
t 70 15
m0 5 11
1 5 5
2 5 5
3 5 5
t 69 15
m0 5 11
1 5 4
2 5 4
3 5 4
t 68 15
m0 5 11
1 5 5
2 5 5
3 5 5
t 67 15
m0 5 11
1 5 4
2 5 4
3 5 4
t 66 15
m0 5 11
1 5 5
2 5 5
3 5 5
t 65 15
m0 5 11
1 5 4
2 5 4
3 5 4
t 64 15
m0 5 11
1 5 5
2 5 5
3 5 5
t 63 15
m0 5 11
1 5 4
2 5 4
3 5 4
t 62 15
m0 5 11
1 5 5
2 5 5
3 5 5
t 61 15
m0 5 11
1 5 4
2 5 4
3 5 4
t 60 15
m0 5 11
1 5 5
2 5 5
3 5 5
t 59 15
m0 5 11
1 5 4
2 5 4
3 5 4
t 58 15
m0 5 11
1 5 5
2 5 5
3 5 5
t 57 15
m0 5 11
1 5 4
2 5 4
3 5 4
t 56 15
m0 5 11
1 5 5
2 5 5
3 5 5
t 55 15
m0 5 11
1 5 4
2 5 4
3 5 4
t 54 15
m0 5 11
1 5 5
2 5 5
3 5 5
t 53 15
m0 5 11
1 5 4
2 5 4
3 5 4
t 52 15
m0 5 11
1 5 5
2 5 5
3 5 5
t 51 15
m0 5 11
1 5 4
2 5 4
3 5 4
t 50 15
m0 5 11
1 5 5
2 5 5
3 5 5
t 49 15
m0 5 11
1 5 4
2 5 4
3 5 4
t 48 15
m0 5 11
1 5 5
2 5 5
3 5 5
t 47 15
m0 5 11
1 5 4
2 5 4
3 5 4
t 46 15
m0 5 11
1 5 5
2 5 5
3 5 5
t 45 15
m0 5 11
1 5 4
2 5 4
3 5 4
t 44 15
m0 5 11
1 5 5
2 5 5
3 5 5
t 43 15
m0 5 11
1 5 4
2 5 4
3 5 4
t 42 15
m0 5 11
1 5 5
2 5 5
3 5 5
t 41 15
m0 5 11
1 5 4
2 5 4
3 5 4
t 40 15
m0 5 11
1 5 5
2 5 5
3 5 5
t 39 15
m0 5 11
1 5 4
2 5 4
3 5 4
t 38 15
m0 5 11
1 5 5
2 5 5
3 5 5
t 37 15
m0 5 11
1 5 4
2 5 4
3 5 4
t 36 15
m0 5 11
1 5 5
2 5 5
3 5 5
t 35 15
m0 5 11
1 5 4
2 5 4
3 5 4
t 34 15
m0 5 11
1 5 5
2 5 5
3 5 5
t 33 15
m0 5 11
1 5 4
2 5 4
3 5 4
t 32 15
m0 5 11
1 5 5
2 5 5
3 5 5
t 31 15
m0 5 11
1 5 4
2 5 4
3 5 4
t 30 15
m0 5 11
1 5 5
2 5 5
3 5 5
t 29 15
m0 5 11
1 5 4
2 5 4
3 5 4
t 28 15
m0 5 11
1 5 5
2 5 5
3 5 5
t 27 15
m0 5 11
1 5 4
2 5 4
3 5 4
t 26 15
m0 5 11
1 5 5
2 5 5
3 5 5
t 25 15
m0 5 11
1 5 4
2 5 4
3 5 4
t 24 15
m0 5 11
1 5 5
2 5 5
3 5 5
t 23 15
m0 5 11
1 5 4
2 5 4
3 5 4
t 22 15
m0 5 11
1 5 5
2 5 5
3 5 5
t 21 15
m0 5 11
1 5 4
2 5 4
3 5 4
t 20 15
m0 5 11
1 5 5
2 5 5
3 5 5
t 19 15
m0 5 11
1 5 4
2 5 4
3 5 4
t 18 15
m0 5 11
1 5 5
2 5 5
3 5 5
t 17 15
m0 5 11
1 5 4
2 5 4
3 5 4
t 16 15
m0 5 11
1 5 5
2 5 5
3 5 5
t 15 15
m0 5 11
1 5 4
2 5 4
3 5 4
t 14 15
m0 5 11
1 5 5
2 5 5
3 5 5
t 13 15
m0 5 11
1 5 4
2 5 4
3 5 4
t 12 15
m0 5 11
1 5 5
2 5 5
3 5 5
t 11 15
m0 5 11
1 5 4
2 5 4
3 5 4
t 10 15
m0 5 11
1 5 5
2 5 5
3 5 5
t 9 15
m0 5 11
1 5 4
2 5 4
3 5 4
t 8 15
m0 5 11
1 5 5
2 5 5
3 5 5
t 7 15
m0 5 11
1 5 4
2 5 4
3 5 4
t 6 15
m0 5 11
1 5 5
2 5 5
3 5 5
t 5 15
m0 5 11
1 5 4
2 5 4
3 5 4
t 4 15
m0 5 11
1 5 5
2 5 5
3 5 5
t 3 15
m0 5 11
1 5 4
2 5 4
3 5 4
t 2 15
m0 5 11
1 5 5
2 5 5
3 5 5
t 1 15
m0 5 11
1 5 5
2 5 5
3 5 5
t 0 15
