10
15
w 5 9
w 4 8
w 6 6
w 8 0
w 7 7
w 8 9
w 6 2
w 4 12
w 9 4
w 1 11
w 2 4
w 4 9
w 6 7
w 2 9
w 5 12
w 6 10
w 6 4
w 0 0
w 2 6
w 4 5
w 8 11
w 9 3
w 4 14
w 2 3
w 4 2
w 2 14
w 9 6
w 2 7
w 8 3
w 7 0
w 4 6
w 3 1
w 7 13
w 0 6
w 0 9
w 9 5
w 0 2
p 6 9
p 1 3
p 4 7
p 7 12
p 9 8
p 3 11
p 5 13
p 2 12
p 5 1
p 3 7
p 0 3
p 3 14
p 4 0
p 3 3
p 8 1
p 7 6
p 1 14
p 0 11
p 9 11
p 3 6
p 0 4
p 7 10
p 8 6
p 1 1
p 9 7
p 5 4
p 9 14
p 6 11
p 1 13
p 5 2
p 6 0
p 0 12
p 2 10
p 7 5
p 3 9
p 1 9
p 8 7
p 6 12
p 6 5
p 3 5
p 0 1
p 7 9
p 4 11
p 3 12
p 1 12
p 6 1
p 5 7
p 0 13
p 5 14
p 2 0
p 7 4
p 4 3
p 6 13
p 7 8
p 9 12
p 8 4
m0 0 14
1 9 0
2 9 0
3 9 0
t 300 0
m0 1 14
1 9 1
2 9 1
3 9 1
t 299 1
m0 1 13
1 9 0
2 9 0
3 9 0
t 298 2
m0 2 13
1 9 1
2 9 1
3 9 1
t 297 2
m0 3 13
1 9 0
2 9 0
3 9 0
t 296 2
m0 4 13
1 9 1
2 9 1
3 9 1
t 295 2
m0 5 13
1 9 0
2 9 0
3 9 0
t 294 3
m0 6 13
1 9 1
2 9 1
3 9 1
t 293 4
m0 6 12
1 9 0
2 9 0
3 9 0
t 292 5
m0 7 12
1 9 1
2 9 1
3 9 1
t 291 6
m0 8 12
1 9 0
2 9 0
3 9 0
t 290 6
m0 9 12
1 9 1
2 9 1
3 9 1
t 289 7
m0 9 11
1 9 0
2 9 0
3 9 0
t 288 8
m0 9 10
1 9 1
2 9 1
3 9 1
t 287 8
m0 9 9
1 9 0
2 9 0
3 9 0
t 286 8
m0 9 8
1 9 1
2 9 1
3 9 1
t 285 9
m0 9 7
1 9 0
2 9 0
3 9 0
t 284 10
m0 8 7
1 9 1
2 9 1
3 9 1
t 283 11
m0 9 7
1 9 0
2 9 0
3 9 0
t 282 11
m0 8 7
1 9 1
2 9 1
3 9 1
t 281 11
m0 9 7
1 9 0
2 9 0
3 9 0
t 280 11
m0 8 7
1 9 1
2 9 1
3 9 1
t 279 11
m0 9 7
1 9 0
2 9 0
3 9 0
t 278 11
m0 8 7
1 9 1
2 9 1
3 9 1
t 277 11
m0 9 7
1 9 0
2 9 0
3 9 0
t 276 11
m0 8 7
1 9 1
2 9 1
3 9 1
t 275 11
m0 9 7
1 9 0
2 9 0
3 9 0
t 274 11
m0 8 7
1 9 1
2 9 1
3 9 1
t 273 11
m0 9 7
1 9 0
2 9 0
3 9 0
t 272 11
m0 8 7
1 9 1
2 9 1
3 9 1
t 271 11
m0 9 7
1 9 0
2 9 0
3 9 0
t 270 11
m0 8 7
1 9 1
2 9 1
3 9 1
t 269 11
m0 9 7
1 9 0
2 9 0
3 9 0
t 268 11
m0 8 7
1 9 1
2 9 1
3 9 1
t 267 11
m0 9 7
1 9 0
2 9 0
3 9 0
t 266 11
m0 8 7
1 9 1
2 9 1
3 9 1
t 265 11
m0 9 7
1 9 0
2 9 0
3 9 0
t 264 11
m0 8 7
1 9 1
2 9 1
3 9 1
t 263 11
m0 9 7
1 9 0
2 9 0
3 9 0
t 262 11
m0 8 7
1 9 1
2 9 1
3 9 1
t 261 11
m0 9 7
1 9 0
2 9 0
3 9 0
t 260 11
m0 8 7
1 9 1
2 9 1
3 9 1
t 259 11
m0 9 7
1 9 0
2 9 0
3 9 0
t 258 11
m0 8 7
1 9 1
2 9 1
3 9 1
t 257 11
m0 9 7
1 9 0
2 9 0
3 9 0
t 256 11
m0 8 7
1 9 1
2 9 1
3 9 1
t 255 11
m0 9 7
1 9 0
2 9 0
3 9 0
t 254 11
m0 8 7
1 9 1
2 9 1
3 9 1
t 253 11
m0 9 7
1 9 0
2 9 0
3 9 0
t 252 11
m0 8 7
1 9 1
2 9 1
3 9 1
t 251 11
m0 9 7
1 9 0
2 9 0
3 9 0
t 250 11
m0 8 7
1 9 1
2 9 1
3 9 1
t 249 11
m0 9 7
1 9 0
2 9 0
3 9 0
t 248 11
m0 8 7
1 9 1
2 9 1
3 9 1
t 247 11
m0 9 7
1 9 0
2 9 0
3 9 0
t 246 11
m0 8 7
1 9 1
2 9 1
3 9 1
t 245 11
m0 9 7
1 9 0
2 9 0
3 9 0
t 244 11
m0 8 7
1 9 1
2 9 1
3 9 1
t 243 11
m0 9 7
1 9 0
2 9 0
3 9 0
t 242 11
m0 8 7
1 9 1
2 9 1
3 9 1
t 241 11
m0 9 7
1 9 0
2 9 0
3 9 0
t 240 11
m0 8 7
1 9 1
2 9 1
3 9 1
t 239 11
m0 8 7
1 9 0
2 9 0
3 9 0
f 9 11
t 238 11
m0 8 7
1 9 1
2 9 1
3 9 1
t 237 11
m0 9 7
1 9 0
2 9 0
3 9 0
t 236 11
m0 8 7
1 9 1
2 9 1
3 9 1
t 235 11
m0 8 7
1 9 0
2 9 0
3 9 0
t 234 11
m0 8 8
1 9 1
2 9 1
3 9 1
t 233 11
m0 7 8
1 9 0
2 9 0
3 9 0
t 232 12
m0 7 9
1 9 1
2 9 1
3 9 1
t 231 13
m0 7 10
1 9 0
2 9 0
3 9 0
t 230 14
m0 7 10
1 9 1
2 9 1
3 9 1
t 229 14
m0 7 9
1 9 0
2 9 0
3 9 0
t 228 14
m0 7 9
1 9 1
2 9 1
3 9 1
t 227 14
m0 6 9
1 9 0
2 9 0
3 9 0
t 226 15
m0 6 9
1 9 1
2 9 1
3 9 1
t 225 15
m0 6 9
1 9 0
2 9 0
3 9 0
t 224 15
m0 6 9
1 9 1
2 9 1
3 9 1
t 223 15
m0 6 9
1 9 0
2 9 0
3 9 0
t 222 15
m0 6 8
1 9 1
2 9 1
3 9 1
t 221 15
m0 6 8
1 9 0
2 9 0
3 9 0
t 220 15
m0 5 8
1 9 1
2 9 1
3 9 1
t 219 15
m0 5 7
1 9 0
2 9 0
3 9 0
t 218 16
m0 5 6
1 9 1
2 9 1
3 9 1
t 217 16
m0 5 7
1 9 0
2 9 0
3 9 0
t 216 16
m0 5 8
1 9 1
2 9 1
3 9 1
t 215 16
m0 6 8
1 9 0
2 9 0
3 9 0
t 214 16
m0 6 9
1 9 1
2 9 1
3 9 1
t 213 16
m0 6 9
1 9 0
2 9 0
3 9 0
t 212 16
m0 6 9
1 9 1
2 9 1
3 9 1
t 211 16
m0 6 9
1 9 0
2 9 0
3 9 0
t 210 16
m0 6 8
1 9 1
2 9 1
3 9 1
t 209 16
m0 5 8
1 9 0
2 9 0
3 9 0
t 208 16
m0 5 8
1 9 1
2 9 1
3 9 1
t 207 16
m0 5 8
1 9 0
2 9 0
3 9 0
t 206 16
m0 6 8
1 9 1
2 9 1
3 9 1
t 205 16
m0 6 8
1 9 0
2 9 0
3 9 0
t 204 16
m0 6 8
1 9 1
2 9 1
3 9 1
t 203 16
m0 6 9
1 9 0
2 9 0
3 9 0
t 202 16
m0 6 8
1 9 1
2 9 1
3 9 1
t 201 16
m0 6 8
1 9 0
2 9 0
3 9 0
t 200 16
m0 5 8
1 9 1
2 9 1
3 9 1
t 199 16
m0 5 8
1 9 0
2 9 0
3 9 0
t 198 16
m0 6 8
1 9 1
2 9 1
3 9 1
t 197 16
m0 5 8
1 9 0
2 9 0
3 9 0
t 196 16
m0 5 8
1 9 1
2 9 1
3 9 1
t 195 16
m0 5 8
1 9 0
2 9 0
3 9 0
t 194 16
m0 6 8
1 9 1
2 9 1
3 9 1
t 193 16
m0 6 8
1 9 0
2 9 0
3 9 0
t 192 16
m0 6 8
1 9 1
2 9 1
3 9 1
t 191 16
m0 5 8
1 9 0
2 9 0
3 9 0
t 190 16
m0 6 8
1 9 1
2 9 1
3 9 1
t 189 16
m0 5 8
1 9 0
2 9 0
3 9 0
t 188 16
m0 6 8
1 9 1
2 9 1
3 9 1
t 187 16
m0 5 8
1 9 0
2 9 0
3 9 0
t 186 16
m0 5 7
1 9 1
2 9 1
3 9 1
t 185 16
m0 5 8
1 9 0
2 9 0
3 9 0
t 184 16
m0 6 8
1 9 1
2 9 1
3 9 1
t 183 16
m0 5 8
1 9 0
2 9 0
3 9 0
t 182 16
m0 5 8
1 9 1
2 9 1
3 9 1
t 181 16
m0 5 7
1 9 0
2 9 0
3 9 0
t 180 16
m0 5 7
1 9 1
2 9 1
3 9 1
t 179 16
m0 5 7
1 9 0
2 9 0
3 9 0
t 178 16
m0 5 7
1 9 1
2 9 1
3 9 1
t 177 16
m0 5 8
1 9 0
2 9 0
3 9 0
t 176 16
m0 5 8
1 9 1
2 9 1
3 9 1
t 175 16
m0 6 8
1 9 0
2 9 0
3 9 0
t 174 16
m0 7 8
1 9 1
2 9 1
3 9 1
t 173 16
m0 7 9
1 9 0
2 9 0
3 9 0
t 172 16
m0 7 10
1 9 1
2 9 1
3 9 1
t 171 16
m0 7 9
1 9 0
2 9 0
3 9 0
t 170 16
m0 7 10
1 9 1
2 9 1
3 9 1
t 169 16
m0 7 11
1 9 0
2 9 0
3 9 0
t 168 16
m0 7 12
1 9 1
2 9 1
3 9 1
t 167 16
m0 7 12
1 9 0
2 9 0
3 9 0
t 166 16
m0 6 12
1 9 1
2 9 1
3 9 1
t 165 16
m0 6 11
1 9 0
2 9 0
3 9 0
t 164 17
m0 5 11
1 9 1
2 9 1
3 9 1
t 163 17
m0 6 11
1 9 0
2 9 0
3 9 0
t 162 17
m0 7 11
1 9 1
2 9 1
3 9 1
t 161 17
m0 7 10
1 9 0
2 9 0
3 9 0
t 160 17
m0 7 9
1 9 1
2 9 1
3 9 1
t 159 17
m0 7 9
1 9 0
2 9 0
3 9 0
t 158 17
m0 6 9
1 9 1
2 9 1
3 9 1
t 157 17
m0 6 8
1 9 0
2 9 0
3 9 0
t 156 17
m0 6 8
1 9 1
2 9 1
3 9 1
t 155 17
m0 6 8
1 9 0
2 9 0
3 9 0
t 154 17
m0 6 9
1 9 1
2 9 1
3 9 1
t 153 17
m0 6 9
1 9 0
2 9 0
3 9 0
t 152 17
m0 7 9
1 9 1
2 9 1
3 9 1
t 151 17
m0 6 9
1 9 0
2 9 0
3 9 0
t 150 17
m0 6 9
1 9 1
2 9 1
3 9 1
t 149 17
m0 7 9
1 9 0
2 9 0
3 9 0
t 148 17
m0 7 9
1 9 1
2 9 1
3 9 1
t 147 17
m0 7 10
1 9 0
2 9 0
3 9 0
t 146 17
m0 7 10
1 9 1
2 9 1
3 9 1
t 145 17
m0 7 10
1 9 0
2 9 0
3 9 0
t 144 17
m0 7 11
1 9 1
2 9 1
3 9 1
t 143 17
m0 7 10
1 9 0
2 9 0
3 9 0
t 142 17
m0 7 9
1 9 1
2 9 1
3 9 1
t 141 17
m0 7 10
1 9 0
2 9 0
3 9 0
t 140 17
m0 7 9
1 9 1
2 9 1
3 9 1
t 139 17
m0 7 8
1 9 0
2 9 0
3 9 0
t 138 17
m0 7 8
1 9 1
2 9 1
3 9 1
t 137 17
m0 7 9
1 9 0
2 9 0
3 9 0
t 136 17
m0 7 10
1 9 1
2 9 1
3 9 1
t 135 17
m0 7 10
1 9 0
2 9 0
3 9 0
t 134 17
m0 7 11
1 9 1
2 9 1
3 9 1
t 133 17
m0 7 12
1 9 0
2 9 0
3 9 0
t 132 17
m0 8 12
1 9 1
2 9 1
3 9 1
t 131 17
m0 9 12
1 9 0
2 9 0
3 9 0
t 130 17
m0 9 13
1 9 1
2 9 1
3 9 1
t 129 17
m0 8 13
1 9 0
2 9 0
3 9 0
t 128 17
m0 8 14
1 9 1
2 9 1
3 9 1
t 127 17
m0 8 14
1 9 0
2 9 0
3 9 0
t 126 17
m0 8 14
1 9 1
2 9 1
3 9 1
t 125 17
m0 7 14
1 9 0
2 9 0
3 9 0
t 124 17
m0 7 14
1 9 1
2 9 1
3 9 1
t 123 17
m0 7 14
1 9 0
2 9 0
3 9 0
t 122 17
m0 6 14
1 9 1
2 9 1
3 9 1
t 121 17
m0 6 14
1 9 0
2 9 0
3 9 0
t 120 17
m0 6 13
1 9 1
2 9 1
3 9 1
t 119 17
m0 6 14
1 9 0
2 9 0
3 9 0
t 118 17
m0 6 14
1 9 1
2 9 1
3 9 1
t 117 17
m0 7 14
1 9 0
2 9 0
3 9 0
t 116 17
m0 7 14
1 9 1
2 9 1
3 9 1
t 115 17
m0 7 14
1 9 0
2 9 0
3 9 0
t 114 17
m0 8 14
1 9 1
2 9 1
3 9 1
t 113 17
m0 8 13
1 9 0
2 9 0
3 9 0
t 112 17
m0 8 12
1 9 1
2 9 1
3 9 1
t 111 17
m0 8 13
1 9 0
2 9 0
3 9 0
t 110 17
m0 9 13
1 9 1
2 9 1
3 9 1
t 109 17
m0 9 13
1 9 0
2 9 0
3 9 0
t 108 17
m0 9 12
1 9 1
2 9 1
3 9 1
t 107 17
m0 9 11
1 9 0
2 9 0
3 9 0
t 106 27
m0 9 10
1 9 1
2 9 1
3 9 1
t 105 27
m0 9 9
1 9 0
2 9 0
3 9 0
t 104 27
m0 9 8
1 9 1
2 9 1
3 9 1
t 103 27
m0 9 7
1 9 0
2 9 0
3 9 0
t 102 27
m0 8 7
1 9 1
2 9 1
3 9 1
t 101 27
m0 8 8
1 9 0
2 9 0
3 9 0
f 2 13
t 100 27
m0 9 8
1 9 1
2 9 1
3 9 1
t 99 27
m0 9 9
1 9 0
2 9 0
3 9 0
t 98 27
m0 9 10
1 9 1
2 9 1
3 9 1
t 97 27
m0 9 9
1 9 0
2 9 0
3 9 0
t 96 27
m0 9 10
1 9 1
2 9 1
3 9 1
t 95 27
m0 9 11
1 9 0
2 9 0
3 9 0
t 94 27
m0 9 12
1 9 1
2 9 1
3 9 1
t 93 27
m0 9 11
1 9 0
2 9 0
3 9 0
t 92 27
m0 9 10
1 9 1
2 9 1
3 9 1
t 91 27
m0 8 10
1 9 0
2 9 0
3 9 0
t 90 27
m0 7 10
1 9 1
2 9 1
3 9 1
t 89 27
m0 7 10
1 9 0
2 9 0
3 9 0
t 88 27
m0 7 10
1 9 1
2 9 1
3 9 1
t 87 27
m0 7 9
1 9 0
2 9 0
3 9 0
t 86 27
m0 7 9
1 9 1
2 9 1
3 9 1
t 85 27
m0 7 8
1 9 0
2 9 0
3 9 0
t 84 27
m0 6 8
1 9 1
2 9 1
3 9 1
t 83 27
m0 6 8
1 9 0
2 9 0
3 9 0
t 82 27
m0 6 8
1 9 1
2 9 1
3 9 1
t 81 27
m0 7 8
1 9 0
2 9 0
3 9 0
t 80 27
m0 7 9
1 9 1
2 9 1
3 9 1
t 79 27
m0 7 9
1 9 0
2 9 0
3 9 0
t 78 27
m0 7 8
1 9 1
2 9 1
3 9 1
t 77 27
m0 7 9
1 9 0
2 9 0
3 9 0
t 76 27
m0 7 8
1 9 1
2 9 1
3 9 1
t 75 27
m0 8 8
1 9 0
2 9 0
3 9 0
t 74 27
m0 8 7
1 9 1
2 9 1
3 9 1
t 73 27
m0 8 8
1 9 0
2 9 0
3 9 0
t 72 27
m0 8 7
1 9 1
2 9 1
3 9 1
t 71 27
m0 9 7
1 9 0
2 9 0
3 9 0
t 70 27
m0 9 7
1 9 1
2 9 1
3 9 1
t 69 27
m0 8 7
1 9 0
2 9 0
3 9 0
t 68 27
m0 9 7
1 9 1
2 9 1
3 9 1
t 67 27
m0 8 7
1 9 0
2 9 0
3 9 0
t 66 27
m0 8 6
1 9 1
2 9 1
3 9 1
t 65 28
m0 8 6
1 9 0
2 9 0
3 9 0
t 64 28
m0 8 5
1 9 1
2 9 1
3 9 1
t 63 28
m0 8 4
1 9 0
2 9 0
3 9 0
t 62 29
m0 7 4
1 9 1
2 9 1
3 9 1
t 61 30
m0 7 4
1 9 0
2 9 0
3 9 0
t 60 30
m0 7 4
1 9 1
2 9 1
3 9 1
t 59 30
m0 7 4
1 9 0
2 9 0
3 9 0
t 58 30
m0 7 5
1 9 1
2 9 1
3 9 1
t 57 31
m0 8 5
1 9 0
2 9 0
3 9 0
t 56 31
m0 8 4
1 9 1
2 9 1
3 9 1
t 55 31
m0 7 4
1 9 0
2 9 0
3 9 0
t 54 31
m0 8 4
1 9 1
2 9 1
3 9 1
t 53 31
m0 8 5
1 9 0
2 9 0
3 9 0
t 52 31
m0 8 5
1 9 1
2 9 1
3 9 1
t 51 31
m0 8 6
1 9 0
2 9 0
3 9 0
t 50 31
m0 8 6
1 9 1
2 9 1
3 9 1
t 49 31
m0 7 6
1 9 0
2 9 0
3 9 0
t 48 32
m0 7 5
1 9 1
2 9 1
3 9 1
t 47 32
m0 7 4
1 9 0
2 9 0
3 9 0
t 46 32
m0 7 5
1 9 1
2 9 1
3 9 1
t 45 32
m0 6 5
1 9 0
2 9 0
3 9 0
t 44 33
m0 5 5
1 9 1
2 9 1
3 9 1
t 43 33
m0 5 5
1 9 0
2 9 0
3 9 0
t 42 33
m0 5 4
1 9 1
2 9 1
3 9 1
t 41 34
m0 5 4
1 9 0
2 9 0
3 9 0
t 40 34
m0 5 3
1 9 1
2 9 1
3 9 1
t 39 34
m0 5 2
1 9 0
2 9 0
3 9 0
t 38 35
m0 5 3
1 9 1
2 9 1
3 9 1
t 37 35
m0 5 2
1 9 0
2 9 0
3 9 0
t 36 35
m0 5 2
1 9 1
2 9 1
3 9 1
t 35 35
m0 5 1
1 9 0
2 9 0
3 9 0
t 34 36
m0 5 2
1 9 1
2 9 1
3 9 1
t 33 36
m0 5 2
1 9 0
2 9 0
3 9 0
t 32 36
m0 5 3
1 9 1
2 9 1
3 9 1
t 31 36
m0 5 3
1 9 0
2 9 0
3 9 0
t 30 36
m0 6 3
1 9 1
2 9 1
3 9 1
t 29 36
m0 7 3
1 9 0
2 9 0
3 9 0
t 28 36
m0 7 3
1 9 1
2 9 1
3 9 1
t 27 36
m0 7 4
1 9 0
2 9 0
3 9 0
t 26 36
m0 7 4
1 9 1
2 9 1
3 9 1
t 25 36
m0 7 5
1 9 0
2 9 0
3 9 0
t 24 36
m0 7 4
1 9 1
2 9 1
3 9 1
t 23 36
m0 7 5
1 9 0
2 9 0
3 9 0
t 22 36
m0 8 5
1 9 1
2 9 1
3 9 1
t 21 36
m0 7 5
1 9 0
2 9 0
3 9 0
t 20 36
m0 7 5
1 9 1
2 9 1
3 9 1
t 19 36
m0 7 5
1 9 0
2 9 0
3 9 0
t 18 36
m0 7 4
1 9 1
2 9 1
3 9 1
t 17 36
m0 7 3
1 9 0
2 9 0
3 9 0
t 16 36
m0 6 3
1 9 1
2 9 1
3 9 1
t 15 36
m0 7 3
1 9 0
2 9 0
3 9 0
t 14 36
m0 6 3
1 9 1
2 9 1
3 9 1
t 13 36
m0 5 3
1 9 0
2 9 0
3 9 0
t 12 36
m0 5 3
1 9 1
2 9 1
3 9 1
t 11 36
m0 6 3
1 9 0
2 9 0
3 9 0
t 10 36
m0 7 3
1 9 1
2 9 1
3 9 1
t 9 36
m0 7 3
1 9 0
2 9 0
3 9 0
t 8 36
m0 6 3
1 9 1
2 9 1
3 9 1
t 7 36
m0 5 3
1 9 0
2 9 0
3 9 0
t 6 36
m0 6 3
1 9 1
2 9 1
3 9 1
t 5 36
m0 5 3
1 9 0
2 9 0
3 9 0
t 4 36
m0 6 3
1 9 1
2 9 1
3 9 1
t 3 36
m0 7 3
1 9 0
2 9 0
3 9 0
t 2 36
m0 6 3
1 9 1
2 9 1
3 9 1
t 1 36
m0 7 3
1 9 1
2 9 1
3 9 1
t 0 36
