10
15
w 5 9
w 4 7
w 1 3
w 8 13
w 3 0
w 2 8
w 7 11
w 8 5
w 7 2
w 8 14
w 6 7
w 3 3
w 2 9
w 8 1
w 6 10
w 4 13
w 1 5
w 3 6
w 6 4
w 7 14
w 8 2
w 3 13
w 4 5
w 1 13
w 8 7
w 6 12
w 6 5
w 7 9
w 0 1
w 5 3
w 3 1
w 2 11
w 9 9
w 1 7
w 0 9
w 3 4
w 8 4
p 7 3
p 9 1
p 4 8
p 9 8
p 8 0
p 5 13
p 7 7
p 8 9
p 2 12
p 3 7
p 1 11
p 5 8
p 6 14
p 1 2
p 5 5
p 5 12
p 3 10
p 4 4
p 1 14
p 7 6
p 8 10
p 6 3
p 2 13
p 9 11
p 5 0
p 7 10
p 2 2
p 8 6
p 4 10
p 5 4
p 2 6
p 6 11
p 2 10
p 0 12
p 9 10
p 2 3
p 0 5
p 4 2
p 1 0
p 3 5
p 9 13
p 8 3
p 5 10
p 6 8
p 8 12
p 7 13
p 5 7
p 0 13
p 3 8
p 5 14
p 1 8
p 8 8
p 2 0
p 9 5
p 5 2
p 9 12
m0 0 14
1 9 0
2 9 0
3 9 0
t 300 0
m0 1 14
1 8 0
2 8 0
3 8 0
t 299 1
m0 0 14
1 9 0
2 9 0
3 9 0
f 8 11
t 298 1
m0 0 13
1 8 0
2 8 0
3 8 0
t 297 2
m0 0 12
1 9 0
2 9 0
3 9 0
t 296 3
m0 1 12
1 8 0
2 8 0
3 8 0
t 295 3
m0 2 12
1 9 0
2 9 0
3 9 0
t 294 4
m0 2 13
1 8 0
2 8 0
3 8 0
t 293 5
m0 2 12
1 9 0
2 9 0
3 9 0
t 292 5
m0 1 12
1 8 0
2 8 0
3 8 0
t 291 5
m0 1 11
1 9 0
2 9 0
3 9 0
t 290 6
m0 1 10
1 8 0
2 8 0
3 8 0
t 289 6
m0 2 10
1 9 0
2 9 0
3 9 0
t 288 7
m0 3 10
1 8 0
2 8 0
3 8 0
t 287 8
m0 4 10
1 9 0
2 9 0
3 9 0
t 286 9
m0 5 10
1 8 0
2 8 0
3 8 0
t 285 10
m0 5 11
1 9 0
2 9 0
3 9 0
t 284 10
m0 5 12
1 8 0
2 8 0
3 8 0
t 283 11
m0 5 13
1 9 0
2 9 0
3 9 0
t 282 12
m0 5 14
1 8 0
2 8 0
3 8 0
t 281 13
m0 6 14
1 9 0
2 9 0
3 9 0
t 280 14
m0 6 13
1 8 0
2 8 0
3 8 0
t 279 14
m0 7 13
1 9 0
2 9 0
3 9 0
t 278 15
m0 7 12
1 8 0
2 8 0
3 8 0
t 277 15
m0 8 12
1 9 0
2 9 0
3 9 0
t 276 16
m0 9 12
1 8 0
2 8 0
3 8 0
t 275 17
m0 9 13
1 9 0
2 9 0
3 9 0
t 274 18
m0 9 12
1 8 0
2 8 0
3 8 0
t 273 18
m0 9 11
1 9 0
2 9 0
3 9 0
t 272 19
m0 9 10
1 8 0
2 8 0
3 8 0
t 271 20
m0 8 10
1 9 0
2 9 0
3 9 0
t 270 21
m0 7 10
1 8 0
2 8 0
3 8 0
t 269 22
m0 8 10
1 9 0
2 9 0
3 9 0
t 268 22
m0 8 9
1 8 0
2 8 0
3 8 0
t 267 23
m0 8 8
1 9 0
2 9 0
3 9 0
t 266 24
m0 9 8
1 8 0
2 8 0
3 8 0
t 265 25
m0 9 7
1 9 0
2 9 0
3 9 0
t 264 25
m0 9 6
1 8 0
2 8 0
3 8 0
t 263 25
m0 9 5
1 9 0
2 9 0
3 9 0
t 262 26
m0 9 6
1 8 0
2 8 0
3 8 0
t 261 26
m0 8 6
1 9 0
2 9 0
3 9 0
t 260 27
m0 7 6
1 8 0
2 8 0
3 8 0
t 259 28
m0 7 7
1 9 0
2 9 0
3 9 0
t 258 29
m0 7 8
1 8 0
2 8 0
3 8 0
t 257 29
m0 6 8
1 9 0
2 9 0
3 9 0
t 256 30
m0 5 8
1 8 0
2 8 0
3 8 0
t 255 31
m0 4 8
1 9 0
2 9 0
3 9 0
t 254 32
m0 3 8
1 8 0
2 8 0
3 8 0
t 253 33
m0 3 7
1 9 0
2 9 0
3 9 0
t 252 34
m0 2 7
1 8 0
2 8 0
3 8 0
t 251 34
m0 2 6
1 9 0
2 9 0
3 9 0
t 250 35
m0 2 5
1 8 0
2 8 0
3 8 0
t 249 35
m0 3 5
1 9 0
2 9 0
3 9 0
t 248 36
m0 2 5
1 8 0
2 8 0
3 8 0
t 247 36
m0 2 4
1 9 0
2 9 0
3 9 0
t 246 36
m0 2 3
1 8 0
2 8 0
3 8 0
t 245 37
m0 2 2
1 9 0
2 9 0
3 9 0
t 244 38
m0 1 2
1 8 0
2 8 0
3 8 0
t 243 39
m0 1 1
1 9 0
2 9 0
3 9 0
t 242 39
m0 1 0
1 8 0
2 8 0
3 8 0
t 241 40
m0 2 0
1 9 0
2 9 0
3 9 0
t 240 41
m0 2 1
1 8 0
2 8 0
3 8 0
t 239 41
m0 2 2
1 9 0
2 9 0
3 9 0
t 238 41
m0 3 2
1 8 0
2 8 0
3 8 0
t 237 41
m0 4 2
1 9 0
2 9 0
3 9 0
t 236 42
m0 5 2
1 8 0
2 8 0
3 8 0
t 235 43
m0 4 2
1 9 0
2 9 0
3 9 0
t 234 43
m0 4 3
1 8 0
2 8 0
3 8 0
t 233 43
m0 4 4
1 9 0
2 9 0
3 9 0
t 232 44
m0 5 4
1 8 0
2 8 0
3 8 0
t 231 45
m0 5 5
1 9 0
2 9 0
3 9 0
t 230 46
m0 5 6
1 8 0
2 8 0
3 8 0
t 229 46
m0 5 7
1 9 0
2 9 0
3 9 0
t 228 47
m0 5 8
1 8 0
2 8 0
3 8 0
t 227 47
m0 4 8
1 9 0
2 9 0
3 9 0
t 226 47
m0 3 8
1 8 0
2 8 0
3 8 0
t 225 47
m0 3 8
1 9 0
2 9 0
3 9 0
t 224 47
m0 3 8
1 8 0
2 8 0
3 8 0
t 223 47
m0 3 8
1 9 0
2 9 0
3 9 0
t 222 47
m0 3 8
1 8 0
2 8 0
3 8 0
t 221 47
m0 3 8
1 9 0
2 9 0
3 9 0
t 220 47
m0 3 8
1 8 0
2 8 0
3 8 0
t 219 47
m0 3 8
1 9 0
2 9 0
3 9 0
t 218 47
m0 3 8
1 8 0
2 8 0
3 8 0
t 217 47
m0 3 8
1 9 0
2 9 0
3 9 0
t 216 47
m0 3 8
1 8 0
2 8 0
3 8 0
t 215 47
m0 3 8
1 9 0
2 9 0
3 9 0
t 214 47
m0 3 8
1 8 0
2 8 0
3 8 0
t 213 47
m0 3 8
1 9 0
2 9 0
3 9 0
t 212 47
m0 3 8
1 8 0
2 8 0
3 8 0
t 211 47
m0 3 8
1 9 0
2 9 0
3 9 0
t 210 47
m0 3 8
1 8 0
2 8 0
3 8 0
t 209 47
m0 3 8
1 9 0
2 9 0
3 9 0
t 208 47
m0 3 8
1 8 0
2 8 0
3 8 0
t 207 47
m0 3 8
1 9 0
2 9 0
3 9 0
t 206 47
m0 3 8
1 8 0
2 8 0
3 8 0
t 205 47
m0 3 8
1 9 0
2 9 0
3 9 0
t 204 47
m0 3 8
1 8 0
2 8 0
3 8 0
t 203 47
m0 3 8
1 9 0
2 9 0
3 9 0
t 202 47
m0 3 8
1 8 0
2 8 0
3 8 0
t 201 47
m0 3 8
1 9 0
2 9 0
3 9 0
t 200 47
m0 3 8
1 8 0
2 8 0
3 8 0
t 199 47
m0 3 8
1 9 0
2 9 0
3 9 0
t 198 47
m0 3 8
1 8 0
2 8 0
3 8 0
t 197 47
m0 3 8
1 9 0
2 9 0
3 9 0
t 196 47
m0 3 8
1 8 0
2 8 0
3 8 0
t 195 47
m0 3 8
1 9 0
2 9 0
3 9 0
t 194 47
m0 3 8
1 8 0
2 8 0
3 8 0
t 193 47
m0 3 8
1 9 0
2 9 0
3 9 0
t 192 47
m0 3 8
1 8 0
2 8 0
3 8 0
t 191 47
m0 3 8
1 9 0
2 9 0
3 9 0
t 190 47
m0 3 8
1 8 0
2 8 0
3 8 0
t 189 47
m0 3 8
1 9 0
2 9 0
3 9 0
t 188 47
m0 3 8
1 8 0
2 8 0
3 8 0
t 187 47
m0 3 8
1 9 0
2 9 0
3 9 0
t 186 47
m0 3 8
1 8 0
2 8 0
3 8 0
t 185 47
m0 3 8
1 9 0
2 9 0
3 9 0
t 184 47
m0 3 8
1 8 0
2 8 0
3 8 0
t 183 47
m0 3 8
1 9 0
2 9 0
3 9 0
t 182 47
m0 3 8
1 8 0
2 8 0
3 8 0
t 181 47
m0 3 8
1 9 0
2 9 0
3 9 0
t 180 47
m0 3 8
1 8 0
2 8 0
3 8 0
t 179 47
m0 3 8
1 9 0
2 9 0
3 9 0
t 178 47
m0 3 8
1 8 0
2 8 0
3 8 0
t 177 47
m0 3 8
1 9 0
2 9 0
3 9 0
t 176 47
m0 3 8
1 8 0
2 8 0
3 8 0
t 175 47
m0 3 8
1 9 0
2 9 0
3 9 0
t 174 47
m0 3 8
1 8 0
2 8 0
3 8 0
t 173 47
m0 3 8
1 9 0
2 9 0
3 9 0
t 172 47
m0 3 8
1 8 0
2 8 0
3 8 0
t 171 47
m0 3 8
1 9 0
2 9 0
3 9 0
t 170 47
m0 3 8
1 8 0
2 8 0
3 8 0
t 169 47
m0 3 8
1 9 0
2 9 0
3 9 0
t 168 47
m0 3 8
1 8 0
2 8 0
3 8 0
t 167 47
m0 3 8
1 9 0
2 9 0
3 9 0
t 166 47
m0 3 8
1 8 0
2 8 0
3 8 0
t 165 47
m0 3 8
1 9 0
2 9 0
3 9 0
t 164 47
m0 3 8
1 8 0
2 8 0
3 8 0
t 163 47
m0 3 8
1 9 0
2 9 0
3 9 0
t 162 47
m0 3 8
1 8 0
2 8 0
3 8 0
t 161 47
m0 3 8
1 9 0
2 9 0
3 9 0
t 160 47
m0 3 8
1 8 0
2 8 0
3 8 0
t 159 47
m0 3 8
1 9 0
2 9 0
3 9 0
t 158 47
m0 3 8
1 8 0
2 8 0
3 8 0
t 157 47
m0 3 8
1 9 0
2 9 0
3 9 0
t 156 47
m0 3 8
1 8 0
2 8 0
3 8 0
t 155 47
m0 3 8
1 9 0
2 9 0
3 9 0
t 154 47
m0 3 8
1 8 0
2 8 0
3 8 0
t 153 47
m0 3 8
1 9 0
2 9 0
3 9 0
t 152 47
m0 3 8
1 8 0
2 8 0
3 8 0
t 151 47
m0 3 8
1 9 0
2 9 0
3 9 0
t 150 47
m0 3 8
1 8 0
2 8 0
3 8 0
t 149 47
m0 3 8
1 9 0
2 9 0
3 9 0
t 148 47
m0 3 8
1 8 0
2 8 0
3 8 0
t 147 47
m0 3 8
1 9 0
2 9 0
3 9 0
t 146 47
m0 3 8
1 8 0
2 8 0
3 8 0
t 145 47
m0 3 8
1 9 0
2 9 0
3 9 0
t 144 47
m0 3 8
1 8 0
2 8 0
3 8 0
t 143 47
m0 3 8
1 9 0
2 9 0
3 9 0
t 142 47
m0 3 8
1 8 0
2 8 0
3 8 0
t 141 47
m0 3 8
1 9 0
2 9 0
3 9 0
t 140 47
m0 3 8
1 8 0
2 8 0
3 8 0
t 139 47
m0 3 8
1 9 0
2 9 0
3 9 0
t 138 47
m0 3 8
1 8 0
2 8 0
3 8 0
t 137 47
m0 3 8
1 9 0
2 9 0
3 9 0
t 136 47
m0 3 8
1 8 0
2 8 0
3 8 0
t 135 47
m0 3 8
1 9 0
2 9 0
3 9 0
t 134 47
m0 3 8
1 8 0
2 8 0
3 8 0
t 133 47
m0 3 8
1 9 0
2 9 0
3 9 0
t 132 47
m0 3 8
1 8 0
2 8 0
3 8 0
t 131 47
m0 3 8
1 9 0
2 9 0
3 9 0
t 130 47
m0 3 8
1 8 0
2 8 0
3 8 0
t 129 47
m0 3 8
1 9 0
2 9 0
3 9 0
t 128 47
m0 3 8
1 8 0
2 8 0
3 8 0
t 127 47
m0 3 8
1 9 0
2 9 0
3 9 0
t 126 47
m0 3 8
1 8 0
2 8 0
3 8 0
t 125 47
m0 3 8
1 9 0
2 9 0
3 9 0
t 124 47
m0 3 8
1 8 0
2 8 0
3 8 0
t 123 47
m0 3 8
1 9 0
2 9 0
3 9 0
t 122 47
m0 3 8
1 8 0
2 8 0
3 8 0
t 121 47
m0 3 8
1 9 0
2 9 0
3 9 0
t 120 47
m0 3 8
1 8 0
2 8 0
3 8 0
t 119 47
m0 3 8
1 9 0
2 9 0
3 9 0
t 118 47
m0 3 8
1 8 0
2 8 0
3 8 0
t 117 47
m0 3 8
1 9 0
2 9 0
3 9 0
t 116 47
m0 3 8
1 8 0
2 8 0
3 8 0
t 115 47
m0 3 8
1 9 0
2 9 0
3 9 0
t 114 47
m0 3 8
1 8 0
2 8 0
3 8 0
t 113 47
m0 3 8
1 9 0
2 9 0
3 9 0
t 112 47
m0 3 8
1 8 0
2 8 0
3 8 0
t 111 47
m0 3 8
1 9 0
2 9 0
3 9 0
t 110 47
m0 3 8
1 8 0
2 8 0
3 8 0
t 109 47
m0 3 8
1 9 0
2 9 0
3 9 0
t 108 47
m0 3 8
1 8 0
2 8 0
3 8 0
t 107 47
m0 3 8
1 9 0
2 9 0
3 9 0
t 106 47
m0 3 8
1 8 0
2 8 0
3 8 0
t 105 47
m0 3 8
1 9 0
2 9 0
3 9 0
t 104 47
m0 3 8
1 8 0
2 8 0
3 8 0
t 103 47
m0 3 8
1 9 0
2 9 0
3 9 0
t 102 47
m0 3 8
1 8 0
2 8 0
3 8 0
t 101 47
m0 3 8
1 9 0
2 9 0
3 9 0
t 100 47
m0 3 8
1 8 0
2 8 0
3 8 0
t 99 47
m0 3 8
1 9 0
2 9 0
3 9 0
t 98 47
m0 3 8
1 8 0
2 8 0
3 8 0
t 97 47
m0 3 8
1 9 0
2 9 0
3 9 0
t 96 47
m0 3 8
1 8 0
2 8 0
3 8 0
t 95 47
m0 3 8
1 9 0
2 9 0
3 9 0
t 94 47
m0 3 8
1 8 0
2 8 0
3 8 0
t 93 47
m0 3 8
1 9 0
2 9 0
3 9 0
t 92 47
m0 3 8
1 8 0
2 8 0
3 8 0
t 91 47
m0 3 8
1 9 0
2 9 0
3 9 0
t 90 47
m0 3 8
1 8 0
2 8 0
3 8 0
t 89 47
m0 3 8
1 9 0
2 9 0
3 9 0
t 88 47
m0 3 8
1 8 0
2 8 0
3 8 0
t 87 47
m0 3 8
1 9 0
2 9 0
3 9 0
t 86 47
m0 3 8
1 8 0
2 8 0
3 8 0
t 85 47
m0 3 8
1 9 0
2 9 0
3 9 0
t 84 47
m0 3 8
1 8 0
2 8 0
3 8 0
t 83 47
m0 3 8
1 9 0
2 9 0
3 9 0
t 82 47
m0 3 8
1 8 0
2 8 0
3 8 0
t 81 47
m0 3 8
1 9 0
2 9 0
3 9 0
t 80 47
m0 3 8
1 8 0
2 8 0
3 8 0
t 79 47
m0 3 8
1 9 0
2 9 0
3 9 0
t 78 47
m0 3 8
1 8 0
2 8 0
3 8 0
t 77 47
m0 3 8
1 9 0
2 9 0
3 9 0
t 76 47
m0 3 8
1 8 0
2 8 0
3 8 0
t 75 47
m0 3 8
1 9 0
2 9 0
3 9 0
t 74 47
m0 3 8
1 8 0
2 8 0
3 8 0
t 73 47
m0 3 8
1 9 0
2 9 0
3 9 0
t 72 47
m0 3 8
1 8 0
2 8 0
3 8 0
t 71 47
m0 3 8
1 9 0
2 9 0
3 9 0
t 70 47
m0 3 8
1 8 0
2 8 0
3 8 0
t 69 47
m0 3 8
1 9 0
2 9 0
3 9 0
t 68 47
m0 3 8
1 8 0
2 8 0
3 8 0
t 67 47
m0 3 8
1 9 0
2 9 0
3 9 0
t 66 47
m0 3 8
1 8 0
2 8 0
3 8 0
t 65 47
m0 3 8
1 9 0
2 9 0
3 9 0
t 64 47
m0 3 8
1 8 0
2 8 0
3 8 0
t 63 47
m0 3 8
1 9 0
2 9 0
3 9 0
t 62 47
m0 3 8
1 8 0
2 8 0
3 8 0
t 61 47
m0 3 8
1 9 0
2 9 0
3 9 0
t 60 47
m0 3 8
1 8 0
2 8 0
3 8 0
t 59 47
m0 3 8
1 9 0
2 9 0
3 9 0
t 58 47
m0 3 8
1 8 0
2 8 0
3 8 0
t 57 47
m0 3 8
1 9 0
2 9 0
3 9 0
t 56 47
m0 3 8
1 8 0
2 8 0
3 8 0
t 55 47
m0 3 8
1 9 0
2 9 0
3 9 0
t 54 47
m0 3 8
1 8 0
2 8 0
3 8 0
t 53 47
m0 3 8
1 9 0
2 9 0
3 9 0
t 52 47
m0 3 8
1 8 0
2 8 0
3 8 0
t 51 47
m0 3 8
1 9 0
2 9 0
3 9 0
t 50 47
m0 3 8
1 8 0
2 8 0
3 8 0
t 49 47
m0 3 8
1 9 0
2 9 0
3 9 0
t 48 47
m0 3 8
1 8 0
2 8 0
3 8 0
t 47 47
m0 3 8
1 9 0
2 9 0
3 9 0
t 46 47
m0 3 8
1 8 0
2 8 0
3 8 0
t 45 47
m0 3 8
1 9 0
2 9 0
3 9 0
t 44 47
m0 3 8
1 8 0
2 8 0
3 8 0
t 43 47
m0 3 8
1 9 0
2 9 0
3 9 0
t 42 47
m0 3 8
1 8 0
2 8 0
3 8 0
t 41 47
m0 3 8
1 9 0
2 9 0
3 9 0
t 40 47
m0 3 8
1 8 0
2 8 0
3 8 0
t 39 47
m0 3 8
1 9 0
2 9 0
3 9 0
t 38 47
m0 3 8
1 8 0
2 8 0
3 8 0
t 37 47
m0 3 8
1 9 0
2 9 0
3 9 0
t 36 47
m0 3 8
1 8 0
2 8 0
3 8 0
t 35 47
m0 3 8
1 9 0
2 9 0
3 9 0
t 34 47
m0 3 8
1 8 0
2 8 0
3 8 0
t 33 47
m0 3 8
1 9 0
2 9 0
3 9 0
t 32 47
m0 3 8
1 8 0
2 8 0
3 8 0
t 31 47
m0 3 8
1 9 0
2 9 0
3 9 0
t 30 47
m0 3 8
1 8 0
2 8 0
3 8 0
t 29 47
m0 3 8
1 9 0
2 9 0
3 9 0
t 28 47
m0 3 8
1 8 0
2 8 0
3 8 0
t 27 47
m0 3 8
1 9 0
2 9 0
3 9 0
t 26 47
m0 3 8
1 8 0
2 8 0
3 8 0
t 25 47
m0 3 8
1 9 0
2 9 0
3 9 0
t 24 47
m0 3 8
1 8 0
2 8 0
3 8 0
t 23 47
m0 3 8
1 9 0
2 9 0
3 9 0
t 22 47
m0 3 8
1 8 0
2 8 0
3 8 0
t 21 47
m0 3 8
1 9 0
2 9 0
3 9 0
t 20 47
m0 3 8
1 8 0
2 8 0
3 8 0
t 19 47
m0 3 8
1 9 0
2 9 0
3 9 0
t 18 47
m0 3 8
1 8 0
2 8 0
3 8 0
t 17 47
m0 3 8
1 9 0
2 9 0
3 9 0
t 16 47
m0 3 8
1 8 0
2 8 0
3 8 0
t 15 47
m0 3 8
1 9 0
2 9 0
3 9 0
t 14 47
m0 3 8
1 8 0
2 8 0
3 8 0
t 13 47
m0 3 8
1 9 0
2 9 0
3 9 0
t 12 47
m0 3 8
1 8 0
2 8 0
3 8 0
t 11 47
m0 3 8
1 9 0
2 9 0
3 9 0
t 10 47
m0 3 8
1 8 0
2 8 0
3 8 0
t 9 47
m0 3 8
1 9 0
2 9 0
3 9 0
t 8 47
m0 3 8
1 8 0
2 8 0
3 8 0
t 7 47
m0 3 8
1 9 0
2 9 0
3 9 0
t 6 47
m0 3 8
1 8 0
2 8 0
3 8 0
t 5 47
m0 3 8
1 9 0
2 9 0
3 9 0
t 4 47
m0 3 8
1 8 0
2 8 0
3 8 0
t 3 47
m0 3 8
1 9 0
2 9 0
3 9 0
t 2 47
m0 3 8
1 8 0
2 8 0
3 8 0
t 1 47
m0 3 8
1 8 0
2 8 0
3 8 0
t 0 47
