10
15
w 5 9
w 8 13
w 4 8
w 7 12
w 5 6
w 2 8
w 8 0
w 5 13
w 6 2
w 3 14
w 6 14
w 2 9
w 7 6
w 8 10
w 0 4
w 1 10
w 5 4
w 5 11
w 8 11
w 9 3
w 1 4
w 0 12
w 2 3
w 4 2
w 0 8
w 0 1
w 5 10
w 3 12
w 7 0
w 0 13
w 2 11
w 7 4
w 5 14
w 0 6
w 4 3
w 9 5
w 7 8
p 7 3
p 4 7
p 6 9
p 9 1
p 3 0
p 7 7
p 2 1
p 4 12
p 2 12
p 3 7
p 1 11
p 4 0
p 8 14
p 6 7
p 3 3
p 4 9
p 6 10
p 4 13
p 1 5
p 9 11
p 7 10
p 3 4
p 4 1
p 1 1
p 4 10
p 7 14
p 2 6
p 9 14
p 0 0
p 3 2
p 3 13
p 6 11
p 4 5
p 6 0
p 9 10
p 0 5
p 1 9
p 6 12
p 1 0
p 9 6
p 4 11
p 5 3
p 3 5
p 7 9
p 6 5
p 4 6
p 6 1
p 7 13
p 9 9
p 1 8
p 8 8
p 0 9
p 5 2
p 0 2
p 9 12
p 8 4
m0 0 14
1 9 0
2 9 0
3 9 0
t 300 0
m0 1 14
1 9 1
2 9 1
3 9 1
t 299 0
m0 2 14
1 9 0
2 8 1
3 9 2
t 298 0
m0 2 13
1 9 1
2 7 1
3 8 2
t 297 0
m0 3 13
1 9 0
2 6 1
3 8 3
t 296 1
m0 4 13
1 9 1
2 5 1
3 8 4
t 295 2
m0 4 12
1 9 2
2 4 1
3 8 5
t 294 3
m0 4 11
1 9 1
2 5 1
3 8 6
t 293 4
m0 4 10
1 9 2
2 6 1
3 8 7
t 292 5
m0 4 9
1 8 2
2 6 0
3 9 7
t 291 6
m0 3 9
1 9 2
2 6 1
3 9 8
t 290 6
m0 3 8
1 8 2
2 6 0
3 9 9
t 289 6
m0 3 7
1 8 3
2 5 0
3 9 10
t 288 7
m0 4 7
1 7 3
2 5 1
3 9 11
t 287 8
m0 4 6
1 6 3
2 5 2
3 9 12
t 286 9
m0 4 5
1 7 3
2 5 1
3 8 12
t 285 10
m0 3 5
1 8 3
2 5 0
3 9 12
t 284 11
m0 3 4
1 8 4
2 4 0
3 9 13
t 283 12
m0 3 3
1 9 4
2 5 0
3 9 14
f 1 13
t 282 13
m0 3 2
1 8 4
2 4 0
3 9 13
t 281 14
m0 2 2
1 8 3
2 3 0
3 9 12
t 280 14
m0 2 1
1 8 4
2 2 0
3 9 13
t 279 15
m0 1 1
1 8 3
2 3 0
3 9 14
t 278 16
m0 1 0
1 7 3
2 4 0
3 9 13
t 277 17
m0 0 0
1 6 3
2 5 0
3 9 12
t 276 18
m0 0 0
1 6 4
2 4 0
3 9 13
t 275 18
m0 0 0
1 6 5
2 4 1
3 9 14
t 274 18
m0 0 0
1 5 5
2 5 1
3 9 13
t 273 18
m0 0 0
1 4 5
2 6 1
3 9 14
t 272 18
m0 0 0
1 4 6
2 6 0
3 8 14
t 271 18
m0 0 0
1 4 7
2 6 1
3 7 14
t 270 18
m0 0 0
1 3 7
2 5 1
3 7 13
t 269 18
m0 0 0
1 3 8
2 5 2
3 6 13
t 268 18
m0 0 0
1 3 9
2 5 3
3 6 12
t 267 18
m0 0 0
1 4 9
2 6 3
3 6 13
t 266 18
m0 0 0
1 3 9
2 6 4
3 6 12
t 265 18
m0 0 0
1 3 8
2 6 5
3 5 12
t 264 18
m0 0 0
1 3 9
2 7 5
3 4 12
t 263 18
m0 0 0
1 4 9
2 8 5
3 4 13
t 262 18
m0 0 0
1 3 9
2 8 6
3 4 12
t 261 18
m0 0 0
1 3 8
2 9 6
3 5 12
t 260 18
m0 0 0
1 3 7
2 8 6
3 4 12
t 259 18
m0 0 0
1 3 8
2 8 5
3 4 13
t 258 18
m0 0 0
1 3 9
2 8 4
3 4 14
t 257 18
m0 0 0
1 3 8
2 8 5
3 4 13
t 256 18
m0 0 0
1 3 7
2 7 5
3 3 13
t 255 18
m0 0 0
1 3 8
2 6 5
3 2 13
t 254 18
m0 0 0
1 3 9
2 5 5
3 2 14
t 253 18
m0 0 0
1 4 9
2 6 5
3 1 14
t 252 18
m0 0 0
1 4 10
2 6 4
3 1 13
t 251 18
m0 0 0
1 4 9
2 6 5
3 1 14
t 250 18
m0 0 0
1 3 9
2 5 5
3 0 14
t 249 18
m0 0 0
1 3 10
2 6 5
3 1 14
t 248 18
m0 0 0
1 3 11
2 6 6
3 2 14
t 247 18
m0 0 0
1 3 10
2 6 7
3 2 13
t 246 18
m0 0 0
1 3 9
2 7 7
3 2 14
t 245 18
m0 0 0
1 3 10
2 8 7
3 1 14
t 244 18
m0 0 0
1 4 10
2 8 6
3 0 14
t 243 18
m0 0 0
1 3 10
2 9 6
3 1 14
t 242 18
m0 0 0
1 3 9
2 9 7
3 2 14
t 241 18
m0 0 0
1 3 10
2 9 6
3 1 14
t 240 18
m0 0 0
1 4 10
2 8 6
3 0 14
t 239 18
m0 0 0
1 3 10
2 8 5
3 1 14
t 238 18
m0 0 0
1 3 11
2 7 5
3 2 14
t 237 18
m0 0 0
1 4 11
2 8 5
3 2 13
t 236 18
m0 0 0
1 4 12
2 7 5
3 1 13
t 235 18
m0 0 0
1 4 11
2 8 5
3 2 13
t 234 18
m0 0 0
1 4 12
2 7 5
3 1 13
t 233 18
m0 0 0
1 4 11
2 6 5
3 2 13
t 232 18
m0 0 0
1 3 11
2 5 5
3 2 14
t 231 18
m0 0 0
1 3 10
2 6 5
3 1 14
t 230 18
m0 0 0
1 2 10
2 7 5
3 0 14
t 229 18
m0 0 0
1 3 10
2 6 5
3 1 14
t 228 18
m0 0 0
1 4 10
2 7 5
3 1 13
t 227 18
m0 0 0
1 4 9
2 8 5
3 1 14
t 226 18
m0 0 0
1 4 10
2 8 4
3 1 13
t 225 18
m0 0 0
1 3 10
2 9 4
3 1 12
t 224 18
m0 0 0
1 4 10
2 8 4
3 2 12
t 223 18
m0 0 0
1 4 9
2 9 4
3 2 13
t 222 18
m0 0 0
1 4 10
2 8 4
3 1 13
t 221 18
m0 0 0
1 4 9
2 8 3
3 1 14
t 220 18
m0 0 0
1 3 9
2 7 3
3 1 13
t 219 18
m0 0 0
1 3 8
2 7 2
3 1 14
t 218 18
m0 0 0
1 3 7
2 7 1
3 0 14
t 217 18
m0 0 0
1 3 8
2 7 2
3 1 14
t 216 18
m0 0 0
1 3 9
2 7 3
3 0 14
t 215 18
m0 0 0
1 3 8
2 8 3
3 1 14
t 214 18
m0 0 0
1 3 7
2 8 2
3 0 14
t 213 18
m0 0 0
1 3 8
2 8 3
3 1 14
t 212 18
m0 0 0
1 3 7
2 8 4
3 2 14
t 211 18
m0 0 0
1 2 7
2 8 3
3 1 14
t 210 18
m0 0 0
1 2 6
2 7 3
3 1 13
t 209 18
m0 0 0
1 1 6
2 6 3
3 1 14
t 208 18
m0 0 0
1 1 5
2 7 3
3 0 14
t 207 18
m0 0 0
1 1 6
2 6 3
3 1 14
t 206 18
m0 0 0
1 2 6
2 7 3
3 0 14
t 205 18
m0 0 0
1 2 7
2 6 3
3 1 14
t 204 18
m0 0 0
1 1 7
2 5 3
3 2 14
t 203 18
m0 0 0
1 1 6
2 5 2
3 2 13
t 202 18
m0 0 0
1 2 6
2 5 1
3 2 12
t 201 18
m0 0 0
1 1 6
2 5 2
3 2 13
t 200 18
m0 0 0
1 1 7
2 5 3
3 2 14
t 199 18
m0 0 0
1 1 8
2 5 2
3 2 13
t 198 18
m0 0 0
1 1 9
2 5 3
3 3 13
t 197 18
m0 0 0
1 1 8
2 6 3
3 4 13
t 196 18
m0 0 0
1 1 7
2 5 3
3 3 13
t 195 18
m0 0 0
1 1 6
2 6 3
3 2 13
t 194 18
m0 0 0
1 1 7
2 7 3
3 2 14
t 193 18
m0 0 0
1 1 8
2 8 3
3 2 13
t 192 18
m0 0 0
1 1 9
2 7 3
3 2 14
t 191 18
m0 0 0
1 1 8
2 7 2
3 1 14
t 190 18
m0 0 0
1 1 7
2 8 2
3 0 14
t 189 18
m0 0 0
1 2 7
2 9 2
3 1 14
t 188 18
m0 0 0
1 1 7
2 9 1
3 0 14
t 187 18
m0 0 0
1 1 6
2 9 0
3 1 14
t 186 18
m0 0 0
1 2 6
2 9 1
3 2 14
t 185 18
m0 0 0
1 2 5
2 9 0
3 2 13
t 184 18
m0 0 0
1 3 5
2 9 1
3 2 12
t 183 18
m0 0 0
1 4 5
2 9 0
3 2 13
t 182 18
m0 0 0
1 5 5
2 9 1
3 2 14
t 181 18
m0 0 0
1 6 5
2 9 0
3 1 14
t 180 18
m0 0 0
1 5 5
2 9 1
3 0 14
t 179 18
m0 0 0
1 4 5
2 9 2
3 1 14
t 178 18
m0 0 0
1 4 6
2 8 2
3 2 14
t 177 18
m0 0 0
1 3 6
2 9 2
3 2 13
t 176 18
m0 0 0
1 2 6
2 8 2
3 3 13
t 175 18
m0 0 0
1 2 7
2 8 1
3 4 13
t 174 18
m0 0 0
1 3 7
2 9 1
3 3 13
t 173 18
m0 0 0
1 2 7
2 9 0
3 2 13
t 172 18
m0 0 0
1 1 7
2 9 1
3 3 13
t 171 18
m0 0 0
1 1 6
2 9 0
3 4 13
t 170 18
m0 0 0
1 1 5
2 9 1
3 4 14
t 169 18
m0 0 0
1 0 5
2 8 1
3 4 13
t 168 18
m0 1 0
1 1 5
2 9 1
3 4 12
t 167 18
m0 2 0
1 1 6
2 9 0
3 5 12
t 166 18
m0 3 0
1 2 6
2 9 1
3 4 12
t 165 19
m0 4 0
1 3 6
2 8 1
3 4 13
t 164 20
m0 4 1
1 3 5
2 7 1
3 4 12
t 163 21
m0 5 1
1 2 5
2 8 1
3 4 13
t 162 21
m0 5 2
1 2 4
2 9 1
3 4 12
t 161 22
m0 5 3
1 2 5
2 9 2
3 4 13
t 160 23
m0 6 3
1 3 5
2 9 1
3 4 12
t 159 23
m0 7 3
1 2 5
2 8 1
3 5 12
t 158 24
m0 8 3
1 1 5
2 9 1
3 6 12
t 157 24
m0 8 4
1 1 6
2 9 0
3 6 13
t 156 25
m0 8 5
1 1 5
2 9 1
3 6 12
t 155 25
m0 7 5
1 0 5
2 9 2
3 5 12
t 154 25
m0 6 5
1 1 5
2 8 2
3 4 12
t 153 26
m0 6 6
1 0 5
2 8 1
3 4 11
t 152 26
m0 6 7
1 1 5
2 7 1
3 3 11
t 151 27
m0 7 7
1 0 5
2 8 1
3 4 11
t 150 28
m0 8 7
1 1 5
2 9 1
3 3 11
t 149 28
m0 8 8
1 2 5
2 8 1
3 4 11
t 148 29
m0 9 8
1 3 5
2 9 1
3 4 12
t 147 29
m0 9 9
1 3 4
2 9 0
3 4 13
t 146 30
m0 9 10
1 3 3
2 9 1
3 3 13
t 145 31
m0 9 11
1 3 2
2 9 0
3 4 13
t 144 32
m0 9 12
1 2 2
2 9 1
3 4 14
t 143 33
m0 9 13
1 3 2
2 9 2
3 4 13
t 142 33
m0 9 14
1 3 3
2 9 1
3 4 14
t 141 34
m0 8 14
1 3 4
2 9 0
3 4 13
t 140 35
m0 7 14
1 3 5
2 9 1
3 3 13
t 139 36
m0 7 13
1 3 4
2 9 0
3 2 13
t 138 37
m0 6 13
1 2 4
2 9 1
3 1 13
t 137 37
m0 6 12
1 3 4
2 9 2
3 1 14
t 136 38
m0 6 11
1 3 5
2 9 1
3 0 14
t 135 39
m0 6 10
1 2 5
2 8 1
3 1 14
t 134 40
m0 7 10
1 2 4
2 8 2
3 0 14
t 133 41
m0 7 9
1 2 5
2 8 1
3 1 14
t 132 42
m0 6 9
1 2 4
2 7 1
3 0 14
t 131 43
m0 6 9
1 2 5
2 7 2
3 1 14
t 130 43
m0 6 9
1 3 5
2 7 1
3 2 14
t 129 43
m0 7 9
1 3 6
2 7 2
3 1 14
t 128 43
m0 8 9
1 3 7
2 7 3
3 2 14
t 127 43
m0 9 9
1 2 7
2 6 3
3 2 13
t 126 43
m0 9 8
1 3 7
2 6 4
3 2 14
t 125 43
m0 9 7
1 2 7
2 6 3
3 2 13
t 124 43
m0 9 6
1 1 7
2 7 3
3 2 12
t 123 44
m0 9 6
1 2 7
2 8 3
3 2 13
t 122 44
m0 9 6
1 1 7
2 8 2
3 2 12
t 121 44
m0 9 6
1 0 7
2 8 1
3 2 13
t 120 44
m0 9 6
1 1 7
2 9 1
3 3 13
t 119 44
m0 9 6
1 1 6
2 9 0
3 4 13
t 118 44
m0 9 6
1 1 7
2 9 1
3 4 14
t 117 44
m0 9 6
1 2 7
2 9 0
3 4 13
t 116 44
m0 9 6
1 1 7
2 9 1
3 4 14
t 115 44
m0 9 6
1 2 7
2 8 1
3 4 13
t 114 44
m0 9 6
1 1 7
2 8 2
3 4 14
t 113 44
m0 9 6
1 1 8
2 7 2
3 4 13
t 112 44
m0 9 6
1 1 7
2 7 1
3 4 14
t 111 44
m0 9 6
1 1 8
2 7 2
3 4 13
t 110 44
m0 9 6
1 1 7
2 8 2
3 4 14
t 109 44
m0 9 6
1 1 6
2 7 2
3 4 13
t 108 44
m0 9 6
1 1 5
2 8 2
3 3 13
t 107 44
m0 9 6
1 1 6
2 8 1
3 4 13
t 106 44
m0 9 6
1 2 6
2 9 1
3 4 12
t 105 44
m0 9 6
1 2 5
2 9 2
3 5 12
t 104 44
m0 9 6
1 2 6
2 8 2
3 6 12
t 103 44
m0 9 6
1 1 6
2 9 2
3 5 12
t 102 44
m0 9 6
1 2 6
2 9 1
3 6 12
t 101 44
m0 9 6
1 3 6
2 9 2
3 6 13
t 100 44
m0 9 6
1 2 6
2 9 1
3 7 13
t 99 44
m0 9 6
1 1 6
2 9 0
3 6 13
t 98 44
m0 9 6
1 1 7
2 9 1
3 6 12
t 97 44
m0 9 6
1 1 6
2 8 1
3 5 12
t 96 44
m0 9 6
1 1 7
2 9 1
3 4 12
t 95 44
m0 9 6
1 2 7
2 9 0
3 5 12
t 94 44
m0 9 6
1 2 6
2 9 1
3 6 12
t 93 44
m0 9 6
1 1 6
2 9 0
3 6 13
t 92 44
m0 9 6
1 2 6
2 9 1
3 7 13
t 91 44
m0 9 6
1 2 5
2 9 2
3 6 13
t 90 44
m0 9 6
1 3 5
2 8 2
3 7 13
t 89 44
m0 9 6
1 3 4
2 9 2
3 7 14
t 88 44
m0 9 6
1 2 4
2 8 2
3 8 14
t 87 44
m0 9 6
1 3 4
2 8 1
3 9 14
t 86 44
m0 9 6
1 3 5
2 9 1
3 9 13
t 85 44
m0 9 6
1 2 5
2 9 0
3 9 14
t 84 44
m0 9 6
1 1 5
2 9 1
3 9 13
t 83 44
m0 9 6
1 1 6
2 8 1
3 9 14
t 82 44
m0 9 6
1 1 5
2 9 1
3 9 13
t 81 44
m0 9 6
1 0 5
2 8 1
3 9 14
t 80 44
m0 9 6
1 1 5
2 7 1
3 9 13
t 79 44
m0 9 6
1 1 6
2 8 1
3 9 12
t 78 44
m0 9 6
1 1 7
2 9 1
3 9 13
t 77 44
m0 9 6
1 2 7
2 9 0
3 9 14
t 76 44
m0 9 6
1 1 7
2 9 1
3 9 13
t 75 44
m0 9 6
1 1 6
2 9 2
3 9 12
t 74 44
m0 9 6
1 1 5
2 9 1
3 9 11
t 73 44
m0 9 6
1 0 5
2 8 1
3 9 10
t 72 44
m0 9 6
1 1 5
2 7 1
3 9 11
t 71 44
m0 9 6
1 2 5
2 7 2
3 9 10
t 70 44
m0 9 6
1 2 6
2 8 2
3 9 9
t 69 44
m0 9 6
1 2 5
2 7 2
3 9 10
t 68 44
m0 9 6
1 2 6
2 7 1
3 9 9
t 67 44
m0 9 6
1 2 7
2 8 1
3 9 8
t 66 44
m0 9 6
1 2 6
2 7 1
3 8 8
t 65 44
m0 9 6
1 2 5
2 6 1
3 8 9
t 64 44
m0 9 6
1 2 6
2 7 1
3 9 9
t 63 44
m0 9 6
1 2 5
2 8 1
3 9 8
t 62 44
m0 9 6
1 2 6
2 7 1
3 9 9
t 61 44
m0 9 6
1 2 7
2 6 1
3 8 9
t 60 44
m0 9 6
1 1 7
2 6 0
3 9 9
t 59 44
m0 9 6
1 1 6
2 5 0
3 9 8
t 58 44
m0 9 6
1 1 7
2 4 0
3 9 9
t 57 44
m0 9 6
1 0 7
2 3 0
3 8 9
t 56 44
m0 9 6
1 1 7
2 4 0
3 8 8
t 55 44
m0 9 6
1 1 8
2 5 0
3 8 9
t 54 44
m0 9 6
1 1 7
2 4 0
3 8 8
t 53 44
m0 9 6
1 2 7
2 4 1
3 9 8
t 52 44
m0 9 6
1 2 6
2 5 1
3 9 7
t 51 44
m0 9 6
1 1 6
2 4 1
3 8 7
t 50 44
m0 9 6
1 1 5
2 5 1
3 8 8
t 49 44
m0 9 6
1 0 5
2 4 1
3 8 7
t 48 44
m0 9 6
1 1 5
2 5 1
3 7 7
t 47 44
m0 9 6
1 2 5
2 6 1
3 8 7
t 46 44
m0 9 6
1 1 5
2 6 0
3 7 7
t 45 44
m0 9 6
1 0 5
2 5 0
3 8 7
t 44 44
m0 9 6
1 1 5
2 5 1
3 8 8
t 43 44
m0 9 6
1 1 6
2 5 0
3 9 8
t 42 44
m0 9 6
1 1 7
2 6 0
3 9 9
t 41 44
m0 9 6
1 1 8
2 5 0
3 9 10
t 40 44
m0 9 6
1 1 7
2 4 0
3 9 11
t 39 44
m0 9 6
1 0 7
2 5 0
3 9 10
t 38 44
m0 9 6
1 1 7
2 6 0
3 9 11
t 37 44
m0 9 6
1 1 8
2 5 0
3 9 10
t 36 44
m0 9 6
1 1 9
2 4 0
3 9 11
t 35 44
m0 9 6
1 0 9
2 5 0
3 9 12
t 34 44
m0 9 6
1 1 9
2 6 0
3 8 12
t 33 44
m0 9 6
1 1 8
2 5 0
3 9 12
t 32 44
m0 9 6
1 1 9
2 6 0
3 9 13
t 31 44
m0 9 6
1 1 8
2 5 0
3 9 14
t 30 44
m0 9 6
1 1 9
2 4 0
3 8 14
t 29 44
m0 9 6
1 0 9
2 4 1
3 7 14
t 28 44
m0 9 6
1 0 10
2 4 0
3 8 14
t 27 44
m0 9 6
1 0 9
2 3 0
3 9 14
t 26 44
m0 9 6
1 1 9
2 4 0
3 8 14
t 25 44
m0 9 6
1 0 9
2 4 1
3 9 14
t 24 44
m0 9 6
1 0 10
2 5 1
3 8 14
t 23 44
m0 9 6
1 0 11
2 5 0
3 9 14
t 22 44
m0 9 6
1 0 10
2 6 0
3 8 14
t 21 44
m0 9 6
1 0 9
2 6 1
3 9 14
t 20 44
m0 9 6
1 0 10
2 5 1
3 9 13
t 19 44
m0 9 6
1 0 11
2 5 0
3 9 14
t 18 44
m0 9 6
1 1 11
2 5 1
3 8 14
t 17 44
m0 9 6
1 0 11
2 4 1
3 7 14
t 16 44
m0 9 6
1 0 10
2 5 1
3 7 13
t 15 44
m0 9 6
1 0 11
2 5 0
3 7 14
t 14 44
m0 9 6
1 0 10
2 5 1
3 8 14
t 13 44
m0 9 6
1 0 9
2 5 0
3 7 14
t 12 44
m0 9 6
1 1 9
2 5 1
3 7 13
t 11 44
m0 9 6
1 1 8
2 6 1
3 6 13
t 10 44
m0 9 6
1 1 9
2 5 1
3 6 12
t 9 44
m0 9 6
1 1 8
2 5 0
3 6 11
t 8 44
m0 9 6
1 1 9
2 4 0
3 7 11
t 7 44
m0 9 6
1 0 9
2 4 1
3 7 10
t 6 44
m0 9 6
1 1 9
2 3 1
3 6 10
t 5 44
m0 9 6
1 0 9
2 3 0
3 6 9
t 4 44
m0 9 6
1 0 10
2 2 0
3 6 8
t 3 44
m0 9 6
1 0 9
2 3 0
3 6 7
t 2 44
m0 9 6
1 0 10
2 3 1
3 5 7
t 1 44
m0 9 6
1 0 10
2 3 1
3 5 7
t 0 44
