10
15
w 6 9
w 9 1
w 5 6
w 2 8
w 7 7
w 0 7
w 9 4
w 7 11
w 1 11
w 8 14
w 5 5
w 6 10
w 6 3
w 2 2
w 4 1
w 4 10
w 2 6
w 3 13
w 7 1
w 1 4
w 2 10
w 9 10
w 7 5
w 2 3
w 4 2
w 1 0
w 0 8
w 4 11
w 2 7
w 8 3
w 1 12
w 6 1
w 3 8
w 0 6
w 2 0
w 6 13
w 0 9
p 5 9
p 1 3
p 8 13
p 6 6
p 7 12
p 4 8
p 9 8
p 8 0
p 3 0
p 3 11
p 2 1
p 8 9
p 6 2
p 3 7
p 6 14
p 1 2
p 4 0
p 9 0
p 3 3
p 5 12
p 4 4
p 1 14
p 8 10
p 4 13
p 0 11
p 9 11
p 2 13
p 7 10
p 0 4
p 1 10
p 8 6
p 1 1
p 9 7
p 6 4
p 3 2
p 7 14
p 9 14
p 8 2
p 5 4
p 4 5
p 1 13
p 4 14
p 6 0
p 3 9
p 0 5
p 2 14
p 9 6
p 5 3
p 5 10
p 3 12
p 9 9
p 5 14
p 7 4
p 4 3
p 2 4
p 8 4
m0 0 14
1 9 0
2 9 0
3 9 0
t 300 0
m0 1 14
1 8 0
2 8 0
3 8 0
t 299 1
m0 2 14
1 9 0
2 7 0
3 8 1
t 298 2
m0 2 13
1 8 0
2 6 0
3 8 2
t 297 3
m0 1 13
1 9 0
2 5 0
3 7 2
t 296 4
m0 0 13
1 8 0
2 4 0
3 6 2
t 295 4
m0 0 12
1 9 0
2 3 0
3 7 2
t 294 4
m0 0 11
1 8 0
2 3 1
3 6 2
t 293 5
m0 0 10
1 9 0
2 3 0
3 7 2
t 292 5
m0 1 10
1 8 0
2 3 1
3 6 2
t 291 6
m0 1 9
1 9 0
2 3 0
3 7 2
f 2 5
t 290 6
m0 2 9
1 8 0
2 3 1
3 6 2
t 289 6
m0 3 9
1 9 0
2 3 0
3 7 2
t 288 7
m0 4 9
1 8 0
2 3 1
3 6 2
t 287 7
m0 5 9
1 9 0
2 3 0
3 7 2
t 286 8
m0 5 10
1 8 0
2 3 1
3 6 2
t 285 9
m0 5 11
1 9 0
2 3 0
3 7 2
t 284 9
m0 5 12
1 8 0
2 3 1
3 6 2
t 283 10
m0 6 12
1 9 0
2 3 0
3 7 2
t 282 10
m0 7 12
1 8 0
2 3 1
3 6 2
t 281 11
m0 8 12
1 9 0
2 3 0
3 5 2
t 280 11
m0 8 13
1 8 0
2 4 0
3 6 2
t 279 12
m0 9 13
1 9 0
2 3 0
3 5 2
t 278 12
m0 9 14
1 8 0
2 4 0
3 6 2
t 277 13
m0 9 13
1 9 0
2 3 0
3 5 2
t 276 13
m0 9 12
1 8 0
2 4 0
3 6 2
t 275 13
m0 9 11
1 9 0
2 3 0
3 5 2
t 274 14
m0 8 11
1 8 0
2 4 0
3 6 2
t 273 14
m0 8 10
1 9 0
2 3 0
3 5 2
t 272 15
m0 7 10
1 8 0
2 4 0
3 6 2
t 271 16
m0 8 10
1 9 0
2 3 0
3 5 2
t 270 16
m0 8 9
1 8 0
2 4 0
3 6 2
t 269 17
m0 9 9
1 9 0
2 3 0
3 5 2
t 268 18
m0 9 8
1 8 0
2 4 0
3 6 2
t 267 19
m0 9 7
1 9 0
2 3 0
3 5 2
t 266 20
m0 9 6
1 8 0
2 4 0
3 6 2
t 265 21
m0 8 6
1 9 0
2 3 0
3 5 2
t 264 22
m0 8 5
1 8 0
2 4 0
3 6 2
t 263 22
m0 8 4
1 9 0
2 3 0
3 5 2
t 262 23
m0 7 4
1 8 0
2 4 0
3 6 2
t 261 24
m0 6 4
1 9 0
2 3 0
3 7 2
t 260 25
m0 5 4
1 8 0
2 3 1
3 6 2
t 259 26
m0 5 3
1 9 0
2 3 0
3 7 2
t 258 27
m0 4 3
1 8 0
2 3 1
3 6 2
t 257 28
m0 3 3
1 9 0
2 3 0
3 7 2
t 256 29
m0 3 2
1 8 0
2 4 0
3 7 3
t 255 30
m0 3 1
1 9 0
2 5 0
3 7 4
t 254 30
m0 2 1
1 8 0
2 4 0
3 6 4
t 253 31
m0 1 1
1 9 0
2 5 0
3 7 4
t 252 32
m0 1 2
1 8 0
2 4 0
3 6 4
t 251 33
m0 1 3
1 9 0
2 3 0
3 6 5
t 250 34
m0 0 3
1 8 0
2 3 1
3 6 6
t 249 34
m0 0 4
1 9 0
2 3 0
3 6 7
t 248 35
m0 0 5
1 8 0
2 3 1
3 6 8
t 247 36
m0 1 5
1 9 0
2 3 0
3 7 8
t 246 36
m0 2 5
1 8 0
2 3 1
3 7 9
t 245 46
m0 2 4
1 9 0
2 3 0
3 7 10
f 6 8
t 244 47
m0 3 4
1 8 0
2 4 0
3 8 10
t 243 47
m0 4 4
1 9 0
2 3 0
3 8 11
t 242 48
m0 4 5
1 8 0
2 3 1
3 9 11
t 241 49
m0 3 5
1 9 0
2 2 1
3 9 12
t 240 49
m0 3 6
1 8 0
2 1 1
3 9 13
t 239 49
m0 3 7
1 9 0
2 0 1
3 9 14
t 238 50
m0 4 7
1 8 0
2 0 2
3 9 13
t 237 50
m0 4 8
1 9 0
2 0 1
3 9 14
t 236 51
m0 5 8
1 8 0
2 0 2
3 9 13
t 235 51
m0 6 8
1 9 0
2 0 3
3 9 14
t 234 61
m0 6 7
1 8 0
2 0 2
3 9 13
t 233 61
m0 6 6
1 9 0
2 0 1
3 9 14
t 232 62
m0 6 5
1 8 0
2 0 2
3 9 13
t 231 62
m0 6 4
1 9 0
2 0 1
3 9 14
t 230 62
m0 6 4
1 8 0
2 0 0
3 9 13
t 229 62
m0 6 4
1 9 0
2 0 1
3 9 14
t 228 62
m0 6 4
1 8 0
2 0 0
3 9 13
t 227 62
m0 6 4
1 9 0
2 0 1
3 9 14
f 6 5
t 226 62
m0 6 4
1 8 0
2 0 0
3 9 13
t 225 62
m0 6 4
1 9 0
2 0 1
3 9 14
t 224 62
m0 6 4
1 8 0
2 0 0
3 9 13
t 223 62
m0 6 4
1 9 0
2 0 1
3 9 14
t 222 62
m0 6 4
1 8 0
2 0 0
3 9 13
t 221 62
m0 6 4
1 9 0
2 0 1
3 9 14
t 220 62
m0 6 4
1 8 0
2 0 0
3 9 13
t 219 62
m0 6 4
1 9 0
2 0 1
3 9 14
t 218 62
m0 6 4
1 8 0
2 0 0
3 9 13
t 217 62
m0 6 4
1 9 0
2 0 1
3 9 14
t 216 62
m0 6 4
1 8 0
2 0 0
3 9 13
t 215 62
m0 6 4
1 9 0
2 0 1
3 9 14
t 214 62
m0 6 4
1 8 0
2 0 0
3 9 13
t 213 62
m0 6 4
1 9 0
2 0 1
3 9 14
t 212 62
m0 6 4
1 8 0
2 0 0
3 9 13
t 211 62
m0 6 4
1 9 0
2 0 1
3 9 14
t 210 62
m0 6 4
1 8 0
2 0 0
3 9 13
t 209 62
m0 6 4
1 9 0
2 0 1
3 9 14
t 208 62
m0 6 4
1 8 0
2 0 0
3 9 13
t 207 62
m0 6 4
1 9 0
2 0 1
3 9 14
t 206 62
m0 6 4
1 8 0
2 0 0
3 9 13
t 205 62
m0 6 4
1 9 0
2 0 1
3 9 14
t 204 62
m0 6 4
1 8 0
2 0 0
3 9 13
t 203 62
m0 6 4
1 9 0
2 0 1
3 9 14
t 202 62
m0 6 4
1 8 0
2 0 0
3 9 13
t 201 62
m0 6 4
1 9 0
2 0 1
3 9 14
t 200 62
m0 6 4
1 8 0
2 0 0
3 9 13
t 199 62
m0 6 4
1 9 0
2 0 1
3 9 14
t 198 62
m0 6 4
1 8 0
2 0 0
3 9 13
t 197 62
m0 6 4
1 9 0
2 0 1
3 9 14
t 196 62
m0 6 4
1 8 0
2 0 0
3 9 13
t 195 62
m0 6 4
1 9 0
2 0 1
3 9 14
t 194 62
m0 6 4
1 8 0
2 0 0
3 9 13
t 193 62
m0 6 4
1 9 0
2 0 1
3 9 14
t 192 62
m0 6 4
1 8 0
2 0 0
3 9 13
t 191 62
m0 6 4
1 9 0
2 0 1
3 9 14
t 190 62
m0 6 4
1 8 0
2 0 0
3 9 13
t 189 62
m0 6 4
1 9 0
2 0 1
3 9 14
t 188 62
m0 6 4
1 8 0
2 0 0
3 9 13
t 187 62
m0 6 4
1 9 0
2 0 1
3 9 14
t 186 62
m0 6 4
1 8 0
2 0 0
3 9 13
t 185 62
m0 6 4
1 9 0
2 0 1
3 9 14
t 184 62
m0 6 4
1 8 0
2 0 0
3 9 13
t 183 62
m0 6 4
1 9 0
2 0 1
3 9 14
t 182 62
m0 6 4
1 8 0
2 0 0
3 9 13
t 181 62
m0 6 4
1 9 0
2 0 1
3 9 14
t 180 62
m0 6 4
1 8 0
2 0 0
3 9 13
t 179 62
m0 6 4
1 9 0
2 0 1
3 9 14
t 178 62
m0 6 4
1 8 0
2 0 0
3 9 13
t 177 62
m0 6 4
1 9 0
2 0 1
3 9 14
t 176 62
m0 6 4
1 8 0
2 0 0
3 9 13
t 175 62
m0 6 4
1 9 0
2 0 1
3 9 14
t 174 62
m0 6 4
1 8 0
2 0 0
3 9 13
t 173 62
m0 6 4
1 9 0
2 0 1
3 9 14
t 172 62
m0 6 4
1 8 0
2 0 0
3 9 13
t 171 62
m0 6 4
1 9 0
2 0 1
3 9 14
t 170 62
m0 6 4
1 8 0
2 0 0
3 9 13
t 169 62
m0 6 4
1 9 0
2 0 1
3 9 14
t 168 62
m0 6 4
1 8 0
2 0 0
3 9 13
t 167 62
m0 6 4
1 9 0
2 0 1
3 9 14
t 166 62
m0 6 4
1 8 0
2 0 0
3 9 13
t 165 62
m0 6 4
1 9 0
2 0 1
3 9 14
t 164 62
m0 6 4
1 8 0
2 0 0
3 9 13
t 163 62
m0 6 4
1 9 0
2 0 1
3 9 14
t 162 62
m0 6 4
1 8 0
2 0 0
3 9 13
t 161 62
m0 6 4
1 9 0
2 0 1
3 9 14
t 160 62
m0 6 4
1 8 0
2 0 0
3 9 13
t 159 62
m0 6 4
1 9 0
2 0 1
3 9 14
t 158 62
m0 6 4
1 8 0
2 0 0
3 9 13
t 157 62
m0 6 4
1 9 0
2 0 1
3 9 14
t 156 62
m0 6 4
1 8 0
2 0 0
3 9 13
t 155 62
m0 6 4
1 9 0
2 0 1
3 9 14
t 154 62
m0 6 4
1 8 0
2 0 0
3 9 13
t 153 62
m0 6 4
1 9 0
2 0 1
3 9 14
t 152 62
m0 6 4
1 8 0
2 0 0
3 9 13
t 151 62
m0 6 4
1 9 0
2 0 1
3 9 14
t 150 62
m0 6 4
1 8 0
2 0 0
3 9 13
t 149 62
m0 6 4
1 9 0
2 0 1
3 9 14
t 148 62
m0 6 4
1 8 0
2 0 0
3 9 13
t 147 62
m0 6 4
1 9 0
2 0 1
3 9 14
t 146 62
m0 6 4
1 8 0
2 0 0
3 9 13
t 145 62
m0 6 4
1 9 0
2 0 1
3 9 14
t 144 62
m0 6 4
1 8 0
2 0 0
3 9 13
t 143 62
m0 6 4
1 9 0
2 0 1
3 9 14
t 142 62
m0 6 4
1 8 0
2 0 0
3 9 13
t 141 62
m0 6 4
1 9 0
2 0 1
3 9 14
t 140 62
m0 6 4
1 8 0
2 0 0
3 9 13
t 139 62
m0 6 4
1 9 0
2 0 1
3 9 14
t 138 62
m0 6 4
1 8 0
2 0 0
3 9 13
t 137 62
m0 6 4
1 9 0
2 0 1
3 9 14
t 136 62
m0 6 4
1 8 0
2 0 0
3 9 13
t 135 62
m0 6 4
1 9 0
2 0 1
3 9 14
t 134 62
m0 6 4
1 8 0
2 0 0
3 9 13
t 133 62
m0 6 4
1 9 0
2 0 1
3 9 14
t 132 62
m0 6 4
1 8 0
2 0 0
3 9 13
t 131 62
m0 6 4
1 9 0
2 0 1
3 9 14
t 130 62
m0 6 4
1 8 0
2 0 0
3 9 13
t 129 62
m0 6 4
1 9 0
2 0 1
3 9 14
t 128 62
m0 6 4
1 8 0
2 0 0
3 9 13
t 127 62
m0 6 4
1 9 0
2 0 1
3 9 14
t 126 62
m0 6 4
1 8 0
2 0 0
3 9 13
t 125 62
m0 6 4
1 9 0
2 0 1
3 9 14
t 124 62
m0 6 4
1 8 0
2 0 0
3 9 13
t 123 62
m0 6 4
1 9 0
2 0 1
3 9 14
t 122 62
m0 6 4
1 8 0
2 0 0
3 9 13
t 121 62
m0 6 4
1 9 0
2 0 1
3 9 14
t 120 62
m0 6 4
1 8 0
2 0 0
3 9 13
t 119 62
m0 6 4
1 9 0
2 0 1
3 9 14
t 118 62
m0 6 4
1 8 0
2 0 0
3 9 13
t 117 62
m0 6 4
1 9 0
2 0 1
3 9 14
t 116 62
m0 6 4
1 8 0
2 0 0
3 9 13
t 115 62
m0 6 4
1 9 0
2 0 1
3 9 14
t 114 62
m0 6 4
1 8 0
2 0 0
3 9 13
t 113 62
m0 6 4
1 9 0
2 0 1
3 9 14
t 112 62
m0 6 4
1 8 0
2 0 0
3 9 13
t 111 62
m0 6 4
1 9 0
2 0 1
3 9 14
t 110 62
m0 6 4
1 8 0
2 0 0
3 9 13
t 109 62
m0 6 4
1 9 0
2 0 1
3 9 14
t 108 62
m0 6 4
1 8 0
2 0 0
3 9 13
t 107 62
m0 6 4
1 9 0
2 0 1
3 9 14
t 106 62
m0 6 4
1 8 0
2 0 0
3 9 13
t 105 62
m0 6 4
1 9 0
2 0 1
3 9 14
t 104 62
m0 6 4
1 8 0
2 0 0
3 9 13
t 103 62
m0 6 4
1 9 0
2 0 1
3 9 14
t 102 62
m0 6 4
1 8 0
2 0 0
3 9 13
t 101 62
m0 6 4
1 9 0
2 0 1
3 9 14
t 100 62
m0 6 4
1 8 0
2 0 0
3 9 13
t 99 62
m0 6 4
1 9 0
2 0 1
3 9 14
t 98 62
m0 6 4
1 8 0
2 0 0
3 9 13
t 97 62
m0 6 4
1 9 0
2 0 1
3 9 14
t 96 62
m0 6 4
1 8 0
2 0 0
3 9 13
t 95 62
m0 6 4
1 9 0
2 0 1
3 9 14
t 94 62
m0 6 4
1 8 0
2 0 0
3 9 13
t 93 62
m0 6 4
1 9 0
2 0 1
3 9 14
t 92 62
m0 6 4
1 8 0
2 0 0
3 9 13
t 91 62
m0 6 4
1 9 0
2 0 1
3 9 14
t 90 62
m0 6 4
1 8 0
2 0 0
3 9 13
t 89 62
m0 6 4
1 9 0
2 0 1
3 9 14
t 88 62
m0 6 4
1 8 0
2 0 0
3 9 13
t 87 62
m0 6 4
1 9 0
2 0 1
3 9 14
t 86 62
m0 6 4
1 8 0
2 0 0
3 9 13
t 85 62
m0 6 4
1 9 0
2 0 1
3 9 14
t 84 62
m0 6 4
1 8 0
2 0 0
3 9 13
t 83 62
m0 6 4
1 9 0
2 0 1
3 9 14
t 82 62
m0 6 4
1 8 0
2 0 0
3 9 13
t 81 62
m0 6 4
1 9 0
2 0 1
3 9 14
t 80 62
m0 6 4
1 8 0
2 0 0
3 9 13
t 79 62
m0 6 4
1 9 0
2 0 1
3 9 14
t 78 62
m0 6 4
1 8 0
2 0 0
3 9 13
t 77 62
m0 6 4
1 9 0
2 0 1
3 9 14
t 76 62
m0 6 4
1 8 0
2 0 0
3 9 13
t 75 62
m0 6 4
1 9 0
2 0 1
3 9 14
t 74 62
m0 6 4
1 8 0
2 0 0
3 9 13
t 73 62
m0 6 4
1 9 0
2 0 1
3 9 14
t 72 62
m0 6 4
1 8 0
2 0 0
3 9 13
t 71 62
m0 6 4
1 9 0
2 0 1
3 9 14
t 70 62
m0 6 4
1 8 0
2 0 0
3 9 13
t 69 62
m0 6 4
1 9 0
2 0 1
3 9 14
t 68 62
m0 6 4
1 8 0
2 0 0
3 9 13
t 67 62
m0 6 4
1 9 0
2 0 1
3 9 14
t 66 62
m0 6 4
1 8 0
2 0 0
3 9 13
t 65 62
m0 6 4
1 9 0
2 0 1
3 9 14
t 64 62
m0 6 4
1 8 0
2 0 0
3 9 13
t 63 62
m0 6 4
1 9 0
2 0 1
3 9 14
t 62 62
m0 6 4
1 8 0
2 0 0
3 9 13
t 61 62
m0 6 4
1 9 0
2 0 1
3 9 14
t 60 62
m0 6 4
1 8 0
2 0 0
3 9 13
t 59 62
m0 6 4
1 9 0
2 0 1
3 9 14
t 58 62
m0 6 4
1 8 0
2 0 0
3 9 13
t 57 62
m0 6 4
1 9 0
2 0 1
3 9 14
t 56 62
m0 6 4
1 8 0
2 0 0
3 9 13
t 55 62
m0 6 4
1 9 0
2 0 1
3 9 14
t 54 62
m0 6 4
1 8 0
2 0 0
3 9 13
t 53 62
m0 6 4
1 9 0
2 0 1
3 9 14
t 52 62
m0 6 4
1 8 0
2 0 0
3 9 13
t 51 62
m0 6 4
1 9 0
2 0 1
3 9 14
t 50 62
m0 6 4
1 8 0
2 0 0
3 9 13
t 49 62
m0 6 4
1 9 0
2 0 1
3 9 14
t 48 62
m0 6 4
1 8 0
2 0 0
3 9 13
t 47 62
m0 6 4
1 9 0
2 0 1
3 9 14
t 46 62
m0 6 4
1 8 0
2 0 0
3 9 13
t 45 62
m0 6 4
1 9 0
2 0 1
3 9 14
t 44 62
m0 6 4
1 8 0
2 0 0
3 9 13
t 43 62
m0 6 4
1 9 0
2 0 1
3 9 14
t 42 62
m0 6 4
1 8 0
2 0 0
3 9 13
t 41 62
m0 6 4
1 9 0
2 0 1
3 9 14
t 40 62
m0 6 4
1 8 0
2 0 0
3 9 13
t 39 62
m0 6 4
1 9 0
2 0 1
3 9 14
t 38 62
m0 6 4
1 8 0
2 0 0
3 9 13
t 37 62
m0 6 4
1 9 0
2 0 1
3 9 14
t 36 62
m0 6 4
1 8 0
2 0 0
3 9 13
t 35 62
m0 6 4
1 9 0
2 0 1
3 9 14
t 34 62
m0 6 4
1 8 0
2 0 0
3 9 13
t 33 62
m0 6 4
1 9 0
2 0 1
3 9 14
t 32 62
m0 6 4
1 8 0
2 0 0
3 9 13
t 31 62
m0 6 4
1 9 0
2 0 1
3 9 14
t 30 62
m0 6 4
1 8 0
2 0 0
3 9 13
t 29 62
m0 6 4
1 9 0
2 0 1
3 9 14
t 28 62
m0 6 4
1 8 0
2 0 0
3 9 13
t 27 62
m0 6 4
1 9 0
2 0 1
3 9 14
t 26 62
m0 6 4
1 8 0
2 0 0
3 9 13
t 25 62
m0 6 4
1 9 0
2 0 1
3 9 14
t 24 62
m0 6 4
1 8 0
2 0 0
3 9 13
t 23 62
m0 6 4
1 9 0
2 0 1
3 9 14
t 22 62
m0 6 4
1 8 0
2 0 0
3 9 13
t 21 62
m0 6 4
1 9 0
2 0 1
3 9 14
t 20 62
m0 6 4
1 8 0
2 0 0
3 9 13
t 19 62
m0 6 4
1 9 0
2 0 1
3 9 14
t 18 62
m0 6 4
1 8 0
2 0 0
3 9 13
t 17 62
m0 6 4
1 9 0
2 0 1
3 9 14
t 16 62
m0 6 4
1 8 0
2 0 0
3 9 13
t 15 62
m0 6 4
1 9 0
2 0 1
3 9 14
t 14 62
m0 6 4
1 8 0
2 0 0
3 9 13
t 13 62
m0 6 4
1 9 0
2 0 1
3 9 14
t 12 62
m0 6 4
1 8 0
2 0 0
3 9 13
t 11 62
m0 6 4
1 9 0
2 0 1
3 9 14
t 10 62
m0 6 4
1 8 0
2 0 0
3 9 13
t 9 62
m0 6 4
1 9 0
2 0 1
3 9 14
t 8 62
m0 6 4
1 8 0
2 0 0
3 9 13
t 7 62
m0 6 4
1 9 0
2 0 1
3 9 14
t 6 62
m0 6 4
1 8 0
2 0 0
3 9 13
t 5 62
m0 6 4
1 9 0
2 0 1
3 9 14
t 4 62
m0 6 4
1 8 0
2 0 0
3 9 13
t 3 62
m0 6 4
1 9 0
2 0 1
3 9 14
t 2 62
m0 6 4
1 8 0
2 0 0
3 9 13
t 1 62
m0 6 4
1 8 0
2 0 0
3 9 13
t 0 62
