10
15
w 4 7
w 6 6
w 3 11
w 8 9
w 6 2
w 1 6
w 8 5
w 1 2
w 4 9
w 8 10
w 0 4
w 1 10
w 3 4
w 4 1
w 9 7
w 0 0
w 8 2
w 3 13
w 5 11
w 1 13
w 1 4
w 3 9
w 7 5
w 6 12
w 1 0
w 4 2
w 2 7
w 7 0
w 4 6
w 1 12
w 7 13
w 3 1
w 5 14
w 1 8
w 1 7
w 7 8
w 9 12
p 1 3
p 8 13
p 9 1
p 8 0
p 7 7
p 2 1
p 5 13
p 0 7
p 0 10
p 9 4
p 5 1
p 7 11
p 3 7
p 2 5
p 1 11
p 3 14
p 7 2
p 6 14
p 8 14
p 9 0
p 2 4
p 6 7
p 2 9
p 7 6
p 5 12
p 6 10
p 6 3
p 2 13
p 9 11
p 0 11
p 2 2
p 1 1
p 6 4
p 7 14
p 5 4
p 9 14
p 3 2
p 7 1
p 6 11
p 4 5
p 4 14
p 9 10
p 0 5
p 8 7
p 9 6
p 6 5
p 5 3
p 9 13
p 8 12
p 6 1
p 9 9
p 6 13
p 4 3
p 9 5
p 0 2
p 8 4
m0 0 14
1 9 0
2 9 0
3 9 0
t 300 0
m0 0 14
1 8 0
2 8 0
3 8 0
t 299 0
m0 1 14
1 9 0
2 9 0
3 9 0
f 1 5
t 298 0
m0 2 14
1 8 0
2 8 0
3 8 0
t 297 0
m0 2 13
1 9 0
2 9 0
3 9 0
t 296 1
m0 2 14
1 8 0
2 8 0
3 8 0
t 295 1
m0 1 14
1 9 0
2 9 0
3 9 0
t 294 1
m0 0 14
1 8 0
2 8 0
3 8 0
t 293 1
m0 1 14
1 9 0
2 9 0
3 9 0
t 292 1
m0 2 14
1 8 0
2 8 0
3 8 0
t 291 1
m0 3 14
1 9 0
2 9 0
3 9 0
t 290 2
m0 3 14
1 8 0
2 8 0
3 8 0
t 289 2
m0 3 14
1 9 0
2 9 0
3 9 0
t 288 2
m0 3 14
1 8 0
2 8 0
3 8 0
t 287 2
m0 3 14
1 9 0
2 9 0
3 9 0
t 286 2
m0 2 14
1 8 0
2 8 0
3 8 0
t 285 2
m0 1 14
1 9 0
2 9 0
3 9 0
t 284 2
m0 0 14
1 8 0
2 8 0
3 8 0
t 283 2
m0 0 14
1 9 0
2 9 0
3 9 0
t 282 2
m0 0 13
1 8 0
2 8 0
3 8 0
t 281 2
m0 0 12
1 9 0
2 9 0
3 9 0
t 280 2
m0 0 13
1 8 0
2 8 0
3 8 0
t 279 2
m0 0 12
1 9 0
2 9 0
3 9 0
t 278 2
m0 0 12
1 8 0
2 8 0
3 8 0
t 277 2
m0 0 12
1 9 0
2 9 0
3 9 0
t 276 2
m0 0 11
1 8 0
2 8 0
3 8 0
t 275 3
m0 0 10
1 9 0
2 9 0
3 9 0
t 274 4
m0 0 9
1 8 0
2 8 0
3 8 0
t 273 4
m0 1 9
1 9 0
2 9 0
3 9 0
t 272 4
m0 2 9
1 8 0
2 8 0
3 8 0
t 271 5
m0 2 8
1 9 0
2 9 0
3 9 0
t 270 5
m0 2 8
1 8 0
2 8 0
3 8 0
t 269 5
m0 2 9
1 9 0
2 9 0
3 9 0
t 268 5
m0 1 9
1 8 0
2 8 0
3 8 0
t 267 5
m0 0 9
1 9 0
2 9 0
3 9 0
t 266 5
m0 1 9
1 8 0
2 8 0
3 8 0
t 265 5
m0 2 9
1 9 0
2 9 0
3 9 0
t 264 5
m0 2 8
1 8 0
2 8 0
3 8 0
t 263 5
m0 3 8
1 9 0
2 9 0
3 9 0
t 262 5
m0 2 8
1 8 0
2 8 0
3 8 0
t 261 5
m0 3 8
1 9 0
2 9 0
3 9 0
t 260 5
m0 3 7
1 8 0
2 8 0
3 8 0
t 259 6
m0 3 6
1 9 0
2 9 0
3 9 0
t 258 6
m0 2 6
1 8 0
2 8 0
3 8 0
t 257 6
m0 2 6
1 9 0
2 9 0
3 9 0
t 256 6
m0 2 5
1 8 0
2 8 0
3 8 0
t 255 7
m0 1 5
1 9 0
2 9 0
3 9 0
t 254 17
m0 2 5
1 8 0
2 8 0
3 8 0
t 253 17
m0 1 5
1 9 0
2 9 0
3 9 0
t 252 17
m0 1 5
1 8 0
2 8 0
3 8 0
t 251 17
m0 2 5
1 9 0
2 9 0
3 9 0
t 250 17
m0 1 5
1 8 0
2 8 0
3 8 0
t 249 17
m0 1 5
1 9 0
2 9 0
3 9 0
t 248 17
m0 2 5
1 8 0
2 8 0
3 8 0
t 247 17
m0 2 6
1 9 0
2 9 0
3 9 0
t 246 17
m0 2 6
1 8 0
2 8 0
3 8 0
t 245 17
m0 3 6
1 9 0
2 9 0
3 9 0
t 244 17
m0 3 7
1 8 0
2 8 0
3 8 0
t 243 17
m0 3 7
1 9 0
2 9 0
3 9 0
t 242 17
m0 3 6
1 8 0
2 8 0
3 8 0
t 241 17
m0 3 6
1 9 0
2 9 0
3 9 0
t 240 17
m0 2 6
1 8 0
2 8 0
3 8 0
t 239 17
m0 2 6
1 9 0
2 9 0
3 9 0
t 238 17
m0 3 6
1 8 0
2 8 0
3 8 0
t 237 17
m0 2 6
1 9 0
2 9 0
3 9 0
f 0 9
t 236 17
m0 2 6
1 8 0
2 8 0
3 8 0
t 235 17
m0 2 6
1 9 0
2 9 0
3 9 0
t 234 17
m0 2 5
1 8 0
2 8 0
3 8 0
t 233 17
m0 1 5
1 9 0
2 9 0
3 9 0
t 232 17
m0 1 5
1 8 0
2 8 0
3 8 0
t 231 17
m0 0 5
1 9 0
2 9 0
3 9 0
t 230 18
m0 0 5
1 8 0
2 8 0
3 8 0
t 229 18
m0 0 6
1 9 0
2 9 0
3 9 0
t 228 18
m0 0 7
1 8 0
2 8 0
3 8 0
t 227 19
m0 0 8
1 9 0
2 9 0
3 9 0
t 226 19
m0 0 9
1 8 0
2 8 0
3 8 0
t 225 29
m0 0 8
1 9 0
2 9 0
3 9 0
t 224 29
m0 0 9
1 8 0
2 8 0
3 8 0
t 223 29
m0 0 8
1 9 0
2 9 0
3 9 0
t 222 29
m0 0 9
1 8 0
2 8 0
3 8 0
t 221 29
m0 1 9
1 9 0
2 9 0
3 9 0
t 220 29
m0 1 9
1 8 0
2 8 0
3 8 0
t 219 29
m0 0 9
1 9 0
2 9 0
3 9 0
t 218 29
m0 1 9
1 8 0
2 8 0
3 8 0
t 217 29
m0 1 9
1 9 0
2 9 0
3 9 0
t 216 29
m0 1 9
1 8 0
2 8 0
3 8 0
t 215 29
m0 1 9
1 9 0
2 9 0
3 9 0
t 214 29
m0 2 9
1 8 0
2 8 0
3 8 0
t 213 29
m0 1 9
1 9 0
2 9 0
3 9 0
t 212 29
m0 2 9
1 8 0
2 8 0
3 8 0
t 211 29
m0 2 10
1 9 0
2 9 0
3 9 0
t 210 29
m0 2 9
1 8 0
2 8 0
3 8 0
t 209 29
m0 2 9
1 9 0
2 9 0
3 9 0
t 208 29
m0 2 9
1 8 0
2 8 0
3 8 0
t 207 29
m0 1 9
1 9 0
2 9 0
3 9 0
t 206 29
m0 0 9
1 8 0
2 8 0
3 8 0
t 205 29
m0 0 9
1 9 0
2 9 0
3 9 0
t 204 29
m0 0 10
1 8 0
2 8 0
3 8 0
t 203 29
m0 0 11
1 9 0
2 9 0
3 9 0
t 202 29
m0 0 12
1 8 0
2 8 0
3 8 0
f 4 10
t 201 29
m0 0 11
1 9 0
2 9 0
3 9 0
t 200 29
m0 0 10
1 8 0
2 8 0
3 8 0
t 199 29
m0 0 11
1 9 0
2 9 0
3 9 0
t 198 29
m0 1 11
1 8 0
2 8 0
3 8 0
t 197 30
m0 1 11
1 9 0
2 9 0
3 9 0
t 196 30
m0 2 11
1 8 0
2 8 0
3 8 0
t 195 30
m0 2 11
1 9 0
2 9 0
3 9 0
t 194 30
m0 2 10
1 8 0
2 8 0
3 8 0
t 193 30
m0 3 10
1 9 0
2 9 0
3 9 0
t 192 30
m0 4 10
1 8 0
2 8 0
3 8 0
t 191 40
m0 5 10
1 9 0
2 9 0
3 9 0
t 190 40
m0 5 9
1 8 0
2 8 0
3 8 0
t 189 40
m0 5 8
1 9 0
2 9 0
3 9 0
t 188 40
m0 4 8
1 8 0
2 8 0
3 8 0
t 187 40
m0 3 8
1 9 0
2 9 0
3 9 0
t 186 40
m0 4 8
1 8 0
2 8 0
3 8 0
f 2 5
t 185 40
m0 5 8
1 9 0
2 9 0
3 9 0
t 184 40
m0 5 8
1 8 0
2 8 0
3 8 0
t 183 40
m0 5 7
1 9 0
2 9 0
3 9 0
t 182 40
m0 5 6
1 8 0
2 8 0
3 8 0
t 181 40
m0 5 7
1 9 0
2 9 0
3 9 0
t 180 40
m0 5 8
1 8 0
2 8 0
3 8 0
t 179 40
m0 6 8
1 9 0
2 9 0
3 9 0
t 178 40
m0 6 9
1 8 0
2 8 0
3 8 0
t 177 40
m0 6 8
1 9 0
2 9 0
3 9 0
t 176 40
m0 5 8
1 8 0
2 8 0
3 8 0
t 175 40
m0 5 8
1 9 0
2 9 0
3 9 0
t 174 40
m0 4 8
1 8 0
2 8 0
3 8 0
t 173 40
m0 3 8
1 9 0
2 9 0
3 9 0
t 172 40
m0 2 8
1 8 0
2 8 0
3 8 0
t 171 40
m0 2 8
1 9 0
2 9 0
3 9 0
t 170 40
m0 2 8
1 8 0
2 8 0
3 8 0
t 169 40
m0 3 8
1 9 0
2 9 0
3 9 0
t 168 40
m0 2 8
1 8 0
2 8 0
3 8 0
t 167 40
m0 2 8
1 9 0
2 9 0
3 9 0
t 166 40
m0 3 8
1 8 0
2 8 0
3 8 0
t 165 40
m0 3 8
1 9 0
2 9 0
3 9 0
t 164 40
m0 3 7
1 8 0
2 8 0
3 8 0
t 163 40
m0 3 7
1 9 0
2 9 0
3 9 0
t 162 40
m0 3 8
1 8 0
2 8 0
3 8 0
t 161 40
m0 3 8
1 9 0
2 9 0
3 9 0
t 160 40
m0 2 8
1 8 0
2 8 0
3 8 0
t 159 40
m0 3 8
1 9 0
2 9 0
3 9 0
t 158 40
m0 3 7
1 8 0
2 8 0
3 8 0
t 157 40
m0 3 6
1 9 0
2 9 0
3 9 0
t 156 40
m0 3 5
1 8 0
2 8 0
3 8 0
t 155 40
m0 2 5
1 9 0
2 9 0
3 9 0
t 154 50
m0 2 6
1 8 0
2 8 0
3 8 0
t 153 50
m0 2 6
1 9 0
2 9 0
3 9 0
t 152 50
m0 3 6
1 8 0
2 8 0
3 8 0
t 151 50
m0 3 6
1 9 0
2 9 0
3 9 0
t 150 50
m0 3 5
1 8 0
2 8 0
3 8 0
t 149 50
m0 2 5
1 9 0
2 9 0
3 9 0
t 148 50
m0 1 5
1 8 0
2 8 0
3 8 0
t 147 50
m0 2 5
1 9 0
2 9 0
3 9 0
t 146 50
m0 2 6
1 8 0
2 8 0
3 8 0
t 145 50
m0 2 6
1 9 0
2 9 0
3 9 0
t 144 50
m0 2 6
1 8 0
2 8 0
3 8 0
t 143 50
m0 2 5
1 9 0
2 9 0
3 9 0
t 142 50
m0 2 4
1 8 0
2 8 0
3 8 0
t 141 51
m0 2 5
1 9 0
2 9 0
3 9 0
t 140 51
m0 2 4
1 8 0
2 8 0
3 8 0
t 139 51
m0 2 3
1 9 0
2 9 0
3 9 0
t 138 51
m0 2 4
1 8 0
2 8 0
3 8 0
t 137 51
m0 2 3
1 9 0
2 9 0
3 9 0
t 136 51
m0 2 2
1 8 0
2 8 0
3 8 0
t 135 52
m0 2 2
1 9 0
2 9 0
3 9 0
t 134 52
m0 2 1
1 8 0
2 8 0
3 8 0
t 133 53
m0 2 1
1 9 0
2 9 0
3 9 0
t 132 53
m0 2 0
1 9 1
2 9 1
3 9 1
t 131 53
m0 2 1
1 9 0
2 9 0
3 9 0
t 130 53
m0 1 1
1 8 0
2 8 0
3 8 0
t 129 54
m0 0 1
1 9 0
2 9 0
3 9 0
t 128 54
m0 0 1
1 8 0
2 8 0
3 8 0
t 127 54
m0 1 1
1 9 0
2 9 0
3 9 0
t 126 54
m0 0 1
1 8 0
2 8 0
3 8 0
t 125 54
m0 0 1
1 9 0
2 9 0
3 9 0
t 124 54
m0 0 2
1 8 0
2 8 0
3 8 0
t 123 55
m0 0 3
1 9 0
2 9 0
3 9 0
t 122 55
m0 0 3
1 8 0
2 8 0
3 8 0
t 121 55
m0 0 2
1 9 0
2 9 0
3 9 0
t 120 55
m0 0 3
1 8 0
2 8 0
3 8 0
t 119 55
m0 1 3
1 9 0
2 9 0
3 9 0
t 118 56
m0 0 3
1 8 0
2 8 0
3 8 0
t 117 56
m0 0 2
1 9 0
2 9 0
3 9 0
t 116 56
m0 0 2
1 8 0
2 8 0
3 8 0
t 115 56
m0 0 3
1 9 0
2 9 0
3 9 0
t 114 56
m0 1 3
1 8 0
2 8 0
3 8 0
t 113 56
m0 2 3
1 9 0
2 9 0
3 9 0
t 112 56
m0 2 3
1 8 0
2 8 0
3 8 0
t 111 56
m0 2 2
1 9 0
2 9 0
3 9 0
t 110 56
m0 3 2
1 8 0
2 8 0
3 8 0
t 109 57
m0 2 2
1 9 0
2 9 0
3 9 0
t 108 57
m0 2 1
1 8 0
2 8 0
3 8 0
t 107 57
m0 2 1
1 9 0
2 9 0
3 9 0
t 106 57
m0 2 0
1 9 1
2 9 1
3 9 1
t 105 57
m0 2 1
1 9 0
2 9 0
3 9 0
t 104 57
m0 2 0
1 9 1
2 9 1
3 9 1
t 103 57
m0 3 0
1 9 2
2 9 2
3 9 2
t 102 57
m0 3 0
1 9 3
2 9 3
3 9 3
t 101 57
m0 2 0
1 9 4
2 9 4
3 9 4
t 100 57
m0 2 1
1 9 5
2 9 5
3 9 5
t 99 57
m0 2 0
1 9 6
2 9 6
3 9 6
t 98 57
m0 3 0
1 9 5
2 9 5
3 9 5
t 97 57
m0 4 0
1 9 6
2 9 6
3 9 6
t 96 57
m0 3 0
1 9 5
2 9 5
3 9 5
t 95 57
m0 4 0
1 9 6
2 9 6
3 9 6
t 94 57
m0 4 0
1 9 5
2 9 5
3 9 5
t 93 57
m0 4 0
1 9 6
2 9 6
3 9 6
t 92 57
m0 5 0
1 9 5
2 9 5
3 9 5
t 91 57
m0 6 0
1 9 6
2 9 6
3 9 6
t 90 57
m0 6 1
1 9 5
2 9 5
3 9 5
f 3 7
t 89 58
m0 6 1
1 9 6
2 9 6
3 9 6
t 88 58
m0 5 1
1 9 5
2 9 5
3 9 5
t 87 59
m0 5 2
1 9 6
2 9 6
3 9 6
t 86 59
m0 5 3
1 9 5
2 9 5
3 9 5
t 85 60
m0 5 4
1 9 6
2 9 6
3 9 6
t 84 61
m0 5 5
1 9 5
2 9 5
3 9 5
t 83 61
m0 4 5
1 9 4
2 9 4
3 9 4
t 82 62
m0 4 5
1 9 3
2 9 3
3 9 3
t 81 62
m0 3 5
1 9 2
2 9 2
3 9 2
t 80 62
m0 3 6
1 9 1
2 9 1
3 9 1
t 79 62
m0 3 7
1 9 0
2 9 0
3 9 0
t 78 72
m0 3 6
1 8 0
2 8 0
3 8 0
t 77 72
m0 3 6
1 9 0
2 9 0
3 9 0
t 76 72
m0 3 6
1 8 0
2 8 0
3 8 0
t 75 72
m0 3 7
1 9 0
2 9 0
3 9 0
t 74 72
m0 3 7
1 8 0
2 8 0
3 8 0
t 73 72
m0 3 7
1 9 0
2 9 0
3 9 0
t 72 72
m0 3 8
1 8 0
2 8 0
3 8 0
t 71 72
m0 3 8
1 9 0
2 9 0
3 9 0
t 70 72
m0 3 7
1 8 0
2 8 0
3 8 0
t 69 72
m0 3 6
1 9 0
2 9 0
3 9 0
t 68 72
m0 3 7
1 8 0
2 8 0
3 8 0
t 67 72
m0 3 7
1 9 0
2 9 0
3 9 0
t 66 72
m0 3 8
1 8 0
2 8 0
3 8 0
t 65 72
m0 2 8
1 9 0
2 9 0
3 9 0
t 64 72
m0 2 8
1 8 0
2 8 0
3 8 0
t 63 72
m0 3 8
1 9 0
2 9 0
3 9 0
t 62 72
m0 3 7
1 8 0
2 8 0
3 8 0
t 61 72
m0 3 7
1 9 0
2 9 0
3 9 0
t 60 72
m0 3 7
1 8 0
2 8 0
3 8 0
t 59 72
m0 3 8
1 9 0
2 9 0
3 9 0
t 58 72
m0 3 8
1 8 0
2 8 0
3 8 0
t 57 72
m0 3 7
1 9 0
2 9 0
3 9 0
t 56 72
m0 3 6
1 8 0
2 8 0
3 8 0
t 55 72
m0 3 5
1 9 0
2 9 0
3 9 0
t 54 72
m0 3 6
1 8 0
2 8 0
3 8 0
t 53 82
m0 3 5
1 9 0
2 9 0
3 9 0
t 52 82
m0 3 5
1 8 0
2 8 0
3 8 0
t 51 82
m0 3 6
1 9 0
2 9 0
3 9 0
t 50 82
m0 2 6
1 8 0
2 8 0
3 8 0
t 49 82
m0 2 6
1 9 0
2 9 0
3 9 0
t 48 82
m0 2 6
1 8 0
2 8 0
3 8 0
t 47 82
m0 3 6
1 9 0
2 9 0
3 9 0
t 46 82
m0 3 5
1 8 0
2 8 0
3 8 0
t 45 82
m0 4 5
1 9 0
2 9 0
3 9 0
t 44 82
m0 4 5
1 8 0
2 8 0
3 8 0
t 43 82
m0 4 5
1 9 0
2 9 0
3 9 0
t 42 82
m0 3 5
1 8 0
2 8 0
3 8 0
t 41 82
m0 3 6
1 9 0
2 9 0
3 9 0
t 40 82
m0 3 7
1 8 0
2 8 0
3 8 0
t 39 82
m0 3 8
1 9 0
2 9 0
3 9 0
t 38 82
m0 2 8
1 8 0
2 8 0
3 8 0
t 37 82
m0 2 8
1 9 0
2 9 0
3 9 0
t 36 82
m0 2 8
1 8 0
2 8 0
3 8 0
t 35 82
m0 3 8
1 9 0
2 9 0
3 9 0
t 34 82
m0 3 8
1 8 0
2 8 0
3 8 0
t 33 82
m0 3 8
1 9 0
2 9 0
3 9 0
t 32 82
m0 3 7
1 8 0
2 8 0
3 8 0
t 31 82
m0 3 6
1 9 0
2 9 0
3 9 0
t 30 82
m0 3 5
1 8 0
2 8 0
3 8 0
t 29 82
m0 4 5
1 9 0
2 9 0
3 9 0
t 28 82
m0 5 5
1 8 0
2 8 0
3 8 0
t 27 82
m0 6 5
1 9 0
2 9 0
3 9 0
t 26 83
m0 6 5
1 8 0
2 8 0
3 8 0
t 25 83
m0 6 4
1 9 0
2 9 0
3 9 0
t 24 84
m0 7 4
1 8 0
2 8 0
3 8 0
t 23 84
m0 6 4
1 9 0
2 9 0
3 9 0
t 22 84
m0 7 4
1 8 0
2 8 0
3 8 0
t 21 84
m0 7 3
1 9 0
2 9 0
3 9 0
t 20 84
m0 8 3
1 8 0
2 8 0
3 8 0
t 19 84
m0 8 3
1 9 0
2 9 0
3 9 0
t 18 84
m0 9 3
1 8 0
2 8 0
3 8 0
t 17 84
m0 8 3
1 9 0
2 9 0
3 9 0
t 16 84
m0 8 3
1 8 0
2 8 0
3 8 0
t 15 84
m0 7 3
1 9 0
2 9 0
3 9 0
t 14 84
m0 7 2
1 8 0
2 8 0
3 8 0
t 13 85
m0 7 1
1 9 0
2 9 0
3 9 0
t 12 86
m0 6 1
1 8 0
2 8 0
3 8 0
t 11 86
m0 7 1
1 9 0
2 9 0
3 9 0
t 10 86
m0 6 1
1 8 0
2 8 0
3 8 0
t 9 86
m0 6 0
1 9 0
2 9 0
3 9 0
t 8 86
m0 6 1
1 8 0
2 8 0
3 8 0
t 7 86
m0 6 0
1 9 0
2 9 0
3 9 0
t 6 86
m0 6 0
1 9 1
2 9 1
3 9 1
t 5 86
m0 6 1
1 9 0
2 9 0
3 9 0
t 4 86
m0 6 0
1 9 1
2 9 1
3 9 1
t 3 86
m0 5 0
1 9 2
2 9 2
3 9 2
t 2 86
m0 5 1
1 9 3
2 9 3
3 9 3
t 1 86
m0 5 1
1 9 3
2 9 3
3 9 3
t 0 86
