10
15
w 7 7
w 3 11
w 0 7
w 5 1
w 7 11
w 2 5
w 1 11
w 8 5
w 7 2
w 8 14
w 8 1
w 3 10
w 6 3
w 4 13
w 2 13
w 9 11
w 0 11
w 7 10
w 5 4
w 4 5
w 1 13
w 6 11
w 1 4
w 7 5
w 2 3
w 1 9
w 3 9
w 2 7
w 0 1
w 8 3
w 3 1
w 5 14
w 0 6
w 6 13
w 7 8
w 0 2
w 9 12
p 7 3
p 6 9
p 1 3
p 4 7
p 4 8
p 5 6
p 2 8
p 7 12
p 8 0
p 2 1
p 6 2
p 1 6
p 0 3
p 5 8
p 6 14
p 4 0
p 4 9
p 2 9
p 7 6
p 6 10
p 1 14
p 8 10
p 1 5
p 3 6
p 2 2
p 1 10
p 5 0
p 3 2
p 0 0
p 9 14
p 8 2
p 2 6
p 5 11
p 3 13
p 6 0
p 4 14
p 0 12
p 4 2
p 1 0
p 3 5
p 5 3
p 7 0
p 6 8
p 1 12
p 8 12
p 6 1
p 7 13
p 0 13
p 5 7
p 7 4
p 4 3
p 0 9
p 9 5
p 5 2
p 2 4
p 8 4
m0 0 14
1 9 0
2 9 0
3 9 0
t 300 0
m0 1 14
1 8 0
2 8 0
3 8 0
t 299 1
m0 2 14
1 9 0
2 9 0
3 9 0
t 298 1
m0 3 14
1 8 0
2 8 0
3 8 0
t 297 1
m0 4 14
1 9 0
2 9 0
3 9 0
t 296 2
m0 3 14
1 8 0
2 8 0
3 8 0
t 295 2
m0 3 13
1 9 0
2 9 0
3 9 0
t 294 3
m0 3 12
1 8 0
2 8 0
3 8 0
t 293 3
m0 4 12
1 9 0
2 9 0
3 9 0
t 292 3
m0 5 12
1 8 0
2 8 0
3 8 0
t 291 3
m0 5 11
1 9 0
2 9 0
3 9 0
t 290 4
m0 5 10
1 8 0
2 8 0
3 8 0
t 289 4
m0 6 10
1 9 0
2 9 0
3 9 0
t 288 5
m0 6 9
1 8 0
2 8 0
3 8 0
t 287 6
m0 6 8
1 9 0
2 9 0
3 9 0
t 286 7
m0 5 8
1 8 0
2 8 0
3 8 0
t 285 8
m0 5 7
1 9 0
2 9 0
3 9 0
t 284 9
m0 5 6
1 8 0
2 8 0
3 8 0
t 283 10
m0 6 6
1 9 0
2 9 0
3 9 0
t 282 10
m0 7 6
1 8 0
2 8 0
3 8 0
t 281 11
m0 8 6
1 9 0
2 9 0
3 9 0
t 280 11
m0 9 6
1 8 0
2 8 0
3 8 0
t 279 11
m0 9 5
1 7 0
2 7 0
3 7 0
t 278 12
m0 9 4
1 6 0
2 6 0
3 6 0
t 277 12
m0 8 4
1 5 0
2 5 0
3 5 0
t 276 13
m0 7 4
1 4 0
2 4 0
3 4 0
t 275 14
m0 7 3
1 3 0
2 3 0
3 3 0
t 274 15
m0 7 4
1 2 0
2 2 0
3 2 0
t 273 15
m0 8 4
1 1 0
2 1 0
3 1 0
t 272 15
m0 9 4
1 0 0
2 0 0
3 0 0
t 271 15
m0 9 3
1 1 0
2 1 0
3 1 0
t 270 15
m0 9 2
1 0 0
2 0 0
3 0 0
t 269 15
m0 8 2
1 1 0
2 1 0
3 1 0
t 268 16
m0 9 2
1 0 0
2 0 0
3 0 0
t 267 16
m0 9 1
1 1 0
2 1 0
3 1 0
t 266 16
m0 9 0
1 0 0
2 0 0
3 0 0
t 265 16
m0 8 0
1 1 0
2 1 0
3 1 0
t 264 17
m0 7 0
1 0 0
2 0 0
3 0 0
t 263 18
m0 6 0
1 1 0
2 1 0
3 1 0
t 262 19
m0 5 0
1 0 0
2 0 0
3 0 0
t 261 20
m0 4 0
1 1 0
2 1 0
3 1 0
t 260 21
m0 5 0
1 0 0
2 0 0
3 0 0
t 259 21
m0 6 0
1 1 0
2 1 0
3 1 0
t 258 21
m0 6 1
1 0 0
2 0 0
3 0 0
t 257 22
m0 6 2
1 1 0
2 1 0
3 1 0
t 256 23
m0 5 2
1 0 0
2 0 0
3 0 0
t 255 24
m0 4 2
1 1 0
2 1 0
3 1 0
t 254 25
m0 3 2
1 0 0
2 0 0
3 0 0
t 253 26
m0 2 2
1 1 0
2 1 0
3 1 0
t 252 27
m0 2 1
1 0 0
2 0 0
3 0 0
t 251 28
m0 2 0
1 1 0
2 1 0
3 1 0
t 250 28
m0 -5 -5
1 1 0
2 1 0
3 1 0
t 249 29
