10
15
w 4 7
w 6 6
w 0 7
w 6 2
w 4 12
w 0 10
w 2 12
w 0 3
w 8 5
w 5 5
w 7 6
w 6 10
w 8 10
w 1 5
w 2 13
w 2 2
w 4 1
w 9 7
w 7 14
w 8 2
w 6 11
w 1 13
w 4 14
w 2 10
w 3 9
w 2 14
w 4 11
w 0 1
w 7 8
w 8 3
w 6 8
w 8 12
w 6 1
w 2 0
w 1 8
w 6 13
w 5 2
p 1 3
p 8 13
p 4 8
p 7 12
p 2 8
p 0 2
p 8 0
p 5 13
p 2 1
p 1 6
p 2 5
p 1 11
p 3 14
p 7 2
p 4 0
p 8 14
p 3 3
p 8 1
p 4 13
p 0 11
p 3 6
p 0 4
p 1 10
p 1 1
p 6 4
p 3 2
p 0 0
p 9 14
p 2 6
p 4 10
p 5 11
p 4 5
p 3 13
p 8 11
p 6 0
p 1 9
p 8 7
p 1 0
p 0 8
p 9 6
p 3 5
p 5 3
p 2 7
p 5 7
p 2 11
p 0 13
p 9 9
p 3 8
p 0 6
p 4 3
p 1 7
p 0 9
p 9 5
p 3 4
p 2 4
p 8 4
m0 0 14
1 9 0
2 9 0
3 9 0
t 300 0
m0 0 13
1 8 0
2 9 1
3 8 0
t 299 1
m0 0 12
1 9 0
2 9 0
3 9 0
t 298 1
m0 0 12
1 8 0
2 9 1
3 8 0
t 297 1
m0 0 11
1 9 0
2 9 0
3 9 0
f 6 14
t 296 2
m0 0 12
1 8 0
2 9 1
3 8 0
t 295 2
m0 0 11
1 9 0
2 9 0
3 9 0
t 294 2
m0 0 12
1 8 0
2 9 1
3 8 0
t 293 2
m0 1 12
1 9 0
2 9 0
3 9 0
t 292 2
m0 1 11
1 8 0
2 9 1
3 8 0
t 291 3
m0 0 11
1 9 0
2 9 0
3 9 0
t 290 3
m0 0 11
1 8 0
2 9 1
3 8 0
t 289 3
m0 0 12
1 9 0
2 9 0
3 9 0
t 288 3
m0 0 12
1 8 0
2 9 1
3 8 0
t 287 3
m0 1 12
1 9 0
2 9 0
3 9 0
t 286 3
m0 1 12
1 8 0
2 9 1
3 8 0
t 285 3
m0 1 11
1 9 0
2 9 0
3 9 0
t 284 3
m0 1 10
1 8 0
2 9 1
3 8 0
t 283 4
m0 1 10
1 9 0
2 9 0
3 9 0
t 282 4
m0 1 10
1 8 0
2 9 1
3 8 0
t 281 4
m0 1 10
1 9 0
2 9 0
3 9 0
t 280 4
m0 1 9
1 8 0
2 9 1
3 8 0
t 279 5
m0 0 9
1 9 0
2 9 0
3 9 0
t 278 6
m0 1 9
1 8 0
2 9 1
3 8 0
t 277 6
m0 0 9
1 9 0
2 9 0
3 9 0
t 276 6
m0 0 8
1 8 0
2 9 1
3 8 0
t 275 7
m0 0 9
1 9 0
2 9 0
3 9 0
t 274 7
m0 0 8
1 8 0
2 9 1
3 8 0
t 273 7
m0 0 8
1 9 0
2 9 0
3 9 0
t 272 7
m0 0 8
1 8 0
2 9 1
3 8 0
t 271 7
m0 0 8
1 9 0
2 9 0
3 9 0
t 270 7
m0 0 9
1 8 0
2 9 1
3 8 0
t 269 7
m0 0 8
1 9 0
2 9 0
3 9 0
t 268 7
m0 0 8
1 8 0
2 9 1
3 8 0
t 267 7
m0 0 8
1 9 0
2 9 0
3 9 0
t 266 7
m0 0 8
1 8 0
2 9 1
3 8 0
t 265 7
m0 0 8
1 9 0
2 9 0
3 9 0
t 264 7
m0 0 8
1 8 0
2 9 1
3 8 0
t 263 7
m0 0 9
1 9 0
2 9 0
3 9 0
t 262 7
m0 0 8
1 8 0
2 9 1
3 8 0
t 261 7
m0 0 9
1 9 0
2 9 0
3 9 0
t 260 7
m0 0 8
1 8 0
2 9 1
3 8 0
t 259 7
m0 0 8
1 9 0
2 9 0
3 9 0
t 258 7
m0 0 8
1 8 0
2 9 1
3 8 0
t 257 7
m0 0 8
1 9 0
2 9 0
3 9 0
t 256 7
m0 0 8
1 8 0
2 9 1
3 8 0
t 255 7
m0 0 8
1 9 0
2 9 0
3 9 0
t 254 7
m0 0 8
1 8 0
2 9 1
3 8 0
t 253 7
m0 0 8
1 9 0
2 9 0
3 9 0
t 252 7
m0 0 9
1 8 0
2 9 1
3 8 0
t 251 7
m0 0 8
1 9 0
2 9 0
3 9 0
t 250 7
m0 0 8
1 8 0
2 9 1
3 8 0
t 249 7
m0 0 8
1 9 0
2 9 0
3 9 0
t 248 7
m0 0 8
1 8 0
2 9 1
3 8 0
t 247 7
m0 0 8
1 9 0
2 9 0
3 9 0
t 246 7
m0 0 9
1 8 0
2 9 1
3 8 0
t 245 7
m0 0 8
1 9 0
2 9 0
3 9 0
t 244 7
m0 0 9
1 8 0
2 9 1
3 8 0
t 243 7
m0 0 9
1 9 0
2 9 0
3 9 0
t 242 7
m0 0 9
1 8 0
2 9 1
3 8 0
t 241 7
m0 0 9
1 9 0
2 9 0
3 9 0
t 240 7
m0 1 9
1 8 0
2 9 1
3 8 0
t 239 7
m0 1 10
1 9 0
2 9 0
3 9 0
t 238 7
m0 1 10
1 8 0
2 9 1
3 8 0
t 237 7
m0 1 10
1 9 0
2 9 0
3 9 0
t 236 7
m0 1 11
1 8 0
2 9 1
3 8 0
t 235 7
m0 1 10
1 9 0
2 9 0
3 9 0
t 234 7
m0 1 10
1 8 0
2 9 1
3 8 0
t 233 7
m0 1 10
1 9 0
2 9 0
3 9 0
t 232 7
m0 1 10
1 8 0
2 9 1
3 8 0
t 231 7
m0 1 9
1 9 0
2 9 0
3 9 0
t 230 7
m0 0 9
1 8 0
2 9 1
3 8 0
t 229 7
m0 1 9
1 9 0
2 9 0
3 9 0
t 228 7
m0 1 9
1 8 0
2 9 1
3 8 0
t 227 7
m0 1 9
1 9 0
2 9 0
3 9 0
t 226 7
m0 0 9
1 8 0
2 9 1
3 8 0
t 225 7
m0 0 8
1 9 0
2 9 0
3 9 0
t 224 7
m0 0 8
1 8 0
2 9 1
3 8 0
t 223 7
m0 0 8
1 9 0
2 9 0
3 9 0
t 222 7
m0 0 8
1 8 0
2 9 1
3 8 0
t 221 7
m0 0 8
1 9 0
2 9 0
3 9 0
t 220 7
m0 0 8
1 8 0
2 9 1
3 8 0
t 219 7
m0 0 9
1 9 0
2 9 0
3 9 0
t 218 7
m0 0 9
1 8 0
2 9 1
3 8 0
t 217 7
m0 0 8
1 9 0
2 9 0
3 9 0
t 216 7
m0 0 8
1 8 0
2 9 1
3 8 0
t 215 7
m0 0 9
1 9 0
2 9 0
3 9 0
t 214 7
m0 1 9
1 8 0
2 9 1
3 8 0
t 213 7
m0 0 9
1 9 0
2 9 0
3 9 0
t 212 7
m0 0 9
1 8 0
2 9 1
3 8 0
t 211 7
m0 1 9
1 9 0
2 9 0
3 9 0
t 210 7
m0 1 9
1 8 0
2 9 1
3 8 0
t 209 7
m0 0 9
1 9 0
2 9 0
3 9 0
t 208 7
m0 0 9
1 8 0
2 9 1
3 8 0
t 207 7
m0 0 8
1 9 0
2 9 0
3 9 0
t 206 7
m0 0 8
1 8 0
2 9 1
3 8 0
t 205 7
m0 0 8
1 9 0
2 9 0
3 9 0
t 204 7
m0 0 9
1 8 0
2 9 1
3 8 0
t 203 7
m0 1 9
1 9 0
2 9 0
3 9 0
t 202 7
m0 0 9
1 8 0
2 9 1
3 8 0
t 201 7
m0 0 9
1 9 0
2 9 0
3 9 0
t 200 7
m0 0 9
1 8 0
2 9 1
3 8 0
t 199 7
m0 0 9
1 9 0
2 9 0
3 9 0
t 198 7
m0 0 9
1 8 0
2 9 1
3 8 0
t 197 7
m0 1 9
1 9 0
2 9 0
3 9 0
t 196 7
m0 2 9
1 8 0
2 9 1
3 8 0
t 195 7
m0 2 8
1 9 0
2 9 0
3 9 0
t 194 8
m0 2 7
1 8 0
2 9 1
3 8 0
t 193 9
m0 2 6
1 9 0
2 9 0
3 9 0
t 192 10
m0 1 6
1 8 0
2 9 1
3 8 0
t 191 11
m0 0 6
1 9 0
2 9 0
3 9 0
t 190 12
m0 0 5
1 8 0
2 9 1
3 8 0
t 189 12
m0 0 6
1 9 0
2 9 0
3 9 0
t 188 12
m0 1 6
1 8 0
2 9 1
3 8 0
t 187 12
m0 1 7
1 9 0
2 9 0
3 9 0
t 186 13
m0 1 7
1 8 0
2 9 1
3 8 0
t 185 13
m0 1 7
1 9 0
2 9 0
3 9 0
t 184 13
m0 2 7
1 8 0
2 9 1
3 8 0
t 183 13
m0 3 7
1 9 0
2 9 0
3 9 0
t 182 13
m0 3 7
1 8 0
2 9 1
3 8 0
t 181 13
m0 2 7
1 9 0
2 9 0
3 9 0
t 180 13
m0 2 6
1 8 0
2 9 1
3 8 0
t 179 13
m0 2 7
1 9 0
2 9 0
3 9 0
t 178 13
m0 3 7
1 8 0
2 9 1
3 8 0
t 177 13
m0 3 7
1 9 0
2 9 0
3 9 0
t 176 13
m0 3 8
1 8 0
2 9 1
3 8 0
t 175 14
m0 2 8
1 9 0
2 9 0
3 9 0
t 174 14
m0 3 8
1 8 0
2 9 1
3 8 0
t 173 14
m0 3 7
1 9 0
2 9 0
3 9 0
t 172 14
m0 3 7
1 8 0
2 9 1
3 8 0
t 171 14
m0 3 7
1 9 0
2 9 0
3 9 0
t 170 14
m0 3 8
1 8 0
2 9 1
3 8 0
t 169 14
m0 3 8
1 9 0
2 9 0
3 9 0
t 168 14
m0 2 8
1 8 0
2 9 1
3 8 0
t 167 14
m0 3 8
1 9 0
2 9 0
3 9 0
t 166 14
m0 3 7
1 8 0
2 9 1
3 8 0
t 165 14
m0 3 6
1 9 0
2 9 0
3 9 0
t 164 15
m0 2 6
1 8 0
2 9 1
3 8 0
t 163 15
m0 1 6
1 9 0
2 9 0
3 9 0
t 162 15
m0 2 6
1 8 0
2 9 1
3 8 0
t 161 15
m0 1 6
1 9 0
2 9 0
3 9 0
t 160 15
m0 1 7
1 8 0
2 9 1
3 8 0
t 159 15
m0 2 7
1 9 0
2 9 0
3 9 0
t 158 15
m0 2 7
1 8 0
2 9 1
3 8 0
t 157 15
m0 2 6
1 9 0
2 9 0
3 9 0
t 156 15
m0 2 5
1 8 0
2 9 1
3 8 0
t 155 16
m0 2 5
1 9 0
2 9 0
3 9 0
t 154 16
m0 2 5
1 8 0
2 9 1
3 8 0
t 153 16
m0 2 6
1 9 0
2 9 0
3 9 0
t 152 16
m0 1 6
1 8 0
2 9 1
3 8 0
t 151 16
m0 1 6
1 9 0
2 9 0
3 9 0
t 150 16
m0 1 6
1 8 0
2 9 1
3 8 0
t 149 16
m0 1 6
1 9 0
2 9 0
3 9 0
t 148 16
m0 0 6
1 8 0
2 9 1
3 8 0
t 147 16
m0 0 5
1 9 0
2 9 0
3 9 0
t 146 16
m0 0 4
1 8 0
2 9 1
3 8 0
t 145 17
m0 0 5
1 9 0
2 9 0
3 9 0
t 144 17
m0 0 5
1 8 0
2 9 1
3 8 0
t 143 17
m0 0 5
1 9 0
2 9 0
3 9 0
t 142 17
m0 0 4
1 8 0
2 9 1
3 8 0
t 141 17
m0 0 4
1 9 0
2 9 0
3 9 0
t 140 17
m0 1 4
1 8 0
2 9 1
3 8 0
t 139 17
m0 0 4
1 9 0
2 9 0
3 9 0
t 138 17
m0 0 4
1 8 0
2 9 1
3 8 0
t 137 17
m0 0 5
1 9 0
2 9 0
3 9 0
t 136 17
m0 0 6
1 8 0
2 9 1
3 8 0
t 135 17
m0 0 6
1 9 0
2 9 0
3 9 0
t 134 17
m0 0 5
1 8 0
2 9 1
3 8 0
t 133 17
m0 0 4
1 9 0
2 9 0
3 9 0
t 132 17
m0 0 5
1 8 0
2 9 1
3 8 0
t 131 17
m0 0 5
1 9 0
2 9 0
3 9 0
t 130 17
m0 0 5
1 8 0
2 9 1
3 8 0
t 129 17
m0 0 6
1 9 0
2 9 0
3 9 0
t 128 17
m0 0 6
1 8 0
2 9 1
3 8 0
t 127 17
m0 0 5
1 9 0
2 9 0
3 9 0
t 126 17
m0 0 4
1 8 0
2 9 1
3 8 0
t 125 17
m0 0 5
1 9 0
2 9 0
3 9 0
t 124 17
m0 0 5
1 8 0
2 9 1
3 8 0
t 123 17
m0 0 4
1 9 0
2 9 0
3 9 0
t 122 17
m0 0 4
1 8 0
2 9 1
3 8 0
t 121 17
m0 0 4
1 9 0
2 9 0
3 9 0
t 120 17
m0 0 4
1 8 0
2 9 1
3 8 0
t 119 17
m0 0 4
1 9 0
2 9 0
3 9 0
t 118 17
m0 0 4
1 8 0
2 9 1
3 8 0
t 117 17
m0 1 4
1 9 0
2 9 0
3 9 0
t 116 17
m0 0 4
1 8 0
2 9 1
3 8 0
t 115 17
m0 0 5
1 9 0
2 9 0
3 9 0
t 114 17
m0 0 5
1 8 0
2 9 1
3 8 0
t 113 17
m0 0 4
1 9 0
2 9 0
3 9 0
t 112 17
m0 0 4
1 8 0
2 9 1
3 8 0
t 111 17
m0 0 4
1 9 0
2 9 0
3 9 0
t 110 17
m0 0 4
1 8 0
2 9 1
3 8 0
t 109 17
m0 1 4
1 9 0
2 9 0
3 9 0
t 108 17
m0 0 4
1 8 0
2 9 1
3 8 0
t 107 17
m0 0 4
1 9 0
2 9 0
3 9 0
t 106 17
m0 0 5
1 8 0
2 9 1
3 8 0
t 105 17
m0 0 4
1 9 0
2 9 0
3 9 0
t 104 17
m0 1 4
1 8 0
2 9 1
3 8 0
t 103 17
m0 1 3
1 9 0
2 9 0
3 9 0
t 102 18
m0 1 4
1 8 0
2 9 1
3 8 0
t 101 18
m0 0 4
1 9 0
2 9 0
3 9 0
t 100 18
m0 0 5
1 8 0
2 9 1
3 8 0
t 99 18
m0 0 6
1 9 0
2 9 0
3 9 0
t 98 18
m0 0 5
1 8 0
2 9 1
3 8 0
t 97 18
m0 0 4
1 9 0
2 9 0
3 9 0
t 96 18
m0 0 4
1 8 0
2 9 1
3 8 0
t 95 18
m0 1 4
1 9 0
2 9 0
3 9 0
t 94 18
m0 1 3
1 8 0
2 9 1
3 8 0
t 93 18
m0 1 3
1 9 0
2 9 0
3 9 0
t 92 18
m0 1 3
1 8 0
2 9 1
3 8 0
t 91 18
m0 2 3
1 9 0
2 9 0
3 9 0
t 90 18
m0 3 3
1 8 0
2 9 1
3 8 0
t 89 19
m0 2 3
1 9 0
2 9 0
3 9 0
t 88 19
m0 1 3
1 8 0
2 9 1
3 8 0
t 87 19
m0 2 3
1 9 0
2 9 0
3 9 0
t 86 19
m0 2 4
1 8 0
2 9 1
3 8 0
t 85 20
m0 2 4
1 9 0
2 9 0
3 9 0
t 84 20
m0 1 4
1 8 0
2 9 1
3 8 0
t 83 20
m0 0 4
1 9 0
2 9 0
3 9 0
t 82 20
m0 0 4
1 8 0
2 9 1
3 8 0
t 81 20
m0 0 4
1 9 0
2 9 0
3 9 0
t 80 20
m0 0 4
1 8 0
2 9 1
3 8 0
t 79 20
m0 0 5
1 9 0
2 9 0
3 9 0
t 78 20
m0 0 5
1 8 0
2 9 1
3 8 0
t 77 20
m0 0 5
1 9 0
2 9 0
3 9 0
t 76 20
m0 0 6
1 8 0
2 9 1
3 8 0
t 75 20
m0 0 5
1 9 0
2 9 0
3 9 0
t 74 20
m0 0 6
1 8 0
2 9 1
3 8 0
t 73 20
m0 0 5
1 9 0
2 9 0
3 9 0
t 72 20
m0 0 4
1 8 0
2 9 1
3 8 0
t 71 20
m0 0 5
1 9 0
2 9 0
3 9 0
t 70 20
m0 0 6
1 8 0
2 9 1
3 8 0
t 69 20
m0 0 6
1 9 0
2 9 0
3 9 0
t 68 20
m0 1 6
1 8 0
2 9 1
3 8 0
t 67 20
m0 2 6
1 9 0
2 9 0
3 9 0
t 66 20
m0 2 5
1 8 0
2 9 1
3 8 0
t 65 20
m0 2 4
1 9 0
2 9 0
3 9 0
t 64 20
m0 2 4
1 8 0
2 9 1
3 8 0
t 63 20
m0 1 4
1 9 0
2 9 0
3 9 0
t 62 20
m0 2 4
1 8 0
2 9 1
3 8 0
t 61 20
m0 2 4
1 9 0
2 9 0
3 9 0
t 60 20
m0 2 5
1 8 0
2 9 1
3 8 0
t 59 20
m0 3 5
1 9 0
2 9 0
3 9 0
t 58 21
m0 3 4
1 8 0
2 9 1
3 8 0
t 57 22
m0 3 4
1 9 0
2 9 0
3 9 0
t 56 22
m0 2 4
1 8 0
2 9 1
3 8 0
t 55 22
m0 2 4
1 9 0
2 9 0
3 9 0
t 54 22
m0 3 4
1 8 0
2 9 1
3 8 0
t 53 22
m0 3 3
1 9 0
2 9 0
3 9 0
t 52 22
m0 2 3
1 8 0
2 9 1
3 8 0
t 51 22
m0 1 3
1 9 0
2 9 0
3 9 0
t 50 22
m0 2 3
1 8 0
2 9 1
3 8 0
t 49 22
m0 3 3
1 9 0
2 9 0
3 9 0
t 48 22
m0 3 2
1 8 0
2 9 1
3 8 0
t 47 23
m0 3 3
1 9 0
2 9 0
3 9 0
t 46 23
m0 3 3
1 8 0
2 9 1
3 8 0
t 45 23
m0 4 3
1 9 0
2 9 0
3 9 0
t 44 24
m0 4 2
1 8 0
2 9 1
3 8 0
t 43 24
m0 4 2
1 9 0
2 9 0
3 9 0
t 42 24
m0 3 2
1 8 0
2 9 1
3 8 0
t 41 24
m0 3 1
1 9 0
2 9 2
3 9 0
t 40 24
m0 2 1
1 8 0
2 9 3
3 9 1
t 39 25
m0 3 1
1 9 0
2 9 4
3 9 2
t 38 25
m0 2 1
1 8 0
2 9 5
3 9 3
t 37 25
m0 2 1
1 9 0
2 9 6
3 9 4
t 36 25
m0 2 1
1 8 0
2 8 6
3 9 3
t 35 25
m0 1 1
1 9 0
2 8 7
3 9 4
t 34 26
m0 1 2
1 8 0
2 8 8
3 9 5
t 33 26
m0 0 2
1 9 0
2 8 9
3 9 6
t 32 27
m0 0 2
1 8 0
2 9 9
3 9 5
t 31 27
m0 0 2
1 9 0
2 9 10
3 9 6
t 30 27
m0 0 2
1 8 0
2 9 11
3 9 5
t 29 27
m0 1 2
1 9 0
2 9 12
3 9 6
t 28 27
m0 1 1
1 8 0
2 9 13
3 9 5
t 27 27
m0 1 1
1 9 0
2 9 14
3 9 6
t 26 27
m0 1 1
1 8 0
2 8 14
3 9 5
t 25 27
m0 1 0
1 9 0
2 9 14
3 9 6
t 24 28
m0 1 1
1 8 0
2 8 14
3 9 5
t 23 28
m0 1 0
1 9 0
2 9 14
3 9 6
t 22 28
m0 0 0
1 8 0
2 8 14
3 9 5
t 21 29
m0 1 0
1 9 0
2 9 14
3 9 6
t 20 29
m0 1 1
1 8 0
2 8 14
3 9 5
t 19 29
m0 1 0
1 9 0
2 9 14
3 9 6
t 18 29
m0 1 0
1 8 0
2 8 14
3 9 5
t 17 29
m0 0 0
1 9 0
2 9 14
3 9 6
t 16 29
m0 1 0
1 8 0
2 8 14
3 9 5
t 15 29
m0 0 0
1 9 0
2 9 14
3 9 6
t 14 29
m0 0 0
1 8 0
2 8 14
3 9 5
t 13 29
m0 1 0
1 9 0
2 9 14
3 9 6
t 12 29
m0 1 0
1 8 0
2 8 14
3 9 5
t 11 29
m0 1 1
1 9 0
2 9 14
3 9 6
t 10 29
m0 1 0
1 8 0
2 8 14
3 9 5
t 9 29
m0 1 0
1 9 0
2 9 14
3 9 6
t 8 29
m0 1 1
1 8 0
2 8 14
3 9 5
t 7 29
m0 2 1
1 9 0
2 9 14
3 9 6
t 6 29
m0 3 1
1 8 0
2 8 14
3 9 5
t 5 29
m0 3 0
1 9 0
2 9 14
3 9 6
t 4 29
m0 3 1
1 8 0
2 8 14
3 9 5
t 3 29
m0 3 0
1 9 0
2 9 14
3 9 6
t 2 29
m0 3 0
1 8 0
2 8 14
3 9 5
t 1 29
m0 3 0
1 8 0
2 8 14
3 9 5
t 0 29
