Use the setting in the following lines to re-create this experiment

{'result_folder_name': 'formal_exp_1', 'plot_file_name': '1_plot', 'log_file_name': 'formal_exp_1_log', 'n_run': 30, 'n_eval': 2000, 'n_pacman': 1, 'n_ghost': 3, 'size_tuple': (10, 15), 'wall_density': 0.25, 'replay_file_name': '0_replay', 'time_multiplier': 2, 'pills_density': 0.5, 'fruit_spawn_probability': 0.05, 'pill_value': 1, 'fruit_score': 10, 'grow_terminal_prob': 0.5, 'over_selection_x': 0.2, 'pacman_max_tree_height': 2, 'pacman_parent_selection': 'os', 'pacman_stable_population': 5, 'pacman_offspring_population': 50, 'n_pacman_parent': 3, 'pacman_survival_selection': 'trunc', 'pacman_survival_k': 15, 'pacman_parsimony_pressure': 2, 'pacman_share_controller': True, 'ghost_max_tree_height': 2, 'ghost_parent_selection': 'os', 'ghost_stable_population': 5, 'ghost_offspring_population': 50, 'n_ghost_parent': 2, 'ghost_survival_selection': 'trunc', 'ghost_survival_k': 15, 'ghost_parsimony_pressure': 2, 'ghost_share_controller': True, 'convergence_n_eval': None, 'seed': '2018-12-03 20:27:18.750214'}

Result Log

Run 0
5	0.0	29
55	0.7689795918367346	45
105	0.13387755102040816	50
155	0.38693877551020406	48
205	0.3346938775510203	32
255	0.17795918367346936	39
305	0.5306122448979592	55
355	0.7216326530612244	62
405	0.33795918367346933	35
455	0.19918367346938773	59
505	0.46367346938775506	62
555	0.4146938775510204	45
605	0.10448979591836734	56
655	0.163265306122449	41
705	0.4440816326530612	46
755	0.4669387755102041	49
805	0.25632653061224486	42
855	0.06204081632653061	30
905	0.6432653061224489	38
955	0.7771428571428571	65
1005	0.49469387755102034	44
1055	0.27755102040816326	54
1105	0.3706122448979592	37
1155	0.6759183673469386	62
1205	0.33306122448979586	66
1255	0.03428571428571428	105
1305	0.1959183673469388	61
1355	0.7542857142857144	52
1405	0.8261224489795918	53
1455	0.06040816326530612	65
1505	0.2677551020408163	56
1555	0.4538775510204082	24
1605	0.32326530612244897	78
1655	0.7444897959183673	55
1705	0.47673469387755096	36
1755	0.5257142857142857	64
1805	0.3363265306122449	46
1855	0.35265306122448975	57
1905	0.06530612244897958	43
1955	0.06857142857142857	107
2005	0.3657142857142857	46

Run 1
5	0.29387755102040813	25
55	1.4122448979591835	54
105	0.8538775510204084	49
155	0.4277551020408163	32
205	0.4995918367346938	48
255	0.23673469387755097	35
305	0.3004081632653061	39
355	1.000816326530612	43
405	1.036734693877551	39
455	0.853877551020408	46
505	0.5224489795918366	30
555	1.033469387755102	49
605	0.4718367346938775	37
655	0.48326530612244895	25
705	0.4751020408163265	24
755	1.131428571428571	44
805	0.9044897959183671	51
855	0.3657142857142857	20
905	0.396734693877551	47
955	0.5697959183673469	36
1005	0.4865306122448979	44
1055	0.5910204081632652	42
1105	0.44244897959183666	41
1155	0.16979591836734692	30
1205	0.2775510204081632	27
1255	0.2955102040816326	34
1305	0.25632653061224486	29
1355	0.8097959183673467	33
1405	0.928979591836735	37
1455	0.13551020408163264	29
1505	0.5518367346938775	45
1555	0.907755102040816	44
1605	0.25632653061224486	23
1655	0.12408163265306121	49
1705	0.4848979591836734	40
1755	0.46367346938775506	44
1805	0.7444897959183673	45
1855	0.3248979591836735	46
1905	0.3004081632653061	20
1955	0.43755102040816324	37
2005	0.34938775510204073	85

Run 2
5	0.0	26
55	0.27918367346938777	15
105	0.3755102040816326	10
155	0.26122448979591834	40
205	0.396734693877551	61
255	0.16653061224489793	5
305	0.8718367346938775	40
355	0.13714285714285712	59
405	0.2693877551020408	16
455	0.2171428571428571	13
505	0.48653061224489796	38
555	0.12897959183673474	6
605	0.396734693877551	55
655	0.26938775510204077	62
705	0.45224489795918354	27
755	0.08489795918367346	20
805	0.048979591836734684	35
855	0.25142857142857145	7
905	0.24163265306122444	49
955	0.5991836734693876	36
1005	0.41142857142857137	33
1055	0.16	67
1105	0.11591836734693876	41
1155	0.25632653061224486	14
1205	0.19918367346938773	19
1255	0.8326530612244898	51
1305	0.08	9
1355	0.233469387755102	44
1405	0.3608163265306122	40
1455	0.03591836734693877	7
1505	0.2775510204081632	15
1555	0.9306122448979589	53
1605	0.25795918367346937	10
1655	0.30857142857142855	57
1705	0.1436734693877551	5
1755	0.5273469387755101	41
1805	0.18775510204081633	10
1855	0.2481632653061224	56
1905	0.2808163265306122	10
1955	0.09142857142857143	56
2005	0.5812244897959183	53

Run 3
5	0.0	1
55	0.23673469387755097	7
105	0.43591836734693873	10
155	0.22857142857142854	4
205	0.23346938775510195	14
255	0.24816326530612237	5
305	0.44244897959183666	11
355	0.4816326530612244	6
405	0.2318367346938775	8
455	0.03265306122448979	2
505	0.04081632653061225	5
555	0.43591836734693873	9
605	0.3363265306122448	10
655	0.45224489795918366	12
705	0.021224489795918365	2
755	0.15183673469387757	4
805	0.22693877551020403	6
855	0.08816326530612245	3
905	0.310204081632653	3
955	0.2938775510204081	7
1005	0.21224489795918364	9
1055	0.2971428571428571	11
1105	0.34122448979591835	5
1155	0.5142857142857142	11
1205	0.6873469387755101	12
1255	0.4963265306122448	13
1305	0.3118367346938775	11
1355	0.2677551020408163	5
1405	0.08653061224489794	5
1455	0.12897959183673469	6
1505	0.36734693877551017	7
1555	0.4261224489795918	17
1605	0.1648979591836735	5
1655	0.1404081632653061	4
1705	0.3575510204081633	10
1755	0.13224489795918365	3
1805	0.1877551020408163	8
1855	0.28734693877551015	12
1905	0.4424489795918366	6
1955	0.22204081632653058	9
2005	0.24816326530612237	4

Run 4
5	2.2204081632653057	11
55	3.311020408163265	19
105	0.2204081632653061	20
155	0.13061224489795917	13
205	0.18122448979591835	11
255	0.19591836734693874	21
305	0.15020408163265306	11
355	0.22367346938775504	16
405	0.17959183673469387	20
455	0.2253061224489796	23
505	0.2514285714285714	27
555	0.4277551020408163	20
605	0.9485714285714283	17
655	0.32	12
705	0.4914285714285714	18
755	0.3755102040816326	28
805	0.3248979591836734	22
855	0.37877551020408157	17
905	0.60734693877551	13
955	0.21224489795918364	12
1005	0.4506122448979592	13
1055	0.25142857142857145	10
1105	0.3346938775510203	15
1155	0.17632653061224488	20
1205	0.11591836734693876	17
1255	0.550204081632653	24
1305	0.18122448979591835	12
1355	0.37714285714285706	19
1405	0.5910204081632652	17
1455	0.44081632653061215	17
1505	0.49795918367346936	22
1555	0.33959183673469384	20
1605	0.3608163265306123	18
1655	0.39836734693877546	13
1705	0.25795918367346937	23
1755	0.10122448979591836	12
1805	0.3330612244897959	16
1855	0.040816326530612235	23
1905	0.1893877551020408	22
1955	0.2465306122448979	14
2005	0.19918367346938773	20

Run 5
5	0.03265306122448979	40
55	0.5191836734693878	29
105	0.6693877551020408	46
155	0.4244897959183673	53
205	0.31999999999999995	36
255	0.2791836734693877	46
305	0.37551020408163255	30
355	0.21387755102040815	21
405	0.4946938775510202	35
455	0.47510204081632645	26
505	0.2318367346938775	14
555	0.5861224489795918	51
605	0.24489795918367335	53
655	0.8408163265306123	24
705	0.0653061224489796	24
755	0.4636734693877551	33
805	0.6187755102040815	42
855	0.25469387755102035	40
905	0.4424489795918366	42
955	0.703673469387755	26
1005	0.2612244897959184	28
1055	0.13224489795918365	17
1105	0.6024489795918366	42
1155	0.23836734693877554	39
1205	0.14204081632653062	8
1255	0.6514285714285714	41
1305	0.3967346938775509	24
1355	0.1746938775510204	50
1405	0.16	50
1455	0.2840816326530612	20
1505	0.5844897959183672	50
1555	0.22857142857142856	42
1605	0.3118367346938775	38
1655	0.14204081632653062	11
1705	0.6546938775510205	41
1755	0.2857142857142857	26
1805	0.18122448979591838	58
1855	0.5485714285714285	13
1905	0.42938775510204075	25
1955	0.3885714285714284	45
2005	0.1322448979591837	39

Run 6
5	0.5877551020408163	9
55	1.4987755102040816	12
105	0.10122448979591837	11
155	0.17632653061224488	8
205	0.04244897959183673	5
255	0.10285714285714284	19
305	0.11591836734693876	19
355	0.2497959183673469	13
405	0.0	16
455	0.13714285714285712	13
505	0.1257142857142857	16
555	0.2661224489795917	43
605	0.16489795918367342	22
655	0.0	1
705	0.08979591836734693	6
755	0.11755102040816326	17
805	0.031020408163265303	1
855	0.0065306122448979586	1
905	0.17632653061224488	12
955	0.19755102040816325	33
1005	0.008163265306122448	13
1055	0.16326530612244894	9
1105	0.0065306122448979586	5
1155	0.20244897959183672	15
1205	0.23510204081632652	18
1255	0.21551020408163266	9
1305	0.24163265306122447	37
1355	0.2971428571428571	32
1405	0.0	3
1455	0.2661224489795918	17
1505	0.009795918367346938	25
1555	0.0016326530612244896	1
1605	0.021224489795918365	2
1655	0.040816326530612235	18
1705	0.17306122448979588	8
1755	0.0	15
1805	0.011428571428571429	17
1855	0.09142857142857143	5
1905	0.07346938775510203	15
1955	0.013061224489795917	1
2005	0.48489795918367334	10

Run 7
5	0.29387755102040813	7
55	0.4097959183673469	6
105	0.29061224489795917	10
155	0.4130612244897959	20
205	0.4897959183673468	13
255	0.4963265306122448	24
305	0.2073469387755102	13
355	0.2497959183673469	3
405	0.6791836734693877	35
455	0.4277551020408163	7
505	0.3510204081632653	6
555	0.12408163265306124	66
605	0.16163265306122448	34
655	0.5795918367346937	12
705	0.11755102040816326	18
755	0.4408163265306122	27
805	0.690612244897959	13
855	0.310204081632653	32
905	0.553469387755102	13
955	0.7591836734693876	20
1005	0.18122448979591838	29
1055	0.2677551020408163	14
1105	0.17959183673469387	13
1155	0.4604081632653061	15
1205	0.5012244897959183	51
1255	0.3951020408163265	11
1305	0.17795918367346936	11
1355	0.7951020408163264	10
1405	0.055510204081632646	7
1455	0.2661224489795918	19
1505	0.49632653061224485	13
1555	0.05224489795918367	5
1605	0.14204081632653062	19
1655	0.2987755102040816	5
1705	0.0946938775510204	8
1755	0.13714285714285712	40
1805	0.17306122448979588	29
1855	0.16653061224489793	14
1905	0.47673469387755096	10
1955	0.6808163265306122	23
2005	0.5436734693877551	18

Run 8
5	0.8979591836734693	49
55	0.8489795918367347	50
105	0.3787755102040816	46
155	0.2661224489795918	46
205	0.2448979591836734	64
255	0.5273469387755101	46
305	0.09469387755102039	56
355	0.8783673469387753	31
405	0.31020408163265306	42
455	0.30693877551020404	38
505	0.2938775510204082	62
555	0.7102040816326529	24
605	0.3951020408163265	39
655	0.1469387755102041	63
705	0.39020408163265297	36
755	0.14367346938775508	56
805	0.329795918367347	52
855	0.2253061224489796	56
905	0.0914285714285714	42
955	0.12734693877551018	61
1005	0.4979591836734694	21
1055	0.20734693877551016	55
1105	0.39836734693877546	51
1155	0.39346938775510204	24
1205	0.21061224489795918	55
1255	0.30693877551020404	18
1305	0.27591836734693875	18
1355	0.6873469387755102	47
1405	0.1583673469387755	43
1455	0.7918367346938774	48
1505	0.021224489795918365	37
1555	0.4489795918367347	46
1605	0.26285714285714284	50
1655	0.34122448979591835	48
1705	0.2922448979591836	51
1755	0.15510204081632653	44
1805	0.30530612244897953	54
1855	0.37387755102040815	32
1905	0.37224489795918364	59
1955	0.5518367346938775	53
2005	0.30367346938775513	30

Run 9
5	0.0	9
55	0.18448979591836737	42
105	0.23183673469387756	32
155	0.06204081632653061	66
205	0.2677551020408163	64
255	0.44244897959183666	67
305	0.22857142857142856	39
355	0.4016326530612244	39
405	0.16816326530612244	40
455	0.16979591836734695	33
505	0.2204081632653061	61
555	0.07673469387755101	56
605	0.07673469387755101	25
655	0.2612244897959184	42
705	0.048979591836734684	57
755	0.1110204081632653	29
805	0.2073469387755102	38
855	0.3461224489795919	33
905	0.2497959183673469	27
955	0.24163265306122447	53
1005	0.11755102040816326	34
1055	0.0473469387755102	53
1105	0.16653061224489796	50
1155	0.11428571428571431	39
1205	0.3330612244897959	54
1255	0.22693877551020405	71
1305	0.07020408163265306	53
1355	0.3444897959183673	38
1405	0.16653061224489796	46
1455	0.25306122448979596	39
1505	0.027755102040816323	59
1555	0.17306122448979594	41
1605	0.2253061224489796	56
1655	0.21551020408163266	58
1705	0.0946938775510204	57
1755	0.23183673469387756	36
1805	0.05224489795918367	51
1855	0.16816326530612244	49
1905	0.316734693877551	28
1955	0.3346938775510204	75
2005	0.10612244897959185	82

Run 10
5	2.057142857142857	21
55	2.6873469387755105	13
105	0.4342857142857142	24
155	0.19755102040816325	11
205	0.6204081632653061	34
255	0.15183673469387754	17
305	0.23346938775510206	17
355	0.00816326530612245	23
405	0.13387755102040816	16
455	0.15346938775510202	25
505	0.1844897959183673	9
555	0.22530612244897955	30
605	0.13387755102040816	16
655	0.36408163265306115	26
705	0.12734693877551018	25
755	0.14530612244897959	9
805	0.3363265306122448	31
855	0.3689795918367346	34
905	0.21224489795918366	24
955	0.2710204081632653	19
1005	0.07999999999999999	21
1055	0.04408163265306122	3
1105	0.12571428571428572	5
1155	0.05551020408163265	11
1205	0.10285714285714284	7
1255	0.0016326530612244896	4
1305	0.008163265306122448	10
1355	0.12408163265306121	31
1405	0.040816326530612235	28
1455	0.37877551020408157	19
1505	0.25795918367346937	35
1555	0.38693877551020406	30
1605	0.1844897959183673	12
1655	0.22693877551020405	10
1705	0.10448979591836734	9
1755	0.5012244897959183	37
1805	0.1893877551020408	27
1855	0.06530612244897958	10
1905	0.14204081632653062	18
1955	0.2955102040816326	22
2005	0.3363265306122449	20

Run 11
5	0.08163265306122448	36
55	0.6057142857142856	23
105	0.4293877551020408	45
155	0.23183673469387753	46
205	0.06857142857142856	8
255	0.16653061224489793	43
305	0.027755102040816323	48
355	0.15346938775510202	9
405	0.2253061224489796	18
455	0.2808163265306122	39
505	0.0489795918367347	44
555	0.3053061224489796	31
605	0.07346938775510203	36
655	0.1240816326530612	7
705	0.23510204081632652	18
755	0.25795918367346937	46
805	0.013061224489795917	40
855	0.17306122448979588	36
905	0.09959183673469386	46
955	0.1959183673469388	42
1005	0.18122448979591838	20
1055	0.32326530612244897	51
1105	0.15020408163265303	5
1155	0.014693877551020407	4
1205	0.14857142857142855	7
1255	0.33795918367346933	39
1305	0.06857142857142856	34
1355	0.10285714285714284	6
1405	0.0065306122448979586	43
1455	0.0065306122448979586	46
1505	0.06693877551020408	23
1555	0.21551020408163266	51
1605	0.310204081632653	62
1655	0.38857142857142846	42
1705	0.26122448979591834	16
1755	0.3248979591836734	27
1805	0.019591836734693877	34
1855	0.546938775510204	45
1905	0.019591836734693877	8
1955	0.09632653061224489	43
2005	0.21551020408163268	24

Run 12
5	0.6530612244897959	5
55	1.616326530612245	13
105	0.14693877551020407	10
155	0.0	0
205	0.0	0
255	0.0	0
305	0.0	0
355	0.0	0
405	0.41142857142857137	64
455	0.0	0
505	0.2857142857142857	73
555	0.6628571428571428	45
605	0.5322448979591836	40
655	0.0	0
705	0.6481632653061223	34
755	0.14693877551020407	10
805	0.0	0
855	0.0	0
905	0.0	0
955	0.24163265306122447	33
1005	0.08979591836734693	46
1055	0.5387755102040815	56
1105	0.0	0
1155	0.21387755102040815	44
1205	0.0	0
1255	0.31510204081632653	38
1305	0.0	0
1355	0.0	0
1405	0.43918367346938775	67
1455	0.5795918367346937	48
1505	0.0	0
1555	0.14693877551020407	10
1605	0.2710204081632653	49
1655	0.5551020408163265	54
1705	0.0	0
1755	0.6873469387755101	108
1805	0.6416326530612244	70
1855	0.14693877551020407	10
1905	0.4489795918367347	40
1955	0.045714285714285714	32
2005	0.0	0

Run 13
5	1.1755102040816325	8
55	0.8718367346938775	12
105	1.7175510204081632	16
155	1.0383673469387755	19
205	1.066122448979592	17
255	1.3991836734693874	38
305	1.4579591836734693	49
355	0.8881632653061224	11
405	0.8653061224489795	9
455	1.16734693877551	28
505	1.1020408163265305	14
555	0.6922448979591835	12
605	1.3779591836734693	29
655	1.4612244897959181	11
705	1.1412244897959183	24
755	0.9714285714285711	23
805	0.9714285714285712	26
855	1.5428571428571425	33
905	0.9110204081632652	9
955	1.2751020408163265	12
1005	1.4448979591836735	24
1055	1.164081632653061	19
1105	0.9534693877551017	7
1155	1.237551020408163	36
1205	1.1542857142857144	50
1255	0.7771428571428571	13
1305	1.2440816326530613	38
1355	0.9273469387755101	22
1405	1.6995918367346936	15
1455	1.366530612244898	15
1505	1.9118367346938776	30
1555	1.173877551020408	27
1605	1.2555102040816322	10
1655	1.183673469387755	33
1705	1.5983673469387747	22
1755	0.793469387755102	33
1805	0.9991836734693874	31
1855	0.8963265306122449	22
1905	1.0595918367346937	27
1955	1.0514285714285716	76
2005	0.9779591836734692	26

Run 14
5	0.14693877551020407	32
55	0.4097959183673469	20
105	0.1110204081632653	76
155	0.08489795918367347	57
205	0.34775510204081633	38
255	0.2171428571428571	57
305	0.21387755102040815	52
355	0.16326530612244894	43
405	0.3804081632653061	38
455	0.6514285714285714	48
505	0.27591836734693875	49
555	0.0963265306122449	60
605	0.43265306122448977	50
655	0.4277551020408163	46
705	0.5061224489795918	45
755	0.4065306122448979	36
805	0.21224489795918366	45
855	0.3053061224489795	55
905	0.0653061224489796	45
955	0.11918367346938774	42
1005	0.12081632653061224	58
1055	0.14530612244897959	33
1105	0.7085714285714285	60
1155	0.37551020408163255	48
1205	0.07673469387755101	34
1255	0.46367346938775506	44
1305	0.3118367346938775	52
1355	0.21714285714285717	57
1405	0.25469387755102035	44
1455	0.3657142857142857	56
1505	0.2808163265306122	47
1555	0.3657142857142856	42
1605	0.11591836734693876	52
1655	0.3379591836734693	70
1705	0.17632653061224488	51
1755	0.18122448979591838	61
1805	0.08489795918367347	46
1855	0.24653061224489792	45
1905	0.19428571428571428	40
1955	0.5355102040816324	54
2005	0.14530612244897959	47

Run 15
5	0.8816326530612244	6
55	1.7093877551020404	17
105	0.18285714285714286	6
155	0.3493877551020408	6
205	0.604081632653061	14
255	0.34285714285714286	11
305	0.3314285714285714	11
355	0.2693877551020408	4
405	0.10775510204081633	14
455	0.11428571428571427	6
505	0.20571428571428568	5
555	0.316734693877551	10
605	0.16326530612244894	4
655	0.05877551020408163	13
705	0.5240816326530612	13
755	0.0065306122448979586	4
805	0.14693877551020407	10
855	0.24163265306122447	13
905	0.013061224489795917	4
955	0.09306122448979591	7
1005	0.19918367346938776	17
1055	0.7853061224489797	26
1105	0.0	3
1155	0.23999999999999996	16
1205	0.25632653061224486	10
1255	0.013061224489795917	4
1305	0.05061224489795918	22
1355	0.21387755102040815	10
1405	0.16326530612244894	10
1455	0.2971428571428571	12
1505	0.32326530612244897	5
1555	0.4261224489795918	7
1605	0.12408163265306121	8
1655	0.0065306122448979586	3
1705	0.019591836734693877	11
1755	0.0	3
1805	0.11591836734693878	12
1855	0.28897959183673466	5
1905	0.06367346938775509	12
1955	0.10122448979591836	5
2005	0.16163265306122448	10

Run 16
5	0.32653061224489793	10
55	1.0514285714285712	28
105	0.3036734693877551	36
155	0.5959183673469387	53
205	0.3004081632653061	29
255	0.16653061224489793	29
305	0.2204081632653061	44
355	0.453877551020408	40
405	0.19591836734693874	31
455	0.6775510204081633	38
505	0.5208163265306122	40
555	0.2628571428571429	42
605	0.11428571428571427	36
655	0.1926530612244898	45
705	0.6759183673469387	47
755	0.1746938775510204	38
805	0.20081632653061224	36
855	0.16	36
905	0.35265306122448975	30
955	0.5730612244897959	35
1005	0.563265306122449	36
1055	0.0816326530612245	32
1105	0.34122448979591835	40
1155	0.5910204081632652	34
1205	0.24979591836734694	29
1255	0.11591836734693876	32
1305	0.4081632653061225	45
1355	0.553469387755102	35
1405	0.29714285714285715	48
1455	0.17306122448979594	45
1505	0.393469387755102	40
1555	0.29387755102040813	43
1605	0.20897959183673467	38
1655	0.30857142857142855	41
1705	0.014693877551020407	34
1755	0.3951020408163265	61
1805	0.035918367346938776	34
1855	0.3118367346938775	35
1905	0.37877551020408157	39
1955	0.1257142857142857	34
2005	0.2138775510204082	43

Run 17
5	0.7673469387755102	6
55	1.1591836734693877	18
105	0.07183673469387754	24
155	0.03591836734693877	23
205	0.09632653061224489	17
255	0.19265306122448977	20
305	0.27428571428571424	19
355	0.0473469387755102	13
405	0.16979591836734692	19
455	0.2987755102040816	14
505	0.017959183673469385	18
555	0.0979591836734694	22
605	0.29387755102040813	12
655	0.2661224489795918	21
705	0.3346938775510203	13
755	0.4130612244897959	19
805	0.07183673469387755	21
855	0.07673469387755101	20
905	0.2497959183673469	22
955	0.47346938775510206	15
1005	0.3314285714285714	18
1055	0.0963265306122449	14
1105	0.05224489795918366	25
1155	0.07999999999999999	16
1205	0.3363265306122449	25
1255	0.02448979591836735	15
1305	0.029387755102040815	18
1355	0.045714285714285714	24
1405	0.0326530612244898	18
1455	0.14857142857142858	18
1505	0.11755102040816326	13
1555	0.1436734693877551	13
1605	0.0065306122448979586	29
1655	0.10122448979591837	15
1705	0.017959183673469388	15
1755	0.14367346938775508	14
1805	0.23836734693877548	23
1855	0.029387755102040815	15
1905	0.022857142857142857	21
1955	0.0946938775510204	24
2005	0.23836734693877548	14

Run 18
5	0.0	29
55	0.6955102040816326	61
105	0.4571428571428571	48
155	0.4	30
205	0.5093877551020407	39
255	0.30693877551020404	36
305	0.6432653061224488	42
355	0.48653061224489796	51
405	0.4277551020408163	30
455	0.7395918367346939	58
505	0.7673469387755102	57
555	0.6563265306122448	46
605	0.27591836734693875	58
655	0.4440816326530612	47
705	0.35102040816326524	48
755	0.19918367346938773	40
805	0.1224489795918367	41
855	0.6367346938775509	34
905	0.4538775510204081	46
955	0.2791836734693877	51
1005	0.3575510204081633	47
1055	0.0016326530612244896	57
1105	0.47510204081632645	45
1155	0.9371428571428573	50
1205	0.2204081632653061	57
1255	0.00816326530612245	37
1305	0.4097959183673469	57
1355	0.5714285714285714	42
1405	0.3118367346938775	36
1455	0.4881632653061224	22
1505	0.17142857142857143	34
1555	0.28734693877551015	47
1605	0.863673469387755	49
1655	0.15183673469387754	35
1705	0.08653061224489797	16
1755	0.7330612244897959	46
1805	1.0253061224489795	48
1855	0.49306122448979595	46
1905	0.5681632653061224	27
1955	0.3118367346938775	49
2005	0.3248979591836735	52

Run 19
5	2.4163265306122446	10
55	3.5738775510204084	17
105	0.6987755102040816	18
155	2.1665306122448973	15
205	1.4873469387755096	14
255	0.5926530612244898	12
305	0.4195918367346939	7
355	0.3657142857142856	21
405	0.2808163265306123	8
455	0.326530612244898	13
505	1.686530612244898	17
555	1.2897959183673466	11
605	1.404081632653061	11
655	1.480816326530612	12
705	0.09306122448979594	14
755	0.4391836734693878	14
805	1.539591836734694	19
855	0.6008163265306121	15
905	0.5322448979591838	15
955	0.44408163265306116	16
1005	0.5551020408163265	13
1055	1.5706122448979591	10
1105	1.7763265306122447	21
1155	1.6097959183673467	11
1205	1.8089795918367344	12
1255	1.960816326530612	14
1305	2.0342857142857143	12
1355	0.16163265306122454	3
1405	1.7485714285714278	14
1455	2.0212244897959177	17
1505	1.4187755102040815	14
1555	0.22367346938775512	8
1605	0.3640816326530613	6
1655	0.44081632653061226	13
1705	0.6334693877551021	15
1755	2.2530612244897954	19
1805	0.14530612244897959	9
1855	0.4653061224489796	12
1905	0.3248979591836734	12
1955	1.650612244897959	12
2005	1.9167346938775507	18

Run 20
5	1.2081632653061223	29
55	1.7224489795918367	19
105	0.026122448979591834	18
155	0.36408163265306115	25
205	0.0995918367346939	11
255	0.09632653061224489	33
305	0.34612244897959177	44
355	0.10122448979591837	17
405	0.6465306122448979	37
455	0.2693877551020408	33
505	0.6563265306122449	34
555	0.24326530612244895	23
605	0.34122448979591835	23
655	0.5893877551020407	38
705	0.3053061224489796	31
755	0.313469387755102	18
805	0.23836734693877548	23
855	0.30693877551020404	9
905	0.5910204081632653	23
955	0.19755102040816322	24
1005	0.0816326530612245	15
1055	0.18122448979591838	23
1105	0.23183673469387756	17
1155	0.4587755102040816	35
1205	0.48816326530612236	44
1255	0.5306122448979592	37
1305	0.02938775510204082	23
1355	0.233469387755102	22
1405	0.5910204081632653	22
1455	0.2204081632653061	24
1505	0.3559183673469387	18
1555	0.39836734693877546	31
1605	0.5028571428571428	24
1655	0.5387755102040817	38
1705	0.49306122448979584	36
1755	0.26285714285714284	35
1805	0.4653061224489795	32
1855	0.44244897959183666	36
1905	0.4293877551020408	31
1955	0.06857142857142856	12
2005	0.12408163265306121	18

Run 21
5	1.1428571428571428	7
55	1.5199999999999998	23
105	1.745306122448979	14
155	1.2587755102040814	25
205	0.793469387755102	13
255	1.1216326530612242	15
305	1.4530612244897958	20
355	1.5738775510204075	16
405	0.6008163265306122	13
455	2.6661224489795914	22
505	0.8440816326530611	14
555	1.066122448979592	24
605	1.6391836734693874	27
655	1.2310204081632654	10
705	2.1061224489795918	25
755	0.5387755102040817	11
805	1.8579591836734688	26
855	0.8081632653061225	15
905	0.8310204081632652	14
955	0.9289795918367346	14
1005	2.1387755102040806	43
1055	1.9526530612244895	60
1105	2.808163265306122	15
1155	2.0016326530612245	20
1205	0.8375510204081632	28
1255	1.219591836734694	22
1305	1.5151020408163265	22
1355	2.306938775510203	15
1405	1.985306122448979	62
1455	1.3502040816326528	14
1505	2.3804081632653054	24
1555	2.8799999999999994	51
1605	1.7551020408163263	25
1655	2.200816326530612	12
1705	0.760816326530612	15
1755	2.5795918367346933	30
1805	1.0889795918367347	33
1855	1.6669387755102039	16
1905	1.4775510204081628	12
1955	2.6644897959183673	14
2005	1.5722448979591837	17

Run 22
5	0.16326530612244897	1
55	0.4016326530612245	18
105	0.2661224489795918	14
155	0.6285714285714286	14
205	0.18285714285714286	32
255	0.2710204081632653	13
305	0.12244897959183673	21
355	0.3248979591836734	7
405	0.24	25
455	0.21877551020408162	17
505	0.30204081632653057	16
555	0.11918367346938774	29
605	0.21061224489795916	12
655	0.13551020408163264	16
705	0.31999999999999995	9
755	0.13551020408163264	16
805	0.24979591836734694	11
855	0.03918367346938775	11
905	0.2971428571428571	11
955	0.24163265306122447	7
1005	0.18775510204081627	39
1055	0.4310204081632653	18
1105	0.29551020408163264	14
1155	0.30204081632653057	18
1205	0.5583673469387754	12
1255	0.23020408163265305	16
1305	0.4212244897959183	8
1355	0.4473469387755102	15
1405	0.31999999999999995	7
1455	0.17142857142857143	11
1505	0.1942857142857143	8
1555	0.23999999999999996	16
1605	0.6057142857142856	10
1655	0.0930612244897959	17
1705	0.36734693877551017	10
1755	0.2171428571428571	13
1805	0.2677551020408163	18
1855	0.019591836734693877	10
1905	0.06693877551020408	12
1955	0.2644897959183673	8
2005	0.5338775510204081	19

Run 23
5	0.9959183673469386	13
55	2.8326530612244896	44
105	0.25469387755102035	36
155	0.32326530612244897	19
205	0.5338775510204082	43
255	0.09142857142857143	19
305	0.2220408163265306	32
355	0.18612244897959182	21
405	0.24163265306122444	40
455	0.3363265306122449	28
505	0.29714285714285715	56
555	0.5599999999999999	54
605	0.3787755102040816	82
655	0.3363265306122449	65
705	0.29551020408163264	36
755	0.19918367346938776	15
805	0.4506122448979592	53
855	0.3477551020408163	41
905	0.5044897959183673	33
955	0.22204081632653058	75
1005	0.26448979591836735	32
1055	0.38857142857142857	26
1105	0.3314285714285714	79
1155	0.20081632653061224	14
1205	0.2693877551020407	12
1255	0.653061224489796	38
1305	0.32326530612244897	19
1355	0.2514285714285714	27
1405	0.29061224489795917	37
1455	0.5942857142857143	69
1505	0.1453061224489796	31
1555	0.18612244897959182	57
1605	0.42938775510204086	17
1655	0.25142857142857145	27
1705	0.5779591836734694	43
1755	0.4473469387755101	47
1805	0.4767346938775511	16
1855	0.16653061224489796	19
1905	0.33959183673469384	44
1955	0.23673469387755103	42
2005	0.31673469387755093	27

Run 24
5	0.8816326530612244	21
55	1.6832653061224492	26
105	2.053877551020408	25
155	0.329795918367347	36
205	1.1869387755102039	26
255	1.4726530612244897	47
305	0.08979591836734693	40
355	1.9869387755102037	15
405	1.6130612244897957	32
455	0.2089795918367347	50
505	1.3485714285714283	19
555	1.5934693877551018	38
605	0.5273469387755101	51
655	1.5085714285714282	17
705	1.1640816326530612	16
755	1.4530612244897958	45
805	1.4351020408163264	15
855	0.1746938775510204	44
905	0.3330612244897959	78
955	1.4024489795918367	24
1005	1.1363265306122448	56
1055	1.3616326530612244	17
1105	1.58204081632653	19
1155	0.40489795918367344	49
1205	1.5918367346938773	47
1255	0.8065306122448979	46
1305	0.9763265306122452	24
1355	1.2914285714285711	24
1405	1.4253061224489796	65
1455	1.913469387755102	17
1505	1.8889795918367338	16
1555	1.8057142857142856	70
1605	0.2889795918367347	22
1655	1.1053061224489793	19
1705	1.732244897959184	64
1755	1.516734693877551	39
1805	1.2555102040816326	17
1855	1.340408163265306	22
1905	1.789387755102041	14
1955	1.7632653061224486	21
2005	1.0693877551020408	15

Run 25
5	1.0285714285714285	12
55	1.6408163265306117	24
105	0.4587755102040816	40
155	0.4261224489795918	4
205	0.5044897959183673	30
255	0.33795918367346933	37
305	0.5175510204081631	22
355	0.5730612244897959	7
405	0.2938775510204082	36
455	0.22693877551020403	34
505	0.6857142857142855	11
555	0.12081632653061224	33
605	0.33959183673469384	14
655	1.2555102040816326	49
705	0.6906122448979594	14
755	0.47346938775510194	32
805	0.7069387755102039	42
855	0.25795918367346937	21
905	0.5175510204081631	18
955	0.23999999999999996	50
1005	0.466938775510204	42
1055	0.2889795918367347	11
1105	0.9420408163265305	29
1155	0.6024489795918366	4
1205	0.33795918367346933	3
1255	0.690612244897959	29
1305	0.4783673469387755	32
1355	0.3820408163265306	31
1405	0.36734693877551017	23
1455	0.6873469387755102	39
1505	0.47020408163265304	4
1555	0.44408163265306116	10
1605	0.6628571428571428	14
1655	0.36734693877551017	3
1705	0.8702040816326531	35
1755	0.24489795918367346	14
1805	0.5306122448979591	26
1855	0.8277551020408161	35
1905	0.9420408163265305	26
1955	0.6334693877551021	41
2005	0.40489795918367344	9

Run 26
5	1.7632653061224488	7
55	1.3942857142857144	13
105	0.0	0
155	0.0	0
205	0.27265306122448973	10
255	0.055510204081632646	4
305	0.0	0
355	0.0	0
405	0.045714285714285714	7
455	0.0	0
505	0.0	0
555	0.0	0
605	0.2922448979591837	12
655	0.1404081632653061	8
705	0.013061224489795917	8
755	0.0	0
805	0.14693877551020407	10
855	0.0	0
905	0.0	0
955	0.0	0
1005	0.05877551020408163	7
1055	0.3004081632653061	23
1105	0.0	0
1155	0.12408163265306121	10
1205	0.09795918367346937	13
1255	0.0	0
1305	0.4408163265306122	27
1355	0.0	0
1405	0.0	0
1455	0.1910204081632653	10
1505	0.0	0
1555	0.0	0
1605	0.1436734693877551	13
1655	0.15999999999999998	10
1705	0.310204081632653	15
1755	0.22693877551020405	10
1805	0.2710204081632652	13
1855	0.013061224489795917	3
1905	0.0032653061224489793	6
1955	0.14693877551020407	10
2005	0.29714285714285715	13

Run 27
5	0.29387755102040813	29
55	0.9191836734693878	45
105	0.1746938775510204	49
155	0.20081632653061224	44
205	0.1877551020408163	49
255	0.3575510204081633	37
305	0.11918367346938777	36
355	0.14857142857142858	71
405	0.24816326530612243	43
455	0.013061224489795917	51
505	0.16	57
555	0.2873469387755102	72
605	0.2840816326530612	53
655	0.27265306122448973	50
705	0.031020408163265303	34
755	0.15020408163265306	38
805	0.40489795918367344	42
855	0.3477551020408163	47
905	0.057142857142857134	47
955	0.28244897959183674	33
1005	0.11755102040816326	53
1055	0.23673469387755103	39
1105	0.16163265306122448	45
1155	0.017959183673469385	61
1205	0.17632653061224488	48
1255	0.2008163265306122	47
1305	0.2971428571428571	42
1355	0.06040816326530612	43
1405	0.16653061224489796	65
1455	0.23346938775510204	44
1505	0.0963265306122449	52
1555	0.11428571428571427	50
1605	0.03918367346938775	69
1655	0.25795918367346937	68
1705	0.14530612244897959	47
1755	0.4669387755102041	46
1805	0.3118367346938775	38
1855	0.27755102040816326	40
1905	0.25795918367346937	55
1955	0.2220408163265306	48
2005	0.25142857142857145	43

Run 28
5	0.0	33
55	0.47673469387755096	42
105	0.17959183673469387	56
155	0.31510204081632653	42
205	0.16653061224489793	50
255	0.4016326530612245	33
305	0.6285714285714284	40
355	0.08653061224489794	59
405	0.15020408163265306	45
455	0.3395918367346939	50
505	0.24326530612244895	60
555	0.23999999999999996	50
605	0.5485714285714285	50
655	0.027755102040816326	56
705	0.0	38
755	0.6383673469387755	58
805	0.19591836734693874	42
855	0.3804081632653061	52
905	0.5338775510204081	49
955	0.0946938775510204	49
1005	0.16653061224489793	46
1055	0.2253061224489796	49
1105	0.37714285714285717	47
1155	0.18775510204081633	42
1205	0.1273469387755102	44
1255	0.15020408163265306	43
1305	0.4555102040816326	55
1355	0.3755102040816326	55
1405	0.16163265306122448	54
1455	0.8489795918367345	42
1505	0.2644897959183673	64
1555	0.24816326530612243	53
1605	0.18775510204081633	45
1655	0.09142857142857143	50
1705	0.12244897959183673	33
1755	0.25632653061224486	45
1805	0.32816326530612244	41
1855	0.11428571428571427	51
1905	0.34285714285714286	53
1955	0.3722448979591836	44
2005	0.2595918367346939	41

Run 29
5	0.29387755102040813	18
55	0.4995918367346938	22
105	0.12408163265306121	26
155	0.4816326530612245	12
205	0.13551020408163264	10
255	0.2497959183673469	13
305	0.2889795918367347	19
355	0.5012244897959183	9
405	0.3771428571428572	15
455	0.07510204081632653	17
505	0.23836734693877548	11
555	0.14367346938775508	14
605	0.2089795918367347	11
655	0.0473469387755102	11
705	0.1893877551020408	33
755	0.3657142857142857	12
805	0.22204081632653058	11
855	0.5142857142857142	24
905	0.27918367346938777	12
955	0.4440816326530612	13
1005	0.20408163265306123	23
1055	0.2448979591836734	7
1105	0.5044897959183674	12
1155	0.1910204081632653	13
1205	0.3885714285714286	15
1255	0.3575510204081633	13
1305	0.40326530612244893	27
1355	0.31999999999999995	12
1405	0.6889795918367346	13
1455	0.3412244897959183	20
1505	0.35428571428571426	17
1555	0.4848979591836734	15
1605	0.5632653061224491	12
1655	0.17632653061224488	15
1705	0.29551020408163264	10
1755	0.6253061224489795	12
1805	0.9012244897959184	33
1855	0.11102040816326529	9
1905	0.10122448979591836	9
1955	0.20081632653061215	9
2005	0.537142857142857	9
