10
15
w 6 9
w 6 6
w 7 12
w 2 1
w 0 7
w 4 12
w 0 10
w 7 11
w 0 3
w 7 2
w 5 8
w 0 11
w 0 4
w 4 1
w 9 7
w 6 4
w 0 0
w 2 6
w 4 5
w 5 2
w 4 14
w 0 12
w 0 5
w 3 5
w 7 9
w 9 13
w 5 10
w 6 8
w 6 1
w 2 11
w 9 9
w 5 14
w 2 0
w 3 8
w 0 9
w 7 8
w 8 4
p 5 9
p 4 7
p 4 8
p 2 8
p 9 8
p 8 0
p 7 7
p 3 11
p 6 2
p 2 12
p 3 7
p 5 1
p 2 5
p 2 4
p 4 0
p 8 14
p 4 9
p 5 5
p 2 9
p 3 3
p 6 7
p 8 1
p 7 6
p 5 12
p 8 10
p 4 13
p 1 5
p 2 13
p 9 11
p 7 10
p 8 6
p 1 1
p 4 10
p 7 14
p 9 14
p 9 3
p 6 0
p 1 4
p 2 10
p 3 9
p 6 12
p 1 0
p 5 3
p 2 7
p 8 3
p 3 12
p 4 6
p 1 12
p 8 12
p 9 2
p 5 7
p 6 13
p 1 7
p 9 5
p 3 4
p 0 2
m0 0 14
1 9 0
2 9 0
3 9 0
t 300 0
m0 1 14
1 8 0
2 8 0
3 8 0
t 299 0
m0 2 14
1 9 0
2 9 0
3 9 0
t 298 0
m0 2 13
1 8 0
2 8 0
3 8 0
t 297 1
m0 3 13
1 9 0
2 9 0
3 9 0
t 296 1
m0 4 13
1 8 0
2 8 0
3 8 0
t 295 2
m0 3 13
1 9 0
2 9 0
3 9 0
t 294 2
m0 3 12
1 8 0
2 8 0
3 8 0
t 293 3
m0 3 11
1 9 0
2 9 0
3 9 0
t 292 4
m0 3 10
1 8 0
2 8 0
3 8 0
t 291 4
m0 4 10
1 9 0
2 9 0
3 9 0
t 290 5
m0 4 9
1 8 0
2 8 0
3 8 0
t 289 6
m0 5 9
1 9 0
2 9 0
3 9 0
t 288 7
m0 4 9
1 8 0
2 8 0
3 8 0
t 287 7
m0 4 8
1 9 0
2 9 0
3 9 0
t 286 8
m0 4 7
1 8 0
2 8 0
3 8 0
t 285 9
m0 5 7
1 9 0
2 9 0
3 9 0
t 284 10
m0 6 7
1 8 0
2 8 0
3 8 0
t 283 11
m0 7 7
1 9 0
2 9 0
3 9 0
t 282 12
m0 7 6
1 8 0
2 8 0
3 8 0
t 281 13
m0 8 6
1 9 0
2 9 0
3 9 0
t 280 14
m0 8 6
1 8 0
2 8 0
3 8 0
t 279 14
m0 8 6
1 9 0
2 9 0
3 9 0
t 278 14
m0 8 6
1 8 0
2 8 0
3 8 0
t 277 14
m0 8 6
1 9 0
2 9 0
3 9 0
t 276 14
m0 8 6
1 8 0
2 8 0
3 8 0
f 7 0
t 275 14
m0 8 6
1 9 0
2 9 0
3 9 0
t 274 14
m0 8 6
1 8 0
2 8 0
3 8 0
t 273 14
m0 8 6
1 9 0
2 9 0
3 9 0
t 272 14
m0 8 6
1 8 0
2 8 0
3 8 0
t 271 14
m0 8 6
1 9 0
2 9 0
3 9 0
t 270 14
m0 8 6
1 8 0
2 8 0
3 8 0
t 269 14
m0 8 6
1 9 0
2 9 0
3 9 0
t 268 14
m0 8 6
1 8 0
2 8 0
3 8 0
t 267 14
m0 8 6
1 9 0
2 9 0
3 9 0
t 266 14
m0 8 6
1 8 0
2 8 0
3 8 0
t 265 14
m0 8 6
1 9 0
2 9 0
3 9 0
t 264 14
m0 8 6
1 8 0
2 8 0
3 8 0
t 263 14
m0 8 6
1 9 0
2 9 0
3 9 0
t 262 14
m0 8 6
1 8 0
2 8 0
3 8 0
t 261 14
m0 8 6
1 9 0
2 9 0
3 9 0
t 260 14
m0 8 6
1 8 0
2 8 0
3 8 0
t 259 14
m0 8 6
1 9 0
2 9 0
3 9 0
t 258 14
m0 8 6
1 8 0
2 8 0
3 8 0
t 257 14
m0 8 6
1 9 0
2 9 0
3 9 0
t 256 14
m0 8 6
1 8 0
2 8 0
3 8 0
t 255 14
m0 8 6
1 9 0
2 9 0
3 9 0
t 254 14
m0 8 6
1 8 0
2 8 0
3 8 0
t 253 14
m0 8 6
1 9 0
2 9 0
3 9 0
t 252 14
m0 8 6
1 8 0
2 8 0
3 8 0
t 251 14
m0 8 6
1 9 0
2 9 0
3 9 0
t 250 14
m0 8 6
1 8 0
2 8 0
3 8 0
t 249 14
m0 8 6
1 9 0
2 9 0
3 9 0
t 248 14
m0 8 6
1 8 0
2 8 0
3 8 0
t 247 14
m0 8 6
1 9 0
2 9 0
3 9 0
t 246 14
m0 8 6
1 8 0
2 8 0
3 8 0
t 245 14
m0 8 6
1 9 0
2 9 0
3 9 0
t 244 14
m0 8 6
1 8 0
2 8 0
3 8 0
t 243 14
m0 8 6
1 9 0
2 9 0
3 9 0
t 242 14
m0 8 6
1 8 0
2 8 0
3 8 0
t 241 14
m0 8 6
1 9 0
2 9 0
3 9 0
t 240 14
m0 8 6
1 8 0
2 8 0
3 8 0
t 239 14
m0 8 6
1 9 0
2 9 0
3 9 0
t 238 14
m0 8 6
1 8 0
2 8 0
3 8 0
t 237 14
m0 8 6
1 9 0
2 9 0
3 9 0
t 236 14
m0 8 6
1 8 0
2 8 0
3 8 0
t 235 14
m0 8 6
1 9 0
2 9 0
3 9 0
t 234 14
m0 8 6
1 8 0
2 8 0
3 8 0
t 233 14
m0 8 6
1 9 0
2 9 0
3 9 0
t 232 14
m0 8 6
1 8 0
2 8 0
3 8 0
t 231 14
m0 8 6
1 9 0
2 9 0
3 9 0
t 230 14
m0 8 6
1 8 0
2 8 0
3 8 0
t 229 14
m0 8 6
1 9 0
2 9 0
3 9 0
t 228 14
m0 8 6
1 8 0
2 8 0
3 8 0
t 227 14
m0 8 6
1 9 0
2 9 0
3 9 0
t 226 14
m0 8 6
1 8 0
2 8 0
3 8 0
t 225 14
m0 8 6
1 9 0
2 9 0
3 9 0
t 224 14
m0 8 6
1 8 0
2 8 0
3 8 0
t 223 14
m0 8 6
1 9 0
2 9 0
3 9 0
t 222 14
m0 8 6
1 8 0
2 8 0
3 8 0
t 221 14
m0 8 6
1 9 0
2 9 0
3 9 0
t 220 14
m0 8 6
1 8 0
2 8 0
3 8 0
t 219 14
m0 8 6
1 9 0
2 9 0
3 9 0
t 218 14
m0 8 6
1 8 0
2 8 0
3 8 0
t 217 14
m0 8 6
1 9 0
2 9 0
3 9 0
t 216 14
m0 8 6
1 8 0
2 8 0
3 8 0
t 215 14
m0 8 6
1 9 0
2 9 0
3 9 0
t 214 14
m0 8 6
1 8 0
2 8 0
3 8 0
t 213 14
m0 8 6
1 9 0
2 9 0
3 9 0
t 212 14
m0 8 6
1 8 0
2 8 0
3 8 0
t 211 14
m0 8 6
1 9 0
2 9 0
3 9 0
t 210 14
m0 8 6
1 8 0
2 8 0
3 8 0
t 209 14
m0 8 6
1 9 0
2 9 0
3 9 0
t 208 14
m0 8 6
1 8 0
2 8 0
3 8 0
t 207 14
m0 8 6
1 9 0
2 9 0
3 9 0
t 206 14
m0 8 6
1 8 0
2 8 0
3 8 0
t 205 14
m0 8 6
1 9 0
2 9 0
3 9 0
t 204 14
m0 8 6
1 8 0
2 8 0
3 8 0
t 203 14
m0 8 6
1 9 0
2 9 0
3 9 0
t 202 14
m0 8 6
1 8 0
2 8 0
3 8 0
t 201 14
m0 8 6
1 9 0
2 9 0
3 9 0
t 200 14
m0 8 6
1 8 0
2 8 0
3 8 0
t 199 14
m0 8 6
1 9 0
2 9 0
3 9 0
t 198 14
m0 8 6
1 8 0
2 8 0
3 8 0
t 197 14
m0 8 6
1 9 0
2 9 0
3 9 0
t 196 14
m0 8 6
1 8 0
2 8 0
3 8 0
t 195 14
m0 8 6
1 9 0
2 9 0
3 9 0
t 194 14
m0 8 6
1 8 0
2 8 0
3 8 0
t 193 14
m0 8 6
1 9 0
2 9 0
3 9 0
t 192 14
m0 8 6
1 8 0
2 8 0
3 8 0
t 191 14
m0 8 6
1 9 0
2 9 0
3 9 0
t 190 14
m0 8 6
1 8 0
2 8 0
3 8 0
t 189 14
m0 8 6
1 9 0
2 9 0
3 9 0
t 188 14
m0 8 6
1 8 0
2 8 0
3 8 0
t 187 14
m0 8 6
1 9 0
2 9 0
3 9 0
t 186 14
m0 8 6
1 8 0
2 8 0
3 8 0
t 185 14
m0 8 6
1 9 0
2 9 0
3 9 0
t 184 14
m0 8 6
1 8 0
2 8 0
3 8 0
t 183 14
m0 8 6
1 9 0
2 9 0
3 9 0
t 182 14
m0 8 6
1 8 0
2 8 0
3 8 0
t 181 14
m0 8 6
1 9 0
2 9 0
3 9 0
t 180 14
m0 8 6
1 8 0
2 8 0
3 8 0
t 179 14
m0 8 6
1 9 0
2 9 0
3 9 0
t 178 14
m0 8 6
1 8 0
2 8 0
3 8 0
t 177 14
m0 8 6
1 9 0
2 9 0
3 9 0
t 176 14
m0 8 6
1 8 0
2 8 0
3 8 0
t 175 14
m0 8 6
1 9 0
2 9 0
3 9 0
t 174 14
m0 8 6
1 8 0
2 8 0
3 8 0
t 173 14
m0 8 6
1 9 0
2 9 0
3 9 0
t 172 14
m0 8 6
1 8 0
2 8 0
3 8 0
t 171 14
m0 8 6
1 9 0
2 9 0
3 9 0
t 170 14
m0 8 6
1 8 0
2 8 0
3 8 0
t 169 14
m0 8 6
1 9 0
2 9 0
3 9 0
t 168 14
m0 8 6
1 8 0
2 8 0
3 8 0
t 167 14
m0 8 6
1 9 0
2 9 0
3 9 0
t 166 14
m0 8 6
1 8 0
2 8 0
3 8 0
t 165 14
m0 8 6
1 9 0
2 9 0
3 9 0
t 164 14
m0 8 6
1 8 0
2 8 0
3 8 0
t 163 14
m0 8 6
1 9 0
2 9 0
3 9 0
t 162 14
m0 8 6
1 8 0
2 8 0
3 8 0
t 161 14
m0 8 6
1 9 0
2 9 0
3 9 0
t 160 14
m0 8 6
1 8 0
2 8 0
3 8 0
t 159 14
m0 8 6
1 9 0
2 9 0
3 9 0
t 158 14
m0 8 6
1 8 0
2 8 0
3 8 0
t 157 14
m0 8 6
1 9 0
2 9 0
3 9 0
t 156 14
m0 8 6
1 8 0
2 8 0
3 8 0
t 155 14
m0 8 6
1 9 0
2 9 0
3 9 0
t 154 14
m0 8 6
1 8 0
2 8 0
3 8 0
t 153 14
m0 8 6
1 9 0
2 9 0
3 9 0
t 152 14
m0 8 6
1 8 0
2 8 0
3 8 0
t 151 14
m0 8 6
1 9 0
2 9 0
3 9 0
t 150 14
m0 8 6
1 8 0
2 8 0
3 8 0
t 149 14
m0 8 6
1 9 0
2 9 0
3 9 0
t 148 14
m0 8 6
1 8 0
2 8 0
3 8 0
t 147 14
m0 8 6
1 9 0
2 9 0
3 9 0
t 146 14
m0 8 6
1 8 0
2 8 0
3 8 0
t 145 14
m0 8 6
1 9 0
2 9 0
3 9 0
t 144 14
m0 8 6
1 8 0
2 8 0
3 8 0
t 143 14
m0 8 6
1 9 0
2 9 0
3 9 0
t 142 14
m0 8 6
1 8 0
2 8 0
3 8 0
t 141 14
m0 8 6
1 9 0
2 9 0
3 9 0
t 140 14
m0 8 6
1 8 0
2 8 0
3 8 0
t 139 14
m0 8 6
1 9 0
2 9 0
3 9 0
t 138 14
m0 8 6
1 8 0
2 8 0
3 8 0
t 137 14
m0 8 6
1 9 0
2 9 0
3 9 0
t 136 14
m0 8 6
1 8 0
2 8 0
3 8 0
t 135 14
m0 8 6
1 9 0
2 9 0
3 9 0
t 134 14
m0 8 6
1 8 0
2 8 0
3 8 0
t 133 14
m0 8 6
1 9 0
2 9 0
3 9 0
t 132 14
m0 8 6
1 8 0
2 8 0
3 8 0
t 131 14
m0 8 6
1 9 0
2 9 0
3 9 0
t 130 14
m0 8 6
1 8 0
2 8 0
3 8 0
t 129 14
m0 8 6
1 9 0
2 9 0
3 9 0
t 128 14
m0 8 6
1 8 0
2 8 0
3 8 0
t 127 14
m0 8 6
1 9 0
2 9 0
3 9 0
t 126 14
m0 8 6
1 8 0
2 8 0
3 8 0
t 125 14
m0 8 6
1 9 0
2 9 0
3 9 0
t 124 14
m0 8 6
1 8 0
2 8 0
3 8 0
t 123 14
m0 8 6
1 9 0
2 9 0
3 9 0
t 122 14
m0 8 6
1 8 0
2 8 0
3 8 0
t 121 14
m0 8 6
1 9 0
2 9 0
3 9 0
t 120 14
m0 8 6
1 8 0
2 8 0
3 8 0
t 119 14
m0 8 6
1 9 0
2 9 0
3 9 0
t 118 14
m0 8 6
1 8 0
2 8 0
3 8 0
t 117 14
m0 8 6
1 9 0
2 9 0
3 9 0
t 116 14
m0 8 6
1 8 0
2 8 0
3 8 0
t 115 14
m0 8 6
1 9 0
2 9 0
3 9 0
t 114 14
m0 8 6
1 8 0
2 8 0
3 8 0
t 113 14
m0 8 6
1 9 0
2 9 0
3 9 0
t 112 14
m0 8 6
1 8 0
2 8 0
3 8 0
t 111 14
m0 8 6
1 9 0
2 9 0
3 9 0
t 110 14
m0 8 6
1 8 0
2 8 0
3 8 0
t 109 14
m0 8 6
1 9 0
2 9 0
3 9 0
t 108 14
m0 8 6
1 8 0
2 8 0
3 8 0
t 107 14
m0 8 6
1 9 0
2 9 0
3 9 0
t 106 14
m0 8 6
1 8 0
2 8 0
3 8 0
t 105 14
m0 8 6
1 9 0
2 9 0
3 9 0
t 104 14
m0 8 6
1 8 0
2 8 0
3 8 0
t 103 14
m0 8 6
1 9 0
2 9 0
3 9 0
t 102 14
m0 8 6
1 8 0
2 8 0
3 8 0
t 101 14
m0 8 6
1 9 0
2 9 0
3 9 0
t 100 14
m0 8 6
1 8 0
2 8 0
3 8 0
t 99 14
m0 8 6
1 9 0
2 9 0
3 9 0
t 98 14
m0 8 6
1 8 0
2 8 0
3 8 0
t 97 14
m0 8 6
1 9 0
2 9 0
3 9 0
t 96 14
m0 8 6
1 8 0
2 8 0
3 8 0
t 95 14
m0 8 6
1 9 0
2 9 0
3 9 0
t 94 14
m0 8 6
1 8 0
2 8 0
3 8 0
t 93 14
m0 8 6
1 9 0
2 9 0
3 9 0
t 92 14
m0 8 6
1 8 0
2 8 0
3 8 0
t 91 14
m0 8 6
1 9 0
2 9 0
3 9 0
t 90 14
m0 8 6
1 8 0
2 8 0
3 8 0
t 89 14
m0 8 6
1 9 0
2 9 0
3 9 0
t 88 14
m0 8 6
1 8 0
2 8 0
3 8 0
t 87 14
m0 8 6
1 9 0
2 9 0
3 9 0
t 86 14
m0 8 6
1 8 0
2 8 0
3 8 0
t 85 14
m0 8 6
1 9 0
2 9 0
3 9 0
t 84 14
m0 8 6
1 8 0
2 8 0
3 8 0
t 83 14
m0 8 6
1 9 0
2 9 0
3 9 0
t 82 14
m0 8 6
1 8 0
2 8 0
3 8 0
t 81 14
m0 8 6
1 9 0
2 9 0
3 9 0
t 80 14
m0 8 6
1 8 0
2 8 0
3 8 0
t 79 14
m0 8 6
1 9 0
2 9 0
3 9 0
t 78 14
m0 8 6
1 8 0
2 8 0
3 8 0
t 77 14
m0 8 6
1 9 0
2 9 0
3 9 0
t 76 14
m0 8 6
1 8 0
2 8 0
3 8 0
t 75 14
m0 8 6
1 9 0
2 9 0
3 9 0
t 74 14
m0 8 6
1 8 0
2 8 0
3 8 0
t 73 14
m0 8 6
1 9 0
2 9 0
3 9 0
t 72 14
m0 8 6
1 8 0
2 8 0
3 8 0
t 71 14
m0 8 6
1 9 0
2 9 0
3 9 0
t 70 14
m0 8 6
1 8 0
2 8 0
3 8 0
t 69 14
m0 8 6
1 9 0
2 9 0
3 9 0
t 68 14
m0 8 6
1 8 0
2 8 0
3 8 0
t 67 14
m0 8 6
1 9 0
2 9 0
3 9 0
t 66 14
m0 8 6
1 8 0
2 8 0
3 8 0
t 65 14
m0 8 6
1 9 0
2 9 0
3 9 0
t 64 14
m0 8 6
1 8 0
2 8 0
3 8 0
t 63 14
m0 8 6
1 9 0
2 9 0
3 9 0
t 62 14
m0 8 6
1 8 0
2 8 0
3 8 0
t 61 14
m0 8 6
1 9 0
2 9 0
3 9 0
t 60 14
m0 8 6
1 8 0
2 8 0
3 8 0
t 59 14
m0 8 6
1 9 0
2 9 0
3 9 0
t 58 14
m0 8 6
1 8 0
2 8 0
3 8 0
t 57 14
m0 8 6
1 9 0
2 9 0
3 9 0
t 56 14
m0 8 6
1 8 0
2 8 0
3 8 0
t 55 14
m0 8 6
1 9 0
2 9 0
3 9 0
t 54 14
m0 8 6
1 8 0
2 8 0
3 8 0
t 53 14
m0 8 6
1 9 0
2 9 0
3 9 0
t 52 14
m0 8 6
1 8 0
2 8 0
3 8 0
t 51 14
m0 8 6
1 9 0
2 9 0
3 9 0
t 50 14
m0 8 6
1 8 0
2 8 0
3 8 0
t 49 14
m0 8 6
1 9 0
2 9 0
3 9 0
t 48 14
m0 8 6
1 8 0
2 8 0
3 8 0
t 47 14
m0 8 6
1 9 0
2 9 0
3 9 0
t 46 14
m0 8 6
1 8 0
2 8 0
3 8 0
t 45 14
m0 8 6
1 9 0
2 9 0
3 9 0
t 44 14
m0 8 6
1 8 0
2 8 0
3 8 0
t 43 14
m0 8 6
1 9 0
2 9 0
3 9 0
t 42 14
m0 8 6
1 8 0
2 8 0
3 8 0
t 41 14
m0 8 6
1 9 0
2 9 0
3 9 0
t 40 14
m0 8 6
1 8 0
2 8 0
3 8 0
t 39 14
m0 8 6
1 9 0
2 9 0
3 9 0
t 38 14
m0 8 6
1 8 0
2 8 0
3 8 0
t 37 14
m0 8 6
1 9 0
2 9 0
3 9 0
t 36 14
m0 8 6
1 8 0
2 8 0
3 8 0
t 35 14
m0 8 6
1 9 0
2 9 0
3 9 0
t 34 14
m0 8 6
1 8 0
2 8 0
3 8 0
t 33 14
m0 8 6
1 9 0
2 9 0
3 9 0
t 32 14
m0 8 6
1 8 0
2 8 0
3 8 0
t 31 14
m0 8 6
1 9 0
2 9 0
3 9 0
t 30 14
m0 8 6
1 8 0
2 8 0
3 8 0
t 29 14
m0 8 6
1 9 0
2 9 0
3 9 0
t 28 14
m0 8 6
1 8 0
2 8 0
3 8 0
t 27 14
m0 8 6
1 9 0
2 9 0
3 9 0
t 26 14
m0 8 6
1 8 0
2 8 0
3 8 0
t 25 14
m0 8 6
1 9 0
2 9 0
3 9 0
t 24 14
m0 8 6
1 8 0
2 8 0
3 8 0
t 23 14
m0 8 6
1 9 0
2 9 0
3 9 0
t 22 14
m0 8 6
1 8 0
2 8 0
3 8 0
t 21 14
m0 8 6
1 9 0
2 9 0
3 9 0
t 20 14
m0 8 6
1 8 0
2 8 0
3 8 0
t 19 14
m0 8 6
1 9 0
2 9 0
3 9 0
t 18 14
m0 8 6
1 8 0
2 8 0
3 8 0
t 17 14
m0 8 6
1 9 0
2 9 0
3 9 0
t 16 14
m0 8 6
1 8 0
2 8 0
3 8 0
t 15 14
m0 8 6
1 9 0
2 9 0
3 9 0
t 14 14
m0 8 6
1 8 0
2 8 0
3 8 0
t 13 14
m0 8 6
1 9 0
2 9 0
3 9 0
t 12 14
m0 8 6
1 8 0
2 8 0
3 8 0
t 11 14
m0 8 6
1 9 0
2 9 0
3 9 0
t 10 14
m0 8 6
1 8 0
2 8 0
3 8 0
t 9 14
m0 8 6
1 9 0
2 9 0
3 9 0
t 8 14
m0 8 6
1 8 0
2 8 0
3 8 0
t 7 14
m0 8 6
1 9 0
2 9 0
3 9 0
t 6 14
m0 8 6
1 8 0
2 8 0
3 8 0
t 5 14
m0 8 6
1 9 0
2 9 0
3 9 0
t 4 14
m0 8 6
1 8 0
2 8 0
3 8 0
t 3 14
m0 8 6
1 9 0
2 9 0
3 9 0
t 2 14
m0 8 6
1 8 0
2 8 0
3 8 0
t 1 14
m0 8 6
1 8 0
2 8 0
3 8 0
t 0 14
