10
15
w 7 3
w 4 7
w 8 13
w 6 6
w 7 12
w 4 12
w 1 6
w 0 10
w 7 11
w 3 14
w 6 14
w 1 2
w 5 5
w 8 1
w 4 13
w 6 3
w 3 6
w 7 10
w 9 7
w 4 10
w 1 13
w 1 4
w 9 10
w 3 9
w 1 0
w 6 5
w 3 5
w 5 10
w 6 1
w 3 1
w 2 11
w 0 13
w 2 0
w 8 8
w 4 3
w 0 9
w 3 4
p 6 9
p 1 3
p 9 1
p 3 0
p 2 8
p 9 8
p 7 7
p 5 13
p 2 12
p 9 4
p 5 1
p 2 5
p 1 11
p 5 8
p 7 2
p 4 0
p 5 12
p 6 10
p 7 6
p 1 5
p 5 0
p 0 4
p 1 10
p 8 6
p 4 1
p 1 1
p 5 4
p 3 2
p 7 14
p 7 1
p 6 11
p 5 11
p 8 11
p 4 5
p 3 13
p 2 10
p 2 3
p 1 9
p 8 7
p 4 2
p 6 12
p 0 8
p 9 6
p 2 14
p 7 9
p 3 12
p 6 8
p 7 13
p 5 7
p 3 8
p 7 4
p 1 8
p 1 7
p 9 5
p 0 2
p 9 12
m0 0 14
1 9 0
2 9 0
3 9 0
t 300 0
m0 1 14
1 8 0
2 9 1
3 8 0
t 299 0
m0 2 14
1 9 0
2 9 2
3 7 0
t 298 1
m0 2 13
1 8 0
2 9 3
3 6 0
t 297 1
m0 3 13
1 9 0
2 8 3
3 5 0
t 296 2
m0 3 12
1 8 0
2 9 3
3 4 0
t 295 3
m0 2 12
1 9 0
2 8 3
3 3 0
t 294 4
m0 1 12
1 8 0
2 9 3
3 4 0
t 293 4
m0 1 11
1 9 0
2 8 3
3 3 0
t 292 5
m0 1 10
1 8 0
2 9 3
3 4 0
t 291 6
m0 2 10
1 9 0
2 8 3
3 3 0
t 290 7
m0 2 9
1 8 0
2 9 3
3 4 0
t 289 7
m0 2 8
1 9 0
2 8 3
3 3 0
t 288 8
m0 3 8
1 8 0
2 9 3
3 4 0
t 287 9
m0 4 8
1 9 0
2 8 3
3 3 0
t 286 9
m0 5 8
1 8 0
2 9 3
3 4 0
t 285 10
m0 6 8
1 9 0
2 8 3
3 3 0
t 284 11
m0 6 9
1 8 0
2 9 3
3 4 0
f 2 2
t 283 12
m0 7 9
1 9 0
2 8 3
3 3 0
t 282 13
m0 7 8
1 8 0
2 9 3
3 4 0
t 281 13
m0 7 7
1 9 0
2 8 3
3 3 0
t 280 14
m0 8 7
1 8 0
2 9 3
3 4 0
t 279 15
m0 8 6
1 9 0
2 8 3
3 3 0
t 278 16
m0 9 6
1 8 0
2 9 3
3 4 0
t 277 17
m0 9 5
1 9 0
2 8 3
3 3 0
t 276 18
m0 9 4
1 8 0
2 9 3
3 4 0
t 275 19
m0 8 4
1 9 0
2 8 3
3 3 0
t 274 19
m0 7 4
1 8 0
2 9 3
3 4 0
t 273 20
m0 7 5
1 9 0
2 8 3
3 3 0
t 272 20
m0 7 6
1 8 0
2 9 3
3 4 0
t 271 21
m0 7 7
1 9 0
2 8 3
3 3 0
t 270 21
m0 6 7
1 8 0
2 9 3
3 4 0
t 269 21
m0 5 7
1 9 0
2 8 3
3 3 0
t 268 22
m0 5 6
1 8 0
2 9 3
3 4 0
t 267 22
m0 4 6
1 9 0
2 8 3
3 3 0
t 266 22
m0 4 5
1 8 0
2 9 3
3 4 0
t 265 23
m0 4 4
1 9 0
2 8 3
3 3 0
t 264 23
m0 5 4
1 8 0
2 9 3
3 4 0
t 263 24
m0 6 4
1 9 0
2 8 3
3 3 0
t 262 24
m0 7 4
1 8 0
2 9 3
3 4 0
t 261 24
m0 7 4
1 9 0
2 8 3
3 3 0
t 260 24
m0 7 4
1 8 0
2 9 3
3 4 0
t 259 24
m0 7 4
1 9 0
2 8 3
3 3 0
t 258 24
m0 7 4
1 8 0
2 9 3
3 4 0
t 257 24
m0 7 4
1 9 0
2 8 3
3 3 0
t 256 24
m0 7 4
1 8 0
2 9 3
3 4 0
t 255 24
m0 7 4
1 9 0
2 8 3
3 3 0
t 254 24
m0 7 4
1 8 0
2 9 3
3 4 0
t 253 24
m0 7 4
1 9 0
2 8 3
3 3 0
t 252 24
m0 7 4
1 8 0
2 9 3
3 4 0
t 251 24
m0 7 4
1 9 0
2 8 3
3 3 0
t 250 24
m0 7 4
1 8 0
2 9 3
3 4 0
t 249 24
m0 7 4
1 9 0
2 8 3
3 3 0
t 248 24
m0 7 4
1 8 0
2 9 3
3 4 0
t 247 24
m0 7 4
1 9 0
2 8 3
3 3 0
t 246 24
m0 7 4
1 8 0
2 9 3
3 4 0
t 245 24
m0 7 4
1 9 0
2 8 3
3 3 0
t 244 24
m0 7 4
1 8 0
2 9 3
3 4 0
t 243 24
m0 7 4
1 9 0
2 8 3
3 3 0
t 242 24
m0 7 4
1 8 0
2 9 3
3 4 0
t 241 24
m0 7 4
1 9 0
2 8 3
3 3 0
t 240 24
m0 7 4
1 8 0
2 9 3
3 4 0
t 239 24
m0 7 4
1 9 0
2 8 3
3 3 0
t 238 24
m0 7 4
1 8 0
2 9 3
3 4 0
t 237 24
m0 7 4
1 9 0
2 8 3
3 3 0
t 236 24
m0 7 4
1 8 0
2 9 3
3 4 0
t 235 24
m0 7 4
1 9 0
2 8 3
3 3 0
t 234 24
m0 7 4
1 8 0
2 9 3
3 4 0
t 233 24
m0 7 4
1 9 0
2 8 3
3 3 0
t 232 24
m0 7 4
1 8 0
2 9 3
3 4 0
t 231 24
m0 7 4
1 9 0
2 8 3
3 3 0
t 230 24
m0 7 4
1 8 0
2 9 3
3 4 0
t 229 24
m0 7 4
1 9 0
2 8 3
3 3 0
t 228 24
m0 7 4
1 8 0
2 9 3
3 4 0
t 227 24
m0 7 4
1 9 0
2 8 3
3 3 0
t 226 24
m0 7 4
1 8 0
2 9 3
3 4 0
t 225 24
m0 7 4
1 9 0
2 8 3
3 3 0
t 224 24
m0 7 4
1 8 0
2 9 3
3 4 0
t 223 24
m0 7 4
1 9 0
2 8 3
3 3 0
t 222 24
m0 7 4
1 8 0
2 9 3
3 4 0
t 221 24
m0 7 4
1 9 0
2 8 3
3 3 0
t 220 24
m0 7 4
1 8 0
2 9 3
3 4 0
t 219 24
m0 7 4
1 9 0
2 8 3
3 3 0
t 218 24
m0 7 4
1 8 0
2 9 3
3 4 0
t 217 24
m0 7 4
1 9 0
2 8 3
3 3 0
t 216 24
m0 7 4
1 8 0
2 9 3
3 4 0
t 215 24
m0 7 4
1 9 0
2 8 3
3 3 0
t 214 24
m0 7 4
1 8 0
2 9 3
3 4 0
t 213 24
m0 7 4
1 9 0
2 8 3
3 3 0
t 212 24
m0 7 4
1 8 0
2 9 3
3 4 0
t 211 24
m0 7 4
1 9 0
2 8 3
3 3 0
t 210 24
m0 7 4
1 8 0
2 9 3
3 4 0
t 209 24
m0 7 4
1 9 0
2 8 3
3 3 0
t 208 24
m0 7 4
1 8 0
2 9 3
3 4 0
t 207 24
m0 7 4
1 9 0
2 8 3
3 3 0
t 206 24
m0 7 4
1 8 0
2 9 3
3 4 0
t 205 24
m0 7 4
1 9 0
2 8 3
3 3 0
t 204 24
m0 7 4
1 8 0
2 9 3
3 4 0
t 203 24
m0 7 4
1 9 0
2 8 3
3 3 0
t 202 24
m0 7 4
1 8 0
2 9 3
3 4 0
t 201 24
m0 7 4
1 9 0
2 8 3
3 3 0
t 200 24
m0 7 4
1 8 0
2 9 3
3 4 0
t 199 24
m0 7 4
1 9 0
2 8 3
3 3 0
t 198 24
m0 7 4
1 8 0
2 9 3
3 4 0
t 197 24
m0 7 4
1 9 0
2 8 3
3 3 0
t 196 24
m0 7 4
1 8 0
2 9 3
3 4 0
t 195 24
m0 7 4
1 9 0
2 8 3
3 3 0
t 194 24
m0 7 4
1 8 0
2 9 3
3 4 0
t 193 24
m0 7 4
1 9 0
2 8 3
3 3 0
t 192 24
m0 7 4
1 8 0
2 9 3
3 4 0
t 191 24
m0 7 4
1 9 0
2 8 3
3 3 0
t 190 24
m0 7 4
1 8 0
2 9 3
3 4 0
t 189 24
m0 7 4
1 9 0
2 8 3
3 3 0
t 188 24
m0 7 4
1 8 0
2 9 3
3 4 0
t 187 24
m0 7 4
1 9 0
2 8 3
3 3 0
t 186 24
m0 7 4
1 8 0
2 9 3
3 4 0
t 185 24
m0 7 4
1 9 0
2 8 3
3 3 0
t 184 24
m0 7 4
1 8 0
2 9 3
3 4 0
t 183 24
m0 7 4
1 9 0
2 8 3
3 3 0
t 182 24
m0 7 4
1 8 0
2 9 3
3 4 0
t 181 24
m0 7 4
1 9 0
2 8 3
3 3 0
t 180 24
m0 7 4
1 8 0
2 9 3
3 4 0
t 179 24
m0 7 4
1 9 0
2 8 3
3 3 0
t 178 24
m0 7 4
1 8 0
2 9 3
3 4 0
t 177 24
m0 7 4
1 9 0
2 8 3
3 3 0
t 176 24
m0 7 4
1 8 0
2 9 3
3 4 0
t 175 24
m0 7 4
1 9 0
2 8 3
3 3 0
t 174 24
m0 7 4
1 8 0
2 9 3
3 4 0
t 173 24
m0 7 4
1 9 0
2 8 3
3 3 0
t 172 24
m0 7 4
1 8 0
2 9 3
3 4 0
t 171 24
m0 7 4
1 9 0
2 8 3
3 3 0
t 170 24
m0 7 4
1 8 0
2 9 3
3 4 0
t 169 24
m0 7 4
1 9 0
2 8 3
3 3 0
t 168 24
m0 7 4
1 8 0
2 9 3
3 4 0
t 167 24
m0 7 4
1 9 0
2 8 3
3 3 0
t 166 24
m0 7 4
1 8 0
2 9 3
3 4 0
t 165 24
m0 7 4
1 9 0
2 8 3
3 3 0
t 164 24
m0 7 4
1 8 0
2 9 3
3 4 0
t 163 24
m0 7 4
1 9 0
2 8 3
3 3 0
t 162 24
m0 7 4
1 8 0
2 9 3
3 4 0
t 161 24
m0 7 4
1 9 0
2 8 3
3 3 0
t 160 24
m0 7 4
1 8 0
2 9 3
3 4 0
t 159 24
m0 7 4
1 9 0
2 8 3
3 3 0
t 158 24
m0 7 4
1 8 0
2 9 3
3 4 0
t 157 24
m0 7 4
1 9 0
2 8 3
3 3 0
t 156 24
m0 7 4
1 8 0
2 9 3
3 4 0
t 155 24
m0 7 4
1 9 0
2 8 3
3 3 0
t 154 24
m0 7 4
1 8 0
2 9 3
3 4 0
t 153 24
m0 7 4
1 9 0
2 8 3
3 3 0
t 152 24
m0 7 4
1 8 0
2 9 3
3 4 0
t 151 24
m0 7 4
1 9 0
2 8 3
3 3 0
t 150 24
m0 7 4
1 8 0
2 9 3
3 4 0
t 149 24
m0 7 4
1 9 0
2 8 3
3 3 0
t 148 24
m0 7 4
1 8 0
2 9 3
3 4 0
t 147 24
m0 7 4
1 9 0
2 8 3
3 3 0
t 146 24
m0 7 4
1 8 0
2 9 3
3 4 0
t 145 24
m0 7 4
1 9 0
2 8 3
3 3 0
t 144 24
m0 7 4
1 8 0
2 9 3
3 4 0
t 143 24
m0 7 4
1 9 0
2 8 3
3 3 0
t 142 24
m0 7 4
1 8 0
2 9 3
3 4 0
t 141 24
m0 7 4
1 9 0
2 8 3
3 3 0
t 140 24
m0 7 4
1 8 0
2 9 3
3 4 0
t 139 24
m0 7 4
1 9 0
2 8 3
3 3 0
t 138 24
m0 7 4
1 8 0
2 9 3
3 4 0
t 137 24
m0 7 4
1 9 0
2 8 3
3 3 0
t 136 24
m0 7 4
1 8 0
2 9 3
3 4 0
t 135 24
m0 7 4
1 9 0
2 8 3
3 3 0
t 134 24
m0 7 4
1 8 0
2 9 3
3 4 0
t 133 24
m0 7 4
1 9 0
2 8 3
3 3 0
t 132 24
m0 7 4
1 8 0
2 9 3
3 4 0
t 131 24
m0 7 4
1 9 0
2 8 3
3 3 0
t 130 24
m0 7 4
1 8 0
2 9 3
3 4 0
t 129 24
m0 7 4
1 9 0
2 8 3
3 3 0
t 128 24
m0 7 4
1 8 0
2 9 3
3 4 0
t 127 24
m0 7 4
1 9 0
2 8 3
3 3 0
t 126 24
m0 7 4
1 8 0
2 9 3
3 4 0
t 125 24
m0 7 4
1 9 0
2 8 3
3 3 0
t 124 24
m0 7 4
1 8 0
2 9 3
3 4 0
t 123 24
m0 7 4
1 9 0
2 8 3
3 3 0
t 122 24
m0 7 4
1 8 0
2 9 3
3 4 0
t 121 24
m0 7 4
1 9 0
2 8 3
3 3 0
t 120 24
m0 7 4
1 8 0
2 9 3
3 4 0
t 119 24
m0 7 4
1 9 0
2 8 3
3 3 0
t 118 24
m0 7 4
1 8 0
2 9 3
3 4 0
t 117 24
m0 7 4
1 9 0
2 8 3
3 3 0
t 116 24
m0 7 4
1 8 0
2 9 3
3 4 0
t 115 24
m0 7 4
1 9 0
2 8 3
3 3 0
t 114 24
m0 7 4
1 8 0
2 9 3
3 4 0
t 113 24
m0 7 4
1 9 0
2 8 3
3 3 0
t 112 24
m0 7 4
1 8 0
2 9 3
3 4 0
t 111 24
m0 7 4
1 9 0
2 8 3
3 3 0
t 110 24
m0 7 4
1 8 0
2 9 3
3 4 0
t 109 24
m0 7 4
1 9 0
2 8 3
3 3 0
t 108 24
m0 7 4
1 8 0
2 9 3
3 4 0
t 107 24
m0 7 4
1 9 0
2 8 3
3 3 0
t 106 24
m0 7 4
1 8 0
2 9 3
3 4 0
t 105 24
m0 7 4
1 9 0
2 8 3
3 3 0
t 104 24
m0 7 4
1 8 0
2 9 3
3 4 0
t 103 24
m0 7 4
1 9 0
2 8 3
3 3 0
t 102 24
m0 7 4
1 8 0
2 9 3
3 4 0
t 101 24
m0 7 4
1 9 0
2 8 3
3 3 0
t 100 24
m0 7 4
1 8 0
2 9 3
3 4 0
t 99 24
m0 7 4
1 9 0
2 8 3
3 3 0
t 98 24
m0 7 4
1 8 0
2 9 3
3 4 0
t 97 24
m0 7 4
1 9 0
2 8 3
3 3 0
t 96 24
m0 7 4
1 8 0
2 9 3
3 4 0
t 95 24
m0 7 4
1 9 0
2 8 3
3 3 0
t 94 24
m0 7 4
1 8 0
2 9 3
3 4 0
t 93 24
m0 7 4
1 9 0
2 8 3
3 3 0
t 92 24
m0 7 4
1 8 0
2 9 3
3 4 0
t 91 24
m0 7 4
1 9 0
2 8 3
3 3 0
t 90 24
m0 7 4
1 8 0
2 9 3
3 4 0
t 89 24
m0 7 4
1 9 0
2 8 3
3 3 0
t 88 24
m0 7 4
1 8 0
2 9 3
3 4 0
t 87 24
m0 7 4
1 9 0
2 8 3
3 3 0
t 86 24
m0 7 4
1 8 0
2 9 3
3 4 0
t 85 24
m0 7 4
1 9 0
2 8 3
3 3 0
t 84 24
m0 7 4
1 8 0
2 9 3
3 4 0
t 83 24
m0 7 4
1 9 0
2 8 3
3 3 0
t 82 24
m0 7 4
1 8 0
2 9 3
3 4 0
t 81 24
m0 7 4
1 9 0
2 8 3
3 3 0
t 80 24
m0 7 4
1 8 0
2 9 3
3 4 0
t 79 24
m0 7 4
1 9 0
2 8 3
3 3 0
t 78 24
m0 7 4
1 8 0
2 9 3
3 4 0
t 77 24
m0 7 4
1 9 0
2 8 3
3 3 0
t 76 24
m0 7 4
1 8 0
2 9 3
3 4 0
t 75 24
m0 7 4
1 9 0
2 8 3
3 3 0
t 74 24
m0 7 4
1 8 0
2 9 3
3 4 0
t 73 24
m0 7 4
1 9 0
2 8 3
3 3 0
t 72 24
m0 7 4
1 8 0
2 9 3
3 4 0
t 71 24
m0 7 4
1 9 0
2 8 3
3 3 0
t 70 24
m0 7 4
1 8 0
2 9 3
3 4 0
t 69 24
m0 7 4
1 9 0
2 8 3
3 3 0
t 68 24
m0 7 4
1 8 0
2 9 3
3 4 0
t 67 24
m0 7 4
1 9 0
2 8 3
3 3 0
t 66 24
m0 7 4
1 8 0
2 9 3
3 4 0
t 65 24
m0 7 4
1 9 0
2 8 3
3 3 0
t 64 24
m0 7 4
1 8 0
2 9 3
3 4 0
t 63 24
m0 7 4
1 9 0
2 8 3
3 3 0
t 62 24
m0 7 4
1 8 0
2 9 3
3 4 0
t 61 24
m0 7 4
1 9 0
2 8 3
3 3 0
t 60 24
m0 7 4
1 8 0
2 9 3
3 4 0
t 59 24
m0 7 4
1 9 0
2 8 3
3 3 0
t 58 24
m0 7 4
1 8 0
2 9 3
3 4 0
t 57 24
m0 7 4
1 9 0
2 8 3
3 3 0
t 56 24
m0 7 4
1 8 0
2 9 3
3 4 0
t 55 24
m0 7 4
1 9 0
2 8 3
3 3 0
t 54 24
m0 7 4
1 8 0
2 9 3
3 4 0
t 53 24
m0 7 4
1 9 0
2 8 3
3 3 0
t 52 24
m0 7 4
1 8 0
2 9 3
3 4 0
t 51 24
m0 7 4
1 9 0
2 8 3
3 3 0
t 50 24
m0 7 4
1 8 0
2 9 3
3 4 0
t 49 24
m0 7 4
1 9 0
2 8 3
3 3 0
t 48 24
m0 7 4
1 8 0
2 9 3
3 4 0
t 47 24
m0 7 4
1 9 0
2 8 3
3 3 0
t 46 24
m0 7 4
1 8 0
2 9 3
3 4 0
t 45 24
m0 7 4
1 9 0
2 8 3
3 3 0
t 44 24
m0 7 4
1 8 0
2 9 3
3 4 0
t 43 24
m0 7 4
1 9 0
2 8 3
3 3 0
t 42 24
m0 7 4
1 8 0
2 9 3
3 4 0
t 41 24
m0 7 4
1 9 0
2 8 3
3 3 0
t 40 24
m0 7 4
1 8 0
2 9 3
3 4 0
t 39 24
m0 7 4
1 9 0
2 8 3
3 3 0
t 38 24
m0 7 4
1 8 0
2 9 3
3 4 0
t 37 24
m0 7 4
1 9 0
2 8 3
3 3 0
t 36 24
m0 7 4
1 8 0
2 9 3
3 4 0
t 35 24
m0 7 4
1 9 0
2 8 3
3 3 0
t 34 24
m0 7 4
1 8 0
2 9 3
3 4 0
t 33 24
m0 7 4
1 9 0
2 8 3
3 3 0
t 32 24
m0 7 4
1 8 0
2 9 3
3 4 0
t 31 24
m0 7 4
1 9 0
2 8 3
3 3 0
t 30 24
m0 7 4
1 8 0
2 9 3
3 4 0
t 29 24
m0 7 4
1 9 0
2 8 3
3 3 0
t 28 24
m0 7 4
1 8 0
2 9 3
3 4 0
t 27 24
m0 7 4
1 9 0
2 8 3
3 3 0
t 26 24
m0 7 4
1 8 0
2 9 3
3 4 0
t 25 24
m0 7 4
1 9 0
2 8 3
3 3 0
t 24 24
m0 7 4
1 8 0
2 9 3
3 4 0
t 23 24
m0 7 4
1 9 0
2 8 3
3 3 0
t 22 24
m0 7 4
1 8 0
2 9 3
3 4 0
t 21 24
m0 7 4
1 9 0
2 8 3
3 3 0
t 20 24
m0 7 4
1 8 0
2 9 3
3 4 0
t 19 24
m0 7 4
1 9 0
2 8 3
3 3 0
t 18 24
m0 7 4
1 8 0
2 9 3
3 4 0
t 17 24
m0 7 4
1 9 0
2 8 3
3 3 0
t 16 24
m0 7 4
1 8 0
2 9 3
3 4 0
t 15 24
m0 7 4
1 9 0
2 8 3
3 3 0
t 14 24
m0 7 4
1 8 0
2 9 3
3 4 0
t 13 24
m0 7 4
1 9 0
2 8 3
3 3 0
t 12 24
m0 7 4
1 8 0
2 9 3
3 4 0
t 11 24
m0 7 4
1 9 0
2 8 3
3 3 0
t 10 24
m0 7 4
1 8 0
2 9 3
3 4 0
t 9 24
m0 7 4
1 9 0
2 8 3
3 3 0
t 8 24
m0 7 4
1 8 0
2 9 3
3 4 0
t 7 24
m0 7 4
1 9 0
2 8 3
3 3 0
t 6 24
m0 7 4
1 8 0
2 9 3
3 4 0
t 5 24
m0 7 4
1 9 0
2 8 3
3 3 0
t 4 24
m0 7 4
1 8 0
2 9 3
3 4 0
t 3 24
m0 7 4
1 9 0
2 8 3
3 3 0
t 2 24
m0 7 4
1 8 0
2 9 3
3 4 0
t 1 24
m0 7 4
1 8 0
2 9 3
3 4 0
t 0 24
