10
15
w 5 9
w 4 7
w 1 3
w 9 8
w 6 2
w 9 4
w 2 5
w 8 5
w 7 2
w 8 14
w 5 12
w 8 10
w 2 13
w 3 6
w 4 1
w 5 4
w 6 11
w 9 3
w 4 14
w 6 0
w 0 5
w 1 9
w 6 12
w 0 8
w 4 11
w 3 5
w 0 1
w 2 7
w 6 5
w 7 9
w 7 0
w 4 6
w 8 12
w 2 11
w 0 6
w 3 4
w 8 4
p 6 9
p 9 1
p 4 8
p 8 0
p 7 7
p 0 7
p 2 1
p 8 9
p 0 10
p 3 7
p 7 11
p 0 3
p 5 8
p 6 14
p 4 0
p 9 0
p 5 5
p 2 9
p 8 1
p 7 6
p 6 10
p 1 14
p 3 10
p 6 3
p 0 11
p 5 0
p 0 4
p 1 10
p 1 1
p 4 10
p 7 14
p 3 2
p 0 0
p 8 2
p 2 6
p 3 13
p 1 13
p 7 5
p 3 9
p 4 2
p 2 14
p 5 3
p 7 8
p 9 13
p 3 12
p 6 8
p 1 12
p 5 10
p 9 2
p 3 1
p 7 13
p 5 14
p 1 8
p 5 2
p 2 4
p 9 12
m0 0 14
1 9 0
2 9 0
3 9 0
t 300 0
m0 1 14
1 8 0
2 8 0
3 8 0
t 299 1
m0 2 14
1 8 1
2 8 1
3 8 1
t 298 2
m0 3 14
1 9 1
2 9 1
3 9 1
t 297 12
m0 3 13
1 8 1
2 8 1
3 8 1
t 296 13
m0 4 13
1 9 1
2 9 1
3 9 1
t 295 13
m0 5 13
1 8 1
2 8 1
3 8 1
f 7 10
t 294 13
m0 6 13
1 8 0
2 8 0
3 8 0
t 293 13
m0 7 13
1 8 1
2 8 1
3 8 1
t 292 14
m0 8 13
1 9 1
2 9 1
3 9 1
t 291 14
m0 9 13
1 9 0
2 9 0
3 9 0
t 290 15
m0 9 12
1 8 0
2 8 0
3 8 0
t 289 16
m0 9 11
1 8 1
2 8 1
3 8 1
t 288 16
m0 9 10
1 7 1
2 7 1
3 7 1
t 287 16
m0 9 9
1 6 1
2 6 1
3 6 1
t 286 16
m0 8 9
1 5 1
2 5 1
3 5 1
t 285 17
m0 9 9
1 6 1
2 6 1
3 6 1
t 284 17
m0 8 9
1 5 1
2 5 1
3 5 1
t 283 17
m0 9 9
1 5 0
2 5 0
3 5 0
t 282 17
m0 8 9
1 4 0
2 4 0
3 4 0
t 281 17
m0 9 9
1 3 0
2 3 0
3 3 0
t 280 17
m0 8 9
1 4 0
2 4 0
3 4 0
t 279 17
m0 9 9
1 3 0
2 3 0
3 3 0
t 278 17
m0 8 9
1 2 0
2 2 0
3 2 0
t 277 17
m0 9 9
1 2 1
2 2 1
3 2 1
t 276 17
m0 8 9
1 2 2
2 2 2
3 2 2
t 275 17
m0 9 9
1 1 2
2 1 2
3 1 2
t 274 17
m0 8 9
1 0 2
2 0 2
3 0 2
t 273 17
m0 9 9
1 1 2
2 1 2
3 1 2
t 272 17
m0 8 9
1 2 2
2 2 2
3 2 2
t 271 17
m0 9 9
1 2 1
2 2 1
3 2 1
t 270 17
m0 8 9
1 2 2
2 2 2
3 2 2
t 269 17
m0 9 9
1 1 2
2 1 2
3 1 2
t 268 17
m0 8 9
1 1 1
2 1 1
3 1 1
t 267 17
m0 9 9
1 2 1
2 2 1
3 2 1
t 266 17
m0 8 9
1 1 1
2 1 1
3 1 1
t 265 17
m0 9 9
1 1 0
2 1 0
3 1 0
t 264 17
m0 8 9
1 1 1
2 1 1
3 1 1
t 263 17
m0 9 9
1 2 1
2 2 1
3 2 1
t 262 17
m0 8 9
1 1 1
2 1 1
3 1 1
t 261 17
m0 9 9
1 1 0
2 1 0
3 1 0
t 260 17
m0 8 9
1 1 1
2 1 1
3 1 1
t 259 17
m0 9 9
1 1 0
2 1 0
3 1 0
t 258 17
m0 8 9
1 0 0
2 0 0
3 0 0
t 257 17
m0 9 9
1 1 0
2 1 0
3 1 0
t 256 17
m0 8 9
1 2 0
2 2 0
3 2 0
t 255 17
m0 9 9
1 2 1
2 2 1
3 2 1
t 254 17
m0 8 9
1 2 0
2 2 0
3 2 0
t 253 17
m0 9 9
1 3 0
2 3 0
3 3 0
t 252 17
m0 8 9
1 2 0
2 2 0
3 2 0
t 251 17
m0 9 9
1 2 1
2 2 1
3 2 1
t 250 17
m0 8 9
1 2 2
2 2 2
3 2 2
t 249 17
m0 9 9
1 1 2
2 1 2
3 1 2
t 248 17
m0 8 9
1 0 2
2 0 2
3 0 2
t 247 17
m0 9 9
1 0 3
2 0 3
3 0 3
t 246 17
m0 8 9
1 0 2
2 0 2
3 0 2
t 245 17
m0 9 9
1 1 2
2 1 2
3 1 2
t 244 17
m0 8 9
1 1 1
2 1 1
3 1 1
t 243 17
m0 9 9
1 2 1
2 2 1
3 2 1
t 242 17
m0 8 9
1 2 0
2 2 0
3 2 0
t 241 17
m0 9 9
1 3 0
2 3 0
3 3 0
t 240 17
m0 8 9
1 2 0
2 2 0
3 2 0
t 239 17
m0 9 9
1 2 1
2 2 1
3 2 1
t 238 17
m0 8 9
1 3 1
2 3 1
3 3 1
t 237 17
m0 9 9
1 3 2
2 3 2
3 3 2
t 236 17
m0 8 9
1 4 2
2 4 2
3 4 2
t 235 17
m0 9 9
1 5 2
2 5 2
3 5 2
t 234 17
m0 8 9
1 5 1
2 5 1
3 5 1
t 233 17
m0 9 9
1 6 1
2 6 1
3 6 1
t 232 17
m0 8 9
1 7 1
2 7 1
3 7 1
t 231 17
m0 9 9
1 8 1
2 8 1
3 8 1
t 230 17
m0 8 9
1 8 0
2 8 0
3 8 0
t 229 17
m0 9 9
1 9 0
2 9 0
3 9 0
t 228 17
m0 8 9
1 8 0
2 8 0
3 8 0
t 227 17
m0 9 9
1 8 1
2 8 1
3 8 1
t 226 17
m0 8 9
1 8 2
2 8 2
3 8 2
t 225 17
m0 9 9
1 8 1
2 8 1
3 8 1
t 224 17
m0 8 9
1 8 0
2 8 0
3 8 0
t 223 17
m0 9 9
1 9 0
2 9 0
3 9 0
t 222 17
m0 8 9
1 9 1
2 9 1
3 9 1
t 221 17
m0 9 9
1 8 1
2 8 1
3 8 1
t 220 17
m0 8 9
1 7 1
2 7 1
3 7 1
t 219 17
m0 9 9
1 8 1
2 8 1
3 8 1
t 218 17
m0 8 9
1 8 0
2 8 0
3 8 0
t 217 17
m0 9 9
1 9 0
2 9 0
3 9 0
t 216 17
m0 8 9
1 9 1
2 9 1
3 9 1
t 215 17
m0 9 9
1 9 0
2 9 0
3 9 0
t 214 17
m0 8 9
1 9 1
2 9 1
3 9 1
t 213 17
m0 9 9
1 9 2
2 9 2
3 9 2
t 212 17
m0 8 9
1 9 1
2 9 1
3 9 1
t 211 17
m0 9 9
1 9 2
2 9 2
3 9 2
t 210 17
m0 8 9
1 9 1
2 9 1
3 9 1
t 209 17
m0 9 9
1 9 0
2 9 0
3 9 0
t 208 17
m0 8 9
1 8 0
2 8 0
3 8 0
t 207 17
m0 9 9
1 9 0
2 9 0
3 9 0
t 206 17
m0 8 9
1 9 1
2 9 1
3 9 1
t 205 17
m0 9 9
1 9 2
2 9 2
3 9 2
t 204 17
m0 8 9
1 9 1
2 9 1
3 9 1
t 203 17
m0 9 9
1 9 2
2 9 2
3 9 2
t 202 17
m0 8 9
1 8 2
2 8 2
3 8 2
t 201 17
m0 9 9
1 9 2
2 9 2
3 9 2
t 200 17
m0 8 9
1 8 2
2 8 2
3 8 2
t 199 17
m0 9 9
1 8 1
2 8 1
3 8 1
t 198 17
m0 8 9
1 8 2
2 8 2
3 8 2
t 197 17
m0 9 9
1 8 1
2 8 1
3 8 1
t 196 17
m0 8 9
1 7 1
2 7 1
3 7 1
t 195 17
m0 9 9
1 6 1
2 6 1
3 6 1
t 194 17
m0 8 9
1 5 1
2 5 1
3 5 1
t 193 17
m0 9 9
1 6 1
2 6 1
3 6 1
t 192 17
m0 8 9
1 7 1
2 7 1
3 7 1
t 191 17
m0 9 9
1 6 1
2 6 1
3 6 1
t 190 17
m0 8 9
1 5 1
2 5 1
3 5 1
t 189 17
m0 9 9
1 5 2
2 5 2
3 5 2
t 188 17
m0 8 9
1 5 3
2 5 3
3 5 3
t 187 17
m0 9 9
1 5 2
2 5 2
3 5 2
t 186 17
m0 8 9
1 5 3
2 5 3
3 5 3
t 185 17
m0 9 9
1 4 3
2 4 3
3 4 3
t 184 17
m0 8 9
1 5 3
2 5 3
3 5 3
t 183 17
m0 9 9
1 6 3
2 6 3
3 6 3
t 182 17
m0 8 9
1 6 4
2 6 4
3 6 4
t 181 17
m0 9 9
1 6 3
2 6 3
3 6 3
t 180 17
m0 8 9
1 7 3
2 7 3
3 7 3
t 179 17
m0 9 9
1 6 3
2 6 3
3 6 3
t 178 17
m0 8 9
1 5 3
2 5 3
3 5 3
t 177 17
m0 9 9
1 5 2
2 5 2
3 5 2
t 176 17
m0 8 9
1 5 1
2 5 1
3 5 1
t 175 17
m0 9 9
1 6 1
2 6 1
3 6 1
t 174 17
m0 8 9
1 5 1
2 5 1
3 5 1
t 173 17
m0 9 9
1 6 1
2 6 1
3 6 1
t 172 17
m0 8 9
1 5 1
2 5 1
3 5 1
t 171 17
m0 9 9
1 6 1
2 6 1
3 6 1
t 170 17
m0 8 9
1 5 1
2 5 1
3 5 1
t 169 17
m0 9 9
1 5 0
2 5 0
3 5 0
t 168 17
m0 8 9
1 4 0
2 4 0
3 4 0
t 167 17
m0 9 9
1 3 0
2 3 0
3 3 0
t 166 17
m0 8 9
1 4 0
2 4 0
3 4 0
t 165 17
m0 9 9
1 3 0
2 3 0
3 3 0
t 164 17
m0 8 9
1 4 0
2 4 0
3 4 0
t 163 17
m0 9 9
1 5 0
2 5 0
3 5 0
t 162 17
m0 8 9
1 5 1
2 5 1
3 5 1
t 161 17
m0 9 9
1 6 1
2 6 1
3 6 1
t 160 17
m0 8 9
1 5 1
2 5 1
3 5 1
t 159 17
m0 9 9
1 5 0
2 5 0
3 5 0
t 158 17
m0 8 9
1 5 1
2 5 1
3 5 1
t 157 17
m0 9 9
1 5 2
2 5 2
3 5 2
t 156 17
m0 8 9
1 5 3
2 5 3
3 5 3
t 155 17
m0 9 9
1 6 3
2 6 3
3 6 3
t 154 17
m0 8 9
1 5 3
2 5 3
3 5 3
t 153 17
m0 9 9
1 5 2
2 5 2
3 5 2
t 152 17
m0 8 9
1 5 3
2 5 3
3 5 3
t 151 17
m0 9 9
1 5 2
2 5 2
3 5 2
t 150 17
m0 8 9
1 5 1
2 5 1
3 5 1
t 149 17
m0 9 9
1 5 0
2 5 0
3 5 0
t 148 17
m0 8 9
1 4 0
2 4 0
3 4 0
t 147 17
m0 9 9
1 5 0
2 5 0
3 5 0
t 146 17
m0 8 9
1 4 0
2 4 0
3 4 0
t 145 17
m0 9 9
1 5 0
2 5 0
3 5 0
t 144 17
m0 8 9
1 5 1
2 5 1
3 5 1
t 143 17
m0 9 9
1 5 0
2 5 0
3 5 0
t 142 17
m0 8 9
1 4 0
2 4 0
3 4 0
t 141 17
m0 9 9
1 3 0
2 3 0
3 3 0
t 140 17
m0 8 9
1 2 0
2 2 0
3 2 0
t 139 17
m0 9 9
1 1 0
2 1 0
3 1 0
t 138 17
m0 8 9
1 2 0
2 2 0
3 2 0
t 137 17
m0 9 9
1 1 0
2 1 0
3 1 0
t 136 17
m0 8 9
1 0 0
2 0 0
3 0 0
t 135 17
m0 9 9
1 1 0
2 1 0
3 1 0
t 134 17
m0 8 9
1 0 0
2 0 0
3 0 0
t 133 17
m0 9 9
1 1 0
2 1 0
3 1 0
t 132 17
m0 8 9
1 0 0
2 0 0
3 0 0
t 131 17
m0 9 9
1 1 0
2 1 0
3 1 0
t 130 17
m0 8 9
1 0 0
2 0 0
3 0 0
t 129 17
m0 9 9
1 1 0
2 1 0
3 1 0
t 128 17
m0 8 9
1 1 1
2 1 1
3 1 1
t 127 17
m0 9 9
1 1 0
2 1 0
3 1 0
t 126 17
m0 8 9
1 0 0
2 0 0
3 0 0
t 125 17
m0 9 9
1 1 0
2 1 0
3 1 0
t 124 17
m0 8 9
1 1 1
2 1 1
3 1 1
t 123 17
m0 9 9
1 2 1
2 2 1
3 2 1
t 122 17
m0 8 9
1 3 1
2 3 1
3 3 1
t 121 17
m0 9 9
1 3 2
2 3 2
3 3 2
t 120 17
m0 8 9
1 3 1
2 3 1
3 3 1
t 119 17
m0 9 9
1 3 2
2 3 2
3 3 2
t 118 17
m0 8 9
1 2 2
2 2 2
3 2 2
t 117 17
m0 9 9
1 1 2
2 1 2
3 1 2
t 116 17
m0 8 9
1 1 1
2 1 1
3 1 1
t 115 17
m0 9 9
1 2 1
2 2 1
3 2 1
t 114 17
m0 8 9
1 3 1
2 3 1
3 3 1
t 113 17
m0 9 9
1 3 0
2 3 0
3 3 0
t 112 17
m0 8 9
1 4 0
2 4 0
3 4 0
t 111 17
m0 9 9
1 3 0
2 3 0
3 3 0
t 110 17
m0 8 9
1 3 1
2 3 1
3 3 1
t 109 17
m0 9 9
1 2 1
2 2 1
3 2 1
t 108 17
m0 8 9
1 3 1
2 3 1
3 3 1
t 107 17
m0 9 9
1 3 0
2 3 0
3 3 0
t 106 17
m0 8 9
1 3 1
2 3 1
3 3 1
t 105 17
m0 9 9
1 3 2
2 3 2
3 3 2
t 104 17
m0 8 9
1 4 2
2 4 2
3 4 2
t 103 17
m0 9 9
1 5 2
2 5 2
3 5 2
t 102 17
m0 8 9
1 5 3
2 5 3
3 5 3
t 101 17
m0 9 9
1 5 2
2 5 2
3 5 2
t 100 17
m0 8 9
1 5 3
2 5 3
3 5 3
t 99 17
m0 9 9
1 5 2
2 5 2
3 5 2
t 98 17
m0 8 9
1 5 1
2 5 1
3 5 1
t 97 17
m0 9 9
1 5 0
2 5 0
3 5 0
t 96 17
m0 8 9
1 4 0
2 4 0
3 4 0
t 95 17
m0 9 9
1 3 0
2 3 0
3 3 0
t 94 17
m0 8 9
1 3 1
2 3 1
3 3 1
t 93 17
m0 9 9
1 3 2
2 3 2
3 3 2
t 92 17
m0 8 9
1 3 1
2 3 1
3 3 1
t 91 17
m0 9 9
1 3 2
2 3 2
3 3 2
t 90 17
m0 8 9
1 3 1
2 3 1
3 3 1
t 89 17
m0 9 9
1 3 0
2 3 0
3 3 0
t 88 17
m0 8 9
1 3 1
2 3 1
3 3 1
t 87 17
m0 9 9
1 3 0
2 3 0
3 3 0
t 86 17
m0 8 9
1 2 0
2 2 0
3 2 0
t 85 17
m0 9 9
1 2 1
2 2 1
3 2 1
t 84 17
m0 8 9
1 3 1
2 3 1
3 3 1
t 83 17
m0 9 9
1 2 1
2 2 1
3 2 1
t 82 17
m0 8 9
1 2 2
2 2 2
3 2 2
t 81 17
m0 9 9
1 3 2
2 3 2
3 3 2
t 80 17
m0 8 9
1 2 2
2 2 2
3 2 2
t 79 17
m0 9 9
1 1 2
2 1 2
3 1 2
t 78 17
m0 8 9
1 2 2
2 2 2
3 2 2
t 77 17
m0 9 9
1 2 1
2 2 1
3 2 1
t 76 17
m0 8 9
1 1 1
2 1 1
3 1 1
t 75 17
m0 9 9
1 1 2
2 1 2
3 1 2
t 74 17
m0 8 9
1 1 1
2 1 1
3 1 1
t 73 17
m0 9 9
1 1 2
2 1 2
3 1 2
t 72 17
m0 8 9
1 0 2
2 0 2
3 0 2
t 71 17
m0 9 9
1 0 3
2 0 3
3 0 3
t 70 17
m0 8 9
1 0 2
2 0 2
3 0 2
t 69 17
m0 9 9
1 0 3
2 0 3
3 0 3
t 68 17
m0 8 9
1 0 4
2 0 4
3 0 4
t 67 17
m0 9 9
1 1 4
2 1 4
3 1 4
t 66 17
m0 8 9
1 0 4
2 0 4
3 0 4
t 65 17
m0 9 9
1 0 3
2 0 3
3 0 3
t 64 17
m0 8 9
1 0 4
2 0 4
3 0 4
t 63 17
m0 9 9
1 0 3
2 0 3
3 0 3
t 62 17
m0 8 9
1 0 4
2 0 4
3 0 4
t 61 17
m0 9 9
1 0 3
2 0 3
3 0 3
t 60 17
m0 8 9
1 0 2
2 0 2
3 0 2
t 59 17
m0 9 9
1 0 3
2 0 3
3 0 3
t 58 17
m0 8 9
1 0 4
2 0 4
3 0 4
t 57 17
m0 9 9
1 1 4
2 1 4
3 1 4
t 56 17
m0 8 9
1 0 4
2 0 4
3 0 4
t 55 17
m0 9 9
1 0 3
2 0 3
3 0 3
t 54 17
m0 8 9
1 0 2
2 0 2
3 0 2
t 53 17
m0 9 9
1 0 3
2 0 3
3 0 3
t 52 17
m0 8 9
1 0 4
2 0 4
3 0 4
t 51 17
m0 9 9
1 1 4
2 1 4
3 1 4
t 50 17
m0 8 9
1 0 4
2 0 4
3 0 4
t 49 17
m0 9 9
1 0 3
2 0 3
3 0 3
t 48 17
m0 8 9
1 0 2
2 0 2
3 0 2
t 47 17
m0 9 9
1 1 2
2 1 2
3 1 2
t 46 17
m0 8 9
1 0 2
2 0 2
3 0 2
t 45 17
m0 9 9
1 0 3
2 0 3
3 0 3
t 44 17
m0 8 9
1 0 2
2 0 2
3 0 2
t 43 17
m0 9 9
1 0 3
2 0 3
3 0 3
t 42 17
m0 8 9
1 0 2
2 0 2
3 0 2
t 41 17
m0 9 9
1 1 2
2 1 2
3 1 2
t 40 17
m0 8 9
1 0 2
2 0 2
3 0 2
t 39 17
m0 9 9
1 1 2
2 1 2
3 1 2
t 38 17
m0 8 9
1 2 2
2 2 2
3 2 2
t 37 17
m0 9 9
1 2 3
2 2 3
3 2 3
t 36 17
m0 8 9
1 2 2
2 2 2
3 2 2
t 35 17
m0 9 9
1 2 1
2 2 1
3 2 1
t 34 17
m0 8 9
1 2 0
2 2 0
3 2 0
t 33 17
m0 9 9
1 1 0
2 1 0
3 1 0
t 32 17
m0 8 9
1 0 0
2 0 0
3 0 0
t 31 17
m0 9 9
1 1 0
2 1 0
3 1 0
t 30 17
m0 8 9
1 2 0
2 2 0
3 2 0
t 29 17
m0 9 9
1 1 0
2 1 0
3 1 0
t 28 17
m0 8 9
1 0 0
2 0 0
3 0 0
t 27 17
m0 9 9
1 1 0
2 1 0
3 1 0
t 26 17
m0 8 9
1 2 0
2 2 0
3 2 0
t 25 17
m0 9 9
1 2 1
2 2 1
3 2 1
t 24 17
m0 8 9
1 2 2
2 2 2
3 2 2
t 23 17
m0 9 9
1 1 2
2 1 2
3 1 2
t 22 17
m0 8 9
1 2 2
2 2 2
3 2 2
t 21 17
m0 9 9
1 2 3
2 2 3
3 2 3
t 20 17
m0 8 9
1 3 3
2 3 3
3 3 3
t 19 17
m0 9 9
1 4 3
2 4 3
3 4 3
t 18 17
m0 8 9
1 3 3
2 3 3
3 3 3
t 17 17
m0 9 9
1 2 3
2 2 3
3 2 3
t 16 17
m0 8 9
1 2 4
2 2 4
3 2 4
t 15 17
m0 9 9
1 1 4
2 1 4
3 1 4
t 14 17
m0 8 9
1 1 5
2 1 5
3 1 5
t 13 17
m0 9 9
1 1 6
2 1 6
3 1 6
t 12 17
m0 8 9
1 1 7
2 1 7
3 1 7
t 11 17
m0 9 9
1 1 8
2 1 8
3 1 8
t 10 17
m0 8 9
1 1 7
2 1 7
3 1 7
t 9 17
m0 9 9
1 0 7
2 0 7
3 0 7
t 8 17
m0 8 9
1 1 7
2 1 7
3 1 7
t 7 17
m0 9 9
1 1 8
2 1 8
3 1 8
t 6 17
m0 8 9
1 1 7
2 1 7
3 1 7
t 5 17
m0 9 9
1 1 6
2 1 6
3 1 6
t 4 17
m0 8 9
1 1 7
2 1 7
3 1 7
t 3 17
m0 9 9
1 1 8
2 1 8
3 1 8
t 2 17
m0 8 9
1 1 7
2 1 7
3 1 7
t 1 17
m0 9 9
1 1 7
2 1 7
3 1 7
t 0 17
