10
15
w 5 9
w 6 9
w 1 3
w 7 3
w 2 8
w 9 8
w 7 7
w 4 12
w 2 12
w 5 1
w 3 7
w 1 11
w 3 14
w 7 2
w 4 9
w 5 5
w 3 10
w 1 14
w 7 10
w 2 2
w 7 14
w 7 1
w 4 5
w 9 3
w 7 5
w 8 7
w 4 2
w 0 8
w 5 3
w 0 1
w 5 10
w 7 13
w 5 14
w 2 0
w 0 6
w 0 9
w 5 2
p 8 13
p 3 0
p 5 6
p 3 11
p 0 7
p 5 13
p 6 2
p 0 10
p 9 4
p 0 3
p 5 8
p 6 14
p 8 14
p 2 9
p 7 6
p 8 10
p 4 13
p 0 11
p 9 11
p 2 13
p 0 4
p 4 1
p 9 7
p 4 10
p 5 4
p 0 0
p 9 14
p 8 2
p 2 6
p 5 11
p 3 13
p 6 4
p 4 14
p 6 0
p 2 10
p 9 10
p 3 9
p 6 12
p 2 14
p 7 9
p 2 7
p 9 13
p 8 3
p 7 0
p 6 8
p 4 6
p 9 2
p 6 1
p 9 9
p 7 4
p 1 8
p 8 8
p 4 3
p 3 4
p 2 4
p 9 12
m0 0 14
1 9 0
2 9 0
3 9 0
t 300 0
m0 0 13
1 8 0
2 8 0
3 8 0
t 299 0
m0 1 13
1 9 0
2 9 0
3 9 0
f 8 11
t 298 0
m0 2 13
1 8 0
2 8 0
3 8 0
t 297 1
m0 3 13
1 9 0
2 9 0
3 9 0
t 296 2
m0 4 13
1 8 0
2 8 0
3 8 0
t 295 3
m0 5 13
1 9 0
2 9 0
3 9 0
t 294 4
m0 6 13
1 8 0
2 8 0
3 8 0
t 293 4
m0 6 12
1 9 0
2 9 0
3 9 0
t 292 5
m0 7 12
1 8 0
2 8 0
3 8 0
t 291 5
m0 8 12
1 9 0
2 9 0
3 9 0
t 290 5
m0 8 11
1 8 0
2 8 0
3 8 0
t 289 15
m0 9 11
1 7 0
2 7 0
3 7 0
t 288 16
m0 9 10
1 6 0
2 6 0
3 6 0
t 287 17
m0 9 9
1 5 0
2 5 0
3 5 0
t 286 18
m0 8 9
1 4 0
2 4 0
3 4 0
f 7 11
t 285 18
m0 9 9
1 3 0
2 3 0
3 3 0
t 284 18
m0 8 9
1 4 0
2 4 0
3 4 0
t 283 18
m0 9 9
1 3 0
2 3 0
3 3 0
t 282 18
m0 8 9
1 4 0
2 4 0
3 4 0
t 281 18
m0 9 9
1 3 0
2 3 0
3 3 0
t 280 18
m0 8 9
1 4 0
2 4 0
3 4 0
t 279 18
m0 9 9
1 3 0
2 3 0
3 3 0
t 278 18
m0 8 9
1 4 0
2 4 0
3 4 0
t 277 18
m0 9 9
1 3 0
2 3 0
3 3 0
t 276 18
m0 8 9
1 4 0
2 4 0
3 4 0
t 275 18
m0 9 9
1 3 0
2 3 0
3 3 0
t 274 18
m0 8 9
1 4 0
2 4 0
3 4 0
t 273 18
m0 9 9
1 3 0
2 3 0
3 3 0
t 272 18
m0 8 9
1 4 0
2 4 0
3 4 0
t 271 18
m0 9 9
1 3 0
2 3 0
3 3 0
t 270 18
m0 8 9
1 4 0
2 4 0
3 4 0
t 269 18
m0 9 9
1 3 0
2 3 0
3 3 0
t 268 18
m0 8 9
1 4 0
2 4 0
3 4 0
t 267 18
m0 9 9
1 3 0
2 3 0
3 3 0
t 266 18
m0 8 9
1 4 0
2 4 0
3 4 0
t 265 18
m0 9 9
1 3 0
2 3 0
3 3 0
t 264 18
m0 8 9
1 4 0
2 4 0
3 4 0
t 263 18
m0 9 9
1 3 0
2 3 0
3 3 0
t 262 18
m0 8 9
1 4 0
2 4 0
3 4 0
t 261 18
m0 9 9
1 3 0
2 3 0
3 3 0
t 260 18
m0 8 9
1 4 0
2 4 0
3 4 0
t 259 18
m0 9 9
1 3 0
2 3 0
3 3 0
t 258 18
m0 8 9
1 4 0
2 4 0
3 4 0
t 257 18
m0 9 9
1 3 0
2 3 0
3 3 0
t 256 18
m0 8 9
1 4 0
2 4 0
3 4 0
t 255 18
m0 9 9
1 3 0
2 3 0
3 3 0
t 254 18
m0 8 9
1 4 0
2 4 0
3 4 0
t 253 18
m0 9 9
1 3 0
2 3 0
3 3 0
t 252 18
m0 8 9
1 4 0
2 4 0
3 4 0
t 251 18
m0 9 9
1 3 0
2 3 0
3 3 0
t 250 18
m0 8 9
1 4 0
2 4 0
3 4 0
t 249 18
m0 9 9
1 3 0
2 3 0
3 3 0
t 248 18
m0 8 9
1 4 0
2 4 0
3 4 0
t 247 18
m0 9 9
1 3 0
2 3 0
3 3 0
t 246 18
m0 8 9
1 4 0
2 4 0
3 4 0
t 245 18
m0 9 9
1 3 0
2 3 0
3 3 0
t 244 18
m0 8 9
1 4 0
2 4 0
3 4 0
t 243 18
m0 9 9
1 3 0
2 3 0
3 3 0
t 242 18
m0 8 9
1 4 0
2 4 0
3 4 0
t 241 18
m0 9 9
1 3 0
2 3 0
3 3 0
t 240 18
m0 8 9
1 4 0
2 4 0
3 4 0
t 239 18
m0 9 9
1 3 0
2 3 0
3 3 0
t 238 18
m0 8 9
1 4 0
2 4 0
3 4 0
t 237 18
m0 9 9
1 3 0
2 3 0
3 3 0
t 236 18
m0 8 9
1 4 0
2 4 0
3 4 0
t 235 18
m0 9 9
1 3 0
2 3 0
3 3 0
t 234 18
m0 8 9
1 4 0
2 4 0
3 4 0
t 233 18
m0 9 9
1 3 0
2 3 0
3 3 0
t 232 18
m0 8 9
1 4 0
2 4 0
3 4 0
t 231 18
m0 9 9
1 3 0
2 3 0
3 3 0
t 230 18
m0 8 9
1 4 0
2 4 0
3 4 0
t 229 18
m0 9 9
1 3 0
2 3 0
3 3 0
t 228 18
m0 8 9
1 4 0
2 4 0
3 4 0
t 227 18
m0 9 9
1 3 0
2 3 0
3 3 0
t 226 18
m0 8 9
1 4 0
2 4 0
3 4 0
t 225 18
m0 9 9
1 3 0
2 3 0
3 3 0
t 224 18
m0 8 9
1 4 0
2 4 0
3 4 0
t 223 18
m0 9 9
1 3 0
2 3 0
3 3 0
t 222 18
m0 8 9
1 4 0
2 4 0
3 4 0
t 221 18
m0 9 9
1 3 0
2 3 0
3 3 0
t 220 18
m0 8 9
1 4 0
2 4 0
3 4 0
t 219 18
m0 9 9
1 3 0
2 3 0
3 3 0
t 218 18
m0 8 9
1 4 0
2 4 0
3 4 0
t 217 18
m0 9 9
1 3 0
2 3 0
3 3 0
t 216 18
m0 8 9
1 4 0
2 4 0
3 4 0
t 215 18
m0 9 9
1 3 0
2 3 0
3 3 0
t 214 18
m0 8 9
1 4 0
2 4 0
3 4 0
t 213 18
m0 9 9
1 3 0
2 3 0
3 3 0
t 212 18
m0 8 9
1 4 0
2 4 0
3 4 0
t 211 18
m0 9 9
1 3 0
2 3 0
3 3 0
t 210 18
m0 8 9
1 4 0
2 4 0
3 4 0
t 209 18
m0 9 9
1 3 0
2 3 0
3 3 0
t 208 18
m0 8 9
1 4 0
2 4 0
3 4 0
t 207 18
m0 9 9
1 3 0
2 3 0
3 3 0
t 206 18
m0 8 9
1 4 0
2 4 0
3 4 0
t 205 18
m0 9 9
1 3 0
2 3 0
3 3 0
t 204 18
m0 8 9
1 4 0
2 4 0
3 4 0
t 203 18
m0 9 9
1 3 0
2 3 0
3 3 0
t 202 18
m0 8 9
1 4 0
2 4 0
3 4 0
t 201 18
m0 9 9
1 3 0
2 3 0
3 3 0
t 200 18
m0 8 9
1 4 0
2 4 0
3 4 0
t 199 18
m0 9 9
1 3 0
2 3 0
3 3 0
t 198 18
m0 8 9
1 4 0
2 4 0
3 4 0
t 197 18
m0 9 9
1 3 0
2 3 0
3 3 0
t 196 18
m0 8 9
1 4 0
2 4 0
3 4 0
t 195 18
m0 9 9
1 3 0
2 3 0
3 3 0
t 194 18
m0 8 9
1 4 0
2 4 0
3 4 0
t 193 18
m0 9 9
1 3 0
2 3 0
3 3 0
t 192 18
m0 8 9
1 4 0
2 4 0
3 4 0
t 191 18
m0 9 9
1 3 0
2 3 0
3 3 0
t 190 18
m0 8 9
1 4 0
2 4 0
3 4 0
t 189 18
m0 9 9
1 3 0
2 3 0
3 3 0
t 188 18
m0 8 9
1 4 0
2 4 0
3 4 0
t 187 18
m0 9 9
1 3 0
2 3 0
3 3 0
t 186 18
m0 8 9
1 4 0
2 4 0
3 4 0
t 185 18
m0 9 9
1 3 0
2 3 0
3 3 0
t 184 18
m0 8 9
1 4 0
2 4 0
3 4 0
t 183 18
m0 9 9
1 3 0
2 3 0
3 3 0
t 182 18
m0 8 9
1 4 0
2 4 0
3 4 0
t 181 18
m0 9 9
1 3 0
2 3 0
3 3 0
t 180 18
m0 8 9
1 4 0
2 4 0
3 4 0
t 179 18
m0 9 9
1 3 0
2 3 0
3 3 0
t 178 18
m0 8 9
1 4 0
2 4 0
3 4 0
t 177 18
m0 9 9
1 3 0
2 3 0
3 3 0
t 176 18
m0 8 9
1 4 0
2 4 0
3 4 0
t 175 18
m0 9 9
1 3 0
2 3 0
3 3 0
t 174 18
m0 8 9
1 4 0
2 4 0
3 4 0
t 173 18
m0 9 9
1 3 0
2 3 0
3 3 0
t 172 18
m0 8 9
1 4 0
2 4 0
3 4 0
t 171 18
m0 9 9
1 3 0
2 3 0
3 3 0
t 170 18
m0 8 9
1 4 0
2 4 0
3 4 0
t 169 18
m0 9 9
1 3 0
2 3 0
3 3 0
t 168 18
m0 8 9
1 4 0
2 4 0
3 4 0
t 167 18
m0 9 9
1 3 0
2 3 0
3 3 0
t 166 18
m0 8 9
1 4 0
2 4 0
3 4 0
t 165 18
m0 9 9
1 3 0
2 3 0
3 3 0
t 164 18
m0 8 9
1 4 0
2 4 0
3 4 0
t 163 18
m0 9 9
1 3 0
2 3 0
3 3 0
t 162 18
m0 8 9
1 4 0
2 4 0
3 4 0
t 161 18
m0 9 9
1 3 0
2 3 0
3 3 0
t 160 18
m0 8 9
1 4 0
2 4 0
3 4 0
t 159 18
m0 9 9
1 3 0
2 3 0
3 3 0
t 158 18
m0 8 9
1 4 0
2 4 0
3 4 0
t 157 18
m0 9 9
1 3 0
2 3 0
3 3 0
t 156 18
m0 8 9
1 4 0
2 4 0
3 4 0
t 155 18
m0 9 9
1 3 0
2 3 0
3 3 0
t 154 18
m0 8 9
1 4 0
2 4 0
3 4 0
t 153 18
m0 9 9
1 3 0
2 3 0
3 3 0
t 152 18
m0 8 9
1 4 0
2 4 0
3 4 0
t 151 18
m0 9 9
1 3 0
2 3 0
3 3 0
t 150 18
m0 8 9
1 4 0
2 4 0
3 4 0
t 149 18
m0 9 9
1 3 0
2 3 0
3 3 0
t 148 18
m0 8 9
1 4 0
2 4 0
3 4 0
t 147 18
m0 9 9
1 3 0
2 3 0
3 3 0
t 146 18
m0 8 9
1 4 0
2 4 0
3 4 0
t 145 18
m0 9 9
1 3 0
2 3 0
3 3 0
t 144 18
m0 8 9
1 4 0
2 4 0
3 4 0
t 143 18
m0 9 9
1 3 0
2 3 0
3 3 0
t 142 18
m0 8 9
1 4 0
2 4 0
3 4 0
t 141 18
m0 9 9
1 3 0
2 3 0
3 3 0
t 140 18
m0 8 9
1 4 0
2 4 0
3 4 0
t 139 18
m0 9 9
1 3 0
2 3 0
3 3 0
t 138 18
m0 8 9
1 4 0
2 4 0
3 4 0
t 137 18
m0 9 9
1 3 0
2 3 0
3 3 0
t 136 18
m0 8 9
1 4 0
2 4 0
3 4 0
t 135 18
m0 9 9
1 3 0
2 3 0
3 3 0
t 134 18
m0 8 9
1 4 0
2 4 0
3 4 0
t 133 18
m0 9 9
1 3 0
2 3 0
3 3 0
t 132 18
m0 8 9
1 4 0
2 4 0
3 4 0
t 131 18
m0 9 9
1 3 0
2 3 0
3 3 0
t 130 18
m0 8 9
1 4 0
2 4 0
3 4 0
t 129 18
m0 9 9
1 3 0
2 3 0
3 3 0
t 128 18
m0 8 9
1 4 0
2 4 0
3 4 0
t 127 18
m0 9 9
1 3 0
2 3 0
3 3 0
t 126 18
m0 8 9
1 4 0
2 4 0
3 4 0
t 125 18
m0 9 9
1 3 0
2 3 0
3 3 0
t 124 18
m0 8 9
1 4 0
2 4 0
3 4 0
t 123 18
m0 9 9
1 3 0
2 3 0
3 3 0
t 122 18
m0 8 9
1 4 0
2 4 0
3 4 0
t 121 18
m0 9 9
1 3 0
2 3 0
3 3 0
t 120 18
m0 8 9
1 4 0
2 4 0
3 4 0
t 119 18
m0 9 9
1 3 0
2 3 0
3 3 0
t 118 18
m0 8 9
1 4 0
2 4 0
3 4 0
t 117 18
m0 9 9
1 3 0
2 3 0
3 3 0
t 116 18
m0 8 9
1 4 0
2 4 0
3 4 0
t 115 18
m0 9 9
1 3 0
2 3 0
3 3 0
t 114 18
m0 8 9
1 4 0
2 4 0
3 4 0
t 113 18
m0 9 9
1 3 0
2 3 0
3 3 0
t 112 18
m0 8 9
1 4 0
2 4 0
3 4 0
t 111 18
m0 9 9
1 3 0
2 3 0
3 3 0
t 110 18
m0 8 9
1 4 0
2 4 0
3 4 0
t 109 18
m0 9 9
1 3 0
2 3 0
3 3 0
t 108 18
m0 8 9
1 4 0
2 4 0
3 4 0
t 107 18
m0 9 9
1 3 0
2 3 0
3 3 0
t 106 18
m0 8 9
1 4 0
2 4 0
3 4 0
t 105 18
m0 9 9
1 3 0
2 3 0
3 3 0
t 104 18
m0 8 9
1 4 0
2 4 0
3 4 0
t 103 18
m0 9 9
1 3 0
2 3 0
3 3 0
t 102 18
m0 8 9
1 4 0
2 4 0
3 4 0
t 101 18
m0 9 9
1 3 0
2 3 0
3 3 0
t 100 18
m0 8 9
1 4 0
2 4 0
3 4 0
t 99 18
m0 9 9
1 3 0
2 3 0
3 3 0
t 98 18
m0 8 9
1 4 0
2 4 0
3 4 0
t 97 18
m0 9 9
1 3 0
2 3 0
3 3 0
t 96 18
m0 8 9
1 4 0
2 4 0
3 4 0
t 95 18
m0 9 9
1 3 0
2 3 0
3 3 0
t 94 18
m0 8 9
1 4 0
2 4 0
3 4 0
t 93 18
m0 9 9
1 3 0
2 3 0
3 3 0
t 92 18
m0 8 9
1 4 0
2 4 0
3 4 0
t 91 18
m0 9 9
1 3 0
2 3 0
3 3 0
t 90 18
m0 8 9
1 4 0
2 4 0
3 4 0
t 89 18
m0 9 9
1 3 0
2 3 0
3 3 0
t 88 18
m0 8 9
1 4 0
2 4 0
3 4 0
t 87 18
m0 9 9
1 3 0
2 3 0
3 3 0
t 86 18
m0 8 9
1 4 0
2 4 0
3 4 0
t 85 18
m0 9 9
1 3 0
2 3 0
3 3 0
t 84 18
m0 8 9
1 4 0
2 4 0
3 4 0
t 83 18
m0 9 9
1 3 0
2 3 0
3 3 0
t 82 18
m0 8 9
1 4 0
2 4 0
3 4 0
t 81 18
m0 9 9
1 3 0
2 3 0
3 3 0
t 80 18
m0 8 9
1 4 0
2 4 0
3 4 0
t 79 18
m0 9 9
1 3 0
2 3 0
3 3 0
t 78 18
m0 8 9
1 4 0
2 4 0
3 4 0
t 77 18
m0 9 9
1 3 0
2 3 0
3 3 0
t 76 18
m0 8 9
1 4 0
2 4 0
3 4 0
t 75 18
m0 9 9
1 3 0
2 3 0
3 3 0
t 74 18
m0 8 9
1 4 0
2 4 0
3 4 0
t 73 18
m0 9 9
1 3 0
2 3 0
3 3 0
t 72 18
m0 8 9
1 4 0
2 4 0
3 4 0
t 71 18
m0 9 9
1 3 0
2 3 0
3 3 0
t 70 18
m0 8 9
1 4 0
2 4 0
3 4 0
t 69 18
m0 9 9
1 3 0
2 3 0
3 3 0
t 68 18
m0 8 9
1 4 0
2 4 0
3 4 0
t 67 18
m0 9 9
1 3 0
2 3 0
3 3 0
t 66 18
m0 8 9
1 4 0
2 4 0
3 4 0
t 65 18
m0 9 9
1 3 0
2 3 0
3 3 0
t 64 18
m0 8 9
1 4 0
2 4 0
3 4 0
t 63 18
m0 9 9
1 3 0
2 3 0
3 3 0
t 62 18
m0 8 9
1 4 0
2 4 0
3 4 0
t 61 18
m0 9 9
1 3 0
2 3 0
3 3 0
t 60 18
m0 8 9
1 4 0
2 4 0
3 4 0
t 59 18
m0 9 9
1 3 0
2 3 0
3 3 0
t 58 18
m0 8 9
1 4 0
2 4 0
3 4 0
t 57 18
m0 9 9
1 3 0
2 3 0
3 3 0
t 56 18
m0 8 9
1 4 0
2 4 0
3 4 0
t 55 18
m0 9 9
1 3 0
2 3 0
3 3 0
t 54 18
m0 8 9
1 4 0
2 4 0
3 4 0
t 53 18
m0 9 9
1 3 0
2 3 0
3 3 0
t 52 18
m0 8 9
1 4 0
2 4 0
3 4 0
t 51 18
m0 9 9
1 3 0
2 3 0
3 3 0
t 50 18
m0 8 9
1 4 0
2 4 0
3 4 0
t 49 18
m0 9 9
1 3 0
2 3 0
3 3 0
t 48 18
m0 8 9
1 4 0
2 4 0
3 4 0
t 47 18
m0 9 9
1 3 0
2 3 0
3 3 0
t 46 18
m0 8 9
1 4 0
2 4 0
3 4 0
t 45 18
m0 9 9
1 3 0
2 3 0
3 3 0
t 44 18
m0 8 9
1 4 0
2 4 0
3 4 0
t 43 18
m0 9 9
1 3 0
2 3 0
3 3 0
t 42 18
m0 8 9
1 4 0
2 4 0
3 4 0
t 41 18
m0 9 9
1 3 0
2 3 0
3 3 0
t 40 18
m0 8 9
1 4 0
2 4 0
3 4 0
t 39 18
m0 9 9
1 3 0
2 3 0
3 3 0
t 38 18
m0 8 9
1 4 0
2 4 0
3 4 0
t 37 18
m0 9 9
1 3 0
2 3 0
3 3 0
t 36 18
m0 8 9
1 4 0
2 4 0
3 4 0
t 35 18
m0 9 9
1 3 0
2 3 0
3 3 0
t 34 18
m0 8 9
1 4 0
2 4 0
3 4 0
t 33 18
m0 9 9
1 3 0
2 3 0
3 3 0
t 32 18
m0 8 9
1 4 0
2 4 0
3 4 0
t 31 18
m0 9 9
1 3 0
2 3 0
3 3 0
t 30 18
m0 8 9
1 4 0
2 4 0
3 4 0
t 29 18
m0 9 9
1 3 0
2 3 0
3 3 0
t 28 18
m0 8 9
1 4 0
2 4 0
3 4 0
t 27 18
m0 9 9
1 3 0
2 3 0
3 3 0
t 26 18
m0 8 9
1 4 0
2 4 0
3 4 0
t 25 18
m0 9 9
1 3 0
2 3 0
3 3 0
t 24 18
m0 8 9
1 4 0
2 4 0
3 4 0
t 23 18
m0 9 9
1 3 0
2 3 0
3 3 0
t 22 18
m0 8 9
1 4 0
2 4 0
3 4 0
t 21 18
m0 9 9
1 3 0
2 3 0
3 3 0
t 20 18
m0 8 9
1 4 0
2 4 0
3 4 0
t 19 18
m0 9 9
1 3 0
2 3 0
3 3 0
t 18 18
m0 8 9
1 4 0
2 4 0
3 4 0
t 17 18
m0 9 9
1 3 0
2 3 0
3 3 0
t 16 18
m0 8 9
1 4 0
2 4 0
3 4 0
t 15 18
m0 9 9
1 3 0
2 3 0
3 3 0
t 14 18
m0 8 9
1 4 0
2 4 0
3 4 0
t 13 18
m0 9 9
1 3 0
2 3 0
3 3 0
t 12 18
m0 8 9
1 4 0
2 4 0
3 4 0
t 11 18
m0 9 9
1 3 0
2 3 0
3 3 0
t 10 18
m0 8 9
1 4 0
2 4 0
3 4 0
t 9 18
m0 9 9
1 3 0
2 3 0
3 3 0
t 8 18
m0 8 9
1 4 0
2 4 0
3 4 0
t 7 18
m0 9 9
1 3 0
2 3 0
3 3 0
t 6 18
m0 8 9
1 4 0
2 4 0
3 4 0
t 5 18
m0 9 9
1 3 0
2 3 0
3 3 0
t 4 18
m0 8 9
1 4 0
2 4 0
3 4 0
t 3 18
m0 9 9
1 3 0
2 3 0
3 3 0
t 2 18
m0 8 9
1 4 0
2 4 0
3 4 0
t 1 18
m0 9 9
1 4 0
2 4 0
3 4 0
t 0 18
