10
15
w 7 3
w 2 8
w 9 8
w 5 13
w 2 12
w 9 4
w 3 7
w 2 5
w 1 11
w 6 7
w 3 3
w 4 9
w 6 10
w 8 10
w 6 3
w 0 4
w 1 1
w 0 0
w 7 1
w 4 5
w 1 13
w 6 0
w 3 9
w 0 5
w 2 3
w 8 7
w 6 5
w 3 5
w 0 1
w 4 11
w 7 0
w 6 8
w 7 13
w 5 14
w 1 8
w 1 7
w 9 12
p 5 9
p 6 9
p 4 7
p 8 13
p 9 1
p 4 8
p 3 0
p 6 6
p 3 11
p 7 7
p 8 9
p 6 2
p 4 12
p 0 10
p 5 1
p 0 3
p 3 14
p 5 8
p 1 2
p 4 0
p 9 0
p 8 14
p 5 5
p 3 10
p 5 12
p 1 5
p 0 11
p 9 11
p 3 6
p 5 0
p 2 2
p 8 6
p 7 10
p 9 7
p 4 10
p 5 4
p 2 6
p 7 14
p 8 2
p 3 13
p 1 4
p 9 10
p 1 9
p 6 12
p 0 8
p 9 6
p 5 10
p 9 2
p 3 1
p 0 13
p 9 9
p 3 8
p 2 0
p 7 4
p 8 8
p 0 9
m0 0 14
1 9 0
2 9 0
3 9 0
t 300 0
m0 0 14
1 8 0
2 8 0
3 8 0
t 299 0
m0 0 14
1 9 0
2 9 0
3 9 0
t 298 0
m0 0 14
1 8 0
2 8 0
3 8 0
t 297 0
m0 0 13
1 9 0
2 9 0
3 9 0
t 296 1
m0 0 12
1 8 0
2 8 0
3 8 0
t 295 1
m0 0 13
1 9 0
2 9 0
3 9 0
f 0 14
t 294 1
m0 0 13
1 8 0
2 8 0
3 8 0
t 293 1
m0 0 14
1 9 0
2 9 0
3 9 0
t 292 11
m0 1 14
1 8 0
2 8 0
3 8 0
t 291 11
m0 2 14
1 9 0
2 9 0
3 9 0
t 290 11
m0 2 13
1 8 0
2 8 0
3 8 0
t 289 11
m0 2 14
1 9 0
2 9 0
3 9 0
f 9 13
t 288 11
m0 1 14
1 8 0
2 8 0
3 8 0
t 287 11
m0 0 14
1 9 0
2 9 0
3 9 0
t 286 11
m0 0 13
1 8 0
2 8 0
3 8 0
t 285 11
m0 0 13
1 9 0
2 9 0
3 9 0
t 284 11
m0 0 14
1 8 0
2 8 0
3 8 0
t 283 11
m0 1 14
1 9 0
2 9 0
3 9 0
t 282 11
m0 1 14
1 8 0
2 8 0
3 8 0
t 281 11
m0 0 14
1 9 0
2 9 0
3 9 0
t 280 11
m0 1 14
1 8 0
2 8 0
3 8 0
t 279 11
m0 2 14
1 9 0
2 9 0
3 9 0
t 278 11
m0 2 13
1 8 0
2 8 0
3 8 0
t 277 11
m0 2 13
1 9 0
2 9 0
3 9 0
t 276 11
m0 2 13
1 8 0
2 8 0
3 8 0
t 275 11
m0 2 14
1 9 0
2 9 0
3 9 0
t 274 11
m0 2 13
1 8 0
2 8 0
3 8 0
t 273 11
m0 2 13
1 9 0
2 9 0
3 9 0
t 272 11
m0 3 13
1 8 0
2 8 0
3 8 0
t 271 12
m0 4 13
1 9 0
2 9 0
3 9 0
t 270 12
m0 4 12
1 8 0
2 8 0
3 8 0
t 269 13
m0 5 12
1 9 0
2 9 0
3 9 0
t 268 14
m0 6 12
1 8 0
2 8 0
3 8 0
t 267 15
m0 6 13
1 9 0
2 9 0
3 9 0
t 266 15
m0 6 14
1 8 0
2 8 0
3 8 0
t 265 15
m0 6 14
1 9 0
2 9 0
3 9 0
t 264 15
m0 7 14
1 8 0
2 8 0
3 8 0
t 263 16
m0 7 14
1 9 0
2 9 0
3 9 0
t 262 16
m0 6 14
1 8 0
2 8 0
3 8 0
t 261 16
m0 6 14
1 9 0
2 9 0
3 9 0
t 260 16
m0 7 14
1 8 0
2 8 0
3 8 0
t 259 16
m0 6 14
1 9 0
2 9 0
3 9 0
t 258 16
m0 6 14
1 8 0
2 8 0
3 8 0
t 257 16
m0 6 14
1 9 0
2 9 0
3 9 0
t 256 16
m0 7 14
1 8 0
2 8 0
3 8 0
t 255 16
m0 7 14
1 9 0
2 9 0
3 9 0
t 254 16
m0 7 14
1 8 0
2 8 0
3 8 0
t 253 16
m0 8 14
1 9 0
2 9 0
3 9 0
t 252 17
m0 8 14
1 8 0
2 8 0
3 8 0
t 251 17
m0 7 14
1 9 0
2 9 0
3 9 0
t 250 17
m0 7 14
1 8 0
2 8 0
3 8 0
t 249 17
m0 8 14
1 9 0
2 9 0
3 9 0
t 248 17
m0 8 14
1 8 0
2 8 0
3 8 0
t 247 17
m0 8 14
1 9 0
2 9 0
3 9 0
t 246 17
m0 8 14
1 8 0
2 8 0
3 8 0
t 245 17
m0 8 14
1 9 0
2 9 0
3 9 0
t 244 17
m0 8 14
1 8 0
2 8 0
3 8 0
t 243 17
m0 8 14
1 9 0
2 9 0
3 9 0
t 242 17
m0 8 14
1 8 0
2 8 0
3 8 0
t 241 17
m0 8 14
1 9 0
2 9 0
3 9 0
t 240 17
m0 8 14
1 8 0
2 8 0
3 8 0
t 239 17
m0 8 13
1 9 0
2 9 0
3 9 0
t 238 18
m0 9 13
1 8 0
2 8 0
3 8 0
t 237 28
m0 9 13
1 9 0
2 9 0
3 9 0
t 236 28
m0 8 13
1 8 0
2 8 0
3 8 0
t 235 28
m0 9 13
1 9 0
2 9 0
3 9 0
t 234 28
m0 9 13
1 8 0
2 8 0
3 8 0
t 233 28
m0 8 13
1 9 0
2 9 0
3 9 0
t 232 28
m0 9 13
1 8 0
2 8 0
3 8 0
t 231 28
m0 9 13
1 9 0
2 9 0
3 9 0
t 230 28
m0 8 13
1 8 0
2 8 0
3 8 0
f 1 0
t 229 28
m0 9 13
1 9 0
2 9 0
3 9 0
t 228 28
m0 8 13
1 8 0
2 8 0
3 8 0
t 227 28
m0 8 14
1 9 0
2 9 0
3 9 0
t 226 28
m0 8 13
1 8 0
2 8 0
3 8 0
t 225 28
m0 8 12
1 9 0
2 9 0
3 9 0
t 224 28
m0 8 11
1 8 0
2 8 0
3 8 0
t 223 28
m0 9 11
1 9 0
2 9 0
3 9 0
t 222 29
m0 8 11
1 8 0
2 8 0
3 8 0
t 221 29
m0 7 11
1 9 0
2 9 0
3 9 0
t 220 29
m0 8 11
1 8 0
2 8 0
3 8 0
t 219 29
m0 8 11
1 9 0
2 9 0
3 9 0
t 218 29
m0 8 11
1 8 0
2 8 0
3 8 0
t 217 29
m0 8 12
1 9 0
2 9 0
3 9 0
t 216 29
m0 8 13
1 8 0
2 8 0
3 8 0
t 215 29
m0 9 13
1 9 0
2 9 0
3 9 0
t 214 29
m0 9 13
1 8 0
2 8 0
3 8 0
t 213 29
m0 8 13
1 9 0
2 9 0
3 9 0
t 212 29
m0 8 14
1 8 0
2 8 0
3 8 0
t 211 29
m0 8 14
1 9 0
2 9 0
3 9 0
t 210 29
m0 8 13
1 8 0
2 8 0
3 8 0
t 209 29
m0 8 13
1 9 0
2 9 0
3 9 0
t 208 29
m0 9 13
1 8 0
2 8 0
3 8 0
t 207 29
m0 9 14
1 9 0
2 9 0
3 9 0
t 206 29
m0 9 13
1 8 0
2 8 0
3 8 0
t 205 29
m0 9 14
1 9 0
2 9 0
3 9 0
t 204 29
m0 9 14
1 8 0
2 8 0
3 8 0
t 203 29
m0 9 13
1 9 0
2 9 0
3 9 0
t 202 29
m0 9 14
1 8 0
2 8 0
3 8 0
t 201 29
m0 8 14
1 9 0
2 9 0
3 9 0
t 200 29
m0 8 14
1 8 0
2 8 0
3 8 0
t 199 29
m0 7 14
1 9 0
2 9 0
3 9 0
t 198 29
m0 6 14
1 8 0
2 8 0
3 8 0
t 197 29
m0 6 13
1 9 0
2 9 0
3 9 0
t 196 29
m0 6 12
1 8 0
2 8 0
3 8 0
t 195 29
m0 6 12
1 9 0
2 9 0
3 9 0
t 194 29
m0 6 13
1 8 0
2 8 0
3 8 0
t 193 29
m0 6 13
1 9 0
2 9 0
3 9 0
t 192 29
m0 6 14
1 8 0
2 8 0
3 8 0
t 191 29
m0 7 14
1 9 0
2 9 0
3 9 0
t 190 29
m0 6 14
1 8 0
2 8 0
3 8 0
t 189 29
m0 7 14
1 9 0
2 9 0
3 9 0
t 188 29
m0 7 14
1 8 0
2 8 0
3 8 0
t 187 29
m0 6 14
1 9 0
2 9 0
3 9 0
t 186 29
m0 7 14
1 8 0
2 8 0
3 8 0
t 185 29
m0 6 14
1 9 0
2 9 0
3 9 0
t 184 29
m0 7 14
1 8 0
2 8 0
3 8 0
t 183 29
m0 6 14
1 9 0
2 9 0
3 9 0
t 182 29
m0 6 13
1 8 0
2 8 0
3 8 0
t 181 29
m0 6 13
1 9 0
2 9 0
3 9 0
t 180 29
m0 6 14
1 8 0
2 8 0
3 8 0
t 179 29
m0 6 13
1 9 0
2 9 0
3 9 0
t 178 29
m0 6 12
1 8 0
2 8 0
3 8 0
t 177 29
m0 5 12
1 9 0
2 9 0
3 9 0
t 176 29
m0 5 11
1 8 0
2 8 0
3 8 0
t 175 29
m0 5 10
1 9 0
2 9 0
3 9 0
t 174 30
m0 4 10
1 8 0
2 8 0
3 8 0
t 173 31
m0 3 10
1 9 0
2 9 0
3 9 0
t 172 32
m0 3 10
1 8 0
2 8 0
3 8 0
t 171 32
m0 3 11
1 9 0
2 9 0
3 9 0
t 170 33
m0 2 11
1 8 0
2 8 0
3 8 0
t 169 33
m0 2 10
1 9 0
2 9 0
3 9 0
t 168 33
m0 1 10
1 8 0
2 8 0
3 8 0
t 167 33
m0 1 9
1 9 0
2 9 0
3 9 0
t 166 34
m0 0 9
1 8 0
2 8 0
3 8 0
t 165 35
m0 0 10
1 9 0
2 9 0
3 9 0
t 164 36
m0 0 9
1 8 0
2 8 0
3 8 0
t 163 36
m0 0 9
1 9 0
2 9 0
3 9 0
t 162 36
m0 1 9
1 8 0
2 8 0
3 8 0
t 161 36
m0 0 9
1 9 0
2 9 0
3 9 0
t 160 36
m0 0 10
1 8 0
2 8 0
3 8 0
t 159 36
m0 1 10
1 9 0
2 9 0
3 9 0
t 158 36
m0 0 10
1 8 0
2 8 0
3 8 0
t 157 36
m0 0 10
1 9 0
2 9 0
3 9 0
t 156 36
m0 0 11
1 8 0
2 8 0
3 8 0
t 155 37
m0 0 10
1 9 0
2 9 0
3 9 0
t 154 37
m0 0 11
1 8 0
2 8 0
3 8 0
t 153 37
m0 0 11
1 9 0
2 9 0
3 9 0
t 152 37
m0 0 12
1 8 0
2 8 0
3 8 0
t 151 37
m0 1 12
1 9 0
2 9 0
3 9 0
t 150 37
m0 0 12
1 8 0
2 8 0
3 8 0
t 149 37
m0 0 11
1 9 0
2 9 0
3 9 0
t 148 37
m0 0 12
1 8 0
2 8 0
3 8 0
t 147 37
m0 1 12
1 9 0
2 9 0
3 9 0
t 146 37
m0 0 12
1 8 0
2 8 0
3 8 0
t 145 37
m0 1 12
1 9 0
2 9 0
3 9 0
t 144 37
m0 1 12
1 8 0
2 8 0
3 8 0
t 143 37
m0 0 12
1 9 0
2 9 0
3 9 0
t 142 37
m0 0 11
1 8 0
2 8 0
3 8 0
t 141 37
m0 0 12
1 9 0
2 9 0
3 9 0
t 140 37
m0 0 13
1 8 0
2 8 0
3 8 0
t 139 37
m0 0 12
1 9 0
2 9 0
3 9 0
t 138 37
m0 1 12
1 8 0
2 8 0
3 8 0
t 137 37
m0 1 12
1 9 0
2 9 0
3 9 0
t 136 37
m0 1 12
1 8 0
2 8 0
3 8 0
t 135 37
m0 1 12
1 9 0
2 9 0
3 9 0
t 134 37
m0 0 12
1 8 0
2 8 0
3 8 0
t 133 37
m0 0 11
1 9 0
2 9 0
3 9 0
t 132 37
m0 0 10
1 8 0
2 8 0
3 8 0
t 131 37
m0 1 10
1 9 0
2 9 0
3 9 0
t 130 37
m0 2 10
1 8 0
2 8 0
3 8 0
t 129 37
m0 2 11
1 9 0
2 9 0
3 9 0
t 128 37
m0 2 11
1 8 0
2 8 0
3 8 0
t 127 37
m0 2 11
1 9 0
2 9 0
3 9 0
t 126 37
m0 2 11
1 8 0
2 8 0
3 8 0
t 125 37
m0 3 11
1 9 0
2 9 0
3 9 0
t 124 37
m0 3 10
1 8 0
2 8 0
3 8 0
t 123 37
m0 4 10
1 9 0
2 9 0
3 9 0
t 122 37
m0 5 10
1 8 0
2 8 0
3 8 0
t 121 37
m0 5 10
1 9 0
2 9 0
3 9 0
t 120 37
m0 5 9
1 8 0
2 8 0
3 8 0
t 119 38
m0 5 10
1 9 0
2 9 0
3 9 0
t 118 38
m0 5 9
1 8 0
2 8 0
3 8 0
t 117 38
m0 5 8
1 9 0
2 9 0
3 9 0
t 116 39
m0 5 7
1 8 0
2 8 0
3 8 0
t 115 39
m0 4 7
1 9 0
2 9 0
3 9 0
t 114 40
m0 4 6
1 8 0
2 8 0
3 8 0
t 113 40
m0 5 6
1 9 0
2 9 0
3 9 0
t 112 40
m0 6 6
1 8 0
2 8 0
3 8 0
t 111 41
m0 6 6
1 9 0
2 9 0
3 9 0
t 110 41
m0 5 6
1 8 0
2 8 0
3 8 0
t 109 41
m0 4 6
1 9 0
2 9 0
3 9 0
t 108 41
m0 4 6
1 8 0
2 8 0
3 8 0
t 107 41
m0 3 6
1 9 0
2 9 0
3 9 0
t 106 42
m0 3 6
1 8 0
2 8 0
3 8 0
t 105 42
m0 3 6
1 9 0
2 9 0
3 9 0
t 104 42
m0 2 6
1 8 0
2 8 0
3 8 0
t 103 43
m0 3 6
1 9 0
2 9 0
3 9 0
t 102 43
m0 2 6
1 8 0
2 8 0
3 8 0
t 101 43
m0 3 6
1 9 0
2 9 0
3 9 0
t 100 43
m0 3 6
1 8 0
2 8 0
3 8 0
t 99 43
m0 4 6
1 9 0
2 9 0
3 9 0
t 98 43
m0 5 6
1 8 0
2 8 0
3 8 0
t 97 43
m0 5 7
1 9 0
2 9 0
3 9 0
t 96 43
m0 5 6
1 8 0
2 8 0
3 8 0
t 95 43
m0 5 7
1 9 0
2 9 0
3 9 0
t 94 43
m0 5 8
1 8 0
2 8 0
3 8 0
t 93 43
m0 5 8
1 9 0
2 9 0
3 9 0
t 92 43
m0 5 9
1 8 0
2 8 0
3 8 0
t 91 43
m0 5 10
1 9 0
2 9 0
3 9 0
t 90 43
m0 5 10
1 8 0
2 8 0
3 8 0
t 89 43
m0 5 11
1 9 0
2 9 0
3 9 0
t 88 43
m0 6 11
1 8 0
2 8 0
3 8 0
t 87 43
m0 6 12
1 9 0
2 9 0
3 9 0
t 86 43
m0 6 11
1 8 0
2 8 0
3 8 0
t 85 43
m0 6 11
1 9 0
2 9 0
3 9 0
t 84 43
m0 5 11
1 8 0
2 8 0
3 8 0
t 83 43
m0 5 12
1 9 0
2 9 0
3 9 0
t 82 43
m0 5 11
1 8 0
2 8 0
3 8 0
t 81 43
m0 5 12
1 9 0
2 9 0
3 9 0
t 80 43
m0 6 12
1 8 0
2 8 0
3 8 0
t 79 43
m0 6 11
1 9 0
2 9 0
3 9 0
t 78 43
m0 6 11
1 8 0
2 8 0
3 8 0
t 77 43
m0 6 11
1 9 0
2 9 0
3 9 0
t 76 43
m0 7 11
1 8 0
2 8 0
3 8 0
t 75 43
m0 7 10
1 9 0
2 9 0
3 9 0
t 74 44
m0 7 10
1 8 0
2 8 0
3 8 0
t 73 44
m0 7 11
1 9 0
2 9 0
3 9 0
t 72 44
m0 6 11
1 8 0
2 8 0
3 8 0
t 71 44
m0 6 12
1 9 0
2 9 0
3 9 0
t 70 44
m0 6 12
1 8 0
2 8 0
3 8 0
t 69 44
m0 6 11
1 9 0
2 9 0
3 9 0
t 68 44
m0 5 11
1 8 0
2 8 0
3 8 0
t 67 44
m0 5 11
1 9 0
2 9 0
3 9 0
t 66 44
m0 5 12
1 8 0
2 8 0
3 8 0
t 65 44
m0 5 12
1 9 0
2 9 0
3 9 0
t 64 44
m0 5 12
1 8 0
2 8 0
3 8 0
t 63 44
m0 5 12
1 9 0
2 9 0
3 9 0
t 62 44
m0 5 12
1 8 0
2 8 0
3 8 0
t 61 44
m0 5 12
1 9 0
2 9 0
3 9 0
t 60 44
m0 6 12
1 8 0
2 8 0
3 8 0
t 59 44
m0 6 11
1 9 0
2 9 0
3 9 0
t 58 44
m0 6 12
1 8 0
2 8 0
3 8 0
t 57 44
m0 6 11
1 9 0
2 9 0
3 9 0
t 56 44
m0 6 11
1 8 0
2 8 0
3 8 0
t 55 44
m0 7 11
1 9 0
2 9 0
3 9 0
t 54 44
m0 8 11
1 8 0
2 8 0
3 8 0
t 53 44
m0 7 11
1 9 0
2 9 0
3 9 0
t 52 44
m0 7 10
1 8 0
2 8 0
3 8 0
t 51 44
m0 7 9
1 9 0
2 9 0
3 9 0
t 50 44
m0 7 8
1 8 0
2 8 0
3 8 0
t 49 44
m0 7 7
1 9 0
2 9 0
3 9 0
t 48 45
m0 7 6
1 8 0
2 8 0
3 8 0
t 47 45
m0 7 5
1 9 0
2 9 0
3 9 0
t 46 45
m0 7 4
1 8 0
2 8 0
3 8 0
t 45 46
m0 7 4
1 9 0
2 9 0
3 9 0
t 44 46
m0 6 4
1 8 0
2 8 0
3 8 0
t 43 46
m0 5 4
1 9 0
2 9 0
3 9 0
t 42 47
m0 5 3
1 8 0
2 8 0
3 8 0
t 41 47
m0 5 3
1 9 0
2 9 0
3 9 0
t 40 47
m0 5 3
1 8 0
2 8 0
3 8 0
t 39 47
m0 4 3
1 9 0
2 9 0
3 9 0
t 38 47
m0 4 3
1 8 0
2 8 0
3 8 0
t 37 47
m0 4 3
1 9 0
2 9 0
3 9 0
t 36 47
m0 4 2
1 8 0
2 8 0
3 8 0
t 35 47
m0 3 2
1 9 0
2 9 0
3 9 0
t 34 47
m0 3 2
1 8 0
2 8 0
3 8 0
t 33 47
m0 3 2
1 9 0
2 9 0
3 9 0
t 32 47
m0 3 1
1 8 0
2 8 0
3 8 0
t 31 48
m0 3 0
1 9 0
2 9 0
3 9 0
t 30 49
m0 3 0
1 8 0
2 8 0
3 8 0
t 29 49
m0 3 1
1 9 0
2 9 0
3 9 0
t 28 49
m0 3 0
1 8 0
2 8 0
3 8 0
t 27 49
m0 3 0
1 9 0
2 9 0
3 9 0
t 26 49
m0 4 0
1 8 0
2 8 0
3 8 0
t 25 50
m0 4 0
1 9 0
2 9 0
3 9 0
t 24 50
m0 5 0
1 8 0
2 8 0
3 8 0
t 23 51
m0 4 0
1 9 0
2 9 0
3 9 0
t 22 51
m0 4 0
1 8 0
2 8 0
3 8 0
t 21 51
m0 5 0
1 9 0
2 9 0
3 9 0
t 20 51
m0 5 0
1 8 0
2 8 0
3 8 0
t 19 51
m0 4 0
1 9 0
2 9 0
3 9 0
t 18 51
m0 5 0
1 8 0
2 8 0
3 8 0
t 17 51
m0 5 1
1 9 0
2 9 0
3 9 0
t 16 52
m0 5 0
1 8 0
2 8 0
3 8 0
t 15 52
m0 4 0
1 9 0
2 9 0
3 9 0
t 14 52
m0 3 0
1 8 0
2 8 0
3 8 0
t 13 52
m0 4 0
1 9 0
2 9 0
3 9 0
t 12 52
m0 4 0
1 8 0
2 8 0
3 8 0
t 11 52
m0 5 0
1 9 0
2 9 0
3 9 0
t 10 52
m0 5 1
1 8 0
2 8 0
3 8 0
t 9 52
m0 5 2
1 9 0
2 9 0
3 9 0
t 8 52
m0 5 3
1 8 0
2 8 0
3 8 0
t 7 52
m0 5 2
1 9 0
2 9 0
3 9 0
t 6 52
m0 4 2
1 8 0
2 8 0
3 8 0
t 5 52
m0 4 3
1 9 0
2 9 0
3 9 0
t 4 52
m0 4 3
1 8 0
2 8 0
3 8 0
t 3 52
m0 4 4
1 9 0
2 9 0
3 9 0
t 2 52
m0 3 4
1 8 0
2 8 0
3 8 0
t 1 52
m0 3 4
1 8 0
2 8 0
3 8 0
t 0 52
