10
15
w 5 6
w 2 8
w 7 7
w 8 9
w 4 12
w 1 11
w 5 8
w 3 14
w 7 2
w 7 6
w 3 10
w 1 14
w 8 10
w 2 13
w 4 1
w 1 1
w 6 4
w 3 2
w 2 6
w 9 14
w 5 4
w 7 1
w 6 11
w 1 4
w 7 5
w 8 7
w 2 14
w 8 3
w 5 10
w 8 12
w 3 1
w 2 0
w 0 6
w 6 13
w 1 7
w 0 9
w 5 2
p 5 9
p 4 7
p 6 9
p 8 13
p 9 1
p 4 8
p 3 0
p 3 11
p 0 7
p 6 2
p 2 12
p 0 10
p 9 4
p 5 1
p 3 7
p 0 3
p 4 9
p 3 3
p 6 7
p 5 5
p 2 9
p 5 12
p 4 4
p 1 5
p 0 11
p 5 0
p 1 10
p 9 7
p 4 10
p 8 2
p 4 5
p 1 13
p 8 11
p 6 0
p 4 14
p 2 10
p 9 10
p 0 5
p 1 9
p 6 12
p 4 11
p 7 9
p 0 1
p 3 5
p 2 7
p 6 5
p 7 0
p 9 13
p 1 12
p 9 2
p 6 1
p 2 11
p 0 13
p 3 8
p 1 8
p 9 12
m0 0 14
1 9 0
2 9 0
3 9 0
t 300 0
m0 0 13
1 8 0
2 8 0
3 8 0
f 7 8
t 299 1
m0 0 14
1 9 0
2 9 0
3 9 0
t 298 1
m0 0 13
1 8 0
2 8 0
3 8 0
t 297 1
m0 0 13
1 9 0
2 9 0
3 9 0
t 296 1
m0 0 14
1 8 0
2 8 0
3 8 0
t 295 1
m0 0 13
1 9 0
2 9 0
3 9 0
t 294 1
m0 0 13
1 8 0
2 8 0
3 8 0
t 293 1
m0 0 13
1 9 0
2 9 0
3 9 0
t 292 1
m0 0 13
1 8 0
2 8 0
3 8 0
t 291 1
m0 0 14
1 9 0
2 9 0
3 9 0
t 290 1
m0 0 13
1 8 0
2 8 0
3 8 0
t 289 1
m0 1 13
1 9 0
2 9 0
3 9 0
t 288 2
m0 0 13
1 8 0
2 8 0
3 8 0
t 287 2
m0 0 14
1 9 0
2 9 0
3 9 0
t 286 2
m0 0 13
1 8 0
2 8 0
3 8 0
t 285 2
m0 0 13
1 9 0
2 9 0
3 9 0
t 284 2
m0 0 13
1 8 0
2 8 0
3 8 0
t 283 2
m0 0 13
1 9 0
2 9 0
3 9 0
t 282 2
m0 0 13
1 8 0
2 8 0
3 8 0
t 281 2
m0 1 13
1 9 0
2 9 0
3 9 0
t 280 2
m0 1 13
1 8 0
2 8 0
3 8 0
t 279 2
m0 1 13
1 9 0
2 9 0
3 9 0
t 278 2
m0 1 12
1 8 0
2 8 0
3 8 0
t 277 3
m0 0 12
1 9 0
2 9 0
3 9 0
t 276 3
m0 0 13
1 8 0
2 8 0
3 8 0
t 275 3
m0 0 14
1 9 0
2 9 0
3 9 0
t 274 3
m0 0 14
1 8 0
2 8 0
3 8 0
t 273 3
m0 0 14
1 9 0
2 9 0
3 9 0
t 272 3
m0 0 14
1 8 0
2 8 0
3 8 0
t 271 3
m0 0 13
1 9 0
2 9 0
3 9 0
t 270 3
m0 1 13
1 8 0
2 8 0
3 8 0
t 269 3
m0 1 12
1 9 0
2 9 0
3 9 0
t 268 3
m0 2 12
1 8 0
2 8 0
3 8 0
t 267 4
m0 2 11
1 9 0
2 9 0
3 9 0
t 266 5
m0 2 11
1 8 0
2 8 0
3 8 0
t 265 5
m0 3 11
1 9 0
2 9 0
3 9 0
t 264 6
m0 3 11
1 8 0
2 8 0
3 8 0
t 263 6
m0 2 11
1 9 0
2 9 0
3 9 0
t 262 6
m0 2 11
1 8 0
2 8 0
3 8 0
t 261 6
m0 3 11
1 9 0
2 9 0
3 9 0
t 260 6
m0 3 11
1 8 0
2 8 0
3 8 0
t 259 6
m0 3 11
1 9 0
2 9 0
3 9 0
t 258 6
m0 4 11
1 8 0
2 8 0
3 8 0
t 257 7
m0 4 10
1 9 0
2 9 0
3 9 0
t 256 8
m0 4 10
1 8 0
2 8 0
3 8 0
t 255 8
m0 4 10
1 9 0
2 9 0
3 9 0
t 254 8
m0 4 11
1 8 0
2 8 0
3 8 0
t 253 8
m0 3 11
1 9 0
2 9 0
3 9 0
t 252 8
m0 3 11
1 8 0
2 8 0
3 8 0
t 251 8
m0 2 11
1 9 0
2 9 0
3 9 0
t 250 8
m0 2 12
1 8 0
2 8 0
3 8 0
t 249 8
m0 2 12
1 9 0
2 9 0
3 9 0
t 248 8
m0 3 12
1 8 0
2 8 0
3 8 0
t 247 8
m0 3 12
1 9 0
2 9 0
3 9 0
t 246 8
m0 3 11
1 8 0
2 8 0
3 8 0
t 245 8
m0 2 11
1 9 0
2 9 0
3 9 0
t 244 8
m0 2 11
1 8 0
2 8 0
3 8 0
t 243 8
m0 2 10
1 9 0
2 9 0
3 9 0
t 242 9
m0 2 9
1 8 0
2 8 0
3 8 0
t 241 10
m0 1 9
1 9 0
2 9 0
3 9 0
t 240 11
m0 1 9
1 8 0
2 8 0
3 8 0
t 239 11
m0 1 10
1 9 0
2 9 0
3 9 0
t 238 12
m0 0 10
1 8 0
2 8 0
3 8 0
t 237 13
m0 1 10
1 9 0
2 9 0
3 9 0
t 236 13
m0 2 10
1 8 0
2 8 0
3 8 0
t 235 13
m0 1 10
1 9 0
2 9 0
3 9 0
t 234 13
m0 1 10
1 8 0
2 8 0
3 8 0
t 233 13
m0 1 10
1 9 0
2 9 0
3 9 0
t 232 13
m0 0 10
1 8 0
2 8 0
3 8 0
t 231 13
m0 0 10
1 9 0
2 9 0
3 9 0
t 230 13
m0 0 10
1 8 0
2 8 0
3 8 0
t 229 13
m0 0 11
1 9 0
2 9 0
3 9 0
t 228 14
m0 0 12
1 8 0
2 8 0
3 8 0
t 227 14
m0 1 12
1 9 0
2 9 0
3 9 0
t 226 14
m0 1 12
1 8 0
2 8 0
3 8 0
t 225 14
m0 1 12
1 9 0
2 9 0
3 9 0
t 224 14
m0 2 12
1 8 0
2 8 0
3 8 0
t 223 14
m0 1 12
1 9 0
2 9 0
3 9 0
t 222 14
m0 1 13
1 8 0
2 8 0
3 8 0
t 221 14
m0 1 12
1 9 0
2 9 0
3 9 0
t 220 14
m0 2 12
1 8 0
2 8 0
3 8 0
t 219 14
m0 2 11
1 9 0
2 9 0
3 9 0
t 218 14
m0 2 12
1 8 0
2 8 0
3 8 0
t 217 14
m0 3 12
1 9 0
2 9 0
3 9 0
t 216 14
m0 3 12
1 8 0
2 8 0
3 8 0
t 215 14
m0 3 13
1 9 0
2 9 0
3 9 0
t 214 14
m0 3 12
1 8 0
2 8 0
3 8 0
t 213 14
m0 3 11
1 9 0
2 9 0
3 9 0
t 212 14
m0 2 11
1 8 0
2 8 0
3 8 0
t 211 14
m0 2 12
1 9 0
2 9 0
3 9 0
t 210 14
m0 3 12
1 8 0
2 8 0
3 8 0
t 209 14
m0 3 13
1 9 0
2 9 0
3 9 0
t 208 14
m0 3 13
1 8 0
2 8 0
3 8 0
t 207 14
m0 4 13
1 9 0
2 9 0
3 9 0
t 206 14
m0 5 13
1 8 0
2 8 0
3 8 0
t 205 14
m0 5 13
1 9 0
2 9 0
3 9 0
t 204 14
m0 5 12
1 8 0
2 8 0
3 8 0
t 203 15
m0 5 12
1 9 0
2 9 0
3 9 0
t 202 15
m0 5 11
1 8 0
2 8 0
3 8 0
t 201 15
m0 5 12
1 9 0
2 9 0
3 9 0
t 200 15
m0 6 12
1 8 0
2 8 0
3 8 0
t 199 16
m0 5 12
1 9 0
2 9 0
3 9 0
t 198 16
m0 6 12
1 8 0
2 8 0
3 8 0
t 197 16
m0 5 12
1 9 0
2 9 0
3 9 0
t 196 16
m0 5 11
1 8 0
2 8 0
3 8 0
t 195 16
m0 5 12
1 9 0
2 9 0
3 9 0
t 194 16
m0 5 12
1 8 0
2 8 0
3 8 0
t 193 16
m0 5 11
1 9 0
2 9 0
3 9 0
t 192 16
m0 5 11
1 8 0
2 8 0
3 8 0
t 191 16
m0 4 11
1 9 0
2 9 0
3 9 0
t 190 16
m0 4 11
1 8 0
2 8 0
3 8 0
t 189 16
m0 4 11
1 9 0
2 9 0
3 9 0
t 188 16
m0 5 11
1 8 0
2 8 0
3 8 0
t 187 16
m0 5 11
1 9 0
2 9 0
3 9 0
t 186 16
m0 4 11
1 8 0
2 8 0
3 8 0
t 185 16
m0 4 11
1 9 0
2 9 0
3 9 0
t 184 16
m0 3 11
1 8 0
2 8 0
3 8 0
t 183 16
m0 3 11
1 9 0
2 9 0
3 9 0
t 182 16
m0 3 11
1 8 0
2 8 0
3 8 0
t 181 16
m0 4 11
1 9 0
2 9 0
3 9 0
t 180 16
m0 4 11
1 8 0
2 8 0
3 8 0
t 179 16
m0 4 11
1 9 0
2 9 0
3 9 0
t 178 16
m0 5 11
1 8 0
2 8 0
3 8 0
t 177 16
m0 5 11
1 9 0
2 9 0
3 9 0
t 176 16
m0 5 11
1 8 0
2 8 0
3 8 0
t 175 16
m0 4 11
1 9 0
2 9 0
3 9 0
t 174 16
m0 4 11
1 8 0
2 8 0
3 8 0
t 173 16
m0 5 11
1 9 0
2 9 0
3 9 0
t 172 16
m0 5 12
1 8 0
2 8 0
3 8 0
t 171 16
m0 6 12
1 9 0
2 9 0
3 9 0
t 170 16
m0 7 12
1 8 0
2 8 0
3 8 0
t 169 16
m0 7 13
1 9 0
2 9 0
3 9 0
t 168 16
m0 7 13
1 8 0
2 8 0
3 8 0
t 167 16
m0 7 13
1 9 0
2 9 0
3 9 0
t 166 16
m0 7 14
1 8 0
2 8 0
3 8 0
t 165 16
m0 6 14
1 9 0
2 9 0
3 9 0
t 164 16
m0 6 14
1 8 0
2 8 0
3 8 0
t 163 16
m0 7 14
1 9 0
2 9 0
3 9 0
t 162 16
m0 7 13
1 8 0
2 8 0
3 8 0
t 161 16
m0 7 14
1 9 0
2 9 0
3 9 0
t 160 16
m0 7 13
1 8 0
2 8 0
3 8 0
t 159 16
m0 7 13
1 9 0
2 9 0
3 9 0
t 158 16
m0 7 13
1 8 0
2 8 0
3 8 0
t 157 16
m0 7 13
1 9 0
2 9 0
3 9 0
t 156 16
m0 8 13
1 8 0
2 8 0
3 8 0
t 155 17
m0 7 13
1 9 0
2 9 0
3 9 0
t 154 17
m0 7 14
1 8 0
2 8 0
3 8 0
t 153 17
m0 6 14
1 9 0
2 9 0
3 9 0
t 152 17
m0 7 14
1 8 0
2 8 0
3 8 0
t 151 17
m0 8 14
1 9 0
2 9 0
3 9 0
t 150 17
m0 8 13
1 8 0
2 8 0
3 8 0
t 149 17
m0 9 13
1 9 0
2 9 0
3 9 0
t 148 18
m0 9 12
1 8 0
2 8 0
3 8 0
t 147 19
m0 9 12
1 9 0
2 9 0
3 9 0
t 146 19
m0 9 12
1 8 0
2 8 0
3 8 0
t 145 19
m0 9 11
1 9 0
2 9 0
3 9 0
t 144 19
m0 9 12
1 8 0
2 8 0
3 8 0
t 143 19
m0 9 12
1 9 0
2 9 0
3 9 0
t 142 19
m0 9 13
1 8 0
2 8 0
3 8 0
t 141 19
m0 8 13
1 9 0
2 9 0
3 9 0
t 140 19
m0 9 13
1 8 0
2 8 0
3 8 0
t 139 19
m0 9 13
1 9 0
2 9 0
3 9 0
t 138 19
m0 9 12
1 8 0
2 8 0
3 8 0
t 137 19
m0 9 13
1 9 0
2 9 0
3 9 0
t 136 19
m0 8 13
1 8 0
2 8 0
3 8 0
t 135 19
m0 8 13
1 9 0
2 9 0
3 9 0
t 134 19
m0 8 13
1 8 0
2 8 0
3 8 0
t 133 19
m0 8 14
1 9 0
2 9 0
3 9 0
t 132 19
m0 7 14
1 8 0
2 8 0
3 8 0
t 131 19
m0 6 14
1 9 0
2 9 0
3 9 0
t 130 19
m0 7 14
1 8 0
2 8 0
3 8 0
t 129 19
m0 6 14
1 9 0
2 9 0
3 9 0
t 128 19
m0 6 14
1 8 0
2 8 0
3 8 0
t 127 19
m0 6 14
1 9 0
2 9 0
3 9 0
t 126 19
m0 7 14
1 8 0
2 8 0
3 8 0
t 125 19
m0 8 14
1 9 0
2 9 0
3 9 0
t 124 19
m0 8 14
1 8 0
2 8 0
3 8 0
t 123 19
m0 8 14
1 9 0
2 9 0
3 9 0
t 122 19
m0 7 14
1 8 0
2 8 0
3 8 0
t 121 19
m0 8 14
1 9 0
2 9 0
3 9 0
t 120 19
m0 8 14
1 8 0
2 8 0
3 8 0
t 119 19
m0 8 13
1 9 0
2 9 0
3 9 0
t 118 19
m0 7 13
1 8 0
2 8 0
3 8 0
t 117 19
m0 7 12
1 9 0
2 9 0
3 9 0
t 116 19
m0 7 11
1 8 0
2 8 0
3 8 0
t 115 19
m0 7 10
1 9 0
2 9 0
3 9 0
t 114 19
m0 6 10
1 8 0
2 8 0
3 8 0
t 113 19
m0 6 9
1 9 0
2 9 0
3 9 0
t 112 20
m0 6 10
1 8 0
2 8 0
3 8 0
t 111 20
m0 6 9
1 9 0
2 9 0
3 9 0
t 110 20
m0 6 10
1 8 0
2 8 0
3 8 0
t 109 20
m0 7 10
1 9 0
2 9 0
3 9 0
t 108 20
m0 7 10
1 8 0
2 8 0
3 8 0
t 107 20
m0 7 10
1 9 0
2 9 0
3 9 0
t 106 20
m0 7 9
1 8 0
2 8 0
3 8 0
t 105 21
m0 7 10
1 9 0
2 9 0
3 9 0
t 104 21
m0 7 9
1 8 0
2 8 0
3 8 0
t 103 21
m0 7 9
1 9 0
2 9 0
3 9 0
t 102 21
m0 7 8
1 8 0
2 8 0
3 8 0
t 101 31
m0 6 8
1 9 0
2 9 0
3 9 0
t 100 31
m0 6 8
1 8 0
2 8 0
3 8 0
t 99 31
m0 6 7
1 9 0
2 9 0
3 9 0
t 98 32
m0 6 7
1 8 0
2 8 0
3 8 0
t 97 32
m0 6 6
1 9 0
2 9 0
3 9 0
t 96 32
m0 6 6
1 8 0
2 8 0
3 8 0
t 95 32
m0 6 5
1 9 0
2 9 0
3 9 0
t 94 33
m0 5 5
1 8 0
2 8 0
3 8 0
t 93 34
m0 6 5
1 9 0
2 9 0
3 9 0
t 92 34
m0 6 5
1 8 0
2 8 0
3 8 0
t 91 34
m0 6 6
1 9 0
2 9 0
3 9 0
t 90 34
m0 6 5
1 8 0
2 8 0
3 8 0
t 89 34
m0 5 5
1 9 0
2 9 0
3 9 0
t 88 34
m0 5 5
1 8 0
2 8 0
3 8 0
t 87 34
m0 5 5
1 9 0
2 9 0
3 9 0
t 86 34
m0 4 5
1 8 0
2 8 0
3 8 0
t 85 35
m0 3 5
1 9 0
2 9 0
3 9 0
t 84 36
m0 3 5
1 8 0
2 8 0
3 8 0
t 83 36
m0 3 6
1 9 0
2 9 0
3 9 0
t 82 36
m0 3 6
1 8 0
2 8 0
3 8 0
t 81 36
m0 3 7
1 9 0
2 9 0
3 9 0
t 80 37
m0 4 7
1 8 0
2 8 0
3 8 0
t 79 38
m0 4 6
1 9 0
2 9 0
3 9 0
t 78 38
m0 3 6
1 8 0
2 8 0
3 8 0
t 77 38
m0 4 6
1 9 0
2 9 0
3 9 0
t 76 38
m0 4 7
1 8 0
2 8 0
3 8 0
t 75 38
m0 4 6
1 9 0
2 9 0
3 9 0
t 74 38
m0 3 6
1 8 0
2 8 0
3 8 0
t 73 38
m0 3 6
1 9 0
2 9 0
3 9 0
t 72 38
m0 3 5
1 8 0
2 8 0
3 8 0
t 71 38
m0 4 5
1 9 0
2 9 0
3 9 0
t 70 38
m0 4 6
1 8 0
2 8 0
3 8 0
t 69 38
m0 4 5
1 9 0
2 9 0
3 9 0
t 68 38
m0 4 4
1 8 0
2 8 0
3 8 0
t 67 39
m0 3 4
1 9 0
2 9 0
3 9 0
t 66 39
m0 2 4
1 8 0
2 8 0
3 8 0
t 65 39
m0 2 5
1 9 0
2 9 0
3 9 0
t 64 39
m0 2 5
1 8 0
2 8 0
3 8 0
t 63 39
m0 3 5
1 9 0
2 9 0
3 9 0
t 62 39
m0 2 5
1 8 0
2 8 0
3 8 0
t 61 39
m0 1 5
1 9 0
2 9 0
3 9 0
t 60 40
m0 1 5
1 8 0
2 8 0
3 8 0
t 59 40
m0 1 5
1 9 0
2 9 0
3 9 0
t 58 40
m0 1 5
1 8 0
2 8 0
3 8 0
t 57 40
m0 2 5
1 9 0
2 9 0
3 9 0
t 56 40
m0 2 5
1 8 0
2 8 0
3 8 0
t 55 40
m0 3 5
1 9 0
2 9 0
3 9 0
t 54 40
m0 3 6
1 8 0
2 8 0
3 8 0
t 53 40
m0 3 7
1 9 0
2 9 0
3 9 0
t 52 40
m0 2 7
1 8 0
2 8 0
3 8 0
t 51 41
m0 3 7
1 9 0
2 9 0
3 9 0
t 50 41
m0 4 7
1 8 0
2 8 0
3 8 0
t 49 41
m0 4 7
1 9 0
2 9 0
3 9 0
t 48 41
m0 5 7
1 8 0
2 8 0
3 8 0
t 47 41
m0 6 7
1 9 0
2 9 0
3 9 0
t 46 41
m0 5 7
1 8 0
2 8 0
3 8 0
t 45 41
m0 6 7
1 9 0
2 9 0
3 9 0
t 44 41
m0 6 8
1 8 0
2 8 0
3 8 0
t 43 41
m0 6 8
1 9 0
2 9 0
3 9 0
f 6 7
t 42 41
m0 6 8
1 8 0
2 8 0
3 8 0
t 41 41
m0 6 7
1 9 0
2 9 0
3 9 0
t 40 51
m0 6 6
1 8 0
2 8 0
3 8 0
t 39 51
m0 6 5
1 9 0
2 9 0
3 9 0
t 38 51
m0 6 5
1 8 0
2 8 0
3 8 0
t 37 51
m0 6 6
1 9 0
2 9 0
3 9 0
t 36 51
m0 6 6
1 8 0
2 8 0
3 8 0
t 35 51
m0 6 5
1 9 0
2 9 0
3 9 0
t 34 51
m0 6 5
1 8 0
2 8 0
3 8 0
t 33 51
m0 6 6
1 9 0
2 9 0
3 9 0
t 32 51
m0 6 5
1 8 0
2 8 0
3 8 0
t 31 51
m0 6 5
1 9 0
2 9 0
3 9 0
t 30 51
m0 6 5
1 8 0
2 8 0
3 8 0
t 29 51
m0 6 6
1 9 0
2 9 0
3 9 0
t 28 51
m0 6 5
1 8 0
2 8 0
3 8 0
t 27 51
m0 6 5
1 9 0
2 9 0
3 9 0
t 26 51
m0 6 5
1 8 0
2 8 0
3 8 0
t 25 51
m0 6 5
1 9 0
2 9 0
3 9 0
t 24 51
m0 6 5
1 8 0
2 8 0
3 8 0
f 7 14
t 23 51
m0 5 5
1 9 0
2 9 0
3 9 0
t 22 51
m0 5 5
1 8 0
2 8 0
3 8 0
t 21 51
m0 5 5
1 9 0
2 9 0
3 9 0
t 20 51
m0 6 5
1 8 0
2 8 0
3 8 0
t 19 51
m0 6 5
1 9 0
2 9 0
3 9 0
t 18 51
m0 6 6
1 8 0
2 8 0
3 8 0
t 17 51
m0 6 5
1 9 0
2 9 0
3 9 0
t 16 51
m0 6 5
1 8 0
2 8 0
3 8 0
t 15 51
m0 6 5
1 9 0
2 9 0
3 9 0
t 14 51
m0 6 6
1 8 0
2 8 0
3 8 0
t 13 51
m0 6 6
1 9 0
2 9 0
3 9 0
t 12 51
m0 6 5
1 8 0
2 8 0
3 8 0
t 11 51
m0 6 6
1 9 0
2 9 0
3 9 0
t 10 51
m0 6 6
1 8 0
2 8 0
3 8 0
t 9 51
m0 6 7
1 9 0
2 9 0
3 9 0
t 8 51
m0 6 8
1 8 0
2 8 0
3 8 0
t 7 51
m0 6 7
1 9 0
2 9 0
3 9 0
t 6 51
m0 5 7
1 8 0
2 8 0
3 8 0
t 5 51
m0 4 7
1 9 0
2 9 0
3 9 0
t 4 51
m0 4 7
1 8 0
2 8 0
3 8 0
t 3 51
m0 4 8
1 9 0
2 9 0
3 9 0
t 2 52
m0 3 8
1 8 0
2 8 0
3 8 0
t 1 53
m0 4 8
1 8 0
2 8 0
3 8 0
t 0 53
