10
15
w 5 9
w 7 3
w 9 1
w 6 6
w 4 8
w 3 11
w 0 7
w 7 11
w 1 11
w 5 8
w 3 14
w 4 0
w 2 9
w 3 10
w 5 12
w 1 5
w 9 11
w 9 14
w 3 13
w 4 5
w 1 13
w 0 5
w 2 3
w 8 7
w 6 12
w 1 0
w 0 8
w 3 5
w 9 13
w 4 6
w 9 2
w 7 13
w 0 13
w 7 4
w 0 6
w 0 9
w 9 5
p 6 9
p 4 7
p 8 13
p 3 0
p 2 8
p 7 7
p 2 1
p 5 13
p 6 2
p 9 4
p 5 1
p 3 7
p 2 5
p 8 5
p 8 14
p 9 0
p 4 9
p 3 3
p 8 10
p 4 13
p 6 3
p 2 13
p 3 6
p 0 4
p 1 10
p 8 6
p 7 10
p 4 1
p 1 1
p 7 14
p 5 4
p 2 6
p 0 0
p 8 11
p 5 2
p 4 14
p 2 10
p 9 10
p 3 9
p 7 5
p 4 2
p 2 14
p 6 5
p 2 7
p 8 3
p 5 10
p 1 12
p 8 12
p 6 1
p 5 7
p 8 8
p 4 3
p 1 7
p 3 4
p 0 2
p 8 4
m0 0 14
1 9 0
2 9 0
3 9 0
t 300 0
m0 0 14
1 8 0
2 8 0
3 8 0
t 299 0
m0 1 14
1 9 0
2 7 0
3 8 1
t 298 0
m0 1 14
1 8 0
2 6 0
3 7 1
t 297 0
m0 1 14
1 9 0
2 5 0
3 7 2
t 296 0
m0 2 14
1 8 0
2 5 1
3 8 2
t 295 1
m0 2 13
1 9 0
2 5 0
3 7 2
t 294 2
m0 2 12
1 8 0
2 5 1
3 8 2
t 293 2
m0 2 12
1 9 0
2 5 0
3 7 2
t 292 2
m0 2 11
1 8 0
2 6 0
3 8 2
t 291 2
m0 2 10
1 9 0
2 5 0
3 7 2
t 290 3
m0 2 10
1 8 0
2 6 0
3 8 2
t 289 3
m0 2 11
1 9 0
2 5 0
3 7 2
t 288 3
m0 2 11
1 8 0
2 6 0
3 8 2
t 287 3
m0 2 10
1 9 0
2 5 0
3 7 2
t 286 3
m0 1 10
1 8 0
2 6 0
3 8 2
t 285 4
m0 1 9
1 9 0
2 5 0
3 7 2
t 284 4
m0 1 9
1 8 0
2 6 0
3 8 2
t 283 4
m0 1 10
1 9 0
2 5 0
3 7 2
t 282 4
m0 0 10
1 8 0
2 5 1
3 8 2
t 281 4
m0 0 10
1 9 0
2 5 0
3 7 2
t 280 4
m0 1 10
1 8 0
2 6 0
3 8 2
t 279 4
m0 2 10
1 9 0
2 5 0
3 7 2
t 278 4
m0 2 10
1 8 0
2 6 0
3 8 2
t 277 4
m0 2 10
1 9 0
2 5 0
3 7 2
t 276 4
m0 2 10
1 8 0
2 6 0
3 8 2
t 275 4
m0 2 10
1 9 0
2 5 0
3 7 2
t 274 4
m0 1 10
1 8 0
2 6 0
3 8 2
t 273 4
m0 0 10
1 9 0
2 5 0
3 7 2
t 272 4
m0 1 10
1 8 0
2 6 0
3 8 2
t 271 4
m0 1 10
1 9 0
2 5 0
3 7 2
t 270 4
m0 1 10
1 8 0
2 6 0
3 8 2
t 269 4
m0 1 9
1 9 0
2 5 0
3 7 2
t 268 4
m0 1 8
1 8 0
2 6 0
3 8 2
t 267 4
m0 1 9
1 9 0
2 5 0
3 7 2
t 266 4
m0 1 8
1 8 0
2 6 0
3 8 2
t 265 4
m0 1 8
1 9 0
2 5 0
3 7 2
t 264 4
m0 1 7
1 8 0
2 6 0
3 8 2
t 263 5
m0 1 6
1 9 0
2 5 0
3 7 2
t 262 5
m0 1 6
1 8 0
2 6 0
3 8 2
f 1 9
t 261 5
m0 1 7
1 9 0
2 5 0
3 7 2
t 260 5
m0 1 8
1 8 0
2 6 0
3 8 2
t 259 5
m0 1 8
1 9 0
2 5 0
3 7 2
t 258 5
m0 1 8
1 8 0
2 6 0
3 8 2
t 257 5
m0 1 9
1 9 0
2 5 0
3 7 2
t 256 15
m0 1 9
1 8 0
2 6 0
3 8 2
t 255 15
m0 1 10
1 9 0
2 5 0
3 7 2
t 254 15
m0 1 10
1 8 0
2 6 0
3 8 2
f 5 14
t 253 15
m0 1 10
1 9 0
2 5 0
3 7 2
t 252 15
m0 0 10
1 8 0
2 5 1
3 8 2
t 251 15
m0 0 10
1 9 0
2 5 0
3 7 2
t 250 15
m0 0 11
1 8 0
2 5 1
3 8 2
t 249 15
m0 0 10
1 9 0
2 5 0
3 7 2
t 248 15
m0 0 10
1 8 0
2 5 1
3 8 2
t 247 15
m0 0 10
1 9 0
2 5 0
3 7 2
t 246 15
m0 1 10
1 8 0
2 6 0
3 8 2
t 245 15
m0 0 10
1 9 0
2 5 0
3 7 2
t 244 15
m0 0 11
1 8 0
2 5 1
3 8 2
t 243 15
m0 0 11
1 9 0
2 5 0
3 7 2
t 242 15
m0 0 12
1 8 0
2 5 1
3 8 2
t 241 15
m0 0 11
1 9 0
2 5 0
3 7 2
t 240 15
m0 0 11
1 8 0
2 5 1
3 8 2
t 239 15
m0 0 12
1 9 0
2 5 0
3 7 2
t 238 15
m0 1 12
1 8 0
2 5 1
3 8 2
t 237 16
m0 0 12
1 9 0
2 5 0
3 7 2
t 236 16
m0 1 12
1 8 0
2 5 1
3 8 2
t 235 16
m0 1 12
1 9 0
2 5 0
3 7 2
t 234 16
m0 0 12
1 8 0
2 5 1
3 8 2
t 233 16
m0 1 12
1 9 0
2 5 0
3 7 2
t 232 16
m0 2 12
1 8 0
2 5 1
3 8 2
t 231 16
m0 2 13
1 9 0
2 5 0
3 7 2
t 230 16
m0 2 12
1 8 0
2 5 1
3 8 2
t 229 16
m0 2 12
1 9 0
2 5 0
3 7 2
t 228 16
m0 2 13
1 8 0
2 5 1
3 8 2
t 227 16
m0 2 13
1 9 0
2 5 0
3 7 2
t 226 16
m0 2 13
1 8 0
2 5 1
3 8 2
t 225 16
m0 2 13
1 9 0
2 5 0
3 7 2
t 224 16
m0 2 12
1 8 0
2 5 1
3 8 2
t 223 16
m0 2 13
1 9 0
2 5 0
3 7 2
t 222 16
m0 2 13
1 8 0
2 5 1
3 8 2
t 221 16
m0 2 12
1 9 0
2 5 0
3 7 2
t 220 16
m0 2 13
1 8 0
2 5 1
3 8 2
t 219 16
m0 2 13
1 9 0
2 5 0
3 7 2
t 218 16
m0 2 12
1 8 0
2 5 1
3 8 2
t 217 16
m0 1 12
1 9 0
2 5 0
3 7 2
t 216 16
m0 2 12
1 8 0
2 5 1
3 8 2
t 215 16
m0 2 12
1 9 0
2 5 0
3 7 2
t 214 16
m0 2 13
1 8 0
2 5 1
3 8 2
t 213 16
m0 2 14
1 9 0
2 5 0
3 7 2
t 212 16
m0 2 13
1 8 0
2 5 1
3 8 2
t 211 16
m0 2 13
1 9 0
2 5 0
3 7 2
t 210 16
m0 2 14
1 8 0
2 5 1
3 8 2
t 209 16
m0 2 13
1 9 0
2 5 0
3 7 2
t 208 16
m0 2 14
1 8 0
2 5 1
3 8 2
t 207 16
m0 1 14
1 9 0
2 5 0
3 7 2
t 206 16
m0 0 14
1 8 0
2 5 1
3 8 2
t 205 16
m0 1 14
1 9 0
2 5 0
3 7 2
t 204 16
m0 0 14
1 8 0
2 5 1
3 8 2
t 203 16
m0 1 14
1 9 0
2 5 0
3 7 2
t 202 16
m0 1 14
1 8 0
2 5 1
3 8 2
t 201 16
m0 0 14
1 9 0
2 5 0
3 7 2
t 200 16
m0 1 14
1 8 0
2 5 1
3 8 2
t 199 16
m0 1 14
1 9 0
2 5 0
3 7 2
t 198 16
m0 2 14
1 8 0
2 5 1
3 8 2
t 197 16
m0 2 14
1 9 0
2 5 0
3 7 2
t 196 16
m0 2 13
1 8 0
2 5 1
3 8 2
t 195 16
m0 2 13
1 9 0
2 5 0
3 7 2
t 194 16
m0 2 13
1 8 0
2 5 1
3 8 2
t 193 16
m0 2 14
1 9 0
2 5 0
3 7 2
t 192 16
m0 2 14
1 8 0
2 5 1
3 8 2
t 191 16
m0 2 13
1 9 0
2 5 0
3 7 2
t 190 16
m0 2 14
1 8 0
2 5 1
3 8 2
t 189 16
m0 2 13
1 9 0
2 5 0
3 7 2
t 188 16
m0 2 12
1 8 0
2 5 1
3 8 2
t 187 16
m0 2 12
1 9 0
2 5 0
3 7 2
t 186 16
m0 2 12
1 8 0
2 5 1
3 8 2
t 185 16
m0 3 12
1 9 0
2 5 0
3 7 2
t 184 16
m0 4 12
1 8 0
2 6 0
3 8 2
t 183 16
m0 4 11
1 9 0
2 5 0
3 7 2
t 182 16
m0 4 12
1 8 0
2 6 0
3 8 2
t 181 16
m0 4 12
1 9 0
2 5 0
3 7 2
t 180 16
m0 3 12
1 8 0
2 6 0
3 8 2
t 179 16
m0 2 12
1 9 0
2 5 0
3 7 2
t 178 16
m0 2 11
1 8 0
2 6 0
3 8 2
t 177 16
m0 2 11
1 9 0
2 5 0
3 7 2
t 176 16
m0 2 10
1 8 0
2 6 0
3 8 2
t 175 16
m0 2 11
1 9 0
2 5 0
3 7 2
t 174 16
m0 2 11
1 8 0
2 6 0
3 8 2
t 173 16
m0 2 10
1 9 0
2 5 0
3 7 2
t 172 16
m0 2 11
1 8 0
2 6 0
3 8 2
t 171 16
m0 2 11
1 9 0
2 5 0
3 7 2
t 170 16
m0 2 12
1 8 0
2 5 1
3 8 2
t 169 16
m0 2 12
1 9 0
2 5 0
3 7 2
t 168 16
m0 3 12
1 8 0
2 6 0
3 8 2
t 167 16
m0 4 12
1 9 0
2 5 0
3 7 2
t 166 16
m0 4 12
1 8 0
2 6 0
3 8 2
t 165 16
m0 4 12
1 9 0
2 5 0
3 7 2
t 164 16
m0 4 12
1 8 0
2 6 0
3 8 2
t 163 16
m0 4 13
1 9 0
2 5 0
3 7 2
t 162 17
m0 5 13
1 8 0
2 6 0
3 8 2
t 161 18
m0 4 13
1 9 0
2 5 0
3 7 2
t 160 18
m0 4 14
1 8 0
2 5 1
3 8 2
t 159 19
m0 4 13
1 9 0
2 5 0
3 7 2
t 158 19
m0 5 13
1 8 0
2 6 0
3 8 2
t 157 19
m0 6 13
1 9 0
2 5 0
3 7 2
t 156 19
m0 6 13
1 8 0
2 5 1
3 8 2
t 155 19
m0 6 14
1 9 0
2 4 1
3 7 2
t 154 19
m0 7 14
1 8 0
2 3 1
3 6 2
t 153 20
m0 7 14
1 9 0
2 3 0
3 6 1
t 152 20
m0 7 14
1 8 0
2 2 0
3 5 1
t 151 20
m0 8 14
1 9 0
2 3 0
3 6 1
t 150 21
m0 8 14
1 8 0
2 2 0
3 5 1
t 149 21
m0 7 14
1 9 0
2 3 0
3 6 1
t 148 21
m0 8 14
1 8 0
2 2 0
3 5 1
t 147 21
m0 8 14
1 9 0
2 3 0
3 6 1
t 146 21
m0 7 14
1 8 0
2 2 0
3 5 1
t 145 21
m0 6 14
1 9 0
2 3 0
3 6 1
t 144 21
m0 5 14
1 8 0
2 2 0
3 5 1
t 143 31
m0 6 14
1 9 0
2 3 0
3 6 1
t 142 31
m0 6 13
1 8 0
2 2 0
3 5 1
t 141 31
m0 5 13
1 9 0
2 3 0
3 6 1
t 140 31
m0 5 14
1 8 0
2 2 0
3 5 1
t 139 31
m0 4 14
1 9 0
2 3 0
3 6 1
t 138 31
m0 5 14
1 8 0
2 2 0
3 5 1
t 137 31
m0 6 14
1 9 0
2 3 0
3 6 1
t 136 31
m0 6 14
1 8 0
2 2 0
3 5 1
t 135 31
m0 6 14
1 9 0
2 3 0
3 6 1
t 134 31
m0 5 14
1 8 0
2 2 0
3 5 1
t 133 31
m0 5 13
1 9 0
2 3 0
3 6 1
t 132 31
m0 6 13
1 8 0
2 2 0
3 5 1
t 131 31
m0 5 13
1 9 0
2 3 0
3 6 1
t 130 31
m0 6 13
1 8 0
2 2 0
3 5 1
t 129 31
m0 6 13
1 9 0
2 3 0
3 6 1
t 128 31
m0 6 14
1 8 0
2 2 0
3 5 1
t 127 31
m0 7 14
1 9 0
2 3 0
3 6 1
t 126 31
m0 7 14
1 8 0
2 2 0
3 5 1
t 125 31
m0 8 14
1 9 0
2 3 0
3 6 1
t 124 31
m0 8 13
1 8 0
2 2 0
3 5 1
t 123 32
m0 8 12
1 9 0
2 3 0
3 6 1
t 122 33
m0 8 11
1 8 0
2 2 0
3 5 1
t 121 34
m0 8 11
1 9 0
2 3 0
3 6 1
t 120 34
m0 8 12
1 8 0
2 2 0
3 5 1
t 119 34
m0 8 12
1 9 0
2 3 0
3 6 1
t 118 34
m0 8 12
1 8 0
2 2 0
3 5 1
t 117 34
m0 8 11
1 9 0
2 3 0
3 6 1
t 116 34
m0 8 11
1 8 0
2 2 0
3 5 1
f 5 5
t 115 34
m0 8 12
1 9 0
2 3 0
3 6 1
t 114 34
m0 8 11
1 8 0
2 2 0
3 5 1
t 113 34
m0 8 11
1 9 0
2 3 0
3 6 1
t 112 34
m0 8 11
1 8 0
2 2 0
3 5 1
t 111 34
m0 8 12
1 9 0
2 3 0
3 6 1
t 110 34
m0 8 13
1 8 0
2 2 0
3 5 1
t 109 34
m0 8 13
1 9 0
2 3 0
3 6 1
t 108 34
m0 8 13
1 8 0
2 2 0
3 5 1
t 107 34
m0 8 13
1 9 0
2 3 0
3 6 1
t 106 34
m0 8 13
1 8 0
2 2 0
3 5 1
t 105 34
m0 8 14
1 9 0
2 3 0
3 6 1
t 104 34
m0 8 13
1 8 0
2 2 0
3 5 1
t 103 34
m0 8 12
1 9 0
2 3 0
3 6 1
t 102 34
m0 7 12
1 8 0
2 2 0
3 5 1
t 101 34
m0 8 12
1 9 0
2 3 0
3 6 1
t 100 34
m0 8 13
1 8 0
2 2 0
3 5 1
t 99 34
m0 8 13
1 9 0
2 3 0
3 6 1
t 98 34
m0 8 12
1 8 0
2 2 0
3 5 1
t 97 34
m0 8 11
1 9 0
2 3 0
3 6 1
t 96 34
m0 8 11
1 8 0
2 2 0
3 5 1
t 95 34
m0 8 10
1 9 0
2 3 0
3 6 1
t 94 35
m0 8 9
1 8 0
2 2 0
3 5 1
t 93 35
m0 8 9
1 9 0
2 3 0
3 6 1
t 92 35
m0 8 8
1 8 0
2 2 0
3 5 1
t 91 36
m0 7 8
1 9 0
2 3 0
3 6 1
t 90 36
m0 7 7
1 8 0
2 2 0
3 5 1
t 89 37
m0 7 8
1 9 0
2 3 0
3 6 1
t 88 37
m0 7 8
1 8 0
2 2 0
3 5 1
t 87 37
m0 7 9
1 9 0
2 3 0
3 6 1
t 86 37
m0 6 9
1 8 0
2 2 0
3 5 1
t 85 38
m0 6 8
1 9 0
2 3 0
3 5 0
t 84 38
m0 6 8
1 8 0
2 2 0
3 5 1
t 83 38
m0 6 8
1 9 0
2 3 0
3 5 0
t 82 38
m0 6 8
1 8 0
2 2 0
3 5 1
t 81 38
m0 6 8
1 9 0
2 3 0
3 5 0
t 80 38
m0 6 9
1 8 0
2 2 0
3 5 1
t 79 38
m0 7 9
1 9 0
2 3 0
3 6 1
t 78 38
m0 7 9
1 8 0
2 2 0
3 5 1
t 77 38
m0 7 8
1 9 0
2 3 0
3 6 1
t 76 38
m0 7 7
1 8 0
2 2 0
3 5 1
t 75 38
m0 6 7
1 9 0
2 3 0
3 5 0
t 74 38
m0 6 7
1 8 0
2 2 0
3 5 1
t 73 38
m0 7 7
1 9 0
2 3 0
3 5 0
t 72 38
m0 7 8
1 8 0
2 2 0
3 5 1
t 71 38
m0 8 8
1 9 0
2 3 0
3 6 1
t 70 38
m0 9 8
1 8 0
2 2 0
3 5 1
t 69 38
m0 8 8
1 9 0
2 3 0
3 6 1
t 68 38
m0 8 9
1 8 0
2 2 0
3 5 1
t 67 38
m0 8 8
1 9 0
2 3 0
3 6 1
t 66 38
m0 8 9
1 8 0
2 2 0
3 5 1
t 65 38
m0 7 9
1 9 0
2 3 0
3 6 1
t 64 38
m0 8 9
1 8 0
2 2 0
3 5 1
t 63 38
m0 8 9
1 9 0
2 3 0
3 6 1
t 62 38
m0 8 10
1 8 0
2 2 0
3 5 1
t 61 38
m0 8 10
1 9 0
2 3 0
3 6 1
t 60 38
m0 9 10
1 8 0
2 2 0
3 5 1
t 59 39
m0 9 9
1 7 0
2 3 0
3 5 2
t 58 39
m0 8 9
1 6 0
2 2 0
3 4 2
t 57 39
m0 8 8
1 5 0
2 2 1
3 4 3
t 56 39
m0 7 8
1 6 0
2 1 1
3 4 2
t 55 39
m0 8 8
1 5 0
2 0 1
3 3 2
t 54 39
m0 9 8
1 6 0
2 0 0
3 3 1
t 53 39
m0 8 8
1 5 0
2 0 1
3 3 2
t 52 39
m0 9 8
1 6 0
2 0 0
3 3 1
t 51 39
m0 9 7
1 5 0
2 0 1
3 3 2
t 50 39
m0 9 6
1 6 0
2 0 0
3 3 1
t 49 39
m0 8 6
1 5 0
2 0 1
3 3 2
t 48 40
m0 8 5
1 6 0
2 0 0
3 3 1
t 47 41
m0 8 6
1 5 0
2 0 1
3 3 2
t 46 41
m0 7 6
1 6 0
2 0 0
3 3 1
t 45 41
m0 8 6
1 5 0
2 0 1
3 3 2
t 44 41
m0 8 6
1 6 0
2 0 0
3 3 1
t 43 41
m0 8 6
1 5 0
2 0 1
3 3 2
t 42 41
m0 7 6
1 6 0
2 0 0
3 3 1
t 41 41
m0 7 5
1 5 0
2 0 1
3 3 0
t 40 42
m0 7 5
1 6 0
2 0 0
3 3 1
t 39 42
m0 7 5
1 5 0
2 0 1
3 3 0
t 38 42
m0 7 5
1 6 0
2 0 0
3 3 1
t 37 42
m0 8 5
1 5 0
2 0 1
3 3 2
t 36 42
m0 8 4
1 6 0
2 0 0
3 3 1
t 35 43
m0 8 3
1 5 0
2 0 1
3 3 0
t 34 44
m0 8 2
1 6 0
2 0 0
3 2 0
t 33 44
m0 8 3
1 5 0
2 0 1
3 3 0
t 32 44
m0 8 3
1 6 0
2 0 0
3 2 0
t 31 44
m0 9 3
1 5 0
2 0 1
3 3 0
t 30 44
m0 9 4
1 6 0
2 0 2
3 2 0
t 29 45
m0 8 4
1 5 0
2 0 1
3 3 0
t 28 45
m0 8 4
1 6 0
2 0 0
3 3 1
t 27 45
m0 8 4
1 5 0
2 0 1
3 3 0
t 26 45
m0 8 3
1 6 0
2 0 0
3 2 0
t 25 45
m0 8 3
1 5 0
2 0 1
3 3 0
t 24 45
m0 8 2
1 6 0
2 0 0
3 2 0
t 23 45
m0 8 3
1 5 0
2 0 1
3 3 0
t 22 45
m0 8 3
1 6 0
2 0 0
3 2 0
t 21 45
m0 9 3
1 5 0
2 0 1
3 3 0
t 20 45
m0 9 3
1 6 0
2 0 0
3 3 1
t 19 45
m0 9 4
1 5 0
2 0 1
3 3 2
t 18 45
m0 8 4
1 6 0
2 0 0
3 3 1
t 17 45
m0 8 5
1 5 0
2 0 1
3 3 2
t 16 45
m0 7 5
1 6 0
2 0 0
3 3 1
t 15 45
m0 7 5
1 5 0
2 0 1
3 3 0
t 14 45
m0 7 6
1 6 0
2 0 2
3 2 0
t 13 45
m0 7 7
1 5 0
2 0 3
3 2 1
t 12 45
m0 7 8
1 6 0
2 0 4
3 2 0
t 11 45
m0 7 8
1 5 0
2 0 3
3 2 1
t 10 45
m0 7 8
1 6 0
2 0 4
3 2 0
t 9 45
m0 8 8
1 5 0
2 0 3
3 2 1
t 8 45
m0 7 8
1 6 0
2 0 4
3 2 0
t 7 45
m0 7 8
1 5 0
2 0 3
3 2 1
t 6 45
m0 7 9
1 6 0
2 0 4
3 2 0
t 5 45
m0 7 9
1 5 0
2 0 3
3 2 1
t 4 45
m0 7 10
1 6 0
2 0 4
3 2 0
t 3 46
m0 7 9
1 5 0
2 0 3
3 2 1
t 2 46
m0 7 9
1 6 0
2 0 4
3 2 0
t 1 46
m0 7 10
1 6 0
2 0 4
3 2 0
t 0 46
