10
15
w 6 9
w 1 3
w 9 1
w 4 8
w 7 12
w 5 6
w 9 8
w 2 8
w 3 11
w 9 4
w 7 11
w 2 5
w 0 3
w 8 14
w 5 5
w 3 3
w 3 10
w 6 3
w 2 13
w 9 11
w 3 6
w 7 14
w 5 11
w 7 1
w 9 3
w 0 12
w 3 5
w 0 1
w 7 9
w 8 3
w 3 12
w 6 8
w 9 2
w 1 8
w 4 3
w 1 7
w 9 5
p 5 9
p 4 7
p 3 0
p 8 0
p 2 1
p 0 7
p 6 2
p 4 12
p 2 12
p 1 11
p 8 5
p 3 14
p 4 0
p 9 0
p 2 9
p 8 1
p 7 6
p 6 10
p 1 14
p 8 10
p 4 4
p 1 5
p 0 4
p 3 4
p 8 6
p 4 1
p 1 1
p 4 10
p 3 2
p 2 6
p 0 0
p 6 4
p 3 13
p 4 5
p 6 0
p 4 14
p 7 5
p 2 3
p 1 9
p 9 6
p 5 3
p 2 7
p 7 8
p 5 10
p 4 6
p 5 7
p 3 1
p 2 11
p 5 14
p 0 6
p 2 0
p 0 9
p 5 2
p 0 2
p 9 12
p 8 4
m0 0 14
1 9 0
2 9 0
3 9 0
t 300 0
m0 1 14
1 8 0
2 8 0
3 8 0
t 299 1
m0 2 14
1 9 0
2 7 0
3 8 1
t 298 1
m0 3 14
1 8 0
2 6 0
3 8 2
t 297 2
m0 4 14
1 9 0
2 5 0
3 7 2
t 296 3
m0 5 14
1 8 0
2 4 0
3 6 2
t 295 4
m0 6 14
1 9 0
2 3 0
3 7 2
t 294 4
m0 6 13
1 8 0
2 2 0
3 8 2
t 293 4
m0 7 13
1 9 0
2 1 0
3 8 1
t 292 4
m0 8 13
1 8 0
2 0 0
3 8 2
t 291 4
m0 8 12
1 9 0
2 1 0
3 7 2
t 290 4
m0 8 11
1 8 0
2 0 0
3 6 2
t 289 4
m0 8 10
1 7 0
2 1 0
3 5 2
t 288 5
m0 8 9
1 6 0
2 0 0
3 4 2
t 287 5
m0 8 8
1 5 0
2 1 0
3 3 2
t 286 5
m0 8 7
1 4 0
2 0 0
3 2 2
t 285 5
m0 8 6
1 3 0
2 1 0
3 2 1
t 284 6
m0 8 5
1 4 0
2 0 0
3 2 0
t 283 7
m0 8 4
1 5 0
2 1 0
3 3 0
t 282 8
m0 7 4
1 6 0
2 0 0
3 2 0
t 281 8
m0 7 3
1 5 0
2 1 0
3 3 0
t 280 8
m0 7 2
1 6 0
2 0 0
3 2 0
t 279 8
m0 6 2
1 5 0
2 1 0
3 3 0
t 278 9
m0 6 1
1 4 0
2 0 0
3 2 0
t 277 9
m0 6 0
1 3 0
2 1 0
3 2 1
t 276 10
m0 5 0
1 2 0
2 0 0
3 1 1
t 275 10
m0 4 0
1 1 0
2 1 0
3 1 2
t 274 11
m0 3 0
1 2 0
2 0 0
3 0 2
f 6 0
t 273 12
m0 -5 -5
1 2 0
2 0 0
3 0 2
t 272 13
