10
15
w 5 9
w 6 9
w 9 1
w 7 12
w 5 13
w 8 9
w 0 10
w 2 12
w 5 1
w 7 2
w 8 14
w 3 3
w 2 9
w 5 5
w 1 5
w 9 11
w 5 4
w 2 6
w 5 11
w 7 1
w 3 13
w 3 9
w 7 5
w 8 7
w 0 8
w 4 11
w 3 5
w 5 3
w 6 8
w 5 7
w 0 13
w 3 1
w 7 4
w 6 13
w 0 9
w 0 2
w 8 4
p 4 7
p 8 13
p 4 8
p 5 6
p 9 8
p 8 0
p 7 7
p 2 1
p 6 2
p 4 12
p 9 4
p 3 7
p 7 11
p 0 3
p 8 5
p 5 8
p 6 14
p 1 2
p 9 0
p 4 9
p 7 6
p 3 10
p 1 14
p 8 10
p 4 13
p 6 3
p 0 11
p 2 2
p 0 4
p 8 6
p 4 1
p 1 1
p 6 4
p 4 10
p 9 14
p 8 2
p 6 11
p 1 13
p 8 11
p 0 12
p 2 3
p 6 12
p 6 5
p 7 9
p 2 7
p 9 13
p 0 1
p 4 6
p 7 13
p 9 9
p 5 14
p 0 6
p 4 3
p 1 7
p 9 5
p 5 2
m0 0 14
1 9 0
2 9 0
3 9 0
t 300 0
m0 0 14
1 8 0
2 8 0
3 8 0
t 299 0
m0 0 14
1 9 0
2 9 0
3 9 0
t 298 0
m0 1 14
1 8 0
2 8 0
3 8 0
t 297 1
m0 2 14
1 9 0
2 9 0
3 9 0
t 296 1
m0 2 13
1 8 0
2 8 0
3 8 0
t 295 1
m0 1 13
1 9 0
2 9 0
3 9 0
t 294 2
m0 2 13
1 8 0
2 8 0
3 8 0
t 293 2
m0 1 13
1 9 0
2 9 0
3 9 0
t 292 2
m0 2 13
1 8 0
2 8 0
3 8 0
f 1 14
t 291 2
m0 1 13
1 9 0
2 9 0
3 9 0
t 290 2
m0 2 13
1 8 0
2 8 0
3 8 0
t 289 2
m0 2 13
1 9 0
2 9 0
3 9 0
t 288 2
m0 2 13
1 8 0
2 8 0
3 8 0
t 287 2
m0 1 13
1 9 0
2 9 0
3 9 0
t 286 2
m0 2 13
1 8 0
2 8 0
3 8 0
t 285 2
m0 2 14
1 9 0
2 9 0
3 9 0
t 284 2
m0 2 13
1 8 0
2 8 0
3 8 0
t 283 2
m0 1 13
1 9 0
2 9 0
3 9 0
t 282 2
m0 1 14
1 8 0
2 8 0
3 8 0
t 281 12
m0 1 14
1 9 0
2 9 0
3 9 0
t 280 12
m0 0 14
1 8 0
2 8 0
3 8 0
t 279 12
m0 1 14
1 9 0
2 9 0
3 9 0
t 278 12
m0 1 13
1 8 0
2 8 0
3 8 0
t 277 12
m0 1 13
1 9 0
2 9 0
3 9 0
t 276 12
m0 1 12
1 8 0
2 8 0
3 8 0
t 275 12
m0 1 13
1 9 0
2 9 0
3 9 0
t 274 12
m0 1 12
1 8 0
2 8 0
3 8 0
t 273 12
m0 1 13
1 9 0
2 9 0
3 9 0
t 272 12
m0 1 14
1 8 0
2 8 0
3 8 0
t 271 12
m0 0 14
1 9 0
2 9 0
3 9 0
t 270 12
m0 1 14
1 8 0
2 8 0
3 8 0
t 269 12
m0 2 14
1 9 0
2 9 0
3 9 0
t 268 12
m0 2 13
1 8 0
2 8 0
3 8 0
t 267 12
m0 2 14
1 9 0
2 9 0
3 9 0
t 266 12
m0 3 14
1 8 0
2 8 0
3 8 0
t 265 12
m0 2 14
1 9 0
2 9 0
3 9 0
t 264 12
m0 3 14
1 8 0
2 8 0
3 8 0
t 263 12
m0 2 14
1 9 0
2 9 0
3 9 0
t 262 12
m0 2 13
1 8 0
2 8 0
3 8 0
t 261 12
m0 1 13
1 9 0
2 9 0
3 9 0
f 2 10
t 260 12
m0 2 13
1 8 0
2 8 0
3 8 0
t 259 12
m0 1 13
1 9 0
2 9 0
3 9 0
t 258 12
m0 2 13
1 8 0
2 8 0
3 8 0
t 257 12
m0 2 13
1 9 0
2 9 0
3 9 0
t 256 12
m0 2 14
1 8 0
2 8 0
3 8 0
t 255 12
m0 3 14
1 9 0
2 9 0
3 9 0
t 254 12
m0 3 14
1 8 0
2 8 0
3 8 0
t 253 12
m0 2 14
1 9 0
2 9 0
3 9 0
t 252 12
m0 2 13
1 8 0
2 8 0
3 8 0
t 251 12
m0 2 14
1 9 0
2 9 0
3 9 0
t 250 12
m0 1 14
1 8 0
2 8 0
3 8 0
t 249 12
m0 0 14
1 9 0
2 9 0
3 9 0
t 248 12
m0 1 14
1 8 0
2 8 0
3 8 0
t 247 12
m0 2 14
1 9 0
2 9 0
3 9 0
t 246 12
m0 2 14
1 8 0
2 8 0
3 8 0
t 245 12
m0 2 13
1 9 0
2 9 0
3 9 0
t 244 12
m0 2 13
1 8 0
2 8 0
3 8 0
t 243 12
m0 1 13
1 9 0
2 9 0
3 9 0
t 242 12
m0 2 13
1 8 0
2 8 0
3 8 0
t 241 12
m0 1 13
1 9 0
2 9 0
3 9 0
t 240 12
m0 1 12
1 8 0
2 8 0
3 8 0
t 239 12
m0 0 12
1 9 0
2 9 0
3 9 0
t 238 13
m0 1 12
1 8 0
2 8 0
3 8 0
t 237 13
m0 0 12
1 9 0
2 9 0
3 9 0
t 236 13
m0 1 12
1 8 0
2 8 0
3 8 0
t 235 13
m0 1 13
1 9 0
2 9 0
3 9 0
t 234 13
m0 2 13
1 8 0
2 8 0
3 8 0
t 233 13
m0 2 14
1 9 0
2 9 0
3 9 0
t 232 13
m0 2 13
1 8 0
2 8 0
3 8 0
t 231 13
m0 1 13
1 9 0
2 9 0
3 9 0
t 230 13
m0 1 12
1 8 0
2 8 0
3 8 0
t 229 13
m0 1 13
1 9 0
2 9 0
3 9 0
t 228 13
m0 2 13
1 8 0
2 8 0
3 8 0
t 227 13
m0 2 13
1 9 0
2 9 0
3 9 0
t 226 13
m0 1 13
1 8 0
2 8 0
3 8 0
t 225 13
m0 1 13
1 9 0
2 9 0
3 9 0
t 224 13
m0 1 12
1 8 0
2 8 0
3 8 0
t 223 13
m0 0 12
1 9 0
2 9 0
3 9 0
t 222 13
m0 0 12
1 8 0
2 8 0
3 8 0
t 221 13
m0 1 12
1 9 0
2 9 0
3 9 0
t 220 13
m0 1 11
1 8 0
2 8 0
3 8 0
t 219 13
m0 1 10
1 9 0
2 9 0
3 9 0
t 218 13
m0 1 11
1 8 0
2 8 0
3 8 0
t 217 13
m0 1 10
1 9 0
2 9 0
3 9 0
t 216 13
m0 2 10
1 8 0
2 8 0
3 8 0
t 215 23
m0 2 11
1 9 0
2 9 0
3 9 0
t 214 23
m0 1 11
1 8 0
2 8 0
3 8 0
t 213 23
m0 1 10
1 9 0
2 9 0
3 9 0
t 212 23
m0 1 9
1 8 0
2 8 0
3 8 0
t 211 23
m0 1 9
1 9 0
2 9 0
3 9 0
t 210 23
m0 1 10
1 8 0
2 8 0
3 8 0
t 209 23
m0 2 10
1 9 0
2 9 0
3 9 0
t 208 33
m0 1 10
1 8 0
2 8 0
3 8 0
t 207 33
m0 2 10
1 9 0
2 9 0
3 9 0
t 206 33
m0 1 10
1 8 0
2 8 0
3 8 0
f 1 11
t 205 33
m0 1 9
1 9 0
2 9 0
3 9 0
t 204 33
m0 1 8
1 8 0
2 8 0
3 8 0
t 203 33
m0 1 8
1 9 0
2 9 0
3 9 0
t 202 33
m0 1 9
1 8 0
2 8 0
3 8 0
t 201 33
m0 1 10
1 9 0
2 9 0
3 9 0
t 200 33
m0 1 9
1 8 0
2 8 0
3 8 0
t 199 33
m0 1 9
1 9 0
2 9 0
3 9 0
t 198 33
m0 1 9
1 8 0
2 8 0
3 8 0
t 197 33
m0 1 10
1 9 0
2 9 0
3 9 0
t 196 33
m0 2 10
1 8 0
2 8 0
3 8 0
t 195 33
m0 1 10
1 9 0
2 9 0
3 9 0
t 194 33
m0 1 9
1 8 0
2 8 0
3 8 0
t 193 33
m0 1 9
1 9 0
2 9 0
3 9 0
t 192 33
m0 1 8
1 8 0
2 8 0
3 8 0
t 191 33
m0 1 9
1 9 0
2 9 0
3 9 0
t 190 33
m0 1 10
1 8 0
2 8 0
3 8 0
t 189 33
m0 1 9
1 9 0
2 9 0
3 9 0
t 188 33
m0 1 9
1 8 0
2 8 0
3 8 0
t 187 33
m0 1 8
1 9 0
2 9 0
3 9 0
t 186 33
m0 1 9
1 8 0
2 8 0
3 8 0
t 185 33
m0 1 9
1 9 0
2 9 0
3 9 0
t 184 33
m0 1 8
1 8 0
2 8 0
3 8 0
t 183 33
m0 1 9
1 9 0
2 9 0
3 9 0
t 182 33
m0 1 10
1 8 0
2 8 0
3 8 0
t 181 33
m0 1 10
1 9 0
2 9 0
3 9 0
t 180 33
m0 1 9
1 8 0
2 8 0
3 8 0
t 179 33
m0 1 9
1 9 0
2 9 0
3 9 0
t 178 33
m0 1 9
1 8 0
2 8 0
3 8 0
t 177 33
m0 1 10
1 9 0
2 9 0
3 9 0
t 176 33
m0 1 10
1 8 0
2 8 0
3 8 0
t 175 33
m0 1 11
1 9 0
2 9 0
3 9 0
t 174 43
m0 1 12
1 8 0
2 8 0
3 8 0
t 173 43
m0 1 11
1 9 0
2 9 0
3 9 0
t 172 43
m0 1 10
1 8 0
2 8 0
3 8 0
t 171 43
m0 2 10
1 9 0
2 9 0
3 9 0
t 170 43
m0 2 10
1 8 0
2 8 0
3 8 0
t 169 43
m0 2 11
1 9 0
2 9 0
3 9 0
t 168 43
m0 3 11
1 8 0
2 8 0
3 8 0
f 2 8
t 167 43
m0 3 10
1 9 0
2 9 0
3 9 0
t 166 44
m0 4 10
1 8 0
2 8 0
3 8 0
t 165 45
m0 4 10
1 9 0
2 9 0
3 9 0
t 164 45
m0 3 10
1 8 0
2 8 0
3 8 0
t 163 45
m0 2 10
1 9 0
2 9 0
3 9 0
t 162 45
m0 2 11
1 8 0
2 8 0
3 8 0
t 161 45
m0 2 11
1 9 0
2 9 0
3 9 0
t 160 45
m0 2 10
1 8 0
2 8 0
3 8 0
t 159 45
m0 3 10
1 9 0
2 9 0
3 9 0
t 158 45
m0 2 10
1 8 0
2 8 0
3 8 0
t 157 45
m0 2 10
1 9 0
2 9 0
3 9 0
t 156 45
m0 3 10
1 8 0
2 8 0
3 8 0
t 155 45
m0 3 11
1 9 0
2 9 0
3 9 0
t 154 45
m0 2 11
1 8 0
2 8 0
3 8 0
t 153 45
m0 2 10
1 9 0
2 9 0
3 9 0
t 152 45
m0 2 10
1 8 0
2 8 0
3 8 0
t 151 45
m0 2 11
1 9 0
2 9 0
3 9 0
t 150 45
m0 2 11
1 8 0
2 8 0
3 8 0
t 149 45
m0 2 10
1 9 0
2 9 0
3 9 0
t 148 45
m0 2 11
1 8 0
2 8 0
3 8 0
t 147 45
m0 1 11
1 9 0
2 9 0
3 9 0
t 146 45
m0 1 12
1 8 0
2 8 0
3 8 0
t 145 45
m0 1 12
1 9 0
2 9 0
3 9 0
t 144 45
m0 1 12
1 8 0
2 8 0
3 8 0
t 143 45
m0 1 11
1 9 0
2 9 0
3 9 0
t 142 45
m0 1 10
1 8 0
2 8 0
3 8 0
t 141 45
m0 2 10
1 9 0
2 9 0
3 9 0
t 140 45
m0 3 10
1 8 0
2 8 0
3 8 0
t 139 45
m0 3 10
1 9 0
2 9 0
3 9 0
t 138 45
m0 3 11
1 8 0
2 8 0
3 8 0
t 137 45
m0 3 11
1 9 0
2 9 0
3 9 0
t 136 45
m0 3 11
1 8 0
2 8 0
3 8 0
t 135 45
m0 2 11
1 9 0
2 9 0
3 9 0
t 134 45
m0 2 10
1 8 0
2 8 0
3 8 0
t 133 45
m0 2 11
1 9 0
2 9 0
3 9 0
t 132 45
m0 2 10
1 8 0
2 8 0
3 8 0
t 131 45
m0 2 11
1 9 0
2 9 0
3 9 0
t 130 45
m0 2 11
1 8 0
2 8 0
3 8 0
t 129 45
m0 1 11
1 9 0
2 9 0
3 9 0
t 128 45
m0 2 11
1 8 0
2 8 0
3 8 0
t 127 45
m0 3 11
1 9 0
2 9 0
3 9 0
t 126 45
m0 2 11
1 8 0
2 8 0
3 8 0
t 125 45
m0 2 10
1 9 0
2 9 0
3 9 0
t 124 45
m0 2 10
1 8 0
2 8 0
3 8 0
t 123 45
m0 2 11
1 9 0
2 9 0
3 9 0
t 122 45
m0 2 11
1 8 0
2 8 0
3 8 0
t 121 45
m0 2 11
1 9 0
2 9 0
3 9 0
t 120 45
m0 3 11
1 8 0
2 8 0
3 8 0
t 119 45
m0 3 10
1 9 0
2 9 0
3 9 0
t 118 45
m0 3 10
1 8 0
2 8 0
3 8 0
t 117 45
m0 2 10
1 9 0
2 9 0
3 9 0
t 116 45
m0 3 10
1 8 0
2 8 0
3 8 0
t 115 45
m0 4 10
1 9 0
2 9 0
3 9 0
t 114 45
m0 5 10
1 8 0
2 8 0
3 8 0
t 113 45
m0 4 10
1 9 0
2 9 0
3 9 0
t 112 45
m0 4 9
1 8 0
2 8 0
3 8 0
t 111 46
m0 4 9
1 9 0
2 9 0
3 9 0
t 110 46
m0 4 10
1 8 0
2 8 0
3 8 0
t 109 46
m0 3 10
1 9 0
2 9 0
3 9 0
t 108 46
m0 4 10
1 8 0
2 8 0
3 8 0
t 107 46
m0 4 10
1 9 0
2 9 0
3 9 0
t 106 46
m0 4 9
1 8 0
2 8 0
3 8 0
t 105 46
m0 4 8
1 9 0
2 9 0
3 9 0
t 104 47
m0 4 9
1 8 0
2 8 0
3 8 0
t 103 47
m0 4 9
1 9 0
2 9 0
3 9 0
t 102 47
m0 4 10
1 8 0
2 8 0
3 8 0
t 101 47
m0 4 10
1 9 0
2 9 0
3 9 0
t 100 47
m0 5 10
1 8 0
2 8 0
3 8 0
t 99 47
m0 5 10
1 9 0
2 9 0
3 9 0
t 98 47
m0 5 10
1 8 0
2 8 0
3 8 0
t 97 47
m0 6 10
1 9 0
2 9 0
3 9 0
t 96 47
m0 5 10
1 8 0
2 8 0
3 8 0
t 95 47
m0 5 10
1 9 0
2 9 0
3 9 0
t 94 47
m0 5 10
1 8 0
2 8 0
3 8 0
t 93 47
m0 5 10
1 9 0
2 9 0
3 9 0
t 92 47
m0 6 10
1 8 0
2 8 0
3 8 0
t 91 47
m0 7 10
1 9 0
2 9 0
3 9 0
t 90 47
m0 6 10
1 8 0
2 8 0
3 8 0
t 89 47
m0 5 10
1 9 0
2 9 0
3 9 0
t 88 47
m0 4 10
1 8 0
2 8 0
3 8 0
t 87 47
m0 3 10
1 9 0
2 9 0
3 9 0
t 86 47
m0 2 10
1 8 0
2 8 0
3 8 0
t 85 47
m0 2 11
1 9 0
2 9 0
3 9 0
t 84 47
m0 1 11
1 8 0
2 8 0
3 8 0
t 83 47
m0 1 12
1 9 0
2 9 0
3 9 0
t 82 47
m0 1 12
1 8 0
2 8 0
3 8 0
t 81 47
m0 1 12
1 9 0
2 9 0
3 9 0
t 80 47
m0 1 12
1 8 0
2 8 0
3 8 0
t 79 47
m0 1 13
1 9 0
2 9 0
3 9 0
t 78 47
m0 1 14
1 8 0
2 8 0
3 8 0
t 77 47
m0 2 14
1 9 0
2 9 0
3 9 0
t 76 47
m0 2 13
1 8 0
2 8 0
3 8 0
t 75 47
m0 1 13
1 9 0
2 9 0
3 9 0
t 74 47
m0 1 12
1 8 0
2 8 0
3 8 0
t 73 47
m0 1 13
1 9 0
2 9 0
3 9 0
t 72 47
m0 1 12
1 8 0
2 8 0
3 8 0
t 71 47
m0 1 13
1 9 0
2 9 0
3 9 0
t 70 47
m0 2 13
1 8 0
2 8 0
3 8 0
t 69 47
m0 1 13
1 9 0
2 9 0
3 9 0
t 68 47
m0 1 12
1 8 0
2 8 0
3 8 0
t 67 47
m0 1 13
1 9 0
2 9 0
3 9 0
t 66 47
m0 2 13
1 8 0
2 8 0
3 8 0
t 65 47
m0 1 13
1 9 0
2 9 0
3 9 0
t 64 47
m0 1 13
1 8 0
2 8 0
3 8 0
t 63 47
m0 2 13
1 9 0
2 9 0
3 9 0
t 62 47
m0 2 13
1 8 0
2 8 0
3 8 0
t 61 47
m0 1 13
1 9 0
2 9 0
3 9 0
t 60 47
m0 1 12
1 8 0
2 8 0
3 8 0
t 59 47
m0 1 12
1 9 0
2 9 0
3 9 0
t 58 47
m0 1 13
1 8 0
2 8 0
3 8 0
t 57 47
m0 1 13
1 9 0
2 9 0
3 9 0
t 56 47
m0 1 13
1 8 0
2 8 0
3 8 0
t 55 47
m0 1 12
1 9 0
2 9 0
3 9 0
t 54 47
m0 1 11
1 8 0
2 8 0
3 8 0
t 53 47
m0 1 10
1 9 0
2 9 0
3 9 0
t 52 47
m0 1 9
1 8 0
2 8 0
3 8 0
t 51 47
m0 1 8
1 9 0
2 9 0
3 9 0
t 50 47
m0 1 8
1 8 0
2 8 0
3 8 0
t 49 47
m0 1 9
1 9 0
2 9 0
3 9 0
t 48 47
m0 1 9
1 8 0
2 8 0
3 8 0
t 47 47
m0 1 9
1 9 0
2 9 0
3 9 0
t 46 47
m0 1 10
1 8 0
2 8 0
3 8 0
t 45 47
m0 2 10
1 9 0
2 9 0
3 9 0
t 44 47
m0 2 10
1 8 0
2 8 0
3 8 0
t 43 47
m0 2 10
1 9 0
2 9 0
3 9 0
t 42 47
m0 2 10
1 8 0
2 8 0
3 8 0
t 41 47
m0 2 11
1 9 0
2 9 0
3 9 0
t 40 47
m0 2 10
1 8 0
2 8 0
3 8 0
t 39 47
m0 3 10
1 9 0
2 9 0
3 9 0
t 38 47
m0 4 10
1 8 0
2 8 0
3 8 0
t 37 47
m0 4 9
1 9 0
2 9 0
3 9 0
t 36 47
m0 4 10
1 8 0
2 8 0
3 8 0
t 35 47
m0 4 10
1 9 0
2 9 0
3 9 0
t 34 47
m0 5 10
1 8 0
2 8 0
3 8 0
t 33 47
m0 4 10
1 9 0
2 9 0
3 9 0
t 32 47
m0 3 10
1 8 0
2 8 0
3 8 0
t 31 47
m0 3 10
1 9 0
2 9 0
3 9 0
t 30 47
m0 4 10
1 8 0
2 8 0
3 8 0
t 29 47
m0 4 10
1 9 0
2 9 0
3 9 0
t 28 47
m0 4 9
1 8 0
2 8 0
3 8 0
t 27 47
m0 4 9
1 9 0
2 9 0
3 9 0
t 26 47
m0 4 9
1 8 0
2 8 0
3 8 0
t 25 47
m0 4 10
1 9 0
2 9 0
3 9 0
t 24 47
m0 4 9
1 8 0
2 8 0
3 8 0
t 23 47
m0 4 9
1 9 0
2 9 0
3 9 0
t 22 47
m0 4 9
1 8 0
2 8 0
3 8 0
t 21 47
m0 4 9
1 9 0
2 9 0
3 9 0
t 20 47
m0 4 8
1 8 0
2 8 0
3 8 0
t 19 47
m0 4 9
1 9 0
2 9 0
3 9 0
t 18 47
m0 4 9
1 8 0
2 8 0
3 8 0
t 17 47
m0 4 10
1 9 0
2 9 0
3 9 0
t 16 47
m0 5 10
1 8 0
2 8 0
3 8 0
t 15 47
m0 5 10
1 9 0
2 9 0
3 9 0
t 14 47
m0 6 10
1 8 0
2 8 0
3 8 0
t 13 47
m0 5 10
1 9 0
2 9 0
3 9 0
t 12 47
m0 5 10
1 8 0
2 8 0
3 8 0
t 11 47
m0 5 10
1 9 0
2 9 0
3 9 0
t 10 47
m0 5 10
1 8 0
2 8 0
3 8 0
t 9 47
m0 5 10
1 9 0
2 9 0
3 9 0
t 8 47
m0 5 10
1 8 0
2 8 0
3 8 0
t 7 47
m0 5 10
1 9 0
2 9 0
3 9 0
t 6 47
m0 6 10
1 8 0
2 8 0
3 8 0
t 5 47
m0 5 10
1 9 0
2 9 0
3 9 0
t 4 47
m0 5 10
1 8 0
2 8 0
3 8 0
t 3 47
m0 4 10
1 9 0
2 9 0
3 9 0
t 2 47
m0 4 9
1 8 0
2 8 0
3 8 0
t 1 47
m0 4 8
1 8 0
2 8 0
3 8 0
t 0 47
