10
15
w 7 3
w 6 9
w 1 3
w 4 7
w 8 0
w 5 13
w 9 4
w 7 11
w 3 7
w 2 5
w 4 9
w 0 11
w 8 6
w 8 2
w 0 12
w 9 10
w 1 9
w 6 12
w 0 8
w 2 14
w 6 5
w 3 5
w 4 11
w 5 3
w 5 10
w 7 0
w 6 8
w 6 1
w 7 13
w 0 13
w 3 1
w 2 11
w 1 8
w 4 3
w 1 7
w 9 5
w 9 12
p 5 9
p 3 0
p 3 11
p 2 1
p 0 7
p 6 2
p 1 6
p 8 5
p 5 8
p 4 0
p 1 2
p 6 14
p 9 0
p 6 7
p 2 9
p 8 1
p 5 12
p 6 10
p 3 10
p 8 10
p 4 4
p 1 5
p 2 13
p 7 10
p 0 4
p 1 10
p 2 2
p 5 0
p 4 1
p 1 1
p 3 2
p 2 6
p 9 14
p 3 13
p 7 1
p 1 13
p 9 3
p 6 0
p 1 4
p 2 3
p 0 5
p 8 7
p 4 2
p 2 7
p 4 6
p 9 2
p 9 9
p 7 4
p 2 0
p 0 6
p 8 8
p 5 14
p 3 8
p 0 9
p 3 4
p 2 4
m0 0 14
1 9 0
2 9 0
3 9 0
t 300 0
m0 1 14
1 9 1
2 9 1
3 9 1
t 299 0
m0 1 13
1 8 1
2 9 2
3 9 0
t 298 1
m0 2 13
1 9 1
2 9 3
3 9 1
f 5 11
t 297 2
m0 3 13
1 8 1
2 9 2
3 9 0
t 296 3
m0 4 13
1 7 1
2 9 1
3 9 1
t 295 3
m0 4 12
1 7 2
2 9 0
3 8 1
t 294 3
m0 5 12
1 7 1
2 9 1
3 9 1
t 293 4
m0 5 11
1 8 1
2 9 0
3 9 0
t 292 14
m0 6 11
1 7 1
2 9 1
3 9 1
t 291 14
m0 6 10
1 7 2
2 9 0
3 8 1
t 290 15
m0 7 10
1 6 2
2 9 1
3 7 1
t 289 16
m0 8 10
1 5 2
2 9 0
3 7 2
t 288 17
m0 8 9
1 4 2
2 9 1
3 6 2
t 287 17
m0 9 9
1 4 1
2 9 0
3 6 3
t 286 18
m0 9 8
1 4 0
2 9 1
3 6 4
t 285 18
m0 9 7
1 3 0
2 9 2
3 6 3
t 284 18
m0 9 6
1 2 0
2 9 1
3 6 2
t 283 18
m0 9 7
1 1 0
2 8 1
3 5 2
t 282 18
m0 9 6
1 0 0
2 9 1
3 4 2
t 281 18
m0 9 7
1 1 0
2 9 0
3 5 2
t 280 18
m0 9 6
1 0 0
2 9 1
3 4 2
t 279 18
m0 9 7
1 1 0
2 9 0
3 5 2
t 278 18
m0 9 6
1 0 0
2 9 1
3 4 2
f 7 5
t 277 18
m0 9 7
1 0 1
2 9 0
3 5 2
t 276 18
m0 9 6
1 1 1
2 9 1
3 6 2
t 275 18
m0 9 7
1 0 1
2 9 0
3 5 2
t 274 18
m0 9 6
1 1 1
2 9 1
3 6 2
t 273 18
m0 9 7
1 0 1
2 8 1
3 5 2
t 272 18
m0 9 6
1 1 1
2 9 1
3 5 1
t 271 18
m0 9 7
1 1 2
2 9 0
3 4 1
t 270 18
m0 9 6
1 0 2
2 9 1
3 4 0
t 269 18
m0 9 7
1 0 1
2 9 2
3 3 0
t 268 18
m0 9 6
1 0 2
2 9 3
3 2 0
t 267 18
m0 9 7
1 0 3
2 8 3
3 2 1
t 266 18
m0 9 6
1 0 4
2 8 4
3 2 0
t 265 18
m0 9 7
1 0 3
2 8 5
3 3 0
t 264 18
m0 9 6
1 0 4
2 7 5
3 4 0
t 263 18
m0 9 7
1 1 4
2 7 6
3 5 0
t 262 18
m0 9 6
1 0 4
2 7 5
3 4 0
t 261 18
m0 9 7
1 0 3
2 7 4
3 5 0
t 260 18
m0 9 6
1 0 4
2 6 4
3 6 0
t 259 18
m0 9 7
1 0 5
2 7 4
3 5 0
t 258 18
m0 9 6
1 1 5
2 7 5
3 5 1
t 257 18
m0 9 7
1 1 6
2 8 5
3 4 1
t 256 18
m0 9 6
1 0 6
2 8 4
3 4 0
t 255 18
m0 9 7
1 0 5
2 8 5
3 4 1
t 254 18
m0 9 6
1 0 6
2 8 4
3 4 0
t 253 18
m0 9 7
1 1 6
2 8 3
3 3 0
t 252 18
m0 9 6
1 2 6
2 9 3
3 4 0
t 251 18
m0 9 7
1 2 7
2 9 2
3 5 0
t 250 18
m0 9 6
1 2 8
2 9 3
3 4 0
t 249 18
m0 9 7
1 3 8
2 8 3
3 3 0
t 248 18
m0 9 6
1 3 9
2 9 3
3 2 0
t 247 18
m0 9 7
1 3 8
2 9 2
3 1 0
t 246 18
m0 9 6
1 2 8
2 9 1
3 2 0
t 245 18
m0 9 7
1 2 9
2 9 2
3 2 1
t 244 18
m0 9 6
1 3 9
2 9 3
3 2 0
t 243 18
m0 9 7
1 3 10
2 8 3
3 1 0
t 242 18
m0 9 6
1 4 10
2 9 3
3 2 0
t 241 18
m0 9 7
1 3 10
2 9 2
3 2 1
t 240 18
m0 9 6
1 3 11
2 9 1
3 2 0
t 239 18
m0 9 7
1 3 12
2 9 2
3 1 0
t 238 18
m0 9 6
1 3 13
2 9 3
3 0 0
t 237 18
m0 9 7
1 3 14
2 9 2
3 0 1
t 236 18
m0 9 6
1 4 14
2 9 3
3 1 1
t 235 18
m0 9 7
1 4 13
2 8 3
3 0 1
t 234 18
m0 9 6
1 3 13
2 9 3
3 0 0
t 233 18
m0 9 7
1 4 13
2 9 2
3 1 0
t 232 18
m0 9 6
1 3 13
2 9 1
3 0 0
t 231 18
m0 9 7
1 4 13
2 9 0
3 0 1
t 230 18
m0 9 6
1 3 13
2 9 1
3 0 2
t 229 18
m0 9 7
1 3 14
2 8 1
3 0 3
t 228 18
m0 9 6
1 4 14
2 9 1
3 0 4
t 227 18
m0 9 7
1 4 13
2 9 2
3 0 5
t 226 18
m0 9 6
1 4 14
2 9 1
3 0 6
t 225 18
m0 9 7
1 5 14
2 9 2
3 1 6
t 224 18
m0 9 6
1 4 14
2 9 1
3 0 6
t 223 18
m0 9 7
1 5 14
2 9 2
3 0 7
t 222 18
m0 9 6
1 4 14
2 9 3
3 0 6
t 221 18
m0 9 7
1 3 14
2 9 2
3 0 7
t 220 18
m0 9 6
1 3 13
2 9 3
3 0 6
t 219 18
m0 9 7
1 4 13
2 8 3
3 0 5
t 218 18
m0 9 6
1 4 14
2 9 3
3 0 6
t 217 18
m0 9 7
1 5 14
2 9 2
3 0 5
t 216 18
m0 9 6
1 4 14
2 9 1
3 0 4
t 215 18
m0 9 7
1 5 14
2 9 2
3 0 5
t 214 18
m0 9 6
1 6 14
2 9 3
3 0 6
t 213 18
m0 9 7
1 6 13
2 9 2
3 0 5
t 212 18
m0 9 6
1 6 14
2 9 1
3 0 4
t 211 18
m0 9 7
1 5 14
2 8 1
3 0 3
t 210 18
m0 9 6
1 6 14
2 7 1
3 0 2
t 209 18
m0 9 7
1 7 14
2 8 1
3 0 3
t 208 18
m0 9 6
1 6 14
2 9 1
3 0 2
t 207 18
m0 9 7
1 7 14
2 9 0
3 0 1
t 206 18
m0 9 6
1 6 14
2 9 1
3 0 0
t 205 18
m0 9 7
1 6 13
2 8 1
3 0 1
t 204 18
m0 9 6
1 6 14
2 9 1
3 0 2
t 203 18
m0 9 7
1 5 14
2 9 0
3 0 3
t 202 18
m0 9 6
1 6 14
2 9 1
3 0 4
t 201 18
m0 9 7
1 5 14
2 9 0
3 0 3
t 200 18
m0 9 6
1 6 14
2 9 1
3 0 4
t 199 18
m0 9 7
1 7 14
2 9 2
3 1 4
t 198 18
m0 9 6
1 8 14
2 9 1
3 1 5
t 197 18
m0 9 7
1 8 13
2 9 0
3 0 5
t 196 18
m0 9 6
1 9 13
2 9 1
3 0 4
t 195 18
m0 9 7
1 8 13
2 9 2
3 0 5
t 194 18
m0 9 6
1 8 12
2 9 3
3 1 5
t 193 18
m0 9 7
1 8 11
2 8 3
3 0 5
t 192 18
m0 9 6
1 8 12
2 9 3
3 0 4
t 191 18
m0 9 7
1 8 11
2 8 3
3 1 4
t 190 18
m0 9 6
1 9 11
2 8 4
3 1 5
t 189 18
m0 9 7
1 8 11
2 8 3
3 1 4
t 188 18
m0 9 6
1 9 11
2 9 3
3 0 4
t 187 18
m0 9 7
1 8 11
2 9 2
3 0 3
t 186 18
m0 9 6
1 8 12
2 9 1
3 0 2
t 185 18
m0 9 7
1 7 12
2 8 1
3 0 3
t 184 18
m0 9 6
1 8 12
2 7 1
3 0 4
t 183 18
m0 9 7
1 7 12
2 8 1
3 0 3
t 182 18
m0 9 6
1 8 12
2 7 1
3 0 4
t 181 18
m0 9 7
1 7 12
2 7 2
3 0 3
t 180 18
m0 9 6
1 8 12
2 7 1
3 0 4
t 179 18
m0 9 7
1 8 13
2 8 1
3 0 5
t 178 18
m0 9 6
1 8 14
2 7 1
3 0 6
t 177 18
m0 9 7
1 7 14
2 7 2
3 0 7
t 176 18
m0 9 6
1 8 14
2 7 1
3 0 6
t 175 18
m0 9 7
1 9 14
2 8 1
3 1 6
t 174 18
m0 9 6
1 8 14
2 7 1
3 2 6
t 173 18
m0 9 7
1 9 14
2 8 1
3 1 6
t 172 18
m0 9 6
1 9 13
2 7 1
3 2 6
t 171 18
m0 9 7
1 8 13
2 8 1
3 1 6
t 170 18
m0 9 6
1 9 13
2 7 1
3 0 6
t 169 18
m0 9 7
1 8 13
2 8 1
3 0 5
t 168 18
m0 9 6
1 8 14
2 9 1
3 0 6
t 167 18
m0 9 7
1 7 14
2 9 0
3 0 5
t 166 18
m0 9 6
1 8 14
2 9 1
3 1 5
t 165 18
m0 9 7
1 7 14
2 9 0
3 1 6
t 164 18
m0 9 6
1 6 14
2 9 1
3 0 6
t 163 18
m0 9 7
1 7 14
2 9 0
3 0 7
t 162 18
m0 9 6
1 6 14
2 9 1
3 0 6
t 161 18
m0 9 7
1 6 13
2 8 1
3 0 5
t 160 18
m0 9 6
1 6 14
2 9 1
3 0 4
t 159 18
m0 9 7
1 5 14
2 8 1
3 0 5
t 158 18
m0 9 6
1 6 14
2 7 1
3 0 6
t 157 18
m0 9 7
1 6 13
2 8 1
3 0 7
t 156 18
m0 9 6
1 6 14
2 7 1
3 0 6
t 155 18
m0 9 7
1 7 14
2 8 1
3 0 5
t 154 18
m0 9 6
1 6 14
2 7 1
3 0 6
t 153 18
m0 9 7
1 7 14
2 7 2
3 0 7
t 152 18
m0 9 6
1 6 14
2 7 1
3 0 6
t 151 18
m0 9 7
1 5 14
2 7 2
3 0 7
t 150 18
m0 9 6
1 6 14
2 7 1
3 0 6
t 149 18
m0 9 7
1 6 13
2 8 1
3 1 6
t 148 18
m0 9 6
1 6 14
2 9 1
3 0 6
t 147 18
m0 9 7
1 7 14
2 9 0
3 0 5
t 146 18
m0 9 6
1 6 14
2 9 1
3 0 4
t 145 18
m0 9 7
1 6 13
2 9 2
3 1 4
t 144 18
m0 9 6
1 6 14
2 9 3
3 0 4
t 143 18
m0 9 7
1 6 13
2 8 3
3 0 5
t 142 18
m0 9 6
1 6 14
2 9 3
3 0 6
t 141 18
m0 9 7
1 5 14
2 8 3
3 1 6
t 140 18
m0 9 6
1 6 14
2 9 3
3 1 5
t 139 18
m0 9 7
1 5 14
2 9 2
3 0 5
t 138 18
m0 9 6
1 6 14
2 9 1
3 0 4
t 137 18
m0 9 7
1 7 14
2 9 0
3 0 5
t 136 18
m0 9 6
1 6 14
2 9 1
3 1 5
t 135 18
m0 9 7
1 5 14
2 9 2
3 1 4
t 134 18
m0 9 6
1 6 14
2 9 3
3 1 5
t 133 18
m0 9 7
1 7 14
2 9 2
3 0 5
t 132 18
m0 9 6
1 6 14
2 9 3
3 0 4
t 131 18
m0 9 7
1 5 14
2 9 2
3 0 5
t 130 18
m0 9 6
1 4 14
2 9 1
3 0 6
t 129 18
m0 9 7
1 4 13
2 9 0
3 0 5
t 128 18
m0 9 6
1 4 14
2 9 1
3 0 4
t 127 18
m0 9 7
1 3 14
2 9 0
3 0 5
t 126 18
m0 9 6
1 3 13
2 9 1
3 0 4
t 125 18
m0 9 7
1 4 13
2 8 1
3 0 5
t 124 18
m0 9 6
1 4 12
2 7 1
3 1 5
t 123 18
m0 9 7
1 4 13
2 7 2
3 1 6
t 122 18
m0 9 6
1 4 14
2 7 1
3 2 6
t 121 18
m0 9 7
1 5 14
2 8 1
3 2 7
t 120 18
m0 9 6
1 6 14
2 9 1
3 2 6
t 119 18
m0 9 7
1 7 14
2 9 0
3 2 7
t 118 18
m0 9 6
1 8 14
2 9 1
3 2 8
t 117 18
m0 9 7
1 8 13
2 9 0
3 2 7
t 116 18
m0 9 6
1 8 14
2 9 1
3 2 6
t 115 18
m0 9 7
1 8 13
2 9 2
3 2 7
t 114 18
m0 9 6
1 8 12
2 9 1
3 2 8
t 113 18
m0 9 7
1 8 11
2 9 0
3 2 7
t 112 18
m0 9 6
1 8 12
2 9 1
3 2 6
t 111 18
m0 9 7
1 8 13
2 9 0
3 1 6
t 110 18
m0 9 6
1 8 14
2 9 1
3 2 6
t 109 18
m0 9 7
1 9 14
2 9 0
3 1 6
t 108 18
m0 9 6
1 9 13
2 9 1
3 0 6
t 107 18
m0 9 7
1 8 13
2 9 0
3 0 7
t 106 18
m0 9 6
1 8 14
2 9 1
3 0 6
t 105 18
m0 9 7
1 7 14
2 9 2
3 1 6
t 104 18
m0 9 6
1 8 14
2 9 1
3 0 6
t 103 18
m0 9 7
1 9 14
2 8 1
3 0 7
t 102 18
m0 9 6
1 9 13
2 7 1
3 0 6
t 101 18
m0 9 7
1 9 14
2 8 1
3 0 5
t 100 18
m0 9 6
1 9 13
2 7 1
3 0 6
t 99 18
m0 9 7
1 8 13
2 8 1
3 0 5
t 98 18
m0 9 6
1 8 12
2 9 1
3 0 4
t 97 18
m0 9 7
1 8 13
2 9 2
3 1 4
t 96 18
m0 9 6
1 8 14
2 9 1
3 1 5
t 95 18
m0 9 7
1 9 14
2 9 2
3 1 4
t 94 18
m0 9 6
1 8 14
2 9 3
3 1 5
t 93 18
m0 9 7
1 9 14
2 9 2
3 0 5
t 92 18
m0 9 6
1 8 14
2 9 3
3 0 6
t 91 18
m0 9 7
1 9 14
2 8 3
3 1 6
t 90 18
m0 9 6
1 8 14
2 9 3
3 2 6
t 89 18
m0 9 7
1 8 13
2 8 3
3 2 7
t 88 18
m0 9 6
1 8 14
2 9 3
3 2 8
t 87 18
m0 9 7
1 8 13
2 8 3
3 3 8
t 86 18
m0 9 6
1 8 14
2 9 3
3 2 8
t 85 18
m0 9 7
1 9 14
2 9 2
3 3 8
t 84 18
m0 9 6
1 8 14
2 9 3
3 3 9
t 83 18
m0 9 7
1 9 14
2 9 2
3 3 8
t 82 18
m0 9 6
1 8 14
2 9 1
3 4 8
t 81 18
m0 9 7
1 8 13
2 9 0
3 3 8
t 80 18
m0 9 6
1 9 13
2 9 1
3 4 8
t 79 18
m0 9 7
1 8 13
2 9 0
3 3 8
t 78 18
m0 9 6
1 9 13
2 9 1
3 2 8
t 77 18
m0 9 7
1 9 14
2 8 1
3 3 8
t 76 18
m0 9 6
1 8 14
2 9 1
3 3 9
t 75 18
m0 9 7
1 9 14
2 8 1
3 2 9
t 74 18
m0 9 6
1 9 13
2 9 1
3 2 8
t 73 18
m0 9 7
1 8 13
2 9 2
3 3 8
t 72 18
m0 9 6
1 8 12
2 9 1
3 2 8
t 71 18
m0 9 7
1 8 11
2 9 2
3 2 7
t 70 18
m0 9 6
1 8 12
2 9 1
3 2 6
t 69 18
m0 9 7
1 8 13
2 9 2
3 1 6
t 68 18
m0 9 6
1 8 14
2 9 1
3 1 5
t 67 18
m0 9 7
1 7 14
2 9 2
3 0 5
t 66 18
m0 9 6
1 6 14
2 9 1
3 0 6
t 65 18
m0 9 7
1 5 14
2 9 0
3 0 5
t 64 18
m0 9 6
1 6 14
2 9 1
3 0 6
t 63 18
m0 9 7
1 6 13
2 9 0
3 0 7
t 62 18
m0 9 6
1 6 14
2 9 1
3 0 6
t 61 18
m0 9 7
1 7 14
2 8 1
3 0 5
t 60 18
m0 9 6
1 6 14
2 9 1
3 1 5
t 59 18
m0 9 7
1 6 13
2 9 2
3 1 6
t 58 18
m0 9 6
1 6 14
2 9 1
3 0 6
t 57 18
m0 9 7
1 6 13
2 9 0
3 1 6
t 56 18
m0 9 6
1 6 14
2 9 1
3 2 6
t 55 18
m0 9 7
1 6 13
2 8 1
3 3 6
t 54 18
m0 9 6
1 6 14
2 9 1
3 4 6
t 53 18
m0 9 7
1 7 14
2 8 1
3 5 6
t 52 18
m0 9 6
1 8 14
2 7 1
3 4 6
t 51 18
m0 9 7
1 7 14
2 7 2
3 3 6
t 50 18
m0 9 6
1 8 14
2 6 2
3 2 6
t 49 18
m0 9 7
1 8 13
2 5 2
3 2 7
t 48 18
m0 9 6
1 8 14
2 5 1
3 2 8
t 47 18
m0 9 7
1 8 13
2 5 0
3 3 8
t 46 18
m0 9 6
1 9 13
2 6 0
3 4 8
t 45 18
m0 9 7
1 9 14
2 5 0
3 3 8
t 44 18
m0 9 6
1 8 14
2 5 1
3 3 9
t 43 18
m0 9 7
1 7 14
2 5 2
3 2 9
t 42 18
m0 9 6
1 8 14
2 5 1
3 2 8
t 41 18
m0 9 7
1 9 14
2 5 0
3 3 8
t 40 18
m0 9 6
1 8 14
2 6 0
3 2 8
t 39 18
m0 9 7
1 8 13
2 5 0
3 2 9
t 38 18
m0 9 6
1 8 12
2 6 0
3 2 8
t 37 18
m0 9 7
1 8 13
2 5 0
3 3 8
t 36 18
m0 9 6
1 8 12
2 5 1
3 4 8
t 35 18
m0 9 7
1 7 12
2 5 0
3 5 8
t 34 18
m0 9 6
1 8 12
2 6 0
3 5 7
t 33 18
m0 9 7
1 8 13
2 5 0
3 6 7
t 32 18
m0 9 6
1 8 14
2 4 0
3 5 7
t 31 18
m0 9 7
1 7 14
2 5 0
3 5 8
t 30 18
m0 9 6
1 8 14
2 4 0
3 5 9
t 29 18
m0 9 7
1 9 14
2 5 0
3 5 8
t 28 18
m0 9 6
1 8 14
2 4 0
3 5 9
t 27 18
m0 9 7
1 8 13
2 3 0
3 5 8
t 26 18
m0 9 6
1 8 12
2 2 0
3 5 7
t 25 18
m0 9 7
1 8 13
2 2 1
3 5 8
t 24 18
m0 9 6
1 9 13
2 2 0
3 5 7
t 23 18
m0 9 7
1 8 13
2 3 0
3 5 6
t 22 18
m0 9 6
1 8 14
2 4 0
3 5 7
t 21 18
m0 9 7
1 9 14
2 3 0
3 6 7
t 20 18
m0 9 6
1 9 13
2 2 0
3 5 7
t 19 18
m0 9 7
1 9 14
2 1 0
3 5 8
t 18 18
m0 9 6
1 8 14
2 0 0
3 5 7
t 17 18
m0 9 7
1 9 14
2 1 0
3 5 6
t 16 18
m0 9 6
1 9 13
2 2 0
3 6 6
t 15 18
m0 9 7
1 8 13
2 1 0
3 5 6
t 14 18
m0 9 6
1 8 14
2 0 0
3 6 6
t 13 18
m0 9 7
1 7 14
2 1 0
3 5 6
t 12 18
m0 9 6
1 6 14
2 0 0
3 6 6
t 11 18
m0 9 7
1 7 14
2 0 1
3 5 6
t 10 18
m0 9 6
1 8 14
2 0 0
3 5 7
t 9 18
m0 9 7
1 9 14
2 0 1
3 6 7
t 8 18
m0 9 6
1 8 14
2 1 1
3 5 7
t 7 18
m0 9 7
1 8 13
2 0 1
3 5 6
t 6 18
m0 9 6
1 8 14
2 0 2
3 6 6
t 5 18
m0 9 7
1 9 14
2 0 1
3 6 7
t 4 18
m0 9 6
1 9 13
2 0 2
3 6 6
t 3 18
m0 9 7
1 9 14
2 0 1
3 7 6
t 2 18
m0 9 6
1 9 13
2 1 1
3 7 7
t 1 18
m0 9 7
1 9 13
2 1 1
3 7 7
t 0 18
