10
15
w 9 1
w 9 8
w 2 1
w 0 7
w 9 4
w 3 7
w 7 11
w 5 1
w 1 11
w 2 4
w 7 2
w 3 14
w 5 8
w 8 14
w 7 6
w 5 12
w 8 10
w 1 5
w 0 11
w 2 13
w 3 2
w 7 14
w 9 14
w 7 1
w 8 11
w 9 3
w 0 12
w 0 8
w 4 11
w 3 5
w 5 10
w 9 2
w 9 9
w 7 4
w 5 14
w 5 2
w 0 2
p 7 3
p 5 9
p 1 3
p 8 13
p 4 7
p 6 6
p 5 6
p 7 7
p 8 9
p 6 2
p 1 6
p 2 12
p 0 10
p 2 5
p 8 5
p 6 14
p 1 2
p 4 0
p 4 9
p 5 5
p 2 9
p 3 3
p 1 14
p 6 3
p 9 11
p 5 0
p 1 10
p 8 6
p 4 1
p 4 10
p 5 4
p 5 11
p 6 11
p 1 13
p 6 0
p 1 4
p 7 5
p 2 3
p 1 9
p 4 2
p 6 12
p 5 3
p 2 7
p 9 13
p 8 3
p 7 9
p 3 12
p 4 6
p 1 12
p 6 1
p 3 1
p 7 13
p 3 8
p 0 6
p 0 9
p 3 4
m0 0 14
1 9 0
2 9 0
3 9 0
t 300 0
m0 0 14
1 8 0
2 8 0
3 8 0
t 299 0
m0 1 14
1 9 0
2 9 0
3 9 0
t 298 1
m0 1 13
1 8 0
2 8 0
3 8 0
t 297 2
m0 0 13
1 9 0
2 9 0
3 9 0
t 296 2
m0 0 13
1 8 0
2 8 0
3 8 0
t 295 2
m0 0 13
1 9 0
2 9 0
3 9 0
t 294 2
m0 0 14
1 8 0
2 8 0
3 8 0
t 293 2
m0 0 14
1 9 0
2 9 0
3 9 0
t 292 2
m0 1 14
1 8 0
2 8 0
3 8 0
t 291 2
m0 1 13
1 9 0
2 9 0
3 9 0
t 290 2
m0 0 13
1 8 0
2 8 0
3 8 0
t 289 2
m0 0 14
1 9 0
2 9 0
3 9 0
t 288 2
m0 1 14
1 8 0
2 8 0
3 8 0
t 287 2
m0 1 13
1 9 0
2 9 0
3 9 0
t 286 2
m0 1 14
1 8 0
2 8 0
3 8 0
t 285 2
m0 1 14
1 9 0
2 9 0
3 9 0
t 284 2
m0 1 13
1 8 0
2 8 0
3 8 0
t 283 2
m0 1 12
1 9 0
2 9 0
3 9 0
t 282 3
m0 2 12
1 8 0
2 8 0
3 8 0
t 281 4
m0 3 12
1 9 0
2 9 0
3 9 0
t 280 5
m0 3 12
1 8 0
2 8 0
3 8 0
t 279 5
m0 3 13
1 9 0
2 9 0
3 9 0
f 2 6
t 278 5
m0 4 13
1 8 0
2 8 0
3 8 0
t 277 5
m0 5 13
1 9 0
2 9 0
3 9 0
t 276 5
m0 6 13
1 8 0
2 8 0
3 8 0
t 275 5
m0 6 13
1 9 0
2 9 0
3 9 0
t 274 5
m0 7 13
1 8 0
2 8 0
3 8 0
t 273 6
m0 7 13
1 9 0
2 9 0
3 9 0
t 272 6
m0 7 12
1 8 0
2 8 0
3 8 0
t 271 6
m0 8 12
1 9 0
2 9 0
3 9 0
t 270 6
m0 8 13
1 8 0
2 8 0
3 8 0
t 269 7
m0 9 13
1 7 0
2 7 0
3 7 0
t 268 8
m0 9 12
1 6 0
2 6 0
3 6 0
t 267 8
m0 9 11
1 5 0
2 5 0
3 5 0
t 266 9
m0 9 10
1 4 0
2 4 0
3 4 0
t 265 9
m0 9 10
1 3 0
2 3 0
3 3 0
t 264 9
m0 9 11
1 2 0
2 2 0
3 2 0
t 263 9
m0 9 12
1 1 0
2 1 0
3 1 0
t 262 9
m0 9 12
1 0 0
2 0 0
3 0 0
t 261 9
m0 8 12
1 1 0
2 1 0
3 1 0
t 260 9
m0 8 12
1 0 0
2 0 0
3 0 0
t 259 9
m0 8 13
1 1 0
2 1 0
3 1 0
t 258 9
m0 7 13
1 0 0
2 0 0
3 0 0
t 257 9
m0 6 13
1 1 0
2 1 0
3 1 0
t 256 9
m0 6 12
1 0 0
2 0 0
3 0 0
t 255 10
m0 7 12
1 1 0
2 1 0
3 1 0
t 254 10
m0 8 12
1 0 0
2 0 0
3 0 0
t 253 10
m0 8 12
1 1 0
2 1 0
3 1 0
t 252 10
m0 7 12
1 0 0
2 0 0
3 0 0
t 251 10
m0 7 12
1 1 0
2 1 0
3 1 0
t 250 10
m0 7 13
1 0 0
2 0 0
3 0 0
t 249 10
m0 6 13
1 1 0
2 1 0
3 1 0
t 248 10
m0 6 12
1 0 0
2 0 0
3 0 0
t 247 10
m0 6 12
1 1 0
2 1 0
3 1 0
t 246 10
m0 6 12
1 0 0
2 0 0
3 0 0
t 245 10
m0 6 12
1 1 0
2 1 0
3 1 0
t 244 10
m0 6 13
1 0 0
2 0 0
3 0 0
t 243 10
m0 6 14
1 1 0
2 1 0
3 1 0
t 242 11
m0 6 13
1 0 0
2 0 0
3 0 0
t 241 11
m0 6 12
1 1 0
2 1 0
3 1 0
t 240 11
m0 6 11
1 0 0
2 0 0
3 0 0
t 239 12
m0 6 10
1 1 0
2 1 0
3 1 0
t 238 12
m0 6 9
1 0 0
2 0 0
3 0 0
t 237 12
m0 6 10
1 1 0
2 1 0
3 1 0
t 236 12
m0 6 9
1 0 0
2 0 0
3 0 0
t 235 12
m0 6 8
1 1 0
2 1 0
3 1 0
t 234 12
m0 6 9
1 0 0
2 0 0
3 0 0
t 233 12
m0 6 9
1 1 0
2 1 0
3 1 0
t 232 12
m0 6 9
1 0 0
2 0 0
3 0 0
t 231 12
m0 6 9
1 1 0
2 1 0
3 1 0
t 230 12
m0 5 9
1 0 0
2 0 0
3 0 0
t 229 13
m0 4 9
1 1 0
2 1 0
3 1 0
t 228 14
m0 3 9
1 0 0
2 0 0
3 0 0
t 227 14
m0 3 10
1 1 0
2 1 0
3 1 0
t 226 14
m0 2 10
1 0 0
2 0 0
3 0 0
t 225 14
m0 3 10
1 1 0
2 1 0
3 1 0
t 224 14
m0 4 10
1 0 0
2 0 0
3 0 0
t 223 15
m0 3 10
1 1 0
2 1 0
3 1 0
t 222 15
m0 2 10
1 0 0
2 0 0
3 0 0
t 221 15
m0 2 9
1 1 0
2 1 0
3 1 0
t 220 16
m0 2 9
1 0 0
2 0 0
3 0 0
t 219 16
m0 2 8
1 1 0
2 1 0
3 1 0
t 218 16
m0 1 8
1 2 0
2 2 0
3 2 0
t 217 16
m0 1 9
1 3 0
2 3 0
3 3 0
t 216 17
m0 2 9
1 4 0
2 4 0
3 4 0
t 215 17
m0 1 9
1 5 0
2 5 0
3 5 0
t 214 17
m0 1 10
1 6 0
2 6 0
3 6 0
t 213 18
m0 1 9
1 7 0
2 7 0
3 7 0
t 212 18
m0 1 8
1 8 0
2 8 0
3 8 0
t 211 18
m0 1 7
1 9 0
2 9 0
3 9 0
t 210 18
m0 1 7
1 8 0
2 8 0
3 8 0
t 209 18
m0 1 7
1 9 0
2 9 0
3 9 0
t 208 18
m0 1 7
1 8 0
2 8 0
3 8 0
t 207 18
m0 1 6
1 9 0
2 9 0
3 9 0
t 206 19
m0 2 6
1 8 0
2 8 0
3 8 0
t 205 29
m0 2 5
1 9 0
2 9 0
3 9 0
t 204 30
m0 2 6
1 8 0
2 8 0
3 8 0
t 203 30
m0 2 6
1 9 0
2 9 0
3 9 0
t 202 30
m0 3 6
1 8 0
2 8 0
3 8 0
t 201 30
m0 3 6
1 9 0
2 9 0
3 9 0
t 200 30
m0 4 6
1 8 0
2 8 0
3 8 0
t 199 31
m0 3 6
1 9 0
2 9 0
3 9 0
t 198 31
m0 3 6
1 8 0
2 8 0
3 8 0
t 197 31
m0 2 6
1 9 0
2 9 0
3 9 0
t 196 31
m0 1 6
1 8 0
2 8 0
3 8 0
t 195 31
m0 0 6
1 9 0
2 9 0
3 9 0
t 194 32
m0 0 5
1 8 0
2 8 0
3 8 0
t 193 32
m0 0 5
1 9 0
2 9 0
3 9 0
t 192 32
m0 0 5
1 8 0
2 8 0
3 8 0
t 191 32
m0 0 5
1 9 0
2 9 0
3 9 0
t 190 32
m0 0 6
1 8 0
2 8 0
3 8 0
t 189 32
m0 0 6
1 9 0
2 9 0
3 9 0
t 188 32
m0 0 5
1 8 0
2 8 0
3 8 0
t 187 32
m0 0 5
1 9 0
2 9 0
3 9 0
t 186 32
m0 0 4
1 8 0
2 8 0
3 8 0
t 185 32
m0 0 4
1 9 0
2 9 0
3 9 0
t 184 32
m0 0 4
1 8 0
2 8 0
3 8 0
f 1 1
t 183 32
m0 0 3
1 9 0
2 9 0
3 9 0
t 182 32
m0 1 3
1 8 0
2 8 0
3 8 0
t 181 33
m0 1 2
1 9 0
2 9 0
3 9 0
t 180 34
m0 1 1
1 8 0
2 8 0
3 8 0
t 179 44
m0 1 1
1 9 0
2 9 0
3 9 0
t 178 44
m0 1 2
1 8 0
2 8 0
3 8 0
t 177 44
m0 1 2
1 9 0
2 9 0
3 9 0
t 176 44
m0 1 1
1 8 0
2 8 0
3 8 0
t 175 44
m0 1 2
1 9 0
2 9 0
3 9 0
t 174 44
m0 2 2
1 8 0
2 8 0
3 8 0
t 173 44
m0 2 2
1 9 0
2 9 0
3 9 0
t 172 44
m0 2 2
1 8 0
2 8 0
3 8 0
t 171 44
m0 1 2
1 9 0
2 9 0
3 9 0
t 170 44
m0 2 2
1 8 0
2 8 0
3 8 0
t 169 44
m0 2 2
1 9 0
2 9 0
3 9 0
t 168 44
m0 2 3
1 8 0
2 8 0
3 8 0
t 167 45
m0 2 3
1 9 0
2 9 0
3 9 0
t 166 45
m0 1 3
1 8 0
2 8 0
3 8 0
t 165 45
m0 1 2
1 9 0
2 9 0
3 9 0
t 164 45
m0 1 3
1 8 0
2 8 0
3 8 0
t 163 45
m0 1 2
1 9 0
2 9 0
3 9 0
t 162 45
m0 2 2
1 8 0
2 8 0
3 8 0
t 161 45
m0 2 2
1 9 0
2 9 0
3 9 0
t 160 45
m0 1 2
1 8 0
2 8 0
3 8 0
t 159 45
m0 2 2
1 9 0
2 9 0
3 9 0
t 158 45
m0 1 2
1 8 0
2 8 0
3 8 0
t 157 45
m0 2 2
1 9 0
2 9 0
3 9 0
t 156 45
m0 2 3
1 8 0
2 8 0
3 8 0
t 155 45
m0 2 3
1 9 0
2 9 0
3 9 0
t 154 45
m0 3 3
1 8 0
2 8 0
3 8 0
t 153 46
m0 3 3
1 9 0
2 9 0
3 9 0
t 152 46
m0 3 4
1 8 0
2 8 0
3 8 0
t 151 47
m0 3 4
1 9 0
2 9 0
3 9 0
t 150 47
m0 4 4
1 8 0
2 8 0
3 8 0
t 149 47
m0 4 4
1 9 0
2 9 0
3 9 0
f 8 8
t 148 47
m0 5 4
1 8 0
2 8 0
3 8 0
t 147 48
m0 5 3
1 9 0
2 9 0
3 9 0
t 146 49
m0 5 4
1 8 0
2 8 0
3 8 0
t 145 49
m0 5 4
1 9 0
2 9 0
3 9 0
t 144 49
m0 5 4
1 8 0
2 8 0
3 8 0
t 143 49
m0 5 5
1 9 0
2 9 0
3 9 0
t 142 50
m0 5 6
1 8 0
2 8 0
3 8 0
t 141 51
m0 6 6
1 9 0
2 9 0
3 9 0
t 140 52
m0 5 6
1 8 0
2 8 0
3 8 0
t 139 52
m0 6 6
1 9 0
2 9 0
3 9 0
t 138 52
m0 5 6
1 8 0
2 8 0
3 8 0
t 137 52
m0 5 6
1 9 0
2 9 0
3 9 0
t 136 52
m0 6 6
1 8 0
2 8 0
3 8 0
t 135 52
m0 6 6
1 9 0
2 9 0
3 9 0
t 134 52
m0 6 5
1 8 0
2 8 0
3 8 0
t 133 52
m0 7 5
1 9 0
2 9 0
3 9 0
t 132 53
m0 8 5
1 8 0
2 8 0
3 8 0
t 131 54
m0 8 5
1 9 0
2 9 0
3 9 0
t 130 54
m0 8 5
1 8 0
2 8 0
3 8 0
t 129 54
m0 8 4
1 9 0
2 9 0
3 9 0
t 128 54
m0 8 3
1 8 0
2 8 0
3 8 0
t 127 55
m0 7 3
1 9 0
2 9 0
3 9 0
t 126 56
m0 7 3
1 8 0
2 8 0
3 8 0
t 125 56
m0 7 3
1 9 0
2 9 0
3 9 0
t 124 56
m0 6 3
1 8 0
2 8 0
3 8 0
t 123 57
m0 6 2
1 9 0
2 9 0
3 9 0
t 122 58
m0 6 2
1 8 0
2 8 0
3 8 0
t 121 58
m0 6 1
1 9 0
2 9 0
3 9 0
t 120 59
m0 6 0
1 8 0
2 8 0
3 8 0
t 119 60
m0 6 0
1 9 0
2 9 0
3 9 0
t 118 60
m0 6 0
1 8 0
2 8 0
3 8 0
t 117 60
m0 6 0
1 9 0
2 9 0
3 9 0
t 116 60
m0 7 0
1 8 0
2 8 0
3 8 0
t 115 60
m0 6 0
1 9 0
2 9 0
3 9 0
t 114 60
m0 6 0
1 8 0
2 8 0
3 8 0
t 113 60
m0 5 0
1 9 0
2 9 0
3 9 0
t 112 61
m0 5 0
1 8 0
2 8 0
3 8 0
t 111 61
m0 5 0
1 9 0
2 9 0
3 9 0
t 110 61
m0 5 0
1 8 0
2 8 0
3 8 0
t 109 61
m0 5 0
1 9 0
2 9 0
3 9 0
t 108 61
m0 6 0
1 8 0
2 8 0
3 8 0
t 107 61
m0 5 0
1 9 0
2 9 0
3 9 0
t 106 61
m0 4 0
1 8 0
2 8 0
3 8 0
t 105 62
m0 4 0
1 9 0
2 9 0
3 9 0
t 104 62
m0 3 0
1 8 0
2 8 0
3 8 0
t 103 62
m0 4 0
1 9 0
2 9 0
3 9 0
t 102 62
m0 4 1
1 8 0
2 8 0
3 8 0
t 101 63
m0 4 2
1 9 0
2 9 0
3 9 0
t 100 64
m0 4 2
1 8 0
2 8 0
3 8 0
t 99 64
m0 4 1
1 9 0
2 9 0
3 9 0
t 98 64
m0 4 1
1 8 0
2 8 0
3 8 0
t 97 64
m0 3 1
1 9 0
2 9 0
3 9 0
t 96 65
m0 4 1
1 8 0
2 8 0
3 8 0
t 95 65
m0 4 2
1 9 0
2 9 0
3 9 0
t 94 65
m0 4 3
1 8 0
2 8 0
3 8 0
t 93 65
m0 3 3
1 9 0
2 9 0
3 9 0
t 92 65
m0 3 3
1 8 0
2 8 0
3 8 0
t 91 65
m0 4 3
1 9 0
2 9 0
3 9 0
t 90 65
m0 3 3
1 8 0
2 8 0
3 8 0
t 89 65
m0 3 4
1 9 0
2 9 0
3 9 0
t 88 65
m0 4 4
1 8 0
2 8 0
3 8 0
t 87 65
m0 4 3
1 9 0
2 9 0
3 9 0
t 86 65
m0 3 3
1 8 0
2 8 0
3 8 0
t 85 65
m0 3 4
1 9 0
2 9 0
3 9 0
t 84 65
m0 4 4
1 8 0
2 8 0
3 8 0
t 83 65
m0 4 4
1 9 0
2 9 0
3 9 0
t 82 65
m0 5 4
1 8 0
2 8 0
3 8 0
t 81 65
m0 6 4
1 9 0
2 9 0
3 9 0
t 80 65
m0 6 5
1 8 0
2 8 0
3 8 0
t 79 65
m0 6 6
1 9 0
2 9 0
3 9 0
t 78 65
m0 6 7
1 8 0
2 8 0
3 8 0
t 77 65
m0 7 7
1 9 0
2 9 0
3 9 0
t 76 66
m0 7 7
1 8 0
2 8 0
3 8 0
t 75 66
m0 8 7
1 9 0
2 9 0
3 9 0
t 74 66
m0 7 7
1 8 0
2 8 0
3 8 0
t 73 66
m0 7 7
1 9 0
2 9 0
3 9 0
t 72 66
m0 6 7
1 8 0
2 8 0
3 8 0
t 71 66
m0 7 7
1 9 0
2 9 0
3 9 0
t 70 66
m0 8 7
1 8 0
2 8 0
3 8 0
t 69 66
m0 8 6
1 9 0
2 9 0
3 9 0
t 68 67
m0 8 6
1 8 0
2 8 0
3 8 0
t 67 67
m0 8 6
1 9 0
2 9 0
3 9 0
t 66 67
m0 8 6
1 8 0
2 8 0
3 8 0
t 65 67
m0 8 5
1 9 0
2 9 0
3 9 0
t 64 67
m0 8 6
1 8 0
2 8 0
3 8 0
t 63 67
m0 8 7
1 9 0
2 9 0
3 9 0
t 62 67
m0 7 7
1 8 0
2 8 0
3 8 0
t 61 67
m0 7 8
1 9 0
2 9 0
3 9 0
t 60 67
m0 7 8
1 8 0
2 8 0
3 8 0
t 59 67
m0 7 8
1 9 0
2 9 0
3 9 0
t 58 67
m0 6 8
1 8 0
2 8 0
3 8 0
t 57 67
m0 7 8
1 9 0
2 9 0
3 9 0
t 56 67
m0 7 8
1 8 0
2 8 0
3 8 0
t 55 67
m0 7 8
1 9 0
2 9 0
3 9 0
t 54 67
m0 7 9
1 8 0
2 8 0
3 8 0
t 53 68
m0 7 8
1 9 0
2 9 0
3 9 0
t 52 68
m0 8 8
1 8 0
2 8 0
3 8 0
t 51 78
m0 8 9
1 9 0
2 9 0
3 9 0
t 50 79
m0 8 8
1 8 0
2 8 0
3 8 0
f 6 0
t 49 79
m0 8 7
1 9 0
2 9 0
3 9 0
t 48 79
m0 9 7
1 8 0
2 8 0
3 8 0
t 47 79
m0 8 7
1 9 0
2 9 0
3 9 0
t 46 79
m0 7 7
1 8 0
2 8 0
3 8 0
t 45 79
m0 7 7
1 9 0
2 9 0
3 9 0
t 44 79
m0 8 7
1 8 0
2 8 0
3 8 0
t 43 79
m0 8 7
1 9 0
2 9 0
3 9 0
t 42 79
m0 8 7
1 8 0
2 8 0
3 8 0
t 41 79
m0 7 7
1 9 0
2 9 0
3 9 0
t 40 79
m0 7 7
1 8 0
2 8 0
3 8 0
t 39 79
m0 7 7
1 9 0
2 9 0
3 9 0
t 38 79
m0 8 7
1 8 0
2 8 0
3 8 0
t 37 79
m0 7 7
1 9 0
2 9 0
3 9 0
t 36 79
m0 6 7
1 8 0
2 8 0
3 8 0
t 35 79
m0 5 7
1 9 0
2 9 0
3 9 0
t 34 79
m0 6 7
1 8 0
2 8 0
3 8 0
t 33 79
m0 5 7
1 9 0
2 9 0
3 9 0
t 32 79
m0 4 7
1 8 0
2 8 0
3 8 0
t 31 80
m0 5 7
1 9 0
2 9 0
3 9 0
t 30 80
m0 4 7
1 8 0
2 8 0
3 8 0
t 29 80
m0 4 7
1 9 0
2 9 0
3 9 0
t 28 80
m0 4 8
1 8 0
2 8 0
3 8 0
t 27 80
m0 4 8
1 9 0
2 9 0
3 9 0
t 26 80
m0 4 9
1 8 0
2 8 0
3 8 0
t 25 80
m0 4 8
1 9 0
2 9 0
3 9 0
t 24 80
m0 3 8
1 8 0
2 8 0
3 8 0
t 23 81
m0 4 8
1 9 0
2 9 0
3 9 0
t 22 81
m0 4 7
1 8 0
2 8 0
3 8 0
t 21 81
m0 4 6
1 9 0
2 9 0
3 9 0
t 20 81
m0 4 6
1 8 0
2 8 0
3 8 0
t 19 81
m0 3 6
1 9 0
2 9 0
3 9 0
t 18 81
m0 3 6
1 8 0
2 8 0
3 8 0
t 17 81
m0 2 6
1 9 0
2 9 0
3 9 0
t 16 81
m0 2 6
1 8 0
2 8 0
3 8 0
t 15 81
m0 2 6
1 9 0
2 9 0
3 9 0
t 14 81
m0 2 7
1 8 0
2 8 0
3 8 0
t 13 82
m0 2 6
1 9 0
2 9 0
3 9 0
t 12 82
m0 2 5
1 8 0
2 8 0
3 8 0
t 11 82
m0 2 5
1 9 0
2 9 0
3 9 0
t 10 82
m0 2 5
1 8 0
2 8 0
3 8 0
t 9 82
m0 2 6
1 9 0
2 9 0
3 9 0
t 8 82
m0 1 6
1 8 0
2 8 0
3 8 0
t 7 82
m0 0 6
1 9 0
2 9 0
3 9 0
t 6 82
m0 0 5
1 8 0
2 8 0
3 8 0
t 5 82
m0 0 4
1 9 0
2 9 0
3 9 0
t 4 82
m0 0 3
1 8 0
2 8 0
3 8 0
t 3 82
m0 0 3
1 9 0
2 9 0
3 9 0
t 2 82
m0 0 3
1 8 0
2 8 0
3 8 0
t 1 82
m0 0 4
1 8 0
2 8 0
3 8 0
t 0 82
