10
15
w 5 9
w 8 0
w 3 11
w 7 7
w 6 2
w 0 10
w 9 4
w 3 7
w 7 11
w 0 3
w 8 14
w 3 3
w 5 5
w 5 12
w 3 10
w 1 14
w 4 13
w 9 11
w 5 0
w 7 10
w 8 6
w 8 2
w 4 5
w 0 5
w 5 3
w 0 1
w 3 5
w 1 12
w 3 1
w 2 11
w 5 7
w 9 9
w 7 4
w 1 8
w 6 13
w 9 12
w 8 4
p 4 7
p 9 1
p 6 6
p 5 6
p 2 8
p 2 1
p 1 6
p 2 12
p 8 5
p 2 4
p 5 8
p 3 14
p 4 0
p 9 0
p 6 7
p 4 4
p 6 10
p 6 3
p 2 13
p 2 2
p 4 1
p 4 10
p 3 2
p 0 0
p 9 14
p 6 4
p 7 1
p 3 13
p 1 13
p 5 11
p 5 2
p 6 0
p 1 4
p 0 12
p 9 10
p 3 9
p 2 3
p 1 9
p 1 0
p 2 14
p 0 8
p 4 11
p 6 5
p 9 13
p 3 12
p 4 6
p 5 10
p 8 12
p 7 13
p 5 14
p 8 8
p 4 3
p 1 7
p 0 9
p 7 8
p 0 2
m0 0 14
1 9 0
2 9 0
3 9 0
t 300 0
m0 0 13
1 9 1
2 9 1
3 9 1
t 299 0
m0 1 13
1 9 0
2 8 1
3 8 1
t 298 1
m0 2 13
1 9 1
2 7 1
3 9 1
t 297 2
m0 3 13
1 9 2
2 6 1
3 9 2
t 296 3
m0 3 12
1 9 1
2 6 0
3 9 3
t 295 4
m0 4 12
1 9 0
2 6 1
3 9 2
t 294 4
m0 4 11
1 9 1
2 7 1
3 9 3
t 293 5
m0 5 11
1 9 0
2 6 1
3 9 2
t 292 6
m0 6 11
1 9 1
2 6 0
3 9 1
t 291 6
m0 6 10
1 9 0
2 7 0
3 9 0
t 290 7
m0 6 9
1 9 1
2 6 0
3 9 1
t 289 7
m0 7 9
1 9 0
2 7 0
3 9 2
t 288 7
m0 8 9
1 9 1
2 6 0
3 9 3
t 287 7
m0 8 8
1 8 1
2 7 0
3 8 3
t 286 8
m0 9 8
1 9 1
2 6 0
3 7 3
t 285 8
m0 9 7
1 8 1
2 7 0
3 6 3
t 284 8
m0 9 6
1 9 1
2 7 1
3 6 4
t 283 8
m0 9 5
1 8 1
2 6 1
3 5 4
t 282 8
m0 8 5
1 9 1
2 5 1
3 4 4
t 281 9
m0 9 5
1 9 0
2 4 1
3 3 4
t 280 9
m0 8 5
1 9 1
2 5 1
3 2 4
t 279 9
m0 9 5
1 9 0
2 4 1
3 1 4
f 8 8
t 278 9
m0 9 5
1 9 1
2 4 0
3 0 4
t 277 9
m0 9 5
1 9 2
2 3 0
3 1 4
t 276 9
m0 9 5
1 9 3
2 2 0
3 0 4
t 275 9
m0 9 5
1 8 3
2 1 0
3 1 4
t 274 9
m0 9 5
1 7 3
2 0 0
3 0 4
t 273 9
m0 9 5
1 8 3
2 1 0
3 1 4
t 272 9
m0 9 5
1 9 3
2 0 0
3 1 3
t 271 9
m0 9 5
1 9 2
2 1 0
3 1 2
t 270 9
m0 9 5
1 9 1
2 0 0
3 1 1
t 269 9
m0 9 5
1 9 2
2 1 0
3 1 2
t 268 9
m0 9 5
1 9 1
2 0 0
3 1 1
t 267 9
m0 9 5
1 9 2
2 1 0
3 1 0
t 266 9
m0 9 5
1 9 3
2 0 0
3 0 0
t 265 9
m0 9 5
1 9 2
2 1 0
3 1 0
t 264 9
m0 9 5
1 9 3
2 1 1
3 0 0
t 263 9
m0 9 5
1 9 2
2 1 2
3 1 0
t 262 9
m0 9 5
1 9 3
2 1 1
3 0 0
t 261 9
m0 9 5
1 8 3
2 1 2
3 1 0
t 260 9
m0 9 5
1 7 3
2 1 1
3 1 1
t 259 9
m0 9 5
1 8 3
2 2 1
3 1 2
t 258 9
m0 9 5
1 9 3
2 2 2
3 1 1
t 257 9
m0 9 5
1 9 2
2 3 2
3 1 0
t 256 9
m0 9 5
1 9 3
2 2 2
3 0 0
t 255 9
m0 9 5
1 8 3
2 3 2
3 1 0
t 254 9
m0 9 5
1 9 3
2 2 2
3 0 0
t 253 9
m0 9 5
1 8 3
2 1 2
3 1 0
t 252 9
m0 9 5
1 7 3
2 0 2
3 2 0
t 251 9
m0 9 5
1 6 3
2 1 2
3 3 0
t 250 9
m0 9 5
1 6 4
2 0 2
3 4 0
t 249 9
m0 9 5
1 6 5
2 1 2
3 3 0
t 248 9
m0 9 5
1 7 5
2 0 2
3 2 0
t 247 9
m0 9 5
1 8 5
2 1 2
3 1 0
t 246 9
m0 -5 -5
1 9 5
2 0 2
3 0 0
t 245 9
