10
15
w 8 13
w 4 8
w 3 0
w 2 8
w 5 6
w 8 0
w 8 9
w 0 3
w 3 14
w 5 8
w 6 14
w 3 3
w 3 10
w 6 10
w 4 4
w 8 10
w 0 4
w 9 7
w 4 10
w 0 0
w 8 2
w 6 0
w 1 4
w 2 10
w 4 14
w 7 5
w 6 12
w 4 2
w 0 8
w 0 1
w 2 7
w 3 12
w 4 6
w 1 12
w 9 2
w 2 0
w 0 9
p 4 7
p 9 1
p 7 12
p 0 2
p 9 8
p 7 7
p 3 11
p 6 2
p 1 6
p 4 12
p 9 4
p 3 7
p 2 5
p 1 2
p 9 0
p 4 9
p 5 5
p 2 9
p 8 1
p 5 12
p 7 6
p 1 14
p 1 5
p 2 13
p 9 11
p 3 6
p 7 10
p 1 10
p 8 6
p 4 1
p 5 4
p 2 6
p 9 14
p 3 13
p 5 11
p 1 13
p 8 11
p 9 10
p 1 9
p 2 14
p 9 6
p 4 11
p 7 9
p 7 8
p 9 13
p 8 12
p 2 11
p 9 9
p 0 13
p 1 8
p 4 3
p 6 13
p 9 5
p 3 4
p 2 4
p 9 12
m0 0 14
1 9 0
2 9 0
3 9 0
t 300 0
m0 0 14
1 9 1
2 9 1
3 9 1
t 299 0
m0 0 14
1 9 0
2 8 1
3 9 0
t 298 0
m0 1 14
1 9 1
2 7 1
3 9 1
t 297 1
m0 0 14
1 9 0
2 6 1
3 8 1
t 296 1
m0 0 13
1 9 1
2 5 1
3 7 1
t 295 2
m0 1 13
1 9 0
2 5 0
3 7 2
t 294 3
m0 1 13
1 9 1
2 4 0
3 6 2
t 293 3
m0 1 13
1 9 0
2 5 0
3 7 2
t 292 3
m0 0 13
1 9 1
2 4 0
3 6 2
f 6 7
t 291 3
m0 0 14
1 9 0
2 5 0
3 7 2
t 290 3
m0 0 14
1 9 1
2 4 0
3 6 2
t 289 3
m0 0 13
1 9 0
2 5 0
3 7 2
t 288 3
m0 0 14
1 9 1
2 4 0
3 6 2
t 287 3
m0 0 13
1 9 0
2 5 0
3 7 2
t 286 3
m0 0 12
1 9 1
2 4 0
3 6 2
t 285 3
m0 0 13
1 9 0
2 5 0
3 7 2
t 284 3
m0 0 12
1 9 1
2 4 0
3 6 2
t 283 3
m0 0 11
1 9 0
2 5 0
3 7 2
t 282 3
m0 1 11
1 9 1
2 4 0
3 6 2
t 281 3
m0 2 11
1 9 0
2 5 0
3 7 2
t 280 4
m0 3 11
1 9 1
2 4 0
3 6 2
t 279 5
m0 4 11
1 9 0
2 5 0
3 7 2
t 278 6
m0 4 11
1 9 1
2 4 0
3 6 2
t 277 6
m0 4 11
1 9 0
2 5 0
3 7 2
t 276 6
m0 3 11
1 9 1
2 4 0
3 6 2
t 275 6
m0 4 11
1 9 0
2 5 0
3 7 2
t 274 6
m0 4 12
1 9 1
2 4 0
3 6 2
t 273 7
m0 4 12
1 9 0
2 5 0
3 7 2
t 272 7
m0 5 12
1 9 1
2 4 0
3 6 2
t 271 8
m0 5 13
1 9 0
2 5 0
3 7 2
t 270 8
m0 5 13
1 9 1
2 4 0
3 6 2
t 269 8
m0 6 13
1 9 0
2 5 0
3 7 2
t 268 9
m0 5 13
1 9 1
2 4 0
3 6 2
t 267 9
m0 5 13
1 9 0
2 5 0
3 7 2
t 266 9
m0 4 13
1 9 1
2 4 0
3 6 2
t 265 9
m0 4 12
1 9 0
2 5 0
3 7 2
t 264 9
m0 4 13
1 9 1
2 4 0
3 6 2
t 263 9
m0 3 13
1 9 0
2 5 0
3 7 2
t 262 10
m0 2 13
1 9 1
2 4 0
3 6 2
t 261 11
m0 1 13
1 9 0
2 5 0
3 7 2
t 260 11
m0 1 13
1 9 1
2 4 0
3 6 2
t 259 11
m0 2 13
1 9 0
2 5 0
3 7 2
t 258 11
m0 2 14
1 9 1
2 4 0
3 6 2
t 257 12
m0 2 14
1 9 0
2 5 0
3 7 2
t 256 12
m0 2 14
1 9 1
2 4 0
3 6 2
t 255 12
m0 1 14
1 9 0
2 5 0
3 7 2
t 254 12
m0 0 14
1 9 1
2 4 0
3 6 2
t 253 12
m0 1 14
1 9 0
2 5 0
3 7 2
t 252 12
m0 2 14
1 9 1
2 4 0
3 6 2
t 251 12
m0 2 13
1 9 0
2 5 0
3 7 2
t 250 12
m0 2 14
1 9 1
2 4 0
3 6 2
t 249 12
m0 2 13
1 9 0
2 5 0
3 7 2
t 248 12
m0 2 13
1 9 1
2 4 0
3 6 2
t 247 12
m0 2 14
1 9 0
2 5 0
3 7 2
t 246 12
m0 2 14
1 9 1
2 4 0
3 6 2
t 245 12
m0 2 13
1 9 0
2 5 0
3 7 2
t 244 12
m0 3 13
1 9 1
2 4 0
3 6 2
t 243 12
m0 4 13
1 9 0
2 5 0
3 7 2
t 242 12
m0 4 13
1 9 1
2 4 0
3 6 2
t 241 12
m0 3 13
1 9 0
2 5 0
3 7 2
t 240 12
m0 4 13
1 9 1
2 4 0
3 6 2
t 239 12
m0 4 12
1 9 0
2 5 0
3 7 2
t 238 12
m0 5 12
1 9 1
2 4 0
3 6 2
t 237 12
m0 5 11
1 9 0
2 5 0
3 7 2
t 236 13
m0 6 11
1 9 1
2 4 0
3 6 2
t 235 13
m0 6 11
1 9 0
2 5 0
3 7 2
t 234 13
m0 5 11
1 9 1
2 4 0
3 6 2
t 233 13
m0 5 11
1 9 0
2 5 0
3 7 2
t 232 13
m0 5 10
1 9 1
2 4 0
3 6 2
t 231 13
m0 5 10
1 9 0
2 5 0
3 7 2
t 230 13
m0 5 9
1 9 1
2 4 0
3 7 1
t 229 13
m0 5 9
1 9 0
2 5 0
3 7 2
t 228 13
m0 5 10
1 9 1
2 4 0
3 6 2
t 227 13
m0 5 11
1 9 0
2 5 0
3 7 2
t 226 13
m0 4 11
1 9 1
2 4 0
3 6 2
t 225 13
m0 4 11
1 9 0
2 5 0
3 7 2
t 224 13
m0 5 11
1 9 1
2 4 0
3 6 2
t 223 13
m0 5 10
1 9 0
2 5 0
3 7 2
t 222 13
m0 5 9
1 9 1
2 4 0
3 7 1
t 221 13
m0 5 10
1 9 0
2 5 0
3 7 2
t 220 13
m0 5 9
1 9 1
2 4 0
3 7 1
t 219 13
m0 5 10
1 9 0
2 5 0
3 7 2
t 218 13
m0 5 11
1 9 1
2 4 0
3 6 2
t 217 13
m0 4 11
1 9 0
2 5 0
3 7 2
t 216 13
m0 4 11
1 9 1
2 4 0
3 6 2
t 215 13
m0 5 11
1 9 0
2 5 0
3 7 2
t 214 13
m0 4 11
1 9 1
2 4 0
3 6 2
t 213 13
m0 4 12
1 9 0
2 5 0
3 7 2
t 212 13
m0 4 13
1 9 1
2 4 0
3 6 2
t 211 13
m0 5 13
1 9 0
2 5 0
3 7 2
t 210 13
m0 5 12
1 9 1
2 4 0
3 6 2
t 209 13
m0 5 11
1 9 0
2 5 0
3 7 2
t 208 13
m0 5 10
1 9 1
2 4 0
3 6 2
t 207 13
m0 5 9
1 9 0
2 5 0
3 7 2
t 206 13
m0 5 9
1 9 1
2 4 0
3 7 1
t 205 13
m0 5 9
1 9 0
2 5 0
3 7 2
t 204 13
m0 5 10
1 9 1
2 4 0
3 6 2
t 203 13
m0 5 9
1 9 0
2 5 0
3 7 2
t 202 13
m0 6 9
1 9 1
2 4 0
3 7 1
t 201 13
m0 6 8
1 9 0
2 5 0
3 8 1
t 200 13
m0 6 9
1 9 1
2 4 0
3 7 1
t 199 13
m0 6 8
1 9 0
2 5 0
3 8 1
t 198 13
m0 6 9
1 9 1
2 4 0
3 7 1
t 197 13
m0 6 8
1 9 0
2 5 0
3 8 1
t 196 13
m0 6 7
1 9 1
2 4 0
3 7 1
t 195 23
m0 6 8
1 9 0
2 5 0
3 8 1
t 194 23
m0 6 7
1 9 1
2 4 0
3 7 1
t 193 23
m0 6 7
1 9 0
2 5 0
3 8 1
t 192 23
m0 6 6
1 9 1
2 4 0
3 7 1
t 191 23
m0 6 5
1 9 0
2 5 0
3 8 1
t 190 23
m0 6 4
1 9 1
2 4 0
3 7 1
t 189 23
m0 6 5
1 9 0
2 5 0
3 8 1
t 188 23
m0 6 5
1 9 1
2 4 0
3 7 1
t 187 23
m0 6 4
1 9 0
2 5 0
3 8 1
t 186 23
m0 6 4
1 9 1
2 4 0
3 7 1
t 185 23
m0 6 5
1 9 0
2 5 0
3 8 1
t 184 23
m0 5 5
1 9 1
2 4 0
3 7 1
t 183 24
m0 5 4
1 9 0
2 5 0
3 8 1
t 182 25
m0 5 4
1 9 1
2 4 0
3 7 1
t 181 25
m0 5 3
1 9 0
2 5 0
3 8 1
t 180 25
m0 5 2
1 9 1
2 5 1
3 7 1
t 179 25
m0 6 2
1 9 0
2 6 1
3 8 1
t 178 26
m0 7 2
1 9 1
2 7 1
3 9 1
t 177 26
m0 7 3
1 9 0
2 8 1
3 9 0
t 176 26
m0 6 3
1 9 1
2 7 1
3 9 1
t 175 26
m0 6 4
1 9 0
2 7 0
3 8 1
t 174 26
m0 7 4
1 9 1
2 7 1
3 9 1
t 173 26
m0 6 4
1 9 0
2 7 0
3 8 1
t 172 26
m0 6 3
1 9 1
2 7 1
3 9 1
t 171 26
m0 5 3
1 9 0
2 7 0
3 8 1
t 170 26
m0 4 3
1 9 1
2 7 1
3 9 1
t 169 27
m0 5 3
1 9 0
2 7 0
3 8 1
t 168 27
m0 5 3
1 9 1
2 7 1
3 9 1
t 167 27
m0 5 2
1 9 0
2 7 0
3 8 1
t 166 27
m0 5 3
1 9 1
2 7 1
3 9 1
t 165 27
m0 4 3
1 9 0
2 7 0
3 8 1
t 164 27
m0 5 3
1 9 1
2 7 1
3 9 1
t 163 27
m0 4 3
1 9 0
2 7 0
3 8 1
t 162 27
m0 5 3
1 9 1
2 7 1
3 9 1
t 161 27
m0 5 3
1 9 0
2 7 0
3 8 1
t 160 27
m0 5 3
1 9 1
2 7 1
3 9 1
t 159 27
m0 5 2
1 9 0
2 7 0
3 8 1
t 158 27
m0 5 2
1 9 1
2 7 1
3 9 1
t 157 27
m0 5 1
1 9 0
2 8 1
3 9 0
t 156 27
m0 5 1
1 9 1
2 9 1
3 9 1
t 155 27
m0 6 1
1 9 0
2 8 1
3 9 0
t 154 27
m0 6 2
1 9 1
2 9 1
3 9 1
t 153 27
m0 6 1
1 9 0
2 8 1
3 9 0
t 152 27
m0 6 1
1 9 1
2 9 1
3 9 1
t 151 27
m0 6 2
1 9 0
2 8 1
3 9 0
t 150 27
m0 6 1
1 9 1
2 9 1
3 9 1
t 149 27
m0 5 1
1 9 0
2 8 1
3 9 0
t 148 27
m0 5 1
1 9 1
2 9 1
3 9 1
t 147 27
m0 5 2
1 9 0
2 8 1
3 9 0
t 146 27
m0 5 2
1 9 1
2 7 1
3 9 1
t 145 27
m0 5 1
1 9 0
2 8 1
3 9 0
t 144 27
m0 4 1
1 9 1
2 7 1
3 9 1
t 143 28
m0 5 1
1 9 0
2 8 1
3 9 0
f 1 7
t 142 28
m0 5 1
1 9 1
2 9 1
3 9 1
t 141 28
m0 5 0
1 9 0
2 8 1
3 9 0
t 140 28
m0 5 1
1 9 1
2 9 1
3 9 1
t 139 28
m0 6 1
1 9 0
2 8 1
3 9 0
t 138 28
m0 7 1
1 9 1
2 9 1
3 9 1
t 137 28
m0 7 0
1 9 0
2 8 1
3 9 0
t 136 28
m0 7 0
1 9 1
2 9 1
3 9 1
t 135 28
m0 7 1
1 9 0
2 9 0
3 9 0
t 134 28
m0 8 1
1 9 1
2 9 1
3 9 1
t 133 29
m0 8 1
1 9 0
2 9 0
3 9 0
t 132 29
m0 -5 -5
1 9 1
2 9 1
3 9 1
t 131 30
