10
15
w 8 13
w 4 8
w 8 0
w 2 1
w 6 2
w 2 12
w 9 4
w 3 14
w 1 2
w 8 14
w 3 10
w 5 12
w 3 6
w 5 0
w 1 10
w 7 10
w 6 4
w 2 6
w 8 2
w 5 11
w 4 5
w 0 12
w 0 5
w 4 2
w 6 12
w 2 14
w 9 6
w 6 5
w 5 3
w 7 9
w 5 10
w 3 12
w 3 8
w 1 8
w 8 8
w 6 13
w 2 4
p 5 9
p 4 7
p 6 6
p 3 0
p 7 12
p 9 8
p 5 6
p 7 7
p 4 12
p 0 10
p 7 11
p 5 1
p 2 5
p 1 11
p 7 2
p 5 8
p 4 0
p 9 0
p 2 9
p 1 14
p 8 10
p 6 3
p 4 13
p 0 11
p 9 11
p 3 4
p 8 6
p 1 1
p 4 10
p 3 2
p 0 0
p 7 14
p 3 13
p 8 11
p 9 3
p 6 0
p 1 4
p 9 10
p 2 3
p 1 0
p 4 11
p 7 0
p 4 6
p 1 12
p 8 12
p 9 2
p 2 11
p 9 9
p 2 0
p 0 6
p 4 3
p 1 7
p 0 9
p 7 8
p 9 12
p 8 4
m0 0 14
1 9 0
2 9 0
3 9 0
t 300 0
m0 1 14
1 9 1
2 9 1
3 9 1
t 299 1
m0 1 13
1 9 0
2 9 0
3 9 0
t 298 1
m0 1 12
1 9 1
2 9 1
3 9 1
t 297 2
m0 1 11
1 9 0
2 9 0
3 9 0
t 296 3
m0 2 11
1 9 1
2 9 1
3 9 1
t 295 4
m0 3 11
1 9 0
2 9 0
3 9 0
t 294 4
m0 4 11
1 9 1
2 9 1
3 9 1
t 293 5
m0 4 10
1 9 0
2 9 0
3 9 0
t 292 6
m0 4 9
1 9 1
2 9 1
3 9 1
t 291 6
m0 5 9
1 9 0
2 9 0
3 9 0
t 290 7
m0 5 8
1 9 1
2 9 1
3 9 1
t 289 8
m0 6 8
1 9 0
2 9 0
3 9 0
t 288 8
m0 7 8
1 9 1
2 9 1
3 9 1
t 287 9
m0 7 7
1 9 0
2 9 0
3 9 0
t 286 10
m0 8 7
1 9 1
2 9 1
3 9 1
t 285 10
m0 8 6
1 9 0
2 9 0
3 9 0
f 6 14
t 284 11
m0 7 6
1 9 1
2 9 1
3 9 1
t 283 11
m0 6 6
1 9 0
2 9 0
3 9 0
t 282 12
m0 5 6
1 9 1
2 9 1
3 9 1
t 281 13
m0 4 6
1 9 0
2 9 0
3 9 0
t 280 14
m0 4 7
1 9 1
2 9 1
3 9 1
t 279 15
m0 5 7
1 9 0
2 9 0
3 9 0
t 278 15
m0 6 7
1 9 1
2 9 1
3 9 1
t 277 15
m0 6 8
1 9 0
2 9 0
3 9 0
t 276 15
m0 6 9
1 9 1
2 9 1
3 9 1
t 275 15
m0 6 10
1 9 0
2 9 0
3 9 0
t 274 15
m0 6 11
1 9 1
2 9 1
3 9 1
t 273 15
m0 7 11
1 9 0
2 9 0
3 9 0
t 272 16
m0 8 11
1 9 1
2 9 1
3 9 1
t 271 17
m0 9 11
1 9 0
2 9 0
3 9 0
t 270 18
m0 9 10
1 9 1
2 9 1
3 9 1
t 269 19
m0 9 9
1 9 0
2 9 0
3 9 0
t 268 20
m0 9 8
1 9 1
2 9 1
3 9 1
t 267 21
m0 9 9
1 9 0
2 9 0
3 9 0
t 266 21
m0 8 9
1 9 1
2 9 1
3 9 1
t 265 21
m0 8 10
1 9 0
2 9 0
3 9 0
t 264 22
m0 8 11
1 9 1
2 9 1
3 9 1
t 263 22
m0 8 12
1 9 0
2 9 0
3 9 0
t 262 23
m0 9 12
1 9 1
2 9 1
3 9 1
t 261 24
m0 8 12
1 9 0
2 9 0
3 9 0
t 260 24
m0 7 12
1 9 1
2 9 1
3 9 1
t 259 25
m0 7 13
1 9 0
2 9 0
3 9 0
t 258 25
m0 7 14
1 9 1
2 9 1
3 9 1
t 257 26
m0 7 14
1 9 0
2 9 0
3 9 0
t 256 26
m0 7 14
1 9 1
2 9 1
3 9 1
t 255 26
m0 7 14
1 9 0
2 9 0
3 9 0
t 254 26
m0 7 14
1 9 1
2 9 1
3 9 1
t 253 26
m0 7 14
1 9 0
2 9 0
3 9 0
t 252 26
m0 7 14
1 9 1
2 9 1
3 9 1
t 251 26
m0 7 14
1 9 0
2 9 0
3 9 0
t 250 26
m0 7 14
1 9 1
2 9 1
3 9 1
t 249 26
m0 7 14
1 9 0
2 9 0
3 9 0
t 248 26
m0 7 14
1 9 1
2 9 1
3 9 1
t 247 26
m0 7 14
1 9 0
2 9 0
3 9 0
t 246 26
m0 7 14
1 9 1
2 9 1
3 9 1
t 245 26
m0 7 14
1 9 0
2 9 0
3 9 0
t 244 26
m0 7 14
1 9 1
2 9 1
3 9 1
t 243 26
m0 7 14
1 9 0
2 9 0
3 9 0
t 242 26
m0 7 14
1 9 1
2 9 1
3 9 1
t 241 26
m0 7 14
1 9 0
2 9 0
3 9 0
t 240 26
m0 7 14
1 9 1
2 9 1
3 9 1
t 239 26
m0 7 14
1 9 0
2 9 0
3 9 0
t 238 26
m0 7 14
1 9 1
2 9 1
3 9 1
t 237 26
m0 7 14
1 9 0
2 9 0
3 9 0
t 236 26
m0 7 14
1 9 1
2 9 1
3 9 1
t 235 26
m0 7 14
1 9 0
2 9 0
3 9 0
t 234 26
m0 7 14
1 9 1
2 9 1
3 9 1
t 233 26
m0 7 14
1 9 0
2 9 0
3 9 0
t 232 26
m0 7 14
1 9 1
2 9 1
3 9 1
t 231 26
m0 7 14
1 9 0
2 9 0
3 9 0
t 230 26
m0 7 14
1 9 1
2 9 1
3 9 1
t 229 26
m0 7 14
1 9 0
2 9 0
3 9 0
t 228 26
m0 7 14
1 9 1
2 9 1
3 9 1
t 227 26
m0 7 14
1 9 0
2 9 0
3 9 0
t 226 26
m0 7 14
1 9 1
2 9 1
3 9 1
t 225 26
m0 7 14
1 9 0
2 9 0
3 9 0
t 224 26
m0 7 14
1 9 1
2 9 1
3 9 1
t 223 26
m0 7 14
1 9 0
2 9 0
3 9 0
t 222 26
m0 7 14
1 9 1
2 9 1
3 9 1
t 221 26
m0 7 14
1 9 0
2 9 0
3 9 0
t 220 26
m0 7 14
1 9 1
2 9 1
3 9 1
t 219 26
m0 7 14
1 9 0
2 9 0
3 9 0
t 218 26
m0 7 14
1 9 1
2 9 1
3 9 1
t 217 26
m0 7 14
1 9 0
2 9 0
3 9 0
t 216 26
m0 7 14
1 9 1
2 9 1
3 9 1
t 215 26
m0 7 14
1 9 0
2 9 0
3 9 0
t 214 26
m0 7 14
1 9 1
2 9 1
3 9 1
t 213 26
m0 7 14
1 9 0
2 9 0
3 9 0
t 212 26
m0 7 14
1 9 1
2 9 1
3 9 1
t 211 26
m0 7 14
1 9 0
2 9 0
3 9 0
t 210 26
m0 7 14
1 9 1
2 9 1
3 9 1
t 209 26
m0 7 14
1 9 0
2 9 0
3 9 0
t 208 26
m0 7 14
1 9 1
2 9 1
3 9 1
t 207 26
m0 7 14
1 9 0
2 9 0
3 9 0
t 206 26
m0 7 14
1 9 1
2 9 1
3 9 1
t 205 26
m0 7 14
1 9 0
2 9 0
3 9 0
t 204 26
m0 7 14
1 9 1
2 9 1
3 9 1
t 203 26
m0 7 14
1 9 0
2 9 0
3 9 0
t 202 26
m0 7 14
1 9 1
2 9 1
3 9 1
t 201 26
m0 7 14
1 9 0
2 9 0
3 9 0
t 200 26
m0 7 14
1 9 1
2 9 1
3 9 1
t 199 26
m0 7 14
1 9 0
2 9 0
3 9 0
t 198 26
m0 7 14
1 9 1
2 9 1
3 9 1
t 197 26
m0 7 14
1 9 0
2 9 0
3 9 0
t 196 26
m0 7 14
1 9 1
2 9 1
3 9 1
t 195 26
m0 7 14
1 9 0
2 9 0
3 9 0
t 194 26
m0 7 14
1 9 1
2 9 1
3 9 1
t 193 26
m0 7 14
1 9 0
2 9 0
3 9 0
t 192 26
m0 7 14
1 9 1
2 9 1
3 9 1
t 191 26
m0 7 14
1 9 0
2 9 0
3 9 0
t 190 26
m0 7 14
1 9 1
2 9 1
3 9 1
t 189 26
m0 7 14
1 9 0
2 9 0
3 9 0
t 188 26
m0 7 14
1 9 1
2 9 1
3 9 1
t 187 26
m0 7 14
1 9 0
2 9 0
3 9 0
t 186 26
m0 7 14
1 9 1
2 9 1
3 9 1
t 185 26
m0 7 14
1 9 0
2 9 0
3 9 0
t 184 26
m0 7 14
1 9 1
2 9 1
3 9 1
t 183 26
m0 7 14
1 9 0
2 9 0
3 9 0
t 182 26
m0 7 14
1 9 1
2 9 1
3 9 1
t 181 26
m0 7 14
1 9 0
2 9 0
3 9 0
t 180 26
m0 7 14
1 9 1
2 9 1
3 9 1
t 179 26
m0 7 14
1 9 0
2 9 0
3 9 0
t 178 26
m0 7 14
1 9 1
2 9 1
3 9 1
t 177 26
m0 7 14
1 9 0
2 9 0
3 9 0
t 176 26
m0 7 14
1 9 1
2 9 1
3 9 1
t 175 26
m0 7 14
1 9 0
2 9 0
3 9 0
t 174 26
m0 7 14
1 9 1
2 9 1
3 9 1
t 173 26
m0 7 14
1 9 0
2 9 0
3 9 0
t 172 26
m0 7 14
1 9 1
2 9 1
3 9 1
t 171 26
m0 7 14
1 9 0
2 9 0
3 9 0
t 170 26
m0 7 14
1 9 1
2 9 1
3 9 1
t 169 26
m0 7 14
1 9 0
2 9 0
3 9 0
t 168 26
m0 7 14
1 9 1
2 9 1
3 9 1
t 167 26
m0 7 14
1 9 0
2 9 0
3 9 0
t 166 26
m0 7 14
1 9 1
2 9 1
3 9 1
t 165 26
m0 7 14
1 9 0
2 9 0
3 9 0
t 164 26
m0 7 14
1 9 1
2 9 1
3 9 1
t 163 26
m0 7 14
1 9 0
2 9 0
3 9 0
t 162 26
m0 7 14
1 9 1
2 9 1
3 9 1
t 161 26
m0 7 14
1 9 0
2 9 0
3 9 0
t 160 26
m0 7 14
1 9 1
2 9 1
3 9 1
t 159 26
m0 7 14
1 9 0
2 9 0
3 9 0
t 158 26
m0 7 14
1 9 1
2 9 1
3 9 1
t 157 26
m0 7 14
1 9 0
2 9 0
3 9 0
t 156 26
m0 7 14
1 9 1
2 9 1
3 9 1
t 155 26
m0 7 14
1 9 0
2 9 0
3 9 0
t 154 26
m0 7 14
1 9 1
2 9 1
3 9 1
t 153 26
m0 7 14
1 9 0
2 9 0
3 9 0
t 152 26
m0 7 14
1 9 1
2 9 1
3 9 1
t 151 26
m0 7 14
1 9 0
2 9 0
3 9 0
t 150 26
m0 7 14
1 9 1
2 9 1
3 9 1
t 149 26
m0 7 14
1 9 0
2 9 0
3 9 0
t 148 26
m0 7 14
1 9 1
2 9 1
3 9 1
t 147 26
m0 7 14
1 9 0
2 9 0
3 9 0
t 146 26
m0 7 14
1 9 1
2 9 1
3 9 1
t 145 26
m0 7 14
1 9 0
2 9 0
3 9 0
t 144 26
m0 7 14
1 9 1
2 9 1
3 9 1
t 143 26
m0 7 14
1 9 0
2 9 0
3 9 0
t 142 26
m0 7 14
1 9 1
2 9 1
3 9 1
t 141 26
m0 7 14
1 9 0
2 9 0
3 9 0
t 140 26
m0 7 14
1 9 1
2 9 1
3 9 1
t 139 26
m0 7 14
1 9 0
2 9 0
3 9 0
t 138 26
m0 7 14
1 9 1
2 9 1
3 9 1
t 137 26
m0 7 14
1 9 0
2 9 0
3 9 0
t 136 26
m0 7 14
1 9 1
2 9 1
3 9 1
t 135 26
m0 7 14
1 9 0
2 9 0
3 9 0
t 134 26
m0 7 14
1 9 1
2 9 1
3 9 1
t 133 26
m0 7 14
1 9 0
2 9 0
3 9 0
t 132 26
m0 7 14
1 9 1
2 9 1
3 9 1
t 131 26
m0 7 14
1 9 0
2 9 0
3 9 0
t 130 26
m0 7 14
1 9 1
2 9 1
3 9 1
t 129 26
m0 7 14
1 9 0
2 9 0
3 9 0
t 128 26
m0 7 14
1 9 1
2 9 1
3 9 1
t 127 26
m0 7 14
1 9 0
2 9 0
3 9 0
t 126 26
m0 7 14
1 9 1
2 9 1
3 9 1
t 125 26
m0 7 14
1 9 0
2 9 0
3 9 0
t 124 26
m0 7 14
1 9 1
2 9 1
3 9 1
t 123 26
m0 7 14
1 9 0
2 9 0
3 9 0
t 122 26
m0 7 14
1 9 1
2 9 1
3 9 1
t 121 26
m0 7 14
1 9 0
2 9 0
3 9 0
t 120 26
m0 7 14
1 9 1
2 9 1
3 9 1
t 119 26
m0 7 14
1 9 0
2 9 0
3 9 0
t 118 26
m0 7 14
1 9 1
2 9 1
3 9 1
t 117 26
m0 7 14
1 9 0
2 9 0
3 9 0
t 116 26
m0 7 14
1 9 1
2 9 1
3 9 1
t 115 26
m0 7 14
1 9 0
2 9 0
3 9 0
t 114 26
m0 7 14
1 9 1
2 9 1
3 9 1
t 113 26
m0 7 14
1 9 0
2 9 0
3 9 0
t 112 26
m0 7 14
1 9 1
2 9 1
3 9 1
t 111 26
m0 7 14
1 9 0
2 9 0
3 9 0
t 110 26
m0 7 14
1 9 1
2 9 1
3 9 1
t 109 26
m0 7 14
1 9 0
2 9 0
3 9 0
t 108 26
m0 7 14
1 9 1
2 9 1
3 9 1
t 107 26
m0 7 14
1 9 0
2 9 0
3 9 0
t 106 26
m0 7 14
1 9 1
2 9 1
3 9 1
t 105 26
m0 7 14
1 9 0
2 9 0
3 9 0
t 104 26
m0 7 14
1 9 1
2 9 1
3 9 1
t 103 26
m0 7 14
1 9 0
2 9 0
3 9 0
t 102 26
m0 7 14
1 9 1
2 9 1
3 9 1
t 101 26
m0 7 14
1 9 0
2 9 0
3 9 0
t 100 26
m0 7 14
1 9 1
2 9 1
3 9 1
t 99 26
m0 7 14
1 9 0
2 9 0
3 9 0
t 98 26
m0 7 14
1 9 1
2 9 1
3 9 1
t 97 26
m0 7 14
1 9 0
2 9 0
3 9 0
t 96 26
m0 7 14
1 9 1
2 9 1
3 9 1
t 95 26
m0 7 14
1 9 0
2 9 0
3 9 0
t 94 26
m0 7 14
1 9 1
2 9 1
3 9 1
t 93 26
m0 7 14
1 9 0
2 9 0
3 9 0
t 92 26
m0 7 14
1 9 1
2 9 1
3 9 1
t 91 26
m0 7 14
1 9 0
2 9 0
3 9 0
t 90 26
m0 7 14
1 9 1
2 9 1
3 9 1
t 89 26
m0 7 14
1 9 0
2 9 0
3 9 0
t 88 26
m0 7 14
1 9 1
2 9 1
3 9 1
t 87 26
m0 7 14
1 9 0
2 9 0
3 9 0
t 86 26
m0 7 14
1 9 1
2 9 1
3 9 1
t 85 26
m0 7 14
1 9 0
2 9 0
3 9 0
t 84 26
m0 7 14
1 9 1
2 9 1
3 9 1
t 83 26
m0 7 14
1 9 0
2 9 0
3 9 0
t 82 26
m0 7 14
1 9 1
2 9 1
3 9 1
t 81 26
m0 7 14
1 9 0
2 9 0
3 9 0
t 80 26
m0 7 14
1 9 1
2 9 1
3 9 1
t 79 26
m0 7 14
1 9 0
2 9 0
3 9 0
t 78 26
m0 7 14
1 9 1
2 9 1
3 9 1
t 77 26
m0 7 14
1 9 0
2 9 0
3 9 0
t 76 26
m0 7 14
1 9 1
2 9 1
3 9 1
t 75 26
m0 7 14
1 9 0
2 9 0
3 9 0
t 74 26
m0 7 14
1 9 1
2 9 1
3 9 1
t 73 26
m0 7 14
1 9 0
2 9 0
3 9 0
t 72 26
m0 7 14
1 9 1
2 9 1
3 9 1
t 71 26
m0 7 14
1 9 0
2 9 0
3 9 0
t 70 26
m0 7 14
1 9 1
2 9 1
3 9 1
t 69 26
m0 7 14
1 9 0
2 9 0
3 9 0
t 68 26
m0 7 14
1 9 1
2 9 1
3 9 1
t 67 26
m0 7 14
1 9 0
2 9 0
3 9 0
t 66 26
m0 7 14
1 9 1
2 9 1
3 9 1
t 65 26
m0 7 14
1 9 0
2 9 0
3 9 0
t 64 26
m0 7 14
1 9 1
2 9 1
3 9 1
t 63 26
m0 7 14
1 9 0
2 9 0
3 9 0
t 62 26
m0 7 14
1 9 1
2 9 1
3 9 1
t 61 26
m0 7 14
1 9 0
2 9 0
3 9 0
t 60 26
m0 7 14
1 9 1
2 9 1
3 9 1
t 59 26
m0 7 14
1 9 0
2 9 0
3 9 0
t 58 26
m0 7 14
1 9 1
2 9 1
3 9 1
t 57 26
m0 7 14
1 9 0
2 9 0
3 9 0
t 56 26
m0 7 14
1 9 1
2 9 1
3 9 1
t 55 26
m0 7 14
1 9 0
2 9 0
3 9 0
t 54 26
m0 7 14
1 9 1
2 9 1
3 9 1
t 53 26
m0 7 14
1 9 0
2 9 0
3 9 0
t 52 26
m0 7 14
1 9 1
2 9 1
3 9 1
t 51 26
m0 7 14
1 9 0
2 9 0
3 9 0
t 50 26
m0 7 14
1 9 1
2 9 1
3 9 1
t 49 26
m0 7 14
1 9 0
2 9 0
3 9 0
t 48 26
m0 7 14
1 9 1
2 9 1
3 9 1
t 47 26
m0 7 14
1 9 0
2 9 0
3 9 0
t 46 26
m0 7 14
1 9 1
2 9 1
3 9 1
t 45 26
m0 7 14
1 9 0
2 9 0
3 9 0
t 44 26
m0 7 14
1 9 1
2 9 1
3 9 1
t 43 26
m0 7 14
1 9 0
2 9 0
3 9 0
t 42 26
m0 7 14
1 9 1
2 9 1
3 9 1
t 41 26
m0 7 14
1 9 0
2 9 0
3 9 0
t 40 26
m0 7 14
1 9 1
2 9 1
3 9 1
t 39 26
m0 7 14
1 9 0
2 9 0
3 9 0
t 38 26
m0 7 14
1 9 1
2 9 1
3 9 1
t 37 26
m0 7 14
1 9 0
2 9 0
3 9 0
t 36 26
m0 7 14
1 9 1
2 9 1
3 9 1
t 35 26
m0 7 14
1 9 0
2 9 0
3 9 0
t 34 26
m0 7 14
1 9 1
2 9 1
3 9 1
t 33 26
m0 7 14
1 9 0
2 9 0
3 9 0
t 32 26
m0 7 14
1 9 1
2 9 1
3 9 1
t 31 26
m0 7 14
1 9 0
2 9 0
3 9 0
t 30 26
m0 7 14
1 9 1
2 9 1
3 9 1
t 29 26
m0 7 14
1 9 0
2 9 0
3 9 0
t 28 26
m0 7 14
1 9 1
2 9 1
3 9 1
t 27 26
m0 7 14
1 9 0
2 9 0
3 9 0
t 26 26
m0 7 14
1 9 1
2 9 1
3 9 1
t 25 26
m0 7 14
1 9 0
2 9 0
3 9 0
t 24 26
m0 7 14
1 9 1
2 9 1
3 9 1
t 23 26
m0 7 14
1 9 0
2 9 0
3 9 0
t 22 26
m0 7 14
1 9 1
2 9 1
3 9 1
t 21 26
m0 7 14
1 9 0
2 9 0
3 9 0
t 20 26
m0 7 14
1 9 1
2 9 1
3 9 1
t 19 26
m0 7 14
1 9 0
2 9 0
3 9 0
t 18 26
m0 7 14
1 9 1
2 9 1
3 9 1
t 17 26
m0 7 14
1 9 0
2 9 0
3 9 0
t 16 26
m0 7 14
1 9 1
2 9 1
3 9 1
t 15 26
m0 7 14
1 9 0
2 9 0
3 9 0
t 14 26
m0 7 14
1 9 1
2 9 1
3 9 1
t 13 26
m0 7 14
1 9 0
2 9 0
3 9 0
t 12 26
m0 7 14
1 9 1
2 9 1
3 9 1
t 11 26
m0 7 14
1 9 0
2 9 0
3 9 0
t 10 26
m0 7 14
1 9 1
2 9 1
3 9 1
t 9 26
m0 7 14
1 9 0
2 9 0
3 9 0
t 8 26
m0 7 14
1 9 1
2 9 1
3 9 1
t 7 26
m0 7 14
1 9 0
2 9 0
3 9 0
t 6 26
m0 7 14
1 9 1
2 9 1
3 9 1
t 5 26
m0 7 14
1 9 0
2 9 0
3 9 0
t 4 26
m0 7 14
1 9 1
2 9 1
3 9 1
t 3 26
m0 7 14
1 9 0
2 9 0
3 9 0
t 2 26
m0 7 14
1 9 1
2 9 1
3 9 1
t 1 26
m0 7 14
1 9 1
2 9 1
3 9 1
t 0 26
