10
15
w 4 7
w 1 3
w 8 13
w 3 0
w 4 12
w 1 6
w 1 11
w 6 7
w 3 3
w 5 5
w 4 9
w 8 1
w 8 10
w 6 3
w 1 5
w 4 13
w 5 0
w 8 6
w 1 1
w 6 4
w 3 2
w 7 1
w 3 13
w 4 5
w 1 13
w 9 10
w 3 9
w 7 5
w 8 7
w 6 12
w 0 8
w 7 9
w 8 3
w 3 12
w 2 0
w 6 13
w 5 2
p 7 3
p 9 1
p 7 12
p 5 6
p 9 8
p 8 0
p 3 11
p 0 7
p 8 9
p 0 10
p 9 4
p 7 11
p 2 5
p 0 3
p 2 4
p 3 14
p 4 0
p 1 2
p 8 14
p 9 0
p 7 2
p 3 10
p 1 14
p 9 7
p 4 10
p 5 4
p 7 14
p 5 11
p 8 11
p 9 3
p 4 14
p 0 12
p 2 10
p 2 3
p 0 5
p 4 2
p 1 0
p 6 5
p 5 3
p 2 7
p 3 5
p 6 8
p 6 1
p 3 1
p 2 11
p 5 7
p 7 4
p 1 8
p 8 8
p 4 3
p 1 7
p 0 9
p 9 5
p 7 8
p 0 2
p 8 4
m0 0 14
1 9 0
2 9 0
3 9 0
t 300 0
m0 0 14
1 8 0
2 9 1
3 8 0
t 299 0
m0 0 14
1 7 0
2 9 2
3 9 0
t 298 0
m0 0 14
1 6 0
2 8 2
3 8 0
t 297 0
m0 0 14
1 6 1
2 9 2
3 7 0
t 296 0
m0 0 14
1 5 1
2 9 3
3 8 0
t 295 0
m0 0 14
1 4 1
2 9 4
3 7 0
t 294 0
m0 0 14
1 3 1
2 9 5
3 8 0
t 293 0
m0 0 14
1 2 1
2 9 6
3 7 0
t 292 0
m0 0 14
1 2 2
2 9 7
3 8 0
t 291 0
m0 0 14
1 1 2
2 9 8
3 7 0
t 290 0
m0 0 14
1 0 2
2 9 9
3 8 0
t 289 0
m0 1 14
1 0 3
2 8 9
3 7 0
t 288 1
m0 1 14
1 0 4
2 9 9
3 6 0
t 287 1
m0 2 14
1 0 5
2 8 9
3 6 1
t 286 1
m0 2 14
1 0 6
2 9 9
3 6 0
t 285 1
m0 3 14
1 0 7
2 8 9
3 6 1
f 5 12
t 284 2
m0 4 14
1 0 6
2 9 9
3 6 0
t 283 3
m0 5 14
1 0 7
2 8 9
3 6 1
t 282 3
m0 5 13
1 0 6
2 9 9
3 6 0
t 281 3
m0 5 12
1 0 7
2 8 9
3 6 1
t 280 13
m0 5 13
1 0 6
2 9 9
3 6 0
t 279 13
m0 5 14
1 0 7
2 8 9
3 6 1
t 278 13
m0 4 14
1 0 6
2 9 9
3 6 0
f 1 9
t 277 13
m0 3 14
1 0 7
2 8 9
3 6 1
t 276 13
m0 2 14
1 1 7
2 9 9
3 6 0
t 275 13
m0 2 13
1 2 7
2 8 9
3 6 1
t 274 13
m0 2 12
1 2 8
2 9 9
3 6 0
t 273 13
m0 1 12
1 1 8
2 8 9
3 6 1
t 272 13
m0 1 12
1 1 9
2 9 9
3 5 1
t 271 13
m0 2 12
1 1 10
2 9 8
3 4 1
t 270 13
m0 2 13
1 2 10
2 9 7
3 4 0
t 269 13
m0 2 14
1 2 11
2 9 8
3 4 1
t 268 13
m0 1 14
1 2 12
2 8 8
3 3 1
t 267 13
m0 0 14
1 1 12
2 9 8
3 2 1
t 266 13
m0 0 14
1 0 12
2 8 8
3 2 2
t 265 13
m0 1 14
1 0 13
2 8 9
3 2 1
t 264 13
m0 2 14
1 0 14
2 9 9
3 2 2
t 263 13
m0 2 13
1 1 14
2 8 9
3 2 3
t 262 13
m0 2 12
1 2 14
2 9 9
3 2 4
t 261 13
m0 2 11
1 2 13
2 8 9
3 2 5
t 260 14
m0 2 10
1 2 12
2 9 9
3 2 6
t 259 15
m0 2 9
1 2 11
2 8 9
3 2 7
t 258 15
m0 1 9
1 2 10
2 9 9
3 1 7
t 257 25
m0 0 9
1 2 9
2 9 8
3 0 7
t 256 26
m0 0 10
1 2 10
2 8 8
3 0 6
t 255 27
m0 0 9
1 2 9
2 9 8
3 0 7
t 254 27
m0 0 10
1 2 10
2 8 8
3 0 6
t 253 27
m0 0 9
1 2 9
2 9 8
3 0 7
f 2 6
t 252 27
m0 0 10
1 2 10
2 8 8
3 0 6
t 251 27
m0 0 9
1 2 9
2 9 8
3 0 7
t 250 27
m0 0 10
1 2 10
2 8 8
3 0 6
t 249 27
m0 0 9
1 2 9
2 9 8
3 0 7
t 248 27
m0 0 10
1 2 10
2 8 8
3 0 6
t 247 27
m0 0 9
1 2 9
2 9 8
3 0 7
t 246 27
m0 0 10
1 2 10
2 8 8
3 0 6
t 245 27
m0 0 9
1 2 9
2 9 8
3 0 7
t 244 27
m0 0 10
1 2 10
2 8 8
3 0 6
t 243 27
m0 0 9
1 2 9
2 9 8
3 0 7
t 242 27
m0 0 10
1 2 10
2 8 8
3 0 6
t 241 27
m0 0 9
1 2 9
2 9 8
3 0 7
t 240 27
m0 0 10
1 2 10
2 8 8
3 0 6
t 239 27
m0 0 9
1 2 9
2 9 8
3 0 7
t 238 27
m0 0 10
1 2 10
2 8 8
3 0 6
t 237 27
m0 0 9
1 2 9
2 9 8
3 0 7
t 236 27
m0 0 10
1 2 10
2 8 8
3 0 6
t 235 27
m0 0 9
1 2 9
2 9 8
3 0 7
t 234 27
m0 0 10
1 2 10
2 8 8
3 0 6
t 233 27
m0 0 9
1 2 9
2 9 8
3 0 7
t 232 27
m0 0 10
1 2 10
2 8 8
3 0 6
t 231 27
m0 0 9
1 2 9
2 9 8
3 0 7
t 230 27
m0 0 10
1 2 10
2 8 8
3 0 6
t 229 27
m0 0 9
1 2 9
2 9 8
3 0 7
t 228 27
m0 0 10
1 2 10
2 8 8
3 0 6
t 227 27
m0 0 9
1 2 9
2 9 8
3 0 7
t 226 27
m0 0 10
1 2 10
2 8 8
3 0 6
t 225 27
m0 0 9
1 2 9
2 9 8
3 0 7
t 224 27
m0 0 10
1 2 10
2 8 8
3 0 6
t 223 27
m0 0 9
1 2 9
2 9 8
3 0 7
t 222 27
m0 0 10
1 2 10
2 8 8
3 0 6
t 221 27
m0 0 9
1 2 9
2 9 8
3 0 7
t 220 27
m0 0 10
1 2 10
2 8 8
3 0 6
t 219 27
m0 0 9
1 2 9
2 9 8
3 0 7
t 218 27
m0 0 10
1 2 10
2 8 8
3 0 6
t 217 27
m0 0 9
1 2 9
2 9 8
3 0 7
t 216 27
m0 0 10
1 2 10
2 8 8
3 0 6
t 215 27
m0 0 9
1 2 9
2 9 8
3 0 7
t 214 27
m0 0 10
1 2 10
2 8 8
3 0 6
t 213 27
m0 0 9
1 2 9
2 9 8
3 0 7
t 212 27
m0 0 10
1 2 10
2 8 8
3 0 6
t 211 27
m0 0 9
1 2 9
2 9 8
3 0 7
t 210 27
m0 0 10
1 2 10
2 8 8
3 0 6
t 209 27
m0 0 9
1 2 9
2 9 8
3 0 7
t 208 27
m0 0 10
1 2 10
2 8 8
3 0 6
t 207 27
m0 0 9
1 2 9
2 9 8
3 0 7
t 206 27
m0 0 10
1 2 10
2 8 8
3 0 6
t 205 27
m0 0 9
1 2 9
2 9 8
3 0 7
t 204 27
m0 0 10
1 2 10
2 8 8
3 0 6
t 203 27
m0 0 9
1 2 9
2 9 8
3 0 7
t 202 27
m0 0 10
1 2 10
2 8 8
3 0 6
t 201 27
m0 0 9
1 2 9
2 9 8
3 0 7
t 200 27
m0 0 10
1 2 10
2 8 8
3 0 6
t 199 27
m0 0 9
1 2 9
2 9 8
3 0 7
t 198 27
m0 0 10
1 2 10
2 8 8
3 0 6
t 197 27
m0 0 9
1 2 9
2 9 8
3 0 7
t 196 27
m0 0 10
1 2 10
2 8 8
3 0 6
t 195 27
m0 0 9
1 2 9
2 9 8
3 0 7
t 194 27
m0 0 10
1 2 10
2 8 8
3 0 6
t 193 27
m0 0 9
1 2 9
2 9 8
3 0 7
t 192 27
m0 0 10
1 2 10
2 8 8
3 0 6
t 191 27
m0 0 9
1 2 9
2 9 8
3 0 7
t 190 27
m0 0 10
1 2 10
2 8 8
3 0 6
t 189 27
m0 0 9
1 2 9
2 9 8
3 0 7
t 188 27
m0 0 10
1 2 10
2 8 8
3 0 6
t 187 27
m0 0 9
1 2 9
2 9 8
3 0 7
t 186 27
m0 0 10
1 2 10
2 8 8
3 0 6
t 185 27
m0 0 9
1 2 9
2 9 8
3 0 7
t 184 27
m0 0 10
1 2 10
2 8 8
3 0 6
t 183 27
m0 0 9
1 2 9
2 9 8
3 0 7
t 182 27
m0 0 10
1 2 10
2 8 8
3 0 6
t 181 27
m0 0 9
1 2 9
2 9 8
3 0 7
t 180 27
m0 0 10
1 2 10
2 8 8
3 0 6
t 179 27
m0 0 9
1 2 9
2 9 8
3 0 7
t 178 27
m0 0 10
1 2 10
2 8 8
3 0 6
t 177 27
m0 0 9
1 2 9
2 9 8
3 0 7
t 176 27
m0 0 10
1 2 10
2 8 8
3 0 6
t 175 27
m0 0 9
1 2 9
2 9 8
3 0 7
t 174 27
m0 0 10
1 2 10
2 8 8
3 0 6
t 173 27
m0 0 9
1 2 9
2 9 8
3 0 7
t 172 27
m0 0 10
1 2 10
2 8 8
3 0 6
t 171 27
m0 0 9
1 2 9
2 9 8
3 0 7
t 170 27
m0 0 10
1 2 10
2 8 8
3 0 6
t 169 27
m0 0 9
1 2 9
2 9 8
3 0 7
t 168 27
m0 0 10
1 2 10
2 8 8
3 0 6
t 167 27
m0 0 9
1 2 9
2 9 8
3 0 7
t 166 27
m0 0 10
1 2 10
2 8 8
3 0 6
t 165 27
m0 0 9
1 2 9
2 9 8
3 0 7
t 164 27
m0 0 10
1 2 10
2 8 8
3 0 6
t 163 27
m0 0 9
1 2 9
2 9 8
3 0 7
t 162 27
m0 0 10
1 2 10
2 8 8
3 0 6
t 161 27
m0 0 9
1 2 9
2 9 8
3 0 7
t 160 27
m0 0 10
1 2 10
2 8 8
3 0 6
t 159 27
m0 0 9
1 2 9
2 9 8
3 0 7
t 158 27
m0 0 10
1 2 10
2 8 8
3 0 6
t 157 27
m0 0 9
1 2 9
2 9 8
3 0 7
t 156 27
m0 0 10
1 2 10
2 8 8
3 0 6
t 155 27
m0 0 9
1 2 9
2 9 8
3 0 7
t 154 27
m0 0 10
1 2 10
2 8 8
3 0 6
t 153 27
m0 0 9
1 2 9
2 9 8
3 0 7
t 152 27
m0 0 10
1 2 10
2 8 8
3 0 6
t 151 27
m0 0 9
1 2 9
2 9 8
3 0 7
t 150 27
m0 0 10
1 2 10
2 8 8
3 0 6
t 149 27
m0 0 9
1 2 9
2 9 8
3 0 7
t 148 27
m0 0 10
1 2 10
2 8 8
3 0 6
t 147 27
m0 0 9
1 2 9
2 9 8
3 0 7
t 146 27
m0 0 10
1 2 10
2 8 8
3 0 6
t 145 27
m0 0 9
1 2 9
2 9 8
3 0 7
t 144 27
m0 0 10
1 2 10
2 8 8
3 0 6
t 143 27
m0 0 9
1 2 9
2 9 8
3 0 7
t 142 27
m0 0 10
1 2 10
2 8 8
3 0 6
t 141 27
m0 0 9
1 2 9
2 9 8
3 0 7
t 140 27
m0 0 10
1 2 10
2 8 8
3 0 6
t 139 27
m0 0 9
1 2 9
2 9 8
3 0 7
t 138 27
m0 0 10
1 2 10
2 8 8
3 0 6
t 137 27
m0 0 9
1 2 9
2 9 8
3 0 7
t 136 27
m0 0 10
1 2 10
2 8 8
3 0 6
t 135 27
m0 0 9
1 2 9
2 9 8
3 0 7
t 134 27
m0 0 10
1 2 10
2 8 8
3 0 6
t 133 27
m0 0 9
1 2 9
2 9 8
3 0 7
t 132 27
m0 0 10
1 2 10
2 8 8
3 0 6
t 131 27
m0 0 9
1 2 9
2 9 8
3 0 7
t 130 27
m0 0 10
1 2 10
2 8 8
3 0 6
t 129 27
m0 0 9
1 2 9
2 9 8
3 0 7
t 128 27
m0 0 10
1 2 10
2 8 8
3 0 6
t 127 27
m0 0 9
1 2 9
2 9 8
3 0 7
t 126 27
m0 0 10
1 2 10
2 8 8
3 0 6
t 125 27
m0 0 9
1 2 9
2 9 8
3 0 7
t 124 27
m0 0 10
1 2 10
2 8 8
3 0 6
t 123 27
m0 0 9
1 2 9
2 9 8
3 0 7
t 122 27
m0 0 10
1 2 10
2 8 8
3 0 6
t 121 27
m0 0 9
1 2 9
2 9 8
3 0 7
t 120 27
m0 0 10
1 2 10
2 8 8
3 0 6
t 119 27
m0 0 9
1 2 9
2 9 8
3 0 7
t 118 27
m0 0 10
1 2 10
2 8 8
3 0 6
t 117 27
m0 0 9
1 2 9
2 9 8
3 0 7
t 116 27
m0 0 10
1 2 10
2 8 8
3 0 6
t 115 27
m0 0 9
1 2 9
2 9 8
3 0 7
t 114 27
m0 0 10
1 2 10
2 8 8
3 0 6
t 113 27
m0 0 9
1 2 9
2 9 8
3 0 7
t 112 27
m0 0 10
1 2 10
2 8 8
3 0 6
t 111 27
m0 0 9
1 2 9
2 9 8
3 0 7
t 110 27
m0 0 10
1 2 10
2 8 8
3 0 6
t 109 27
m0 0 9
1 2 9
2 9 8
3 0 7
t 108 27
m0 0 10
1 2 10
2 8 8
3 0 6
t 107 27
m0 0 9
1 2 9
2 9 8
3 0 7
t 106 27
m0 0 10
1 2 10
2 8 8
3 0 6
t 105 27
m0 0 9
1 2 9
2 9 8
3 0 7
t 104 27
m0 0 10
1 2 10
2 8 8
3 0 6
t 103 27
m0 0 9
1 2 9
2 9 8
3 0 7
t 102 27
m0 0 10
1 2 10
2 8 8
3 0 6
t 101 27
m0 0 9
1 2 9
2 9 8
3 0 7
t 100 27
m0 0 10
1 2 10
2 8 8
3 0 6
t 99 27
m0 0 9
1 2 9
2 9 8
3 0 7
t 98 27
m0 0 10
1 2 10
2 8 8
3 0 6
t 97 27
m0 0 9
1 2 9
2 9 8
3 0 7
t 96 27
m0 0 10
1 2 10
2 8 8
3 0 6
t 95 27
m0 0 9
1 2 9
2 9 8
3 0 7
t 94 27
m0 0 10
1 2 10
2 8 8
3 0 6
t 93 27
m0 0 9
1 2 9
2 9 8
3 0 7
t 92 27
m0 0 10
1 2 10
2 8 8
3 0 6
t 91 27
m0 0 9
1 2 9
2 9 8
3 0 7
t 90 27
m0 0 10
1 2 10
2 8 8
3 0 6
t 89 27
m0 0 9
1 2 9
2 9 8
3 0 7
t 88 27
m0 0 10
1 2 10
2 8 8
3 0 6
t 87 27
m0 0 9
1 2 9
2 9 8
3 0 7
t 86 27
m0 0 10
1 2 10
2 8 8
3 0 6
t 85 27
m0 0 9
1 2 9
2 9 8
3 0 7
t 84 27
m0 0 10
1 2 10
2 8 8
3 0 6
t 83 27
m0 0 9
1 2 9
2 9 8
3 0 7
t 82 27
m0 0 10
1 2 10
2 8 8
3 0 6
t 81 27
m0 0 9
1 2 9
2 9 8
3 0 7
t 80 27
m0 0 10
1 2 10
2 8 8
3 0 6
t 79 27
m0 0 9
1 2 9
2 9 8
3 0 7
t 78 27
m0 0 10
1 2 10
2 8 8
3 0 6
t 77 27
m0 0 9
1 2 9
2 9 8
3 0 7
t 76 27
m0 0 10
1 2 10
2 8 8
3 0 6
t 75 27
m0 0 9
1 2 9
2 9 8
3 0 7
t 74 27
m0 0 10
1 2 10
2 8 8
3 0 6
t 73 27
m0 0 9
1 2 9
2 9 8
3 0 7
t 72 27
m0 0 10
1 2 10
2 8 8
3 0 6
t 71 27
m0 0 9
1 2 9
2 9 8
3 0 7
t 70 27
m0 0 10
1 2 10
2 8 8
3 0 6
t 69 27
m0 0 9
1 2 9
2 9 8
3 0 7
t 68 27
m0 0 10
1 2 10
2 8 8
3 0 6
t 67 27
m0 0 9
1 2 9
2 9 8
3 0 7
t 66 27
m0 0 10
1 2 10
2 8 8
3 0 6
t 65 27
m0 0 9
1 2 9
2 9 8
3 0 7
t 64 27
m0 0 10
1 2 10
2 8 8
3 0 6
t 63 27
m0 0 9
1 2 9
2 9 8
3 0 7
t 62 27
m0 0 10
1 2 10
2 8 8
3 0 6
t 61 27
m0 0 9
1 2 9
2 9 8
3 0 7
t 60 27
m0 0 10
1 2 10
2 8 8
3 0 6
t 59 27
m0 0 9
1 2 9
2 9 8
3 0 7
t 58 27
m0 0 10
1 2 10
2 8 8
3 0 6
t 57 27
m0 0 9
1 2 9
2 9 8
3 0 7
t 56 27
m0 0 10
1 2 10
2 8 8
3 0 6
t 55 27
m0 0 9
1 2 9
2 9 8
3 0 7
t 54 27
m0 0 10
1 2 10
2 8 8
3 0 6
t 53 27
m0 0 9
1 2 9
2 9 8
3 0 7
t 52 27
m0 0 10
1 2 10
2 8 8
3 0 6
t 51 27
m0 0 9
1 2 9
2 9 8
3 0 7
t 50 27
m0 0 10
1 2 10
2 8 8
3 0 6
t 49 27
m0 0 9
1 2 9
2 9 8
3 0 7
t 48 27
m0 0 10
1 2 10
2 8 8
3 0 6
t 47 27
m0 0 9
1 2 9
2 9 8
3 0 7
t 46 27
m0 0 10
1 2 10
2 8 8
3 0 6
t 45 27
m0 0 9
1 2 9
2 9 8
3 0 7
t 44 27
m0 0 10
1 2 10
2 8 8
3 0 6
t 43 27
m0 0 9
1 2 9
2 9 8
3 0 7
t 42 27
m0 0 10
1 2 10
2 8 8
3 0 6
t 41 27
m0 0 9
1 2 9
2 9 8
3 0 7
t 40 27
m0 0 10
1 2 10
2 8 8
3 0 6
t 39 27
m0 0 9
1 2 9
2 9 8
3 0 7
t 38 27
m0 0 10
1 2 10
2 8 8
3 0 6
t 37 27
m0 0 9
1 2 9
2 9 8
3 0 7
t 36 27
m0 0 10
1 2 10
2 8 8
3 0 6
t 35 27
m0 0 9
1 2 9
2 9 8
3 0 7
t 34 27
m0 0 10
1 2 10
2 8 8
3 0 6
t 33 27
m0 0 9
1 2 9
2 9 8
3 0 7
t 32 27
m0 0 10
1 2 10
2 8 8
3 0 6
t 31 27
m0 0 9
1 2 9
2 9 8
3 0 7
t 30 27
m0 0 10
1 2 10
2 8 8
3 0 6
t 29 27
m0 0 9
1 2 9
2 9 8
3 0 7
t 28 27
m0 0 10
1 2 10
2 8 8
3 0 6
t 27 27
m0 0 9
1 2 9
2 9 8
3 0 7
t 26 27
m0 0 10
1 2 10
2 8 8
3 0 6
t 25 27
m0 0 9
1 2 9
2 9 8
3 0 7
t 24 27
m0 0 10
1 2 10
2 8 8
3 0 6
t 23 27
m0 0 9
1 2 9
2 9 8
3 0 7
t 22 27
m0 0 10
1 2 10
2 8 8
3 0 6
t 21 27
m0 0 9
1 2 9
2 9 8
3 0 7
t 20 27
m0 0 10
1 2 10
2 8 8
3 0 6
t 19 27
m0 0 9
1 2 9
2 9 8
3 0 7
t 18 27
m0 0 10
1 2 10
2 8 8
3 0 6
t 17 27
m0 0 9
1 2 9
2 9 8
3 0 7
t 16 27
m0 0 10
1 2 10
2 8 8
3 0 6
t 15 27
m0 0 9
1 2 9
2 9 8
3 0 7
t 14 27
m0 0 10
1 2 10
2 8 8
3 0 6
t 13 27
m0 0 9
1 2 9
2 9 8
3 0 7
t 12 27
m0 0 10
1 2 10
2 8 8
3 0 6
t 11 27
m0 0 9
1 2 9
2 9 8
3 0 7
t 10 27
m0 0 10
1 2 10
2 8 8
3 0 6
t 9 27
m0 0 9
1 2 9
2 9 8
3 0 7
t 8 27
m0 0 10
1 2 10
2 8 8
3 0 6
t 7 27
m0 0 9
1 2 9
2 9 8
3 0 7
t 6 27
m0 0 10
1 2 10
2 8 8
3 0 6
t 5 27
m0 0 9
1 2 9
2 9 8
3 0 7
t 4 27
m0 0 10
1 2 10
2 8 8
3 0 6
t 3 27
m0 0 9
1 2 9
2 9 8
3 0 7
t 2 27
m0 0 10
1 2 10
2 8 8
3 0 6
t 1 27
m0 0 9
1 2 10
2 8 8
3 0 6
t 0 27
