10
15
w 6 9
w 8 13
w 5 6
w 2 8
w 5 13
w 8 9
w 1 6
w 6 14
w 6 7
w 8 1
w 8 10
w 2 13
w 5 0
w 2 2
w 8 6
w 9 7
w 7 14
w 0 0
w 3 2
w 8 2
w 5 11
w 1 13
w 1 4
w 2 10
w 8 7
w 1 0
w 9 6
w 6 5
w 4 11
w 1 12
w 9 9
w 2 0
w 1 8
w 1 7
w 5 2
w 2 4
w 8 4
p 5 9
p 4 7
p 7 3
p 6 6
p 4 8
p 9 8
p 3 11
p 2 1
p 0 7
p 4 12
p 7 11
p 3 7
p 0 3
p 8 5
p 5 8
p 7 2
p 1 2
p 4 9
p 3 3
p 5 5
p 3 10
p 4 4
p 1 14
p 0 11
p 3 6
p 0 4
p 1 10
p 7 10
p 6 4
p 7 1
p 3 13
p 6 0
p 9 10
p 1 9
p 6 12
p 4 2
p 0 8
p 2 14
p 3 5
p 2 7
p 9 13
p 5 3
p 8 3
p 7 0
p 8 12
p 5 7
p 3 1
p 2 11
p 0 13
p 3 8
p 5 14
p 0 6
p 8 8
p 4 3
p 3 4
p 9 12
m0 0 14
1 9 0
2 9 0
3 9 0
t 300 0
m0 1 14
1 8 0
2 8 0
3 8 0
t 299 1
m0 2 14
1 9 0
2 9 0
3 9 0
t 298 2
m0 3 14
1 8 0
2 8 0
3 8 0
t 297 2
m0 4 14
1 9 0
2 9 0
3 9 0
t 296 2
m0 5 14
1 8 0
2 8 0
3 8 0
t 295 3
m0 4 14
1 9 0
2 9 0
3 9 0
t 294 3
m0 5 14
1 8 0
2 8 0
3 8 0
t 293 3
m0 4 14
1 9 0
2 9 0
3 9 0
t 292 3
m0 5 14
1 8 0
2 8 0
3 8 0
t 291 3
m0 4 14
1 9 0
2 9 0
3 9 0
t 290 3
m0 5 14
1 8 0
2 8 0
3 8 0
t 289 3
m0 4 14
1 9 0
2 9 0
3 9 0
t 288 3
m0 5 14
1 8 0
2 8 0
3 8 0
t 287 3
m0 4 14
1 9 0
2 9 0
3 9 0
t 286 3
m0 4 14
1 8 0
2 8 0
3 8 0
f 3 12
t 285 3
m0 4 13
1 9 0
2 9 0
3 9 0
t 284 3
m0 3 13
1 8 0
2 8 0
3 8 0
t 283 4
m0 3 13
1 9 0
2 9 0
3 9 0
t 282 4
m0 4 13
1 8 0
2 8 0
3 8 0
t 281 4
m0 4 12
1 9 0
2 9 0
3 9 0
t 280 5
m0 5 12
1 8 0
2 8 0
3 8 0
t 279 5
m0 4 12
1 9 0
2 9 0
3 9 0
t 278 5
m0 4 12
1 8 0
2 8 0
3 8 0
t 277 5
m0 3 12
1 9 0
2 9 0
3 9 0
t 276 15
m0 4 12
1 8 0
2 8 0
3 8 0
t 275 15
m0 5 12
1 9 0
2 9 0
3 9 0
t 274 15
m0 6 12
1 8 0
2 8 0
3 8 0
t 273 16
m0 7 12
1 9 0
2 9 0
3 9 0
t 272 16
m0 8 12
1 8 0
2 8 0
3 8 0
t 271 17
m0 9 12
1 7 0
2 7 0
3 7 0
t 270 18
m0 9 11
1 6 0
2 6 0
3 6 0
t 269 18
m0 9 12
1 7 0
2 7 0
3 7 0
f 3 0
t 268 18
m0 9 13
1 6 0
2 6 0
3 6 0
t 267 19
m0 9 13
1 7 0
2 7 0
3 7 0
t 266 19
m0 9 13
1 6 0
2 6 0
3 6 0
t 265 19
m0 9 14
1 7 0
2 7 0
3 7 0
t 264 19
m0 9 13
1 6 0
2 6 0
3 6 0
t 263 19
m0 9 14
1 7 0
2 7 0
3 7 0
t 262 19
m0 9 14
1 6 0
2 6 0
3 6 0
t 261 19
m0 8 14
1 7 0
2 7 0
3 7 0
t 260 19
m0 9 14
1 6 0
2 6 0
3 6 0
t 259 19
m0 8 14
1 7 0
2 7 0
3 7 0
t 258 19
m0 9 14
1 6 0
2 6 0
3 6 0
t 257 19
m0 8 14
1 7 0
2 7 0
3 7 0
t 256 19
m0 9 14
1 6 0
2 6 0
3 6 0
t 255 19
m0 9 13
1 7 0
2 7 0
3 7 0
t 254 19
m0 9 12
1 6 0
2 6 0
3 6 0
t 253 19
m0 9 13
1 7 0
2 7 0
3 7 0
t 252 19
m0 9 14
1 6 0
2 6 0
3 6 0
t 251 19
m0 9 14
1 7 0
2 7 0
3 7 0
t 250 19
m0 9 13
1 6 0
2 6 0
3 6 0
t 249 19
m0 9 14
1 7 0
2 7 0
3 7 0
t 248 19
m0 8 14
1 6 0
2 6 0
3 6 0
t 247 19
m0 8 14
1 7 0
2 7 0
3 7 0
t 246 19
m0 8 14
1 6 0
2 6 0
3 6 0
t 245 19
m0 9 14
1 7 0
2 7 0
3 7 0
t 244 19
m0 9 13
1 6 0
2 6 0
3 6 0
t 243 19
m0 9 13
1 7 0
2 7 0
3 7 0
t 242 19
m0 9 14
1 6 0
2 6 0
3 6 0
t 241 19
m0 8 14
1 7 0
2 7 0
3 7 0
t 240 19
m0 8 14
1 6 0
2 6 0
3 6 0
t 239 19
m0 8 14
1 7 0
2 7 0
3 7 0
t 238 19
m0 9 14
1 6 0
2 6 0
3 6 0
t 237 19
m0 9 13
1 7 0
2 7 0
3 7 0
t 236 19
m0 9 12
1 6 0
2 6 0
3 6 0
t 235 19
m0 9 11
1 7 0
2 7 0
3 7 0
t 234 19
m0 8 11
1 6 0
2 6 0
3 6 0
t 233 19
m0 7 11
1 7 0
2 7 0
3 7 0
t 232 20
m0 7 11
1 8 0
2 8 0
3 8 0
t 231 20
m0 7 11
1 9 0
2 9 0
3 9 0
t 230 20
m0 8 11
1 8 0
2 8 0
3 8 0
t 229 20
m0 9 11
1 7 0
2 7 0
3 7 0
t 228 20
m0 9 10
1 6 0
2 6 0
3 6 0
t 227 21
m0 9 11
1 7 0
2 7 0
3 7 0
t 226 21
m0 9 11
1 6 0
2 6 0
3 6 0
t 225 21
m0 9 11
1 7 0
2 7 0
3 7 0
t 224 21
m0 9 10
1 6 0
2 6 0
3 6 0
t 223 21
m0 9 10
1 7 0
2 7 0
3 7 0
t 222 21
m0 9 11
1 6 0
2 6 0
3 6 0
t 221 21
m0 8 11
1 7 0
2 7 0
3 7 0
t 220 21
m0 9 11
1 6 0
2 6 0
3 6 0
t 219 21
m0 9 11
1 7 0
2 7 0
3 7 0
t 218 21
m0 9 11
1 6 0
2 6 0
3 6 0
t 217 21
m0 9 12
1 7 0
2 7 0
3 7 0
t 216 21
m0 9 11
1 6 0
2 6 0
3 6 0
t 215 21
m0 8 11
1 7 0
2 7 0
3 7 0
t 214 21
m0 8 12
1 6 0
2 6 0
3 6 0
t 213 21
m0 8 12
1 7 0
2 7 0
3 7 0
t 212 21
m0 9 12
1 6 0
2 6 0
3 6 0
t 211 21
m0 9 11
1 7 0
2 7 0
3 7 0
t 210 21
m0 9 11
1 6 0
2 6 0
3 6 0
t 209 21
m0 9 12
1 7 0
2 7 0
3 7 0
t 208 21
m0 9 11
1 6 0
2 6 0
3 6 0
t 207 21
m0 8 11
1 7 0
2 7 0
3 7 0
t 206 21
m0 7 11
1 8 0
2 8 0
3 8 0
t 205 21
m0 7 12
1 9 0
2 9 0
3 9 0
t 204 21
m0 7 13
1 8 0
2 8 0
3 8 0
t 203 21
m0 7 13
1 9 0
2 9 0
3 9 0
t 202 21
m0 6 13
1 8 0
2 8 0
3 8 0
t 201 21
m0 6 13
1 9 0
2 9 0
3 9 0
t 200 21
m0 6 13
1 8 0
2 8 0
3 8 0
t 199 21
m0 6 12
1 9 0
2 9 0
3 9 0
t 198 21
m0 6 13
1 8 0
2 8 0
3 8 0
t 197 21
m0 6 12
1 9 0
2 9 0
3 9 0
t 196 21
m0 7 12
1 8 0
2 8 0
3 8 0
t 195 21
m0 7 13
1 9 0
2 9 0
3 9 0
t 194 21
m0 6 13
1 8 0
2 8 0
3 8 0
t 193 21
m0 7 13
1 9 0
2 9 0
3 9 0
t 192 21
m0 6 13
1 8 0
2 8 0
3 8 0
t 191 21
m0 6 12
1 9 0
2 9 0
3 9 0
t 190 21
m0 6 12
1 8 0
2 8 0
3 8 0
t 189 21
m0 5 12
1 9 0
2 9 0
3 9 0
t 188 21
m0 5 12
1 8 0
2 8 0
3 8 0
t 187 21
m0 6 12
1 9 0
2 9 0
3 9 0
t 186 21
m0 7 12
1 8 0
2 8 0
3 8 0
t 185 21
m0 7 12
1 9 0
2 9 0
3 9 0
t 184 21
m0 6 12
1 8 0
2 8 0
3 8 0
t 183 21
m0 5 12
1 9 0
2 9 0
3 9 0
t 182 21
m0 5 12
1 8 0
2 8 0
3 8 0
t 181 21
m0 4 12
1 9 0
2 9 0
3 9 0
t 180 21
m0 3 12
1 8 0
2 8 0
3 8 0
t 179 21
m0 3 12
1 9 0
2 9 0
3 9 0
t 178 21
m0 3 11
1 8 0
2 8 0
3 8 0
t 177 22
m0 3 12
1 9 0
2 9 0
3 9 0
t 176 22
m0 2 12
1 8 0
2 8 0
3 8 0
t 175 22
m0 3 12
1 9 0
2 9 0
3 9 0
t 174 22
m0 2 12
1 8 0
2 8 0
3 8 0
t 173 22
m0 3 12
1 9 0
2 9 0
3 9 0
t 172 22
m0 4 12
1 8 0
2 8 0
3 8 0
t 171 22
m0 5 12
1 9 0
2 9 0
3 9 0
t 170 22
m0 6 12
1 8 0
2 8 0
3 8 0
t 169 22
m0 6 11
1 9 0
2 9 0
3 9 0
t 168 22
m0 6 10
1 8 0
2 8 0
3 8 0
t 167 22
m0 7 10
1 9 0
2 9 0
3 9 0
t 166 23
m0 7 11
1 8 0
2 8 0
3 8 0
t 165 23
m0 7 11
1 9 0
2 9 0
3 9 0
t 164 23
m0 8 11
1 8 0
2 8 0
3 8 0
t 163 23
m0 8 11
1 9 0
2 9 0
3 9 0
t 162 23
m0 9 11
1 8 0
2 8 0
3 8 0
t 161 23
m0 9 10
1 7 0
2 7 0
3 7 0
t 160 23
m0 9 11
1 6 0
2 6 0
3 6 0
t 159 23
m0 8 11
1 7 0
2 7 0
3 7 0
t 158 23
m0 9 11
1 6 0
2 6 0
3 6 0
t 157 23
m0 8 11
1 7 0
2 7 0
3 7 0
t 156 23
m0 8 11
1 6 0
2 6 0
3 6 0
t 155 23
m0 8 11
1 7 0
2 7 0
3 7 0
t 154 23
m0 8 11
1 6 0
2 6 0
3 6 0
t 153 23
m0 7 11
1 7 0
2 7 0
3 7 0
t 152 23
m0 7 11
1 8 0
2 8 0
3 8 0
t 151 23
m0 6 11
1 9 0
2 9 0
3 9 0
t 150 23
m0 7 11
1 8 0
2 8 0
3 8 0
t 149 23
m0 8 11
1 9 0
2 9 0
3 9 0
t 148 23
m0 8 12
1 8 0
2 8 0
3 8 0
t 147 23
m0 8 11
1 9 0
2 9 0
3 9 0
t 146 23
m0 9 11
1 8 0
2 8 0
3 8 0
t 145 23
m0 8 11
1 9 0
2 9 0
3 9 0
t 144 23
m0 8 12
1 8 0
2 8 0
3 8 0
t 143 23
m0 7 12
1 9 0
2 9 0
3 9 0
t 142 23
m0 7 12
1 8 0
2 8 0
3 8 0
t 141 23
m0 7 12
1 9 0
2 9 0
3 9 0
t 140 23
m0 7 11
1 8 0
2 8 0
3 8 0
t 139 23
m0 8 11
1 9 0
2 9 0
3 9 0
t 138 23
m0 8 12
1 8 0
2 8 0
3 8 0
t 137 23
m0 7 12
1 9 0
2 9 0
3 9 0
t 136 23
m0 7 12
1 8 0
2 8 0
3 8 0
t 135 23
m0 6 12
1 9 0
2 9 0
3 9 0
t 134 23
m0 6 11
1 8 0
2 8 0
3 8 0
t 133 23
m0 6 10
1 9 0
2 9 0
3 9 0
t 132 23
m0 5 10
1 8 0
2 8 0
3 8 0
t 131 23
m0 6 10
1 9 0
2 9 0
3 9 0
t 130 23
m0 6 11
1 8 0
2 8 0
3 8 0
t 129 23
m0 6 11
1 9 0
2 9 0
3 9 0
t 128 23
m0 6 10
1 8 0
2 8 0
3 8 0
t 127 23
m0 6 10
1 9 0
2 9 0
3 9 0
t 126 23
m0 6 10
1 8 0
2 8 0
3 8 0
t 125 23
m0 6 11
1 9 0
2 9 0
3 9 0
t 124 23
m0 6 10
1 8 0
2 8 0
3 8 0
t 123 23
m0 6 10
1 9 0
2 9 0
3 9 0
t 122 23
m0 5 10
1 8 0
2 8 0
3 8 0
t 121 23
m0 5 9
1 9 0
2 9 0
3 9 0
t 120 24
m0 5 10
1 8 0
2 8 0
3 8 0
t 119 24
m0 6 10
1 9 0
2 9 0
3 9 0
t 118 24
m0 5 10
1 8 0
2 8 0
3 8 0
t 117 24
m0 6 10
1 9 0
2 9 0
3 9 0
t 116 24
m0 5 10
1 8 0
2 8 0
3 8 0
t 115 24
m0 5 10
1 9 0
2 9 0
3 9 0
t 114 24
m0 5 9
1 8 0
2 8 0
3 8 0
t 113 24
m0 5 10
1 9 0
2 9 0
3 9 0
t 112 24
m0 6 10
1 8 0
2 8 0
3 8 0
t 111 24
m0 5 10
1 9 0
2 9 0
3 9 0
t 110 24
m0 5 9
1 8 0
2 8 0
3 8 0
t 109 24
m0 4 9
1 9 0
2 9 0
3 9 0
t 108 25
m0 3 9
1 8 0
2 8 0
3 8 0
t 107 25
m0 2 9
1 9 0
2 9 0
3 9 0
t 106 25
m0 3 9
1 8 0
2 8 0
3 8 0
t 105 25
m0 3 8
1 9 0
2 9 0
3 9 0
t 104 26
m0 3 7
1 8 0
2 8 0
3 8 0
t 103 27
m0 2 7
1 9 0
2 9 0
3 9 0
t 102 28
m0 2 7
1 8 0
2 8 0
3 8 0
t 101 28
m0 2 7
1 9 0
2 9 0
3 9 0
t 100 28
m0 3 7
1 8 0
2 8 0
3 8 0
t 99 28
m0 3 6
1 9 0
2 9 0
3 9 0
t 98 29
m0 3 5
1 8 0
2 8 0
3 8 0
t 97 30
m0 3 4
1 9 0
2 9 0
3 9 0
t 96 31
m0 3 3
1 8 0
2 8 0
3 8 0
t 95 32
m0 3 3
1 9 0
2 9 0
3 9 0
t 94 32
m0 3 3
1 8 0
2 8 0
3 8 0
t 93 32
m0 2 3
1 9 0
2 9 0
3 9 0
t 92 32
m0 1 3
1 8 0
2 8 0
3 8 0
t 91 32
m0 1 3
1 9 0
2 9 0
3 9 0
t 90 32
m0 1 2
1 8 0
2 8 0
3 8 0
t 89 33
m0 0 2
1 9 0
2 9 0
3 9 0
t 88 33
m0 1 2
1 8 0
2 8 0
3 8 0
t 87 33
m0 1 2
1 9 0
2 9 0
3 9 0
t 86 33
m0 1 3
1 8 0
2 8 0
3 8 0
t 85 33
m0 0 3
1 9 0
2 9 0
3 9 0
t 84 34
m0 1 3
1 8 0
2 8 0
3 8 0
t 83 34
m0 0 3
1 9 0
2 9 0
3 9 0
t 82 34
m0 1 3
1 8 0
2 8 0
3 8 0
t 81 34
m0 1 3
1 9 0
2 9 0
3 9 0
t 80 34
m0 0 3
1 8 0
2 8 0
3 8 0
t 79 34
m0 0 2
1 9 0
2 9 0
3 9 0
t 78 34
m0 0 3
1 8 0
2 8 0
3 8 0
t 77 34
m0 0 3
1 9 0
2 9 0
3 9 0
t 76 34
m0 0 4
1 8 0
2 8 0
3 8 0
t 75 35
m0 0 4
1 9 0
2 9 0
3 9 0
t 74 35
m0 0 4
1 8 0
2 8 0
3 8 0
t 73 35
m0 0 3
1 9 0
2 9 0
3 9 0
t 72 35
m0 0 3
1 8 0
2 8 0
3 8 0
t 71 35
m0 0 2
1 9 0
2 9 0
3 9 0
t 70 35
m0 0 1
1 8 0
2 8 0
3 8 0
t 69 35
m0 0 1
1 9 0
2 9 0
3 9 0
t 68 35
m0 0 1
1 8 0
2 8 0
3 8 0
t 67 35
m0 0 2
1 9 0
2 9 0
3 9 0
t 66 35
m0 1 2
1 8 0
2 8 0
3 8 0
t 65 35
m0 1 1
1 9 0
2 9 0
3 9 0
t 64 35
m0 0 1
1 8 0
2 8 0
3 8 0
t 63 35
m0 1 1
1 9 0
2 9 0
3 9 0
t 62 35
m0 2 1
1 8 0
2 8 0
3 8 0
t 61 36
m0 1 1
1 9 0
2 9 0
3 9 0
t 60 36
m0 1 2
1 8 0
2 8 0
3 8 0
t 59 36
m0 0 2
1 9 0
2 9 0
3 9 0
t 58 36
m0 0 3
1 8 0
2 8 0
3 8 0
t 57 36
m0 0 4
1 9 0
2 9 0
3 9 0
t 56 36
m0 0 5
1 8 0
2 8 0
3 8 0
t 55 36
m0 0 5
1 9 0
2 9 0
3 9 0
t 54 36
m0 0 4
1 8 0
2 8 0
3 8 0
t 53 36
m0 0 4
1 9 0
2 9 0
3 9 0
t 52 36
m0 0 3
1 8 0
2 8 0
3 8 0
t 51 36
m0 0 3
1 9 0
2 9 0
3 9 0
t 50 36
m0 0 4
1 8 0
2 8 0
3 8 0
t 49 36
m0 0 5
1 9 0
2 9 0
3 9 0
t 48 36
m0 1 5
1 8 0
2 8 0
3 8 0
t 47 36
m0 0 5
1 9 0
2 9 0
3 9 0
t 46 36
m0 0 5
1 8 0
2 8 0
3 8 0
t 45 36
m0 0 5
1 9 0
2 9 0
3 9 0
t 44 36
m0 0 5
1 8 0
2 8 0
3 8 0
t 43 36
m0 0 4
1 9 0
2 9 0
3 9 0
t 42 36
m0 0 5
1 8 0
2 8 0
3 8 0
t 41 36
m0 0 4
1 9 0
2 9 0
3 9 0
t 40 36
m0 0 5
1 8 0
2 8 0
3 8 0
t 39 36
m0 1 5
1 9 0
2 9 0
3 9 0
t 38 36
m0 0 5
1 8 0
2 8 0
3 8 0
t 37 36
m0 1 5
1 9 0
2 9 0
3 9 0
t 36 36
m0 2 5
1 8 0
2 8 0
3 8 0
t 35 36
m0 1 5
1 9 0
2 9 0
3 9 0
t 34 36
m0 0 5
1 8 0
2 8 0
3 8 0
t 33 36
m0 0 4
1 9 0
2 9 0
3 9 0
t 32 36
m0 0 5
1 8 0
2 8 0
3 8 0
t 31 36
m0 1 5
1 9 0
2 9 0
3 9 0
t 30 36
m0 0 5
1 8 0
2 8 0
3 8 0
t 29 36
m0 1 5
1 9 0
2 9 0
3 9 0
t 28 36
m0 0 5
1 8 0
2 8 0
3 8 0
t 27 36
m0 1 5
1 9 0
2 9 0
3 9 0
t 26 36
m0 0 5
1 8 0
2 8 0
3 8 0
t 25 36
m0 0 6
1 9 0
2 9 0
3 9 0
t 24 37
m0 0 7
1 8 0
2 8 0
3 8 0
t 23 38
m0 0 6
1 9 0
2 9 0
3 9 0
t 22 38
m0 0 5
1 8 0
2 8 0
3 8 0
t 21 38
m0 0 6
1 9 0
2 9 0
3 9 0
t 20 38
m0 0 7
1 8 0
2 8 0
3 8 0
t 19 38
m0 0 7
1 9 0
2 9 0
3 9 0
t 18 38
m0 0 7
1 8 0
2 8 0
3 8 0
t 17 38
m0 0 6
1 9 0
2 9 0
3 9 0
t 16 38
m0 0 7
1 8 0
2 8 0
3 8 0
t 15 38
m0 0 8
1 9 0
2 9 0
3 9 0
t 14 39
m0 0 9
1 8 0
2 8 0
3 8 0
t 13 39
m0 1 9
1 9 0
2 9 0
3 9 0
t 12 40
m0 1 10
1 8 0
2 8 0
3 8 0
t 11 41
m0 1 9
1 9 0
2 9 0
3 9 0
t 10 41
m0 0 9
1 8 0
2 8 0
3 8 0
t 9 41
m0 0 8
1 9 0
2 9 0
3 9 0
t 8 41
m0 0 9
1 8 0
2 8 0
3 8 0
t 7 41
m0 0 9
1 9 0
2 9 0
3 9 0
t 6 41
m0 1 9
1 8 0
2 8 0
3 8 0
t 5 41
m0 0 9
1 9 0
2 9 0
3 9 0
t 4 41
m0 1 9
1 8 0
2 8 0
3 8 0
t 3 41
m0 1 9
1 9 0
2 9 0
3 9 0
t 2 41
m0 2 9
1 8 0
2 8 0
3 8 0
t 1 41
m0 2 9
1 8 0
2 8 0
3 8 0
t 0 41
