10
15
w 5 6
w 2 1
w 4 12
w 1 6
w 7 11
w 0 3
w 5 8
w 4 9
w 2 9
w 8 1
w 6 10
w 4 4
w 8 10
w 6 3
w 0 11
w 7 10
w 0 4
w 8 6
w 4 1
w 9 7
w 0 0
w 7 1
w 8 11
w 1 4
w 4 11
w 3 5
w 2 7
w 0 1
w 8 3
w 8 12
w 6 1
w 0 13
w 2 11
w 2 0
w 6 13
w 3 4
w 8 4
p 6 9
p 8 13
p 4 8
p 3 0
p 2 8
p 9 8
p 3 11
p 7 7
p 8 9
p 2 5
p 8 5
p 2 4
p 7 2
p 6 14
p 1 2
p 5 12
p 3 10
p 1 5
p 2 13
p 9 11
p 5 0
p 2 2
p 1 10
p 1 1
p 7 14
p 5 4
p 6 11
p 1 13
p 9 3
p 4 14
p 9 10
p 7 5
p 2 3
p 1 9
p 6 12
p 0 8
p 9 6
p 2 14
p 7 9
p 9 13
p 7 0
p 4 6
p 1 12
p 6 8
p 9 2
p 5 10
p 5 7
p 7 13
p 7 4
p 3 8
p 4 3
p 0 9
p 9 5
p 7 8
p 0 2
p 9 12
m0 0 14
1 9 0
2 9 0
3 9 0
t 300 0
m0 0 14
1 8 0
2 8 0
3 8 0
t 299 0
m0 0 14
1 9 0
2 9 0
3 9 0
t 298 0
m0 0 14
1 8 0
2 8 0
3 8 0
t 297 0
m0 0 14
1 9 0
2 9 0
3 9 0
t 296 0
m0 0 14
1 8 0
2 8 0
3 8 0
t 295 0
m0 0 14
1 9 0
2 9 0
3 9 0
t 294 0
m0 0 14
1 8 0
2 8 0
3 8 0
t 293 0
m0 0 14
1 9 0
2 9 0
3 9 0
t 292 0
m0 0 14
1 8 0
2 8 0
3 8 0
t 291 0
m0 0 14
1 9 0
2 9 0
3 9 0
t 290 0
m0 0 14
1 8 0
2 8 0
3 8 0
t 289 0
m0 0 14
1 9 0
2 9 0
3 9 0
t 288 0
m0 0 14
1 8 0
2 8 0
3 8 0
t 287 0
m0 0 14
1 9 0
2 9 0
3 9 0
f 7 6
t 286 0
m0 1 14
1 8 0
2 8 0
3 8 0
t 285 0
m0 2 14
1 9 0
2 9 0
3 9 0
t 284 1
m0 2 13
1 8 0
2 8 0
3 8 0
t 283 2
m0 3 13
1 9 0
2 9 0
3 9 0
t 282 2
m0 3 13
1 8 0
2 8 0
3 8 0
t 281 2
m0 3 12
1 9 0
2 9 0
3 9 0
t 280 2
m0 3 13
1 8 0
2 8 0
3 8 0
t 279 2
m0 3 14
1 9 0
2 9 0
3 9 0
t 278 2
m0 4 14
1 8 0
2 8 0
3 8 0
t 277 3
m0 5 14
1 9 0
2 9 0
3 9 0
t 276 3
m0 6 14
1 8 0
2 8 0
3 8 0
t 275 4
m0 5 14
1 9 0
2 9 0
3 9 0
t 274 4
m0 5 14
1 8 0
2 8 0
3 8 0
t 273 4
m0 5 13
1 9 0
2 9 0
3 9 0
t 272 4
m0 4 13
1 8 0
2 8 0
3 8 0
t 271 4
m0 4 13
1 9 0
2 9 0
3 9 0
t 270 4
m0 3 13
1 8 0
2 8 0
3 8 0
t 269 4
m0 3 14
1 9 0
2 9 0
3 9 0
t 268 4
m0 3 13
1 8 0
2 8 0
3 8 0
t 267 4
m0 3 13
1 9 0
2 9 0
3 9 0
t 266 4
m0 4 13
1 8 0
2 8 0
3 8 0
t 265 4
m0 4 13
1 9 0
2 9 0
3 9 0
t 264 4
m0 4 14
1 8 0
2 8 0
3 8 0
t 263 4
m0 5 14
1 9 0
2 9 0
3 9 0
t 262 4
m0 4 14
1 8 0
2 8 0
3 8 0
t 261 4
m0 4 14
1 9 0
2 9 0
3 9 0
t 260 4
m0 4 13
1 8 0
2 8 0
3 8 0
t 259 4
m0 4 13
1 9 0
2 9 0
3 9 0
t 258 4
m0 3 13
1 8 0
2 8 0
3 8 0
t 257 4
m0 3 12
1 9 0
2 9 0
3 9 0
t 256 4
m0 3 12
1 8 0
2 8 0
3 8 0
t 255 4
m0 3 13
1 9 0
2 9 0
3 9 0
t 254 4
m0 4 13
1 8 0
2 8 0
3 8 0
t 253 4
m0 5 13
1 9 0
2 9 0
3 9 0
t 252 4
m0 4 13
1 8 0
2 8 0
3 8 0
t 251 4
m0 4 13
1 9 0
2 9 0
3 9 0
t 250 4
m0 5 13
1 8 0
2 8 0
3 8 0
t 249 4
m0 5 12
1 9 0
2 9 0
3 9 0
t 248 5
m0 5 12
1 8 0
2 8 0
3 8 0
t 247 5
m0 5 13
1 9 0
2 9 0
3 9 0
t 246 5
m0 4 13
1 8 0
2 8 0
3 8 0
t 245 5
m0 4 13
1 9 0
2 9 0
3 9 0
t 244 5
m0 4 14
1 8 0
2 8 0
3 8 0
t 243 5
m0 4 14
1 9 0
2 9 0
3 9 0
t 242 5
m0 3 14
1 8 0
2 8 0
3 8 0
t 241 5
m0 2 14
1 9 0
2 9 0
3 9 0
t 240 5
m0 1 14
1 8 0
2 8 0
3 8 0
t 239 5
m0 2 14
1 9 0
2 9 0
3 9 0
t 238 5
m0 2 14
1 8 0
2 8 0
3 8 0
t 237 5
m0 2 13
1 9 0
2 9 0
3 9 0
t 236 5
m0 3 13
1 8 0
2 8 0
3 8 0
t 235 5
m0 3 12
1 9 0
2 9 0
3 9 0
t 234 5
m0 2 12
1 8 0
2 8 0
3 8 0
t 233 5
m0 3 12
1 9 0
2 9 0
3 9 0
t 232 5
m0 3 13
1 8 0
2 8 0
3 8 0
t 231 5
m0 3 13
1 9 0
2 9 0
3 9 0
t 230 5
m0 4 13
1 8 0
2 8 0
3 8 0
t 229 5
m0 4 13
1 9 0
2 9 0
3 9 0
t 228 5
m0 5 13
1 8 0
2 8 0
3 8 0
t 227 5
m0 5 14
1 9 0
2 9 0
3 9 0
t 226 5
m0 6 14
1 8 0
2 8 0
3 8 0
t 225 5
m0 5 14
1 9 0
2 9 0
3 9 0
t 224 5
m0 6 14
1 8 0
2 8 0
3 8 0
t 223 5
m0 6 14
1 9 0
2 9 0
3 9 0
t 222 5
m0 6 14
1 8 0
2 8 0
3 8 0
t 221 5
m0 7 14
1 9 0
2 9 0
3 9 0
t 220 6
m0 6 14
1 8 0
2 8 0
3 8 0
t 219 6
m0 6 14
1 9 0
2 9 0
3 9 0
t 218 6
m0 7 14
1 8 0
2 8 0
3 8 0
t 217 6
m0 6 14
1 9 0
2 9 0
3 9 0
t 216 6
m0 5 14
1 8 0
2 8 0
3 8 0
t 215 6
m0 6 14
1 9 0
2 9 0
3 9 0
t 214 6
m0 5 14
1 8 0
2 8 0
3 8 0
t 213 6
m0 6 14
1 9 0
2 9 0
3 9 0
t 212 6
m0 7 14
1 8 0
2 8 0
3 8 0
t 211 6
m0 7 14
1 9 0
2 9 0
3 9 0
t 210 6
m0 8 14
1 8 0
2 8 0
3 8 0
t 209 6
m0 7 14
1 9 0
2 9 0
3 9 0
t 208 6
m0 8 14
1 8 0
2 8 0
3 8 0
t 207 6
m0 8 14
1 9 0
2 9 0
3 9 0
t 206 6
m0 8 14
1 8 0
2 8 0
3 8 0
t 205 6
m0 7 14
1 9 0
2 9 0
3 9 0
t 204 6
m0 7 14
1 8 0
2 8 0
3 8 0
t 203 6
m0 7 13
1 9 0
2 9 0
3 9 0
t 202 7
m0 7 14
1 8 0
2 8 0
3 8 0
t 201 7
m0 6 14
1 9 0
2 9 0
3 9 0
t 200 7
m0 5 14
1 8 0
2 8 0
3 8 0
t 199 7
m0 4 14
1 9 0
2 9 0
3 9 0
t 198 7
m0 4 13
1 8 0
2 8 0
3 8 0
t 197 7
m0 3 13
1 9 0
2 9 0
3 9 0
t 196 7
m0 2 13
1 8 0
2 8 0
3 8 0
t 195 7
m0 2 12
1 9 0
2 9 0
3 9 0
t 194 7
m0 2 13
1 8 0
2 8 0
3 8 0
t 193 7
m0 1 13
1 9 0
2 9 0
3 9 0
t 192 8
m0 1 12
1 8 0
2 8 0
3 8 0
t 191 9
m0 1 13
1 9 0
2 9 0
3 9 0
t 190 9
m0 2 13
1 8 0
2 8 0
3 8 0
t 189 9
m0 2 13
1 9 0
2 9 0
3 9 0
t 188 9
m0 1 13
1 8 0
2 8 0
3 8 0
t 187 9
m0 1 13
1 9 0
2 9 0
3 9 0
t 186 9
m0 1 12
1 8 0
2 8 0
3 8 0
t 185 9
m0 2 12
1 9 0
2 9 0
3 9 0
t 184 9
m0 2 12
1 8 0
2 8 0
3 8 0
t 183 9
m0 2 13
1 9 0
2 9 0
3 9 0
t 182 9
m0 2 12
1 8 0
2 8 0
3 8 0
t 181 9
m0 2 12
1 9 0
2 9 0
3 9 0
t 180 9
m0 2 12
1 8 0
2 8 0
3 8 0
t 179 9
m0 3 12
1 9 0
2 9 0
3 9 0
t 178 9
m0 3 13
1 8 0
2 8 0
3 8 0
t 177 9
m0 3 13
1 9 0
2 9 0
3 9 0
t 176 9
m0 3 13
1 8 0
2 8 0
3 8 0
t 175 9
m0 2 13
1 9 0
2 9 0
3 9 0
t 174 9
m0 1 13
1 8 0
2 8 0
3 8 0
t 173 9
m0 1 12
1 9 0
2 9 0
3 9 0
t 172 9
m0 0 12
1 8 0
2 8 0
3 8 0
t 171 9
m0 0 12
1 9 0
2 9 0
3 9 0
t 170 9
m0 0 12
1 8 0
2 8 0
3 8 0
t 169 9
m0 0 12
1 9 0
2 9 0
3 9 0
t 168 9
m0 0 12
1 8 0
2 8 0
3 8 0
t 167 9
m0 1 12
1 9 0
2 9 0
3 9 0
t 166 9
m0 1 11
1 8 0
2 8 0
3 8 0
t 165 9
m0 1 11
1 9 0
2 9 0
3 9 0
t 164 9
m0 1 11
1 8 0
2 8 0
3 8 0
t 163 9
m0 1 10
1 9 0
2 9 0
3 9 0
t 162 10
m0 2 10
1 8 0
2 8 0
3 8 0
t 161 10
m0 2 10
1 9 0
2 9 0
3 9 0
t 160 10
m0 2 10
1 8 0
2 8 0
3 8 0
t 159 10
m0 3 10
1 9 0
2 9 0
3 9 0
t 158 11
m0 3 9
1 8 0
2 8 0
3 8 0
t 157 11
m0 3 9
1 9 0
2 9 0
3 9 0
t 156 11
m0 3 8
1 8 0
2 8 0
3 8 0
t 155 12
m0 3 8
1 9 0
2 9 0
3 9 0
t 154 12
m0 3 9
1 8 0
2 8 0
3 8 0
t 153 12
m0 3 10
1 9 0
2 9 0
3 9 0
t 152 12
m0 3 11
1 8 0
2 8 0
3 8 0
t 151 13
m0 3 11
1 9 0
2 9 0
3 9 0
t 150 13
m0 3 11
1 8 0
2 8 0
3 8 0
t 149 13
m0 3 12
1 9 0
2 9 0
3 9 0
t 148 13
m0 2 12
1 8 0
2 8 0
3 8 0
t 147 13
m0 3 12
1 9 0
2 9 0
3 9 0
t 146 13
m0 3 11
1 8 0
2 8 0
3 8 0
t 145 13
m0 3 10
1 9 0
2 9 0
3 9 0
t 144 13
m0 3 9
1 8 0
2 8 0
3 8 0
t 143 13
m0 3 9
1 9 0
2 9 0
3 9 0
t 142 13
m0 3 8
1 8 0
2 8 0
3 8 0
t 141 13
m0 2 8
1 9 0
2 9 0
3 9 0
t 140 14
m0 1 8
1 8 0
2 8 0
3 8 0
t 139 14
m0 1 8
1 9 0
2 9 0
3 9 0
t 138 14
m0 0 8
1 8 0
2 8 0
3 8 0
t 137 15
m0 0 7
1 9 0
2 9 0
3 9 0
t 136 15
m0 1 7
1 8 0
2 8 0
3 8 0
t 135 15
m0 1 7
1 9 0
2 9 0
3 9 0
t 134 15
m0 1 8
1 8 0
2 8 0
3 8 0
t 133 15
m0 0 8
1 9 0
2 9 0
3 9 0
t 132 15
m0 0 7
1 8 0
2 8 0
3 8 0
t 131 15
m0 0 7
1 9 0
2 9 0
3 9 0
t 130 15
m0 0 7
1 8 0
2 8 0
3 8 0
t 129 15
m0 0 6
1 9 0
2 9 0
3 9 0
t 128 15
m0 0 6
1 8 0
2 8 0
3 8 0
t 127 15
m0 0 5
1 9 0
2 9 0
3 9 0
t 126 15
m0 0 6
1 8 0
2 8 0
3 8 0
t 125 15
m0 0 5
1 9 0
2 9 0
3 9 0
t 124 15
m0 0 5
1 8 0
2 8 0
3 8 0
t 123 15
m0 1 5
1 9 0
2 9 0
3 9 0
t 122 16
m0 2 5
1 8 0
2 8 0
3 8 0
t 121 17
m0 2 6
1 9 0
2 9 0
3 9 0
t 120 17
m0 2 6
1 8 0
2 8 0
3 8 0
t 119 17
m0 2 5
1 9 0
2 9 0
3 9 0
t 118 17
m0 1 5
1 8 0
2 8 0
3 8 0
t 117 17
m0 0 5
1 9 0
2 9 0
3 9 0
t 116 17
m0 0 6
1 8 0
2 8 0
3 8 0
t 115 17
m0 0 5
1 9 0
2 9 0
3 9 0
t 114 17
m0 0 6
1 8 0
2 8 0
3 8 0
t 113 17
m0 0 6
1 9 0
2 9 0
3 9 0
t 112 17
m0 0 5
1 8 0
2 8 0
3 8 0
t 111 17
m0 0 5
1 9 0
2 9 0
3 9 0
t 110 17
m0 0 5
1 8 0
2 8 0
3 8 0
t 109 17
m0 0 5
1 9 0
2 9 0
3 9 0
t 108 17
m0 0 6
1 8 0
2 8 0
3 8 0
t 107 17
m0 0 5
1 9 0
2 9 0
3 9 0
t 106 17
m0 0 5
1 8 0
2 8 0
3 8 0
t 105 17
m0 0 6
1 9 0
2 9 0
3 9 0
t 104 17
m0 0 5
1 8 0
2 8 0
3 8 0
t 103 17
m0 1 5
1 9 0
2 9 0
3 9 0
t 102 17
m0 0 5
1 8 0
2 8 0
3 8 0
t 101 17
m0 0 5
1 9 0
2 9 0
3 9 0
t 100 17
m0 0 5
1 8 0
2 8 0
3 8 0
t 99 17
m0 1 5
1 9 0
2 9 0
3 9 0
t 98 17
m0 0 5
1 8 0
2 8 0
3 8 0
t 97 17
m0 0 6
1 9 0
2 9 0
3 9 0
t 96 17
m0 0 6
1 8 0
2 8 0
3 8 0
t 95 17
m0 0 6
1 9 0
2 9 0
3 9 0
t 94 17
m0 0 6
1 8 0
2 8 0
3 8 0
t 93 17
m0 0 7
1 9 0
2 9 0
3 9 0
t 92 17
m0 0 7
1 8 0
2 8 0
3 8 0
t 91 17
m0 1 7
1 9 0
2 9 0
3 9 0
t 90 17
m0 0 7
1 8 0
2 8 0
3 8 0
t 89 17
m0 1 7
1 9 0
2 9 0
3 9 0
t 88 17
m0 1 8
1 8 0
2 8 0
3 8 0
t 87 17
m0 1 7
1 9 0
2 9 0
3 9 0
t 86 17
m0 0 7
1 8 0
2 8 0
3 8 0
t 85 17
m0 1 7
1 9 0
2 9 0
3 9 0
t 84 17
m0 0 7
1 8 0
2 8 0
3 8 0
t 83 17
m0 0 7
1 9 0
2 9 0
3 9 0
t 82 17
m0 0 7
1 8 0
2 8 0
3 8 0
t 81 17
m0 0 6
1 9 0
2 9 0
3 9 0
t 80 17
m0 0 6
1 8 0
2 8 0
3 8 0
t 79 17
m0 0 5
1 9 0
2 9 0
3 9 0
t 78 17
m0 0 5
1 8 0
2 8 0
3 8 0
t 77 17
m0 0 5
1 9 0
2 9 0
3 9 0
t 76 17
m0 0 5
1 8 0
2 8 0
3 8 0
t 75 17
m0 0 5
1 9 0
2 9 0
3 9 0
t 74 17
m0 0 5
1 8 0
2 8 0
3 8 0
t 73 17
m0 0 5
1 9 0
2 9 0
3 9 0
t 72 17
m0 0 6
1 8 0
2 8 0
3 8 0
t 71 17
m0 0 7
1 9 0
2 9 0
3 9 0
t 70 17
m0 0 7
1 8 0
2 8 0
3 8 0
t 69 17
m0 0 6
1 9 0
2 9 0
3 9 0
t 68 17
m0 0 6
1 8 0
2 8 0
3 8 0
t 67 17
m0 0 6
1 9 0
2 9 0
3 9 0
t 66 17
m0 0 5
1 8 0
2 8 0
3 8 0
t 65 17
m0 0 6
1 9 0
2 9 0
3 9 0
t 64 17
m0 0 5
1 8 0
2 8 0
3 8 0
t 63 17
m0 1 5
1 9 0
2 9 0
3 9 0
t 62 17
m0 2 5
1 8 0
2 8 0
3 8 0
t 61 17
m0 2 4
1 9 0
2 9 0
3 9 0
t 60 18
m0 2 4
1 8 0
2 8 0
3 8 0
t 59 18
m0 2 3
1 9 0
2 9 0
3 9 0
t 58 19
m0 2 3
1 8 0
2 8 0
3 8 0
t 57 19
m0 1 3
1 9 0
2 9 0
3 9 0
t 56 19
m0 2 3
1 8 0
2 8 0
3 8 0
t 55 19
m0 2 2
1 9 0
2 9 0
3 9 0
t 54 20
m0 1 2
1 8 0
2 8 0
3 8 0
t 53 21
m0 0 2
1 9 0
2 9 0
3 9 0
t 52 22
m0 1 2
1 8 0
2 8 0
3 8 0
t 51 22
m0 1 3
1 9 0
2 9 0
3 9 0
t 50 22
m0 2 3
1 8 0
2 8 0
3 8 0
t 49 22
m0 2 3
1 9 0
2 9 0
3 9 0
t 48 22
m0 1 3
1 8 0
2 8 0
3 8 0
t 47 22
m0 1 2
1 9 0
2 9 0
3 9 0
t 46 22
m0 1 1
1 8 0
2 8 0
3 8 0
t 45 23
m0 1 2
1 9 0
2 9 0
3 9 0
t 44 23
m0 0 2
1 8 0
2 8 0
3 8 0
t 43 23
m0 0 2
1 9 0
2 9 0
3 9 0
t 42 23
m0 1 2
1 8 0
2 8 0
3 8 0
t 41 23
m0 1 3
1 9 0
2 9 0
3 9 0
t 40 23
m0 2 3
1 8 0
2 8 0
3 8 0
t 39 23
m0 3 3
1 9 0
2 9 0
3 9 0
t 38 23
m0 3 3
1 8 0
2 8 0
3 8 0
t 37 23
m0 4 3
1 9 0
2 9 0
3 9 0
t 36 24
m0 4 2
1 8 0
2 8 0
3 8 0
t 35 24
m0 5 2
1 9 0
2 9 0
3 9 0
t 34 24
m0 5 2
1 8 0
2 8 0
3 8 0
t 33 24
m0 5 2
1 9 0
2 9 0
3 9 0
t 32 24
m0 5 3
1 8 0
2 8 0
3 8 0
t 31 24
m0 5 4
1 9 0
2 9 0
3 9 0
t 30 25
m0 6 4
1 8 0
2 8 0
3 8 0
t 29 25
m0 7 4
1 9 0
2 9 0
3 9 0
t 28 26
m0 7 4
1 8 0
2 8 0
3 8 0
t 27 26
m0 7 5
1 9 0
2 9 0
3 9 0
t 26 27
m0 7 4
1 8 0
2 8 0
3 8 0
t 25 27
m0 7 5
1 9 0
2 9 0
3 9 0
t 24 27
m0 7 4
1 8 0
2 8 0
3 8 0
t 23 27
m0 7 4
1 9 0
2 9 0
3 9 0
t 22 27
m0 7 4
1 8 0
2 8 0
3 8 0
t 21 27
m0 7 4
1 9 0
2 9 0
3 9 0
t 20 27
m0 7 5
1 8 0
2 8 0
3 8 0
t 19 27
m0 7 6
1 9 0
2 9 0
3 9 0
t 18 37
m0 7 6
1 8 0
2 8 0
3 8 0
t 17 37
m0 7 6
1 9 0
2 9 0
3 9 0
t 16 37
m0 6 6
1 8 0
2 8 0
3 8 0
t 15 37
m0 6 6
1 9 0
2 9 0
3 9 0
t 14 37
m0 6 7
1 8 0
2 8 0
3 8 0
f 4 10
t 13 37
m0 6 6
1 9 0
2 9 0
3 9 0
t 12 37
m0 7 6
1 8 0
2 8 0
3 8 0
t 11 37
m0 7 7
1 9 0
2 9 0
3 9 0
t 10 38
m0 7 6
1 8 0
2 8 0
3 8 0
t 9 38
m0 7 7
1 9 0
2 9 0
3 9 0
t 8 38
m0 7 6
1 8 0
2 8 0
3 8 0
t 7 38
m0 7 6
1 9 0
2 9 0
3 9 0
t 6 38
m0 6 6
1 8 0
2 8 0
3 8 0
t 5 38
m0 6 7
1 9 0
2 9 0
3 9 0
t 4 38
m0 6 7
1 8 0
2 8 0
3 8 0
t 3 38
m0 5 7
1 9 0
2 9 0
3 9 0
t 2 39
m0 5 7
1 8 0
2 8 0
3 8 0
t 1 39
m0 6 7
1 8 0
2 8 0
3 8 0
t 0 39
