10
15
w 7 3
w 6 9
w 1 3
w 5 13
w 8 9
w 6 2
w 9 4
w 7 11
w 1 11
w 8 14
w 4 9
w 3 3
w 8 1
w 7 6
w 1 5
w 0 11
w 2 13
w 5 0
w 4 1
w 4 10
w 7 14
w 6 4
w 3 13
w 6 11
w 9 3
w 6 0
w 0 5
w 1 9
w 8 7
w 1 0
w 9 6
w 3 5
w 3 12
w 4 6
w 3 1
w 0 13
w 7 8
p 4 7
p 4 8
p 7 12
p 3 0
p 6 6
p 3 11
p 7 7
p 4 12
p 2 12
p 5 1
p 2 5
p 7 2
p 3 14
p 1 2
p 4 0
p 9 0
p 2 9
p 5 12
p 6 10
p 8 10
p 6 3
p 4 13
p 9 11
p 0 4
p 1 10
p 2 6
p 7 1
p 5 11
p 1 13
p 8 11
p 5 2
p 4 14
p 1 4
p 0 12
p 9 10
p 2 14
p 4 11
p 6 5
p 5 3
p 9 13
p 8 3
p 7 0
p 6 8
p 9 2
p 6 1
p 7 13
p 5 14
p 3 8
p 7 4
p 6 13
p 4 3
p 0 9
p 9 5
p 3 4
p 2 4
p 8 4
m0 0 14
1 9 0
2 9 0
3 9 0
t 300 0
m0 1 14
1 8 0
2 9 1
3 8 0
t 299 0
m0 0 14
1 9 0
2 9 2
3 7 0
t 298 0
m0 1 14
1 8 0
2 9 1
3 7 1
t 297 0
m0 0 14
1 9 0
2 9 2
3 6 1
t 296 0
m0 1 14
1 8 0
2 9 1
3 5 1
t 295 0
m0 2 14
1 7 0
2 9 2
3 5 2
t 294 1
m0 3 14
1 8 0
2 9 1
3 4 2
t 293 2
m0 4 14
1 7 0
2 9 2
3 3 2
t 292 3
m0 5 14
1 8 0
2 9 1
3 2 2
t 291 4
m0 4 14
1 7 0
2 9 2
3 1 2
t 290 4
m0 5 14
1 8 0
2 9 1
3 0 2
t 289 4
m0 5 14
1 7 0
2 9 2
3 0 3
t 288 4
m0 4 14
1 8 0
2 9 1
3 0 4
t 287 4
m0 3 14
1 7 0
2 9 2
3 0 3
t 286 4
m0 2 14
1 8 0
2 9 1
3 0 4
t 285 4
m0 2 14
1 7 0
2 9 2
3 0 3
t 284 4
m0 3 14
1 8 0
2 9 1
3 0 4
t 283 4
m0 3 14
1 7 0
2 9 2
3 0 3
t 282 4
m0 3 14
1 8 0
2 9 1
3 0 4
t 281 4
m0 3 14
1 7 0
2 9 2
3 0 3
t 280 4
m0 4 14
1 8 0
2 9 1
3 0 4
t 279 4
m0 4 14
1 7 0
2 9 2
3 0 3
t 278 4
m0 4 13
1 8 0
2 9 1
3 0 4
t 277 5
m0 4 12
1 7 0
2 9 2
3 0 3
t 276 6
m0 4 12
1 8 0
2 9 1
3 0 4
t 275 6
m0 4 11
1 7 0
2 9 2
3 0 3
t 274 7
m0 3 11
1 8 0
2 9 1
3 0 2
t 273 8
m0 4 11
1 7 0
2 9 2
3 0 3
t 272 8
m0 4 12
1 8 0
2 9 1
3 0 4
t 271 8
m0 4 12
1 7 0
2 9 2
3 0 3
t 270 8
m0 5 12
1 8 0
2 9 1
3 0 4
t 269 9
m0 6 12
1 7 0
2 9 2
3 0 3
t 268 9
m0 6 13
1 8 0
2 9 1
3 0 4
t 267 10
m0 7 13
1 7 0
2 9 2
3 0 3
t 266 11
m0 8 13
1 8 0
2 9 1
3 0 4
t 265 11
m0 7 13
1 7 0
2 9 2
3 0 3
t 264 11
m0 7 12
1 8 0
2 9 1
3 0 4
t 263 12
m0 7 13
1 7 0
2 9 2
3 0 3
t 262 12
m0 8 13
1 8 0
2 9 1
3 0 4
t 261 12
m0 9 13
1 7 0
2 9 2
3 0 3
t 260 13
m0 9 12
1 8 0
2 9 1
3 0 4
t 259 13
m0 9 13
1 7 0
2 9 2
3 0 3
f 9 9
t 258 13
m0 9 13
1 8 0
2 9 1
3 0 4
t 257 13
m0 8 13
1 7 0
2 9 2
3 0 3
t 256 13
m0 8 12
1 8 0
2 9 1
3 0 4
t 255 13
m0 8 11
1 7 0
2 9 2
3 0 3
t 254 14
m0 8 11
1 8 0
2 9 1
3 0 4
t 253 14
m0 8 11
1 7 0
2 9 2
3 0 3
t 252 14
m0 8 11
1 8 0
2 9 1
3 0 4
t 251 14
m0 8 11
1 7 0
2 9 2
3 0 3
t 250 14
m0 8 12
1 8 0
2 9 1
3 0 4
t 249 14
m0 8 13
1 7 0
2 9 2
3 0 3
t 248 14
m0 8 12
1 8 0
2 9 1
3 0 4
t 247 14
m0 9 12
1 7 0
2 9 2
3 0 3
t 246 14
m0 9 12
1 8 0
2 9 1
3 0 4
t 245 14
m0 9 12
1 7 0
2 9 2
3 0 3
t 244 14
m0 9 13
1 8 0
2 9 1
3 0 4
t 243 14
m0 9 12
1 7 0
2 9 2
3 0 3
t 242 14
m0 9 11
1 8 0
2 9 1
3 0 4
t 241 15
m0 9 10
1 7 0
2 9 2
3 0 3
t 240 16
m0 9 9
1 8 0
2 9 1
3 0 4
t 239 26
m0 9 8
1 7 0
2 9 2
3 0 3
t 238 26
m0 9 8
1 8 0
2 9 1
3 0 4
t 237 26
m0 9 9
1 7 0
2 9 2
3 0 3
t 236 26
m0 9 10
1 8 0
2 9 1
3 0 4
t 235 26
m0 8 10
1 7 0
2 9 2
3 0 3
t 234 27
m0 8 11
1 8 0
2 9 1
3 0 4
t 233 27
m0 8 10
1 7 0
2 9 2
3 0 3
t 232 27
m0 8 10
1 8 0
2 9 1
3 0 4
t 231 27
m0 8 10
1 7 0
2 9 2
3 0 3
t 230 27
m0 7 10
1 8 0
2 9 1
3 0 4
t 229 27
m0 6 10
1 7 0
2 9 2
3 0 3
t 228 28
m0 5 10
1 8 0
2 9 1
3 0 4
t 227 28
m0 5 11
1 7 0
2 9 2
3 0 3
t 226 29
m0 4 11
1 8 0
2 9 1
3 0 4
t 225 29
m0 4 11
1 7 0
2 9 2
3 0 3
f 2 2
t 224 29
m0 5 11
1 8 0
2 9 1
3 0 4
t 223 29
m0 4 11
1 7 0
2 9 2
3 0 3
t 222 29
m0 5 11
1 8 0
2 9 1
3 0 4
t 221 29
m0 4 11
1 7 0
2 9 2
3 0 3
t 220 29
m0 3 11
1 8 0
2 9 1
3 0 2
t 219 29
m0 2 11
1 7 0
2 9 2
3 0 3
t 218 29
m0 2 11
1 8 0
2 9 1
3 0 2
t 217 29
m0 2 10
1 7 0
2 9 2
3 0 3
t 216 29
m0 2 11
1 8 0
2 9 1
3 0 2
t 215 29
m0 3 11
1 7 0
2 9 2
3 0 3
t 214 29
m0 3 10
1 8 0
2 9 1
3 0 2
t 213 29
m0 3 9
1 7 0
2 9 2
3 0 3
t 212 29
m0 3 9
1 8 0
2 9 1
3 0 2
t 211 29
m0 2 9
1 7 0
2 9 2
3 0 1
t 210 30
m0 2 10
1 8 0
2 9 1
3 0 2
t 209 30
m0 2 11
1 7 0
2 9 2
3 0 3
t 208 30
m0 2 10
1 8 0
2 9 1
3 0 2
t 207 30
m0 2 9
1 7 0
2 9 2
3 0 1
t 206 30
m0 2 8
1 8 0
2 9 1
3 0 0
t 205 30
m0 2 7
1 7 0
2 9 2
3 0 1
t 204 30
m0 2 6
1 8 0
2 9 1
3 0 0
t 203 31
m0 2 6
1 7 0
2 9 2
3 0 1
t 202 31
m0 3 6
1 8 0
2 9 1
3 0 0
t 201 31
m0 2 6
1 7 0
2 9 2
3 0 1
t 200 31
m0 2 6
1 8 0
2 9 1
3 0 0
t 199 31
m0 2 7
1 7 0
2 9 2
3 0 1
t 198 31
m0 2 7
1 8 0
2 9 1
3 0 0
t 197 31
m0 2 6
1 7 0
2 9 2
3 0 1
t 196 31
m0 2 7
1 8 0
2 9 1
3 0 0
t 195 31
m0 2 6
1 7 0
2 9 2
3 0 1
t 194 31
m0 2 7
1 8 0
2 9 1
3 0 0
t 193 31
m0 1 7
1 7 0
2 9 2
3 0 1
t 192 31
m0 0 7
1 8 0
2 9 1
3 1 1
t 191 31
m0 1 7
1 7 0
2 9 2
3 0 1
t 190 31
m0 1 8
1 8 0
2 9 1
3 0 0
t 189 31
m0 0 8
1 7 0
2 9 2
3 0 1
t 188 31
m0 0 8
1 8 0
2 9 1
3 1 1
t 187 31
m0 0 7
1 7 0
2 9 2
3 2 1
t 186 31
m0 1 7
1 8 0
2 9 1
3 2 0
t 185 31
m0 2 7
1 7 0
2 9 2
3 2 1
t 184 31
m0 2 8
1 8 0
2 9 1
3 1 1
t 183 31
m0 2 9
1 7 0
2 9 2
3 0 1
t 182 31
m0 2 9
1 8 0
2 9 1
3 0 2
t 181 31
m0 2 10
1 7 0
2 9 2
3 0 3
t 180 31
m0 2 11
1 8 0
2 9 1
3 0 2
t 179 31
m0 3 11
1 7 0
2 9 2
3 0 3
t 178 31
m0 3 11
1 8 0
2 9 1
3 0 2
t 177 31
m0 2 11
1 7 0
2 9 2
3 0 3
t 176 31
m0 2 10
1 8 0
2 9 1
3 0 2
t 175 31
m0 2 11
1 7 0
2 9 2
3 0 3
t 174 31
m0 2 10
1 8 0
2 9 1
3 0 2
t 173 31
m0 3 10
1 7 0
2 9 2
3 0 3
t 172 31
m0 3 11
1 8 0
2 9 1
3 0 2
t 171 31
m0 4 11
1 7 0
2 9 2
3 0 3
t 170 31
m0 4 12
1 8 0
2 9 1
3 0 4
t 169 31
m0 4 11
1 7 0
2 9 2
3 0 3
t 168 31
m0 4 12
1 8 0
2 9 1
3 0 4
t 167 31
m0 4 12
1 7 0
2 9 2
3 0 3
t 166 31
m0 4 12
1 8 0
2 9 1
3 0 4
t 165 31
m0 4 12
1 7 0
2 9 2
3 0 3
t 164 31
m0 4 12
1 8 0
2 9 1
3 0 4
t 163 31
m0 5 12
1 7 0
2 9 2
3 0 3
t 162 31
m0 5 11
1 8 0
2 9 1
3 0 4
t 161 31
m0 5 10
1 7 0
2 9 2
3 0 3
t 160 31
m0 5 11
1 8 0
2 9 1
3 0 4
t 159 31
m0 5 12
1 7 0
2 9 2
3 0 3
t 158 31
m0 5 12
1 8 0
2 9 1
3 0 4
t 157 31
m0 4 12
1 7 0
2 9 2
3 0 3
t 156 31
m0 4 11
1 8 0
2 9 1
3 0 4
t 155 31
m0 4 12
1 7 0
2 9 2
3 0 3
t 154 31
m0 4 12
1 8 0
2 9 1
3 0 4
t 153 31
m0 4 12
1 7 0
2 9 2
3 0 3
t 152 31
m0 4 12
1 8 0
2 9 1
3 0 4
t 151 31
m0 4 12
1 7 0
2 9 2
3 0 3
t 150 31
m0 4 12
1 8 0
2 9 1
3 0 4
t 149 31
m0 5 12
1 7 0
2 9 2
3 0 3
t 148 31
m0 5 11
1 8 0
2 9 1
3 0 4
t 147 31
m0 5 12
1 7 0
2 9 2
3 0 3
t 146 31
m0 6 12
1 8 0
2 9 1
3 0 4
t 145 31
m0 5 12
1 7 0
2 9 2
3 0 3
t 144 31
m0 4 12
1 8 0
2 9 1
3 0 4
t 143 31
m0 5 12
1 7 0
2 9 2
3 0 3
t 142 31
m0 4 12
1 8 0
2 9 1
3 0 4
t 141 31
m0 5 12
1 7 0
2 9 2
3 0 3
t 140 31
m0 6 12
1 8 0
2 9 1
3 0 4
t 139 31
m0 6 12
1 7 0
2 9 2
3 0 3
t 138 31
m0 6 12
1 8 0
2 9 1
3 0 4
t 137 31
m0 6 13
1 7 0
2 9 2
3 0 3
t 136 31
m0 6 12
1 8 0
2 9 1
3 0 4
t 135 31
m0 5 12
1 7 0
2 9 2
3 0 3
t 134 31
m0 4 12
1 8 0
2 9 1
3 0 4
t 133 31
m0 4 11
1 7 0
2 9 2
3 0 3
t 132 31
m0 4 11
1 8 0
2 9 1
3 0 4
t 131 31
m0 5 11
1 7 0
2 9 2
3 0 3
t 130 31
m0 5 10
1 8 0
2 9 1
3 0 4
t 129 31
m0 5 10
1 7 0
2 9 2
3 0 3
t 128 31
m0 5 10
1 8 0
2 9 1
3 0 4
t 127 31
m0 5 10
1 7 0
2 9 2
3 0 3
t 126 31
m0 5 11
1 8 0
2 9 1
3 0 4
t 125 31
m0 4 11
1 7 0
2 9 2
3 0 3
t 124 31
m0 3 11
1 8 0
2 9 1
3 0 2
t 123 31
m0 3 10
1 7 0
2 9 2
3 0 3
t 122 31
m0 3 9
1 8 0
2 9 1
3 0 2
t 121 31
m0 2 9
1 7 0
2 9 2
3 0 1
t 120 31
m0 3 9
1 8 0
2 9 1
3 0 2
t 119 31
m0 2 9
1 7 0
2 9 2
3 0 1
t 118 31
m0 2 9
1 8 0
2 9 1
3 0 2
t 117 31
m0 2 8
1 7 0
2 9 2
3 0 1
t 116 31
m0 1 8
1 8 0
2 9 1
3 0 0
t 115 31
m0 0 8
1 7 0
2 9 2
3 0 1
t 114 31
m0 0 7
1 8 0
2 9 1
3 1 1
t 113 31
m0 1 7
1 7 0
2 9 2
3 0 1
t 112 31
m0 0 7
1 8 0
2 9 1
3 1 1
t 111 31
m0 0 8
1 7 0
2 9 2
3 0 1
t 110 31
m0 0 9
1 8 0
2 9 1
3 1 1
t 109 32
m0 0 10
1 7 0
2 9 2
3 0 1
t 108 32
m0 0 10
1 8 0
2 9 1
3 1 1
t 107 32
m0 0 9
1 7 0
2 9 2
3 0 1
t 106 32
m0 0 9
1 8 0
2 9 1
3 1 1
t 105 32
m0 0 10
1 7 0
2 9 2
3 0 1
t 104 32
m0 0 10
1 8 0
2 9 1
3 1 1
t 103 32
m0 0 9
1 7 0
2 9 2
3 0 1
t 102 32
m0 0 10
1 8 0
2 9 1
3 1 1
t 101 32
m0 0 10
1 7 0
2 9 2
3 0 1
t 100 32
m0 0 9
1 8 0
2 9 1
3 1 1
t 99 32
m0 0 8
1 7 0
2 9 2
3 0 1
t 98 32
m0 0 9
1 8 0
2 9 1
3 1 1
t 97 32
m0 0 9
1 7 0
2 9 2
3 0 1
t 96 32
m0 0 8
1 8 0
2 9 1
3 1 1
t 95 32
m0 0 8
1 7 0
2 9 2
3 0 1
t 94 32
m0 0 8
1 8 0
2 9 1
3 1 1
t 93 32
m0 0 8
1 7 0
2 9 2
3 0 1
t 92 32
m0 0 8
1 8 0
2 9 1
3 1 1
t 91 32
m0 0 9
1 7 0
2 9 2
3 0 1
t 90 32
m0 0 10
1 8 0
2 9 1
3 1 1
t 89 32
m0 0 10
1 7 0
2 9 2
3 0 1
t 88 32
m0 0 9
1 8 0
2 9 1
3 1 1
t 87 32
m0 0 9
1 7 0
2 9 2
3 0 1
t 86 32
m0 0 9
1 8 0
2 9 1
3 1 1
t 85 32
m0 0 9
1 7 0
2 9 2
3 0 1
t 84 32
m0 0 9
1 8 0
2 9 1
3 1 1
t 83 32
m0 0 8
1 7 0
2 9 2
3 0 1
t 82 32
m0 1 8
1 8 0
2 9 1
3 0 0
t 81 32
m0 2 8
1 7 0
2 9 2
3 0 1
t 80 32
m0 2 8
1 8 0
2 9 1
3 0 0
t 79 32
m0 2 9
1 7 0
2 9 2
3 0 1
t 78 32
m0 2 9
1 8 0
2 9 1
3 0 2
t 77 32
m0 2 9
1 7 0
2 9 2
3 0 1
t 76 32
m0 3 9
1 8 0
2 9 1
3 0 2
t 75 32
m0 3 8
1 7 0
2 9 2
3 0 1
t 74 33
m0 3 8
1 8 0
2 9 1
3 0 2
t 73 33
m0 4 8
1 7 0
2 9 2
3 0 3
t 72 34
m0 3 8
1 8 0
2 9 1
3 0 2
t 71 34
m0 3 7
1 7 0
2 9 2
3 0 1
t 70 34
m0 3 8
1 8 0
2 9 1
3 0 2
t 69 34
m0 4 8
1 7 0
2 9 2
3 0 3
t 68 34
m0 5 8
1 8 0
2 9 1
3 0 2
t 67 34
m0 5 8
1 7 0
2 9 2
3 0 3
t 66 34
m0 5 7
1 8 0
2 9 1
3 0 2
t 65 34
m0 6 7
1 7 0
2 9 2
3 0 3
t 64 34
m0 6 7
1 8 0
2 9 1
3 0 2
t 63 34
m0 5 7
1 7 0
2 9 2
3 0 3
t 62 34
m0 4 7
1 8 0
2 9 1
3 0 2
t 61 35
m0 5 7
1 7 0
2 9 2
3 0 3
t 60 35
m0 5 6
1 8 0
2 9 1
3 0 2
t 59 35
m0 5 5
1 7 0
2 9 2
3 0 1
t 58 35
m0 6 5
1 8 0
2 9 1
3 0 2
t 57 36
m0 6 5
1 7 0
2 9 2
3 0 1
t 56 36
m0 7 5
1 8 0
2 9 1
3 0 2
t 55 36
m0 6 5
1 7 0
2 9 2
3 0 1
t 54 36
m0 7 5
1 8 0
2 9 1
3 0 2
t 53 36
m0 8 5
1 7 0
2 9 2
3 0 3
t 52 36
m0 7 5
1 8 0
2 9 1
3 0 2
t 51 36
m0 8 5
1 7 0
2 9 2
3 0 3
t 50 36
m0 7 5
1 8 0
2 9 1
3 0 2
t 49 36
m0 7 5
1 7 0
2 9 2
3 0 3
t 48 36
m0 8 5
1 8 0
2 9 1
3 0 2
t 47 36
m0 8 4
1 7 0
2 9 2
3 0 3
t 46 37
m0 8 4
1 8 0
2 9 1
3 0 2
t 45 37
m0 8 4
1 7 0
2 9 2
3 0 3
t 44 37
m0 8 5
1 8 0
2 9 1
3 0 2
t 43 37
m0 8 4
1 7 0
2 9 2
3 0 3
t 42 37
m0 7 4
1 8 0
2 9 1
3 0 2
t 41 38
m0 8 4
1 7 0
2 9 2
3 0 3
t 40 38
m0 8 3
1 8 0
2 9 1
3 0 4
t 39 39
m0 8 4
1 7 0
2 9 2
3 0 3
t 38 39
m0 8 5
1 8 0
2 9 1
3 0 2
t 37 39
m0 8 5
1 7 0
2 9 2
3 0 3
t 36 39
m0 7 5
1 8 0
2 9 1
3 0 2
t 35 39
m0 8 5
1 7 0
2 9 2
3 0 3
t 34 39
m0 8 4
1 8 0
2 9 1
3 0 2
t 33 39
m0 8 5
1 7 0
2 9 2
3 0 3
t 32 39
m0 7 5
1 8 0
2 9 1
3 0 2
t 31 39
m0 6 5
1 7 0
2 9 2
3 0 1
t 30 39
m0 5 5
1 8 0
2 9 1
3 0 0
t 29 39
m0 5 6
1 7 0
2 9 2
3 0 1
t 28 39
m0 5 6
1 8 0
2 9 1
3 0 2
t 27 39
m0 6 6
1 7 0
2 9 2
3 0 3
t 26 40
m0 6 7
1 8 0
2 9 1
3 0 2
t 25 40
m0 6 6
1 7 0
2 9 2
3 0 3
t 24 40
m0 6 5
1 8 0
2 9 1
3 0 2
t 23 40
m0 6 6
1 7 0
2 9 2
3 0 3
t 22 40
m0 6 7
1 8 0
2 9 1
3 0 2
t 21 40
m0 5 7
1 7 0
2 9 2
3 0 3
t 20 40
m0 5 7
1 8 0
2 9 1
3 0 2
t 19 40
m0 5 6
1 7 0
2 9 2
3 0 1
t 18 40
m0 5 5
1 8 0
2 9 1
3 0 0
t 17 40
m0 5 4
1 7 0
2 9 2
3 0 1
t 16 40
m0 5 3
1 8 0
2 9 1
3 0 0
t 15 41
m0 4 3
1 7 0
2 9 2
3 0 1
t 14 42
m0 4 2
1 8 0
2 9 1
3 0 0
t 13 42
m0 4 3
1 7 0
2 9 2
3 0 1
t 12 42
m0 4 2
1 8 0
2 9 1
3 0 0
t 11 42
m0 5 2
1 7 0
2 9 2
3 0 1
t 10 43
m0 5 3
1 8 0
2 9 1
3 0 0
t 9 43
m0 4 3
1 7 0
2 9 2
3 0 1
t 8 43
m0 5 3
1 8 0
2 9 1
3 0 0
t 7 43
m0 5 3
1 7 0
2 9 2
3 0 1
t 6 43
m0 5 3
1 8 0
2 9 1
3 0 0
t 5 43
m0 5 3
1 7 0
2 9 2
3 0 1
t 4 43
m0 4 3
1 8 0
2 9 1
3 0 0
t 3 43
m0 5 3
1 7 0
2 9 2
3 0 1
t 2 43
m0 4 3
1 8 0
2 9 1
3 0 0
t 1 43
m0 4 3
1 8 0
2 9 1
3 0 0
t 0 43
