10
15
w 1 3
w 4 8
w 3 0
w 7 12
w 8 0
w 3 11
w 0 7
w 8 9
w 6 2
w 0 10
w 7 11
w 1 2
w 8 14
w 6 7
w 4 13
w 8 6
w 5 4
w 3 2
w 5 11
w 4 5
w 1 13
w 9 3
w 6 0
w 0 5
w 1 9
w 4 2
w 1 0
w 6 5
w 7 9
w 2 7
w 1 12
w 2 11
w 0 6
w 8 8
w 6 13
w 2 4
w 8 4
p 5 9
p 4 7
p 8 13
p 9 1
p 6 6
p 5 6
p 2 8
p 1 6
p 2 12
p 9 4
p 5 1
p 2 5
p 1 11
p 4 0
p 9 0
p 4 9
p 5 5
p 2 9
p 5 12
p 7 6
p 8 10
p 0 11
p 5 0
p 3 6
p 1 10
p 0 4
p 3 4
p 4 1
p 1 1
p 2 6
p 9 14
p 6 11
p 4 14
p 2 10
p 7 5
p 3 9
p 2 3
p 6 12
p 2 14
p 0 1
p 9 13
p 7 8
p 3 12
p 6 1
p 5 7
p 0 13
p 7 13
p 7 4
p 2 0
p 1 8
p 4 3
p 1 7
p 9 5
p 5 2
p 0 2
p 9 12
m0 0 14
1 9 0
2 9 0
3 9 0
t 300 0
m0 1 14
1 9 1
2 9 1
3 9 1
t 299 0
m0 2 14
1 9 0
2 9 0
3 9 0
t 298 1
m0 3 14
1 9 1
2 9 1
3 9 1
t 297 1
m0 4 14
1 9 0
2 9 0
3 9 0
t 296 2
m0 5 14
1 9 1
2 9 1
3 9 1
t 295 2
m0 6 14
1 9 0
2 9 0
3 9 0
t 294 2
m0 7 14
1 9 1
2 9 1
3 9 1
t 293 2
m0 7 13
1 9 0
2 9 0
3 9 0
t 292 3
m0 8 13
1 9 1
2 9 1
3 9 1
t 291 4
m0 9 13
1 9 0
2 9 0
3 9 0
t 290 5
m0 9 12
1 9 1
2 9 1
3 9 1
t 289 6
m0 9 11
1 9 0
2 9 0
3 9 0
t 288 6
m0 9 10
1 9 1
2 9 1
3 9 1
t 287 6
m0 9 9
1 9 0
2 9 0
3 9 0
t 286 6
m0 9 8
1 9 1
2 9 1
3 9 1
t 285 6
m0 9 7
1 9 0
2 9 0
3 9 0
t 284 6
m0 9 6
1 9 1
2 9 1
3 9 1
t 283 6
m0 9 5
1 9 0
2 9 0
3 9 0
t 282 7
m0 9 4
1 9 1
2 9 1
3 9 1
t 281 8
m0 9 5
1 9 0
2 9 0
3 9 0
t 280 8
m0 9 4
1 9 1
2 9 1
3 9 1
t 279 8
m0 9 5
1 9 0
2 9 0
3 9 0
t 278 8
m0 9 4
1 9 1
2 9 1
3 9 1
t 277 8
m0 9 5
1 9 0
2 9 0
3 9 0
t 276 8
m0 9 4
1 9 1
2 9 1
3 9 1
t 275 8
m0 9 5
1 9 0
2 9 0
3 9 0
t 274 8
m0 9 4
1 9 1
2 9 1
3 9 1
t 273 8
m0 9 5
1 9 0
2 9 0
3 9 0
t 272 8
m0 9 4
1 9 1
2 9 1
3 9 1
t 271 8
m0 9 5
1 9 0
2 9 0
3 9 0
t 270 8
m0 9 4
1 9 1
2 9 1
3 9 1
t 269 8
m0 9 5
1 9 0
2 9 0
3 9 0
t 268 8
m0 9 4
1 9 1
2 9 1
3 9 1
t 267 8
m0 9 5
1 9 0
2 9 0
3 9 0
t 266 8
m0 9 4
1 9 1
2 9 1
3 9 1
t 265 8
m0 9 5
1 9 0
2 9 0
3 9 0
t 264 8
m0 9 4
1 9 1
2 9 1
3 9 1
t 263 8
m0 9 5
1 9 0
2 9 0
3 9 0
t 262 8
m0 9 4
1 9 1
2 9 1
3 9 1
t 261 8
m0 9 5
1 9 0
2 9 0
3 9 0
t 260 8
m0 9 4
1 9 1
2 9 1
3 9 1
t 259 8
m0 9 5
1 9 0
2 9 0
3 9 0
t 258 8
m0 9 4
1 9 1
2 9 1
3 9 1
t 257 8
m0 9 5
1 9 0
2 9 0
3 9 0
t 256 8
m0 9 4
1 9 1
2 9 1
3 9 1
t 255 8
m0 9 5
1 9 0
2 9 0
3 9 0
t 254 8
m0 9 4
1 9 1
2 9 1
3 9 1
t 253 8
m0 9 5
1 9 0
2 9 0
3 9 0
t 252 8
m0 9 4
1 9 1
2 9 1
3 9 1
t 251 8
m0 9 5
1 9 0
2 9 0
3 9 0
t 250 8
m0 9 4
1 9 1
2 9 1
3 9 1
t 249 8
m0 9 5
1 9 0
2 9 0
3 9 0
t 248 8
m0 9 4
1 9 1
2 9 1
3 9 1
t 247 8
m0 9 5
1 9 0
2 9 0
3 9 0
t 246 8
m0 9 4
1 9 1
2 9 1
3 9 1
t 245 8
m0 9 5
1 9 0
2 9 0
3 9 0
t 244 8
m0 9 4
1 9 1
2 9 1
3 9 1
t 243 8
m0 9 5
1 9 0
2 9 0
3 9 0
t 242 8
m0 9 4
1 9 1
2 9 1
3 9 1
t 241 8
m0 9 5
1 9 0
2 9 0
3 9 0
t 240 8
m0 9 4
1 9 1
2 9 1
3 9 1
t 239 8
m0 9 5
1 9 0
2 9 0
3 9 0
t 238 8
m0 9 4
1 9 1
2 9 1
3 9 1
t 237 8
m0 9 5
1 9 0
2 9 0
3 9 0
t 236 8
m0 9 4
1 9 1
2 9 1
3 9 1
t 235 8
m0 9 5
1 9 0
2 9 0
3 9 0
t 234 8
m0 9 4
1 9 1
2 9 1
3 9 1
t 233 8
m0 9 5
1 9 0
2 9 0
3 9 0
t 232 8
m0 9 4
1 9 1
2 9 1
3 9 1
t 231 8
m0 9 5
1 9 0
2 9 0
3 9 0
t 230 8
m0 9 4
1 9 1
2 9 1
3 9 1
t 229 8
m0 9 5
1 9 0
2 9 0
3 9 0
t 228 8
m0 9 4
1 9 1
2 9 1
3 9 1
t 227 8
m0 9 5
1 9 0
2 9 0
3 9 0
t 226 8
m0 9 4
1 9 1
2 9 1
3 9 1
t 225 8
m0 9 5
1 9 0
2 9 0
3 9 0
t 224 8
m0 9 4
1 9 1
2 9 1
3 9 1
t 223 8
m0 9 5
1 9 0
2 9 0
3 9 0
t 222 8
m0 9 4
1 9 1
2 9 1
3 9 1
t 221 8
m0 9 5
1 9 0
2 9 0
3 9 0
t 220 8
m0 9 4
1 9 1
2 9 1
3 9 1
t 219 8
m0 9 5
1 9 0
2 9 0
3 9 0
t 218 8
m0 9 4
1 9 1
2 9 1
3 9 1
t 217 8
m0 9 5
1 9 0
2 9 0
3 9 0
t 216 8
m0 9 4
1 9 1
2 9 1
3 9 1
t 215 8
m0 9 5
1 9 0
2 9 0
3 9 0
t 214 8
m0 9 4
1 9 1
2 9 1
3 9 1
t 213 8
m0 9 5
1 9 0
2 9 0
3 9 0
t 212 8
m0 9 4
1 9 1
2 9 1
3 9 1
t 211 8
m0 9 5
1 9 0
2 9 0
3 9 0
t 210 8
m0 9 4
1 9 1
2 9 1
3 9 1
t 209 8
m0 9 5
1 9 0
2 9 0
3 9 0
t 208 8
m0 9 4
1 9 1
2 9 1
3 9 1
t 207 8
m0 9 5
1 9 0
2 9 0
3 9 0
t 206 8
m0 9 4
1 9 1
2 9 1
3 9 1
t 205 8
m0 9 5
1 9 0
2 9 0
3 9 0
t 204 8
m0 9 4
1 9 1
2 9 1
3 9 1
t 203 8
m0 9 5
1 9 0
2 9 0
3 9 0
t 202 8
m0 9 4
1 9 1
2 9 1
3 9 1
t 201 8
m0 9 5
1 9 0
2 9 0
3 9 0
t 200 8
m0 9 4
1 9 1
2 9 1
3 9 1
t 199 8
m0 9 5
1 9 0
2 9 0
3 9 0
t 198 8
m0 9 4
1 9 1
2 9 1
3 9 1
t 197 8
m0 9 5
1 9 0
2 9 0
3 9 0
t 196 8
m0 9 4
1 9 1
2 9 1
3 9 1
t 195 8
m0 9 5
1 9 0
2 9 0
3 9 0
t 194 8
m0 9 4
1 9 1
2 9 1
3 9 1
t 193 8
m0 9 5
1 9 0
2 9 0
3 9 0
t 192 8
m0 9 4
1 9 1
2 9 1
3 9 1
t 191 8
m0 9 5
1 9 0
2 9 0
3 9 0
t 190 8
m0 9 4
1 9 1
2 9 1
3 9 1
t 189 8
m0 9 5
1 9 0
2 9 0
3 9 0
t 188 8
m0 9 4
1 9 1
2 9 1
3 9 1
t 187 8
m0 9 5
1 9 0
2 9 0
3 9 0
t 186 8
m0 9 4
1 9 1
2 9 1
3 9 1
t 185 8
m0 9 5
1 9 0
2 9 0
3 9 0
t 184 8
m0 9 4
1 9 1
2 9 1
3 9 1
t 183 8
m0 9 5
1 9 0
2 9 0
3 9 0
t 182 8
m0 9 4
1 9 1
2 9 1
3 9 1
t 181 8
m0 9 5
1 9 0
2 9 0
3 9 0
t 180 8
m0 9 4
1 9 1
2 9 1
3 9 1
t 179 8
m0 9 5
1 9 0
2 9 0
3 9 0
t 178 8
m0 9 4
1 9 1
2 9 1
3 9 1
t 177 8
m0 9 5
1 9 0
2 9 0
3 9 0
t 176 8
m0 9 4
1 9 1
2 9 1
3 9 1
t 175 8
m0 9 5
1 9 0
2 9 0
3 9 0
t 174 8
m0 9 4
1 9 1
2 9 1
3 9 1
t 173 8
m0 9 5
1 9 0
2 9 0
3 9 0
t 172 8
m0 9 4
1 9 1
2 9 1
3 9 1
t 171 8
m0 9 5
1 9 0
2 9 0
3 9 0
t 170 8
m0 9 4
1 9 1
2 9 1
3 9 1
t 169 8
m0 9 5
1 9 0
2 9 0
3 9 0
t 168 8
m0 9 4
1 9 1
2 9 1
3 9 1
t 167 8
m0 9 5
1 9 0
2 9 0
3 9 0
t 166 8
m0 9 4
1 9 1
2 9 1
3 9 1
t 165 8
m0 9 5
1 9 0
2 9 0
3 9 0
t 164 8
m0 9 4
1 9 1
2 9 1
3 9 1
t 163 8
m0 9 5
1 9 0
2 9 0
3 9 0
t 162 8
m0 9 4
1 9 1
2 9 1
3 9 1
t 161 8
m0 9 5
1 9 0
2 9 0
3 9 0
t 160 8
m0 9 4
1 9 1
2 9 1
3 9 1
t 159 8
m0 9 5
1 9 0
2 9 0
3 9 0
t 158 8
m0 9 4
1 9 1
2 9 1
3 9 1
t 157 8
m0 9 5
1 9 0
2 9 0
3 9 0
t 156 8
m0 9 4
1 9 1
2 9 1
3 9 1
t 155 8
m0 9 5
1 9 0
2 9 0
3 9 0
t 154 8
m0 9 4
1 9 1
2 9 1
3 9 1
t 153 8
m0 9 5
1 9 0
2 9 0
3 9 0
t 152 8
m0 9 4
1 9 1
2 9 1
3 9 1
t 151 8
m0 9 5
1 9 0
2 9 0
3 9 0
t 150 8
m0 9 4
1 9 1
2 9 1
3 9 1
t 149 8
m0 9 5
1 9 0
2 9 0
3 9 0
t 148 8
m0 9 4
1 9 1
2 9 1
3 9 1
t 147 8
m0 9 5
1 9 0
2 9 0
3 9 0
t 146 18
m0 9 4
1 9 1
2 9 1
3 9 1
t 145 18
m0 9 5
1 9 0
2 9 0
3 9 0
t 144 18
m0 9 4
1 9 1
2 9 1
3 9 1
t 143 18
m0 9 5
1 9 0
2 9 0
3 9 0
t 142 18
m0 9 4
1 9 1
2 9 1
3 9 1
t 141 18
m0 9 5
1 9 0
2 9 0
3 9 0
t 140 18
m0 9 4
1 9 1
2 9 1
3 9 1
t 139 18
m0 9 5
1 9 0
2 9 0
3 9 0
t 138 18
m0 9 4
1 9 1
2 9 1
3 9 1
t 137 18
m0 9 5
1 9 0
2 9 0
3 9 0
t 136 18
m0 9 4
1 9 1
2 9 1
3 9 1
t 135 18
m0 9 5
1 9 0
2 9 0
3 9 0
t 134 18
m0 9 4
1 9 1
2 9 1
3 9 1
t 133 18
m0 9 5
1 9 0
2 9 0
3 9 0
t 132 18
m0 9 5
1 9 1
2 9 1
3 9 1
f 8 3
t 131 18
m0 9 5
1 9 0
2 9 0
3 9 0
t 130 18
m0 9 5
1 9 1
2 9 1
3 9 1
t 129 18
m0 9 5
1 9 0
2 9 0
3 9 0
t 128 18
m0 9 5
1 9 1
2 9 1
3 9 1
t 127 18
m0 9 5
1 9 0
2 9 0
3 9 0
t 126 18
m0 9 5
1 9 1
2 9 1
3 9 1
t 125 18
m0 9 5
1 9 0
2 9 0
3 9 0
t 124 18
m0 9 5
1 9 1
2 9 1
3 9 1
t 123 18
m0 9 5
1 9 0
2 9 0
3 9 0
t 122 18
m0 9 5
1 9 1
2 9 1
3 9 1
t 121 18
m0 9 5
1 9 0
2 9 0
3 9 0
t 120 18
m0 9 5
1 9 1
2 9 1
3 9 1
t 119 18
m0 9 5
1 9 0
2 9 0
3 9 0
t 118 18
m0 9 5
1 9 1
2 9 1
3 9 1
t 117 18
m0 9 5
1 9 0
2 9 0
3 9 0
t 116 18
m0 9 5
1 9 1
2 9 1
3 9 1
t 115 18
m0 9 5
1 9 0
2 9 0
3 9 0
t 114 18
m0 9 5
1 9 1
2 9 1
3 9 1
t 113 18
m0 9 5
1 9 0
2 9 0
3 9 0
t 112 18
m0 9 5
1 9 1
2 9 1
3 9 1
t 111 18
m0 9 5
1 9 0
2 9 0
3 9 0
t 110 18
m0 9 5
1 9 1
2 9 1
3 9 1
t 109 18
m0 9 5
1 9 0
2 9 0
3 9 0
t 108 18
m0 9 5
1 9 1
2 9 1
3 9 1
t 107 18
m0 9 5
1 9 0
2 9 0
3 9 0
t 106 18
m0 9 5
1 9 1
2 9 1
3 9 1
t 105 18
m0 9 5
1 9 0
2 9 0
3 9 0
t 104 18
m0 9 5
1 9 1
2 9 1
3 9 1
t 103 18
m0 9 5
1 9 0
2 9 0
3 9 0
t 102 18
m0 9 5
1 9 1
2 9 1
3 9 1
t 101 18
m0 9 5
1 9 0
2 9 0
3 9 0
t 100 18
m0 9 5
1 9 1
2 9 1
3 9 1
t 99 18
m0 9 5
1 9 0
2 9 0
3 9 0
t 98 18
m0 9 5
1 9 1
2 9 1
3 9 1
t 97 18
m0 9 5
1 9 0
2 9 0
3 9 0
t 96 18
m0 9 5
1 9 1
2 9 1
3 9 1
t 95 18
m0 9 5
1 9 0
2 9 0
3 9 0
t 94 18
m0 9 5
1 9 1
2 9 1
3 9 1
t 93 18
m0 9 5
1 9 0
2 9 0
3 9 0
t 92 18
m0 9 5
1 9 1
2 9 1
3 9 1
t 91 18
m0 9 5
1 9 0
2 9 0
3 9 0
t 90 18
m0 9 5
1 9 1
2 9 1
3 9 1
t 89 18
m0 9 5
1 9 0
2 9 0
3 9 0
t 88 18
m0 9 5
1 9 1
2 9 1
3 9 1
t 87 18
m0 9 5
1 9 0
2 9 0
3 9 0
t 86 18
m0 9 5
1 9 1
2 9 1
3 9 1
t 85 18
m0 9 5
1 9 0
2 9 0
3 9 0
t 84 18
m0 9 5
1 9 1
2 9 1
3 9 1
t 83 18
m0 9 5
1 9 0
2 9 0
3 9 0
t 82 18
m0 9 5
1 9 1
2 9 1
3 9 1
t 81 18
m0 9 5
1 9 0
2 9 0
3 9 0
t 80 18
m0 9 5
1 9 1
2 9 1
3 9 1
t 79 18
m0 9 5
1 9 0
2 9 0
3 9 0
t 78 18
m0 9 5
1 9 1
2 9 1
3 9 1
t 77 18
m0 9 5
1 9 0
2 9 0
3 9 0
t 76 18
m0 9 5
1 9 1
2 9 1
3 9 1
t 75 18
m0 9 5
1 9 0
2 9 0
3 9 0
t 74 18
m0 9 5
1 9 1
2 9 1
3 9 1
t 73 18
m0 9 5
1 9 0
2 9 0
3 9 0
t 72 18
m0 9 5
1 9 1
2 9 1
3 9 1
t 71 18
m0 9 5
1 9 0
2 9 0
3 9 0
t 70 18
m0 9 5
1 9 1
2 9 1
3 9 1
t 69 18
m0 9 5
1 9 0
2 9 0
3 9 0
t 68 18
m0 9 5
1 9 1
2 9 1
3 9 1
t 67 18
m0 9 5
1 9 0
2 9 0
3 9 0
t 66 18
m0 9 5
1 9 1
2 9 1
3 9 1
t 65 18
m0 9 5
1 9 0
2 9 0
3 9 0
t 64 18
m0 9 5
1 9 1
2 9 1
3 9 1
t 63 18
m0 9 5
1 9 0
2 9 0
3 9 0
t 62 18
m0 9 5
1 9 1
2 9 1
3 9 1
t 61 18
m0 9 5
1 9 0
2 9 0
3 9 0
t 60 18
m0 9 5
1 9 1
2 9 1
3 9 1
t 59 18
m0 9 5
1 9 0
2 9 0
3 9 0
t 58 18
m0 9 5
1 9 1
2 9 1
3 9 1
t 57 18
m0 9 5
1 9 0
2 9 0
3 9 0
t 56 18
m0 9 5
1 9 1
2 9 1
3 9 1
t 55 18
m0 9 5
1 9 0
2 9 0
3 9 0
t 54 18
m0 9 5
1 9 1
2 9 1
3 9 1
t 53 18
m0 9 5
1 9 0
2 9 0
3 9 0
t 52 18
m0 9 5
1 9 1
2 9 1
3 9 1
t 51 18
m0 9 5
1 9 0
2 9 0
3 9 0
t 50 18
m0 9 5
1 9 1
2 9 1
3 9 1
t 49 18
m0 9 5
1 9 0
2 9 0
3 9 0
t 48 18
m0 9 5
1 9 1
2 9 1
3 9 1
t 47 18
m0 9 5
1 9 0
2 9 0
3 9 0
t 46 18
m0 9 5
1 9 1
2 9 1
3 9 1
t 45 18
m0 9 5
1 9 0
2 9 0
3 9 0
t 44 18
m0 9 5
1 9 1
2 9 1
3 9 1
t 43 18
m0 9 5
1 9 0
2 9 0
3 9 0
t 42 18
m0 9 5
1 9 1
2 9 1
3 9 1
t 41 18
m0 9 5
1 9 0
2 9 0
3 9 0
t 40 18
m0 9 5
1 9 1
2 9 1
3 9 1
t 39 18
m0 9 5
1 9 0
2 9 0
3 9 0
t 38 18
m0 9 5
1 9 1
2 9 1
3 9 1
t 37 18
m0 9 5
1 9 0
2 9 0
3 9 0
t 36 18
m0 9 5
1 9 1
2 9 1
3 9 1
t 35 18
m0 9 5
1 9 0
2 9 0
3 9 0
t 34 18
m0 9 5
1 9 1
2 9 1
3 9 1
t 33 18
m0 9 5
1 9 0
2 9 0
3 9 0
t 32 18
m0 9 5
1 9 1
2 9 1
3 9 1
t 31 18
m0 9 5
1 9 0
2 9 0
3 9 0
t 30 18
m0 9 5
1 9 1
2 9 1
3 9 1
t 29 18
m0 9 5
1 9 0
2 9 0
3 9 0
t 28 18
m0 9 5
1 9 1
2 9 1
3 9 1
t 27 18
m0 9 5
1 9 0
2 9 0
3 9 0
t 26 18
m0 9 5
1 9 1
2 9 1
3 9 1
t 25 18
m0 9 5
1 9 0
2 9 0
3 9 0
t 24 18
m0 9 5
1 9 1
2 9 1
3 9 1
t 23 18
m0 9 5
1 9 0
2 9 0
3 9 0
t 22 18
m0 9 5
1 9 1
2 9 1
3 9 1
t 21 18
m0 9 5
1 9 0
2 9 0
3 9 0
t 20 18
m0 9 5
1 9 1
2 9 1
3 9 1
t 19 18
m0 9 5
1 9 0
2 9 0
3 9 0
t 18 18
m0 9 5
1 9 1
2 9 1
3 9 1
t 17 18
m0 9 5
1 9 0
2 9 0
3 9 0
t 16 18
m0 9 5
1 9 1
2 9 1
3 9 1
t 15 18
m0 9 5
1 9 0
2 9 0
3 9 0
t 14 18
m0 9 5
1 9 1
2 9 1
3 9 1
t 13 18
m0 9 5
1 9 0
2 9 0
3 9 0
t 12 18
m0 9 5
1 9 1
2 9 1
3 9 1
t 11 18
m0 9 5
1 9 0
2 9 0
3 9 0
t 10 18
m0 9 5
1 9 1
2 9 1
3 9 1
t 9 18
m0 9 5
1 9 0
2 9 0
3 9 0
t 8 18
m0 9 5
1 9 1
2 9 1
3 9 1
t 7 18
m0 9 5
1 9 0
2 9 0
3 9 0
t 6 18
m0 9 5
1 9 1
2 9 1
3 9 1
t 5 18
m0 9 5
1 9 0
2 9 0
3 9 0
t 4 18
m0 9 5
1 9 1
2 9 1
3 9 1
t 3 18
m0 9 5
1 9 0
2 9 0
3 9 0
t 2 18
m0 9 5
1 9 1
2 9 1
3 9 1
t 1 18
m0 9 5
1 9 1
2 9 1
3 9 1
t 0 18
