10
15
w 7 3
w 5 9
w 6 6
w 7 12
w 9 8
w 3 7
w 5 1
w 0 3
w 8 5
w 7 2
w 4 9
w 3 3
w 5 5
w 8 10
w 4 13
w 1 5
w 2 13
w 2 2
w 4 1
w 9 7
w 5 4
w 0 0
w 7 1
w 1 13
w 0 12
w 7 5
w 1 9
w 4 11
w 3 5
w 5 3
w 9 13
w 9 2
w 5 7
w 3 8
w 6 13
w 0 2
w 9 12
p 8 13
p 3 0
p 2 8
p 8 9
p 4 12
p 6 2
p 0 10
p 9 4
p 2 12
p 7 11
p 2 5
p 6 14
p 1 2
p 8 14
p 9 0
p 4 0
p 6 7
p 5 12
p 6 10
p 3 6
p 7 10
p 5 0
p 1 1
p 4 10
p 7 14
p 2 6
p 8 2
p 6 11
p 8 11
p 4 14
p 1 4
p 2 10
p 2 3
p 0 5
p 1 0
p 0 8
p 6 5
p 7 9
p 2 7
p 7 8
p 7 0
p 5 10
p 6 8
p 4 6
p 1 12
p 6 1
p 7 13
p 0 13
p 3 1
p 7 4
p 1 8
p 8 8
p 4 3
p 1 7
p 5 2
p 2 4
m0 0 14
1 9 0
2 9 0
3 9 0
t 300 0
m0 1 14
1 8 0
2 9 1
3 8 0
t 299 0
m0 2 14
1 9 0
2 8 1
3 7 0
t 298 0
m0 1 14
1 8 0
2 9 1
3 6 0
t 297 0
m0 2 14
1 9 0
2 8 1
3 5 0
t 296 0
m0 1 14
1 8 0
2 9 1
3 4 0
f 8 6
t 295 0
m0 2 14
1 7 0
2 9 0
3 3 0
t 294 0
m0 1 14
1 6 0
2 9 1
3 2 0
t 293 0
m0 2 14
1 7 0
2 9 0
3 1 0
t 292 0
m0 1 14
1 6 0
2 9 1
3 1 1
t 291 0
m0 2 14
1 5 0
2 9 0
3 0 1
t 290 0
m0 1 14
1 4 0
2 9 1
3 1 1
t 289 0
m0 2 14
1 5 0
2 9 0
3 0 1
t 288 0
m0 1 14
1 4 0
2 9 1
3 1 1
t 287 0
m0 2 14
1 5 0
2 9 0
3 0 1
t 286 0
m0 1 14
1 4 0
2 9 1
3 1 1
t 285 0
m0 2 14
1 5 0
2 9 0
3 0 1
t 284 0
m0 1 14
1 4 0
2 9 1
3 1 1
t 283 0
m0 2 14
1 5 0
2 9 0
3 0 1
t 282 0
m0 1 14
1 4 0
2 9 1
3 1 1
t 281 0
m0 2 14
1 5 0
2 9 0
3 0 1
t 280 0
m0 1 14
1 4 0
2 9 1
3 1 1
t 279 0
m0 2 14
1 5 0
2 9 0
3 0 1
t 278 0
m0 1 14
1 4 0
2 9 1
3 1 1
t 277 0
m0 2 14
1 5 0
2 9 0
3 0 1
t 276 0
m0 1 14
1 4 0
2 9 1
3 1 1
t 275 0
m0 2 14
1 5 0
2 9 0
3 0 1
t 274 0
m0 1 14
1 4 0
2 9 1
3 1 1
t 273 0
m0 2 14
1 5 0
2 9 0
3 0 1
t 272 0
m0 1 14
1 4 0
2 9 1
3 1 1
t 271 0
m0 2 14
1 5 0
2 9 0
3 0 1
t 270 0
m0 1 14
1 4 0
2 9 1
3 1 1
t 269 0
m0 2 14
1 5 0
2 9 0
3 0 1
t 268 0
m0 1 14
1 4 0
2 9 1
3 1 1
t 267 0
m0 2 14
1 5 0
2 9 0
3 0 1
t 266 0
m0 1 14
1 4 0
2 9 1
3 1 1
t 265 0
m0 2 14
1 5 0
2 9 0
3 0 1
t 264 0
m0 1 14
1 4 0
2 9 1
3 1 1
t 263 0
m0 2 14
1 5 0
2 9 0
3 0 1
t 262 0
m0 1 14
1 4 0
2 9 1
3 1 1
t 261 0
m0 2 14
1 5 0
2 9 0
3 0 1
t 260 0
m0 1 14
1 4 0
2 9 1
3 1 1
t 259 0
m0 2 14
1 5 0
2 9 0
3 0 1
t 258 0
m0 1 14
1 4 0
2 9 1
3 1 1
t 257 0
m0 2 14
1 5 0
2 9 0
3 0 1
t 256 0
m0 1 14
1 4 0
2 9 1
3 1 1
t 255 0
m0 2 14
1 5 0
2 9 0
3 0 1
t 254 0
m0 1 14
1 4 0
2 9 1
3 1 1
t 253 0
m0 2 14
1 5 0
2 9 0
3 0 1
t 252 0
m0 1 14
1 4 0
2 9 1
3 1 1
t 251 0
m0 2 14
1 5 0
2 9 0
3 0 1
t 250 0
m0 1 14
1 4 0
2 9 1
3 1 1
t 249 0
m0 2 14
1 5 0
2 9 0
3 0 1
t 248 0
m0 1 14
1 4 0
2 9 1
3 1 1
t 247 0
m0 2 14
1 5 0
2 9 0
3 0 1
t 246 0
m0 1 14
1 4 0
2 9 1
3 1 1
t 245 0
m0 2 14
1 5 0
2 9 0
3 0 1
t 244 0
m0 1 14
1 4 0
2 9 1
3 1 1
t 243 0
m0 2 14
1 5 0
2 9 0
3 0 1
t 242 0
m0 1 14
1 4 0
2 9 1
3 1 1
t 241 0
m0 2 14
1 5 0
2 9 0
3 0 1
t 240 0
m0 1 14
1 4 0
2 9 1
3 1 1
t 239 0
m0 2 14
1 5 0
2 9 0
3 0 1
t 238 0
m0 1 14
1 4 0
2 9 1
3 1 1
t 237 0
m0 2 14
1 5 0
2 9 0
3 0 1
t 236 0
m0 1 14
1 4 0
2 9 1
3 1 1
t 235 0
m0 2 14
1 5 0
2 9 0
3 0 1
t 234 0
m0 1 14
1 4 0
2 9 1
3 1 1
t 233 0
m0 2 14
1 5 0
2 9 0
3 0 1
t 232 0
m0 1 14
1 4 0
2 9 1
3 1 1
t 231 0
m0 2 14
1 5 0
2 9 0
3 0 1
t 230 0
m0 1 14
1 4 0
2 9 1
3 1 1
t 229 0
m0 2 14
1 5 0
2 9 0
3 0 1
t 228 0
m0 1 14
1 4 0
2 9 1
3 1 1
t 227 0
m0 2 14
1 5 0
2 9 0
3 0 1
t 226 0
m0 1 14
1 4 0
2 9 1
3 1 1
t 225 0
m0 2 14
1 5 0
2 9 0
3 0 1
t 224 0
m0 1 14
1 4 0
2 9 1
3 1 1
t 223 0
m0 2 14
1 5 0
2 9 0
3 0 1
t 222 0
m0 1 14
1 4 0
2 9 1
3 1 1
t 221 0
m0 2 14
1 5 0
2 9 0
3 0 1
t 220 0
m0 1 14
1 4 0
2 9 1
3 1 1
t 219 0
m0 2 14
1 5 0
2 9 0
3 0 1
t 218 0
m0 1 14
1 4 0
2 9 1
3 1 1
t 217 0
m0 2 14
1 5 0
2 9 0
3 0 1
t 216 0
m0 1 14
1 4 0
2 9 1
3 1 1
t 215 0
m0 2 14
1 5 0
2 9 0
3 0 1
t 214 0
m0 1 14
1 4 0
2 9 1
3 1 1
t 213 0
m0 2 14
1 5 0
2 9 0
3 0 1
t 212 0
m0 1 14
1 4 0
2 9 1
3 1 1
t 211 0
m0 2 14
1 5 0
2 9 0
3 0 1
t 210 0
m0 1 14
1 4 0
2 9 1
3 1 1
t 209 0
m0 2 14
1 5 0
2 9 0
3 0 1
t 208 0
m0 1 14
1 4 0
2 9 1
3 1 1
t 207 0
m0 2 14
1 5 0
2 9 0
3 0 1
t 206 0
m0 1 14
1 4 0
2 9 1
3 1 1
t 205 0
m0 2 14
1 5 0
2 9 0
3 0 1
t 204 0
m0 1 14
1 4 0
2 9 1
3 1 1
t 203 0
m0 2 14
1 5 0
2 9 0
3 0 1
t 202 0
m0 1 14
1 4 0
2 9 1
3 1 1
t 201 0
m0 2 14
1 5 0
2 9 0
3 0 1
t 200 0
m0 1 14
1 4 0
2 9 1
3 1 1
t 199 0
m0 2 14
1 5 0
2 9 0
3 0 1
t 198 0
m0 1 14
1 4 0
2 9 1
3 1 1
t 197 0
m0 2 14
1 5 0
2 9 0
3 0 1
t 196 0
m0 1 14
1 4 0
2 9 1
3 1 1
t 195 0
m0 2 14
1 5 0
2 9 0
3 0 1
t 194 0
m0 1 14
1 4 0
2 9 1
3 1 1
t 193 0
m0 2 14
1 5 0
2 9 0
3 0 1
t 192 0
m0 1 14
1 4 0
2 9 1
3 1 1
t 191 0
m0 2 14
1 5 0
2 9 0
3 0 1
t 190 0
m0 1 14
1 4 0
2 9 1
3 1 1
t 189 0
m0 2 14
1 5 0
2 9 0
3 0 1
t 188 0
m0 1 14
1 4 0
2 9 1
3 1 1
t 187 0
m0 2 14
1 5 0
2 9 0
3 0 1
t 186 0
m0 1 14
1 4 0
2 9 1
3 1 1
t 185 0
m0 2 14
1 5 0
2 9 0
3 0 1
t 184 0
m0 1 14
1 4 0
2 9 1
3 1 1
t 183 0
m0 2 14
1 5 0
2 9 0
3 0 1
t 182 0
m0 1 14
1 4 0
2 9 1
3 1 1
t 181 0
m0 2 14
1 5 0
2 9 0
3 0 1
t 180 0
m0 1 14
1 4 0
2 9 1
3 1 1
t 179 0
m0 2 14
1 5 0
2 9 0
3 0 1
t 178 0
m0 1 14
1 4 0
2 9 1
3 1 1
t 177 0
m0 2 14
1 5 0
2 9 0
3 0 1
t 176 0
m0 1 14
1 4 0
2 9 1
3 1 1
t 175 0
m0 2 14
1 5 0
2 9 0
3 0 1
t 174 0
m0 1 14
1 4 0
2 9 1
3 1 1
t 173 0
m0 2 14
1 5 0
2 9 0
3 0 1
t 172 0
m0 1 14
1 4 0
2 9 1
3 1 1
t 171 0
m0 2 14
1 5 0
2 9 0
3 0 1
t 170 0
m0 1 14
1 4 0
2 9 1
3 1 1
t 169 0
m0 2 14
1 5 0
2 9 0
3 0 1
t 168 0
m0 1 14
1 4 0
2 9 1
3 1 1
t 167 0
m0 2 14
1 5 0
2 9 0
3 0 1
t 166 0
m0 1 14
1 4 0
2 9 1
3 1 1
t 165 0
m0 2 14
1 5 0
2 9 0
3 0 1
t 164 0
m0 1 14
1 4 0
2 9 1
3 1 1
t 163 0
m0 2 14
1 5 0
2 9 0
3 0 1
t 162 0
m0 1 14
1 4 0
2 9 1
3 1 1
t 161 0
m0 2 14
1 5 0
2 9 0
3 0 1
t 160 0
m0 1 14
1 4 0
2 9 1
3 1 1
t 159 0
m0 2 14
1 5 0
2 9 0
3 0 1
t 158 0
m0 1 14
1 4 0
2 9 1
3 1 1
t 157 0
m0 2 14
1 5 0
2 9 0
3 0 1
t 156 0
m0 1 14
1 4 0
2 9 1
3 1 1
t 155 0
m0 2 14
1 5 0
2 9 0
3 0 1
t 154 0
m0 1 14
1 4 0
2 9 1
3 1 1
t 153 0
m0 2 14
1 5 0
2 9 0
3 0 1
t 152 0
m0 1 14
1 4 0
2 9 1
3 1 1
t 151 0
m0 2 14
1 5 0
2 9 0
3 0 1
t 150 0
m0 1 14
1 4 0
2 9 1
3 1 1
t 149 0
m0 2 14
1 5 0
2 9 0
3 0 1
t 148 0
m0 1 14
1 4 0
2 9 1
3 1 1
t 147 0
m0 2 14
1 5 0
2 9 0
3 0 1
t 146 0
m0 1 14
1 4 0
2 9 1
3 1 1
t 145 0
m0 2 14
1 5 0
2 9 0
3 0 1
t 144 0
m0 1 14
1 4 0
2 9 1
3 1 1
t 143 0
m0 2 14
1 5 0
2 9 0
3 0 1
t 142 0
m0 1 14
1 4 0
2 9 1
3 1 1
t 141 0
m0 2 14
1 5 0
2 9 0
3 0 1
t 140 0
m0 1 14
1 4 0
2 9 1
3 1 1
t 139 0
m0 2 14
1 5 0
2 9 0
3 0 1
t 138 0
m0 1 14
1 4 0
2 9 1
3 1 1
t 137 0
m0 2 14
1 5 0
2 9 0
3 0 1
t 136 0
m0 1 14
1 4 0
2 9 1
3 1 1
t 135 0
m0 2 14
1 5 0
2 9 0
3 0 1
t 134 0
m0 1 14
1 4 0
2 9 1
3 1 1
t 133 0
m0 2 14
1 5 0
2 9 0
3 0 1
t 132 0
m0 1 14
1 4 0
2 9 1
3 1 1
t 131 0
m0 2 14
1 5 0
2 9 0
3 0 1
t 130 0
m0 1 14
1 4 0
2 9 1
3 1 1
t 129 0
m0 2 14
1 5 0
2 9 0
3 0 1
t 128 0
m0 1 14
1 4 0
2 9 1
3 1 1
t 127 0
m0 2 14
1 5 0
2 9 0
3 0 1
t 126 0
m0 1 14
1 4 0
2 9 1
3 1 1
t 125 0
m0 2 14
1 5 0
2 9 0
3 0 1
t 124 0
m0 1 14
1 4 0
2 9 1
3 1 1
t 123 0
m0 2 14
1 5 0
2 9 0
3 0 1
t 122 0
m0 1 14
1 4 0
2 9 1
3 1 1
t 121 0
m0 2 14
1 5 0
2 9 0
3 0 1
t 120 0
m0 1 14
1 4 0
2 9 1
3 1 1
t 119 0
m0 2 14
1 5 0
2 9 0
3 0 1
t 118 0
m0 1 14
1 4 0
2 9 1
3 1 1
t 117 0
m0 2 14
1 5 0
2 9 0
3 0 1
t 116 0
m0 1 14
1 4 0
2 9 1
3 1 1
t 115 0
m0 2 14
1 5 0
2 9 0
3 0 1
t 114 0
m0 1 14
1 4 0
2 9 1
3 1 1
t 113 0
m0 2 14
1 5 0
2 9 0
3 0 1
t 112 0
m0 1 14
1 4 0
2 9 1
3 1 1
t 111 0
m0 2 14
1 5 0
2 9 0
3 0 1
t 110 0
m0 1 14
1 4 0
2 9 1
3 1 1
t 109 0
m0 2 14
1 5 0
2 9 0
3 0 1
t 108 0
m0 1 14
1 4 0
2 9 1
3 1 1
t 107 0
m0 2 14
1 5 0
2 9 0
3 0 1
t 106 0
m0 1 14
1 4 0
2 9 1
3 1 1
t 105 0
m0 2 14
1 5 0
2 9 0
3 0 1
t 104 0
m0 1 14
1 4 0
2 9 1
3 1 1
t 103 0
m0 2 14
1 5 0
2 9 0
3 0 1
t 102 0
m0 1 14
1 4 0
2 9 1
3 1 1
t 101 0
m0 2 14
1 5 0
2 9 0
3 0 1
t 100 0
m0 1 14
1 4 0
2 9 1
3 1 1
t 99 0
m0 2 14
1 5 0
2 9 0
3 0 1
t 98 0
m0 1 14
1 4 0
2 9 1
3 1 1
t 97 0
m0 2 14
1 5 0
2 9 0
3 0 1
t 96 0
m0 1 14
1 4 0
2 9 1
3 1 1
t 95 0
m0 2 14
1 5 0
2 9 0
3 0 1
t 94 0
m0 1 14
1 4 0
2 9 1
3 1 1
t 93 0
m0 2 14
1 5 0
2 9 0
3 0 1
t 92 0
m0 1 14
1 4 0
2 9 1
3 1 1
t 91 0
m0 2 14
1 5 0
2 9 0
3 0 1
t 90 0
m0 1 14
1 4 0
2 9 1
3 1 1
t 89 0
m0 2 14
1 5 0
2 9 0
3 0 1
t 88 0
m0 1 14
1 4 0
2 9 1
3 1 1
t 87 0
m0 2 14
1 5 0
2 9 0
3 0 1
t 86 0
m0 1 14
1 4 0
2 9 1
3 1 1
t 85 0
m0 2 14
1 5 0
2 9 0
3 0 1
t 84 0
m0 1 14
1 4 0
2 9 1
3 1 1
t 83 0
m0 2 14
1 5 0
2 9 0
3 0 1
t 82 0
m0 1 14
1 4 0
2 9 1
3 1 1
t 81 0
m0 2 14
1 5 0
2 9 0
3 0 1
t 80 0
m0 1 14
1 4 0
2 9 1
3 1 1
t 79 0
m0 2 14
1 5 0
2 9 0
3 0 1
t 78 0
m0 1 14
1 4 0
2 9 1
3 1 1
t 77 0
m0 2 14
1 5 0
2 9 0
3 0 1
t 76 0
m0 1 14
1 4 0
2 9 1
3 1 1
t 75 0
m0 2 14
1 5 0
2 9 0
3 0 1
t 74 0
m0 1 14
1 4 0
2 9 1
3 1 1
t 73 0
m0 2 14
1 5 0
2 9 0
3 0 1
t 72 0
m0 1 14
1 4 0
2 9 1
3 1 1
t 71 0
m0 2 14
1 5 0
2 9 0
3 0 1
t 70 0
m0 1 14
1 4 0
2 9 1
3 1 1
t 69 0
m0 2 14
1 5 0
2 9 0
3 0 1
t 68 0
m0 1 14
1 4 0
2 9 1
3 1 1
t 67 0
m0 2 14
1 5 0
2 9 0
3 0 1
t 66 0
m0 1 14
1 4 0
2 9 1
3 1 1
t 65 0
m0 2 14
1 5 0
2 9 0
3 0 1
t 64 0
m0 1 14
1 4 0
2 9 1
3 1 1
t 63 0
m0 2 14
1 5 0
2 9 0
3 0 1
t 62 0
m0 1 14
1 4 0
2 9 1
3 1 1
t 61 0
m0 2 14
1 5 0
2 9 0
3 0 1
t 60 0
m0 1 14
1 4 0
2 9 1
3 1 1
t 59 0
m0 2 14
1 5 0
2 9 0
3 0 1
t 58 0
m0 1 14
1 4 0
2 9 1
3 1 1
t 57 0
m0 2 14
1 5 0
2 9 0
3 0 1
t 56 0
m0 1 14
1 4 0
2 9 1
3 1 1
t 55 0
m0 2 14
1 5 0
2 9 0
3 0 1
t 54 0
m0 1 14
1 4 0
2 9 1
3 1 1
t 53 0
m0 2 14
1 5 0
2 9 0
3 0 1
t 52 0
m0 1 14
1 4 0
2 9 1
3 1 1
t 51 0
m0 2 14
1 5 0
2 9 0
3 0 1
t 50 0
m0 1 14
1 4 0
2 9 1
3 1 1
t 49 0
m0 2 14
1 5 0
2 9 0
3 0 1
t 48 0
m0 1 14
1 4 0
2 9 1
3 1 1
t 47 0
m0 2 14
1 5 0
2 9 0
3 0 1
t 46 0
m0 1 14
1 4 0
2 9 1
3 1 1
t 45 0
m0 2 14
1 5 0
2 9 0
3 0 1
t 44 0
m0 1 14
1 4 0
2 9 1
3 1 1
t 43 0
m0 2 14
1 5 0
2 9 0
3 0 1
t 42 0
m0 1 14
1 4 0
2 9 1
3 1 1
t 41 0
m0 2 14
1 5 0
2 9 0
3 0 1
t 40 0
m0 1 14
1 4 0
2 9 1
3 1 1
t 39 0
m0 2 14
1 5 0
2 9 0
3 0 1
t 38 0
m0 1 14
1 4 0
2 9 1
3 1 1
t 37 0
m0 2 14
1 5 0
2 9 0
3 0 1
t 36 0
m0 1 14
1 4 0
2 9 1
3 1 1
t 35 0
m0 2 14
1 5 0
2 9 0
3 0 1
t 34 0
m0 1 14
1 4 0
2 9 1
3 1 1
t 33 0
m0 2 14
1 5 0
2 9 0
3 0 1
t 32 0
m0 1 14
1 4 0
2 9 1
3 1 1
t 31 0
m0 2 14
1 5 0
2 9 0
3 0 1
t 30 0
m0 1 14
1 4 0
2 9 1
3 1 1
t 29 0
m0 2 14
1 5 0
2 9 0
3 0 1
t 28 0
m0 1 14
1 4 0
2 9 1
3 1 1
t 27 0
m0 2 14
1 5 0
2 9 0
3 0 1
t 26 0
m0 1 14
1 4 0
2 9 1
3 1 1
t 25 0
m0 2 14
1 5 0
2 9 0
3 0 1
t 24 0
m0 1 14
1 4 0
2 9 1
3 1 1
t 23 0
m0 2 14
1 5 0
2 9 0
3 0 1
t 22 0
m0 1 14
1 4 0
2 9 1
3 1 1
t 21 0
m0 2 14
1 5 0
2 9 0
3 0 1
t 20 0
m0 1 14
1 4 0
2 9 1
3 1 1
t 19 0
m0 2 14
1 5 0
2 9 0
3 0 1
t 18 0
m0 1 14
1 4 0
2 9 1
3 1 1
t 17 0
m0 2 14
1 5 0
2 9 0
3 0 1
t 16 0
m0 1 14
1 4 0
2 9 1
3 1 1
t 15 0
m0 2 14
1 5 0
2 9 0
3 0 1
t 14 0
m0 1 14
1 4 0
2 9 1
3 1 1
t 13 0
m0 2 14
1 5 0
2 9 0
3 0 1
t 12 0
m0 1 14
1 4 0
2 9 1
3 1 1
t 11 0
m0 2 14
1 5 0
2 9 0
3 0 1
t 10 0
m0 1 14
1 4 0
2 9 1
3 1 1
t 9 0
m0 2 14
1 5 0
2 9 0
3 0 1
t 8 0
m0 1 14
1 4 0
2 9 1
3 1 1
t 7 0
m0 2 14
1 5 0
2 9 0
3 0 1
t 6 0
m0 1 14
1 4 0
2 9 1
3 1 1
t 5 0
m0 2 14
1 5 0
2 9 0
3 0 1
t 4 0
m0 1 14
1 4 0
2 9 1
3 1 1
t 3 0
m0 2 14
1 5 0
2 9 0
3 0 1
t 2 0
m0 1 14
1 4 0
2 9 1
3 1 1
t 1 0
m0 2 14
1 4 0
2 9 1
3 1 1
t 0 0
