10
15
w 5 9
w 7 3
w 6 6
w 3 0
w 2 8
w 5 6
w 8 0
w 7 7
w 3 11
w 8 9
w 2 12
w 7 2
w 6 14
w 1 2
w 8 14
w 3 14
w 4 0
w 6 7
w 1 14
w 6 3
w 4 13
w 5 0
w 2 2
w 1 10
w 9 7
w 6 4
w 9 14
w 6 11
w 3 9
w 0 5
w 4 2
w 4 11
w 3 5
w 0 1
w 7 4
w 5 2
w 9 12
p 8 13
p 5 13
p 4 12
p 0 10
p 3 7
p 1 11
p 9 0
p 3 3
p 2 9
p 8 1
p 6 10
p 4 4
p 2 13
p 9 11
p 3 6
p 8 6
p 4 1
p 1 1
p 7 14
p 0 0
p 3 2
p 2 6
p 5 11
p 7 1
p 9 3
p 4 14
p 1 4
p 2 10
p 1 0
p 2 14
p 0 8
p 9 6
p 6 5
p 5 3
p 7 9
p 9 13
p 7 8
p 7 0
p 6 8
p 4 6
p 8 12
p 9 2
p 5 10
p 6 1
p 7 13
p 3 12
p 9 9
p 0 6
p 1 8
p 8 8
p 4 3
p 1 7
p 0 9
p 3 4
p 2 4
p 8 4
m0 0 14
1 9 0
2 9 0
3 9 0
t 300 0
m0 0 13
1 9 1
2 9 1
3 9 1
t 299 0
m0 0 12
1 9 0
2 9 0
3 9 0
t 298 0
m0 0 13
1 9 1
2 9 1
3 9 1
t 297 0
m0 0 12
1 9 0
2 9 0
3 9 0
f 0 11
t 296 0
m0 1 12
1 9 1
2 9 1
3 9 1
t 295 0
m0 1 13
1 9 0
2 9 0
3 9 0
t 294 0
m0 1 13
1 9 1
2 9 1
3 9 1
t 293 0
m0 1 13
1 9 0
2 9 0
3 9 0
t 292 0
m0 2 13
1 9 1
2 9 1
3 9 1
t 291 1
m0 2 13
1 9 0
2 9 0
3 9 0
t 290 1
m0 2 13
1 9 1
2 9 1
3 9 1
t 289 1
m0 2 13
1 9 0
2 9 0
3 9 0
t 288 1
m0 1 13
1 9 1
2 9 1
3 9 1
t 287 1
m0 1 13
1 9 0
2 9 0
3 9 0
t 286 1
m0 2 13
1 9 1
2 9 1
3 9 1
t 285 1
m0 1 13
1 9 0
2 9 0
3 9 0
t 284 1
m0 2 13
1 9 1
2 9 1
3 9 1
t 283 1
m0 1 13
1 9 0
2 9 0
3 9 0
t 282 1
m0 2 13
1 9 1
2 9 1
3 9 1
t 281 1
m0 2 13
1 9 0
2 9 0
3 9 0
t 280 1
m0 2 13
1 9 1
2 9 1
3 9 1
t 279 1
m0 2 13
1 9 0
2 9 0
3 9 0
t 278 1
m0 2 14
1 9 1
2 9 1
3 9 1
t 277 2
m0 2 13
1 9 0
2 9 0
3 9 0
t 276 2
m0 2 14
1 9 1
2 9 1
3 9 1
t 275 2
m0 2 13
1 9 0
2 9 0
3 9 0
t 274 2
m0 2 13
1 9 1
2 9 1
3 9 1
t 273 2
m0 1 13
1 9 0
2 9 0
3 9 0
t 272 2
m0 0 13
1 9 1
2 9 1
3 9 1
t 271 2
m0 0 13
1 9 0
2 9 0
3 9 0
t 270 2
m0 1 13
1 9 1
2 9 1
3 9 1
t 269 2
m0 1 13
1 9 0
2 9 0
3 9 0
t 268 2
m0 2 13
1 9 1
2 9 1
3 9 1
t 267 2
m0 2 13
1 9 0
2 9 0
3 9 0
t 266 2
m0 3 13
1 9 1
2 9 1
3 9 1
t 265 2
m0 2 13
1 9 0
2 9 0
3 9 0
t 264 2
m0 2 13
1 9 1
2 9 1
3 9 1
t 263 2
m0 2 13
1 9 0
2 9 0
3 9 0
t 262 2
m0 2 13
1 9 1
2 9 1
3 9 1
t 261 2
m0 1 13
1 9 0
2 9 0
3 9 0
t 260 2
m0 0 13
1 9 1
2 9 1
3 9 1
t 259 2
m0 0 12
1 9 0
2 9 0
3 9 0
t 258 2
m0 0 13
1 9 1
2 9 1
3 9 1
t 257 2
m0 0 14
1 9 0
2 9 0
3 9 0
t 256 2
m0 0 13
1 9 1
2 9 1
3 9 1
t 255 2
m0 0 14
1 9 0
2 9 0
3 9 0
t 254 2
m0 0 14
1 9 1
2 9 1
3 9 1
t 253 2
m0 0 13
1 9 0
2 9 0
3 9 0
t 252 2
m0 0 14
1 9 1
2 9 1
3 9 1
t 251 2
m0 0 13
1 9 0
2 9 0
3 9 0
t 250 2
m0 1 13
1 9 1
2 9 1
3 9 1
t 249 2
m0 0 13
1 9 0
2 9 0
3 9 0
t 248 2
m0 0 12
1 9 1
2 9 1
3 9 1
t 247 2
m0 0 12
1 9 0
2 9 0
3 9 0
t 246 2
m0 0 11
1 9 1
2 9 1
3 9 1
t 245 12
m0 1 11
1 9 0
2 9 0
3 9 0
t 244 13
m0 1 11
1 9 1
2 9 1
3 9 1
t 243 13
m0 0 11
1 9 0
2 9 0
3 9 0
t 242 13
m0 0 10
1 9 1
2 9 1
3 9 1
t 241 14
m0 0 11
1 9 0
2 9 0
3 9 0
t 240 14
m0 1 11
1 9 1
2 9 1
3 9 1
t 239 14
m0 1 11
1 9 0
2 9 0
3 9 0
t 238 14
m0 1 12
1 9 1
2 9 1
3 9 1
t 237 14
m0 1 11
1 9 0
2 9 0
3 9 0
t 236 14
m0 1 11
1 9 1
2 9 1
3 9 1
t 235 14
m0 0 11
1 9 0
2 9 0
3 9 0
t 234 14
m0 1 11
1 9 1
2 9 1
3 9 1
t 233 14
m0 0 11
1 9 0
2 9 0
3 9 0
t 232 14
m0 0 11
1 9 1
2 9 1
3 9 1
t 231 14
m0 0 11
1 9 0
2 9 0
3 9 0
t 230 14
m0 0 10
1 9 1
2 9 1
3 9 1
t 229 14
m0 0 9
1 9 0
2 9 0
3 9 0
t 228 15
m0 0 10
1 9 1
2 9 1
3 9 1
t 227 15
m0 0 9
1 9 0
2 9 0
3 9 0
t 226 15
m0 0 9
1 9 1
2 9 1
3 9 1
f 5 8
t 225 15
m0 0 8
1 9 0
2 9 0
3 9 0
t 224 16
m0 0 9
1 9 1
2 9 1
3 9 1
t 223 16
m0 1 9
1 9 0
2 9 0
3 9 0
t 222 16
m0 0 9
1 9 1
2 9 1
3 9 1
t 221 16
m0 1 9
1 9 0
2 9 0
3 9 0
t 220 16
m0 1 9
1 9 1
2 9 1
3 9 1
t 219 16
m0 1 8
1 9 0
2 9 0
3 9 0
t 218 17
m0 1 8
1 9 1
2 9 1
3 9 1
t 217 17
m0 1 9
1 9 0
2 9 0
3 9 0
t 216 17
m0 0 9
1 9 1
2 9 1
3 9 1
t 215 17
m0 1 9
1 9 0
2 9 0
3 9 0
t 214 17
m0 1 8
1 9 1
2 9 1
3 9 1
t 213 17
m0 1 9
1 9 0
2 9 0
3 9 0
t 212 17
m0 1 9
1 9 1
2 9 1
3 9 1
t 211 17
m0 1 8
1 9 0
2 9 0
3 9 0
t 210 17
m0 1 7
1 9 1
2 9 1
3 9 1
t 209 18
m0 1 6
1 9 0
2 9 0
3 9 0
t 208 18
m0 1 7
1 9 1
2 9 1
3 9 1
t 207 18
m0 1 8
1 9 0
2 9 0
3 9 0
t 206 18
m0 0 8
1 9 1
2 9 1
3 9 1
t 205 18
m0 1 8
1 9 0
2 9 0
3 9 0
t 204 18
m0 1 8
1 9 1
2 9 1
3 9 1
t 203 18
m0 1 8
1 9 0
2 9 0
3 9 0
t 202 18
m0 1 9
1 9 1
2 9 1
3 9 1
t 201 18
m0 1 8
1 9 0
2 9 0
3 9 0
t 200 18
m0 1 7
1 9 1
2 9 1
3 9 1
t 199 18
m0 1 8
1 9 0
2 9 0
3 9 0
t 198 18
m0 0 8
1 9 1
2 9 1
3 9 1
t 197 18
m0 0 9
1 9 0
2 9 0
3 9 0
t 196 18
m0 0 9
1 9 1
2 9 1
3 9 1
t 195 18
m0 0 8
1 9 0
2 9 0
3 9 0
t 194 18
m0 0 9
1 9 1
2 9 1
3 9 1
t 193 18
m0 0 8
1 9 0
2 9 0
3 9 0
t 192 18
m0 1 8
1 9 1
2 9 1
3 9 1
t 191 18
m0 1 8
1 9 0
2 9 0
3 9 0
t 190 18
m0 1 9
1 9 1
2 9 1
3 9 1
t 189 18
m0 0 9
1 9 0
2 9 0
3 9 0
t 188 18
m0 0 9
1 9 1
2 9 1
3 9 1
t 187 18
m0 0 8
1 9 0
2 9 0
3 9 0
t 186 18
m0 1 8
1 9 1
2 9 1
3 9 1
t 185 18
m0 1 7
1 9 0
2 9 0
3 9 0
t 184 18
m0 1 6
1 9 1
2 9 1
3 9 1
t 183 18
m0 2 6
1 9 0
2 9 0
3 9 0
t 182 19
m0 2 7
1 9 1
2 9 1
3 9 1
t 181 19
m0 2 7
1 9 0
2 9 0
3 9 0
t 180 19
m0 2 7
1 9 1
2 9 1
3 9 1
t 179 19
m0 3 7
1 9 0
2 9 0
3 9 0
t 178 20
m0 2 7
1 9 1
2 9 1
3 9 1
t 177 20
m0 3 7
1 9 0
2 9 0
3 9 0
t 176 20
m0 3 6
1 9 1
2 9 1
3 9 1
t 175 21
m0 3 7
1 9 0
2 9 0
3 9 0
t 174 21
m0 3 7
1 9 1
2 9 1
3 9 1
t 173 21
m0 4 7
1 9 0
2 9 0
3 9 0
t 172 21
m0 4 8
1 9 1
2 9 1
3 9 1
t 171 21
m0 5 8
1 9 0
2 9 0
3 9 0
t 170 31
m0 5 8
1 9 1
2 9 1
3 9 1
t 169 31
m0 6 8
1 9 0
2 9 0
3 9 0
t 168 32
m0 6 8
1 9 1
2 9 1
3 9 1
t 167 32
m0 7 8
1 9 0
2 9 0
3 9 0
t 166 33
m0 8 8
1 9 1
2 9 1
3 9 1
t 165 34
m0 7 8
1 9 0
2 9 0
3 9 0
t 164 34
m0 8 8
1 9 1
2 9 1
3 9 1
t 163 34
m0 9 8
1 9 0
2 9 0
3 9 0
t 162 34
m0 9 9
1 9 1
2 9 1
3 9 1
t 161 35
m0 9 8
1 9 0
2 9 0
3 9 0
t 160 35
m0 8 8
1 9 1
2 9 1
3 9 1
t 159 35
m0 9 8
1 9 0
2 9 0
3 9 0
t 158 35
m0 8 8
1 9 1
2 9 1
3 9 1
t 157 35
m0 7 8
1 9 0
2 9 0
3 9 0
t 156 35
m0 7 9
1 9 1
2 9 1
3 9 1
t 155 36
m0 7 9
1 9 0
2 9 0
3 9 0
t 154 36
m0 6 9
1 9 1
2 9 1
3 9 1
t 153 36
m0 7 9
1 9 0
2 9 0
3 9 0
t 152 36
m0 7 8
1 9 1
2 9 1
3 9 1
t 151 36
m0 8 8
1 9 0
2 9 0
3 9 0
t 150 36
m0 9 8
1 9 1
2 9 1
3 9 1
t 149 36
m0 9 8
1 9 0
2 9 0
3 9 0
t 148 36
m0 9 8
1 9 1
2 9 1
3 9 1
t 147 36
m0 8 8
1 9 0
2 9 0
3 9 0
t 146 36
m0 7 8
1 9 1
2 9 1
3 9 1
t 145 36
m0 7 8
1 9 0
2 9 0
3 9 0
f 3 10
t 144 36
m0 8 8
1 9 1
2 9 1
3 9 1
t 143 36
m0 8 8
1 9 0
2 9 0
3 9 0
t 142 36
m0 8 8
1 9 1
2 9 1
3 9 1
t 141 36
m0 9 8
1 9 0
2 9 0
3 9 0
t 140 36
m0 9 9
1 9 1
2 9 1
3 9 1
t 139 36
m0 9 9
1 9 0
2 9 0
3 9 0
t 138 36
m0 9 10
1 9 1
2 9 1
3 9 1
t 137 36
m0 9 9
1 9 0
2 9 0
3 9 0
t 136 36
m0 9 8
1 9 1
2 9 1
3 9 1
t 135 36
m0 9 8
1 9 0
2 9 0
3 9 0
t 134 36
m0 9 9
1 9 1
2 9 1
3 9 1
t 133 36
m0 9 9
1 9 0
2 9 0
3 9 0
t 132 36
m0 9 8
1 9 1
2 9 1
3 9 1
t 131 36
m0 9 8
1 9 0
2 9 0
3 9 0
t 130 36
m0 9 8
1 9 1
2 9 1
3 9 1
t 129 36
m0 8 8
1 9 0
2 9 0
3 9 0
t 128 36
m0 7 8
1 9 1
2 9 1
3 9 1
t 127 36
m0 7 9
1 9 0
2 9 0
3 9 0
t 126 36
m0 6 9
1 9 1
2 9 1
3 9 1
t 125 36
m0 7 9
1 9 0
2 9 0
3 9 0
t 124 36
m0 7 9
1 9 1
2 9 1
3 9 1
t 123 36
m0 6 9
1 9 0
2 9 0
3 9 0
t 122 36
m0 6 8
1 9 1
2 9 1
3 9 1
t 121 36
m0 6 8
1 9 0
2 9 0
3 9 0
t 120 36
m0 5 8
1 9 1
2 9 1
3 9 1
t 119 36
m0 5 8
1 9 0
2 9 0
3 9 0
t 118 36
m0 6 8
1 9 1
2 9 1
3 9 1
t 117 36
m0 6 9
1 9 0
2 9 0
3 9 0
t 116 36
m0 6 8
1 9 1
2 9 1
3 9 1
t 115 36
m0 7 8
1 9 0
2 9 0
3 9 0
t 114 36
m0 6 8
1 9 1
2 9 1
3 9 1
t 113 36
m0 5 8
1 9 0
2 9 0
3 9 0
t 112 36
m0 4 8
1 9 1
2 9 1
3 9 1
t 111 36
m0 5 8
1 9 0
2 9 0
3 9 0
t 110 36
m0 4 8
1 9 1
2 9 1
3 9 1
t 109 36
m0 4 9
1 9 0
2 9 0
3 9 0
t 108 36
m0 4 8
1 9 1
2 9 1
3 9 1
t 107 36
m0 5 8
1 9 0
2 9 0
3 9 0
t 106 36
m0 4 8
1 9 1
2 9 1
3 9 1
t 105 36
m0 4 7
1 9 0
2 9 0
3 9 0
t 104 36
m0 3 7
1 9 1
2 9 1
3 9 1
t 103 36
m0 4 7
1 9 0
2 9 0
3 9 0
t 102 36
m0 3 7
1 9 1
2 9 1
3 9 1
t 101 36
m0 3 7
1 9 0
2 9 0
3 9 0
t 100 36
m0 3 7
1 9 1
2 9 1
3 9 1
t 99 36
m0 3 6
1 9 0
2 9 0
3 9 0
t 98 36
m0 2 6
1 9 1
2 9 1
3 9 1
t 97 36
m0 2 7
1 9 0
2 9 0
3 9 0
t 96 36
m0 2 6
1 9 1
2 9 1
3 9 1
t 95 36
m0 2 6
1 9 0
2 9 0
3 9 0
t 94 36
m0 2 7
1 9 1
2 9 1
3 9 1
t 93 36
m0 3 7
1 9 0
2 9 0
3 9 0
t 92 36
m0 3 6
1 9 1
2 9 1
3 9 1
t 91 36
m0 4 6
1 9 0
2 9 0
3 9 0
t 90 37
m0 4 7
1 9 1
2 9 1
3 9 1
t 89 37
m0 4 6
1 9 0
2 9 0
3 9 0
t 88 37
m0 4 5
1 9 1
2 9 1
3 9 1
t 87 37
m0 5 5
1 9 0
2 9 0
3 9 0
t 86 37
m0 4 5
1 9 1
2 9 1
3 9 1
t 85 37
m0 4 5
1 9 0
2 9 0
3 9 0
t 84 37
m0 4 6
1 9 1
2 9 1
3 9 1
t 83 37
m0 4 7
1 9 0
2 9 0
3 9 0
t 82 37
m0 4 6
1 9 1
2 9 1
3 9 1
t 81 37
m0 4 5
1 9 0
2 9 0
3 9 0
t 80 37
m0 4 4
1 9 1
2 9 1
3 9 1
t 79 38
m0 4 5
1 9 0
2 9 0
3 9 0
t 78 38
m0 5 5
1 9 1
2 9 1
3 9 1
t 77 38
m0 5 4
1 9 0
2 9 0
3 9 0
t 76 38
m0 5 4
1 9 1
2 9 1
3 9 1
t 75 38
m0 5 5
1 9 0
2 9 0
3 9 0
t 74 38
m0 4 5
1 9 1
2 9 1
3 9 1
t 73 38
m0 4 5
1 9 0
2 9 0
3 9 0
t 72 38
m0 4 5
1 9 1
2 9 1
3 9 1
t 71 38
m0 4 4
1 9 0
2 9 0
3 9 0
t 70 38
m0 4 5
1 9 1
2 9 1
3 9 1
t 69 38
m0 4 4
1 9 0
2 9 0
3 9 0
t 68 38
m0 3 4
1 9 1
2 9 1
3 9 1
t 67 39
m0 3 4
1 9 0
2 9 0
3 9 0
t 66 39
m0 3 3
1 9 1
2 9 1
3 9 1
t 65 40
m0 3 3
1 9 0
2 9 0
3 9 0
t 64 40
m0 2 3
1 9 1
2 9 1
3 9 1
t 63 40
m0 2 3
1 9 0
2 9 0
3 9 0
t 62 40
m0 3 3
1 9 1
2 9 1
3 9 1
t 61 40
m0 2 3
1 9 0
2 9 0
3 9 0
t 60 40
m0 2 4
1 9 1
2 9 1
3 9 1
t 59 41
m0 1 4
1 9 0
2 9 0
3 9 0
t 58 42
m0 1 4
1 9 1
2 9 1
3 9 1
t 57 42
m0 1 5
1 9 0
2 9 0
3 9 0
t 56 42
m0 1 6
1 9 1
2 9 1
3 9 1
t 55 42
m0 1 5
1 9 0
2 9 0
3 9 0
t 54 42
m0 1 6
1 9 1
2 9 1
3 9 1
t 53 42
m0 0 6
1 9 0
2 9 0
3 9 0
t 52 43
m0 0 6
1 9 1
2 9 1
3 9 1
t 51 43
m0 0 6
1 9 0
2 9 0
3 9 0
t 50 43
m0 0 7
1 9 1
2 9 1
3 9 1
t 49 43
m0 0 6
1 9 0
2 9 0
3 9 0
t 48 43
m0 1 6
1 9 1
2 9 1
3 9 1
t 47 43
m0 1 7
1 9 0
2 9 0
3 9 0
t 46 43
m0 2 7
1 9 1
2 9 1
3 9 1
t 45 43
m0 2 7
1 9 0
2 9 0
3 9 0
t 44 43
m0 2 7
1 9 1
2 9 1
3 9 1
t 43 43
m0 2 6
1 9 0
2 9 0
3 9 0
t 42 43
m0 2 5
1 9 1
2 9 1
3 9 1
t 41 43
m0 2 6
1 9 0
2 9 0
3 9 0
t 40 43
m0 2 6
1 9 1
2 9 1
3 9 1
t 39 43
m0 2 5
1 9 0
2 9 0
3 9 0
t 38 43
m0 2 5
1 9 1
2 9 1
3 9 1
t 37 43
m0 2 6
1 9 0
2 9 0
3 9 0
t 36 43
m0 2 7
1 9 1
2 9 1
3 9 1
t 35 43
m0 1 7
1 9 0
2 9 0
3 9 0
t 34 43
m0 1 8
1 9 1
2 9 1
3 9 1
t 33 43
m0 1 7
1 9 0
2 9 0
3 9 0
t 32 43
m0 1 6
1 9 1
2 9 1
3 9 1
t 31 43
m0 0 6
1 9 0
2 9 0
3 9 0
t 30 43
m0 0 6
1 9 1
2 9 1
3 9 1
t 29 43
m0 1 6
1 9 0
2 9 0
3 9 0
t 28 43
m0 1 6
1 9 1
2 9 1
3 9 1
t 27 43
m0 1 7
1 9 0
2 9 0
3 9 0
t 26 43
m0 2 7
1 9 1
2 9 1
3 9 1
t 25 43
m0 1 7
1 9 0
2 9 0
3 9 0
t 24 43
m0 2 7
1 9 1
2 9 1
3 9 1
t 23 43
m0 3 7
1 9 0
2 9 0
3 9 0
t 22 43
m0 3 6
1 9 1
2 9 1
3 9 1
t 21 43
m0 3 6
1 9 0
2 9 0
3 9 0
t 20 43
m0 4 6
1 9 1
2 9 1
3 9 1
t 19 43
m0 4 6
1 9 0
2 9 0
3 9 0
t 18 43
m0 3 6
1 9 1
2 9 1
3 9 1
t 17 43
m0 3 7
1 9 0
2 9 0
3 9 0
t 16 43
m0 3 7
1 9 1
2 9 1
3 9 1
t 15 43
m0 4 7
1 9 0
2 9 0
3 9 0
t 14 43
m0 3 7
1 9 1
2 9 1
3 9 1
t 13 43
m0 3 6
1 9 0
2 9 0
3 9 0
t 12 43
m0 3 6
1 9 1
2 9 1
3 9 1
t 11 43
m0 4 6
1 9 0
2 9 0
3 9 0
t 10 43
m0 3 6
1 9 1
2 9 1
3 9 1
t 9 43
m0 3 7
1 9 0
2 9 0
3 9 0
t 8 43
m0 4 7
1 9 1
2 9 1
3 9 1
t 7 43
m0 3 7
1 9 0
2 9 0
3 9 0
t 6 43
m0 2 7
1 9 1
2 9 1
3 9 1
t 5 43
m0 3 7
1 9 0
2 9 0
3 9 0
t 4 43
m0 4 7
1 9 1
2 9 1
3 9 1
t 3 43
m0 3 7
1 9 0
2 9 0
3 9 0
t 2 43
m0 4 7
1 9 1
2 9 1
3 9 1
t 1 43
m0 4 6
1 9 1
2 9 1
3 9 1
t 0 43
