10
15
w 7 3
w 4 7
w 1 3
w 6 9
w 4 8
w 7 12
w 5 13
w 0 7
w 4 12
w 3 7
w 2 5
w 8 5
w 4 0
w 4 9
w 3 3
w 2 9
w 8 1
w 7 6
w 6 10
w 1 10
w 6 4
w 4 10
w 9 14
w 4 5
w 1 13
w 9 10
w 1 0
w 2 7
w 6 8
w 1 12
w 8 12
w 9 2
w 6 1
w 9 9
w 2 0
w 4 3
w 3 4
p 8 13
p 6 6
p 3 0
p 2 8
p 9 8
p 8 0
p 5 6
p 7 7
p 2 1
p 8 9
p 0 10
p 9 4
p 5 1
p 0 3
p 1 11
p 6 14
p 1 2
p 8 14
p 9 0
p 6 7
p 5 5
p 5 12
p 4 4
p 8 10
p 0 11
p 2 2
p 5 4
p 0 0
p 7 1
p 5 11
p 3 13
p 9 3
p 4 14
p 0 12
p 3 9
p 0 5
p 4 2
p 0 8
p 5 3
p 3 5
p 9 13
p 5 10
p 7 0
p 7 13
p 3 1
p 2 11
p 5 7
p 3 8
p 7 4
p 8 8
p 1 7
p 0 9
p 9 5
p 0 2
p 9 12
p 8 4
m0 0 14
1 9 0
2 9 0
3 9 0
t 300 0
m0 0 14
1 8 0
2 8 0
3 8 0
t 299 0
m0 0 14
1 9 0
2 9 0
3 9 0
t 298 0
m0 0 13
1 8 0
2 8 0
3 8 0
t 297 0
m0 0 12
1 9 0
2 9 0
3 9 0
t 296 1
m0 0 12
1 8 0
2 8 0
3 8 0
f 3 2
t 295 1
m0 0 11
1 9 0
2 9 0
3 9 0
t 294 2
m0 0 12
1 8 0
2 8 0
3 8 0
t 293 2
m0 0 12
1 9 0
2 9 0
3 9 0
t 292 2
m0 0 12
1 8 0
2 8 0
3 8 0
t 291 2
m0 0 12
1 9 0
2 9 0
3 9 0
t 290 2
m0 0 11
1 8 0
2 8 0
3 8 0
t 289 2
m0 1 11
1 9 0
2 9 0
3 9 0
t 288 3
m0 1 11
1 8 0
2 8 0
3 8 0
t 287 3
m0 0 11
1 9 0
2 9 0
3 9 0
t 286 3
m0 0 11
1 8 0
2 8 0
3 8 0
t 285 3
m0 0 10
1 9 0
2 9 0
3 9 0
t 284 4
m0 0 10
1 8 0
2 8 0
3 8 0
t 283 4
m0 0 9
1 9 0
2 9 0
3 9 0
t 282 5
m0 0 10
1 8 0
2 8 0
3 8 0
t 281 5
m0 0 11
1 9 0
2 9 0
3 9 0
t 280 5
m0 1 11
1 8 0
2 8 0
3 8 0
t 279 5
m0 1 11
1 9 0
2 9 0
3 9 0
t 278 5
m0 1 11
1 8 0
2 8 0
3 8 0
t 277 5
m0 2 11
1 9 0
2 9 0
3 9 0
t 276 6
m0 2 12
1 8 0
2 8 0
3 8 0
t 275 6
m0 2 12
1 9 0
2 9 0
3 9 0
t 274 6
m0 2 13
1 8 0
2 8 0
3 8 0
t 273 6
m0 3 13
1 9 0
2 9 0
3 9 0
t 272 7
m0 3 12
1 8 0
2 8 0
3 8 0
t 271 7
m0 2 12
1 9 0
2 9 0
3 9 0
t 270 7
m0 2 11
1 8 0
2 8 0
3 8 0
t 269 7
m0 2 10
1 9 0
2 9 0
3 9 0
t 268 7
m0 2 10
1 8 0
2 8 0
3 8 0
t 267 7
m0 2 10
1 9 0
2 9 0
3 9 0
t 266 7
m0 2 10
1 8 0
2 8 0
3 8 0
t 265 7
m0 2 11
1 9 0
2 9 0
3 9 0
t 264 7
m0 3 11
1 8 0
2 8 0
3 8 0
t 263 7
m0 3 11
1 9 0
2 9 0
3 9 0
t 262 7
m0 3 10
1 8 0
2 8 0
3 8 0
t 261 7
m0 2 10
1 9 0
2 9 0
3 9 0
t 260 7
m0 3 10
1 8 0
2 8 0
3 8 0
t 259 7
m0 2 10
1 9 0
2 9 0
3 9 0
t 258 7
m0 2 11
1 8 0
2 8 0
3 8 0
t 257 7
m0 2 11
1 9 0
2 9 0
3 9 0
t 256 7
m0 2 10
1 8 0
2 8 0
3 8 0
t 255 7
m0 3 10
1 9 0
2 9 0
3 9 0
t 254 7
m0 3 10
1 8 0
2 8 0
3 8 0
t 253 7
m0 3 9
1 9 0
2 9 0
3 9 0
t 252 8
m0 3 9
1 8 0
2 8 0
3 8 0
t 251 8
m0 3 9
1 9 0
2 9 0
3 9 0
t 250 8
m0 3 9
1 8 0
2 8 0
3 8 0
t 249 8
m0 3 8
1 9 0
2 9 0
3 9 0
t 248 9
m0 3 8
1 8 0
2 8 0
3 8 0
t 247 9
m0 3 9
1 9 0
2 9 0
3 9 0
t 246 9
m0 3 8
1 8 0
2 8 0
3 8 0
t 245 9
m0 2 8
1 9 0
2 9 0
3 9 0
t 244 10
m0 1 8
1 8 0
2 8 0
3 8 0
t 243 10
m0 1 8
1 9 0
2 9 0
3 9 0
t 242 10
m0 1 7
1 8 0
2 8 0
3 8 0
t 241 11
m0 1 7
1 9 0
2 9 0
3 9 0
t 240 11
m0 1 6
1 8 0
2 8 0
3 8 0
t 239 11
m0 2 6
1 9 0
2 9 0
3 9 0
t 238 11
m0 2 6
1 8 0
2 8 0
3 8 0
t 237 11
m0 3 6
1 9 0
2 9 0
3 9 0
t 236 11
m0 3 5
1 8 0
2 8 0
3 8 0
t 235 12
m0 3 5
1 9 0
2 9 0
3 9 0
t 234 12
m0 3 5
1 8 0
2 8 0
3 8 0
t 233 12
m0 3 5
1 9 0
2 9 0
3 9 0
t 232 12
m0 3 6
1 8 0
2 8 0
3 8 0
t 231 12
m0 3 5
1 9 0
2 9 0
3 9 0
t 230 12
m0 3 5
1 8 0
2 8 0
3 8 0
t 229 12
m0 3 6
1 9 0
2 9 0
3 9 0
t 228 12
m0 3 5
1 8 0
2 8 0
3 8 0
t 227 12
m0 3 6
1 9 0
2 9 0
3 9 0
t 226 12
m0 4 6
1 8 0
2 8 0
3 8 0
t 225 12
m0 3 6
1 9 0
2 9 0
3 9 0
t 224 12
m0 3 5
1 8 0
2 8 0
3 8 0
t 223 12
m0 3 5
1 9 0
2 9 0
3 9 0
t 222 12
m0 3 5
1 8 0
2 8 0
3 8 0
t 221 12
m0 3 5
1 9 0
2 9 0
3 9 0
t 220 12
m0 3 5
1 8 0
2 8 0
3 8 0
t 219 12
m0 3 6
1 9 0
2 9 0
3 9 0
t 218 12
m0 3 5
1 8 0
2 8 0
3 8 0
t 217 12
m0 3 5
1 9 0
2 9 0
3 9 0
t 216 12
m0 3 5
1 8 0
2 8 0
3 8 0
t 215 12
m0 3 5
1 9 0
2 9 0
3 9 0
t 214 12
m0 3 5
1 8 0
2 8 0
3 8 0
t 213 12
m0 3 5
1 9 0
2 9 0
3 9 0
t 212 12
m0 3 5
1 8 0
2 8 0
3 8 0
t 211 12
m0 3 5
1 9 0
2 9 0
3 9 0
t 210 12
m0 3 5
1 8 0
2 8 0
3 8 0
t 209 12
m0 3 6
1 9 0
2 9 0
3 9 0
t 208 12
m0 4 6
1 8 0
2 8 0
3 8 0
t 207 12
m0 4 6
1 9 0
2 9 0
3 9 0
t 206 12
m0 5 6
1 8 0
2 8 0
3 8 0
t 205 13
m0 5 5
1 9 0
2 9 0
3 9 0
t 204 14
m0 5 5
1 8 0
2 8 0
3 8 0
t 203 14
m0 5 4
1 9 0
2 9 0
3 9 0
t 202 15
m0 4 4
1 8 0
2 8 0
3 8 0
t 201 16
m0 4 4
1 9 0
2 9 0
3 9 0
t 200 16
m0 5 4
1 8 0
2 8 0
3 8 0
t 199 16
m0 5 4
1 9 0
2 9 0
3 9 0
t 198 16
m0 5 4
1 8 0
2 8 0
3 8 0
t 197 16
m0 5 3
1 9 0
2 9 0
3 9 0
t 196 17
m0 5 2
1 8 0
2 8 0
3 8 0
t 195 17
m0 4 2
1 9 0
2 9 0
3 9 0
t 194 18
m0 3 2
1 8 0
2 8 0
3 8 0
t 193 28
m0 4 2
1 9 0
2 9 0
3 9 0
t 192 28
m0 4 2
1 8 0
2 8 0
3 8 0
t 191 28
m0 4 2
1 9 0
2 9 0
3 9 0
t 190 28
m0 5 2
1 8 0
2 8 0
3 8 0
t 189 28
m0 5 1
1 9 0
2 9 0
3 9 0
t 188 29
m0 5 2
1 8 0
2 8 0
3 8 0
t 187 29
m0 4 2
1 9 0
2 9 0
3 9 0
f 0 1
t 186 29
m0 4 1
1 8 0
2 8 0
3 8 0
t 185 29
m0 4 1
1 9 0
2 9 0
3 9 0
t 184 29
m0 4 1
1 8 0
2 8 0
3 8 0
t 183 29
m0 3 1
1 9 0
2 9 0
3 9 0
t 182 30
m0 2 1
1 8 0
2 8 0
3 8 0
t 181 31
m0 2 2
1 9 0
2 9 0
3 9 0
t 180 32
m0 1 2
1 8 0
2 8 0
3 8 0
t 179 33
m0 0 2
1 9 0
2 9 0
3 9 0
t 178 34
m0 0 1
1 8 0
2 8 0
3 8 0
t 177 44
m0 0 1
1 9 0
2 9 0
3 9 0
t 176 44
m0 0 0
1 8 0
2 8 0
3 8 0
t 175 45
m0 0 0
1 9 0
2 9 0
3 9 0
t 174 45
m0 0 1
1 8 0
2 8 0
3 8 0
t 173 45
m0 0 0
1 9 0
2 9 0
3 9 0
t 172 45
m0 0 0
1 8 0
2 8 0
3 8 0
t 171 45
m0 0 0
1 9 0
2 9 0
3 9 0
t 170 45
m0 0 1
1 8 0
2 8 0
3 8 0
t 169 45
m0 0 1
1 9 0
2 9 0
3 9 0
t 168 45
m0 0 0
1 8 0
2 8 0
3 8 0
t 167 45
m0 0 0
1 9 0
2 9 0
3 9 0
t 166 45
m0 0 0
1 8 0
2 8 0
3 8 0
t 165 45
m0 0 1
1 9 0
2 9 0
3 9 0
t 164 45
m0 0 2
1 8 0
2 8 0
3 8 0
t 163 45
m0 1 2
1 9 0
2 9 0
3 9 0
t 162 45
m0 0 2
1 8 0
2 8 0
3 8 0
t 161 45
m0 0 2
1 9 0
2 9 0
3 9 0
t 160 45
m0 0 3
1 8 0
2 8 0
3 8 0
t 159 46
m0 0 4
1 9 0
2 9 0
3 9 0
t 158 46
m0 0 5
1 8 0
2 8 0
3 8 0
t 157 47
m0 0 6
1 9 0
2 9 0
3 9 0
t 156 47
m0 0 5
1 8 0
2 8 0
3 8 0
f 2 13
t 155 47
m0 0 6
1 9 0
2 9 0
3 9 0
t 154 47
m0 1 6
1 8 0
2 8 0
3 8 0
t 153 47
m0 0 6
1 9 0
2 9 0
3 9 0
t 152 47
m0 1 6
1 8 0
2 8 0
3 8 0
t 151 47
m0 1 5
1 9 0
2 9 0
3 9 0
t 150 47
m0 1 6
1 8 0
2 8 0
3 8 0
t 149 47
m0 1 7
1 9 0
2 9 0
3 9 0
t 148 47
m0 1 8
1 8 0
2 8 0
3 8 0
t 147 47
m0 0 8
1 9 0
2 9 0
3 9 0
t 146 48
m0 1 8
1 8 0
2 8 0
3 8 0
t 145 48
m0 2 8
1 9 0
2 9 0
3 9 0
t 144 48
m0 2 8
1 8 0
2 8 0
3 8 0
t 143 48
m0 3 8
1 9 0
2 9 0
3 9 0
t 142 48
m0 2 8
1 8 0
2 8 0
3 8 0
t 141 48
m0 2 8
1 9 0
2 9 0
3 9 0
t 140 48
m0 2 8
1 8 0
2 8 0
3 8 0
t 139 48
m0 3 8
1 9 0
2 9 0
3 9 0
t 138 48
m0 3 8
1 8 0
2 8 0
3 8 0
t 137 48
m0 3 9
1 9 0
2 9 0
3 9 0
t 136 48
m0 3 10
1 8 0
2 8 0
3 8 0
t 135 48
m0 3 10
1 9 0
2 9 0
3 9 0
t 134 48
m0 3 10
1 8 0
2 8 0
3 8 0
t 133 48
m0 3 10
1 9 0
2 9 0
3 9 0
t 132 48
m0 3 10
1 8 0
2 8 0
3 8 0
t 131 48
m0 3 11
1 9 0
2 9 0
3 9 0
t 130 48
m0 3 12
1 8 0
2 8 0
3 8 0
t 129 48
m0 2 12
1 9 0
2 9 0
3 9 0
t 128 48
m0 3 12
1 8 0
2 8 0
3 8 0
t 127 48
m0 3 13
1 9 0
2 9 0
3 9 0
t 126 48
m0 4 13
1 8 0
2 8 0
3 8 0
t 125 48
m0 4 13
1 9 0
2 9 0
3 9 0
t 124 48
m0 3 13
1 8 0
2 8 0
3 8 0
t 123 48
m0 3 13
1 9 0
2 9 0
3 9 0
t 122 48
m0 3 14
1 8 0
2 8 0
3 8 0
t 121 48
m0 2 14
1 9 0
2 9 0
3 9 0
t 120 48
m0 2 13
1 8 0
2 8 0
3 8 0
t 119 58
m0 3 13
1 9 0
2 9 0
3 9 0
t 118 58
m0 4 13
1 8 0
2 8 0
3 8 0
t 117 58
m0 3 13
1 9 0
2 9 0
3 9 0
t 116 58
m0 4 13
1 8 0
2 8 0
3 8 0
t 115 58
m0 4 14
1 9 0
2 9 0
3 9 0
t 114 59
m0 5 14
1 8 0
2 8 0
3 8 0
f 1 14
t 113 59
m0 4 14
1 9 0
2 9 0
3 9 0
t 112 59
m0 5 14
1 8 0
2 8 0
3 8 0
t 111 59
m0 6 14
1 9 0
2 9 0
3 9 0
t 110 60
m0 6 13
1 8 0
2 8 0
3 8 0
t 109 60
m0 7 13
1 9 0
2 9 0
3 9 0
t 108 61
m0 7 14
1 8 0
2 8 0
3 8 0
t 107 61
m0 7 14
1 9 0
2 9 0
3 9 0
t 106 61
m0 7 13
1 8 0
2 8 0
3 8 0
t 105 61
m0 8 13
1 9 0
2 9 0
3 9 0
t 104 62
m0 8 14
1 8 0
2 8 0
3 8 0
t 103 63
m0 8 14
1 9 0
2 9 0
3 9 0
t 102 63
m0 7 14
1 8 0
2 8 0
3 8 0
t 101 63
m0 7 13
1 9 0
2 9 0
3 9 0
t 100 63
m0 6 13
1 8 0
2 8 0
3 8 0
t 99 63
m0 7 13
1 9 0
2 9 0
3 9 0
t 98 63
m0 8 13
1 8 0
2 8 0
3 8 0
t 97 63
m0 8 14
1 9 0
2 9 0
3 9 0
t 96 63
m0 8 13
1 8 0
2 8 0
3 8 0
t 95 63
m0 8 14
1 9 0
2 9 0
3 9 0
t 94 63
m0 8 13
1 8 0
2 8 0
3 8 0
t 93 63
m0 8 14
1 9 0
2 9 0
3 9 0
t 92 63
m0 8 13
1 8 0
2 8 0
3 8 0
t 91 63
m0 8 14
1 9 0
2 9 0
3 9 0
t 90 63
m0 8 14
1 8 0
2 8 0
3 8 0
t 89 63
m0 8 14
1 9 0
2 9 0
3 9 0
t 88 63
m0 8 13
1 8 0
2 8 0
3 8 0
t 87 63
m0 8 13
1 9 0
2 9 0
3 9 0
t 86 63
m0 9 13
1 8 0
2 8 0
3 8 0
t 85 64
m0 9 13
1 9 0
2 9 0
3 9 0
t 84 64
m0 9 13
1 8 0
2 8 0
3 8 0
t 83 64
m0 9 13
1 9 0
2 9 0
3 9 0
t 82 64
m0 9 12
1 8 0
2 8 0
3 8 0
t 81 65
m0 9 12
1 9 0
2 9 0
3 9 0
t 80 65
m0 9 13
1 8 0
2 8 0
3 8 0
t 79 65
m0 9 12
1 9 0
2 9 0
3 9 0
t 78 65
m0 9 11
1 8 0
2 8 0
3 8 0
t 77 65
m0 9 12
1 9 0
2 9 0
3 9 0
t 76 65
m0 9 11
1 8 0
2 8 0
3 8 0
t 75 65
m0 9 11
1 9 0
2 9 0
3 9 0
t 74 65
m0 8 11
1 8 0
2 8 0
3 8 0
t 73 65
m0 8 10
1 9 0
2 9 0
3 9 0
t 72 66
m0 8 9
1 8 0
2 8 0
3 8 0
t 71 67
m0 7 9
1 9 0
2 9 0
3 9 0
t 70 67
m0 7 9
1 8 0
2 8 0
3 8 0
t 69 67
m0 7 10
1 9 0
2 9 0
3 9 0
t 68 67
m0 8 10
1 8 0
2 8 0
3 8 0
t 67 67
m0 8 10
1 9 0
2 9 0
3 9 0
t 66 67
m0 7 10
1 8 0
2 8 0
3 8 0
t 65 67
m0 8 10
1 9 0
2 9 0
3 9 0
t 64 67
m0 7 10
1 8 0
2 8 0
3 8 0
t 63 67
m0 7 9
1 9 0
2 9 0
3 9 0
t 62 67
m0 8 9
1 8 0
2 8 0
3 8 0
t 61 67
m0 8 9
1 9 0
2 9 0
3 9 0
t 60 67
m0 8 8
1 8 0
2 8 0
3 8 0
t 59 68
m0 9 8
1 9 0
2 9 0
3 9 0
t 58 69
m0 9 8
1 8 0
2 8 0
3 8 0
t 57 69
m0 9 8
1 9 0
2 9 0
3 9 0
t 56 69
m0 8 8
1 8 0
2 8 0
3 8 0
t 55 69
m0 7 8
1 9 0
2 9 0
3 9 0
t 54 69
m0 8 8
1 8 0
2 8 0
3 8 0
t 53 69
m0 7 8
1 9 0
2 9 0
3 9 0
t 52 69
m0 7 7
1 8 0
2 8 0
3 8 0
t 51 70
m0 7 7
1 9 0
2 9 0
3 9 0
t 50 70
m0 6 7
1 8 0
2 8 0
3 8 0
t 49 71
m0 5 7
1 9 0
2 9 0
3 9 0
t 48 72
m0 6 7
1 8 0
2 8 0
3 8 0
t 47 72
m0 5 7
1 9 0
2 9 0
3 9 0
t 46 72
m0 5 8
1 8 0
2 8 0
3 8 0
t 45 72
m0 5 9
1 9 0
2 9 0
3 9 0
t 44 72
m0 5 10
1 8 0
2 8 0
3 8 0
t 43 73
m0 5 10
1 9 0
2 9 0
3 9 0
t 42 73
m0 5 11
1 8 0
2 8 0
3 8 0
t 41 74
m0 5 12
1 9 0
2 9 0
3 9 0
t 40 75
m0 6 12
1 8 0
2 8 0
3 8 0
t 39 75
m0 5 12
1 9 0
2 9 0
3 9 0
t 38 75
m0 6 12
1 8 0
2 8 0
3 8 0
t 37 75
m0 6 13
1 9 0
2 9 0
3 9 0
t 36 75
m0 6 14
1 8 0
2 8 0
3 8 0
t 35 75
m0 5 14
1 9 0
2 9 0
3 9 0
t 34 75
m0 4 14
1 8 0
2 8 0
3 8 0
t 33 75
m0 5 14
1 9 0
2 9 0
3 9 0
t 32 75
m0 6 14
1 8 0
2 8 0
3 8 0
t 31 75
m0 5 14
1 9 0
2 9 0
3 9 0
t 30 75
m0 4 14
1 8 0
2 8 0
3 8 0
t 29 75
m0 5 14
1 9 0
2 9 0
3 9 0
t 28 75
m0 6 14
1 8 0
2 8 0
3 8 0
t 27 75
m0 6 14
1 9 0
2 9 0
3 9 0
t 26 75
m0 6 14
1 8 0
2 8 0
3 8 0
t 25 75
m0 5 14
1 9 0
2 9 0
3 9 0
t 24 75
m0 4 14
1 8 0
2 8 0
3 8 0
t 23 75
m0 3 14
1 9 0
2 9 0
3 9 0
t 22 75
m0 4 14
1 8 0
2 8 0
3 8 0
t 21 75
m0 3 14
1 9 0
2 9 0
3 9 0
t 20 75
m0 2 14
1 8 0
2 8 0
3 8 0
t 19 75
m0 2 14
1 9 0
2 9 0
3 9 0
t 18 75
m0 2 14
1 8 0
2 8 0
3 8 0
t 17 75
m0 1 14
1 9 0
2 9 0
3 9 0
t 16 85
m0 2 14
1 8 0
2 8 0
3 8 0
t 15 85
m0 2 13
1 9 0
2 9 0
3 9 0
t 14 85
m0 2 12
1 8 0
2 8 0
3 8 0
t 13 85
m0 2 11
1 9 0
2 9 0
3 9 0
t 12 85
m0 3 11
1 8 0
2 8 0
3 8 0
t 11 85
m0 3 12
1 9 0
2 9 0
3 9 0
t 10 85
m0 2 12
1 8 0
2 8 0
3 8 0
t 9 85
m0 2 12
1 9 0
2 9 0
3 9 0
t 8 85
m0 2 13
1 8 0
2 8 0
3 8 0
t 7 85
m0 2 13
1 9 0
2 9 0
3 9 0
t 6 85
m0 3 13
1 8 0
2 8 0
3 8 0
f 5 5
t 5 85
m0 4 13
1 9 0
2 9 0
3 9 0
t 4 85
m0 4 13
1 8 0
2 8 0
3 8 0
t 3 85
m0 4 13
1 9 0
2 9 0
3 9 0
t 2 85
m0 4 13
1 8 0
2 8 0
3 8 0
t 1 85
m0 4 13
1 8 0
2 8 0
3 8 0
t 0 85
