10
15
w 5 9
w 8 13
w 7 12
w 2 1
w 6 2
w 3 7
w 0 3
w 1 11
w 3 14
w 6 7
w 3 3
w 8 1
w 3 10
w 7 6
w 1 14
w 0 11
w 3 6
w 0 4
w 5 0
w 7 10
w 5 4
w 4 5
w 6 0
w 4 14
w 0 12
w 9 10
w 0 5
w 0 1
w 2 7
w 8 3
w 5 10
w 8 12
w 7 13
w 3 8
w 0 6
w 7 8
w 2 4
p 4 7
p 9 1
p 5 6
p 9 8
p 5 13
p 0 7
p 8 9
p 4 12
p 1 6
p 5 1
p 2 5
p 6 14
p 5 5
p 2 9
p 5 12
p 6 10
p 4 4
p 6 3
p 4 13
p 2 13
p 8 6
p 9 7
p 6 4
p 3 2
p 7 14
p 4 10
p 8 2
p 2 6
p 3 13
p 6 11
p 1 13
p 7 1
p 9 3
p 2 10
p 3 9
p 1 9
p 8 7
p 4 2
p 1 0
p 2 14
p 6 12
p 9 6
p 6 5
p 5 3
p 9 13
p 3 12
p 1 12
p 9 2
p 6 1
p 2 11
p 9 9
p 0 13
p 5 14
p 1 8
p 1 7
p 8 4
m0 0 14
1 9 0
2 9 0
3 9 0
t 300 0
m0 0 13
1 8 0
2 8 0
3 8 0
t 299 1
m0 1 13
1 9 0
2 9 0
3 9 0
t 298 2
m0 2 13
1 8 0
2 8 0
3 8 0
f 2 12
t 297 3
m0 3 13
1 9 0
2 9 0
3 9 0
t 296 4
m0 4 13
1 8 0
2 8 0
3 8 0
t 295 5
m0 5 13
1 9 0
2 9 0
3 9 0
t 294 6
m0 5 12
1 8 0
2 8 0
3 8 0
t 293 7
m0 6 12
1 9 0
2 9 0
3 9 0
t 292 8
m0 6 11
1 8 0
2 8 0
3 8 0
t 291 9
m0 6 10
1 9 0
2 9 0
3 9 0
t 290 10
m0 6 9
1 8 0
2 8 0
3 8 0
t 289 10
m0 7 9
1 9 0
2 9 0
3 9 0
t 288 10
m0 8 9
1 8 0
2 8 0
3 8 0
t 287 11
m0 9 9
1 9 0
2 9 0
3 9 0
t 286 12
m0 9 8
1 8 0
2 8 0
3 8 0
t 285 13
m0 9 7
1 9 0
2 9 0
3 9 0
t 284 14
m0 9 6
1 8 0
2 8 0
3 8 0
t 283 15
m0 8 6
1 9 0
2 9 0
3 9 0
t 282 16
m0 8 7
1 8 0
2 8 0
3 8 0
t 281 17
m0 9 7
1 9 0
2 9 0
3 9 0
t 280 17
m0 9 6
1 8 0
2 8 0
3 8 0
t 279 17
m0 9 5
1 9 0
2 9 0
3 9 0
t 278 17
m0 9 4
1 8 0
2 8 0
3 8 0
t 277 17
m0 9 3
1 9 0
2 9 0
3 9 0
t 276 18
m0 9 2
1 8 0
2 8 0
3 8 0
t 275 19
m0 9 1
1 9 0
2 9 0
3 9 0
t 274 20
m0 -5 -5
1 9 0
2 9 0
3 9 0
t 273 20
