10
15
w 6 6
w 2 8
w 9 8
w 0 7
w 2 12
w 5 1
w 5 8
w 6 14
w 1 2
w 3 3
w 8 1
w 6 10
w 8 10
w 0 11
w 9 11
w 2 13
w 3 6
w 4 1
w 6 4
w 7 14
w 9 14
w 5 11
w 9 3
w 1 4
w 2 10
w 9 10
w 1 9
w 6 12
w 1 0
w 3 12
w 5 7
w 5 14
w 2 0
w 0 6
w 9 5
w 7 8
w 9 12
p 7 3
p 4 7
p 1 3
p 7 12
p 5 6
p 5 13
p 3 11
p 2 1
p 4 12
p 1 6
p 9 4
p 7 11
p 2 5
p 0 3
p 7 2
p 3 10
p 5 12
p 1 14
p 4 13
p 5 0
p 2 2
p 1 1
p 4 10
p 3 2
p 0 0
p 8 2
p 7 1
p 4 5
p 1 13
p 8 11
p 6 0
p 0 12
p 7 5
p 2 3
p 0 5
p 4 2
p 2 14
p 0 8
p 4 11
p 7 9
p 0 1
p 6 5
p 2 7
p 5 10
p 4 6
p 1 12
p 6 8
p 8 12
p 6 1
p 3 1
p 0 13
p 9 9
p 4 3
p 1 7
p 0 9
p 2 4
m0 0 14
1 9 0
2 9 0
3 9 0
t 300 0
m0 1 14
1 8 0
2 9 1
3 8 0
t 299 1
m0 2 14
1 9 0
2 9 2
3 7 0
t 298 2
m0 3 14
1 8 0
2 9 1
3 6 0
t 297 2
m0 4 14
1 9 0
2 9 2
3 5 0
t 296 2
m0 4 13
1 8 0
2 9 1
3 4 0
t 295 3
m0 5 13
1 7 0
2 9 2
3 3 0
t 294 4
m0 6 13
1 8 0
2 9 1
3 3 1
t 293 4
m0 7 13
1 7 0
2 9 2
3 2 1
t 292 4
m0 8 13
1 6 0
2 9 1
3 1 1
t 291 4
m0 9 13
1 5 0
2 9 2
3 0 1
t 290 4
m0 8 13
1 6 0
2 9 1
3 0 2
t 289 4
m0 9 13
1 5 0
2 9 2
3 0 3
t 288 4
m0 8 13
1 4 0
2 9 1
3 0 4
t 287 4
m0 9 13
1 3 0
2 9 2
3 0 5
t 286 4
m0 8 13
1 4 0
2 9 1
3 1 5
t 285 4
m0 9 13
1 3 0
2 9 2
3 0 5
t 284 4
m0 8 13
1 4 0
2 9 1
3 1 5
t 283 4
m0 9 13
1 3 0
2 9 2
3 0 5
t 282 4
m0 8 13
1 4 0
2 9 1
3 1 5
t 281 4
m0 9 13
1 3 0
2 9 2
3 0 5
t 280 4
m0 8 13
1 4 0
2 9 1
3 1 5
t 279 4
m0 9 13
1 3 0
2 9 2
3 0 5
t 278 4
m0 8 13
1 4 0
2 9 1
3 1 5
t 277 4
m0 9 13
1 3 0
2 9 2
3 0 5
t 276 4
m0 8 13
1 4 0
2 9 1
3 1 5
t 275 4
m0 9 13
1 3 0
2 9 2
3 0 5
t 274 4
m0 8 13
1 4 0
2 9 1
3 1 5
t 273 4
m0 9 13
1 3 0
2 9 2
3 0 5
t 272 4
m0 8 13
1 4 0
2 9 1
3 1 5
t 271 4
m0 9 13
1 3 0
2 9 2
3 0 5
t 270 4
m0 8 13
1 4 0
2 9 1
3 1 5
t 269 4
m0 9 13
1 3 0
2 9 2
3 0 5
t 268 4
m0 8 13
1 4 0
2 9 1
3 1 5
t 267 4
m0 9 13
1 3 0
2 9 2
3 0 5
f 8 0
t 266 4
m0 9 13
1 4 0
2 9 1
3 1 5
t 265 4
m0 9 13
1 3 0
2 9 2
3 0 5
t 264 4
m0 9 13
1 4 0
2 9 1
3 1 5
t 263 4
m0 9 13
1 3 0
2 9 2
3 0 5
t 262 4
m0 9 13
1 4 0
2 9 1
3 1 5
t 261 4
m0 9 13
1 3 0
2 9 2
3 0 5
t 260 4
m0 9 13
1 4 0
2 9 1
3 1 5
t 259 4
m0 9 13
1 3 0
2 9 2
3 0 5
t 258 4
m0 9 13
1 4 0
2 9 1
3 1 5
t 257 4
m0 9 13
1 3 0
2 9 2
3 0 5
t 256 4
m0 9 13
1 4 0
2 9 1
3 1 5
t 255 4
m0 9 13
1 3 0
2 9 2
3 0 5
t 254 4
m0 9 13
1 4 0
2 9 1
3 1 5
t 253 4
m0 9 13
1 3 0
2 9 2
3 0 5
t 252 4
m0 9 13
1 4 0
2 9 1
3 1 5
t 251 4
m0 9 13
1 3 0
2 9 2
3 0 5
t 250 4
m0 9 13
1 4 0
2 9 1
3 1 5
t 249 4
m0 9 13
1 3 0
2 9 2
3 0 5
t 248 4
m0 9 13
1 4 0
2 9 1
3 1 5
t 247 4
m0 9 13
1 3 0
2 9 2
3 0 5
t 246 4
m0 9 13
1 4 0
2 9 1
3 1 5
t 245 4
m0 9 13
1 3 0
2 9 2
3 0 5
t 244 4
m0 9 13
1 4 0
2 9 1
3 1 5
t 243 4
m0 9 13
1 3 0
2 9 2
3 0 5
t 242 4
m0 9 13
1 4 0
2 9 1
3 1 5
t 241 4
m0 9 13
1 3 0
2 9 2
3 0 5
t 240 4
m0 9 13
1 4 0
2 9 1
3 1 5
t 239 4
m0 9 13
1 3 0
2 9 2
3 0 5
t 238 4
m0 9 13
1 4 0
2 9 1
3 1 5
t 237 4
m0 9 13
1 3 0
2 9 2
3 0 5
t 236 4
m0 9 13
1 4 0
2 9 1
3 1 5
t 235 4
m0 9 13
1 3 0
2 9 2
3 0 5
t 234 4
m0 9 13
1 4 0
2 9 1
3 1 5
t 233 4
m0 9 13
1 3 0
2 9 2
3 0 5
t 232 4
m0 9 13
1 4 0
2 9 1
3 1 5
t 231 4
m0 9 13
1 3 0
2 9 2
3 0 5
t 230 4
m0 9 13
1 4 0
2 9 1
3 1 5
t 229 4
m0 9 13
1 3 0
2 9 2
3 0 5
t 228 4
m0 9 13
1 4 0
2 9 1
3 1 5
t 227 4
m0 9 13
1 3 0
2 9 2
3 0 5
t 226 4
m0 9 13
1 4 0
2 9 1
3 1 5
t 225 4
m0 9 13
1 3 0
2 9 2
3 0 5
t 224 4
m0 9 13
1 4 0
2 9 1
3 1 5
t 223 4
m0 9 13
1 3 0
2 9 2
3 0 5
t 222 4
m0 9 13
1 4 0
2 9 1
3 1 5
t 221 4
m0 9 13
1 3 0
2 9 2
3 0 5
t 220 4
m0 9 13
1 4 0
2 9 1
3 1 5
t 219 4
m0 9 13
1 3 0
2 9 2
3 0 5
t 218 4
m0 9 13
1 4 0
2 9 1
3 1 5
t 217 4
m0 9 13
1 3 0
2 9 2
3 0 5
t 216 4
m0 9 13
1 4 0
2 9 1
3 1 5
t 215 4
m0 9 13
1 3 0
2 9 2
3 0 5
t 214 4
m0 9 13
1 4 0
2 9 1
3 1 5
t 213 4
m0 9 13
1 3 0
2 9 2
3 0 5
t 212 4
m0 9 13
1 4 0
2 9 1
3 1 5
t 211 4
m0 9 13
1 3 0
2 9 2
3 0 5
t 210 4
m0 9 13
1 4 0
2 9 1
3 1 5
t 209 4
m0 9 13
1 3 0
2 9 2
3 0 5
t 208 4
m0 9 13
1 4 0
2 9 1
3 1 5
t 207 4
m0 9 13
1 3 0
2 9 2
3 0 5
t 206 4
m0 9 13
1 4 0
2 9 1
3 1 5
t 205 4
m0 9 13
1 3 0
2 9 2
3 0 5
t 204 4
m0 9 13
1 4 0
2 9 1
3 1 5
t 203 4
m0 9 13
1 3 0
2 9 2
3 0 5
t 202 4
m0 9 13
1 4 0
2 9 1
3 1 5
t 201 4
m0 9 13
1 3 0
2 9 2
3 0 5
t 200 4
m0 9 13
1 4 0
2 9 1
3 1 5
t 199 4
m0 9 13
1 3 0
2 9 2
3 0 5
t 198 4
m0 9 13
1 4 0
2 9 1
3 1 5
t 197 4
m0 9 13
1 3 0
2 9 2
3 0 5
t 196 4
m0 9 13
1 4 0
2 9 1
3 1 5
t 195 4
m0 9 13
1 3 0
2 9 2
3 0 5
t 194 4
m0 9 13
1 4 0
2 9 1
3 1 5
t 193 4
m0 9 13
1 3 0
2 9 2
3 0 5
t 192 4
m0 9 13
1 4 0
2 9 1
3 1 5
t 191 4
m0 9 13
1 3 0
2 9 2
3 0 5
t 190 4
m0 9 13
1 4 0
2 9 1
3 1 5
t 189 4
m0 9 13
1 3 0
2 9 2
3 0 5
t 188 4
m0 9 13
1 4 0
2 9 1
3 1 5
t 187 4
m0 9 13
1 3 0
2 9 2
3 0 5
t 186 4
m0 9 13
1 4 0
2 9 1
3 1 5
t 185 4
m0 9 13
1 3 0
2 9 2
3 0 5
t 184 4
m0 9 13
1 4 0
2 9 1
3 1 5
t 183 4
m0 9 13
1 3 0
2 9 2
3 0 5
t 182 4
m0 9 13
1 4 0
2 9 1
3 1 5
t 181 4
m0 9 13
1 3 0
2 9 2
3 0 5
t 180 4
m0 9 13
1 4 0
2 9 1
3 1 5
t 179 4
m0 9 13
1 3 0
2 9 2
3 0 5
t 178 4
m0 9 13
1 4 0
2 9 1
3 1 5
t 177 4
m0 9 13
1 3 0
2 9 2
3 0 5
t 176 4
m0 9 13
1 4 0
2 9 1
3 1 5
t 175 4
m0 9 13
1 3 0
2 9 2
3 0 5
t 174 4
m0 9 13
1 4 0
2 9 1
3 1 5
t 173 4
m0 9 13
1 3 0
2 9 2
3 0 5
t 172 4
m0 9 13
1 4 0
2 9 1
3 1 5
t 171 4
m0 9 13
1 3 0
2 9 2
3 0 5
t 170 4
m0 9 13
1 4 0
2 9 1
3 1 5
t 169 4
m0 9 13
1 3 0
2 9 2
3 0 5
t 168 4
m0 9 13
1 4 0
2 9 1
3 1 5
t 167 4
m0 9 13
1 3 0
2 9 2
3 0 5
t 166 4
m0 9 13
1 4 0
2 9 1
3 1 5
t 165 4
m0 9 13
1 3 0
2 9 2
3 0 5
t 164 4
m0 9 13
1 4 0
2 9 1
3 1 5
t 163 4
m0 9 13
1 3 0
2 9 2
3 0 5
t 162 4
m0 9 13
1 4 0
2 9 1
3 1 5
t 161 4
m0 9 13
1 3 0
2 9 2
3 0 5
t 160 4
m0 9 13
1 4 0
2 9 1
3 1 5
t 159 4
m0 9 13
1 3 0
2 9 2
3 0 5
t 158 4
m0 9 13
1 4 0
2 9 1
3 1 5
t 157 4
m0 9 13
1 3 0
2 9 2
3 0 5
t 156 4
m0 9 13
1 4 0
2 9 1
3 1 5
t 155 4
m0 9 13
1 3 0
2 9 2
3 0 5
t 154 4
m0 9 13
1 4 0
2 9 1
3 1 5
t 153 4
m0 9 13
1 3 0
2 9 2
3 0 5
t 152 4
m0 9 13
1 4 0
2 9 1
3 1 5
t 151 4
m0 9 13
1 3 0
2 9 2
3 0 5
t 150 4
m0 9 13
1 4 0
2 9 1
3 1 5
t 149 4
m0 9 13
1 3 0
2 9 2
3 0 5
t 148 4
m0 9 13
1 4 0
2 9 1
3 1 5
t 147 4
m0 9 13
1 3 0
2 9 2
3 0 5
t 146 4
m0 9 13
1 4 0
2 9 1
3 1 5
t 145 4
m0 9 13
1 3 0
2 9 2
3 0 5
t 144 4
m0 9 13
1 4 0
2 9 1
3 1 5
t 143 4
m0 9 13
1 3 0
2 9 2
3 0 5
t 142 4
m0 9 13
1 4 0
2 9 1
3 1 5
t 141 4
m0 9 13
1 3 0
2 9 2
3 0 5
t 140 4
m0 9 13
1 4 0
2 9 1
3 1 5
t 139 4
m0 9 13
1 3 0
2 9 2
3 0 5
t 138 4
m0 9 13
1 4 0
2 9 1
3 1 5
t 137 4
m0 9 13
1 3 0
2 9 2
3 0 5
t 136 4
m0 9 13
1 4 0
2 9 1
3 1 5
t 135 4
m0 9 13
1 3 0
2 9 2
3 0 5
t 134 4
m0 9 13
1 4 0
2 9 1
3 1 5
t 133 4
m0 9 13
1 3 0
2 9 2
3 0 5
t 132 4
m0 9 13
1 4 0
2 9 1
3 1 5
t 131 4
m0 9 13
1 3 0
2 9 2
3 0 5
t 130 4
m0 9 13
1 4 0
2 9 1
3 1 5
t 129 4
m0 9 13
1 3 0
2 9 2
3 0 5
t 128 4
m0 9 13
1 4 0
2 9 1
3 1 5
t 127 4
m0 9 13
1 3 0
2 9 2
3 0 5
t 126 4
m0 9 13
1 4 0
2 9 1
3 1 5
t 125 4
m0 9 13
1 3 0
2 9 2
3 0 5
t 124 4
m0 9 13
1 4 0
2 9 1
3 1 5
t 123 4
m0 9 13
1 3 0
2 9 2
3 0 5
t 122 4
m0 9 13
1 4 0
2 9 1
3 1 5
t 121 4
m0 9 13
1 3 0
2 9 2
3 0 5
t 120 4
m0 9 13
1 4 0
2 9 1
3 1 5
t 119 4
m0 9 13
1 3 0
2 9 2
3 0 5
t 118 4
m0 9 13
1 4 0
2 9 1
3 1 5
t 117 4
m0 9 13
1 3 0
2 9 2
3 0 5
t 116 4
m0 9 13
1 4 0
2 9 1
3 1 5
t 115 4
m0 9 13
1 3 0
2 9 2
3 0 5
t 114 4
m0 9 13
1 4 0
2 9 1
3 1 5
t 113 4
m0 9 13
1 3 0
2 9 2
3 0 5
t 112 4
m0 9 13
1 4 0
2 9 1
3 1 5
t 111 4
m0 9 13
1 3 0
2 9 2
3 0 5
t 110 4
m0 9 13
1 4 0
2 9 1
3 1 5
t 109 4
m0 9 13
1 3 0
2 9 2
3 0 5
t 108 4
m0 9 13
1 4 0
2 9 1
3 1 5
t 107 4
m0 9 13
1 3 0
2 9 2
3 0 5
t 106 4
m0 9 13
1 4 0
2 9 1
3 1 5
t 105 4
m0 9 13
1 3 0
2 9 2
3 0 5
t 104 4
m0 9 13
1 4 0
2 9 1
3 1 5
t 103 4
m0 9 13
1 3 0
2 9 2
3 0 5
t 102 4
m0 9 13
1 4 0
2 9 1
3 1 5
t 101 4
m0 9 13
1 3 0
2 9 2
3 0 5
t 100 4
m0 9 13
1 4 0
2 9 1
3 1 5
t 99 4
m0 9 13
1 3 0
2 9 2
3 0 5
t 98 4
m0 9 13
1 4 0
2 9 1
3 1 5
t 97 4
m0 9 13
1 3 0
2 9 2
3 0 5
t 96 4
m0 9 13
1 4 0
2 9 1
3 1 5
t 95 4
m0 9 13
1 3 0
2 9 2
3 0 5
t 94 4
m0 9 13
1 4 0
2 9 1
3 1 5
t 93 4
m0 9 13
1 3 0
2 9 2
3 0 5
t 92 4
m0 9 13
1 4 0
2 9 1
3 1 5
t 91 4
m0 9 13
1 3 0
2 9 2
3 0 5
t 90 4
m0 9 13
1 4 0
2 9 1
3 1 5
t 89 4
m0 9 13
1 3 0
2 9 2
3 0 5
t 88 4
m0 9 13
1 4 0
2 9 1
3 1 5
t 87 4
m0 9 13
1 3 0
2 9 2
3 0 5
t 86 4
m0 9 13
1 4 0
2 9 1
3 1 5
t 85 4
m0 9 13
1 3 0
2 9 2
3 0 5
t 84 4
m0 9 13
1 4 0
2 9 1
3 1 5
t 83 4
m0 9 13
1 3 0
2 9 2
3 0 5
t 82 4
m0 9 13
1 4 0
2 9 1
3 1 5
t 81 4
m0 9 13
1 3 0
2 9 2
3 0 5
t 80 4
m0 9 13
1 4 0
2 9 1
3 1 5
t 79 4
m0 9 13
1 3 0
2 9 2
3 0 5
t 78 4
m0 9 13
1 4 0
2 9 1
3 1 5
t 77 4
m0 9 13
1 3 0
2 9 2
3 0 5
t 76 4
m0 9 13
1 4 0
2 9 1
3 1 5
t 75 4
m0 9 13
1 3 0
2 9 2
3 0 5
t 74 4
m0 9 13
1 4 0
2 9 1
3 1 5
t 73 4
m0 9 13
1 3 0
2 9 2
3 0 5
t 72 4
m0 9 13
1 4 0
2 9 1
3 1 5
t 71 4
m0 9 13
1 3 0
2 9 2
3 0 5
t 70 4
m0 9 13
1 4 0
2 9 1
3 1 5
t 69 4
m0 9 13
1 3 0
2 9 2
3 0 5
t 68 4
m0 9 13
1 4 0
2 9 1
3 1 5
t 67 4
m0 9 13
1 3 0
2 9 2
3 0 5
t 66 4
m0 9 13
1 4 0
2 9 1
3 1 5
t 65 4
m0 9 13
1 3 0
2 9 2
3 0 5
t 64 4
m0 9 13
1 4 0
2 9 1
3 1 5
t 63 4
m0 9 13
1 3 0
2 9 2
3 0 5
t 62 4
m0 9 13
1 4 0
2 9 1
3 1 5
t 61 4
m0 9 13
1 3 0
2 9 2
3 0 5
t 60 4
m0 9 13
1 4 0
2 9 1
3 1 5
t 59 4
m0 9 13
1 3 0
2 9 2
3 0 5
t 58 4
m0 9 13
1 4 0
2 9 1
3 1 5
t 57 4
m0 9 13
1 3 0
2 9 2
3 0 5
t 56 4
m0 9 13
1 4 0
2 9 1
3 1 5
t 55 4
m0 9 13
1 3 0
2 9 2
3 0 5
t 54 4
m0 9 13
1 4 0
2 9 1
3 1 5
t 53 4
m0 9 13
1 3 0
2 9 2
3 0 5
t 52 4
m0 9 13
1 4 0
2 9 1
3 1 5
t 51 4
m0 9 13
1 3 0
2 9 2
3 0 5
t 50 4
m0 9 13
1 4 0
2 9 1
3 1 5
t 49 4
m0 9 13
1 3 0
2 9 2
3 0 5
t 48 4
m0 9 13
1 4 0
2 9 1
3 1 5
t 47 4
m0 9 13
1 3 0
2 9 2
3 0 5
t 46 4
m0 9 13
1 4 0
2 9 1
3 1 5
t 45 4
m0 9 13
1 3 0
2 9 2
3 0 5
t 44 4
m0 9 13
1 4 0
2 9 1
3 1 5
t 43 4
m0 9 13
1 3 0
2 9 2
3 0 5
t 42 4
m0 9 13
1 4 0
2 9 1
3 1 5
t 41 4
m0 9 13
1 3 0
2 9 2
3 0 5
t 40 4
m0 9 13
1 4 0
2 9 1
3 1 5
t 39 4
m0 9 13
1 3 0
2 9 2
3 0 5
t 38 4
m0 9 13
1 4 0
2 9 1
3 1 5
t 37 4
m0 9 13
1 3 0
2 9 2
3 0 5
t 36 4
m0 9 13
1 4 0
2 9 1
3 1 5
t 35 4
m0 9 13
1 3 0
2 9 2
3 0 5
t 34 4
m0 9 13
1 4 0
2 9 1
3 1 5
t 33 4
m0 9 13
1 3 0
2 9 2
3 0 5
t 32 4
m0 9 13
1 4 0
2 9 1
3 1 5
t 31 4
m0 9 13
1 3 0
2 9 2
3 0 5
t 30 4
m0 9 13
1 4 0
2 9 1
3 1 5
t 29 4
m0 9 13
1 3 0
2 9 2
3 0 5
t 28 4
m0 9 13
1 4 0
2 9 1
3 1 5
t 27 4
m0 9 13
1 3 0
2 9 2
3 0 5
t 26 4
m0 9 13
1 4 0
2 9 1
3 1 5
t 25 4
m0 9 13
1 3 0
2 9 2
3 0 5
t 24 4
m0 9 13
1 4 0
2 9 1
3 1 5
t 23 4
m0 9 13
1 3 0
2 9 2
3 0 5
t 22 4
m0 9 13
1 4 0
2 9 1
3 1 5
t 21 4
m0 9 13
1 3 0
2 9 2
3 0 5
t 20 4
m0 9 13
1 4 0
2 9 1
3 1 5
t 19 4
m0 9 13
1 3 0
2 9 2
3 0 5
t 18 4
m0 9 13
1 4 0
2 9 1
3 1 5
t 17 4
m0 9 13
1 3 0
2 9 2
3 0 5
t 16 4
m0 9 13
1 4 0
2 9 1
3 1 5
t 15 4
m0 9 13
1 3 0
2 9 2
3 0 5
t 14 4
m0 9 13
1 4 0
2 9 1
3 1 5
t 13 4
m0 9 13
1 3 0
2 9 2
3 0 5
t 12 4
m0 9 13
1 4 0
2 9 1
3 1 5
t 11 4
m0 9 13
1 3 0
2 9 2
3 0 5
t 10 4
m0 9 13
1 4 0
2 9 1
3 1 5
t 9 4
m0 9 13
1 3 0
2 9 2
3 0 5
t 8 4
m0 9 13
1 4 0
2 9 1
3 1 5
t 7 4
m0 9 13
1 3 0
2 9 2
3 0 5
t 6 4
m0 9 13
1 4 0
2 9 1
3 1 5
t 5 4
m0 9 13
1 3 0
2 9 2
3 0 5
t 4 4
m0 9 13
1 4 0
2 9 1
3 1 5
t 3 4
m0 9 13
1 3 0
2 9 2
3 0 5
t 2 4
m0 9 13
1 4 0
2 9 1
3 1 5
t 1 4
m0 9 13
1 4 0
2 9 1
3 1 5
t 0 4
