10
15
w 6 6
w 5 6
w 2 8
w 8 0
w 3 11
w 5 13
w 8 9
w 6 2
w 1 6
w 0 10
w 9 4
w 7 11
w 5 8
w 4 9
w 2 9
w 5 12
w 2 13
w 3 6
w 0 4
w 3 4
w 8 6
w 5 4
w 0 0
w 5 11
w 7 1
w 3 13
w 8 11
w 7 5
w 2 3
w 7 9
w 9 13
w 5 10
w 1 12
w 7 13
w 3 1
w 1 8
w 7 8
p 6 9
p 1 3
p 8 13
p 9 1
p 7 12
p 9 8
p 7 7
p 2 12
p 7 2
p 3 14
p 1 2
p 8 14
p 9 0
p 6 14
p 3 10
p 4 4
p 1 14
p 0 11
p 9 11
p 1 10
p 4 1
p 9 7
p 4 10
p 6 4
p 2 6
p 9 14
p 6 11
p 9 3
p 1 4
p 0 12
p 3 9
p 0 5
p 1 9
p 8 7
p 4 2
p 1 0
p 2 14
p 9 6
p 0 8
p 6 5
p 3 5
p 4 11
p 8 3
p 7 0
p 6 8
p 4 6
p 8 12
p 6 1
p 9 9
p 3 8
p 5 14
p 1 7
p 0 9
p 9 5
p 5 2
p 8 4
m0 0 14
1 9 0
2 9 0
3 9 0
t 300 0
m0 0 14
1 9 1
2 9 1
3 9 1
t 299 0
m0 0 13
1 9 0
2 9 0
3 9 0
t 298 0
m0 1 13
1 9 1
2 9 1
3 9 1
t 297 0
m0 1 14
1 9 0
2 9 0
3 9 0
t 296 1
m0 1 14
1 9 1
2 9 1
3 9 1
t 295 1
m0 1 14
1 9 0
2 9 0
3 9 0
t 294 1
m0 1 13
1 9 1
2 9 1
3 9 1
f 0 13
t 293 1
m0 1 13
1 9 0
2 9 0
3 9 0
t 292 1
m0 1 13
1 9 1
2 9 1
3 9 1
t 291 1
m0 1 13
1 9 0
2 9 0
3 9 0
t 290 1
m0 1 13
1 9 1
2 9 1
3 9 1
t 289 1
m0 1 13
1 9 0
2 9 0
3 9 0
t 288 1
m0 1 13
1 9 1
2 9 1
3 9 1
t 287 1
m0 1 13
1 9 0
2 9 0
3 9 0
t 286 1
m0 1 14
1 9 1
2 9 1
3 9 1
t 285 1
m0 2 14
1 9 0
2 9 0
3 9 0
t 284 2
m0 3 14
1 9 1
2 9 1
3 9 1
t 283 3
m0 3 14
1 9 0
2 9 0
3 9 0
t 282 3
m0 3 14
1 9 1
2 9 1
3 9 1
t 281 3
m0 4 14
1 9 0
2 9 0
3 9 0
t 280 3
m0 4 13
1 9 1
2 9 1
3 9 1
t 279 3
m0 4 13
1 9 0
2 9 0
3 9 0
t 278 3
m0 4 14
1 9 1
2 9 1
3 9 1
t 277 3
m0 4 13
1 9 0
2 9 0
3 9 0
t 276 3
m0 4 14
1 9 1
2 9 1
3 9 1
t 275 3
m0 5 14
1 9 0
2 9 0
3 9 0
t 274 4
m0 4 14
1 9 1
2 9 1
3 9 1
t 273 4
m0 4 13
1 9 0
2 9 0
3 9 0
t 272 4
m0 4 12
1 9 1
2 9 1
3 9 1
t 271 4
m0 4 12
1 9 0
2 9 0
3 9 0
t 270 4
m0 4 12
1 9 1
2 9 1
3 9 1
t 269 4
m0 4 11
1 9 0
2 9 0
3 9 0
t 268 5
m0 4 10
1 9 1
2 9 1
3 9 1
t 267 6
m0 4 10
1 9 0
2 9 0
3 9 0
t 266 6
m0 3 10
1 9 1
2 9 1
3 9 1
t 265 7
m0 3 10
1 9 0
2 9 0
3 9 0
t 264 7
m0 3 9
1 9 1
2 9 1
3 9 1
t 263 8
m0 3 9
1 9 0
2 9 0
3 9 0
t 262 8
m0 3 9
1 9 1
2 9 1
3 9 1
t 261 8
m0 3 8
1 9 0
2 9 0
3 9 0
t 260 9
m0 4 8
1 9 1
2 9 1
3 9 1
t 259 9
m0 4 8
1 9 0
2 9 0
3 9 0
t 258 9
m0 4 8
1 9 1
2 9 1
3 9 1
t 257 9
m0 4 8
1 9 0
2 9 0
3 9 0
t 256 9
m0 4 7
1 9 1
2 9 1
3 9 1
t 255 9
m0 4 8
1 9 0
2 9 0
3 9 0
t 254 9
m0 3 8
1 9 1
2 9 1
3 9 1
t 253 9
m0 3 7
1 9 0
2 9 0
3 9 0
t 252 9
m0 4 7
1 9 1
2 9 1
3 9 1
t 251 9
m0 4 6
1 9 0
2 9 0
3 9 0
t 250 10
m0 4 6
1 9 1
2 9 1
3 9 1
t 249 10
m0 4 5
1 9 0
2 9 0
3 9 0
t 248 10
m0 5 5
1 9 1
2 9 1
3 9 1
t 247 10
m0 6 5
1 9 0
2 9 0
3 9 0
t 246 11
m0 6 4
1 9 1
2 9 1
3 9 1
t 245 12
m0 7 4
1 9 0
2 9 0
3 9 0
t 244 12
m0 6 4
1 9 1
2 9 1
3 9 1
t 243 12
m0 6 4
1 9 0
2 9 0
3 9 0
t 242 12
m0 6 4
1 9 1
2 9 1
3 9 1
t 241 12
m0 6 3
1 9 0
2 9 0
3 9 0
t 240 12
m0 7 3
1 9 1
2 9 1
3 9 1
t 239 12
m0 6 3
1 9 0
2 9 0
3 9 0
t 238 12
m0 6 3
1 9 1
2 9 1
3 9 1
t 237 12
m0 5 3
1 9 0
2 9 0
3 9 0
t 236 12
m0 5 2
1 9 1
2 9 1
3 9 1
t 235 13
m0 5 1
1 9 0
2 9 0
3 9 0
t 234 13
m0 6 1
1 9 1
2 9 1
3 9 1
t 233 14
m0 5 1
1 9 0
2 9 0
3 9 0
t 232 14
m0 5 1
1 9 1
2 9 1
3 9 1
t 231 14
m0 6 1
1 9 0
2 9 0
3 9 0
t 230 14
m0 6 0
1 9 1
2 9 1
3 9 1
t 229 14
m0 6 0
1 9 0
2 9 0
3 9 0
t 228 14
m0 7 0
1 9 1
2 9 1
3 9 1
t 227 15
m0 7 0
1 9 0
2 9 0
3 9 0
t 226 15
m0 7 0
1 9 1
2 9 1
3 9 1
t 225 15
m0 7 0
1 9 0
2 9 0
3 9 0
t 224 15
m0 6 0
1 9 1
2 9 1
3 9 1
t 223 15
m0 7 0
1 9 0
2 9 0
3 9 0
t 222 15
m0 6 0
1 9 1
2 9 1
3 9 1
t 221 15
m0 6 1
1 9 0
2 9 0
3 9 0
t 220 15
m0 6 0
1 9 1
2 9 1
3 9 1
t 219 15
m0 6 1
1 9 0
2 9 0
3 9 0
t 218 15
m0 5 1
1 9 1
2 9 1
3 9 1
t 217 15
m0 5 2
1 9 0
2 9 0
3 9 0
t 216 15
m0 5 1
1 9 1
2 9 1
3 9 1
t 215 15
m0 6 1
1 9 0
2 9 0
3 9 0
t 214 15
m0 5 1
1 9 1
2 9 1
3 9 1
t 213 15
m0 6 1
1 9 0
2 9 0
3 9 0
t 212 15
m0 6 1
1 9 1
2 9 1
3 9 1
t 211 15
m0 6 1
1 9 0
2 9 0
3 9 0
t 210 15
m0 6 1
1 9 1
2 9 1
3 9 1
t 209 15
m0 6 1
1 9 0
2 9 0
3 9 0
t 208 15
m0 6 0
1 9 1
2 9 1
3 9 1
t 207 15
m0 6 0
1 9 0
2 9 0
3 9 0
t 206 15
m0 5 0
1 9 1
2 9 1
3 9 1
t 205 15
m0 5 1
1 9 0
2 9 0
3 9 0
t 204 15
m0 5 2
1 9 1
2 9 1
3 9 1
t 203 15
m0 5 1
1 9 0
2 9 0
3 9 0
t 202 15
m0 6 1
1 9 1
2 9 1
3 9 1
t 201 15
m0 6 1
1 9 0
2 9 0
3 9 0
t 200 15
m0 5 1
1 9 1
2 9 1
3 9 1
t 199 15
m0 5 2
1 9 0
2 9 0
3 9 0
t 198 15
m0 4 2
1 9 1
2 9 1
3 9 1
t 197 16
m0 5 2
1 9 0
2 9 0
3 9 0
t 196 16
m0 4 2
1 9 1
2 9 1
3 9 1
t 195 16
m0 4 2
1 9 0
2 9 0
3 9 0
t 194 16
m0 3 2
1 9 1
2 9 1
3 9 1
t 193 16
m0 3 3
1 9 0
2 9 0
3 9 0
t 192 16
m0 4 3
1 9 1
2 9 1
3 9 1
t 191 16
m0 3 3
1 9 0
2 9 0
3 9 0
t 190 16
m0 4 3
1 9 1
2 9 1
3 9 1
t 189 16
m0 5 3
1 9 0
2 9 0
3 9 0
t 188 16
m0 4 3
1 9 1
2 9 1
3 9 1
t 187 16
m0 4 4
1 9 0
2 9 0
3 9 0
t 186 17
m0 4 4
1 9 1
2 9 1
3 9 1
t 185 17
m0 4 5
1 9 0
2 9 0
3 9 0
t 184 17
m0 5 5
1 9 1
2 9 1
3 9 1
t 183 17
m0 5 5
1 9 0
2 9 0
3 9 0
t 182 17
m0 5 5
1 9 1
2 9 1
3 9 1
t 181 17
m0 5 5
1 9 0
2 9 0
3 9 0
t 180 17
m0 6 5
1 9 1
2 9 1
3 9 1
t 179 17
m0 6 5
1 9 0
2 9 0
3 9 0
t 178 17
m0 6 5
1 9 1
2 9 1
3 9 1
t 177 17
m0 6 4
1 9 0
2 9 0
3 9 0
t 176 17
m0 6 3
1 9 1
2 9 1
3 9 1
t 175 17
m0 6 4
1 9 0
2 9 0
3 9 0
t 174 17
m0 6 3
1 9 1
2 9 1
3 9 1
t 173 17
m0 6 4
1 9 0
2 9 0
3 9 0
t 172 17
m0 6 3
1 9 1
2 9 1
3 9 1
t 171 17
m0 6 4
1 9 0
2 9 0
3 9 0
t 170 17
m0 6 5
1 9 1
2 9 1
3 9 1
t 169 17
m0 6 4
1 9 0
2 9 0
3 9 0
t 168 17
m0 6 3
1 9 1
2 9 1
3 9 1
t 167 17
m0 7 3
1 9 0
2 9 0
3 9 0
t 166 17
m0 8 3
1 9 1
2 9 1
3 9 1
t 165 18
m0 7 3
1 9 0
2 9 0
3 9 0
t 164 18
m0 7 4
1 9 1
2 9 1
3 9 1
t 163 18
m0 7 3
1 9 0
2 9 0
3 9 0
t 162 18
m0 8 3
1 9 1
2 9 1
3 9 1
t 161 18
m0 8 2
1 9 0
2 9 0
3 9 0
t 160 18
m0 9 2
1 9 1
2 9 1
3 9 1
t 159 18
m0 9 2
1 9 0
2 9 0
3 9 0
t 158 18
m0 9 2
1 9 1
2 9 1
3 9 1
t 157 18
m0 -5 -5
1 9 1
2 9 1
3 9 1
t 156 19
