10
15
w 7 3
w 5 6
w 9 8
w 0 10
w 2 12
w 5 1
w 7 2
w 6 14
w 1 2
w 8 14
w 4 9
w 5 12
w 1 5
w 2 13
w 2 2
w 8 6
w 4 1
w 4 10
w 6 4
w 0 0
w 9 14
w 4 14
w 1 4
w 3 9
w 6 12
w 0 8
w 9 6
w 3 5
w 8 12
w 2 11
w 9 9
w 5 14
w 4 3
w 1 7
w 0 9
w 9 5
w 7 8
p 5 9
p 4 7
p 8 13
p 9 1
p 6 6
p 7 12
p 2 8
p 3 0
p 3 11
p 2 1
p 0 7
p 4 12
p 9 4
p 2 5
p 1 11
p 0 3
p 4 0
p 6 7
p 3 3
p 8 1
p 6 10
p 1 14
p 0 11
p 9 11
p 5 0
p 7 10
p 3 6
p 5 4
p 7 14
p 7 1
p 3 13
p 1 13
p 8 11
p 9 3
p 2 10
p 0 12
p 7 5
p 0 5
p 4 2
p 4 11
p 6 5
p 0 1
p 2 7
p 7 9
p 7 0
p 5 10
p 9 2
p 6 1
p 3 1
p 7 4
p 2 0
p 1 8
p 0 6
p 5 2
p 0 2
p 9 12
m0 0 14
1 9 0
2 9 0
3 9 0
t 300 0
m0 0 13
1 8 0
2 9 1
3 9 1
t 299 0
m0 0 14
1 7 0
2 9 2
3 8 1
t 298 0
m0 1 14
1 7 1
2 9 1
3 8 0
t 297 1
m0 2 14
1 7 0
2 9 2
3 8 1
t 296 1
m0 2 14
1 6 0
2 9 3
3 8 2
t 295 1
m0 3 14
1 7 0
2 9 4
3 8 1
t 294 1
m0 3 14
1 8 0
2 9 3
3 8 2
t 293 1
m0 2 14
1 9 0
2 9 2
3 8 3
t 292 1
m0 1 14
1 9 1
2 9 3
3 8 2
t 291 1
m0 2 14
1 9 0
2 9 2
3 8 1
t 290 1
m0 3 14
1 9 1
2 9 3
3 8 0
t 289 1
m0 3 13
1 8 1
2 9 4
3 7 0
t 288 2
m0 3 14
1 9 1
2 8 4
3 7 1
t 287 2
m0 2 14
1 9 2
2 9 4
3 6 1
t 286 2
m0 1 14
1 9 3
2 9 3
3 7 1
f 7 13
t 285 2
m0 1 13
1 9 2
2 8 3
3 7 0
t 284 3
m0 1 13
1 9 1
2 9 3
3 8 0
t 283 3
m0 1 14
1 9 2
2 8 3
3 8 1
t 282 3
m0 0 14
1 8 2
2 8 2
3 8 0
t 281 3
m0 0 14
1 8 1
2 8 1
3 7 0
t 280 3
m0 0 14
1 8 2
2 8 0
3 7 1
t 279 3
m0 0 13
1 8 3
2 9 0
3 7 0
t 278 3
m0 0 14
1 9 3
2 8 0
3 6 0
t 277 3
m0 0 14
1 9 2
2 9 0
3 5 0
t 276 3
m0 0 14
1 9 3
2 8 0
3 4 0
t 275 3
m0 1 14
1 9 2
2 9 0
3 5 0
t 274 3
m0 0 14
1 8 2
2 9 1
3 6 0
t 273 3
m0 1 14
1 8 3
2 9 2
3 6 1
t 272 3
m0 1 14
1 9 3
2 8 2
3 6 0
t 271 3
m0 1 14
1 9 2
2 9 2
3 6 1
t 270 3
m0 1 14
1 9 3
2 9 1
3 6 2
t 269 3
m0 0 14
1 9 4
2 9 0
3 6 3
t 268 3
m0 0 14
1 8 4
2 9 1
3 6 2
t 267 3
m0 0 14
1 9 4
2 9 0
3 5 2
t 266 3
m0 0 14
1 9 3
2 9 1
3 6 2
t 265 3
m0 0 14
1 9 4
2 9 2
3 6 1
t 264 3
m0 0 14
1 8 4
2 9 1
3 6 2
t 263 3
m0 0 14
1 8 5
2 9 0
3 6 1
t 262 3
m0 0 14
1 7 5
2 8 0
3 6 2
t 261 3
m0 0 14
1 6 5
2 9 0
3 6 1
t 260 3
m0 0 14
1 7 5
2 8 0
3 6 2
t 259 3
m0 0 14
1 8 5
2 8 1
3 5 2
t 258 3
m0 0 14
1 7 5
2 9 1
3 6 2
t 257 3
m0 0 14
1 7 6
2 8 1
3 5 2
t 256 3
m0 0 14
1 7 5
2 9 1
3 4 2
t 255 3
m0 0 13
1 8 5
2 9 2
3 3 2
t 254 3
m0 0 14
1 7 5
2 9 1
3 3 1
t 253 3
m0 0 13
1 7 4
2 9 0
3 2 1
t 252 3
m0 0 14
1 8 4
2 8 0
3 1 1
t 251 3
m0 0 13
1 8 5
2 7 0
3 1 0
t 250 3
m0 0 14
1 7 5
2 8 0
3 1 1
t 249 3
m0 1 14
1 7 6
2 9 0
3 0 1
t 248 3
m0 1 14
1 6 6
2 9 1
3 0 2
t 247 3
m0 0 14
1 6 7
2 9 2
3 0 1
t 246 3
m0 0 13
1 6 6
2 9 1
3 1 1
t 245 3
m0 0 12
1 7 6
2 9 0
3 0 1
t 244 4
m0 0 13
1 7 7
2 8 0
3 0 2
t 243 4
m0 0 14
1 8 7
2 7 0
3 0 1
t 242 4
m0 1 14
1 8 8
2 7 1
3 0 2
t 241 4
m0 0 14
1 8 9
2 7 0
3 0 3
t 240 4
m0 0 14
1 8 10
2 8 0
3 0 4
t 239 4
m0 0 14
1 9 10
2 9 0
3 0 3
t 238 4
m0 0 14
1 9 11
2 8 0
3 1 3
t 237 4
m0 0 14
1 9 12
2 9 0
3 0 3
t 236 4
m0 0 14
1 9 11
2 8 0
3 0 2
t 235 4
m0 0 14
1 9 12
2 8 1
3 0 3
t 234 4
m0 0 14
1 9 13
2 8 2
3 1 3
t 233 4
m0 0 14
1 9 12
2 8 1
3 2 3
t 232 4
m0 0 14
1 9 11
2 9 1
3 1 3
t 231 4
m0 0 14
1 9 10
2 9 2
3 2 3
t 230 4
m0 0 14
1 8 10
2 9 3
3 2 4
t 229 4
m0 0 14
1 9 10
2 9 2
3 3 4
t 228 4
m0 1 14
1 8 10
2 9 1
3 3 3
t 227 4
m0 0 14
1 9 10
2 8 1
3 3 4
t 226 4
m0 0 14
1 9 11
2 8 0
3 2 4
t 225 4
m0 0 14
1 9 10
2 9 0
3 3 4
t 224 4
m0 0 14
1 9 11
2 9 1
3 3 3
t 223 4
m0 0 13
1 8 11
2 9 0
3 3 2
t 222 4
m0 0 12
1 8 10
2 8 0
3 3 1
t 221 4
m0 0 12
1 9 10
2 8 1
3 3 0
t 220 4
m0 0 11
1 9 11
2 8 0
3 2 0
t 219 5
m0 0 11
1 9 12
2 9 0
3 1 0
t 218 5
m0 0 11
1 9 13
2 9 1
3 2 0
t 217 5
m0 0 11
1 8 13
2 8 1
3 3 0
t 216 5
m0 0 11
1 9 13
2 9 1
3 2 0
t 215 5
m0 0 11
1 8 13
2 9 0
3 2 1
t 214 5
m0 0 11
1 9 13
2 8 0
3 1 1
t 213 5
m0 0 12
1 8 13
2 9 0
3 2 1
t 212 5
m0 0 11
1 7 13
2 9 1
3 2 0
t 211 5
m0 0 11
1 7 14
2 9 2
3 1 0
t 210 5
m0 0 11
1 7 13
2 8 2
3 2 0
t 209 5
m0 0 11
1 7 14
2 9 2
3 3 0
t 208 5
m0 0 11
1 7 13
2 9 3
3 2 0
t 207 5
m0 0 11
1 7 14
2 9 2
3 3 0
t 206 5
m0 0 11
1 7 13
2 9 1
3 2 0
t 205 5
m0 0 11
1 7 14
2 8 1
3 3 0
t 204 5
m0 0 11
1 7 13
2 9 1
3 2 0
t 203 5
m0 0 11
1 6 13
2 8 1
3 1 0
t 202 5
m0 0 11
1 7 13
2 8 0
3 1 1
t 201 5
m0 0 11
1 8 13
2 9 0
3 2 1
t 200 5
m0 0 11
1 9 13
2 9 1
3 3 1
t 199 5
m0 0 11
1 8 13
2 9 0
3 3 2
t 198 5
m0 0 11
1 7 13
2 8 0
3 4 2
t 197 5
m0 0 11
1 7 14
2 8 1
3 3 2
t 196 5
m0 0 11
1 7 13
2 9 1
3 3 1
t 195 5
m0 0 11
1 7 14
2 8 1
3 3 0
t 194 5
m0 0 11
1 7 13
2 8 2
3 4 0
t 193 5
m0 0 11
1 7 14
2 8 3
3 5 0
t 192 5
m0 0 11
1 7 13
2 8 2
3 4 0
t 191 5
m0 0 11
1 7 14
2 9 2
3 5 0
t 190 5
m0 0 11
1 7 13
2 9 3
3 6 0
t 189 5
m0 0 11
1 6 13
2 9 4
3 5 0
t 188 5
m0 0 11
1 7 13
2 9 3
3 4 0
t 187 5
m0 0 11
1 7 14
2 9 2
3 3 0
t 186 5
m0 0 11
1 7 13
2 8 2
3 4 0
t 185 5
m0 0 11
1 6 13
2 9 2
3 3 0
t 184 5
m0 0 11
1 7 13
2 8 2
3 2 0
t 183 5
m0 0 11
1 7 14
2 8 1
3 1 0
t 182 5
m0 0 11
1 7 13
2 8 0
3 1 1
t 181 5
m0 0 11
1 7 14
2 7 0
3 2 1
t 180 5
m0 0 11
1 7 13
2 6 0
3 3 1
t 179 5
m0 0 11
1 8 13
2 5 0
3 3 2
t 178 5
m0 0 11
1 9 13
2 4 0
3 3 1
t 177 5
m0 0 11
1 9 12
2 5 0
3 3 0
t 176 5
m0 0 11
1 9 13
2 6 0
3 3 1
t 175 5
m0 0 11
1 9 12
2 6 1
3 3 0
t 174 5
m0 0 11
1 9 13
2 6 2
3 4 0
t 173 5
m0 0 11
1 8 13
2 6 1
3 5 0
t 172 5
m0 0 11
1 9 13
2 6 2
3 4 0
t 171 5
m0 0 11
1 8 13
2 6 3
3 5 0
t 170 5
m0 0 11
1 9 13
2 6 2
3 6 0
t 169 5
m0 0 12
1 8 13
2 6 1
3 6 1
t 168 5
m0 0 11
1 9 13
2 7 1
3 7 1
t 167 5
m0 0 11
1 8 13
2 7 0
3 7 0
t 166 5
m0 0 11
1 9 13
2 8 0
3 8 0
t 165 5
m0 0 11
1 8 13
2 8 1
3 7 0
t 164 5
m0 0 11
1 9 13
2 8 0
3 6 0
t 163 5
m0 0 11
1 9 12
2 9 0
3 6 1
t 162 5
m0 0 11
1 9 13
2 8 0
3 7 1
t 161 5
m0 0 11
1 9 12
2 9 0
3 7 0
t 160 5
m0 0 11
1 9 13
2 9 1
3 6 0
t 159 5
m0 0 11
1 9 12
2 9 0
3 6 1
t 158 5
m0 0 11
1 9 13
2 9 1
3 7 1
t 157 5
m0 0 11
1 8 13
2 9 0
3 6 1
t 156 5
m0 0 11
1 9 13
2 8 0
3 6 0
t 155 5
m0 0 11
1 8 13
2 7 0
3 7 0
t 154 5
m0 0 11
1 9 13
2 7 1
3 8 0
t 153 5
m0 0 11
1 9 12
2 6 1
3 9 0
t 152 5
m0 0 11
1 9 13
2 7 1
3 8 0
t 151 5
m0 0 11
1 8 13
2 7 0
3 8 1
t 150 5
m0 0 11
1 9 13
2 8 0
3 9 1
t 149 5
m0 0 12
1 8 13
2 8 1
3 8 1
t 148 5
m0 0 11
1 9 13
2 8 2
3 7 1
t 147 5
m0 0 11
1 9 12
2 8 3
3 8 1
t 146 5
m0 0 11
1 9 13
2 9 3
3 8 2
t 145 5
m0 0 11
1 8 13
2 8 3
3 8 3
t 144 5
m0 0 11
1 9 13
2 8 4
3 8 2
t 143 5
m0 0 11
1 9 12
2 9 4
3 8 3
t 142 5
m0 0 11
1 9 13
2 8 4
3 9 3
t 141 5
m0 0 11
1 8 13
2 7 4
3 9 2
t 140 5
m0 0 11
1 9 13
2 8 4
3 8 2
t 139 5
m0 0 11
1 9 12
2 8 5
3 9 2
t 138 5
m0 0 11
1 9 13
2 8 4
3 9 3
t 137 5
m0 0 12
1 9 12
2 9 4
3 9 2
t 136 5
m0 0 11
1 9 13
2 9 3
3 8 2
t 135 5
m0 0 11
1 8 13
2 9 4
3 8 1
t 134 5
m0 0 11
1 7 13
2 8 4
3 7 1
t 133 5
m0 0 11
1 7 14
2 8 5
3 7 0
t 132 5
m0 0 11
1 7 13
2 7 5
3 8 0
t 131 5
m0 0 11
1 7 14
2 8 5
3 7 0
t 130 5
m0 0 11
1 7 13
2 8 4
3 7 1
t 129 5
m0 0 11
1 6 13
2 7 4
3 6 1
t 128 5
m0 0 11
1 5 13
2 8 4
3 7 1
t 127 5
m0 0 11
1 6 13
2 9 4
3 6 1
t 126 5
m0 0 11
1 5 13
2 9 3
3 6 0
t 125 5
m0 0 12
1 4 13
2 9 4
3 7 0
t 124 5
m0 0 11
1 3 13
2 9 3
3 8 0
t 123 5
m0 1 11
1 3 14
2 9 4
3 9 0
t 122 6
m0 0 11
1 2 14
2 9 3
3 8 0
t 121 6
m0 0 11
1 3 14
2 9 2
3 8 1
t 120 6
m0 0 11
1 2 14
2 9 3
3 9 1
t 119 6
m0 0 11
1 3 14
2 8 3
3 9 2
t 118 6
m0 0 11
1 2 14
2 9 3
3 9 1
t 117 6
m0 0 12
1 3 14
2 9 2
3 8 1
t 116 6
m0 0 11
1 3 13
2 9 3
3 9 1
t 115 6
m0 0 11
1 4 13
2 9 2
3 9 2
t 114 6
m0 0 12
1 5 13
2 9 1
3 8 2
t 113 6
m0 0 11
1 4 13
2 9 2
3 8 1
t 112 6
m0 0 11
1 5 13
2 9 3
3 8 0
t 111 6
m0 0 11
1 4 13
2 9 4
3 8 1
t 110 6
m0 0 11
1 3 13
2 9 3
3 8 2
t 109 6
m0 0 11
1 3 14
2 9 4
3 8 1
t 108 6
m0 0 11
1 2 14
2 8 4
3 9 1
t 107 6
m0 0 11
1 3 14
2 9 4
3 8 1
t 106 6
m0 0 11
1 3 13
2 9 3
3 7 1
t 105 6
m0 0 11
1 3 14
2 8 3
3 8 1
t 104 6
m0 0 11
1 3 13
2 9 3
3 8 0
t 103 6
m0 0 11
1 3 14
2 9 4
3 7 0
t 102 6
m0 0 11
1 3 13
2 9 3
3 7 1
t 101 6
m0 0 11
1 3 14
2 8 3
3 7 0
t 100 6
m0 0 11
1 2 14
2 9 3
3 8 0
t 99 6
m0 1 11
1 1 14
2 8 3
3 9 0
t 98 6
m0 1 10
1 0 14
2 8 2
3 9 1
t 97 6
m0 1 9
1 1 14
2 9 2
3 8 1
t 96 6
m0 1 9
1 0 14
2 8 2
3 9 1
t 95 6
m0 1 8
1 1 14
2 9 2
3 9 0
t 94 7
m0 1 9
1 0 14
2 8 2
3 8 0
t 93 7
m0 1 9
1 1 14
2 9 2
3 7 0
t 92 7
m0 1 9
1 0 14
2 9 3
3 6 0
t 91 7
m0 1 8
1 1 14
2 9 2
3 5 0
t 90 7
m0 1 8
1 2 14
2 8 2
3 6 0
t 89 7
m0 2 8
1 3 14
2 9 2
3 7 0
t 88 8
m0 2 8
1 3 13
2 9 1
3 6 0
t 87 8
m0 2 7
1 3 14
2 8 1
3 5 0
t 86 9
m0 2 6
1 2 14
2 9 1
3 4 0
t 85 9
m0 2 6
1 1 14
2 9 0
3 3 0
t 84 9
m0 2 6
1 0 14
2 9 1
3 4 0
t 83 9
m0 2 6
1 0 13
2 9 0
3 3 0
t 82 9
m0 1 6
1 0 14
2 9 1
3 4 0
t 81 9
m0 0 6
1 0 13
2 8 1
3 5 0
t 80 10
m0 0 6
1 0 14
2 9 1
3 4 0
t 79 10
m0 0 6
1 0 13
2 9 2
3 5 0
t 78 10
m0 0 6
1 1 13
2 9 1
3 4 0
t 77 10
m0 0 5
1 1 12
2 8 1
3 3 0
t 76 11
m0 0 4
1 1 13
2 9 1
3 4 0
t 75 11
m0 0 3
1 1 14
2 9 2
3 5 0
t 74 12
m0 0 2
1 0 14
2 9 1
3 4 0
t 73 13
m0 0 1
1 1 14
2 9 2
3 3 0
t 72 14
m0 1 1
1 0 14
2 9 3
3 3 1
t 71 14
m0 1 1
1 0 13
2 9 4
3 3 0
t 70 14
m0 1 1
1 0 14
2 8 4
3 4 0
t 69 14
m0 1 0
1 1 14
2 9 4
3 5 0
t 68 14
m0 1 0
1 0 14
2 9 3
3 4 0
t 67 14
m0 1 1
1 0 13
2 9 4
3 5 0
t 66 14
m0 1 0
1 0 14
2 8 4
3 6 0
t 65 14
m0 1 1
1 0 13
2 8 5
3 7 0
t 64 14
m0 0 1
1 0 14
2 7 5
3 8 0
t 63 14
m0 1 1
1 0 13
2 7 6
3 9 0
t 62 14
m0 1 0
1 0 14
2 6 6
3 9 1
t 61 14
m0 2 0
1 0 13
2 7 6
3 9 2
t 60 15
m0 2 0
1 0 14
2 7 7
3 9 1
t 59 15
m0 1 0
1 0 13
2 6 7
3 9 2
t 58 15
m0 2 0
1 0 14
2 6 8
3 9 3
t 57 15
m0 1 0
1 1 14
2 6 9
3 9 4
t 56 15
m0 1 0
1 0 14
2 6 10
3 9 3
t 55 15
m0 1 0
1 1 14
2 7 10
3 9 2
t 54 15
m0 1 1
1 2 14
2 7 9
3 9 1
t 53 15
m0 0 1
1 3 14
2 8 9
3 9 0
t 52 15
m0 0 1
1 3 13
2 8 10
3 8 0
t 51 15
m0 0 2
1 3 12
2 9 10
3 9 0
t 50 15
m0 0 2
1 3 13
2 9 11
3 8 0
t 49 15
m0 0 1
1 3 14
2 9 10
3 9 0
t 48 15
m0 0 1
1 2 14
2 9 11
3 8 0
t 47 15
m0 0 1
1 3 14
2 8 11
3 9 0
t 46 15
m0 0 2
1 2 14
2 7 11
3 8 0
t 45 15
m0 0 1
1 1 14
2 8 11
3 9 0
t 44 15
m0 0 1
1 2 14
2 7 11
3 8 0
t 43 15
m0 0 1
1 1 14
2 8 11
3 9 0
t 42 15
m0 0 2
1 0 14
2 8 10
3 8 0
t 41 15
m0 0 1
1 1 14
2 9 10
3 9 0
t 40 15
m0 0 2
1 2 14
2 9 11
3 8 0
t 39 15
m0 0 2
1 1 14
2 9 10
3 9 0
t 38 15
m0 0 3
1 2 14
2 8 10
3 8 0
t 37 15
m0 0 2
1 3 14
2 8 9
3 9 0
t 36 15
m0 0 1
1 2 14
2 7 9
3 9 1
t 35 15
m0 1 1
1 1 14
2 7 10
3 9 0
t 34 15
m0 1 1
1 0 14
2 7 11
3 9 1
t 33 15
m0 0 1
1 1 14
2 8 11
3 9 0
t 32 15
m0 0 1
1 0 14
2 9 11
3 8 0
t 31 15
m0 1 1
1 1 14
2 8 11
3 9 0
t 30 15
m0 0 1
1 2 14
2 9 11
3 8 0
t 29 15
m0 1 1
1 1 14
2 9 10
3 9 0
t 28 15
m0 1 1
1 0 14
2 9 11
3 8 0
t 27 15
m0 0 1
1 1 14
2 9 10
3 9 0
t 26 15
m0 0 1
1 0 14
2 9 11
3 8 0
t 25 15
m0 0 1
1 0 13
2 8 11
3 9 0
t 24 15
m0 0 2
1 0 14
2 8 10
3 8 0
t 23 15
m0 0 1
1 1 14
2 9 10
3 7 0
t 22 15
m0 0 2
1 2 14
2 9 11
3 8 0
t 21 15
m0 0 1
1 3 14
2 9 12
3 9 0
t 20 15
m0 1 1
1 3 13
2 9 11
3 9 1
t 19 15
m0 0 1
1 4 13
2 9 10
3 9 0
t 18 15
m0 0 1
1 5 13
2 9 11
3 8 0
t 17 15
m0 0 1
1 6 13
2 9 10
3 7 0
t 16 15
m0 0 1
1 5 13
2 9 11
3 8 0
t 15 15
m0 0 1
1 6 13
2 9 12
3 9 0
t 14 15
m0 0 1
1 5 13
2 9 11
3 8 0
t 13 15
m0 0 2
1 4 13
2 9 10
3 7 0
t 12 15
m0 0 1
1 4 12
2 9 11
3 8 0
t 11 15
m0 0 2
1 3 12
2 9 12
3 7 0
t 10 15
m0 0 3
1 3 13
2 9 13
3 6 0
t 9 15
m0 0 2
1 3 14
2 9 12
3 5 0
t 8 15
m0 0 2
1 2 14
2 9 11
3 6 0
t 7 15
m0 0 1
1 1 14
2 9 10
3 5 0
t 6 15
m0 0 1
1 2 14
2 9 11
3 4 0
t 5 15
m0 0 1
1 3 14
2 9 12
3 3 0
t 4 15
m0 0 1
1 3 13
2 9 13
3 2 0
t 3 15
m0 0 1
1 3 12
2 8 13
3 3 0
t 2 15
m0 0 2
1 3 11
2 9 13
3 4 0
t 1 15
m0 0 1
1 3 11
2 9 13
3 4 0
t 0 15
