Use the setting in the following lines to re-create this experiment

{'result_folder_name': 'bonus_2c', 'plot_file_name': '', 'log_file_name': 'bonus_2c_log', 'n_run': 30, 'n_eval': 2000, 'n_pacman': 3, 'n_ghost': 3, 'size_tuple': (10, 15), 'wall_density': 0.25, 'replay_file_name': '0_replay', 'time_multiplier': 2, 'pills_density': 0.5, 'fruit_spawn_probability': 0.05, 'pill_value': 1, 'fruit_score': 10, 'grow_terminal_prob': 0.5, 'over_selection_x': 0.2, 'pacman_max_tree_height': 2, 'pacman_parent_selection': 'os', 'pacman_stable_population': 5, 'pacman_offspring_population': 50, 'n_pacman_parent': 4, 'pacman_survival_selection': 'trunc', 'pacman_survival_k': 15, 'pacman_parsimony_pressure': 2, 'pacman_share_controller': True, 'ghost_max_tree_height': 2, 'ghost_parent_selection': 'os', 'ghost_stable_population': 5, 'ghost_offspring_population': 50, 'n_ghost_parent': 2, 'ghost_survival_selection': 'trunc', 'ghost_survival_k': 15, 'ghost_parsimony_pressure': 2, 'ghost_share_controller': False, 'convergence_n_eval': None, 'seed': '2018-12-03 13:36:34.728622'}

Result Log

Run 0
5	2.7918367346938773	11
55	3.061224489795917	21
105	0.33795918367346933	10
155	0.1583673469387755	9
205	0.4342857142857142	14
255	0.4440816326530612	14
305	0.313469387755102	12
355	0.13387755102040816	8
405	0.1812244897959184	15
455	0.13714285714285718	7
505	0.2710204081632653	11
555	0.4440816326530612	10
605	0.24163265306122447	22
655	0.39836734693877546	20
705	0.4408163265306122	38
755	0.5730612244897959	24
805	0.24489795918367346	16
855	0.07673469387755101	11
905	0.3493877551020408	17
955	0.1240816326530612	9
1005	0.163265306122449	14
1055	0.24326530612244895	10
1105	0.2661224489795918	12
1155	0.13551020408163264	9
1205	0.2693877551020408	7
1255	0.4228571428571428	32
1305	0.16979591836734695	20
1355	0.10285714285714284	11
1405	0.17795918367346936	22
1455	0.38367346938775504	16
1505	0.14530612244897959	9
1555	0.3510204081632653	12
1605	0.1844897959183673	6
1655	0.16653061224489796	7
1705	0.4130612244897959	18
1755	0.2514285714285714	10
1805	0.9208163265306122	37
1855	0.44408163265306116	13
1905	0.23020408163265302	9
1955	0.16816326530612244	29
2005	0.44408163265306116	25

Run 1
5	0.5387755102040817	38
55	1.3159183673469388	84
105	1.3191836734693874	115
155	1.697959183673469	134
205	0.4473469387755102	90
255	0.7510204081632653	82
305	0.2530612244897959	120
355	0.893061224489796	144
405	0.9175510204081633	122
455	0.42448979591836733	88
505	0.23510204081632652	100
555	0.8391836734693876	106
605	0.8440816326530612	89
655	1.890612244897959	135
705	1.0351020408163267	105
755	1.2979591836734692	118
805	0.5616326530612245	120
855	0.6383673469387754	115
905	1.284897959183673	136
955	0.9844897959183672	82
1005	0.36408163265306115	134
1055	1.2016326530612245	141
1105	0.5534693877551019	132
1155	1.299591836734694	121
1205	0.5142857142857142	141
1255	0.6595918367346938	130
1305	1.394285714285714	95
1355	0.8408163265306123	112
1405	0.5110204081632652	123
1455	0.7591836734693876	129
1505	0.24	137
1555	0.7085714285714285	80
1605	1.1248979591836734	141
1655	0.14857142857142855	142
1705	0.7624489795918368	150
1755	0.6987755102040816	130
1805	0.60734693877551	94
1855	0.4555102040816327	121
1905	1.0285714285714285	136
1955	1.72734693877551	139
2005	0.20408163265306123	114

Run 2
5	0.016326530612244896	43
55	0.19755102040816322	54
105	0.22857142857142856	66
155	0.22693877551020405	78
205	0.7591836734693876	87
255	0.29061224489795917	79
305	0.24816326530612243	85
355	0.24163265306122447	62
405	0.310204081632653	6
455	0.30530612244897953	22
505	0.7575510204081631	60
555	0.2497959183673469	52
605	0.29061224489795917	10
655	0.6710204081632654	55
705	0.30204081632653057	12
755	0.10448979591836734	7
805	0.4653061224489795	69
855	0.2955102040816326	58
905	0.25632653061224486	9
955	0.7559183673469384	82
1005	0.6497959183673468	11
1055	0.3999999999999999	66
1105	0.8506122448979591	66
1155	0.37387755102040815	65
1205	0.18122448979591838	55
1255	0.8767346938775511	127
1305	0.11918367346938774	61
1355	0.11428571428571428	4
1405	0.12571428571428572	83
1455	0.05714285714285714	4
1505	0.38693877551020406	112
1555	0.42612244897959173	85
1605	0.36244897959183675	95
1655	0.2922448979591836	67
1705	0.23673469387755097	65
1755	0.2089795918367347	75
1805	0.31510204081632653	58
1855	0.41469387755102033	72
1905	0.5812244897959183	68
1955	0.0	75
2005	0.16816326530612244	84

Run 3
5	0.0	38
55	0.45224489795918366	51
105	1.0155102040816326	65
155	0.5681632653061224	75
205	0.44897959183673464	37
255	0.2955102040816326	60
305	0.7722448979591836	61
355	0.22040816326530613	49
405	1.0938775510204082	77
455	0.30530612244897953	74
505	0.9975510204081631	54
555	0.4995918367346938	46
605	0.6530612244897958	64
655	0.9910204081632652	95
705	1.3942857142857141	65
755	0.9208163265306121	62
805	0.47673469387755096	119
855	0.5224489795918367	57
905	0.7640816326530612	50
955	0.156734693877551	61
1005	0.8734693877551019	42
1055	0.7526530612244897	102
1105	0.4244897959183673	53
1155	0.9730612244897958	46
1205	0.11755102040816326	42
1255	0.6465306122448979	105
1305	0.8244897959183671	55
1355	0.8310204081632651	49
1405	0.5551020408163265	43
1455	0.5926530612244897	82
1505	0.09142857142857143	73
1555	0.7151020408163266	52
1605	1.7224489795918367	80
1655	0.556734693877551	65
1705	0.893061224489796	54
1755	0.6106122448979591	48
1805	1.379591836734694	58
1855	0.4897959183673469	50
1905	0.6138775510204081	69
1955	0.5844897959183674	63
2005	1.3959183673469386	65

Run 4
5	0.0	13
55	0.313469387755102	46
105	0.13877551020408163	27
155	0.6236734693877551	37
205	0.15836734693877552	28
255	0.035918367346938776	27
305	0.2824489795918368	40
355	0.1126530612244898	45
405	0.18612244897959182	42
455	0.10448979591836734	28
505	0.671020408163265	32
555	0.6383673469387755	48
605	0.13551020408163267	30
655	0.08489795918367346	26
705	0.0	42
755	0.4130612244897959	30
805	0.49142857142857144	45
855	0.7314285714285714	52
905	1.8808163265306121	99
955	0.28897959183673466	53
1005	0.2971428571428571	43
1055	0.5126530612244898	59
1105	0.27428571428571424	31
1155	0.4048979591836735	28
1205	0.7657142857142856	64
1255	1.097142857142857	72
1305	0.02448979591836735	32
1355	0.4016326530612245	26
1405	0.5910204081632652	51
1455	0.25795918367346937	45
1505	0.08979591836734693	38
1555	0.24816326530612243	38
1605	0.6073469387755102	59
1655	0.7477551020408163	45
1705	0.4865306122448979	29
1755	0.17142857142857143	45
1805	0.19265306122448977	55
1855	0.386938775510204	41
1905	0.8914285714285713	46
1955	0.6824489795918367	50
2005	0.022857142857142857	36

Run 5
5	1.3714285714285714	21
55	2.4587755102040814	67
105	0.7689795918367346	72
155	0.31999999999999995	22
205	0.7738775510204081	30
255	0.34285714285714275	38
305	0.13551020408163264	47
355	0.42448979591836733	31
405	0.5257142857142857	62
455	0.35265306122448975	59
505	0.1844897959183673	31
555	0.48816326530612236	20
605	0.49469387755102034	25
655	0.09795918367346937	46
705	0.09795918367346937	58
755	0.12244897959183673	31
805	0.2171428571428571	17
855	0.60734693877551	46
905	1.0824489795918368	50
955	0.5583673469387755	23
1005	0.5355102040816326	20
1055	0.6644897959183673	58
1105	0.43918367346938775	47
1155	0.3657142857142857	40
1205	0.3510204081632653	18
1255	0.3118367346938775	124
1305	0.21224489795918366	48
1355	0.19428571428571428	41
1405	0.34612244897959177	38
1455	0.5681632653061225	21
1505	0.23510204081632652	28
1555	0.5648979591836735	46
1605	0.15183673469387754	37
1655	0.41142857142857137	43
1705	0.06040816326530612	30
1755	0.6106122448979592	18
1805	0.20408163265306123	24
1855	0.3608163265306122	25
1905	0.47673469387755096	56
1955	0.22204081632653058	45
2005	0.5077551020408163	49

Run 6
5	0.8816326530612244	54
55	0.7934693877551021	58
105	0.28734693877551015	17
155	0.3477551020408163	50
205	0.19428571428571428	25
255	0.20408163265306117	42
305	0.3004081632653061	20
355	0.41142857142857137	52
405	0.22693877551020405	60
455	0.17632653061224488	50
505	0.43591836734693873	12
555	0.21224489795918366	45
605	0.2187755102040816	56
655	0.3787755102040816	38
705	0.4342857142857142	86
755	0.057142857142857134	50
805	0.3999999999999999	56
855	0.19265306122448977	15
905	0.377142857142857	62
955	0.10285714285714284	44
1005	0.1583673469387755	53
1055	0.3346938775510203	61
1105	0.24326530612244895	60
1155	0.13224489795918368	34
1205	0.1746938775510204	62
1255	0.28244897959183674	34
1305	0.1469387755102041	49
1355	0.310204081632653	26
1405	0.2612244897959184	9
1455	0.4212244897959183	46
1505	0.41142857142857137	43
1555	0.10938775510204081	59
1605	0.07183673469387754	72
1655	0.390204081632653	52
1705	0.23836734693877548	51
1755	0.2759183673469387	64
1805	0.15836734693877552	76
1855	0.2253061224489796	60
1905	0.2791836734693877	34
1955	0.16653061224489796	36
2005	0.2857142857142857	52

Run 7
5	2.204081632653061	32
55	2.8963265306122445	97
105	0.2236734693877551	81
155	0.08489795918367346	137
205	0.2546938775510204	125
255	0.4685714285714285	114
305	0.303673469387755	71
355	0.3444897959183673	21
405	0.6138775510204081	27
455	0.4408163265306122	142
505	0.5289795918367346	27
555	0.25469387755102035	76
605	0.23673469387755097	118
655	0.303673469387755	102
705	0.17795918367346933	63
755	0.35428571428571426	94
805	0.13224489795918365	82
855	0.6367346938775511	25
905	0.1306122448979592	31
955	0.2873469387755102	119
1005	0.5240816326530612	30
1055	0.26938775510204077	104
1105	0.27265306122448973	72
1155	0.20408163265306123	42
1205	0.537142857142857	106
1255	0.07183673469387754	38
1305	0.4881632653061224	35
1355	0.30693877551020404	108
1405	0.4620408163265306	94
1455	0.23836734693877548	49
1505	0.310204081632653	75
1555	0.4783673469387755	44
1605	0.34122448979591835	139
1655	0.15020408163265306	122
1705	0.16163265306122448	84
1755	0.022857142857142857	85
1805	0.20244897959183672	95
1855	0.4244897959183673	85
1905	0.20244897959183672	93
1955	0.4914285714285714	125
2005	0.8636734693877551	61

Run 8
5	0.34285714285714286	28
55	0.49142857142857144	40
105	0.4914285714285714	54
155	0.15183673469387754	55
205	0.09142857142857143	53
255	0.07020408163265306	51
305	0.633469387755102	47
355	0.4897959183673469	138
405	0.8146938775510203	53
455	0.11591836734693876	10
505	0.6579591836734692	41
555	0.0016326530612244896	46
605	0.3706122448979592	52
655	0.014693877551020407	52
705	0.36408163265306115	50
755	0.27428571428571424	46
805	0.3755102040816326	55
855	0.26775510204081626	46
905	0.7575510204081632	52
955	0.30857142857142855	74
1005	0.08816326530612244	11
1055	0.14367346938775508	11
1105	0.06367346938775509	3
1155	0.0620408163265306	44
1205	0.7673469387755102	50
1255	0.1110204081632653	53
1305	0.14367346938775508	52
1355	0.38857142857142857	46
1405	0.0930612244897959	44
1455	0.05224489795918367	4
1505	0.07183673469387754	91
1555	0.013061224489795917	53
1605	0.2089795918367347	54
1655	0.06204081632653061	43
1705	0.06530612244897958	9
1755	0.2595918367346938	51
1805	0.09142857142857143	4
1855	0.04408163265306122	3
1905	0.15836734693877552	19
1955	0.40489795918367333	89
2005	0.057142857142857134	3

Run 9
5	1.9102040816326529	19
55	1.6685714285714284	27
105	0.5126530612244898	51
155	0.8587755102040815	28
205	0.30857142857142855	55
255	0.5714285714285714	30
305	0.7265306122448979	55
355	0.4163265306122449	25
405	0.7216326530612244	42
455	0.5485714285714285	42
505	0.49306122448979584	29
555	0.5746938775510203	39
605	0.18775510204081633	73
655	0.3608163265306122	48
705	0.3020408163265306	54
755	0.7461224489795917	35
805	0.6824489795918366	47
855	0.5959183673469386	54
905	0.35428571428571426	23
955	0.6889795918367345	42
1005	0.32489795918367337	46
1055	0.6106122448979591	30
1105	0.6497959183673468	40
1155	0.5338775510204081	43
1205	0.41469387755102033	27
1255	0.8163265306122447	57
1305	1.080816326530612	44
1355	0.4163265306122449	68
1405	0.9469387755102041	33
1455	0.8848979591836735	42
1505	1.0285714285714287	35
1555	0.6138775510204081	76
1605	0.2448979591836734	41
1655	0.13224489795918365	36
1705	0.6187755102040815	30
1755	0.49469387755102034	42
1805	0.5191836734693878	28
1855	0.19428571428571428	25
1905	0.566530612244898	41
1955	0.47510204081632634	50
2005	0.40816326530612235	46

Run 10
5	0.0	58
55	0.29387755102040813	77
105	0.3444897959183673	111
155	0.383673469387755	102
205	0.4881632653061224	93
255	0.1355102040816326	86
305	0.09306122448979591	71
355	0.5485714285714285	18
405	0.4359183673469388	35
455	0.11591836734693876	16
505	1.0285714285714285	101
555	0.6106122448979591	138
605	0.4326530612244897	39
655	0.6955102040816326	32
705	0.1126530612244898	100
755	0.5893877551020407	103
805	0.7853061224489796	111
855	0.08816326530612244	23
905	0.6579591836734693	88
955	0.7265306122448979	110
1005	0.7232653061224491	92
1055	0.653061224489796	88
1105	0.5812244897959183	82
1155	0.32816326530612244	101
1205	0.5469387755102041	93
1255	1.059591836734694	105
1305	0.25795918367346937	110
1355	0.3118367346938775	110
1405	0.8832653061224489	33
1455	0.43428571428571433	139
1505	0.14693877551020407	95
1555	0.12571428571428572	74
1605	0.2873469387755102	46
1655	0.27755102040816326	113
1705	0.22693877551020405	100
1755	0.8522448979591836	72
1805	0.4473469387755102	125
1855	0.23346938775510204	77
1905	0.32326530612244897	26
1955	0.3689795918367346	52
2005	0.2677551020408163	77

Run 11
5	9.273469387755101	56
55	4.039183673469388	57
105	2.297142857142857	62
155	2.6432653061224496	54
205	1.846530612244898	54
255	1.056326530612245	52
305	1.9640816326530612	54
355	1.5722448979591834	45
405	1.2391836734693877	34
455	2.982857142857142	77
505	1.8351020408163263	39
555	2.251428571428572	59
605	1.673469387755102	59
655	2.1632653061224487	70
705	1.9853061224489794	61
755	2.1044897959183673	53
805	1.4187755102040815	76
855	0.6432653061224489	63
905	1.704489795918367	63
955	1.588571428571429	37
1005	1.235918367346939	42
1055	2.8326530612244896	53
1105	2.7248979591836733	72
1155	1.800816326530612	49
1205	1.7861224489795915	60
1255	1.2130612244897958	60
1305	1.1836734693877553	96
1355	2.22204081632653	78
1405	1.746938775510204	52
1455	2.684081632653061	85
1505	1.431836734693878	46
1555	3.113469387755101	60
1605	1.4612244897959186	72
1655	2.076734693877551	75
1705	1.4661224489795917	60
1755	1.7436734693877545	64
1805	1.673469387755102	70
1855	2.475102040816327	76
1905	2.6661224489795914	59
1955	1.3306122448979594	71
2005	1.6081632653061226	45

Run 12
5	0.32653061224489793	23
55	0.9910204081632653	35
105	0.9028571428571428	25
155	0.9126530612244897	57
205	0.9877551020408163	67
255	0.5763265306122448	15
305	0.626938775510204	28
355	1.2277551020408162	43
405	0.47346938775510206	56
455	1.2310204081632652	29
505	0.6677551020408162	18
555	1.0351020408163267	48
605	0.7477551020408163	36
655	0.827755102040816	43
705	0.5093877551020408	38
755	0.8506122448979592	47
805	0.7379591836734692	83
855	0.6579591836734693	57
905	0.8702040816326528	11
955	0.690612244897959	39
1005	0.626938775510204	31
1055	0.3624489795918367	36
1105	0.33142857142857146	27
1155	0.556734693877551	36
1205	0.3804081632653061	39
1255	1.1755102040816325	39
1305	0.5926530612244898	46
1355	0.5877551020408164	58
1405	0.7526530612244896	64
1455	0.5926530612244898	44
1505	0.963265306122449	14
1555	0.8342857142857143	108
1605	1.147755102040816	32
1655	0.6693877551020406	38
1705	0.7363265306122448	20
1755	0.7314285714285711	42
1805	1.5134693877551018	24
1855	0.6465306122448979	43
1905	0.7053061224489795	48
1955	0.6302040816326531	66
2005	1.0579591836734694	40

Run 13
5	1.4693877551020407	10
55	1.5706122448979594	32
105	0.5665306122448979	49
155	0.729795918367347	37
205	0.5159183673469387	46
255	0.35755102040816317	102
305	0.5208163265306122	42
355	0.8783673469387756	86
405	0.623673469387755	99
455	0.37714285714285717	24
505	0.13387755102040816	109
555	0.386938775510204	50
605	0.37387755102040815	62
655	0.41795918367346935	24
705	0.21224489795918366	28
755	0.5420408163265306	108
805	0.33959183673469384	28
855	0.21061224489795918	27
905	0.21224489795918366	31
955	0.8881632653061224	66
1005	0.07183673469387754	39
1055	0.48653061224489796	21
1105	0.3706122448979592	22
1155	0.6024489795918366	107
1205	0.9355102040816325	25
1255	0.3216326530612244	31
1305	0.8702040816326532	26
1355	0.780408163265306	38
1405	0.6318367346938775	67
1455	0.47346938775510194	50
1505	0.6318367346938775	40
1555	0.6546938775510204	34
1605	0.10285714285714284	53
1655	0.6530612244897958	17
1705	0.6351020408163265	28
1755	0.3510204081632653	32
1805	1.0024489795918365	69
1855	0.6579591836734693	27
1905	0.5975510204081632	38
1955	0.15510204081632653	52
2005	0.7624489795918368	95

Run 14
5	1.9102040816326529	7
55	1.1951020408163269	33
105	0.3951020408163265	20
155	0.2187755102040815	13
205	0.33959183673469373	17
255	0.43918367346938764	42
305	0.4816326530612245	15
355	0.4653061224489795	22
405	0.42612244897959173	13
455	0.7363265306122447	21
505	0.1959183673469388	24
555	0.30693877551020404	9
605	0.28244897959183674	17
655	0.5697959183673469	27
705	0.3657142857142856	15
755	0.3999999999999999	29
805	0.2579591836734693	22
855	0.37714285714285706	15
905	0.45387755102040805	40
955	0.13551020408163267	14
1005	0.35428571428571415	17
1055	0.09306122448979591	24
1105	0.42122448979591826	14
1155	0.16979591836734692	26
1205	0.27428571428571424	13
1255	0.2922448979591837	23
1305	0.32326530612244897	24
1355	0.09306122448979591	21
1405	0.3314285714285714	16
1455	0.13877551020408163	18
1505	0.36408163265306115	25
1555	0.2693877551020407	22
1605	0.06857142857142856	16
1655	0.43918367346938764	18
1705	0.2644897959183673	13
1755	0.23020408163265307	24
1805	0.380408163265306	16
1855	0.3575510204081633	32
1905	0.4293877551020408	21
1955	0.19102040816326532	22
2005	0.2595918367346938	37

Run 15
5	0.04897959183673469	37
55	0.5714285714285713	49
105	0.313469387755102	61
155	0.43591836734693873	80
205	0.1926530612244898	75
255	0.35265306122448975	63
305	0.053877551020408164	76
355	0.20408163265306123	100
405	0.5681632653061224	128
455	0.27428571428571424	66
505	0.3951020408163265	85
555	1.0089795918367346	88
605	0.7722448979591837	103
655	0.24653061224489792	83
705	1.010612244897959	94
755	0.4065306122448979	80
805	0.5697959183673469	73
855	0.0636734693877551	65
905	0.8587755102040815	85
955	0.5175510204081633	55
1005	0.3118367346938775	78
1055	0.3836734693877551	84
1105	0.5910204081632652	73
1155	0.6938775510204082	102
1205	0.7183673469387756	77
1255	1.1559183673469389	94
1305	0.4767346938775509	105
1355	0.4097959183673469	52
1405	0.7069387755102039	55
1455	0.8424489795918367	122
1505	0.43918367346938775	45
1555	0.21224489795918366	92
1605	0.4995918367346938	70
1655	0.06530612244897958	66
1705	0.09142857142857143	69
1755	0.5306122448979591	89
1805	0.26122448979591834	104
1855	0.31020408163265306	91
1905	0.23183673469387753	69
1955	0.4571428571428571	104
2005	0.636734693877551	132

Run 16
5	0.0	1
55	0.4555102040816326	27
105	0.38367346938775504	13
155	0.4783673469387755	18
205	0.8799999999999997	25
255	0.7706122448979591	17
305	0.3493877551020408	13
355	0.5028571428571429	10
405	0.43591836734693873	18
455	0.37877551020408157	16
505	0.626938775510204	15
555	0.7020408163265307	15
605	0.2857142857142857	12
655	0.31836734693877544	17
705	0.7053061224489794	15
755	0.5861224489795918	24
805	0.21387755102040815	12
855	0.6612244897959184	24
905	0.42775510204081635	24
955	0.4506122448979591	19
1005	0.38857142857142846	22
1055	0.4783673469387755	17
1105	0.4408163265306122	14
1155	0.33959183673469384	18
1205	0.32326530612244897	11
1255	0.32816326530612244	27
1305	0.8963265306122448	29
1355	0.604081632653061	20
1405	0.46857142857142847	15
1455	0.7706122448979589	24
1505	0.35265306122448975	40
1555	0.7510204081632652	17
1605	0.5991836734693876	17
1655	0.49795918367346936	6
1705	0.7151020408163263	24
1755	0.4865306122448979	12
1805	0.6775510204081633	18
1855	0.5224489795918368	16
1905	0.33959183673469384	15
1955	0.43591836734693873	13
2005	0.4653061224489795	11

Run 17
5	0.0	14
55	0.6448979591836733	48
105	0.32816326530612244	31
155	0.33959183673469384	53
205	0.7853061224489796	80
255	1.4285714285714286	33
305	0.4391836734693878	38
355	0.4016326530612244	74
405	0.17795918367346936	98
455	0.773877551020408	74
505	0.23673469387755097	30
555	0.40653061224489795	62
605	0.4146938775510204	77
655	0.3706122448979592	24
705	0.6873469387755102	60
755	1.0318367346938775	48
805	0.3608163265306122	77
855	0.5648979591836734	29
905	2.0685714285714285	49
955	0.697142857142857	51
1005	1.5330612244897959	77
1055	1.6	35
1105	0.3804081632653061	139
1155	0.47346938775510194	45
1205	0.026122448979591834	49
1255	0.19755102040816325	61
1305	0.4587755102040816	37
1355	0.2546938775510204	49
1405	0.2987755102040816	43
1455	0.4261224489795918	58
1505	0.13714285714285712	57
1555	0.489795918367347	30
1605	0.27265306122448973	42
1655	0.2204081632653061	42
1705	0.3983673469387755	51
1755	0.2677551020408163	81
1805	0.4163265306122448	44
1855	2.063673469387755	69
1905	0.08489795918367346	53
1955	1.1591836734693877	34
2005	0.15020408163265306	47

Run 18
5	0.14693877551020407	4
55	0.4375510204081632	39
105	0.32326530612244897	35
155	0.7151020408163266	53
205	0.2661224489795918	18
255	0.35265306122448975	31
305	0.10448979591836734	30
355	0.4457142857142857	46
405	0.19428571428571428	22
455	0.0016326530612244896	84
505	0.0016326530612244896	105
555	0.18612244897959182	27
605	0.5289795918367346	50
655	0.2677551020408163	30
705	0.1273469387755102	11
755	0.38367346938775504	14
805	0.2726530612244898	54
855	0.5959183673469387	54
905	0.1306122448979592	27
955	0.21224489795918364	49
1005	0.463673469387755	24
1055	0.03918367346938775	12
1105	0.12571428571428572	11
1155	0.3493877551020408	24
1205	0.690612244897959	61
1255	0.3444897959183673	52
1305	0.05877551020408163	16
1355	0.5828571428571427	39
1405	0.08489795918367346	11
1455	0.07346938775510203	39
1505	0.3657142857142856	16
1555	0.39836734693877546	42
1605	0.15999999999999998	38
1655	0.21551020408163266	11
1705	0.6579591836734693	28
1755	0.37061224489795913	36
1805	0.1893877551020408	76
1855	0.5648979591836734	26
1905	0.3395918367346939	37
1955	0.1404081632653061	20
2005	0.4065306122448979	19

Run 19
5	2.3346938775510204	30
55	3.711020408163265	67
105	0.5910204081632652	50
155	0.6106122448979591	51
205	0.390204081632653	62
255	0.5012244897959183	57
305	0.5779591836734693	60
355	1.173877551020408	61
405	0.5991836734693877	37
455	0.5012244897959183	59
505	0.38693877551020406	82
555	0.8097959183673469	59
605	0.5746938775510203	81
655	0.6416326530612245	60
705	0.6122448979591837	68
755	0.860408163265306	76
805	0.4881632653061224	54
855	0.9730612244897958	53
905	0.5110204081632652	76
955	1.1102040816326528	80
1005	0.49795918367346936	49
1055	0.4571428571428571	75
1105	0.1877551020408163	47
1155	0.4832653061224489	62
1205	0.5844897959183674	48
1255	0.7967346938775508	42
1305	0.6481632653061223	62
1355	0.6759183673469387	165
1405	0.42122448979591837	44
1455	0.49795918367346936	78
1505	0.6253061224489795	54
1555	0.6073469387755102	42
1605	0.23510204081632652	68
1655	0.5224489795918367	56
1705	0.6791836734693877	100
1755	0.43591836734693873	43
1805	0.9975510204081632	75
1855	0.623673469387755	62
1905	1.4106122448979592	67
1955	0.780408163265306	65
2005	0.24326530612244895	60

Run 20
5	0.0	39
55	0.37387755102040815	41
105	0.2840816326530612	37
155	0.2710204081632653	32
205	0.2204081632653061	22
255	0.3297959183673469	48
305	0.5567346938775509	39
355	0.16653061224489796	42
405	0.41959183673469375	38
455	0.6612244897959184	24
505	0.4816326530612245	48
555	0.33795918367346933	45
605	0.3004081632653061	58
655	0.4342857142857142	57
705	0.1959183673469388	48
755	0.3657142857142857	66
805	0.4408163265306122	22
855	0.19428571428571428	23
905	0.4555102040816327	24
955	0.13061224489795917	32
1005	0.49306122448979595	34
1055	0.21387755102040815	58
1105	0.26775510204081626	43
1155	0.33306122448979586	27
1205	0.43755102040816324	45
1255	0.4293877551020408	28
1305	0.38530612244897955	33
1355	0.2661224489795918	69
1405	0.48816326530612236	35
1455	0.3118367346938775	43
1505	0.4359183673469388	60
1555	0.32163265306122446	20
1605	0.4097959183673469	42
1655	0.0489795918367347	25
1705	0.13224489795918368	27
1755	0.18612244897959182	26
1805	0.29061224489795917	35
1855	0.10285714285714284	48
1905	0.5208163265306122	28
1955	0.11428571428571427	41
2005	0.4277551020408163	31

Run 21
5	0.5714285714285714	29
55	1.586938775510204	41
105	0.5142857142857143	116
155	0.5110204081632652	75
205	0.08163265306122447	91
255	0.11755102040816326	48
305	0.20244897959183672	74
355	0.18448979591836737	70
405	0.33795918367346944	96
455	0.8946938775510205	31
505	0.23836734693877554	56
555	0.3657142857142857	25
605	0.6089795918367347	79
655	0.4620408163265306	70
705	0.37061224489795913	77
755	0.23510204081632652	86
805	0.31510204081632653	121
855	0.6008163265306122	52
905	0.11591836734693878	126
955	0.2644897959183673	32
1005	0.4604081632653061	21
1055	0.6791836734693877	53
1105	0.32163265306122446	105
1155	0.3297959183673469	18
1205	0.05387755102040815	30
1255	0.24326530612244895	82
1305	0.12244897959183675	80
1355	0.1844897959183673	51
1405	0.43265306122448977	84
1455	0.4212244897959183	84
1505	0.6138775510204081	111
1555	0.7820408163265306	96
1605	0.5975510204081632	90
1655	0.5746938775510203	76
1705	0.15346938775510202	30
1755	0.13551020408163264	95
1805	0.390204081632653	78
1855	0.34122448979591835	89
1905	0.32816326530612244	92
1955	0.24	47
2005	0.3004081632653061	90

Run 22
5	2.024489795918367	34
55	4.191020408163265	47
105	0.24816326530612243	112
155	0.8620408163265306	50
205	0.1893877551020408	109
255	0.5142857142857143	107
305	0.28734693877551015	18
355	0.5763265306122448	89
405	0.5697959183673469	76
455	0.3363265306122449	18
505	0.5208163265306122	106
555	0.16816326530612244	103
605	0.690612244897959	86
655	0.12244897959183673	26
705	0.6302040816326531	87
755	0.32163265306122446	20
805	0.5665306122448979	56
855	0.5812244897959182	86
905	0.7346938775510203	104
955	0.23836734693877548	93
1005	0.2546938775510204	63
1055	0.8799999999999999	85
1105	0.7853061224489796	87
1155	0.026122448979591834	25
1205	0.07673469387755101	18
1255	0.48816326530612236	59
1305	0.6285714285714286	97
1355	0.2220408163265306	18
1405	0.15183673469387754	121
1455	0.5436734693877551	69
1505	0.18775510204081633	118
1555	0.13224489795918365	82
1605	0.6351020408163264	89
1655	0.3477551020408163	22
1705	0.39346938775510204	70
1755	0.537142857142857	77
1805	0.11755102040816326	78
1855	0.49469387755102034	97
1905	0.16163265306122448	12
1955	0.07346938775510205	139
2005	0.790204081632653	98

Run 23
5	1.4693877551020407	20
55	2.419591836734694	78
105	0.8963265306122448	76
155	0.4065306122448979	63
205	0.42285714285714276	60
255	0.8571428571428572	83
305	0.9012244897959182	68
355	0.6938775510204082	64
405	0.41306122448979593	85
455	0.7216326530612244	74
505	0.0	76
555	0.6220408163265305	71
605	0.49306122448979584	70
655	1.1036734693877548	85
705	0.36244897959183675	90
755	0.4163265306122448	53
805	0.14693877551020407	68
855	0.6791836734693877	75
905	0.5926530612244898	79
955	0.45551020408163256	56
1005	0.316734693877551	79
1055	0.05714285714285714	82
1105	0.4783673469387755	94
1155	0.7951020408163266	63
1205	0.7199999999999999	56
1255	0.8212244897959183	82
1305	1.4661224489795917	93
1355	0.24816326530612243	86
1405	0.037551020408163265	74
1455	0.12408163265306121	62
1505	0.5273469387755101	73
1555	0.11591836734693876	71
1605	0.780408163265306	78
1655	1.0448979591836733	87
1705	0.8848979591836733	82
1755	0.4587755102040816	73
1805	0.6595918367346937	65
1855	0.42612244897959173	78
1905	0.17306122448979588	79
1955	0.23999999999999996	71
2005	0.5110204081632652	68

Run 24
5	1.7142857142857142	9
55	2.140408163265306	36
105	0.39510204081632644	13
155	0.8914285714285713	16
205	0.4277551020408163	12
255	0.5893877551020407	26
305	0.4457142857142856	21
355	0.5420408163265306	14
405	0.4440816326530612	18
455	0.5044897959183673	33
505	1.1689795918367347	26
555	0.4995918367346938	17
605	0.4620408163265306	11
655	1.944489795918367	32
705	0.22204081632653058	12
755	0.9289795918367346	15
805	0.22367346938775504	10
855	0.27428571428571424	20
905	2.5077551020408158	33
955	1.2016326530612242	18
1005	0.3918367346938776	10
1055	0.7118367346938774	25
1105	0.790204081632653	19
1155	0.9355102040816327	18
1205	2.8653061224489793	32
1255	0.6889795918367346	14
1305	0.393469387755102	15
1355	0.41469387755102033	15
1405	0.9028571428571426	43
1455	0.550204081632653	17
1505	0.6040816326530611	15
1555	0.1893877551020408	16
1605	0.9093877551020406	29
1655	0.30857142857142855	12
1705	0.8408163265306123	14
1755	0.37387755102040815	18
1805	0.4538775510204081	9
1855	0.3951020408163265	9
1905	1.026938775510204	26
1955	0.5730612244897959	15
2005	2.274285714285714	23

Run 25
5	1.2408163265306122	45
55	2.6302040816326535	72
105	0.46367346938775506	34
155	0.48326530612244895	21
205	0.4228571428571428	11
255	0.5436734693877551	27
305	0.37061224489795913	29
355	0.4718367346938775	35
405	0.3297959183673469	32
455	0.6138775510204081	38
505	0.8669387755102039	58
555	0.15020408163265306	28
605	0.38857142857142857	11
655	0.44408163265306116	46
705	0.1828571428571428	23
755	0.8342857142857142	30
805	0.28244897959183674	31
855	0.34938775510204073	21
905	0.7967346938775509	59
955	0.37714285714285706	37
1005	0.3118367346938775	16
1055	0.3608163265306122	21
1105	0.3853061224489796	31
1155	0.313469387755102	6
1205	0.10448979591836734	34
1255	0.4506122448979591	14
1305	0.466938775510204	30
1355	0.49142857142857144	25
1405	0.4065306122448979	10
1455	0.46857142857142847	19
1505	0.3608163265306122	10
1555	0.5175510204081631	64
1605	0.3624489795918367	29
1655	0.47346938775510206	66
1705	0.4130612244897959	24
1755	0.25632653061224486	44
1805	0.25469387755102035	10
1855	0.31999999999999995	19
1905	0.9387755102040817	64
1955	0.8375510204081634	48
2005	0.3444897959183673	20

Run 26
5	0.0	3
55	0.15510204081632653	12
105	0.2710204081632652	32
155	0.5583673469387752	46
205	0.4767346938775509	33
255	0.5093877551020407	27
305	0.313469387755102	24
355	0.16000000000000003	24
405	0.44244897959183654	33
455	0.7934693877551018	24
505	0.10448979591836738	30
555	0.49795918367346914	22
605	0.5257142857142856	19
655	0.08979591836734695	26
705	0.3346938775510203	39
755	0.25142857142857145	24
805	0.37877551020408157	31
855	0.25795918367346937	12
905	0.3951020408163264	22
955	0.5159183673469387	19
1005	0.1828571428571428	19
1055	0.7199999999999998	22
1105	0.16489795918367345	17
1155	0.30204081632653057	32
1205	0.303673469387755	18
1255	0.0489795918367347	26
1305	0.9942857142857146	20
1355	0.21224489795918366	27
1405	0.27428571428571424	18
1455	0.08489795918367346	25
1505	0.21877551020408162	8
1555	0.1861224489795918	23
1605	0.46040816326530615	12
1655	0.4685714285714285	20
1705	0.8310204081632652	23
1755	0.5191836734693877	23
1805	0.2253061224489796	39
1855	0.31346938775510197	45
1905	0.2155102040816326	51
1955	0.35102040816326524	12
2005	0.533877551020408	46

Run 27
5	0.6040816326530611	19
55	1.026938775510204	32
105	0.7624489795918368	20
155	0.26122448979591834	27
205	0.597551020408163	41
255	0.4832653061224489	55
305	0.2579591836734693	13
355	0.4130612244897959	56
405	0.2955102040816326	49
455	0.5093877551020408	32
505	0.4228571428571427	34
555	0.30857142857142855	37
605	0.15020408163265306	36
655	0.17142857142857143	36
705	0.2644897959183673	41
755	0.2644897959183673	21
805	0.4914285714285713	37
855	0.41306122448979593	36
905	0.08	22
955	0.17142857142857137	33
1005	0.48816326530612236	24
1055	0.37714285714285706	28
1105	0.27591836734693875	56
1155	0.3085714285714285	46
1205	0.3853061224489796	48
1255	1.0057142857142858	29
1305	0.46857142857142847	40
1355	0.21224489795918366	29
1405	0.06040816326530614	18
1455	0.19918367346938773	48
1505	0.21714285714285705	33
1555	0.16653061224489793	20
1605	0.28244897959183674	34
1655	0.18122448979591838	53
1705	0.3591836734693877	18
1755	0.32979591836734684	45
1805	0.1306122448979592	34
1855	0.2938775510204081	21
1905	0.30693877551020404	38
1955	0.28408163265306124	21
2005	0.24163265306122444	58

Run 28
5	1.1265306122448977	10
55	2.8179591836734694	54
105	0.35918367346938773	10
155	0.2987755102040816	12
205	0.0065306122448979586	14
255	0.2285714285714285	21
305	0.053877551020408164	12
355	0.1257142857142857	11
405	0.36244897959183675	34
455	0.2857142857142857	23
505	0.23836734693877548	28
555	0.10285714285714284	23
605	0.33795918367346933	36
655	0.4620408163265306	14
705	0.8538775510204082	27
755	0.13714285714285712	14
805	0.0	0
855	0.13224489795918365	53
905	0.0	0
955	0.06693877551020408	12
1005	0.0	0
1055	0.37387755102040815	33
1105	0.3036734693877551	25
1155	0.08816326530612244	26
1205	0.546938775510204	17
1255	0.3118367346938775	13
1305	0.2204081632653061	15
1355	0.2955102040816326	28
1405	0.1959183673469388	103
1455	0.17142857142857143	18
1505	0.5551020408163264	29
1555	0.3493877551020408	15
1605	0.38857142857142857	18
1655	0.34775510204081633	48
1705	0.14367346938775508	11
1755	0.06040816326530612	17
1805	0.2677551020408163	18
1855	0.0	0
1905	0.05061224489795918	15
1955	0.11755102040816326	12
2005	0.0	0

Run 29
5	2.057142857142857	14
55	1.7632653061224488	20
105	0.326530612244898	24
155	0.09795918367346937	33
205	0.1404081632653061	24
255	0.20408163265306123	42
305	0.23346938775510204	34
355	0.0946938775510204	63
405	0.8163265306122449	55
455	0.29551020408163264	18
505	0.3118367346938775	22
555	0.057142857142857134	38
605	0.1306122448979592	18
655	0.7248979591836732	30
705	0.10122448979591837	28
755	0.40979591836734686	31
805	0.4016326530612245	27
855	0.23510204081632652	25
905	0.649795918367347	43
955	0.14530612244897959	19
1005	0.156734693877551	11
1055	0.15020408163265303	60
1105	0.16979591836734692	42
1155	0.41795918367346935	78
1205	0.390204081632653	39
1255	0.04408163265306122	21
1305	0.8228571428571427	57
1355	0.23836734693877548	34
1405	0.31673469387755104	22
1455	0.36408163265306115	37
1505	0.13714285714285712	9
1555	0.048979591836734684	15
1605	0.10122448979591836	19
1655	0.6204081632653061	35
1705	0.2775510204081632	27
1755	0.22857142857142854	11
1805	0.37714285714285706	47
1855	0.04408163265306122	41
1905	0.2693877551020408	23
1955	0.3493877551020408	28
2005	0.27265306122448973	20
