10
15
w 5 9
w 8 13
w 9 1
w 5 6
w 2 8
w 8 9
w 4 12
w 2 12
w 9 4
w 5 1
w 2 5
w 5 8
w 7 2
w 1 2
w 4 9
w 7 6
w 1 10
w 8 6
w 1 1
w 5 4
w 2 6
w 6 11
w 1 4
w 0 12
w 7 5
w 1 9
w 3 5
w 7 9
w 9 13
w 8 12
w 6 1
w 3 1
w 0 13
w 6 13
w 4 3
w 7 8
w 2 4
p 6 9
p 6 6
p 7 12
p 3 0
p 9 8
p 8 0
p 5 13
p 3 11
p 2 1
p 0 10
p 7 11
p 1 11
p 8 5
p 4 0
p 5 5
p 3 3
p 8 1
p 5 12
p 4 4
p 1 14
p 8 10
p 4 13
p 0 11
p 9 11
p 3 6
p 2 2
p 5 0
p 0 4
p 7 10
p 3 4
p 9 14
p 8 2
p 3 13
p 4 5
p 9 3
p 6 0
p 2 3
p 6 12
p 4 2
p 0 8
p 6 5
p 3 12
p 5 10
p 4 6
p 7 0
p 6 8
p 5 7
p 2 11
p 5 14
p 0 6
p 1 8
p 8 8
p 7 4
p 2 0
p 5 2
p 9 12
m0 0 14
m1 0 14
m2 0 14
1 9 0
2 9 0
3 9 0
t 300 0
m0 0 14
m1 0 14
m2 0 14
1 8 0
2 8 0
3 8 0
t 299 0
m0 1 14
m1 1 14
m2 1 14
1 9 0
2 7 0
3 9 0
t 298 1
m0 0 14
m1 1 13
m2 1 13
1 8 0
2 6 0
3 8 0
t 297 1
m0 1 14
m1 1 12
m2 1 12
1 9 0
2 5 0
3 9 0
t 296 1
m0 0 14
m1 1 13
m2 1 11
1 8 0
2 4 0
3 8 0
t 295 2
m0 1 14
m1 1 14
m2 1 11
1 9 0
2 3 0
3 9 0
t 294 2
m0 0 14
m1 1 13
m2 1 12
1 8 0
2 2 0
3 8 0
t 293 2
m0 1 14
m1 1 13
m2 1 12
1 9 0
2 1 0
3 9 0
t 292 2
m0 1 14
m1 1 12
m2 1 13
1 8 0
2 2 0
3 8 0
t 291 2
m0 1 13
m1 1 11
m2 1 13
1 9 0
2 1 0
3 9 0
t 290 2
m0 1 13
m1 1 12
m2 1 13
1 8 0
2 2 0
3 8 0
t 289 2
m0 1 12
m1 1 13
m2 1 13
1 9 0
2 1 0
3 9 0
t 288 2
m0 1 11
m1 2 13
m2 2 13
1 8 0
2 2 0
3 8 0
t 287 2
m0 0 11
m1 1 13
m2 2 14
1 9 0
2 1 0
3 9 0
t 286 3
m0 0 10
m1 1 12
m2 3 14
1 8 0
2 0 0
3 8 0
t 285 4
m0 0 9
m1 1 11
m2 3 14
1 9 0
2 0 1
3 9 0
t 284 4
m0 0 9
m1 2 11
m2 2 14
1 8 0
2 0 2
3 8 0
t 283 5
m0 0 9
m1 3 11
m2 1 14
1 9 0
2 0 3
3 9 0
t 282 6
m0 0 8
m1 2 11
m2 1 14
1 8 0
2 0 4
3 8 0
t 281 7
m0 1 8
m1 2 10
m2 1 13
1 9 0
2 0 5
3 9 0
t 280 8
m0 1 7
m1 2 9
m2 1 14
1 8 0
2 1 5
3 8 0
t 279 8
m0 1 7
m1 2 9
m2 1 14
1 9 0
2 1 6
3 9 0
t 278 8
m0 2 7
m1 3 9
m2 1 14
1 8 0
2 1 7
3 8 0
t 277 8
m0 3 7
m1 3 9
m2 2 14
1 9 0
2 2 7
3 9 0
t 276 8
m0 4 7
m1 2 9
m2 2 14
1 8 0
2 3 7
3 8 0
t 275 8
m0 4 6
m1 2 9
m2 1 14
1 9 0
2 4 7
3 9 0
t 274 9
m0 4 6
m1 2 9
m2 0 14
1 8 0
2 5 7
3 8 0
t 273 9
m0 4 5
m1 2 9
m2 0 14
1 9 0
2 4 7
3 9 0
t 272 10
m0 5 5
m1 2 9
m2 0 14
1 8 0
2 5 7
3 8 0
t 271 11
m0 6 5
m1 2 10
m2 1 14
1 9 0
2 6 7
3 9 0
t 270 12
m0 5 5
m1 2 10
m2 0 14
1 8 0
2 6 6
3 8 0
t 269 12
m0 5 5
m1 2 9
m2 0 14
1 9 0
2 6 5
3 9 0
f 0 9
t 268 12
m0 5 5
m1 2 9
m2 1 14
1 8 0
2 6 4
3 8 0
t 267 12
m0 5 5
m1 2 9
m2 0 14
1 9 0
2 6 5
3 9 0
t 266 12
m0 4 5
m1 2 9
m2 0 14
1 8 0
2 5 5
3 8 0
t 265 12
m0 -5 -5
m1 2 9
m2 0 14
1 9 0
2 4 5
3 9 0
t 264 12
m0 -5 -5
m1 2 9
m2 0 14
1 8 0
2 4 6
3 8 0
t 263 12
m0 -5 -5
m1 2 9
m2 1 14
1 9 0
2 3 6
3 9 0
t 262 12
m0 -5 -5
m1 2 9
m2 0 14
1 8 0
2 3 7
3 8 0
t 261 12
m0 -5 -5
m1 2 9
m2 0 14
1 9 0
2 2 7
3 9 0
t 260 12
m0 -5 -5
m1 2 9
m2 0 14
1 8 0
2 3 7
3 8 0
t 259 12
m0 -5 -5
m1 2 9
m2 0 14
1 9 0
2 2 7
3 9 0
t 258 12
m0 -5 -5
m1 2 9
m2 1 14
1 8 0
2 3 7
3 8 0
t 257 12
m0 -5 -5
m1 2 9
m2 0 14
1 9 0
2 2 7
3 9 0
t 256 12
m0 -5 -5
m1 2 9
m2 1 14
1 8 0
2 3 7
3 8 0
t 255 12
m0 -5 -5
m1 2 9
m2 2 14
1 9 0
2 2 7
3 9 0
t 254 12
m0 -5 -5
m1 2 9
m2 2 14
1 8 0
2 3 7
3 8 0
t 253 12
m0 -5 -5
m1 2 9
m2 1 14
1 9 0
2 2 7
3 9 0
t 252 12
m0 -5 -5
m1 2 9
m2 0 14
1 8 0
2 3 7
3 8 0
t 251 12
m0 -5 -5
m1 2 9
m2 0 14
1 9 0
2 2 7
3 9 0
t 250 12
m0 -5 -5
m1 2 9
m2 1 14
1 8 0
2 3 7
3 8 0
t 249 12
m0 -5 -5
m1 2 9
m2 2 14
1 9 0
2 2 7
3 9 0
t 248 12
m0 -5 -5
m1 2 9
m2 1 14
1 8 0
2 3 7
3 8 0
t 247 12
m0 -5 -5
m1 2 9
m2 2 14
1 9 0
2 2 7
3 9 0
t 246 12
m0 -5 -5
m1 2 9
m2 3 14
1 8 0
2 3 7
3 8 0
t 245 12
m0 -5 -5
m1 2 9
m2 4 14
1 9 0
2 2 7
3 9 0
t 244 12
m0 -5 -5
m1 2 9
m2 3 14
1 8 0
2 3 7
3 8 0
t 243 12
m0 -5 -5
m1 2 9
m2 4 14
1 9 0
2 2 7
3 9 0
t 242 12
m0 -5 -5
m1 2 9
m2 4 14
1 8 0
2 3 7
3 8 0
t 241 12
m0 -5 -5
m1 2 9
m2 3 14
1 9 0
2 2 7
3 9 0
t 240 12
m0 -5 -5
m1 2 9
m2 3 13
1 8 0
2 3 7
3 8 0
t 239 13
m0 -5 -5
m1 2 9
m2 3 12
1 9 0
2 2 7
3 9 0
t 238 14
m0 -5 -5
m1 2 9
m2 3 13
1 8 0
2 3 7
3 8 0
t 237 14
m0 -5 -5
m1 2 9
m2 3 14
1 9 0
2 2 7
3 9 0
t 236 14
m0 -5 -5
m1 2 9
m2 3 13
1 8 0
2 3 7
3 8 0
t 235 14
m0 -5 -5
m1 2 9
m2 3 12
1 9 0
2 2 7
3 9 0
t 234 14
m0 -5 -5
m1 2 9
m2 3 13
1 8 0
2 3 7
3 8 0
t 233 14
m0 -5 -5
m1 2 9
m2 4 13
1 9 0
2 2 7
3 9 0
t 232 15
m0 -5 -5
m1 2 9
m2 4 13
1 8 0
2 3 7
3 8 0
t 231 15
m0 -5 -5
m1 2 9
m2 5 13
1 9 0
2 2 7
3 9 0
t 230 16
m0 -5 -5
m1 2 9
m2 5 13
1 8 0
2 3 7
3 8 0
t 229 16
m0 -5 -5
m1 2 9
m2 4 13
1 9 0
2 2 7
3 9 0
t 228 16
m0 -5 -5
m1 2 9
m2 5 13
1 8 0
2 3 7
3 8 0
t 227 16
m0 -5 -5
m1 2 9
m2 5 13
1 9 0
2 2 7
3 9 0
t 226 16
m0 -5 -5
m1 2 9
m2 5 13
1 8 0
2 3 7
3 8 0
t 225 16
m0 -5 -5
m1 2 9
m2 5 13
1 9 0
2 2 7
3 9 0
t 224 16
m0 -5 -5
m1 2 9
m2 5 13
1 8 0
2 3 7
3 8 0
t 223 16
m0 -5 -5
m1 2 9
m2 5 14
1 9 0
2 2 7
3 9 0
t 222 17
m0 -5 -5
m1 2 9
m2 6 14
1 8 0
2 3 7
3 8 0
t 221 17
m0 -5 -5
m1 2 9
m2 6 14
1 9 0
2 2 7
3 9 0
t 220 17
m0 -5 -5
m1 2 9
m2 7 14
1 8 0
2 3 7
3 8 0
t 219 17
m0 -5 -5
m1 2 9
m2 7 14
1 9 0
2 2 7
3 9 0
t 218 17
m0 -5 -5
m1 2 9
m2 7 14
1 8 0
2 3 7
3 8 0
t 217 17
m0 -5 -5
m1 2 9
m2 6 14
1 9 0
2 2 7
3 9 0
t 216 17
m0 -5 -5
m1 2 9
m2 6 14
1 8 0
2 3 7
3 8 0
t 215 17
m0 -5 -5
m1 2 9
m2 6 14
1 9 0
2 2 7
3 9 0
t 214 17
m0 -5 -5
m1 2 9
m2 5 14
1 8 0
2 3 7
3 8 0
t 213 17
m0 -5 -5
m1 2 9
m2 4 14
1 9 0
2 2 7
3 9 0
t 212 17
m0 -5 -5
m1 2 9
m2 5 14
1 8 0
2 3 7
3 8 0
t 211 17
m0 -5 -5
m1 2 9
m2 5 14
1 9 0
2 2 7
3 9 0
t 210 17
m0 -5 -5
m1 2 9
m2 6 14
1 8 0
2 3 7
3 8 0
t 209 17
m0 -5 -5
m1 2 9
m2 6 14
1 9 0
2 2 7
3 9 0
t 208 17
m0 -5 -5
m1 2 9
m2 7 14
1 8 0
2 3 7
3 8 0
t 207 17
m0 -5 -5
m1 2 9
m2 8 14
1 9 0
2 2 7
3 9 0
t 206 17
m0 -5 -5
m1 2 9
m2 8 14
1 8 0
2 3 7
3 8 0
t 205 17
m0 -5 -5
m1 2 9
m2 8 14
1 9 0
2 2 7
3 9 0
t 204 17
m0 -5 -5
m1 2 9
m2 9 14
1 8 0
2 3 7
3 8 0
t 203 18
m0 -5 -5
m1 2 9
m2 8 14
1 9 0
2 2 7
3 9 0
t 202 18
m0 -5 -5
m1 2 9
m2 8 14
1 8 0
2 3 7
3 8 0
t 201 18
m0 -5 -5
m1 2 9
m2 9 14
1 9 0
2 2 7
3 9 0
t 200 18
m0 -5 -5
m1 2 9
m2 8 14
1 8 0
2 3 7
3 8 0
t 199 18
m0 -5 -5
m1 2 9
m2 9 14
1 9 0
2 2 7
3 9 0
t 198 18
m0 -5 -5
m1 2 9
m2 8 14
1 8 0
2 3 7
3 8 0
t 197 18
m0 -5 -5
m1 2 9
m2 8 14
1 9 0
2 2 7
3 9 0
t 196 18
m0 -5 -5
m1 2 9
m2 8 14
1 8 0
2 3 7
3 8 0
t 195 18
m0 -5 -5
m1 2 9
m2 8 14
1 9 0
2 2 7
3 9 0
t 194 18
m0 -5 -5
m1 2 9
m2 9 14
1 8 0
2 3 7
3 8 0
t 193 18
m0 -5 -5
m1 2 9
m2 8 14
1 9 0
2 2 7
3 9 0
t 192 18
m0 -5 -5
m1 2 9
m2 8 14
1 8 0
2 3 7
3 8 0
t 191 18
m0 -5 -5
m1 2 9
m2 7 14
1 9 0
2 2 7
3 9 0
t 190 18
m0 -5 -5
m1 2 9
m2 7 13
1 8 0
2 3 7
3 8 0
t 189 18
m0 -5 -5
m1 2 9
m2 7 14
1 9 0
2 2 7
3 9 0
t 188 18
m0 -5 -5
m1 2 9
m2 8 14
1 8 0
2 3 7
3 8 0
t 187 18
m0 -5 -5
m1 2 9
m2 8 14
1 9 0
2 2 7
3 9 0
t 186 18
m0 -5 -5
m1 2 9
m2 9 14
1 8 0
2 3 7
3 8 0
t 185 18
m0 -5 -5
m1 2 9
m2 8 14
1 9 0
2 2 7
3 9 0
t 184 18
m0 -5 -5
m1 2 9
m2 8 14
1 8 0
2 3 7
3 8 0
t 183 18
m0 -5 -5
m1 2 9
m2 9 14
1 9 0
2 2 7
3 9 0
t 182 18
m0 -5 -5
m1 2 9
m2 9 14
1 8 0
2 3 7
3 8 0
t 181 18
m0 -5 -5
m1 2 9
m2 9 14
1 9 0
2 2 7
3 9 0
t 180 18
m0 -5 -5
m1 2 9
m2 9 14
1 8 0
2 3 7
3 8 0
t 179 18
m0 -5 -5
m1 2 9
m2 8 14
1 9 0
2 2 7
3 9 0
t 178 18
m0 -5 -5
m1 2 9
m2 9 14
1 8 0
2 3 7
3 8 0
t 177 18
m0 -5 -5
m1 2 9
m2 9 14
1 9 0
2 2 7
3 9 0
t 176 18
m0 -5 -5
m1 2 9
m2 8 14
1 8 0
2 3 7
3 8 0
t 175 18
m0 -5 -5
m1 2 9
m2 9 14
1 9 0
2 2 7
3 9 0
t 174 18
m0 -5 -5
m1 2 9
m2 8 14
1 8 0
2 3 7
3 8 0
t 173 18
m0 -5 -5
m1 2 9
m2 8 14
1 9 0
2 2 7
3 9 0
t 172 18
m0 -5 -5
m1 2 9
m2 9 14
1 8 0
2 3 7
3 8 0
t 171 18
m0 -5 -5
m1 2 9
m2 9 14
1 9 0
2 2 7
3 9 0
t 170 18
m0 -5 -5
m1 2 9
m2 9 14
1 8 0
2 3 7
3 8 0
t 169 18
m0 -5 -5
m1 2 9
m2 9 14
1 9 0
2 2 7
3 9 0
t 168 18
m0 -5 -5
m1 2 9
m2 8 14
1 8 0
2 3 7
3 8 0
t 167 18
m0 -5 -5
m1 2 9
m2 7 14
1 9 0
2 2 7
3 9 0
t 166 18
m0 -5 -5
m1 2 9
m2 7 13
1 8 0
2 3 7
3 8 0
t 165 18
m0 -5 -5
m1 2 9
m2 7 13
1 9 0
2 2 7
3 9 0
t 164 18
m0 -5 -5
m1 2 9
m2 7 12
1 8 0
2 3 7
3 8 0
t 163 19
m0 -5 -5
m1 2 9
m2 7 13
1 9 0
2 2 7
3 9 0
t 162 19
m0 -5 -5
m1 2 9
m2 7 14
1 8 0
2 3 7
3 8 0
t 161 19
m0 -5 -5
m1 2 9
m2 7 14
1 9 0
2 2 7
3 9 0
t 160 19
m0 -5 -5
m1 2 9
m2 7 14
1 8 0
2 3 7
3 8 0
t 159 19
m0 -5 -5
m1 2 9
m2 7 13
1 9 0
2 2 7
3 9 0
t 158 19
m0 -5 -5
m1 2 9
m2 7 12
1 8 0
2 3 7
3 8 0
t 157 19
m0 -5 -5
m1 2 9
m2 7 13
1 9 0
2 2 7
3 9 0
t 156 19
m0 -5 -5
m1 2 9
m2 7 14
1 8 0
2 3 7
3 8 0
t 155 19
m0 -5 -5
m1 2 9
m2 8 14
1 9 0
2 2 7
3 9 0
t 154 19
m0 -5 -5
m1 2 9
m2 8 14
1 8 0
2 3 7
3 8 0
t 153 19
m0 -5 -5
m1 2 9
m2 8 14
1 9 0
2 2 7
3 9 0
t 152 19
m0 -5 -5
m1 2 9
m2 9 14
1 8 0
2 3 7
3 8 0
t 151 19
m0 -5 -5
m1 2 9
m2 9 14
1 9 0
2 2 7
3 9 0
t 150 19
m0 -5 -5
m1 2 9
m2 9 14
1 8 0
2 3 7
3 8 0
t 149 19
m0 -5 -5
m1 2 9
m2 9 14
1 9 0
2 2 7
3 9 0
t 148 19
m0 -5 -5
m1 2 9
m2 9 14
1 8 0
2 3 7
3 8 0
t 147 19
m0 -5 -5
m1 2 9
m2 9 14
1 9 0
2 2 7
3 9 0
t 146 19
m0 -5 -5
m1 2 9
m2 8 14
1 8 0
2 3 7
3 8 0
t 145 19
m0 -5 -5
m1 2 9
m2 9 14
1 9 0
2 2 7
3 9 0
t 144 19
m0 -5 -5
m1 2 9
m2 8 14
1 8 0
2 3 7
3 8 0
t 143 19
m0 -5 -5
m1 2 9
m2 8 14
1 9 0
2 2 7
3 9 0
t 142 19
m0 -5 -5
m1 2 9
m2 8 14
1 8 0
2 3 7
3 8 0
t 141 19
m0 -5 -5
m1 2 9
m2 9 14
1 9 0
2 2 7
3 9 0
t 140 19
m0 -5 -5
m1 2 9
m2 9 14
1 8 0
2 3 7
3 8 0
t 139 19
m0 -5 -5
m1 2 9
m2 8 14
1 9 0
2 2 7
3 9 0
t 138 19
m0 -5 -5
m1 2 9
m2 9 14
1 8 0
2 3 7
3 8 0
t 137 19
m0 -5 -5
m1 2 9
m2 8 14
1 9 0
2 2 7
3 9 0
t 136 19
m0 -5 -5
m1 2 9
m2 9 14
1 8 0
2 3 7
3 8 0
t 135 19
m0 -5 -5
m1 2 9
m2 8 14
1 9 0
2 2 7
3 9 0
t 134 19
m0 -5 -5
m1 2 9
m2 9 14
1 8 0
2 3 7
3 8 0
t 133 19
m0 -5 -5
m1 2 9
m2 8 14
1 9 0
2 2 7
3 9 0
t 132 19
m0 -5 -5
m1 2 9
m2 8 14
1 8 0
2 3 7
3 8 0
t 131 19
m0 -5 -5
m1 2 9
m2 9 14
1 9 0
2 2 7
3 9 0
t 130 19
m0 -5 -5
m1 2 9
m2 9 14
1 8 0
2 3 7
3 8 0
t 129 19
m0 -5 -5
m1 2 9
m2 9 14
1 9 0
2 2 7
3 9 0
t 128 19
m0 -5 -5
m1 2 9
m2 8 14
1 8 0
2 3 7
3 8 0
t 127 19
m0 -5 -5
m1 2 9
m2 9 14
1 9 0
2 2 7
3 9 0
t 126 19
m0 -5 -5
m1 2 9
m2 9 14
1 8 0
2 3 7
3 8 0
t 125 19
m0 -5 -5
m1 2 9
m2 8 14
1 9 0
2 2 7
3 9 0
t 124 19
m0 -5 -5
m1 2 9
m2 7 14
1 8 0
2 3 7
3 8 0
t 123 19
m0 -5 -5
m1 2 9
m2 7 13
1 9 0
2 2 7
3 9 0
t 122 19
m0 -5 -5
m1 2 9
m2 7 13
1 8 0
2 3 7
3 8 0
t 121 19
m0 -5 -5
m1 2 9
m2 7 13
1 9 0
2 2 7
3 9 0
t 120 19
m0 -5 -5
m1 2 9
m2 7 13
1 8 0
2 3 7
3 8 0
t 119 19
m0 -5 -5
m1 2 9
m2 7 13
1 9 0
2 2 7
3 9 0
t 118 19
m0 -5 -5
m1 2 9
m2 7 13
1 8 0
2 3 7
3 8 0
t 117 19
m0 -5 -5
m1 2 9
m2 7 13
1 9 0
2 2 7
3 9 0
t 116 19
m0 -5 -5
m1 2 9
m2 7 14
1 8 0
2 3 7
3 8 0
t 115 19
m0 -5 -5
m1 2 9
m2 7 14
1 9 0
2 2 7
3 9 0
t 114 19
m0 -5 -5
m1 2 9
m2 6 14
1 8 0
2 3 7
3 8 0
t 113 19
m0 -5 -5
m1 2 9
m2 5 14
1 9 0
2 2 7
3 9 0
t 112 19
m0 -5 -5
m1 2 9
m2 5 13
1 8 0
2 3 7
3 8 0
t 111 19
m0 -5 -5
m1 2 9
m2 4 13
1 9 0
2 2 7
3 9 0
t 110 19
m0 -5 -5
m1 2 9
m2 5 13
1 8 0
2 3 7
3 8 0
t 109 19
m0 -5 -5
m1 2 9
m2 4 13
1 9 0
2 2 7
3 9 0
t 108 19
m0 -5 -5
m1 2 9
m2 4 13
1 8 0
2 3 7
3 8 0
t 107 19
m0 -5 -5
m1 2 9
m2 4 14
1 9 0
2 2 7
3 9 0
t 106 19
m0 -5 -5
m1 2 9
m2 4 14
1 8 0
2 3 7
3 8 0
t 105 19
m0 -5 -5
m1 2 9
m2 5 14
1 9 0
2 2 7
3 9 0
t 104 19
m0 -5 -5
m1 2 9
m2 4 14
1 8 0
2 3 7
3 8 0
t 103 19
m0 -5 -5
m1 2 9
m2 4 14
1 9 0
2 2 7
3 9 0
t 102 19
m0 -5 -5
m1 2 9
m2 4 13
1 8 0
2 3 7
3 8 0
t 101 19
m0 -5 -5
m1 2 9
m2 5 13
1 9 0
2 2 7
3 9 0
t 100 19
m0 -5 -5
m1 2 9
m2 5 14
1 8 0
2 3 7
3 8 0
t 99 19
m0 -5 -5
m1 2 9
m2 6 14
1 9 0
2 2 7
3 9 0
t 98 19
m0 -5 -5
m1 2 9
m2 6 14
1 8 0
2 3 7
3 8 0
t 97 19
m0 -5 -5
m1 2 9
m2 5 14
1 9 0
2 2 7
3 9 0
t 96 19
m0 -5 -5
m1 2 9
m2 4 14
1 8 0
2 3 7
3 8 0
t 95 19
m0 -5 -5
m1 2 9
m2 4 13
1 9 0
2 2 7
3 9 0
t 94 19
m0 -5 -5
m1 2 9
m2 5 13
1 8 0
2 3 7
3 8 0
t 93 19
m0 -5 -5
m1 2 9
m2 4 13
1 9 0
2 2 7
3 9 0
t 92 19
m0 -5 -5
m1 2 9
m2 5 13
1 8 0
2 3 7
3 8 0
t 91 19
m0 -5 -5
m1 2 9
m2 4 13
1 9 0
2 2 7
3 9 0
t 90 19
m0 -5 -5
m1 2 9
m2 5 13
1 8 0
2 3 7
3 8 0
t 89 19
m0 -5 -5
m1 2 9
m2 5 12
1 9 0
2 2 7
3 9 0
t 88 20
m0 -5 -5
m1 2 9
m2 5 12
1 8 0
2 3 7
3 8 0
t 87 20
m0 -5 -5
m1 2 9
m2 5 13
1 9 0
2 2 7
3 9 0
t 86 20
m0 -5 -5
m1 2 9
m2 5 13
1 8 0
2 3 7
3 8 0
t 85 20
m0 -5 -5
m1 2 9
m2 5 13
1 9 0
2 2 7
3 9 0
t 84 20
m0 -5 -5
m1 2 9
m2 5 14
1 8 0
2 3 7
3 8 0
t 83 20
m0 -5 -5
m1 2 9
m2 4 14
1 9 0
2 2 7
3 9 0
t 82 20
m0 -5 -5
m1 2 9
m2 3 14
1 8 0
2 3 7
3 8 0
t 81 20
m0 -5 -5
m1 2 9
m2 4 14
1 9 0
2 2 7
3 9 0
t 80 20
m0 -5 -5
m1 2 9
m2 4 13
1 8 0
2 3 7
3 8 0
t 79 20
m0 -5 -5
m1 2 9
m2 5 13
1 9 0
2 2 7
3 9 0
t 78 20
m0 -5 -5
m1 2 9
m2 5 12
1 8 0
2 3 7
3 8 0
t 77 20
m0 -5 -5
m1 2 9
m2 5 11
1 9 0
2 2 7
3 9 0
t 76 20
m0 -5 -5
m1 2 9
m2 5 11
1 8 0
2 3 7
3 8 0
t 75 20
m0 -5 -5
m1 2 9
m2 5 12
1 9 0
2 2 7
3 9 0
t 74 20
m0 -5 -5
m1 2 9
m2 5 13
1 8 0
2 3 7
3 8 0
t 73 20
m0 -5 -5
m1 2 9
m2 5 14
1 9 0
2 2 7
3 9 0
t 72 20
m0 -5 -5
m1 2 9
m2 4 14
1 8 0
2 3 7
3 8 0
t 71 20
m0 -5 -5
m1 2 9
m2 5 14
1 9 0
2 2 7
3 9 0
t 70 20
m0 -5 -5
m1 2 9
m2 6 14
1 8 0
2 3 7
3 8 0
t 69 20
m0 -5 -5
m1 2 9
m2 6 14
1 9 0
2 2 7
3 9 0
t 68 20
m0 -5 -5
m1 2 9
m2 6 14
1 8 0
2 3 7
3 8 0
t 67 20
m0 -5 -5
m1 2 9
m2 5 14
1 9 0
2 2 7
3 9 0
t 66 20
m0 -5 -5
m1 2 9
m2 5 13
1 8 0
2 3 7
3 8 0
t 65 20
m0 -5 -5
m1 2 9
m2 5 13
1 9 0
2 2 7
3 9 0
t 64 20
m0 -5 -5
m1 2 9
m2 5 13
1 8 0
2 3 7
3 8 0
t 63 20
m0 -5 -5
m1 2 9
m2 5 13
1 9 0
2 2 7
3 9 0
t 62 20
m0 -5 -5
m1 2 9
m2 5 13
1 8 0
2 3 7
3 8 0
t 61 20
m0 -5 -5
m1 2 9
m2 5 12
1 9 0
2 2 7
3 9 0
t 60 20
m0 -5 -5
m1 2 9
m2 5 13
1 8 0
2 3 7
3 8 0
t 59 20
m0 -5 -5
m1 2 9
m2 5 14
1 9 0
2 2 7
3 9 0
t 58 20
m0 -5 -5
m1 2 9
m2 6 14
1 8 0
2 3 7
3 8 0
t 57 20
m0 -5 -5
m1 2 9
m2 7 14
1 9 0
2 2 7
3 9 0
t 56 20
m0 -5 -5
m1 2 9
m2 6 14
1 8 0
2 3 7
3 8 0
t 55 20
m0 -5 -5
m1 2 9
m2 5 14
1 9 0
2 2 7
3 9 0
t 54 20
m0 -5 -5
m1 2 9
m2 5 14
1 8 0
2 3 7
3 8 0
t 53 20
m0 -5 -5
m1 2 9
m2 5 13
1 9 0
2 2 7
3 9 0
t 52 20
m0 -5 -5
m1 2 9
m2 5 13
1 8 0
2 3 7
3 8 0
t 51 20
m0 -5 -5
m1 2 9
m2 5 14
1 9 0
2 2 7
3 9 0
t 50 20
m0 -5 -5
m1 2 9
m2 6 14
1 8 0
2 3 7
3 8 0
t 49 20
m0 -5 -5
m1 2 9
m2 6 14
1 9 0
2 2 7
3 9 0
t 48 20
m0 -5 -5
m1 2 9
m2 7 14
1 8 0
2 3 7
3 8 0
t 47 20
m0 -5 -5
m1 2 9
m2 8 14
1 9 0
2 2 7
3 9 0
t 46 20
m0 -5 -5
m1 2 9
m2 7 14
1 8 0
2 3 7
3 8 0
t 45 20
m0 -5 -5
m1 2 9
m2 8 14
1 9 0
2 2 7
3 9 0
t 44 20
m0 -5 -5
m1 2 9
m2 8 14
1 8 0
2 3 7
3 8 0
t 43 20
m0 -5 -5
m1 2 9
m2 9 14
1 9 0
2 2 7
3 9 0
t 42 20
m0 -5 -5
m1 2 9
m2 9 14
1 8 0
2 3 7
3 8 0
t 41 20
m0 -5 -5
m1 2 9
m2 8 14
1 9 0
2 2 7
3 9 0
t 40 20
m0 -5 -5
m1 2 9
m2 9 14
1 8 0
2 3 7
3 8 0
t 39 20
m0 -5 -5
m1 2 9
m2 8 14
1 9 0
2 2 7
3 9 0
t 38 20
m0 -5 -5
m1 2 9
m2 9 14
1 8 0
2 3 7
3 8 0
t 37 20
m0 -5 -5
m1 2 9
m2 9 14
1 9 0
2 2 7
3 9 0
t 36 20
m0 -5 -5
m1 2 9
m2 9 14
1 8 0
2 3 7
3 8 0
t 35 20
m0 -5 -5
m1 2 9
m2 8 14
1 9 0
2 2 7
3 9 0
t 34 20
m0 -5 -5
m1 2 9
m2 8 14
1 8 0
2 3 7
3 8 0
t 33 20
m0 -5 -5
m1 2 9
m2 8 14
1 9 0
2 2 7
3 9 0
t 32 20
m0 -5 -5
m1 2 9
m2 7 14
1 8 0
2 3 7
3 8 0
t 31 20
m0 -5 -5
m1 2 9
m2 8 14
1 9 0
2 2 7
3 9 0
t 30 20
m0 -5 -5
m1 2 9
m2 9 14
1 8 0
2 3 7
3 8 0
t 29 20
m0 -5 -5
m1 2 9
m2 9 14
1 9 0
2 2 7
3 9 0
t 28 20
m0 -5 -5
m1 2 9
m2 8 14
1 8 0
2 3 7
3 8 0
t 27 20
m0 -5 -5
m1 2 9
m2 8 14
1 9 0
2 2 7
3 9 0
t 26 20
m0 -5 -5
m1 2 9
m2 8 14
1 8 0
2 3 7
3 8 0
t 25 20
m0 -5 -5
m1 2 9
m2 8 14
1 9 0
2 2 7
3 9 0
t 24 20
m0 -5 -5
m1 2 9
m2 9 14
1 8 0
2 3 7
3 8 0
t 23 20
m0 -5 -5
m1 2 9
m2 9 14
1 9 0
2 2 7
3 9 0
t 22 20
m0 -5 -5
m1 2 9
m2 8 14
1 8 0
2 3 7
3 8 0
t 21 20
m0 -5 -5
m1 2 9
m2 9 14
1 9 0
2 2 7
3 9 0
t 20 20
m0 -5 -5
m1 2 9
m2 9 14
1 8 0
2 3 7
3 8 0
t 19 20
m0 -5 -5
m1 2 9
m2 9 14
1 9 0
2 2 7
3 9 0
t 18 20
m0 -5 -5
m1 2 9
m2 9 14
1 8 0
2 3 7
3 8 0
t 17 20
m0 -5 -5
m1 2 9
m2 9 14
1 9 0
2 2 7
3 9 0
t 16 20
m0 -5 -5
m1 2 9
m2 9 14
1 8 0
2 3 7
3 8 0
t 15 20
m0 -5 -5
m1 2 9
m2 8 14
1 9 0
2 2 7
3 9 0
t 14 20
m0 -5 -5
m1 2 9
m2 8 14
1 8 0
2 3 7
3 8 0
t 13 20
m0 -5 -5
m1 2 9
m2 9 14
1 9 0
2 2 7
3 9 0
t 12 20
m0 -5 -5
m1 2 9
m2 9 14
1 8 0
2 3 7
3 8 0
t 11 20
m0 -5 -5
m1 2 9
m2 9 14
1 9 0
2 2 7
3 9 0
t 10 20
m0 -5 -5
m1 2 9
m2 9 14
1 8 0
2 3 7
3 8 0
t 9 20
m0 -5 -5
m1 2 9
m2 8 14
1 9 0
2 2 7
3 9 0
t 8 20
m0 -5 -5
m1 2 9
m2 7 14
1 8 0
2 3 7
3 8 0
t 7 20
m0 -5 -5
m1 2 9
m2 8 14
1 9 0
2 2 7
3 9 0
t 6 20
m0 -5 -5
m1 2 9
m2 8 14
1 8 0
2 3 7
3 8 0
t 5 20
m0 -5 -5
m1 2 9
m2 9 14
1 9 0
2 2 7
3 9 0
t 4 20
m0 -5 -5
m1 2 9
m2 9 14
1 8 0
2 3 7
3 8 0
t 3 20
m0 -5 -5
m1 2 9
m2 8 14
1 9 0
2 2 7
3 9 0
t 2 20
m0 -5 -5
m1 2 9
m2 9 14
1 8 0
2 3 7
3 8 0
t 1 20
m0 -5 -5
m1 2 9
m2 9 14
1 8 0
2 3 7
3 8 0
t 0 20
