10
15
w 4 7
w 6 9
w 3 0
w 2 8
w 8 0
w 0 7
w 8 9
w 2 12
w 7 11
w 0 3
w 8 5
w 7 2
w 6 14
w 4 0
w 4 9
w 1 14
w 4 13
w 9 11
w 2 2
w 3 4
w 5 4
w 7 14
w 8 11
w 9 3
w 6 0
w 1 4
w 0 12
w 8 7
w 2 14
w 3 5
w 9 13
w 6 8
w 7 4
w 8 8
w 0 9
w 5 2
w 0 2
p 8 13
p 6 6
p 4 8
p 9 8
p 7 7
p 3 11
p 4 12
p 1 6
p 6 2
p 9 4
p 5 1
p 2 5
p 5 8
p 1 2
p 9 0
p 5 5
p 2 9
p 8 1
p 7 6
p 8 10
p 1 5
p 0 11
p 2 13
p 5 0
p 0 4
p 1 10
p 8 6
p 9 7
p 4 10
p 0 0
p 9 14
p 7 1
p 5 11
p 4 14
p 2 10
p 3 9
p 2 3
p 1 9
p 7 5
p 6 12
p 1 0
p 6 5
p 2 7
p 0 1
p 8 3
p 7 0
p 4 6
p 3 12
p 5 10
p 5 7
p 5 14
p 0 6
p 1 8
p 1 7
p 9 5
p 7 8
m0 0 14
m1 0 14
m2 0 14
1 9 0
2 9 0
3 9 0
t 300 0
m0 0 13
m1 0 14
m2 0 14
1 9 1
2 9 1
3 9 1
t 299 0
m0 0 13
m1 0 14
m2 0 13
1 9 0
2 8 1
3 9 0
t 298 0
m0 0 13
m1 0 14
m2 0 13
1 9 1
2 7 1
3 9 1
t 297 0
m0 1 13
m1 0 13
m2 0 14
1 9 0
2 6 1
3 8 1
t 296 0
m0 1 13
m1 0 14
m2 0 13
1 9 1
2 5 1
3 9 1
t 295 0
m0 1 13
m1 0 14
m2 0 13
1 9 0
2 4 1
3 9 2
t 294 0
m0 0 13
m1 0 14
m2 1 13
1 9 1
2 3 1
3 8 2
t 293 0
m0 1 13
m1 0 13
m2 1 12
1 9 0
2 2 1
3 8 1
t 292 0
m0 1 13
m1 0 14
m2 1 13
1 9 1
2 2 0
3 7 1
t 291 0
m0 1 13
m1 0 13
m2 2 13
1 9 0
2 1 0
3 8 1
t 290 1
m0 1 12
m1 0 13
m2 3 13
1 9 1
2 0 0
3 7 1
t 289 1
m0 1 11
m1 0 13
m2 3 14
1 9 0
2 1 0
3 8 1
f 3 7
t 288 1
m0 0 11
m1 0 13
m2 3 13
1 9 1
2 0 0
3 7 1
t 287 2
m0 0 10
m1 0 14
m2 3 12
1 9 0
2 1 0
3 7 0
t 286 3
m0 1 10
m1 0 14
m2 3 11
1 9 1
2 0 0
3 7 1
t 285 5
m0 1 9
m1 0 13
m2 3 12
1 9 0
2 1 0
3 6 1
t 284 6
m0 1 8
m1 0 13
m2 3 11
1 9 1
2 0 0
3 7 1
t 283 7
m0 1 7
m1 0 13
m2 3 11
1 9 0
2 1 0
3 7 0
t 282 8
m0 2 7
m1 1 13
m2 3 10
1 9 1
2 0 0
3 7 1
t 281 9
m0 1 7
m1 1 13
m2 3 9
1 9 0
2 1 0
3 6 1
t 280 10
m0 1 7
m1 1 12
m2 3 9
1 9 1
2 0 0
3 5 1
t 279 10
m0 1 8
m1 1 13
m2 3 8
1 9 0
2 1 0
3 4 1
t 278 10
m0 1 7
m1 1 12
m2 3 7
1 9 1
2 0 0
3 5 1
t 277 20
m0 1 7
m1 1 13
m2 3 7
1 9 0
2 1 0
3 6 1
t 276 20
m0 2 7
m1 0 13
m2 3 6
1 9 1
2 0 0
3 6 2
t 275 20
m0 1 7
m1 1 13
m2 3 6
1 9 0
2 1 0
3 6 1
t 274 20
m0 2 7
m1 2 13
m2 3 7
1 9 1
2 0 0
3 7 1
t 273 20
m0 2 6
m1 3 13
m2 3 7
1 9 0
2 1 0
3 6 1
t 272 20
m0 3 6
m1 3 13
m2 3 6
1 9 1
2 0 0
3 6 2
t 271 20
m0 3 7
m1 3 14
m2 3 6
1 9 0
2 1 0
3 6 3
t 270 20
m0 2 7
m1 4 14
m2 3 7
1 9 1
2 0 0
3 5 3
t 269 21
m0 2 6
m1 4 14
m2 3 7
1 9 0
2 1 0
3 4 3
t 268 21
m0 2 6
m1 3 14
m2 2 7
1 9 1
2 0 0
3 4 4
t 267 21
m0 1 6
m1 4 14
m2 2 7
1 9 0
2 1 0
3 4 5
t 266 22
m0 0 6
m1 5 14
m2 3 7
1 9 1
2 0 0
3 4 6
t 265 24
m0 0 5
m1 5 14
m2 3 8
1 9 0
2 0 1
3 5 6
t 264 24
m0 1 5
m1 5 14
m2 3 9
1 9 1
2 0 0
3 5 7
t 263 25
m0 1 5
m1 5 14
m2 3 10
1 9 0
2 0 1
3 5 6
t 262 25
m0 0 5
m1 4 14
m2 2 10
1 9 1
2 0 0
3 5 5
t 261 26
m0 0 4
m1 5 14
m2 2 11
1 9 0
2 0 1
3 4 5
t 260 27
m0 0 5
m1 4 14
m2 2 11
1 9 1
2 0 0
3 4 4
t 259 27
m0 0 4
m1 3 14
m2 1 11
1 9 0
2 1 0
3 4 5
t 258 27
m0 0 4
m1 3 14
m2 1 12
1 9 1
2 0 0
3 5 5
t 257 27
m0 0 4
m1 3 14
m2 1 13
1 9 0
2 0 1
3 5 6
t 256 27
m0 0 5
m1 3 14
m2 1 12
1 9 1
2 0 0
3 5 5
t 255 27
m0 0 6
m1 3 14
m2 1 12
1 9 0
2 0 1
3 5 6
t 254 27
m0 0 6
m1 3 14
m2 1 13
1 9 1
2 0 0
3 5 7
t 253 27
m0 0 6
m1 3 14
m2 2 13
1 9 0
2 0 1
3 5 6
t 252 27
m0 1 6
m1 3 13
m2 1 13
1 9 1
2 0 0
3 5 5
f 4 5
t 251 27
m0 1 5
m1 3 14
m2 2 13
1 9 0
2 0 1
3 6 5
t 250 27
m0 2 5
m1 3 13
m2 2 13
1 9 1
2 0 0
3 5 5
t 249 28
m0 2 4
m1 3 14
m2 1 13
1 9 0
2 0 1
3 6 5
t 248 28
m0 2 5
m1 3 13
m2 1 12
1 9 1
2 0 0
3 6 6
t 247 28
m0 2 5
m1 2 13
m2 1 13
1 9 0
2 0 1
3 5 6
t 246 28
m0 2 6
m1 1 13
m2 2 13
1 9 1
2 0 0
3 6 6
t 245 28
m0 2 6
m1 0 13
m2 3 13
1 9 0
2 0 1
3 6 7
t 244 28
m0 2 5
m1 0 14
m2 3 13
1 9 1
2 0 0
3 6 6
t 243 28
m0 2 5
m1 0 13
m2 3 14
1 9 0
2 0 1
3 6 7
t 242 28
m0 2 5
m1 1 13
m2 4 14
1 9 1
2 0 0
3 5 7
t 241 28
m0 2 5
m1 1 12
m2 4 14
1 9 0
2 0 1
3 5 8
t 240 28
m0 2 4
m1 1 11
m2 3 14
1 9 1
2 0 0
3 4 8
t 239 28
m0 2 3
m1 0 11
m2 4 14
1 9 2
2 1 0
3 3 8
t 238 29
m0 2 4
m1 1 11
m2 5 14
1 9 1
2 0 0
3 3 9
t 237 29
m0 2 5
m1 2 11
m2 4 14
1 9 2
2 1 0
3 3 10
t 236 29
m0 2 5
m1 1 11
m2 4 14
1 9 1
2 0 0
3 3 11
t 235 29
m0 2 4
m1 0 11
m2 4 14
1 9 2
2 1 0
3 4 11
t 234 29
m0 2 5
m1 0 11
m2 5 14
1 9 1
2 0 0
3 3 11
t 233 29
m0 2 5
m1 0 11
m2 4 14
1 9 2
2 1 0
3 3 12
t 232 29
m0 2 5
m1 1 11
m2 5 14
1 9 1
2 0 0
3 4 12
t 231 29
m0 2 5
m1 0 11
m2 5 13
1 9 2
2 1 0
3 4 11
t 230 29
m0 2 4
m1 0 10
m2 5 14
1 9 1
2 0 0
3 4 12
t 229 29
m0 2 5
m1 1 10
m2 5 14
1 9 2
2 1 0
3 4 11
t 228 29
m0 2 4
m1 1 10
m2 5 13
1 9 1
2 0 0
3 4 12
t 227 29
m0 2 3
m1 0 10
m2 6 13
1 9 2
2 1 0
3 3 12
t 226 29
m0 3 3
m1 1 10
m2 6 12
1 9 1
2 0 0
3 4 12
t 225 30
m0 4 3
m1 1 9
m2 6 11
1 9 2
2 1 0
3 4 11
t 224 30
m0 4 2
m1 1 8
m2 6 11
1 9 1
2 0 0
3 4 10
t 223 30
m0 4 1
m1 1 7
m2 6 10
1 9 2
2 1 0
3 4 11
t 222 30
m0 4 1
m1 1 6
m2 6 11
1 9 1
2 0 0
3 4 12
t 221 30
m0 4 2
m1 1 5
m2 6 10
1 9 2
2 1 0
3 3 12
t 220 30
m0 4 1
m1 2 5
m2 6 10
1 9 1
2 0 0
3 3 13
t 219 30
m0 4 1
m1 2 5
m2 6 11
1 9 2
2 1 0
3 3 12
t 218 30
m0 4 1
m1 2 5
m2 6 11
1 9 1
2 0 0
3 4 12
t 217 30
m0 5 1
m1 2 5
m2 6 10
1 9 2
2 1 0
3 3 12
t 216 31
m0 4 1
m1 2 5
m2 6 10
1 9 1
2 0 0
3 4 12
t 215 31
m0 4 2
m1 1 5
m2 6 10
1 9 2
2 1 0
3 4 11
t 214 31
m0 4 1
m1 1 5
m2 6 10
1 9 1
2 0 0
3 4 10
t 213 31
m0 4 1
m1 0 5
m2 6 10
1 9 2
2 1 0
3 3 10
t 212 31
m0 4 1
m1 1 5
m2 7 10
1 9 1
2 0 0
3 4 10
t 211 31
m0 4 2
m1 2 5
m2 7 9
1 9 2
2 1 0
3 5 10
t 210 31
m0 4 3
m1 2 5
m2 7 10
1 9 1
2 0 0
3 5 11
t 209 31
m0 4 3
m1 1 5
m2 8 10
1 9 2
2 1 0
3 5 12
t 208 32
m0 5 3
m1 2 5
m2 9 10
1 9 1
2 0 0
3 6 12
t 207 32
m0 4 3
m1 1 5
m2 8 10
1 9 2
2 1 0
3 5 12
t 206 32
m0 4 2
m1 1 5
m2 9 10
1 9 1
2 0 0
3 4 12
t 205 32
m0 4 2
m1 0 5
m2 9 9
1 9 2
2 1 0
3 4 11
t 204 32
m0 4 3
m1 1 5
m2 9 9
1 9 1
2 0 0
3 4 10
t 203 32
m0 4 3
m1 2 5
m2 9 8
1 9 2
2 1 0
3 4 11
t 202 33
m0 4 3
m1 2 5
m2 9 8
1 9 1
2 0 0
3 3 11
t 201 33
m0 4 4
m1 2 5
m2 9 8
1 9 2
2 1 0
3 4 11
t 200 33
m0 4 4
m1 1 5
m2 9 7
1 9 1
2 0 0
3 3 11
t 199 34
m0 4 3
m1 2 5
m2 9 8
1 9 2
2 1 0
3 3 12
t 198 34
m0 4 4
m1 1 5
m2 9 7
1 9 1
2 0 0
3 3 13
t 197 34
m0 4 5
m1 1 6
m2 9 7
1 9 2
2 1 0
3 2 13
t 196 44
m0 4 6
m1 1 6
m2 9 8
1 9 1
2 0 0
3 3 13
t 195 45
m0 5 6
m1 0 6
m2 9 9
1 9 2
2 1 0
3 3 14
t 194 45
m0 4 6
m1 0 6
m2 9 10
1 9 1
2 0 0
3 4 14
t 193 45
m0 5 6
m1 1 6
m2 9 10
1 9 2
2 1 0
3 3 14
t 192 45
m0 5 6
m1 1 7
m2 9 10
1 9 1
2 0 0
3 4 14
t 191 45
m0 5 7
m1 1 8
m2 9 10
1 9 2
2 1 0
3 5 14
t 190 46
m0 6 7
m1 0 8
m2 9 10
1 9 1
2 0 0
3 5 13
t 189 46
m0 6 6
m1 0 8
m2 9 10
1 9 2
2 1 0
3 5 12
t 188 47
m0 6 5
m1 0 8
m2 9 9
1 9 1
2 0 0
3 4 12
t 187 48
m0 5 5
m1 0 8
m2 9 9
1 9 2
2 1 0
3 5 12
t 186 49
m0 5 5
m1 0 8
m2 9 9
1 9 1
2 0 0
3 5 13
t 185 49
m0 4 5
m1 0 8
m2 9 9
1 9 2
2 1 0
3 5 12
t 184 49
m0 4 5
m1 0 8
m2 9 10
1 9 1
2 0 0
3 5 11
t 183 49
m0 4 4
m1 0 8
m2 9 9
1 9 2
2 1 0
3 5 12
t 182 49
m0 4 3
m1 0 8
m2 9 9
1 9 1
2 0 0
3 5 13
t 181 49
m0 4 2
m1 1 8
m2 9 10
1 9 2
2 1 0
3 5 12
f 4 1
t 180 49
m0 4 1
m1 0 8
m2 9 9
1 9 1
2 0 0
3 5 13
t 179 59
m0 4 1
m1 0 8
m2 9 10
1 9 2
2 1 0
3 5 14
t 178 59
m0 5 1
m1 0 8
m2 8 10
1 9 1
2 0 0
3 4 14
t 177 59
m0 5 0
m1 0 8
m2 8 10
1 9 2
2 1 0
3 5 14
t 176 60
m0 5 0
m1 0 8
m2 9 10
1 9 1
2 0 0
3 5 13
t 175 60
m0 5 1
m1 0 8
m2 9 9
1 9 2
2 1 0
3 5 14
t 174 60
m0 5 1
m1 0 8
m2 9 10
1 9 1
2 0 0
3 5 13
t 173 60
m0 4 1
m1 0 8
m2 9 9
1 9 2
2 1 0
3 5 14
f 1 1
t 172 60
m0 3 1
m1 1 8
m2 9 10
1 9 1
2 0 0
3 5 13
t 171 60
m0 2 1
m1 1 7
m2 9 9
1 9 2
2 1 0
3 6 13
t 170 60
m0 1 1
m1 2 7
m2 9 8
1 9 1
2 0 0
3 6 12
t 169 70
m0 0 1
m1 2 7
m2 9 8
1 9 2
2 1 0
3 5 12
t 168 71
m0 -5 -5
m1 2 7
m2 9 9
1 9 1
2 0 0
3 4 12
t 167 72
m0 -5 -5
m1 2 6
m2 9 9
1 9 2
2 1 0
3 3 12
t 166 72
m0 -5 -5
m1 2 7
m2 9 10
1 9 1
2 0 0
3 4 12
t 165 72
m0 -5 -5
m1 1 7
m2 9 9
1 9 2
2 1 0
3 5 12
t 164 72
m0 -5 -5
m1 1 7
m2 9 10
1 9 1
2 0 0
3 5 13
t 163 72
m0 -5 -5
m1 2 7
m2 9 9
1 9 2
2 1 0
3 6 13
t 162 72
m0 -5 -5
m1 2 7
m2 9 10
1 9 1
2 0 0
3 5 13
t 161 72
m0 -5 -5
m1 1 7
m2 9 10
1 9 2
2 1 0
3 5 14
t 160 72
m0 -5 -5
m1 1 6
m2 8 10
1 9 1
2 0 0
3 5 13
t 159 72
m0 -5 -5
m1 1 7
m2 9 10
1 9 2
2 1 0
3 6 13
t 158 72
m0 -5 -5
m1 2 7
m2 9 10
1 9 1
2 0 0
3 5 13
t 157 72
m0 -5 -5
m1 2 6
m2 8 10
1 9 2
2 1 0
3 5 12
t 156 72
m0 -5 -5
m1 2 5
m2 9 10
1 9 1
2 0 0
3 5 11
t 155 72
m0 -5 -5
m1 1 5
m2 9 10
1 9 2
2 1 0
3 6 11
t 154 72
m0 -5 -5
m1 0 5
m2 8 10
1 9 1
2 0 0
3 6 10
t 153 72
m0 -5 -5
m1 0 6
m2 9 10
1 9 2
2 1 0
3 7 10
t 152 72
m0 -5 -5
m1 0 6
m2 8 10
1 9 1
2 0 0
3 6 10
t 151 72
m0 -5 -5
m1 0 5
m2 9 10
1 9 2
2 1 0
3 6 11
t 150 72
m0 -5 -5
m1 0 5
m2 9 10
1 9 1
2 0 0
3 5 11
t 149 72
m0 -5 -5
m1 1 5
m2 8 10
1 9 2
2 1 0
3 5 12
t 148 72
m0 -5 -5
m1 0 5
m2 9 10
1 9 1
2 0 0
3 5 13
t 147 72
m0 -5 -5
m1 0 5
m2 9 9
1 9 2
2 1 0
3 6 13
t 146 72
m0 -5 -5
m1 0 5
m2 9 9
1 9 1
2 0 0
3 5 13
t 145 72
m0 -5 -5
m1 1 5
m2 9 10
1 9 2
2 1 0
3 6 13
t 144 72
m0 -5 -5
m1 1 6
m2 9 9
1 9 1
2 0 0
3 7 13
t 143 72
m0 -5 -5
m1 0 6
m2 9 10
1 9 2
2 1 0
3 8 13
t 142 72
m0 -5 -5
m1 0 5
m2 9 9
1 9 1
2 0 0
3 7 13
t 141 72
m0 -5 -5
m1 1 5
m2 9 8
1 9 2
2 1 0
3 6 13
t 140 72
m0 -5 -5
m1 1 6
m2 9 9
1 9 1
2 0 0
3 5 13
t 139 72
m0 -5 -5
m1 0 6
m2 9 10
1 9 2
2 1 0
3 5 12
t 138 72
m0 -5 -5
m1 0 5
m2 9 10
1 9 1
2 0 0
3 4 12
f 4 11
t 137 72
m0 -5 -5
m1 0 6
m2 8 10
1 9 2
2 1 0
3 5 12
t 136 72
m0 -5 -5
m1 0 6
m2 7 10
1 9 1
2 0 0
3 5 13
t 135 72
m0 -5 -5
m1 0 5
m2 6 10
1 9 2
2 1 0
3 6 13
t 134 72
m0 -5 -5
m1 0 5
m2 5 10
1 9 1
2 0 0
3 7 13
t 133 73
m0 -5 -5
m1 0 4
m2 5 11
1 9 2
2 1 0
3 6 13
t 132 74
m0 -5 -5
m1 0 4
m2 6 11
1 9 1
2 0 0
3 7 13
t 131 74
m0 -5 -5
m1 0 5
m2 6 11
1 9 2
2 1 0
3 6 13
t 130 74
m0 -5 -5
m1 0 4
m2 6 11
1 9 1
2 0 0
3 5 13
t 129 74
m0 -5 -5
m1 0 5
m2 5 11
1 9 2
2 1 0
3 5 14
t 128 74
m0 -5 -5
m1 0 4
m2 5 12
1 9 1
2 0 0
3 4 14
t 127 74
m0 -5 -5
m1 0 5
m2 4 12
1 9 2
2 1 0
3 5 14
t 126 75
m0 -5 -5
m1 0 6
m2 4 12
1 9 1
2 0 0
3 4 14
t 125 75
m0 -5 -5
m1 0 6
m2 4 12
1 9 2
2 1 0
3 3 14
t 124 75
m0 -5 -5
m1 0 5
m2 5 12
1 9 1
2 0 0
3 4 14
t 123 75
m0 -5 -5
m1 0 4
m2 5 11
1 9 2
2 1 0
3 5 14
t 122 75
m0 -5 -5
m1 0 4
m2 5 12
1 9 1
2 0 0
3 5 13
t 121 75
m0 -5 -5
m1 0 5
m2 5 11
1 9 2
2 1 0
3 5 14
t 120 75
m0 -5 -5
m1 1 5
m2 5 12
1 9 1
2 0 0
3 4 14
t 119 75
m0 -5 -5
m1 2 5
m2 4 12
1 9 2
2 1 0
3 5 14
t 118 75
m0 -5 -5
m1 2 4
m2 4 12
1 9 1
2 0 0
3 4 14
t 117 75
m0 -5 -5
m1 2 5
m2 4 11
1 9 2
2 1 0
3 3 14
t 116 85
m0 -5 -5
m1 2 4
m2 5 11
1 9 1
2 0 0
3 4 14
t 115 85
m0 -5 -5
m1 2 3
m2 5 10
1 9 2
2 1 0
3 3 14
t 114 85
m0 -5 -5
m1 1 3
m2 5 10
1 9 1
2 0 0
3 4 14
t 113 85
m0 -5 -5
m1 1 3
m2 5 10
1 9 2
2 1 0
3 3 14
t 112 85
m0 -5 -5
m1 1 2
m2 5 11
1 9 1
2 0 0
3 4 14
t 111 86
m0 -5 -5
m1 1 3
m2 6 11
1 9 2
2 1 0
3 3 14
t 110 86
m0 -5 -5
m1 1 2
m2 6 11
1 9 1
2 0 0
3 4 14
t 109 86
m0 -5 -5
m1 1 2
m2 6 12
1 9 2
2 1 0
3 5 14
t 108 86
m0 -5 -5
m1 1 2
m2 6 13
1 9 1
2 0 0
3 4 14
t 107 86
m0 -5 -5
m1 1 3
m2 7 13
1 9 2
2 1 0
3 5 14
t 106 86
m0 -5 -5
m1 1 3
m2 8 13
1 9 1
2 0 0
3 4 14
t 105 87
m0 -5 -5
m1 1 2
m2 8 14
1 9 2
2 1 0
3 3 14
t 104 87
m0 -5 -5
m1 1 1
m2 8 14
1 9 1
2 0 0
3 4 14
t 103 87
m0 -5 -5
m1 1 2
m2 8 14
1 9 2
2 1 0
3 5 14
t 102 87
m0 -5 -5
m1 1 3
m2 8 13
1 9 1
2 0 0
3 4 14
t 101 87
m0 -5 -5
m1 1 2
m2 7 13
1 9 2
2 1 0
3 5 14
t 100 87
m0 -5 -5
m1 1 1
m2 7 12
1 9 1
2 0 0
3 5 13
t 99 87
m0 -5 -5
m1 -5 -5
m2 7 12
1 9 2
2 1 0
3 6 13
t 98 88
m0 -5 -5
m1 -5 -5
m2 7 13
1 9 1
2 0 0
3 5 13
f 4 14
t 97 88
m0 -5 -5
m1 -5 -5
m2 6 13
1 9 2
2 1 0
3 5 14
t 96 88
m0 -5 -5
m1 -5 -5
m2 5 13
1 9 1
2 0 0
3 4 14
t 95 88
m0 -5 -5
m1 -5 -5
m2 5 14
1 9 2
2 1 0
3 3 14
t 94 88
m0 -5 -5
m1 -5 -5
m2 -5 -5
1 9 1
2 0 0
3 4 14
t 93 98
