10
15
w 4 7
w 8 13
w 6 6
w 7 12
w 9 8
w 0 7
w 2 12
w 9 4
w 0 10
w 3 7
w 2 5
w 3 14
w 8 1
w 5 12
w 8 10
w 6 3
w 0 11
w 7 10
w 2 2
w 8 6
w 4 1
w 5 4
w 4 5
w 1 13
w 1 4
w 2 10
w 3 9
w 2 3
w 8 7
w 0 1
w 8 3
w 3 12
w 6 8
w 5 10
w 5 14
w 4 3
w 0 9
p 7 3
p 6 9
p 9 1
p 3 0
p 2 8
p 5 6
p 5 13
p 8 9
p 6 2
p 1 11
p 7 2
p 3 3
p 5 5
p 3 10
p 4 4
p 1 5
p 2 13
p 5 0
p 0 4
p 1 10
p 3 6
p 6 4
p 4 10
p 7 14
p 9 14
p 8 2
p 0 0
p 3 13
p 5 11
p 6 11
p 8 11
p 6 0
p 4 14
p 7 5
p 0 5
p 6 12
p 1 0
p 0 8
p 2 14
p 6 5
p 3 5
p 5 3
p 9 13
p 1 12
p 8 12
p 3 1
p 2 11
p 9 9
p 5 7
p 7 4
p 2 0
p 1 8
p 8 8
p 6 13
p 1 7
p 8 4
m0 0 14
m1 0 14
m2 0 14
1 9 0
2 9 0
3 9 0
t 300 0
m0 1 14
m1 1 14
m2 1 14
1 8 0
2 8 0
3 8 0
t 299 0
m0 2 14
m1 2 14
m2 2 14
1 9 0
2 9 0
3 9 0
t 298 1
m0 2 13
m1 2 13
m2 2 13
1 8 0
2 8 0
3 8 0
t 297 2
m0 3 13
m1 3 13
m2 3 13
1 9 0
2 9 0
3 9 0
t 296 3
m0 2 13
m1 2 13
m2 2 13
1 8 0
2 8 0
3 8 0
t 295 3
m0 3 13
m1 3 13
m2 3 13
1 9 0
2 9 0
3 9 0
t 294 3
m0 2 13
m1 2 13
m2 2 13
1 8 0
2 8 0
3 8 0
t 293 3
m0 3 13
m1 3 13
m2 3 13
1 9 0
2 9 0
3 9 0
t 292 3
m0 2 13
m1 2 13
m2 2 13
1 8 0
2 8 0
3 8 0
t 291 3
m0 3 13
m1 3 13
m2 3 13
1 9 0
2 9 0
3 9 0
t 290 3
m0 2 13
m1 2 13
m2 2 13
1 8 0
2 8 0
3 8 0
t 289 3
m0 3 13
m1 3 13
m2 3 13
1 9 0
2 9 0
3 9 0
t 288 3
m0 2 13
m1 2 13
m2 2 13
1 8 0
2 8 0
3 8 0
t 287 3
m0 3 13
m1 3 13
m2 3 13
1 9 0
2 9 0
3 9 0
t 286 3
m0 2 13
m1 2 13
m2 2 13
1 8 0
2 8 0
3 8 0
t 285 3
m0 3 13
m1 3 13
m2 3 13
1 9 0
2 9 0
3 9 0
t 284 3
m0 2 13
m1 2 13
m2 2 13
1 8 0
2 8 0
3 8 0
t 283 3
m0 3 13
m1 3 13
m2 3 13
1 9 0
2 9 0
3 9 0
t 282 3
m0 2 13
m1 2 13
m2 2 13
1 8 0
2 8 0
3 8 0
t 281 3
m0 3 13
m1 3 13
m2 3 13
1 9 0
2 9 0
3 9 0
t 280 3
m0 2 13
m1 2 13
m2 2 13
1 8 0
2 8 0
3 8 0
t 279 3
m0 3 13
m1 3 13
m2 3 13
1 9 0
2 9 0
3 9 0
t 278 3
m0 2 13
m1 2 13
m2 2 13
1 8 0
2 8 0
3 8 0
t 277 3
m0 3 13
m1 3 13
m2 3 13
1 9 0
2 9 0
3 9 0
t 276 3
m0 2 13
m1 2 13
m2 2 13
1 8 0
2 8 0
3 8 0
t 275 3
m0 3 13
m1 3 13
m2 3 13
1 9 0
2 9 0
3 9 0
t 274 3
m0 2 13
m1 2 13
m2 2 13
1 8 0
2 8 0
3 8 0
t 273 3
m0 3 13
m1 3 13
m2 3 13
1 9 0
2 9 0
3 9 0
t 272 3
m0 2 13
m1 2 13
m2 2 13
1 8 0
2 8 0
3 8 0
t 271 3
m0 3 13
m1 3 13
m2 3 13
1 9 0
2 9 0
3 9 0
t 270 3
m0 2 13
m1 2 13
m2 2 13
1 8 0
2 8 0
3 8 0
t 269 3
m0 3 13
m1 3 13
m2 3 13
1 9 0
2 9 0
3 9 0
t 268 3
m0 2 13
m1 2 13
m2 2 13
1 8 0
2 8 0
3 8 0
t 267 3
m0 3 13
m1 3 13
m2 3 13
1 9 0
2 9 0
3 9 0
t 266 3
m0 2 13
m1 2 13
m2 2 13
1 8 0
2 8 0
3 8 0
t 265 3
m0 3 13
m1 3 13
m2 3 13
1 9 0
2 9 0
3 9 0
t 264 3
m0 2 13
m1 2 13
m2 2 13
1 8 0
2 8 0
3 8 0
t 263 3
m0 3 13
m1 3 13
m2 3 13
1 9 0
2 9 0
3 9 0
t 262 3
m0 2 13
m1 2 13
m2 2 13
1 8 0
2 8 0
3 8 0
t 261 3
m0 3 13
m1 3 13
m2 3 13
1 9 0
2 9 0
3 9 0
t 260 3
m0 2 13
m1 2 13
m2 2 13
1 8 0
2 8 0
3 8 0
t 259 3
m0 3 13
m1 3 13
m2 3 13
1 9 0
2 9 0
3 9 0
t 258 3
m0 2 13
m1 2 13
m2 2 13
1 8 0
2 8 0
3 8 0
t 257 3
m0 3 13
m1 3 13
m2 3 13
1 9 0
2 9 0
3 9 0
t 256 3
m0 2 13
m1 2 13
m2 2 13
1 8 0
2 8 0
3 8 0
t 255 3
m0 3 13
m1 3 13
m2 3 13
1 9 0
2 9 0
3 9 0
t 254 3
m0 2 13
m1 2 13
m2 2 13
1 8 0
2 8 0
3 8 0
t 253 3
m0 3 13
m1 3 13
m2 3 13
1 9 0
2 9 0
3 9 0
t 252 3
m0 2 13
m1 2 13
m2 2 13
1 8 0
2 8 0
3 8 0
t 251 3
m0 3 13
m1 3 13
m2 3 13
1 9 0
2 9 0
3 9 0
t 250 3
m0 2 13
m1 2 13
m2 2 13
1 8 0
2 8 0
3 8 0
t 249 3
m0 3 13
m1 3 13
m2 3 13
1 9 0
2 9 0
3 9 0
t 248 3
m0 2 13
m1 2 13
m2 2 13
1 8 0
2 8 0
3 8 0
t 247 3
m0 3 13
m1 3 13
m2 3 13
1 9 0
2 9 0
3 9 0
t 246 3
m0 2 13
m1 2 13
m2 2 13
1 8 0
2 8 0
3 8 0
t 245 3
m0 3 13
m1 3 13
m2 3 13
1 9 0
2 9 0
3 9 0
t 244 3
m0 2 13
m1 2 13
m2 2 13
1 8 0
2 8 0
3 8 0
t 243 3
m0 3 13
m1 3 13
m2 3 13
1 9 0
2 9 0
3 9 0
t 242 3
m0 2 13
m1 2 13
m2 2 13
1 8 0
2 8 0
3 8 0
t 241 3
m0 3 13
m1 3 13
m2 3 13
1 9 0
2 9 0
3 9 0
t 240 3
m0 2 13
m1 2 13
m2 2 13
1 8 0
2 8 0
3 8 0
t 239 3
m0 3 13
m1 3 13
m2 3 13
1 9 0
2 9 0
3 9 0
t 238 3
m0 2 13
m1 2 13
m2 2 13
1 8 0
2 8 0
3 8 0
t 237 3
m0 3 13
m1 3 13
m2 3 13
1 9 0
2 9 0
3 9 0
t 236 3
m0 2 13
m1 2 13
m2 2 13
1 8 0
2 8 0
3 8 0
t 235 3
m0 3 13
m1 3 13
m2 3 13
1 9 0
2 9 0
3 9 0
t 234 3
m0 2 13
m1 2 13
m2 2 13
1 8 0
2 8 0
3 8 0
t 233 3
m0 3 13
m1 3 13
m2 3 13
1 9 0
2 9 0
3 9 0
t 232 3
m0 2 13
m1 2 13
m2 2 13
1 8 0
2 8 0
3 8 0
t 231 3
m0 3 13
m1 3 13
m2 3 13
1 9 0
2 9 0
3 9 0
t 230 3
m0 2 13
m1 2 13
m2 2 13
1 8 0
2 8 0
3 8 0
t 229 3
m0 3 13
m1 3 13
m2 3 13
1 9 0
2 9 0
3 9 0
t 228 3
m0 2 13
m1 2 13
m2 2 13
1 8 0
2 8 0
3 8 0
t 227 3
m0 3 13
m1 3 13
m2 3 13
1 9 0
2 9 0
3 9 0
t 226 3
m0 2 13
m1 2 13
m2 2 13
1 8 0
2 8 0
3 8 0
t 225 3
m0 3 13
m1 3 13
m2 3 13
1 9 0
2 9 0
3 9 0
t 224 3
m0 2 13
m1 2 13
m2 2 13
1 8 0
2 8 0
3 8 0
t 223 3
m0 3 13
m1 3 13
m2 3 13
1 9 0
2 9 0
3 9 0
t 222 3
m0 2 13
m1 2 13
m2 2 13
1 8 0
2 8 0
3 8 0
t 221 3
m0 3 13
m1 3 13
m2 3 13
1 9 0
2 9 0
3 9 0
t 220 3
m0 2 13
m1 2 13
m2 2 13
1 8 0
2 8 0
3 8 0
t 219 3
m0 3 13
m1 3 13
m2 3 13
1 9 0
2 9 0
3 9 0
t 218 3
m0 2 13
m1 2 13
m2 2 13
1 8 0
2 8 0
3 8 0
t 217 3
m0 3 13
m1 3 13
m2 3 13
1 9 0
2 9 0
3 9 0
t 216 3
m0 2 13
m1 2 13
m2 2 13
1 8 0
2 8 0
3 8 0
t 215 3
m0 3 13
m1 3 13
m2 3 13
1 9 0
2 9 0
3 9 0
t 214 3
m0 2 13
m1 2 13
m2 2 13
1 8 0
2 8 0
3 8 0
t 213 3
m0 3 13
m1 3 13
m2 3 13
1 9 0
2 9 0
3 9 0
t 212 3
m0 2 13
m1 2 13
m2 2 13
1 8 0
2 8 0
3 8 0
t 211 3
m0 3 13
m1 3 13
m2 3 13
1 9 0
2 9 0
3 9 0
f 2 14
t 210 3
m0 2 13
m1 2 13
m2 2 13
1 8 0
2 8 0
3 8 0
t 209 3
m0 3 13
m1 3 13
m2 3 13
1 9 0
2 9 0
3 9 0
t 208 3
m0 2 13
m1 2 13
m2 2 13
1 8 0
2 8 0
3 8 0
t 207 3
m0 3 13
m1 3 13
m2 3 13
1 9 0
2 9 0
3 9 0
t 206 3
m0 2 13
m1 2 13
m2 2 13
1 8 0
2 8 0
3 8 0
t 205 3
m0 3 13
m1 3 13
m2 3 13
1 9 0
2 9 0
3 9 0
t 204 3
m0 2 13
m1 2 13
m2 2 13
1 8 0
2 8 0
3 8 0
t 203 3
m0 3 13
m1 3 13
m2 3 13
1 9 0
2 9 0
3 9 0
t 202 3
m0 2 13
m1 2 13
m2 2 13
1 8 0
2 8 0
3 8 0
t 201 3
m0 3 13
m1 3 13
m2 3 13
1 9 0
2 9 0
3 9 0
t 200 3
m0 2 13
m1 2 13
m2 2 13
1 8 0
2 8 0
3 8 0
t 199 3
m0 3 13
m1 3 13
m2 3 13
1 9 0
2 9 0
3 9 0
t 198 3
m0 2 13
m1 2 13
m2 2 13
1 8 0
2 8 0
3 8 0
t 197 3
m0 3 13
m1 3 13
m2 3 13
1 9 0
2 9 0
3 9 0
t 196 3
m0 2 13
m1 2 13
m2 2 13
1 8 0
2 8 0
3 8 0
t 195 3
m0 3 13
m1 3 13
m2 3 13
1 9 0
2 9 0
3 9 0
t 194 3
m0 2 13
m1 2 13
m2 2 13
1 8 0
2 8 0
3 8 0
t 193 3
m0 3 13
m1 3 13
m2 3 13
1 9 0
2 9 0
3 9 0
t 192 3
m0 2 13
m1 2 13
m2 2 13
1 8 0
2 8 0
3 8 0
t 191 3
m0 3 13
m1 3 13
m2 3 13
1 9 0
2 9 0
3 9 0
t 190 3
m0 2 13
m1 2 13
m2 2 13
1 8 0
2 8 0
3 8 0
t 189 3
m0 3 13
m1 3 13
m2 3 13
1 9 0
2 9 0
3 9 0
t 188 3
m0 2 13
m1 2 13
m2 2 13
1 8 0
2 8 0
3 8 0
t 187 3
m0 3 13
m1 3 13
m2 3 13
1 9 0
2 9 0
3 9 0
t 186 3
m0 2 13
m1 2 13
m2 2 13
1 8 0
2 8 0
3 8 0
t 185 3
m0 3 13
m1 3 13
m2 3 13
1 9 0
2 9 0
3 9 0
t 184 3
m0 2 13
m1 2 13
m2 2 13
1 8 0
2 8 0
3 8 0
t 183 3
m0 3 13
m1 3 13
m2 3 13
1 9 0
2 9 0
3 9 0
t 182 3
m0 2 13
m1 2 13
m2 2 13
1 8 0
2 8 0
3 8 0
t 181 3
m0 3 13
m1 3 13
m2 3 13
1 9 0
2 9 0
3 9 0
t 180 3
m0 2 13
m1 2 13
m2 2 13
1 8 0
2 8 0
3 8 0
t 179 3
m0 3 13
m1 3 13
m2 3 13
1 9 0
2 9 0
3 9 0
t 178 3
m0 2 13
m1 2 13
m2 2 13
1 8 0
2 8 0
3 8 0
t 177 3
m0 3 13
m1 3 13
m2 3 13
1 9 0
2 9 0
3 9 0
t 176 3
m0 2 13
m1 2 13
m2 2 13
1 8 0
2 8 0
3 8 0
t 175 3
m0 3 13
m1 3 13
m2 3 13
1 9 0
2 9 0
3 9 0
t 174 3
m0 2 13
m1 2 13
m2 2 13
1 8 0
2 8 0
3 8 0
t 173 3
m0 3 13
m1 3 13
m2 3 13
1 9 0
2 9 0
3 9 0
t 172 3
m0 2 13
m1 2 13
m2 2 13
1 8 0
2 8 0
3 8 0
t 171 3
m0 3 13
m1 3 13
m2 3 13
1 9 0
2 9 0
3 9 0
t 170 3
m0 2 13
m1 2 13
m2 2 13
1 8 0
2 8 0
3 8 0
t 169 3
m0 3 13
m1 3 13
m2 3 13
1 9 0
2 9 0
3 9 0
t 168 3
m0 2 13
m1 2 13
m2 2 13
1 8 0
2 8 0
3 8 0
t 167 3
m0 3 13
m1 3 13
m2 3 13
1 9 0
2 9 0
3 9 0
t 166 3
m0 2 13
m1 2 13
m2 2 13
1 8 0
2 8 0
3 8 0
t 165 3
m0 3 13
m1 3 13
m2 3 13
1 9 0
2 9 0
3 9 0
t 164 3
m0 2 13
m1 2 13
m2 2 13
1 8 0
2 8 0
3 8 0
t 163 3
m0 3 13
m1 3 13
m2 3 13
1 9 0
2 9 0
3 9 0
t 162 3
m0 2 13
m1 2 13
m2 2 13
1 8 0
2 8 0
3 8 0
t 161 3
m0 3 13
m1 3 13
m2 3 13
1 9 0
2 9 0
3 9 0
t 160 3
m0 2 13
m1 2 13
m2 2 13
1 8 0
2 8 0
3 8 0
t 159 3
m0 3 13
m1 3 13
m2 3 13
1 9 0
2 9 0
3 9 0
t 158 3
m0 2 13
m1 2 13
m2 2 13
1 8 0
2 8 0
3 8 0
t 157 3
m0 3 13
m1 3 13
m2 3 13
1 9 0
2 9 0
3 9 0
t 156 3
m0 2 13
m1 2 13
m2 2 13
1 8 0
2 8 0
3 8 0
t 155 3
m0 3 13
m1 3 13
m2 3 13
1 9 0
2 9 0
3 9 0
t 154 3
m0 2 13
m1 2 13
m2 2 13
1 8 0
2 8 0
3 8 0
t 153 3
m0 3 13
m1 3 13
m2 3 13
1 9 0
2 9 0
3 9 0
t 152 3
m0 2 13
m1 2 13
m2 2 13
1 8 0
2 8 0
3 8 0
t 151 3
m0 3 13
m1 3 13
m2 3 13
1 9 0
2 9 0
3 9 0
t 150 3
m0 2 13
m1 2 13
m2 2 13
1 8 0
2 8 0
3 8 0
t 149 3
m0 3 13
m1 3 13
m2 3 13
1 9 0
2 9 0
3 9 0
t 148 3
m0 2 13
m1 2 13
m2 2 13
1 8 0
2 8 0
3 8 0
t 147 3
m0 3 13
m1 3 13
m2 3 13
1 9 0
2 9 0
3 9 0
t 146 3
m0 2 13
m1 2 13
m2 2 13
1 8 0
2 8 0
3 8 0
t 145 3
m0 3 13
m1 3 13
m2 3 13
1 9 0
2 9 0
3 9 0
t 144 3
m0 2 13
m1 2 13
m2 2 13
1 8 0
2 8 0
3 8 0
t 143 3
m0 3 13
m1 3 13
m2 3 13
1 9 0
2 9 0
3 9 0
t 142 3
m0 2 13
m1 2 13
m2 2 13
1 8 0
2 8 0
3 8 0
t 141 3
m0 3 13
m1 3 13
m2 3 13
1 9 0
2 9 0
3 9 0
t 140 3
m0 2 13
m1 2 13
m2 2 13
1 8 0
2 8 0
3 8 0
t 139 3
m0 3 13
m1 3 13
m2 3 13
1 9 0
2 9 0
3 9 0
t 138 3
m0 2 13
m1 2 13
m2 2 13
1 8 0
2 8 0
3 8 0
t 137 3
m0 3 13
m1 3 13
m2 3 13
1 9 0
2 9 0
3 9 0
t 136 3
m0 2 13
m1 2 13
m2 2 13
1 8 0
2 8 0
3 8 0
t 135 3
m0 3 13
m1 3 13
m2 3 13
1 9 0
2 9 0
3 9 0
t 134 3
m0 2 13
m1 2 13
m2 2 13
1 8 0
2 8 0
3 8 0
t 133 3
m0 3 13
m1 3 13
m2 3 13
1 9 0
2 9 0
3 9 0
t 132 3
m0 2 13
m1 2 13
m2 2 13
1 8 0
2 8 0
3 8 0
t 131 3
m0 3 13
m1 3 13
m2 3 13
1 9 0
2 9 0
3 9 0
t 130 3
m0 2 13
m1 2 13
m2 2 13
1 8 0
2 8 0
3 8 0
t 129 3
m0 3 13
m1 3 13
m2 3 13
1 9 0
2 9 0
3 9 0
t 128 3
m0 2 13
m1 2 13
m2 2 13
1 8 0
2 8 0
3 8 0
t 127 3
m0 3 13
m1 3 13
m2 3 13
1 9 0
2 9 0
3 9 0
t 126 3
m0 2 13
m1 2 13
m2 2 13
1 8 0
2 8 0
3 8 0
t 125 3
m0 3 13
m1 3 13
m2 3 13
1 9 0
2 9 0
3 9 0
t 124 3
m0 2 13
m1 2 13
m2 2 13
1 8 0
2 8 0
3 8 0
t 123 3
m0 3 13
m1 3 13
m2 3 13
1 9 0
2 9 0
3 9 0
t 122 3
m0 2 13
m1 2 13
m2 2 13
1 8 0
2 8 0
3 8 0
t 121 3
m0 3 13
m1 3 13
m2 3 13
1 9 0
2 9 0
3 9 0
t 120 3
m0 2 13
m1 2 13
m2 2 13
1 8 0
2 8 0
3 8 0
t 119 3
m0 3 13
m1 3 13
m2 3 13
1 9 0
2 9 0
3 9 0
t 118 3
m0 2 13
m1 2 13
m2 2 13
1 8 0
2 8 0
3 8 0
t 117 3
m0 3 13
m1 3 13
m2 3 13
1 9 0
2 9 0
3 9 0
t 116 3
m0 2 13
m1 2 13
m2 2 13
1 8 0
2 8 0
3 8 0
t 115 3
m0 3 13
m1 3 13
m2 3 13
1 9 0
2 9 0
3 9 0
t 114 3
m0 2 13
m1 2 13
m2 2 13
1 8 0
2 8 0
3 8 0
t 113 3
m0 3 13
m1 3 13
m2 3 13
1 9 0
2 9 0
3 9 0
t 112 3
m0 2 13
m1 2 13
m2 2 13
1 8 0
2 8 0
3 8 0
t 111 3
m0 3 13
m1 3 13
m2 3 13
1 9 0
2 9 0
3 9 0
t 110 3
m0 2 13
m1 2 13
m2 2 13
1 8 0
2 8 0
3 8 0
t 109 3
m0 3 13
m1 3 13
m2 3 13
1 9 0
2 9 0
3 9 0
t 108 3
m0 2 13
m1 2 13
m2 2 13
1 8 0
2 8 0
3 8 0
t 107 3
m0 3 13
m1 3 13
m2 3 13
1 9 0
2 9 0
3 9 0
t 106 3
m0 2 13
m1 2 13
m2 2 13
1 8 0
2 8 0
3 8 0
t 105 3
m0 3 13
m1 3 13
m2 3 13
1 9 0
2 9 0
3 9 0
t 104 3
m0 2 13
m1 2 13
m2 2 13
1 8 0
2 8 0
3 8 0
t 103 3
m0 3 13
m1 3 13
m2 3 13
1 9 0
2 9 0
3 9 0
t 102 3
m0 2 13
m1 2 13
m2 2 13
1 8 0
2 8 0
3 8 0
t 101 3
m0 3 13
m1 3 13
m2 3 13
1 9 0
2 9 0
3 9 0
t 100 3
m0 2 13
m1 2 13
m2 2 13
1 8 0
2 8 0
3 8 0
t 99 3
m0 3 13
m1 3 13
m2 3 13
1 9 0
2 9 0
3 9 0
t 98 3
m0 2 13
m1 2 13
m2 2 13
1 8 0
2 8 0
3 8 0
t 97 3
m0 3 13
m1 3 13
m2 3 13
1 9 0
2 9 0
3 9 0
t 96 3
m0 2 13
m1 2 13
m2 2 13
1 8 0
2 8 0
3 8 0
t 95 3
m0 3 13
m1 3 13
m2 3 13
1 9 0
2 9 0
3 9 0
t 94 3
m0 2 13
m1 2 13
m2 2 13
1 8 0
2 8 0
3 8 0
t 93 3
m0 3 13
m1 3 13
m2 3 13
1 9 0
2 9 0
3 9 0
t 92 3
m0 2 13
m1 2 13
m2 2 13
1 8 0
2 8 0
3 8 0
t 91 3
m0 3 13
m1 3 13
m2 3 13
1 9 0
2 9 0
3 9 0
t 90 3
m0 2 13
m1 2 13
m2 2 13
1 8 0
2 8 0
3 8 0
t 89 3
m0 3 13
m1 3 13
m2 3 13
1 9 0
2 9 0
3 9 0
t 88 3
m0 2 13
m1 2 13
m2 2 13
1 8 0
2 8 0
3 8 0
t 87 3
m0 3 13
m1 3 13
m2 3 13
1 9 0
2 9 0
3 9 0
t 86 3
m0 2 13
m1 2 13
m2 2 13
1 8 0
2 8 0
3 8 0
t 85 3
m0 3 13
m1 3 13
m2 3 13
1 9 0
2 9 0
3 9 0
t 84 3
m0 2 13
m1 2 13
m2 2 13
1 8 0
2 8 0
3 8 0
t 83 3
m0 3 13
m1 3 13
m2 3 13
1 9 0
2 9 0
3 9 0
t 82 3
m0 2 13
m1 2 13
m2 2 13
1 8 0
2 8 0
3 8 0
t 81 3
m0 3 13
m1 3 13
m2 3 13
1 9 0
2 9 0
3 9 0
t 80 3
m0 2 13
m1 2 13
m2 2 13
1 8 0
2 8 0
3 8 0
t 79 3
m0 3 13
m1 3 13
m2 3 13
1 9 0
2 9 0
3 9 0
t 78 3
m0 2 13
m1 2 13
m2 2 13
1 8 0
2 8 0
3 8 0
t 77 3
m0 3 13
m1 3 13
m2 3 13
1 9 0
2 9 0
3 9 0
t 76 3
m0 2 13
m1 2 13
m2 2 13
1 8 0
2 8 0
3 8 0
t 75 3
m0 3 13
m1 3 13
m2 3 13
1 9 0
2 9 0
3 9 0
t 74 3
m0 2 13
m1 2 13
m2 2 13
1 8 0
2 8 0
3 8 0
t 73 3
m0 3 13
m1 3 13
m2 3 13
1 9 0
2 9 0
3 9 0
t 72 3
m0 2 13
m1 2 13
m2 2 13
1 8 0
2 8 0
3 8 0
t 71 3
m0 3 13
m1 3 13
m2 3 13
1 9 0
2 9 0
3 9 0
t 70 3
m0 2 13
m1 2 13
m2 2 13
1 8 0
2 8 0
3 8 0
t 69 3
m0 3 13
m1 3 13
m2 3 13
1 9 0
2 9 0
3 9 0
t 68 3
m0 2 13
m1 2 13
m2 2 13
1 8 0
2 8 0
3 8 0
t 67 3
m0 3 13
m1 3 13
m2 3 13
1 9 0
2 9 0
3 9 0
t 66 3
m0 2 13
m1 2 13
m2 2 13
1 8 0
2 8 0
3 8 0
t 65 3
m0 3 13
m1 3 13
m2 3 13
1 9 0
2 9 0
3 9 0
t 64 3
m0 2 13
m1 2 13
m2 2 13
1 8 0
2 8 0
3 8 0
t 63 3
m0 3 13
m1 3 13
m2 3 13
1 9 0
2 9 0
3 9 0
t 62 3
m0 2 13
m1 2 13
m2 2 13
1 8 0
2 8 0
3 8 0
t 61 3
m0 3 13
m1 3 13
m2 3 13
1 9 0
2 9 0
3 9 0
t 60 3
m0 2 13
m1 2 13
m2 2 13
1 8 0
2 8 0
3 8 0
t 59 3
m0 3 13
m1 3 13
m2 3 13
1 9 0
2 9 0
3 9 0
t 58 3
m0 2 13
m1 2 13
m2 2 13
1 8 0
2 8 0
3 8 0
t 57 3
m0 3 13
m1 3 13
m2 3 13
1 9 0
2 9 0
3 9 0
t 56 3
m0 2 13
m1 2 13
m2 2 13
1 8 0
2 8 0
3 8 0
t 55 3
m0 3 13
m1 3 13
m2 3 13
1 9 0
2 9 0
3 9 0
t 54 3
m0 2 13
m1 2 13
m2 2 13
1 8 0
2 8 0
3 8 0
t 53 3
m0 3 13
m1 3 13
m2 3 13
1 9 0
2 9 0
3 9 0
t 52 3
m0 2 13
m1 2 13
m2 2 13
1 8 0
2 8 0
3 8 0
t 51 3
m0 3 13
m1 3 13
m2 3 13
1 9 0
2 9 0
3 9 0
t 50 3
m0 2 13
m1 2 13
m2 2 13
1 8 0
2 8 0
3 8 0
t 49 3
m0 3 13
m1 3 13
m2 3 13
1 9 0
2 9 0
3 9 0
t 48 3
m0 2 13
m1 2 13
m2 2 13
1 8 0
2 8 0
3 8 0
t 47 3
m0 3 13
m1 3 13
m2 3 13
1 9 0
2 9 0
3 9 0
t 46 3
m0 2 13
m1 2 13
m2 2 13
1 8 0
2 8 0
3 8 0
t 45 3
m0 3 13
m1 3 13
m2 3 13
1 9 0
2 9 0
3 9 0
t 44 3
m0 2 13
m1 2 13
m2 2 13
1 8 0
2 8 0
3 8 0
t 43 3
m0 3 13
m1 3 13
m2 3 13
1 9 0
2 9 0
3 9 0
t 42 3
m0 2 13
m1 2 13
m2 2 13
1 8 0
2 8 0
3 8 0
t 41 3
m0 3 13
m1 3 13
m2 3 13
1 9 0
2 9 0
3 9 0
t 40 3
m0 2 13
m1 2 13
m2 2 13
1 8 0
2 8 0
3 8 0
t 39 3
m0 3 13
m1 3 13
m2 3 13
1 9 0
2 9 0
3 9 0
t 38 3
m0 2 13
m1 2 13
m2 2 13
1 8 0
2 8 0
3 8 0
t 37 3
m0 3 13
m1 3 13
m2 3 13
1 9 0
2 9 0
3 9 0
t 36 3
m0 2 13
m1 2 13
m2 2 13
1 8 0
2 8 0
3 8 0
t 35 3
m0 3 13
m1 3 13
m2 3 13
1 9 0
2 9 0
3 9 0
t 34 3
m0 2 13
m1 2 13
m2 2 13
1 8 0
2 8 0
3 8 0
t 33 3
m0 3 13
m1 3 13
m2 3 13
1 9 0
2 9 0
3 9 0
t 32 3
m0 2 13
m1 2 13
m2 2 13
1 8 0
2 8 0
3 8 0
t 31 3
m0 3 13
m1 3 13
m2 3 13
1 9 0
2 9 0
3 9 0
t 30 3
m0 2 13
m1 2 13
m2 2 13
1 8 0
2 8 0
3 8 0
t 29 3
m0 3 13
m1 3 13
m2 3 13
1 9 0
2 9 0
3 9 0
t 28 3
m0 2 13
m1 2 13
m2 2 13
1 8 0
2 8 0
3 8 0
t 27 3
m0 3 13
m1 3 13
m2 3 13
1 9 0
2 9 0
3 9 0
t 26 3
m0 2 13
m1 2 13
m2 2 13
1 8 0
2 8 0
3 8 0
t 25 3
m0 3 13
m1 3 13
m2 3 13
1 9 0
2 9 0
3 9 0
t 24 3
m0 2 13
m1 2 13
m2 2 13
1 8 0
2 8 0
3 8 0
t 23 3
m0 3 13
m1 3 13
m2 3 13
1 9 0
2 9 0
3 9 0
t 22 3
m0 2 13
m1 2 13
m2 2 13
1 8 0
2 8 0
3 8 0
t 21 3
m0 3 13
m1 3 13
m2 3 13
1 9 0
2 9 0
3 9 0
t 20 3
m0 2 13
m1 2 13
m2 2 13
1 8 0
2 8 0
3 8 0
t 19 3
m0 3 13
m1 3 13
m2 3 13
1 9 0
2 9 0
3 9 0
t 18 3
m0 2 13
m1 2 13
m2 2 13
1 8 0
2 8 0
3 8 0
t 17 3
m0 3 13
m1 3 13
m2 3 13
1 9 0
2 9 0
3 9 0
t 16 3
m0 2 13
m1 2 13
m2 2 13
1 8 0
2 8 0
3 8 0
t 15 3
m0 3 13
m1 3 13
m2 3 13
1 9 0
2 9 0
3 9 0
t 14 3
m0 2 13
m1 2 13
m2 2 13
1 8 0
2 8 0
3 8 0
t 13 3
m0 3 13
m1 3 13
m2 3 13
1 9 0
2 9 0
3 9 0
t 12 3
m0 2 13
m1 2 13
m2 2 13
1 8 0
2 8 0
3 8 0
t 11 3
m0 3 13
m1 3 13
m2 3 13
1 9 0
2 9 0
3 9 0
t 10 3
m0 2 13
m1 2 13
m2 2 13
1 8 0
2 8 0
3 8 0
t 9 3
m0 3 13
m1 3 13
m2 3 13
1 9 0
2 9 0
3 9 0
t 8 3
m0 2 13
m1 2 13
m2 2 13
1 8 0
2 8 0
3 8 0
t 7 3
m0 3 13
m1 3 13
m2 3 13
1 9 0
2 9 0
3 9 0
t 6 3
m0 2 13
m1 2 13
m2 2 13
1 8 0
2 8 0
3 8 0
t 5 3
m0 3 13
m1 3 13
m2 3 13
1 9 0
2 9 0
3 9 0
t 4 3
m0 2 13
m1 2 13
m2 2 13
1 8 0
2 8 0
3 8 0
t 3 3
m0 3 13
m1 3 13
m2 3 13
1 9 0
2 9 0
3 9 0
t 2 3
m0 2 13
m1 2 13
m2 2 13
1 8 0
2 8 0
3 8 0
t 1 3
m0 3 13
m1 3 13
m2 3 13
1 8 0
2 8 0
3 8 0
t 0 3
