10
15
w 6 9
w 9 1
w 6 6
w 7 12
w 4 12
w 0 10
w 3 7
w 5 1
w 0 3
w 7 2
w 6 14
w 5 5
w 6 10
w 4 13
w 7 10
w 2 2
w 4 1
w 1 1
w 2 6
w 7 1
w 4 5
w 3 13
w 0 12
w 2 10
w 7 5
w 0 5
w 8 7
w 9 6
w 7 9
w 5 10
w 1 12
w 9 9
w 1 8
w 4 3
w 0 9
w 5 2
w 9 12
p 7 3
p 5 9
p 8 13
p 4 8
p 3 0
p 5 6
p 5 13
p 2 1
p 7 7
p 0 7
p 1 6
p 2 12
p 9 4
p 2 5
p 4 0
p 8 14
p 9 0
p 4 9
p 8 10
p 6 3
p 0 11
p 9 11
p 3 6
p 5 0
p 3 4
p 8 6
p 4 10
p 7 14
p 3 2
p 9 14
p 6 4
p 5 11
p 1 13
p 1 4
p 9 10
p 3 9
p 1 9
p 6 12
p 2 14
p 0 8
p 4 11
p 3 5
p 0 1
p 9 13
p 8 3
p 3 12
p 6 8
p 4 6
p 8 12
p 6 1
p 7 13
p 7 4
p 0 6
p 8 8
p 6 13
p 7 8
m0 0 14
m1 0 14
m2 0 14
1 9 0
2 9 0
3 9 0
t 300 0
m0 0 14
m1 0 14
m2 1 14
1 8 0
2 8 0
3 8 0
t 299 0
m0 1 14
m1 0 14
m2 2 14
1 8 1
2 9 0
3 7 0
t 298 1
m0 1 14
m1 0 14
m2 2 14
1 8 2
2 8 0
3 8 0
t 297 1
m0 1 13
m1 1 14
m2 1 14
1 8 3
2 9 0
3 7 0
t 296 2
m0 2 13
m1 0 14
m2 1 13
1 8 2
2 8 0
3 6 0
t 295 2
m0 2 14
m1 0 13
m2 2 13
1 8 3
2 9 0
3 6 1
t 294 2
m0 1 14
m1 0 13
m2 2 14
1 8 4
2 8 0
3 6 2
t 293 2
m0 0 14
m1 0 14
m2 2 14
1 8 5
2 9 0
3 6 3
t 292 2
m0 0 13
m1 0 14
m2 1 14
1 8 6
2 8 0
3 6 2
t 291 2
m0 0 14
m1 0 14
m2 0 14
1 7 6
2 9 0
3 6 1
t 290 2
m0 0 14
m1 0 13
m2 0 13
1 8 6
2 8 0
3 6 0
t 289 2
m0 0 13
m1 1 13
m2 0 13
1 7 6
2 9 0
3 7 0
t 288 2
m0 1 13
m1 2 13
m2 0 14
1 7 7
2 8 0
3 8 0
t 287 2
m0 2 13
m1 2 12
m2 1 14
1 7 8
2 9 0
3 9 0
t 286 3
m0 2 12
m1 3 12
m2 2 14
1 8 8
2 8 0
3 8 0
t 285 4
m0 2 11
m1 3 11
m2 2 14
1 9 8
2 9 0
3 9 0
t 284 4
m0 3 11
m1 3 11
m2 2 13
1 9 7
2 8 0
3 8 0
t 283 4
m0 4 11
m1 3 11
m2 2 12
1 9 8
2 9 0
3 8 1
t 282 5
m0 5 11
m1 4 11
m2 2 11
1 8 8
2 8 0
3 8 0
t 281 6
m0 6 11
m1 4 10
m2 3 11
1 9 8
2 9 0
3 7 0
t 280 7
m0 6 12
m1 4 9
m2 3 11
1 9 7
2 8 0
3 6 0
t 279 9
m0 6 13
m1 4 8
m2 3 10
1 9 8
2 9 0
3 7 0
t 278 11
m0 5 13
m1 4 9
m2 3 9
1 8 8
2 8 0
3 6 0
t 277 13
m0 6 13
m1 4 9
m2 4 9
1 7 8
2 9 0
3 6 1
t 276 13
m0 7 13
m1 3 9
m2 5 9
1 8 8
2 8 0
3 6 0
t 275 15
m0 8 13
m1 3 9
m2 5 8
1 7 8
2 9 0
3 7 0
t 274 16
m0 8 14
m1 2 9
m2 -5 -5
1 6 8
2 8 0
3 6 0
t 273 18
m0 9 14
m1 3 9
m2 -5 -5
1 7 8
2 9 0
3 6 1
t 272 19
m0 8 14
m1 3 9
m2 -5 -5
1 6 8
2 8 0
3 6 0
t 271 19
m0 9 14
m1 2 9
m2 -5 -5
1 5 8
2 9 0
3 6 1
t 270 19
m0 9 14
m1 1 9
m2 -5 -5
1 4 8
2 8 0
3 6 0
t 269 20
m0 8 14
m1 1 10
m2 -5 -5
1 3 8
2 9 0
3 7 0
t 268 20
m0 8 14
m1 1 11
m2 -5 -5
1 2 8
2 8 0
3 6 0
t 267 20
m0 9 14
m1 1 11
m2 -5 -5
1 2 9
2 9 0
3 5 0
t 266 20
m0 9 14
m1 0 11
m2 -5 -5
1 3 9
2 8 0
3 6 0
t 265 21
m0 9 13
m1 1 11
m2 -5 -5
1 3 10
2 9 0
3 5 0
t 264 22
m0 8 13
m1 1 10
m2 -5 -5
1 3 11
2 8 0
3 6 0
t 263 22
m0 8 14
m1 1 10
m2 -5 -5
1 4 11
2 9 0
3 6 1
f 1 9
t 262 22
m0 7 14
m1 1 11
m2 -5 -5
1 3 11
2 8 0
3 6 0
t 261 23
m0 8 14
m1 -5 -5
m2 -5 -5
1 2 11
2 9 0
3 6 1
t 260 23
m0 9 14
m1 -5 -5
m2 -5 -5
1 1 11
2 8 0
3 6 0
t 259 23
m0 9 13
m1 -5 -5
m2 -5 -5
1 0 11
2 9 0
3 6 1
t 258 23
m0 8 13
m1 -5 -5
m2 -5 -5
1 1 11
2 8 0
3 6 0
t 257 23
m0 8 13
m1 -5 -5
m2 -5 -5
1 1 10
2 9 0
3 7 0
t 256 23
m0 8 13
m1 -5 -5
m2 -5 -5
1 1 11
2 8 0
3 8 0
t 255 23
m0 8 14
m1 -5 -5
m2 -5 -5
1 1 10
2 9 0
3 9 0
t 254 23
m0 8 13
m1 -5 -5
m2 -5 -5
1 1 11
2 8 0
3 8 0
t 253 23
m0 8 12
m1 -5 -5
m2 -5 -5
1 2 11
2 9 0
3 9 0
t 252 24
m0 8 11
m1 -5 -5
m2 -5 -5
1 1 11
2 8 0
3 8 0
t 251 24
m0 8 11
m1 -5 -5
m2 -5 -5
1 2 11
2 9 0
3 8 1
t 250 24
m0 9 11
m1 -5 -5
m2 -5 -5
1 1 11
2 8 0
3 8 2
t 249 25
m0 9 10
m1 -5 -5
m2 -5 -5
1 2 11
2 9 0
3 8 1
t 248 26
m0 8 10
m1 -5 -5
m2 -5 -5
1 3 11
2 8 0
3 8 2
t 247 27
m0 8 11
m1 -5 -5
m2 -5 -5
1 3 12
2 9 0
3 9 2
t 246 27
m0 8 10
m1 -5 -5
m2 -5 -5
1 2 12
2 8 0
3 9 3
t 245 27
m0 8 11
m1 -5 -5
m2 -5 -5
1 3 12
2 7 0
3 9 2
t 244 27
m0 8 10
m1 -5 -5
m2 -5 -5
1 2 12
2 6 0
3 9 3
t 243 27
m0 8 11
m1 -5 -5
m2 -5 -5
1 3 12
2 5 0
3 9 2
t 242 27
m0 8 10
m1 -5 -5
m2 -5 -5
1 3 11
2 4 0
3 8 2
t 241 27
m0 8 11
m1 -5 -5
m2 -5 -5
1 2 11
2 3 0
3 9 2
t 240 27
m0 8 11
m1 -5 -5
m2 -5 -5
1 1 11
2 2 0
3 8 2
t 239 27
m0 8 11
m1 -5 -5
m2 -5 -5
1 0 11
2 1 0
3 9 2
t 238 27
m0 8 10
m1 -5 -5
m2 -5 -5
1 1 11
2 0 0
3 8 2
t 237 27
m0 8 10
m1 -5 -5
m2 -5 -5
1 2 11
2 1 0
3 9 2
t 236 27
m0 8 10
m1 -5 -5
m2 -5 -5
1 2 12
2 0 0
3 8 2
t 235 27
m0 8 9
m1 -5 -5
m2 -5 -5
1 2 13
2 1 0
3 9 2
t 234 27
m0 8 8
m1 -5 -5
m2 -5 -5
1 2 14
2 0 0
3 9 3
t 233 28
m0 7 8
m1 -5 -5
m2 -5 -5
1 1 14
2 1 0
3 9 4
t 232 29
m0 7 8
m1 -5 -5
m2 -5 -5
1 1 13
2 0 0
3 8 4
t 231 29
m0 7 7
m1 -5 -5
m2 -5 -5
1 0 13
2 1 0
3 8 3
t 230 30
m0 6 7
m1 -5 -5
m2 -5 -5
1 1 13
2 0 0
3 9 3
t 229 30
m0 5 7
m1 -5 -5
m2 -5 -5
1 0 13
2 1 0
3 9 2
t 228 30
m0 5 8
m1 -5 -5
m2 -5 -5
1 0 14
2 0 0
3 8 2
t 227 30
m0 5 9
m1 -5 -5
m2 -5 -5
1 1 14
2 1 0
3 8 1
t 226 30
m0 4 9
m1 -5 -5
m2 -5 -5
1 2 14
2 0 0
3 8 0
t 225 30
m0 3 9
m1 -5 -5
m2 -5 -5
1 1 14
2 0 1
3 9 0
t 224 30
m0 2 9
m1 -5 -5
m2 -5 -5
1 2 14
2 0 2
3 8 0
t 223 30
m0 2 9
m1 -5 -5
m2 -5 -5
1 3 14
2 1 2
3 9 0
t 222 30
m0 2 9
m1 -5 -5
m2 -5 -5
1 4 14
2 0 2
3 8 0
t 221 30
m0 1 9
m1 -5 -5
m2 -5 -5
1 3 14
2 1 2
3 9 0
t 220 40
m0 2 9
m1 -5 -5
m2 -5 -5
1 4 14
2 0 2
3 8 0
t 219 40
m0 2 8
m1 -5 -5
m2 -5 -5
1 5 14
2 1 2
3 9 0
t 218 40
m0 2 8
m1 -5 -5
m2 -5 -5
1 4 14
2 0 2
3 8 0
t 217 40
m0 3 8
m1 -5 -5
m2 -5 -5
1 5 14
2 1 2
3 9 0
t 216 40
m0 3 9
m1 -5 -5
m2 -5 -5
1 5 13
2 0 2
3 8 0
t 215 40
m0 4 9
m1 -5 -5
m2 -5 -5
1 5 14
2 1 2
3 8 1
t 214 40
m0 4 8
m1 -5 -5
m2 -5 -5
1 5 13
2 0 2
3 8 0
t 213 40
m0 4 8
m1 -5 -5
m2 -5 -5
1 5 14
2 1 2
3 9 0
t 212 40
m0 4 7
m1 -5 -5
m2 -5 -5
1 5 13
2 0 2
3 8 0
t 211 40
m0 5 7
m1 -5 -5
m2 -5 -5
1 5 14
2 1 2
3 7 0
t 210 40
m0 5 6
m1 -5 -5
m2 -5 -5
1 5 13
2 0 2
3 8 0
t 209 41
m0 4 6
m1 -5 -5
m2 -5 -5
1 5 14
2 1 2
3 9 0
t 208 42
m0 4 6
m1 -5 -5
m2 -5 -5
1 5 13
2 0 2
3 8 0
t 207 42
m0 3 6
m1 -5 -5
m2 -5 -5
1 5 14
2 1 2
3 8 1
t 206 43
m0 3 5
m1 -5 -5
m2 -5 -5
1 5 13
2 0 2
3 8 0
t 205 44
m0 3 4
m1 -5 -5
m2 -5 -5
1 5 12
2 1 2
3 9 0
t 204 45
m0 3 4
m1 -5 -5
m2 -5 -5
1 6 12
2 0 2
3 8 0
t 203 45
m0 2 4
m1 -5 -5
m2 -5 -5
1 5 12
2 1 2
3 9 0
t 202 45
m0 1 4
m1 -5 -5
m2 -5 -5
1 5 13
2 0 2
3 8 0
t 201 46
m0 2 4
m1 -5 -5
m2 -5 -5
1 5 12
2 1 2
3 9 0
t 200 46
m0 2 5
m1 -5 -5
m2 -5 -5
1 5 11
2 0 2
3 8 0
t 199 47
m0 1 5
m1 -5 -5
m2 -5 -5
1 4 11
2 1 2
3 7 0
t 198 47
m0 1 6
m1 -5 -5
m2 -5 -5
1 3 11
2 0 2
3 6 0
t 197 48
m0 0 6
m1 -5 -5
m2 -5 -5
1 2 11
2 1 2
3 5 0
t 196 49
m0 0 7
m1 -5 -5
m2 -5 -5
1 2 12
2 0 2
3 4 0
t 195 50
m0 0 7
m1 -5 -5
m2 -5 -5
1 2 13
2 1 2
3 3 0
t 194 50
m0 0 8
m1 -5 -5
m2 -5 -5
1 1 13
2 0 2
3 3 1
t 193 51
m0 0 7
m1 -5 -5
m2 -5 -5
1 0 13
2 1 2
3 3 0
t 192 51
m0 0 7
m1 -5 -5
m2 -5 -5
1 0 14
2 0 2
3 2 0
t 191 51
m0 1 7
m1 -5 -5
m2 -5 -5
1 1 14
2 1 2
3 3 0
t 190 51
m0 0 7
m1 -5 -5
m2 -5 -5
1 2 14
2 0 2
3 4 0
t 189 51
m0 0 6
m1 -5 -5
m2 -5 -5
1 3 14
2 1 2
3 5 0
t 188 51
m0 0 7
m1 -5 -5
m2 -5 -5
1 2 14
2 0 2
3 4 0
t 187 51
m0 1 7
m1 -5 -5
m2 -5 -5
1 3 14
2 1 2
3 5 0
t 186 51
m0 1 6
m1 -5 -5
m2 -5 -5
1 2 14
2 0 2
3 4 0
t 185 51
m0 1 7
m1 -5 -5
m2 -5 -5
1 1 14
2 1 2
3 5 0
t 184 51
m0 0 7
m1 -5 -5
m2 -5 -5
1 0 14
2 0 2
3 4 0
t 183 51
m0 1 7
m1 -5 -5
m2 -5 -5
1 0 13
2 1 2
3 3 0
t 182 51
m0 0 7
m1 -5 -5
m2 -5 -5
1 0 14
2 0 2
3 2 0
t 181 51
m0 0 7
m1 -5 -5
m2 -5 -5
1 1 14
2 1 2
3 1 0
t 180 51
m0 0 7
m1 -5 -5
m2 -5 -5
1 0 14
2 0 2
3 0 0
t 179 51
m0 0 7
m1 -5 -5
m2 -5 -5
1 0 13
2 1 2
3 1 0
t 178 51
m0 0 6
m1 -5 -5
m2 -5 -5
1 0 14
2 0 2
3 0 0
t 177 51
m0 0 7
m1 -5 -5
m2 -5 -5
1 0 13
2 1 2
3 0 1
t 176 51
m0 0 7
m1 -5 -5
m2 -5 -5
1 1 13
2 1 3
3 0 0
t 175 51
m0 1 7
m1 -5 -5
m2 -5 -5
1 0 13
2 2 3
3 0 1
t 174 51
m0 2 7
m1 -5 -5
m2 -5 -5
1 1 13
2 3 3
3 0 0
f 4 11
t 173 51
m0 2 8
m1 -5 -5
m2 -5 -5
1 1 14
2 3 4
3 0 1
t 172 51
m0 3 8
m1 -5 -5
m2 -5 -5
1 2 14
2 4 4
3 0 0
t 171 51
m0 3 9
m1 -5 -5
m2 -5 -5
1 2 13
2 5 4
3 0 1
t 170 51
m0 3 10
m1 -5 -5
m2 -5 -5
1 2 12
2 6 4
3 0 0
t 169 51
m0 3 9
m1 -5 -5
m2 -5 -5
1 2 13
2 7 4
3 0 1
t 168 51
m0 2 9
m1 -5 -5
m2 -5 -5
1 2 14
2 8 4
3 0 2
t 167 51
m0 3 9
m1 -5 -5
m2 -5 -5
1 2 13
2 9 4
3 1 2
t 166 51
m0 3 10
m1 -5 -5
m2 -5 -5
1 1 13
2 9 5
3 0 2
t 165 51
m0 3 10
m1 -5 -5
m2 -5 -5
1 2 13
2 9 4
3 0 1
t 164 51
m0 4 10
m1 -5 -5
m2 -5 -5
1 2 12
2 9 5
3 0 0
t 163 51
m0 4 10
m1 -5 -5
m2 -5 -5
1 2 11
2 9 4
3 1 0
t 162 51
m0 4 11
m1 -5 -5
m2 -5 -5
1 2 12
2 9 5
3 0 0
t 161 61
m0 4 10
m1 -5 -5
m2 -5 -5
1 3 12
2 9 4
3 0 1
f 8 0
t 160 61
m0 4 9
m1 -5 -5
m2 -5 -5
1 2 12
2 9 5
3 0 0
t 159 61
m0 4 10
m1 -5 -5
m2 -5 -5
1 2 11
2 9 4
3 0 1
t 158 61
m0 4 10
m1 -5 -5
m2 -5 -5
1 3 11
2 9 5
3 0 2
t 157 61
m0 -5 -5
m1 -5 -5
m2 -5 -5
1 4 11
2 9 4
3 0 1
t 156 61
