10
15
w 6 9
w 8 13
w 4 8
w 5 6
w 2 8
w 6 2
w 1 6
w 2 12
w 7 11
w 3 10
w 4 13
w 6 3
w 2 13
w 3 6
w 2 2
w 0 4
w 8 6
w 1 10
w 4 1
w 3 2
w 0 0
w 7 1
w 4 5
w 1 13
w 8 11
w 9 3
w 5 11
w 2 3
w 1 0
w 5 3
w 6 8
w 1 12
w 8 8
w 6 13
w 5 2
w 0 2
w 8 4
p 5 9
p 4 7
p 7 3
p 9 1
p 7 12
p 5 13
p 2 1
p 3 11
p 4 12
p 0 10
p 9 4
p 3 7
p 2 5
p 5 1
p 0 3
p 1 11
p 8 5
p 3 14
p 6 14
p 6 7
p 5 5
p 2 9
p 8 1
p 5 12
p 0 11
p 9 11
p 5 0
p 4 10
p 7 14
p 2 6
p 9 14
p 8 2
p 3 13
p 6 11
p 1 4
p 7 5
p 0 5
p 1 9
p 4 2
p 2 14
p 0 8
p 8 3
p 5 10
p 4 6
p 3 12
p 8 12
p 5 7
p 0 13
p 9 9
p 5 14
p 0 6
p 7 4
p 1 7
p 9 5
p 7 8
p 2 4
m0 0 14
m1 0 14
m2 0 14
1 9 0
2 9 0
3 9 0
t 300 0
m0 0 13
m1 0 13
m2 1 14
1 8 0
2 8 0
3 8 0
t 299 1
m0 0 12
m1 0 14
m2 2 14
1 9 0
2 9 0
3 9 0
t 298 2
m0 0 11
m1 1 14
m2 3 14
1 8 0
2 8 0
3 8 0
t 297 4
m0 1 11
m1 0 14
m2 3 13
1 9 0
2 9 0
3 9 0
t 296 6
m0 0 11
m1 0 14
m2 3 14
1 8 0
2 8 0
3 8 0
t 295 6
m0 0 10
m1 0 14
m2 4 14
1 9 0
2 9 0
3 9 0
t 294 7
m0 0 11
m1 0 13
m2 3 14
1 8 0
2 8 0
3 8 0
t 293 7
m0 0 12
m1 0 13
m2 3 14
1 9 0
2 9 0
3 9 0
t 292 7
m0 0 13
m1 0 13
m2 3 13
1 8 0
2 8 0
3 8 0
t 291 7
m0 0 12
m1 0 12
m2 3 14
1 9 0
2 9 0
3 9 0
t 290 7
m0 0 12
m1 0 12
m2 3 14
1 8 0
2 8 0
3 8 0
t 289 7
m0 0 12
m1 0 12
m2 3 14
1 9 0
2 9 0
3 9 0
t 288 7
m0 0 11
m1 0 11
m2 4 14
1 8 0
2 8 0
3 8 0
t 287 7
m0 0 10
m1 0 10
m2 5 14
1 9 0
2 9 0
3 9 0
t 286 8
m0 0 11
m1 0 10
m2 5 14
1 8 0
2 8 0
3 8 0
t 285 8
m0 0 10
m1 0 9
m2 5 14
1 9 0
2 9 0
3 9 0
t 284 8
m0 0 11
m1 0 8
m2 6 14
1 8 0
2 8 0
3 8 0
t 283 10
m0 0 11
m1 0 8
m2 6 14
1 9 0
2 9 0
3 9 0
t 282 10
m0 0 10
m1 0 9
m2 5 14
1 8 0
2 8 0
3 8 0
t 281 10
m0 0 9
m1 0 10
m2 6 14
1 9 0
2 9 0
3 9 0
t 280 10
m0 0 9
m1 0 9
m2 7 14
1 8 0
2 8 0
3 8 0
t 279 11
m0 1 9
m1 0 8
m2 6 14
1 9 0
2 9 0
3 9 0
t 278 12
m0 1 8
m1 0 9
m2 6 14
1 8 0
2 8 0
3 8 0
t 277 12
m0 0 8
m1 0 9
m2 7 14
1 9 0
2 9 0
3 9 0
t 276 12
m0 0 7
m1 0 8
m2 6 14
1 8 0
2 8 0
3 8 0
t 275 12
m0 0 7
m1 1 8
m2 5 14
1 9 0
2 9 0
3 9 0
t 274 12
m0 1 7
m1 0 8
m2 5 13
1 8 0
2 8 0
3 8 0
t 273 14
m0 1 7
m1 0 8
m2 5 13
1 9 0
2 9 0
3 9 0
t 272 14
m0 0 7
m1 0 7
m2 5 13
1 8 0
2 8 0
3 8 0
t 271 14
m0 1 7
m1 0 6
m2 5 12
1 9 0
2 9 0
3 9 0
t 270 16
m0 1 8
m1 0 6
m2 5 13
1 8 0
2 8 0
3 8 0
t 269 16
m0 0 8
m1 0 6
m2 5 14
1 9 0
2 9 0
3 9 0
t 268 16
m0 1 8
m1 0 6
m2 5 13
1 8 0
2 8 0
3 8 0
t 267 16
m0 1 7
m1 0 6
m2 5 12
1 9 0
2 9 0
3 9 0
t 266 16
m0 0 7
m1 0 6
m2 6 12
1 8 0
2 8 0
3 8 0
t 265 16
m0 0 8
m1 0 6
m2 6 12
1 9 0
2 9 0
3 9 0
t 264 16
m0 0 8
m1 0 7
m2 7 12
1 8 0
2 8 0
3 8 0
t 263 17
m0 0 7
m1 0 8
m2 8 12
1 9 0
2 9 0
3 9 0
t 262 18
m0 0 6
m1 0 8
m2 8 12
1 8 0
2 8 0
3 8 0
t 261 18
m0 0 7
m1 0 9
m2 9 12
1 7 0
2 7 0
3 7 0
t 260 18
m0 1 7
m1 0 9
m2 9 13
1 8 0
2 8 0
3 8 0
t 259 18
m0 1 8
m1 0 8
m2 9 12
1 7 0
2 7 0
3 7 0
t 258 18
m0 1 7
m1 0 9
m2 9 13
1 8 0
2 8 0
3 8 0
t 257 18
m0 1 8
m1 0 8
m2 9 12
1 7 0
2 7 0
3 7 0
t 256 18
m0 0 8
m1 1 8
m2 8 12
1 6 0
2 6 0
3 6 0
t 255 18
m0 0 8
m1 1 8
m2 7 12
1 7 0
2 7 0
3 7 0
t 254 18
m0 1 8
m1 0 8
m2 7 12
1 8 0
2 8 0
3 8 0
t 253 18
m0 1 8
m1 0 8
m2 6 12
1 9 0
2 9 0
3 9 0
t 252 18
m0 1 7
m1 1 8
m2 5 12
1 8 0
2 8 0
3 8 0
t 251 18
m0 1 7
m1 1 7
m2 5 12
1 9 0
2 9 0
3 9 0
t 250 18
m0 0 7
m1 1 8
m2 5 12
1 8 0
2 8 0
3 8 0
t 249 18
m0 0 8
m1 1 7
m2 5 12
1 9 0
2 9 0
3 9 0
t 248 18
m0 0 8
m1 2 7
m2 5 13
1 8 0
2 8 0
3 8 0
t 247 18
m0 0 7
m1 3 7
m2 5 13
1 9 0
2 9 0
3 9 0
t 246 19
m0 1 7
m1 4 7
m2 5 14
1 8 0
2 8 0
3 8 0
t 245 20
m0 1 7
m1 4 7
m2 5 13
1 9 0
2 9 0
3 9 0
t 244 20
m0 1 8
m1 5 7
m2 5 14
1 8 0
2 8 0
3 8 0
t 243 21
m0 1 8
m1 5 7
m2 4 14
1 9 0
2 9 0
3 9 0
t 242 21
m0 1 9
m1 5 7
m2 5 14
1 8 0
2 8 0
3 8 0
t 241 21
m0 1 8
m1 5 8
m2 4 14
1 9 0
2 9 0
3 9 0
t 240 21
m0 1 7
m1 5 9
m2 3 14
1 8 0
2 8 0
3 8 0
t 239 22
m0 2 7
m1 5 10
m2 3 13
1 9 0
2 9 0
3 9 0
t 238 23
m0 3 7
m1 5 9
m2 3 13
1 8 0
2 8 0
3 8 0
t 237 23
m0 4 7
m1 5 8
m2 3 14
1 9 0
2 9 0
3 9 0
t 236 23
m0 4 6
m1 5 7
m2 3 13
1 8 0
2 8 0
3 8 0
t 235 24
m0 4 6
m1 4 7
m2 3 13
1 9 0
2 9 0
3 9 0
t 234 24
m0 4 6
m1 4 7
m2 3 12
1 8 0
2 8 0
3 8 0
t 233 25
m0 4 7
m1 5 7
m2 3 13
1 9 0
2 9 0
3 9 0
t 232 25
m0 5 7
m1 4 7
m2 3 12
1 8 0
2 8 0
3 8 0
t 231 25
m0 6 7
m1 5 7
m2 3 13
1 9 0
2 9 0
3 9 0
t 230 26
m0 6 6
m1 6 7
m2 3 14
1 8 0
2 8 0
3 8 0
t 229 26
m0 6 7
m1 5 7
m2 3 13
1 9 0
2 9 0
3 9 0
f 5 12
t 228 26
m0 5 7
m1 5 8
m2 3 13
1 8 0
2 8 0
3 8 0
t 227 26
m0 5 8
m1 5 8
m2 3 12
1 9 0
2 9 0
3 9 0
t 226 26
m0 5 7
m1 5 8
m2 4 12
1 8 0
2 8 0
3 8 0
t 225 27
m0 5 8
m1 5 9
m2 5 12
1 9 0
2 9 0
3 9 0
t 224 37
m0 5 9
m1 5 10
m2 5 13
1 8 0
2 8 0
3 8 0
t 223 37
m0 5 8
m1 4 10
m2 5 13
1 9 0
2 9 0
3 9 0
t 222 38
m0 5 8
m1 4 11
m2 5 12
1 8 0
2 8 0
3 8 0
t 221 38
m0 5 8
m1 4 10
m2 4 12
1 9 0
2 9 0
3 9 0
f 4 3
t 220 38
m0 5 8
m1 5 10
m2 4 11
1 8 0
2 8 0
3 8 0
t 219 38
m0 5 7
m1 5 9
m2 4 10
1 9 0
2 9 0
3 9 0
t 218 38
m0 5 8
m1 5 9
m2 5 10
1 8 0
2 8 0
3 8 0
t 217 38
m0 5 8
m1 5 8
m2 4 10
1 9 0
2 9 0
3 9 0
t 216 38
m0 5 7
m1 5 7
m2 4 9
1 8 0
2 8 0
3 8 0
t 215 38
m0 5 7
m1 6 7
m2 4 9
1 9 0
2 9 0
3 9 0
t 214 38
m0 6 7
m1 6 7
m2 4 9
1 8 0
2 8 0
3 8 0
t 213 38
m0 5 7
m1 6 7
m2 5 9
1 9 0
2 9 0
3 9 0
t 212 38
m0 4 7
m1 5 7
m2 5 8
1 8 0
2 8 0
3 8 0
t 211 38
m0 4 6
m1 5 8
m2 5 7
1 9 0
2 9 0
3 9 0
t 210 38
m0 4 7
m1 5 7
m2 5 7
1 8 0
2 8 0
3 8 0
t 209 38
m0 4 6
m1 5 7
m2 6 7
1 9 0
2 9 0
3 9 0
t 208 38
m0 4 6
m1 6 7
m2 6 6
1 8 0
2 8 0
3 8 0
t 207 38
m0 4 7
m1 6 6
m2 6 5
1 9 0
2 9 0
3 9 0
t 206 38
m0 4 6
m1 6 5
m2 6 4
1 8 0
2 8 0
3 8 0
t 205 38
m0 4 6
m1 6 4
m2 7 4
1 9 0
2 9 0
3 9 0
t 204 39
m0 4 6
m1 7 4
m2 6 4
1 8 0
2 8 0
3 8 0
t 203 39
m0 4 6
m1 6 4
m2 6 4
1 9 0
2 9 0
3 9 0
t 202 39
m0 4 7
m1 6 4
m2 6 4
1 8 0
2 8 0
3 8 0
t 201 39
m0 4 6
m1 6 4
m2 6 4
1 9 0
2 9 0
3 9 0
t 200 39
m0 4 7
m1 6 4
m2 5 4
1 8 0
2 8 0
3 8 0
t 199 39
m0 4 6
m1 5 4
m2 4 4
1 9 0
2 9 0
3 9 0
t 198 39
m0 4 6
m1 4 4
m2 4 3
1 8 0
2 8 0
3 8 0
t 197 49
m0 4 6
m1 5 4
m2 3 3
1 9 0
2 9 0
3 9 0
t 196 49
m0 4 6
m1 5 5
m2 3 3
1 8 0
2 8 0
3 8 0
t 195 50
m0 4 6
m1 5 4
m2 3 4
1 9 0
2 9 0
3 9 0
t 194 50
m0 4 7
m1 5 4
m2 3 3
1 8 0
2 8 0
3 8 0
t 193 50
m0 4 6
m1 4 4
m2 3 3
1 9 0
2 9 0
3 9 0
t 192 50
m0 4 6
m1 5 4
m2 3 4
1 8 0
2 8 0
3 8 0
t 191 50
m0 4 6
m1 5 4
m2 3 3
1 9 0
2 9 0
3 9 0
t 190 50
m0 4 6
m1 6 4
m2 4 3
1 8 0
2 8 0
3 8 0
t 189 50
m0 4 6
m1 5 4
m2 4 2
1 9 0
2 9 0
3 9 0
t 188 51
m0 4 7
m1 4 4
m2 4 2
1 8 0
2 8 0
3 8 0
t 187 51
m0 4 7
m1 3 4
m2 4 2
1 9 0
2 9 0
3 9 0
t 186 51
m0 4 7
m1 4 4
m2 4 3
1 8 0
2 8 0
3 8 0
t 185 51
m0 4 6
m1 4 3
m2 3 3
1 9 0
2 9 0
3 9 0
t 184 51
m0 4 7
m1 4 2
m2 3 3
1 8 0
2 8 0
3 8 0
t 183 51
m0 5 7
m1 4 3
m2 3 3
1 9 0
2 9 0
3 9 0
t 182 51
m0 5 8
m1 4 3
m2 3 3
1 8 0
2 8 0
3 8 0
t 181 51
m0 5 8
m1 3 3
m2 3 4
1 9 0
2 9 0
3 9 0
t 180 51
m0 5 7
m1 3 3
m2 3 4
1 8 0
2 8 0
3 8 0
t 179 51
m0 6 7
m1 3 4
m2 3 3
1 9 0
2 9 0
3 9 0
t 178 51
m0 6 7
m1 4 4
m2 3 4
1 8 0
2 8 0
3 8 0
t 177 51
m0 6 6
m1 3 4
m2 2 4
1 9 0
2 9 0
3 9 0
t 176 52
m0 6 7
m1 3 4
m2 2 5
1 8 0
2 8 0
3 8 0
t 175 53
m0 6 7
m1 3 4
m2 3 5
1 9 0
2 9 0
3 9 0
t 174 53
m0 6 7
m1 3 5
m2 3 5
1 8 0
2 8 0
3 8 0
t 173 53
m0 5 7
m1 2 5
m2 3 4
1 9 0
2 9 0
3 9 0
t 172 53
m0 5 7
m1 1 5
m2 3 3
1 8 0
2 8 0
3 8 0
t 171 53
m0 5 8
m1 1 4
m2 4 3
1 9 0
2 9 0
3 9 0
t 170 54
m0 5 9
m1 1 5
m2 3 3
1 8 0
2 8 0
3 8 0
t 169 54
m0 4 9
m1 1 5
m2 4 3
1 9 0
2 9 0
3 9 0
t 168 54
m0 4 9
m1 0 5
m2 4 3
1 8 0
2 8 0
3 8 0
t 167 55
m0 4 10
m1 0 6
m2 4 2
1 9 0
2 9 0
3 9 0
t 166 55
m0 4 9
m1 0 7
m2 4 3
1 8 0
2 8 0
3 8 0
t 165 55
m0 5 9
m1 0 7
m2 4 3
1 9 0
2 9 0
3 9 0
t 164 55
m0 5 8
m1 0 7
m2 3 3
1 8 0
2 8 0
3 8 0
t 163 55
m0 5 8
m1 1 7
m2 3 4
1 9 0
2 9 0
3 9 0
t 162 55
m0 5 8
m1 1 7
m2 2 4
1 8 0
2 8 0
3 8 0
t 161 55
m0 5 7
m1 2 7
m2 1 4
1 9 0
2 9 0
3 9 0
t 160 55
m0 4 7
m1 1 7
m2 2 4
1 8 0
2 8 0
3 8 0
t 159 55
m0 4 6
m1 2 7
m2 1 4
1 9 0
2 9 0
3 9 0
t 158 55
m0 4 7
m1 2 7
m2 1 3
1 8 0
2 8 0
3 8 0
t 157 55
m0 5 7
m1 1 7
m2 0 3
1 9 0
2 9 0
3 9 0
t 156 56
m0 5 7
m1 1 8
m2 1 3
1 8 0
2 8 0
3 8 0
t 155 56
m0 5 7
m1 0 8
m2 1 2
1 9 0
2 9 0
3 9 0
t 154 56
m0 6 7
m1 0 9
m2 1 1
1 8 0
2 8 0
3 8 0
t 153 56
m0 6 6
m1 0 9
m2 1 2
1 9 0
2 9 0
3 9 0
t 152 56
m0 7 6
m1 1 9
m2 1 2
1 8 0
2 8 0
3 8 0
t 151 56
m0 7 7
m1 2 9
m2 1 1
1 9 0
2 9 0
3 9 0
t 150 57
m0 7 7
m1 3 9
m2 1 2
1 8 0
2 8 0
3 8 0
t 149 57
m0 7 8
m1 4 9
m2 1 2
1 9 0
2 9 0
3 9 0
f 4 11
t 148 58
m0 7 9
m1 5 9
m2 1 2
1 8 0
2 8 0
3 8 0
t 147 58
m0 7 10
m1 4 9
m2 1 2
1 9 0
2 9 0
3 9 0
t 146 58
m0 6 10
m1 4 9
m2 1 3
1 8 0
2 8 0
3 8 0
t 145 58
m0 5 10
m1 4 9
m2 1 4
1 9 0
2 9 0
3 9 0
t 144 58
m0 5 10
m1 4 10
m2 1 5
1 8 0
2 8 0
3 8 0
t 143 58
m0 5 10
m1 4 11
m2 2 5
1 9 0
2 9 0
3 9 0
t 142 68
m0 5 10
m1 4 11
m2 2 6
1 8 0
2 8 0
3 8 0
t 141 69
m0 5 10
m1 4 12
m2 2 5
1 9 0
2 9 0
3 9 0
t 140 69
m0 5 9
m1 4 11
m2 2 6
1 8 0
2 8 0
3 8 0
t 139 69
m0 5 9
m1 3 11
m2 2 6
1 9 0
2 9 0
3 9 0
t 138 70
m0 4 9
m1 3 12
m2 2 6
1 8 0
2 8 0
3 8 0
t 137 70
m0 4 10
m1 4 12
m2 2 6
1 9 0
2 9 0
3 9 0
t 136 70
m0 4 10
m1 4 12
m2 2 6
1 8 0
2 8 0
3 8 0
t 135 70
m0 4 11
m1 5 12
m2 2 5
1 9 0
2 9 0
3 9 0
t 134 70
m0 3 11
m1 4 12
m2 3 5
1 8 0
2 8 0
3 8 0
t 133 70
m0 4 11
m1 4 11
m2 3 5
1 9 0
2 9 0
3 9 0
t 132 70
m0 4 12
m1 4 10
m2 2 5
1 8 0
2 8 0
3 8 0
t 131 70
m0 4 12
m1 5 10
m2 2 6
1 9 0
2 9 0
3 9 0
t 130 70
m0 4 11
m1 5 9
m2 2 5
1 8 0
2 8 0
3 8 0
t 129 70
m0 4 10
m1 5 8
m2 1 5
1 9 0
2 9 0
3 9 0
t 128 70
m0 4 11
m1 5 7
m2 1 5
1 8 0
2 8 0
3 8 0
t 127 70
m0 3 11
m1 5 7
m2 0 5
1 9 0
2 9 0
3 9 0
t 126 70
m0 4 11
m1 6 7
m2 0 5
1 8 0
2 8 0
3 8 0
t 125 70
m0 3 11
m1 6 6
m2 0 5
1 9 0
2 9 0
3 9 0
f 0 8
t 124 70
m0 2 11
m1 6 5
m2 0 6
1 8 0
2 8 0
3 8 0
t 123 70
m0 2 10
m1 5 5
m2 0 6
1 9 0
2 9 0
3 9 0
t 122 70
m0 2 9
m1 5 5
m2 0 7
1 8 0
2 8 0
3 8 0
t 121 70
m0 1 9
m1 5 5
m2 1 7
1 9 0
2 9 0
3 9 0
t 120 70
m0 1 8
m1 5 5
m2 1 7
1 8 0
2 8 0
3 8 0
t 119 70
m0 1 7
m1 5 5
m2 1 8
1 9 0
2 9 0
3 9 0
t 118 70
m0 1 8
m1 5 5
m2 1 8
1 8 0
2 8 0
3 8 0
t 117 70
m0 1 7
m1 5 5
m2 1 7
1 9 0
2 9 0
3 9 0
t 116 70
m0 1 7
m1 5 5
m2 1 8
1 8 0
2 8 0
3 8 0
t 115 70
m0 1 8
m1 5 5
m2 1 7
1 9 0
2 9 0
3 9 0
t 114 70
m0 1 8
m1 5 5
m2 2 7
1 8 0
2 8 0
3 8 0
t 113 70
m0 1 8
m1 5 5
m2 2 7
1 9 0
2 9 0
3 9 0
t 112 70
m0 0 8
m1 5 5
m2 1 7
1 8 0
2 8 0
3 8 0
t 111 80
m0 0 9
m1 6 5
m2 2 7
1 9 0
2 9 0
3 9 0
t 110 80
m0 1 9
m1 6 5
m2 3 7
1 8 0
2 8 0
3 8 0
t 109 80
m0 1 8
m1 5 5
m2 4 7
1 9 0
2 9 0
3 9 0
t 108 80
m0 1 8
m1 5 4
m2 4 6
1 8 0
2 8 0
3 8 0
f 1 5
t 107 80
m0 1 8
m1 4 4
m2 4 6
1 9 0
2 9 0
3 9 0
t 106 80
m0 1 7
m1 4 3
m2 4 6
1 8 0
2 8 0
3 8 0
t 105 80
m0 1 7
m1 3 3
m2 4 6
1 9 0
2 9 0
3 9 0
t 104 80
m0 1 7
m1 4 3
m2 4 6
1 8 0
2 8 0
3 8 0
t 103 80
m0 1 7
m1 3 3
m2 4 6
1 9 0
2 9 0
3 9 0
t 102 80
m0 1 7
m1 3 3
m2 4 6
1 8 0
2 8 0
3 8 0
t 101 80
m0 1 7
m1 4 3
m2 4 7
1 9 0
2 9 0
3 9 0
t 100 80
m0 1 7
m1 4 4
m2 4 6
1 8 0
2 8 0
3 8 0
t 99 80
m0 1 7
m1 3 4
m2 4 6
1 9 0
2 9 0
3 9 0
t 98 80
m0 1 7
m1 3 5
m2 4 6
1 8 0
2 8 0
3 8 0
t 97 80
m0 2 7
m1 3 5
m2 4 6
1 9 0
2 9 0
3 9 0
t 96 80
m0 1 7
m1 3 5
m2 4 6
1 8 0
2 8 0
3 8 0
t 95 80
m0 1 8
m1 2 5
m2 4 6
1 9 0
2 9 0
3 9 0
t 94 80
m0 1 7
m1 1 5
m2 4 6
1 8 0
2 8 0
3 8 0
t 93 90
m0 1 7
m1 1 5
m2 4 6
1 9 0
2 9 0
3 9 0
t 92 90
m0 0 7
m1 1 4
m2 4 6
1 8 0
2 8 0
3 8 0
t 91 90
m0 0 6
m1 1 4
m2 4 7
1 9 0
2 9 0
3 9 0
t 90 90
m0 0 5
m1 1 3
m2 3 7
1 8 0
2 8 0
3 8 0
t 89 90
m0 0 5
m1 0 3
m2 3 8
1 9 0
2 9 0
3 9 0
t 88 90
m0 1 5
m1 0 3
m2 3 9
1 8 0
2 8 0
3 8 0
t 87 90
m0 2 5
m1 0 3
m2 3 9
1 9 0
2 9 0
3 9 0
t 86 90
m0 2 5
m1 0 3
m2 3 9
1 8 0
2 8 0
3 8 0
t 85 90
m0 2 5
m1 0 3
m2 2 9
1 9 0
2 9 0
3 9 0
t 84 90
m0 3 5
m1 1 3
m2 1 9
1 8 0
2 8 0
3 8 0
t 83 90
m0 3 5
m1 1 4
m2 1 9
1 9 0
2 9 0
3 9 0
f 5 13
t 82 90
m0 3 5
m1 2 4
m2 1 8
1 8 0
2 8 0
3 8 0
t 81 90
m0 3 5
m1 3 4
m2 1 7
1 9 0
2 9 0
3 9 0
t 80 90
m0 3 5
m1 3 5
m2 1 7
1 8 0
2 8 0
3 8 0
t 79 90
m0 3 5
m1 3 5
m2 2 7
1 9 0
2 9 0
3 9 0
t 78 90
m0 3 5
m1 3 5
m2 3 7
1 8 0
2 8 0
3 8 0
t 77 90
m0 3 5
m1 3 5
m2 3 7
1 9 0
2 9 0
3 9 0
t 76 90
m0 3 5
m1 3 5
m2 4 7
1 8 0
2 8 0
3 8 0
t 75 90
m0 3 5
m1 3 5
m2 4 6
1 9 0
2 9 0
3 9 0
t 74 90
m0 3 5
m1 3 5
m2 4 6
1 8 0
2 8 0
3 8 0
t 73 90
m0 3 5
m1 3 5
m2 4 6
1 9 0
2 9 0
3 9 0
t 72 90
m0 3 5
m1 3 5
m2 4 7
1 8 0
2 8 0
3 8 0
t 71 90
m0 3 5
m1 3 5
m2 4 6
1 9 0
2 9 0
3 9 0
t 70 90
m0 3 5
m1 3 5
m2 4 6
1 8 0
2 8 0
3 8 0
t 69 90
m0 3 5
m1 3 5
m2 4 6
1 9 0
2 9 0
3 9 0
t 68 90
m0 3 5
m1 3 5
m2 4 6
1 8 0
2 8 0
3 8 0
t 67 90
m0 3 5
m1 3 5
m2 4 6
1 9 0
2 9 0
3 9 0
t 66 90
m0 3 5
m1 3 5
m2 4 6
1 8 0
2 8 0
3 8 0
t 65 90
m0 3 5
m1 3 5
m2 4 6
1 9 0
2 9 0
3 9 0
t 64 90
m0 3 5
m1 3 5
m2 4 6
1 8 0
2 8 0
3 8 0
t 63 90
m0 3 5
m1 3 5
m2 4 6
1 9 0
2 9 0
3 9 0
t 62 90
m0 3 5
m1 3 5
m2 4 6
1 8 0
2 8 0
3 8 0
t 61 90
m0 3 5
m1 3 5
m2 4 6
1 9 0
2 9 0
3 9 0
t 60 90
m0 3 5
m1 3 5
m2 4 6
1 8 0
2 8 0
3 8 0
t 59 90
m0 3 5
m1 3 5
m2 4 6
1 9 0
2 9 0
3 9 0
t 58 90
m0 3 5
m1 3 5
m2 4 6
1 8 0
2 8 0
3 8 0
t 57 90
m0 3 5
m1 3 5
m2 4 6
1 9 0
2 9 0
3 9 0
t 56 90
m0 3 5
m1 3 5
m2 4 6
1 8 0
2 8 0
3 8 0
t 55 90
m0 3 5
m1 3 5
m2 4 6
1 9 0
2 9 0
3 9 0
t 54 90
m0 3 5
m1 3 5
m2 4 6
1 8 0
2 8 0
3 8 0
t 53 90
m0 3 5
m1 3 5
m2 4 6
1 9 0
2 9 0
3 9 0
t 52 90
m0 3 5
m1 3 5
m2 4 6
1 8 0
2 8 0
3 8 0
t 51 90
m0 3 5
m1 3 5
m2 4 6
1 9 0
2 9 0
3 9 0
t 50 90
m0 3 5
m1 3 5
m2 4 6
1 8 0
2 8 0
3 8 0
t 49 90
m0 3 5
m1 3 5
m2 4 6
1 9 0
2 9 0
3 9 0
t 48 90
m0 3 5
m1 3 5
m2 4 6
1 8 0
2 8 0
3 8 0
t 47 90
m0 3 5
m1 3 5
m2 4 6
1 9 0
2 9 0
3 9 0
t 46 90
m0 3 5
m1 3 5
m2 4 6
1 8 0
2 8 0
3 8 0
t 45 90
m0 3 5
m1 3 5
m2 4 6
1 9 0
2 9 0
3 9 0
t 44 90
m0 3 5
m1 3 5
m2 4 6
1 8 0
2 8 0
3 8 0
t 43 90
m0 3 5
m1 3 5
m2 4 6
1 9 0
2 9 0
3 9 0
t 42 90
m0 3 5
m1 3 5
m2 4 6
1 8 0
2 8 0
3 8 0
t 41 90
m0 3 5
m1 3 5
m2 4 6
1 9 0
2 9 0
3 9 0
t 40 90
m0 3 5
m1 3 5
m2 4 6
1 8 0
2 8 0
3 8 0
t 39 90
m0 3 5
m1 3 5
m2 4 6
1 9 0
2 9 0
3 9 0
t 38 90
m0 3 5
m1 3 5
m2 4 6
1 8 0
2 8 0
3 8 0
t 37 90
m0 3 5
m1 3 5
m2 4 6
1 9 0
2 9 0
3 9 0
t 36 90
m0 3 5
m1 3 5
m2 4 6
1 8 0
2 8 0
3 8 0
t 35 90
m0 3 5
m1 3 5
m2 4 6
1 9 0
2 9 0
3 9 0
t 34 90
m0 3 5
m1 3 5
m2 4 6
1 8 0
2 8 0
3 8 0
t 33 90
m0 3 5
m1 3 5
m2 4 6
1 9 0
2 9 0
3 9 0
t 32 90
m0 3 5
m1 3 5
m2 4 6
1 8 0
2 8 0
3 8 0
t 31 90
m0 3 5
m1 3 5
m2 4 6
1 9 0
2 9 0
3 9 0
t 30 90
m0 3 5
m1 3 5
m2 4 6
1 8 0
2 8 0
3 8 0
t 29 90
m0 3 5
m1 3 5
m2 4 6
1 9 0
2 9 0
3 9 0
t 28 90
m0 3 5
m1 3 5
m2 4 6
1 8 0
2 8 0
3 8 0
t 27 90
m0 3 5
m1 3 5
m2 4 6
1 9 0
2 9 0
3 9 0
t 26 90
m0 3 5
m1 3 5
m2 4 7
1 8 0
2 8 0
3 8 0
t 25 90
m0 3 5
m1 3 5
m2 4 6
1 9 0
2 9 0
3 9 0
t 24 90
m0 3 5
m1 3 5
m2 4 6
1 8 0
2 8 0
3 8 0
t 23 90
m0 3 5
m1 3 5
m2 4 6
1 9 0
2 9 0
3 9 0
t 22 90
m0 3 5
m1 3 5
m2 4 6
1 8 0
2 8 0
3 8 0
t 21 90
m0 3 5
m1 3 5
m2 4 6
1 9 0
2 9 0
3 9 0
t 20 90
m0 3 5
m1 3 5
m2 4 6
1 8 0
2 8 0
3 8 0
t 19 90
m0 3 5
m1 3 5
m2 4 6
1 9 0
2 9 0
3 9 0
t 18 90
m0 3 5
m1 3 5
m2 4 6
1 8 0
2 8 0
3 8 0
t 17 90
m0 3 5
m1 3 5
m2 4 6
1 9 0
2 9 0
3 9 0
t 16 90
m0 3 5
m1 3 5
m2 4 6
1 8 0
2 8 0
3 8 0
t 15 90
m0 3 5
m1 3 5
m2 4 6
1 9 0
2 9 0
3 9 0
t 14 90
m0 3 5
m1 3 5
m2 4 6
1 8 0
2 8 0
3 8 0
t 13 90
m0 3 5
m1 3 5
m2 4 6
1 9 0
2 9 0
3 9 0
t 12 90
m0 3 5
m1 3 5
m2 4 6
1 8 0
2 8 0
3 8 0
t 11 90
m0 3 5
m1 3 5
m2 4 6
1 9 0
2 9 0
3 9 0
t 10 90
m0 3 5
m1 3 5
m2 4 6
1 8 0
2 8 0
3 8 0
t 9 90
m0 3 5
m1 3 5
m2 4 6
1 9 0
2 9 0
3 9 0
t 8 90
m0 3 5
m1 3 5
m2 4 6
1 8 0
2 8 0
3 8 0
t 7 90
m0 3 5
m1 3 5
m2 4 6
1 9 0
2 9 0
3 9 0
t 6 90
m0 3 5
m1 3 5
m2 4 6
1 8 0
2 8 0
3 8 0
t 5 90
m0 3 5
m1 3 5
m2 4 6
1 9 0
2 9 0
3 9 0
t 4 90
m0 3 5
m1 3 5
m2 4 6
1 8 0
2 8 0
3 8 0
t 3 90
m0 3 5
m1 3 5
m2 4 6
1 9 0
2 9 0
3 9 0
t 2 90
m0 3 5
m1 3 5
m2 4 6
1 8 0
2 8 0
3 8 0
t 1 90
m0 3 5
m1 3 5
m2 4 6
1 8 0
2 8 0
3 8 0
t 0 90
