10
15
w 4 8
w 3 0
w 2 8
w 9 8
w 8 0
w 7 12
w 5 13
w 1 6
w 8 14
w 6 7
w 3 3
w 4 9
w 8 1
w 3 10
w 3 6
w 0 4
w 1 10
w 9 7
w 6 4
w 0 0
w 9 14
w 5 2
w 6 0
w 2 3
w 0 5
w 6 12
w 6 5
w 0 1
w 8 3
w 3 12
w 7 0
w 0 13
w 0 6
w 6 13
w 7 8
w 2 4
w 8 4
p 7 3
p 6 9
p 1 3
p 8 13
p 5 6
p 7 7
p 3 11
p 2 1
p 0 7
p 0 10
p 7 11
p 2 5
p 7 2
p 3 14
p 5 5
p 7 6
p 5 12
p 6 10
p 6 3
p 7 10
p 2 2
p 1 1
p 5 4
p 2 6
p 7 14
p 8 2
p 7 1
p 6 11
p 5 11
p 8 11
p 3 13
p 1 4
p 2 10
p 9 10
p 1 9
p 8 7
p 4 2
p 0 8
p 4 11
p 5 3
p 7 9
p 9 13
p 3 5
p 2 7
p 4 6
p 8 12
p 5 7
p 2 11
p 9 9
p 3 1
p 7 4
p 5 14
p 1 8
p 8 8
p 0 9
p 9 5
m0 0 14
m1 0 14
m2 0 14
1 9 0
2 9 0
3 9 0
t 300 0
m0 1 14
m1 1 14
m2 1 14
1 9 1
2 9 1
3 9 1
t 299 0
m0 1 14
m1 1 13
m2 1 14
1 9 2
2 9 2
3 9 0
t 298 0
m0 1 14
m1 1 13
m2 0 14
1 9 3
2 9 1
3 9 1
t 297 0
m0 0 14
m1 1 13
m2 0 14
1 9 2
2 9 0
3 9 0
t 296 0
m0 1 14
m1 1 13
m2 0 14
1 8 2
2 9 1
3 9 1
t 295 0
m0 1 14
m1 1 12
m2 1 14
1 7 2
2 9 2
3 9 2
t 294 0
m0 2 14
m1 0 12
m2 0 14
1 7 3
2 8 2
3 9 1
t 293 0
m0 1 14
m1 0 11
m2 0 14
1 6 3
2 9 2
3 9 2
t 292 0
m0 1 13
m1 1 11
m2 1 14
1 6 2
2 8 2
3 9 1
t 291 0
m0 1 12
m1 1 11
m2 1 13
1 6 1
2 7 2
3 9 0
f 2 9
t 290 0
m0 1 11
m1 1 11
m2 1 13
1 6 2
2 8 2
3 9 1
t 289 0
m0 1 11
m1 2 11
m2 1 13
1 6 1
2 7 2
3 9 0
t 288 1
m0 0 11
m1 2 10
m2 1 14
1 7 1
2 8 2
3 9 1
t 287 2
m0 1 11
m1 2 10
m2 2 14
1 6 1
2 7 2
3 9 2
t 286 2
m0 1 11
m1 2 9
m2 3 14
1 5 1
2 7 1
3 8 2
t 285 13
m0 1 11
m1 2 10
m2 4 14
1 6 1
2 7 2
3 7 2
t 284 13
m0 1 11
m1 2 10
m2 4 14
1 6 2
2 6 2
3 8 2
t 283 13
m0 0 11
m1 2 9
m2 4 13
1 7 2
2 7 2
3 7 2
f 4 12
t 282 13
m0 1 11
m1 3 9
m2 4 12
1 8 2
2 7 1
3 7 1
t 281 23
m0 1 11
m1 3 8
m2 4 13
1 9 2
2 6 1
3 7 2
t 280 23
m0 1 12
m1 3 8
m2 4 14
1 9 1
2 7 1
3 8 2
t 279 23
m0 1 11
m1 3 9
m2 5 14
1 9 0
2 6 1
3 7 2
f 8 10
t 278 24
m0 2 11
m1 3 8
m2 6 14
1 9 1
2 7 1
3 7 3
t 277 24
m0 3 11
m1 3 8
m2 5 14
1 9 0
2 6 1
3 7 4
t 276 25
m0 3 11
m1 3 8
m2 4 14
1 9 1
2 5 1
3 7 5
t 275 25
m0 4 11
m1 3 9
m2 5 14
1 9 2
2 5 0
3 8 5
t 274 26
m0 4 10
m1 3 9
m2 6 14
1 9 1
2 4 0
3 9 5
t 273 26
m0 5 10
m1 2 9
m2 6 14
1 9 0
2 4 1
3 9 6
t 272 26
m0 5 10
m1 3 9
m2 6 14
1 9 1
2 5 1
3 8 6
t 271 26
m0 5 11
m1 3 8
m2 7 14
1 9 0
2 5 0
3 7 6
t 270 28
m0 5 12
m1 3 9
m2 7 13
1 9 1
2 4 0
3 7 7
t 269 29
m0 4 12
m1 3 9
m2 8 13
1 9 0
2 4 1
3 8 7
t 268 30
m0 4 13
m1 2 9
m2 8 13
1 9 1
2 4 0
3 7 7
t 267 30
m0 4 12
m1 2 10
m2 8 13
1 9 0
2 5 0
3 7 6
t 266 30
m0 4 12
m1 2 10
m2 8 12
1 9 1
2 5 1
3 6 6
t 265 31
m0 5 12
m1 2 11
m2 8 11
1 9 0
2 4 1
3 7 6
t 264 32
m0 5 12
m1 2 11
m2 8 10
1 9 1
2 4 2
3 7 7
t 263 42
m0 4 12
m1 2 10
m2 8 9
1 9 0
2 4 1
3 7 6
t 262 42
m0 4 13
m1 2 11
m2 8 9
1 9 1
2 4 0
3 6 6
t 261 42
m0 4 13
m1 2 12
m2 9 9
1 9 2
2 4 1
3 5 6
t 260 43
m0 4 13
m1 2 12
m2 9 10
1 9 1
2 4 0
3 6 6
f 1 11
t 259 44
m0 4 13
m1 2 11
m2 8 10
1 9 0
2 4 1
3 5 6
t 258 44
m0 3 13
m1 1 11
m2 7 10
1 9 1
2 4 0
3 5 7
t 257 56
m0 4 13
m1 1 12
m2 7 11
1 9 2
2 4 1
3 5 6
t 256 57
m0 4 14
m1 0 12
m2 6 11
1 9 3
2 4 0
3 5 5
t 255 58
m0 5 14
m1 0 12
m2 6 11
1 9 2
2 5 0
3 4 5
t 254 58
m0 5 14
m1 1 12
m2 7 11
1 9 1
2 4 0
3 4 6
t 253 58
m0 4 14
m1 2 12
m2 7 11
1 9 0
2 4 1
3 4 7
t 252 58
m0 4 13
m1 1 12
m2 7 11
1 9 1
2 4 0
3 3 7
t 251 58
m0 3 13
m1 1 11
m2 7 10
1 9 0
2 4 1
3 3 8
t 250 58
m0 2 13
m1 1 11
m2 7 10
1 9 1
2 4 0
3 3 7
t 249 58
m0 2 13
m1 0 11
m2 7 11
1 9 2
2 5 0
3 2 7
f 8 13
t 248 58
m0 3 13
m1 0 11
m2 8 11
1 9 1
2 5 1
3 2 6
t 247 58
m0 3 13
m1 0 11
m2 8 12
1 9 0
2 4 1
3 2 5
t 246 58
m0 4 13
m1 0 10
m2 8 13
1 9 1
2 3 1
3 3 5
t 245 69
m0 3 13
m1 0 9
m2 8 13
1 9 0
2 4 1
3 4 5
t 244 70
m0 4 13
m1 0 8
m2 8 13
1 9 1
2 4 0
3 5 5
t 243 71
m0 3 13
m1 0 9
m2 8 13
1 9 2
2 5 0
3 5 6
t 242 71
m0 4 13
m1 0 8
m2 7 13
1 9 3
2 4 0
3 5 7
t 241 71
m0 4 12
m1 1 8
m2 8 13
1 9 2
2 5 0
3 5 8
t 240 72
m0 4 11
m1 1 8
m2 9 13
1 8 2
2 4 0
3 6 8
t 239 73
m0 4 12
m1 1 8
m2 9 13
1 9 2
2 5 0
3 6 9
t 238 73
m0 4 12
m1 1 7
m2 8 13
1 9 3
2 4 0
3 6 10
t 237 73
m0 5 12
m1 2 7
m2 7 13
1 9 2
2 5 0
3 7 10
t 236 74
m0 4 12
m1 1 7
m2 8 13
1 8 2
2 4 0
3 6 10
t 235 74
m0 4 12
m1 0 7
m2 8 13
1 9 2
2 5 0
3 7 10
t 234 75
m0 4 12
m1 1 7
m2 8 12
1 9 3
2 4 0
3 7 11
t 233 75
m0 4 11
m1 1 8
m2 8 13
1 9 4
2 5 0
3 7 10
t 232 75
m0 5 11
m1 1 8
m2 8 13
1 9 3
2 4 0
3 6 10
t 231 75
m0 5 11
m1 1 9
m2 8 13
1 9 2
2 5 0
3 6 11
t 230 76
m0 5 12
m1 0 9
m2 8 12
1 9 3
2 4 0
3 6 10
t 229 76
m0 5 11
m1 0 8
m2 8 12
1 9 4
2 4 1
3 6 9
t 228 76
m0 5 12
m1 0 7
m2 9 12
1 9 3
2 4 0
3 6 8
t 227 76
m0 4 12
m1 1 7
m2 9 11
1 9 2
2 5 0
3 6 9
t 226 76
m0 5 12
m1 0 7
m2 9 10
1 9 1
2 5 1
3 6 10
t 225 76
m0 4 12
m1 1 7
m2 9 11
1 9 0
2 5 0
3 5 10
t 224 76
m0 4 11
m1 1 8
m2 9 12
1 9 1
2 4 0
3 6 10
t 223 76
m0 5 11
m1 1 8
m2 9 11
1 9 0
2 5 0
3 7 10
t 222 76
m0 5 11
m1 1 7
m2 9 12
1 9 1
2 4 0
3 7 9
t 221 76
m0 6 11
m1 2 7
m2 8 12
1 9 2
2 5 0
3 8 9
t 220 76
m0 7 11
m1 3 7
m2 9 12
1 9 1
2 4 0
3 8 10
t 219 76
m0 7 10
m1 3 8
m2 9 12
1 9 0
2 5 0
3 8 11
t 218 76
m0 7 11
m1 3 8
m2 9 13
1 9 1
2 4 0
3 8 12
t 217 76
m0 8 11
m1 3 7
m2 9 12
1 9 2
2 5 0
3 8 13
t 216 76
m0 8 12
m1 4 7
m2 9 13
1 9 3
2 4 0
3 7 13
t 215 76
m0 8 13
m1 3 7
m2 9 12
1 9 2
2 5 0
3 7 14
t 214 76
m0 8 13
m1 2 7
m2 9 11
1 9 1
2 4 0
3 6 14
t 213 76
m0 9 13
m1 1 7
m2 9 11
1 9 2
2 5 0
3 5 14
t 212 76
m0 9 12
m1 1 8
m2 9 11
1 8 2
2 4 0
3 6 14
t 211 76
m0 9 13
m1 0 8
m2 9 10
1 7 2
2 5 0
3 5 14
t 210 76
m0 9 12
m1 0 8
m2 9 11
1 7 3
2 4 0
3 4 14
t 209 76
m0 9 11
m1 0 8
m2 9 10
1 6 3
2 5 0
3 3 14
t 208 76
m0 9 10
m1 1 8
m2 9 11
1 7 3
2 5 1
3 2 14
t 207 76
m0 9 11
m1 1 7
m2 8 11
1 7 2
2 5 0
3 1 14
t 206 76
m0 9 10
m1 0 7
m2 8 10
1 7 3
2 4 0
3 2 14
t 205 76
m0 8 10
m1 0 8
m2 8 10
1 6 3
2 4 1
3 3 14
t 204 76
m0 7 10
m1 0 8
m2 8 9
1 6 2
2 4 0
3 3 13
t 203 76
m0 7 10
m1 0 9
m2 8 10
1 6 3
2 5 0
3 2 13
t 202 76
m0 7 10
m1 1 9
m2 8 9
1 6 2
2 5 1
3 1 13
t 201 76
m0 8 10
m1 1 9
m2 7 9
1 6 1
2 4 1
3 1 12
t 200 77
m0 8 11
m1 2 9
m2 8 9
1 6 2
2 4 0
3 1 13
t 199 77
m0 8 10
m1 1 9
m2 8 10
1 6 1
2 4 1
3 1 14
t 198 77
m0 8 9
m1 1 9
m2 8 10
1 6 2
2 3 1
3 0 14
t 197 77
m0 8 8
m1 1 9
m2 9 10
1 7 2
2 4 1
3 1 14
t 196 78
m0 8 8
m1 2 9
m2 8 10
1 7 1
2 4 0
3 0 14
f 3 9
t 195 78
m0 8 9
m1 3 9
m2 8 11
1 7 2
2 5 0
3 1 14
t 194 88
m0 8 8
m1 2 9
m2 8 10
1 7 1
2 4 0
3 0 14
t 193 88
m0 8 8
m1 2 9
m2 8 10
1 7 2
2 4 1
3 1 14
t 192 88
m0 8 8
m1 2 9
m2 8 10
1 6 2
2 3 1
3 0 14
t 191 88
m0 8 8
m1 3 9
m2 8 11
1 6 3
2 4 1
3 1 14
t 190 88
m0 8 8
m1 3 9
m2 8 10
1 6 2
2 4 0
3 0 14
t 189 88
m0 8 9
m1 3 8
m2 8 9
1 7 2
2 5 0
3 1 14
t 188 88
m0 7 9
m1 3 9
m2 8 10
1 8 2
2 4 0
3 2 14
t 187 88
m0 7 9
m1 3 8
m2 8 10
1 9 2
2 5 0
3 2 13
t 186 88
m0 7 10
m1 3 8
m2 7 10
1 9 3
2 4 0
3 1 13
t 185 88
m0 7 10
m1 3 9
m2 7 9
1 9 2
2 5 0
3 1 14
t 184 88
m0 7 10
m1 2 9
m2 7 9
1 9 3
2 4 0
3 0 14
t 183 88
m0 7 11
m1 2 9
m2 6 9
1 9 2
2 4 1
3 1 14
t 182 89
m0 7 10
m1 2 9
m2 6 8
1 9 3
2 3 1
3 0 14
t 181 89
m0 7 10
m1 2 10
m2 6 9
1 9 4
2 2 1
3 1 14
t 180 89
m0 8 10
m1 2 11
m2 7 9
1 9 3
2 2 0
3 0 14
t 179 89
m0 9 10
m1 2 10
m2 8 9
1 9 2
2 1 0
3 1 14
t 178 89
m0 8 10
m1 2 9
m2 8 9
1 9 1
2 1 1
3 2 14
t 177 89
m0 8 10
m1 2 10
m2 8 8
1 9 0
2 1 0
3 3 14
t 176 89
m0 8 11
m1 2 10
m2 8 9
1 9 1
2 2 0
3 4 14
t 175 89
m0 7 11
m1 2 10
m2 8 8
1 9 2
2 1 0
3 5 14
t 174 89
m0 7 11
m1 2 10
m2 8 7
1 9 3
2 2 0
3 4 14
t 173 90
m0 6 11
m1 2 9
m2 7 7
1 9 2
2 1 0
3 3 14
t 172 91
m0 7 11
m1 2 10
m2 7 6
1 9 3
2 2 0
3 2 14
t 171 92
m0 6 11
m1 2 9
m2 7 6
1 9 4
2 1 0
3 3 14
t 170 92
m0 5 11
m1 1 9
m2 7 6
1 9 3
2 2 0
3 4 14
t 169 92
m0 6 11
m1 1 8
m2 7 6
1 9 2
2 1 0
3 5 14
t 168 92
m0 5 11
m1 1 8
m2 7 6
1 9 1
2 2 0
3 6 14
t 167 92
m0 5 12
m1 1 9
m2 7 7
1 9 2
2 1 0
3 5 14
t 166 92
m0 5 11
m1 1 8
m2 7 7
1 9 3
2 2 0
3 6 14
t 165 92
m0 5 10
m1 0 8
m2 7 6
1 9 4
2 1 0
3 7 14
t 164 92
m0 5 10
m1 1 8
m2 7 6
1 9 3
2 2 0
3 6 14
t 163 92
m0 5 10
m1 1 8
m2 8 6
1 9 2
2 1 0
3 7 14
t 162 92
m0 5 11
m1 1 9
m2 8 5
1 9 3
2 2 0
3 6 14
t 161 92
m0 5 10
m1 0 9
m2 8 6
1 9 4
2 1 0
3 7 14
t 160 92
m0 4 10
m1 0 8
m2 7 6
1 9 3
2 2 0
3 7 13
t 159 92
m0 4 11
m1 1 8
m2 7 5
1 9 2
2 1 0
3 7 14
t 158 92
m0 3 11
m1 1 7
m2 8 5
1 9 3
2 2 0
3 6 14
t 157 92
m0 4 11
m1 0 7
m2 7 5
1 9 4
2 1 0
3 7 14
t 156 92
m0 3 11
m1 0 8
m2 8 5
1 9 3
2 2 0
3 6 14
t 155 92
m0 2 11
m1 0 8
m2 8 6
1 9 2
2 1 0
3 5 14
t 154 92
m0 2 12
m1 0 9
m2 7 6
1 9 1
2 2 0
3 4 14
t 153 92
m0 2 13
m1 0 9
m2 8 6
1 9 2
2 1 0
3 3 14
t 152 92
m0 2 13
m1 0 10
m2 8 5
1 9 1
2 1 1
3 4 14
t 151 92
m0 2 13
m1 0 10
m2 9 5
1 9 0
2 2 1
3 5 14
t 150 93
m0 2 12
m1 0 11
m2 9 6
1 9 1
2 2 0
3 4 14
t 149 93
m0 1 12
m1 1 11
m2 8 6
1 9 2
2 1 0
3 5 14
t 148 93
m0 1 11
m1 2 11
m2 8 7
1 8 2
2 2 0
3 6 14
t 147 93
m0 2 11
m1 2 11
m2 8 8
1 9 2
2 1 0
3 5 14
t 146 93
m0 2 12
m1 2 12
m2 8 7
1 9 3
2 1 1
3 4 14
t 145 93
m0 2 11
m1 2 13
m2 7 7
1 9 2
2 1 0
3 3 14
t 144 93
m0 2 11
m1 1 13
m2 7 7
1 9 3
2 1 1
3 4 14
t 143 93
m0 2 10
m1 2 13
m2 7 7
1 9 4
2 1 0
3 5 14
t 142 93
m0 2 9
m1 3 13
m2 7 7
1 9 5
2 2 0
3 4 14
t 141 93
m0 2 10
m1 3 13
m2 7 7
1 9 4
2 1 0
3 3 14
t 140 93
m0 2 11
m1 4 13
m2 8 7
1 9 5
2 2 0
3 3 13
t 139 93
m0 2 10
m1 4 13
m2 7 7
1 9 6
2 1 0
3 3 14
t 138 93
m0 2 9
m1 3 13
m2 8 7
1 9 5
2 2 0
3 2 14
t 137 93
m0 1 9
m1 2 13
m2 8 7
1 9 6
2 1 0
3 3 14
f 6 14
t 136 93
m0 2 9
m1 -5 -5
m2 7 7
1 9 5
2 2 0
3 3 13
t 135 93
m0 2 10
m1 -5 -5
m2 8 7
1 9 4
2 1 0
3 3 14
t 134 93
m0 2 9
m1 -5 -5
m2 8 8
1 9 5
2 1 1
3 4 14
t 133 93
m0 3 9
m1 -5 -5
m2 8 7
1 8 5
2 1 0
3 3 14
t 132 93
m0 2 9
m1 -5 -5
m2 7 7
1 9 5
2 1 1
3 4 14
t 131 93
m0 3 9
m1 -5 -5
m2 7 6
1 9 4
2 1 0
3 5 14
t 130 93
m0 3 8
m1 -5 -5
m2 7 7
1 9 3
2 1 1
3 4 14
t 129 93
m0 3 9
m1 -5 -5
m2 7 7
1 9 2
2 1 0
3 5 14
t 128 93
m0 3 8
m1 -5 -5
m2 8 7
1 9 3
2 1 1
3 6 14
t 127 93
m0 3 7
m1 -5 -5
m2 8 8
1 9 4
2 1 0
3 5 14
t 126 93
m0 4 7
m1 -5 -5
m2 8 8
1 9 5
2 1 1
3 6 14
t 125 93
m0 5 7
m1 -5 -5
m2 8 7
1 9 4
2 1 0
3 5 14
t 124 94
m0 5 6
m1 -5 -5
m2 7 7
1 9 5
2 1 1
3 4 14
t 123 95
m0 6 6
m1 -5 -5
m2 8 7
1 9 4
2 1 0
3 3 14
t 122 95
m0 7 6
m1 -5 -5
m2 8 8
1 9 5
2 2 0
3 2 14
t 121 95
m0 7 6
m1 -5 -5
m2 8 8
1 9 4
2 1 0
3 3 14
t 120 95
m0 6 6
m1 -5 -5
m2 8 8
1 9 5
2 2 0
3 2 14
t 119 95
m0 7 6
m1 -5 -5
m2 8 8
1 8 5
2 1 0
3 1 14
t 118 95
m0 7 7
m1 -5 -5
m2 8 8
1 9 5
2 2 0
3 0 14
t 117 95
m0 7 7
m1 -5 -5
m2 8 9
1 8 5
2 1 0
3 1 14
t 116 95
m0 7 6
m1 -5 -5
m2 8 9
1 7 5
2 2 0
3 0 14
t 115 95
m0 7 7
m1 -5 -5
m2 8 8
1 7 6
2 1 0
3 1 14
t 114 95
m0 -5 -5
m1 -5 -5
m2 8 8
1 7 7
2 2 0
3 0 14
t 113 95
m0 -5 -5
m1 -5 -5
m2 8 8
1 7 6
2 1 0
3 1 14
t 112 95
m0 -5 -5
m1 -5 -5
m2 8 9
1 8 6
2 2 0
3 0 14
t 111 95
m0 -5 -5
m1 -5 -5
m2 9 9
1 8 7
2 1 0
3 1 14
t 110 95
m0 -5 -5
m1 -5 -5
m2 9 9
1 8 8
2 2 0
3 0 14
t 109 95
m0 -5 -5
m1 -5 -5
m2 -5 -5
1 8 9
2 1 0
3 1 14
t 108 95
