10
15
w 5 9
w 9 1
w 7 12
w 6 2
w 8 5
w 5 8
w 1 2
w 8 14
w 6 7
w 5 5
w 5 12
w 0 11
w 5 0
w 7 10
w 3 6
w 6 4
w 0 0
w 9 14
w 3 13
w 9 3
w 1 4
w 3 9
w 1 9
w 8 7
w 1 0
w 9 13
w 8 3
w 3 12
w 5 10
w 2 11
w 3 8
w 2 0
w 5 14
w 8 8
w 1 7
w 5 2
w 2 4
p 6 9
p 1 3
p 8 13
p 6 6
p 5 6
p 9 8
p 8 0
p 3 11
p 0 7
p 8 9
p 4 12
p 9 4
p 3 7
p 7 11
p 1 11
p 9 0
p 3 3
p 8 1
p 4 4
p 1 14
p 8 10
p 4 13
p 6 3
p 2 13
p 9 11
p 2 2
p 4 1
p 9 7
p 3 2
p 8 2
p 5 11
p 6 11
p 1 13
p 6 0
p 0 12
p 2 3
p 6 12
p 0 8
p 9 6
p 2 14
p 4 11
p 3 5
p 5 3
p 7 0
p 4 6
p 8 12
p 9 2
p 6 1
p 3 1
p 0 13
p 7 4
p 0 6
p 4 3
p 0 9
p 9 5
p 9 12
m0 0 14
m1 0 14
m2 0 14
1 9 0
2 9 0
3 9 0
t 300 0
m0 1 14
m1 0 13
m2 0 14
1 8 0
2 8 0
3 8 0
t 299 2
m0 2 14
m1 1 13
m2 0 14
1 9 0
2 8 1
3 9 0
t 298 4
m0 3 14
m1 1 12
m2 0 14
1 8 0
2 7 1
3 8 0
t 297 4
m0 4 14
m1 2 12
m2 0 14
1 9 0
2 7 2
3 9 0
t 296 4
m0 4 14
m1 2 12
m2 0 14
1 8 0
2 7 3
3 8 0
t 295 4
m0 4 14
m1 2 12
m2 0 14
1 9 0
2 7 4
3 9 0
t 294 4
m0 4 14
m1 2 12
m2 0 14
1 8 0
2 8 4
3 8 0
t 293 4
m0 4 14
m1 2 12
m2 0 14
1 9 0
2 9 4
3 9 0
t 292 4
m0 4 14
m1 2 12
m2 0 14
1 8 0
2 8 4
3 8 0
t 291 4
m0 4 14
m1 2 12
m2 0 14
1 9 0
2 9 4
3 9 0
t 290 4
m0 4 14
m1 2 12
m2 0 14
1 8 0
2 8 4
3 8 0
t 289 4
m0 4 14
m1 2 12
m2 0 14
1 9 0
2 9 4
3 9 0
t 288 4
m0 4 14
m1 2 12
m2 0 14
1 8 0
2 9 5
3 8 0
t 287 4
m0 4 14
m1 2 12
m2 0 14
1 9 0
2 9 4
3 9 0
t 286 4
m0 4 14
m1 2 12
m2 0 14
1 8 0
2 9 5
3 8 0
t 285 4
m0 4 13
m1 1 12
m2 1 14
1 9 0
2 9 6
3 9 0
t 284 15
m0 5 13
m1 2 12
m2 0 14
1 8 0
2 9 7
3 8 0
t 283 15
m0 6 13
m1 2 12
m2 0 14
1 9 0
2 9 6
3 9 0
t 282 15
m0 7 13
m1 2 12
m2 0 14
1 8 0
2 9 5
3 8 0
t 281 15
m0 8 13
m1 2 12
m2 0 14
1 9 0
2 9 6
3 9 0
t 280 16
m0 8 13
m1 2 12
m2 0 14
1 8 0
2 9 7
3 8 0
t 279 16
m0 8 12
m1 2 12
m2 0 14
1 9 0
2 9 8
3 9 0
t 278 17
m0 9 12
m1 2 12
m2 0 14
1 8 0
2 9 7
3 8 0
t 277 18
m0 9 11
m1 2 12
m2 0 14
1 7 0
2 9 6
3 7 0
t 276 19
m0 9 10
m1 2 12
m2 0 14
1 6 0
2 8 6
3 6 0
t 275 19
m0 9 9
m1 2 12
m2 0 14
1 7 0
2 7 6
3 7 0
t 274 19
m0 9 8
m1 2 12
m2 0 14
1 6 0
2 7 7
3 6 0
t 273 20
m0 9 7
m1 2 12
m2 0 14
1 7 0
2 7 6
3 7 0
t 272 21
m0 9 6
m1 2 12
m2 0 14
1 6 0
2 7 7
3 6 0
t 271 22
m0 8 6
m1 2 12
m2 0 14
1 7 0
2 7 8
3 7 0
t 270 22
m0 7 6
m1 2 12
m2 0 14
1 8 0
2 7 9
3 8 0
t 269 22
m0 7 7
m1 2 12
m2 0 14
1 9 0
2 8 9
3 9 0
t 268 22
m0 7 8
m1 2 12
m2 0 14
1 8 0
2 8 10
3 8 0
t 267 22
m0 7 9
m1 2 12
m2 0 14
1 9 0
2 9 10
3 9 0
t 266 22
m0 8 9
m1 2 12
m2 0 14
1 8 0
2 9 11
3 8 0
t 265 23
m0 9 9
m1 2 12
m2 0 14
1 7 0
2 9 12
3 7 0
t 264 23
m0 9 10
m1 2 12
m2 0 14
1 6 0
2 8 12
3 6 0
t 263 23
m0 8 10
m1 2 12
m2 0 14
1 7 0
2 9 12
3 7 0
t 262 24
m0 9 10
m1 2 12
m2 0 14
1 6 0
2 8 12
3 6 0
t 261 24
m0 8 10
m1 2 12
m2 0 14
1 7 0
2 9 12
3 7 0
f 3 4
t 260 24
m0 9 10
m1 2 12
m2 0 14
1 6 0
2 8 12
3 6 0
t 259 24
m0 8 10
m1 2 12
m2 0 14
1 7 0
2 8 13
3 7 0
t 258 24
m0 8 11
m1 2 12
m2 0 14
1 6 0
2 7 13
3 6 0
t 257 24
m0 7 11
m1 2 12
m2 0 14
1 7 0
2 7 14
3 7 0
t 256 25
m0 7 11
m1 2 12
m2 0 14
1 8 0
2 6 14
3 8 0
t 255 25
m0 6 11
m1 2 12
m2 0 14
1 9 0
2 7 14
3 9 0
t 254 26
m0 7 11
m1 2 12
m2 0 14
1 8 0
2 6 14
3 8 0
t 253 26
m0 6 11
m1 2 12
m2 0 14
1 9 0
2 7 14
3 9 0
t 252 26
m0 7 11
m1 2 12
m2 0 14
1 8 0
2 6 14
3 8 0
t 251 26
m0 6 11
m1 2 12
m2 0 14
1 9 0
2 7 14
3 9 0
t 250 26
m0 7 11
m1 2 12
m2 0 14
1 8 0
2 6 14
3 8 0
t 249 26
m0 6 11
m1 2 12
m2 0 14
1 9 0
2 7 14
3 9 0
t 248 26
m0 7 11
m1 2 12
m2 0 14
1 8 0
2 6 14
3 8 0
t 247 26
m0 6 11
m1 2 12
m2 0 14
1 9 0
2 7 14
3 9 0
t 246 26
m0 7 11
m1 2 12
m2 0 14
1 8 0
2 6 14
3 8 0
t 245 26
m0 6 11
m1 2 12
m2 0 14
1 9 0
2 7 14
3 9 0
t 244 26
m0 7 11
m1 2 12
m2 0 14
1 8 0
2 7 13
3 8 0
t 243 26
m0 7 11
m1 2 12
m2 0 14
1 9 0
2 6 13
3 9 0
t 242 26
m0 6 11
m1 2 12
m2 0 14
1 8 0
2 5 13
3 8 0
t 241 26
m0 5 11
m1 2 12
m2 0 14
1 9 0
2 4 13
3 9 0
t 240 27
m0 5 11
m1 2 12
m2 1 14
1 8 0
2 4 14
3 8 0
t 239 27
m0 5 11
m1 2 12
m2 2 14
1 9 0
2 4 13
3 9 0
t 238 27
m0 5 11
m1 2 12
m2 3 14
1 8 0
2 5 13
3 8 0
t 237 27
m0 5 11
m1 2 12
m2 4 14
1 9 0
2 6 13
3 9 0
t 236 27
m0 6 11
m1 2 12
m2 4 13
1 8 0
2 6 14
3 8 0
t 235 27
m0 6 10
m1 2 12
m2 5 13
1 9 0
2 7 14
3 9 0
t 234 27
m0 6 9
m1 2 12
m2 6 13
1 8 0
2 6 14
3 8 0
t 233 28
m0 6 8
m1 2 12
m2 -5 -5
1 9 0
2 7 14
3 9 0
t 232 28
m0 6 8
m1 2 13
m2 -5 -5
1 8 0
2 7 13
3 8 0
t 231 29
m0 6 8
m1 2 13
m2 -5 -5
1 9 0
2 8 13
3 9 0
t 230 29
m0 6 8
m1 2 13
m2 -5 -5
1 8 0
2 8 12
3 8 0
t 229 29
m0 6 8
m1 2 12
m2 -5 -5
1 9 0
2 8 13
3 9 0
t 228 29
m0 6 8
m1 2 13
m2 -5 -5
1 8 0
2 8 12
3 8 0
t 227 29
m0 6 8
m1 2 12
m2 -5 -5
1 9 0
2 9 12
3 9 0
t 226 29
m0 6 8
m1 2 12
m2 -5 -5
1 8 0
2 9 11
3 8 0
t 225 29
m0 6 8
m1 2 12
m2 -5 -5
1 9 0
2 8 11
3 9 0
t 224 29
m0 7 8
m1 2 12
m2 -5 -5
1 8 0
2 9 11
3 8 0
t 223 29
m0 7 7
m1 2 12
m2 -5 -5
1 9 0
2 9 10
3 9 0
t 222 29
m0 7 7
m1 2 12
m2 -5 -5
1 8 0
2 9 9
3 8 0
t 221 29
m0 7 7
m1 2 12
m2 -5 -5
1 9 0
2 9 10
3 9 0
t 220 29
m0 7 7
m1 2 12
m2 -5 -5
1 8 0
2 9 11
3 8 0
t 219 29
m0 7 7
m1 2 12
m2 -5 -5
1 9 0
2 9 12
3 9 0
t 218 29
m0 7 7
m1 2 12
m2 -5 -5
1 8 0
2 8 12
3 8 0
t 217 29
m0 7 7
m1 2 12
m2 -5 -5
1 9 0
2 8 13
3 9 0
t 216 29
m0 7 7
m1 2 12
m2 -5 -5
1 8 0
2 8 12
3 8 0
t 215 29
m0 7 7
m1 2 12
m2 -5 -5
1 9 0
2 8 13
3 9 0
t 214 29
m0 7 7
m1 2 12
m2 -5 -5
1 8 0
2 7 13
3 8 0
t 213 29
m0 7 7
m1 2 13
m2 -5 -5
1 9 0
2 6 13
3 9 0
t 212 29
m0 7 7
m1 2 13
m2 -5 -5
1 8 0
2 6 14
3 8 0
t 211 29
m0 7 6
m1 2 14
m2 -5 -5
1 9 0
2 6 13
3 9 0
t 210 29
m0 7 5
m1 3 14
m2 -5 -5
1 8 0
2 5 13
3 8 0
t 209 29
m0 7 4
m1 4 14
m2 -5 -5
1 9 0
2 6 13
3 9 0
t 208 30
m0 8 4
m1 4 13
m2 -5 -5
1 8 0
2 6 14
3 8 0
t 207 30
m0 8 4
m1 4 14
m2 -5 -5
1 9 0
2 7 14
3 9 0
t 206 30
m0 8 4
m1 4 14
m2 -5 -5
1 8 0
2 7 13
3 8 0
t 205 30
m0 8 4
m1 4 13
m2 -5 -5
1 9 0
2 7 14
3 9 0
t 204 30
m0 8 4
m1 4 14
m2 -5 -5
1 8 0
2 7 13
3 8 0
t 203 30
m0 8 4
m1 4 13
m2 -5 -5
1 9 0
2 6 13
3 9 0
t 202 30
m0 8 4
m1 5 13
m2 -5 -5
1 8 0
2 7 13
3 8 0
t 201 30
m0 8 4
m1 6 13
m2 -5 -5
1 9 0
2 7 14
3 9 0
t 200 30
m0 8 4
m1 6 14
m2 -5 -5
1 8 0
2 7 13
3 8 0
t 199 30
m0 8 4
m1 6 13
m2 -5 -5
1 9 0
2 8 13
3 9 0
t 198 30
m0 8 4
m1 7 13
m2 -5 -5
1 8 0
2 8 12
3 8 0
t 197 30
m0 8 4
m1 8 13
m2 -5 -5
1 9 0
2 9 12
3 9 0
t 196 30
m0 8 4
m1 8 12
m2 -5 -5
1 8 0
2 9 11
3 8 0
t 195 30
m0 8 4
m1 9 12
m2 -5 -5
1 9 0
2 8 11
3 9 0
t 194 30
m0 8 4
m1 8 12
m2 -5 -5
1 8 0
2 7 11
3 8 0
t 193 30
m0 8 4
m1 8 11
m2 -5 -5
1 9 0
2 6 11
3 9 0
t 192 30
m0 8 4
m1 7 11
m2 -5 -5
1 8 0
2 5 11
3 8 0
t 191 30
m0 8 4
m1 6 11
m2 -5 -5
1 9 0
2 4 11
3 9 0
t 190 30
m0 8 4
m1 5 11
m2 -5 -5
1 8 0
2 4 12
3 8 0
t 189 30
m0 8 4
m1 4 11
m2 -5 -5
1 9 0
2 4 13
3 9 0
t 188 31
m0 8 4
m1 4 12
m2 -5 -5
1 8 0
2 5 13
3 8 0
t 187 32
m0 8 4
m1 4 13
m2 -5 -5
1 9 0
2 6 13
3 9 0
t 186 32
m0 8 4
m1 5 13
m2 -5 -5
1 8 0
2 6 14
3 8 0
t 185 32
m0 8 4
m1 6 13
m2 -5 -5
1 9 0
2 7 14
3 9 0
t 184 32
m0 8 4
m1 6 14
m2 -5 -5
1 8 0
2 7 13
3 8 0
t 183 32
m0 8 4
m1 6 13
m2 -5 -5
1 9 0
2 7 14
3 9 0
t 182 32
m0 8 4
m1 6 14
m2 -5 -5
1 8 0
2 7 13
3 8 0
t 181 32
m0 8 4
m1 6 13
m2 -5 -5
1 9 0
2 7 14
3 9 0
t 180 32
m0 8 4
m1 6 14
m2 -5 -5
1 8 0
2 7 13
3 8 0
t 179 32
m0 8 4
m1 6 13
m2 -5 -5
1 9 0
2 7 14
3 9 0
t 178 32
m0 8 4
m1 6 14
m2 -5 -5
1 8 0
2 7 13
3 8 0
t 177 32
m0 8 4
m1 6 13
m2 -5 -5
1 9 0
2 7 14
3 9 0
t 176 32
m0 8 4
m1 6 14
m2 -5 -5
1 8 0
2 7 13
3 8 0
t 175 32
m0 8 4
m1 6 13
m2 -5 -5
1 9 0
2 8 13
3 9 0
t 174 32
m0 8 4
m1 7 13
m2 -5 -5
1 8 0
2 8 12
3 8 0
t 173 32
m0 8 4
m1 8 13
m2 -5 -5
1 9 0
2 9 12
3 9 0
t 172 32
m0 8 4
m1 8 12
m2 -5 -5
1 8 0
2 9 11
3 8 0
t 171 32
m0 8 4
m1 9 12
m2 -5 -5
1 9 0
2 9 10
3 9 0
t 170 32
m0 8 4
m1 9 11
m2 -5 -5
1 8 0
2 9 9
3 8 0
t 169 32
m0 8 4
m1 9 10
m2 -5 -5
1 9 0
2 8 9
3 9 0
t 168 32
m0 8 4
m1 8 10
m2 -5 -5
1 8 0
2 7 9
3 8 0
t 167 32
m0 8 4
m1 8 9
m2 -5 -5
1 9 0
2 7 8
3 9 0
t 166 32
m0 7 4
m1 7 9
m2 -5 -5
1 8 0
2 7 7
3 8 0
t 165 32
m0 7 4
m1 7 8
m2 -5 -5
1 9 0
2 7 6
3 9 0
t 164 32
m0 7 5
m1 7 7
m2 -5 -5
1 8 0
2 6 6
3 8 0
t 163 32
m0 6 5
m1 7 6
m2 -5 -5
1 9 0
2 5 6
3 9 0
t 162 32
m0 6 5
m1 6 6
m2 -5 -5
1 8 0
2 5 7
3 8 0
t 161 33
m0 6 5
m1 5 6
m2 -5 -5
1 9 0
2 4 7
3 9 0
t 160 34
m0 6 5
m1 4 6
m2 -5 -5
1 8 0
2 3 7
3 8 0
t 159 35
m0 6 5
m1 4 7
m2 -5 -5
1 9 0
2 2 7
3 9 0
t 158 35
m0 6 5
m1 3 7
m2 -5 -5
1 8 0
2 2 6
3 8 0
t 157 36
m0 6 5
m1 3 7
m2 -5 -5
1 9 0
2 1 6
3 9 0
t 156 36
m0 6 5
m1 3 7
m2 -5 -5
1 8 0
2 0 6
3 8 0
t 155 36
m0 6 5
m1 3 7
m2 -5 -5
1 9 0
2 0 5
3 9 0
t 154 36
m0 6 5
m1 3 7
m2 -5 -5
1 8 0
2 0 4
3 8 0
t 153 36
m0 6 5
m1 3 7
m2 -5 -5
1 9 0
2 0 3
3 9 0
t 152 36
m0 6 5
m1 3 7
m2 -5 -5
1 8 0
2 0 2
3 8 0
t 151 36
m0 6 5
m1 3 7
m2 -5 -5
1 9 0
2 0 1
3 9 0
t 150 36
m0 6 5
m1 3 7
m2 -5 -5
1 8 0
2 0 2
3 8 0
t 149 36
m0 6 5
m1 3 7
m2 -5 -5
1 9 0
2 0 1
3 9 0
t 148 36
m0 6 5
m1 3 7
m2 -5 -5
1 8 0
2 0 2
3 8 0
t 147 36
m0 6 5
m1 3 7
m2 -5 -5
1 9 0
2 0 3
3 9 0
t 146 36
m0 6 5
m1 3 7
m2 -5 -5
1 8 0
2 0 2
3 8 0
t 145 36
m0 6 5
m1 3 7
m2 -5 -5
1 9 0
2 0 1
3 9 0
t 144 36
m0 6 5
m1 3 7
m2 -5 -5
1 8 0
2 0 2
3 8 0
t 143 36
m0 6 5
m1 3 7
m2 -5 -5
1 9 0
2 0 3
3 9 0
t 142 36
m0 6 5
m1 3 7
m2 -5 -5
1 8 0
2 0 2
3 8 0
t 141 36
m0 6 5
m1 3 7
m2 -5 -5
1 9 0
2 0 3
3 9 0
t 140 36
m0 6 5
m1 3 7
m2 -5 -5
1 8 0
2 0 4
3 8 0
t 139 36
m0 6 5
m1 3 7
m2 -5 -5
1 9 0
2 0 3
3 9 0
t 138 36
m0 6 5
m1 3 7
m2 -5 -5
1 8 0
2 0 2
3 8 0
t 137 36
m0 6 5
m1 3 7
m2 -5 -5
1 9 0
2 0 1
3 9 0
t 136 36
m0 6 5
m1 3 7
m2 -5 -5
1 8 0
2 0 2
3 8 0
t 135 36
m0 6 5
m1 3 7
m2 -5 -5
1 9 0
2 0 1
3 9 0
t 134 36
m0 6 5
m1 3 7
m2 -5 -5
1 8 0
2 0 2
3 8 0
t 133 36
m0 6 5
m1 3 7
m2 -5 -5
1 9 0
2 0 1
3 9 0
t 132 36
m0 6 5
m1 3 7
m2 -5 -5
1 8 0
2 1 1
3 8 0
t 131 36
m0 6 5
m1 3 7
m2 -5 -5
1 9 0
2 0 1
3 9 0
t 130 36
m0 6 5
m1 3 7
m2 -5 -5
1 8 0
2 1 1
3 8 0
t 129 36
m0 6 5
m1 3 7
m2 -5 -5
1 9 0
2 0 1
3 9 0
t 128 36
m0 6 5
m1 3 7
m2 -5 -5
1 8 0
2 0 2
3 8 0
t 127 36
m0 6 5
m1 3 7
m2 -5 -5
1 9 0
2 0 3
3 9 0
t 126 36
m0 6 5
m1 3 7
m2 -5 -5
1 8 0
2 0 2
3 8 0
t 125 36
m0 6 5
m1 3 7
m2 -5 -5
1 9 0
2 0 1
3 9 0
t 124 36
m0 6 5
m1 3 7
m2 -5 -5
1 8 0
2 1 1
3 8 0
t 123 36
m0 6 5
m1 3 7
m2 -5 -5
1 9 0
2 0 1
3 9 0
t 122 36
m0 6 5
m1 3 7
m2 -5 -5
1 8 0
2 1 1
3 8 0
t 121 36
m0 6 5
m1 3 7
m2 -5 -5
1 9 0
2 2 1
3 9 0
t 120 36
m0 6 5
m1 3 7
m2 -5 -5
1 8 0
2 1 1
3 8 0
t 119 36
m0 6 5
m1 3 7
m2 -5 -5
1 9 0
2 0 1
3 9 0
t 118 36
m0 6 5
m1 3 7
m2 -5 -5
1 8 0
2 0 2
3 8 0
t 117 36
m0 6 5
m1 3 7
m2 -5 -5
1 9 0
2 0 3
3 9 0
t 116 36
m0 6 5
m1 3 7
m2 -5 -5
1 8 0
2 0 2
3 8 0
t 115 36
m0 6 5
m1 3 7
m2 -5 -5
1 9 0
2 0 3
3 9 0
t 114 36
m0 6 5
m1 3 7
m2 -5 -5
1 8 0
2 1 3
3 8 0
t 113 36
m0 6 5
m1 3 7
m2 -5 -5
1 9 0
2 0 3
3 9 0
t 112 36
m0 6 5
m1 3 7
m2 -5 -5
1 8 0
2 0 2
3 8 0
t 111 36
m0 6 5
m1 3 7
m2 -5 -5
1 9 0
2 0 1
3 9 0
t 110 36
m0 6 5
m1 3 7
m2 -5 -5
1 8 0
2 1 1
3 8 0
t 109 36
m0 6 5
m1 3 7
m2 -5 -5
1 9 0
2 0 1
3 9 0
t 108 36
m0 6 5
m1 3 7
m2 -5 -5
1 8 0
2 0 2
3 8 0
t 107 36
m0 6 5
m1 3 7
m2 -5 -5
1 9 0
2 0 1
3 9 0
t 106 36
m0 6 5
m1 3 7
m2 -5 -5
1 8 0
2 1 1
3 8 0
t 105 36
m0 6 5
m1 3 7
m2 -5 -5
1 9 0
2 0 1
3 9 0
t 104 36
m0 6 5
m1 3 7
m2 -5 -5
1 8 0
2 0 2
3 8 0
t 103 36
m0 6 5
m1 3 7
m2 -5 -5
1 9 0
2 0 1
3 9 0
t 102 36
m0 6 5
m1 3 7
m2 -5 -5
1 8 0
2 0 2
3 8 0
t 101 36
m0 6 5
m1 3 7
m2 -5 -5
1 9 0
2 0 3
3 9 0
t 100 36
m0 6 5
m1 3 7
m2 -5 -5
1 8 0
2 0 4
3 8 0
t 99 36
m0 6 5
m1 3 7
m2 -5 -5
1 9 0
2 0 5
3 9 0
t 98 36
m0 6 5
m1 3 7
m2 -5 -5
1 8 0
2 0 6
3 8 0
t 97 36
m0 6 5
m1 3 7
m2 -5 -5
1 9 0
2 1 6
3 9 0
t 96 36
m0 6 5
m1 3 7
m2 -5 -5
1 8 0
2 1 5
3 8 0
t 95 36
m0 6 5
m1 3 7
m2 -5 -5
1 9 0
2 2 5
3 9 0
t 94 36
m0 6 5
m1 3 7
m2 -5 -5
1 8 0
2 1 5
3 8 0
t 93 36
m0 6 5
m1 3 7
m2 -5 -5
1 9 0
2 0 5
3 9 0
t 92 36
m0 6 5
m1 3 7
m2 -5 -5
1 8 0
2 0 6
3 8 0
t 91 36
m0 6 5
m1 3 7
m2 -5 -5
1 9 0
2 0 5
3 9 0
t 90 36
m0 6 5
m1 3 7
m2 -5 -5
1 8 0
2 1 5
3 8 0
t 89 36
m0 6 5
m1 3 7
m2 -5 -5
1 9 0
2 0 5
3 9 0
t 88 36
m0 6 5
m1 3 7
m2 -5 -5
1 8 0
2 0 6
3 8 0
t 87 36
m0 6 5
m1 3 7
m2 -5 -5
1 9 0
2 0 7
3 9 0
t 86 36
m0 6 5
m1 3 7
m2 -5 -5
1 8 0
2 0 6
3 8 0
t 85 36
m0 6 5
m1 3 7
m2 -5 -5
1 9 0
2 0 5
3 9 0
t 84 36
m0 6 5
m1 3 7
m2 -5 -5
1 8 0
2 0 4
3 8 0
t 83 36
m0 6 5
m1 3 7
m2 -5 -5
1 9 0
2 0 5
3 9 0
t 82 36
m0 6 5
m1 3 7
m2 -5 -5
1 8 0
2 1 5
3 8 0
t 81 36
m0 6 5
m1 3 7
m2 -5 -5
1 9 0
2 1 6
3 9 0
t 80 36
m0 6 5
m1 3 7
m2 -5 -5
1 8 0
2 1 5
3 8 0
t 79 36
m0 6 5
m1 3 7
m2 -5 -5
1 9 0
2 0 5
3 9 0
t 78 36
m0 6 5
m1 3 7
m2 -5 -5
1 8 0
2 0 4
3 8 0
t 77 36
m0 6 5
m1 3 7
m2 -5 -5
1 9 0
2 0 3
3 9 0
t 76 36
m0 6 5
m1 3 7
m2 -5 -5
1 8 0
2 0 2
3 8 0
t 75 36
m0 6 5
m1 3 7
m2 -5 -5
1 9 0
2 0 3
3 9 0
t 74 36
m0 6 5
m1 3 7
m2 -5 -5
1 8 0
2 1 3
3 8 0
t 73 36
m0 6 5
m1 3 7
m2 -5 -5
1 9 0
2 0 3
3 9 0
t 72 36
m0 6 5
m1 3 7
m2 -5 -5
1 8 0
2 0 4
3 8 0
t 71 36
m0 6 5
m1 3 7
m2 -5 -5
1 9 0
2 0 5
3 9 0
t 70 36
m0 6 5
m1 3 7
m2 -5 -5
1 8 0
2 0 4
3 8 0
t 69 36
m0 6 5
m1 3 7
m2 -5 -5
1 9 0
2 0 3
3 9 0
t 68 36
m0 6 5
m1 3 7
m2 -5 -5
1 8 0
2 0 2
3 8 0
t 67 36
m0 6 5
m1 3 7
m2 -5 -5
1 9 0
2 0 1
3 9 0
t 66 36
m0 6 5
m1 3 7
m2 -5 -5
1 8 0
2 1 1
3 8 0
t 65 36
m0 6 5
m1 3 7
m2 -5 -5
1 9 0
2 0 1
3 9 0
t 64 36
m0 6 5
m1 3 7
m2 -5 -5
1 8 0
2 0 2
3 8 0
t 63 36
m0 6 5
m1 3 7
m2 -5 -5
1 9 0
2 0 1
3 9 0
t 62 36
m0 6 5
m1 3 7
m2 -5 -5
1 8 0
2 0 2
3 8 0
t 61 36
m0 6 5
m1 3 7
m2 -5 -5
1 9 0
2 0 3
3 9 0
t 60 36
m0 6 5
m1 3 7
m2 -5 -5
1 8 0
2 0 2
3 8 0
t 59 36
m0 6 5
m1 3 7
m2 -5 -5
1 9 0
2 0 3
3 9 0
t 58 36
m0 6 5
m1 3 7
m2 -5 -5
1 8 0
2 0 2
3 8 0
t 57 36
m0 6 5
m1 3 7
m2 -5 -5
1 9 0
2 0 1
3 9 0
t 56 36
m0 6 5
m1 3 7
m2 -5 -5
1 8 0
2 0 2
3 8 0
t 55 36
m0 6 5
m1 3 7
m2 -5 -5
1 9 0
2 0 3
3 9 0
t 54 36
m0 6 5
m1 3 7
m2 -5 -5
1 8 0
2 0 2
3 8 0
t 53 36
m0 6 5
m1 3 7
m2 -5 -5
1 9 0
2 0 1
3 9 0
t 52 36
m0 6 5
m1 3 7
m2 -5 -5
1 8 0
2 0 2
3 8 0
t 51 36
m0 6 5
m1 3 7
m2 -5 -5
1 9 0
2 0 1
3 9 0
t 50 36
m0 6 5
m1 3 7
m2 -5 -5
1 8 0
2 1 1
3 8 0
t 49 36
m0 6 5
m1 3 7
m2 -5 -5
1 9 0
2 2 1
3 9 0
t 48 36
m0 6 5
m1 3 7
m2 -5 -5
1 8 0
2 2 2
3 8 0
t 47 36
m0 6 5
m1 3 7
m2 -5 -5
1 9 0
2 2 1
3 9 0
t 46 36
m0 6 5
m1 3 7
m2 -5 -5
1 8 0
2 3 1
3 8 0
t 45 36
m0 6 5
m1 3 7
m2 -5 -5
1 9 0
2 3 0
3 9 0
t 44 36
m0 6 5
m1 3 7
m2 -5 -5
1 8 0
2 4 0
3 8 0
t 43 36
m0 6 5
m1 3 7
m2 -5 -5
1 9 0
2 3 0
3 9 0
t 42 36
m0 6 5
m1 3 7
m2 -5 -5
1 8 0
2 3 1
3 8 0
t 41 36
m0 6 5
m1 3 7
m2 -5 -5
1 9 0
2 2 1
3 9 0
t 40 36
m0 6 5
m1 3 7
m2 -5 -5
1 8 0
2 2 2
3 8 0
t 39 36
m0 6 5
m1 3 7
m2 -5 -5
1 9 0
2 2 3
3 9 0
t 38 36
m0 6 5
m1 3 7
m2 -5 -5
1 8 0
2 2 2
3 8 0
t 37 36
m0 6 5
m1 3 7
m2 -5 -5
1 9 0
2 2 3
3 9 0
t 36 36
m0 6 5
m1 3 7
m2 -5 -5
1 8 0
2 1 3
3 8 0
t 35 36
m0 6 5
m1 3 7
m2 -5 -5
1 9 0
2 0 3
3 9 0
t 34 36
m0 6 5
m1 3 7
m2 -5 -5
1 8 0
2 0 2
3 8 0
t 33 36
m0 6 5
m1 3 7
m2 -5 -5
1 9 0
2 0 1
3 9 0
t 32 36
m0 6 5
m1 3 7
m2 -5 -5
1 8 0
2 0 2
3 8 0
t 31 36
m0 6 5
m1 3 7
m2 -5 -5
1 9 0
2 0 3
3 9 0
t 30 36
m0 6 5
m1 3 7
m2 -5 -5
1 8 0
2 0 2
3 8 0
t 29 36
m0 6 5
m1 3 7
m2 -5 -5
1 9 0
2 0 3
3 9 0
t 28 36
m0 6 5
m1 3 7
m2 -5 -5
1 8 0
2 0 4
3 8 0
t 27 36
m0 6 5
m1 3 7
m2 -5 -5
1 9 0
2 0 3
3 9 0
t 26 36
m0 6 5
m1 3 7
m2 -5 -5
1 8 0
2 0 4
3 8 0
t 25 36
m0 6 5
m1 3 7
m2 -5 -5
1 9 0
2 0 3
3 9 0
t 24 36
m0 6 5
m1 3 7
m2 -5 -5
1 8 0
2 0 2
3 8 0
t 23 36
m0 6 5
m1 3 7
m2 -5 -5
1 9 0
2 0 1
3 9 0
t 22 36
m0 6 5
m1 3 7
m2 -5 -5
1 8 0
2 0 2
3 8 0
t 21 36
m0 6 5
m1 3 7
m2 -5 -5
1 9 0
2 0 3
3 9 0
t 20 36
m0 6 5
m1 3 7
m2 -5 -5
1 8 0
2 0 4
3 8 0
t 19 36
m0 6 5
m1 3 7
m2 -5 -5
1 9 0
2 0 3
3 9 0
t 18 36
m0 6 5
m1 3 7
m2 -5 -5
1 8 0
2 0 4
3 8 0
t 17 36
m0 6 5
m1 3 7
m2 -5 -5
1 9 0
2 0 3
3 9 0
t 16 36
m0 6 5
m1 3 7
m2 -5 -5
1 8 0
2 0 2
3 8 0
t 15 36
m0 6 5
m1 3 7
m2 -5 -5
1 9 0
2 0 3
3 9 0
t 14 36
m0 6 5
m1 3 7
m2 -5 -5
1 8 0
2 0 2
3 8 0
t 13 36
m0 6 5
m1 3 7
m2 -5 -5
1 9 0
2 0 1
3 9 0
t 12 36
m0 6 5
m1 3 7
m2 -5 -5
1 8 0
2 1 1
3 8 0
t 11 36
m0 6 5
m1 3 7
m2 -5 -5
1 9 0
2 0 1
3 9 0
t 10 36
m0 6 5
m1 3 7
m2 -5 -5
1 8 0
2 1 1
3 8 0
t 9 36
m0 6 5
m1 3 7
m2 -5 -5
1 9 0
2 2 1
3 9 0
t 8 36
m0 6 5
m1 3 7
m2 -5 -5
1 8 0
2 2 2
3 8 0
t 7 36
m0 6 5
m1 3 7
m2 -5 -5
1 9 0
2 2 1
3 9 0
t 6 36
m0 6 5
m1 3 7
m2 -5 -5
1 8 0
2 1 1
3 8 0
t 5 36
m0 6 5
m1 3 7
m2 -5 -5
1 9 0
2 0 1
3 9 0
t 4 36
m0 6 5
m1 3 7
m2 -5 -5
1 8 0
2 0 2
3 8 0
t 3 36
m0 6 5
m1 3 7
m2 -5 -5
1 9 0
2 0 1
3 9 0
t 2 36
m0 6 5
m1 3 7
m2 -5 -5
1 8 0
2 0 2
3 8 0
t 1 36
m0 6 5
m1 3 7
m2 -5 -5
1 8 0
2 0 2
3 8 0
t 0 36
