10
15
w 7 3
w 6 9
w 3 0
w 9 8
w 7 7
w 7 11
w 5 1
w 8 5
w 1 2
w 8 14
w 4 4
w 4 13
w 0 11
w 0 4
w 4 10
w 7 14
w 9 14
w 3 13
w 6 11
w 7 1
w 6 0
w 2 10
w 3 9
w 0 5
w 1 0
w 0 8
w 9 6
w 6 5
w 8 3
w 3 12
w 7 0
w 6 8
w 8 12
w 5 7
w 2 11
w 9 9
w 2 4
p 4 7
p 1 3
p 8 13
p 9 1
p 6 6
p 7 12
p 8 0
p 0 7
p 8 9
p 4 12
p 9 4
p 3 7
p 0 3
p 1 11
p 7 2
p 4 0
p 6 14
p 9 0
p 4 9
p 5 5
p 3 3
p 8 1
p 7 6
p 6 10
p 5 12
p 8 10
p 9 11
p 2 2
p 9 7
p 6 4
p 5 4
p 0 0
p 8 2
p 1 13
p 1 4
p 2 3
p 1 9
p 8 7
p 6 12
p 2 14
p 4 11
p 3 5
p 2 7
p 5 3
p 7 8
p 4 6
p 1 12
p 6 1
p 7 13
p 2 0
p 0 6
p 4 3
p 0 9
p 9 5
p 3 4
p 9 12
m0 0 14
m1 0 14
m2 0 14
1 9 0
2 9 0
3 9 0
t 300 0
m0 0 14
m1 1 14
m2 0 14
1 8 0
2 9 1
3 8 0
t 299 0
m0 0 13
m1 2 14
m2 0 14
1 9 0
2 9 0
3 8 1
t 298 1
m0 0 13
m1 1 14
m2 0 13
1 8 0
2 9 1
3 8 2
t 297 1
m0 0 12
m1 0 14
m2 1 13
1 9 0
2 9 0
3 7 2
t 296 2
m0 0 13
m1 0 14
m2 0 13
1 8 0
2 9 1
3 6 2
t 295 2
m0 0 14
m1 0 13
m2 0 14
1 9 0
2 9 0
3 5 2
t 294 2
m0 1 14
m1 0 13
m2 0 13
1 8 0
2 9 1
3 4 2
t 293 2
m0 1 14
m1 0 12
m2 0 12
1 9 0
2 9 0
3 3 2
t 292 2
m0 1 14
m1 0 12
m2 0 12
1 8 0
2 9 1
3 2 2
t 291 2
m0 1 14
m1 0 13
m2 0 13
1 9 0
2 9 0
3 2 3
t 290 2
m0 0 14
m1 0 14
m2 1 13
1 8 0
2 9 1
3 1 3
t 289 2
m0 0 14
m1 1 14
m2 0 13
1 9 0
2 9 0
3 0 3
t 288 2
m0 0 13
m1 0 14
m2 0 13
1 8 0
2 9 1
3 1 3
t 287 2
m0 1 13
m1 1 14
m2 0 13
1 9 0
2 9 0
3 0 3
t 286 2
m0 1 12
m1 2 14
m2 1 13
1 8 0
2 9 1
3 1 3
t 285 3
m0 0 12
m1 3 14
m2 0 13
1 9 0
2 9 0
3 0 3
t 284 3
m0 0 12
m1 3 14
m2 0 14
1 8 0
2 9 1
3 1 3
t 283 3
m0 1 12
m1 2 14
m2 1 14
1 9 0
2 9 0
3 0 3
t 282 3
m0 1 11
m1 1 14
m2 2 14
1 8 0
2 9 1
3 1 3
t 281 4
m0 1 12
m1 0 14
m2 3 14
1 9 0
2 9 0
3 0 3
f 5 14
t 280 4
m0 1 11
m1 0 13
m2 3 14
1 8 0
2 9 1
3 1 3
t 279 4
m0 1 11
m1 1 13
m2 3 14
1 9 0
2 9 0
3 0 3
t 278 4
m0 1 11
m1 1 14
m2 3 14
1 8 0
2 9 1
3 1 3
t 277 4
m0 1 11
m1 2 14
m2 4 14
1 9 0
2 9 0
3 0 3
t 276 4
m0 1 11
m1 3 14
m2 5 14
1 8 0
2 9 1
3 1 3
t 275 14
m0 1 11
m1 2 14
m2 4 14
1 9 0
2 9 0
3 0 3
t 274 14
m0 1 11
m1 3 14
m2 4 14
1 8 0
2 9 1
3 1 3
t 273 14
m0 1 11
m1 2 14
m2 4 14
1 9 0
2 9 0
3 0 3
t 272 14
m0 1 11
m1 3 14
m2 4 14
1 8 0
2 9 1
3 1 3
t 271 14
m0 1 11
m1 3 14
m2 5 14
1 9 0
2 9 0
3 0 3
t 270 14
m0 1 11
m1 2 14
m2 5 14
1 8 0
2 9 1
3 1 3
t 269 14
m0 1 11
m1 3 14
m2 5 13
1 9 0
2 9 0
3 0 3
f 1 13
t 268 14
m0 1 11
m1 2 14
m2 5 12
1 8 0
2 9 1
3 1 3
t 267 15
m0 1 11
m1 3 14
m2 5 13
1 9 0
2 9 0
3 0 3
t 266 15
m0 1 11
m1 2 14
m2 6 13
1 8 0
2 9 1
3 1 3
t 265 15
m0 1 11
m1 3 14
m2 5 13
1 9 0
2 9 0
3 0 3
t 264 15
m0 1 11
m1 4 14
m2 5 14
1 8 0
2 9 1
3 1 3
t 263 15
m0 1 11
m1 4 14
m2 4 14
1 9 0
2 9 0
3 0 3
t 262 15
m0 1 11
m1 5 14
m2 5 14
1 8 0
2 9 1
3 1 3
t 261 15
m0 1 11
m1 5 13
m2 4 14
1 9 0
2 9 0
3 0 3
t 260 15
m0 1 11
m1 5 13
m2 4 14
1 8 0
2 9 1
3 1 3
t 259 15
m0 1 11
m1 5 13
m2 5 14
1 9 0
2 9 0
3 0 3
t 258 15
m0 1 11
m1 5 13
m2 5 13
1 8 0
2 9 1
3 1 3
t 257 15
m0 1 11
m1 5 13
m2 5 12
1 9 0
2 9 0
3 0 3
t 256 15
m0 1 11
m1 5 13
m2 5 13
1 8 0
2 9 1
3 1 3
t 255 15
m0 1 11
m1 5 14
m2 6 13
1 9 0
2 9 0
3 0 3
t 254 15
m0 1 11
m1 6 14
m2 6 13
1 8 0
2 9 1
3 1 3
t 253 16
m0 1 11
m1 6 13
m2 6 14
1 9 0
2 9 0
3 0 3
t 252 16
m0 1 11
m1 7 13
m2 6 14
1 8 0
2 9 1
3 1 3
t 251 17
m0 1 11
m1 8 13
m2 6 13
1 9 0
2 9 0
3 0 3
t 250 18
m0 1 11
m1 7 13
m2 7 13
1 8 0
2 9 1
3 1 3
t 249 18
m0 1 11
m1 6 13
m2 7 12
1 9 0
2 9 0
3 0 3
t 248 19
m0 1 11
m1 6 13
m2 6 12
1 8 0
2 9 1
3 1 3
t 247 20
m0 1 11
m1 6 13
m2 6 12
1 9 0
2 9 0
3 0 3
t 246 20
m0 1 11
m1 5 13
m2 7 12
1 8 0
2 9 1
3 1 3
t 245 20
m0 1 11
m1 6 13
m2 7 13
1 9 0
2 9 0
3 0 3
t 244 20
m0 1 11
m1 6 13
m2 7 12
1 8 0
2 9 1
3 1 3
t 243 20
m0 1 11
m1 6 14
m2 7 12
1 9 0
2 9 0
3 0 3
t 242 20
m0 1 11
m1 6 14
m2 6 12
1 8 0
2 9 1
3 1 3
t 241 20
m0 1 11
m1 6 13
m2 6 13
1 9 0
2 9 0
3 0 3
t 240 20
m0 1 11
m1 6 14
m2 6 12
1 8 0
2 9 1
3 1 3
t 239 20
m0 1 11
m1 6 13
m2 6 13
1 9 0
2 9 0
3 0 3
t 238 20
m0 1 11
m1 6 14
m2 7 13
1 8 0
2 9 1
3 1 3
t 237 20
m0 1 11
m1 6 13
m2 8 13
1 9 0
2 9 0
3 0 3
t 236 20
m0 1 11
m1 6 14
m2 8 13
1 8 0
2 9 1
3 1 3
t 235 20
m0 1 11
m1 6 13
m2 7 13
1 9 0
2 9 0
3 0 3
t 234 20
m0 1 11
m1 6 14
m2 7 12
1 8 0
2 9 1
3 1 3
t 233 20
m0 1 11
m1 6 14
m2 7 13
1 9 0
2 9 0
3 0 3
t 232 20
m0 1 11
m1 6 13
m2 7 13
1 8 0
2 9 1
3 1 3
t 231 20
m0 1 11
m1 7 13
m2 7 12
1 9 0
2 9 0
3 0 3
t 230 20
m0 1 11
m1 7 12
m2 7 13
1 8 0
2 9 1
3 1 3
t 229 20
m0 1 11
m1 6 12
m2 6 13
1 9 0
2 9 0
3 0 3
t 228 20
m0 1 11
m1 7 12
m2 6 12
1 8 0
2 9 1
3 1 3
t 227 20
m0 1 11
m1 7 13
m2 6 12
1 9 0
2 9 0
3 0 3
t 226 20
m0 1 11
m1 7 13
m2 7 12
1 8 0
2 9 1
3 1 3
t 225 20
m0 1 11
m1 6 13
m2 7 12
1 9 0
2 9 0
3 0 3
t 224 20
m0 1 11
m1 6 14
m2 7 12
1 8 0
2 9 1
3 1 3
t 223 20
m0 1 11
m1 6 14
m2 7 13
1 9 0
2 9 0
3 0 3
t 222 20
m0 1 11
m1 6 14
m2 7 13
1 8 0
2 9 1
3 1 3
t 221 20
m0 1 11
m1 5 14
m2 6 13
1 9 0
2 9 0
3 0 3
t 220 20
m0 1 11
m1 6 14
m2 6 14
1 8 0
2 9 1
3 1 3
t 219 20
m0 1 11
m1 5 14
m2 6 14
1 9 0
2 9 0
3 0 3
t 218 20
m0 1 11
m1 6 14
m2 6 14
1 8 0
2 9 1
3 1 3
t 217 20
m0 1 11
m1 6 13
m2 5 14
1 9 0
2 9 0
3 0 3
t 216 20
m0 1 11
m1 6 14
m2 6 14
1 8 0
2 9 1
3 1 3
t 215 20
m0 1 11
m1 6 14
m2 5 14
1 9 0
2 9 0
3 0 3
t 214 20
m0 1 11
m1 6 13
m2 5 13
1 8 0
2 9 1
3 1 3
t 213 20
m0 1 11
m1 7 13
m2 6 13
1 9 0
2 9 0
3 0 3
t 212 20
m0 1 11
m1 7 12
m2 6 13
1 8 0
2 9 1
3 1 3
t 211 20
m0 1 11
m1 7 13
m2 6 13
1 9 0
2 9 0
3 0 3
t 210 20
m0 1 11
m1 7 13
m2 7 13
1 8 0
2 9 1
3 1 3
t 209 20
m0 1 11
m1 7 12
m2 7 13
1 9 0
2 9 0
3 0 3
t 208 20
m0 1 11
m1 7 13
m2 8 13
1 8 0
2 9 1
3 1 3
t 207 20
m0 1 11
m1 8 13
m2 8 13
1 9 0
2 9 0
3 0 3
t 206 20
m0 1 11
m1 8 13
m2 8 13
1 8 0
2 9 1
3 1 3
t 205 20
m0 1 11
m1 9 13
m2 7 13
1 9 0
2 8 1
3 0 3
t 204 20
m0 1 11
m1 9 13
m2 6 13
1 8 0
2 9 1
3 1 3
t 203 20
m0 1 11
m1 8 13
m2 6 13
1 9 0
2 9 0
3 0 3
t 202 20
m0 1 11
m1 9 13
m2 6 14
1 8 0
2 8 0
3 1 3
t 201 20
m0 1 11
m1 8 13
m2 5 14
1 9 0
2 9 0
3 0 3
t 200 20
m0 1 11
m1 8 13
m2 6 14
1 8 0
2 9 1
3 1 3
t 199 20
m0 1 11
m1 7 13
m2 6 13
1 9 0
2 9 0
3 0 3
t 198 20
m0 1 11
m1 7 12
m2 5 13
1 8 0
2 9 1
3 1 3
t 197 20
m0 1 11
m1 6 12
m2 5 13
1 9 0
2 9 0
3 0 3
t 196 20
m0 1 11
m1 6 12
m2 5 13
1 8 0
2 9 1
3 1 3
t 195 20
m0 1 11
m1 7 12
m2 5 13
1 9 0
2 9 0
3 0 3
t 194 20
m0 1 11
m1 7 12
m2 6 13
1 8 0
2 9 1
3 1 3
t 193 20
m0 1 11
m1 7 13
m2 6 13
1 9 0
2 9 0
3 0 3
t 192 20
m0 1 11
m1 7 12
m2 5 13
1 8 0
2 9 1
3 1 3
t 191 20
m0 1 11
m1 7 13
m2 5 13
1 9 0
2 9 0
3 0 3
t 190 20
m0 1 11
m1 7 12
m2 5 12
1 8 0
2 9 1
3 1 3
t 189 20
m0 1 11
m1 7 12
m2 4 12
1 9 0
2 9 0
3 0 3
t 188 21
m0 1 11
m1 7 13
m2 4 12
1 8 0
2 9 1
3 1 3
t 187 21
m0 1 11
m1 7 13
m2 4 12
1 9 0
2 9 0
3 0 3
t 186 21
m0 1 11
m1 7 13
m2 5 12
1 8 0
2 9 1
3 1 3
t 185 21
m0 1 11
m1 8 13
m2 6 12
1 9 0
2 9 0
3 0 3
t 184 21
m0 1 11
m1 8 13
m2 7 12
1 8 0
2 9 1
3 1 3
t 183 21
m0 1 11
m1 7 13
m2 7 13
1 9 0
2 9 0
3 0 3
t 182 21
m0 1 11
m1 8 13
m2 7 13
1 8 0
2 9 1
3 1 3
t 181 21
m0 1 11
m1 9 13
m2 6 13
1 9 0
2 8 1
3 0 3
t 180 21
m0 1 11
m1 8 13
m2 6 12
1 8 0
2 9 1
3 1 3
t 179 21
m0 1 11
m1 8 13
m2 6 13
1 9 0
2 9 0
3 0 3
t 178 21
m0 1 11
m1 9 13
m2 5 13
1 8 0
2 8 0
3 1 3
t 177 21
m0 1 11
m1 9 12
m2 5 13
1 9 0
2 8 1
3 0 3
t 176 22
m0 1 11
m1 9 13
m2 6 13
1 8 0
2 9 1
3 1 3
t 175 22
m0 1 11
m1 9 12
m2 6 14
1 9 0
2 8 1
3 0 3
t 174 22
m0 1 11
m1 9 12
m2 6 14
1 8 0
2 9 1
3 1 3
t 173 22
m0 1 11
m1 9 13
m2 6 14
1 9 0
2 8 1
3 0 3
t 172 22
m0 1 11
m1 9 12
m2 5 14
1 8 0
2 9 1
3 1 3
t 171 22
m0 1 11
m1 9 13
m2 6 14
1 9 0
2 8 1
3 0 3
t 170 22
m0 1 11
m1 8 13
m2 5 14
1 8 0
2 9 1
3 1 3
t 169 22
m0 1 11
m1 8 13
m2 5 13
1 9 0
2 9 0
3 0 3
t 168 22
m0 1 11
m1 8 13
m2 5 13
1 8 0
2 9 1
3 1 3
t 167 22
m0 1 11
m1 8 13
m2 5 13
1 9 0
2 9 0
3 0 3
t 166 22
m0 1 11
m1 9 13
m2 6 13
1 8 0
2 8 0
3 1 3
t 165 22
m0 1 11
m1 8 13
m2 6 14
1 9 0
2 9 0
3 0 3
t 164 22
m0 1 11
m1 8 13
m2 6 14
1 8 0
2 9 1
3 1 3
t 163 22
m0 1 11
m1 7 13
m2 6 14
1 9 0
2 9 0
3 0 3
t 162 22
m0 1 11
m1 6 13
m2 6 13
1 8 0
2 9 1
3 1 3
t 161 22
m0 1 11
m1 6 12
m2 6 14
1 9 0
2 9 0
3 0 3
t 160 22
m0 1 11
m1 5 12
m2 6 14
1 8 0
2 9 1
3 1 3
t 159 22
m0 1 11
m1 5 13
m2 5 14
1 9 0
2 9 0
3 0 3
t 158 22
m0 1 11
m1 6 13
m2 5 14
1 8 0
2 9 1
3 1 3
t 157 22
m0 1 11
m1 6 12
m2 5 13
1 9 0
2 9 0
3 0 3
t 156 22
m0 1 11
m1 5 12
m2 5 14
1 8 0
2 9 1
3 1 3
t 155 22
m0 1 11
m1 5 13
m2 6 14
1 9 0
2 9 0
3 0 3
t 154 22
m0 1 11
m1 5 14
m2 6 14
1 8 0
2 9 1
3 1 3
t 153 22
m0 1 11
m1 4 14
m2 5 14
1 9 0
2 9 0
3 0 3
t 152 22
m0 1 11
m1 5 14
m2 5 14
1 8 0
2 9 1
3 1 3
t 151 22
m0 1 11
m1 5 14
m2 4 14
1 9 0
2 9 0
3 0 3
t 150 22
m0 1 11
m1 6 14
m2 5 14
1 8 0
2 9 1
3 1 3
t 149 22
m0 1 11
m1 6 14
m2 6 14
1 9 0
2 9 0
3 0 3
t 148 22
m0 1 11
m1 6 14
m2 6 13
1 8 0
2 9 1
3 1 3
t 147 22
m0 1 11
m1 6 14
m2 6 13
1 9 0
2 9 0
3 0 3
t 146 22
m0 1 11
m1 6 14
m2 6 12
1 8 0
2 9 1
3 1 3
t 145 22
m0 1 11
m1 5 14
m2 6 12
1 9 0
2 9 0
3 0 3
t 144 22
m0 1 11
m1 6 14
m2 6 13
1 8 0
2 9 1
3 1 3
t 143 22
m0 1 11
m1 6 14
m2 5 13
1 9 0
2 9 0
3 0 3
t 142 22
m0 1 11
m1 6 14
m2 5 14
1 8 0
2 9 1
3 1 3
t 141 22
m0 1 11
m1 6 14
m2 4 14
1 9 0
2 9 0
3 0 3
t 140 22
m0 1 11
m1 6 14
m2 4 14
1 8 0
2 9 1
3 1 3
t 139 22
m0 1 11
m1 5 14
m2 3 14
1 9 0
2 9 0
3 0 3
t 138 22
m0 1 11
m1 5 14
m2 4 14
1 8 0
2 9 1
3 1 3
t 137 22
m0 1 11
m1 5 14
m2 5 14
1 9 0
2 9 0
3 0 3
t 136 22
m0 1 11
m1 6 14
m2 5 14
1 8 0
2 9 1
3 1 3
t 135 22
m0 1 11
m1 6 14
m2 5 13
1 9 0
2 9 0
3 0 3
t 134 22
m0 1 11
m1 6 14
m2 5 13
1 8 0
2 9 1
3 1 3
t 133 22
m0 1 11
m1 5 14
m2 5 13
1 9 0
2 9 0
3 0 3
t 132 22
m0 1 11
m1 5 14
m2 6 13
1 8 0
2 9 1
3 1 3
t 131 22
m0 1 11
m1 4 14
m2 7 13
1 9 0
2 9 0
3 0 3
t 130 22
m0 1 11
m1 4 14
m2 8 13
1 8 0
2 9 1
3 1 3
t 129 22
m0 1 11
m1 3 14
m2 8 13
1 9 0
2 9 0
3 0 3
t 128 22
m0 1 11
m1 3 14
m2 8 13
1 8 0
2 9 1
3 1 3
t 127 22
m0 1 11
m1 3 14
m2 8 13
1 9 0
2 9 0
3 0 3
t 126 22
m0 1 11
m1 4 14
m2 8 13
1 8 0
2 9 1
3 1 3
t 125 22
m0 1 11
m1 3 14
m2 7 13
1 9 0
2 9 0
3 0 3
t 124 22
m0 1 11
m1 4 14
m2 7 12
1 8 0
2 9 1
3 1 3
t 123 22
m0 1 11
m1 4 14
m2 7 12
1 9 0
2 9 0
3 0 3
t 122 22
m0 1 11
m1 4 14
m2 7 12
1 8 0
2 9 1
3 1 3
t 121 22
m0 1 11
m1 5 14
m2 6 12
1 9 0
2 9 0
3 0 3
t 120 22
m0 1 11
m1 4 14
m2 6 12
1 8 0
2 9 1
3 1 3
t 119 22
m0 1 11
m1 4 14
m2 7 12
1 9 0
2 9 0
3 0 3
t 118 22
m0 1 11
m1 4 14
m2 7 12
1 8 0
2 9 1
3 1 3
t 117 22
m0 1 11
m1 5 14
m2 7 12
1 9 0
2 9 0
3 0 3
t 116 22
m0 1 11
m1 5 13
m2 6 12
1 8 0
2 9 1
3 1 3
t 115 22
m0 1 11
m1 5 13
m2 6 12
1 9 0
2 9 0
3 0 3
t 114 22
m0 1 11
m1 6 13
m2 6 13
1 8 0
2 9 1
3 1 3
t 113 22
m0 1 11
m1 6 14
m2 5 13
1 9 0
2 9 0
3 0 3
t 112 22
m0 1 11
m1 6 14
m2 5 12
1 8 0
2 9 1
3 1 3
t 111 22
m0 1 11
m1 5 14
m2 5 13
1 9 0
2 9 0
3 0 3
t 110 22
m0 1 11
m1 5 13
m2 6 13
1 8 0
2 9 1
3 1 3
t 109 22
m0 1 11
m1 5 14
m2 6 12
1 9 0
2 9 0
3 0 3
t 108 22
m0 1 11
m1 4 14
m2 6 13
1 8 0
2 9 1
3 1 3
t 107 22
m0 1 11
m1 4 14
m2 6 13
1 9 0
2 9 0
3 0 3
t 106 22
m0 1 11
m1 5 14
m2 5 13
1 8 0
2 9 1
3 1 3
t 105 22
m0 1 11
m1 6 14
m2 6 13
1 9 0
2 9 0
3 0 3
t 104 22
m0 1 11
m1 6 13
m2 7 13
1 8 0
2 9 1
3 1 3
t 103 22
m0 1 11
m1 6 13
m2 7 12
1 9 0
2 9 0
3 0 3
t 102 22
m0 1 11
m1 6 13
m2 6 12
1 8 0
2 9 1
3 1 3
t 101 22
m0 1 11
m1 6 13
m2 5 12
1 9 0
2 9 0
3 0 3
t 100 22
m0 1 11
m1 6 13
m2 4 12
1 8 0
2 9 1
3 1 3
t 99 22
m0 1 11
m1 6 14
m2 4 12
1 9 0
2 9 0
3 0 3
t 98 22
m0 1 11
m1 6 14
m2 4 12
1 8 0
2 9 1
3 1 3
t 97 22
m0 1 11
m1 6 14
m2 4 12
1 9 0
2 9 0
3 0 3
t 96 22
m0 1 11
m1 6 13
m2 4 12
1 8 0
2 9 1
3 1 3
t 95 22
m0 1 11
m1 6 14
m2 4 12
1 9 0
2 9 0
3 0 3
t 94 22
m0 1 11
m1 6 14
m2 4 12
1 8 0
2 9 1
3 1 3
t 93 22
m0 1 11
m1 6 14
m2 4 12
1 9 0
2 9 0
3 0 3
t 92 22
m0 1 11
m1 5 14
m2 4 11
1 8 0
2 9 1
3 1 3
t 91 23
m0 1 10
m1 5 14
m2 4 12
1 9 0
2 9 0
3 0 3
t 90 23
m0 1 11
m1 6 14
m2 4 12
1 8 0
2 9 1
3 1 3
t 89 23
m0 1 11
m1 6 14
m2 4 12
1 9 0
2 9 0
3 0 3
t 88 23
m0 1 11
m1 5 14
m2 5 12
1 8 0
2 9 1
3 1 3
t 87 23
m0 1 11
m1 6 14
m2 4 12
1 9 0
2 9 0
3 0 3
t 86 23
m0 1 11
m1 6 14
m2 4 12
1 8 0
2 9 1
3 1 3
t 85 23
m0 1 11
m1 6 14
m2 4 12
1 9 0
2 9 0
3 0 3
t 84 23
m0 1 11
m1 6 13
m2 4 12
1 8 0
2 9 1
3 1 3
t 83 23
m0 1 11
m1 6 12
m2 4 11
1 9 0
2 9 0
3 0 3
t 82 23
m0 1 12
m1 7 12
m2 4 12
1 8 0
2 9 1
3 1 3
t 81 23
m0 1 13
m1 7 13
m2 5 12
1 9 0
2 9 0
3 0 3
t 80 33
m0 2 13
m1 8 13
m2 4 12
1 8 0
2 9 1
3 1 3
f 4 14
t 79 33
m0 1 13
m1 8 13
m2 5 12
1 9 0
2 9 0
3 0 3
t 78 33
m0 2 13
m1 7 13
m2 5 13
1 8 0
2 9 1
3 1 3
t 77 33
m0 1 13
m1 6 13
m2 6 13
1 9 0
2 9 0
3 0 3
t 76 33
m0 2 13
m1 5 13
m2 5 13
1 8 0
2 9 1
3 1 3
t 75 33
m0 2 13
m1 5 14
m2 5 13
1 9 0
2 9 0
3 0 3
t 74 33
m0 2 14
m1 6 14
m2 5 14
1 8 0
2 9 1
3 1 3
t 73 33
m0 3 14
m1 5 14
m2 4 14
1 9 0
2 9 0
3 0 3
t 72 43
m0 4 14
m1 6 14
m2 5 14
1 8 0
2 9 1
3 1 3
t 71 43
m0 4 14
m1 5 14
m2 5 14
1 9 0
2 9 0
3 0 3
t 70 43
m0 5 14
m1 5 13
m2 5 13
1 8 0
2 9 1
3 1 3
t 69 43
m0 6 14
m1 5 13
m2 5 14
1 9 0
2 9 0
3 0 3
t 68 43
m0 5 14
m1 5 14
m2 5 13
1 8 0
2 9 1
3 1 3
t 67 43
m0 5 14
m1 6 14
m2 6 13
1 9 0
2 9 0
3 0 3
t 66 43
m0 5 13
m1 6 14
m2 7 13
1 8 0
2 9 1
3 1 3
t 65 43
m0 6 13
m1 6 13
m2 6 13
1 9 0
2 9 0
3 0 3
t 64 43
m0 6 12
m1 6 14
m2 5 13
1 8 0
2 9 1
3 1 3
t 63 43
m0 6 12
m1 6 13
m2 5 14
1 9 0
2 9 0
3 0 3
t 62 43
m0 7 12
m1 7 13
m2 4 14
1 8 0
2 9 1
3 1 3
t 61 43
m0 6 12
m1 7 13
m2 5 14
1 9 0
2 9 0
3 0 3
t 60 43
m0 7 12
m1 7 12
m2 6 14
1 8 0
2 9 1
3 1 3
t 59 43
m0 7 13
m1 7 13
m2 6 14
1 9 0
2 9 0
3 0 3
t 58 43
m0 7 12
m1 8 13
m2 5 14
1 8 0
2 9 1
3 1 3
t 57 43
m0 6 12
m1 8 13
m2 6 14
1 9 0
2 9 0
3 0 3
t 56 43
m0 7 12
m1 8 13
m2 6 14
1 8 0
2 9 1
3 1 3
t 55 43
m0 7 12
m1 8 13
m2 6 13
1 9 0
2 9 0
3 0 3
t 54 43
m0 7 12
m1 7 13
m2 6 12
1 8 0
2 9 1
3 1 3
t 53 43
m0 6 12
m1 6 13
m2 5 12
1 9 0
2 9 0
3 0 3
t 52 43
m0 7 12
m1 6 14
m2 5 13
1 8 0
2 9 1
3 1 3
t 51 43
m0 6 12
m1 6 14
m2 5 14
1 9 0
2 9 0
3 0 3
t 50 43
m0 6 12
m1 6 14
m2 4 14
1 8 0
2 9 1
3 1 3
t 49 43
m0 7 12
m1 6 14
m2 5 14
1 9 0
2 9 0
3 0 3
t 48 43
m0 7 13
m1 6 14
m2 6 14
1 8 0
2 9 1
3 1 3
t 47 43
m0 7 12
m1 5 14
m2 5 14
1 9 0
2 9 0
3 0 3
t 46 43
m0 7 12
m1 5 13
m2 6 14
1 8 0
2 9 1
3 1 3
t 45 43
m0 7 12
m1 6 13
m2 6 14
1 9 0
2 9 0
3 0 3
t 44 43
m0 7 13
m1 7 13
m2 6 14
1 8 0
2 9 1
3 1 3
t 43 43
m0 8 13
m1 7 13
m2 6 13
1 9 0
2 9 0
3 0 3
t 42 43
m0 7 13
m1 7 13
m2 6 14
1 8 0
2 9 1
3 1 3
t 41 43
m0 8 13
m1 8 13
m2 5 14
1 9 0
2 9 0
3 0 3
t 40 43
m0 7 13
m1 9 13
m2 6 14
1 8 0
2 8 0
3 1 3
t 39 43
m0 7 13
m1 9 13
m2 6 13
1 9 0
2 8 1
3 0 3
t 38 43
m0 6 13
m1 8 13
m2 7 13
1 8 0
2 9 1
3 1 3
t 37 43
m0 5 13
m1 9 13
m2 7 13
1 9 0
2 8 1
3 0 3
t 36 43
m0 5 13
m1 9 13
m2 8 13
1 8 0
2 9 1
3 1 3
t 35 43
m0 6 13
m1 9 12
m2 7 13
1 9 0
2 8 1
3 0 3
t 34 43
m0 6 12
m1 9 13
m2 6 13
1 8 0
2 9 1
3 1 3
t 33 43
m0 7 12
m1 9 12
m2 6 13
1 9 0
2 8 1
3 0 3
t 32 43
m0 7 13
m1 9 12
m2 6 14
1 8 0
2 9 1
3 1 3
f 4 11
t 31 43
m0 6 13
m1 9 11
m2 6 13
1 9 0
2 8 1
3 0 3
t 30 44
m0 5 13
m1 8 11
m2 6 13
1 8 0
2 9 1
3 1 3
t 29 44
m0 5 14
m1 8 11
m2 6 14
1 9 0
2 9 0
3 0 3
t 28 44
m0 5 14
m1 8 11
m2 6 14
1 8 0
2 9 1
3 1 3
t 27 44
m0 6 14
m1 8 11
m2 6 14
1 9 0
2 9 0
3 0 3
t 26 44
m0 5 14
m1 8 11
m2 6 14
1 8 0
2 9 1
3 1 3
t 25 44
m0 5 13
m1 8 11
m2 6 13
1 9 0
2 9 0
3 0 3
t 24 44
m0 6 13
m1 8 11
m2 6 14
1 8 0
2 9 1
3 1 3
t 23 44
m0 5 13
m1 8 11
m2 5 14
1 9 0
2 9 0
3 0 3
t 22 44
m0 5 14
m1 8 11
m2 6 14
1 8 0
2 9 1
3 1 3
t 21 44
m0 5 14
m1 8 11
m2 6 14
1 9 0
2 9 0
3 0 3
t 20 44
m0 5 13
m1 8 11
m2 5 14
1 8 0
2 9 1
3 1 3
t 19 44
m0 6 13
m1 8 11
m2 6 14
1 9 0
2 9 0
3 0 3
t 18 44
m0 6 14
m1 8 11
m2 6 13
1 8 0
2 9 1
3 1 3
t 17 44
m0 6 14
m1 8 11
m2 6 12
1 9 0
2 9 0
3 0 3
t 16 44
m0 5 14
m1 8 11
m2 6 12
1 8 0
2 9 1
3 1 3
t 15 44
m0 4 14
m1 8 11
m2 7 12
1 9 0
2 9 0
3 0 3
t 14 44
m0 4 14
m1 8 11
m2 6 12
1 8 0
2 9 1
3 1 3
t 13 44
m0 4 14
m1 8 11
m2 6 12
1 9 0
2 9 0
3 0 3
t 12 44
m0 3 14
m1 8 10
m2 6 12
1 8 0
2 9 1
3 1 3
t 11 45
m0 3 14
m1 8 9
m2 7 12
1 9 0
2 9 0
3 0 3
t 10 46
m0 3 14
m1 7 9
m2 7 13
1 8 0
2 9 1
3 1 3
t 9 46
m0 4 14
m1 7 8
m2 7 12
1 9 0
2 9 0
3 0 3
t 8 47
m0 5 14
m1 7 8
m2 6 12
1 8 0
2 9 1
3 1 3
t 7 47
m0 6 14
m1 7 8
m2 6 12
1 9 0
2 9 0
3 0 3
t 6 47
m0 6 13
m1 7 8
m2 6 13
1 8 0
2 9 1
3 1 3
t 5 47
m0 6 13
m1 7 8
m2 6 14
1 9 0
2 9 0
3 0 3
t 4 47
m0 6 13
m1 7 8
m2 5 14
1 8 0
2 9 1
3 1 3
t 3 47
m0 6 14
m1 7 8
m2 6 14
1 9 0
2 9 0
3 0 3
t 2 47
m0 5 14
m1 7 8
m2 6 14
1 8 0
2 9 1
3 1 3
t 1 47
m0 4 14
m1 7 8
m2 6 14
1 8 0
2 9 1
3 1 3
t 0 47
