10
15
w 7 3
w 8 13
w 9 1
w 2 1
w 0 7
w 4 12
w 0 3
w 7 2
w 4 9
w 7 6
w 4 13
w 1 5
w 2 13
w 6 3
w 7 10
w 8 6
w 4 1
w 1 1
w 3 2
w 2 6
w 6 11
w 4 5
w 8 11
w 6 0
w 0 12
w 2 10
w 2 3
w 1 9
w 6 12
w 0 8
w 4 11
w 8 3
w 7 0
w 6 8
w 4 6
w 7 4
w 8 8
p 5 9
p 4 7
p 6 6
p 7 12
p 4 8
p 2 8
p 8 0
p 3 0
p 5 6
p 6 2
p 1 6
p 9 4
p 5 1
p 2 5
p 8 5
p 3 14
p 4 0
p 6 7
p 3 3
p 2 9
p 3 10
p 6 10
p 1 14
p 8 10
p 9 11
p 3 6
p 0 4
p 2 2
p 5 0
p 6 4
p 5 4
p 0 0
p 9 14
p 8 2
p 3 13
p 5 11
p 1 13
p 7 1
p 4 14
p 9 10
p 0 5
p 4 2
p 1 0
p 7 9
p 7 8
p 9 13
p 3 12
p 8 12
p 9 2
p 6 1
p 0 13
p 9 9
p 5 14
p 0 6
p 0 9
p 3 4
m0 0 14
m1 0 14
m2 0 14
1 9 0
2 9 0
3 9 0
t 300 0
m0 1 14
m1 0 13
m2 0 14
1 8 0
2 8 0
3 8 0
t 299 2
m0 2 14
m1 1 13
m2 0 14
1 9 0
2 9 0
3 8 1
t 298 3
m0 3 14
m1 1 12
m2 0 14
1 8 0
2 8 0
3 7 1
t 297 4
m0 4 14
m1 2 12
m2 0 14
1 9 0
2 9 0
3 6 1
t 296 5
m0 5 14
m1 2 11
m2 0 14
1 8 0
2 8 0
3 5 1
f 5 5
t 295 6
m0 6 14
m1 3 11
m2 0 14
1 9 0
2 8 1
3 5 0
t 294 6
m0 7 14
m1 3 10
m2 0 14
1 8 0
2 8 2
3 4 0
t 293 7
m0 8 14
m1 4 10
m2 0 14
1 9 0
2 9 2
3 3 0
t 292 7
m0 9 14
m1 5 10
m2 0 14
1 8 0
2 9 3
3 2 0
t 291 8
m0 9 14
m1 5 9
m2 0 13
1 9 0
2 9 4
3 1 0
t 290 9
m0 9 14
m1 5 8
m2 0 13
1 8 0
2 8 4
3 0 0
t 289 9
m0 9 14
m1 5 7
m2 0 13
1 9 0
2 8 5
3 0 1
t 288 9
m0 9 14
m1 5 6
m2 0 13
1 8 0
2 8 4
3 0 2
t 287 10
m0 9 14
m1 5 5
m2 0 13
1 9 0
2 8 5
3 1 2
t 286 20
m0 9 14
m1 5 4
m2 0 13
1 8 0
2 9 5
3 0 2
t 285 21
m0 9 14
m1 5 3
m2 0 13
1 9 0
2 9 6
3 1 2
t 284 21
m0 9 14
m1 5 2
m2 0 13
1 8 0
2 9 7
3 0 2
t 283 21
m0 9 14
m1 5 1
m2 0 13
1 9 0
2 9 8
3 1 2
t 282 22
m0 9 14
m1 5 0
m2 0 13
1 8 0
2 9 9
3 0 2
t 281 23
m0 9 14
m1 5 0
m2 0 13
1 9 0
2 9 10
3 1 2
t 280 23
m0 9 14
m1 5 0
m2 0 13
1 8 0
2 9 11
3 0 2
t 279 23
m0 9 14
m1 5 0
m2 0 13
1 9 0
2 9 12
3 1 2
t 278 23
m0 9 14
m1 5 0
m2 0 13
1 8 0
2 9 13
3 0 2
t 277 23
m0 -5 -5
m1 5 0
m2 0 13
1 9 0
2 9 14
3 1 2
t 276 23
m0 -5 -5
m1 5 0
m2 0 14
1 8 0
2 9 13
3 0 2
t 275 23
m0 -5 -5
m1 5 0
m2 0 14
1 9 0
2 9 14
3 1 2
t 274 23
m0 -5 -5
m1 5 0
m2 0 14
1 8 0
2 8 14
3 0 2
t 273 23
m0 -5 -5
m1 5 0
m2 0 14
1 9 0
2 9 14
3 1 2
t 272 23
m0 -5 -5
m1 5 0
m2 0 14
1 8 0
2 8 14
3 0 2
t 271 23
m0 -5 -5
m1 5 0
m2 0 14
1 9 0
2 7 14
3 1 2
t 270 23
m0 -5 -5
m1 5 0
m2 0 14
1 8 0
2 6 14
3 0 2
t 269 23
m0 -5 -5
m1 5 0
m2 0 14
1 9 0
2 7 14
3 1 2
t 268 23
m0 -5 -5
m1 5 0
m2 0 14
1 8 0
2 6 14
3 0 2
t 267 23
m0 -5 -5
m1 5 0
m2 0 14
1 9 0
2 6 13
3 1 2
t 266 23
m0 -5 -5
m1 5 0
m2 0 14
1 8 0
2 6 14
3 0 2
t 265 23
m0 -5 -5
m1 5 0
m2 0 14
1 9 0
2 7 14
3 1 2
t 264 23
m0 -5 -5
m1 5 0
m2 0 14
1 8 0
2 8 14
3 0 2
t 263 23
m0 -5 -5
m1 5 0
m2 0 14
1 9 0
2 9 14
3 1 2
t 262 23
m0 -5 -5
m1 5 0
m2 0 14
1 8 0
2 9 13
3 0 2
t 261 23
m0 -5 -5
m1 5 0
m2 0 14
1 9 0
2 9 14
3 1 2
t 260 23
m0 -5 -5
m1 5 0
m2 0 14
1 8 0
2 9 13
3 0 2
t 259 23
m0 -5 -5
m1 5 0
m2 0 14
1 9 0
2 9 12
3 1 2
t 258 23
m0 -5 -5
m1 5 0
m2 0 14
1 8 0
2 9 13
3 0 2
t 257 23
m0 -5 -5
m1 5 0
m2 0 14
1 9 0
2 9 14
3 1 2
t 256 23
m0 -5 -5
m1 5 0
m2 0 14
1 8 0
2 8 14
3 0 2
t 255 23
m0 -5 -5
m1 5 0
m2 0 14
1 9 0
2 7 14
3 1 2
t 254 23
m0 -5 -5
m1 5 0
m2 0 14
1 8 0
2 8 14
3 0 2
t 253 23
m0 -5 -5
m1 5 0
m2 0 14
1 9 0
2 7 14
3 1 2
t 252 23
m0 -5 -5
m1 5 0
m2 0 14
1 8 0
2 6 14
3 0 2
t 251 23
m0 -5 -5
m1 5 0
m2 0 14
1 9 0
2 5 14
3 1 2
t 250 23
m0 -5 -5
m1 5 0
m2 0 14
1 8 0
2 6 14
3 0 2
t 249 23
m0 -5 -5
m1 5 0
m2 0 14
1 9 0
2 6 13
3 1 2
t 248 23
m0 -5 -5
m1 5 0
m2 0 14
1 8 0
2 6 14
3 0 2
t 247 23
m0 -5 -5
m1 5 0
m2 0 14
1 9 0
2 6 13
3 1 2
t 246 23
m0 -5 -5
m1 5 0
m2 0 14
1 8 0
2 5 13
3 0 2
t 245 23
m0 -5 -5
m1 5 0
m2 0 14
1 9 0
2 6 13
3 1 2
t 244 23
m0 -5 -5
m1 5 0
m2 0 14
1 8 0
2 6 14
3 0 2
t 243 23
m0 -5 -5
m1 5 0
m2 0 14
1 9 0
2 7 14
3 1 2
t 242 23
m0 -5 -5
m1 5 0
m2 0 14
1 8 0
2 6 14
3 0 2
t 241 23
m0 -5 -5
m1 5 0
m2 0 14
1 9 0
2 7 14
3 1 2
t 240 23
m0 -5 -5
m1 5 0
m2 0 14
1 8 0
2 8 14
3 0 2
t 239 23
m0 -5 -5
m1 5 0
m2 0 14
1 9 0
2 9 14
3 1 2
f 8 7
t 238 23
m0 -5 -5
m1 5 0
m2 0 14
1 8 0
2 9 13
3 0 2
t 237 23
m0 -5 -5
m1 5 0
m2 0 14
1 9 0
2 9 14
3 1 2
t 236 23
m0 -5 -5
m1 5 0
m2 0 14
1 8 0
2 9 13
3 0 2
t 235 23
m0 -5 -5
m1 5 0
m2 0 14
1 9 0
2 9 12
3 1 2
t 234 23
m0 -5 -5
m1 5 0
m2 0 14
1 8 0
2 9 13
3 0 2
t 233 23
m0 -5 -5
m1 5 0
m2 0 14
1 9 0
2 9 12
3 1 2
t 232 23
m0 -5 -5
m1 5 0
m2 0 14
1 8 0
2 9 13
3 0 2
t 231 23
m0 -5 -5
m1 5 0
m2 0 14
1 9 0
2 9 12
3 1 2
t 230 23
m0 -5 -5
m1 5 0
m2 0 14
1 8 0
2 8 12
3 0 2
t 229 23
m0 -5 -5
m1 5 0
m2 0 14
1 9 0
2 9 12
3 1 2
t 228 23
m0 -5 -5
m1 5 0
m2 0 14
1 8 0
2 8 12
3 0 2
t 227 23
m0 -5 -5
m1 5 0
m2 0 14
1 9 0
2 9 12
3 1 2
t 226 23
m0 -5 -5
m1 5 0
m2 0 14
1 8 0
2 8 12
3 0 2
t 225 23
m0 -5 -5
m1 5 0
m2 0 14
1 9 0
2 9 12
3 1 2
t 224 23
m0 -5 -5
m1 5 0
m2 0 14
1 8 0
2 9 11
3 0 2
t 223 23
m0 -5 -5
m1 5 0
m2 0 14
1 9 0
2 9 10
3 1 2
t 222 23
m0 -5 -5
m1 5 0
m2 0 14
1 8 0
2 9 11
3 0 2
t 221 23
m0 -5 -5
m1 5 0
m2 0 14
1 9 0
2 9 10
3 1 2
t 220 23
m0 -5 -5
m1 5 0
m2 0 14
1 8 0
2 9 9
3 0 2
t 219 23
m0 -5 -5
m1 5 0
m2 0 14
1 9 0
2 8 9
3 1 2
t 218 23
m0 -5 -5
m1 5 0
m2 0 14
1 8 0
2 7 9
3 0 2
t 217 23
m0 -5 -5
m1 5 0
m2 0 14
1 9 0
2 7 8
3 1 2
t 216 23
m0 -5 -5
m1 5 0
m2 0 14
1 8 0
2 7 9
3 0 2
t 215 23
m0 -5 -5
m1 5 0
m2 0 14
1 9 0
2 6 9
3 1 2
t 214 23
m0 -5 -5
m1 5 0
m2 0 14
1 8 0
2 6 10
3 0 2
t 213 23
m0 -5 -5
m1 5 0
m2 0 14
1 9 0
2 6 9
3 1 2
t 212 23
m0 -5 -5
m1 5 0
m2 0 14
1 8 0
2 6 10
3 0 2
t 211 23
m0 -5 -5
m1 5 0
m2 0 14
1 9 0
2 5 10
3 1 2
t 210 23
m0 -5 -5
m1 5 0
m2 0 14
1 8 0
2 5 9
3 0 2
t 209 23
m0 -5 -5
m1 5 0
m2 0 14
1 9 0
2 5 8
3 1 2
t 208 23
m0 -5 -5
m1 5 0
m2 0 14
1 8 0
2 4 8
3 0 2
t 207 23
m0 -5 -5
m1 5 0
m2 0 14
1 9 0
2 5 8
3 1 2
t 206 23
m0 -5 -5
m1 5 0
m2 0 14
1 8 0
2 5 9
3 0 2
t 205 23
m0 -5 -5
m1 5 0
m2 0 14
1 9 0
2 5 8
3 1 2
t 204 23
m0 -5 -5
m1 5 0
m2 0 14
1 8 0
2 5 9
3 0 2
t 203 23
m0 -5 -5
m1 5 0
m2 0 14
1 9 0
2 5 10
3 1 2
t 202 23
m0 -5 -5
m1 5 0
m2 0 14
1 8 0
2 5 9
3 0 2
t 201 23
m0 -5 -5
m1 5 0
m2 0 14
1 9 0
2 5 8
3 1 2
t 200 23
m0 -5 -5
m1 5 0
m2 0 14
1 8 0
2 5 7
3 0 2
t 199 23
m0 -5 -5
m1 5 0
m2 0 14
1 9 0
2 5 6
3 0 1
t 198 23
m0 -5 -5
m1 5 0
m2 0 14
1 8 0
2 5 7
3 0 2
t 197 23
m0 -5 -5
m1 5 0
m2 0 14
1 9 0
2 6 7
3 1 2
t 196 23
m0 -5 -5
m1 5 0
m2 0 14
1 8 0
2 7 7
3 0 2
t 195 23
m0 -5 -5
m1 5 0
m2 0 14
1 9 0
2 6 7
3 1 2
t 194 23
m0 -5 -5
m1 5 0
m2 0 14
1 8 0
2 6 6
3 0 2
t 193 23
m0 -5 -5
m1 5 0
m2 0 14
1 9 0
2 6 7
3 1 2
t 192 23
m0 -5 -5
m1 5 0
m2 0 14
1 8 0
2 5 7
3 0 2
t 191 23
m0 -5 -5
m1 5 0
m2 0 14
1 9 0
2 5 8
3 1 2
t 190 23
m0 -5 -5
m1 5 0
m2 0 14
1 8 0
2 5 9
3 0 2
t 189 23
m0 -5 -5
m1 5 0
m2 0 14
1 9 0
2 5 8
3 1 2
t 188 23
m0 -5 -5
m1 5 0
m2 0 14
1 8 0
2 5 9
3 0 2
t 187 23
m0 -5 -5
m1 5 0
m2 0 14
1 9 0
2 5 8
3 1 2
t 186 23
m0 -5 -5
m1 5 0
m2 0 14
1 8 0
2 5 9
3 0 2
t 185 23
m0 -5 -5
m1 5 0
m2 0 14
1 9 0
2 5 10
3 1 2
t 184 23
m0 -5 -5
m1 5 0
m2 0 14
1 8 0
2 5 11
3 0 2
t 183 23
m0 -5 -5
m1 5 0
m2 0 14
1 9 0
2 5 10
3 1 2
t 182 23
m0 -5 -5
m1 5 0
m2 0 14
1 8 0
2 6 10
3 0 2
t 181 23
m0 -5 -5
m1 5 0
m2 0 14
1 9 0
2 5 10
3 1 2
t 180 23
m0 -5 -5
m1 5 0
m2 0 14
1 8 0
2 5 11
3 0 2
t 179 23
m0 -5 -5
m1 5 0
m2 0 14
1 9 0
2 5 10
3 1 2
t 178 23
m0 -5 -5
m1 5 0
m2 0 14
1 8 0
2 5 11
3 0 2
t 177 23
m0 -5 -5
m1 5 0
m2 0 14
1 9 0
2 5 12
3 1 2
t 176 23
m0 -5 -5
m1 5 0
m2 0 14
1 8 0
2 5 11
3 0 2
t 175 23
m0 -5 -5
m1 5 0
m2 0 14
1 9 0
2 5 10
3 1 2
t 174 23
m0 -5 -5
m1 5 0
m2 0 14
1 8 0
2 6 10
3 0 2
t 173 23
m0 -5 -5
m1 5 0
m2 0 14
1 9 0
2 6 9
3 1 2
t 172 23
m0 -5 -5
m1 5 0
m2 0 14
1 8 0
2 5 9
3 0 2
t 171 23
m0 -5 -5
m1 5 0
m2 0 14
1 9 0
2 5 10
3 1 2
t 170 23
m0 -5 -5
m1 5 0
m2 0 14
1 8 0
2 5 11
3 0 2
t 169 23
m0 -5 -5
m1 5 0
m2 0 14
1 9 0
2 5 12
3 1 2
t 168 23
m0 -5 -5
m1 5 0
m2 0 14
1 8 0
2 5 13
3 0 2
t 167 23
m0 -5 -5
m1 5 0
m2 0 14
1 9 0
2 6 13
3 1 2
t 166 23
m0 -5 -5
m1 5 0
m2 0 14
1 8 0
2 5 13
3 0 2
t 165 23
m0 -5 -5
m1 5 0
m2 0 14
1 9 0
2 5 14
3 1 2
t 164 23
m0 -5 -5
m1 5 0
m2 0 14
1 8 0
2 5 13
3 0 2
t 163 23
m0 -5 -5
m1 5 0
m2 0 14
1 9 0
2 6 13
3 1 2
t 162 23
m0 -5 -5
m1 5 0
m2 0 14
1 8 0
2 7 13
3 0 2
t 161 23
m0 -5 -5
m1 5 0
m2 0 14
1 9 0
2 7 14
3 1 2
t 160 23
m0 -5 -5
m1 5 0
m2 0 14
1 8 0
2 6 14
3 0 2
t 159 23
m0 -5 -5
m1 5 0
m2 0 14
1 9 0
2 7 14
3 1 2
t 158 23
m0 -5 -5
m1 5 0
m2 0 14
1 8 0
2 6 14
3 0 2
t 157 23
m0 -5 -5
m1 5 0
m2 0 14
1 9 0
2 6 13
3 1 2
t 156 23
m0 -5 -5
m1 5 0
m2 0 14
1 8 0
2 6 14
3 0 2
t 155 23
m0 -5 -5
m1 5 0
m2 0 14
1 9 0
2 7 14
3 1 2
t 154 23
m0 -5 -5
m1 5 0
m2 0 14
1 8 0
2 7 13
3 0 2
t 153 23
m0 -5 -5
m1 5 0
m2 0 14
1 9 0
2 6 13
3 1 2
t 152 23
m0 -5 -5
m1 5 0
m2 0 14
1 8 0
2 5 13
3 0 2
t 151 23
m0 -5 -5
m1 5 0
m2 0 14
1 9 0
2 5 14
3 1 2
t 150 23
m0 -5 -5
m1 5 0
m2 0 14
1 8 0
2 5 13
3 0 2
t 149 23
m0 -5 -5
m1 5 0
m2 0 14
1 9 0
2 6 13
3 1 2
t 148 23
m0 -5 -5
m1 5 0
m2 0 14
1 8 0
2 6 14
3 0 2
t 147 23
m0 -5 -5
m1 5 0
m2 0 14
1 9 0
2 6 13
3 1 2
t 146 23
m0 -5 -5
m1 5 0
m2 0 14
1 8 0
2 7 13
3 0 2
t 145 23
m0 -5 -5
m1 5 0
m2 0 14
1 9 0
2 7 14
3 1 2
t 144 23
m0 -5 -5
m1 5 0
m2 0 14
1 8 0
2 6 14
3 0 2
t 143 23
m0 -5 -5
m1 5 0
m2 0 14
1 9 0
2 5 14
3 1 2
t 142 23
m0 -5 -5
m1 5 0
m2 0 14
1 8 0
2 4 14
3 0 2
t 141 23
m0 -5 -5
m1 5 0
m2 0 14
1 9 0
2 3 14
3 1 2
t 140 23
m0 -5 -5
m1 5 0
m2 0 14
1 8 0
2 3 13
3 0 2
t 139 23
m0 -5 -5
m1 5 0
m2 0 14
1 9 0
2 3 14
3 1 2
t 138 23
m0 -5 -5
m1 5 0
m2 0 14
1 8 0
2 4 14
3 0 2
t 137 23
m0 -5 -5
m1 5 0
m2 0 14
1 9 0
2 3 14
3 1 2
t 136 23
m0 -5 -5
m1 5 0
m2 0 14
1 8 0
2 2 14
3 0 2
t 135 23
m0 -5 -5
m1 5 0
m2 0 14
1 9 0
2 3 14
3 1 2
t 134 23
m0 -5 -5
m1 5 0
m2 0 14
1 8 0
2 4 14
3 0 2
t 133 23
m0 -5 -5
m1 5 0
m2 0 14
1 9 0
2 3 14
3 1 2
t 132 23
m0 -5 -5
m1 5 0
m2 0 14
1 8 0
2 2 14
3 0 2
t 131 23
m0 -5 -5
m1 5 0
m2 0 14
1 9 0
2 1 14
3 1 2
t 130 23
m0 -5 -5
m1 5 0
m2 0 14
1 8 0
2 2 14
3 0 2
t 129 23
m0 -5 -5
m1 5 0
m2 0 14
1 9 0
2 3 14
3 1 2
t 128 23
m0 -5 -5
m1 5 0
m2 0 14
1 8 0
2 2 14
3 0 2
t 127 23
m0 -5 -5
m1 5 0
m2 0 14
1 9 0
2 1 14
3 1 2
t 126 23
m0 -5 -5
m1 5 0
m2 0 14
1 8 0
2 2 14
3 0 2
t 125 23
m0 -5 -5
m1 5 0
m2 0 14
1 9 0
2 3 14
3 1 2
t 124 23
m0 -5 -5
m1 5 0
m2 0 14
1 8 0
2 4 14
3 0 2
t 123 23
m0 -5 -5
m1 5 0
m2 0 14
1 9 0
2 3 14
3 1 2
t 122 23
m0 -5 -5
m1 5 0
m2 0 14
1 8 0
2 3 13
3 0 2
t 121 23
m0 -5 -5
m1 5 0
m2 0 14
1 9 0
2 3 14
3 1 2
t 120 23
m0 -5 -5
m1 5 0
m2 0 14
1 8 0
2 4 14
3 0 2
t 119 23
m0 -5 -5
m1 5 0
m2 0 14
1 9 0
2 5 14
3 1 2
t 118 23
m0 -5 -5
m1 5 0
m2 0 14
1 8 0
2 4 14
3 0 2
t 117 23
m0 -5 -5
m1 5 0
m2 0 14
1 9 0
2 5 14
3 1 2
t 116 23
m0 -5 -5
m1 5 0
m2 0 14
1 8 0
2 6 14
3 0 2
t 115 23
m0 -5 -5
m1 5 0
m2 0 14
1 9 0
2 6 13
3 1 2
t 114 23
m0 -5 -5
m1 5 0
m2 0 14
1 8 0
2 7 13
3 0 2
t 113 23
m0 -5 -5
m1 5 0
m2 0 14
1 9 0
2 7 14
3 1 2
t 112 23
m0 -5 -5
m1 5 0
m2 0 14
1 8 0
2 6 14
3 0 2
t 111 23
m0 -5 -5
m1 5 0
m2 0 14
1 9 0
2 5 14
3 1 2
t 110 23
m0 -5 -5
m1 5 0
m2 0 14
1 8 0
2 6 14
3 0 2
t 109 23
m0 -5 -5
m1 5 0
m2 0 14
1 9 0
2 5 14
3 1 2
t 108 23
m0 -5 -5
m1 5 0
m2 0 14
1 8 0
2 6 14
3 0 2
t 107 23
m0 -5 -5
m1 5 0
m2 0 14
1 9 0
2 5 14
3 1 2
t 106 23
m0 -5 -5
m1 5 0
m2 0 14
1 8 0
2 5 13
3 0 2
t 105 23
m0 -5 -5
m1 5 0
m2 0 14
1 9 0
2 5 14
3 1 2
t 104 23
m0 -5 -5
m1 5 0
m2 0 14
1 8 0
2 5 13
3 0 2
t 103 23
m0 -5 -5
m1 5 0
m2 0 14
1 9 0
2 5 14
3 1 2
t 102 23
m0 -5 -5
m1 5 0
m2 0 14
1 8 0
2 6 14
3 0 2
t 101 23
m0 -5 -5
m1 5 0
m2 0 14
1 9 0
2 6 13
3 1 2
t 100 23
m0 -5 -5
m1 5 0
m2 0 14
1 8 0
2 6 14
3 0 2
t 99 23
m0 -5 -5
m1 5 0
m2 0 14
1 9 0
2 5 14
3 1 2
t 98 23
m0 -5 -5
m1 5 0
m2 0 14
1 8 0
2 5 13
3 0 2
t 97 23
m0 -5 -5
m1 5 0
m2 0 14
1 9 0
2 5 14
3 1 2
t 96 23
m0 -5 -5
m1 5 0
m2 0 14
1 8 0
2 6 14
3 0 2
t 95 23
m0 -5 -5
m1 5 0
m2 0 14
1 9 0
2 5 14
3 1 2
t 94 23
m0 -5 -5
m1 5 0
m2 0 14
1 8 0
2 5 13
3 0 2
t 93 23
m0 -5 -5
m1 5 0
m2 0 14
1 9 0
2 5 12
3 1 2
t 92 23
m0 -5 -5
m1 5 0
m2 0 14
1 8 0
2 5 13
3 0 2
t 91 23
m0 -5 -5
m1 5 0
m2 0 14
1 9 0
2 5 12
3 1 2
t 90 23
m0 -5 -5
m1 5 0
m2 0 14
1 8 0
2 5 13
3 0 2
t 89 23
m0 -5 -5
m1 5 0
m2 0 14
1 9 0
2 5 12
3 1 2
t 88 23
m0 -5 -5
m1 5 0
m2 0 14
1 8 0
2 5 13
3 0 2
t 87 23
m0 -5 -5
m1 5 0
m2 0 14
1 9 0
2 5 12
3 1 2
t 86 23
m0 -5 -5
m1 5 0
m2 0 14
1 8 0
2 5 11
3 0 2
t 85 23
m0 -5 -5
m1 5 0
m2 0 14
1 9 0
2 5 12
3 1 2
t 84 23
m0 -5 -5
m1 5 0
m2 0 14
1 8 0
2 5 11
3 0 2
t 83 23
m0 -5 -5
m1 5 0
m2 0 14
1 9 0
2 5 10
3 1 2
t 82 23
m0 -5 -5
m1 5 0
m2 0 14
1 8 0
2 6 10
3 0 2
t 81 23
m0 -5 -5
m1 5 0
m2 0 14
1 9 0
2 5 10
3 1 2
t 80 23
m0 -5 -5
m1 5 0
m2 0 14
1 8 0
2 6 10
3 0 2
t 79 23
m0 -5 -5
m1 5 0
m2 0 14
1 9 0
2 5 10
3 1 2
t 78 23
m0 -5 -5
m1 5 0
m2 0 14
1 8 0
2 5 11
3 0 2
t 77 23
m0 -5 -5
m1 5 0
m2 0 14
1 9 0
2 5 10
3 1 2
t 76 23
m0 -5 -5
m1 5 0
m2 0 14
1 8 0
2 5 9
3 0 2
t 75 23
m0 -5 -5
m1 5 0
m2 0 14
1 9 0
2 5 10
3 1 2
t 74 23
m0 -5 -5
m1 5 0
m2 0 14
1 8 0
2 5 11
3 0 2
t 73 23
m0 -5 -5
m1 5 0
m2 0 14
1 9 0
2 5 12
3 1 2
t 72 23
m0 -5 -5
m1 5 0
m2 0 14
1 8 0
2 5 11
3 0 2
t 71 23
m0 -5 -5
m1 5 0
m2 0 14
1 9 0
2 5 12
3 1 2
t 70 23
m0 -5 -5
m1 5 0
m2 0 14
1 8 0
2 5 13
3 0 2
t 69 23
m0 -5 -5
m1 5 0
m2 0 14
1 9 0
2 5 14
3 1 2
t 68 23
m0 -5 -5
m1 5 0
m2 0 14
1 8 0
2 4 14
3 0 2
t 67 23
m0 -5 -5
m1 5 0
m2 0 14
1 9 0
2 5 14
3 1 2
t 66 23
m0 -5 -5
m1 5 0
m2 0 14
1 8 0
2 5 13
3 0 2
t 65 23
m0 -5 -5
m1 5 0
m2 0 14
1 9 0
2 5 14
3 1 2
t 64 23
m0 -5 -5
m1 5 0
m2 0 14
1 8 0
2 6 14
3 0 2
t 63 23
m0 -5 -5
m1 5 0
m2 0 14
1 9 0
2 5 14
3 1 2
t 62 23
m0 -5 -5
m1 5 0
m2 0 14
1 8 0
2 6 14
3 0 2
t 61 23
m0 -5 -5
m1 5 0
m2 0 14
1 9 0
2 6 13
3 1 2
t 60 23
m0 -5 -5
m1 5 0
m2 0 14
1 8 0
2 5 13
3 0 2
t 59 23
m0 -5 -5
m1 5 0
m2 0 14
1 9 0
2 5 12
3 1 2
t 58 23
m0 -5 -5
m1 5 0
m2 0 14
1 8 0
2 5 13
3 0 2
t 57 23
m0 -5 -5
m1 5 0
m2 0 14
1 9 0
2 6 13
3 1 2
t 56 23
m0 -5 -5
m1 5 0
m2 0 14
1 8 0
2 6 14
3 0 2
t 55 23
m0 -5 -5
m1 5 0
m2 0 14
1 9 0
2 5 14
3 1 2
t 54 23
m0 -5 -5
m1 5 0
m2 0 14
1 8 0
2 5 13
3 0 2
t 53 23
m0 -5 -5
m1 5 0
m2 0 14
1 9 0
2 6 13
3 1 2
t 52 23
m0 -5 -5
m1 5 0
m2 0 14
1 8 0
2 6 14
3 0 2
t 51 23
m0 -5 -5
m1 5 0
m2 0 14
1 9 0
2 5 14
3 1 2
t 50 23
m0 -5 -5
m1 5 0
m2 0 14
1 8 0
2 4 14
3 0 2
t 49 23
m0 -5 -5
m1 5 0
m2 0 14
1 9 0
2 3 14
3 1 2
t 48 23
m0 -5 -5
m1 5 0
m2 0 14
1 8 0
2 2 14
3 0 2
t 47 23
m0 -5 -5
m1 5 0
m2 0 14
1 9 0
2 3 14
3 1 2
t 46 23
m0 -5 -5
m1 5 0
m2 0 14
1 8 0
2 2 14
3 0 2
t 45 23
m0 -5 -5
m1 5 0
m2 0 14
1 9 0
2 3 14
3 1 2
t 44 23
m0 -5 -5
m1 5 0
m2 0 14
1 8 0
2 2 14
3 0 2
t 43 23
m0 -5 -5
m1 5 0
m2 0 14
1 9 0
2 3 14
3 1 2
t 42 23
m0 -5 -5
m1 5 0
m2 0 14
1 8 0
2 4 14
3 0 2
t 41 23
m0 -5 -5
m1 5 0
m2 0 14
1 9 0
2 5 14
3 1 2
t 40 23
m0 -5 -5
m1 5 0
m2 0 14
1 8 0
2 5 13
3 0 2
t 39 23
m0 -5 -5
m1 5 0
m2 0 14
1 9 0
2 6 13
3 1 2
t 38 23
m0 -5 -5
m1 5 0
m2 0 14
1 8 0
2 7 13
3 0 2
t 37 23
m0 -5 -5
m1 5 0
m2 0 14
1 9 0
2 6 13
3 1 2
t 36 23
m0 -5 -5
m1 5 0
m2 0 14
1 8 0
2 5 13
3 0 2
t 35 23
m0 -5 -5
m1 5 0
m2 0 14
1 9 0
2 5 12
3 1 2
t 34 23
m0 -5 -5
m1 5 0
m2 0 14
1 8 0
2 5 13
3 0 2
t 33 23
m0 -5 -5
m1 5 0
m2 0 14
1 9 0
2 5 14
3 1 2
t 32 23
m0 -5 -5
m1 5 0
m2 0 14
1 8 0
2 4 14
3 0 2
t 31 23
m0 -5 -5
m1 5 0
m2 0 14
1 9 0
2 5 14
3 1 2
t 30 23
m0 -5 -5
m1 5 0
m2 0 14
1 8 0
2 6 14
3 0 2
t 29 23
m0 -5 -5
m1 5 0
m2 0 14
1 9 0
2 7 14
3 1 2
t 28 23
m0 -5 -5
m1 5 0
m2 0 14
1 8 0
2 6 14
3 0 2
t 27 23
m0 -5 -5
m1 5 0
m2 0 14
1 9 0
2 7 14
3 1 2
t 26 23
m0 -5 -5
m1 5 0
m2 0 14
1 8 0
2 8 14
3 0 2
t 25 23
m0 -5 -5
m1 5 0
m2 0 14
1 9 0
2 7 14
3 1 2
t 24 23
m0 -5 -5
m1 5 0
m2 0 14
1 8 0
2 8 14
3 0 2
t 23 23
m0 -5 -5
m1 5 0
m2 0 14
1 9 0
2 9 14
3 1 2
t 22 23
m0 -5 -5
m1 5 0
m2 0 14
1 8 0
2 8 14
3 0 2
t 21 23
m0 -5 -5
m1 5 0
m2 0 14
1 9 0
2 9 14
3 1 2
t 20 23
m0 -5 -5
m1 5 0
m2 0 14
1 8 0
2 9 13
3 0 2
t 19 23
m0 -5 -5
m1 5 0
m2 0 14
1 9 0
2 9 14
3 1 2
t 18 23
m0 -5 -5
m1 5 0
m2 0 14
1 8 0
2 8 14
3 0 2
t 17 23
m0 -5 -5
m1 5 0
m2 0 14
1 9 0
2 7 14
3 1 2
t 16 23
m0 -5 -5
m1 5 0
m2 0 14
1 8 0
2 8 14
3 0 2
t 15 23
m0 -5 -5
m1 5 0
m2 0 14
1 9 0
2 7 14
3 1 2
t 14 23
m0 -5 -5
m1 5 0
m2 0 14
1 8 0
2 6 14
3 0 2
t 13 23
m0 -5 -5
m1 5 0
m2 0 14
1 9 0
2 7 14
3 1 2
t 12 23
m0 -5 -5
m1 5 0
m2 0 14
1 8 0
2 8 14
3 0 2
t 11 23
m0 -5 -5
m1 5 0
m2 0 14
1 9 0
2 7 14
3 1 2
t 10 23
m0 -5 -5
m1 5 0
m2 0 14
1 8 0
2 7 13
3 0 2
t 9 23
m0 -5 -5
m1 5 0
m2 0 14
1 9 0
2 7 12
3 1 2
t 8 23
m0 -5 -5
m1 5 0
m2 0 14
1 8 0
2 7 11
3 0 2
t 7 23
m0 -5 -5
m1 5 0
m2 0 14
1 9 0
2 7 12
3 1 2
t 6 23
m0 -5 -5
m1 5 0
m2 0 14
1 8 0
2 7 11
3 0 2
t 5 23
m0 -5 -5
m1 5 0
m2 0 14
1 9 0
2 7 12
3 1 2
t 4 23
m0 -5 -5
m1 5 0
m2 0 14
1 8 0
2 7 11
3 0 2
t 3 23
m0 -5 -5
m1 5 0
m2 0 14
1 9 0
2 7 12
3 1 2
t 2 23
m0 -5 -5
m1 5 0
m2 0 14
1 8 0
2 7 13
3 0 2
t 1 23
m0 -5 -5
m1 5 0
m2 0 14
1 8 0
2 7 13
3 0 2
t 0 23
