10
15
w 4 7
w 1 3
w 8 13
w 6 6
w 0 2
w 9 8
w 2 1
w 4 12
w 0 3
w 5 8
w 4 0
w 4 9
w 8 1
w 6 3
w 2 13
w 7 10
w 9 7
w 6 4
w 6 11
w 1 4
w 2 10
w 9 10
w 3 9
w 2 3
w 9 6
w 4 11
w 2 7
w 1 12
w 8 12
w 9 2
w 6 1
w 3 1
w 9 9
w 1 7
w 0 9
w 3 4
w 2 4
p 7 3
p 4 8
p 5 6
p 7 12
p 8 0
p 8 9
p 6 2
p 1 6
p 0 10
p 2 12
p 7 11
p 5 1
p 2 5
p 8 5
p 6 14
p 8 14
p 9 0
p 6 7
p 5 5
p 7 6
p 4 4
p 5 12
p 1 14
p 0 11
p 9 11
p 0 4
p 4 1
p 1 1
p 4 10
p 7 14
p 0 0
p 9 14
p 8 2
p 5 11
p 7 1
p 8 11
p 9 3
p 0 12
p 7 5
p 4 2
p 0 8
p 2 14
p 6 5
p 3 5
p 0 1
p 5 3
p 8 3
p 7 9
p 5 10
p 5 7
p 7 13
p 0 13
p 0 6
p 2 0
p 4 3
p 6 13
m0 0 14
m1 0 14
m2 0 14
1 9 0
2 9 0
3 9 0
t 300 0
m0 0 14
m1 0 14
m2 0 14
1 8 0
2 8 0
3 8 0
t 299 0
m0 0 13
m1 0 13
m2 1 14
1 9 0
2 9 0
3 9 0
t 298 2
m0 0 12
m1 0 13
m2 2 14
1 8 0
2 8 0
3 8 0
t 297 4
m0 0 12
m1 0 13
m2 3 14
1 9 0
2 9 0
3 9 0
t 296 4
m0 0 11
m1 0 13
m2 2 14
1 8 0
2 8 0
3 8 0
t 295 5
m0 0 10
m1 0 14
m2 2 14
1 9 0
2 9 0
3 9 0
f 5 14
t 294 6
m0 1 10
m1 0 14
m2 1 14
1 8 0
2 8 0
3 8 0
t 293 6
m0 1 9
m1 0 13
m2 2 14
1 9 0
2 9 0
3 9 0
t 292 6
m0 1 8
m1 0 13
m2 3 14
1 8 0
2 8 0
3 8 0
t 291 6
m0 2 8
m1 0 12
m2 3 14
1 9 0
2 9 0
3 9 0
t 290 6
m0 2 8
m1 0 13
m2 3 14
1 8 0
2 8 0
3 8 0
t 289 6
m0 1 8
m1 0 13
m2 3 14
1 9 0
2 9 0
3 9 0
t 288 6
m0 2 8
m1 0 12
m2 3 14
1 8 0
2 8 0
3 8 0
t 287 6
m0 2 8
m1 0 13
m2 3 13
1 9 0
2 9 0
3 9 0
t 286 6
m0 2 9
m1 0 14
m2 3 13
1 8 0
2 8 0
3 8 0
t 285 6
m0 2 9
m1 0 14
m2 4 13
1 9 0
2 9 0
3 9 0
t 284 6
m0 2 9
m1 0 14
m2 4 14
1 8 0
2 8 0
3 8 0
t 283 6
m0 2 9
m1 0 14
m2 5 14
1 9 0
2 9 0
3 9 0
t 282 16
m0 2 8
m1 0 14
m2 5 14
1 8 0
2 8 0
3 8 0
t 281 16
m0 2 8
m1 0 14
m2 5 14
1 9 0
2 9 0
3 9 0
t 280 16
m0 1 8
m1 0 13
m2 5 14
1 8 0
2 8 0
3 8 0
t 279 16
m0 1 9
m1 0 14
m2 5 14
1 9 0
2 9 0
3 9 0
f 6 10
t 278 16
m0 1 10
m1 1 14
m2 5 13
1 8 0
2 8 0
3 8 0
t 277 16
m0 0 10
m1 0 14
m2 4 13
1 9 0
2 9 0
3 9 0
t 276 16
m0 0 10
m1 0 14
m2 4 13
1 8 0
2 8 0
3 8 0
t 275 16
m0 0 10
m1 0 14
m2 4 13
1 9 0
2 9 0
3 9 0
t 274 16
m0 0 11
m1 0 14
m2 5 13
1 8 0
2 8 0
3 8 0
t 273 16
m0 0 11
m1 1 14
m2 4 13
1 9 0
2 9 0
3 9 0
t 272 16
m0 1 11
m1 0 14
m2 4 13
1 8 0
2 8 0
3 8 0
t 271 16
m0 0 11
m1 0 14
m2 4 14
1 9 0
2 9 0
3 9 0
t 270 16
m0 0 12
m1 0 13
m2 3 14
1 8 0
2 8 0
3 8 0
t 269 16
m0 0 11
m1 0 12
m2 4 14
1 9 0
2 9 0
3 9 0
t 268 16
m0 1 11
m1 0 12
m2 4 14
1 8 0
2 8 0
3 8 0
t 267 16
m0 2 11
m1 0 13
m2 5 14
1 9 0
2 9 0
3 9 0
t 266 16
m0 2 12
m1 0 14
m2 5 13
1 8 0
2 8 0
3 8 0
t 265 17
m0 2 11
m1 0 14
m2 6 13
1 9 0
2 9 0
3 9 0
t 264 18
m0 1 11
m1 0 14
m2 7 13
1 8 0
2 8 0
3 8 0
t 263 19
m0 0 11
m1 0 13
m2 6 13
1 9 0
2 9 0
3 9 0
t 262 19
m0 1 11
m1 0 14
m2 6 13
1 8 0
2 8 0
3 8 0
t 261 19
m0 2 11
m1 0 14
m2 7 13
1 9 0
2 9 0
3 9 0
t 260 19
m0 3 11
m1 1 14
m2 7 12
1 8 0
2 8 0
3 8 0
t 259 20
m0 2 11
m1 0 14
m2 7 12
1 9 0
2 9 0
3 9 0
t 258 20
m0 2 11
m1 0 13
m2 6 12
1 8 0
2 8 0
3 8 0
t 257 20
m0 2 11
m1 0 14
m2 7 12
1 9 0
2 9 0
3 9 0
t 256 20
m0 2 11
m1 0 13
m2 7 12
1 8 0
2 8 0
3 8 0
t 255 20
m0 2 11
m1 1 13
m2 7 13
1 9 0
2 9 0
3 9 0
t 254 20
m0 2 11
m1 1 13
m2 7 13
1 8 0
2 8 0
3 8 0
t 253 20
m0 3 11
m1 1 13
m2 7 12
1 9 0
2 9 0
3 9 0
t 252 20
m0 3 10
m1 1 13
m2 7 13
1 8 0
2 8 0
3 8 0
t 251 20
m0 4 10
m1 0 13
m2 7 13
1 9 0
2 9 0
3 9 0
t 250 21
m0 4 10
m1 0 14
m2 6 13
1 8 0
2 8 0
3 8 0
t 249 21
m0 4 10
m1 1 14
m2 5 13
1 9 0
2 9 0
3 9 0
t 248 21
m0 5 10
m1 1 13
m2 6 13
1 8 0
2 8 0
3 8 0
t 247 22
m0 4 10
m1 0 13
m2 5 13
1 9 0
2 9 0
3 9 0
t 246 22
m0 3 10
m1 0 14
m2 5 13
1 8 0
2 8 0
3 8 0
t 245 22
m0 4 10
m1 0 14
m2 6 13
1 9 0
2 9 0
3 9 0
t 244 22
m0 3 10
m1 0 14
m2 5 13
1 8 0
2 8 0
3 8 0
t 243 22
m0 3 10
m1 0 14
m2 6 13
1 9 0
2 9 0
3 9 0
t 242 22
m0 4 10
m1 1 14
m2 5 13
1 8 0
2 8 0
3 8 0
t 241 22
m0 4 10
m1 2 14
m2 5 13
1 9 0
2 9 0
3 9 0
t 240 22
m0 3 10
m1 1 14
m2 6 13
1 8 0
2 8 0
3 8 0
t 239 22
m0 3 11
m1 1 13
m2 7 13
1 9 0
2 9 0
3 9 0
t 238 22
m0 3 10
m1 1 13
m2 7 14
1 8 0
2 8 0
3 8 0
t 237 23
m0 3 10
m1 0 13
m2 6 14
1 9 0
2 9 0
3 9 0
t 236 24
m0 3 10
m1 0 13
m2 6 13
1 8 0
2 8 0
3 8 0
t 235 24
m0 4 10
m1 0 14
m2 6 13
1 9 0
2 9 0
3 9 0
t 234 24
m0 3 10
m1 1 14
m2 7 13
1 8 0
2 8 0
3 8 0
t 233 24
m0 4 10
m1 1 13
m2 6 13
1 9 0
2 9 0
3 9 0
t 232 24
m0 5 10
m1 1 14
m2 5 13
1 8 0
2 8 0
3 8 0
t 231 24
m0 6 10
m1 2 14
m2 6 13
1 9 0
2 9 0
3 9 0
t 230 34
m0 6 10
m1 1 14
m2 5 13
1 8 0
2 8 0
3 8 0
t 229 34
m0 6 9
m1 2 14
m2 5 12
1 9 0
2 9 0
3 9 0
t 228 35
m0 6 8
m1 1 14
m2 5 13
1 8 0
2 8 0
3 8 0
t 227 35
m0 6 8
m1 0 14
m2 5 13
1 9 0
2 9 0
3 9 0
t 226 35
m0 6 8
m1 0 14
m2 5 13
1 8 0
2 8 0
3 8 0
t 225 35
m0 6 7
m1 0 14
m2 6 13
1 9 0
2 9 0
3 9 0
t 224 36
m0 6 7
m1 0 13
m2 5 13
1 8 0
2 8 0
3 8 0
t 223 36
m0 6 7
m1 0 12
m2 5 13
1 9 0
2 9 0
3 9 0
t 222 36
m0 7 7
m1 0 11
m2 5 13
1 8 0
2 8 0
3 8 0
t 221 36
m0 8 7
m1 0 10
m2 5 14
1 9 0
2 9 0
3 9 0
t 220 36
m0 8 6
m1 0 10
m2 4 14
1 8 0
2 8 0
3 8 0
t 219 36
m0 8 5
m1 0 10
m2 3 14
1 9 0
2 9 0
3 9 0
f 9 12
t 218 37
m0 9 5
m1 0 10
m2 3 14
1 8 0
2 8 0
3 8 0
t 217 37
m0 9 5
m1 0 10
m2 4 14
1 7 0
2 7 0
3 7 0
t 216 37
m0 9 4
m1 0 11
m2 5 14
1 6 0
2 6 0
3 6 0
t 215 37
m0 9 4
m1 0 11
m2 4 14
1 5 0
2 5 0
3 5 0
t 214 37
m0 9 5
m1 0 11
m2 5 14
1 6 0
2 6 0
3 6 0
t 213 37
m0 8 5
m1 0 11
m2 5 14
1 5 0
2 5 0
3 5 0
t 212 37
m0 9 5
m1 0 10
m2 4 14
1 6 0
2 6 0
3 6 0
t 211 37
m0 9 5
m1 0 10
m2 5 14
1 5 0
2 5 0
3 5 0
t 210 37
m0 9 4
m1 0 11
m2 6 14
1 6 0
2 6 0
3 6 0
t 209 37
m0 9 3
m1 0 12
m2 6 14
1 5 0
2 5 0
3 5 0
t 208 38
m0 9 3
m1 0 12
m2 5 14
1 6 0
2 6 0
3 6 0
t 207 38
m0 9 4
m1 0 12
m2 4 14
1 5 0
2 5 0
3 5 0
t 206 38
m0 9 3
m1 0 12
m2 4 14
1 6 0
2 6 0
3 6 0
t 205 38
m0 9 3
m1 0 11
m2 5 14
1 5 0
2 5 0
3 5 0
t 204 38
m0 9 3
m1 0 11
m2 5 14
1 6 0
2 6 0
3 6 0
t 203 38
m0 9 4
m1 0 11
m2 4 14
1 5 0
2 5 0
3 5 0
t 202 38
m0 9 4
m1 0 10
m2 5 14
1 6 0
2 6 0
3 6 0
t 201 38
m0 9 3
m1 0 11
m2 4 14
1 5 0
2 5 0
3 5 0
t 200 38
m0 9 3
m1 0 10
m2 3 14
1 6 0
2 6 0
3 6 0
t 199 38
m0 8 3
m1 1 10
m2 2 14
1 5 0
2 5 0
3 5 0
t 198 39
m0 9 3
m1 1 9
m2 3 14
1 6 0
2 6 0
3 6 0
t 197 39
m0 9 4
m1 1 8
m2 3 13
1 5 0
2 5 0
3 5 0
t 196 39
m0 9 3
m1 0 8
m2 3 14
1 6 0
2 6 0
3 6 0
t 195 40
m0 9 3
m1 0 8
m2 4 14
1 5 0
2 5 0
3 5 0
t 194 40
m0 9 3
m1 1 8
m2 4 14
1 6 0
2 6 0
3 6 0
t 193 40
m0 9 3
m1 0 8
m2 5 14
1 5 0
2 5 0
3 5 0
t 192 40
m0 9 4
m1 0 8
m2 6 14
1 6 0
2 6 0
3 6 0
t 191 40
m0 9 3
m1 1 8
m2 7 14
1 5 0
2 5 0
3 5 0
t 190 40
m0 9 3
m1 2 8
m2 8 14
1 6 0
2 6 0
3 6 0
t 189 41
m0 9 4
m1 1 8
m2 8 14
1 5 0
2 5 0
3 5 0
t 188 41
m0 9 4
m1 0 8
m2 7 14
1 6 0
2 6 0
3 6 0
t 187 41
m0 9 3
m1 0 7
m2 6 14
1 5 0
2 5 0
3 5 0
t 186 41
m0 9 3
m1 0 6
m2 7 14
1 6 0
2 6 0
3 6 0
t 185 42
m0 9 3
m1 0 7
m2 8 14
1 5 0
2 5 0
3 5 0
t 184 42
m0 9 3
m1 0 8
m2 9 14
1 6 0
2 6 0
3 6 0
t 183 43
m0 8 3
m1 0 8
m2 9 14
1 5 0
2 5 0
3 5 0
t 182 43
m0 8 2
m1 0 8
m2 8 14
1 6 0
2 6 0
3 6 0
t 181 44
m0 8 2
m1 0 8
m2 9 14
1 5 0
2 5 0
3 5 0
t 180 44
m0 7 2
m1 0 8
m2 9 14
1 6 0
2 6 0
3 6 0
t 179 44
m0 7 1
m1 0 8
m2 9 14
1 5 0
2 5 0
3 5 0
t 178 45
m0 7 0
m1 0 8
m2 9 14
1 5 1
2 5 1
3 5 1
t 177 45
m0 7 0
m1 0 8
m2 9 14
1 4 1
2 4 1
3 4 1
t 176 45
m0 8 0
m1 0 7
m2 9 13
1 4 2
2 4 2
3 4 2
t 175 46
m0 7 0
m1 0 8
m2 9 13
1 3 2
2 3 2
3 3 2
t 174 46
m0 7 0
m1 0 8
m2 9 13
1 2 2
2 2 2
3 2 2
t 173 46
m0 7 0
m1 0 8
m2 9 14
1 1 2
2 1 2
3 1 2
t 172 46
m0 7 0
m1 0 8
m2 9 14
1 2 2
2 2 2
3 2 2
t 171 46
m0 8 0
m1 0 8
m2 9 14
1 3 2
2 3 2
3 3 2
t 170 46
m0 9 0
m1 0 8
m2 8 14
1 2 2
2 2 2
3 2 2
t 169 47
m0 9 0
m1 0 7
m2 8 14
1 3 2
2 3 2
3 3 2
t 168 47
m0 9 0
m1 0 8
m2 8 14
1 2 2
2 2 2
3 2 2
t 167 47
m0 9 0
m1 0 7
m2 7 14
1 3 2
2 3 2
3 3 2
t 166 47
m0 9 0
m1 0 6
m2 7 14
1 4 2
2 4 2
3 4 2
t 165 47
m0 9 0
m1 0 7
m2 8 14
1 3 2
2 3 2
3 3 2
t 164 47
m0 9 0
m1 0 8
m2 8 14
1 2 2
2 2 2
3 2 2
t 163 47
m0 9 0
m1 0 7
m2 9 14
1 3 2
2 3 2
3 3 2
t 162 47
m0 8 0
m1 0 8
m2 9 14
1 2 2
2 2 2
3 2 2
t 161 47
m0 8 0
m1 0 7
m2 8 14
1 3 2
2 3 2
3 3 2
t 160 47
m0 9 0
m1 0 7
m2 8 14
1 4 2
2 4 2
3 4 2
t 159 47
m0 9 0
m1 0 6
m2 9 14
1 3 2
2 3 2
3 3 2
t 158 47
m0 9 0
m1 0 7
m2 8 14
1 4 2
2 4 2
3 4 2
t 157 47
m0 9 0
m1 0 7
m2 8 14
1 3 2
2 3 2
3 3 2
t 156 47
m0 9 0
m1 0 7
m2 8 14
1 4 2
2 4 2
3 4 2
t 155 47
m0 9 0
m1 0 7
m2 7 14
1 3 2
2 3 2
3 3 2
t 154 47
m0 9 0
m1 0 7
m2 7 14
1 4 2
2 4 2
3 4 2
t 153 47
m0 9 0
m1 0 6
m2 8 14
1 3 2
2 3 2
3 3 2
t 152 47
m0 9 0
m1 0 7
m2 7 14
1 4 2
2 4 2
3 4 2
t 151 47
m0 9 0
m1 0 8
m2 7 14
1 3 2
2 3 2
3 3 2
t 150 47
m0 9 0
m1 0 8
m2 7 14
1 2 2
2 2 2
3 2 2
t 149 47
m0 9 0
m1 0 8
m2 6 14
1 3 2
2 3 2
3 3 2
t 148 47
m0 9 0
m1 0 7
m2 7 14
1 4 2
2 4 2
3 4 2
t 147 47
m0 9 0
m1 0 7
m2 7 14
1 3 2
2 3 2
3 3 2
t 146 47
m0 9 0
m1 0 6
m2 7 14
1 4 2
2 4 2
3 4 2
t 145 47
m0 9 0
m1 0 7
m2 8 14
1 3 2
2 3 2
3 3 2
t 144 47
m0 9 0
m1 0 7
m2 9 14
1 4 2
2 4 2
3 4 2
t 143 47
m0 8 0
m1 0 8
m2 9 14
1 3 2
2 3 2
3 3 2
t 142 47
m0 8 0
m1 0 8
m2 9 13
1 2 2
2 2 2
3 2 2
t 141 47
m0 7 0
m1 0 8
m2 9 14
1 1 2
2 1 2
3 1 2
t 140 47
m0 7 0
m1 0 8
m2 8 14
1 2 2
2 2 2
3 2 2
t 139 47
m0 7 0
m1 0 8
m2 9 14
1 1 2
2 1 2
3 1 2
t 138 47
m0 7 0
m1 0 8
m2 8 14
1 2 2
2 2 2
3 2 2
t 137 47
m0 7 0
m1 0 7
m2 9 14
1 3 2
2 3 2
3 3 2
t 136 47
m0 8 0
m1 0 8
m2 8 14
1 2 2
2 2 2
3 2 2
t 135 47
m0 9 0
m1 0 8
m2 9 14
1 3 2
2 3 2
3 3 2
t 134 47
m0 8 0
m1 0 7
m2 9 14
1 2 2
2 2 2
3 2 2
t 133 47
m0 9 0
m1 0 7
m2 8 14
1 3 2
2 3 2
3 3 2
t 132 47
m0 9 0
m1 0 7
m2 8 14
1 4 2
2 4 2
3 4 2
t 131 47
m0 9 0
m1 0 7
m2 9 14
1 3 2
2 3 2
3 3 2
t 130 47
m0 8 0
m1 0 8
m2 9 13
1 2 2
2 2 2
3 2 2
t 129 47
m0 7 0
m1 0 8
m2 9 12
1 1 2
2 1 2
3 1 2
t 128 57
m0 7 1
m1 0 7
m2 9 13
1 2 2
2 2 2
3 2 2
t 127 57
m0 7 0
m1 0 8
m2 9 14
1 1 2
2 1 2
3 1 2
t 126 57
m0 7 0
m1 0 8
m2 9 14
1 2 2
2 2 2
3 2 2
t 125 57
m0 7 0
m1 0 8
m2 8 14
1 1 2
2 1 2
3 1 2
t 124 57
m0 7 0
m1 0 8
m2 9 14
1 2 2
2 2 2
3 2 2
t 123 57
m0 8 0
m1 0 8
m2 8 14
1 3 2
2 3 2
3 3 2
t 122 57
m0 9 0
m1 0 7
m2 9 14
1 4 2
2 4 2
3 4 2
t 121 57
m0 8 0
m1 0 8
m2 9 14
1 3 2
2 3 2
3 3 2
t 120 57
m0 7 0
m1 0 8
m2 8 14
1 2 2
2 2 2
3 2 2
t 119 57
m0 8 0
m1 0 7
m2 8 14
1 3 2
2 3 2
3 3 2
t 118 57
m0 9 0
m1 0 7
m2 9 14
1 4 2
2 4 2
3 4 2
t 117 57
m0 8 0
m1 0 7
m2 9 14
1 3 2
2 3 2
3 3 2
t 116 57
m0 8 0
m1 0 8
m2 9 14
1 2 2
2 2 2
3 2 2
t 115 57
m0 8 0
m1 0 8
m2 9 14
1 3 2
2 3 2
3 3 2
t 114 57
m0 8 0
m1 0 8
m2 9 13
1 2 2
2 2 2
3 2 2
t 113 57
m0 7 0
m1 0 8
m2 9 13
1 1 2
2 1 2
3 1 2
t 112 57
m0 8 0
m1 0 8
m2 9 14
1 2 2
2 2 2
3 2 2
t 111 57
m0 8 0
m1 0 8
m2 9 14
1 3 2
2 3 2
3 3 2
t 110 57
m0 8 0
m1 0 8
m2 8 14
1 2 2
2 2 2
3 2 2
t 109 57
m0 9 0
m1 0 7
m2 9 14
1 3 2
2 3 2
3 3 2
t 108 57
m0 8 0
m1 0 8
m2 8 14
1 2 2
2 2 2
3 2 2
t 107 57
m0 9 0
m1 0 7
m2 9 14
1 3 2
2 3 2
3 3 2
t 106 57
m0 9 0
m1 0 7
m2 8 14
1 4 2
2 4 2
3 4 2
t 105 57
m0 9 0
m1 0 7
m2 7 14
1 3 2
2 3 2
3 3 2
t 104 57
m0 9 0
m1 0 6
m2 6 14
1 4 2
2 4 2
3 4 2
t 103 57
m0 9 0
m1 0 5
m2 6 14
1 5 2
2 5 2
3 5 2
t 102 57
m0 9 0
m1 0 6
m2 7 14
1 4 2
2 4 2
3 4 2
t 101 57
m0 9 0
m1 0 6
m2 8 14
1 3 2
2 3 2
3 3 2
t 100 57
m0 9 0
m1 0 7
m2 7 14
1 4 2
2 4 2
3 4 2
t 99 57
m0 9 0
m1 0 6
m2 7 14
1 3 2
2 3 2
3 3 2
t 98 57
m0 9 0
m1 0 6
m2 8 14
1 4 2
2 4 2
3 4 2
t 97 57
m0 9 0
m1 0 7
m2 7 14
1 3 2
2 3 2
3 3 2
t 96 57
m0 9 0
m1 0 6
m2 7 13
1 4 2
2 4 2
3 4 2
t 95 57
m0 9 0
m1 0 6
m2 7 14
1 3 2
2 3 2
3 3 2
t 94 57
m0 9 0
m1 0 6
m2 8 14
1 4 2
2 4 2
3 4 2
t 93 57
m0 9 0
m1 0 7
m2 8 14
1 3 2
2 3 2
3 3 2
t 92 57
m0 9 0
m1 0 7
m2 7 14
1 4 2
2 4 2
3 4 2
f 4 5
t 91 57
m0 9 0
m1 0 7
m2 8 14
1 3 2
2 3 2
3 3 2
t 90 57
m0 9 0
m1 0 8
m2 7 14
1 2 2
2 2 2
3 2 2
t 89 57
m0 9 0
m1 0 7
m2 6 14
1 3 2
2 3 2
3 3 2
t 88 57
m0 9 0
m1 0 8
m2 7 14
1 2 2
2 2 2
3 2 2
t 87 57
m0 9 0
m1 0 7
m2 6 14
1 3 2
2 3 2
3 3 2
t 86 57
m0 9 0
m1 0 6
m2 6 13
1 4 2
2 4 2
3 4 2
t 85 57
m0 9 0
m1 0 6
m2 6 14
1 3 2
2 3 2
3 3 2
t 84 57
m0 9 0
m1 0 5
m2 7 14
1 4 2
2 4 2
3 4 2
t 83 57
m0 9 0
m1 0 5
m2 7 14
1 5 2
2 5 2
3 5 2
t 82 57
m0 9 0
m1 0 5
m2 7 14
1 4 2
2 4 2
3 4 2
t 81 57
m0 9 0
m1 0 6
m2 7 13
1 3 2
2 3 2
3 3 2
t 80 57
m0 9 0
m1 0 6
m2 7 14
1 4 2
2 4 2
3 4 2
t 79 57
m0 9 0
m1 0 7
m2 8 14
1 3 2
2 3 2
3 3 2
t 78 57
m0 9 0
m1 0 7
m2 9 14
1 4 2
2 4 2
3 4 2
t 77 57
m0 8 0
m1 0 8
m2 9 14
1 3 2
2 3 2
3 3 2
t 76 57
m0 7 0
m1 0 8
m2 9 13
1 2 2
2 2 2
3 2 2
t 75 57
m0 7 0
m1 0 7
m2 9 13
1 3 2
2 3 2
3 3 2
t 74 57
m0 8 0
m1 0 7
m2 9 12
1 2 2
2 2 2
3 2 2
t 73 57
m0 7 0
m1 0 8
m2 9 12
1 1 2
2 1 2
3 1 2
t 72 57
m0 8 0
m1 0 8
m2 9 12
1 2 2
2 2 2
3 2 2
t 71 57
m0 7 0
m1 0 8
m2 9 13
1 1 2
2 1 2
3 1 2
t 70 57
m0 7 0
m1 0 8
m2 9 14
1 2 2
2 2 2
3 2 2
t 69 57
m0 8 0
m1 0 7
m2 8 14
1 3 2
2 3 2
3 3 2
t 68 57
m0 9 0
m1 0 8
m2 8 14
1 2 2
2 2 2
3 2 2
t 67 57
m0 9 0
m1 0 7
m2 8 14
1 3 2
2 3 2
3 3 2
t 66 57
m0 9 0
m1 0 7
m2 9 14
1 4 2
2 4 2
3 4 2
t 65 57
m0 8 0
m1 0 8
m2 9 14
1 3 2
2 3 2
3 3 2
t 64 57
m0 8 0
m1 0 7
m2 9 14
1 2 2
2 2 2
3 2 2
t 63 57
m0 8 0
m1 0 8
m2 9 14
1 3 2
2 3 2
3 3 2
t 62 57
m0 8 0
m1 0 7
m2 8 14
1 2 2
2 2 2
3 2 2
t 61 57
m0 9 0
m1 0 8
m2 8 14
1 3 2
2 3 2
3 3 2
t 60 57
m0 9 0
m1 0 7
m2 9 14
1 4 2
2 4 2
3 4 2
t 59 57
m0 8 0
m1 0 7
m2 8 14
1 3 2
2 3 2
3 3 2
t 58 57
m0 9 0
m1 0 8
m2 8 14
1 2 2
2 2 2
3 2 2
t 57 57
m0 9 0
m1 0 8
m2 8 14
1 3 2
2 3 2
3 3 2
t 56 57
m0 9 0
m1 0 7
m2 8 14
1 4 2
2 4 2
3 4 2
t 55 57
m0 9 0
m1 0 8
m2 8 14
1 3 2
2 3 2
3 3 2
t 54 57
m0 9 0
m1 0 7
m2 8 14
1 4 2
2 4 2
3 4 2
t 53 57
m0 9 0
m1 0 6
m2 7 14
1 3 2
2 3 2
3 3 2
t 52 57
m0 9 0
m1 1 6
m2 7 14
1 4 2
2 4 2
3 4 2
t 51 58
m0 9 0
m1 0 6
m2 7 14
1 3 2
2 3 2
3 3 2
t 50 58
m0 9 0
m1 0 6
m2 6 14
1 4 2
2 4 2
3 4 2
t 49 58
m0 9 0
m1 0 7
m2 6 13
1 3 2
2 3 2
3 3 2
t 48 58
m0 9 0
m1 0 6
m2 7 13
1 4 2
2 4 2
3 4 2
t 47 58
m0 9 0
m1 0 7
m2 7 14
1 3 2
2 3 2
3 3 2
t 46 58
m0 9 0
m1 0 6
m2 8 14
1 4 2
2 4 2
3 4 2
t 45 58
m0 9 0
m1 0 7
m2 8 14
1 3 2
2 3 2
3 3 2
t 44 58
m0 9 0
m1 0 8
m2 8 14
1 2 2
2 2 2
3 2 2
t 43 58
m0 9 0
m1 0 8
m2 8 14
1 3 2
2 3 2
3 3 2
t 42 58
m0 9 0
m1 0 8
m2 9 14
1 2 2
2 2 2
3 2 2
t 41 58
m0 8 0
m1 0 8
m2 9 14
1 3 2
2 3 2
3 3 2
t 40 58
m0 8 0
m1 0 8
m2 9 14
1 2 2
2 2 2
3 2 2
t 39 58
m0 8 0
m1 0 8
m2 8 14
1 3 2
2 3 2
3 3 2
t 38 58
m0 9 0
m1 0 7
m2 8 14
1 4 2
2 4 2
3 4 2
t 37 58
m0 9 0
m1 0 6
m2 8 14
1 3 2
2 3 2
3 3 2
t 36 58
m0 9 0
m1 0 7
m2 8 14
1 4 2
2 4 2
3 4 2
t 35 58
m0 9 0
m1 0 7
m2 7 14
1 3 2
2 3 2
3 3 2
t 34 58
m0 9 0
m1 0 6
m2 7 14
1 4 2
2 4 2
3 4 2
t 33 58
m0 9 0
m1 0 6
m2 8 14
1 3 2
2 3 2
3 3 2
t 32 58
m0 9 0
m1 0 6
m2 9 14
1 4 2
2 4 2
3 4 2
t 31 58
m0 9 0
m1 0 7
m2 8 14
1 3 2
2 3 2
3 3 2
t 30 58
m0 9 0
m1 0 7
m2 9 14
1 4 2
2 4 2
3 4 2
t 29 58
m0 8 0
m1 0 8
m2 8 14
1 3 2
2 3 2
3 3 2
t 28 58
m0 9 0
m1 0 7
m2 7 14
1 4 2
2 4 2
3 4 2
t 27 58
m0 9 0
m1 0 6
m2 6 14
1 3 2
2 3 2
3 3 2
t 26 58
m0 9 0
m1 0 7
m2 7 14
1 4 2
2 4 2
3 4 2
t 25 58
m0 9 0
m1 0 7
m2 8 14
1 3 2
2 3 2
3 3 2
t 24 58
m0 9 0
m1 0 8
m2 9 14
1 2 2
2 2 2
3 2 2
t 23 58
m0 9 0
m1 0 7
m2 9 13
1 3 2
2 3 2
3 3 2
t 22 58
m0 8 0
m1 0 7
m2 9 13
1 2 2
2 2 2
3 2 2
t 21 58
m0 9 0
m1 0 7
m2 9 14
1 3 2
2 3 2
3 3 2
t 20 58
m0 8 0
m1 0 7
m2 9 14
1 2 2
2 2 2
3 2 2
t 19 58
m0 9 0
m1 0 8
m2 8 14
1 3 2
2 3 2
3 3 2
t 18 58
m0 9 0
m1 0 8
m2 8 14
1 2 2
2 2 2
3 2 2
t 17 58
m0 9 0
m1 0 8
m2 9 14
1 3 2
2 3 2
3 3 2
t 16 58
m0 8 0
m1 0 8
m2 8 14
1 2 2
2 2 2
3 2 2
t 15 58
m0 9 0
m1 0 8
m2 7 14
1 3 2
2 3 2
3 3 2
t 14 58
m0 9 0
m1 0 7
m2 8 14
1 4 2
2 4 2
3 4 2
t 13 58
m0 9 0
m1 0 7
m2 9 14
1 3 2
2 3 2
3 3 2
t 12 58
m0 8 0
m1 0 8
m2 9 14
1 2 2
2 2 2
3 2 2
t 11 58
m0 7 0
m1 0 8
m2 9 13
1 1 2
2 1 2
3 1 2
t 10 58
m0 7 0
m1 0 8
m2 9 12
1 2 2
2 2 2
3 2 2
t 9 58
m0 7 0
m1 0 7
m2 9 13
1 3 2
2 3 2
3 3 2
t 8 58
m0 8 0
m1 0 7
m2 9 14
1 2 2
2 2 2
3 2 2
t 7 58
m0 8 0
m1 0 8
m2 9 14
1 3 2
2 3 2
3 3 2
t 6 58
m0 8 0
m1 0 8
m2 8 14
1 2 2
2 2 2
3 2 2
t 5 58
m0 9 0
m1 0 7
m2 8 14
1 3 2
2 3 2
3 3 2
t 4 58
m0 9 0
m1 0 8
m2 7 14
1 2 2
2 2 2
3 2 2
t 3 58
m0 9 0
m1 0 7
m2 7 13
1 3 2
2 3 2
3 3 2
t 2 58
m0 9 0
m1 0 7
m2 7 13
1 4 2
2 4 2
3 4 2
t 1 58
m0 9 0
m1 0 6
m2 7 13
1 4 2
2 4 2
3 4 2
t 0 58
