10
15
w 4 7
w 8 13
w 6 2
w 2 5
w 1 11
w 8 5
w 3 14
w 6 14
w 1 2
w 4 9
w 2 9
w 8 1
w 7 6
w 6 10
w 1 14
w 4 1
w 4 10
w 3 2
w 5 4
w 8 2
w 6 11
w 4 14
w 1 4
w 4 2
w 6 12
w 1 0
w 2 14
w 7 8
w 3 12
w 6 8
w 1 12
w 8 12
w 3 1
w 7 4
w 1 7
w 0 9
w 3 4
p 5 9
p 6 9
p 4 8
p 5 6
p 2 8
p 8 0
p 7 7
p 0 7
p 2 1
p 5 13
p 4 12
p 1 6
p 2 12
p 9 4
p 7 11
p 3 7
p 7 2
p 5 8
p 4 0
p 6 7
p 5 5
p 3 3
p 3 10
p 8 10
p 6 3
p 3 6
p 2 2
p 1 10
p 0 4
p 1 1
p 9 7
p 6 4
p 9 14
p 7 1
p 8 11
p 2 10
p 0 12
p 1 9
p 9 6
p 6 5
p 7 9
p 0 1
p 7 0
p 5 10
p 9 2
p 6 1
p 7 13
p 2 11
p 9 9
p 3 8
p 1 8
p 8 8
p 9 5
p 5 2
p 0 2
p 8 4
m0 0 14
m1 0 14
m2 0 14
1 9 0
2 9 0
3 9 0
t 300 0
m0 0 14
m1 0 14
m2 0 14
1 8 0
2 8 0
3 8 0
t 299 0
m0 0 14
m1 0 13
m2 0 13
1 9 0
2 9 0
3 9 0
t 298 0
m0 0 13
m1 0 12
m2 0 12
1 8 0
2 8 0
3 8 0
t 297 1
m0 0 13
m1 0 12
m2 0 11
1 9 0
2 9 0
3 9 0
t 296 1
m0 0 13
m1 0 12
m2 0 11
1 8 0
2 8 0
3 8 0
t 295 1
m0 1 13
m1 0 11
m2 0 10
1 9 0
2 9 0
3 9 0
t 294 1
m0 0 13
m1 0 10
m2 1 10
1 8 0
2 8 0
3 8 0
t 293 2
m0 0 14
m1 1 10
m2 1 9
1 9 0
2 9 0
3 9 0
t 292 3
m0 0 13
m1 2 10
m2 1 8
1 8 0
2 8 0
3 8 0
t 291 5
m0 0 12
m1 2 11
m2 2 8
1 9 0
2 9 0
3 9 0
t 290 7
m0 0 11
m1 2 12
m2 3 8
1 8 0
2 8 0
3 8 0
t 289 9
m0 0 11
m1 2 13
m2 4 8
1 9 0
2 9 0
3 9 0
t 288 10
m0 0 11
m1 2 13
m2 5 8
1 8 0
2 8 0
3 8 0
t 287 11
m0 0 11
m1 3 13
m2 5 9
1 9 0
2 9 0
3 9 0
t 286 12
m0 0 11
m1 3 13
m2 6 9
1 8 0
2 8 0
3 8 0
f 4 6
t 285 13
m0 0 10
m1 4 13
m2 7 9
1 9 0
2 9 0
3 9 0
t 284 14
m0 0 11
m1 5 13
m2 7 9
1 8 0
2 8 0
3 8 0
t 283 15
m0 0 12
m1 4 13
m2 7 10
1 9 0
2 9 0
3 9 0
t 282 15
m0 0 12
m1 4 12
m2 7 11
1 8 0
2 8 0
3 8 0
t 281 17
m0 0 11
m1 4 12
m2 8 11
1 9 0
2 9 0
3 9 0
t 280 18
m0 0 11
m1 4 11
m2 8 10
1 8 0
2 8 0
3 8 0
t 279 19
m0 0 10
m1 5 11
m2 7 10
1 9 0
2 9 0
3 9 0
t 278 19
m0 1 10
m1 5 10
m2 8 10
1 8 0
2 8 0
3 8 0
t 277 20
m0 1 10
m1 5 10
m2 8 10
1 9 0
2 9 0
3 9 0
t 276 20
m0 1 10
m1 5 10
m2 8 9
1 8 0
2 8 0
3 8 0
t 275 20
m0 0 10
m1 5 9
m2 8 8
1 9 0
2 9 0
3 9 0
t 274 21
m0 0 11
m1 6 9
m2 8 9
1 8 0
2 8 0
3 8 0
t 273 21
m0 0 12
m1 6 9
m2 9 9
1 9 0
2 9 0
3 9 0
t 272 22
m0 0 12
m1 7 9
m2 9 9
1 8 0
2 8 0
3 8 0
t 271 22
m0 0 11
m1 8 9
m2 9 9
1 9 0
2 9 0
3 9 0
t 270 22
m0 0 12
m1 8 8
m2 9 8
1 8 0
2 8 0
3 8 0
t 269 22
m0 0 12
m1 8 8
m2 9 7
1 9 0
2 9 0
3 9 0
t 268 23
m0 0 12
m1 8 8
m2 9 6
1 8 0
2 8 0
3 8 0
t 267 24
m0 0 13
m1 8 7
m2 9 5
1 9 0
2 9 0
3 9 0
t 266 25
m0 0 12
m1 7 7
m2 9 4
1 8 0
2 8 0
3 8 0
t 265 27
m0 0 13
m1 6 7
m2 8 4
1 9 0
2 9 0
3 9 0
t 264 29
m0 0 12
m1 6 7
m2 8 4
1 8 0
2 8 0
3 8 0
t 263 29
m0 0 11
m1 6 6
m2 8 4
1 9 0
2 9 0
3 9 0
t 262 29
m0 0 10
m1 5 6
m2 8 4
1 8 0
2 8 0
3 8 0
t 261 30
m0 1 10
m1 5 5
m2 8 3
1 9 0
2 9 0
3 9 0
t 260 31
m0 0 10
m1 6 5
m2 9 3
1 8 0
2 8 0
3 8 0
t 259 32
m0 1 10
m1 6 4
m2 9 2
1 9 0
2 9 0
3 9 0
t 258 34
m0 1 9
m1 6 3
m2 9 1
1 8 0
2 8 0
3 8 0
t 257 35
m0 1 8
m1 7 3
m2 9 1
1 9 0
2 9 0
3 9 0
t 256 35
m0 1 8
m1 7 2
m2 -5 -5
1 8 0
2 8 0
3 8 0
t 255 36
m0 2 8
m1 7 1
m2 -5 -5
1 9 0
2 9 0
3 9 0
t 254 37
m0 2 7
m1 6 1
m2 -5 -5
1 8 0
2 8 0
3 8 0
t 253 38
m0 3 7
m1 5 1
m2 -5 -5
1 9 0
2 9 0
3 9 0
t 252 39
m0 3 6
m1 5 2
m2 -5 -5
1 8 0
2 8 0
3 8 0
t 251 41
m0 3 5
m1 5 3
m2 -5 -5
1 9 0
2 9 0
3 9 0
t 250 41
m0 3 5
m1 5 3
m2 -5 -5
1 8 0
2 8 0
3 8 0
t 249 41
m0 3 5
m1 4 3
m2 -5 -5
1 9 0
2 9 0
3 9 0
t 248 41
m0 3 5
m1 3 3
m2 -5 -5
1 8 0
2 8 0
3 8 0
t 247 42
m0 3 5
m1 3 3
m2 -5 -5
1 9 0
2 9 0
3 9 0
t 246 42
m0 3 6
m1 3 3
m2 -5 -5
1 8 0
2 8 0
3 8 0
t 245 42
m0 3 5
m1 4 3
m2 -5 -5
1 9 0
2 9 0
3 9 0
t 244 42
m0 3 5
m1 4 4
m2 -5 -5
1 8 0
2 8 0
3 8 0
t 243 42
m0 3 6
m1 4 5
m2 -5 -5
1 9 0
2 9 0
3 9 0
t 242 42
m0 2 6
m1 3 5
m2 -5 -5
1 8 0
2 8 0
3 8 0
t 241 42
m0 1 6
m1 3 6
m2 -5 -5
1 9 0
2 9 0
3 9 0
t 240 43
m0 1 6
m1 2 6
m2 -5 -5
1 8 0
2 8 0
3 8 0
t 239 43
m0 1 5
m1 2 7
m2 -5 -5
1 9 0
2 9 0
3 9 0
t 238 43
m0 1 6
m1 2 7
m2 -5 -5
1 8 0
2 8 0
3 8 0
t 237 43
m0 1 6
m1 3 7
m2 -5 -5
1 9 0
2 9 0
3 9 0
t 236 43
m0 1 6
m1 3 7
m2 -5 -5
1 8 0
2 8 0
3 8 0
t 235 43
m0 1 6
m1 3 6
m2 -5 -5
1 9 0
2 9 0
3 9 0
t 234 43
m0 0 6
m1 2 6
m2 -5 -5
1 8 0
2 8 0
3 8 0
t 233 43
m0 0 7
m1 2 6
m2 -5 -5
1 9 0
2 9 0
3 9 0
t 232 44
m0 0 8
m1 3 6
m2 -5 -5
1 8 0
2 8 0
3 8 0
t 231 44
m0 0 8
m1 3 5
m2 -5 -5
1 9 0
2 9 0
3 9 0
t 230 44
m0 1 8
m1 4 5
m2 -5 -5
1 8 0
2 8 0
3 8 0
t 229 44
m0 0 8
m1 3 5
m2 -5 -5
1 9 0
2 9 0
3 9 0
t 228 44
m0 0 7
m1 3 6
m2 -5 -5
1 8 0
2 8 0
3 8 0
t 227 44
m0 0 6
m1 2 6
m2 -5 -5
1 9 0
2 9 0
3 9 0
t 226 44
m0 0 5
m1 2 7
m2 -5 -5
1 8 0
2 8 0
3 8 0
t 225 44
m0 0 4
m1 2 8
m2 -5 -5
1 9 0
2 9 0
3 9 0
t 224 45
m0 0 5
m1 1 8
m2 -5 -5
1 8 0
2 8 0
3 8 0
t 223 45
m0 1 5
m1 1 9
m2 -5 -5
1 9 0
2 9 0
3 9 0
t 222 45
m0 1 6
m1 1 8
m2 -5 -5
1 8 0
2 8 0
3 8 0
t 221 45
m0 2 6
m1 1 8
m2 -5 -5
1 9 0
2 9 0
3 9 0
t 220 45
m0 3 6
m1 2 8
m2 -5 -5
1 8 0
2 8 0
3 8 0
t 219 45
m0 2 6
m1 2 7
m2 -5 -5
1 9 0
2 9 0
3 9 0
t 218 45
m0 2 6
m1 3 7
m2 -5 -5
1 8 0
2 8 0
3 8 0
t 217 45
m0 2 7
m1 2 7
m2 -5 -5
1 9 0
2 9 0
3 9 0
t 216 45
m0 3 7
m1 2 8
m2 -5 -5
1 8 0
2 8 0
3 8 0
t 215 45
m0 3 7
m1 2 8
m2 -5 -5
1 9 0
2 9 0
3 9 0
t 214 45
m0 2 7
m1 2 7
m2 -5 -5
1 8 0
2 8 0
3 8 0
t 213 45
m0 2 7
m1 2 7
m2 -5 -5
1 9 0
2 9 0
3 9 0
t 212 45
m0 3 7
m1 2 7
m2 -5 -5
1 8 0
2 8 0
3 8 0
t 211 45
m0 3 8
m1 3 7
m2 -5 -5
1 9 0
2 9 0
3 9 0
t 210 45
m0 3 7
m1 2 7
m2 -5 -5
1 8 0
2 8 0
3 8 0
t 209 45
m0 3 6
m1 2 6
m2 -5 -5
1 9 0
2 9 0
3 9 0
t 208 45
m0 3 5
m1 3 6
m2 -5 -5
1 8 0
2 8 0
3 8 0
t 207 45
m0 4 5
m1 3 5
m2 -5 -5
1 9 0
2 9 0
3 9 0
t 206 45
m0 3 5
m1 4 5
m2 -5 -5
1 8 0
2 8 0
3 8 0
t 205 45
m0 3 5
m1 3 5
m2 -5 -5
1 9 0
2 9 0
3 9 0
t 204 45
m0 4 5
m1 3 6
m2 -5 -5
1 8 0
2 8 0
3 8 0
t 203 45
m0 3 5
m1 3 5
m2 -5 -5
1 9 0
2 9 0
3 9 0
t 202 45
m0 3 6
m1 3 5
m2 -5 -5
1 8 0
2 8 0
3 8 0
t 201 45
m0 2 6
m1 3 6
m2 -5 -5
1 9 0
2 9 0
3 9 0
t 200 45
m0 2 7
m1 3 7
m2 -5 -5
1 8 0
2 8 0
3 8 0
t 199 45
m0 2 7
m1 3 6
m2 -5 -5
1 9 0
2 9 0
3 9 0
t 198 45
m0 2 6
m1 3 6
m2 -5 -5
1 8 0
2 8 0
3 8 0
t 197 45
m0 2 7
m1 4 6
m2 -5 -5
1 9 0
2 9 0
3 9 0
t 196 55
m0 2 6
m1 5 6
m2 -5 -5
1 8 0
2 8 0
3 8 0
t 195 55
m0 2 6
m1 5 5
m2 -5 -5
1 9 0
2 9 0
3 9 0
t 194 55
m0 2 7
m1 5 6
m2 -5 -5
1 8 0
2 8 0
3 8 0
t 193 55
m0 2 6
m1 5 6
m2 -5 -5
1 9 0
2 9 0
3 9 0
t 192 55
m0 3 6
m1 5 5
m2 -5 -5
1 8 0
2 8 0
3 8 0
t 191 55
m0 4 6
m1 4 5
m2 -5 -5
1 9 0
2 9 0
3 9 0
t 190 55
m0 4 5
m1 5 5
m2 -5 -5
1 8 0
2 8 0
3 8 0
t 189 55
m0 5 5
m1 5 5
m2 -5 -5
1 9 0
2 9 0
3 9 0
t 188 55
m0 6 5
m1 4 5
m2 -5 -5
1 8 0
2 8 0
3 8 0
f 7 2
t 187 55
m0 5 5
m1 5 5
m2 -5 -5
1 9 0
2 9 0
3 9 0
t 186 55
m0 5 5
m1 4 5
m2 -5 -5
1 8 0
2 8 0
3 8 0
t 185 55
m0 4 5
m1 4 6
m2 -5 -5
1 9 0
2 9 0
3 9 0
t 184 55
m0 4 4
m1 4 6
m2 -5 -5
1 8 0
2 8 0
3 8 0
t 183 55
m0 4 3
m1 5 6
m2 -5 -5
1 9 0
2 9 0
3 9 0
t 182 55
m0 4 4
m1 6 6
m2 -5 -5
1 8 0
2 8 0
3 8 0
t 181 55
m0 4 4
m1 6 5
m2 -5 -5
1 9 0
2 9 0
3 9 0
t 180 55
m0 4 5
m1 5 5
m2 -5 -5
1 8 0
2 8 0
3 8 0
t 179 55
m0 4 5
m1 4 5
m2 -5 -5
1 9 0
2 9 0
3 9 0
t 178 55
m0 5 5
m1 5 5
m2 -5 -5
1 8 0
2 8 0
3 8 0
t 177 55
m0 6 5
m1 6 5
m2 -5 -5
1 9 0
2 9 0
3 9 0
t 176 55
m0 5 5
m1 6 5
m2 -5 -5
1 8 0
2 8 0
3 8 0
t 175 55
m0 6 5
m1 6 5
m2 -5 -5
1 9 0
2 9 0
3 9 0
t 174 55
m0 6 4
m1 6 5
m2 -5 -5
1 8 0
2 8 0
3 8 0
t 173 55
m0 6 4
m1 7 5
m2 -5 -5
1 9 0
2 9 0
3 9 0
t 172 55
m0 6 5
m1 6 5
m2 -5 -5
1 8 0
2 8 0
3 8 0
t 171 55
m0 6 6
m1 6 5
m2 -5 -5
1 9 0
2 9 0
3 9 0
t 170 55
m0 6 6
m1 6 6
m2 -5 -5
1 8 0
2 8 0
3 8 0
t 169 55
m0 6 6
m1 5 6
m2 -5 -5
1 9 0
2 9 0
3 9 0
t 168 55
m0 5 6
m1 6 6
m2 -5 -5
1 8 0
2 8 0
3 8 0
t 167 55
m0 5 7
m1 6 5
m2 -5 -5
1 9 0
2 9 0
3 9 0
t 166 55
m0 6 7
m1 6 6
m2 -5 -5
1 8 0
2 8 0
3 8 0
t 165 55
m0 6 7
m1 6 7
m2 -5 -5
1 9 0
2 9 0
3 9 0
t 164 55
m0 6 7
m1 6 6
m2 -5 -5
1 8 0
2 8 0
3 8 0
t 163 55
m0 5 7
m1 6 5
m2 -5 -5
1 9 0
2 9 0
3 9 0
t 162 55
m0 5 7
m1 5 5
m2 -5 -5
1 8 0
2 8 0
3 8 0
t 161 55
m0 5 6
m1 5 5
m2 -5 -5
1 9 0
2 9 0
3 9 0
t 160 55
m0 5 5
m1 5 5
m2 -5 -5
1 8 0
2 8 0
3 8 0
t 159 55
m0 5 5
m1 5 5
m2 -5 -5
1 9 0
2 9 0
3 9 0
t 158 55
m0 4 5
m1 5 6
m2 -5 -5
1 8 0
2 8 0
3 8 0
t 157 55
m0 4 6
m1 5 6
m2 -5 -5
1 9 0
2 9 0
3 9 0
t 156 55
m0 5 6
m1 5 6
m2 -5 -5
1 8 0
2 8 0
3 8 0
t 155 55
m0 5 7
m1 4 6
m2 -5 -5
1 9 0
2 9 0
3 9 0
t 154 55
m0 5 6
m1 4 5
m2 -5 -5
1 8 0
2 8 0
3 8 0
t 153 55
m0 5 5
m1 5 5
m2 -5 -5
1 9 0
2 9 0
3 9 0
t 152 55
m0 4 5
m1 6 5
m2 -5 -5
1 8 0
2 8 0
3 8 0
t 151 55
m0 5 5
m1 6 4
m2 -5 -5
1 9 0
2 9 0
3 9 0
t 150 55
m0 6 5
m1 6 3
m2 -5 -5
1 8 0
2 8 0
3 8 0
t 149 55
m0 6 5
m1 6 4
m2 -5 -5
1 9 0
2 9 0
3 9 0
t 148 55
m0 6 4
m1 6 4
m2 -5 -5
1 8 0
2 8 0
3 8 0
t 147 55
m0 6 5
m1 6 4
m2 -5 -5
1 9 0
2 9 0
3 9 0
t 146 55
m0 6 4
m1 6 5
m2 -5 -5
1 8 0
2 8 0
3 8 0
t 145 55
m0 6 3
m1 6 4
m2 -5 -5
1 9 0
2 9 0
3 9 0
t 144 55
m0 6 4
m1 6 4
m2 -5 -5
1 8 0
2 8 0
3 8 0
t 143 55
m0 6 4
m1 6 4
m2 -5 -5
1 9 0
2 9 0
3 9 0
t 142 55
m0 6 3
m1 6 5
m2 -5 -5
1 8 0
2 8 0
3 8 0
t 141 55
m0 6 3
m1 6 4
m2 -5 -5
1 9 0
2 9 0
3 9 0
t 140 55
m0 6 4
m1 6 4
m2 -5 -5
1 8 0
2 8 0
3 8 0
t 139 55
m0 6 3
m1 6 3
m2 -5 -5
1 9 0
2 9 0
3 9 0
t 138 55
m0 5 3
m1 6 3
m2 -5 -5
1 8 0
2 8 0
3 8 0
t 137 55
m0 6 3
m1 5 3
m2 -5 -5
1 9 0
2 9 0
3 9 0
t 136 55
m0 7 3
m1 6 3
m2 -5 -5
1 8 0
2 8 0
3 8 0
t 135 55
m0 6 3
m1 6 4
m2 -5 -5
1 9 0
2 9 0
3 9 0
t 134 55
m0 6 4
m1 6 3
m2 -5 -5
1 8 0
2 8 0
3 8 0
t 133 55
m0 6 4
m1 7 3
m2 -5 -5
1 9 0
2 9 0
3 9 0
t 132 55
m0 6 3
m1 6 3
m2 -5 -5
1 8 0
2 8 0
3 8 0
t 131 55
m0 6 3
m1 7 3
m2 -5 -5
1 9 0
2 9 0
3 9 0
t 130 55
m0 7 3
m1 7 2
m2 -5 -5
1 8 0
2 8 0
3 8 0
t 129 65
m0 7 2
m1 7 2
m2 -5 -5
1 9 0
2 9 0
3 9 0
t 128 65
m0 7 2
m1 7 2
m2 -5 -5
1 8 0
2 8 0
3 8 0
t 127 65
m0 7 3
m1 7 1
m2 -5 -5
1 9 0
2 9 0
3 9 0
t 126 65
m0 7 2
m1 7 0
m2 -5 -5
1 8 0
2 8 0
3 8 0
t 125 66
m0 7 1
m1 -5 -5
m2 -5 -5
1 9 0
2 9 0
3 9 0
t 124 67
m0 7 2
m1 -5 -5
m2 -5 -5
1 8 0
2 8 0
3 8 0
t 123 67
m0 7 3
m1 -5 -5
m2 -5 -5
1 9 0
2 9 0
3 9 0
t 122 67
m0 6 3
m1 -5 -5
m2 -5 -5
1 8 0
2 8 0
3 8 0
t 121 67
m0 6 3
m1 -5 -5
m2 -5 -5
1 9 0
2 9 0
3 9 0
t 120 67
m0 6 3
m1 -5 -5
m2 -5 -5
1 8 0
2 8 0
3 8 0
t 119 67
m0 6 3
m1 -5 -5
m2 -5 -5
1 9 0
2 9 0
3 9 0
t 118 67
m0 7 3
m1 -5 -5
m2 -5 -5
1 8 0
2 8 0
3 8 0
t 117 67
m0 6 3
m1 -5 -5
m2 -5 -5
1 9 0
2 9 0
3 9 0
t 116 67
m0 7 3
m1 -5 -5
m2 -5 -5
1 8 0
2 8 0
3 8 0
t 115 67
m0 7 3
m1 -5 -5
m2 -5 -5
1 9 0
2 9 0
3 9 0
t 114 67
m0 8 3
m1 -5 -5
m2 -5 -5
1 8 0
2 8 0
3 8 0
t 113 67
m0 7 3
m1 -5 -5
m2 -5 -5
1 9 0
2 9 0
3 9 0
t 112 67
m0 8 3
m1 -5 -5
m2 -5 -5
1 8 0
2 8 0
3 8 0
t 111 67
m0 7 3
m1 -5 -5
m2 -5 -5
1 9 0
2 9 0
3 9 0
t 110 67
m0 6 3
m1 -5 -5
m2 -5 -5
1 8 0
2 8 0
3 8 0
t 109 67
m0 6 4
m1 -5 -5
m2 -5 -5
1 9 0
2 9 0
3 9 0
t 108 67
m0 6 5
m1 -5 -5
m2 -5 -5
1 8 0
2 8 0
3 8 0
t 107 67
m0 6 6
m1 -5 -5
m2 -5 -5
1 9 0
2 9 0
3 9 0
t 106 67
m0 5 6
m1 -5 -5
m2 -5 -5
1 8 0
2 8 0
3 8 0
t 105 67
m0 4 6
m1 -5 -5
m2 -5 -5
1 9 0
2 9 0
3 9 0
t 104 67
m0 4 6
m1 -5 -5
m2 -5 -5
1 8 0
2 8 0
3 8 0
t 103 67
m0 4 5
m1 -5 -5
m2 -5 -5
1 9 0
2 9 0
3 9 0
t 102 67
m0 3 5
m1 -5 -5
m2 -5 -5
1 8 0
2 8 0
3 8 0
t 101 67
m0 4 5
m1 -5 -5
m2 -5 -5
1 9 0
2 9 0
3 9 0
t 100 67
m0 4 4
m1 -5 -5
m2 -5 -5
1 8 0
2 8 0
3 8 0
t 99 67
m0 4 5
m1 -5 -5
m2 -5 -5
1 9 0
2 9 0
3 9 0
t 98 67
m0 4 4
m1 -5 -5
m2 -5 -5
1 8 0
2 8 0
3 8 0
t 97 67
m0 4 5
m1 -5 -5
m2 -5 -5
1 9 0
2 9 0
3 9 0
t 96 67
m0 4 5
m1 -5 -5
m2 -5 -5
1 8 0
2 8 0
3 8 0
t 95 67
m0 4 6
m1 -5 -5
m2 -5 -5
1 9 0
2 9 0
3 9 0
t 94 67
m0 3 6
m1 -5 -5
m2 -5 -5
1 8 0
2 8 0
3 8 0
t 93 67
m0 3 6
m1 -5 -5
m2 -5 -5
1 9 0
2 9 0
3 9 0
t 92 67
m0 3 5
m1 -5 -5
m2 -5 -5
1 8 0
2 8 0
3 8 0
t 91 67
m0 3 6
m1 -5 -5
m2 -5 -5
1 9 0
2 9 0
3 9 0
f 5 0
t 90 67
m0 3 6
m1 -5 -5
m2 -5 -5
1 8 0
2 8 0
3 8 0
t 89 67
m0 3 5
m1 -5 -5
m2 -5 -5
1 9 0
2 9 0
3 9 0
t 88 67
m0 4 5
m1 -5 -5
m2 -5 -5
1 8 0
2 8 0
3 8 0
t 87 67
m0 4 4
m1 -5 -5
m2 -5 -5
1 9 0
2 9 0
3 9 0
t 86 67
m0 4 4
m1 -5 -5
m2 -5 -5
1 8 0
2 8 0
3 8 0
t 85 67
m0 4 4
m1 -5 -5
m2 -5 -5
1 9 0
2 9 0
3 9 0
t 84 67
m0 4 5
m1 -5 -5
m2 -5 -5
1 8 0
2 8 0
3 8 0
t 83 67
m0 4 4
m1 -5 -5
m2 -5 -5
1 9 0
2 9 0
3 9 0
t 82 67
m0 4 5
m1 -5 -5
m2 -5 -5
1 8 0
2 8 0
3 8 0
t 81 67
m0 4 5
m1 -5 -5
m2 -5 -5
1 9 0
2 9 0
3 9 0
t 80 67
m0 4 6
m1 -5 -5
m2 -5 -5
1 8 0
2 8 0
3 8 0
t 79 67
m0 4 5
m1 -5 -5
m2 -5 -5
1 9 0
2 9 0
3 9 0
t 78 67
m0 4 6
m1 -5 -5
m2 -5 -5
1 8 0
2 8 0
3 8 0
t 77 67
m0 4 5
m1 -5 -5
m2 -5 -5
1 9 0
2 9 0
3 9 0
t 76 67
m0 4 4
m1 -5 -5
m2 -5 -5
1 8 0
2 8 0
3 8 0
t 75 67
m0 4 4
m1 -5 -5
m2 -5 -5
1 9 0
2 9 0
3 9 0
t 74 67
m0 4 4
m1 -5 -5
m2 -5 -5
1 8 0
2 8 0
3 8 0
t 73 67
m0 4 4
m1 -5 -5
m2 -5 -5
1 9 0
2 9 0
3 9 0
t 72 67
m0 4 5
m1 -5 -5
m2 -5 -5
1 8 0
2 8 0
3 8 0
t 71 67
m0 4 5
m1 -5 -5
m2 -5 -5
1 9 0
2 9 0
3 9 0
t 70 67
m0 3 5
m1 -5 -5
m2 -5 -5
1 8 0
2 8 0
3 8 0
t 69 67
m0 3 6
m1 -5 -5
m2 -5 -5
1 9 0
2 9 0
3 9 0
t 68 67
m0 3 7
m1 -5 -5
m2 -5 -5
1 8 0
2 8 0
3 8 0
t 67 67
m0 3 8
m1 -5 -5
m2 -5 -5
1 9 0
2 9 0
3 9 0
t 66 67
m0 2 8
m1 -5 -5
m2 -5 -5
1 8 0
2 8 0
3 8 0
t 65 67
m0 1 8
m1 -5 -5
m2 -5 -5
1 9 0
2 9 0
3 9 0
t 64 67
m0 1 9
m1 -5 -5
m2 -5 -5
1 8 0
2 8 0
3 8 0
t 63 67
m0 1 10
m1 -5 -5
m2 -5 -5
1 9 0
2 9 0
3 9 0
t 62 67
m0 2 10
m1 -5 -5
m2 -5 -5
1 8 0
2 8 0
3 8 0
t 61 67
m0 3 10
m1 -5 -5
m2 -5 -5
1 9 0
2 9 0
3 9 0
t 60 68
m0 3 11
m1 -5 -5
m2 -5 -5
1 8 0
2 8 0
3 8 0
t 59 68
m0 3 10
m1 -5 -5
m2 -5 -5
1 9 0
2 9 0
3 9 0
t 58 68
m0 3 9
m1 -5 -5
m2 -5 -5
1 8 0
2 8 0
3 8 0
t 57 68
m0 3 10
m1 -5 -5
m2 -5 -5
1 9 0
2 9 0
3 9 0
t 56 68
m0 3 10
m1 -5 -5
m2 -5 -5
1 8 0
2 8 0
3 8 0
t 55 68
m0 3 11
m1 -5 -5
m2 -5 -5
1 9 0
2 9 0
3 9 0
t 54 68
m0 3 10
m1 -5 -5
m2 -5 -5
1 8 0
2 8 0
3 8 0
t 53 68
m0 3 9
m1 -5 -5
m2 -5 -5
1 9 0
2 9 0
3 9 0
t 52 68
m0 3 8
m1 -5 -5
m2 -5 -5
1 8 0
2 8 0
3 8 0
t 51 68
m0 3 9
m1 -5 -5
m2 -5 -5
1 9 0
2 9 0
3 9 0
t 50 68
m0 3 10
m1 -5 -5
m2 -5 -5
1 8 0
2 8 0
3 8 0
t 49 68
m0 3 11
m1 -5 -5
m2 -5 -5
1 9 0
2 9 0
3 9 0
t 48 68
m0 4 11
m1 -5 -5
m2 -5 -5
1 8 0
2 8 0
3 8 0
t 47 68
m0 5 11
m1 -5 -5
m2 -5 -5
1 9 0
2 9 0
3 9 0
t 46 68
m0 4 11
m1 -5 -5
m2 -5 -5
1 8 0
2 8 0
3 8 0
t 45 68
m0 3 11
m1 -5 -5
m2 -5 -5
1 9 0
2 9 0
3 9 0
t 44 68
m0 4 11
m1 -5 -5
m2 -5 -5
1 8 0
2 8 0
3 8 0
t 43 68
m0 4 12
m1 -5 -5
m2 -5 -5
1 9 0
2 9 0
3 9 0
t 42 68
m0 5 12
m1 -5 -5
m2 -5 -5
1 8 0
2 8 0
3 8 0
t 41 68
m0 5 11
m1 -5 -5
m2 -5 -5
1 9 0
2 9 0
3 9 0
t 40 68
m0 5 11
m1 -5 -5
m2 -5 -5
1 8 0
2 8 0
3 8 0
t 39 68
m0 5 10
m1 -5 -5
m2 -5 -5
1 9 0
2 9 0
3 9 0
t 38 68
m0 5 10
m1 -5 -5
m2 -5 -5
1 8 0
2 8 0
3 8 0
t 37 68
m0 5 11
m1 -5 -5
m2 -5 -5
1 9 0
2 9 0
3 9 0
t 36 68
m0 5 11
m1 -5 -5
m2 -5 -5
1 8 0
2 8 0
3 8 0
t 35 68
m0 4 11
m1 -5 -5
m2 -5 -5
1 9 0
2 9 0
3 9 0
t 34 68
m0 4 12
m1 -5 -5
m2 -5 -5
1 8 0
2 8 0
3 8 0
t 33 68
m0 4 13
m1 -5 -5
m2 -5 -5
1 9 0
2 9 0
3 9 0
t 32 68
m0 5 13
m1 -5 -5
m2 -5 -5
1 8 0
2 8 0
3 8 0
t 31 68
m0 5 12
m1 -5 -5
m2 -5 -5
1 9 0
2 9 0
3 9 0
t 30 68
m0 4 12
m1 -5 -5
m2 -5 -5
1 8 0
2 8 0
3 8 0
t 29 68
m0 5 12
m1 -5 -5
m2 -5 -5
1 9 0
2 9 0
3 9 0
t 28 68
m0 5 12
m1 -5 -5
m2 -5 -5
1 8 0
2 8 0
3 8 0
t 27 68
m0 5 11
m1 -5 -5
m2 -5 -5
1 9 0
2 9 0
3 9 0
t 26 68
m0 4 11
m1 -5 -5
m2 -5 -5
1 8 0
2 8 0
3 8 0
t 25 68
m0 4 12
m1 -5 -5
m2 -5 -5
1 9 0
2 9 0
3 9 0
t 24 68
m0 4 11
m1 -5 -5
m2 -5 -5
1 8 0
2 8 0
3 8 0
t 23 68
m0 3 11
m1 -5 -5
m2 -5 -5
1 9 0
2 9 0
3 9 0
t 22 68
m0 3 11
m1 -5 -5
m2 -5 -5
1 8 0
2 8 0
3 8 0
t 21 68
m0 2 11
m1 -5 -5
m2 -5 -5
1 9 0
2 9 0
3 9 0
t 20 68
m0 2 12
m1 -5 -5
m2 -5 -5
1 8 0
2 8 0
3 8 0
t 19 68
m0 2 12
m1 -5 -5
m2 -5 -5
1 9 0
2 9 0
3 9 0
t 18 68
m0 2 11
m1 -5 -5
m2 -5 -5
1 8 0
2 8 0
3 8 0
t 17 68
m0 2 11
m1 -5 -5
m2 -5 -5
1 9 0
2 9 0
3 9 0
t 16 68
m0 3 11
m1 -5 -5
m2 -5 -5
1 8 0
2 8 0
3 8 0
t 15 68
m0 3 11
m1 -5 -5
m2 -5 -5
1 9 0
2 9 0
3 9 0
t 14 68
m0 3 11
m1 -5 -5
m2 -5 -5
1 8 0
2 8 0
3 8 0
t 13 68
m0 2 11
m1 -5 -5
m2 -5 -5
1 9 0
2 9 0
3 9 0
t 12 68
m0 3 11
m1 -5 -5
m2 -5 -5
1 8 0
2 8 0
3 8 0
t 11 68
m0 3 10
m1 -5 -5
m2 -5 -5
1 9 0
2 9 0
3 9 0
t 10 68
m0 3 11
m1 -5 -5
m2 -5 -5
1 8 0
2 8 0
3 8 0
t 9 68
m0 4 11
m1 -5 -5
m2 -5 -5
1 9 0
2 9 0
3 9 0
t 8 68
m0 5 11
m1 -5 -5
m2 -5 -5
1 8 0
2 8 0
3 8 0
t 7 68
m0 5 11
m1 -5 -5
m2 -5 -5
1 9 0
2 9 0
3 9 0
t 6 68
m0 5 10
m1 -5 -5
m2 -5 -5
1 8 0
2 8 0
3 8 0
t 5 68
m0 5 9
m1 -5 -5
m2 -5 -5
1 9 0
2 9 0
3 9 0
t 4 68
m0 5 10
m1 -5 -5
m2 -5 -5
1 8 0
2 8 0
3 8 0
t 3 68
m0 5 10
m1 -5 -5
m2 -5 -5
1 9 0
2 9 0
3 9 0
t 2 68
m0 5 11
m1 -5 -5
m2 -5 -5
1 8 0
2 8 0
3 8 0
t 1 68
m0 5 10
m1 -5 -5
m2 -5 -5
1 8 0
2 8 0
3 8 0
t 0 68
