10
15
w 8 13
w 8 9
w 4 12
w 2 12
w 9 4
w 7 11
w 3 14
w 7 2
w 1 2
w 1 14
w 8 10
w 1 5
w 0 11
w 3 6
w 7 10
w 1 10
w 8 6
w 4 10
w 5 4
w 5 11
w 9 3
w 0 12
w 3 9
w 2 3
w 4 2
w 2 14
w 7 9
w 2 7
w 3 5
w 9 2
w 6 1
w 3 1
w 5 7
w 7 13
w 1 8
w 8 8
w 7 8
p 7 3
p 6 9
p 9 1
p 4 8
p 2 8
p 9 8
p 7 7
p 1 6
p 0 10
p 1 11
p 5 8
p 6 14
p 4 0
p 8 14
p 4 9
p 5 12
p 6 10
p 3 10
p 6 3
p 0 4
p 2 2
p 4 1
p 6 4
p 7 14
p 2 6
p 9 14
p 3 2
p 0 0
p 6 11
p 1 13
p 8 11
p 5 2
p 4 14
p 6 0
p 9 10
p 7 5
p 1 9
p 6 12
p 1 0
p 0 8
p 4 11
p 6 5
p 0 1
p 3 12
p 5 10
p 1 12
p 8 12
p 9 9
p 5 14
p 2 0
p 0 6
p 7 4
p 6 13
p 1 7
p 3 4
p 0 2
m0 0 14
m1 0 14
m2 0 14
1 9 0
2 9 0
3 9 0
t 300 0
m0 0 14
m1 0 14
m2 0 14
1 8 0
2 8 0
3 8 0
t 299 0
m0 0 14
m1 0 14
m2 0 14
1 9 0
2 9 0
3 9 0
t 298 0
m0 0 14
m1 0 14
m2 0 14
1 8 0
2 9 1
3 8 0
t 297 0
m0 0 14
m1 0 14
m2 0 14
1 9 0
2 8 1
3 9 0
t 296 0
m0 0 14
m1 0 14
m2 0 14
1 8 0
2 7 1
3 8 0
t 295 0
m0 0 14
m1 0 14
m2 0 14
1 9 0
2 7 0
3 9 0
t 294 0
m0 0 13
m1 0 13
m2 0 13
1 8 0
2 8 0
3 8 0
f 5 0
t 293 0
m0 1 13
m1 1 13
m2 1 13
1 9 0
2 7 0
3 9 0
t 292 1
m0 2 13
m1 2 13
m2 2 13
1 8 0
2 8 0
3 8 0
t 291 1
m0 3 13
m1 3 13
m2 3 13
1 9 0
2 7 0
3 9 0
t 290 1
m0 4 13
m1 4 13
m2 4 13
1 8 0
2 6 0
3 8 0
t 289 1
m0 5 13
m1 5 13
m2 5 13
1 9 0
2 5 0
3 9 0
t 288 1
m0 6 13
m1 6 13
m2 6 13
1 8 0
2 4 0
3 8 0
t 287 2
m0 6 12
m1 6 12
m2 6 12
1 9 0
2 4 1
3 9 0
t 286 3
m0 7 12
m1 7 12
m2 7 12
1 8 0
2 4 0
3 8 0
t 285 3
m0 6 12
m1 6 12
m2 6 12
1 9 0
2 3 0
3 9 0
t 284 3
m0 6 11
m1 6 11
m2 6 11
1 8 0
2 2 0
3 8 0
t 283 4
m0 6 10
m1 6 10
m2 6 10
1 9 0
2 1 0
3 9 0
t 282 5
m0 5 10
m1 5 10
m2 5 10
1 8 0
2 0 0
3 8 0
t 281 6
m0 5 9
m1 5 9
m2 5 9
1 9 0
2 0 1
3 9 0
t 280 6
m0 5 8
m1 5 8
m2 5 8
1 8 0
2 0 2
3 8 0
t 279 7
m0 5 9
m1 5 9
m2 5 9
1 9 0
2 0 3
3 9 0
t 278 7
m0 6 9
m1 6 9
m2 6 9
1 8 0
2 0 4
3 8 0
t 277 8
m0 6 8
m1 6 8
m2 6 8
1 9 0
2 0 5
3 9 0
t 276 8
m0 6 7
m1 6 7
m2 6 7
1 8 0
2 0 4
3 8 0
t 275 8
m0 6 6
m1 6 6
m2 6 6
1 9 0
2 0 3
3 9 0
t 274 8
m0 6 5
m1 6 5
m2 6 5
1 8 0
2 0 4
3 8 0
t 273 9
m0 6 4
m1 6 4
m2 6 4
1 9 0
2 0 5
3 9 0
t 272 10
m0 6 3
m1 6 3
m2 6 3
1 8 0
2 0 6
3 8 0
t 271 11
m0 5 3
m1 5 3
m2 5 3
1 9 0
2 0 7
3 9 0
t 270 11
m0 5 2
m1 5 2
m2 5 2
1 8 0
2 0 8
3 8 0
t 269 12
m0 5 1
m1 5 1
m2 5 1
1 9 0
2 0 9
3 9 0
t 268 12
m0 5 0
m1 5 0
m2 5 0
1 8 0
2 0 10
3 8 0
t 267 22
m0 4 0
m1 4 0
m2 4 0
1 9 0
2 0 9
3 9 0
t 266 23
m0 3 0
m1 3 0
m2 3 0
1 8 0
2 0 10
3 8 0
t 265 23
m0 2 0
m1 2 0
m2 2 0
1 9 0
2 0 9
3 9 0
t 264 24
m0 1 0
m1 1 0
m2 1 0
1 8 0
2 0 10
3 8 0
t 263 25
m0 0 0
m1 0 0
m2 0 0
1 9 0
2 0 9
3 9 0
t 262 26
m0 0 0
m1 0 0
m2 0 0
1 8 0
2 0 10
3 8 0
t 261 26
m0 0 1
m1 0 1
m2 0 1
1 9 0
2 0 9
3 9 0
t 260 27
m0 1 1
m1 1 1
m2 1 1
1 8 0
2 0 10
3 8 0
t 259 27
m0 0 1
m1 0 1
m2 0 1
1 9 0
2 0 9
3 9 0
t 258 27
m0 1 1
m1 1 1
m2 1 1
1 8 0
2 0 10
3 8 0
t 257 27
m0 0 1
m1 0 1
m2 0 1
1 9 0
2 0 9
3 9 0
t 256 27
m0 1 1
m1 1 1
m2 1 1
1 8 0
2 0 10
3 8 0
t 255 27
m0 0 1
m1 0 1
m2 0 1
1 9 0
2 0 9
3 9 0
t 254 27
m0 1 1
m1 1 1
m2 1 1
1 8 0
2 1 9
3 8 0
t 253 27
m0 0 1
m1 0 1
m2 0 1
1 9 0
2 2 9
3 9 0
t 252 27
m0 0 1
m1 0 1
m2 0 1
1 8 0
2 2 10
3 8 0
t 251 27
m0 0 2
m1 0 2
m2 0 2
1 9 0
2 2 11
3 9 0
f 7 6
t 250 28
m0 0 3
m1 0 3
m2 0 3
1 8 0
2 1 11
3 8 0
t 249 28
m0 1 3
m1 1 3
m2 1 3
1 9 0
2 1 12
3 9 0
t 248 28
m0 0 3
m1 0 3
m2 0 3
1 8 0
2 1 13
3 8 0
t 247 28
m0 1 3
m1 1 3
m2 1 3
1 9 0
2 0 13
3 9 0
t 246 28
m0 1 4
m1 1 4
m2 1 4
1 8 0
2 1 13
3 8 0
t 245 28
m0 2 4
m1 2 4
m2 2 4
1 9 0
2 0 13
3 9 0
t 244 28
m0 3 4
m1 3 4
m2 3 4
1 8 0
2 0 14
3 8 0
t 243 29
m0 4 4
m1 4 4
m2 4 4
1 9 0
2 0 13
3 9 0
t 242 29
m0 4 5
m1 4 5
m2 4 5
1 8 0
2 0 14
3 8 0
t 241 29
m0 4 6
m1 4 6
m2 4 6
1 9 0
2 0 13
3 9 0
t 240 29
m0 5 6
m1 5 6
m2 5 6
1 8 0
2 0 14
3 8 0
t 239 29
m0 6 6
m1 6 6
m2 6 6
1 9 0
2 0 13
3 9 0
t 238 29
m0 7 6
m1 7 6
m2 7 6
1 8 0
2 0 14
3 8 0
t 237 39
m0 6 6
m1 6 6
m2 6 6
1 9 0
2 0 13
3 9 0
t 236 39
m0 5 6
m1 5 6
m2 5 6
1 8 0
2 1 13
3 8 0
t 235 39
m0 4 6
m1 4 6
m2 4 6
1 9 0
2 0 13
3 9 0
t 234 39
m0 4 6
m1 4 6
m2 4 6
1 8 0
2 0 14
3 8 0
t 233 39
m0 4 7
m1 4 7
m2 4 7
1 9 0
2 0 13
3 9 0
t 232 39
m0 4 6
m1 4 6
m2 4 6
1 8 0
2 0 14
3 8 0
t 231 39
m0 4 7
m1 4 7
m2 4 7
1 9 0
2 0 13
3 9 0
t 230 39
m0 4 6
m1 4 6
m2 4 6
1 8 0
2 0 14
3 8 0
t 229 39
m0 4 7
m1 4 7
m2 4 7
1 9 0
2 0 13
3 9 0
t 228 39
m0 4 6
m1 4 6
m2 4 6
1 8 0
2 0 14
3 8 0
t 227 39
m0 4 7
m1 4 7
m2 4 7
1 9 0
2 0 13
3 9 0
t 226 39
m0 4 6
m1 4 6
m2 4 6
1 8 0
2 0 14
3 8 0
t 225 39
m0 4 7
m1 4 7
m2 4 7
1 9 0
2 0 13
3 9 0
t 224 39
m0 4 6
m1 4 6
m2 4 6
1 8 0
2 0 14
3 8 0
f 0 1
t 223 39
m0 4 5
m1 4 5
m2 4 5
1 9 0
2 0 13
3 9 0
t 222 39
m0 4 4
m1 4 4
m2 4 4
1 8 0
2 0 14
3 8 0
t 221 39
m0 3 4
m1 3 4
m2 3 4
1 9 0
2 0 13
3 9 0
t 220 39
m0 2 4
m1 2 4
m2 2 4
1 8 0
2 0 14
3 8 0
t 219 39
m0 1 4
m1 1 4
m2 1 4
1 9 0
2 0 13
3 9 0
t 218 39
m0 1 3
m1 1 3
m2 1 3
1 8 0
2 0 14
3 8 0
t 217 39
m0 0 3
m1 0 3
m2 0 3
1 9 0
2 0 13
3 9 0
t 216 39
m0 0 2
m1 0 2
m2 0 2
1 8 0
2 0 14
3 8 0
t 215 39
m0 0 1
m1 0 1
m2 0 1
1 9 0
2 0 13
3 9 0
t 214 49
m0 0 2
m1 0 2
m2 0 2
1 8 0
2 1 13
3 8 0
t 213 49
m0 0 3
m1 0 3
m2 0 3
1 9 0
2 2 13
3 9 0
t 212 49
m0 0 3
m1 0 3
m2 0 3
1 8 0
2 3 13
3 8 0
t 211 49
m0 0 4
m1 0 4
m2 0 4
1 9 0
2 2 13
3 9 0
t 210 50
m0 0 3
m1 0 3
m2 0 3
1 8 0
2 1 13
3 8 0
t 209 50
m0 0 3
m1 0 3
m2 0 3
1 9 0
2 0 13
3 9 0
t 208 50
m0 1 3
m1 1 3
m2 1 3
1 8 0
2 0 14
3 8 0
f 0 4
t 207 50
m0 0 3
m1 0 3
m2 0 3
1 9 0
2 0 13
3 9 0
t 206 50
m0 1 3
m1 1 3
m2 1 3
1 8 0
2 0 14
3 8 0
t 205 50
m0 0 3
m1 0 3
m2 0 3
1 9 0
2 0 13
3 9 0
t 204 50
m0 1 3
m1 1 3
m2 1 3
1 8 0
2 0 14
3 8 0
t 203 50
m0 0 3
m1 0 3
m2 0 3
1 9 0
2 0 13
3 9 0
t 202 50
m0 1 3
m1 1 3
m2 1 3
1 8 0
2 0 14
3 8 0
t 201 50
m0 0 3
m1 0 3
m2 0 3
1 9 0
2 0 13
3 9 0
t 200 50
m0 1 3
m1 1 3
m2 1 3
1 8 0
2 0 14
3 8 0
t 199 50
m0 0 3
m1 0 3
m2 0 3
1 9 0
2 0 13
3 9 0
t 198 50
m0 1 3
m1 1 3
m2 1 3
1 8 0
2 0 14
3 8 0
t 197 50
m0 0 3
m1 0 3
m2 0 3
1 9 0
2 0 13
3 9 0
t 196 50
m0 1 3
m1 1 3
m2 1 3
1 8 0
2 1 13
3 8 0
t 195 50
m0 0 3
m1 0 3
m2 0 3
1 9 0
2 0 13
3 9 0
t 194 50
m0 1 3
m1 1 3
m2 1 3
1 8 0
2 1 13
3 8 0
t 193 50
m0 0 3
m1 0 3
m2 0 3
1 9 0
2 0 13
3 9 0
t 192 50
m0 1 3
m1 1 3
m2 1 3
1 8 0
2 0 14
3 8 0
t 191 50
m0 0 3
m1 0 3
m2 0 3
1 9 0
2 0 13
3 9 0
t 190 50
m0 1 3
m1 1 3
m2 1 3
1 8 0
2 0 14
3 8 0
t 189 50
m0 0 3
m1 0 3
m2 0 3
1 9 0
2 0 13
3 9 0
t 188 50
m0 1 3
m1 1 3
m2 1 3
1 8 0
2 1 13
3 8 0
t 187 50
m0 0 3
m1 0 3
m2 0 3
1 9 0
2 1 12
3 9 0
t 186 50
m0 0 2
m1 0 2
m2 0 2
1 8 0
2 1 13
3 8 0
t 185 50
m0 0 3
m1 0 3
m2 0 3
1 9 0
2 0 13
3 9 0
t 184 50
m0 1 3
m1 1 3
m2 1 3
1 8 0
2 0 14
3 8 0
t 183 50
m0 0 3
m1 0 3
m2 0 3
1 9 0
2 0 13
3 9 0
t 182 50
m0 1 3
m1 1 3
m2 1 3
1 8 0
2 0 14
3 8 0
t 181 50
m0 0 3
m1 0 3
m2 0 3
1 9 0
2 0 13
3 9 0
t 180 50
m0 1 3
m1 1 3
m2 1 3
1 8 0
2 0 14
3 8 0
t 179 50
m0 0 3
m1 0 3
m2 0 3
1 9 0
2 0 13
3 9 0
t 178 50
m0 1 3
m1 1 3
m2 1 3
1 8 0
2 0 14
3 8 0
t 177 50
m0 0 3
m1 0 3
m2 0 3
1 9 0
2 0 13
3 9 0
t 176 50
m0 1 3
m1 1 3
m2 1 3
1 8 0
2 0 14
3 8 0
t 175 50
m0 0 3
m1 0 3
m2 0 3
1 9 0
2 0 13
3 9 0
t 174 50
m0 1 3
m1 1 3
m2 1 3
1 8 0
2 1 13
3 8 0
t 173 50
m0 0 3
m1 0 3
m2 0 3
1 9 0
2 0 13
3 9 0
t 172 50
m0 1 3
m1 1 3
m2 1 3
1 8 0
2 1 13
3 8 0
t 171 50
m0 0 3
m1 0 3
m2 0 3
1 9 0
2 0 13
3 9 0
t 170 50
m0 1 3
m1 1 3
m2 1 3
1 8 0
2 1 13
3 8 0
t 169 50
m0 0 3
m1 0 3
m2 0 3
1 9 0
2 0 13
3 9 0
t 168 50
m0 1 3
m1 1 3
m2 1 3
1 8 0
2 0 14
3 8 0
t 167 50
m0 0 3
m1 0 3
m2 0 3
1 9 0
2 0 13
3 9 0
t 166 50
m0 1 3
m1 1 3
m2 1 3
1 8 0
2 0 14
3 8 0
t 165 50
m0 0 3
m1 0 3
m2 0 3
1 9 0
2 0 13
3 9 0
t 164 50
m0 1 3
m1 1 3
m2 1 3
1 8 0
2 0 14
3 8 0
t 163 50
m0 0 3
m1 0 3
m2 0 3
1 9 0
2 0 13
3 9 0
t 162 50
m0 1 3
m1 1 3
m2 1 3
1 8 0
2 1 13
3 8 0
t 161 50
m0 0 3
m1 0 3
m2 0 3
1 9 0
2 0 13
3 9 0
t 160 50
m0 1 3
m1 1 3
m2 1 3
1 8 0
2 0 14
3 8 0
t 159 50
m0 0 3
m1 0 3
m2 0 3
1 9 0
2 0 13
3 9 0
t 158 50
m0 1 3
m1 1 3
m2 1 3
1 8 0
2 1 13
3 8 0
t 157 50
m0 0 3
m1 0 3
m2 0 3
1 9 0
2 0 13
3 9 0
t 156 50
m0 1 3
m1 1 3
m2 1 3
1 8 0
2 0 14
3 8 0
t 155 50
m0 0 3
m1 0 3
m2 0 3
1 9 0
2 0 13
3 9 0
t 154 50
m0 1 3
m1 1 3
m2 1 3
1 8 0
2 0 14
3 8 0
t 153 50
m0 0 3
m1 0 3
m2 0 3
1 9 0
2 0 13
3 9 0
t 152 50
m0 1 3
m1 1 3
m2 1 3
1 8 0
2 0 14
3 8 0
t 151 50
m0 0 3
m1 0 3
m2 0 3
1 9 0
2 0 13
3 9 0
t 150 50
m0 1 3
m1 1 3
m2 1 3
1 8 0
2 0 14
3 8 0
t 149 50
m0 0 3
m1 0 3
m2 0 3
1 9 0
2 0 13
3 9 0
t 148 50
m0 1 3
m1 1 3
m2 1 3
1 8 0
2 0 14
3 8 0
t 147 50
m0 0 3
m1 0 3
m2 0 3
1 9 0
2 0 13
3 9 0
t 146 50
m0 1 3
m1 1 3
m2 1 3
1 8 0
2 0 14
3 8 0
t 145 50
m0 0 3
m1 0 3
m2 0 3
1 9 0
2 0 13
3 9 0
t 144 50
m0 1 3
m1 1 3
m2 1 3
1 8 0
2 0 14
3 8 0
t 143 50
m0 0 3
m1 0 3
m2 0 3
1 9 0
2 0 13
3 9 0
t 142 50
m0 1 3
m1 1 3
m2 1 3
1 8 0
2 0 14
3 8 0
t 141 50
m0 0 3
m1 0 3
m2 0 3
1 9 0
2 0 13
3 9 0
t 140 50
m0 1 3
m1 1 3
m2 1 3
1 8 0
2 1 13
3 8 0
t 139 50
m0 0 3
m1 0 3
m2 0 3
1 9 0
2 2 13
3 9 0
t 138 50
m0 0 4
m1 0 4
m2 0 4
1 8 0
2 1 13
3 8 0
t 137 60
m0 0 3
m1 0 3
m2 0 3
1 9 0
2 0 13
3 9 0
t 136 60
m0 1 3
m1 1 3
m2 1 3
1 8 0
2 0 14
3 8 0
t 135 60
m0 0 3
m1 0 3
m2 0 3
1 9 0
2 0 13
3 9 0
t 134 60
m0 1 3
m1 1 3
m2 1 3
1 8 0
2 0 14
3 8 0
t 133 60
m0 0 3
m1 0 3
m2 0 3
1 9 0
2 0 13
3 9 0
t 132 60
m0 1 3
m1 1 3
m2 1 3
1 8 0
2 0 14
3 8 0
t 131 60
m0 0 3
m1 0 3
m2 0 3
1 9 0
2 0 13
3 9 0
t 130 60
m0 1 3
m1 1 3
m2 1 3
1 8 0
2 0 14
3 8 0
t 129 60
m0 0 3
m1 0 3
m2 0 3
1 9 0
2 0 13
3 9 0
t 128 60
m0 1 3
m1 1 3
m2 1 3
1 8 0
2 0 14
3 8 0
t 127 60
m0 0 3
m1 0 3
m2 0 3
1 9 0
2 0 13
3 9 0
t 126 60
m0 1 3
m1 1 3
m2 1 3
1 8 0
2 0 14
3 8 0
t 125 60
m0 0 3
m1 0 3
m2 0 3
1 9 0
2 0 13
3 9 0
t 124 60
m0 1 3
m1 1 3
m2 1 3
1 8 0
2 0 14
3 8 0
t 123 60
m0 0 3
m1 0 3
m2 0 3
1 9 0
2 0 13
3 9 0
t 122 60
m0 1 3
m1 1 3
m2 1 3
1 8 0
2 1 13
3 8 0
t 121 60
m0 0 3
m1 0 3
m2 0 3
1 9 0
2 1 12
3 9 0
t 120 60
m0 0 2
m1 0 2
m2 0 2
1 8 0
2 1 13
3 8 0
t 119 60
m0 0 3
m1 0 3
m2 0 3
1 9 0
2 0 13
3 9 0
t 118 60
m0 1 3
m1 1 3
m2 1 3
1 8 0
2 0 14
3 8 0
t 117 60
m0 0 3
m1 0 3
m2 0 3
1 9 0
2 0 13
3 9 0
t 116 60
m0 1 3
m1 1 3
m2 1 3
1 8 0
2 0 14
3 8 0
t 115 60
m0 1 4
m1 1 4
m2 1 4
1 9 0
2 0 13
3 9 0
f 9 6
t 114 60
m0 2 4
m1 2 4
m2 2 4
1 8 0
2 0 14
3 8 0
t 113 60
m0 2 5
m1 2 5
m2 2 5
1 9 0
2 0 13
3 9 0
t 112 60
m0 2 4
m1 2 4
m2 2 4
1 8 0
2 0 14
3 8 0
t 111 60
m0 2 5
m1 2 5
m2 2 5
1 9 0
2 0 13
3 9 0
t 110 60
m0 2 4
m1 2 4
m2 2 4
1 8 0
2 1 13
3 8 0
t 109 60
m0 3 4
m1 3 4
m2 3 4
1 9 0
2 0 13
3 9 0
t 108 60
m0 4 4
m1 4 4
m2 4 4
1 8 0
2 1 13
3 8 0
t 107 60
m0 4 5
m1 4 5
m2 4 5
1 9 0
2 0 13
3 9 0
t 106 60
m0 4 6
m1 4 6
m2 4 6
1 8 0
2 0 14
3 8 0
t 105 60
m0 5 6
m1 5 6
m2 5 6
1 9 0
2 0 13
3 9 0
t 104 60
m0 6 6
m1 6 6
m2 6 6
1 8 0
2 0 14
3 8 0
t 103 60
m0 7 6
m1 7 6
m2 7 6
1 9 0
2 0 13
3 9 0
t 102 60
m0 6 6
m1 6 6
m2 6 6
1 8 0
2 0 14
3 8 0
t 101 60
m0 7 6
m1 7 6
m2 7 6
1 9 0
2 0 13
3 9 0
t 100 60
m0 6 6
m1 6 6
m2 6 6
1 8 0
2 0 14
3 8 0
t 99 60
m0 7 6
m1 7 6
m2 7 6
1 9 0
2 0 13
3 9 0
t 98 60
m0 6 6
m1 6 6
m2 6 6
1 8 0
2 0 14
3 8 0
t 97 60
m0 7 6
m1 7 6
m2 7 6
1 9 0
2 0 13
3 9 0
t 96 60
m0 6 6
m1 6 6
m2 6 6
1 8 0
2 0 14
3 8 0
t 95 60
m0 7 6
m1 7 6
m2 7 6
1 9 0
2 0 13
3 9 0
t 94 60
m0 6 6
m1 6 6
m2 6 6
1 8 0
2 0 14
3 8 0
t 93 60
m0 7 6
m1 7 6
m2 7 6
1 9 0
2 0 13
3 9 0
t 92 60
m0 6 6
m1 6 6
m2 6 6
1 8 0
2 0 14
3 8 0
t 91 60
m0 7 6
m1 7 6
m2 7 6
1 9 0
2 0 13
3 9 0
t 90 60
m0 6 6
m1 6 6
m2 6 6
1 8 0
2 0 14
3 8 0
t 89 60
m0 7 6
m1 7 6
m2 7 6
1 9 0
2 0 13
3 9 0
t 88 60
m0 6 6
m1 6 6
m2 6 6
1 8 0
2 0 14
3 8 0
t 87 60
m0 7 6
m1 7 6
m2 7 6
1 9 0
2 0 13
3 9 0
t 86 60
m0 6 6
m1 6 6
m2 6 6
1 8 0
2 0 14
3 8 0
t 85 60
m0 7 6
m1 7 6
m2 7 6
1 9 0
2 0 13
3 9 0
t 84 60
m0 6 6
m1 6 6
m2 6 6
1 8 0
2 0 14
3 8 0
t 83 60
m0 7 6
m1 7 6
m2 7 6
1 9 0
2 0 13
3 9 0
t 82 60
m0 6 6
m1 6 6
m2 6 6
1 8 0
2 0 14
3 8 0
t 81 60
m0 7 6
m1 7 6
m2 7 6
1 9 0
2 0 13
3 9 0
t 80 60
m0 6 6
m1 6 6
m2 6 6
1 8 0
2 0 14
3 8 0
t 79 60
m0 7 6
m1 7 6
m2 7 6
1 9 0
2 0 13
3 9 0
t 78 60
m0 6 6
m1 6 6
m2 6 6
1 8 0
2 1 13
3 8 0
t 77 60
m0 7 6
m1 7 6
m2 7 6
1 9 0
2 0 13
3 9 0
t 76 60
m0 6 6
m1 6 6
m2 6 6
1 8 0
2 1 13
3 8 0
t 75 60
m0 7 6
m1 7 6
m2 7 6
1 9 0
2 0 13
3 9 0
t 74 60
m0 6 6
m1 6 6
m2 6 6
1 8 0
2 0 14
3 8 0
t 73 60
m0 7 6
m1 7 6
m2 7 6
1 9 0
2 0 13
3 9 0
t 72 60
m0 6 6
m1 6 6
m2 6 6
1 8 0
2 0 14
3 8 0
t 71 60
m0 7 6
m1 7 6
m2 7 6
1 9 0
2 0 13
3 9 0
t 70 60
m0 6 6
m1 6 6
m2 6 6
1 8 0
2 0 14
3 8 0
t 69 60
m0 7 6
m1 7 6
m2 7 6
1 9 0
2 0 13
3 9 0
t 68 60
m0 6 6
m1 6 6
m2 6 6
1 8 0
2 0 14
3 8 0
t 67 60
m0 7 6
m1 7 6
m2 7 6
1 9 0
2 0 13
3 9 0
t 66 60
m0 6 6
m1 6 6
m2 6 6
1 8 0
2 0 14
3 8 0
t 65 60
m0 7 6
m1 7 6
m2 7 6
1 9 0
2 0 13
3 9 0
t 64 60
m0 6 6
m1 6 6
m2 6 6
1 8 0
2 0 14
3 8 0
t 63 60
m0 7 6
m1 7 6
m2 7 6
1 9 0
2 0 13
3 9 0
t 62 60
m0 6 6
m1 6 6
m2 6 6
1 8 0
2 0 14
3 8 0
t 61 60
m0 7 6
m1 7 6
m2 7 6
1 9 0
2 0 13
3 9 0
t 60 60
m0 6 6
m1 6 6
m2 6 6
1 8 0
2 0 14
3 8 0
t 59 60
m0 7 6
m1 7 6
m2 7 6
1 9 0
2 0 13
3 9 0
t 58 60
m0 6 6
m1 6 6
m2 6 6
1 8 0
2 0 14
3 8 0
t 57 60
m0 7 6
m1 7 6
m2 7 6
1 9 0
2 0 13
3 9 0
t 56 60
m0 6 6
m1 6 6
m2 6 6
1 8 0
2 0 14
3 8 0
t 55 60
m0 7 6
m1 7 6
m2 7 6
1 9 0
2 0 13
3 9 0
t 54 60
m0 6 6
m1 6 6
m2 6 6
1 8 0
2 0 14
3 8 0
t 53 60
m0 7 6
m1 7 6
m2 7 6
1 9 0
2 0 13
3 9 0
t 52 60
m0 6 6
m1 6 6
m2 6 6
1 8 0
2 0 14
3 8 0
t 51 60
m0 7 6
m1 7 6
m2 7 6
1 9 0
2 0 13
3 9 0
t 50 60
m0 6 6
m1 6 6
m2 6 6
1 8 0
2 0 14
3 8 0
t 49 60
m0 7 6
m1 7 6
m2 7 6
1 9 0
2 0 13
3 9 0
t 48 60
m0 6 6
m1 6 6
m2 6 6
1 8 0
2 0 14
3 8 0
t 47 60
m0 7 6
m1 7 6
m2 7 6
1 9 0
2 0 13
3 9 0
t 46 60
m0 6 6
m1 6 6
m2 6 6
1 8 0
2 0 14
3 8 0
t 45 60
m0 7 6
m1 7 6
m2 7 6
1 9 0
2 0 13
3 9 0
t 44 60
m0 6 6
m1 6 6
m2 6 6
1 8 0
2 0 14
3 8 0
t 43 60
m0 7 6
m1 7 6
m2 7 6
1 9 0
2 0 13
3 9 0
t 42 60
m0 6 6
m1 6 6
m2 6 6
1 8 0
2 0 14
3 8 0
t 41 60
m0 7 6
m1 7 6
m2 7 6
1 9 0
2 0 13
3 9 0
t 40 60
m0 6 6
m1 6 6
m2 6 6
1 8 0
2 0 14
3 8 0
t 39 60
m0 7 6
m1 7 6
m2 7 6
1 9 0
2 0 13
3 9 0
t 38 60
m0 6 6
m1 6 6
m2 6 6
1 8 0
2 0 14
3 8 0
t 37 60
m0 7 6
m1 7 6
m2 7 6
1 9 0
2 0 13
3 9 0
t 36 60
m0 6 6
m1 6 6
m2 6 6
1 8 0
2 0 14
3 8 0
t 35 60
m0 7 6
m1 7 6
m2 7 6
1 9 0
2 0 13
3 9 0
t 34 60
m0 6 6
m1 6 6
m2 6 6
1 8 0
2 0 14
3 8 0
t 33 60
m0 7 6
m1 7 6
m2 7 6
1 9 0
2 0 13
3 9 0
t 32 60
m0 6 6
m1 6 6
m2 6 6
1 8 0
2 0 14
3 8 0
t 31 60
m0 7 6
m1 7 6
m2 7 6
1 9 0
2 0 13
3 9 0
t 30 60
m0 6 6
m1 6 6
m2 6 6
1 8 0
2 0 14
3 8 0
t 29 60
m0 7 6
m1 7 6
m2 7 6
1 9 0
2 0 13
3 9 0
t 28 60
m0 6 6
m1 6 6
m2 6 6
1 8 0
2 0 14
3 8 0
t 27 60
m0 7 6
m1 7 6
m2 7 6
1 9 0
2 0 13
3 9 0
t 26 60
m0 6 6
m1 6 6
m2 6 6
1 8 0
2 0 14
3 8 0
t 25 60
m0 7 6
m1 7 6
m2 7 6
1 9 0
2 0 13
3 9 0
t 24 60
m0 6 6
m1 6 6
m2 6 6
1 8 0
2 0 14
3 8 0
t 23 60
m0 7 6
m1 7 6
m2 7 6
1 9 0
2 0 13
3 9 0
t 22 60
m0 6 6
m1 6 6
m2 6 6
1 8 0
2 1 13
3 8 0
t 21 60
m0 7 6
m1 7 6
m2 7 6
1 9 0
2 0 13
3 9 0
t 20 60
m0 6 6
m1 6 6
m2 6 6
1 8 0
2 0 14
3 8 0
t 19 60
m0 7 6
m1 7 6
m2 7 6
1 9 0
2 0 13
3 9 0
t 18 60
m0 6 6
m1 6 6
m2 6 6
1 8 0
2 0 14
3 8 0
t 17 60
m0 7 6
m1 7 6
m2 7 6
1 9 0
2 0 13
3 9 0
t 16 60
m0 6 6
m1 6 6
m2 6 6
1 8 0
2 0 14
3 8 0
t 15 60
m0 7 6
m1 7 6
m2 7 6
1 9 0
2 0 13
3 9 0
t 14 60
m0 6 6
m1 6 6
m2 6 6
1 8 0
2 0 14
3 8 0
t 13 60
m0 7 6
m1 7 6
m2 7 6
1 9 0
2 0 13
3 9 0
t 12 60
m0 6 6
m1 6 6
m2 6 6
1 8 0
2 1 13
3 8 0
t 11 60
m0 7 6
m1 7 6
m2 7 6
1 9 0
2 0 13
3 9 0
t 10 60
m0 6 6
m1 6 6
m2 6 6
1 8 0
2 1 13
3 8 0
t 9 60
m0 7 6
m1 7 6
m2 7 6
1 9 0
2 0 13
3 9 0
t 8 60
m0 6 6
m1 6 6
m2 6 6
1 8 0
2 0 14
3 8 0
t 7 60
m0 7 6
m1 7 6
m2 7 6
1 9 0
2 0 13
3 9 0
t 6 60
m0 6 6
m1 6 6
m2 6 6
1 8 0
2 0 14
3 8 0
t 5 60
m0 7 6
m1 7 6
m2 7 6
1 9 0
2 0 13
3 9 0
t 4 60
m0 6 6
m1 6 6
m2 6 6
1 8 0
2 0 14
3 8 0
t 3 60
m0 7 6
m1 7 6
m2 7 6
1 9 0
2 0 13
3 9 0
t 2 60
m0 6 6
m1 6 6
m2 6 6
1 8 0
2 0 14
3 8 0
t 1 60
m0 7 6
m1 7 6
m2 7 6
1 8 0
2 0 14
3 8 0
t 0 60
