10
15
w 6 6
w 7 12
w 2 8
w 3 11
w 6 2
w 4 12
w 0 10
w 1 6
w 3 7
w 0 3
w 3 14
w 5 8
w 4 9
w 3 3
w 2 9
w 8 1
w 6 10
w 5 0
w 2 2
w 0 4
w 6 4
w 9 14
w 4 5
w 8 11
w 9 3
w 4 14
w 6 0
w 8 7
w 2 14
w 9 13
w 6 8
w 1 12
w 9 2
w 0 13
w 9 9
w 0 9
w 0 2
p 1 3
p 5 6
p 3 0
p 9 8
p 5 13
p 0 7
p 2 12
p 9 4
p 5 1
p 7 11
p 8 5
p 7 2
p 6 14
p 1 2
p 8 14
p 6 7
p 7 6
p 4 4
p 1 14
p 4 13
p 0 11
p 9 11
p 7 10
p 3 6
p 8 6
p 1 1
p 9 7
p 7 14
p 3 2
p 8 2
p 3 13
p 5 11
p 6 11
p 1 13
p 7 5
p 0 5
p 2 3
p 6 12
p 0 8
p 9 6
p 7 9
p 0 1
p 8 3
p 3 12
p 6 1
p 3 1
p 7 13
p 0 6
p 1 8
p 6 13
p 1 7
p 4 3
p 9 5
p 2 4
p 9 12
p 8 4
m0 0 14
m1 0 14
m2 0 14
1 9 0
2 9 0
3 9 0
t 300 0
m0 1 14
m1 1 14
m2 1 14
1 9 1
2 9 1
3 9 1
t 299 1
m0 1 13
m1 1 13
m2 1 13
1 9 0
2 9 0
3 9 0
t 298 2
m0 2 13
m1 2 13
m2 2 13
1 9 1
2 9 1
3 9 1
t 297 2
m0 2 12
m1 3 13
m2 2 12
1 9 0
2 9 0
3 9 0
t 296 4
m0 3 12
m1 4 13
m2 3 12
1 9 1
2 9 1
3 8 0
t 295 6
m0 3 13
m1 5 13
m2 2 12
1 9 0
2 9 0
3 7 0
t 294 7
m0 3 13
m1 6 13
m2 2 11
1 9 1
2 9 1
3 8 0
t 293 8
m0 3 13
m1 6 12
m2 2 11
1 9 0
2 9 0
3 9 0
t 292 9
m0 4 13
m1 6 11
m2 1 11
1 8 0
2 8 0
3 9 1
f 4 6
t 291 10
m0 5 13
m1 5 11
m2 0 11
1 7 0
2 7 0
3 9 0
t 290 12
m0 5 14
m1 6 11
m2 0 12
1 8 0
2 8 0
3 9 1
t 289 12
m0 6 14
m1 7 11
m2 0 11
1 9 0
2 9 0
3 9 0
t 288 14
m0 7 14
m1 7 10
m2 0 12
1 9 1
2 9 1
3 9 1
t 287 16
m0 8 14
m1 7 9
m2 0 11
1 9 0
2 9 0
3 9 0
t 286 18
m0 7 14
m1 6 9
m2 0 12
1 9 1
2 9 1
3 8 0
t 285 18
m0 7 13
m1 6 9
m2 0 11
1 9 0
2 9 0
3 7 0
t 284 19
m0 8 13
m1 6 9
m2 0 11
1 9 1
2 9 1
3 8 0
t 283 19
m0 8 13
m1 6 9
m2 1 11
1 9 0
2 9 0
3 9 0
t 282 19
m0 8 12
m1 5 9
m2 0 11
1 8 0
2 8 0
3 9 1
t 281 19
m0 9 12
m1 6 9
m2 0 11
1 9 0
2 9 0
3 9 0
t 280 20
m0 9 11
m1 5 9
m2 0 11
1 9 1
2 9 1
3 9 1
t 279 21
m0 9 10
m1 5 9
m2 0 12
1 9 0
2 9 0
3 9 0
t 278 21
m0 9 10
m1 6 9
m2 0 12
1 9 1
2 9 1
3 9 1
t 277 21
m0 9 10
m1 5 9
m2 0 12
1 9 0
2 9 0
3 9 0
t 276 21
m0 9 10
m1 6 9
m2 0 11
1 8 0
2 8 0
3 8 0
t 275 21
m0 9 10
m1 6 9
m2 1 11
1 9 0
2 9 0
3 7 0
t 274 21
m0 9 10
m1 6 9
m2 1 10
1 8 0
2 8 0
3 8 0
t 273 21
m0 9 10
m1 6 9
m2 1 9
1 9 0
2 9 0
3 9 0
t 272 21
m0 9 11
m1 6 9
m2 1 8
1 8 0
2 8 0
3 9 1
t 271 22
m0 9 10
m1 5 9
m2 0 8
1 7 0
2 7 0
3 9 0
t 270 23
m0 9 10
m1 6 9
m2 0 7
1 8 0
2 8 0
3 8 0
t 269 24
m0 9 10
m1 5 9
m2 1 7
1 7 0
2 7 0
3 9 0
t 268 25
m0 9 11
m1 6 9
m2 0 7
1 7 1
2 7 1
3 9 1
t 267 25
m0 9 11
m1 5 9
m2 0 6
1 6 1
2 6 1
3 9 0
t 266 26
m0 9 11
m1 6 9
m2 0 5
1 5 1
2 5 1
3 9 1
t 265 27
m0 9 11
m1 6 9
m2 1 5
1 6 1
2 6 1
3 9 0
t 264 27
m0 9 10
m1 6 9
m2 2 5
1 7 1
2 7 1
3 8 0
t 263 27
m0 9 11
m1 6 9
m2 2 4
1 7 2
2 7 2
3 7 0
t 262 28
m0 9 12
m1 5 9
m2 2 3
1 7 1
2 7 1
3 8 0
t 261 29
m0 9 12
m1 6 9
m2 1 3
1 7 0
2 7 0
3 9 0
t 260 30
m0 8 12
m1 6 9
m2 1 2
1 8 0
2 8 0
3 9 1
t 259 31
m0 8 13
m1 6 9
m2 1 1
1 7 0
2 7 0
3 9 0
t 258 32
m0 8 12
m1 6 9
m2 0 1
1 8 0
2 8 0
3 8 0
t 257 33
m0 9 12
m1 6 9
m2 0 0
1 9 0
2 9 0
3 9 0
t 256 33
m0 8 12
m1 6 9
m2 1 0
1 8 0
2 8 0
3 9 1
t 255 33
m0 8 13
m1 6 9
m2 1 0
1 9 0
2 9 0
3 9 0
t 254 33
m0 7 13
m1 5 9
m2 2 0
1 9 1
2 9 1
3 9 1
t 253 33
m0 7 14
m1 6 9
m2 3 0
1 9 0
2 9 0
3 9 0
t 252 34
m0 6 14
m1 7 9
m2 3 1
1 8 0
2 8 0
3 8 0
t 251 35
m0 6 14
m1 8 9
m2 3 2
1 7 0
2 7 0
3 7 0
t 250 36
m0 6 14
m1 8 8
m2 3 1
1 8 0
2 8 0
3 8 0
t 249 36
m0 6 14
m1 9 8
m2 4 1
1 9 0
2 9 0
3 7 0
t 248 37
m0 5 14
m1 9 7
m2 5 1
1 9 1
2 9 1
3 7 1
t 247 39
m0 6 14
m1 9 6
m2 6 1
1 9 0
2 9 0
3 7 2
t 246 41
m0 7 14
m1 8 6
m2 5 1
1 8 0
2 8 0
3 8 2
t 245 42
m0 8 14
m1 8 5
m2 4 1
1 9 0
2 9 0
3 7 2
t 244 43
m0 8 13
m1 7 5
m2 3 1
1 9 1
2 9 1
3 8 2
t 243 44
m0 8 14
m1 7 6
m2 3 1
1 9 0
2 9 0
3 8 3
t 242 45
m0 8 13
m1 7 6
m2 3 2
1 8 0
2 8 0
3 8 2
t 241 45
m0 8 14
m1 7 5
m2 3 1
1 9 0
2 9 0
3 8 3
t 240 45
m0 8 14
m1 8 5
m2 3 1
1 9 1
2 9 1
3 7 3
t 239 45
m0 7 14
m1 9 5
m2 3 2
1 9 0
2 9 0
3 6 3
t 238 46
m0 8 14
m1 9 4
m2 3 1
1 8 0
2 8 0
3 5 3
t 237 47
m0 8 14
m1 8 4
m2 3 0
1 9 0
2 9 0
3 4 3
t 236 48
m0 8 13
m1 8 3
m2 2 0
1 9 1
2 9 1
3 4 4
t 235 49
m0 8 12
m1 8 2
m2 1 0
1 9 0
2 9 0
3 3 4
t 234 50
m0 8 13
m1 7 2
m2 1 0
1 9 1
2 9 1
3 3 5
t 233 51
m0 8 14
m1 7 3
m2 1 0
1 9 0
2 9 0
3 3 6
t 232 51
m0 8 14
m1 6 3
m2 0 0
1 9 1
2 9 1
3 2 6
t 231 51
m0 8 14
m1 5 3
m2 1 0
1 9 0
2 9 0
3 2 5
t 230 51
m0 7 14
m1 4 3
m2 1 1
1 8 0
2 8 0
3 2 6
t 229 52
m0 6 14
m1 4 4
m2 0 1
1 7 0
2 7 0
3 2 7
t 228 53
m0 5 14
m1 5 4
m2 1 1
1 7 1
2 7 1
3 1 7
t 227 53
m0 6 14
m1 5 3
m2 1 1
1 7 0
2 7 0
3 0 7
t 226 53
m0 7 14
m1 6 3
m2 1 1
1 7 1
2 7 1
3 0 8
t 225 53
m0 7 13
m1 7 3
m2 1 0
1 6 1
2 6 1
3 1 8
t 224 53
m0 8 13
m1 7 3
m2 2 0
1 5 1
2 5 1
3 1 9
t 223 53
m0 8 14
m1 6 3
m2 1 0
1 4 1
2 4 1
3 1 8
t 222 53
m0 8 14
m1 7 3
m2 1 1
1 4 2
2 4 2
3 1 9
t 221 53
m0 8 14
m1 8 3
m2 0 1
1 4 3
2 4 3
3 1 8
t 220 53
m0 7 14
m1 8 2
m2 0 1
1 5 3
2 5 3
3 1 9
t 219 53
m0 7 13
m1 8 3
m2 1 1
1 4 3
2 4 3
3 1 8
t 218 53
m0 7 13
m1 8 2
m2 0 1
1 4 4
2 4 4
3 1 9
t 217 53
m0 8 13
m1 8 2
m2 0 0
1 3 4
2 3 4
3 1 10
t 216 53
m0 7 13
m1 8 2
m2 0 0
1 3 5
2 3 5
3 1 9
t 215 53
m0 8 13
m1 8 3
m2 0 0
1 3 6
2 3 6
3 1 8
t 214 53
m0 8 14
m1 8 3
m2 1 0
1 3 5
2 3 5
3 0 8
t 213 53
m0 8 14
m1 8 4
m2 1 1
1 3 6
2 3 6
3 0 7
t 212 53
m0 8 14
m1 8 4
m2 0 1
1 4 6
2 4 6
3 1 7
t 211 53
m0 8 14
m1 9 4
m2 0 0
1 3 6
2 3 6
3 0 7
t 210 53
m0 8 14
m1 9 5
m2 1 0
1 2 6
2 2 6
3 0 8
t 209 53
m0 8 13
m1 9 4
m2 2 0
1 3 6
2 3 6
3 1 8
t 208 53
m0 8 14
m1 8 4
m2 2 1
1 4 6
2 4 6
3 0 8
t 207 53
m0 8 14
m1 9 4
m2 2 0
1 4 7
2 4 7
3 0 7
t 206 53
m0 8 14
m1 8 4
m2 2 1
1 4 8
2 4 8
3 1 7
t 205 53
m0 8 14
m1 8 4
m2 1 1
1 3 8
2 3 8
3 0 7
t 204 53
m0 7 14
m1 8 4
m2 1 1
1 4 8
2 4 8
3 0 8
t 203 53
m0 7 13
m1 8 3
m2 1 1
1 3 8
2 3 8
3 1 8
t 202 53
m0 7 14
m1 8 3
m2 1 0
1 3 9
2 3 9
3 0 8
t 201 53
m0 7 14
m1 8 3
m2 1 0
1 3 8
2 3 8
3 0 7
t 200 53
m0 6 14
m1 8 2
m2 0 0
1 3 9
2 3 9
3 0 6
t 199 53
m0 6 14
m1 7 2
m2 1 0
1 3 8
2 3 8
3 0 7
t 198 53
m0 7 14
m1 7 3
m2 1 1
1 4 8
2 4 8
3 1 7
t 197 53
m0 7 13
m1 7 4
m2 1 1
1 4 7
2 4 7
3 0 7
t 196 53
m0 7 14
m1 7 3
m2 1 0
1 4 8
2 4 8
3 1 7
t 195 53
m0 8 14
m1 7 4
m2 2 0
1 3 8
2 3 8
3 0 7
t 194 53
m0 7 14
m1 7 3
m2 2 0
1 3 9
2 3 9
3 0 6
t 193 53
m0 8 14
m1 7 2
m2 2 0
1 3 10
2 3 10
3 0 7
t 192 53
m0 8 13
m1 8 2
m2 1 0
1 2 10
2 2 10
3 0 6
t 191 53
m0 8 13
m1 8 2
m2 1 0
1 1 10
2 1 10
3 0 5
t 190 53
m0 8 14
m1 7 2
m2 2 0
1 1 11
2 1 11
3 0 6
t 189 53
m0 8 14
m1 7 1
m2 2 1
1 0 11
2 0 11
3 0 5
t 188 53
m0 8 13
m1 7 0
m2 2 0
1 0 12
2 0 12
3 0 6
t 187 53
m0 8 12
m1 7 1
m2 2 0
1 0 11
2 0 11
3 0 7
t 186 53
m0 8 12
m1 7 2
m2 2 0
1 1 11
2 1 11
3 0 8
t 185 53
m0 9 12
m1 7 2
m2 1 0
1 1 10
2 1 10
3 0 7
t 184 53
m0 9 11
m1 7 1
m2 1 0
1 1 11
2 1 11
3 0 6
t 183 53
m0 9 12
m1 7 0
m2 1 1
1 0 11
2 0 11
3 0 7
t 182 53
m0 9 12
m1 7 1
m2 1 0
1 1 11
2 1 11
3 0 8
t 181 53
m0 8 12
m1 6 1
m2 1 0
1 0 11
2 0 11
3 1 8
t 180 53
m0 8 12
m1 5 1
m2 1 1
1 1 11
2 1 11
3 1 9
t 179 53
m0 8 12
m1 4 1
m2 1 2
1 1 10
2 1 10
3 1 8
t 178 53
m0 8 13
m1 4 1
m2 1 2
1 2 10
2 2 10
3 1 9
t 177 53
m0 8 14
m1 4 1
m2 1 1
1 3 10
2 3 10
3 1 10
t 176 53
m0 8 13
m1 4 1
m2 0 1
1 2 10
2 2 10
3 2 10
t 175 53
m0 8 13
m1 4 0
m2 1 1
1 2 11
2 2 11
3 2 11
t 174 53
m0 8 13
m1 4 0
m2 1 2
1 2 10
2 2 10
3 2 10
t 173 53
m0 8 14
m1 4 0
m2 1 3
1 2 11
2 2 11
3 2 11
t 172 53
m0 7 14
m1 4 0
m2 1 4
1 2 12
2 2 12
3 2 10
t 171 53
m0 7 14
m1 4 1
m2 2 4
1 2 11
2 2 11
3 3 10
t 170 53
m0 6 14
m1 4 0
m2 1 4
1 1 11
2 1 11
3 3 9
t 169 53
m0 6 13
m1 3 0
m2 1 4
1 0 11
2 0 11
3 3 8
t 168 53
m0 7 13
m1 2 0
m2 1 5
1 0 12
2 0 12
3 4 8
t 167 53
m0 8 13
m1 3 0
m2 1 5
1 0 11
2 0 11
3 4 7
t 166 53
m0 8 12
m1 4 0
m2 0 5
1 1 11
2 1 11
3 4 8
t 165 53
m0 8 13
m1 3 0
m2 0 6
1 2 11
2 2 11
3 3 8
t 164 53
m0 8 13
m1 4 0
m2 0 5
1 2 12
2 2 12
3 4 8
t 163 53
m0 7 13
m1 4 1
m2 0 6
1 2 11
2 2 11
3 3 8
t 162 53
m0 7 13
m1 4 0
m2 0 7
1 1 11
2 1 11
3 4 8
t 161 53
m0 6 13
m1 4 0
m2 0 8
1 2 11
2 2 11
3 4 7
t 160 53
m0 6 13
m1 4 1
m2 1 8
1 1 11
2 1 11
3 5 7
t 159 53
m0 6 12
m1 4 0
m2 0 8
1 2 11
2 2 11
3 5 6
t 158 53
m0 5 12
m1 4 0
m2 0 7
1 2 10
2 2 10
3 5 5
t 157 53
m0 5 12
m1 4 0
m2 0 8
1 1 10
2 1 10
3 6 5
t 156 53
m0 5 13
m1 4 0
m2 1 8
1 1 11
2 1 11
3 7 5
t 155 53
m0 4 13
m1 4 1
m2 1 7
1 1 10
2 1 10
3 8 5
t 154 53
m0 3 13
m1 4 1
m2 1 7
1 2 10
2 2 10
3 9 5
t 153 53
m0 4 13
m1 4 0
m2 1 7
1 2 11
2 2 11
3 9 6
t 152 53
m0 3 13
m1 4 1
m2 2 7
1 1 11
2 1 11
3 9 5
t 151 53
m0 2 13
m1 4 1
m2 2 6
1 0 11
2 0 11
3 9 6
t 150 53
m0 3 13
m1 3 1
m2 3 6
1 0 12
2 0 12
3 9 5
t 149 54
m0 2 13
m1 2 1
m2 4 6
1 0 11
2 0 11
3 9 4
t 148 64
m0 2 12
m1 2 1
m2 5 6
1 0 12
2 0 12
3 8 4
t 147 65
m0 2 11
m1 3 1
m2 5 7
1 0 11
2 0 11
3 8 3
t 146 65
m0 2 11
m1 2 1
m2 6 7
1 0 11
2 0 11
3 8 3
t 145 114
