10
15
w 5 9
w 4 7
w 9 1
w 5 6
w 3 0
w 9 8
w 0 10
w 2 5
w 8 5
w 8 1
w 3 10
w 7 6
w 8 10
w 4 13
w 0 11
w 0 4
w 2 2
w 4 1
w 2 6
w 3 13
w 4 5
w 1 13
w 6 11
w 2 10
w 9 10
w 3 9
w 1 0
w 5 3
w 8 3
w 8 12
w 6 1
w 2 11
w 2 0
w 1 8
w 6 13
w 7 8
w 0 2
p 6 9
p 1 3
p 8 13
p 4 8
p 7 12
p 6 6
p 8 0
p 5 13
p 0 7
p 2 1
p 8 9
p 1 6
p 5 1
p 3 7
p 0 3
p 1 11
p 1 2
p 8 14
p 9 0
p 6 7
p 5 5
p 2 9
p 5 12
p 6 3
p 1 5
p 9 11
p 7 10
p 4 10
p 5 4
p 9 14
p 8 11
p 1 4
p 0 12
p 7 5
p 2 3
p 1 9
p 4 2
p 9 6
p 7 9
p 0 1
p 2 7
p 9 13
p 3 12
p 6 8
p 1 12
p 4 6
p 7 13
p 9 9
p 5 14
p 0 6
p 3 8
p 4 3
p 1 7
p 3 4
p 2 4
p 8 4
m0 0 14
m1 0 14
m2 0 14
1 9 0
2 9 0
3 9 0
t 300 0
m0 0 13
m1 0 13
m2 0 13
1 8 0
2 8 0
3 8 0
t 299 0
m0 0 12
m1 0 12
m2 0 12
1 9 0
2 7 0
3 9 0
t 298 1
m0 1 12
m1 1 12
m2 1 12
1 8 0
2 6 0
3 8 0
t 297 2
m0 1 11
m1 1 11
m2 1 11
1 9 0
2 5 0
3 7 0
t 296 3
m0 1 10
m1 1 10
m2 1 10
1 8 0
2 4 0
3 6 0
t 295 3
m0 1 9
m1 1 9
m2 1 9
1 9 0
2 5 0
3 7 0
t 294 4
m0 2 9
m1 2 9
m2 2 9
1 8 0
2 4 0
3 6 0
t 293 5
m0 2 8
m1 2 8
m2 2 8
1 9 0
2 5 0
3 7 0
t 292 5
m0 3 8
m1 3 8
m2 3 8
1 8 0
2 4 0
3 6 0
t 291 6
m0 4 8
m1 4 8
m2 4 8
1 9 0
2 5 0
3 7 0
t 290 7
m0 5 8
m1 5 8
m2 5 8
1 8 0
2 4 0
3 6 0
t 289 7
m0 6 8
m1 6 8
m2 6 8
1 9 0
2 5 0
3 7 0
t 288 8
m0 6 7
m1 6 7
m2 6 7
1 8 0
2 4 0
3 6 0
t 287 9
m0 6 6
m1 6 6
m2 6 6
1 9 0
2 5 0
3 7 0
t 286 10
m0 6 5
m1 6 5
m2 6 5
1 8 0
2 4 0
3 6 0
t 285 10
m0 7 5
m1 7 5
m2 7 5
1 9 0
2 5 0
3 7 0
t 284 11
m0 7 4
m1 7 4
m2 7 4
1 8 0
2 4 0
3 6 0
t 283 11
m0 8 4
m1 8 4
m2 8 4
1 9 0
2 5 0
3 7 0
t 282 12
m0 9 4
m1 9 4
m2 9 4
1 8 0
2 4 0
3 6 0
t 281 12
m0 9 5
m1 9 5
m2 9 5
1 9 0
2 5 0
3 7 0
t 280 12
m0 9 6
m1 9 6
m2 9 6
1 8 0
2 4 0
3 6 0
t 279 13
m0 9 7
m1 9 7
m2 9 7
1 9 0
2 5 0
3 7 0
t 278 13
m0 8 7
m1 8 7
m2 8 7
1 8 0
2 4 0
3 6 0
t 277 13
m0 8 8
m1 8 8
m2 8 8
1 9 0
2 5 0
3 7 0
t 276 13
m0 8 9
m1 8 9
m2 8 9
1 8 0
2 4 0
3 6 0
t 275 14
m0 9 9
m1 9 9
m2 9 9
1 9 0
2 5 0
3 7 0
t 274 15
m0 8 9
m1 8 9
m2 8 9
1 8 0
2 4 0
3 6 0
t 273 15
m0 7 9
m1 7 9
m2 7 9
1 9 0
2 5 0
3 7 0
t 272 16
m0 6 9
m1 6 9
m2 6 9
1 8 0
2 4 0
3 6 0
t 271 17
m0 7 9
m1 7 9
m2 7 9
1 9 0
2 5 0
3 7 0
t 270 17
m0 7 10
m1 7 10
m2 7 10
1 8 0
2 4 0
3 6 0
t 269 18
m0 7 11
m1 7 11
m2 7 11
1 9 0
2 5 0
3 7 0
t 268 18
m0 8 11
m1 8 11
m2 8 11
1 8 0
2 4 0
3 6 0
t 267 19
m0 9 11
m1 9 11
m2 9 11
1 9 0
2 5 0
3 7 0
t 266 20
m0 9 12
m1 9 12
m2 9 12
1 8 0
2 4 0
3 6 0
t 265 20
m0 9 13
m1 9 13
m2 9 13
1 9 0
2 5 0
3 7 0
t 264 21
m0 8 13
m1 8 13
m2 8 13
1 8 0
2 4 0
3 6 0
t 263 22
m0 7 13
m1 7 13
m2 7 13
1 9 0
2 5 0
3 7 0
t 262 23
m0 7 12
m1 7 12
m2 7 12
1 8 0
2 4 0
3 6 0
t 261 24
m0 6 12
m1 6 12
m2 6 12
1 9 0
2 5 0
3 7 0
t 260 24
m0 5 12
m1 5 12
m2 5 12
1 8 0
2 4 0
3 6 0
t 259 25
m0 5 13
m1 5 13
m2 5 13
1 9 0
2 5 0
3 7 0
t 258 26
m0 5 14
m1 5 14
m2 5 14
1 8 0
2 4 0
3 6 0
t 257 27
m0 6 14
m1 6 14
m2 6 14
1 9 0
2 5 0
3 7 0
t 256 27
m0 7 14
m1 7 14
m2 7 14
1 8 0
2 4 0
3 6 0
t 255 27
m0 8 14
m1 8 14
m2 8 14
1 9 0
2 5 0
3 7 0
t 254 28
m0 9 14
m1 9 14
m2 9 14
1 8 0
2 4 0
3 6 0
t 253 29
m0 9 13
m1 9 13
m2 9 13
1 9 0
2 5 0
3 7 0
t 252 29
m0 9 12
m1 9 12
m2 9 12
1 8 0
2 4 0
3 6 0
t 251 29
m0 9 11
m1 9 11
m2 9 11
1 9 0
2 5 0
3 7 0
t 250 29
m0 8 11
m1 8 11
m2 8 11
1 8 0
2 4 0
3 6 0
t 249 29
m0 7 11
m1 7 11
m2 7 11
1 9 0
2 5 0
3 7 0
t 248 29
m0 7 10
m1 7 10
m2 7 10
1 8 0
2 4 0
3 6 0
t 247 29
m0 6 10
m1 6 10
m2 6 10
1 9 0
2 5 0
3 7 0
t 246 29
m0 5 10
m1 5 10
m2 5 10
1 8 0
2 4 0
3 6 0
t 245 29
m0 4 10
m1 4 10
m2 4 10
1 9 0
2 5 0
3 7 0
t 244 30
m0 4 11
m1 4 11
m2 4 11
1 8 0
2 4 0
3 6 0
t 243 30
m0 3 11
m1 3 11
m2 3 11
1 9 0
2 5 0
3 7 0
t 242 30
m0 3 12
m1 3 12
m2 3 12
1 8 0
2 4 0
3 6 0
t 241 31
m0 3 11
m1 3 11
m2 3 11
1 9 0
2 5 0
3 7 0
t 240 31
m0 3 11
m1 3 11
m2 3 11
1 8 0
2 4 0
3 6 0
t 239 31
m0 3 11
m1 3 11
m2 3 11
1 9 0
2 5 0
3 7 0
t 238 31
m0 3 11
m1 3 11
m2 3 11
1 8 0
2 4 0
3 6 0
t 237 31
m0 4 11
m1 4 11
m2 4 11
1 9 0
2 5 0
3 7 0
f 0 9
t 236 31
m0 5 11
m1 5 11
m2 5 11
1 8 0
2 4 0
3 6 0
t 235 31
m0 5 10
m1 5 10
m2 5 10
1 9 0
2 5 0
3 7 0
t 234 31
m0 6 10
m1 6 10
m2 6 10
1 8 0
2 4 0
3 6 0
t 233 31
m0 7 10
m1 7 10
m2 7 10
1 9 0
2 5 0
3 7 0
t 232 31
m0 7 9
m1 7 9
m2 7 9
1 8 0
2 4 0
3 6 0
t 231 31
m0 8 9
m1 8 9
m2 8 9
1 9 0
2 5 0
3 7 0
t 230 31
m0 8 8
m1 8 8
m2 8 8
1 8 0
2 4 0
3 6 0
t 229 31
m0 8 7
m1 8 7
m2 8 7
1 9 0
2 5 0
3 7 0
t 228 31
m0 8 6
m1 8 6
m2 8 6
1 8 0
2 4 0
3 6 0
t 227 31
m0 9 6
m1 9 6
m2 9 6
1 9 0
2 5 0
3 7 0
t 226 31
m0 9 5
m1 9 5
m2 9 5
1 8 0
2 4 0
3 6 0
t 225 31
m0 9 4
m1 9 4
m2 9 4
1 9 0
2 5 0
3 7 0
t 224 31
m0 9 3
m1 9 3
m2 9 3
1 8 0
2 4 0
3 6 0
t 223 31
m0 9 2
m1 9 2
m2 9 2
1 9 0
2 5 0
3 7 0
t 222 31
m0 9 2
m1 9 2
m2 9 2
1 8 0
2 4 0
3 6 0
t 221 31
m0 9 2
m1 9 2
m2 9 2
1 9 0
2 5 0
3 7 0
t 220 31
m0 9 2
m1 9 2
m2 9 2
1 8 0
2 4 0
3 6 0
t 219 31
m0 9 2
m1 9 2
m2 9 2
1 9 0
2 5 0
3 7 0
t 218 31
m0 9 2
m1 9 2
m2 9 2
1 8 0
2 4 0
3 6 0
t 217 31
m0 9 2
m1 9 2
m2 9 2
1 9 0
2 5 0
3 7 0
t 216 31
m0 9 2
m1 9 2
m2 9 2
1 8 0
2 4 0
3 6 0
t 215 31
m0 9 2
m1 9 2
m2 9 2
1 9 0
2 5 0
3 7 0
t 214 31
m0 9 2
m1 9 2
m2 9 2
1 8 0
2 4 0
3 6 0
t 213 31
m0 9 2
m1 9 2
m2 9 2
1 9 0
2 5 0
3 7 0
t 212 31
m0 9 2
m1 9 2
m2 9 2
1 8 0
2 4 0
3 6 0
t 211 31
m0 9 2
m1 9 2
m2 9 2
1 9 0
2 5 0
3 7 0
t 210 31
m0 9 2
m1 9 2
m2 9 2
1 8 0
2 4 0
3 6 0
t 209 31
m0 9 2
m1 9 2
m2 9 2
1 9 0
2 5 0
3 7 0
t 208 31
m0 9 2
m1 9 2
m2 9 2
1 8 0
2 4 0
3 6 0
t 207 31
m0 9 2
m1 9 2
m2 9 2
1 9 0
2 5 0
3 7 0
t 206 31
m0 9 2
m1 9 2
m2 9 2
1 8 0
2 4 0
3 6 0
t 205 31
m0 9 2
m1 9 2
m2 9 2
1 9 0
2 5 0
3 7 0
t 204 31
m0 9 2
m1 9 2
m2 9 2
1 8 0
2 4 0
3 6 0
t 203 31
m0 9 2
m1 9 2
m2 9 2
1 9 0
2 5 0
3 7 0
t 202 31
m0 9 2
m1 9 2
m2 9 2
1 8 0
2 4 0
3 6 0
t 201 31
m0 9 2
m1 9 2
m2 9 2
1 9 0
2 5 0
3 7 0
t 200 31
m0 9 2
m1 9 2
m2 9 2
1 8 0
2 4 0
3 6 0
t 199 31
m0 9 2
m1 9 2
m2 9 2
1 9 0
2 5 0
3 7 0
t 198 31
m0 9 2
m1 9 2
m2 9 2
1 8 0
2 4 0
3 6 0
t 197 31
m0 9 2
m1 9 2
m2 9 2
1 9 0
2 5 0
3 7 0
t 196 31
m0 9 2
m1 9 2
m2 9 2
1 8 0
2 4 0
3 6 0
t 195 31
m0 9 2
m1 9 2
m2 9 2
1 9 0
2 5 0
3 7 0
t 194 31
m0 9 2
m1 9 2
m2 9 2
1 8 0
2 4 0
3 6 0
t 193 31
m0 9 2
m1 9 2
m2 9 2
1 9 0
2 5 0
3 7 0
t 192 31
m0 9 2
m1 9 2
m2 9 2
1 8 0
2 4 0
3 6 0
t 191 31
m0 9 2
m1 9 2
m2 9 2
1 9 0
2 5 0
3 7 0
t 190 31
m0 9 2
m1 9 2
m2 9 2
1 8 0
2 4 0
3 6 0
t 189 31
m0 9 2
m1 9 2
m2 9 2
1 9 0
2 5 0
3 7 0
t 188 31
m0 9 2
m1 9 2
m2 9 2
1 8 0
2 4 0
3 6 0
t 187 31
m0 9 2
m1 9 2
m2 9 2
1 9 0
2 5 0
3 7 0
t 186 31
m0 9 2
m1 9 2
m2 9 2
1 8 0
2 4 0
3 6 0
t 185 31
m0 9 2
m1 9 2
m2 9 2
1 9 0
2 5 0
3 7 0
t 184 31
m0 9 2
m1 9 2
m2 9 2
1 8 0
2 4 0
3 6 0
t 183 31
m0 9 2
m1 9 2
m2 9 2
1 9 0
2 5 0
3 7 0
t 182 31
m0 9 2
m1 9 2
m2 9 2
1 8 0
2 4 0
3 6 0
t 181 31
m0 9 2
m1 9 2
m2 9 2
1 9 0
2 5 0
3 7 0
t 180 31
m0 9 2
m1 9 2
m2 9 2
1 8 0
2 4 0
3 6 0
t 179 31
m0 9 2
m1 9 2
m2 9 2
1 9 0
2 5 0
3 7 0
t 178 31
m0 9 2
m1 9 2
m2 9 2
1 8 0
2 4 0
3 6 0
t 177 31
m0 9 2
m1 9 2
m2 9 2
1 9 0
2 5 0
3 7 0
t 176 31
m0 9 2
m1 9 2
m2 9 2
1 8 0
2 4 0
3 6 0
t 175 31
m0 9 2
m1 9 2
m2 9 2
1 9 0
2 5 0
3 7 0
t 174 31
m0 9 2
m1 9 2
m2 9 2
1 8 0
2 4 0
3 6 0
t 173 31
m0 9 2
m1 9 2
m2 9 2
1 9 0
2 5 0
3 7 0
t 172 31
m0 9 2
m1 9 2
m2 9 2
1 8 0
2 4 0
3 6 0
t 171 31
m0 9 2
m1 9 2
m2 9 2
1 9 0
2 5 0
3 7 0
t 170 31
m0 9 2
m1 9 2
m2 9 2
1 8 0
2 4 0
3 6 0
t 169 31
m0 9 2
m1 9 2
m2 9 2
1 9 0
2 5 0
3 7 0
t 168 31
m0 9 2
m1 9 2
m2 9 2
1 8 0
2 4 0
3 6 0
t 167 31
m0 9 2
m1 9 2
m2 9 2
1 9 0
2 5 0
3 7 0
t 166 31
m0 9 2
m1 9 2
m2 9 2
1 8 0
2 4 0
3 6 0
t 165 31
m0 9 2
m1 9 2
m2 9 2
1 9 0
2 5 0
3 7 0
t 164 31
m0 9 2
m1 9 2
m2 9 2
1 8 0
2 4 0
3 6 0
t 163 31
m0 9 2
m1 9 2
m2 9 2
1 9 0
2 5 0
3 7 0
t 162 31
m0 9 2
m1 9 2
m2 9 2
1 8 0
2 4 0
3 6 0
t 161 31
m0 9 2
m1 9 2
m2 9 2
1 9 0
2 5 0
3 7 0
t 160 31
m0 9 2
m1 9 2
m2 9 2
1 8 0
2 4 0
3 6 0
t 159 31
m0 9 2
m1 9 2
m2 9 2
1 9 0
2 5 0
3 7 0
t 158 31
m0 9 2
m1 9 2
m2 9 2
1 8 0
2 4 0
3 6 0
t 157 31
m0 9 2
m1 9 2
m2 9 2
1 9 0
2 5 0
3 7 0
t 156 31
m0 9 2
m1 9 2
m2 9 2
1 8 0
2 4 0
3 6 0
t 155 31
m0 9 2
m1 9 2
m2 9 2
1 9 0
2 5 0
3 7 0
t 154 31
m0 9 2
m1 9 2
m2 9 2
1 8 0
2 4 0
3 6 0
t 153 31
m0 9 2
m1 9 2
m2 9 2
1 9 0
2 5 0
3 7 0
t 152 31
m0 9 2
m1 9 2
m2 9 2
1 8 0
2 4 0
3 6 0
t 151 31
m0 9 2
m1 9 2
m2 9 2
1 9 0
2 5 0
3 7 0
t 150 31
m0 9 2
m1 9 2
m2 9 2
1 8 0
2 4 0
3 6 0
t 149 31
m0 9 2
m1 9 2
m2 9 2
1 9 0
2 5 0
3 7 0
t 148 31
m0 9 2
m1 9 2
m2 9 2
1 8 0
2 4 0
3 6 0
t 147 31
m0 9 2
m1 9 2
m2 9 2
1 9 0
2 5 0
3 7 0
t 146 31
m0 9 2
m1 9 2
m2 9 2
1 8 0
2 4 0
3 6 0
t 145 31
m0 9 2
m1 9 2
m2 9 2
1 9 0
2 5 0
3 7 0
t 144 31
m0 9 2
m1 9 2
m2 9 2
1 8 0
2 4 0
3 6 0
t 143 31
m0 9 2
m1 9 2
m2 9 2
1 9 0
2 5 0
3 7 0
t 142 31
m0 9 2
m1 9 2
m2 9 2
1 8 0
2 4 0
3 6 0
t 141 31
m0 9 2
m1 9 2
m2 9 2
1 9 0
2 5 0
3 7 0
t 140 31
m0 9 2
m1 9 2
m2 9 2
1 8 0
2 4 0
3 6 0
t 139 31
m0 9 2
m1 9 2
m2 9 2
1 9 0
2 5 0
3 7 0
t 138 31
m0 9 2
m1 9 2
m2 9 2
1 8 0
2 4 0
3 6 0
t 137 31
m0 9 2
m1 9 2
m2 9 2
1 9 0
2 5 0
3 7 0
t 136 31
m0 9 2
m1 9 2
m2 9 2
1 8 0
2 4 0
3 6 0
t 135 31
m0 9 2
m1 9 2
m2 9 2
1 9 0
2 5 0
3 7 0
t 134 31
m0 9 2
m1 9 2
m2 9 2
1 8 0
2 4 0
3 6 0
t 133 31
m0 9 2
m1 9 2
m2 9 2
1 9 0
2 5 0
3 7 0
t 132 31
m0 9 2
m1 9 2
m2 9 2
1 8 0
2 4 0
3 6 0
t 131 31
m0 9 2
m1 9 2
m2 9 2
1 9 0
2 5 0
3 7 0
t 130 31
m0 9 2
m1 9 2
m2 9 2
1 8 0
2 4 0
3 6 0
t 129 31
m0 9 2
m1 9 2
m2 9 2
1 9 0
2 5 0
3 7 0
t 128 31
m0 9 2
m1 9 2
m2 9 2
1 8 0
2 4 0
3 6 0
t 127 31
m0 9 2
m1 9 2
m2 9 2
1 9 0
2 5 0
3 7 0
t 126 31
m0 9 2
m1 9 2
m2 9 2
1 8 0
2 4 0
3 6 0
t 125 31
m0 9 2
m1 9 2
m2 9 2
1 9 0
2 5 0
3 7 0
t 124 31
m0 9 2
m1 9 2
m2 9 2
1 8 0
2 4 0
3 6 0
t 123 31
m0 9 2
m1 9 2
m2 9 2
1 9 0
2 5 0
3 7 0
t 122 31
m0 9 2
m1 9 2
m2 9 2
1 8 0
2 4 0
3 6 0
t 121 31
m0 9 2
m1 9 2
m2 9 2
1 9 0
2 5 0
3 7 0
t 120 31
m0 9 2
m1 9 2
m2 9 2
1 8 0
2 4 0
3 6 0
t 119 31
m0 9 2
m1 9 2
m2 9 2
1 9 0
2 5 0
3 7 0
t 118 31
m0 9 2
m1 9 2
m2 9 2
1 8 0
2 4 0
3 6 0
t 117 31
m0 9 2
m1 9 2
m2 9 2
1 9 0
2 5 0
3 7 0
t 116 31
m0 9 2
m1 9 2
m2 9 2
1 8 0
2 4 0
3 6 0
t 115 31
m0 9 2
m1 9 2
m2 9 2
1 9 0
2 5 0
3 7 0
t 114 31
m0 9 2
m1 9 2
m2 9 2
1 8 0
2 4 0
3 6 0
t 113 31
m0 9 2
m1 9 2
m2 9 2
1 9 0
2 5 0
3 7 0
t 112 31
m0 9 2
m1 9 2
m2 9 2
1 8 0
2 4 0
3 6 0
t 111 31
m0 9 2
m1 9 2
m2 9 2
1 9 0
2 5 0
3 7 0
t 110 31
m0 9 2
m1 9 2
m2 9 2
1 8 0
2 4 0
3 6 0
t 109 31
m0 9 2
m1 9 2
m2 9 2
1 9 0
2 5 0
3 7 0
t 108 31
m0 9 2
m1 9 2
m2 9 2
1 8 0
2 4 0
3 6 0
t 107 31
m0 9 2
m1 9 2
m2 9 2
1 9 0
2 5 0
3 7 0
t 106 31
m0 9 2
m1 9 2
m2 9 2
1 8 0
2 4 0
3 6 0
t 105 31
m0 9 2
m1 9 2
m2 9 2
1 9 0
2 5 0
3 7 0
t 104 31
m0 9 2
m1 9 2
m2 9 2
1 8 0
2 4 0
3 6 0
t 103 31
m0 9 2
m1 9 2
m2 9 2
1 9 0
2 5 0
3 7 0
t 102 31
m0 9 2
m1 9 2
m2 9 2
1 8 0
2 4 0
3 6 0
t 101 31
m0 9 2
m1 9 2
m2 9 2
1 9 0
2 5 0
3 7 0
t 100 31
m0 9 2
m1 9 2
m2 9 2
1 8 0
2 4 0
3 6 0
t 99 31
m0 9 2
m1 9 2
m2 9 2
1 9 0
2 5 0
3 7 0
t 98 31
m0 9 2
m1 9 2
m2 9 2
1 8 0
2 4 0
3 6 0
t 97 31
m0 9 2
m1 9 2
m2 9 2
1 9 0
2 5 0
3 7 0
t 96 31
m0 9 2
m1 9 2
m2 9 2
1 8 0
2 4 0
3 6 0
t 95 31
m0 9 2
m1 9 2
m2 9 2
1 9 0
2 5 0
3 7 0
t 94 31
m0 9 2
m1 9 2
m2 9 2
1 8 0
2 4 0
3 6 0
t 93 31
m0 9 2
m1 9 2
m2 9 2
1 9 0
2 5 0
3 7 0
t 92 31
m0 9 2
m1 9 2
m2 9 2
1 8 0
2 4 0
3 6 0
t 91 31
m0 9 2
m1 9 2
m2 9 2
1 9 0
2 5 0
3 7 0
t 90 31
m0 9 2
m1 9 2
m2 9 2
1 8 0
2 4 0
3 6 0
t 89 31
m0 9 2
m1 9 2
m2 9 2
1 9 0
2 5 0
3 7 0
t 88 31
m0 9 2
m1 9 2
m2 9 2
1 8 0
2 4 0
3 6 0
t 87 31
m0 9 2
m1 9 2
m2 9 2
1 9 0
2 5 0
3 7 0
t 86 31
m0 9 2
m1 9 2
m2 9 2
1 8 0
2 4 0
3 6 0
t 85 31
m0 9 2
m1 9 2
m2 9 2
1 9 0
2 5 0
3 7 0
t 84 31
m0 9 2
m1 9 2
m2 9 2
1 8 0
2 4 0
3 6 0
t 83 31
m0 9 2
m1 9 2
m2 9 2
1 9 0
2 5 0
3 7 0
t 82 31
m0 9 2
m1 9 2
m2 9 2
1 8 0
2 4 0
3 6 0
t 81 31
m0 9 2
m1 9 2
m2 9 2
1 9 0
2 5 0
3 7 0
t 80 31
m0 9 2
m1 9 2
m2 9 2
1 8 0
2 4 0
3 6 0
t 79 31
m0 9 2
m1 9 2
m2 9 2
1 9 0
2 5 0
3 7 0
t 78 31
m0 9 2
m1 9 2
m2 9 2
1 8 0
2 4 0
3 6 0
t 77 31
m0 9 2
m1 9 2
m2 9 2
1 9 0
2 5 0
3 7 0
t 76 31
m0 9 2
m1 9 2
m2 9 2
1 8 0
2 4 0
3 6 0
t 75 31
m0 9 2
m1 9 2
m2 9 2
1 9 0
2 5 0
3 7 0
t 74 31
m0 9 2
m1 9 2
m2 9 2
1 8 0
2 4 0
3 6 0
t 73 31
m0 9 2
m1 9 2
m2 9 2
1 9 0
2 5 0
3 7 0
t 72 31
m0 9 2
m1 9 2
m2 9 2
1 8 0
2 4 0
3 6 0
t 71 31
m0 9 2
m1 9 2
m2 9 2
1 9 0
2 5 0
3 7 0
t 70 31
m0 9 2
m1 9 2
m2 9 2
1 8 0
2 4 0
3 6 0
t 69 31
m0 9 2
m1 9 2
m2 9 2
1 9 0
2 5 0
3 7 0
t 68 31
m0 9 2
m1 9 2
m2 9 2
1 8 0
2 4 0
3 6 0
t 67 31
m0 9 2
m1 9 2
m2 9 2
1 9 0
2 5 0
3 7 0
t 66 31
m0 9 2
m1 9 2
m2 9 2
1 8 0
2 4 0
3 6 0
t 65 31
m0 9 2
m1 9 2
m2 9 2
1 9 0
2 5 0
3 7 0
t 64 31
m0 9 2
m1 9 2
m2 9 2
1 8 0
2 4 0
3 6 0
t 63 31
m0 9 2
m1 9 2
m2 9 2
1 9 0
2 5 0
3 7 0
t 62 31
m0 9 2
m1 9 2
m2 9 2
1 8 0
2 4 0
3 6 0
t 61 31
m0 9 2
m1 9 2
m2 9 2
1 9 0
2 5 0
3 7 0
t 60 31
m0 9 2
m1 9 2
m2 9 2
1 8 0
2 4 0
3 6 0
t 59 31
m0 9 2
m1 9 2
m2 9 2
1 9 0
2 5 0
3 7 0
t 58 31
m0 9 2
m1 9 2
m2 9 2
1 8 0
2 4 0
3 6 0
t 57 31
m0 9 2
m1 9 2
m2 9 2
1 9 0
2 5 0
3 7 0
t 56 31
m0 9 2
m1 9 2
m2 9 2
1 8 0
2 4 0
3 6 0
t 55 31
m0 9 2
m1 9 2
m2 9 2
1 9 0
2 5 0
3 7 0
t 54 31
m0 9 2
m1 9 2
m2 9 2
1 8 0
2 4 0
3 6 0
t 53 31
m0 9 2
m1 9 2
m2 9 2
1 9 0
2 5 0
3 7 0
t 52 31
m0 9 2
m1 9 2
m2 9 2
1 8 0
2 4 0
3 6 0
t 51 31
m0 9 2
m1 9 2
m2 9 2
1 9 0
2 5 0
3 7 0
t 50 31
m0 9 2
m1 9 2
m2 9 2
1 8 0
2 4 0
3 6 0
t 49 31
m0 9 2
m1 9 2
m2 9 2
1 9 0
2 5 0
3 7 0
t 48 31
m0 9 2
m1 9 2
m2 9 2
1 8 0
2 4 0
3 6 0
t 47 31
m0 9 2
m1 9 2
m2 9 2
1 9 0
2 5 0
3 7 0
t 46 31
m0 9 2
m1 9 2
m2 9 2
1 8 0
2 4 0
3 6 0
t 45 31
m0 9 2
m1 9 2
m2 9 2
1 9 0
2 5 0
3 7 0
t 44 31
m0 9 2
m1 9 2
m2 9 2
1 8 0
2 4 0
3 6 0
t 43 31
m0 9 2
m1 9 2
m2 9 2
1 9 0
2 5 0
3 7 0
t 42 31
m0 9 2
m1 9 2
m2 9 2
1 8 0
2 4 0
3 6 0
t 41 31
m0 9 2
m1 9 2
m2 9 2
1 9 0
2 5 0
3 7 0
t 40 31
m0 9 2
m1 9 2
m2 9 2
1 8 0
2 4 0
3 6 0
t 39 31
m0 9 2
m1 9 2
m2 9 2
1 9 0
2 5 0
3 7 0
t 38 31
m0 9 2
m1 9 2
m2 9 2
1 8 0
2 4 0
3 6 0
t 37 31
m0 9 2
m1 9 2
m2 9 2
1 9 0
2 5 0
3 7 0
t 36 31
m0 9 2
m1 9 2
m2 9 2
1 8 0
2 4 0
3 6 0
t 35 31
m0 9 2
m1 9 2
m2 9 2
1 9 0
2 5 0
3 7 0
t 34 31
m0 9 2
m1 9 2
m2 9 2
1 8 0
2 4 0
3 6 0
t 33 31
m0 9 2
m1 9 2
m2 9 2
1 9 0
2 5 0
3 7 0
t 32 31
m0 9 2
m1 9 2
m2 9 2
1 8 0
2 4 0
3 6 0
t 31 31
m0 9 2
m1 9 2
m2 9 2
1 9 0
2 5 0
3 7 0
t 30 31
m0 9 2
m1 9 2
m2 9 2
1 8 0
2 4 0
3 6 0
t 29 31
m0 9 2
m1 9 2
m2 9 2
1 9 0
2 5 0
3 7 0
t 28 31
m0 9 2
m1 9 2
m2 9 2
1 8 0
2 4 0
3 6 0
t 27 31
m0 9 2
m1 9 2
m2 9 2
1 9 0
2 5 0
3 7 0
t 26 31
m0 9 2
m1 9 2
m2 9 2
1 8 0
2 4 0
3 6 0
t 25 31
m0 9 2
m1 9 2
m2 9 2
1 9 0
2 5 0
3 7 0
t 24 31
m0 9 2
m1 9 2
m2 9 2
1 8 0
2 4 0
3 6 0
t 23 31
m0 9 2
m1 9 2
m2 9 2
1 9 0
2 5 0
3 7 0
t 22 31
m0 9 2
m1 9 2
m2 9 2
1 8 0
2 4 0
3 6 0
t 21 31
m0 9 2
m1 9 2
m2 9 2
1 9 0
2 5 0
3 7 0
t 20 31
m0 9 2
m1 9 2
m2 9 2
1 8 0
2 4 0
3 6 0
t 19 31
m0 9 2
m1 9 2
m2 9 2
1 9 0
2 5 0
3 7 0
t 18 31
m0 9 2
m1 9 2
m2 9 2
1 8 0
2 4 0
3 6 0
t 17 31
m0 9 2
m1 9 2
m2 9 2
1 9 0
2 5 0
3 7 0
t 16 31
m0 9 2
m1 9 2
m2 9 2
1 8 0
2 4 0
3 6 0
t 15 31
m0 9 2
m1 9 2
m2 9 2
1 9 0
2 5 0
3 7 0
t 14 31
m0 9 2
m1 9 2
m2 9 2
1 8 0
2 4 0
3 6 0
t 13 31
m0 9 2
m1 9 2
m2 9 2
1 9 0
2 5 0
3 7 0
t 12 31
m0 9 2
m1 9 2
m2 9 2
1 8 0
2 4 0
3 6 0
t 11 31
m0 9 2
m1 9 2
m2 9 2
1 9 0
2 5 0
3 7 0
t 10 31
m0 9 2
m1 9 2
m2 9 2
1 8 0
2 4 0
3 6 0
t 9 31
m0 9 2
m1 9 2
m2 9 2
1 9 0
2 5 0
3 7 0
t 8 31
m0 9 2
m1 9 2
m2 9 2
1 8 0
2 4 0
3 6 0
t 7 31
m0 9 2
m1 9 2
m2 9 2
1 9 0
2 5 0
3 7 0
t 6 31
m0 9 2
m1 9 2
m2 9 2
1 8 0
2 4 0
3 6 0
t 5 31
m0 9 2
m1 9 2
m2 9 2
1 9 0
2 5 0
3 7 0
t 4 31
m0 9 2
m1 9 2
m2 9 2
1 8 0
2 4 0
3 6 0
t 3 31
m0 9 2
m1 9 2
m2 9 2
1 9 0
2 5 0
3 7 0
t 2 31
m0 9 2
m1 9 2
m2 9 2
1 8 0
2 4 0
3 6 0
t 1 31
m0 9 2
m1 9 2
m2 9 2
1 8 0
2 4 0
3 6 0
t 0 31
