10
15
w 7 3
w 6 9
w 8 13
w 4 8
w 5 6
w 2 8
w 8 0
w 0 7
w 5 1
w 1 11
w 4 9
w 8 1
w 3 10
w 5 12
w 1 14
w 7 10
w 1 10
w 8 6
w 1 1
w 6 4
w 5 4
w 2 6
w 3 2
w 6 11
w 1 13
w 9 10
w 2 3
w 0 5
w 2 14
w 9 13
w 7 0
w 4 6
w 8 12
w 7 13
w 7 4
w 9 5
w 3 4
p 1 3
p 9 1
p 6 6
p 9 8
p 3 11
p 5 13
p 2 1
p 8 9
p 6 2
p 4 12
p 7 11
p 2 5
p 0 3
p 8 5
p 3 14
p 7 2
p 1 2
p 9 0
p 5 5
p 1 5
p 2 13
p 3 6
p 4 1
p 9 7
p 7 14
p 9 14
p 8 2
p 7 1
p 3 13
p 8 11
p 9 3
p 4 14
p 2 10
p 3 9
p 7 5
p 1 9
p 8 7
p 6 12
p 1 0
p 0 8
p 9 6
p 4 11
p 3 5
p 5 10
p 6 8
p 1 12
p 5 7
p 3 1
p 5 14
p 3 8
p 4 3
p 1 7
p 0 9
p 7 8
p 9 12
p 8 4
m0 0 14
m1 0 14
m2 0 14
1 9 0
2 9 0
3 9 0
t 300 0
m0 0 14
m1 0 13
m2 0 14
1 9 1
2 9 1
3 9 1
t 299 0
m0 0 14
m1 0 13
m2 0 13
1 9 0
2 9 2
3 9 0
t 298 0
m0 0 13
m1 0 13
m2 0 14
1 9 1
2 8 2
3 9 1
t 297 0
m0 0 13
m1 0 14
m2 0 13
1 9 0
2 7 2
3 9 0
t 296 0
m0 0 14
m1 0 14
m2 0 13
1 9 1
2 6 2
3 9 1
f 1 8
t 295 0
m0 0 14
m1 0 13
m2 0 14
1 9 0
2 5 2
3 9 0
t 294 0
m0 0 13
m1 0 14
m2 0 13
1 9 1
2 4 2
3 9 1
t 293 0
m0 0 12
m1 0 13
m2 0 12
1 9 0
2 4 3
3 9 0
t 292 0
m0 1 12
m1 0 12
m2 0 13
1 9 1
2 3 3
3 9 1
t 291 1
m0 1 12
m1 0 11
m2 0 13
1 9 0
2 4 3
3 9 0
t 290 1
m0 0 12
m1 0 10
m2 0 14
1 9 1
2 3 3
3 9 1
t 289 1
m0 0 11
m1 0 9
m2 0 13
1 9 0
2 4 3
3 9 0
t 288 2
m0 0 11
m1 0 9
m2 0 14
1 9 1
2 3 3
3 9 1
t 287 2
m0 0 10
m1 1 9
m2 0 14
1 9 0
2 4 3
3 9 0
t 286 3
m0 0 9
m1 2 9
m2 0 14
1 9 1
2 3 3
3 9 1
t 285 3
m0 0 10
m1 2 9
m2 0 14
1 9 0
2 4 3
3 9 0
t 284 3
m0 0 9
m1 3 9
m2 0 14
1 9 1
2 3 3
3 9 1
t 283 4
m0 0 9
m1 3 8
m2 0 14
1 9 0
2 4 3
3 9 0
t 282 5
m0 0 8
m1 3 7
m2 0 13
1 9 1
2 3 3
3 9 1
t 281 6
m0 0 8
m1 3 6
m2 0 14
1 9 0
2 4 3
3 9 0
t 280 7
m0 0 8
m1 3 5
m2 0 13
1 9 1
2 3 3
3 9 1
t 279 8
m0 0 8
m1 3 6
m2 0 12
1 9 0
2 4 3
3 9 0
t 278 8
m0 0 8
m1 3 5
m2 1 12
1 9 1
2 3 3
3 9 1
t 277 8
m0 0 8
m1 3 5
m2 2 12
1 9 0
2 4 3
3 9 0
t 276 8
m0 0 9
m1 4 5
m2 3 12
1 9 1
2 3 3
3 9 1
t 275 8
m0 0 9
m1 4 4
m2 3 11
1 9 0
2 4 3
3 9 0
t 274 9
m0 1 9
m1 -5 -5
m2 4 11
1 9 1
2 3 3
3 9 1
t 273 11
m0 1 9
m1 -5 -5
m2 4 10
1 9 0
2 4 3
3 9 0
t 272 11
m0 2 9
m1 -5 -5
m2 4 10
1 9 1
2 3 3
3 9 1
t 271 11
m0 1 9
m1 -5 -5
m2 4 11
1 9 0
2 4 3
3 9 0
t 270 11
m0 1 8
m1 -5 -5
m2 4 12
1 9 1
2 3 3
3 9 1
t 269 22
m0 0 8
m1 -5 -5
m2 4 13
1 9 0
2 4 3
3 9 0
t 268 22
m0 0 9
m1 -5 -5
m2 4 13
1 9 1
2 3 3
3 9 1
t 267 22
m0 0 10
m1 -5 -5
m2 4 13
1 9 0
2 4 3
3 9 0
t 266 22
m0 0 10
m1 -5 -5
m2 5 13
1 9 1
2 3 3
3 9 1
t 265 23
m0 0 10
m1 -5 -5
m2 6 13
1 9 0
2 4 3
3 9 0
f 4 2
t 264 23
m0 0 9
m1 -5 -5
m2 6 13
1 9 1
2 3 3
3 9 1
t 263 23
m0 0 8
m1 -5 -5
m2 6 14
1 9 0
2 4 3
3 9 0
t 262 23
m0 0 8
m1 -5 -5
m2 6 14
1 9 1
2 3 3
3 9 1
t 261 23
m0 1 8
m1 -5 -5
m2 7 14
1 9 0
2 4 3
3 9 0
t 260 24
m0 1 7
m1 -5 -5
m2 6 14
1 9 1
2 3 3
3 9 1
t 259 25
m0 1 6
m1 -5 -5
m2 7 14
1 9 0
2 4 3
3 9 0
t 258 25
m0 1 5
m1 -5 -5
m2 8 14
1 9 1
2 3 3
3 9 1
t 257 26
m0 1 4
m1 -5 -5
m2 9 14
1 9 0
2 4 3
3 9 0
t 256 27
m0 2 4
m1 -5 -5
m2 9 14
1 9 1
2 3 3
3 9 1
t 255 27
m0 2 4
m1 -5 -5
m2 9 14
1 9 0
2 4 3
3 9 0
t 254 27
m0 2 4
m1 -5 -5
m2 9 14
1 9 1
2 3 3
3 9 1
t 253 27
m0 1 4
m1 -5 -5
m2 9 14
1 9 0
2 4 3
3 9 0
t 252 27
m0 2 4
m1 -5 -5
m2 9 14
1 9 1
2 3 3
3 9 1
t 251 27
m0 2 4
m1 -5 -5
m2 9 14
1 9 0
2 4 3
3 9 0
t 250 27
m0 2 4
m1 -5 -5
m2 9 14
1 9 1
2 3 3
3 9 1
t 249 27
m0 2 4
m1 -5 -5
m2 8 14
1 9 0
2 4 3
3 9 0
t 248 27
m0 1 4
m1 -5 -5
m2 8 14
1 9 1
2 3 3
3 9 1
t 247 27
m0 1 3
m1 -5 -5
m2 9 14
1 9 0
2 4 3
3 9 0
t 246 28
m0 1 3
m1 -5 -5
m2 9 14
1 9 1
2 3 3
3 9 1
t 245 28
m0 1 2
m1 -5 -5
m2 8 14
1 9 0
2 4 3
3 9 0
t 244 29
m0 2 2
m1 -5 -5
m2 8 14
1 9 1
2 3 3
3 9 1
t 243 29
m0 2 2
m1 -5 -5
m2 9 14
1 9 0
2 4 3
3 9 0
t 242 29
m0 2 2
m1 -5 -5
m2 9 14
1 9 1
2 3 3
3 9 1
t 241 29
m0 2 2
m1 -5 -5
m2 9 14
1 9 0
2 4 3
3 9 0
t 240 29
m0 2 2
m1 -5 -5
m2 9 14
1 9 1
2 3 3
3 9 1
t 239 29
m0 2 2
m1 -5 -5
m2 8 14
1 9 0
2 4 3
3 9 0
t 238 29
m0 2 2
m1 -5 -5
m2 7 14
1 9 1
2 3 3
3 9 1
t 237 29
m0 2 2
m1 -5 -5
m2 8 14
1 9 0
2 4 3
3 9 0
t 236 29
m0 2 2
m1 -5 -5
m2 9 14
1 9 1
2 3 3
3 9 1
t 235 29
m0 2 2
m1 -5 -5
m2 9 14
1 9 0
2 4 3
3 9 0
t 234 29
m0 1 2
m1 -5 -5
m2 9 14
1 9 1
2 3 3
3 9 1
t 233 29
m0 1 3
m1 -5 -5
m2 8 14
1 9 0
2 4 3
3 9 0
t 232 29
m0 1 2
m1 -5 -5
m2 7 14
1 9 1
2 3 3
3 9 1
t 231 29
m0 2 2
m1 -5 -5
m2 8 14
1 9 0
2 4 3
3 9 0
t 230 29
m0 2 2
m1 -5 -5
m2 9 14
1 9 1
2 3 3
3 9 1
t 229 29
m0 2 2
m1 -5 -5
m2 8 14
1 9 0
2 4 3
3 9 0
t 228 29
m0 2 2
m1 -5 -5
m2 9 14
1 9 1
2 3 3
3 9 1
t 227 29
m0 2 2
m1 -5 -5
m2 9 14
1 9 0
2 4 3
3 9 0
t 226 29
m0 2 2
m1 -5 -5
m2 8 14
1 9 1
2 3 3
3 9 1
t 225 29
m0 2 2
m1 -5 -5
m2 9 14
1 9 0
2 4 3
3 9 0
t 224 29
m0 2 2
m1 -5 -5
m2 9 14
1 9 1
2 3 3
3 9 1
t 223 29
m0 2 2
m1 -5 -5
m2 8 14
1 9 0
2 4 3
3 9 0
t 222 29
m0 2 2
m1 -5 -5
m2 9 14
1 9 1
2 3 3
3 9 1
t 221 29
m0 2 2
m1 -5 -5
m2 9 14
1 9 0
2 4 3
3 9 0
t 220 29
m0 2 2
m1 -5 -5
m2 9 14
1 9 1
2 3 3
3 9 1
t 219 29
m0 2 2
m1 -5 -5
m2 9 14
1 9 0
2 4 3
3 9 0
t 218 29
m0 2 2
m1 -5 -5
m2 9 14
1 9 1
2 3 3
3 9 1
t 217 29
m0 2 2
m1 -5 -5
m2 9 14
1 9 0
2 4 3
3 9 0
t 216 29
m0 2 2
m1 -5 -5
m2 9 14
1 9 1
2 3 3
3 9 1
t 215 29
m0 2 2
m1 -5 -5
m2 9 14
1 9 0
2 4 3
3 9 0
t 214 29
m0 2 2
m1 -5 -5
m2 9 14
1 9 1
2 3 3
3 9 1
t 213 29
m0 2 2
m1 -5 -5
m2 9 14
1 9 0
2 4 3
3 9 0
t 212 29
m0 2 2
m1 -5 -5
m2 9 14
1 9 1
2 3 3
3 9 1
t 211 29
m0 2 2
m1 -5 -5
m2 8 14
1 9 0
2 4 3
3 9 0
t 210 29
m0 2 1
m1 -5 -5
m2 7 14
1 9 1
2 3 3
3 9 1
t 209 30
m0 3 1
m1 -5 -5
m2 8 14
1 9 0
2 4 3
3 9 0
t 208 31
m0 4 1
m1 -5 -5
m2 7 14
1 9 1
2 3 3
3 9 1
t 207 32
m0 4 2
m1 -5 -5
m2 8 14
1 9 0
2 4 3
3 9 0
t 206 42
m0 -5 -5
m1 -5 -5
m2 8 14
1 9 1
2 3 3
3 9 1
t 205 42
m0 -5 -5
m1 -5 -5
m2 9 14
1 9 0
2 4 3
3 9 0
t 204 42
m0 -5 -5
m1 -5 -5
m2 9 14
1 9 1
2 3 3
3 9 1
t 203 42
m0 -5 -5
m1 -5 -5
m2 8 14
1 9 0
2 4 3
3 9 0
t 202 42
m0 -5 -5
m1 -5 -5
m2 7 14
1 9 1
2 3 3
3 9 1
t 201 42
m0 -5 -5
m1 -5 -5
m2 8 14
1 9 0
2 4 3
3 9 0
t 200 42
m0 -5 -5
m1 -5 -5
m2 9 14
1 9 1
2 3 3
3 9 1
t 199 42
m0 -5 -5
m1 -5 -5
m2 9 14
1 9 0
2 4 3
3 9 0
t 198 42
m0 -5 -5
m1 -5 -5
m2 8 14
1 9 1
2 3 3
3 9 1
t 197 42
m0 -5 -5
m1 -5 -5
m2 8 14
1 9 0
2 4 3
3 9 0
t 196 42
m0 -5 -5
m1 -5 -5
m2 7 14
1 9 1
2 3 3
3 9 1
t 195 42
m0 -5 -5
m1 -5 -5
m2 7 14
1 9 0
2 4 3
3 9 0
t 194 42
m0 -5 -5
m1 -5 -5
m2 7 14
1 9 1
2 3 3
3 9 1
t 193 42
m0 -5 -5
m1 -5 -5
m2 7 14
1 9 0
2 4 3
3 9 0
t 192 42
m0 -5 -5
m1 -5 -5
m2 6 14
1 9 1
2 3 3
3 9 1
t 191 42
m0 -5 -5
m1 -5 -5
m2 5 14
1 9 0
2 4 3
3 9 0
t 190 43
m0 -5 -5
m1 -5 -5
m2 6 14
1 9 1
2 3 3
3 9 1
t 189 43
m0 -5 -5
m1 -5 -5
m2 5 14
1 9 0
2 4 3
3 9 0
t 188 43
m0 -5 -5
m1 -5 -5
m2 6 14
1 9 1
2 3 3
3 9 1
t 187 43
m0 -5 -5
m1 -5 -5
m2 6 14
1 9 0
2 4 3
3 9 0
t 186 43
m0 -5 -5
m1 -5 -5
m2 6 14
1 9 1
2 3 3
3 9 1
t 185 43
m0 -5 -5
m1 -5 -5
m2 7 14
1 9 0
2 4 3
3 9 0
t 184 43
m0 -5 -5
m1 -5 -5
m2 6 14
1 9 1
2 3 3
3 9 1
t 183 43
m0 -5 -5
m1 -5 -5
m2 7 14
1 9 0
2 4 3
3 9 0
t 182 43
m0 -5 -5
m1 -5 -5
m2 7 14
1 9 1
2 3 3
3 9 1
t 181 43
m0 -5 -5
m1 -5 -5
m2 7 14
1 9 0
2 4 3
3 9 0
f 9 14
t 180 43
m0 -5 -5
m1 -5 -5
m2 8 14
1 9 1
2 3 3
3 9 1
t 179 43
m0 -5 -5
m1 -5 -5
m2 7 14
1 9 0
2 4 3
3 9 0
t 178 43
m0 -5 -5
m1 -5 -5
m2 8 14
1 9 1
2 3 3
3 9 1
t 177 43
m0 -5 -5
m1 -5 -5
m2 9 14
1 9 0
2 4 3
3 9 0
t 176 53
m0 -5 -5
m1 -5 -5
m2 9 14
1 9 1
2 3 3
3 9 1
t 175 53
m0 -5 -5
m1 -5 -5
m2 9 14
1 9 0
2 4 3
3 9 0
t 174 53
m0 -5 -5
m1 -5 -5
m2 9 14
1 9 1
2 3 3
3 9 1
t 173 53
m0 -5 -5
m1 -5 -5
m2 8 14
1 9 0
2 4 3
3 9 0
t 172 53
m0 -5 -5
m1 -5 -5
m2 9 14
1 9 1
2 3 3
3 9 1
t 171 53
m0 -5 -5
m1 -5 -5
m2 9 14
1 9 0
2 4 3
3 9 0
t 170 53
m0 -5 -5
m1 -5 -5
m2 8 14
1 9 1
2 3 3
3 9 1
t 169 53
m0 -5 -5
m1 -5 -5
m2 7 14
1 9 0
2 4 3
3 9 0
t 168 53
m0 -5 -5
m1 -5 -5
m2 6 14
1 9 1
2 3 3
3 9 1
t 167 53
m0 -5 -5
m1 -5 -5
m2 6 14
1 9 0
2 4 3
3 9 0
t 166 53
m0 -5 -5
m1 -5 -5
m2 5 14
1 9 1
2 3 3
3 9 1
t 165 53
m0 -5 -5
m1 -5 -5
m2 4 14
1 9 0
2 4 3
3 9 0
t 164 54
m0 -5 -5
m1 -5 -5
m2 5 14
1 9 1
2 3 3
3 9 1
t 163 54
m0 -5 -5
m1 -5 -5
m2 6 14
1 9 0
2 4 3
3 9 0
t 162 54
m0 -5 -5
m1 -5 -5
m2 6 14
1 9 1
2 3 3
3 9 1
f 8 14
t 161 54
m0 -5 -5
m1 -5 -5
m2 7 14
1 9 0
2 4 3
3 9 0
t 160 54
m0 -5 -5
m1 -5 -5
m2 8 14
1 9 1
2 3 3
3 9 1
t 159 64
m0 -5 -5
m1 -5 -5
m2 7 14
1 9 0
2 4 3
3 9 0
t 158 64
m0 -5 -5
m1 -5 -5
m2 7 14
1 9 1
2 3 3
3 9 1
t 157 64
m0 -5 -5
m1 -5 -5
m2 6 14
1 9 0
2 4 3
3 9 0
t 156 64
m0 -5 -5
m1 -5 -5
m2 6 14
1 9 1
2 3 3
3 9 1
t 155 64
m0 -5 -5
m1 -5 -5
m2 6 14
1 9 0
2 4 3
3 9 0
t 154 64
m0 -5 -5
m1 -5 -5
m2 7 14
1 9 1
2 3 3
3 9 1
t 153 64
m0 -5 -5
m1 -5 -5
m2 8 14
1 9 0
2 4 3
3 9 0
t 152 64
m0 -5 -5
m1 -5 -5
m2 7 14
1 9 1
2 3 3
3 9 1
t 151 64
m0 -5 -5
m1 -5 -5
m2 7 14
1 9 0
2 4 3
3 9 0
t 150 64
m0 -5 -5
m1 -5 -5
m2 6 14
1 9 1
2 3 3
3 9 1
t 149 64
m0 -5 -5
m1 -5 -5
m2 6 14
1 9 0
2 4 3
3 9 0
t 148 64
m0 -5 -5
m1 -5 -5
m2 6 13
1 9 1
2 3 3
3 9 1
t 147 64
m0 -5 -5
m1 -5 -5
m2 6 13
1 9 0
2 4 3
3 9 0
t 146 64
m0 -5 -5
m1 -5 -5
m2 5 13
1 9 1
2 3 3
3 9 1
t 145 64
m0 -5 -5
m1 -5 -5
m2 5 13
1 9 0
2 4 3
3 9 0
t 144 64
m0 -5 -5
m1 -5 -5
m2 6 13
1 9 1
2 3 3
3 9 1
t 143 64
m0 -5 -5
m1 -5 -5
m2 6 13
1 9 0
2 4 3
3 9 0
t 142 64
m0 -5 -5
m1 -5 -5
m2 5 13
1 9 1
2 3 3
3 9 1
t 141 64
m0 -5 -5
m1 -5 -5
m2 5 13
1 9 0
2 4 3
3 9 0
t 140 64
m0 -5 -5
m1 -5 -5
m2 4 13
1 9 1
2 3 3
3 9 1
t 139 64
m0 -5 -5
m1 -5 -5
m2 4 12
1 9 0
2 4 3
3 9 0
f 3 7
t 138 64
m0 -5 -5
m1 -5 -5
m2 4 12
1 9 1
2 3 3
3 9 1
t 137 64
m0 -5 -5
m1 -5 -5
m2 3 12
1 9 0
2 4 3
3 9 0
t 136 64
m0 -5 -5
m1 -5 -5
m2 3 12
1 9 1
2 3 3
3 9 1
t 135 64
m0 -5 -5
m1 -5 -5
m2 3 11
1 9 0
2 4 3
3 9 0
t 134 64
m0 -5 -5
m1 -5 -5
m2 4 11
1 9 1
2 3 3
3 9 1
t 133 64
m0 -5 -5
m1 -5 -5
m2 3 11
1 9 0
2 4 3
3 9 0
t 132 64
m0 -5 -5
m1 -5 -5
m2 3 12
1 9 1
2 3 3
3 9 1
t 131 64
m0 -5 -5
m1 -5 -5
m2 3 12
1 9 0
2 4 3
3 9 0
t 130 64
m0 -5 -5
m1 -5 -5
m2 3 11
1 9 1
2 3 3
3 9 1
t 129 64
m0 -5 -5
m1 -5 -5
m2 3 11
1 9 0
2 4 3
3 9 0
t 128 64
m0 -5 -5
m1 -5 -5
m2 3 11
1 9 1
2 3 3
3 9 1
t 127 64
m0 -5 -5
m1 -5 -5
m2 3 11
1 9 0
2 4 3
3 9 0
t 126 64
m0 -5 -5
m1 -5 -5
m2 4 11
1 9 1
2 3 3
3 9 1
t 125 64
m0 -5 -5
m1 -5 -5
m2 4 11
1 9 0
2 4 3
3 9 0
t 124 64
m0 -5 -5
m1 -5 -5
m2 4 10
1 9 1
2 3 3
3 9 1
t 123 64
m0 -5 -5
m1 -5 -5
m2 4 10
1 9 0
2 4 3
3 9 0
t 122 64
m0 -5 -5
m1 -5 -5
m2 4 10
1 9 1
2 3 3
3 9 1
t 121 64
m0 -5 -5
m1 -5 -5
m2 4 11
1 9 0
2 4 3
3 9 0
t 120 64
m0 -5 -5
m1 -5 -5
m2 4 10
1 9 1
2 3 3
3 9 1
t 119 64
m0 -5 -5
m1 -5 -5
m2 5 10
1 9 0
2 4 3
3 9 0
t 118 65
m0 -5 -5
m1 -5 -5
m2 4 10
1 9 1
2 3 3
3 9 1
t 117 65
m0 -5 -5
m1 -5 -5
m2 4 10
1 9 0
2 4 3
3 9 0
t 116 65
m0 -5 -5
m1 -5 -5
m2 4 10
1 9 1
2 3 3
3 9 1
t 115 65
m0 -5 -5
m1 -5 -5
m2 4 10
1 9 0
2 4 3
3 9 0
t 114 65
m0 -5 -5
m1 -5 -5
m2 4 11
1 9 1
2 3 3
3 9 1
t 113 65
m0 -5 -5
m1 -5 -5
m2 3 11
1 9 0
2 4 3
3 9 0
t 112 65
m0 -5 -5
m1 -5 -5
m2 3 11
1 9 1
2 3 3
3 9 1
t 111 65
m0 -5 -5
m1 -5 -5
m2 3 11
1 9 0
2 4 3
3 9 0
t 110 65
m0 -5 -5
m1 -5 -5
m2 3 12
1 9 1
2 3 3
3 9 1
t 109 65
m0 -5 -5
m1 -5 -5
m2 3 11
1 9 0
2 4 3
3 9 0
t 108 65
m0 -5 -5
m1 -5 -5
m2 3 12
1 9 1
2 3 3
3 9 1
t 107 65
m0 -5 -5
m1 -5 -5
m2 3 11
1 9 0
2 4 3
3 9 0
t 106 65
m0 -5 -5
m1 -5 -5
m2 3 12
1 9 1
2 3 3
3 9 1
t 105 65
m0 -5 -5
m1 -5 -5
m2 3 11
1 9 0
2 4 3
3 9 0
t 104 65
m0 -5 -5
m1 -5 -5
m2 4 11
1 9 1
2 3 3
3 9 1
t 103 65
m0 -5 -5
m1 -5 -5
m2 3 11
1 9 0
2 4 3
3 9 0
t 102 65
m0 -5 -5
m1 -5 -5
m2 3 11
1 9 1
2 3 3
3 9 1
t 101 65
m0 -5 -5
m1 -5 -5
m2 3 11
1 9 0
2 4 3
3 9 0
t 100 65
m0 -5 -5
m1 -5 -5
m2 3 11
1 9 1
2 3 3
3 9 1
t 99 65
m0 -5 -5
m1 -5 -5
m2 3 11
1 9 0
2 4 3
3 9 0
t 98 65
m0 -5 -5
m1 -5 -5
m2 4 11
1 9 1
2 3 3
3 9 1
t 97 65
m0 -5 -5
m1 -5 -5
m2 3 11
1 9 0
2 4 3
3 9 0
t 96 65
m0 -5 -5
m1 -5 -5
m2 4 11
1 9 1
2 3 3
3 9 1
t 95 65
m0 -5 -5
m1 -5 -5
m2 4 10
1 9 0
2 4 3
3 9 0
t 94 65
m0 -5 -5
m1 -5 -5
m2 4 10
1 9 1
2 3 3
3 9 1
t 93 65
m0 -5 -5
m1 -5 -5
m2 4 10
1 9 0
2 4 3
3 9 0
t 92 65
m0 -5 -5
m1 -5 -5
m2 4 10
1 9 1
2 3 3
3 9 1
t 91 65
m0 -5 -5
m1 -5 -5
m2 4 11
1 9 0
2 4 3
3 9 0
t 90 65
m0 -5 -5
m1 -5 -5
m2 4 11
1 9 1
2 3 3
3 9 1
t 89 65
m0 -5 -5
m1 -5 -5
m2 3 11
1 9 0
2 4 3
3 9 0
t 88 65
m0 -5 -5
m1 -5 -5
m2 4 11
1 9 1
2 3 3
3 9 1
t 87 65
m0 -5 -5
m1 -5 -5
m2 4 10
1 9 0
2 4 3
3 9 0
t 86 65
m0 -5 -5
m1 -5 -5
m2 4 11
1 9 1
2 3 3
3 9 1
t 85 65
m0 -5 -5
m1 -5 -5
m2 3 11
1 9 0
2 4 3
3 9 0
t 84 65
m0 -5 -5
m1 -5 -5
m2 2 11
1 9 1
2 3 3
3 9 1
t 83 65
m0 -5 -5
m1 -5 -5
m2 3 11
1 9 0
2 4 3
3 9 0
t 82 65
m0 -5 -5
m1 -5 -5
m2 3 11
1 9 1
2 3 3
3 9 1
t 81 65
m0 -5 -5
m1 -5 -5
m2 3 12
1 9 0
2 4 3
3 9 0
t 80 65
m0 -5 -5
m1 -5 -5
m2 3 11
1 9 1
2 3 3
3 9 1
t 79 65
m0 -5 -5
m1 -5 -5
m2 2 11
1 9 0
2 4 3
3 9 0
t 78 65
m0 -5 -5
m1 -5 -5
m2 3 11
1 9 1
2 3 3
3 9 1
t 77 65
m0 -5 -5
m1 -5 -5
m2 4 11
1 9 0
2 4 3
3 9 0
t 76 65
m0 -5 -5
m1 -5 -5
m2 3 11
1 9 1
2 3 3
3 9 1
t 75 65
m0 -5 -5
m1 -5 -5
m2 2 11
1 9 0
2 4 3
3 9 0
t 74 65
m0 -5 -5
m1 -5 -5
m2 3 11
1 9 1
2 3 3
3 9 1
t 73 65
m0 -5 -5
m1 -5 -5
m2 3 11
1 9 0
2 4 3
3 9 0
t 72 65
m0 -5 -5
m1 -5 -5
m2 3 11
1 9 1
2 3 3
3 9 1
t 71 65
m0 -5 -5
m1 -5 -5
m2 2 11
1 9 0
2 4 3
3 9 0
t 70 65
m0 -5 -5
m1 -5 -5
m2 3 11
1 9 1
2 3 3
3 9 1
t 69 65
m0 -5 -5
m1 -5 -5
m2 3 11
1 9 0
2 4 3
3 9 0
t 68 65
m0 -5 -5
m1 -5 -5
m2 3 11
1 9 1
2 3 3
3 9 1
t 67 65
m0 -5 -5
m1 -5 -5
m2 3 11
1 9 0
2 4 3
3 9 0
t 66 65
m0 -5 -5
m1 -5 -5
m2 2 11
1 9 1
2 3 3
3 9 1
t 65 65
m0 -5 -5
m1 -5 -5
m2 2 10
1 9 0
2 4 3
3 9 0
t 64 66
m0 -5 -5
m1 -5 -5
m2 2 10
1 9 1
2 3 3
3 9 1
t 63 66
m0 -5 -5
m1 -5 -5
m2 2 9
1 9 0
2 4 3
3 9 0
t 62 66
m0 -5 -5
m1 -5 -5
m2 3 9
1 9 1
2 3 3
3 9 1
t 61 66
m0 -5 -5
m1 -5 -5
m2 3 8
1 9 0
2 4 3
3 9 0
t 60 66
m0 -5 -5
m1 -5 -5
m2 3 7
1 9 1
2 3 3
3 9 1
t 59 76
m0 -5 -5
m1 -5 -5
m2 3 6
1 9 0
2 4 3
3 9 0
t 58 76
m0 -5 -5
m1 -5 -5
m2 3 7
1 9 1
2 3 3
3 9 1
t 57 76
m0 -5 -5
m1 -5 -5
m2 3 7
1 9 0
2 4 3
3 9 0
t 56 76
m0 -5 -5
m1 -5 -5
m2 3 6
1 9 1
2 3 3
3 9 1
t 55 76
m0 -5 -5
m1 -5 -5
m2 3 5
1 9 0
2 4 3
3 9 0
t 54 76
m0 -5 -5
m1 -5 -5
m2 2 5
1 9 1
2 3 3
3 9 1
t 53 77
m0 -5 -5
m1 -5 -5
m2 1 5
1 9 0
2 4 3
3 9 0
t 52 77
m0 -5 -5
m1 -5 -5
m2 1 6
1 9 1
2 3 3
3 9 1
t 51 77
m0 -5 -5
m1 -5 -5
m2 1 7
1 9 0
2 4 3
3 9 0
t 50 77
m0 -5 -5
m1 -5 -5
m2 2 7
1 9 1
2 3 3
3 9 1
t 49 77
m0 -5 -5
m1 -5 -5
m2 2 7
1 9 0
2 4 3
3 9 0
t 48 77
m0 -5 -5
m1 -5 -5
m2 2 7
1 9 1
2 3 3
3 9 1
t 47 77
m0 -5 -5
m1 -5 -5
m2 2 7
1 9 0
2 4 3
3 9 0
t 46 77
m0 -5 -5
m1 -5 -5
m2 3 7
1 9 1
2 3 3
3 9 1
t 45 77
m0 -5 -5
m1 -5 -5
m2 3 6
1 9 0
2 4 3
3 9 0
t 44 77
m0 -5 -5
m1 -5 -5
m2 3 5
1 9 1
2 3 3
3 9 1
t 43 77
m0 -5 -5
m1 -5 -5
m2 3 6
1 9 0
2 4 3
3 9 0
t 42 77
m0 -5 -5
m1 -5 -5
m2 3 7
1 9 1
2 3 3
3 9 1
t 41 77
m0 -5 -5
m1 -5 -5
m2 3 6
1 9 0
2 4 3
3 9 0
t 40 77
m0 -5 -5
m1 -5 -5
m2 3 6
1 9 1
2 3 3
3 9 1
t 39 77
m0 -5 -5
m1 -5 -5
m2 3 5
1 9 0
2 4 3
3 9 0
f 2 0
t 38 77
m0 -5 -5
m1 -5 -5
m2 3 5
1 9 1
2 3 3
3 9 1
t 37 77
m0 -5 -5
m1 -5 -5
m2 4 5
1 9 0
2 4 3
3 9 0
t 36 77
m0 -5 -5
m1 -5 -5
m2 4 4
1 9 1
2 3 3
3 9 1
t 35 77
m0 -5 -5
m1 -5 -5
m2 4 4
1 9 0
2 4 3
3 9 0
t 34 77
m0 -5 -5
m1 -5 -5
m2 -5 -5
1 9 0
2 4 3
3 9 0
t 33 77
