10
15
w 5 9
w 1 6
w 2 12
w 7 11
w 0 3
w 3 14
w 6 14
w 3 3
w 3 10
w 5 12
w 7 6
w 6 3
w 1 5
w 5 0
w 1 1
w 9 14
w 6 0
w 7 5
w 6 12
w 9 6
w 6 5
w 3 5
w 0 1
w 9 13
w 7 0
w 6 8
w 5 10
w 4 6
w 5 7
w 2 11
w 9 9
w 5 14
w 1 7
w 9 5
w 5 2
w 0 2
w 9 12
p 7 3
p 6 9
p 4 7
p 9 1
p 6 6
p 4 8
p 3 0
p 9 8
p 2 8
p 8 0
p 7 7
p 8 9
p 4 12
p 0 10
p 2 5
p 8 5
p 4 0
p 1 2
p 9 0
p 6 7
p 5 5
p 8 1
p 4 4
p 1 14
p 8 10
p 6 10
p 0 11
p 9 11
p 3 6
p 0 4
p 7 10
p 8 6
p 0 0
p 2 6
p 5 11
p 4 5
p 1 13
p 7 1
p 9 3
p 1 4
p 2 10
p 8 7
p 4 2
p 0 8
p 2 14
p 7 9
p 2 7
p 8 3
p 1 12
p 9 2
p 3 8
p 0 6
p 2 0
p 1 8
p 0 9
p 2 4
m0 0 14
m1 0 14
m2 0 14
1 9 0
2 9 0
3 9 0
t 300 0
m0 1 14
m1 1 14
m2 1 14
1 8 0
2 9 1
3 8 0
t 299 1
m0 0 14
m1 1 14
m2 2 14
1 9 0
2 9 0
3 9 0
t 298 2
m0 0 13
m1 1 14
m2 1 14
1 8 0
2 9 1
3 8 0
t 297 2
m0 0 12
m1 2 14
m2 2 14
1 9 0
2 9 0
3 9 0
t 296 2
m0 0 12
m1 1 14
m2 1 14
1 8 0
2 9 1
3 8 0
t 295 2
m0 0 11
m1 1 14
m2 2 14
1 9 0
2 9 0
3 9 0
t 294 3
m0 1 11
m1 2 14
m2 2 13
1 8 0
2 8 0
3 8 0
t 293 3
m0 0 11
m1 2 13
m2 1 13
1 9 0
2 9 0
3 9 0
t 292 4
m0 0 10
m1 2 13
m2 2 13
1 8 0
2 8 0
3 8 0
t 291 5
m0 0 11
m1 3 13
m2 3 13
1 9 0
2 9 0
3 9 0
t 290 5
m0 0 10
m1 2 13
m2 2 13
1 8 0
2 8 0
3 8 0
t 289 5
m0 0 11
m1 3 13
m2 3 13
1 9 0
2 9 0
3 9 0
t 288 5
m0 0 12
m1 4 13
m2 2 13
1 8 0
2 8 0
3 8 0
t 287 5
m0 0 13
m1 4 12
m2 1 13
1 9 0
2 9 0
3 9 0
t 286 6
m0 0 13
m1 3 12
m2 0 13
1 8 0
2 9 1
3 8 0
t 285 6
m0 1 13
m1 3 11
m2 0 14
1 9 0
2 9 0
3 9 0
t 284 6
m0 0 13
m1 3 11
m2 1 14
1 8 0
2 9 1
3 8 0
t 283 6
m0 1 13
m1 4 11
m2 1 13
1 9 0
2 9 0
3 9 0
t 282 6
m0 0 13
m1 4 12
m2 1 13
1 8 0
2 8 0
3 8 0
t 281 6
m0 0 13
m1 4 11
m2 1 13
1 9 0
2 9 0
3 9 0
t 280 6
m0 0 12
m1 5 11
m2 1 14
1 8 0
2 9 1
3 8 0
t 279 7
m0 1 12
m1 6 11
m2 1 13
1 9 0
2 9 0
3 9 0
t 278 8
m0 0 12
m1 6 11
m2 1 12
1 8 0
2 9 1
3 8 0
t 277 8
m0 0 12
m1 5 11
m2 1 12
1 9 0
2 9 0
3 9 0
t 276 8
m0 0 12
m1 6 11
m2 1 13
1 8 0
2 9 1
3 8 0
t 275 8
m0 0 13
m1 6 10
m2 0 13
1 9 0
2 9 0
3 9 0
t 274 9
m0 0 13
m1 6 9
m2 0 12
1 8 0
2 9 1
3 8 0
t 273 10
m0 0 12
m1 7 9
m2 0 11
1 9 0
2 9 0
3 9 0
t 272 11
m0 0 12
m1 6 9
m2 0 12
1 8 0
2 9 1
3 8 0
t 271 11
m0 0 13
m1 6 10
m2 0 12
1 9 0
2 9 0
3 9 0
t 270 11
m0 0 12
m1 7 10
m2 0 12
1 8 0
2 9 1
3 8 0
t 269 12
m0 0 13
m1 7 10
m2 0 13
1 9 0
2 9 0
3 9 0
t 268 12
m0 1 13
m1 7 10
m2 0 12
1 8 0
2 8 0
3 8 0
t 267 12
m0 1 12
m1 6 10
m2 1 12
1 9 0
2 9 0
3 9 0
t 266 12
m0 1 13
m1 6 11
m2 1 11
1 8 0
2 8 0
3 8 0
t 265 12
m0 2 13
m1 5 11
m2 0 11
1 9 0
2 9 0
3 9 0
t 264 12
m0 2 14
m1 4 11
m2 0 11
1 8 0
2 8 0
3 8 0
t 263 12
m0 1 14
m1 4 10
m2 0 10
1 9 0
2 9 0
3 9 0
t 262 12
m0 2 14
m1 4 9
m2 0 10
1 8 0
2 9 1
3 8 0
t 261 12
m0 1 14
m1 3 9
m2 1 10
1 9 0
2 9 0
3 9 0
t 260 12
m0 1 14
m1 4 9
m2 2 10
1 8 0
2 8 0
3 8 0
t 259 13
m0 2 14
m1 4 8
m2 1 10
1 9 0
2 9 0
3 9 0
t 258 14
m0 2 13
m1 4 9
m2 0 10
1 8 0
2 8 0
3 8 0
t 257 14
m0 2 14
m1 4 9
m2 0 11
1 9 0
2 9 0
3 9 0
t 256 14
m0 1 14
m1 4 9
m2 0 11
1 8 0
2 9 1
3 8 0
t 255 14
m0 1 13
m1 4 8
m2 0 11
1 9 0
2 9 0
3 9 0
t 254 14
m0 1 13
m1 4 8
m2 1 11
1 8 0
2 8 0
3 8 0
t 253 14
m0 1 14
m1 4 8
m2 1 11
1 9 0
2 9 0
3 9 0
t 252 14
m0 0 14
m1 5 8
m2 1 10
1 8 0
2 8 0
3 8 0
t 251 14
m0 1 14
m1 5 8
m2 0 10
1 9 0
2 9 0
3 9 0
t 250 14
m0 1 13
m1 4 8
m2 1 10
1 8 0
2 8 0
3 8 0
t 249 14
m0 0 13
m1 3 8
m2 1 10
1 9 0
2 9 0
3 9 0
t 248 15
m0 0 12
m1 3 8
m2 0 10
1 8 0
2 9 1
3 8 0
t 247 15
m0 0 12
m1 2 8
m2 0 9
1 9 0
2 9 0
3 9 0
t 246 17
m0 0 12
m1 1 8
m2 0 8
1 8 0
2 9 1
3 8 0
t 245 19
m0 1 12
m1 1 8
m2 1 8
1 9 0
2 9 0
3 9 0
t 244 19
m0 1 13
m1 1 9
m2 1 9
1 8 0
2 8 0
3 8 0
t 243 19
m0 1 14
m1 1 10
m2 1 9
1 9 0
2 9 0
3 9 0
t 242 19
m0 1 13
m1 1 9
m2 1 8
1 8 0
2 9 1
3 8 0
t 241 19
m0 0 13
m1 2 9
m2 0 8
1 9 0
2 9 0
3 9 0
t 240 19
m0 0 14
m1 2 8
m2 1 8
1 8 0
2 9 1
3 8 0
t 239 19
m0 0 14
m1 2 7
m2 0 8
1 9 0
2 9 0
3 9 0
t 238 20
m0 0 14
m1 2 7
m2 0 7
1 8 0
2 9 1
3 8 0
t 237 20
m0 1 14
m1 3 7
m2 0 7
1 9 0
2 9 0
3 9 0
t 236 20
m0 2 14
m1 3 8
m2 0 6
1 8 0
2 9 1
3 8 0
t 235 21
m0 2 14
m1 4 8
m2 0 5
1 9 0
2 9 0
3 9 0
f 0 9
t 234 21
m0 1 14
m1 5 8
m2 0 4
1 8 0
2 8 0
3 8 0
t 233 22
m0 1 14
m1 5 8
m2 1 4
1 9 0
2 9 0
3 9 0
t 232 23
m0 1 13
m1 5 8
m2 1 3
1 8 0
2 9 1
3 8 0
t 231 23
m0 1 13
m1 5 8
m2 1 2
1 9 0
2 9 0
3 9 0
t 230 24
m0 2 13
m1 5 8
m2 1 3
1 8 0
2 9 1
3 8 0
t 229 24
m0 2 14
m1 4 8
m2 2 3
1 9 0
2 9 0
3 9 0
t 228 24
m0 2 14
m1 4 8
m2 1 3
1 8 0
2 8 0
3 8 0
t 227 24
m0 1 14
m1 5 8
m2 2 3
1 9 0
2 9 0
3 9 0
t 226 24
m0 1 13
m1 5 8
m2 2 4
1 8 0
2 8 0
3 8 0
t 225 25
m0 1 14
m1 5 8
m2 3 4
1 9 0
2 9 0
3 9 0
t 224 25
m0 2 14
m1 5 8
m2 3 4
1 8 0
2 8 0
3 8 0
t 223 25
m0 2 13
m1 5 8
m2 3 4
1 9 0
2 9 0
3 9 0
t 222 25
m0 2 14
m1 5 8
m2 4 4
1 8 0
2 8 0
3 8 0
t 221 26
m0 2 13
m1 5 8
m2 4 3
1 9 0
2 9 0
3 9 0
t 220 26
m0 2 13
m1 4 8
m2 4 2
1 8 0
2 8 0
3 8 0
t 219 27
m0 2 14
m1 5 8
m2 4 1
1 9 0
2 9 0
3 9 0
t 218 27
m0 1 14
m1 5 8
m2 5 1
1 8 0
2 8 0
3 8 0
t 217 27
m0 1 14
m1 5 8
m2 4 1
1 9 0
2 9 0
3 9 0
t 216 27
m0 1 14
m1 5 8
m2 4 2
1 8 0
2 9 1
3 8 0
t 215 27
m0 2 14
m1 5 8
m2 4 3
1 9 0
2 9 0
3 9 0
t 214 27
m0 1 14
m1 5 8
m2 5 3
1 8 0
2 8 0
3 8 0
t 213 27
m0 2 14
m1 5 8
m2 5 4
1 9 0
2 9 0
3 9 0
t 212 27
m0 2 14
m1 5 8
m2 5 3
1 8 0
2 9 1
3 8 0
t 211 27
m0 2 14
m1 5 8
m2 4 3
1 9 0
2 9 0
3 9 0
t 210 27
m0 2 13
m1 5 8
m2 5 3
1 8 0
2 9 1
3 8 0
t 209 27
m0 2 14
m1 5 8
m2 5 3
1 9 0
2 9 0
3 9 0
t 208 27
m0 1 14
m1 5 8
m2 5 4
1 8 0
2 8 0
3 8 0
t 207 27
m0 2 14
m1 5 8
m2 4 4
1 9 0
2 9 0
3 9 0
t 206 27
m0 1 14
m1 5 8
m2 5 4
1 8 0
2 8 0
3 8 0
t 205 27
m0 0 14
m1 4 8
m2 5 4
1 9 0
2 9 0
3 9 0
t 204 27
m0 0 13
m1 4 9
m2 5 3
1 8 0
2 9 1
3 8 0
t 203 27
m0 0 14
m1 4 10
m2 5 3
1 9 0
2 9 0
3 9 0
t 202 27
m0 1 14
m1 4 10
m2 4 3
1 8 0
2 9 1
3 8 0
t 201 27
m0 2 14
m1 4 10
m2 4 3
1 9 0
2 9 0
3 9 0
t 200 27
m0 2 14
m1 4 11
m2 4 3
1 8 0
2 9 1
3 8 0
t 199 27
m0 1 14
m1 5 11
m2 4 4
1 9 0
2 9 0
3 9 0
t 198 27
m0 0 14
m1 6 11
m2 4 5
1 8 0
2 8 0
3 8 0
t 197 28
m0 1 14
m1 6 11
m2 5 5
1 9 0
2 9 0
3 9 0
t 196 29
m0 2 14
m1 5 11
m2 5 6
1 8 0
2 8 0
3 8 0
t 195 29
m0 2 14
m1 4 11
m2 6 6
1 9 0
2 9 0
3 9 0
t 194 30
m0 2 14
m1 4 11
m2 6 7
1 8 0
2 8 0
3 8 0
t 193 31
m0 2 14
m1 5 11
m2 7 7
1 9 0
2 9 0
3 9 0
t 192 32
m0 2 14
m1 6 11
m2 6 7
1 8 0
2 8 0
3 8 0
t 191 32
m0 2 14
m1 6 11
m2 6 6
1 9 0
2 9 0
3 9 0
t 190 32
m0 2 13
m1 6 11
m2 6 7
1 8 0
2 9 1
3 8 0
t 189 32
m0 3 13
m1 6 10
m2 7 7
1 9 0
2 9 0
3 9 0
t 188 32
m0 3 13
m1 6 11
m2 8 7
1 8 0
2 9 1
3 8 0
t 187 33
m0 3 13
m1 6 10
m2 9 7
1 9 0
2 9 0
3 9 0
t 186 33
m0 3 13
m1 6 11
m2 9 8
1 8 0
2 8 0
3 8 0
t 185 34
m0 3 12
m1 5 11
m2 9 8
1 9 0
2 8 1
3 9 0
t 184 34
m0 3 13
m1 4 11
m2 8 8
1 8 0
2 7 1
3 8 0
t 183 34
m0 4 13
m1 5 11
m2 8 8
1 9 0
2 6 1
3 9 0
t 182 34
m0 4 14
m1 5 11
m2 9 8
1 8 0
2 5 1
3 8 0
t 181 34
m0 4 14
m1 6 11
m2 9 7
1 9 0
2 4 1
3 9 0
t 180 34
m0 4 14
m1 6 11
m2 9 7
1 8 0
2 3 1
3 8 0
t 179 34
m0 4 14
m1 5 11
m2 8 7
1 9 0
2 3 0
3 9 0
t 178 34
m0 4 14
m1 6 11
m2 8 7
1 8 0
2 2 0
3 8 0
t 177 34
m0 4 13
m1 6 11
m2 8 6
1 9 0
2 1 0
3 9 0
t 176 35
m0 4 14
m1 6 11
m2 8 6
1 8 0
2 0 0
3 8 0
t 175 35
m0 4 14
m1 6 11
m2 8 7
1 9 0
2 1 0
3 9 0
t 174 35
m0 4 14
m1 5 11
m2 8 6
1 8 0
2 0 0
3 8 0
t 173 35
m0 4 14
m1 5 11
m2 8 5
1 9 0
2 1 0
3 9 0
t 172 36
m0 4 14
m1 6 11
m2 8 6
1 8 0
2 0 0
3 8 0
t 171 36
m0 4 14
m1 5 11
m2 8 5
1 9 0
2 1 0
3 9 0
t 170 36
m0 4 14
m1 6 11
m2 8 5
1 8 0
2 0 0
3 8 0
t 169 36
m0 4 14
m1 6 11
m2 8 5
1 9 0
2 1 0
3 9 0
t 168 36
m0 4 13
m1 6 11
m2 8 6
1 8 0
2 0 0
3 8 0
t 167 36
m0 5 13
m1 5 11
m2 8 6
1 9 0
2 1 0
3 9 0
t 166 36
m0 5 13
m1 6 11
m2 8 5
1 8 0
2 0 0
3 8 0
t 165 36
m0 4 13
m1 6 11
m2 8 6
1 9 0
2 1 0
3 9 0
t 164 36
m0 4 14
m1 6 11
m2 8 6
1 8 0
2 0 0
3 8 0
t 163 36
m0 4 14
m1 6 10
m2 8 5
1 9 0
2 1 0
3 9 0
t 162 36
m0 4 13
m1 7 10
m2 8 4
1 8 0
2 0 0
3 8 0
t 161 36
m0 4 14
m1 8 10
m2 8 5
1 9 0
2 1 0
3 9 0
t 160 37
m0 4 13
m1 8 11
m2 8 5
1 8 0
2 0 0
3 8 0
t 159 37
m0 4 13
m1 8 10
m2 8 4
1 9 0
2 1 0
3 9 0
t 158 37
m0 5 13
m1 8 11
m2 8 3
1 8 0
2 0 0
3 8 0
t 157 38
m0 6 13
m1 8 11
m2 9 3
1 9 0
2 1 0
3 9 0
t 156 39
m0 6 13
m1 9 11
m2 9 2
1 8 0
2 0 0
3 8 0
t 155 41
m0 7 13
m1 8 11
m2 8 2
1 9 0
2 1 0
3 9 0
t 154 41
m0 7 12
m1 8 12
m2 9 2
1 8 0
2 0 0
3 8 0
t 153 41
m0 7 12
m1 8 13
m2 9 3
1 9 0
2 1 0
3 9 0
t 152 41
m0 8 12
m1 8 13
m2 9 3
1 8 0
2 0 0
3 8 0
t 151 41
m0 8 11
m1 7 13
m2 8 3
1 9 0
2 1 0
3 9 0
t 150 41
m0 8 11
m1 8 13
m2 9 3
1 8 0
2 0 0
3 8 0
t 149 41
m0 9 11
m1 8 13
m2 9 2
1 9 0
2 1 0
3 9 0
t 148 41
m0 9 11
m1 8 13
m2 9 2
1 8 0
2 0 0
3 8 0
t 147 41
m0 9 10
m1 7 13
m2 9 2
1 9 0
2 1 0
3 9 0
t 146 41
m0 8 10
m1 7 14
m2 9 2
1 8 0
2 0 0
3 8 0
t 145 41
m0 8 11
m1 8 14
m2 9 1
1 9 0
2 1 0
3 9 0
t 144 42
m0 9 11
m1 8 14
m2 9 2
1 8 0
2 0 0
3 8 0
t 143 42
m0 8 11
m1 7 14
m2 9 1
1 9 0
2 1 0
3 9 0
t 142 42
m0 8 12
m1 7 13
m2 9 2
1 8 0
2 0 0
3 8 0
t 141 42
m0 8 13
m1 7 14
m2 9 2
1 9 0
2 1 0
3 9 0
t 140 42
m0 8 13
m1 7 14
m2 9 3
1 8 0
2 0 0
3 8 0
t 139 42
m0 8 14
m1 7 14
m2 8 3
1 9 0
2 1 0
3 9 0
t 138 42
m0 8 13
m1 7 13
m2 8 4
1 8 0
2 0 0
3 8 0
t 137 42
m0 7 13
m1 8 13
m2 8 5
1 9 0
2 1 0
3 9 0
t 136 42
m0 7 14
m1 8 14
m2 8 4
1 8 0
2 0 0
3 8 0
t 135 42
m0 8 14
m1 7 14
m2 9 4
1 9 0
2 1 0
3 9 0
t 134 42
m0 7 14
m1 7 13
m2 9 4
1 8 0
2 0 0
3 8 0
t 133 42
m0 7 14
m1 7 13
m2 9 3
1 9 0
2 1 0
3 9 0
t 132 42
m0 8 14
m1 8 13
m2 9 4
1 8 0
2 0 0
3 8 0
t 131 42
m0 8 14
m1 8 13
m2 9 3
1 9 0
2 1 0
3 9 0
t 130 42
m0 8 14
m1 8 14
m2 9 4
1 8 0
2 0 0
3 8 0
t 129 42
m0 8 13
m1 7 14
m2 9 3
1 9 0
2 1 0
3 9 0
t 128 42
m0 8 14
m1 8 14
m2 9 3
1 8 0
2 0 0
3 8 0
t 127 42
m0 8 14
m1 7 14
m2 9 4
1 9 0
2 1 0
3 9 0
t 126 42
m0 7 14
m1 7 14
m2 8 4
1 8 0
2 0 0
3 8 0
t 125 42
m0 7 13
m1 8 14
m2 7 4
1 9 0
2 1 0
3 9 0
t 124 42
m0 6 13
m1 7 14
m2 7 3
1 8 0
2 0 0
3 8 0
t 123 43
m0 6 13
m1 7 14
m2 7 4
1 9 0
2 1 0
3 9 0
t 122 43
m0 6 13
m1 8 14
m2 8 4
1 8 0
2 0 0
3 8 0
t 121 43
m0 5 13
m1 7 14
m2 7 4
1 9 0
2 1 0
3 9 0
t 120 43
m0 6 13
m1 7 13
m2 7 3
1 8 0
2 0 0
3 8 0
t 119 43
m0 7 13
m1 7 12
m2 7 2
1 9 0
2 1 0
3 9 0
t 118 43
m0 6 13
m1 8 12
m2 7 1
1 8 0
2 0 0
3 8 0
t 117 44
m0 7 13
m1 8 11
m2 8 1
1 9 0
2 1 0
3 9 0
t 116 45
m0 6 13
m1 8 10
m2 8 2
1 8 0
2 0 0
3 8 0
t 115 45
m0 6 13
m1 9 10
m2 8 2
1 9 0
2 1 0
3 9 0
t 114 45
m0 5 13
m1 9 11
m2 8 2
1 8 0
2 0 0
3 8 0
t 113 45
m0 4 13
m1 9 10
m2 8 2
1 9 0
2 1 0
3 9 0
t 112 45
m0 5 13
m1 9 11
m2 9 2
1 8 0
2 0 0
3 8 0
t 111 45
m0 5 13
m1 9 11
m2 9 2
1 9 0
2 1 0
3 9 0
t 110 45
m0 4 13
m1 9 11
m2 8 2
1 8 0
2 0 0
3 8 0
t 109 45
m0 4 14
m1 9 10
m2 8 2
1 9 0
2 1 0
3 9 0
t 108 45
m0 4 14
m1 9 11
m2 9 2
1 8 0
2 0 0
3 8 0
t 107 45
m0 4 13
m1 9 10
m2 9 1
1 9 0
2 1 0
3 9 0
t 106 45
m0 5 13
m1 8 10
m2 -5 -5
1 8 0
2 0 0
3 8 0
t 105 46
m0 6 13
m1 9 10
m2 -5 -5
1 9 0
2 1 0
3 9 0
t 104 46
m0 7 13
m1 8 10
m2 -5 -5
1 8 0
2 0 0
3 8 0
t 103 46
m0 8 13
m1 8 10
m2 -5 -5
1 9 0
2 1 0
3 9 0
t 102 46
m0 8 14
m1 9 10
m2 -5 -5
1 8 0
2 0 0
3 8 0
t 101 46
m0 7 14
m1 8 10
m2 -5 -5
1 9 0
2 1 0
3 9 0
t 100 46
m0 7 13
m1 8 11
m2 -5 -5
1 8 0
2 0 0
3 8 0
t 99 46
m0 7 13
m1 8 11
m2 -5 -5
1 9 0
2 1 0
3 9 0
t 98 46
m0 8 13
m1 8 12
m2 -5 -5
1 8 0
2 0 0
3 8 0
t 97 46
m0 8 13
m1 8 12
m2 -5 -5
1 9 0
2 1 0
3 9 0
t 96 46
m0 7 13
m1 8 11
m2 -5 -5
1 8 0
2 0 0
3 8 0
t 95 46
m0 7 14
m1 9 11
m2 -5 -5
1 9 0
2 1 0
3 9 0
t 94 46
m0 8 14
m1 9 10
m2 -5 -5
1 8 0
2 0 0
3 8 0
t 93 46
m0 7 14
m1 9 10
m2 -5 -5
1 9 0
2 1 0
3 9 0
t 92 46
m0 7 13
m1 9 10
m2 -5 -5
1 8 0
2 0 0
3 8 0
t 91 46
m0 7 12
m1 9 11
m2 -5 -5
1 9 0
2 1 0
3 9 0
t 90 46
m0 7 12
m1 9 11
m2 -5 -5
1 8 0
2 0 0
3 8 0
t 89 46
m0 8 12
m1 8 11
m2 -5 -5
1 9 0
2 1 0
3 9 0
t 88 46
m0 8 13
m1 9 11
m2 -5 -5
1 8 0
2 0 0
3 8 0
t 87 46
m0 8 14
m1 9 11
m2 -5 -5
1 9 0
2 1 0
3 9 0
t 86 46
m0 8 14
m1 9 11
m2 -5 -5
1 8 0
2 0 0
3 8 0
t 85 46
m0 7 14
m1 9 11
m2 -5 -5
1 9 0
2 1 0
3 9 0
t 84 46
m0 7 14
m1 9 11
m2 -5 -5
1 8 0
2 0 0
3 8 0
t 83 46
m0 7 14
m1 9 11
m2 -5 -5
1 9 0
2 1 0
3 9 0
t 82 46
m0 8 14
m1 9 10
m2 -5 -5
1 8 0
2 0 0
3 8 0
t 81 46
m0 8 13
m1 9 10
m2 -5 -5
1 9 0
2 1 0
3 9 0
t 80 46
m0 7 13
m1 9 11
m2 -5 -5
1 8 0
2 0 0
3 8 0
t 79 46
m0 7 13
m1 9 11
m2 -5 -5
1 9 0
2 1 0
3 9 0
t 78 46
m0 8 13
m1 9 10
m2 -5 -5
1 8 0
2 0 0
3 8 0
t 77 46
m0 8 13
m1 9 11
m2 -5 -5
1 9 0
2 1 0
3 9 0
t 76 46
m0 8 12
m1 9 10
m2 -5 -5
1 8 0
2 0 0
3 8 0
t 75 46
m0 8 12
m1 9 11
m2 -5 -5
1 9 0
2 1 0
3 9 0
t 74 46
m0 7 12
m1 9 11
m2 -5 -5
1 8 0
2 0 0
3 8 0
t 73 46
m0 8 12
m1 8 11
m2 -5 -5
1 9 0
2 1 0
3 9 0
t 72 46
m0 7 12
m1 8 11
m2 -5 -5
1 8 0
2 0 0
3 8 0
t 71 46
m0 7 12
m1 8 12
m2 -5 -5
1 9 0
2 1 0
3 9 0
t 70 46
m0 7 13
m1 8 13
m2 -5 -5
1 8 0
2 0 0
3 8 0
t 69 46
m0 6 13
m1 8 13
m2 -5 -5
1 9 0
2 1 0
3 9 0
t 68 46
m0 7 13
m1 8 12
m2 -5 -5
1 8 0
2 0 0
3 8 0
t 67 46
m0 8 13
m1 8 12
m2 -5 -5
1 9 0
2 1 0
3 9 0
t 66 46
m0 8 14
m1 8 12
m2 -5 -5
1 8 0
2 0 0
3 8 0
t 65 46
m0 8 14
m1 8 13
m2 -5 -5
1 9 0
2 1 0
3 9 0
t 64 46
m0 8 14
m1 8 13
m2 -5 -5
1 8 0
2 0 0
3 8 0
t 63 46
m0 8 13
m1 8 13
m2 -5 -5
1 9 0
2 1 0
3 9 0
t 62 46
m0 8 13
m1 7 13
m2 -5 -5
1 8 0
2 0 0
3 8 0
t 61 46
m0 8 13
m1 8 13
m2 -5 -5
1 9 0
2 1 0
3 9 0
t 60 46
m0 7 13
m1 8 14
m2 -5 -5
1 8 0
2 0 0
3 8 0
t 59 46
m0 7 12
m1 8 14
m2 -5 -5
1 9 0
2 1 0
3 9 0
t 58 46
m0 7 12
m1 8 14
m2 -5 -5
1 8 0
2 0 0
3 8 0
t 57 46
m0 7 13
m1 8 13
m2 -5 -5
1 9 0
2 1 0
3 9 0
t 56 46
m0 7 14
m1 8 14
m2 -5 -5
1 8 0
2 0 0
3 8 0
t 55 46
m0 7 14
m1 8 14
m2 -5 -5
1 9 0
2 1 0
3 9 0
t 54 46
m0 8 14
m1 7 14
m2 -5 -5
1 8 0
2 0 0
3 8 0
t 53 46
m0 7 14
m1 7 13
m2 -5 -5
1 9 0
2 1 0
3 9 0
t 52 46
m0 8 14
m1 7 13
m2 -5 -5
1 8 0
2 0 0
3 8 0
t 51 46
m0 7 14
m1 6 13
m2 -5 -5
1 9 0
2 1 0
3 9 0
t 50 46
m0 7 14
m1 6 13
m2 -5 -5
1 8 0
2 0 0
3 8 0
t 49 46
m0 7 14
m1 7 13
m2 -5 -5
1 9 0
2 1 0
3 9 0
t 48 46
m0 7 14
m1 7 13
m2 -5 -5
1 8 0
2 0 0
3 8 0
t 47 46
m0 7 14
m1 8 13
m2 -5 -5
1 9 0
2 1 0
3 9 0
t 46 46
m0 7 13
m1 8 13
m2 -5 -5
1 8 0
2 0 0
3 8 0
t 45 46
m0 7 14
m1 8 13
m2 -5 -5
1 9 0
2 1 0
3 9 0
t 44 46
m0 7 14
m1 8 13
m2 -5 -5
1 8 0
2 0 0
3 8 0
t 43 46
m0 7 14
m1 8 14
m2 -5 -5
1 9 0
2 1 0
3 9 0
t 42 46
m0 7 14
m1 8 13
m2 -5 -5
1 8 0
2 0 0
3 8 0
t 41 46
m0 8 14
m1 8 13
m2 -5 -5
1 9 0
2 1 0
3 9 0
t 40 46
m0 7 14
m1 7 13
m2 -5 -5
1 8 0
2 0 0
3 8 0
t 39 46
m0 8 14
m1 7 13
m2 -5 -5
1 9 0
2 1 0
3 9 0
t 38 46
m0 8 13
m1 7 13
m2 -5 -5
1 8 0
2 0 0
3 8 0
t 37 46
m0 8 13
m1 8 13
m2 -5 -5
1 9 0
2 1 0
3 9 0
t 36 46
m0 8 13
m1 8 14
m2 -5 -5
1 8 0
2 0 0
3 8 0
t 35 46
m0 8 14
m1 8 13
m2 -5 -5
1 9 0
2 1 0
3 9 0
t 34 46
m0 8 14
m1 8 12
m2 -5 -5
1 8 0
2 0 0
3 8 0
t 33 46
m0 8 13
m1 8 12
m2 -5 -5
1 9 0
2 1 0
3 9 0
t 32 46
m0 8 12
m1 8 13
m2 -5 -5
1 8 0
2 0 0
3 8 0
t 31 46
m0 8 11
m1 8 13
m2 -5 -5
1 9 0
2 1 0
3 9 0
t 30 46
m0 9 11
m1 8 13
m2 -5 -5
1 8 0
2 0 0
3 8 0
t 29 46
m0 8 11
m1 8 13
m2 -5 -5
1 9 0
2 1 0
3 9 0
t 28 46
m0 9 11
m1 8 12
m2 -5 -5
1 8 0
2 0 0
3 8 0
t 27 46
m0 9 10
m1 8 13
m2 -5 -5
1 9 0
2 1 0
3 9 0
t 26 46
m0 9 11
m1 8 12
m2 -5 -5
1 8 0
2 0 0
3 8 0
t 25 46
m0 9 11
m1 7 12
m2 -5 -5
1 9 0
2 1 0
3 9 0
t 24 46
m0 9 10
m1 7 12
m2 -5 -5
1 8 0
2 0 0
3 8 0
t 23 46
m0 9 11
m1 7 13
m2 -5 -5
1 9 0
2 1 0
3 9 0
t 22 46
m0 8 11
m1 7 14
m2 -5 -5
1 8 0
2 0 0
3 8 0
t 21 46
m0 8 11
m1 8 14
m2 -5 -5
1 9 0
2 1 0
3 9 0
t 20 46
m0 9 11
m1 8 14
m2 -5 -5
1 8 0
2 0 0
3 8 0
t 19 46
m0 9 10
m1 8 14
m2 -5 -5
1 9 0
2 1 0
3 9 0
t 18 46
m0 9 10
m1 7 14
m2 -5 -5
1 8 0
2 0 0
3 8 0
t 17 46
m0 9 10
m1 8 14
m2 -5 -5
1 9 0
2 1 0
3 9 0
t 16 46
m0 9 10
m1 7 14
m2 -5 -5
1 8 0
2 0 0
3 8 0
t 15 46
m0 9 11
m1 7 13
m2 -5 -5
1 9 0
2 1 0
3 9 0
t 14 46
m0 9 10
m1 6 13
m2 -5 -5
1 8 0
2 0 0
3 8 0
t 13 46
m0 8 10
m1 6 13
m2 -5 -5
1 9 0
2 1 0
3 9 0
t 12 46
m0 8 11
m1 7 13
m2 -5 -5
1 8 0
2 0 0
3 8 0
t 11 46
m0 8 11
m1 8 13
m2 -5 -5
1 9 0
2 1 0
3 9 0
t 10 46
m0 8 12
m1 7 13
m2 -5 -5
1 8 0
2 0 0
3 8 0
t 9 46
m0 8 11
m1 7 12
m2 -5 -5
1 9 0
2 1 0
3 9 0
t 8 46
m0 9 11
m1 7 12
m2 -5 -5
1 8 0
2 0 0
3 8 0
t 7 46
m0 9 10
m1 8 12
m2 -5 -5
1 9 0
2 1 0
3 9 0
t 6 46
m0 9 10
m1 7 12
m2 -5 -5
1 8 0
2 0 0
3 8 0
t 5 46
m0 9 11
m1 7 13
m2 -5 -5
1 9 0
2 1 0
3 9 0
t 4 46
m0 8 11
m1 8 13
m2 -5 -5
1 8 0
2 0 0
3 8 0
t 3 46
m0 9 11
m1 8 13
m2 -5 -5
1 9 0
2 1 0
3 9 0
t 2 46
m0 8 11
m1 8 13
m2 -5 -5
1 8 0
2 0 0
3 8 0
t 1 46
m0 9 11
m1 8 13
m2 -5 -5
1 8 0
2 0 0
3 8 0
t 0 46
