10
15
w 9 1
w 6 6
w 3 11
w 0 7
w 0 3
w 1 11
w 5 8
w 5 12
w 6 10
w 8 10
w 1 5
w 3 6
w 0 4
w 2 2
w 8 6
w 4 1
w 1 1
w 9 7
w 4 10
w 6 4
w 9 14
w 7 1
w 1 13
w 8 11
w 6 0
w 2 3
w 1 9
w 8 3
w 8 12
w 7 13
w 3 8
w 5 14
w 4 3
w 1 7
w 0 9
w 7 8
w 8 4
p 7 3
p 4 8
p 3 0
p 5 6
p 8 0
p 5 13
p 8 9
p 6 2
p 1 6
p 3 7
p 7 11
p 5 1
p 8 5
p 7 2
p 3 14
p 1 2
p 8 14
p 6 14
p 4 9
p 5 5
p 7 6
p 3 10
p 1 14
p 6 3
p 4 13
p 0 11
p 9 11
p 2 13
p 3 2
p 5 4
p 3 13
p 5 11
p 6 11
p 4 5
p 4 14
p 1 4
p 0 12
p 2 10
p 3 9
p 0 5
p 2 14
p 0 8
p 4 11
p 3 5
p 2 7
p 5 10
p 6 1
p 2 11
p 7 4
p 0 6
p 1 8
p 8 8
p 2 0
p 6 13
p 9 5
p 2 4
m0 0 14
m1 0 14
m2 0 14
1 9 0
2 9 0
3 9 0
t 300 0
m0 1 14
m1 1 14
m2 1 14
1 8 0
2 8 0
3 8 0
f 6 12
t 299 1
m0 2 14
m1 2 14
m2 2 14
1 9 0
2 7 0
3 9 0
t 298 2
m0 3 14
m1 3 14
m2 3 14
1 8 0
2 8 0
3 8 0
t 297 3
m0 4 14
m1 4 14
m2 4 14
1 9 0
2 7 0
3 9 0
t 296 4
m0 4 13
m1 4 13
m2 4 13
1 8 0
2 8 0
3 8 0
t 295 5
m0 5 13
m1 5 13
m2 5 13
1 9 0
2 7 0
3 9 0
t 294 6
m0 6 13
m1 6 13
m2 6 13
1 8 0
2 8 0
3 8 0
t 293 7
m0 6 12
m1 6 12
m2 6 12
1 9 0
2 7 0
3 9 0
t 292 17
m0 7 12
m1 7 12
m2 7 12
1 8 0
2 8 0
3 8 0
t 291 17
m0 7 11
m1 7 11
m2 7 11
1 9 0
2 7 0
3 9 0
t 290 18
m0 7 10
m1 7 10
m2 7 10
1 8 0
2 8 0
3 8 0
t 289 18
m0 7 9
m1 7 9
m2 7 9
1 9 0
2 7 0
3 9 0
t 288 18
m0 8 9
m1 8 9
m2 8 9
1 8 0
2 8 0
3 8 0
t 287 19
m0 9 9
m1 9 9
m2 9 9
1 7 0
2 9 0
3 9 0
t 286 19
m0 9 8
m1 9 8
m2 9 8
1 8 0
2 8 0
3 8 0
t 285 19
m0 8 8
m1 8 8
m2 8 8
1 9 0
2 7 0
3 9 0
t 284 20
m0 9 8
m1 9 8
m2 9 8
1 8 0
2 8 0
3 8 0
t 283 20
m0 8 8
m1 8 8
m2 8 8
1 9 0
2 7 0
3 9 0
t 282 20
m0 9 8
m1 9 8
m2 9 8
1 8 0
2 8 0
3 8 0
t 281 20
m0 8 8
m1 8 8
m2 8 8
1 9 0
2 7 0
3 9 0
t 280 20
m0 9 8
m1 9 8
m2 9 8
1 8 0
2 8 0
3 8 0
t 279 20
m0 8 8
m1 8 8
m2 8 8
1 9 0
2 7 0
3 9 0
t 278 20
m0 9 8
m1 9 8
m2 9 8
1 8 0
2 8 0
3 8 0
t 277 20
m0 8 8
m1 8 8
m2 8 8
1 9 0
2 7 0
3 9 0
t 276 20
m0 9 8
m1 9 8
m2 9 8
1 8 0
2 8 0
3 8 0
t 275 20
m0 8 8
m1 8 8
m2 8 8
1 9 0
2 7 0
3 9 0
t 274 20
m0 9 8
m1 9 8
m2 9 8
1 8 0
2 8 0
3 8 0
t 273 20
m0 8 8
m1 8 8
m2 8 8
1 9 0
2 7 0
3 9 0
t 272 20
m0 9 8
m1 9 8
m2 9 8
1 8 0
2 8 0
3 8 0
t 271 20
m0 8 8
m1 8 8
m2 8 8
1 9 0
2 7 0
3 9 0
f 6 13
t 270 20
m0 9 8
m1 9 8
m2 9 8
1 8 0
2 8 0
3 8 0
t 269 20
m0 8 8
m1 8 8
m2 8 8
1 9 0
2 7 0
3 9 0
t 268 20
m0 9 8
m1 9 8
m2 9 8
1 8 0
2 8 0
3 8 0
t 267 20
m0 8 8
m1 8 8
m2 8 8
1 9 0
2 7 0
3 9 0
t 266 20
m0 9 8
m1 9 8
m2 9 8
1 8 0
2 8 0
3 8 0
t 265 20
m0 8 8
m1 8 8
m2 8 8
1 9 0
2 7 0
3 9 0
t 264 20
m0 9 8
m1 9 8
m2 9 8
1 8 0
2 8 0
3 8 0
t 263 20
m0 8 8
m1 8 8
m2 8 8
1 9 0
2 7 0
3 9 0
t 262 20
m0 9 8
m1 9 8
m2 9 8
1 8 0
2 8 0
3 8 0
t 261 20
m0 8 8
m1 8 8
m2 8 8
1 9 0
2 7 0
3 9 0
t 260 20
m0 9 8
m1 9 8
m2 9 8
1 8 0
2 8 0
3 8 0
t 259 20
m0 8 8
m1 8 8
m2 8 8
1 9 0
2 7 0
3 9 0
t 258 20
m0 9 8
m1 9 8
m2 9 8
1 8 0
2 8 0
3 8 0
t 257 20
m0 8 8
m1 8 8
m2 8 8
1 9 0
2 7 0
3 9 0
t 256 20
m0 9 8
m1 9 8
m2 9 8
1 8 0
2 8 0
3 8 0
t 255 20
m0 8 8
m1 8 8
m2 8 8
1 9 0
2 7 0
3 9 0
t 254 20
m0 9 8
m1 9 8
m2 9 8
1 8 0
2 8 0
3 8 0
t 253 20
m0 8 8
m1 8 8
m2 8 8
1 9 0
2 7 0
3 9 0
t 252 20
m0 9 8
m1 9 8
m2 9 8
1 8 0
2 8 0
3 8 0
t 251 20
m0 8 8
m1 8 8
m2 8 8
1 9 0
2 7 0
3 9 0
t 250 20
m0 9 8
m1 9 8
m2 9 8
1 8 0
2 8 0
3 8 0
t 249 20
m0 8 8
m1 8 8
m2 8 8
1 9 0
2 7 0
3 9 0
t 248 20
m0 9 8
m1 9 8
m2 9 8
1 8 0
2 8 0
3 8 0
t 247 20
m0 8 8
m1 8 8
m2 8 8
1 9 0
2 7 0
3 9 0
t 246 20
m0 9 8
m1 9 8
m2 9 8
1 8 0
2 8 0
3 8 0
t 245 20
m0 8 8
m1 8 8
m2 8 8
1 9 0
2 7 0
3 9 0
t 244 20
m0 9 8
m1 9 8
m2 9 8
1 8 0
2 8 0
3 8 0
t 243 20
m0 8 8
m1 8 8
m2 8 8
1 9 0
2 7 0
3 9 0
t 242 20
m0 9 8
m1 9 8
m2 9 8
1 8 0
2 8 0
3 8 0
t 241 20
m0 8 8
m1 8 8
m2 8 8
1 9 0
2 7 0
3 9 0
t 240 20
m0 9 8
m1 9 8
m2 9 8
1 8 0
2 8 0
3 8 0
t 239 20
m0 8 8
m1 8 8
m2 8 8
1 9 0
2 7 0
3 9 0
t 238 20
m0 9 8
m1 9 8
m2 9 8
1 8 0
2 8 0
3 8 0
t 237 20
m0 8 8
m1 8 8
m2 8 8
1 9 0
2 7 0
3 9 0
t 236 20
m0 9 8
m1 9 8
m2 9 8
1 8 0
2 8 0
3 8 0
t 235 20
m0 8 8
m1 8 8
m2 8 8
1 9 0
2 7 0
3 9 0
t 234 20
m0 9 8
m1 9 8
m2 9 8
1 8 0
2 8 0
3 8 0
t 233 20
m0 8 8
m1 8 8
m2 8 8
1 9 0
2 7 0
3 9 0
t 232 20
m0 9 8
m1 9 8
m2 9 8
1 8 0
2 8 0
3 8 0
t 231 20
m0 8 8
m1 8 8
m2 8 8
1 9 0
2 7 0
3 9 0
t 230 20
m0 9 8
m1 9 8
m2 9 8
1 8 0
2 8 0
3 8 0
t 229 20
m0 8 8
m1 8 8
m2 8 8
1 9 0
2 7 0
3 9 0
t 228 20
m0 9 8
m1 9 8
m2 9 8
1 8 0
2 8 0
3 8 0
t 227 20
m0 8 8
m1 8 8
m2 8 8
1 9 0
2 7 0
3 9 0
t 226 20
m0 9 8
m1 9 8
m2 9 8
1 8 0
2 8 0
3 8 0
t 225 20
m0 8 8
m1 8 8
m2 8 8
1 9 0
2 7 0
3 9 0
t 224 20
m0 9 8
m1 9 8
m2 9 8
1 8 0
2 8 0
3 8 0
t 223 20
m0 8 8
m1 8 8
m2 8 8
1 9 0
2 7 0
3 9 0
t 222 20
m0 9 8
m1 9 8
m2 9 8
1 8 0
2 8 0
3 8 0
t 221 20
m0 8 8
m1 8 8
m2 8 8
1 9 0
2 7 0
3 9 0
t 220 20
m0 9 8
m1 9 8
m2 9 8
1 8 0
2 8 0
3 8 0
t 219 20
m0 8 8
m1 8 8
m2 8 8
1 9 0
2 7 0
3 9 0
t 218 20
m0 9 8
m1 9 8
m2 9 8
1 8 0
2 8 0
3 8 0
t 217 20
m0 8 8
m1 8 8
m2 8 8
1 9 0
2 7 0
3 9 0
t 216 20
m0 9 8
m1 9 8
m2 9 8
1 8 0
2 8 0
3 8 0
t 215 20
m0 8 8
m1 8 8
m2 8 8
1 9 0
2 7 0
3 9 0
t 214 20
m0 9 8
m1 9 8
m2 9 8
1 8 0
2 8 0
3 8 0
t 213 20
m0 8 8
m1 8 8
m2 8 8
1 9 0
2 7 0
3 9 0
t 212 20
m0 9 8
m1 9 8
m2 9 8
1 8 0
2 8 0
3 8 0
t 211 20
m0 8 8
m1 8 8
m2 8 8
1 9 0
2 7 0
3 9 0
t 210 20
m0 9 8
m1 9 8
m2 9 8
1 8 0
2 8 0
3 8 0
t 209 20
m0 8 8
m1 8 8
m2 8 8
1 9 0
2 7 0
3 9 0
t 208 20
m0 9 8
m1 9 8
m2 9 8
1 8 0
2 8 0
3 8 0
t 207 20
m0 8 8
m1 8 8
m2 8 8
1 9 0
2 7 0
3 9 0
t 206 20
m0 9 8
m1 9 8
m2 9 8
1 8 0
2 8 0
3 8 0
t 205 20
m0 8 8
m1 8 8
m2 8 8
1 9 0
2 7 0
3 9 0
t 204 20
m0 9 8
m1 9 8
m2 9 8
1 8 0
2 8 0
3 8 0
t 203 20
m0 8 8
m1 8 8
m2 8 8
1 9 0
2 7 0
3 9 0
t 202 20
m0 9 8
m1 9 8
m2 9 8
1 8 0
2 8 0
3 8 0
t 201 20
m0 8 8
m1 8 8
m2 8 8
1 9 0
2 7 0
3 9 0
t 200 20
m0 9 8
m1 9 8
m2 9 8
1 8 0
2 8 0
3 8 0
t 199 20
m0 8 8
m1 8 8
m2 8 8
1 9 0
2 7 0
3 9 0
t 198 20
m0 9 8
m1 9 8
m2 9 8
1 8 0
2 8 0
3 8 0
t 197 20
m0 8 8
m1 8 8
m2 8 8
1 9 0
2 7 0
3 9 0
t 196 20
m0 9 8
m1 9 8
m2 9 8
1 8 0
2 8 0
3 8 0
t 195 20
m0 8 8
m1 8 8
m2 8 8
1 9 0
2 7 0
3 9 0
t 194 20
m0 9 8
m1 9 8
m2 9 8
1 8 0
2 8 0
3 8 0
t 193 20
m0 8 8
m1 8 8
m2 8 8
1 9 0
2 7 0
3 9 0
t 192 20
m0 9 8
m1 9 8
m2 9 8
1 8 0
2 8 0
3 8 0
t 191 20
m0 8 8
m1 8 8
m2 8 8
1 9 0
2 7 0
3 9 0
t 190 20
m0 9 8
m1 9 8
m2 9 8
1 8 0
2 8 0
3 8 0
t 189 20
m0 8 8
m1 8 8
m2 8 8
1 9 0
2 7 0
3 9 0
t 188 20
m0 9 8
m1 9 8
m2 9 8
1 8 0
2 8 0
3 8 0
t 187 20
m0 8 8
m1 8 8
m2 8 8
1 9 0
2 7 0
3 9 0
t 186 20
m0 9 8
m1 9 8
m2 9 8
1 8 0
2 8 0
3 8 0
t 185 20
m0 8 8
m1 8 8
m2 8 8
1 9 0
2 7 0
3 9 0
t 184 20
m0 9 8
m1 9 8
m2 9 8
1 8 0
2 8 0
3 8 0
t 183 20
m0 8 8
m1 8 8
m2 8 8
1 9 0
2 7 0
3 9 0
t 182 20
m0 9 8
m1 9 8
m2 9 8
1 8 0
2 8 0
3 8 0
t 181 20
m0 8 8
m1 8 8
m2 8 8
1 9 0
2 7 0
3 9 0
t 180 20
m0 9 8
m1 9 8
m2 9 8
1 8 0
2 8 0
3 8 0
t 179 20
m0 8 8
m1 8 8
m2 8 8
1 9 0
2 7 0
3 9 0
t 178 20
m0 9 8
m1 9 8
m2 9 8
1 8 0
2 8 0
3 8 0
t 177 20
m0 8 8
m1 8 8
m2 8 8
1 9 0
2 7 0
3 9 0
t 176 20
m0 9 8
m1 9 8
m2 9 8
1 8 0
2 8 0
3 8 0
t 175 20
m0 8 8
m1 8 8
m2 8 8
1 9 0
2 7 0
3 9 0
t 174 20
m0 9 8
m1 9 8
m2 9 8
1 8 0
2 8 0
3 8 0
t 173 20
m0 8 8
m1 8 8
m2 8 8
1 9 0
2 7 0
3 9 0
t 172 20
m0 9 8
m1 9 8
m2 9 8
1 8 0
2 8 0
3 8 0
t 171 20
m0 8 8
m1 8 8
m2 8 8
1 9 0
2 7 0
3 9 0
t 170 20
m0 9 8
m1 9 8
m2 9 8
1 8 0
2 8 0
3 8 0
t 169 20
m0 8 8
m1 8 8
m2 8 8
1 9 0
2 7 0
3 9 0
t 168 20
m0 9 8
m1 9 8
m2 9 8
1 8 0
2 8 0
3 8 0
t 167 20
m0 8 8
m1 8 8
m2 8 8
1 9 0
2 7 0
3 9 0
t 166 20
m0 9 8
m1 9 8
m2 9 8
1 8 0
2 8 0
3 8 0
t 165 20
m0 8 8
m1 8 8
m2 8 8
1 9 0
2 7 0
3 9 0
t 164 20
m0 9 8
m1 9 8
m2 9 8
1 8 0
2 8 0
3 8 0
t 163 20
m0 8 8
m1 8 8
m2 8 8
1 9 0
2 7 0
3 9 0
t 162 20
m0 9 8
m1 9 8
m2 9 8
1 8 0
2 8 0
3 8 0
t 161 20
m0 8 8
m1 8 8
m2 8 8
1 9 0
2 7 0
3 9 0
t 160 20
m0 9 8
m1 9 8
m2 9 8
1 8 0
2 8 0
3 8 0
t 159 20
m0 8 8
m1 8 8
m2 8 8
1 9 0
2 7 0
3 9 0
t 158 20
m0 9 8
m1 9 8
m2 9 8
1 8 0
2 8 0
3 8 0
t 157 20
m0 8 8
m1 8 8
m2 8 8
1 9 0
2 7 0
3 9 0
t 156 20
m0 9 8
m1 9 8
m2 9 8
1 8 0
2 8 0
3 8 0
t 155 20
m0 8 8
m1 8 8
m2 8 8
1 9 0
2 7 0
3 9 0
t 154 20
m0 9 8
m1 9 8
m2 9 8
1 8 0
2 8 0
3 8 0
t 153 20
m0 8 8
m1 8 8
m2 8 8
1 9 0
2 7 0
3 9 0
t 152 20
m0 9 8
m1 9 8
m2 9 8
1 8 0
2 8 0
3 8 0
t 151 20
m0 8 8
m1 8 8
m2 8 8
1 9 0
2 7 0
3 9 0
t 150 20
m0 9 8
m1 9 8
m2 9 8
1 8 0
2 8 0
3 8 0
t 149 20
m0 8 8
m1 8 8
m2 8 8
1 9 0
2 7 0
3 9 0
t 148 20
m0 9 8
m1 9 8
m2 9 8
1 8 0
2 8 0
3 8 0
t 147 20
m0 8 8
m1 8 8
m2 8 8
1 9 0
2 7 0
3 9 0
t 146 20
m0 9 8
m1 9 8
m2 9 8
1 8 0
2 8 0
3 8 0
t 145 20
m0 8 8
m1 8 8
m2 8 8
1 9 0
2 7 0
3 9 0
t 144 20
m0 9 8
m1 9 8
m2 9 8
1 8 0
2 8 0
3 8 0
t 143 20
m0 8 8
m1 8 8
m2 8 8
1 9 0
2 7 0
3 9 0
t 142 20
m0 9 8
m1 9 8
m2 9 8
1 8 0
2 8 0
3 8 0
t 141 20
m0 8 8
m1 8 8
m2 8 8
1 9 0
2 7 0
3 9 0
t 140 20
m0 9 8
m1 9 8
m2 9 8
1 8 0
2 8 0
3 8 0
t 139 20
m0 8 8
m1 8 8
m2 8 8
1 9 0
2 7 0
3 9 0
t 138 20
m0 9 8
m1 9 8
m2 9 8
1 8 0
2 8 0
3 8 0
t 137 20
m0 8 8
m1 8 8
m2 8 8
1 9 0
2 7 0
3 9 0
t 136 20
m0 9 8
m1 9 8
m2 9 8
1 8 0
2 8 0
3 8 0
t 135 20
m0 8 8
m1 8 8
m2 8 8
1 9 0
2 7 0
3 9 0
t 134 20
m0 9 8
m1 9 8
m2 9 8
1 8 0
2 8 0
3 8 0
t 133 20
m0 8 8
m1 8 8
m2 8 8
1 9 0
2 7 0
3 9 0
t 132 20
m0 9 8
m1 9 8
m2 9 8
1 8 0
2 8 0
3 8 0
t 131 20
m0 8 8
m1 8 8
m2 8 8
1 9 0
2 7 0
3 9 0
t 130 20
m0 9 8
m1 9 8
m2 9 8
1 8 0
2 8 0
3 8 0
t 129 20
m0 8 8
m1 8 8
m2 8 8
1 9 0
2 7 0
3 9 0
t 128 20
m0 9 8
m1 9 8
m2 9 8
1 8 0
2 8 0
3 8 0
t 127 20
m0 8 8
m1 8 8
m2 8 8
1 9 0
2 7 0
3 9 0
t 126 20
m0 9 8
m1 9 8
m2 9 8
1 8 0
2 8 0
3 8 0
t 125 20
m0 8 8
m1 8 8
m2 8 8
1 9 0
2 7 0
3 9 0
t 124 20
m0 9 8
m1 9 8
m2 9 8
1 8 0
2 8 0
3 8 0
t 123 20
m0 8 8
m1 8 8
m2 8 8
1 9 0
2 7 0
3 9 0
t 122 20
m0 9 8
m1 9 8
m2 9 8
1 8 0
2 8 0
3 8 0
t 121 20
m0 8 8
m1 8 8
m2 8 8
1 9 0
2 7 0
3 9 0
t 120 20
m0 9 8
m1 9 8
m2 9 8
1 8 0
2 8 0
3 8 0
t 119 20
m0 8 8
m1 8 8
m2 8 8
1 9 0
2 7 0
3 9 0
t 118 20
m0 9 8
m1 9 8
m2 9 8
1 8 0
2 8 0
3 8 0
t 117 20
m0 8 8
m1 8 8
m2 8 8
1 9 0
2 7 0
3 9 0
t 116 20
m0 9 8
m1 9 8
m2 9 8
1 8 0
2 8 0
3 8 0
t 115 20
m0 8 8
m1 8 8
m2 8 8
1 9 0
2 7 0
3 9 0
t 114 20
m0 9 8
m1 9 8
m2 9 8
1 8 0
2 8 0
3 8 0
t 113 20
m0 8 8
m1 8 8
m2 8 8
1 9 0
2 7 0
3 9 0
t 112 20
m0 9 8
m1 9 8
m2 9 8
1 8 0
2 8 0
3 8 0
t 111 20
m0 8 8
m1 8 8
m2 8 8
1 9 0
2 7 0
3 9 0
t 110 20
m0 9 8
m1 9 8
m2 9 8
1 8 0
2 8 0
3 8 0
t 109 20
m0 8 8
m1 8 8
m2 8 8
1 9 0
2 7 0
3 9 0
t 108 20
m0 9 8
m1 9 8
m2 9 8
1 8 0
2 8 0
3 8 0
t 107 20
m0 8 8
m1 8 8
m2 8 8
1 9 0
2 7 0
3 9 0
t 106 20
m0 9 8
m1 9 8
m2 9 8
1 8 0
2 8 0
3 8 0
t 105 20
m0 8 8
m1 8 8
m2 8 8
1 9 0
2 7 0
3 9 0
t 104 20
m0 9 8
m1 9 8
m2 9 8
1 8 0
2 8 0
3 8 0
t 103 20
m0 8 8
m1 8 8
m2 8 8
1 9 0
2 7 0
3 9 0
t 102 20
m0 9 8
m1 9 8
m2 9 8
1 8 0
2 8 0
3 8 0
t 101 20
m0 8 8
m1 8 8
m2 8 8
1 9 0
2 7 0
3 9 0
t 100 20
m0 9 8
m1 9 8
m2 9 8
1 8 0
2 8 0
3 8 0
t 99 20
m0 8 8
m1 8 8
m2 8 8
1 9 0
2 7 0
3 9 0
t 98 20
m0 9 8
m1 9 8
m2 9 8
1 8 0
2 8 0
3 8 0
t 97 20
m0 8 8
m1 8 8
m2 8 8
1 9 0
2 7 0
3 9 0
t 96 20
m0 9 8
m1 9 8
m2 9 8
1 8 0
2 8 0
3 8 0
t 95 20
m0 8 8
m1 8 8
m2 8 8
1 9 0
2 7 0
3 9 0
t 94 20
m0 9 8
m1 9 8
m2 9 8
1 8 0
2 8 0
3 8 0
t 93 20
m0 8 8
m1 8 8
m2 8 8
1 9 0
2 7 0
3 9 0
t 92 20
m0 9 8
m1 9 8
m2 9 8
1 8 0
2 8 0
3 8 0
t 91 20
m0 8 8
m1 8 8
m2 8 8
1 9 0
2 7 0
3 9 0
t 90 20
m0 9 8
m1 9 8
m2 9 8
1 8 0
2 8 0
3 8 0
t 89 20
m0 8 8
m1 8 8
m2 8 8
1 9 0
2 7 0
3 9 0
t 88 20
m0 9 8
m1 9 8
m2 9 8
1 8 0
2 8 0
3 8 0
t 87 20
m0 8 8
m1 8 8
m2 8 8
1 9 0
2 7 0
3 9 0
t 86 20
m0 9 8
m1 9 8
m2 9 8
1 8 0
2 8 0
3 8 0
t 85 20
m0 8 8
m1 8 8
m2 8 8
1 9 0
2 7 0
3 9 0
t 84 20
m0 9 8
m1 9 8
m2 9 8
1 8 0
2 8 0
3 8 0
t 83 20
m0 8 8
m1 8 8
m2 8 8
1 9 0
2 7 0
3 9 0
t 82 20
m0 9 8
m1 9 8
m2 9 8
1 8 0
2 8 0
3 8 0
t 81 20
m0 8 8
m1 8 8
m2 8 8
1 9 0
2 7 0
3 9 0
t 80 20
m0 9 8
m1 9 8
m2 9 8
1 8 0
2 8 0
3 8 0
t 79 20
m0 8 8
m1 8 8
m2 8 8
1 9 0
2 7 0
3 9 0
t 78 20
m0 9 8
m1 9 8
m2 9 8
1 8 0
2 8 0
3 8 0
t 77 20
m0 8 8
m1 8 8
m2 8 8
1 9 0
2 7 0
3 9 0
t 76 20
m0 9 8
m1 9 8
m2 9 8
1 8 0
2 8 0
3 8 0
t 75 20
m0 8 8
m1 8 8
m2 8 8
1 9 0
2 7 0
3 9 0
t 74 20
m0 9 8
m1 9 8
m2 9 8
1 8 0
2 8 0
3 8 0
t 73 20
m0 8 8
m1 8 8
m2 8 8
1 9 0
2 7 0
3 9 0
t 72 20
m0 9 8
m1 9 8
m2 9 8
1 8 0
2 8 0
3 8 0
t 71 20
m0 8 8
m1 8 8
m2 8 8
1 9 0
2 7 0
3 9 0
t 70 20
m0 9 8
m1 9 8
m2 9 8
1 8 0
2 8 0
3 8 0
t 69 20
m0 8 8
m1 8 8
m2 8 8
1 9 0
2 7 0
3 9 0
t 68 20
m0 9 8
m1 9 8
m2 9 8
1 8 0
2 8 0
3 8 0
t 67 20
m0 8 8
m1 8 8
m2 8 8
1 9 0
2 7 0
3 9 0
t 66 20
m0 9 8
m1 9 8
m2 9 8
1 8 0
2 8 0
3 8 0
t 65 20
m0 8 8
m1 8 8
m2 8 8
1 9 0
2 7 0
3 9 0
t 64 20
m0 9 8
m1 9 8
m2 9 8
1 8 0
2 8 0
3 8 0
t 63 20
m0 8 8
m1 8 8
m2 8 8
1 9 0
2 7 0
3 9 0
t 62 20
m0 9 8
m1 9 8
m2 9 8
1 8 0
2 8 0
3 8 0
t 61 20
m0 8 8
m1 8 8
m2 8 8
1 9 0
2 7 0
3 9 0
t 60 20
m0 9 8
m1 9 8
m2 9 8
1 8 0
2 8 0
3 8 0
t 59 20
m0 8 8
m1 8 8
m2 8 8
1 9 0
2 7 0
3 9 0
t 58 20
m0 9 8
m1 9 8
m2 9 8
1 8 0
2 8 0
3 8 0
t 57 20
m0 8 8
m1 8 8
m2 8 8
1 9 0
2 7 0
3 9 0
t 56 20
m0 9 8
m1 9 8
m2 9 8
1 8 0
2 8 0
3 8 0
t 55 20
m0 8 8
m1 8 8
m2 8 8
1 9 0
2 7 0
3 9 0
t 54 20
m0 9 8
m1 9 8
m2 9 8
1 8 0
2 8 0
3 8 0
t 53 20
m0 8 8
m1 8 8
m2 8 8
1 9 0
2 7 0
3 9 0
t 52 20
m0 9 8
m1 9 8
m2 9 8
1 8 0
2 8 0
3 8 0
t 51 20
m0 8 8
m1 8 8
m2 8 8
1 9 0
2 7 0
3 9 0
t 50 20
m0 9 8
m1 9 8
m2 9 8
1 8 0
2 8 0
3 8 0
t 49 20
m0 8 8
m1 8 8
m2 8 8
1 9 0
2 7 0
3 9 0
t 48 20
m0 9 8
m1 9 8
m2 9 8
1 8 0
2 8 0
3 8 0
t 47 20
m0 8 8
m1 8 8
m2 8 8
1 9 0
2 7 0
3 9 0
t 46 20
m0 9 8
m1 9 8
m2 9 8
1 8 0
2 8 0
3 8 0
t 45 20
m0 8 8
m1 8 8
m2 8 8
1 9 0
2 7 0
3 9 0
t 44 20
m0 9 8
m1 9 8
m2 9 8
1 8 0
2 8 0
3 8 0
t 43 20
m0 8 8
m1 8 8
m2 8 8
1 9 0
2 7 0
3 9 0
t 42 20
m0 9 8
m1 9 8
m2 9 8
1 8 0
2 8 0
3 8 0
t 41 20
m0 8 8
m1 8 8
m2 8 8
1 9 0
2 7 0
3 9 0
t 40 20
m0 9 8
m1 9 8
m2 9 8
1 8 0
2 8 0
3 8 0
t 39 20
m0 8 8
m1 8 8
m2 8 8
1 9 0
2 7 0
3 9 0
t 38 20
m0 9 8
m1 9 8
m2 9 8
1 8 0
2 8 0
3 8 0
t 37 20
m0 8 8
m1 8 8
m2 8 8
1 9 0
2 7 0
3 9 0
t 36 20
m0 9 8
m1 9 8
m2 9 8
1 8 0
2 8 0
3 8 0
t 35 20
m0 8 8
m1 8 8
m2 8 8
1 9 0
2 7 0
3 9 0
t 34 20
m0 9 8
m1 9 8
m2 9 8
1 8 0
2 8 0
3 8 0
t 33 20
m0 8 8
m1 8 8
m2 8 8
1 9 0
2 7 0
3 9 0
t 32 20
m0 9 8
m1 9 8
m2 9 8
1 8 0
2 8 0
3 8 0
t 31 20
m0 8 8
m1 8 8
m2 8 8
1 9 0
2 7 0
3 9 0
t 30 20
m0 9 8
m1 9 8
m2 9 8
1 8 0
2 8 0
3 8 0
t 29 20
m0 8 8
m1 8 8
m2 8 8
1 9 0
2 7 0
3 9 0
t 28 20
m0 9 8
m1 9 8
m2 9 8
1 8 0
2 8 0
3 8 0
t 27 20
m0 8 8
m1 8 8
m2 8 8
1 9 0
2 7 0
3 9 0
t 26 20
m0 9 8
m1 9 8
m2 9 8
1 8 0
2 8 0
3 8 0
t 25 20
m0 8 8
m1 8 8
m2 8 8
1 9 0
2 7 0
3 9 0
t 24 20
m0 9 8
m1 9 8
m2 9 8
1 8 0
2 8 0
3 8 0
t 23 20
m0 8 8
m1 8 8
m2 8 8
1 9 0
2 7 0
3 9 0
t 22 20
m0 9 8
m1 9 8
m2 9 8
1 8 0
2 8 0
3 8 0
t 21 20
m0 8 8
m1 8 8
m2 8 8
1 9 0
2 7 0
3 9 0
t 20 20
m0 9 8
m1 9 8
m2 9 8
1 8 0
2 8 0
3 8 0
t 19 20
m0 8 8
m1 8 8
m2 8 8
1 9 0
2 7 0
3 9 0
t 18 20
m0 9 8
m1 9 8
m2 9 8
1 8 0
2 8 0
3 8 0
t 17 20
m0 8 8
m1 8 8
m2 8 8
1 9 0
2 7 0
3 9 0
t 16 20
m0 9 8
m1 9 8
m2 9 8
1 8 0
2 8 0
3 8 0
t 15 20
m0 8 8
m1 8 8
m2 8 8
1 9 0
2 7 0
3 9 0
t 14 20
m0 9 8
m1 9 8
m2 9 8
1 8 0
2 8 0
3 8 0
t 13 20
m0 8 8
m1 8 8
m2 8 8
1 9 0
2 7 0
3 9 0
t 12 20
m0 9 8
m1 9 8
m2 9 8
1 8 0
2 8 0
3 8 0
t 11 20
m0 8 8
m1 8 8
m2 8 8
1 9 0
2 7 0
3 9 0
t 10 20
m0 9 8
m1 9 8
m2 9 8
1 8 0
2 8 0
3 8 0
t 9 20
m0 8 8
m1 8 8
m2 8 8
1 9 0
2 7 0
3 9 0
t 8 20
m0 9 8
m1 9 8
m2 9 8
1 8 0
2 8 0
3 8 0
t 7 20
m0 8 8
m1 8 8
m2 8 8
1 9 0
2 7 0
3 9 0
t 6 20
m0 9 8
m1 9 8
m2 9 8
1 8 0
2 8 0
3 8 0
t 5 20
m0 8 8
m1 8 8
m2 8 8
1 9 0
2 7 0
3 9 0
t 4 20
m0 9 8
m1 9 8
m2 9 8
1 8 0
2 8 0
3 8 0
t 3 20
m0 8 8
m1 8 8
m2 8 8
1 9 0
2 7 0
3 9 0
t 2 20
m0 9 8
m1 9 8
m2 9 8
1 8 0
2 8 0
3 8 0
t 1 20
m0 8 8
m1 8 8
m2 8 8
1 8 0
2 8 0
3 8 0
t 0 20
