10
15
w 6 9
w 1 3
w 9 1
w 4 8
w 2 8
w 7 11
w 1 11
w 5 8
w 4 0
w 1 2
w 6 14
w 3 3
w 3 10
w 4 4
w 6 3
w 1 5
w 7 14
w 0 0
w 5 11
w 6 11
w 9 3
w 0 12
w 7 5
w 0 5
w 1 0
w 0 8
w 9 6
w 9 13
w 8 3
w 4 6
w 6 1
w 7 13
w 0 13
w 9 9
w 6 13
w 0 9
w 9 5
p 3 0
p 9 8
p 5 13
p 2 1
p 0 7
p 8 9
p 4 12
p 1 6
p 2 12
p 9 4
p 6 2
p 0 10
p 2 5
p 2 4
p 7 2
p 3 14
p 9 0
p 4 9
p 8 1
p 7 6
p 6 10
p 8 10
p 4 13
p 2 13
p 7 10
p 5 0
p 3 6
p 8 6
p 2 2
p 3 4
p 4 10
p 5 4
p 6 4
p 3 13
p 1 13
p 4 14
p 1 4
p 9 10
p 3 9
p 2 3
p 6 12
p 5 3
p 2 7
p 0 1
p 7 8
p 5 10
p 8 12
p 2 11
p 5 14
p 2 0
p 1 8
p 0 6
p 4 3
p 5 2
p 0 2
p 8 4
m0 0 14
m1 0 14
m2 0 14
1 9 0
2 9 0
3 9 0
t 300 0
m0 0 14
m1 1 14
m2 1 14
1 8 0
2 8 0
3 8 0
t 299 0
m0 1 14
m1 1 13
m2 2 14
1 7 0
2 7 0
3 7 0
t 298 1
m0 2 14
m1 2 13
m2 2 13
1 8 0
2 8 0
3 8 0
t 297 2
m0 2 13
m1 2 13
m2 2 14
1 7 0
2 7 0
3 7 0
t 296 2
m0 3 13
m1 3 13
m2 3 14
1 8 0
2 8 0
3 8 0
t 295 4
m0 4 13
m1 3 12
m2 4 14
1 8 1
2 8 1
3 8 1
t 294 6
m0 4 12
m1 3 11
m2 5 14
1 8 2
2 8 2
3 8 2
t 293 8
m0 3 12
m1 2 11
m2 4 14
1 9 2
2 9 2
3 9 2
t 292 9
m0 2 12
m1 3 11
m2 5 14
1 8 2
2 8 2
3 8 2
t 291 10
m0 1 12
m1 2 11
m2 5 14
1 7 2
2 7 2
3 7 2
t 290 10
m0 1 12
m1 2 11
m2 5 14
1 7 1
2 7 1
3 7 1
t 289 10
m0 1 13
m1 2 10
m2 5 14
1 8 1
2 8 1
3 8 1
t 288 10
m0 1 14
m1 2 10
m2 5 14
1 8 0
2 8 0
3 8 0
t 287 10
m0 1 14
m1 2 11
m2 4 14
1 7 0
2 7 0
3 7 0
t 286 10
m0 2 14
m1 2 10
m2 3 14
1 6 0
2 6 0
3 6 0
t 285 10
m0 3 14
m1 2 9
m2 2 14
1 7 0
2 7 0
3 7 0
t 284 10
m0 2 14
m1 3 9
m2 3 14
1 8 0
2 8 0
3 8 0
t 283 11
m0 1 14
m1 2 9
m2 4 14
1 7 0
2 7 0
3 7 0
t 282 11
m0 1 14
m1 2 10
m2 5 14
1 8 0
2 8 0
3 8 0
t 281 11
m0 0 14
m1 2 9
m2 4 14
1 8 1
2 8 1
3 8 1
f 4 13
t 280 11
m0 0 14
m1 3 9
m2 4 13
1 7 1
2 7 1
3 7 1
t 279 21
m0 1 14
m1 3 9
m2 3 13
1 8 1
2 8 1
3 8 1
t 278 21
m0 1 13
m1 2 9
m2 3 14
1 8 0
2 8 0
3 8 0
t 277 21
m0 1 13
m1 1 9
m2 2 14
1 8 1
2 8 1
3 8 1
t 276 21
m0 2 13
m1 1 9
m2 2 13
1 7 1
2 7 1
3 7 1
t 275 21
m0 2 13
m1 1 8
m2 1 13
1 8 1
2 8 1
3 8 1
t 274 22
m0 2 14
m1 1 9
m2 1 14
1 7 1
2 7 1
3 7 1
t 273 22
m0 1 14
m1 1 8
m2 0 14
1 7 2
2 7 2
3 7 2
t 272 22
m0 2 14
m1 1 9
m2 0 14
1 6 2
2 6 2
3 6 2
t 271 22
m0 2 13
m1 1 9
m2 0 14
1 7 2
2 7 2
3 7 2
t 270 22
m0 2 13
m1 1 9
m2 1 14
1 8 2
2 8 2
3 8 2
t 269 22
m0 2 14
m1 2 9
m2 1 14
1 8 1
2 8 1
3 8 1
t 268 22
m0 2 13
m1 2 10
m2 1 14
1 7 1
2 7 1
3 7 1
t 267 22
m0 2 14
m1 2 11
m2 1 13
1 7 0
2 7 0
3 7 0
t 266 22
m0 2 14
m1 2 10
m2 1 14
1 8 0
2 8 0
3 8 0
t 265 22
m0 2 13
m1 1 10
m2 1 14
1 9 0
2 9 0
3 9 0
t 264 22
m0 3 13
m1 0 10
m2 1 13
1 8 0
2 8 0
3 8 0
t 263 23
m0 3 14
m1 1 10
m2 1 13
1 9 0
2 9 0
3 9 0
t 262 23
m0 3 14
m1 0 10
m2 1 14
1 8 0
2 8 0
3 8 0
t 261 23
m0 3 14
m1 0 11
m2 0 14
1 7 0
2 7 0
3 7 0
t 260 23
m0 4 14
m1 0 11
m2 0 14
1 6 0
2 6 0
3 6 0
t 259 23
m0 4 13
m1 0 10
m2 1 14
1 5 0
2 5 0
3 5 0
t 258 23
m0 5 13
m1 1 10
m2 2 14
1 6 0
2 6 0
3 6 0
t 257 24
m0 5 13
m1 1 10
m2 2 13
1 7 0
2 7 0
3 7 0
t 256 24
m0 5 12
m1 1 9
m2 3 13
1 8 0
2 8 0
3 8 0
t 255 24
m0 4 12
m1 1 8
m2 3 13
1 9 0
2 9 0
3 9 0
t 254 24
m0 4 11
m1 1 7
m2 3 13
1 8 0
2 8 0
3 8 0
t 253 24
m0 4 11
m1 1 6
m2 3 14
1 9 0
2 9 0
3 9 0
t 252 25
m0 3 11
m1 1 6
m2 4 14
1 8 0
2 8 0
3 8 0
t 251 25
m0 3 11
m1 0 6
m2 4 13
1 9 0
2 9 0
3 9 0
t 250 26
m0 2 11
m1 0 6
m2 4 12
1 8 0
2 8 0
3 8 0
t 249 26
m0 2 12
m1 0 7
m2 5 12
1 7 0
2 7 0
3 7 0
t 248 27
m0 1 12
m1 1 7
m2 5 13
1 8 0
2 8 0
3 8 0
t 247 27
m0 2 12
m1 2 7
m2 5 12
1 8 1
2 8 1
3 8 1
t 246 28
m0 2 13
m1 2 7
m2 5 13
1 7 1
2 7 1
3 7 1
t 245 28
m0 2 14
m1 2 7
m2 5 14
1 7 0
2 7 0
3 7 0
t 244 28
m0 2 13
m1 1 7
m2 4 14
1 8 0
2 8 0
3 8 0
t 243 28
m0 1 13
m1 1 7
m2 4 13
1 9 0
2 9 0
3 9 0
f 3 13
t 242 28
m0 1 14
m1 1 6
m2 3 13
1 8 0
2 8 0
3 8 0
t 241 38
m0 1 14
m1 1 7
m2 3 13
1 9 0
2 9 0
3 9 0
t 240 38
m0 1 14
m1 0 7
m2 3 13
1 8 0
2 8 0
3 8 0
t 239 38
m0 1 13
m1 0 7
m2 3 13
1 8 1
2 8 1
3 8 1
t 238 38
m0 1 14
m1 0 6
m2 3 13
1 8 0
2 8 0
3 8 0
t 237 38
m0 2 14
m1 0 6
m2 3 12
1 9 0
2 9 0
3 9 0
t 236 38
m0 3 14
m1 0 6
m2 4 12
1 8 0
2 8 0
3 8 0
t 235 38
m0 4 14
m1 0 7
m2 4 13
1 8 1
2 8 1
3 8 1
t 234 38
m0 3 14
m1 0 6
m2 5 13
1 8 2
2 8 2
3 8 2
t 233 38
m0 3 14
m1 1 6
m2 4 13
1 9 2
2 9 2
3 9 2
t 232 38
m0 3 14
m1 1 7
m2 3 13
1 8 2
2 8 2
3 8 2
f 4 2
t 231 38
m0 3 14
m1 0 7
m2 3 12
1 9 2
2 9 2
3 9 2
t 230 38
m0 2 14
m1 0 6
m2 3 13
1 8 2
2 8 2
3 8 2
t 229 38
m0 3 14
m1 1 6
m2 3 12
1 8 1
2 8 1
3 8 1
t 228 38
m0 3 14
m1 1 6
m2 4 12
1 8 0
2 8 0
3 8 0
t 227 38
m0 4 14
m1 0 6
m2 4 13
1 8 1
2 8 1
3 8 1
t 226 38
m0 4 14
m1 0 6
m2 4 14
1 8 0
2 8 0
3 8 0
t 225 38
m0 3 14
m1 0 6
m2 4 14
1 9 0
2 9 0
3 9 0
t 224 38
m0 4 14
m1 0 6
m2 4 14
1 8 0
2 8 0
3 8 0
t 223 38
m0 3 14
m1 0 7
m2 3 14
1 8 1
2 8 1
3 8 1
t 222 38
m0 2 14
m1 0 6
m2 4 14
1 8 0
2 8 0
3 8 0
t 221 38
m0 2 14
m1 0 7
m2 5 14
1 7 0
2 7 0
3 7 0
t 220 38
m0 2 13
m1 1 7
m2 5 13
1 6 0
2 6 0
3 6 0
t 219 38
m0 2 14
m1 0 7
m2 5 14
1 7 0
2 7 0
3 7 0
t 218 38
m0 3 14
m1 1 7
m2 5 13
1 6 0
2 6 0
3 6 0
t 217 38
m0 3 14
m1 1 8
m2 5 13
1 5 0
2 5 0
3 5 0
t 216 38
m0 3 13
m1 1 8
m2 5 14
1 5 1
2 5 1
3 5 1
t 215 38
m0 3 14
m1 1 8
m2 4 14
1 5 2
2 5 2
3 5 2
t 214 38
m0 3 14
m1 1 9
m2 3 14
1 5 1
2 5 1
3 5 1
t 213 38
m0 4 14
m1 1 10
m2 3 14
1 5 0
2 5 0
3 5 0
t 212 38
m0 3 14
m1 1 10
m2 2 14
1 5 1
2 5 1
3 5 1
t 211 38
m0 3 14
m1 1 9
m2 2 14
1 4 1
2 4 1
3 4 1
t 210 38
m0 2 14
m1 1 8
m2 2 14
1 5 1
2 5 1
3 5 1
t 209 38
m0 2 14
m1 1 9
m2 2 14
1 5 0
2 5 0
3 5 0
t 208 38
m0 2 13
m1 2 9
m2 2 14
1 6 0
2 6 0
3 6 0
t 207 38
m0 2 14
m1 3 9
m2 2 14
1 5 0
2 5 0
3 5 0
t 206 38
m0 2 13
m1 3 9
m2 2 14
1 6 0
2 6 0
3 6 0
t 205 38
m0 1 13
m1 4 9
m2 2 14
1 7 0
2 7 0
3 7 0
t 204 39
m0 1 14
m1 4 10
m2 3 14
1 8 0
2 8 0
3 8 0
t 203 40
m0 0 14
m1 4 11
m2 3 13
1 8 1
2 8 1
3 8 1
t 202 40
m0 0 14
m1 3 11
m2 3 14
1 8 0
2 8 0
3 8 0
t 201 40
m0 0 14
m1 3 12
m2 2 14
1 8 1
2 8 1
3 8 1
t 200 40
m0 0 14
m1 3 13
m2 3 14
1 8 2
2 8 2
3 8 2
t 199 40
m0 1 14
m1 3 12
m2 4 14
1 9 2
2 9 2
3 9 2
t 198 40
m0 1 14
m1 3 13
m2 5 14
1 8 2
2 8 2
3 8 2
t 197 40
m0 0 14
m1 3 14
m2 4 14
1 9 2
2 9 2
3 9 2
t 196 40
m0 1 14
m1 2 14
m2 4 14
1 8 2
2 8 2
3 8 2
t 195 40
m0 1 13
m1 2 14
m2 3 14
1 9 2
2 9 2
3 9 2
t 194 40
m0 1 14
m1 3 14
m2 3 14
1 8 2
2 8 2
3 8 2
t 193 40
m0 1 14
m1 3 14
m2 2 14
1 8 1
2 8 1
3 8 1
t 192 40
m0 0 14
m1 2 14
m2 2 13
1 8 0
2 8 0
3 8 0
t 191 40
m0 1 14
m1 2 13
m2 3 13
1 8 1
2 8 1
3 8 1
t 190 40
m0 1 14
m1 3 13
m2 2 13
1 7 1
2 7 1
3 7 1
t 189 40
m0 0 14
m1 4 13
m2 3 13
1 7 2
2 7 2
3 7 2
t 188 40
m0 1 14
m1 3 13
m2 3 13
1 7 1
2 7 1
3 7 1
t 187 40
m0 0 14
m1 4 13
m2 4 13
1 7 0
2 7 0
3 7 0
t 186 40
m0 0 14
m1 3 13
m2 4 14
1 8 0
2 8 0
3 8 0
t 185 40
m0 0 14
m1 2 13
m2 4 13
1 9 0
2 9 0
3 9 0
t 184 40
m0 0 14
m1 1 13
m2 4 13
1 8 0
2 8 0
3 8 0
t 183 40
m0 1 14
m1 1 12
m2 5 13
1 9 0
2 9 0
3 9 0
t 182 40
m0 2 14
m1 1 12
m2 5 12
1 8 0
2 8 0
3 8 0
t 181 40
m0 2 14
m1 2 12
m2 4 12
1 7 0
2 7 0
3 7 0
t 180 40
m0 1 14
m1 1 12
m2 4 12
1 8 0
2 8 0
3 8 0
t 179 40
m0 2 14
m1 1 12
m2 4 13
1 7 0
2 7 0
3 7 0
t 178 40
m0 2 13
m1 1 13
m2 4 14
1 6 0
2 6 0
3 6 0
t 177 40
m0 2 13
m1 1 12
m2 4 13
1 7 0
2 7 0
3 7 0
t 176 40
m0 1 13
m1 1 13
m2 4 12
1 8 0
2 8 0
3 8 0
t 175 40
m0 2 13
m1 1 14
m2 4 13
1 9 0
2 9 0
3 9 0
t 174 40
m0 2 13
m1 0 14
m2 4 14
1 8 0
2 8 0
3 8 0
t 173 40
m0 2 14
m1 0 14
m2 4 14
1 7 0
2 7 0
3 7 0
t 172 40
m0 3 14
m1 0 14
m2 5 14
1 6 0
2 6 0
3 6 0
t 171 40
m0 3 14
m1 1 14
m2 4 14
1 5 0
2 5 0
3 5 0
t 170 40
m0 4 14
m1 1 14
m2 3 14
1 6 0
2 6 0
3 6 0
t 169 40
m0 5 14
m1 0 14
m2 4 14
1 5 0
2 5 0
3 5 0
t 168 40
m0 4 14
m1 0 14
m2 3 14
1 5 1
2 5 1
3 5 1
t 167 40
m0 3 14
m1 0 14
m2 2 14
1 5 2
2 5 2
3 5 2
t 166 40
m0 3 13
m1 0 14
m2 3 14
1 5 1
2 5 1
3 5 1
t 165 40
m0 3 14
m1 0 14
m2 3 14
1 4 1
2 4 1
3 4 1
t 164 40
m0 2 14
m1 0 14
m2 3 13
1 5 1
2 5 1
3 5 1
t 163 40
m0 2 14
m1 0 14
m2 3 14
1 5 2
2 5 2
3 5 2
t 162 40
m0 1 14
m1 0 14
m2 2 14
1 6 2
2 6 2
3 6 2
t 161 40
m0 1 14
m1 1 14
m2 2 14
1 7 2
2 7 2
3 7 2
t 160 40
m0 1 13
m1 1 14
m2 2 13
1 7 1
2 7 1
3 7 1
t 159 40
m0 1 13
m1 0 14
m2 2 14
1 7 0
2 7 0
3 7 0
t 158 40
m0 1 14
m1 0 14
m2 1 14
1 6 0
2 6 0
3 6 0
t 157 40
m0 0 14
m1 1 14
m2 1 14
1 5 0
2 5 0
3 5 0
t 156 40
m0 0 14
m1 0 14
m2 2 14
1 6 0
2 6 0
3 6 0
t 155 40
m0 1 14
m1 0 14
m2 2 13
1 5 0
2 5 0
3 5 0
t 154 40
m0 2 14
m1 0 14
m2 3 13
1 6 0
2 6 0
3 6 0
t 153 40
m0 1 14
m1 1 14
m2 3 12
1 5 0
2 5 0
3 5 0
t 152 40
m0 0 14
m1 1 13
m2 2 12
1 6 0
2 6 0
3 6 0
t 151 40
m0 0 14
m1 1 13
m2 2 13
1 7 0
2 7 0
3 7 0
t 150 40
m0 0 14
m1 1 13
m2 3 13
1 8 0
2 8 0
3 8 0
t 149 40
m0 0 14
m1 2 13
m2 3 12
1 8 1
2 8 1
3 8 1
t 148 40
m0 1 14
m1 2 13
m2 3 13
1 8 0
2 8 0
3 8 0
t 147 40
m0 1 14
m1 1 13
m2 3 14
1 9 0
2 9 0
3 9 0
t 146 40
m0 2 14
m1 1 12
m2 3 13
1 8 0
2 8 0
3 8 0
t 145 40
m0 2 14
m1 1 13
m2 3 14
1 8 1
2 8 1
3 8 1
t 144 40
m0 1 14
m1 1 14
m2 2 14
1 7 1
2 7 1
3 7 1
t 143 40
m0 1 14
m1 0 14
m2 1 14
1 8 1
2 8 1
3 8 1
t 142 40
m0 0 14
m1 0 14
m2 1 14
1 8 2
2 8 2
3 8 2
t 141 40
m0 0 14
m1 1 14
m2 1 14
1 7 2
2 7 2
3 7 2
t 140 40
m0 0 14
m1 1 13
m2 0 14
1 8 2
2 8 2
3 8 2
t 139 40
m0 0 14
m1 1 14
m2 1 14
1 8 1
2 8 1
3 8 1
t 138 40
m0 0 14
m1 0 14
m2 1 14
1 7 1
2 7 1
3 7 1
t 137 40
m0 1 14
m1 0 14
m2 0 14
1 7 2
2 7 2
3 7 2
t 136 40
m0 0 14
m1 1 14
m2 1 14
1 6 2
2 6 2
3 6 2
t 135 40
m0 0 14
m1 1 13
m2 1 14
1 5 2
2 5 2
3 5 2
t 134 40
m0 1 14
m1 1 12
m2 2 14
1 5 1
2 5 1
3 5 1
t 133 40
m0 2 14
m1 1 12
m2 2 14
1 4 1
2 4 1
3 4 1
t 132 40
m0 2 13
m1 1 12
m2 3 14
1 5 1
2 5 1
3 5 1
t 131 40
m0 2 14
m1 1 12
m2 4 14
1 5 0
2 5 0
3 5 0
t 130 40
m0 2 14
m1 1 13
m2 4 14
1 6 0
2 6 0
3 6 0
t 129 40
m0 2 14
m1 1 13
m2 3 14
1 7 0
2 7 0
3 7 0
t 128 40
m0 3 14
m1 1 13
m2 3 14
1 8 0
2 8 0
3 8 0
t 127 40
m0 3 14
m1 1 14
m2 3 14
1 8 1
2 8 1
3 8 1
t 126 40
m0 3 14
m1 2 14
m2 3 13
1 7 1
2 7 1
3 7 1
t 125 40
m0 4 14
m1 1 14
m2 3 14
1 7 2
2 7 2
3 7 2
t 124 40
m0 5 14
m1 2 14
m2 2 14
1 7 1
2 7 1
3 7 1
t 123 40
m0 5 14
m1 1 14
m2 3 14
1 8 1
2 8 1
3 8 1
t 122 40
m0 5 14
m1 0 14
m2 3 14
1 7 1
2 7 1
3 7 1
t 121 40
m0 5 14
m1 0 14
m2 3 14
1 8 1
2 8 1
3 8 1
t 120 40
m0 4 14
m1 1 14
m2 3 13
1 8 0
2 8 0
3 8 0
t 119 40
m0 4 13
m1 1 13
m2 3 14
1 9 0
2 9 0
3 9 0
t 118 40
m0 4 13
m1 1 13
m2 4 14
1 8 0
2 8 0
3 8 0
t 117 40
m0 4 13
m1 1 13
m2 3 14
1 8 1
2 8 1
3 8 1
t 116 40
m0 4 14
m1 1 14
m2 3 14
1 7 1
2 7 1
3 7 1
t 115 40
m0 4 14
m1 1 14
m2 2 14
1 7 0
2 7 0
3 7 0
t 114 40
m0 3 14
m1 1 13
m2 3 14
1 8 0
2 8 0
3 8 0
t 113 40
m0 3 13
m1 1 13
m2 3 13
1 8 1
2 8 1
3 8 1
t 112 40
m0 3 14
m1 1 13
m2 3 13
1 8 2
2 8 2
3 8 2
t 111 40
m0 4 14
m1 1 14
m2 3 13
1 8 1
2 8 1
3 8 1
t 110 40
m0 3 14
m1 0 14
m2 4 13
1 8 2
2 8 2
3 8 2
t 109 40
m0 3 14
m1 1 14
m2 4 14
1 9 2
2 9 2
3 9 2
t 108 40
m0 2 14
m1 1 13
m2 3 14
1 8 2
2 8 2
3 8 2
t 107 40
m0 3 14
m1 1 14
m2 3 14
1 7 2
2 7 2
3 7 2
t 106 40
m0 3 14
m1 1 14
m2 2 14
1 8 2
2 8 2
3 8 2
t 105 40
m0 2 14
m1 0 14
m2 1 14
1 8 1
2 8 1
3 8 1
t 104 40
m0 1 14
m1 1 14
m2 2 14
1 8 0
2 8 0
3 8 0
t 103 40
m0 0 14
m1 0 14
m2 3 14
1 7 0
2 7 0
3 7 0
t 102 40
m0 0 14
m1 1 14
m2 3 14
1 6 0
2 6 0
3 6 0
t 101 40
m0 1 14
m1 2 14
m2 4 14
1 7 0
2 7 0
3 7 0
t 100 40
m0 1 14
m1 2 14
m2 4 13
1 8 0
2 8 0
3 8 0
t 99 40
m0 0 14
m1 3 14
m2 4 12
1 9 0
2 9 0
3 9 0
t 98 40
m0 0 14
m1 2 14
m2 3 12
1 8 0
2 8 0
3 8 0
t 97 40
m0 0 14
m1 2 14
m2 3 12
1 9 0
2 9 0
3 9 0
t 96 40
m0 1 14
m1 1 14
m2 2 12
1 8 0
2 8 0
3 8 0
t 95 40
m0 2 14
m1 1 13
m2 2 13
1 7 0
2 7 0
3 7 0
t 94 40
m0 1 14
m1 2 13
m2 1 13
1 8 0
2 8 0
3 8 0
t 93 40
m0 2 14
m1 2 14
m2 1 13
1 9 0
2 9 0
3 9 0
t 92 40
m0 3 14
m1 2 14
m2 1 14
1 8 0
2 8 0
3 8 0
t 91 40
m0 3 13
m1 3 14
m2 0 14
1 9 0
2 9 0
3 9 0
t 90 40
m0 3 13
m1 2 14
m2 1 14
1 8 0
2 8 0
3 8 0
t 89 40
m0 3 13
m1 2 13
m2 2 14
1 7 0
2 7 0
3 7 0
t 88 40
m0 3 14
m1 2 13
m2 2 14
1 8 0
2 8 0
3 8 0
t 87 40
m0 3 14
m1 2 14
m2 1 14
1 9 0
2 9 0
3 9 0
t 86 40
m0 4 14
m1 2 14
m2 0 14
1 8 0
2 8 0
3 8 0
t 85 40
m0 4 14
m1 1 14
m2 0 14
1 7 0
2 7 0
3 7 0
t 84 40
m0 4 14
m1 1 14
m2 0 14
1 6 0
2 6 0
3 6 0
t 83 40
m0 4 14
m1 1 13
m2 1 14
1 5 0
2 5 0
3 5 0
t 82 40
m0 3 14
m1 1 13
m2 0 14
1 6 0
2 6 0
3 6 0
t 81 40
m0 2 14
m1 1 12
m2 0 14
1 5 0
2 5 0
3 5 0
t 80 40
m0 1 14
m1 2 12
m2 0 14
1 6 0
2 6 0
3 6 0
t 79 40
m0 1 14
m1 2 11
m2 1 14
1 7 0
2 7 0
3 7 0
t 78 40
m0 0 14
m1 3 11
m2 0 14
1 6 0
2 6 0
3 6 0
t 77 40
m0 1 14
m1 2 11
m2 1 14
1 5 0
2 5 0
3 5 0
t 76 40
m0 0 14
m1 2 12
m2 0 14
1 5 1
2 5 1
3 5 1
t 75 40
m0 1 14
m1 2 12
m2 1 14
1 5 2
2 5 2
3 5 2
t 74 40
m0 2 14
m1 2 13
m2 0 14
1 4 2
2 4 2
3 4 2
t 73 40
m0 2 14
m1 2 14
m2 1 14
1 5 2
2 5 2
3 5 2
t 72 40
m0 2 14
m1 2 14
m2 0 14
1 5 3
2 5 3
3 5 3
t 71 40
m0 3 14
m1 2 13
m2 0 14
1 5 2
2 5 2
3 5 2
t 70 40
m0 4 14
m1 1 13
m2 1 14
1 5 1
2 5 1
3 5 1
t 69 40
m0 4 14
m1 1 14
m2 2 14
1 4 1
2 4 1
3 4 1
t 68 40
m0 4 14
m1 0 14
m2 2 13
1 4 2
2 4 2
3 4 2
t 67 40
m0 4 13
m1 0 14
m2 2 14
1 4 1
2 4 1
3 4 1
t 66 40
m0 5 13
m1 1 14
m2 1 14
1 3 1
2 3 1
3 3 1
t 65 40
m0 5 14
m1 0 14
m2 2 14
1 2 1
2 2 1
3 2 1
t 64 40
m0 5 14
m1 0 14
m2 1 14
1 2 2
2 2 2
3 2 2
t 63 40
m0 5 14
m1 1 14
m2 0 14
1 2 3
2 2 3
3 2 3
t 62 40
m0 5 14
m1 1 14
m2 1 14
1 2 2
2 2 2
3 2 2
t 61 40
m0 5 13
m1 2 14
m2 0 14
1 2 1
2 2 1
3 2 1
t 60 40
m0 5 13
m1 3 14
m2 0 14
1 1 1
2 1 1
3 1 1
t 59 40
m0 5 14
m1 3 13
m2 1 14
1 0 1
2 0 1
3 0 1
t 58 40
m0 4 14
m1 2 13
m2 1 13
1 1 1
2 1 1
3 1 1
t 57 40
m0 4 14
m1 3 13
m2 1 12
1 2 1
2 2 1
3 2 1
t 56 40
m0 4 13
m1 3 13
m2 1 13
1 2 0
2 2 0
3 2 0
t 55 40
m0 4 13
m1 4 13
m2 1 14
1 2 1
2 2 1
3 2 1
t 54 40
m0 4 14
m1 4 12
m2 0 14
1 3 1
2 3 1
3 3 1
t 53 40
m0 5 14
m1 4 11
m2 0 14
1 4 1
2 4 1
3 4 1
t 52 40
m0 5 14
m1 4 11
m2 0 14
1 4 2
2 4 2
3 4 2
t 51 40
m0 5 14
m1 4 11
m2 0 14
1 5 2
2 5 2
3 5 2
t 50 40
m0 4 14
m1 4 12
m2 1 14
1 5 1
2 5 1
3 5 1
t 49 40
m0 4 14
m1 3 12
m2 0 14
1 5 2
2 5 2
3 5 2
t 48 40
m0 3 14
m1 4 12
m2 0 14
1 6 2
2 6 2
3 6 2
t 47 40
m0 2 14
m1 4 13
m2 0 14
1 7 2
2 7 2
3 7 2
t 46 40
m0 2 14
m1 5 13
m2 0 14
1 8 2
2 8 2
3 8 2
t 45 40
m0 1 14
m1 5 12
m2 0 14
1 8 1
2 8 1
3 8 1
t 44 40
m0 1 14
m1 5 12
m2 0 14
1 8 2
2 8 2
3 8 2
t 43 40
m0 1 13
m1 5 13
m2 0 14
1 7 2
2 7 2
3 7 2
t 42 40
m0 1 14
m1 5 12
m2 0 14
1 8 2
2 8 2
3 8 2
t 41 40
m0 1 14
m1 5 13
m2 1 14
1 8 1
2 8 1
3 8 1
t 40 40
m0 1 13
m1 4 13
m2 2 14
1 8 0
2 8 0
3 8 0
t 39 40
m0 2 13
m1 4 12
m2 2 14
1 9 0
2 9 0
3 9 0
t 38 40
m0 2 14
m1 4 13
m2 2 14
1 8 0
2 8 0
3 8 0
t 37 40
m0 2 13
m1 4 12
m2 3 14
1 9 0
2 9 0
3 9 0
t 36 40
m0 2 13
m1 3 12
m2 4 14
1 8 0
2 8 0
3 8 0
t 35 40
m0 2 14
m1 2 12
m2 5 14
1 9 0
2 9 0
3 9 0
t 34 40
m0 1 14
m1 1 12
m2 5 14
1 8 0
2 8 0
3 8 0
t 33 40
m0 1 14
m1 1 12
m2 5 14
1 8 1
2 8 1
3 8 1
t 32 40
m0 0 14
m1 1 13
m2 4 14
1 8 0
2 8 0
3 8 0
t 31 40
m0 0 14
m1 1 14
m2 4 13
1 7 0
2 7 0
3 7 0
t 30 40
m0 1 14
m1 2 14
m2 3 13
1 6 0
2 6 0
3 6 0
t 29 40
m0 0 14
m1 2 14
m2 3 13
1 5 0
2 5 0
3 5 0
t 28 40
m0 0 14
m1 1 14
m2 3 14
1 6 0
2 6 0
3 6 0
t 27 40
m0 0 14
m1 0 14
m2 4 14
1 7 0
2 7 0
3 7 0
t 26 40
m0 1 14
m1 1 14
m2 3 14
1 7 1
2 7 1
3 7 1
t 25 40
m0 0 14
m1 1 14
m2 3 14
1 7 0
2 7 0
3 7 0
t 24 40
m0 0 14
m1 2 14
m2 3 14
1 6 0
2 6 0
3 6 0
t 23 40
m0 0 14
m1 1 14
m2 4 14
1 7 0
2 7 0
3 7 0
t 22 40
m0 1 14
m1 1 13
m2 4 14
1 6 0
2 6 0
3 6 0
t 21 40
m0 0 14
m1 1 14
m2 3 14
1 5 0
2 5 0
3 5 0
t 20 40
m0 0 14
m1 1 14
m2 3 14
1 6 0
2 6 0
3 6 0
t 19 40
m0 0 14
m1 1 13
m2 3 14
1 5 0
2 5 0
3 5 0
t 18 40
m0 0 14
m1 1 14
m2 3 13
1 5 1
2 5 1
3 5 1
t 17 40
m0 1 14
m1 2 14
m2 2 13
1 4 1
2 4 1
3 4 1
t 16 40
m0 0 14
m1 2 13
m2 1 13
1 3 1
2 3 1
3 3 1
t 15 40
m0 0 14
m1 1 13
m2 1 12
1 3 0
2 3 0
3 3 0
t 14 40
m0 0 14
m1 2 13
m2 1 13
1 2 0
2 2 0
3 2 0
t 13 40
m0 1 14
m1 2 14
m2 1 12
1 3 0
2 3 0
3 3 0
t 12 40
m0 1 13
m1 2 14
m2 1 13
1 2 0
2 2 0
3 2 0
t 11 40
m0 1 14
m1 3 14
m2 1 12
1 3 0
2 3 0
3 3 0
t 10 40
m0 1 13
m1 3 14
m2 1 13
1 3 1
2 3 1
3 3 1
t 9 40
m0 1 13
m1 3 14
m2 1 14
1 3 2
2 3 2
3 3 2
t 8 40
m0 1 13
m1 4 14
m2 0 14
1 3 1
2 3 1
3 3 1
t 7 40
m0 1 13
m1 4 14
m2 1 14
1 3 2
2 3 2
3 3 2
t 6 40
m0 1 13
m1 3 14
m2 0 14
1 2 2
2 2 2
3 2 2
t 5 40
m0 1 13
m1 2 14
m2 0 14
1 3 2
2 3 2
3 3 2
t 4 40
m0 1 12
m1 2 13
m2 1 14
1 2 2
2 2 2
3 2 2
t 3 40
m0 1 13
m1 1 13
m2 0 14
1 3 2
2 3 2
3 3 2
t 2 40
m0 2 13
m1 1 13
m2 1 14
1 3 1
2 3 1
3 3 1
t 1 40
m0 2 14
m1 1 14
m2 0 14
1 3 1
2 3 1
3 3 1
t 0 40
