10
15
w 1 3
w 8 13
w 9 1
w 5 6
w 3 0
w 3 11
w 7 7
w 8 9
w 4 12
w 6 2
w 0 10
w 1 6
w 2 5
w 8 5
w 6 14
w 3 3
w 5 5
w 1 14
w 6 3
w 4 13
w 1 1
w 9 7
w 7 1
w 6 11
w 8 11
w 9 3
w 2 10
w 2 3
w 4 11
w 7 9
w 0 1
w 6 5
w 1 12
w 9 2
w 5 7
w 2 11
w 4 3
p 5 9
p 4 7
p 4 8
p 2 8
p 9 8
p 8 0
p 0 7
p 2 1
p 9 4
p 3 7
p 0 3
p 5 8
p 7 2
p 4 0
p 6 7
p 4 9
p 2 9
p 0 11
p 3 6
p 2 2
p 0 4
p 8 6
p 7 10
p 4 1
p 7 14
p 3 2
p 9 14
p 3 13
p 5 11
p 1 13
p 4 14
p 1 4
p 0 12
p 4 2
p 6 12
p 2 14
p 5 3
p 2 7
p 8 3
p 5 10
p 6 8
p 7 0
p 8 12
p 3 12
p 4 6
p 6 1
p 3 1
p 0 13
p 7 4
p 5 14
p 3 8
p 6 13
p 1 7
p 0 9
p 0 2
p 9 12
m0 0 14
m1 0 14
m2 0 14
1 9 0
2 9 0
3 9 0
t 300 0
m0 0 14
m1 0 14
m2 0 14
1 8 0
2 8 0
3 8 0
t 299 0
m0 0 14
m1 0 14
m2 0 14
1 9 0
2 9 0
3 9 0
t 298 0
m0 0 14
m1 0 14
m2 0 14
1 8 0
2 8 0
3 8 0
t 297 0
m0 0 14
m1 0 14
m2 0 14
1 9 0
2 9 0
3 9 0
t 296 0
m0 0 14
m1 0 14
m2 0 14
1 8 0
2 8 0
3 8 0
t 295 0
m0 0 14
m1 0 14
m2 0 14
1 9 0
2 9 0
3 9 0
t 294 0
m0 0 14
m1 0 14
m2 0 14
1 8 0
2 8 0
3 8 0
t 293 0
m0 0 14
m1 0 14
m2 0 14
1 9 0
2 9 0
3 9 0
f 1 2
t 292 0
m0 0 14
m1 0 14
m2 0 14
1 8 0
2 8 0
3 8 0
t 291 0
m0 0 14
m1 0 14
m2 0 14
1 9 0
2 9 0
3 9 0
t 290 0
m0 0 14
m1 0 14
m2 0 14
1 8 0
2 8 0
3 8 0
t 289 0
m0 0 14
m1 0 14
m2 0 14
1 9 0
2 9 0
3 9 0
t 288 0
m0 0 14
m1 0 14
m2 0 14
1 8 0
2 8 0
3 8 0
t 287 0
m0 0 14
m1 0 14
m2 0 14
1 9 0
2 9 0
3 9 0
t 286 0
m0 0 14
m1 0 14
m2 0 14
1 8 0
2 8 0
3 8 0
t 285 0
m0 0 14
m1 0 14
m2 0 14
1 9 0
2 9 0
3 9 0
t 284 0
m0 0 14
m1 0 14
m2 0 14
1 8 0
2 8 0
3 8 0
t 283 0
m0 0 14
m1 0 14
m2 0 14
1 9 0
2 9 0
3 9 0
t 282 0
m0 0 14
m1 0 14
m2 0 14
1 8 0
2 8 0
3 8 0
t 281 0
m0 0 14
m1 0 14
m2 0 14
1 9 0
2 9 0
3 9 0
t 280 0
m0 0 14
m1 0 14
m2 0 14
1 8 0
2 8 0
3 8 0
t 279 0
m0 0 14
m1 0 14
m2 0 14
1 9 0
2 9 0
3 9 0
t 278 0
m0 0 14
m1 0 14
m2 0 14
1 8 0
2 8 0
3 8 0
t 277 0
m0 0 14
m1 0 14
m2 0 14
1 9 0
2 9 0
3 9 0
t 276 0
m0 0 14
m1 0 14
m2 0 14
1 8 0
2 8 0
3 8 0
t 275 0
m0 0 14
m1 0 14
m2 0 14
1 9 0
2 9 0
3 9 0
t 274 0
m0 0 14
m1 0 14
m2 0 14
1 8 0
2 8 0
3 8 0
t 273 0
m0 0 14
m1 0 14
m2 0 14
1 9 0
2 9 0
3 9 0
t 272 0
m0 0 14
m1 0 14
m2 0 14
1 8 0
2 8 0
3 8 0
t 271 0
m0 0 14
m1 0 14
m2 0 14
1 9 0
2 9 0
3 9 0
t 270 0
m0 0 14
m1 0 14
m2 0 14
1 8 0
2 8 0
3 8 0
t 269 0
m0 0 14
m1 0 14
m2 0 14
1 9 0
2 9 0
3 9 0
t 268 0
m0 0 14
m1 0 14
m2 0 14
1 8 0
2 8 0
3 8 0
t 267 0
m0 0 14
m1 0 14
m2 0 14
1 9 0
2 9 0
3 9 0
t 266 0
m0 0 14
m1 0 14
m2 0 14
1 8 0
2 8 0
3 8 0
t 265 0
m0 0 14
m1 0 14
m2 0 14
1 9 0
2 9 0
3 9 0
t 264 0
m0 0 14
m1 0 14
m2 0 14
1 8 0
2 8 0
3 8 0
t 263 0
m0 0 14
m1 0 14
m2 0 14
1 9 0
2 9 0
3 9 0
t 262 0
m0 0 14
m1 0 14
m2 0 14
1 8 0
2 8 0
3 8 0
t 261 0
m0 0 14
m1 0 14
m2 0 14
1 9 0
2 9 0
3 9 0
t 260 0
m0 0 14
m1 0 14
m2 0 14
1 8 0
2 8 0
3 8 0
t 259 0
m0 0 14
m1 0 14
m2 0 14
1 9 0
2 9 0
3 9 0
t 258 0
m0 0 14
m1 0 14
m2 0 14
1 8 0
2 8 0
3 8 0
t 257 0
m0 0 14
m1 0 14
m2 0 14
1 9 0
2 9 0
3 9 0
t 256 0
m0 0 14
m1 0 14
m2 0 14
1 8 0
2 8 0
3 8 0
t 255 0
m0 0 14
m1 0 14
m2 0 14
1 9 0
2 9 0
3 9 0
t 254 0
m0 0 14
m1 0 14
m2 0 14
1 8 0
2 8 0
3 8 0
t 253 0
m0 0 14
m1 0 14
m2 0 14
1 9 0
2 9 0
3 9 0
t 252 0
m0 0 14
m1 0 14
m2 0 14
1 8 0
2 8 0
3 8 0
t 251 0
m0 0 14
m1 0 14
m2 0 14
1 9 0
2 9 0
3 9 0
t 250 0
m0 0 14
m1 0 14
m2 0 14
1 8 0
2 8 0
3 8 0
t 249 0
m0 0 14
m1 0 14
m2 0 14
1 9 0
2 9 0
3 9 0
t 248 0
m0 0 14
m1 0 14
m2 0 14
1 8 0
2 8 0
3 8 0
t 247 0
m0 0 14
m1 0 14
m2 0 14
1 9 0
2 9 0
3 9 0
t 246 0
m0 0 14
m1 0 14
m2 0 14
1 8 0
2 8 0
3 8 0
t 245 0
m0 0 14
m1 0 14
m2 0 14
1 9 0
2 9 0
3 9 0
t 244 0
m0 0 14
m1 0 14
m2 0 14
1 8 0
2 8 0
3 8 0
t 243 0
m0 0 14
m1 0 14
m2 0 14
1 9 0
2 9 0
3 9 0
t 242 0
m0 0 14
m1 0 14
m2 0 14
1 8 0
2 8 0
3 8 0
t 241 0
m0 0 14
m1 0 14
m2 0 14
1 9 0
2 9 0
3 9 0
t 240 0
m0 0 14
m1 0 14
m2 0 14
1 8 0
2 8 0
3 8 0
t 239 0
m0 0 14
m1 0 14
m2 0 14
1 9 0
2 9 0
3 9 0
t 238 0
m0 0 14
m1 0 14
m2 0 14
1 8 0
2 8 0
3 8 0
t 237 0
m0 0 14
m1 0 14
m2 0 14
1 9 0
2 9 0
3 9 0
t 236 0
m0 0 14
m1 0 14
m2 0 14
1 8 0
2 8 0
3 8 0
t 235 0
m0 0 14
m1 0 14
m2 0 14
1 9 0
2 9 0
3 9 0
t 234 0
m0 0 14
m1 0 14
m2 0 14
1 8 0
2 8 0
3 8 0
t 233 0
m0 0 14
m1 0 14
m2 0 14
1 9 0
2 9 0
3 9 0
t 232 0
m0 0 14
m1 0 14
m2 0 14
1 8 0
2 8 0
3 8 0
t 231 0
m0 0 14
m1 0 14
m2 0 14
1 9 0
2 9 0
3 9 0
t 230 0
m0 0 14
m1 0 14
m2 0 14
1 8 0
2 8 0
3 8 0
t 229 0
m0 0 14
m1 0 14
m2 0 14
1 9 0
2 9 0
3 9 0
t 228 0
m0 0 14
m1 0 14
m2 0 14
1 8 0
2 8 0
3 8 0
t 227 0
m0 0 14
m1 0 14
m2 0 14
1 9 0
2 9 0
3 9 0
t 226 0
m0 0 14
m1 0 14
m2 0 14
1 8 0
2 8 0
3 8 0
t 225 0
m0 0 14
m1 0 14
m2 0 14
1 9 0
2 9 0
3 9 0
t 224 0
m0 0 14
m1 0 14
m2 0 14
1 8 0
2 8 0
3 8 0
t 223 0
m0 0 14
m1 0 14
m2 0 14
1 9 0
2 9 0
3 9 0
t 222 0
m0 0 14
m1 0 14
m2 0 14
1 8 0
2 8 0
3 8 0
t 221 0
m0 0 14
m1 0 14
m2 0 14
1 9 0
2 9 0
3 9 0
t 220 0
m0 0 14
m1 0 14
m2 0 14
1 8 0
2 8 0
3 8 0
t 219 0
m0 0 14
m1 0 14
m2 0 14
1 9 0
2 9 0
3 9 0
t 218 0
m0 0 14
m1 0 14
m2 0 14
1 8 0
2 8 0
3 8 0
t 217 0
m0 0 14
m1 0 14
m2 0 14
1 9 0
2 9 0
3 9 0
t 216 0
m0 0 14
m1 0 14
m2 0 14
1 8 0
2 8 0
3 8 0
t 215 0
m0 0 14
m1 0 14
m2 0 14
1 9 0
2 9 0
3 9 0
t 214 0
m0 0 14
m1 0 14
m2 0 14
1 8 0
2 8 0
3 8 0
t 213 0
m0 0 14
m1 0 14
m2 0 14
1 9 0
2 9 0
3 9 0
t 212 0
m0 0 14
m1 0 14
m2 0 14
1 8 0
2 8 0
3 8 0
t 211 0
m0 0 14
m1 0 14
m2 0 14
1 9 0
2 9 0
3 9 0
t 210 0
m0 0 14
m1 0 14
m2 0 14
1 8 0
2 8 0
3 8 0
t 209 0
m0 0 14
m1 0 14
m2 0 14
1 9 0
2 9 0
3 9 0
t 208 0
m0 0 14
m1 0 14
m2 0 14
1 8 0
2 8 0
3 8 0
t 207 0
m0 0 14
m1 0 14
m2 0 14
1 9 0
2 9 0
3 9 0
t 206 0
m0 0 14
m1 0 14
m2 0 14
1 8 0
2 8 0
3 8 0
t 205 0
m0 0 14
m1 0 14
m2 0 14
1 9 0
2 9 0
3 9 0
t 204 0
m0 0 14
m1 0 14
m2 0 14
1 8 0
2 8 0
3 8 0
t 203 0
m0 0 14
m1 0 14
m2 0 14
1 9 0
2 9 0
3 9 0
t 202 0
m0 0 14
m1 0 14
m2 0 14
1 8 0
2 8 0
3 8 0
t 201 0
m0 0 14
m1 0 14
m2 0 14
1 9 0
2 9 0
3 9 0
t 200 0
m0 0 14
m1 0 14
m2 0 14
1 8 0
2 8 0
3 8 0
t 199 0
m0 0 14
m1 0 14
m2 0 14
1 9 0
2 9 0
3 9 0
t 198 0
m0 0 14
m1 0 14
m2 0 14
1 8 0
2 8 0
3 8 0
t 197 0
m0 0 14
m1 0 14
m2 0 14
1 9 0
2 9 0
3 9 0
t 196 0
m0 0 14
m1 0 14
m2 0 14
1 8 0
2 8 0
3 8 0
t 195 0
m0 0 14
m1 0 14
m2 0 14
1 9 0
2 9 0
3 9 0
t 194 0
m0 0 14
m1 0 14
m2 0 14
1 8 0
2 8 0
3 8 0
t 193 0
m0 0 14
m1 0 14
m2 0 14
1 9 0
2 9 0
3 9 0
t 192 0
m0 0 14
m1 0 14
m2 0 14
1 8 0
2 8 0
3 8 0
t 191 0
m0 0 14
m1 0 14
m2 0 14
1 9 0
2 9 0
3 9 0
t 190 0
m0 0 14
m1 0 14
m2 0 14
1 8 0
2 8 0
3 8 0
t 189 0
m0 0 14
m1 0 14
m2 0 14
1 9 0
2 9 0
3 9 0
t 188 0
m0 0 14
m1 0 14
m2 0 14
1 8 0
2 8 0
3 8 0
t 187 0
m0 0 14
m1 0 14
m2 0 14
1 9 0
2 9 0
3 9 0
t 186 0
m0 0 14
m1 0 14
m2 0 14
1 8 0
2 8 0
3 8 0
t 185 0
m0 0 14
m1 0 14
m2 0 14
1 9 0
2 9 0
3 9 0
t 184 0
m0 0 14
m1 0 14
m2 0 14
1 8 0
2 8 0
3 8 0
t 183 0
m0 0 14
m1 0 14
m2 0 14
1 9 0
2 9 0
3 9 0
t 182 0
m0 0 14
m1 0 14
m2 0 14
1 8 0
2 8 0
3 8 0
t 181 0
m0 0 14
m1 0 14
m2 0 14
1 9 0
2 9 0
3 9 0
t 180 0
m0 0 14
m1 0 14
m2 0 14
1 8 0
2 8 0
3 8 0
t 179 0
m0 0 14
m1 0 14
m2 0 14
1 9 0
2 9 0
3 9 0
t 178 0
m0 0 14
m1 0 14
m2 0 14
1 8 0
2 8 0
3 8 0
t 177 0
m0 0 14
m1 0 14
m2 0 14
1 9 0
2 9 0
3 9 0
t 176 0
m0 0 14
m1 0 14
m2 0 14
1 8 0
2 8 0
3 8 0
t 175 0
m0 0 14
m1 0 14
m2 0 14
1 9 0
2 9 0
3 9 0
t 174 0
m0 0 14
m1 0 14
m2 0 14
1 8 0
2 8 0
3 8 0
t 173 0
m0 0 14
m1 0 14
m2 0 14
1 9 0
2 9 0
3 9 0
t 172 0
m0 0 14
m1 0 14
m2 0 14
1 8 0
2 8 0
3 8 0
t 171 0
m0 0 14
m1 0 14
m2 0 14
1 9 0
2 9 0
3 9 0
t 170 0
m0 0 14
m1 0 14
m2 0 14
1 8 0
2 8 0
3 8 0
t 169 0
m0 0 14
m1 0 14
m2 0 14
1 9 0
2 9 0
3 9 0
t 168 0
m0 0 14
m1 0 14
m2 0 14
1 8 0
2 8 0
3 8 0
t 167 0
m0 0 14
m1 0 14
m2 0 14
1 9 0
2 9 0
3 9 0
t 166 0
m0 0 14
m1 0 14
m2 0 14
1 8 0
2 8 0
3 8 0
t 165 0
m0 0 14
m1 0 14
m2 0 14
1 9 0
2 9 0
3 9 0
t 164 0
m0 0 14
m1 0 14
m2 0 14
1 8 0
2 8 0
3 8 0
t 163 0
m0 0 14
m1 0 14
m2 0 14
1 9 0
2 9 0
3 9 0
t 162 0
m0 0 14
m1 0 14
m2 0 14
1 8 0
2 8 0
3 8 0
t 161 0
m0 0 14
m1 0 14
m2 0 14
1 9 0
2 9 0
3 9 0
t 160 0
m0 0 14
m1 0 14
m2 0 14
1 8 0
2 8 0
3 8 0
t 159 0
m0 0 14
m1 0 14
m2 0 14
1 9 0
2 9 0
3 9 0
t 158 0
m0 0 14
m1 0 14
m2 0 14
1 8 0
2 8 0
3 8 0
t 157 0
m0 0 14
m1 0 14
m2 0 14
1 9 0
2 9 0
3 9 0
t 156 0
m0 0 14
m1 0 14
m2 0 14
1 8 0
2 8 0
3 8 0
t 155 0
m0 0 14
m1 0 14
m2 0 14
1 9 0
2 9 0
3 9 0
t 154 0
m0 0 14
m1 0 14
m2 0 14
1 8 0
2 8 0
3 8 0
t 153 0
m0 0 14
m1 0 14
m2 0 14
1 9 0
2 9 0
3 9 0
t 152 0
m0 0 14
m1 0 14
m2 0 14
1 8 0
2 8 0
3 8 0
t 151 0
m0 0 14
m1 0 14
m2 0 14
1 9 0
2 9 0
3 9 0
t 150 0
m0 0 14
m1 0 14
m2 0 14
1 8 0
2 8 0
3 8 0
t 149 0
m0 0 14
m1 0 14
m2 0 14
1 9 0
2 9 0
3 9 0
t 148 0
m0 0 14
m1 0 14
m2 0 14
1 8 0
2 8 0
3 8 0
t 147 0
m0 0 14
m1 0 14
m2 0 14
1 9 0
2 9 0
3 9 0
t 146 0
m0 0 14
m1 0 14
m2 0 14
1 8 0
2 8 0
3 8 0
t 145 0
m0 0 14
m1 0 14
m2 0 14
1 9 0
2 9 0
3 9 0
t 144 0
m0 0 14
m1 0 14
m2 0 14
1 8 0
2 8 0
3 8 0
t 143 0
m0 0 14
m1 0 14
m2 0 14
1 9 0
2 9 0
3 9 0
t 142 0
m0 0 14
m1 0 14
m2 0 14
1 8 0
2 8 0
3 8 0
t 141 0
m0 0 14
m1 0 14
m2 0 14
1 9 0
2 9 0
3 9 0
t 140 0
m0 0 14
m1 0 14
m2 0 14
1 8 0
2 8 0
3 8 0
t 139 0
m0 0 14
m1 0 14
m2 0 14
1 9 0
2 9 0
3 9 0
t 138 0
m0 0 14
m1 0 14
m2 0 14
1 8 0
2 8 0
3 8 0
t 137 0
m0 0 14
m1 0 14
m2 0 14
1 9 0
2 9 0
3 9 0
t 136 0
m0 0 14
m1 0 14
m2 0 14
1 8 0
2 8 0
3 8 0
t 135 0
m0 0 14
m1 0 14
m2 0 14
1 9 0
2 9 0
3 9 0
t 134 0
m0 0 14
m1 0 14
m2 0 14
1 8 0
2 8 0
3 8 0
t 133 0
m0 0 14
m1 0 14
m2 0 14
1 9 0
2 9 0
3 9 0
t 132 0
m0 0 14
m1 0 14
m2 0 14
1 8 0
2 8 0
3 8 0
t 131 0
m0 0 14
m1 0 14
m2 0 14
1 9 0
2 9 0
3 9 0
t 130 0
m0 0 14
m1 0 14
m2 0 14
1 8 0
2 8 0
3 8 0
t 129 0
m0 0 14
m1 0 14
m2 0 14
1 9 0
2 9 0
3 9 0
t 128 0
m0 0 14
m1 0 14
m2 0 14
1 8 0
2 8 0
3 8 0
t 127 0
m0 0 14
m1 0 14
m2 0 14
1 9 0
2 9 0
3 9 0
t 126 0
m0 0 14
m1 0 14
m2 0 14
1 8 0
2 8 0
3 8 0
t 125 0
m0 0 14
m1 0 14
m2 0 14
1 9 0
2 9 0
3 9 0
t 124 0
m0 0 14
m1 0 14
m2 0 14
1 8 0
2 8 0
3 8 0
t 123 0
m0 0 14
m1 0 14
m2 0 14
1 9 0
2 9 0
3 9 0
t 122 0
m0 0 14
m1 0 14
m2 0 14
1 8 0
2 8 0
3 8 0
t 121 0
m0 0 14
m1 0 14
m2 0 14
1 9 0
2 9 0
3 9 0
t 120 0
m0 0 14
m1 0 14
m2 0 14
1 8 0
2 8 0
3 8 0
t 119 0
m0 0 14
m1 0 14
m2 0 14
1 9 0
2 9 0
3 9 0
t 118 0
m0 0 14
m1 0 14
m2 0 14
1 8 0
2 8 0
3 8 0
t 117 0
m0 0 14
m1 0 14
m2 0 14
1 9 0
2 9 0
3 9 0
t 116 0
m0 0 14
m1 0 14
m2 0 14
1 8 0
2 8 0
3 8 0
t 115 0
m0 0 14
m1 0 14
m2 0 14
1 9 0
2 9 0
3 9 0
t 114 0
m0 0 14
m1 0 14
m2 0 14
1 8 0
2 8 0
3 8 0
t 113 0
m0 0 14
m1 0 14
m2 0 14
1 9 0
2 9 0
3 9 0
t 112 0
m0 0 14
m1 0 14
m2 0 14
1 8 0
2 8 0
3 8 0
t 111 0
m0 0 14
m1 0 14
m2 0 14
1 9 0
2 9 0
3 9 0
t 110 0
m0 0 14
m1 0 14
m2 0 14
1 8 0
2 8 0
3 8 0
t 109 0
m0 0 14
m1 0 14
m2 0 14
1 9 0
2 9 0
3 9 0
t 108 0
m0 0 14
m1 0 14
m2 0 14
1 8 0
2 8 0
3 8 0
t 107 0
m0 0 14
m1 0 14
m2 0 14
1 9 0
2 9 0
3 9 0
t 106 0
m0 0 14
m1 0 14
m2 0 14
1 8 0
2 8 0
3 8 0
t 105 0
m0 0 14
m1 0 14
m2 0 14
1 9 0
2 9 0
3 9 0
t 104 0
m0 0 14
m1 0 14
m2 0 14
1 8 0
2 8 0
3 8 0
t 103 0
m0 0 14
m1 0 14
m2 0 14
1 9 0
2 9 0
3 9 0
t 102 0
m0 0 14
m1 0 14
m2 0 14
1 8 0
2 8 0
3 8 0
t 101 0
m0 0 14
m1 0 14
m2 0 14
1 9 0
2 9 0
3 9 0
t 100 0
m0 0 14
m1 0 14
m2 0 14
1 8 0
2 8 0
3 8 0
t 99 0
m0 0 14
m1 0 14
m2 0 14
1 9 0
2 9 0
3 9 0
t 98 0
m0 0 14
m1 0 14
m2 0 14
1 8 0
2 8 0
3 8 0
t 97 0
m0 0 14
m1 0 14
m2 0 14
1 9 0
2 9 0
3 9 0
t 96 0
m0 0 14
m1 0 14
m2 0 14
1 8 0
2 8 0
3 8 0
t 95 0
m0 0 14
m1 0 14
m2 0 14
1 9 0
2 9 0
3 9 0
t 94 0
m0 0 14
m1 0 14
m2 0 14
1 8 0
2 8 0
3 8 0
t 93 0
m0 0 14
m1 0 14
m2 0 14
1 9 0
2 9 0
3 9 0
t 92 0
m0 0 14
m1 0 14
m2 0 14
1 8 0
2 8 0
3 8 0
t 91 0
m0 0 14
m1 0 14
m2 0 14
1 9 0
2 9 0
3 9 0
t 90 0
m0 0 14
m1 0 14
m2 0 14
1 8 0
2 8 0
3 8 0
t 89 0
m0 0 14
m1 0 14
m2 0 14
1 9 0
2 9 0
3 9 0
t 88 0
m0 0 14
m1 0 14
m2 0 14
1 8 0
2 8 0
3 8 0
t 87 0
m0 0 14
m1 0 14
m2 0 14
1 9 0
2 9 0
3 9 0
t 86 0
m0 0 14
m1 0 14
m2 0 14
1 8 0
2 8 0
3 8 0
t 85 0
m0 0 14
m1 0 14
m2 0 14
1 9 0
2 9 0
3 9 0
t 84 0
m0 0 14
m1 0 14
m2 0 14
1 8 0
2 8 0
3 8 0
t 83 0
m0 0 14
m1 0 14
m2 0 14
1 9 0
2 9 0
3 9 0
t 82 0
m0 0 14
m1 0 14
m2 0 14
1 8 0
2 8 0
3 8 0
t 81 0
m0 0 14
m1 0 14
m2 0 14
1 9 0
2 9 0
3 9 0
t 80 0
m0 0 14
m1 0 14
m2 0 14
1 8 0
2 8 0
3 8 0
t 79 0
m0 0 14
m1 0 14
m2 0 14
1 9 0
2 9 0
3 9 0
t 78 0
m0 0 14
m1 0 14
m2 0 14
1 8 0
2 8 0
3 8 0
t 77 0
m0 0 14
m1 0 14
m2 0 14
1 9 0
2 9 0
3 9 0
t 76 0
m0 0 14
m1 0 14
m2 0 14
1 8 0
2 8 0
3 8 0
t 75 0
m0 0 14
m1 0 14
m2 0 14
1 9 0
2 9 0
3 9 0
t 74 0
m0 0 14
m1 0 14
m2 0 14
1 8 0
2 8 0
3 8 0
t 73 0
m0 0 14
m1 0 14
m2 0 14
1 9 0
2 9 0
3 9 0
t 72 0
m0 0 14
m1 0 14
m2 0 14
1 8 0
2 8 0
3 8 0
t 71 0
m0 0 14
m1 0 14
m2 0 14
1 9 0
2 9 0
3 9 0
t 70 0
m0 0 14
m1 0 14
m2 0 14
1 8 0
2 8 0
3 8 0
t 69 0
m0 0 14
m1 0 14
m2 0 14
1 9 0
2 9 0
3 9 0
t 68 0
m0 0 14
m1 0 14
m2 0 14
1 8 0
2 8 0
3 8 0
t 67 0
m0 0 14
m1 0 14
m2 0 14
1 9 0
2 9 0
3 9 0
t 66 0
m0 0 14
m1 0 14
m2 0 14
1 8 0
2 8 0
3 8 0
t 65 0
m0 0 14
m1 0 14
m2 0 14
1 9 0
2 9 0
3 9 0
t 64 0
m0 0 14
m1 0 14
m2 0 14
1 8 0
2 8 0
3 8 0
t 63 0
m0 0 14
m1 0 14
m2 0 14
1 9 0
2 9 0
3 9 0
t 62 0
m0 0 14
m1 0 14
m2 0 14
1 8 0
2 8 0
3 8 0
t 61 0
m0 0 14
m1 0 14
m2 0 14
1 9 0
2 9 0
3 9 0
t 60 0
m0 0 14
m1 0 14
m2 0 14
1 8 0
2 8 0
3 8 0
t 59 0
m0 0 14
m1 0 14
m2 0 14
1 9 0
2 9 0
3 9 0
t 58 0
m0 0 14
m1 0 14
m2 0 14
1 8 0
2 8 0
3 8 0
t 57 0
m0 0 14
m1 0 14
m2 0 14
1 9 0
2 9 0
3 9 0
t 56 0
m0 0 14
m1 0 14
m2 0 14
1 8 0
2 8 0
3 8 0
t 55 0
m0 0 14
m1 0 14
m2 0 14
1 9 0
2 9 0
3 9 0
t 54 0
m0 0 14
m1 0 14
m2 0 14
1 8 0
2 8 0
3 8 0
t 53 0
m0 0 14
m1 0 14
m2 0 14
1 9 0
2 9 0
3 9 0
t 52 0
m0 0 14
m1 0 14
m2 0 14
1 8 0
2 8 0
3 8 0
t 51 0
m0 0 14
m1 0 14
m2 0 14
1 9 0
2 9 0
3 9 0
t 50 0
m0 0 14
m1 0 14
m2 0 14
1 8 0
2 8 0
3 8 0
t 49 0
m0 0 14
m1 0 14
m2 0 14
1 9 0
2 9 0
3 9 0
t 48 0
m0 0 14
m1 0 14
m2 0 14
1 8 0
2 8 0
3 8 0
t 47 0
m0 0 14
m1 0 14
m2 0 14
1 9 0
2 9 0
3 9 0
t 46 0
m0 0 14
m1 0 14
m2 0 14
1 8 0
2 8 0
3 8 0
t 45 0
m0 0 14
m1 0 14
m2 0 14
1 9 0
2 9 0
3 9 0
t 44 0
m0 0 14
m1 0 14
m2 0 14
1 8 0
2 8 0
3 8 0
t 43 0
m0 0 14
m1 0 14
m2 0 14
1 9 0
2 9 0
3 9 0
t 42 0
m0 0 14
m1 0 14
m2 0 14
1 8 0
2 8 0
3 8 0
t 41 0
m0 0 14
m1 0 14
m2 0 14
1 9 0
2 9 0
3 9 0
t 40 0
m0 0 14
m1 0 14
m2 0 14
1 8 0
2 8 0
3 8 0
t 39 0
m0 0 14
m1 0 14
m2 0 14
1 9 0
2 9 0
3 9 0
t 38 0
m0 0 14
m1 0 14
m2 0 14
1 8 0
2 8 0
3 8 0
t 37 0
m0 0 14
m1 0 14
m2 0 14
1 9 0
2 9 0
3 9 0
t 36 0
m0 0 14
m1 0 14
m2 0 14
1 8 0
2 8 0
3 8 0
t 35 0
m0 0 14
m1 0 14
m2 0 14
1 9 0
2 9 0
3 9 0
t 34 0
m0 0 14
m1 0 14
m2 0 14
1 8 0
2 8 0
3 8 0
t 33 0
m0 0 14
m1 0 14
m2 0 14
1 9 0
2 9 0
3 9 0
t 32 0
m0 0 14
m1 0 14
m2 0 14
1 8 0
2 8 0
3 8 0
t 31 0
m0 0 14
m1 0 14
m2 0 14
1 9 0
2 9 0
3 9 0
t 30 0
m0 0 14
m1 0 14
m2 0 14
1 8 0
2 8 0
3 8 0
t 29 0
m0 0 14
m1 0 14
m2 0 14
1 9 0
2 9 0
3 9 0
t 28 0
m0 0 14
m1 0 14
m2 0 14
1 8 0
2 8 0
3 8 0
t 27 0
m0 0 14
m1 0 14
m2 0 14
1 9 0
2 9 0
3 9 0
t 26 0
m0 0 14
m1 0 14
m2 0 14
1 8 0
2 8 0
3 8 0
t 25 0
m0 0 14
m1 0 14
m2 0 14
1 9 0
2 9 0
3 9 0
t 24 0
m0 0 14
m1 0 14
m2 0 14
1 8 0
2 8 0
3 8 0
t 23 0
m0 0 14
m1 0 14
m2 0 14
1 9 0
2 9 0
3 9 0
t 22 0
m0 0 14
m1 0 14
m2 0 14
1 8 0
2 8 0
3 8 0
t 21 0
m0 0 14
m1 0 14
m2 0 14
1 9 0
2 9 0
3 9 0
t 20 0
m0 0 14
m1 0 14
m2 0 14
1 8 0
2 8 0
3 8 0
t 19 0
m0 0 14
m1 0 14
m2 0 14
1 9 0
2 9 0
3 9 0
t 18 0
m0 0 14
m1 0 14
m2 0 14
1 8 0
2 8 0
3 8 0
t 17 0
m0 0 14
m1 0 14
m2 0 14
1 9 0
2 9 0
3 9 0
t 16 0
m0 0 14
m1 0 14
m2 0 14
1 8 0
2 8 0
3 8 0
t 15 0
m0 0 14
m1 0 14
m2 0 14
1 9 0
2 9 0
3 9 0
t 14 0
m0 0 14
m1 0 14
m2 0 14
1 8 0
2 8 0
3 8 0
t 13 0
m0 0 14
m1 0 14
m2 0 14
1 9 0
2 9 0
3 9 0
t 12 0
m0 0 14
m1 0 14
m2 0 14
1 8 0
2 8 0
3 8 0
t 11 0
m0 0 14
m1 0 14
m2 0 14
1 9 0
2 9 0
3 9 0
t 10 0
m0 0 14
m1 0 14
m2 0 14
1 8 0
2 8 0
3 8 0
t 9 0
m0 0 14
m1 0 14
m2 0 14
1 9 0
2 9 0
3 9 0
t 8 0
m0 0 14
m1 0 14
m2 0 14
1 8 0
2 8 0
3 8 0
t 7 0
m0 0 14
m1 0 14
m2 0 14
1 9 0
2 9 0
3 9 0
t 6 0
m0 0 14
m1 0 14
m2 0 14
1 8 0
2 8 0
3 8 0
t 5 0
m0 0 14
m1 0 14
m2 0 14
1 9 0
2 9 0
3 9 0
t 4 0
m0 0 14
m1 0 14
m2 0 14
1 8 0
2 8 0
3 8 0
t 3 0
m0 0 14
m1 0 14
m2 0 14
1 9 0
2 9 0
3 9 0
t 2 0
m0 0 14
m1 0 14
m2 0 14
1 8 0
2 8 0
3 8 0
t 1 0
m0 0 14
m1 0 14
m2 0 14
1 8 0
2 8 0
3 8 0
t 0 0
