10
15
w 1 3
w 7 12
w 2 8
w 5 6
w 8 0
w 7 7
w 2 1
w 3 11
w 8 9
w 2 5
w 8 5
w 5 8
w 3 14
w 8 14
w 5 12
w 8 10
w 6 3
w 3 6
w 5 0
w 6 4
w 5 4
w 9 14
w 9 3
w 2 10
w 0 12
w 8 7
w 4 2
w 2 14
w 7 9
w 0 1
w 7 0
w 1 12
w 5 14
w 1 7
w 3 4
w 2 4
w 9 12
p 7 3
p 4 7
p 6 9
p 6 6
p 4 8
p 4 12
p 6 2
p 2 12
p 9 4
p 0 10
p 5 1
p 7 11
p 0 3
p 1 11
p 1 2
p 9 0
p 6 7
p 3 3
p 8 1
p 7 6
p 4 4
p 1 14
p 4 13
p 2 13
p 7 10
p 2 2
p 1 10
p 4 1
p 1 1
p 4 10
p 3 2
p 2 6
p 8 2
p 3 13
p 6 11
p 1 13
p 0 5
p 2 3
p 1 9
p 6 12
p 1 0
p 6 5
p 3 5
p 2 7
p 5 3
p 9 2
p 6 1
p 7 13
p 0 13
p 9 9
p 5 7
p 3 8
p 0 6
p 2 0
p 4 3
p 9 5
m0 0 14
m1 0 14
m2 0 14
1 9 0
2 9 0
3 9 0
t 300 0
m0 0 13
m1 0 13
m2 1 14
1 9 1
2 9 1
3 9 1
t 299 2
m0 1 13
m1 0 14
m2 0 14
1 9 0
2 8 1
3 9 2
t 298 3
m0 1 13
m1 0 13
m2 0 14
1 9 1
2 7 1
3 8 2
t 297 3
m0 2 13
m1 0 13
m2 1 14
1 9 0
2 6 1
3 8 3
t 296 4
m0 2 13
m1 0 14
m2 1 14
1 9 1
2 6 0
3 7 3
t 295 4
m0 2 13
m1 0 13
m2 1 14
1 9 0
2 6 1
3 8 3
t 294 4
m0 1 13
m1 1 13
m2 1 13
1 9 1
2 6 0
3 7 3
t 293 4
m0 0 13
m1 0 13
m2 1 13
1 9 0
2 6 1
3 8 3
t 292 4
m0 0 14
m1 0 14
m2 2 13
1 9 1
2 6 0
3 7 3
t 291 4
m0 0 14
m1 0 13
m2 3 13
1 9 0
2 6 1
3 8 3
t 290 5
m0 1 14
m1 1 13
m2 3 13
1 9 1
2 6 0
3 7 3
t 289 5
m0 0 14
m1 0 13
m2 3 12
1 9 0
2 6 1
3 8 3
t 288 5
m0 1 14
m1 0 13
m2 2 12
1 9 1
2 6 0
3 7 3
t 287 6
m0 1 13
m1 0 14
m2 2 11
1 9 0
2 6 1
3 8 3
t 286 6
m0 1 13
m1 1 14
m2 2 12
1 9 1
2 6 0
3 7 3
t 285 6
m0 0 13
m1 0 14
m2 2 11
1 9 0
2 6 1
3 8 3
t 284 6
m0 1 13
m1 0 14
m2 1 11
1 9 1
2 6 0
3 7 3
t 283 7
m0 1 13
m1 0 13
m2 0 11
1 9 0
2 6 1
3 8 3
t 282 7
m0 1 13
m1 0 13
m2 1 11
1 9 1
2 6 0
3 7 3
t 281 7
m0 1 13
m1 1 13
m2 0 11
1 9 0
2 6 1
3 8 3
t 280 7
m0 0 13
m1 2 13
m2 1 11
1 9 1
2 6 0
3 7 3
t 279 7
m0 1 13
m1 3 13
m2 0 11
1 9 0
2 6 1
3 8 3
t 278 7
m0 1 13
m1 3 12
m2 0 11
1 9 1
2 6 0
3 7 3
t 277 7
m0 1 13
m1 2 12
m2 0 11
1 9 0
2 6 1
3 8 3
f 0 13
t 276 7
m0 0 13
m1 2 12
m2 1 11
1 9 1
2 6 0
3 7 3
t 275 17
m0 0 14
m1 2 13
m2 0 11
1 9 0
2 6 1
3 8 3
t 274 17
m0 0 13
m1 1 13
m2 0 11
1 9 1
2 6 0
3 7 3
t 273 17
m0 0 14
m1 1 14
m2 1 11
1 9 0
2 6 1
3 8 3
t 272 17
m0 0 14
m1 1 13
m2 0 11
1 9 1
2 6 0
3 7 3
t 271 17
m0 0 13
m1 1 13
m2 0 10
1 9 0
2 6 1
3 8 3
t 270 18
m0 0 13
m1 2 13
m2 0 11
1 9 1
2 6 0
3 7 3
t 269 18
m0 1 13
m1 2 13
m2 0 10
1 9 0
2 6 1
3 8 3
t 268 18
m0 0 13
m1 2 13
m2 1 10
1 9 1
2 6 0
3 7 3
t 267 19
m0 1 13
m1 3 13
m2 1 9
1 9 0
2 6 1
3 8 3
t 266 20
m0 0 13
m1 2 13
m2 1 8
1 9 1
2 6 0
3 7 3
t 265 20
m0 0 14
m1 2 13
m2 0 8
1 9 0
2 6 1
3 8 3
t 264 20
m0 1 14
m1 3 13
m2 0 9
1 9 1
2 6 0
3 7 3
t 263 20
m0 0 14
m1 3 13
m2 1 9
1 9 0
2 6 1
3 8 3
t 262 20
m0 0 14
m1 2 13
m2 1 8
1 9 1
2 6 0
3 7 3
t 261 20
m0 1 14
m1 2 12
m2 0 8
1 9 0
2 6 1
3 8 3
t 260 20
m0 1 14
m1 3 12
m2 0 9
1 9 1
2 6 0
3 7 3
t 259 20
m0 0 14
m1 4 12
m2 0 8
1 9 0
2 6 1
3 8 3
t 258 21
m0 0 13
m1 3 12
m2 0 7
1 9 1
2 6 0
3 7 3
t 257 21
m0 1 13
m1 3 13
m2 0 7
1 9 0
2 6 1
3 8 3
t 256 21
m0 0 13
m1 4 13
m2 0 6
1 9 1
2 6 0
3 7 3
t 255 23
m0 0 13
m1 5 13
m2 0 6
1 9 0
2 6 1
3 8 3
t 254 23
m0 0 13
m1 6 13
m2 0 7
1 9 1
2 6 0
3 7 3
t 253 23
m0 0 13
m1 6 14
m2 0 7
1 9 0
2 6 1
3 8 3
t 252 23
m0 0 13
m1 7 14
m2 0 7
1 9 1
2 6 0
3 7 3
t 251 23
m0 0 14
m1 7 14
m2 0 8
1 9 0
2 6 1
3 8 3
f 5 10
t 250 23
m0 1 14
m1 6 14
m2 0 7
1 9 1
2 6 0
3 7 3
t 249 23
m0 1 14
m1 7 14
m2 0 6
1 9 0
2 6 1
3 8 3
t 248 23
m0 1 13
m1 6 14
m2 0 6
1 9 1
2 6 0
3 7 3
t 247 23
m0 0 13
m1 6 14
m2 0 5
1 9 0
2 6 1
3 8 3
t 246 24
m0 0 13
m1 7 14
m2 0 4
1 9 1
2 6 0
3 7 3
t 245 24
m0 1 13
m1 7 13
m2 0 3
1 9 0
2 6 1
3 8 3
t 244 26
m0 1 14
m1 6 13
m2 0 2
1 9 1
2 6 0
3 8 4
t 243 26
m0 1 14
m1 6 12
m2 0 2
1 9 0
2 6 1
3 9 4
t 242 27
m0 0 14
m1 6 12
m2 1 2
1 9 1
2 6 0
3 9 5
t 241 28
m0 0 14
m1 6 11
m2 1 2
1 9 0
2 6 1
3 9 6
t 240 29
m0 1 14
m1 6 10
m2 0 2
1 9 1
2 6 0
3 8 6
t 239 29
m0 0 14
m1 7 10
m2 1 2
1 9 2
2 6 1
3 7 6
t 238 30
m0 0 13
m1 7 11
m2 1 2
1 9 1
2 6 0
3 8 6
t 237 31
m0 0 14
m1 7 10
m2 1 1
1 9 2
2 6 1
3 7 6
t 236 32
m0 0 13
m1 6 10
m2 1 1
1 9 1
2 6 0
3 8 6
t 235 32
m0 1 13
m1 7 10
m2 1 0
1 9 2
2 6 1
3 7 6
t 234 33
m0 0 13
m1 7 10
m2 2 0
1 9 1
2 6 0
3 8 6
t 233 34
m0 1 13
m1 7 10
m2 2 0
1 9 2
2 6 1
3 7 6
t 232 34
m0 1 14
m1 7 10
m2 1 0
1 9 1
2 6 0
3 8 6
t 231 34
m0 1 14
m1 7 10
m2 2 0
1 9 2
2 6 1
3 7 6
t 230 34
m0 1 14
m1 7 10
m2 3 0
1 9 1
2 6 0
3 8 6
t 229 34
m0 0 14
m1 6 10
m2 2 0
1 9 2
2 6 1
3 7 6
t 228 34
m0 1 14
m1 6 9
m2 1 0
1 9 1
2 6 0
3 8 6
t 227 35
m0 0 14
m1 5 9
m2 0 0
1 9 2
2 6 1
3 7 6
t 226 35
m0 0 13
m1 5 9
m2 1 0
1 9 1
2 6 0
3 8 6
t 225 35
m0 0 13
m1 5 10
m2 1 0
1 9 2
2 6 1
3 7 6
t 224 45
m0 1 13
m1 5 9
m2 0 0
1 9 1
2 6 0
3 8 6
t 223 45
m0 1 13
m1 5 10
m2 0 0
1 9 2
2 6 1
3 7 6
t 222 45
m0 1 14
m1 4 10
m2 1 0
1 9 1
2 6 0
3 8 6
t 221 46
m0 1 14
m1 4 9
m2 0 0
1 9 2
2 6 1
3 7 6
t 220 46
m0 0 14
m1 4 8
m2 1 0
1 9 1
2 6 0
3 8 6
t 219 47
m0 0 14
m1 3 8
m2 1 1
1 9 2
2 6 1
3 7 6
f 0 2
t 218 48
m0 0 13
m1 3 9
m2 1 2
1 9 1
2 6 0
3 8 6
t 217 48
m0 0 14
m1 2 9
m2 0 2
1 9 2
2 6 1
3 7 6
t 216 58
m0 0 14
m1 2 9
m2 0 2
1 9 1
2 6 0
3 8 6
f 7 13
t 215 58
m0 1 14
m1 1 9
m2 0 3
1 9 2
2 6 1
3 7 6
t 214 58
m0 1 14
m1 0 9
m2 0 2
1 9 1
2 6 0
3 8 6
t 213 58
m0 1 14
m1 1 9
m2 1 2
1 9 2
2 6 1
3 7 6
t 212 58
m0 0 14
m1 1 9
m2 2 2
1 9 1
2 6 0
3 8 6
t 211 59
m0 1 14
m1 1 8
m2 2 3
1 9 2
2 6 1
3 7 6
t 210 60
m0 0 14
m1 1 8
m2 2 2
1 9 1
2 6 0
3 8 6
t 209 60
m0 0 13
m1 0 8
m2 3 2
1 9 2
2 6 1
3 7 6
t 208 61
m0 0 14
m1 1 8
m2 3 3
1 9 1
2 6 0
3 8 6
t 207 62
m0 0 14
m1 1 9
m2 3 3
1 9 2
2 6 1
3 7 6
t 206 62
m0 0 13
m1 1 9
m2 3 3
1 9 1
2 6 0
3 8 6
t 205 62
m0 0 14
m1 1 8
m2 4 3
1 9 2
2 6 1
3 7 6
t 204 63
m0 1 14
m1 1 8
m2 5 3
1 9 1
2 6 0
3 8 6
t 203 64
m0 1 14
m1 1 9
m2 5 2
1 9 2
2 6 1
3 7 6
t 202 64
m0 0 14
m1 2 9
m2 6 2
1 9 1
2 6 0
3 8 6
t 201 65
m0 0 13
m1 1 9
m2 7 2
1 9 2
2 6 1
3 7 6
t 200 65
m0 0 13
m1 2 9
m2 8 2
1 9 1
2 6 0
3 6 6
t 199 66
m0 0 14
m1 3 9
m2 -5 -5
1 9 2
2 6 1
3 7 6
t 198 67
m0 0 14
m1 3 8
m2 -5 -5
1 9 1
2 6 0
3 8 6
t 197 67
m0 0 14
m1 4 8
m2 -5 -5
1 9 2
2 6 1
3 7 6
t 196 67
m0 0 13
m1 4 8
m2 -5 -5
1 9 1
2 6 0
3 8 6
t 195 67
m0 0 14
m1 4 9
m2 -5 -5
1 9 2
2 6 1
3 7 6
t 194 67
m0 1 14
m1 3 9
m2 -5 -5
1 9 1
2 6 0
3 8 6
t 193 67
m0 0 14
m1 3 8
m2 -5 -5
1 9 2
2 6 1
3 7 6
t 192 67
m0 1 14
m1 3 9
m2 -5 -5
1 9 1
2 6 0
3 8 6
t 191 67
m0 0 14
m1 2 9
m2 -5 -5
1 9 2
2 6 1
3 7 6
t 190 67
m0 0 14
m1 2 9
m2 -5 -5
1 9 1
2 6 0
3 8 6
t 189 67
m0 0 14
m1 2 9
m2 -5 -5
1 9 2
2 6 1
3 7 6
t 188 67
m0 0 13
m1 2 9
m2 -5 -5
1 9 1
2 6 0
3 8 6
t 187 67
m0 0 14
m1 2 9
m2 -5 -5
1 9 2
2 6 1
3 7 6
t 186 67
m0 0 14
m1 3 9
m2 -5 -5
1 9 1
2 6 0
3 8 6
t 185 67
m0 0 14
m1 4 9
m2 -5 -5
1 9 2
2 6 1
3 7 6
t 184 67
m0 1 14
m1 4 8
m2 -5 -5
1 9 1
2 6 0
3 8 6
t 183 67
m0 0 14
m1 4 8
m2 -5 -5
1 9 2
2 6 1
3 7 6
t 182 67
m0 0 13
m1 4 7
m2 -5 -5
1 9 1
2 6 0
3 8 6
t 181 68
m0 0 14
m1 3 7
m2 -5 -5
1 9 2
2 6 1
3 7 6
t 180 68
m0 1 14
m1 4 7
m2 -5 -5
1 9 1
2 6 0
3 8 6
t 179 68
m0 0 14
m1 5 7
m2 -5 -5
1 9 2
2 6 1
3 7 6
t 178 69
m0 1 14
m1 6 7
m2 -5 -5
1 9 1
2 6 0
3 8 6
t 177 70
m0 1 13
m1 6 6
m2 -5 -5
1 9 2
2 6 1
3 7 6
t 176 71
m0 1 13
m1 6 5
m2 -5 -5
1 9 1
2 6 0
3 8 6
t 175 72
m0 2 13
m1 7 5
m2 -5 -5
1 9 2
2 6 1
3 7 6
t 174 72
m0 1 13
m1 7 4
m2 -5 -5
1 9 1
2 6 0
3 8 6
t 173 72
m0 1 14
m1 7 3
m2 -5 -5
1 9 2
2 6 1
3 7 6
t 172 73
m0 0 14
m1 8 3
m2 -5 -5
1 9 1
2 6 0
3 6 6
t 171 73
m0 1 14
m1 8 2
m2 -5 -5
1 9 2
2 6 1
3 6 7
t 170 73
m0 0 14
m1 8 1
m2 -5 -5
1 9 1
2 6 0
3 5 7
t 169 74
m0 1 14
m1 -5 -5
m2 -5 -5
1 9 2
2 6 1
3 4 7
t 168 74
m0 1 13
m1 -5 -5
m2 -5 -5
1 9 1
2 6 0
3 3 7
t 167 74
m0 2 13
m1 -5 -5
m2 -5 -5
1 9 2
2 6 1
3 2 7
t 166 74
m0 3 13
m1 -5 -5
m2 -5 -5
1 9 1
2 6 0
3 2 6
t 165 74
m0 4 13
m1 -5 -5
m2 -5 -5
1 9 2
2 6 1
3 1 6
t 164 74
m0 5 13
m1 -5 -5
m2 -5 -5
1 9 1
2 6 0
3 0 6
t 163 74
m0 6 13
m1 -5 -5
m2 -5 -5
1 9 2
2 6 1
3 0 7
t 162 74
m0 7 13
m1 -5 -5
m2 -5 -5
1 9 1
2 6 0
3 0 8
t 161 84
m0 8 13
m1 -5 -5
m2 -5 -5
1 9 2
2 6 1
3 0 9
t 160 84
m0 9 13
m1 -5 -5
m2 -5 -5
1 9 1
2 6 0
3 0 10
t 159 84
m0 8 13
m1 -5 -5
m2 -5 -5
1 9 2
2 6 1
3 0 11
t 158 84
m0 9 13
m1 -5 -5
m2 -5 -5
1 9 1
2 6 0
3 0 10
t 157 84
m0 8 13
m1 -5 -5
m2 -5 -5
1 9 2
2 6 1
3 0 11
t 156 84
m0 9 13
m1 -5 -5
m2 -5 -5
1 9 1
2 6 0
3 0 10
t 155 84
m0 8 13
m1 -5 -5
m2 -5 -5
1 9 2
2 6 1
3 0 11
t 154 84
m0 9 13
m1 -5 -5
m2 -5 -5
1 9 1
2 6 0
3 0 10
t 153 84
m0 8 13
m1 -5 -5
m2 -5 -5
1 9 2
2 6 1
3 0 11
t 152 84
m0 9 13
m1 -5 -5
m2 -5 -5
1 9 1
2 6 0
3 0 10
t 151 84
m0 8 13
m1 -5 -5
m2 -5 -5
1 9 2
2 6 1
3 0 11
t 150 84
m0 9 13
m1 -5 -5
m2 -5 -5
1 9 1
2 6 0
3 0 10
t 149 84
m0 8 13
m1 -5 -5
m2 -5 -5
1 9 2
2 6 1
3 0 11
t 148 84
m0 9 13
m1 -5 -5
m2 -5 -5
1 9 1
2 6 0
3 0 10
t 147 84
m0 8 13
m1 -5 -5
m2 -5 -5
1 9 2
2 6 1
3 0 11
t 146 84
m0 9 13
m1 -5 -5
m2 -5 -5
1 9 1
2 6 0
3 0 10
t 145 84
m0 8 13
m1 -5 -5
m2 -5 -5
1 9 2
2 6 1
3 0 11
t 144 84
m0 9 13
m1 -5 -5
m2 -5 -5
1 9 1
2 6 0
3 0 10
t 143 84
m0 8 13
m1 -5 -5
m2 -5 -5
1 9 2
2 6 1
3 0 11
t 142 84
m0 9 13
m1 -5 -5
m2 -5 -5
1 9 1
2 6 0
3 0 10
t 141 84
m0 8 13
m1 -5 -5
m2 -5 -5
1 9 2
2 6 1
3 0 11
t 140 84
m0 9 13
m1 -5 -5
m2 -5 -5
1 9 1
2 6 0
3 0 10
t 139 84
m0 8 13
m1 -5 -5
m2 -5 -5
1 9 2
2 6 1
3 0 11
t 138 84
m0 9 13
m1 -5 -5
m2 -5 -5
1 9 1
2 6 0
3 0 10
t 137 84
m0 8 13
m1 -5 -5
m2 -5 -5
1 9 2
2 6 1
3 0 11
t 136 84
m0 9 13
m1 -5 -5
m2 -5 -5
1 9 1
2 6 0
3 0 10
t 135 84
m0 8 13
m1 -5 -5
m2 -5 -5
1 9 2
2 6 1
3 0 11
t 134 84
m0 9 13
m1 -5 -5
m2 -5 -5
1 9 1
2 6 0
3 0 10
t 133 84
m0 8 13
m1 -5 -5
m2 -5 -5
1 9 2
2 6 1
3 0 11
t 132 84
m0 9 13
m1 -5 -5
m2 -5 -5
1 9 1
2 6 0
3 0 10
t 131 84
m0 8 13
m1 -5 -5
m2 -5 -5
1 9 2
2 6 1
3 0 11
t 130 84
m0 9 13
m1 -5 -5
m2 -5 -5
1 9 1
2 6 0
3 0 10
t 129 84
m0 8 13
m1 -5 -5
m2 -5 -5
1 9 2
2 6 1
3 0 11
t 128 84
m0 9 13
m1 -5 -5
m2 -5 -5
1 9 1
2 6 0
3 0 10
t 127 84
m0 8 13
m1 -5 -5
m2 -5 -5
1 9 2
2 6 1
3 0 11
t 126 84
m0 9 13
m1 -5 -5
m2 -5 -5
1 9 1
2 6 0
3 0 10
t 125 84
m0 8 13
m1 -5 -5
m2 -5 -5
1 9 2
2 6 1
3 0 11
t 124 84
m0 9 13
m1 -5 -5
m2 -5 -5
1 9 1
2 6 0
3 0 10
t 123 84
m0 8 13
m1 -5 -5
m2 -5 -5
1 9 2
2 6 1
3 0 11
t 122 84
m0 9 13
m1 -5 -5
m2 -5 -5
1 9 1
2 6 0
3 0 10
t 121 84
m0 8 13
m1 -5 -5
m2 -5 -5
1 9 2
2 6 1
3 0 11
t 120 84
m0 9 13
m1 -5 -5
m2 -5 -5
1 9 1
2 6 0
3 0 10
t 119 84
m0 8 13
m1 -5 -5
m2 -5 -5
1 9 2
2 6 1
3 0 11
t 118 84
m0 9 13
m1 -5 -5
m2 -5 -5
1 9 1
2 6 0
3 0 10
t 117 84
m0 8 13
m1 -5 -5
m2 -5 -5
1 9 2
2 6 1
3 0 11
t 116 84
m0 9 13
m1 -5 -5
m2 -5 -5
1 9 1
2 6 0
3 0 10
t 115 84
m0 8 13
m1 -5 -5
m2 -5 -5
1 9 2
2 6 1
3 0 11
t 114 84
m0 9 13
m1 -5 -5
m2 -5 -5
1 9 1
2 6 0
3 0 10
t 113 84
m0 8 13
m1 -5 -5
m2 -5 -5
1 9 2
2 6 1
3 0 11
t 112 84
m0 9 13
m1 -5 -5
m2 -5 -5
1 9 1
2 6 0
3 0 10
t 111 84
m0 8 13
m1 -5 -5
m2 -5 -5
1 9 2
2 6 1
3 0 11
t 110 84
m0 9 13
m1 -5 -5
m2 -5 -5
1 9 1
2 6 0
3 0 10
t 109 84
m0 8 13
m1 -5 -5
m2 -5 -5
1 9 2
2 6 1
3 0 11
t 108 84
m0 9 13
m1 -5 -5
m2 -5 -5
1 9 1
2 6 0
3 0 10
f 5 9
t 107 84
m0 8 13
m1 -5 -5
m2 -5 -5
1 9 2
2 6 1
3 0 11
t 106 84
m0 9 13
m1 -5 -5
m2 -5 -5
1 9 1
2 6 0
3 0 10
t 105 84
m0 8 13
m1 -5 -5
m2 -5 -5
1 9 2
2 6 1
3 0 11
t 104 84
m0 9 13
m1 -5 -5
m2 -5 -5
1 9 1
2 6 0
3 0 10
t 103 84
m0 8 13
m1 -5 -5
m2 -5 -5
1 9 2
2 6 1
3 0 11
t 102 84
m0 9 13
m1 -5 -5
m2 -5 -5
1 9 1
2 6 0
3 0 10
t 101 84
m0 8 13
m1 -5 -5
m2 -5 -5
1 9 2
2 6 1
3 0 11
t 100 84
m0 9 13
m1 -5 -5
m2 -5 -5
1 9 1
2 6 0
3 0 10
t 99 84
m0 8 13
m1 -5 -5
m2 -5 -5
1 9 2
2 6 1
3 0 11
t 98 84
m0 9 13
m1 -5 -5
m2 -5 -5
1 9 1
2 6 0
3 0 10
t 97 84
m0 8 13
m1 -5 -5
m2 -5 -5
1 9 2
2 6 1
3 0 11
t 96 84
m0 9 13
m1 -5 -5
m2 -5 -5
1 9 1
2 6 0
3 0 10
t 95 84
m0 8 13
m1 -5 -5
m2 -5 -5
1 9 2
2 6 1
3 0 11
t 94 84
m0 9 13
m1 -5 -5
m2 -5 -5
1 9 1
2 6 0
3 0 10
t 93 84
m0 8 13
m1 -5 -5
m2 -5 -5
1 9 2
2 6 1
3 0 11
t 92 84
m0 9 13
m1 -5 -5
m2 -5 -5
1 9 1
2 6 0
3 0 10
t 91 84
m0 8 13
m1 -5 -5
m2 -5 -5
1 9 2
2 6 1
3 0 11
t 90 84
m0 9 13
m1 -5 -5
m2 -5 -5
1 9 1
2 6 0
3 0 10
t 89 84
m0 8 13
m1 -5 -5
m2 -5 -5
1 9 2
2 6 1
3 0 11
t 88 84
m0 9 13
m1 -5 -5
m2 -5 -5
1 9 1
2 6 0
3 0 10
t 87 84
m0 8 13
m1 -5 -5
m2 -5 -5
1 9 2
2 6 1
3 0 11
t 86 84
m0 9 13
m1 -5 -5
m2 -5 -5
1 9 1
2 6 0
3 0 10
t 85 84
m0 8 13
m1 -5 -5
m2 -5 -5
1 9 2
2 6 1
3 0 11
t 84 84
m0 9 13
m1 -5 -5
m2 -5 -5
1 9 1
2 6 0
3 0 10
t 83 84
m0 8 13
m1 -5 -5
m2 -5 -5
1 9 2
2 6 1
3 0 11
t 82 84
m0 9 13
m1 -5 -5
m2 -5 -5
1 9 1
2 6 0
3 0 10
t 81 84
m0 8 13
m1 -5 -5
m2 -5 -5
1 9 2
2 6 1
3 0 11
t 80 84
m0 9 13
m1 -5 -5
m2 -5 -5
1 9 1
2 6 0
3 0 10
t 79 84
m0 8 13
m1 -5 -5
m2 -5 -5
1 9 2
2 6 1
3 0 11
t 78 84
m0 9 13
m1 -5 -5
m2 -5 -5
1 9 1
2 6 0
3 0 10
t 77 84
m0 8 13
m1 -5 -5
m2 -5 -5
1 9 2
2 6 1
3 0 11
t 76 84
m0 9 13
m1 -5 -5
m2 -5 -5
1 9 1
2 6 0
3 0 10
t 75 84
m0 8 13
m1 -5 -5
m2 -5 -5
1 9 2
2 6 1
3 0 11
t 74 84
m0 9 13
m1 -5 -5
m2 -5 -5
1 9 1
2 6 0
3 0 10
t 73 84
m0 8 13
m1 -5 -5
m2 -5 -5
1 9 2
2 6 1
3 0 11
t 72 84
m0 9 13
m1 -5 -5
m2 -5 -5
1 9 1
2 6 0
3 0 10
t 71 84
m0 8 13
m1 -5 -5
m2 -5 -5
1 9 2
2 6 1
3 0 11
t 70 84
m0 9 13
m1 -5 -5
m2 -5 -5
1 9 1
2 6 0
3 0 10
t 69 84
m0 8 13
m1 -5 -5
m2 -5 -5
1 9 2
2 6 1
3 0 11
t 68 84
m0 9 13
m1 -5 -5
m2 -5 -5
1 9 1
2 6 0
3 0 10
t 67 84
m0 8 13
m1 -5 -5
m2 -5 -5
1 9 2
2 6 1
3 0 11
t 66 84
m0 9 13
m1 -5 -5
m2 -5 -5
1 9 1
2 6 0
3 0 10
t 65 84
m0 8 13
m1 -5 -5
m2 -5 -5
1 9 2
2 6 1
3 0 11
t 64 84
m0 9 13
m1 -5 -5
m2 -5 -5
1 9 1
2 6 0
3 0 10
t 63 84
m0 8 13
m1 -5 -5
m2 -5 -5
1 9 2
2 6 1
3 0 11
t 62 84
m0 9 13
m1 -5 -5
m2 -5 -5
1 9 1
2 6 0
3 0 10
t 61 84
m0 8 13
m1 -5 -5
m2 -5 -5
1 9 2
2 6 1
3 0 11
t 60 84
m0 9 13
m1 -5 -5
m2 -5 -5
1 9 1
2 6 0
3 0 10
t 59 84
m0 8 13
m1 -5 -5
m2 -5 -5
1 9 2
2 6 1
3 0 11
t 58 84
m0 9 13
m1 -5 -5
m2 -5 -5
1 9 1
2 6 0
3 0 10
t 57 84
m0 8 13
m1 -5 -5
m2 -5 -5
1 9 2
2 6 1
3 0 11
t 56 84
m0 9 13
m1 -5 -5
m2 -5 -5
1 9 1
2 6 0
3 0 10
t 55 84
m0 8 13
m1 -5 -5
m2 -5 -5
1 9 2
2 6 1
3 0 11
t 54 84
m0 9 13
m1 -5 -5
m2 -5 -5
1 9 1
2 6 0
3 0 10
t 53 84
m0 8 13
m1 -5 -5
m2 -5 -5
1 9 2
2 6 1
3 0 11
t 52 84
m0 9 13
m1 -5 -5
m2 -5 -5
1 9 1
2 6 0
3 0 10
t 51 84
m0 8 13
m1 -5 -5
m2 -5 -5
1 9 2
2 6 1
3 0 11
t 50 84
m0 9 13
m1 -5 -5
m2 -5 -5
1 9 1
2 6 0
3 0 10
t 49 84
m0 8 13
m1 -5 -5
m2 -5 -5
1 9 2
2 6 1
3 0 11
t 48 84
m0 9 13
m1 -5 -5
m2 -5 -5
1 9 1
2 6 0
3 0 10
t 47 84
m0 8 13
m1 -5 -5
m2 -5 -5
1 9 2
2 6 1
3 0 11
t 46 84
m0 9 13
m1 -5 -5
m2 -5 -5
1 9 1
2 6 0
3 0 10
t 45 84
m0 8 13
m1 -5 -5
m2 -5 -5
1 9 2
2 6 1
3 0 11
t 44 84
m0 9 13
m1 -5 -5
m2 -5 -5
1 9 1
2 6 0
3 0 10
t 43 84
m0 8 13
m1 -5 -5
m2 -5 -5
1 9 2
2 6 1
3 0 11
t 42 84
m0 9 13
m1 -5 -5
m2 -5 -5
1 9 1
2 6 0
3 0 10
t 41 84
m0 8 13
m1 -5 -5
m2 -5 -5
1 9 2
2 6 1
3 0 11
t 40 84
m0 9 13
m1 -5 -5
m2 -5 -5
1 9 1
2 6 0
3 0 10
t 39 84
m0 8 13
m1 -5 -5
m2 -5 -5
1 9 2
2 6 1
3 0 11
t 38 84
m0 9 13
m1 -5 -5
m2 -5 -5
1 9 1
2 6 0
3 0 10
t 37 84
m0 8 13
m1 -5 -5
m2 -5 -5
1 9 2
2 6 1
3 0 11
t 36 84
m0 9 13
m1 -5 -5
m2 -5 -5
1 9 1
2 6 0
3 0 10
t 35 84
m0 8 13
m1 -5 -5
m2 -5 -5
1 9 2
2 6 1
3 0 11
t 34 84
m0 9 13
m1 -5 -5
m2 -5 -5
1 9 1
2 6 0
3 0 10
t 33 84
m0 8 13
m1 -5 -5
m2 -5 -5
1 9 2
2 6 1
3 0 11
t 32 84
m0 9 13
m1 -5 -5
m2 -5 -5
1 9 1
2 6 0
3 0 10
t 31 84
m0 8 13
m1 -5 -5
m2 -5 -5
1 9 2
2 6 1
3 0 11
t 30 84
m0 9 13
m1 -5 -5
m2 -5 -5
1 9 1
2 6 0
3 0 10
t 29 84
m0 8 13
m1 -5 -5
m2 -5 -5
1 9 2
2 6 1
3 0 11
t 28 84
m0 9 13
m1 -5 -5
m2 -5 -5
1 9 1
2 6 0
3 0 10
t 27 84
m0 8 13
m1 -5 -5
m2 -5 -5
1 9 2
2 6 1
3 0 11
t 26 84
m0 9 13
m1 -5 -5
m2 -5 -5
1 9 1
2 6 0
3 0 10
t 25 84
m0 8 13
m1 -5 -5
m2 -5 -5
1 9 2
2 6 1
3 0 11
t 24 84
m0 9 13
m1 -5 -5
m2 -5 -5
1 9 1
2 6 0
3 0 10
t 23 84
m0 8 13
m1 -5 -5
m2 -5 -5
1 9 2
2 6 1
3 0 11
t 22 84
m0 9 13
m1 -5 -5
m2 -5 -5
1 9 1
2 6 0
3 0 10
t 21 84
m0 8 13
m1 -5 -5
m2 -5 -5
1 9 2
2 6 1
3 0 11
t 20 84
m0 9 13
m1 -5 -5
m2 -5 -5
1 9 1
2 6 0
3 0 10
t 19 84
m0 8 13
m1 -5 -5
m2 -5 -5
1 9 2
2 6 1
3 0 11
t 18 84
m0 9 13
m1 -5 -5
m2 -5 -5
1 9 1
2 6 0
3 0 10
t 17 84
m0 8 13
m1 -5 -5
m2 -5 -5
1 9 2
2 6 1
3 0 11
t 16 84
m0 9 13
m1 -5 -5
m2 -5 -5
1 9 1
2 6 0
3 0 10
t 15 84
m0 8 13
m1 -5 -5
m2 -5 -5
1 9 2
2 6 1
3 0 11
t 14 84
m0 9 13
m1 -5 -5
m2 -5 -5
1 9 1
2 6 0
3 0 10
t 13 84
m0 8 13
m1 -5 -5
m2 -5 -5
1 9 2
2 6 1
3 0 11
t 12 84
m0 9 13
m1 -5 -5
m2 -5 -5
1 9 1
2 6 0
3 0 10
t 11 84
m0 8 13
m1 -5 -5
m2 -5 -5
1 9 2
2 6 1
3 0 11
t 10 84
m0 9 13
m1 -5 -5
m2 -5 -5
1 9 1
2 6 0
3 0 10
t 9 84
m0 8 13
m1 -5 -5
m2 -5 -5
1 9 2
2 6 1
3 0 11
t 8 84
m0 9 13
m1 -5 -5
m2 -5 -5
1 9 1
2 6 0
3 0 10
t 7 84
m0 8 13
m1 -5 -5
m2 -5 -5
1 9 2
2 6 1
3 0 11
t 6 84
m0 9 13
m1 -5 -5
m2 -5 -5
1 9 1
2 6 0
3 0 10
t 5 84
m0 8 13
m1 -5 -5
m2 -5 -5
1 9 2
2 6 1
3 0 11
t 4 84
m0 9 13
m1 -5 -5
m2 -5 -5
1 9 1
2 6 0
3 0 10
t 3 84
m0 8 13
m1 -5 -5
m2 -5 -5
1 9 2
2 6 1
3 0 11
t 2 84
m0 9 13
m1 -5 -5
m2 -5 -5
1 9 1
2 6 0
3 0 10
t 1 84
m0 8 13
m1 -5 -5
m2 -5 -5
1 9 1
2 6 0
3 0 10
t 0 84
