10
15
w 7 3
w 5 9
w 1 3
w 9 1
w 7 12
w 3 11
w 0 7
w 5 1
w 8 5
w 4 0
w 4 9
w 3 3
w 6 7
w 1 14
w 4 13
w 6 3
w 7 10
w 3 6
w 1 10
w 5 0
w 5 4
w 3 2
w 7 1
w 9 3
w 9 10
w 0 5
w 6 12
w 2 14
w 0 8
w 6 5
w 2 7
w 5 7
w 7 13
w 0 6
w 8 8
w 9 5
w 3 4
p 4 7
p 8 13
p 4 8
p 5 6
p 9 8
p 8 0
p 5 13
p 7 7
p 8 9
p 0 10
p 7 11
p 3 7
p 2 5
p 2 4
p 7 2
p 1 2
p 8 14
p 9 0
p 8 1
p 5 12
p 7 6
p 3 10
p 4 4
p 1 5
p 0 11
p 0 4
p 2 2
p 6 4
p 0 0
p 4 5
p 8 11
p 6 0
p 0 12
p 2 10
p 3 9
p 7 5
p 1 0
p 9 6
p 7 9
p 0 1
p 9 13
p 8 3
p 3 5
p 8 12
p 9 2
p 6 1
p 3 1
p 0 13
p 7 4
p 5 14
p 1 8
p 2 0
p 1 7
p 7 8
p 0 2
p 9 12
m0 0 14
m1 0 14
m2 0 14
1 9 0
2 9 0
3 9 0
t 300 0
m0 0 14
m1 0 14
m2 0 13
1 8 0
2 8 0
3 8 0
t 299 1
m0 0 14
m1 0 13
m2 0 14
1 7 0
2 9 0
3 9 0
t 298 1
m0 0 13
m1 0 14
m2 0 14
1 8 0
2 8 0
3 8 0
t 297 1
m0 1 13
m1 0 13
m2 0 14
1 8 1
2 9 0
3 7 0
t 296 1
m0 1 13
m1 0 14
m2 0 13
1 8 0
2 8 0
3 6 0
t 295 1
m0 2 13
m1 0 14
m2 0 13
1 7 0
2 9 0
3 7 0
t 294 1
m0 1 13
m1 0 14
m2 0 12
1 8 0
2 8 0
3 6 0
t 293 2
m0 0 13
m1 0 14
m2 1 12
1 9 0
2 9 0
3 6 1
t 292 2
m0 1 13
m1 0 13
m2 2 12
1 8 0
2 8 0
3 6 0
t 291 2
m0 0 13
m1 0 14
m2 2 12
1 8 1
2 9 0
3 6 1
t 290 2
m0 1 13
m1 0 13
m2 2 12
1 8 2
2 8 0
3 6 2
t 289 2
m0 0 13
m1 0 12
m2 2 12
1 8 1
2 9 0
3 7 2
t 288 2
m0 0 14
m1 0 11
m2 2 13
1 8 0
2 8 0
3 8 2
t 287 3
m0 0 14
m1 0 10
m2 1 13
1 8 1
2 9 0
3 8 3
t 286 4
m0 0 13
m1 0 10
m2 0 13
1 8 0
2 8 0
3 8 2
t 285 4
m0 0 14
m1 0 10
m2 0 13
1 9 0
2 9 0
3 9 2
t 284 4
m0 0 14
m1 0 9
m2 0 12
1 8 0
2 8 0
3 8 2
t 283 4
m0 0 13
m1 1 9
m2 1 12
1 7 0
2 9 0
3 8 1
t 282 4
m0 0 14
m1 1 9
m2 1 13
1 8 0
2 8 0
3 8 2
t 281 4
m0 0 14
m1 1 8
m2 2 13
1 7 0
2 9 0
3 9 2
t 280 5
m0 0 13
m1 1 8
m2 2 12
1 8 0
2 8 0
3 8 2
t 279 5
m0 0 13
m1 1 9
m2 3 12
1 9 0
2 9 0
3 9 2
t 278 5
m0 0 14
m1 1 8
m2 3 13
1 8 0
2 8 0
3 8 2
t 277 5
m0 0 14
m1 1 8
m2 3 14
1 8 1
2 9 0
3 8 3
t 276 5
m0 0 13
m1 1 7
m2 3 13
1 8 2
2 8 0
3 8 4
t 275 6
m0 0 14
m1 1 7
m2 3 13
1 8 1
2 9 0
3 7 4
t 274 6
m0 0 13
m1 1 7
m2 3 14
1 8 2
2 8 0
3 6 4
f 7 0
t 273 6
m0 0 13
m1 1 6
m2 3 14
1 7 2
2 9 0
3 7 4
t 272 6
m0 1 13
m1 1 5
m2 4 14
1 8 2
2 8 0
3 8 4
t 271 7
m0 0 13
m1 1 5
m2 5 14
1 7 2
2 9 0
3 7 4
t 270 8
m0 0 14
m1 1 4
m2 4 14
1 8 2
2 8 0
3 7 5
t 269 8
m0 0 13
m1 2 4
m2 4 14
1 9 2
2 9 0
3 7 6
t 268 9
m0 1 13
m1 2 3
m2 3 14
1 8 2
2 8 0
3 8 6
t 267 9
m0 1 12
m1 2 3
m2 4 14
1 9 2
2 9 0
3 7 6
t 266 9
m0 1 12
m1 2 3
m2 4 14
1 8 2
2 8 0
3 7 7
t 265 9
m0 1 11
m1 2 2
m2 4 14
1 7 2
2 9 0
3 7 8
t 264 10
m0 2 11
m1 1 2
m2 3 14
1 8 2
2 8 0
3 7 9
t 263 11
m0 2 10
m1 0 2
m2 3 14
1 8 3
2 9 0
3 7 8
t 262 13
m0 2 11
m1 0 1
m2 3 14
1 8 4
2 8 0
3 7 7
t 261 14
m0 2 12
m1 0 2
m2 4 14
1 9 4
2 9 0
3 8 7
t 260 14
m0 1 12
m1 1 2
m2 5 14
1 8 4
2 8 0
3 7 7
t 259 14
m0 1 12
m1 0 2
m2 5 14
1 8 3
2 9 0
3 8 7
t 258 14
m0 1 13
m1 0 2
m2 5 13
1 8 4
2 8 0
3 7 7
t 257 15
m0 1 12
m1 0 2
m2 5 13
1 8 3
2 9 0
3 7 6
t 256 15
m0 1 13
m1 0 1
m2 5 13
1 8 2
2 8 0
3 7 5
t 255 15
m0 1 13
m1 0 1
m2 5 13
1 7 2
2 9 0
3 7 4
t 254 15
m0 1 12
m1 0 1
m2 5 12
1 8 2
2 8 0
3 7 5
t 253 16
m0 1 11
m1 0 1
m2 4 12
1 8 3
2 9 0
3 7 4
t 252 16
m0 1 12
m1 0 1
m2 5 12
1 8 4
2 8 0
3 8 4
t 251 16
m0 1 11
m1 0 1
m2 5 11
1 9 4
2 9 0
3 7 4
t 250 16
m0 2 11
m1 0 0
m2 4 11
1 8 4
2 8 0
3 7 5
t 249 17
m0 2 12
m1 0 1
m2 4 10
1 9 4
2 9 0
3 7 6
t 248 17
m0 2 11
m1 0 0
m2 3 10
1 8 4
2 8 0
3 7 7
t 247 18
m0 2 12
m1 0 0
m2 3 10
1 9 4
2 9 0
3 7 8
t 246 18
m0 2 12
m1 1 0
m2 4 10
1 8 4
2 8 0
3 7 7
t 245 19
m0 3 12
m1 2 0
m2 3 10
1 9 4
2 9 0
3 8 7
t 244 20
m0 3 13
m1 2 1
m2 2 10
1 8 4
2 8 0
3 7 7
t 243 20
m0 3 14
m1 2 0
m2 2 10
1 9 4
2 9 0
3 8 7
t 242 20
m0 3 14
m1 3 0
m2 2 9
1 8 4
2 8 0
3 9 7
t 241 20
m0 3 13
m1 3 1
m2 2 9
1 7 4
2 9 0
3 8 7
t 240 21
m0 3 13
m1 4 1
m2 1 9
1 6 4
2 8 0
3 7 7
t 239 21
m0 3 14
m1 4 1
m2 0 9
1 7 4
2 9 0
3 7 8
t 238 21
m0 4 14
m1 4 2
m2 0 10
1 8 4
2 8 0
3 6 8
t 237 21
m0 5 14
m1 5 2
m2 0 11
1 9 4
2 9 0
3 7 8
t 236 21
m0 6 14
m1 4 2
m2 1 11
1 8 4
2 8 0
3 6 8
t 235 21
m0 5 14
m1 4 3
m2 1 12
1 9 4
2 9 0
3 5 8
t 234 21
m0 5 14
m1 4 3
m2 1 13
1 8 4
2 8 0
3 4 8
t 233 21
m0 6 14
m1 5 3
m2 1 12
1 9 4
2 9 0
3 5 8
t 232 21
m0 7 14
m1 5 3
m2 1 13
1 8 4
2 8 0
3 4 8
t 231 21
m0 7 14
m1 5 2
m2 1 12
1 9 4
2 9 0
3 4 7
t 230 21
m0 8 14
m1 5 2
m2 1 11
1 8 4
2 8 0
3 4 8
t 229 22
m0 8 14
m1 4 2
m2 1 12
1 9 4
2 9 0
3 4 7
t 228 22
m0 8 13
m1 4 1
m2 0 12
1 8 4
2 8 0
3 4 8
t 227 23
m0 9 13
m1 3 1
m2 0 11
1 9 4
2 9 0
3 4 7
t 226 24
m0 9 14
m1 4 1
m2 1 11
1 8 4
2 8 0
3 4 6
t 225 24
m0 9 14
m1 4 1
m2 0 11
1 9 4
2 9 0
3 4 5
t 224 24
m0 9 14
m1 3 1
m2 0 11
1 8 4
2 8 0
3 5 5
t 223 24
m0 9 14
m1 3 0
m2 0 11
1 8 3
2 9 0
3 5 6
t 222 24
m0 8 14
m1 3 0
m2 1 11
1 8 4
2 8 0
3 5 5
t 221 24
m0 9 14
m1 2 0
m2 0 11
1 9 4
2 9 0
3 4 5
t 220 24
m0 9 14
m1 1 0
m2 0 12
1 8 4
2 8 0
3 4 6
t 219 24
m0 9 13
m1 1 1
m2 1 12
1 8 3
2 9 0
3 5 6
t 218 24
m0 9 13
m1 1 1
m2 0 12
1 8 4
2 8 0
3 5 5
t 217 24
m0 9 14
m1 1 1
m2 0 13
1 7 4
2 9 0
3 4 5
t 216 24
m0 9 14
m1 1 2
m2 0 14
1 7 5
2 8 0
3 4 6
t 215 24
m0 9 13
m1 0 2
m2 0 13
1 7 4
2 9 0
3 5 6
t 214 24
m0 9 14
m1 0 1
m2 0 14
1 8 4
2 8 0
3 5 5
t 213 24
m0 8 14
m1 1 1
m2 0 14
1 9 4
2 9 0
3 5 6
t 212 24
m0 8 14
m1 1 0
m2 0 13
1 8 4
2 8 0
3 4 6
t 211 24
m0 9 14
m1 2 0
m2 0 14
1 7 4
2 9 0
3 5 6
t 210 24
m0 9 14
m1 2 1
m2 0 14
1 8 4
2 8 0
3 5 5
t 209 24
m0 9 13
m1 3 1
m2 0 14
1 9 4
2 9 0
3 5 6
t 208 24
m0 9 13
m1 3 1
m2 0 13
1 8 4
2 8 0
3 4 6
t 207 24
m0 9 12
m1 4 1
m2 0 14
1 9 4
2 9 0
3 4 7
t 206 25
m0 8 12
m1 4 1
m2 0 13
1 8 4
2 8 0
3 4 8
t 205 26
m0 8 11
m1 3 1
m2 0 14
1 7 4
2 9 0
3 4 7
t 204 27
m0 8 10
m1 3 1
m2 0 14
1 6 4
2 8 0
3 3 7
t 203 27
m0 8 11
m1 4 1
m2 0 14
1 7 4
2 9 0
3 4 7
t 202 27
m0 7 11
m1 4 1
m2 0 13
1 8 4
2 8 0
3 4 6
t 201 28
m0 8 11
m1 3 1
m2 0 14
1 9 4
2 9 0
3 4 5
t 200 28
m0 8 12
m1 3 1
m2 0 13
1 8 4
2 8 0
3 3 5
t 199 28
m0 9 12
m1 3 0
m2 1 13
1 9 4
2 9 0
3 4 5
t 198 28
m0 9 12
m1 3 1
m2 0 13
1 8 4
2 8 0
3 3 5
t 197 28
m0 9 12
m1 3 0
m2 0 13
1 8 3
2 9 0
3 4 5
t 196 28
m0 9 13
m1 2 0
m2 0 12
1 8 4
2 8 0
3 3 5
t 195 28
m0 9 13
m1 2 0
m2 0 12
1 7 4
2 9 0
3 4 5
t 194 28
m0 9 14
m1 2 1
m2 0 11
1 8 4
2 8 0
3 4 4
t 193 28
m0 9 14
m1 1 1
m2 0 12
1 9 4
2 9 0
3 4 5
t 192 28
m0 8 14
m1 1 0
m2 0 12
1 8 4
2 8 0
3 3 5
t 191 28
m0 7 14
m1 2 0
m2 0 13
1 7 4
2 9 0
3 4 5
t 190 28
m0 8 14
m1 2 1
m2 0 13
1 8 4
2 8 0
3 3 5
t 189 28
m0 8 13
m1 1 1
m2 0 14
1 9 4
2 9 0
3 4 5
t 188 28
m0 8 13
m1 2 1
m2 0 14
1 8 4
2 8 0
3 4 4
t 187 28
m0 9 13
m1 3 1
m2 0 13
1 9 4
2 9 0
3 4 5
t 186 28
m0 9 14
m1 3 0
m2 0 14
1 8 4
2 8 0
3 4 4
t 185 28
m0 9 13
m1 2 0
m2 0 14
1 9 4
2 9 0
3 4 3
t 184 28
m0 9 14
m1 2 0
m2 0 14
1 8 4
2 8 0
3 4 4
t 183 28
m0 9 13
m1 1 0
m2 0 14
1 8 3
2 9 0
3 4 3
t 182 28
m0 9 13
m1 1 0
m2 0 14
1 8 4
2 8 0
3 5 3
t 181 28
m0 9 12
m1 0 0
m2 0 14
1 7 4
2 9 0
3 4 3
t 180 28
m0 9 13
m1 1 0
m2 0 14
1 8 4
2 8 0
3 4 2
t 179 28
m0 9 13
m1 0 0
m2 0 14
1 7 4
2 9 0
3 5 2
t 178 28
m0 9 13
m1 0 1
m2 0 13
1 7 5
2 8 0
3 5 3
t 177 28
m0 9 14
m1 0 1
m2 0 14
1 7 4
2 9 0
3 4 3
t 176 28
m0 8 14
m1 1 1
m2 0 14
1 8 4
2 8 0
3 5 3
t 175 28
m0 9 14
m1 1 2
m2 0 14
1 9 4
2 9 0
3 5 2
t 174 28
m0 9 14
m1 2 2
m2 0 13
1 8 4
2 8 0
3 6 2
t 173 28
m0 8 14
m1 2 2
m2 0 13
1 9 4
2 9 0
3 7 2
t 172 28
m0 7 14
m1 1 2
m2 0 14
1 8 4
2 8 0
3 8 2
t 171 28
m0 6 14
m1 0 2
m2 0 14
1 9 4
2 9 0
3 8 3
t 170 28
m0 6 14
m1 0 2
m2 0 14
1 8 4
2 8 0
3 8 4
t 169 28
m0 5 14
m1 0 3
m2 0 14
1 8 3
2 9 0
3 7 4
t 168 28
m0 5 14
m1 0 2
m2 0 14
1 8 2
2 8 0
3 8 4
t 167 28
m0 4 14
m1 0 1
m2 0 13
1 8 3
2 9 0
3 7 4
t 166 28
m0 5 14
m1 0 0
m2 1 13
1 8 4
2 8 0
3 7 5
t 165 28
m0 4 14
m1 1 0
m2 1 13
1 9 4
2 9 0
3 7 4
t 164 28
m0 3 14
m1 1 1
m2 2 13
1 8 4
2 8 0
3 8 4
t 163 28
m0 3 13
m1 1 0
m2 1 13
1 8 3
2 9 0
3 9 4
t 162 28
m0 3 12
m1 1 0
m2 0 13
1 8 4
2 8 0
3 8 4
t 161 28
m0 3 13
m1 0 0
m2 0 13
1 8 3
2 9 0
3 9 4
t 160 28
m0 3 14
m1 1 0
m2 0 13
1 8 4
2 8 0
3 8 4
t 159 28
m0 3 13
m1 0 0
m2 0 14
1 9 4
2 9 0
3 9 4
t 158 28
m0 3 12
m1 0 0
m2 0 13
1 8 4
2 8 0
3 8 4
t 157 28
m0 4 12
m1 1 0
m2 1 13
1 9 4
2 9 0
3 8 3
t 156 28
m0 4 11
m1 0 0
m2 0 13
1 8 4
2 8 0
3 8 4
t 155 28
m0 4 10
m1 0 1
m2 1 13
1 8 3
2 9 0
3 9 4
t 154 28
m0 3 10
m1 1 1
m2 1 12
1 8 2
2 8 0
3 8 4
t 153 28
m0 2 10
m1 0 1
m2 1 12
1 8 3
2 9 0
3 9 4
t 152 28
m0 3 10
m1 0 0
m2 1 11
1 8 4
2 8 0
3 8 4
t 151 28
m0 3 9
m1 0 1
m2 1 12
1 9 4
2 9 0
3 9 4
t 150 29
m0 3 10
m1 0 2
m2 1 12
1 8 4
2 8 0
3 8 4
t 149 29
m0 3 9
m1 0 3
m2 2 12
1 9 4
2 9 0
3 7 4
t 148 29
m0 3 9
m1 0 3
m2 1 12
1 8 4
2 8 0
3 8 4
t 147 29
m0 3 9
m1 0 3
m2 1 13
1 7 4
2 9 0
3 9 4
t 146 29
m0 3 8
m1 0 2
m2 0 13
1 8 4
2 8 0
3 8 4
t 145 29
m0 4 8
m1 0 3
m2 0 14
1 8 3
2 9 0
3 7 4
t 144 30
m0 4 8
m1 0 2
m2 0 14
1 8 4
2 8 0
3 7 5
t 143 30
m0 4 8
m1 1 2
m2 0 14
1 7 4
2 9 0
3 7 6
t 142 30
m0 3 8
m1 0 2
m2 0 14
1 7 5
2 8 0
3 7 5
t 141 30
m0 3 8
m1 0 2
m2 0 13
1 7 6
2 9 0
3 7 4
t 140 30
m0 2 8
m1 0 1
m2 0 14
1 6 6
2 8 0
3 8 4
t 139 30
m0 2 9
m1 0 2
m2 0 13
1 5 6
2 9 0
3 8 3
t 138 30
m0 2 8
m1 0 3
m2 0 14
1 6 6
2 8 0
3 8 2
t 137 30
m0 2 8
m1 0 4
m2 0 14
1 5 6
2 9 0
3 8 1
t 136 31
m0 2 9
m1 0 4
m2 0 14
1 6 6
2 8 0
3 8 2
t 135 31
m0 2 9
m1 0 3
m2 0 13
1 7 6
2 9 0
3 8 3
t 134 31
m0 2 8
m1 0 2
m2 0 14
1 6 6
2 8 0
3 8 2
t 133 31
m0 2 9
m1 0 1
m2 0 14
1 7 6
2 9 0
3 9 2
t 132 31
m0 2 9
m1 0 0
m2 0 13
1 8 6
2 8 0
3 8 2
t 131 31
m0 2 8
m1 0 1
m2 0 13
1 9 6
2 9 0
3 8 3
t 130 31
m0 3 8
m1 0 2
m2 0 14
1 8 6
2 8 0
3 8 2
t 129 31
m0 4 8
m1 0 3
m2 0 13
1 9 6
2 9 0
3 9 2
t 128 31
m0 3 8
m1 0 4
m2 0 14
1 9 7
2 8 0
3 8 2
t 127 31
m0 4 8
m1 0 3
m2 0 14
1 9 6
2 9 0
3 8 3
t 126 31
m0 3 8
m1 0 4
m2 0 14
1 9 7
2 8 0
3 8 2
t 125 31
m0 3 9
m1 1 4
m2 0 13
1 9 6
2 9 0
3 8 1
t 124 31
m0 3 10
m1 0 4
m2 0 14
1 9 7
2 8 0
3 8 2
t 123 31
m0 3 10
m1 0 3
m2 0 14
1 9 6
2 9 0
3 9 2
t 122 31
m0 3 9
m1 0 2
m2 0 13
1 8 6
2 8 0
3 8 2
t 121 31
m0 3 9
m1 0 1
m2 0 13
1 9 6
2 9 0
3 9 2
t 120 31
m0 3 9
m1 0 0
m2 0 13
1 8 6
2 8 0
3 8 2
t 119 31
m0 3 9
m1 1 0
m2 0 13
1 9 6
2 9 0
3 8 3
t 118 31
m0 3 8
m1 1 1
m2 0 14
1 8 6
2 8 0
3 8 2
t 117 31
m0 3 9
m1 0 1
m2 0 14
1 9 6
2 9 0
3 8 1
t 116 31
m0 2 9
m1 1 1
m2 0 14
1 9 7
2 8 0
3 8 0
t 115 31
m0 2 8
m1 1 2
m2 0 14
1 9 6
2 9 0
3 8 1
t 114 31
m0 2 9
m1 1 2
m2 0 14
1 9 7
2 8 0
3 8 0
t 113 31
m0 2 9
m1 1 2
m2 0 14
1 9 6
2 9 0
3 8 1
t 112 31
m0 2 10
m1 0 2
m2 0 14
1 9 7
2 8 0
3 8 0
t 111 31
m0 2 9
m1 0 3
m2 0 14
1 9 8
2 9 0
3 9 0
t 110 31
m0 2 9
m1 0 3
m2 0 14
1 9 9
2 8 0
3 8 0
t 109 31
m0 2 8
m1 0 4
m2 0 13
1 9 8
2 9 0
3 8 1
t 108 31
m0 2 8
m1 1 4
m2 0 13
1 9 9
2 8 0
3 8 2
t 107 31
m0 2 8
m1 1 5
m2 0 12
1 9 8
2 9 0
3 8 1
t 106 31
m0 1 8
m1 1 4
m2 0 13
1 9 9
2 8 0
3 8 0
t 105 31
m0 2 8
m1 0 4
m2 0 13
1 9 8
2 9 0
3 7 0
t 104 31
m0 3 8
m1 1 4
m2 0 13
1 9 9
2 8 0
3 6 0
t 103 31
m0 4 8
m1 2 4
m2 0 13
1 8 9
2 9 0
3 7 0
t 102 31
m0 4 7
m1 2 4
m2 0 14
1 8 10
2 8 0
3 8 0
t 101 32
m0 3 7
m1 2 5
m2 0 13
1 8 11
2 9 0
3 8 1
t 100 34
m0 3 7
m1 1 5
m2 1 13
1 9 11
2 8 0
3 8 0
t 99 34
m0 3 7
m1 2 5
m2 0 13
1 9 12
2 9 0
3 7 0
t 98 34
m0 4 7
m1 2 5
m2 0 12
1 8 12
2 8 0
3 6 0
t 97 34
m0 3 7
m1 1 5
m2 0 13
1 8 13
2 9 0
3 7 0
t 96 34
m0 4 7
m1 1 6
m2 1 13
1 8 14
2 8 0
3 8 0
t 95 34
m0 3 7
m1 1 6
m2 2 13
1 9 14
2 9 0
3 8 1
t 94 34
m0 3 8
m1 1 6
m2 1 13
1 9 13
2 8 0
3 8 0
t 93 34
m0 3 7
m1 2 6
m2 0 13
1 9 14
2 9 0
3 7 0
t 92 34
m0 3 8
m1 1 6
m2 0 13
1 8 14
2 8 0
3 8 0
t 91 34
m0 3 7
m1 1 7
m2 0 14
1 9 14
2 9 0
3 7 0
t 90 34
m0 3 7
m1 1 7
m2 0 13
1 8 14
2 8 0
3 8 0
t 89 34
m0 4 7
m1 1 6
m2 0 12
1 9 14
2 9 0
3 9 0
t 88 34
m0 3 7
m1 1 6
m2 0 11
1 8 14
2 8 0
3 8 0
t 87 34
m0 3 7
m1 1 6
m2 0 10
1 9 14
2 9 0
3 9 0
t 86 34
m0 3 8
m1 1 7
m2 0 9
1 8 14
2 8 0
3 8 0
t 85 34
m0 3 7
m1 1 7
m2 0 10
1 9 14
2 9 0
3 8 1
t 84 34
m0 4 7
m1 1 8
m2 0 10
1 8 14
2 8 0
3 8 2
t 83 34
m0 4 6
m1 2 8
m2 0 11
1 9 14
2 9 0
3 7 2
t 82 34
m0 4 5
m1 2 8
m2 0 10
1 9 13
2 8 0
3 8 2
t 81 35
m0 4 5
m1 1 8
m2 0 9
1 9 14
2 9 0
3 7 2
t 80 35
m0 3 5
m1 1 9
m2 1 9
1 8 14
2 8 0
3 8 2
t 79 36
m0 4 5
m1 1 8
m2 1 8
1 9 14
2 9 0
3 8 1
t 78 36
m0 4 4
m1 2 8
m2 1 8
1 8 14
2 8 0
3 8 2
t 77 37
m0 4 5
m1 1 8
m2 1 7
1 9 14
2 9 0
3 8 3
t 76 37
m0 4 6
m1 1 7
m2 1 8
1 9 13
2 8 0
3 8 2
t 75 37
m0 4 7
m1 1 7
m2 1 8
1 9 14
2 9 0
3 8 1
t 74 37
m0 4 8
m1 1 6
m2 1 9
1 9 13
2 8 0
3 8 0
t 73 37
m0 5 8
m1 1 6
m2 0 9
1 9 12
2 9 0
3 9 0
t 72 37
m0 5 8
m1 1 6
m2 0 10
1 9 13
2 8 0
3 8 0
t 71 37
m0 6 8
m1 1 6
m2 0 9
1 9 14
2 9 0
3 7 0
t 70 37
m0 7 8
m1 1 6
m2 0 10
1 8 14
2 8 0
3 6 0
t 69 38
m0 7 7
m1 2 6
m2 0 9
1 9 14
2 9 0
3 6 1
t 68 39
m0 7 8
m1 2 6
m2 0 9
1 8 14
2 8 0
3 6 2
t 67 39
m0 7 8
m1 2 6
m2 0 10
1 9 14
2 9 0
3 5 2
t 66 39
m0 7 8
m1 1 6
m2 0 10
1 8 14
2 8 0
3 5 3
t 65 39
m0 7 9
m1 2 6
m2 0 9
1 8 13
2 9 0
3 4 3
t 64 40
m0 7 9
m1 1 6
m2 1 9
1 9 13
2 8 0
3 5 3
t 63 40
m0 8 9
m1 1 6
m2 0 9
1 8 13
2 9 0
3 4 3
t 62 41
m0 7 9
m1 1 6
m2 0 9
1 8 14
2 8 0
3 4 4
t 61 41
m0 7 9
m1 2 6
m2 1 9
1 9 14
2 9 0
3 4 5
t 60 41
m0 7 8
m1 2 5
m2 0 9
1 8 14
2 8 0
3 4 6
t 59 41
m0 7 9
m1 1 5
m2 0 10
1 8 13
2 9 0
3 4 5
t 58 41
m0 6 9
m1 1 4
m2 0 9
1 9 13
2 8 0
3 3 5
t 57 41
m0 6 8
m1 0 4
m2 0 9
1 9 14
2 9 0
3 2 5
t 56 41
m0 6 8
m1 0 4
m2 0 9
1 8 14
2 8 0
3 2 6
t 55 41
m0 7 8
m1 0 3
m2 0 10
1 9 14
2 9 0
3 1 6
t 54 41
m0 7 8
m1 0 2
m2 0 11
1 8 14
2 8 0
3 1 7
t 53 41
m0 6 8
m1 0 2
m2 0 10
1 8 13
2 9 0
3 1 6
t 52 41
m0 5 8
m1 0 1
m2 0 11
1 8 12
2 8 0
3 1 7
t 51 41
m0 6 8
m1 0 0
m2 0 10
1 8 13
2 9 0
3 1 8
t 50 41
m0 6 8
m1 1 0
m2 0 11
1 9 13
2 8 0
3 1 7
t 49 41
m0 7 8
m1 1 0
m2 1 11
1 8 13
2 9 0
3 1 8
t 48 41
m0 7 7
m1 0 0
m2 1 12
1 8 12
2 8 0
3 1 9
t 47 41
m0 7 7
m1 0 1
m2 1 13
1 9 12
2 9 0
3 0 9
t 46 41
m0 7 7
m1 0 0
m2 0 13
1 8 12
2 8 0
3 0 10
t 45 41
m0 8 7
m1 0 0
m2 0 14
1 9 12
2 9 0
3 0 9
t 44 41
m0 8 6
m1 1 0
m2 0 13
1 9 11
2 8 0
3 1 9
t 43 41
m0 9 6
m1 1 0
m2 0 12
1 8 11
2 9 0
3 2 9
t 42 42
m0 9 6
m1 0 0
m2 0 13
1 8 12
2 8 0
3 2 10
t 41 42
m0 9 7
m1 1 0
m2 0 14
1 8 13
2 9 0
3 3 10
t 40 42
m0 9 6
m1 0 0
m2 0 14
1 8 14
2 8 0
3 4 10
t 39 42
m0 8 6
m1 1 0
m2 0 13
1 9 14
2 9 0
3 5 10
t 38 42
m0 8 6
m1 1 1
m2 1 13
1 8 14
2 8 0
3 4 10
t 37 42
m0 8 7
m1 1 2
m2 1 13
1 9 14
2 9 0
3 5 10
t 36 42
m0 9 7
m1 0 2
m2 0 13
1 8 14
2 8 0
3 5 11
t 35 42
m0 9 8
m1 0 3
m2 0 12
1 7 14
2 9 0
3 5 12
t 34 43
m0 9 7
m1 0 3
m2 0 13
1 8 14
2 8 0
3 5 11
t 33 43
m0 8 7
m1 0 2
m2 0 14
1 9 14
2 9 0
3 4 11
t 32 43
m0 7 7
m1 1 2
m2 0 13
1 9 13
2 8 0
3 4 12
t 31 43
m0 8 7
m1 1 1
m2 0 13
1 9 14
2 9 0
3 5 12
t 30 43
m0 8 7
m1 1 2
m2 0 14
1 8 14
2 8 0
3 5 11
t 29 43
m0 8 6
m1 2 2
m2 0 13
1 9 14
2 9 0
3 5 10
t 28 43
m0 7 6
m1 1 2
m2 1 13
1 9 13
2 8 0
3 4 10
t 27 44
m0 7 5
m1 1 1
m2 1 13
1 9 14
2 9 0
3 3 10
t 26 45
m0 7 6
m1 1 1
m2 2 13
1 9 13
2 8 0
3 4 10
t 25 45
m0 7 7
m1 2 1
m2 2 13
1 9 14
2 9 0
3 4 11
t 24 45
m0 7 8
m1 2 0
m2 1 13
1 9 13
2 8 0
3 4 12
t 23 45
m0 7 9
m1 2 0
m2 2 13
1 9 14
2 9 0
3 3 12
t 22 45
m0 7 9
m1 2 0
m2 3 13
1 9 13
2 8 0
3 2 12
t 21 45
m0 8 9
m1 2 0
m2 3 14
1 9 14
2 9 0
3 2 11
t 20 45
m0 8 10
m1 1 0
m2 4 14
1 9 13
2 8 0
3 2 10
t 19 45
m0 8 10
m1 0 0
m2 4 14
1 8 13
2 9 0
3 3 10
t 18 45
m0 8 9
m1 1 0
m2 3 14
1 9 13
2 8 0
3 4 10
t 17 45
m0 7 9
m1 0 0
m2 4 14
1 9 14
2 9 0
3 4 11
t 16 45
m0 7 9
m1 0 1
m2 3 14
1 9 13
2 8 0
3 4 12
t 15 45
m0 8 9
m1 0 0
m2 4 14
1 9 14
2 9 0
3 5 12
t 14 45
m0 8 10
m1 1 0
m2 4 14
1 8 14
2 8 0
3 5 13
t 13 45
m0 8 9
m1 1 1
m2 5 14
1 9 14
2 9 0
3 5 12
t 12 45
m0 7 9
m1 1 0
m2 6 14
1 9 13
2 8 0
3 5 13
t 11 45
m0 7 8
m1 1 1
m2 -5 -5
1 9 12
2 9 0
3 6 13
t 10 45
m0 7 9
m1 1 1
m2 -5 -5
1 9 13
2 8 0
3 5 13
t 9 45
m0 8 9
m1 1 2
m2 -5 -5
1 9 14
2 9 0
3 5 14
t 8 45
m0 8 10
m1 2 2
m2 -5 -5
1 9 13
2 8 0
3 4 14
t 7 45
m0 8 10
m1 2 1
m2 -5 -5
1 9 12
2 9 0
3 3 14
t 6 45
m0 8 9
m1 2 1
m2 -5 -5
1 9 13
2 8 0
3 3 13
t 5 45
m0 9 9
m1 1 1
m2 -5 -5
1 9 14
2 9 0
3 3 12
t 4 45
m0 8 9
m1 0 1
m2 -5 -5
1 9 13
2 8 0
3 3 13
t 3 45
m0 8 9
m1 0 1
m2 -5 -5
1 9 14
2 9 0
3 2 13
t 2 45
m0 8 9
m1 0 2
m2 -5 -5
1 8 14
2 8 0
3 3 13
t 1 45
m0 8 9
m1 0 2
m2 -5 -5
1 8 14
2 8 0
3 3 13
t 0 45
