10
15
w 5 9
w 8 13
w 6 6
w 9 8
w 8 0
w 3 11
w 7 11
w 3 7
w 0 3
w 1 11
w 7 2
w 5 12
w 4 4
w 1 14
w 1 5
w 8 6
w 4 1
w 6 4
w 3 13
w 9 3
w 2 3
w 1 9
w 6 12
w 0 1
w 3 12
w 1 12
w 9 2
w 6 1
w 5 7
w 3 8
w 2 0
w 1 8
w 7 4
w 6 13
w 1 7
w 4 3
w 7 8
p 7 3
p 6 9
p 1 3
p 9 1
p 7 12
p 5 6
p 2 8
p 7 7
p 2 12
p 0 10
p 5 1
p 3 14
p 5 8
p 1 2
p 8 14
p 9 0
p 4 0
p 3 3
p 5 5
p 3 10
p 6 10
p 7 6
p 8 10
p 6 3
p 2 13
p 3 6
p 0 4
p 5 0
p 7 10
p 2 2
p 1 10
p 0 0
p 9 14
p 7 1
p 4 5
p 6 11
p 8 11
p 9 10
p 7 5
p 3 9
p 4 2
p 1 0
p 9 6
p 4 11
p 3 5
p 7 9
p 6 8
p 8 12
p 7 13
p 2 11
p 9 9
p 0 6
p 0 9
p 3 4
p 0 2
p 8 4
m0 0 14
m1 0 14
m2 0 14
1 9 0
2 9 0
3 9 0
t 300 0
m0 0 13
m1 0 13
m2 0 14
1 9 1
2 9 1
3 9 1
t 299 0
m0 1 13
m1 0 13
m2 0 14
1 9 0
2 9 0
3 9 0
t 298 0
m0 1 13
m1 0 12
m2 0 14
1 9 1
2 9 1
3 9 1
t 297 0
m0 1 13
m1 0 12
m2 0 14
1 9 0
2 9 0
3 9 0
t 296 0
m0 1 13
m1 0 11
m2 0 13
1 9 1
2 9 1
3 9 1
t 295 0
m0 1 13
m1 0 11
m2 0 14
1 9 0
2 9 0
3 9 0
t 294 0
m0 2 13
m1 0 12
m2 0 13
1 9 1
2 9 1
3 9 1
t 293 1
m0 2 14
m1 0 12
m2 0 14
1 9 0
2 9 0
3 9 0
t 292 1
m0 3 14
m1 0 12
m2 0 14
1 9 1
2 9 1
3 9 1
t 291 2
m0 4 14
m1 0 11
m2 0 13
1 9 0
2 9 0
3 9 0
t 290 2
m0 4 14
m1 0 10
m2 1 13
1 9 1
2 9 1
3 9 1
t 289 3
m0 3 14
m1 0 9
m2 0 13
1 9 0
2 9 0
3 9 0
t 288 4
m0 3 14
m1 0 10
m2 0 13
1 9 1
2 9 1
3 9 1
t 287 4
m0 3 14
m1 1 10
m2 1 13
1 9 0
2 9 0
3 9 0
t 286 5
m0 4 14
m1 0 10
m2 1 13
1 9 1
2 9 1
3 9 1
t 285 5
m0 4 13
m1 0 10
m2 0 13
1 9 0
2 9 0
3 9 0
t 284 5
m0 4 12
m1 0 9
m2 0 14
1 9 1
2 9 1
3 9 1
f 2 14
t 283 5
m0 4 12
m1 0 8
m2 0 13
1 9 0
2 9 0
3 9 0
t 282 5
m0 4 11
m1 0 7
m2 0 12
1 9 1
2 9 1
3 9 1
t 281 6
m0 4 11
m1 0 6
m2 0 12
1 9 0
2 9 0
3 9 0
t 280 7
m0 5 11
m1 0 5
m2 0 13
1 9 1
2 9 1
3 9 1
t 279 7
m0 6 11
m1 0 4
m2 1 13
1 9 0
2 9 0
3 9 0
t 278 9
m0 6 11
m1 0 4
m2 0 13
1 9 1
2 9 1
3 9 1
t 277 9
m0 6 11
m1 1 4
m2 0 13
1 9 0
2 9 0
3 9 0
t 276 9
m0 6 10
m1 1 3
m2 0 14
1 9 1
2 9 1
3 9 1
t 275 11
m0 7 10
m1 1 2
m2 0 14
1 9 0
2 9 0
3 9 0
t 274 13
m0 7 9
m1 1 1
m2 0 13
1 9 1
2 9 1
3 9 1
t 273 14
m0 8 9
m1 1 0
m2 1 13
1 9 0
2 9 0
3 9 0
t 272 15
m0 8 8
m1 0 0
m2 2 13
1 9 1
2 9 1
3 9 1
t 271 16
m0 8 8
m1 1 0
m2 1 13
1 9 0
2 9 0
3 9 0
t 270 16
m0 8 7
m1 0 0
m2 1 13
1 9 1
2 9 1
3 9 1
t 269 16
m0 9 7
m1 0 0
m2 1 13
1 9 0
2 9 0
3 9 0
t 268 16
m0 9 6
m1 1 0
m2 0 13
1 9 1
2 9 1
3 9 1
t 267 17
m0 9 7
m1 0 0
m2 1 13
1 9 0
2 9 0
3 9 0
t 266 17
m0 8 7
m1 0 0
m2 0 13
1 9 1
2 9 1
3 9 1
t 265 17
m0 9 7
m1 0 0
m2 1 13
1 9 0
2 9 0
3 9 0
t 264 17
m0 9 7
m1 0 0
m2 1 13
1 9 1
2 9 1
3 9 1
t 263 17
m0 8 7
m1 0 0
m2 2 13
1 9 0
2 9 0
3 9 0
t 262 17
m0 7 7
m1 0 0
m2 1 13
1 9 1
2 9 1
3 9 1
t 261 18
m0 7 6
m1 0 0
m2 1 13
1 9 0
2 9 0
3 9 0
t 260 19
m0 7 6
m1 0 0
m2 1 13
1 9 1
2 9 1
3 9 1
t 259 19
m0 7 6
m1 0 0
m2 0 13
1 9 0
2 9 0
3 9 0
t 258 19
m0 7 6
m1 0 0
m2 0 14
1 9 1
2 9 1
3 9 1
t 257 19
m0 7 7
m1 0 0
m2 0 13
1 9 0
2 9 0
3 9 0
t 256 19
m0 8 7
m1 1 0
m2 0 12
1 9 1
2 9 1
3 9 1
t 255 19
m0 9 7
m1 1 0
m2 0 12
1 9 0
2 9 0
3 9 0
t 254 19
m0 8 7
m1 0 0
m2 0 13
1 9 1
2 9 1
3 9 1
t 253 19
m0 8 7
m1 1 0
m2 0 12
1 9 0
2 9 0
3 9 0
t 252 19
m0 8 7
m1 1 1
m2 0 12
1 9 1
2 9 1
3 9 1
t 251 19
m0 8 7
m1 1 0
m2 0 12
1 9 0
2 9 0
3 9 0
t 250 19
m0 8 7
m1 0 0
m2 0 11
1 9 1
2 9 1
3 9 1
t 249 19
m0 9 7
m1 0 0
m2 0 12
1 9 0
2 9 0
3 9 0
t 248 19
m0 9 6
m1 1 0
m2 0 12
1 9 1
2 9 1
3 9 1
t 247 19
m0 9 6
m1 1 0
m2 0 12
1 9 0
2 9 0
3 9 0
t 246 19
m0 9 7
m1 0 0
m2 0 13
1 9 1
2 9 1
3 9 1
t 245 19
m0 9 7
m1 1 0
m2 0 14
1 9 0
2 9 0
3 9 0
t 244 19
m0 9 7
m1 1 1
m2 0 13
1 9 1
2 9 1
3 9 1
t 243 19
m0 8 7
m1 1 1
m2 0 14
1 9 0
2 9 0
3 9 0
t 242 19
m0 8 8
m1 1 1
m2 0 14
1 9 1
2 9 1
3 9 1
t 241 19
m0 8 8
m1 1 1
m2 0 13
1 9 0
2 9 0
3 9 0
t 240 19
m0 8 8
m1 1 0
m2 0 14
1 9 1
2 9 1
3 9 1
t 239 19
m0 8 7
m1 1 0
m2 0 13
1 9 0
2 9 0
3 9 0
t 238 19
m0 8 8
m1 0 0
m2 0 13
1 9 1
2 9 1
3 9 1
t 237 19
m0 8 7
m1 1 0
m2 0 13
1 9 0
2 9 0
3 9 0
t 236 19
m0 8 7
m1 0 0
m2 0 12
1 9 1
2 9 1
3 9 1
t 235 19
m0 9 7
m1 1 0
m2 0 11
1 9 0
2 9 0
3 9 0
t 234 19
m0 9 6
m1 1 0
m2 0 10
1 9 1
2 9 1
3 9 1
t 233 19
m0 9 7
m1 0 0
m2 0 11
1 9 0
2 9 0
3 9 0
t 232 19
m0 9 6
m1 1 0
m2 0 11
1 9 1
2 9 1
3 9 1
t 231 19
m0 9 5
m1 0 0
m2 0 12
1 9 0
2 9 0
3 9 0
t 230 19
m0 8 5
m1 1 0
m2 0 13
1 9 1
2 9 1
3 9 1
t 229 19
m0 9 5
m1 0 0
m2 0 12
1 9 0
2 9 0
3 9 0
t 228 19
m0 9 4
m1 0 0
m2 0 13
1 9 1
2 9 1
3 9 1
t 227 19
m0 8 4
m1 0 0
m2 0 13
1 9 0
2 9 0
3 9 0
t 226 20
m0 8 4
m1 0 0
m2 1 13
1 9 1
2 9 1
3 9 1
t 225 20
m0 8 4
m1 0 0
m2 2 13
1 9 0
2 9 0
3 9 0
t 224 20
m0 9 4
m1 0 0
m2 2 14
1 9 1
2 9 1
3 9 1
t 223 30
m0 8 4
m1 1 0
m2 3 14
1 9 0
2 9 0
3 9 0
t 222 30
m0 9 4
m1 1 0
m2 4 14
1 9 1
2 9 1
3 9 1
t 221 30
m0 8 4
m1 1 0
m2 4 14
1 9 0
2 9 0
3 9 0
t 220 30
m0 9 4
m1 0 0
m2 3 14
1 9 1
2 9 1
3 9 1
t 219 30
m0 9 5
m1 0 0
m2 2 14
1 9 0
2 9 0
3 9 0
t 218 30
m0 9 5
m1 1 0
m2 2 13
1 9 1
2 9 1
3 9 1
t 217 30
m0 9 5
m1 0 0
m2 2 14
1 9 0
2 9 0
3 9 0
t 216 30
m0 9 6
m1 0 0
m2 2 14
1 9 1
2 9 1
3 9 1
t 215 30
m0 9 5
m1 1 0
m2 2 14
1 9 0
2 9 0
3 9 0
t 214 30
m0 9 4
m1 1 1
m2 3 14
1 9 1
2 9 1
3 9 1
t 213 30
m0 9 4
m1 1 1
m2 2 14
1 9 0
2 9 0
3 9 0
t 212 30
m0 9 4
m1 1 2
m2 3 14
1 9 1
2 9 1
3 9 1
t 211 30
m0 8 4
m1 1 3
m2 2 14
1 9 0
2 9 0
3 9 0
t 210 30
m0 8 5
m1 1 2
m2 2 13
1 9 1
2 9 1
3 9 1
t 209 30
m0 8 5
m1 1 1
m2 2 13
1 9 0
2 9 0
3 9 0
t 208 30
m0 8 5
m1 1 0
m2 2 14
1 9 1
2 9 1
3 9 1
t 207 30
m0 9 5
m1 1 1
m2 3 14
1 9 0
2 9 0
3 9 0
t 206 30
m0 8 5
m1 1 0
m2 4 14
1 9 1
2 9 1
3 9 1
t 205 30
m0 7 5
m1 1 1
m2 4 14
1 9 0
2 9 0
3 9 0
t 204 31
m0 7 5
m1 1 2
m2 4 13
1 9 1
2 9 1
3 9 1
t 203 31
m0 8 5
m1 2 2
m2 4 12
1 9 0
2 9 0
3 9 0
t 202 32
m0 8 5
m1 2 2
m2 4 12
1 9 1
2 9 1
3 9 1
t 201 32
m0 8 5
m1 3 2
m2 4 13
1 9 0
2 9 0
3 9 0
t 200 32
m0 8 5
m1 3 1
m2 4 13
1 9 1
2 9 1
3 9 1
t 199 32
m0 7 5
m1 2 1
m2 4 14
1 9 0
2 9 0
3 9 0
t 198 32
m0 7 6
m1 2 1
m2 3 14
1 9 1
2 9 1
3 9 1
t 197 32
m0 7 6
m1 2 1
m2 4 14
1 9 0
2 9 0
3 9 0
t 196 32
m0 7 7
m1 2 2
m2 4 13
1 9 1
2 9 1
3 9 1
t 195 32
m0 8 7
m1 1 2
m2 5 13
1 9 0
2 9 0
3 9 0
t 194 32
m0 7 7
m1 1 2
m2 4 13
1 9 1
2 9 1
3 9 1
t 193 32
m0 6 7
m1 1 1
m2 4 14
1 9 0
2 9 0
3 9 0
t 192 32
m0 7 7
m1 2 1
m2 4 13
1 9 1
2 9 1
3 9 1
t 191 32
m0 8 7
m1 2 2
m2 4 13
1 9 0
2 9 0
3 9 0
t 190 32
m0 7 7
m1 2 2
m2 4 14
1 9 1
2 9 1
3 9 1
t 189 32
m0 8 7
m1 2 1
m2 4 13
1 9 0
2 9 0
3 9 0
t 188 32
m0 8 7
m1 1 1
m2 4 12
1 9 1
2 9 1
3 9 1
t 187 32
m0 9 7
m1 1 0
m2 4 11
1 9 0
2 9 0
3 9 0
t 186 32
m0 9 7
m1 1 1
m2 4 11
1 9 1
2 9 1
3 9 1
t 185 32
m0 9 6
m1 1 1
m2 4 12
1 9 0
2 9 0
3 9 0
t 184 32
m0 9 7
m1 1 2
m2 4 13
1 9 1
2 9 1
3 9 1
t 183 32
m0 8 7
m1 1 3
m2 4 13
1 9 0
2 9 0
3 9 0
t 182 32
m0 8 7
m1 1 3
m2 4 14
1 9 1
2 9 1
3 9 1
t 181 32
m0 8 7
m1 1 4
m2 4 14
1 9 0
2 9 0
3 9 0
t 180 32
m0 7 7
m1 1 3
m2 4 13
1 9 1
2 9 1
3 9 1
t 179 32
m0 7 7
m1 1 4
m2 4 14
1 9 0
2 9 0
3 9 0
t 178 32
m0 7 6
m1 1 3
m2 4 14
1 9 1
2 9 1
3 9 1
t 177 32
m0 7 7
m1 1 4
m2 5 14
1 9 0
2 9 0
3 9 0
t 176 32
m0 6 7
m1 0 4
m2 5 13
1 9 1
2 9 1
3 9 1
t 175 32
m0 7 7
m1 0 5
m2 5 14
1 9 0
2 9 0
3 9 0
f 0 6
t 174 32
m0 8 7
m1 0 4
m2 4 14
1 9 1
2 9 1
3 9 1
t 173 32
m0 9 7
m1 0 5
m2 5 14
1 9 0
2 9 0
3 9 0
t 172 32
m0 9 7
m1 0 6
m2 5 14
1 9 1
2 9 1
3 9 1
t 171 42
m0 9 6
m1 0 6
m2 4 14
1 9 0
2 9 0
3 9 0
t 170 42
m0 9 6
m1 1 6
m2 5 14
1 9 1
2 9 1
3 9 1
t 169 42
m0 9 7
m1 1 6
m2 5 14
1 9 0
2 9 0
3 9 0
t 168 42
m0 9 7
m1 0 6
m2 6 14
1 9 1
2 9 1
3 9 1
t 167 42
m0 8 7
m1 0 6
m2 6 14
1 9 0
2 9 0
3 9 0
t 166 42
m0 8 8
m1 0 7
m2 5 14
1 9 1
2 9 1
3 9 1
t 165 42
m0 8 7
m1 0 8
m2 5 14
1 9 0
2 9 0
3 9 0
t 164 42
m0 8 7
m1 0 8
m2 5 14
1 9 1
2 9 1
3 9 1
t 163 42
m0 9 7
m1 0 8
m2 5 14
1 9 0
2 9 0
3 9 0
t 162 42
m0 9 7
m1 0 7
m2 6 14
1 9 1
2 9 1
3 9 1
t 161 42
m0 9 6
m1 0 7
m2 6 14
1 9 0
2 9 0
3 9 0
t 160 42
m0 9 7
m1 0 8
m2 5 14
1 9 1
2 9 1
3 9 1
t 159 42
m0 9 7
m1 0 7
m2 6 14
1 9 0
2 9 0
3 9 0
t 158 42
m0 9 7
m1 0 7
m2 5 14
1 9 1
2 9 1
3 9 1
t 157 42
m0 9 6
m1 0 6
m2 5 14
1 9 0
2 9 0
3 9 0
t 156 42
m0 9 7
m1 0 7
m2 5 14
1 9 1
2 9 1
3 9 1
t 155 42
m0 8 7
m1 0 8
m2 5 14
1 9 0
2 9 0
3 9 0
t 154 42
m0 8 8
m1 0 9
m2 4 14
1 9 1
2 9 1
3 9 1
t 153 42
m0 8 8
m1 0 10
m2 5 14
1 9 0
2 9 0
3 9 0
t 152 42
m0 8 7
m1 0 10
m2 5 14
1 9 1
2 9 1
3 9 1
t 151 42
m0 9 7
m1 0 10
m2 5 14
1 9 0
2 9 0
3 9 0
t 150 42
m0 8 7
m1 0 11
m2 5 13
1 9 1
2 9 1
3 9 1
t 149 42
m0 8 7
m1 0 11
m2 4 13
1 9 0
2 9 0
3 9 0
t 148 42
m0 9 7
m1 0 12
m2 5 13
1 9 1
2 9 1
3 9 1
t 147 42
m0 9 7
m1 0 11
m2 4 13
1 9 0
2 9 0
3 9 0
t 146 42
m0 8 7
m1 0 11
m2 4 13
1 9 1
2 9 1
3 9 1
t 145 42
m0 8 7
m1 0 10
m2 4 14
1 9 0
2 9 0
3 9 0
t 144 42
m0 9 7
m1 0 9
m2 4 13
1 9 1
2 9 1
3 9 1
t 143 42
m0 9 6
m1 0 10
m2 5 13
1 9 0
2 9 0
3 9 0
t 142 42
m0 9 5
m1 0 11
m2 5 13
1 9 1
2 9 1
3 9 1
t 141 42
m0 9 4
m1 0 10
m2 5 14
1 9 0
2 9 0
3 9 0
t 140 42
m0 9 4
m1 0 9
m2 5 14
1 9 1
2 9 1
3 9 1
t 139 42
m0 8 4
m1 0 8
m2 6 14
1 9 0
2 9 0
3 9 0
t 138 42
m0 9 4
m1 0 9
m2 5 14
1 9 1
2 9 1
3 9 1
t 137 42
m0 9 4
m1 0 8
m2 5 13
1 9 0
2 9 0
3 9 0
t 136 42
m0 8 4
m1 0 8
m2 5 13
1 9 1
2 9 1
3 9 1
t 135 42
m0 8 5
m1 0 7
m2 5 14
1 9 0
2 9 0
3 9 0
t 134 42
m0 9 5
m1 0 7
m2 5 14
1 9 1
2 9 1
3 9 1
f 2 5
t 133 42
m0 9 5
m1 0 7
m2 4 14
1 9 0
2 9 0
3 9 0
t 132 42
m0 9 6
m1 0 8
m2 5 14
1 9 1
2 9 1
3 9 1
t 131 42
m0 9 7
m1 0 8
m2 6 14
1 9 0
2 9 0
3 9 0
t 130 42
m0 9 7
m1 0 8
m2 6 14
1 9 1
2 9 1
3 9 1
t 129 42
m0 9 7
m1 0 9
m2 5 14
1 9 0
2 9 0
3 9 0
t 128 42
m0 9 6
m1 0 9
m2 6 14
1 9 1
2 9 1
3 9 1
t 127 42
m0 9 7
m1 0 9
m2 5 14
1 9 0
2 9 0
3 9 0
t 126 42
m0 9 6
m1 0 10
m2 6 14
1 9 1
2 9 1
3 9 1
t 125 42
m0 9 5
m1 0 10
m2 7 14
1 9 0
2 9 0
3 9 0
t 124 42
m0 9 5
m1 0 10
m2 7 14
1 9 1
2 9 1
3 9 1
t 123 42
m0 9 6
m1 0 9
m2 7 14
1 9 0
2 9 0
3 9 0
t 122 42
m0 9 7
m1 0 10
m2 6 14
1 9 1
2 9 1
3 9 1
t 121 42
m0 9 7
m1 0 10
m2 6 14
1 9 0
2 9 0
3 9 0
t 120 42
m0 9 7
m1 0 10
m2 6 14
1 9 1
2 9 1
3 9 1
t 119 42
m0 9 6
m1 0 11
m2 7 14
1 9 0
2 9 0
3 9 0
t 118 42
m0 9 5
m1 0 10
m2 7 14
1 9 1
2 9 1
3 9 1
t 117 42
m0 9 5
m1 0 11
m2 8 14
1 9 0
2 9 0
3 9 0
t 116 43
m0 9 4
m1 0 11
m2 8 14
1 9 1
2 9 1
3 9 1
t 115 43
m0 8 4
m1 0 10
m2 7 14
1 9 0
2 9 0
3 9 0
t 114 43
m0 8 4
m1 0 10
m2 7 14
1 9 1
2 9 1
3 9 1
t 113 43
m0 8 3
m1 0 9
m2 6 14
1 9 0
2 9 0
3 9 0
t 112 43
m0 8 3
m1 0 8
m2 7 14
1 9 1
2 9 1
3 9 1
t 111 43
m0 8 4
m1 0 8
m2 6 14
1 9 0
2 9 0
3 9 0
t 110 43
m0 9 4
m1 0 7
m2 7 14
1 9 1
2 9 1
3 9 1
t 109 43
m0 8 4
m1 0 6
m2 6 14
1 9 0
2 9 0
3 9 0
t 108 43
m0 9 4
m1 0 7
m2 5 14
1 9 1
2 9 1
3 9 1
t 107 43
m0 9 4
m1 0 7
m2 4 14
1 9 0
2 9 0
3 9 0
t 106 43
m0 9 5
m1 0 7
m2 5 14
1 9 1
2 9 1
3 9 1
t 105 43
m0 8 5
m1 0 8
m2 4 14
1 9 0
2 9 0
3 9 0
t 104 43
m0 8 4
m1 0 7
m2 5 14
1 9 1
2 9 1
3 9 1
t 103 43
m0 8 4
m1 0 8
m2 5 14
1 9 0
2 9 0
3 9 0
t 102 43
m0 9 4
m1 0 8
m2 5 14
1 9 1
2 9 1
3 9 1
t 101 43
m0 9 4
m1 0 7
m2 6 14
1 9 0
2 9 0
3 9 0
t 100 43
m0 9 5
m1 0 8
m2 5 14
1 9 1
2 9 1
3 9 1
t 99 43
m0 9 5
m1 0 7
m2 4 14
1 9 0
2 9 0
3 9 0
t 98 43
m0 9 4
m1 0 7
m2 4 14
1 9 1
2 9 1
3 9 1
t 97 43
m0 8 4
m1 0 8
m2 3 14
1 9 0
2 9 0
3 9 0
t 96 43
m0 8 4
m1 0 8
m2 4 14
1 9 1
2 9 1
3 9 1
t 95 43
m0 8 4
m1 0 9
m2 5 14
1 9 0
2 9 0
3 9 0
t 94 43
m0 9 4
m1 0 10
m2 6 14
1 9 1
2 9 1
3 9 1
t 93 43
m0 9 4
m1 0 9
m2 7 14
1 9 0
2 9 0
3 9 0
t 92 43
m0 9 4
m1 0 9
m2 7 14
1 9 1
2 9 1
3 9 1
t 91 43
m0 8 4
m1 0 10
m2 7 14
1 9 0
2 9 0
3 9 0
t 90 43
m0 8 4
m1 0 9
m2 7 14
1 9 1
2 9 1
3 9 1
t 89 43
m0 8 3
m1 0 10
m2 8 14
1 9 0
2 9 0
3 9 0
t 88 43
m0 7 3
m1 0 9
m2 9 14
1 9 1
2 9 1
3 9 1
t 87 45
m0 7 3
m1 0 8
m2 9 14
1 9 0
2 9 0
3 9 0
t 86 45
m0 7 3
m1 0 9
m2 9 14
1 9 1
2 9 1
3 9 1
t 85 45
m0 8 3
m1 0 10
m2 9 14
1 9 0
2 9 0
3 9 0
t 84 45
m0 8 2
m1 0 10
m2 9 14
1 9 1
2 9 1
3 9 1
t 83 45
m0 8 3
m1 0 9
m2 9 14
1 9 0
2 9 0
3 9 0
t 82 45
m0 8 2
m1 0 8
m2 9 14
1 9 1
2 9 1
3 9 1
t 81 45
m0 8 2
m1 0 8
m2 9 14
1 9 0
2 9 0
3 9 0
t 80 45
m0 8 1
m1 0 7
m2 9 14
1 9 1
2 9 1
3 9 1
t 79 45
m0 -5 -5
m1 0 8
m2 9 14
1 8 1
2 8 1
3 8 1
t 78 45
m0 -5 -5
m1 0 7
m2 9 14
1 9 1
2 9 1
3 9 1
t 77 45
m0 -5 -5
m1 0 8
m2 9 14
1 9 0
2 9 0
3 9 0
t 76 45
m0 -5 -5
m1 0 9
m2 9 14
1 9 1
2 9 1
3 9 1
t 75 45
m0 -5 -5
m1 0 8
m2 9 14
1 9 0
2 9 0
3 9 0
t 74 45
m0 -5 -5
m1 0 8
m2 9 14
1 9 1
2 9 1
3 9 1
t 73 45
m0 -5 -5
m1 0 9
m2 9 14
1 9 0
2 9 0
3 9 0
t 72 45
m0 -5 -5
m1 0 8
m2 9 14
1 9 1
2 9 1
3 9 1
t 71 45
m0 -5 -5
m1 0 9
m2 9 14
1 9 0
2 9 0
3 9 0
t 70 45
m0 -5 -5
m1 0 10
m2 9 14
1 9 1
2 9 1
3 9 1
t 69 45
m0 -5 -5
m1 0 9
m2 9 14
1 9 0
2 9 0
3 9 0
t 68 45
m0 -5 -5
m1 0 10
m2 9 14
1 9 1
2 9 1
3 9 1
t 67 45
m0 -5 -5
m1 0 11
m2 9 14
1 9 0
2 9 0
3 9 0
t 66 45
m0 -5 -5
m1 0 11
m2 9 14
1 9 1
2 9 1
3 9 1
t 65 45
m0 -5 -5
m1 0 10
m2 9 14
1 9 0
2 9 0
3 9 0
t 64 45
m0 -5 -5
m1 1 10
m2 9 14
1 9 1
2 9 1
3 9 1
t 63 45
m0 -5 -5
m1 0 10
m2 8 14
1 9 0
2 9 0
3 9 0
t 62 45
m0 -5 -5
m1 1 10
m2 9 14
1 9 1
2 9 1
3 9 1
t 61 45
m0 -5 -5
m1 0 10
m2 9 14
1 9 0
2 9 0
3 9 0
t 60 45
m0 -5 -5
m1 0 11
m2 9 14
1 9 1
2 9 1
3 9 1
t 59 45
m0 -5 -5
m1 0 12
m2 9 14
1 9 0
2 9 0
3 9 0
t 58 45
m0 -5 -5
m1 0 11
m2 9 14
1 9 1
2 9 1
3 9 1
t 57 45
m0 -5 -5
m1 0 11
m2 8 14
1 9 0
2 9 0
3 9 0
t 56 45
m0 -5 -5
m1 0 12
m2 9 14
1 9 1
2 9 1
3 9 1
t 55 45
m0 -5 -5
m1 0 12
m2 9 14
1 9 0
2 9 0
3 9 0
t 54 45
m0 -5 -5
m1 0 12
m2 9 14
1 9 1
2 9 1
3 9 1
t 53 45
m0 -5 -5
m1 0 13
m2 9 14
1 9 0
2 9 0
3 9 0
t 52 45
m0 -5 -5
m1 0 12
m2 9 14
1 9 1
2 9 1
3 9 1
t 51 45
m0 -5 -5
m1 0 11
m2 9 14
1 9 0
2 9 0
3 9 0
t 50 45
m0 -5 -5
m1 0 10
m2 9 14
1 9 1
2 9 1
3 9 1
t 49 45
m0 -5 -5
m1 0 11
m2 9 14
1 9 0
2 9 0
3 9 0
t 48 45
m0 -5 -5
m1 0 12
m2 9 14
1 9 1
2 9 1
3 9 1
t 47 45
m0 -5 -5
m1 0 13
m2 9 14
1 9 0
2 9 0
3 9 0
t 46 45
m0 -5 -5
m1 0 12
m2 9 14
1 9 1
2 9 1
3 9 1
t 45 45
m0 -5 -5
m1 0 12
m2 9 14
1 9 0
2 9 0
3 9 0
t 44 45
m0 -5 -5
m1 0 11
m2 9 14
1 9 1
2 9 1
3 9 1
t 43 45
m0 -5 -5
m1 0 10
m2 9 14
1 9 0
2 9 0
3 9 0
t 42 45
m0 -5 -5
m1 1 10
m2 9 14
1 9 1
2 9 1
3 9 1
t 41 45
m0 -5 -5
m1 0 10
m2 9 13
1 9 0
2 9 0
3 9 0
t 40 45
m0 -5 -5
m1 1 10
m2 9 14
1 9 1
2 9 1
3 9 1
t 39 45
m0 -5 -5
m1 1 10
m2 9 14
1 9 0
2 9 0
3 9 0
t 38 45
m0 -5 -5
m1 1 10
m2 9 14
1 9 1
2 9 1
3 9 1
t 37 45
m0 -5 -5
m1 1 10
m2 9 14
1 9 0
2 9 0
3 9 0
t 36 45
m0 -5 -5
m1 1 10
m2 9 14
1 9 1
2 9 1
3 9 1
t 35 45
m0 -5 -5
m1 0 10
m2 9 14
1 9 0
2 9 0
3 9 0
t 34 45
m0 -5 -5
m1 0 9
m2 9 14
1 9 1
2 9 1
3 9 1
t 33 45
m0 -5 -5
m1 0 8
m2 9 14
1 9 0
2 9 0
3 9 0
t 32 45
m0 -5 -5
m1 0 7
m2 9 14
1 9 1
2 9 1
3 9 1
t 31 45
m0 -5 -5
m1 0 7
m2 8 14
1 9 0
2 9 0
3 9 0
t 30 45
m0 -5 -5
m1 0 6
m2 9 14
1 9 1
2 9 1
3 9 1
t 29 45
m0 -5 -5
m1 0 7
m2 9 14
1 9 0
2 9 0
3 9 0
t 28 45
m0 -5 -5
m1 0 7
m2 9 14
1 9 1
2 9 1
3 9 1
t 27 45
m0 -5 -5
m1 0 7
m2 9 14
1 9 0
2 9 0
3 9 0
t 26 45
m0 -5 -5
m1 0 6
m2 9 14
1 9 1
2 9 1
3 9 1
t 25 45
m0 -5 -5
m1 0 5
m2 9 14
1 9 0
2 9 0
3 9 0
t 24 45
m0 -5 -5
m1 0 5
m2 9 14
1 9 1
2 9 1
3 9 1
t 23 45
m0 -5 -5
m1 0 4
m2 9 14
1 9 0
2 9 0
3 9 0
t 22 45
m0 -5 -5
m1 0 4
m2 9 14
1 9 1
2 9 1
3 9 1
t 21 45
m0 -5 -5
m1 0 4
m2 9 14
1 9 0
2 9 0
3 9 0
t 20 45
m0 -5 -5
m1 0 4
m2 9 14
1 9 1
2 9 1
3 9 1
t 19 45
m0 -5 -5
m1 1 4
m2 9 14
1 9 0
2 9 0
3 9 0
t 18 45
m0 -5 -5
m1 1 3
m2 9 14
1 9 1
2 9 1
3 9 1
t 17 45
m0 -5 -5
m1 1 2
m2 8 14
1 9 0
2 9 0
3 9 0
t 16 45
m0 -5 -5
m1 1 1
m2 9 14
1 9 1
2 9 1
3 9 1
t 15 45
m0 -5 -5
m1 1 2
m2 9 14
1 9 0
2 9 0
3 9 0
t 14 45
m0 -5 -5
m1 0 2
m2 8 14
1 9 1
2 9 1
3 9 1
t 13 46
m0 -5 -5
m1 1 2
m2 9 14
1 9 0
2 9 0
3 9 0
t 12 46
m0 -5 -5
m1 1 1
m2 9 14
1 9 1
2 9 1
3 9 1
t 11 46
m0 -5 -5
m1 1 2
m2 8 14
1 9 0
2 9 0
3 9 0
t 10 46
m0 -5 -5
m1 0 2
m2 9 14
1 9 1
2 9 1
3 9 1
t 9 46
m0 -5 -5
m1 0 2
m2 9 14
1 9 0
2 9 0
3 9 0
t 8 46
m0 -5 -5
m1 0 2
m2 9 14
1 9 1
2 9 1
3 9 1
t 7 46
m0 -5 -5
m1 0 2
m2 9 14
1 9 0
2 9 0
3 9 0
t 6 46
m0 -5 -5
m1 0 2
m2 9 14
1 9 1
2 9 1
3 9 1
t 5 46
m0 -5 -5
m1 1 2
m2 8 14
1 9 0
2 9 0
3 9 0
t 4 46
m0 -5 -5
m1 0 2
m2 9 14
1 9 1
2 9 1
3 9 1
t 3 46
m0 -5 -5
m1 1 2
m2 8 14
1 9 0
2 9 0
3 9 0
t 2 46
m0 -5 -5
m1 1 3
m2 9 14
1 9 1
2 9 1
3 9 1
t 1 46
m0 -5 -5
m1 1 3
m2 9 14
1 9 1
2 9 1
3 9 1
t 0 46
