10
15
w 6 9
w 1 3
w 8 13
w 9 1
w 4 8
w 7 12
w 2 8
w 5 6
w 6 6
w 3 0
w 3 11
w 0 7
w 4 12
w 4 0
w 6 14
w 3 3
w 3 10
w 1 5
w 9 11
w 5 0
w 1 10
w 6 4
w 0 0
w 5 11
w 6 0
w 4 14
w 9 10
w 7 9
w 2 7
w 5 3
w 8 3
w 3 5
w 0 1
w 1 12
w 6 1
w 9 9
w 8 4
p 5 9
p 4 7
p 7 3
p 8 0
p 2 12
p 9 4
p 0 10
p 5 1
p 7 11
p 2 5
p 1 11
p 8 5
p 5 8
p 0 3
p 8 14
p 9 0
p 4 9
p 5 12
p 6 10
p 4 4
p 8 10
p 6 3
p 2 13
p 3 6
p 0 4
p 7 10
p 8 6
p 3 4
p 4 1
p 9 7
p 3 2
p 8 2
p 7 1
p 6 11
p 1 13
p 4 5
p 7 5
p 8 7
p 1 0
p 0 8
p 2 14
p 6 5
p 4 11
p 7 8
p 5 10
p 6 8
p 8 12
p 9 2
p 3 1
p 5 7
p 7 13
p 5 14
p 1 7
p 9 5
p 5 2
p 0 2
m0 0 14
m1 0 14
m2 0 14
1 9 0
2 9 0
3 9 0
t 300 0
m0 1 14
m1 1 14
m2 1 14
1 8 0
2 8 0
3 8 0
t 299 0
m0 1 13
m1 1 13
m2 1 13
1 9 0
2 9 0
3 9 0
t 298 1
m0 2 13
m1 2 13
m2 2 13
1 8 0
2 8 0
3 8 0
t 297 2
m0 2 12
m1 2 12
m2 2 12
1 9 0
2 9 0
3 9 0
t 296 3
m0 3 12
m1 3 12
m2 3 12
1 8 0
2 8 0
3 8 0
t 295 3
m0 3 13
m1 3 13
m2 3 13
1 9 0
2 9 0
3 9 0
f 8 9
t 294 3
m0 4 13
m1 4 13
m2 4 13
1 8 0
2 8 0
3 8 0
t 293 3
m0 5 13
m1 5 13
m2 5 13
1 9 0
2 9 0
3 9 0
t 292 3
m0 5 12
m1 5 12
m2 5 12
1 8 0
2 8 0
3 8 0
t 291 4
m0 6 12
m1 6 12
m2 6 12
1 9 0
2 9 0
3 9 0
t 290 4
m0 6 11
m1 6 11
m2 6 11
1 8 0
2 8 0
3 8 0
t 289 5
m0 7 11
m1 7 11
m2 7 11
1 9 0
2 9 0
3 9 0
t 288 6
m0 7 10
m1 7 10
m2 7 10
1 8 0
2 8 0
3 8 0
t 287 7
m0 8 10
m1 8 10
m2 8 10
1 9 0
2 9 0
3 9 0
t 286 8
m0 8 9
m1 8 9
m2 8 9
1 8 0
2 8 0
3 8 0
t 285 18
m0 8 8
m1 8 8
m2 8 8
1 9 0
2 9 0
3 9 0
t 284 18
m0 7 8
m1 7 8
m2 7 8
1 8 0
2 8 0
3 8 0
t 283 19
m0 6 8
m1 6 8
m2 6 8
1 9 0
2 9 0
3 9 0
t 282 20
m0 5 8
m1 5 8
m2 5 8
1 8 0
2 8 0
3 8 0
t 281 21
m0 5 7
m1 5 7
m2 5 7
1 9 0
2 9 0
3 9 0
t 280 22
m0 4 7
m1 4 7
m2 4 7
1 8 0
2 8 0
3 8 0
t 279 23
m0 4 6
m1 4 6
m2 4 6
1 9 0
2 9 0
3 9 0
t 278 23
m0 4 5
m1 4 5
m2 4 5
1 8 0
2 8 0
3 8 0
t 277 24
m0 5 5
m1 5 5
m2 5 5
1 9 0
2 9 0
3 9 0
t 276 24
m0 6 5
m1 6 5
m2 6 5
1 8 0
2 8 0
3 8 0
t 275 25
m0 6 5
m1 6 5
m2 6 5
1 9 0
2 9 0
3 9 0
t 274 25
m0 6 5
m1 6 5
m2 6 5
1 8 0
2 8 0
3 8 0
t 273 25
m0 6 5
m1 6 5
m2 6 5
1 9 0
2 9 0
3 9 0
t 272 25
m0 6 5
m1 6 5
m2 6 5
1 8 0
2 8 0
3 8 0
t 271 25
m0 6 5
m1 6 5
m2 6 5
1 9 0
2 9 0
3 9 0
t 270 25
m0 6 5
m1 6 5
m2 6 5
1 8 0
2 8 0
3 8 0
t 269 25
m0 6 5
m1 6 5
m2 6 5
1 9 0
2 9 0
3 9 0
t 268 25
m0 6 5
m1 6 5
m2 6 5
1 8 0
2 8 0
3 8 0
t 267 25
m0 6 5
m1 6 5
m2 6 5
1 9 0
2 9 0
3 9 0
t 266 25
m0 6 5
m1 6 5
m2 6 5
1 8 0
2 8 0
3 8 0
t 265 25
m0 6 5
m1 6 5
m2 6 5
1 9 0
2 9 0
3 9 0
t 264 25
m0 6 5
m1 6 5
m2 6 5
1 8 0
2 8 0
3 8 0
t 263 25
m0 6 5
m1 6 5
m2 6 5
1 9 0
2 9 0
3 9 0
t 262 25
m0 6 5
m1 6 5
m2 6 5
1 8 0
2 8 0
3 8 0
t 261 25
m0 6 5
m1 6 5
m2 6 5
1 9 0
2 9 0
3 9 0
t 260 25
m0 6 5
m1 6 5
m2 6 5
1 8 0
2 8 0
3 8 0
t 259 25
m0 6 5
m1 6 5
m2 6 5
1 9 0
2 9 0
3 9 0
t 258 25
m0 6 5
m1 6 5
m2 6 5
1 8 0
2 8 0
3 8 0
t 257 25
m0 6 5
m1 6 5
m2 6 5
1 9 0
2 9 0
3 9 0
t 256 25
m0 6 5
m1 6 5
m2 6 5
1 8 0
2 8 0
3 8 0
t 255 25
m0 6 5
m1 6 5
m2 6 5
1 9 0
2 9 0
3 9 0
t 254 25
m0 6 5
m1 6 5
m2 6 5
1 8 0
2 8 0
3 8 0
t 253 25
m0 6 5
m1 6 5
m2 6 5
1 9 0
2 9 0
3 9 0
t 252 25
m0 6 5
m1 6 5
m2 6 5
1 8 0
2 8 0
3 8 0
t 251 25
m0 6 5
m1 6 5
m2 6 5
1 9 0
2 9 0
3 9 0
t 250 25
m0 6 5
m1 6 5
m2 6 5
1 8 0
2 8 0
3 8 0
t 249 25
m0 6 5
m1 6 5
m2 6 5
1 9 0
2 9 0
3 9 0
t 248 25
m0 6 5
m1 6 5
m2 6 5
1 8 0
2 8 0
3 8 0
t 247 25
m0 6 5
m1 6 5
m2 6 5
1 9 0
2 9 0
3 9 0
t 246 25
m0 6 5
m1 6 5
m2 6 5
1 8 0
2 8 0
3 8 0
t 245 25
m0 6 5
m1 6 5
m2 6 5
1 9 0
2 9 0
3 9 0
t 244 25
m0 6 5
m1 6 5
m2 6 5
1 8 0
2 8 0
3 8 0
t 243 25
m0 6 5
m1 6 5
m2 6 5
1 9 0
2 9 0
3 9 0
t 242 25
m0 6 5
m1 6 5
m2 6 5
1 8 0
2 8 0
3 8 0
t 241 25
m0 6 5
m1 6 5
m2 6 5
1 9 0
2 9 0
3 9 0
t 240 25
m0 6 5
m1 6 5
m2 6 5
1 8 0
2 8 0
3 8 0
t 239 25
m0 6 5
m1 6 5
m2 6 5
1 9 0
2 9 0
3 9 0
t 238 25
m0 6 5
m1 6 5
m2 6 5
1 8 0
2 8 0
3 8 0
t 237 25
m0 6 5
m1 6 5
m2 6 5
1 9 0
2 9 0
3 9 0
t 236 25
m0 6 5
m1 6 5
m2 6 5
1 8 0
2 8 0
3 8 0
t 235 25
m0 6 5
m1 6 5
m2 6 5
1 9 0
2 9 0
3 9 0
t 234 25
m0 6 5
m1 6 5
m2 6 5
1 8 0
2 8 0
3 8 0
t 233 25
m0 6 5
m1 6 5
m2 6 5
1 9 0
2 9 0
3 9 0
t 232 25
m0 6 5
m1 6 5
m2 6 5
1 8 0
2 8 0
3 8 0
t 231 25
m0 6 5
m1 6 5
m2 6 5
1 9 0
2 9 0
3 9 0
t 230 25
m0 6 5
m1 6 5
m2 6 5
1 8 0
2 8 0
3 8 0
t 229 25
m0 6 5
m1 6 5
m2 6 5
1 9 0
2 9 0
3 9 0
t 228 25
m0 6 5
m1 6 5
m2 6 5
1 8 0
2 8 0
3 8 0
t 227 25
m0 6 5
m1 6 5
m2 6 5
1 9 0
2 9 0
3 9 0
t 226 25
m0 6 5
m1 6 5
m2 6 5
1 8 0
2 8 0
3 8 0
t 225 25
m0 6 5
m1 6 5
m2 6 5
1 9 0
2 9 0
3 9 0
t 224 25
m0 6 5
m1 6 5
m2 6 5
1 8 0
2 8 0
3 8 0
t 223 25
m0 6 5
m1 6 5
m2 6 5
1 9 0
2 9 0
3 9 0
t 222 25
m0 6 5
m1 6 5
m2 6 5
1 8 0
2 8 0
3 8 0
t 221 25
m0 6 5
m1 6 5
m2 6 5
1 9 0
2 9 0
3 9 0
t 220 25
m0 6 5
m1 6 5
m2 6 5
1 8 0
2 8 0
3 8 0
t 219 25
m0 6 5
m1 6 5
m2 6 5
1 9 0
2 9 0
3 9 0
t 218 25
m0 6 5
m1 6 5
m2 6 5
1 8 0
2 8 0
3 8 0
t 217 25
m0 6 5
m1 6 5
m2 6 5
1 9 0
2 9 0
3 9 0
t 216 25
m0 6 5
m1 6 5
m2 6 5
1 8 0
2 8 0
3 8 0
t 215 25
m0 6 5
m1 6 5
m2 6 5
1 9 0
2 9 0
3 9 0
t 214 25
m0 6 5
m1 6 5
m2 6 5
1 8 0
2 8 0
3 8 0
t 213 25
m0 6 5
m1 6 5
m2 6 5
1 9 0
2 9 0
3 9 0
f 9 12
t 212 25
m0 6 5
m1 6 5
m2 6 5
1 8 0
2 8 0
3 8 0
t 211 25
m0 6 5
m1 6 5
m2 6 5
1 9 0
2 9 0
3 9 0
t 210 25
m0 6 5
m1 6 5
m2 6 5
1 8 0
2 8 0
3 8 0
t 209 25
m0 6 5
m1 6 5
m2 6 5
1 9 0
2 9 0
3 9 0
t 208 25
m0 6 5
m1 6 5
m2 6 5
1 8 0
2 8 0
3 8 0
t 207 25
m0 6 5
m1 6 5
m2 6 5
1 9 0
2 9 0
3 9 0
t 206 25
m0 6 5
m1 6 5
m2 6 5
1 8 0
2 8 0
3 8 0
t 205 25
m0 6 5
m1 6 5
m2 6 5
1 9 0
2 9 0
3 9 0
t 204 25
m0 6 5
m1 6 5
m2 6 5
1 8 0
2 8 0
3 8 0
t 203 25
m0 6 5
m1 6 5
m2 6 5
1 9 0
2 9 0
3 9 0
t 202 25
m0 6 5
m1 6 5
m2 6 5
1 8 0
2 8 0
3 8 0
t 201 25
m0 6 5
m1 6 5
m2 6 5
1 9 0
2 9 0
3 9 0
t 200 25
m0 6 5
m1 6 5
m2 6 5
1 8 0
2 8 0
3 8 0
t 199 25
m0 6 5
m1 6 5
m2 6 5
1 9 0
2 9 0
3 9 0
t 198 25
m0 6 5
m1 6 5
m2 6 5
1 8 0
2 8 0
3 8 0
t 197 25
m0 6 5
m1 6 5
m2 6 5
1 9 0
2 9 0
3 9 0
t 196 25
m0 6 5
m1 6 5
m2 6 5
1 8 0
2 8 0
3 8 0
t 195 25
m0 6 5
m1 6 5
m2 6 5
1 9 0
2 9 0
3 9 0
t 194 25
m0 6 5
m1 6 5
m2 6 5
1 8 0
2 8 0
3 8 0
t 193 25
m0 6 5
m1 6 5
m2 6 5
1 9 0
2 9 0
3 9 0
t 192 25
m0 6 5
m1 6 5
m2 6 5
1 8 0
2 8 0
3 8 0
t 191 25
m0 6 5
m1 6 5
m2 6 5
1 9 0
2 9 0
3 9 0
t 190 25
m0 6 5
m1 6 5
m2 6 5
1 8 0
2 8 0
3 8 0
t 189 25
m0 6 5
m1 6 5
m2 6 5
1 9 0
2 9 0
3 9 0
t 188 25
m0 6 5
m1 6 5
m2 6 5
1 8 0
2 8 0
3 8 0
t 187 25
m0 6 5
m1 6 5
m2 6 5
1 9 0
2 9 0
3 9 0
t 186 25
m0 6 5
m1 6 5
m2 6 5
1 8 0
2 8 0
3 8 0
t 185 25
m0 6 5
m1 6 5
m2 6 5
1 9 0
2 9 0
3 9 0
t 184 25
m0 6 5
m1 6 5
m2 6 5
1 8 0
2 8 0
3 8 0
t 183 25
m0 6 5
m1 6 5
m2 6 5
1 9 0
2 9 0
3 9 0
t 182 25
m0 6 5
m1 6 5
m2 6 5
1 8 0
2 8 0
3 8 0
t 181 25
m0 6 5
m1 6 5
m2 6 5
1 9 0
2 9 0
3 9 0
t 180 25
m0 6 5
m1 6 5
m2 6 5
1 8 0
2 8 0
3 8 0
t 179 25
m0 6 5
m1 6 5
m2 6 5
1 9 0
2 9 0
3 9 0
t 178 25
m0 6 5
m1 6 5
m2 6 5
1 8 0
2 8 0
3 8 0
t 177 25
m0 6 5
m1 6 5
m2 6 5
1 9 0
2 9 0
3 9 0
t 176 25
m0 6 5
m1 6 5
m2 6 5
1 8 0
2 8 0
3 8 0
t 175 25
m0 6 5
m1 6 5
m2 6 5
1 9 0
2 9 0
3 9 0
t 174 25
m0 6 5
m1 6 5
m2 6 5
1 8 0
2 8 0
3 8 0
t 173 25
m0 6 5
m1 6 5
m2 6 5
1 9 0
2 9 0
3 9 0
t 172 25
m0 6 5
m1 6 5
m2 6 5
1 8 0
2 8 0
3 8 0
t 171 25
m0 6 5
m1 6 5
m2 6 5
1 9 0
2 9 0
3 9 0
t 170 25
m0 6 5
m1 6 5
m2 6 5
1 8 0
2 8 0
3 8 0
t 169 25
m0 6 5
m1 6 5
m2 6 5
1 9 0
2 9 0
3 9 0
t 168 25
m0 6 5
m1 6 5
m2 6 5
1 8 0
2 8 0
3 8 0
t 167 25
m0 6 5
m1 6 5
m2 6 5
1 9 0
2 9 0
3 9 0
t 166 25
m0 6 5
m1 6 5
m2 6 5
1 8 0
2 8 0
3 8 0
t 165 25
m0 6 5
m1 6 5
m2 6 5
1 9 0
2 9 0
3 9 0
t 164 25
m0 6 5
m1 6 5
m2 6 5
1 8 0
2 8 0
3 8 0
t 163 25
m0 6 5
m1 6 5
m2 6 5
1 9 0
2 9 0
3 9 0
t 162 25
m0 6 5
m1 6 5
m2 6 5
1 8 0
2 8 0
3 8 0
t 161 25
m0 6 5
m1 6 5
m2 6 5
1 9 0
2 9 0
3 9 0
t 160 25
m0 6 5
m1 6 5
m2 6 5
1 8 0
2 8 0
3 8 0
t 159 25
m0 6 5
m1 6 5
m2 6 5
1 9 0
2 9 0
3 9 0
t 158 25
m0 6 5
m1 6 5
m2 6 5
1 8 0
2 8 0
3 8 0
t 157 25
m0 6 5
m1 6 5
m2 6 5
1 9 0
2 9 0
3 9 0
t 156 25
m0 6 5
m1 6 5
m2 6 5
1 8 0
2 8 0
3 8 0
t 155 25
m0 6 5
m1 6 5
m2 6 5
1 9 0
2 9 0
3 9 0
t 154 25
m0 6 5
m1 6 5
m2 6 5
1 8 0
2 8 0
3 8 0
t 153 25
m0 6 5
m1 6 5
m2 6 5
1 9 0
2 9 0
3 9 0
t 152 25
m0 6 5
m1 6 5
m2 6 5
1 8 0
2 8 0
3 8 0
t 151 25
m0 6 5
m1 6 5
m2 6 5
1 9 0
2 9 0
3 9 0
t 150 25
m0 6 5
m1 6 5
m2 6 5
1 8 0
2 8 0
3 8 0
t 149 25
m0 6 5
m1 6 5
m2 6 5
1 9 0
2 9 0
3 9 0
t 148 25
m0 6 5
m1 6 5
m2 6 5
1 8 0
2 8 0
3 8 0
t 147 25
m0 6 5
m1 6 5
m2 6 5
1 9 0
2 9 0
3 9 0
t 146 25
m0 6 5
m1 6 5
m2 6 5
1 8 0
2 8 0
3 8 0
t 145 25
m0 6 5
m1 6 5
m2 6 5
1 9 0
2 9 0
3 9 0
t 144 25
m0 6 5
m1 6 5
m2 6 5
1 8 0
2 8 0
3 8 0
t 143 25
m0 6 5
m1 6 5
m2 6 5
1 9 0
2 9 0
3 9 0
t 142 25
m0 6 5
m1 6 5
m2 6 5
1 8 0
2 8 0
3 8 0
t 141 25
m0 6 5
m1 6 5
m2 6 5
1 9 0
2 9 0
3 9 0
t 140 25
m0 6 5
m1 6 5
m2 6 5
1 8 0
2 8 0
3 8 0
t 139 25
m0 6 5
m1 6 5
m2 6 5
1 9 0
2 9 0
3 9 0
t 138 25
m0 6 5
m1 6 5
m2 6 5
1 8 0
2 8 0
3 8 0
t 137 25
m0 6 5
m1 6 5
m2 6 5
1 9 0
2 9 0
3 9 0
t 136 25
m0 6 5
m1 6 5
m2 6 5
1 8 0
2 8 0
3 8 0
t 135 25
m0 6 5
m1 6 5
m2 6 5
1 9 0
2 9 0
3 9 0
t 134 25
m0 6 5
m1 6 5
m2 6 5
1 8 0
2 8 0
3 8 0
t 133 25
m0 6 5
m1 6 5
m2 6 5
1 9 0
2 9 0
3 9 0
t 132 25
m0 6 5
m1 6 5
m2 6 5
1 8 0
2 8 0
3 8 0
t 131 25
m0 6 5
m1 6 5
m2 6 5
1 9 0
2 9 0
3 9 0
t 130 25
m0 6 5
m1 6 5
m2 6 5
1 8 0
2 8 0
3 8 0
t 129 25
m0 6 5
m1 6 5
m2 6 5
1 9 0
2 9 0
3 9 0
t 128 25
m0 6 5
m1 6 5
m2 6 5
1 8 0
2 8 0
3 8 0
t 127 25
m0 6 5
m1 6 5
m2 6 5
1 9 0
2 9 0
3 9 0
t 126 25
m0 6 5
m1 6 5
m2 6 5
1 8 0
2 8 0
3 8 0
t 125 25
m0 6 5
m1 6 5
m2 6 5
1 9 0
2 9 0
3 9 0
t 124 25
m0 6 5
m1 6 5
m2 6 5
1 8 0
2 8 0
3 8 0
t 123 25
m0 6 5
m1 6 5
m2 6 5
1 9 0
2 9 0
3 9 0
t 122 25
m0 6 5
m1 6 5
m2 6 5
1 8 0
2 8 0
3 8 0
t 121 25
m0 6 5
m1 6 5
m2 6 5
1 9 0
2 9 0
3 9 0
t 120 25
m0 6 5
m1 6 5
m2 6 5
1 8 0
2 8 0
3 8 0
t 119 25
m0 6 5
m1 6 5
m2 6 5
1 9 0
2 9 0
3 9 0
t 118 25
m0 6 5
m1 6 5
m2 6 5
1 8 0
2 8 0
3 8 0
t 117 25
m0 6 5
m1 6 5
m2 6 5
1 9 0
2 9 0
3 9 0
t 116 25
m0 6 5
m1 6 5
m2 6 5
1 8 0
2 8 0
3 8 0
t 115 25
m0 6 5
m1 6 5
m2 6 5
1 9 0
2 9 0
3 9 0
t 114 25
m0 6 5
m1 6 5
m2 6 5
1 8 0
2 8 0
3 8 0
t 113 25
m0 6 5
m1 6 5
m2 6 5
1 9 0
2 9 0
3 9 0
t 112 25
m0 6 5
m1 6 5
m2 6 5
1 8 0
2 8 0
3 8 0
t 111 25
m0 6 5
m1 6 5
m2 6 5
1 9 0
2 9 0
3 9 0
t 110 25
m0 6 5
m1 6 5
m2 6 5
1 8 0
2 8 0
3 8 0
t 109 25
m0 6 5
m1 6 5
m2 6 5
1 9 0
2 9 0
3 9 0
t 108 25
m0 6 5
m1 6 5
m2 6 5
1 8 0
2 8 0
3 8 0
t 107 25
m0 6 5
m1 6 5
m2 6 5
1 9 0
2 9 0
3 9 0
t 106 25
m0 6 5
m1 6 5
m2 6 5
1 8 0
2 8 0
3 8 0
t 105 25
m0 6 5
m1 6 5
m2 6 5
1 9 0
2 9 0
3 9 0
t 104 25
m0 6 5
m1 6 5
m2 6 5
1 8 0
2 8 0
3 8 0
t 103 25
m0 6 5
m1 6 5
m2 6 5
1 9 0
2 9 0
3 9 0
t 102 25
m0 6 5
m1 6 5
m2 6 5
1 8 0
2 8 0
3 8 0
t 101 25
m0 6 5
m1 6 5
m2 6 5
1 9 0
2 9 0
3 9 0
t 100 25
m0 6 5
m1 6 5
m2 6 5
1 8 0
2 8 0
3 8 0
t 99 25
m0 6 5
m1 6 5
m2 6 5
1 9 0
2 9 0
3 9 0
t 98 25
m0 6 5
m1 6 5
m2 6 5
1 8 0
2 8 0
3 8 0
t 97 25
m0 6 5
m1 6 5
m2 6 5
1 9 0
2 9 0
3 9 0
t 96 25
m0 6 5
m1 6 5
m2 6 5
1 8 0
2 8 0
3 8 0
t 95 25
m0 6 5
m1 6 5
m2 6 5
1 9 0
2 9 0
3 9 0
t 94 25
m0 6 5
m1 6 5
m2 6 5
1 8 0
2 8 0
3 8 0
t 93 25
m0 6 5
m1 6 5
m2 6 5
1 9 0
2 9 0
3 9 0
t 92 25
m0 6 5
m1 6 5
m2 6 5
1 8 0
2 8 0
3 8 0
t 91 25
m0 6 5
m1 6 5
m2 6 5
1 9 0
2 9 0
3 9 0
t 90 25
m0 6 5
m1 6 5
m2 6 5
1 8 0
2 8 0
3 8 0
t 89 25
m0 6 5
m1 6 5
m2 6 5
1 9 0
2 9 0
3 9 0
t 88 25
m0 6 5
m1 6 5
m2 6 5
1 8 0
2 8 0
3 8 0
t 87 25
m0 6 5
m1 6 5
m2 6 5
1 9 0
2 9 0
3 9 0
t 86 25
m0 6 5
m1 6 5
m2 6 5
1 8 0
2 8 0
3 8 0
t 85 25
m0 6 5
m1 6 5
m2 6 5
1 9 0
2 9 0
3 9 0
t 84 25
m0 6 5
m1 6 5
m2 6 5
1 8 0
2 8 0
3 8 0
t 83 25
m0 6 5
m1 6 5
m2 6 5
1 9 0
2 9 0
3 9 0
t 82 25
m0 6 5
m1 6 5
m2 6 5
1 8 0
2 8 0
3 8 0
t 81 25
m0 6 5
m1 6 5
m2 6 5
1 9 0
2 9 0
3 9 0
t 80 25
m0 6 5
m1 6 5
m2 6 5
1 8 0
2 8 0
3 8 0
t 79 25
m0 6 5
m1 6 5
m2 6 5
1 9 0
2 9 0
3 9 0
t 78 25
m0 6 5
m1 6 5
m2 6 5
1 8 0
2 8 0
3 8 0
t 77 25
m0 6 5
m1 6 5
m2 6 5
1 9 0
2 9 0
3 9 0
t 76 25
m0 6 5
m1 6 5
m2 6 5
1 8 0
2 8 0
3 8 0
t 75 25
m0 6 5
m1 6 5
m2 6 5
1 9 0
2 9 0
3 9 0
t 74 25
m0 6 5
m1 6 5
m2 6 5
1 8 0
2 8 0
3 8 0
t 73 25
m0 6 5
m1 6 5
m2 6 5
1 9 0
2 9 0
3 9 0
t 72 25
m0 6 5
m1 6 5
m2 6 5
1 8 0
2 8 0
3 8 0
t 71 25
m0 6 5
m1 6 5
m2 6 5
1 9 0
2 9 0
3 9 0
t 70 25
m0 6 5
m1 6 5
m2 6 5
1 8 0
2 8 0
3 8 0
t 69 25
m0 6 5
m1 6 5
m2 6 5
1 9 0
2 9 0
3 9 0
t 68 25
m0 6 5
m1 6 5
m2 6 5
1 8 0
2 8 0
3 8 0
t 67 25
m0 6 5
m1 6 5
m2 6 5
1 9 0
2 9 0
3 9 0
t 66 25
m0 6 5
m1 6 5
m2 6 5
1 8 0
2 8 0
3 8 0
t 65 25
m0 6 5
m1 6 5
m2 6 5
1 9 0
2 9 0
3 9 0
t 64 25
m0 6 5
m1 6 5
m2 6 5
1 8 0
2 8 0
3 8 0
t 63 25
m0 6 5
m1 6 5
m2 6 5
1 9 0
2 9 0
3 9 0
t 62 25
m0 6 5
m1 6 5
m2 6 5
1 8 0
2 8 0
3 8 0
t 61 25
m0 6 5
m1 6 5
m2 6 5
1 9 0
2 9 0
3 9 0
t 60 25
m0 6 5
m1 6 5
m2 6 5
1 8 0
2 8 0
3 8 0
t 59 25
m0 6 5
m1 6 5
m2 6 5
1 9 0
2 9 0
3 9 0
t 58 25
m0 6 5
m1 6 5
m2 6 5
1 8 0
2 8 0
3 8 0
t 57 25
m0 6 5
m1 6 5
m2 6 5
1 9 0
2 9 0
3 9 0
t 56 25
m0 6 5
m1 6 5
m2 6 5
1 8 0
2 8 0
3 8 0
t 55 25
m0 6 5
m1 6 5
m2 6 5
1 9 0
2 9 0
3 9 0
t 54 25
m0 6 5
m1 6 5
m2 6 5
1 8 0
2 8 0
3 8 0
t 53 25
m0 6 5
m1 6 5
m2 6 5
1 9 0
2 9 0
3 9 0
t 52 25
m0 6 5
m1 6 5
m2 6 5
1 8 0
2 8 0
3 8 0
t 51 25
m0 6 5
m1 6 5
m2 6 5
1 9 0
2 9 0
3 9 0
t 50 25
m0 6 5
m1 6 5
m2 6 5
1 8 0
2 8 0
3 8 0
t 49 25
m0 6 5
m1 6 5
m2 6 5
1 9 0
2 9 0
3 9 0
t 48 25
m0 6 5
m1 6 5
m2 6 5
1 8 0
2 8 0
3 8 0
t 47 25
m0 6 5
m1 6 5
m2 6 5
1 9 0
2 9 0
3 9 0
t 46 25
m0 6 5
m1 6 5
m2 6 5
1 8 0
2 8 0
3 8 0
t 45 25
m0 6 5
m1 6 5
m2 6 5
1 9 0
2 9 0
3 9 0
t 44 25
m0 6 5
m1 6 5
m2 6 5
1 8 0
2 8 0
3 8 0
t 43 25
m0 6 5
m1 6 5
m2 6 5
1 9 0
2 9 0
3 9 0
t 42 25
m0 6 5
m1 6 5
m2 6 5
1 8 0
2 8 0
3 8 0
t 41 25
m0 6 5
m1 6 5
m2 6 5
1 9 0
2 9 0
3 9 0
t 40 25
m0 6 5
m1 6 5
m2 6 5
1 8 0
2 8 0
3 8 0
t 39 25
m0 6 5
m1 6 5
m2 6 5
1 9 0
2 9 0
3 9 0
t 38 25
m0 6 5
m1 6 5
m2 6 5
1 8 0
2 8 0
3 8 0
t 37 25
m0 6 5
m1 6 5
m2 6 5
1 9 0
2 9 0
3 9 0
t 36 25
m0 6 5
m1 6 5
m2 6 5
1 8 0
2 8 0
3 8 0
t 35 25
m0 6 5
m1 6 5
m2 6 5
1 9 0
2 9 0
3 9 0
t 34 25
m0 6 5
m1 6 5
m2 6 5
1 8 0
2 8 0
3 8 0
t 33 25
m0 6 5
m1 6 5
m2 6 5
1 9 0
2 9 0
3 9 0
t 32 25
m0 6 5
m1 6 5
m2 6 5
1 8 0
2 8 0
3 8 0
t 31 25
m0 6 5
m1 6 5
m2 6 5
1 9 0
2 9 0
3 9 0
t 30 25
m0 6 5
m1 6 5
m2 6 5
1 8 0
2 8 0
3 8 0
t 29 25
m0 6 5
m1 6 5
m2 6 5
1 9 0
2 9 0
3 9 0
t 28 25
m0 6 5
m1 6 5
m2 6 5
1 8 0
2 8 0
3 8 0
t 27 25
m0 6 5
m1 6 5
m2 6 5
1 9 0
2 9 0
3 9 0
t 26 25
m0 6 5
m1 6 5
m2 6 5
1 8 0
2 8 0
3 8 0
t 25 25
m0 6 5
m1 6 5
m2 6 5
1 9 0
2 9 0
3 9 0
t 24 25
m0 6 5
m1 6 5
m2 6 5
1 8 0
2 8 0
3 8 0
t 23 25
m0 6 5
m1 6 5
m2 6 5
1 9 0
2 9 0
3 9 0
t 22 25
m0 6 5
m1 6 5
m2 6 5
1 8 0
2 8 0
3 8 0
t 21 25
m0 6 5
m1 6 5
m2 6 5
1 9 0
2 9 0
3 9 0
t 20 25
m0 6 5
m1 6 5
m2 6 5
1 8 0
2 8 0
3 8 0
t 19 25
m0 6 5
m1 6 5
m2 6 5
1 9 0
2 9 0
3 9 0
t 18 25
m0 6 5
m1 6 5
m2 6 5
1 8 0
2 8 0
3 8 0
t 17 25
m0 6 5
m1 6 5
m2 6 5
1 9 0
2 9 0
3 9 0
t 16 25
m0 6 5
m1 6 5
m2 6 5
1 8 0
2 8 0
3 8 0
t 15 25
m0 6 5
m1 6 5
m2 6 5
1 9 0
2 9 0
3 9 0
t 14 25
m0 6 5
m1 6 5
m2 6 5
1 8 0
2 8 0
3 8 0
t 13 25
m0 6 5
m1 6 5
m2 6 5
1 9 0
2 9 0
3 9 0
t 12 25
m0 6 5
m1 6 5
m2 6 5
1 8 0
2 8 0
3 8 0
t 11 25
m0 6 5
m1 6 5
m2 6 5
1 9 0
2 9 0
3 9 0
t 10 25
m0 6 5
m1 6 5
m2 6 5
1 8 0
2 8 0
3 8 0
t 9 25
m0 6 5
m1 6 5
m2 6 5
1 9 0
2 9 0
3 9 0
t 8 25
m0 6 5
m1 6 5
m2 6 5
1 8 0
2 8 0
3 8 0
t 7 25
m0 6 5
m1 6 5
m2 6 5
1 9 0
2 9 0
3 9 0
t 6 25
m0 6 5
m1 6 5
m2 6 5
1 8 0
2 8 0
3 8 0
t 5 25
m0 6 5
m1 6 5
m2 6 5
1 9 0
2 9 0
3 9 0
t 4 25
m0 6 5
m1 6 5
m2 6 5
1 8 0
2 8 0
3 8 0
t 3 25
m0 6 5
m1 6 5
m2 6 5
1 9 0
2 9 0
3 9 0
t 2 25
m0 6 5
m1 6 5
m2 6 5
1 8 0
2 8 0
3 8 0
t 1 25
m0 6 5
m1 6 5
m2 6 5
1 8 0
2 8 0
3 8 0
t 0 25
