10
15
w 9 1
w 4 8
w 3 0
w 6 6
w 9 8
w 3 11
w 6 2
w 4 12
w 2 12
w 0 10
w 7 11
w 3 14
w 6 14
w 4 9
w 5 5
w 3 3
w 6 10
w 1 14
w 0 11
w 9 11
w 3 6
w 2 2
w 1 10
w 9 7
w 3 2
w 7 14
w 8 2
w 6 0
w 7 5
w 2 3
w 6 12
w 2 14
w 3 5
w 0 1
w 7 0
w 6 8
w 5 2
p 6 9
p 1 3
p 2 8
p 5 13
p 2 1
p 8 9
p 9 4
p 2 5
p 8 5
p 9 0
p 2 9
p 3 10
p 4 4
p 4 13
p 1 5
p 2 13
p 5 0
p 7 10
p 3 4
p 4 10
p 5 4
p 0 0
p 9 14
p 6 4
p 2 6
p 7 1
p 6 11
p 3 13
p 9 3
p 1 4
p 2 10
p 9 10
p 0 5
p 8 7
p 9 6
p 4 11
p 6 5
p 5 3
p 8 3
p 3 12
p 4 6
p 1 12
p 8 12
p 7 13
p 0 13
p 9 9
p 5 7
p 3 1
p 3 8
p 5 14
p 1 8
p 0 6
p 6 13
p 7 8
p 2 4
p 9 12
m0 0 14
m1 0 14
m2 0 14
1 9 0
2 9 0
3 9 0
t 300 0
m0 0 14
m1 0 13
m2 0 13
1 8 0
2 8 0
3 8 0
t 299 1
m0 0 14
m1 0 12
m2 0 13
1 9 0
2 9 0
3 9 0
t 298 1
m0 0 14
m1 0 12
m2 0 12
1 8 0
2 8 0
3 8 0
t 297 1
m0 0 14
m1 1 12
m2 0 13
1 9 0
2 9 0
3 9 0
t 296 2
m0 0 14
m1 0 12
m2 0 14
1 8 0
2 8 0
3 8 0
t 295 2
m0 0 13
m1 0 13
m2 0 14
1 9 0
2 9 0
3 9 0
t 294 2
m0 0 12
m1 0 13
m2 0 14
1 8 0
2 8 0
3 8 0
t 293 2
m0 1 12
m1 0 13
m2 0 14
1 9 0
2 9 0
3 9 0
t 292 2
m0 1 12
m1 0 12
m2 0 13
1 8 0
2 8 0
3 8 0
t 291 2
m0 1 13
m1 0 12
m2 0 12
1 9 0
2 9 0
3 9 0
t 290 2
m0 1 12
m1 1 12
m2 0 12
1 8 0
2 8 0
3 8 0
t 289 2
m0 0 12
m1 1 11
m2 1 12
1 9 0
2 9 0
3 9 0
t 288 2
m0 0 12
m1 1 11
m2 0 12
1 8 0
2 8 0
3 8 0
t 287 2
m0 0 12
m1 2 11
m2 0 12
1 9 0
2 9 0
3 9 0
t 286 2
m0 0 12
m1 2 11
m2 0 12
1 8 0
2 8 0
3 8 0
t 285 2
m0 0 12
m1 2 10
m2 1 12
1 9 0
2 9 0
3 9 0
t 284 3
m0 0 12
m1 2 10
m2 1 12
1 8 0
2 8 0
3 8 0
t 283 3
m0 0 13
m1 3 10
m2 0 12
1 9 0
2 9 0
3 9 0
t 282 4
m0 0 12
m1 4 10
m2 0 12
1 8 0
2 8 0
3 8 0
t 281 5
m0 1 12
m1 5 10
m2 0 13
1 9 0
2 9 0
3 9 0
t 280 5
m0 1 12
m1 5 9
m2 0 12
1 8 0
2 8 0
3 8 0
t 279 5
m0 1 11
m1 5 8
m2 0 12
1 9 0
2 9 0
3 9 0
t 278 5
m0 2 11
m1 5 8
m2 0 13
1 8 0
2 8 0
3 8 0
t 277 5
m0 2 10
m1 5 7
m2 0 13
1 9 0
2 9 0
3 9 0
t 276 6
m0 2 9
m1 6 7
m2 1 13
1 8 0
2 8 0
3 8 0
t 275 7
m0 2 10
m1 6 7
m2 1 12
1 9 0
2 9 0
3 9 0
t 274 7
m0 2 10
m1 6 7
m2 1 13
1 8 0
2 8 0
3 8 0
t 273 7
m0 3 10
m1 7 7
m2 2 13
1 9 0
2 9 0
3 9 0
f 0 9
t 272 8
m0 3 10
m1 7 6
m2 1 13
1 8 0
2 8 0
3 8 0
t 271 8
m0 3 9
m1 7 6
m2 1 13
1 9 0
2 9 0
3 9 0
t 270 8
m0 2 9
m1 8 6
m2 2 13
1 8 0
2 8 0
3 8 0
t 269 8
m0 2 10
m1 8 5
m2 1 13
1 9 0
2 9 0
3 9 0
t 268 9
m0 2 9
m1 8 5
m2 1 12
1 8 0
2 8 0
3 8 0
t 267 9
m0 1 9
m1 8 5
m2 0 12
1 9 0
2 9 0
3 9 0
t 266 9
m0 0 9
m1 9 5
m2 0 12
1 8 0
2 8 0
3 8 0
t 265 19
m0 0 8
m1 9 5
m2 0 13
1 9 0
2 9 0
3 9 0
t 264 19
m0 0 7
m1 8 5
m2 1 13
1 8 0
2 8 0
3 8 0
t 263 19
m0 0 6
m1 8 4
m2 1 12
1 9 0
2 9 0
3 9 0
t 262 20
m0 0 7
m1 8 4
m2 1 11
1 8 0
2 8 0
3 8 0
t 261 20
m0 0 6
m1 9 4
m2 1 12
1 9 0
2 9 0
3 9 0
f 1 1
t 260 21
m0 1 6
m1 9 4
m2 1 13
1 8 0
2 8 0
3 8 0
t 259 21
m0 0 6
m1 8 4
m2 0 13
1 9 0
2 9 0
3 9 0
t 258 21
m0 1 6
m1 9 4
m2 1 13
1 8 0
2 8 0
3 8 0
t 257 21
m0 1 7
m1 9 3
m2 2 13
1 9 0
2 9 0
3 9 0
t 256 22
m0 1 6
m1 9 3
m2 2 13
1 8 0
2 8 0
3 8 0
t 255 22
m0 1 7
m1 9 2
m2 2 13
1 9 0
2 9 0
3 8 1
t 254 22
m0 1 6
m1 9 3
m2 3 13
1 8 0
2 8 0
3 8 0
t 253 23
m0 1 5
m1 8 3
m2 3 13
1 9 0
2 9 0
3 8 1
t 252 25
m0 1 4
m1 8 3
m2 3 12
1 8 0
2 8 0
3 8 0
t 251 27
m0 1 5
m1 8 3
m2 3 12
1 9 0
2 9 0
3 8 1
t 250 27
m0 2 5
m1 8 4
m2 3 12
1 8 0
2 8 0
3 8 0
t 249 28
m0 2 5
m1 8 3
m2 3 13
1 9 0
2 9 0
3 8 1
t 248 28
m0 2 6
m1 8 3
m2 4 13
1 8 0
2 8 0
3 8 0
t 247 30
m0 1 6
m1 8 3
m2 5 13
1 9 0
2 9 0
3 8 1
t 246 31
m0 1 5
m1 8 3
m2 6 13
1 8 0
2 8 0
3 8 0
t 245 32
m0 0 5
m1 8 3
m2 7 13
1 9 0
2 9 0
3 8 1
t 244 34
m0 0 6
m1 8 4
m2 6 13
1 8 0
2 8 0
3 8 0
t 243 34
m0 0 5
m1 9 4
m2 7 13
1 9 0
2 9 0
3 9 0
t 242 34
m0 0 4
m1 9 3
m2 8 13
1 8 0
2 8 0
3 8 0
t 241 34
m0 0 4
m1 9 3
m2 9 13
1 9 0
2 9 0
3 9 0
t 240 34
m0 1 4
m1 9 2
m2 9 13
1 8 0
2 8 0
3 8 0
t 239 34
m0 1 3
m1 9 2
m2 8 13
1 9 0
2 9 0
3 8 1
t 238 35
m0 1 2
m1 9 2
m2 8 13
1 8 0
2 8 0
3 8 0
t 237 35
m0 1 1
m1 9 2
m2 8 12
1 9 0
2 9 0
3 8 1
t 236 46
m0 1 1
m1 9 3
m2 8 12
1 8 0
2 8 0
3 8 0
t 235 46
m0 1 0
m1 9 2
m2 7 12
1 9 0
2 9 0
3 8 1
t 234 46
m0 2 0
m1 9 3
m2 8 12
1 8 0
2 8 0
3 8 0
t 233 46
m0 2 0
m1 8 3
m2 9 12
1 9 0
2 9 0
3 8 1
t 232 47
m0 2 0
m1 7 3
m2 8 12
1 8 0
2 8 0
3 7 1
t 231 47
m0 2 0
m1 7 2
m2 8 12
1 9 0
2 9 0
3 8 1
t 230 47
m0 2 1
m1 7 1
m2 8 11
1 8 0
2 8 0
3 8 0
t 229 49
m0 2 0
m1 8 1
m2 8 10
1 9 0
2 9 0
3 9 0
t 228 49
m0 2 1
m1 -5 -5
m2 8 10
1 8 0
2 8 0
3 8 0
t 227 49
m0 2 0
m1 -5 -5
m2 8 9
1 9 0
2 9 0
3 9 0
t 226 50
m0 2 0
m1 -5 -5
m2 8 8
1 8 0
2 8 0
3 8 0
t 225 50
m0 2 1
m1 -5 -5
m2 8 7
1 9 0
2 9 0
3 9 0
t 224 51
m0 2 0
m1 -5 -5
m2 8 6
1 8 0
2 8 0
3 8 0
t 223 51
m0 1 0
m1 -5 -5
m2 8 7
1 9 0
2 9 0
3 9 0
t 222 51
m0 1 0
m1 -5 -5
m2 8 8
1 8 0
2 8 0
3 8 0
t 221 51
m0 1 1
m1 -5 -5
m2 8 7
1 9 0
2 9 0
3 9 0
t 220 51
m0 1 1
m1 -5 -5
m2 8 7
1 8 0
2 8 0
3 8 0
t 219 51
m0 2 1
m1 -5 -5
m2 8 6
1 9 0
2 9 0
3 9 0
t 218 51
m0 2 1
m1 -5 -5
m2 8 5
1 8 0
2 8 0
3 8 0
t 217 51
m0 2 0
m1 -5 -5
m2 8 4
1 9 0
2 9 0
3 9 0
t 216 51
m0 2 0
m1 -5 -5
m2 9 4
1 8 0
2 8 0
3 8 0
t 215 51
m0 2 0
m1 -5 -5
m2 9 3
1 9 0
2 9 0
3 9 0
t 214 51
m0 1 0
m1 -5 -5
m2 9 2
1 8 0
2 8 0
3 8 0
t 213 51
m0 1 0
m1 -5 -5
m2 9 3
1 9 0
2 9 0
3 9 0
t 212 51
m0 2 0
m1 -5 -5
m2 9 2
1 8 0
2 8 0
3 8 0
t 211 51
m0 2 1
m1 -5 -5
m2 9 3
1 9 0
2 9 0
3 9 0
t 210 51
m0 3 1
m1 -5 -5
m2 9 2
1 8 0
2 8 0
3 8 0
t 209 52
m0 4 1
m1 -5 -5
m2 9 3
1 9 0
2 9 0
3 9 0
t 208 52
m0 5 1
m1 -5 -5
m2 9 2
1 8 0
2 8 0
3 8 0
t 207 52
m0 6 1
m1 -5 -5
m2 9 3
1 9 0
2 9 0
3 8 1
t 206 52
m0 6 1
m1 -5 -5
m2 8 3
1 8 0
2 8 0
3 8 0
t 205 52
m0 7 1
m1 -5 -5
m2 7 3
1 8 1
2 9 0
3 9 0
t 204 52
m0 -5 -5
m1 -5 -5
m2 7 3
1 8 0
2 8 0
3 8 0
t 203 52
m0 -5 -5
m1 -5 -5
m2 7 2
1 9 0
2 9 0
3 8 1
t 202 52
m0 -5 -5
m1 -5 -5
m2 7 2
1 8 0
2 8 0
3 8 0
t 201 52
m0 -5 -5
m1 -5 -5
m2 7 2
1 9 0
2 9 0
3 8 1
t 200 52
m0 -5 -5
m1 -5 -5
m2 7 1
1 8 0
2 8 0
3 8 0
t 199 52
m0 -5 -5
m1 -5 -5
m2 8 1
1 9 0
2 9 0
3 9 0
t 198 52
m0 -5 -5
m1 -5 -5
m2 -5 -5
1 8 0
2 8 0
3 8 0
f 6 13
t 197 52
