10
15
w 7 3
w 1 3
w 9 1
w 7 12
w 5 13
w 9 4
w 8 5
w 4 9
w 6 7
w 3 3
w 6 10
w 1 14
w 8 10
w 1 5
w 5 0
w 5 4
w 0 0
w 9 14
w 8 2
w 6 11
w 4 5
w 6 0
w 0 12
w 3 9
w 2 14
w 4 11
w 6 5
w 0 1
w 9 13
w 7 0
w 3 12
w 3 1
w 5 7
w 0 6
w 8 8
w 6 13
w 9 12
p 5 9
p 8 13
p 4 8
p 3 0
p 5 6
p 9 8
p 8 0
p 0 2
p 2 1
p 0 7
p 4 12
p 1 6
p 2 12
p 6 2
p 7 11
p 3 7
p 2 5
p 0 3
p 7 2
p 6 14
p 8 14
p 5 5
p 2 9
p 7 10
p 3 6
p 1 10
p 0 4
p 1 1
p 5 11
p 8 11
p 9 3
p 4 14
p 2 10
p 9 10
p 7 5
p 2 3
p 1 9
p 4 2
p 1 0
p 9 6
p 7 9
p 3 5
p 5 3
p 8 3
p 7 8
p 1 12
p 8 12
p 9 2
p 9 9
p 3 8
p 2 0
p 4 3
p 0 9
p 9 5
p 3 4
p 2 4
m0 0 14
m1 0 14
m2 0 14
1 9 0
2 9 0
3 9 0
t 300 0
m0 0 14
m1 0 13
m2 0 13
1 8 0
2 8 0
3 8 0
t 299 0
m0 0 14
m1 0 14
m2 1 13
1 9 0
2 9 0
3 9 0
t 298 0
m0 0 14
m1 0 14
m2 1 13
1 8 0
2 8 0
3 8 0
t 297 0
m0 0 14
m1 0 13
m2 2 13
1 9 0
2 9 0
3 9 0
t 296 0
m0 0 14
m1 0 14
m2 3 13
1 8 0
2 8 0
3 8 0
t 295 0
m0 0 13
m1 0 14
m2 3 13
1 9 0
2 9 0
3 9 0
t 294 0
m0 0 14
m1 0 13
m2 3 14
1 8 0
2 8 0
3 8 0
t 293 0
m0 0 13
m1 0 13
m2 4 14
1 9 0
2 9 0
3 9 0
t 292 1
m0 0 14
m1 0 14
m2 4 14
1 8 0
2 8 0
3 8 0
t 291 1
m0 0 14
m1 0 14
m2 3 14
1 9 0
2 9 0
3 9 0
t 290 1
m0 0 13
m1 0 14
m2 3 14
1 8 0
2 8 0
3 8 0
t 289 1
m0 0 14
m1 0 14
m2 3 14
1 9 0
2 9 0
3 9 0
t 288 1
m0 0 13
m1 0 14
m2 4 14
1 8 0
2 8 0
3 8 0
t 287 1
m0 1 13
m1 0 14
m2 5 14
1 9 0
2 9 0
3 9 0
t 286 1
m0 2 13
m1 0 14
m2 6 14
1 8 0
2 8 0
3 8 0
t 285 2
m0 3 13
m1 0 14
m2 6 14
1 9 0
2 9 0
3 9 0
t 284 2
m0 3 14
m1 0 14
m2 6 14
1 8 0
2 8 0
3 8 0
t 283 2
m0 3 13
m1 0 14
m2 7 14
1 9 0
2 9 0
3 9 0
t 282 2
m0 4 13
m1 0 14
m2 8 14
1 8 0
2 8 0
3 8 0
t 281 3
m0 4 12
m1 0 14
m2 8 14
1 9 0
2 9 0
3 9 0
t 280 4
m0 4 12
m1 0 14
m2 7 14
1 8 0
2 8 0
3 8 0
t 279 4
m0 4 12
m1 0 14
m2 7 14
1 9 0
2 9 0
3 9 0
t 278 4
m0 4 12
m1 0 13
m2 7 14
1 8 0
2 8 0
3 8 0
t 277 4
m0 4 13
m1 0 14
m2 6 14
1 9 0
2 9 0
3 9 0
t 276 4
m0 4 13
m1 0 14
m2 6 14
1 8 0
2 8 0
3 8 0
t 275 4
m0 4 13
m1 0 14
m2 7 14
1 9 0
2 9 0
3 9 0
t 274 4
m0 4 13
m1 0 13
m2 7 14
1 8 0
2 8 0
3 8 0
t 273 4
m0 4 12
m1 0 13
m2 7 13
1 9 0
2 9 0
3 9 0
t 272 4
m0 4 12
m1 0 14
m2 7 14
1 8 0
2 8 0
3 8 0
t 271 4
m0 4 13
m1 0 14
m2 6 14
1 9 0
2 9 0
3 9 0
t 270 4
m0 3 13
m1 0 14
m2 6 14
1 8 0
2 8 0
3 8 0
t 269 4
m0 4 13
m1 0 14
m2 7 14
1 9 0
2 9 0
3 9 0
t 268 14
m0 4 13
m1 0 14
m2 6 14
1 8 0
2 8 0
3 8 0
t 267 14
m0 4 13
m1 0 14
m2 7 14
1 9 0
2 9 0
3 9 0
t 266 14
m0 3 13
m1 0 14
m2 7 14
1 8 0
2 8 0
3 8 0
t 265 14
m0 4 13
m1 0 14
m2 7 14
1 9 0
2 9 0
3 9 0
t 264 14
m0 4 12
m1 0 14
m2 6 14
1 8 0
2 8 0
3 8 0
t 263 14
m0 4 12
m1 0 14
m2 7 14
1 9 0
2 9 0
3 9 0
t 262 14
m0 4 12
m1 0 14
m2 7 14
1 8 0
2 8 0
3 8 0
t 261 14
m0 4 13
m1 0 14
m2 8 14
1 9 0
2 9 0
3 9 0
t 260 14
m0 4 13
m1 0 14
m2 8 13
1 8 0
2 8 0
3 8 0
t 259 15
m0 4 14
m1 0 13
m2 8 12
1 9 0
2 9 0
3 9 0
f 7 6
t 258 16
m0 5 14
m1 0 13
m2 8 12
1 8 0
2 8 0
3 8 0
t 257 16
m0 4 14
m1 0 14
m2 8 12
1 9 0
2 9 0
3 9 0
t 256 16
m0 4 14
m1 0 14
m2 8 11
1 8 0
2 8 0
3 8 0
t 255 17
m0 4 13
m1 0 14
m2 9 11
1 9 0
2 9 0
3 9 0
t 254 17
m0 4 12
m1 0 14
m2 9 10
1 8 0
2 8 0
3 8 0
t 253 18
m0 5 12
m1 0 13
m2 9 9
1 9 0
2 9 0
3 9 0
t 252 19
m0 5 11
m1 0 14
m2 9 8
1 8 0
2 8 0
3 8 0
t 251 21
m0 5 12
m1 0 13
m2 9 7
1 9 0
2 9 0
3 9 0
t 250 21
m0 5 11
m1 0 14
m2 9 6
1 8 0
2 8 0
3 8 0
t 249 22
m0 5 12
m1 0 14
m2 8 6
1 9 0
2 9 0
3 9 0
t 248 22
m0 5 12
m1 0 14
m2 9 6
1 8 0
2 8 0
3 8 0
t 247 22
m0 5 12
m1 0 14
m2 9 5
1 9 0
2 9 0
3 9 0
t 246 23
m0 5 11
m1 0 14
m2 9 6
1 8 0
2 8 0
3 8 0
t 245 23
m0 5 10
m1 0 14
m2 9 6
1 9 0
2 9 0
3 9 0
t 244 23
m0 5 10
m1 0 13
m2 8 6
1 8 0
2 8 0
3 8 0
t 243 23
m0 5 11
m1 1 13
m2 8 6
1 9 0
2 9 0
3 9 0
t 242 23
m0 5 12
m1 1 13
m2 9 6
1 8 0
2 8 0
3 8 0
t 241 23
m0 5 11
m1 0 13
m2 9 5
1 9 0
2 9 0
3 9 0
t 240 23
m0 5 12
m1 0 14
m2 9 5
1 8 0
2 8 0
3 8 0
t 239 23
m0 5 12
m1 0 14
m2 9 5
1 9 0
2 9 0
3 9 0
t 238 23
m0 5 11
m1 0 14
m2 9 5
1 8 0
2 8 0
3 8 0
t 237 23
m0 5 12
m1 0 14
m2 9 6
1 9 0
2 9 0
3 9 0
t 236 23
m0 5 11
m1 0 14
m2 8 6
1 8 0
2 8 0
3 8 0
t 235 23
m0 5 10
m1 0 14
m2 9 6
1 9 0
2 9 0
3 9 0
t 234 23
m0 4 10
m1 0 14
m2 8 6
1 8 0
2 8 0
3 8 0
t 233 23
m0 3 10
m1 0 14
m2 8 7
1 9 0
2 9 0
3 9 0
t 232 23
m0 3 11
m1 0 14
m2 8 7
1 8 0
2 8 0
3 8 0
t 231 23
m0 3 10
m1 0 14
m2 9 7
1 9 0
2 9 0
3 9 0
t 230 23
m0 3 11
m1 0 14
m2 9 6
1 8 0
2 8 0
3 8 0
t 229 23
m0 3 11
m1 0 14
m2 8 6
1 9 0
2 9 0
3 9 0
t 228 23
m0 2 11
m1 0 14
m2 9 6
1 8 0
2 8 0
3 8 0
t 227 23
m0 3 11
m1 0 14
m2 9 5
1 9 0
2 9 0
3 9 0
t 226 23
m0 3 11
m1 0 14
m2 9 6
1 8 0
2 8 0
3 8 0
t 225 23
m0 3 11
m1 0 14
m2 9 6
1 9 0
2 9 0
3 9 0
t 224 23
m0 3 10
m1 0 13
m2 9 6
1 8 0
2 8 0
3 8 0
t 223 23
m0 4 10
m1 0 14
m2 9 7
1 9 0
2 9 0
3 9 0
t 222 23
m0 5 10
m1 0 13
m2 9 6
1 8 0
2 8 0
3 8 0
t 221 23
m0 5 10
m1 0 14
m2 9 5
1 9 0
2 9 0
3 9 0
t 220 23
m0 5 11
m1 0 14
m2 9 6
1 8 0
2 8 0
3 8 0
t 219 23
m0 5 12
m1 0 14
m2 9 6
1 9 0
2 9 0
3 9 0
t 218 23
m0 5 12
m1 0 13
m2 9 6
1 8 0
2 8 0
3 8 0
t 217 23
m0 5 12
m1 0 14
m2 9 6
1 9 0
2 9 0
3 9 0
t 216 23
m0 6 12
m1 0 14
m2 9 5
1 8 0
2 8 0
3 8 0
t 215 23
m0 5 12
m1 0 13
m2 9 5
1 9 0
2 9 0
3 9 0
t 214 23
m0 6 12
m1 0 14
m2 9 5
1 8 0
2 8 0
3 8 0
t 213 23
m0 6 12
m1 0 14
m2 9 6
1 9 0
2 9 0
3 9 0
t 212 23
m0 6 12
m1 0 14
m2 9 6
1 8 0
2 8 0
3 8 0
t 211 23
m0 6 12
m1 0 14
m2 9 5
1 9 0
2 9 0
3 9 0
t 210 23
m0 6 12
m1 0 14
m2 9 6
1 8 0
2 8 0
3 8 0
t 209 23
m0 5 12
m1 0 14
m2 9 6
1 9 0
2 9 0
3 9 0
t 208 23
m0 5 12
m1 0 13
m2 9 6
1 8 0
2 8 0
3 8 0
t 207 23
m0 6 12
m1 1 13
m2 9 6
1 9 0
2 9 0
3 9 0
t 206 23
m0 5 12
m1 0 13
m2 9 5
1 8 0
2 8 0
3 8 0
t 205 23
m0 6 12
m1 0 13
m2 9 6
1 9 0
2 9 0
3 9 0
t 204 23
m0 6 12
m1 0 13
m2 9 6
1 8 0
2 8 0
3 8 0
t 203 23
m0 6 12
m1 0 14
m2 9 5
1 9 0
2 9 0
3 9 0
t 202 23
m0 5 12
m1 0 14
m2 9 6
1 8 0
2 8 0
3 8 0
t 201 23
m0 5 11
m1 0 14
m2 9 5
1 9 0
2 9 0
3 9 0
t 200 23
m0 5 12
m1 0 13
m2 9 6
1 8 0
2 8 0
3 8 0
t 199 23
m0 5 11
m1 0 14
m2 9 6
1 9 0
2 9 0
3 9 0
t 198 23
m0 5 11
m1 0 14
m2 8 6
1 8 0
2 8 0
3 8 0
t 197 23
m0 5 12
m1 0 14
m2 9 6
1 9 0
2 9 0
3 9 0
t 196 23
m0 5 11
m1 0 13
m2 9 5
1 8 0
2 8 0
3 8 0
t 195 23
m0 5 11
m1 0 14
m2 9 5
1 9 0
2 9 0
3 9 0
t 194 23
m0 5 10
m1 0 14
m2 9 5
1 8 0
2 8 0
3 8 0
t 193 23
m0 4 10
m1 0 13
m2 9 6
1 9 0
2 9 0
3 9 0
t 192 23
m0 4 10
m1 0 14
m2 9 6
1 8 0
2 8 0
3 8 0
t 191 23
m0 4 10
m1 0 14
m2 9 6
1 9 0
2 9 0
3 9 0
t 190 23
m0 4 10
m1 0 14
m2 9 6
1 8 0
2 8 0
3 8 0
t 189 23
m0 4 10
m1 0 14
m2 9 6
1 9 0
2 9 0
3 9 0
t 188 23
m0 4 10
m1 0 14
m2 8 6
1 8 0
2 8 0
3 8 0
t 187 23
m0 5 10
m1 0 14
m2 8 7
1 9 0
2 9 0
3 9 0
t 186 23
m0 4 10
m1 0 14
m2 9 7
1 8 0
2 8 0
3 8 0
t 185 23
m0 5 10
m1 0 14
m2 8 7
1 9 0
2 9 0
3 9 0
t 184 23
m0 5 10
m1 0 14
m2 8 6
1 8 0
2 8 0
3 8 0
t 183 23
m0 4 10
m1 0 13
m2 7 6
1 9 0
2 9 0
3 9 0
t 182 33
m0 4 10
m1 1 13
m2 6 6
1 8 0
2 8 0
3 8 0
t 181 33
m0 4 10
m1 0 13
m2 5 6
1 9 0
2 9 0
3 9 0
t 180 34
m0 4 10
m1 0 14
m2 5 6
1 8 0
2 8 0
3 8 0
t 179 34
m0 3 10
m1 0 13
m2 5 5
1 9 0
2 9 0
3 9 0
t 178 35
m0 4 10
m1 0 13
m2 5 6
1 8 0
2 8 0
3 8 0
t 177 35
m0 5 10
m1 0 14
m2 5 5
1 9 0
2 9 0
3 9 0
t 176 35
m0 4 10
m1 0 14
m2 5 5
1 8 0
2 8 0
3 8 0
t 175 35
m0 4 10
m1 0 14
m2 5 6
1 9 0
2 9 0
3 9 0
t 174 35
m0 3 10
m1 0 14
m2 6 6
1 8 0
2 8 0
3 8 0
t 173 35
m0 4 10
m1 0 14
m2 5 6
1 9 0
2 9 0
3 9 0
t 172 35
m0 4 10
m1 0 14
m2 6 6
1 8 0
2 8 0
3 8 0
t 171 35
m0 4 10
m1 0 13
m2 5 6
1 9 0
2 9 0
3 9 0
t 170 35
m0 3 10
m1 0 13
m2 5 6
1 8 0
2 8 0
3 8 0
t 169 35
m0 2 10
m1 0 14
m2 5 6
1 9 0
2 9 0
3 9 0
t 168 36
m0 3 10
m1 0 14
m2 5 6
1 8 0
2 8 0
3 8 0
t 167 36
m0 3 10
m1 0 13
m2 6 6
1 9 0
2 9 0
3 9 0
t 166 36
m0 3 10
m1 0 13
m2 5 6
1 8 0
2 8 0
3 8 0
t 165 36
m0 2 10
m1 0 14
m2 5 5
1 9 0
2 9 0
3 9 0
t 164 36
m0 2 9
m1 0 14
m2 5 5
1 8 0
2 8 0
3 8 0
t 163 37
m0 2 9
m1 0 14
m2 5 5
1 9 0
2 9 0
3 9 0
t 162 37
m0 2 10
m1 0 14
m2 5 6
1 8 0
2 8 0
3 8 0
t 161 37
m0 2 10
m1 0 14
m2 5 5
1 9 0
2 9 0
3 9 0
t 160 37
m0 3 10
m1 0 14
m2 5 5
1 8 0
2 8 0
3 8 0
t 159 37
m0 4 10
m1 0 14
m2 5 5
1 9 0
2 9 0
3 9 0
t 158 37
m0 4 10
m1 0 14
m2 5 5
1 8 0
2 8 0
3 8 0
t 157 37
m0 3 10
m1 0 14
m2 5 5
1 9 0
2 9 0
3 9 0
t 156 37
m0 3 11
m1 0 14
m2 5 5
1 8 0
2 8 0
3 8 0
t 155 37
m0 3 11
m1 0 14
m2 5 6
1 9 0
2 9 0
3 9 0
t 154 37
m0 2 11
m1 0 14
m2 6 6
1 8 0
2 8 0
3 8 0
t 153 37
m0 2 10
m1 0 14
m2 5 6
1 9 0
2 9 0
3 9 0
t 152 37
m0 3 10
m1 0 14
m2 5 6
1 8 0
2 8 0
3 8 0
t 151 37
m0 3 11
m1 0 14
m2 5 5
1 9 0
2 9 0
3 9 0
t 150 37
m0 3 10
m1 0 14
m2 5 6
1 8 0
2 8 0
3 8 0
f 9 8
t 149 37
m0 3 10
m1 0 14
m2 5 5
1 9 0
2 9 0
3 9 0
t 148 37
m0 3 11
m1 0 14
m2 5 5
1 8 0
2 8 0
3 8 0
t 147 37
m0 3 10
m1 0 14
m2 5 5
1 9 0
2 9 0
3 9 0
t 146 37
m0 3 10
m1 0 14
m2 5 5
1 8 0
2 8 0
3 8 0
t 145 37
m0 4 10
m1 0 13
m2 5 5
1 9 0
2 9 0
3 9 0
t 144 37
m0 3 10
m1 0 14
m2 5 5
1 8 0
2 8 0
3 8 0
t 143 37
m0 3 10
m1 0 14
m2 5 6
1 9 0
2 9 0
3 9 0
t 142 37
m0 3 11
m1 0 14
m2 5 5
1 8 0
2 8 0
3 8 0
t 141 37
m0 3 10
m1 0 13
m2 5 6
1 9 0
2 9 0
3 9 0
t 140 37
m0 3 10
m1 0 14
m2 4 6
1 8 0
2 8 0
3 8 0
t 139 37
m0 3 10
m1 0 13
m2 4 7
1 9 0
2 9 0
3 9 0
t 138 37
m0 3 11
m1 0 14
m2 3 7
1 8 0
2 8 0
3 8 0
t 137 38
m0 3 10
m1 0 13
m2 2 7
1 9 0
2 9 0
3 9 0
t 136 38
m0 4 10
m1 0 14
m2 2 6
1 8 0
2 8 0
3 8 0
t 135 38
m0 4 10
m1 0 13
m2 2 5
1 9 0
2 9 0
3 9 0
t 134 39
m0 5 10
m1 0 13
m2 2 4
1 8 0
2 8 0
3 8 0
t 133 40
m0 5 9
m1 0 14
m2 2 3
1 9 0
2 9 0
3 9 0
t 132 42
m0 5 8
m1 0 13
m2 2 2
1 8 0
2 8 0
3 8 0
t 131 42
m0 5 9
m1 0 14
m2 2 1
1 9 0
2 9 0
3 9 0
t 130 43
m0 5 8
m1 0 13
m2 2 0
1 8 0
2 8 0
3 8 0
t 129 44
m0 5 9
m1 0 14
m2 2 0
1 9 0
2 9 0
3 9 0
t 128 44
m0 5 9
m1 0 13
m2 3 0
1 8 0
2 8 0
3 8 0
t 127 45
m0 6 9
m1 0 14
m2 2 0
1 9 0
2 9 0
3 9 0
t 126 45
m0 7 9
m1 0 14
m2 1 0
1 8 0
2 8 0
3 8 0
t 125 47
m0 8 9
m1 0 14
m2 1 0
1 9 0
2 9 0
3 9 0
t 124 47
m0 9 9
m1 0 14
m2 1 1
1 8 0
2 8 0
3 8 0
t 123 48
m0 9 9
m1 0 13
m2 2 1
1 9 0
2 9 0
3 9 0
t 122 48
m0 9 10
m1 0 14
m2 2 1
1 8 0
2 8 0
3 8 0
t 121 48
m0 9 10
m1 0 14
m2 2 1
1 9 0
2 9 0
3 9 0
t 120 48
m0 9 9
m1 0 14
m2 2 0
1 8 0
2 8 0
3 8 0
t 119 48
m0 9 9
m1 0 14
m2 2 0
1 9 0
2 9 0
3 9 0
t 118 48
m0 9 9
m1 0 14
m2 2 1
1 8 0
2 8 0
3 8 0
t 117 48
m0 9 9
m1 0 14
m2 2 0
1 9 0
2 9 0
3 9 0
t 116 48
m0 9 9
m1 0 14
m2 1 0
1 8 0
2 8 0
3 8 0
t 115 48
m0 9 8
m1 0 14
m2 1 0
1 9 0
2 9 0
3 9 0
t 114 58
m0 9 9
m1 0 13
m2 2 0
1 8 0
2 8 0
3 8 0
t 113 58
m0 9 9
m1 0 14
m2 3 0
1 9 0
2 9 0
3 9 0
t 112 58
m0 9 10
m1 0 13
m2 3 0
1 8 0
2 8 0
3 8 0
t 111 58
m0 9 11
m1 1 13
m2 3 0
1 9 0
2 9 0
3 9 0
t 110 58
m0 9 10
m1 0 13
m2 3 0
1 8 0
2 8 0
3 8 0
t 109 58
m0 9 9
m1 0 13
m2 2 0
1 9 0
2 9 0
3 9 0
t 108 58
m0 8 9
m1 0 14
m2 2 0
1 8 0
2 8 0
3 8 0
t 107 58
m0 8 9
m1 0 13
m2 2 0
1 9 0
2 9 0
3 9 0
t 106 58
m0 8 9
m1 0 14
m2 1 0
1 8 0
2 8 0
3 8 0
t 105 58
m0 9 9
m1 0 13
m2 2 0
1 9 0
2 9 0
3 9 0
t 104 58
m0 8 9
m1 0 14
m2 1 0
1 8 0
2 8 0
3 8 0
t 103 58
m0 7 9
m1 0 14
m2 1 0
1 9 0
2 9 0
3 9 0
t 102 58
m0 7 9
m1 0 14
m2 1 0
1 8 0
2 8 0
3 8 0
t 101 58
m0 7 9
m1 0 13
m2 1 0
1 9 0
2 9 0
3 9 0
t 100 58
m0 7 9
m1 0 14
m2 2 0
1 8 0
2 8 0
3 8 0
t 99 58
m0 7 8
m1 0 13
m2 2 0
1 9 0
2 9 0
3 9 0
f 4 6
t 98 59
m0 6 8
m1 0 13
m2 1 0
1 8 0
2 8 0
3 8 0
t 97 59
m0 7 8
m1 0 13
m2 1 1
1 9 0
2 9 0
3 9 0
t 96 59
m0 6 8
m1 0 13
m2 2 1
1 8 0
2 8 0
3 8 0
t 95 59
m0 6 8
m1 0 14
m2 1 1
1 9 0
2 9 0
3 9 0
t 94 59
m0 6 9
m1 0 14
m2 1 0
1 8 0
2 8 0
3 8 0
t 93 59
m0 6 9
m1 0 14
m2 2 0
1 9 0
2 9 0
3 9 0
t 92 59
m0 5 9
m1 0 14
m2 1 0
1 8 0
2 8 0
3 8 0
t 91 59
m0 6 9
m1 0 13
m2 2 0
1 9 0
2 9 0
3 9 0
t 90 59
m0 6 8
m1 0 13
m2 1 0
1 8 0
2 8 0
3 8 0
t 89 59
m0 6 9
m1 0 13
m2 1 0
1 9 0
2 9 0
3 9 0
t 88 59
m0 5 9
m1 0 14
m2 2 0
1 8 0
2 8 0
3 8 0
t 87 59
m0 6 9
m1 0 14
m2 1 0
1 9 0
2 9 0
3 9 0
t 86 59
m0 6 8
m1 0 13
m2 2 0
1 8 0
2 8 0
3 8 0
t 85 59
m0 7 8
m1 0 13
m2 2 0
1 9 0
2 9 0
3 9 0
t 84 59
m0 7 9
m1 0 13
m2 3 0
1 8 0
2 8 0
3 8 0
t 83 59
m0 6 9
m1 1 13
m2 3 0
1 9 0
2 9 0
3 9 0
t 82 59
m0 7 9
m1 2 13
m2 2 0
1 8 0
2 8 0
3 8 0
t 81 59
m0 8 9
m1 1 13
m2 2 0
1 9 0
2 9 0
3 9 0
t 80 59
m0 8 9
m1 1 13
m2 2 1
1 8 0
2 8 0
3 8 0
t 79 59
m0 8 9
m1 1 12
m2 2 1
1 9 0
2 9 0
3 9 0
t 78 60
m0 9 9
m1 1 11
m2 2 2
1 8 0
2 8 0
3 8 0
t 77 60
m0 9 10
m1 1 10
m2 2 1
1 9 0
2 9 0
3 9 0
t 76 61
m0 9 11
m1 1 9
m2 2 0
1 8 0
2 8 0
3 8 0
t 75 62
m0 9 11
m1 1 9
m2 2 0
1 9 0
2 9 0
3 9 0
t 74 62
m0 8 11
m1 0 9
m2 2 1
1 8 0
2 8 0
3 8 0
t 73 63
m0 9 11
m1 1 9
m2 2 0
1 9 0
2 9 0
3 9 0
t 72 63
m0 9 11
m1 1 9
m2 2 1
1 8 0
2 8 0
3 8 0
t 71 63
m0 8 11
m1 1 10
m2 2 1
1 9 0
2 9 0
3 9 0
t 70 63
m0 8 11
m1 2 10
m2 2 1
1 8 0
2 8 0
3 8 0
t 69 63
m0 7 11
m1 2 9
m2 2 2
1 9 0
2 9 0
3 9 0
t 68 64
m0 8 11
m1 1 9
m2 2 1
1 8 0
2 8 0
3 8 0
t 67 64
m0 9 11
m1 0 9
m2 2 2
1 9 0
2 9 0
3 9 0
t 66 64
m0 8 11
m1 1 9
m2 3 2
1 8 0
2 8 0
3 8 0
t 65 64
m0 8 11
m1 1 9
m2 3 2
1 9 0
2 9 0
3 9 0
t 64 64
m0 8 11
m1 1 9
m2 3 2
1 8 0
2 8 0
3 8 0
t 63 64
m0 8 12
m1 1 9
m2 3 2
1 9 0
2 9 0
3 9 0
t 62 64
m0 8 13
m1 0 9
m2 4 2
1 8 0
2 8 0
3 8 0
t 61 65
m0 8 13
m1 0 10
m2 4 1
1 9 0
2 9 0
3 9 0
t 60 65
m0 8 14
m1 0 9
m2 4 0
1 8 0
2 8 0
3 8 0
t 59 65
m0 8 13
m1 0 10
m2 3 0
1 9 0
2 9 0
3 9 0
t 58 65
m0 8 14
m1 0 9
m2 4 0
1 8 0
2 8 0
3 8 0
t 57 65
m0 8 13
m1 1 9
m2 3 0
1 9 0
2 9 0
3 9 0
t 56 65
m0 8 14
m1 0 9
m2 3 0
1 8 0
2 8 0
3 8 0
t 55 65
m0 8 14
m1 0 10
m2 3 0
1 9 0
2 9 0
3 9 0
t 54 65
m0 7 14
m1 0 9
m2 4 0
1 8 0
2 8 0
3 8 0
t 53 65
m0 6 14
m1 0 10
m2 4 0
1 9 0
2 9 0
3 9 0
t 52 65
m0 5 14
m1 0 11
m2 3 0
1 8 0
2 8 0
3 8 0
t 51 65
m0 5 14
m1 0 10
m2 2 0
1 9 0
2 9 0
3 9 0
t 50 65
m0 6 14
m1 0 11
m2 2 0
1 8 0
2 8 0
3 8 0
t 49 65
m0 7 14
m1 0 10
m2 1 0
1 9 0
2 9 0
3 9 0
t 48 65
m0 6 14
m1 0 11
m2 2 0
1 8 0
2 8 0
3 8 0
t 47 65
m0 7 14
m1 0 11
m2 1 0
1 9 0
2 9 0
3 9 0
t 46 65
m0 6 14
m1 0 10
m2 1 0
1 8 0
2 8 0
3 8 0
t 45 65
m0 5 14
m1 0 10
m2 2 0
1 9 0
2 9 0
3 9 0
t 44 65
m0 5 14
m1 0 9
m2 3 0
1 8 0
2 8 0
3 8 0
t 43 65
m0 5 14
m1 0 9
m2 3 0
1 9 0
2 9 0
3 9 0
t 42 65
m0 5 14
m1 0 10
m2 2 0
1 8 0
2 8 0
3 8 0
t 41 65
m0 6 14
m1 0 10
m2 1 0
1 9 0
2 9 0
3 9 0
t 40 65
m0 6 14
m1 1 10
m2 2 0
1 8 0
2 8 0
3 8 0
t 39 65
m0 7 14
m1 1 9
m2 1 0
1 9 0
2 9 0
3 9 0
t 38 65
m0 8 14
m1 1 10
m2 2 0
1 8 0
2 8 0
3 8 0
t 37 65
m0 7 14
m1 0 10
m2 1 0
1 9 0
2 9 0
3 9 0
t 36 65
m0 7 14
m1 0 11
m2 2 0
1 8 0
2 8 0
3 8 0
t 35 65
m0 7 13
m1 1 11
m2 3 0
1 9 0
2 9 0
3 9 0
t 34 65
m0 8 13
m1 1 11
m2 4 0
1 8 0
2 8 0
3 8 0
t 33 65
m0 8 14
m1 1 10
m2 4 0
1 9 0
2 9 0
3 9 0
t 32 65
m0 8 14
m1 0 10
m2 3 0
1 8 0
2 8 0
3 8 0
t 31 65
m0 8 14
m1 0 11
m2 4 0
1 9 0
2 9 0
3 9 0
t 30 65
m0 8 13
m1 0 10
m2 4 1
1 8 0
2 8 0
3 8 0
t 29 65
m0 8 13
m1 0 11
m2 4 0
1 9 0
2 9 0
3 9 0
t 28 65
m0 8 12
m1 0 10
m2 4 0
1 8 0
2 8 0
3 8 0
t 27 65
m0 8 11
m1 0 10
m2 3 0
1 9 0
2 9 0
3 9 0
t 26 65
m0 8 11
m1 0 9
m2 4 0
1 8 0
2 8 0
3 8 0
t 25 65
m0 9 11
m1 0 10
m2 3 0
1 9 0
2 9 0
3 9 0
t 24 65
m0 9 11
m1 0 10
m2 2 0
1 8 0
2 8 0
3 8 0
t 23 65
m0 9 11
m1 0 9
m2 3 0
1 9 0
2 9 0
3 9 0
t 22 65
m0 8 11
m1 1 9
m2 3 0
1 8 0
2 8 0
3 8 0
t 21 65
m0 8 11
m1 0 9
m2 2 0
1 9 0
2 9 0
3 9 0
t 20 65
m0 8 11
m1 0 8
m2 3 0
1 8 0
2 8 0
3 8 0
t 19 65
m0 7 11
m1 0 9
m2 4 0
1 9 0
2 9 0
3 9 0
t 18 65
m0 8 11
m1 0 9
m2 4 0
1 8 0
2 8 0
3 8 0
t 17 65
m0 9 11
m1 1 9
m2 4 0
1 9 0
2 9 0
3 9 0
t 16 65
m0 9 11
m1 1 8
m2 4 1
1 8 0
2 8 0
3 8 0
t 15 65
m0 9 11
m1 0 8
m2 4 2
1 9 0
2 9 0
3 9 0
t 14 65
m0 9 11
m1 0 9
m2 3 2
1 8 0
2 8 0
3 8 0
t 13 65
m0 8 11
m1 0 9
m2 3 2
1 9 0
2 9 0
3 9 0
t 12 65
m0 9 11
m1 0 8
m2 3 2
1 8 0
2 8 0
3 8 0
t 11 65
m0 9 11
m1 0 9
m2 4 2
1 9 0
2 9 0
3 9 0
t 10 65
m0 9 10
m1 1 9
m2 4 1
1 8 0
2 8 0
3 8 0
t 9 65
m0 9 10
m1 0 9
m2 4 1
1 9 0
2 9 0
3 9 0
t 8 65
m0 9 10
m1 1 9
m2 4 1
1 8 0
2 8 0
3 8 0
t 7 65
m0 9 9
m1 1 10
m2 4 0
1 9 0
2 9 0
3 9 0
t 6 65
m0 9 9
m1 0 10
m2 4 0
1 8 0
2 8 0
3 8 0
t 5 65
m0 9 9
m1 0 11
m2 4 0
1 9 0
2 9 0
3 9 0
t 4 65
m0 9 8
m1 0 10
m2 4 1
1 8 0
2 8 0
3 8 0
t 3 65
m0 9 7
m1 0 11
m2 4 0
1 9 0
2 9 0
3 9 0
t 2 65
m0 9 8
m1 0 10
m2 4 0
1 8 0
2 8 0
3 8 0
t 1 65
m0 9 9
m1 0 11
m2 4 1
1 8 0
2 8 0
3 8 0
t 0 65
