10
15
w 7 3
w 1 3
w 8 13
w 9 1
w 2 8
w 9 8
w 0 10
w 7 11
w 3 7
w 5 5
w 1 14
w 8 10
w 1 1
w 4 10
w 7 1
w 6 11
w 3 13
w 5 2
w 0 12
w 2 10
w 7 5
w 0 5
w 0 8
w 9 6
w 4 11
w 2 7
w 7 8
w 8 3
w 3 1
w 2 11
w 5 14
w 3 8
w 6 13
w 0 9
w 9 5
w 3 4
w 2 4
p 5 9
p 4 7
p 6 9
p 6 6
p 7 12
p 4 8
p 8 0
p 5 13
p 0 7
p 2 1
p 8 9
p 1 6
p 2 12
p 9 4
p 5 1
p 1 11
p 3 14
p 5 8
p 1 2
p 4 0
p 4 9
p 3 3
p 5 12
p 7 6
p 6 10
p 6 3
p 0 11
p 2 13
p 2 2
p 1 10
p 8 6
p 4 1
p 9 7
p 5 4
p 8 2
p 5 11
p 4 5
p 1 4
p 9 10
p 3 9
p 1 9
p 8 7
p 6 12
p 1 0
p 2 14
p 5 3
p 7 9
p 4 6
p 6 8
p 8 12
p 1 12
p 0 13
p 2 0
p 8 8
p 4 3
p 9 12
m0 0 14
m1 0 14
m2 0 14
1 9 0
2 9 0
3 9 0
t 300 0
m0 0 14
m1 0 13
m2 0 13
1 8 0
2 8 0
3 8 0
t 299 1
m0 0 14
m1 0 13
m2 1 13
1 9 0
2 9 0
3 9 0
f 1 8
t 298 1
m0 0 14
m1 0 14
m2 1 12
1 8 0
2 8 0
3 8 0
t 297 2
m0 0 13
m1 0 13
m2 1 11
1 9 0
2 9 0
3 9 0
t 296 3
m0 0 14
m1 0 14
m2 1 11
1 8 0
2 8 0
3 8 0
t 295 3
m0 0 14
m1 0 13
m2 1 12
1 9 0
2 9 0
3 9 0
t 294 3
m0 0 13
m1 0 13
m2 1 12
1 8 0
2 8 0
3 8 0
t 293 3
m0 0 13
m1 0 14
m2 1 12
1 9 0
2 9 0
3 9 0
t 292 3
m0 1 13
m1 0 13
m2 1 11
1 8 0
2 8 0
3 8 0
t 291 3
m0 0 13
m1 1 13
m2 0 11
1 9 0
2 9 0
3 9 0
t 290 4
m0 1 13
m1 1 13
m2 1 11
1 8 0
2 8 0
3 8 0
t 289 4
m0 2 13
m1 1 12
m2 1 11
1 9 0
2 9 0
3 9 0
t 288 5
m0 1 13
m1 2 12
m2 0 11
1 8 0
2 8 0
3 8 0
t 287 6
m0 2 13
m1 2 12
m2 0 11
1 9 0
2 9 0
3 9 0
t 286 6
m0 1 13
m1 1 12
m2 0 11
1 8 0
2 8 0
3 8 0
t 285 6
m0 2 13
m1 1 12
m2 0 11
1 9 0
2 9 0
3 9 0
t 284 6
m0 2 12
m1 2 12
m2 0 11
1 8 0
2 8 0
3 8 0
t 283 6
m0 2 13
m1 3 12
m2 0 11
1 9 0
2 9 0
3 9 0
t 282 6
m0 2 13
m1 3 11
m2 1 11
1 8 0
2 8 0
3 8 0
t 281 6
m0 2 13
m1 3 11
m2 1 12
1 9 0
2 9 0
3 9 0
t 280 6
m0 1 13
m1 3 12
m2 1 11
1 8 0
2 8 0
3 8 0
t 279 6
m0 1 12
m1 3 11
m2 1 10
1 9 0
2 9 0
3 9 0
t 278 7
m0 1 12
m1 3 12
m2 1 10
1 8 0
2 8 0
3 8 0
t 277 7
m0 1 13
m1 3 11
m2 1 10
1 9 0
2 9 0
3 9 0
t 276 7
m0 1 12
m1 3 11
m2 1 11
1 8 0
2 8 0
3 8 0
t 275 7
m0 1 12
m1 3 10
m2 1 10
1 9 0
2 9 0
3 9 0
t 274 7
m0 1 12
m1 3 11
m2 1 10
1 8 0
2 8 0
3 8 0
t 273 7
m0 2 12
m1 3 11
m2 1 10
1 9 0
2 9 0
3 9 0
t 272 7
m0 1 12
m1 3 10
m2 1 9
1 8 0
2 8 0
3 8 0
t 271 8
m0 1 13
m1 3 10
m2 1 10
1 9 0
2 9 0
3 9 0
t 270 8
m0 1 13
m1 3 10
m2 1 11
1 8 0
2 8 0
3 8 0
t 269 8
m0 1 13
m1 3 9
m2 0 11
1 9 0
2 9 0
3 9 0
t 268 9
m0 1 13
m1 3 10
m2 0 11
1 8 0
2 8 0
3 8 0
t 267 9
m0 1 13
m1 3 11
m2 0 11
1 9 0
2 9 0
3 9 0
t 266 9
m0 0 13
m1 3 12
m2 0 11
1 8 0
2 8 0
3 8 0
t 265 9
m0 0 14
m1 3 12
m2 0 11
1 9 0
2 9 0
3 9 0
t 264 9
m0 0 13
m1 2 12
m2 1 11
1 8 0
2 8 0
3 8 0
t 263 9
m0 0 13
m1 2 13
m2 1 12
1 9 0
2 9 0
3 9 0
t 262 9
m0 0 13
m1 2 13
m2 1 13
1 8 0
2 8 0
3 8 0
t 261 9
m0 1 13
m1 2 12
m2 0 13
1 9 0
2 9 0
3 9 0
t 260 9
m0 1 12
m1 2 12
m2 0 13
1 8 0
2 8 0
3 8 0
t 259 9
m0 2 12
m1 2 13
m2 1 13
1 9 0
2 9 0
3 9 0
t 258 9
m0 2 12
m1 2 13
m2 1 12
1 8 0
2 8 0
3 8 0
t 257 9
m0 2 13
m1 2 13
m2 1 13
1 9 0
2 9 0
3 9 0
t 256 9
m0 2 14
m1 2 14
m2 0 13
1 8 0
2 8 0
3 8 0
t 255 10
m0 3 14
m1 2 14
m2 0 14
1 9 0
2 9 0
3 9 0
t 254 11
m0 3 14
m1 3 14
m2 0 14
1 8 0
2 8 0
3 8 0
t 253 11
m0 2 14
m1 4 14
m2 0 14
1 9 0
2 9 0
3 9 0
t 252 11
m0 2 13
m1 3 14
m2 0 14
1 8 0
2 8 0
3 8 0
t 251 11
m0 2 14
m1 2 14
m2 0 13
1 9 0
2 9 0
3 9 0
t 250 11
m0 3 14
m1 3 14
m2 0 14
1 8 0
2 8 0
3 8 0
t 249 11
m0 3 14
m1 2 14
m2 0 14
1 9 0
2 9 0
3 9 0
t 248 11
m0 4 14
m1 2 13
m2 0 14
1 8 0
2 8 0
3 8 0
t 247 11
m0 4 14
m1 2 13
m2 0 14
1 9 0
2 9 0
3 9 0
t 246 11
m0 4 14
m1 1 13
m2 0 14
1 8 0
2 8 0
3 8 0
t 245 11
m0 4 14
m1 1 13
m2 0 14
1 9 0
2 9 0
3 9 0
t 244 11
m0 4 14
m1 1 13
m2 0 13
1 8 0
2 8 0
3 8 0
t 243 11
m0 3 14
m1 2 13
m2 0 14
1 9 0
2 9 0
3 9 0
t 242 11
m0 2 14
m1 1 13
m2 0 13
1 8 0
2 8 0
3 8 0
t 241 11
m0 3 14
m1 2 13
m2 1 13
1 9 0
2 9 0
3 9 0
t 240 11
m0 2 14
m1 2 14
m2 0 13
1 8 0
2 8 0
3 8 0
t 239 11
m0 2 14
m1 2 14
m2 0 14
1 9 0
2 9 0
3 9 0
t 238 11
m0 2 14
m1 2 14
m2 0 14
1 8 0
2 8 0
3 8 0
t 237 11
m0 3 14
m1 3 14
m2 0 13
1 9 0
2 9 0
3 9 0
t 236 11
m0 4 14
m1 4 14
m2 0 13
1 8 0
2 8 0
3 8 0
t 235 11
m0 3 14
m1 4 13
m2 1 13
1 9 0
2 9 0
3 9 0
t 234 11
m0 2 14
m1 5 13
m2 1 13
1 8 0
2 8 0
3 8 0
t 233 12
m0 2 13
m1 5 13
m2 2 13
1 9 0
2 9 0
3 9 0
t 232 12
m0 2 13
m1 4 13
m2 2 12
1 8 0
2 8 0
3 8 0
t 231 12
m0 1 13
m1 4 12
m2 1 12
1 9 0
2 9 0
3 9 0
t 230 12
m0 2 13
m1 4 12
m2 1 13
1 8 0
2 8 0
3 8 0
t 229 12
m0 2 14
m1 3 12
m2 2 13
1 9 0
2 9 0
3 9 0
t 228 12
m0 3 14
m1 4 12
m2 1 13
1 8 0
2 8 0
3 8 0
t 227 12
m0 3 14
m1 4 12
m2 0 13
1 9 0
2 9 0
3 9 0
t 226 12
m0 4 14
m1 4 13
m2 0 13
1 8 0
2 8 0
3 8 0
t 225 12
m0 4 14
m1 4 12
m2 0 14
1 9 0
2 9 0
3 9 0
t 224 12
m0 4 14
m1 3 12
m2 0 13
1 8 0
2 8 0
3 8 0
t 223 12
m0 3 14
m1 4 12
m2 0 14
1 9 0
2 9 0
3 9 0
t 222 12
m0 4 14
m1 3 12
m2 0 14
1 8 0
2 8 0
3 8 0
t 221 12
m0 4 13
m1 2 12
m2 0 14
1 9 0
2 9 0
3 9 0
t 220 12
m0 4 13
m1 3 12
m2 0 14
1 8 0
2 8 0
3 8 0
t 219 12
m0 4 14
m1 3 11
m2 0 14
1 9 0
2 9 0
3 9 0
t 218 12
m0 4 14
m1 3 11
m2 0 13
1 8 0
2 8 0
3 8 0
t 217 12
m0 4 14
m1 3 12
m2 0 14
1 9 0
2 9 0
3 9 0
t 216 12
m0 4 13
m1 2 12
m2 0 14
1 8 0
2 8 0
3 8 0
t 215 12
m0 4 13
m1 2 13
m2 0 14
1 9 0
2 9 0
3 9 0
t 214 12
m0 4 13
m1 2 12
m2 0 13
1 8 0
2 8 0
3 8 0
t 213 12
m0 4 12
m1 2 13
m2 1 13
1 9 0
2 9 0
3 9 0
t 212 12
m0 5 12
m1 1 13
m2 1 12
1 8 0
2 8 0
3 8 0
t 211 13
m0 5 13
m1 0 13
m2 1 12
1 9 0
2 9 0
3 9 0
t 210 13
m0 5 13
m1 1 13
m2 1 12
1 8 0
2 8 0
3 8 0
t 209 13
m0 4 13
m1 1 12
m2 1 11
1 9 0
2 9 0
3 9 0
t 208 13
m0 5 13
m1 1 11
m2 1 10
1 8 0
2 8 0
3 8 0
t 207 13
m0 5 12
m1 1 11
m2 1 10
1 9 0
2 9 0
3 9 0
t 206 13
m0 5 13
m1 1 11
m2 1 11
1 8 0
2 8 0
3 8 0
t 205 13
m0 4 13
m1 1 10
m2 1 12
1 9 0
2 9 0
3 9 0
t 204 13
m0 4 12
m1 1 11
m2 1 11
1 8 0
2 8 0
3 8 0
t 203 13
m0 4 13
m1 1 10
m2 1 12
1 9 0
2 9 0
3 9 0
t 202 13
m0 5 13
m1 1 10
m2 1 13
1 8 0
2 8 0
3 8 0
t 201 13
m0 5 12
m1 1 11
m2 0 13
1 9 0
2 9 0
3 9 0
t 200 13
m0 6 12
m1 1 12
m2 1 13
1 8 0
2 8 0
3 8 0
t 199 14
m0 7 12
m1 1 13
m2 2 13
1 9 0
2 9 0
3 9 0
t 198 15
m0 6 12
m1 0 13
m2 1 13
1 8 0
2 8 0
3 8 0
t 197 15
m0 7 12
m1 1 13
m2 1 12
1 9 0
2 9 0
3 9 0
t 196 15
m0 6 12
m1 2 13
m2 1 12
1 8 0
2 8 0
3 8 0
t 195 15
m0 7 12
m1 2 12
m2 1 11
1 9 0
2 9 0
3 9 0
t 194 15
m0 7 13
m1 2 12
m2 1 10
1 8 0
2 8 0
3 8 0
t 193 15
m0 7 14
m1 3 12
m2 1 10
1 9 0
2 9 0
3 9 0
t 192 15
m0 7 13
m1 4 12
m2 1 9
1 8 0
2 8 0
3 8 0
t 191 15
m0 7 12
m1 3 12
m2 1 10
1 9 0
2 9 0
3 9 0
t 190 15
m0 6 12
m1 3 11
m2 1 11
1 8 0
2 8 0
3 8 0
t 189 15
m0 5 12
m1 3 11
m2 1 11
1 9 0
2 9 0
3 9 0
t 188 15
m0 5 11
m1 3 11
m2 0 11
1 8 0
2 8 0
3 8 0
t 187 16
m0 5 12
m1 3 10
m2 1 11
1 9 0
2 9 0
3 9 0
t 186 16
m0 4 12
m1 3 9
m2 1 12
1 8 0
2 8 0
3 8 0
t 185 16
m0 4 13
m1 3 10
m2 1 12
1 9 0
2 9 0
3 9 0
t 184 16
m0 5 13
m1 3 10
m2 1 13
1 8 0
2 8 0
3 8 0
t 183 16
m0 4 13
m1 3 11
m2 1 12
1 9 0
2 9 0
3 9 0
t 182 16
m0 4 12
m1 3 11
m2 2 12
1 8 0
2 8 0
3 8 0
t 181 16
m0 4 12
m1 3 12
m2 1 12
1 9 0
2 9 0
3 9 0
t 180 16
m0 4 13
m1 3 11
m2 1 11
1 8 0
2 8 0
3 8 0
t 179 16
m0 4 12
m1 3 12
m2 0 11
1 9 0
2 9 0
3 9 0
t 178 16
m0 4 12
m1 3 12
m2 1 11
1 8 0
2 8 0
3 8 0
t 177 16
m0 4 13
m1 3 12
m2 1 11
1 9 0
2 9 0
3 9 0
t 176 16
m0 5 13
m1 3 11
m2 1 10
1 8 0
2 8 0
3 8 0
t 175 16
m0 5 13
m1 3 12
m2 1 10
1 9 0
2 9 0
3 9 0
t 174 16
m0 4 13
m1 2 12
m2 1 9
1 8 0
2 8 0
3 8 0
t 173 16
m0 4 12
m1 2 12
m2 1 9
1 9 0
2 9 0
3 9 0
t 172 16
m0 4 13
m1 2 12
m2 2 9
1 8 0
2 8 0
3 8 0
t 171 16
m0 4 12
m1 1 12
m2 2 9
1 9 0
2 9 0
3 9 0
t 170 16
m0 3 12
m1 1 13
m2 1 9
1 8 0
2 8 0
3 8 0
t 169 16
m0 2 12
m1 1 12
m2 1 9
1 9 0
2 9 0
3 9 0
t 168 16
m0 2 13
m1 2 12
m2 2 9
1 8 0
2 8 0
3 8 0
t 167 16
m0 2 13
m1 2 13
m2 1 9
1 9 0
2 9 0
3 9 0
t 166 16
m0 2 13
m1 2 12
m2 1 10
1 8 0
2 8 0
3 8 0
t 165 16
m0 2 13
m1 1 12
m2 1 9
1 9 0
2 9 0
3 9 0
t 164 16
m0 1 13
m1 1 12
m2 1 8
1 8 0
2 8 0
3 8 0
t 163 26
m0 1 12
m1 1 11
m2 1 7
1 9 0
2 9 0
3 9 0
t 162 26
m0 1 11
m1 1 10
m2 0 7
1 8 0
2 8 0
3 8 0
t 161 27
m0 0 11
m1 1 11
m2 0 7
1 9 0
2 9 0
3 9 0
t 160 27
m0 0 11
m1 1 12
m2 0 6
1 8 0
2 8 0
3 8 0
t 159 27
m0 0 11
m1 2 12
m2 0 6
1 9 0
2 9 0
3 9 0
t 158 27
m0 1 11
m1 2 13
m2 0 7
1 8 0
2 8 0
3 8 0
t 157 27
m0 0 11
m1 2 13
m2 1 7
1 9 0
2 9 0
3 9 0
t 156 27
m0 0 11
m1 2 14
m2 0 7
1 8 0
2 8 0
3 8 0
t 155 27
m0 1 11
m1 3 14
m2 0 7
1 9 0
2 9 0
3 9 0
t 154 27
m0 1 10
m1 2 14
m2 1 7
1 8 0
2 8 0
3 8 0
t 153 27
m0 1 10
m1 2 14
m2 1 8
1 9 0
2 9 0
3 9 0
t 152 27
m0 1 11
m1 2 14
m2 1 9
1 8 0
2 8 0
3 8 0
f 1 5
t 151 27
m0 1 10
m1 2 14
m2 1 8
1 9 0
2 9 0
3 9 0
t 150 27
m0 1 11
m1 2 13
m2 1 7
1 8 0
2 8 0
3 8 0
t 149 27
m0 0 11
m1 2 14
m2 1 6
1 9 0
2 9 0
3 9 0
t 148 28
m0 1 11
m1 2 13
m2 1 5
1 8 0
2 8 0
3 8 0
t 147 38
m0 1 11
m1 2 14
m2 1 5
1 9 0
2 9 0
3 9 0
t 146 38
m0 0 11
m1 2 14
m2 2 5
1 8 0
2 8 0
3 8 0
t 145 38
m0 1 11
m1 2 13
m2 1 5
1 9 0
2 9 0
3 9 0
f 0 13
t 144 38
m0 1 11
m1 1 13
m2 1 4
1 8 0
2 8 0
3 8 0
t 143 39
m0 1 10
m1 1 13
m2 1 4
1 9 0
2 9 0
3 9 0
t 142 39
m0 1 9
m1 2 13
m2 1 4
1 8 0
2 8 0
3 8 0
t 141 39
m0 1 8
m1 2 12
m2 1 5
1 9 0
2 9 0
3 9 0
t 140 39
m0 1 9
m1 1 12
m2 1 6
1 8 0
2 8 0
3 8 0
t 139 39
m0 1 8
m1 1 12
m2 1 6
1 9 0
2 9 0
3 9 0
t 138 39
m0 1 9
m1 1 13
m2 1 6
1 8 0
2 8 0
3 8 0
t 137 39
m0 1 10
m1 0 13
m2 1 6
1 9 0
2 9 0
3 9 0
t 136 49
m0 1 9
m1 1 13
m2 0 6
1 8 0
2 8 0
3 8 0
t 135 49
m0 1 10
m1 2 13
m2 0 7
1 9 0
2 9 0
3 9 0
t 134 49
m0 1 10
m1 1 13
m2 0 6
1 8 0
2 8 0
3 8 0
t 133 49
m0 1 9
m1 1 12
m2 0 7
1 9 0
2 9 0
3 9 0
t 132 49
m0 1 10
m1 2 12
m2 0 6
1 8 0
2 8 0
3 8 0
t 131 49
m0 1 10
m1 2 13
m2 0 6
1 9 0
2 9 0
3 9 0
t 130 49
m0 1 10
m1 2 12
m2 1 6
1 8 0
2 8 0
3 8 0
t 129 49
m0 1 9
m1 3 12
m2 0 6
1 9 0
2 9 0
3 9 0
t 128 49
m0 1 8
m1 4 12
m2 0 7
1 8 0
2 8 0
3 8 0
t 127 49
m0 1 9
m1 3 12
m2 0 7
1 9 0
2 9 0
3 9 0
f 6 12
t 126 49
m0 1 9
m1 3 12
m2 0 7
1 8 0
2 8 0
3 8 0
t 125 49
m0 1 9
m1 2 12
m2 1 7
1 9 0
2 9 0
3 9 0
t 124 49
m0 1 9
m1 2 12
m2 1 8
1 8 0
2 8 0
3 8 0
t 123 49
m0 1 9
m1 2 12
m2 1 9
1 9 0
2 9 0
3 9 0
t 122 49
m0 1 9
m1 2 13
m2 1 8
1 8 0
2 8 0
3 8 0
t 121 49
m0 1 8
m1 1 13
m2 1 7
1 9 0
2 9 0
3 9 0
t 120 49
m0 1 8
m1 0 13
m2 0 7
1 8 0
2 8 0
3 8 0
t 119 49
m0 1 8
m1 0 13
m2 1 7
1 9 0
2 9 0
3 9 0
t 118 49
m0 1 8
m1 1 13
m2 1 8
1 8 0
2 8 0
3 8 0
t 117 49
m0 1 9
m1 1 13
m2 1 8
1 9 0
2 9 0
3 9 0
t 116 49
m0 1 8
m1 1 13
m2 1 8
1 8 0
2 8 0
3 8 0
t 115 49
m0 1 8
m1 0 13
m2 1 9
1 9 0
2 9 0
3 9 0
t 114 49
m0 1 7
m1 0 14
m2 1 9
1 8 0
2 8 0
3 8 0
t 113 49
m0 1 6
m1 0 13
m2 1 10
1 9 0
2 9 0
3 9 0
t 112 49
m0 0 6
m1 0 13
m2 1 10
1 8 0
2 8 0
3 8 0
t 111 49
m0 0 6
m1 1 13
m2 1 10
1 9 0
2 9 0
3 9 0
t 110 49
m0 1 6
m1 0 13
m2 1 11
1 8 0
2 8 0
3 8 0
t 109 49
m0 1 7
m1 0 14
m2 1 12
1 9 0
2 9 0
3 9 0
t 108 49
m0 1 8
m1 0 13
m2 2 12
1 8 0
2 8 0
3 8 0
t 107 49
m0 1 7
m1 0 14
m2 1 12
1 9 0
2 9 0
3 9 0
t 106 49
m0 1 6
m1 0 13
m2 1 13
1 8 0
2 8 0
3 8 0
t 105 49
m0 2 6
m1 0 14
m2 2 13
1 9 0
2 9 0
3 9 0
t 104 49
m0 2 5
m1 0 14
m2 1 13
1 8 0
2 8 0
3 8 0
t 103 49
m0 2 6
m1 0 13
m2 1 13
1 9 0
2 9 0
3 9 0
t 102 49
m0 1 6
m1 0 14
m2 1 13
1 8 0
2 8 0
3 8 0
t 101 49
m0 1 5
m1 0 14
m2 2 13
1 9 0
2 9 0
3 9 0
t 100 49
m0 1 6
m1 0 13
m2 1 13
1 8 0
2 8 0
3 8 0
t 99 49
m0 0 6
m1 0 14
m2 1 13
1 9 0
2 9 0
3 9 0
t 98 49
m0 0 7
m1 0 14
m2 1 13
1 8 0
2 8 0
3 8 0
t 97 49
m0 0 6
m1 0 13
m2 1 13
1 9 0
2 9 0
3 9 0
t 96 49
m0 0 7
m1 0 14
m2 0 13
1 8 0
2 8 0
3 8 0
t 95 49
m0 0 6
m1 0 14
m2 1 13
1 9 0
2 9 0
3 9 0
t 94 49
m0 1 6
m1 0 13
m2 0 13
1 8 0
2 8 0
3 8 0
t 93 49
m0 1 7
m1 0 14
m2 0 13
1 9 0
2 9 0
3 9 0
t 92 49
m0 0 7
m1 0 14
m2 1 13
1 8 0
2 8 0
3 8 0
t 91 49
m0 0 6
m1 0 13
m2 0 13
1 9 0
2 9 0
3 9 0
t 90 49
m0 1 6
m1 0 14
m2 0 14
1 8 0
2 8 0
3 8 0
t 89 49
m0 0 6
m1 0 14
m2 0 14
1 9 0
2 9 0
3 9 0
t 88 49
m0 0 6
m1 0 14
m2 0 14
1 8 0
2 8 0
3 8 0
t 87 49
m0 0 7
m1 0 13
m2 0 14
1 9 0
2 9 0
3 9 0
t 86 49
m0 1 7
m1 0 14
m2 0 14
1 8 0
2 8 0
3 8 0
t 85 49
m0 1 8
m1 0 13
m2 0 14
1 9 0
2 9 0
3 9 0
t 84 49
m0 1 9
m1 0 14
m2 0 13
1 8 0
2 8 0
3 8 0
t 83 49
m0 1 10
m1 0 14
m2 0 13
1 9 0
2 9 0
3 9 0
t 82 49
m0 1 11
m1 0 13
m2 0 14
1 8 0
2 8 0
3 8 0
t 81 49
m0 1 11
m1 0 14
m2 0 13
1 9 0
2 9 0
3 9 0
t 80 49
m0 1 12
m1 0 13
m2 0 14
1 8 0
2 8 0
3 8 0
t 79 49
m0 2 12
m1 1 13
m2 0 13
1 9 0
2 9 0
3 9 0
t 78 49
m0 2 12
m1 1 12
m2 1 13
1 8 0
2 8 0
3 8 0
t 77 49
m0 1 12
m1 2 12
m2 2 13
1 9 0
2 9 0
3 9 0
t 76 49
m0 1 12
m1 3 12
m2 2 14
1 8 0
2 8 0
3 8 0
t 75 49
m0 2 12
m1 3 11
m2 3 14
1 9 0
2 9 0
3 9 0
t 74 49
m0 3 12
m1 3 11
m2 2 14
1 8 0
2 8 0
3 8 0
t 73 49
m0 3 12
m1 3 10
m2 2 13
1 9 0
2 9 0
3 9 0
t 72 49
m0 3 12
m1 3 10
m2 2 14
1 8 0
2 8 0
3 8 0
t 71 49
m0 4 12
m1 3 10
m2 2 14
1 9 0
2 9 0
3 9 0
t 70 49
m0 3 12
m1 3 11
m2 3 14
1 8 0
2 8 0
3 8 0
t 69 49
m0 4 12
m1 3 11
m2 2 14
1 9 0
2 9 0
3 9 0
t 68 49
m0 5 12
m1 3 12
m2 2 14
1 8 0
2 8 0
3 8 0
t 67 49
m0 4 12
m1 4 12
m2 3 14
1 9 0
2 9 0
3 9 0
t 66 49
m0 4 12
m1 3 12
m2 2 14
1 8 0
2 8 0
3 8 0
t 65 49
m0 4 13
m1 2 12
m2 2 14
1 9 0
2 9 0
3 9 0
t 64 49
m0 5 13
m1 2 13
m2 2 13
1 8 0
2 8 0
3 8 0
t 63 49
m0 4 13
m1 1 13
m2 2 12
1 9 0
2 9 0
3 9 0
t 62 49
m0 4 12
m1 1 12
m2 2 13
1 8 0
2 8 0
3 8 0
t 61 49
m0 5 12
m1 1 11
m2 2 12
1 9 0
2 9 0
3 9 0
t 60 49
m0 4 12
m1 1 11
m2 3 12
1 8 0
2 8 0
3 8 0
t 59 49
m0 3 12
m1 0 11
m2 2 12
1 9 0
2 9 0
3 9 0
t 58 49
m0 2 12
m1 0 11
m2 1 12
1 8 0
2 8 0
3 8 0
t 57 49
m0 1 12
m1 0 11
m2 1 12
1 9 0
2 9 0
3 9 0
t 56 49
m0 1 13
m1 1 11
m2 1 13
1 8 0
2 8 0
3 8 0
t 55 49
m0 0 13
m1 1 12
m2 0 13
1 9 0
2 9 0
3 9 0
t 54 49
m0 0 13
m1 2 12
m2 0 14
1 8 0
2 8 0
3 8 0
t 53 49
m0 0 13
m1 2 13
m2 0 14
1 9 0
2 9 0
3 9 0
t 52 49
m0 1 13
m1 2 13
m2 0 14
1 8 0
2 8 0
3 8 0
t 51 49
m0 0 13
m1 1 13
m2 0 14
1 9 0
2 9 0
3 9 0
t 50 49
m0 0 14
m1 1 12
m2 0 14
1 8 0
2 8 0
3 8 0
t 49 49
m0 0 13
m1 2 12
m2 0 13
1 9 0
2 9 0
3 9 0
t 48 49
m0 0 13
m1 3 12
m2 0 13
1 8 0
2 8 0
3 8 0
t 47 49
m0 1 13
m1 2 12
m2 0 14
1 9 0
2 9 0
3 9 0
t 46 49
m0 1 13
m1 2 12
m2 0 14
1 8 0
2 8 0
3 8 0
t 45 49
m0 1 12
m1 2 12
m2 0 14
1 9 0
2 9 0
3 9 0
t 44 49
m0 2 12
m1 2 13
m2 0 14
1 8 0
2 8 0
3 8 0
t 43 49
m0 1 12
m1 2 13
m2 0 14
1 9 0
2 9 0
3 9 0
t 42 49
m0 2 12
m1 2 14
m2 0 14
1 8 0
2 8 0
3 8 0
t 41 49
m0 2 13
m1 3 14
m2 0 14
1 9 0
2 9 0
3 9 0
t 40 49
m0 1 13
m1 2 14
m2 0 14
1 8 0
2 8 0
3 8 0
t 39 49
m0 1 12
m1 3 14
m2 0 13
1 9 0
2 9 0
3 9 0
t 38 49
m0 1 11
m1 4 14
m2 0 14
1 8 0
2 8 0
3 8 0
t 37 49
m0 0 11
m1 4 14
m2 0 13
1 9 0
2 9 0
3 9 0
t 36 49
m0 0 11
m1 4 14
m2 1 13
1 8 0
2 8 0
3 8 0
t 35 49
m0 0 11
m1 3 14
m2 1 12
1 9 0
2 9 0
3 9 0
t 34 49
m0 0 11
m1 2 14
m2 1 11
1 8 0
2 8 0
3 8 0
t 33 49
m0 0 11
m1 3 14
m2 1 11
1 9 0
2 9 0
3 9 0
t 32 49
m0 1 11
m1 3 14
m2 1 11
1 8 0
2 8 0
3 8 0
t 31 49
m0 1 10
m1 2 14
m2 0 11
1 9 0
2 9 0
3 9 0
t 30 49
m0 1 11
m1 2 14
m2 0 11
1 8 0
2 8 0
3 8 0
t 29 49
m0 1 11
m1 3 14
m2 0 11
1 9 0
2 9 0
3 9 0
t 28 49
m0 1 10
m1 2 14
m2 0 11
1 8 0
2 8 0
3 8 0
t 27 49
m0 1 11
m1 2 13
m2 1 11
1 9 0
2 9 0
3 9 0
t 26 49
m0 1 10
m1 2 12
m2 1 10
1 8 0
2 8 0
3 8 0
t 25 49
m0 1 11
m1 1 12
m2 1 10
1 9 0
2 9 0
3 9 0
t 24 49
m0 0 11
m1 1 12
m2 1 9
1 8 0
2 8 0
3 8 0
t 23 49
m0 0 11
m1 2 12
m2 1 10
1 9 0
2 9 0
3 9 0
t 22 49
m0 1 11
m1 3 12
m2 1 9
1 8 0
2 8 0
3 8 0
t 21 49
m0 1 11
m1 2 12
m2 1 10
1 9 0
2 9 0
3 9 0
t 20 49
m0 0 11
m1 2 12
m2 1 9
1 8 0
2 8 0
3 8 0
t 19 49
m0 0 11
m1 1 12
m2 1 8
1 9 0
2 9 0
3 9 0
t 18 49
m0 1 11
m1 1 13
m2 1 7
1 8 0
2 8 0
3 8 0
t 17 49
m0 1 12
m1 2 13
m2 1 8
1 9 0
2 9 0
3 9 0
t 16 49
m0 1 12
m1 2 14
m2 1 7
1 8 0
2 8 0
3 8 0
t 15 49
m0 2 12
m1 2 14
m2 1 8
1 9 0
2 9 0
3 9 0
t 14 49
m0 2 13
m1 2 14
m2 1 8
1 8 0
2 8 0
3 8 0
t 13 49
m0 1 13
m1 2 14
m2 1 9
1 9 0
2 9 0
3 9 0
t 12 49
m0 1 13
m1 2 14
m2 1 10
1 8 0
2 8 0
3 8 0
t 11 49
m0 1 12
m1 3 14
m2 1 10
1 9 0
2 9 0
3 9 0
t 10 49
m0 2 12
m1 2 14
m2 1 10
1 8 0
2 8 0
3 8 0
t 9 49
m0 2 13
m1 3 14
m2 1 9
1 9 0
2 9 0
3 9 0
t 8 49
m0 2 14
m1 3 14
m2 2 9
1 8 0
2 8 0
3 8 0
t 7 49
m0 2 14
m1 4 14
m2 3 9
1 9 0
2 9 0
3 9 0
t 6 49
m0 2 13
m1 4 13
m2 3 9
1 8 0
2 8 0
3 8 0
t 5 49
m0 2 14
m1 4 13
m2 3 10
1 9 0
2 9 0
3 9 0
t 4 49
m0 3 14
m1 4 14
m2 3 10
1 8 0
2 8 0
3 8 0
t 3 49
m0 2 14
m1 3 14
m2 3 9
1 9 0
2 9 0
3 9 0
t 2 49
m0 3 14
m1 3 14
m2 3 10
1 8 0
2 8 0
3 8 0
t 1 49
m0 2 14
m1 4 14
m2 3 10
1 8 0
2 8 0
3 8 0
t 0 49
