10
15
w 3 0
w 2 8
w 8 0
w 0 10
w 2 5
w 0 3
w 8 5
w 5 8
w 4 9
w 5 5
w 7 6
w 6 10
w 8 10
w 2 13
w 5 0
w 8 6
w 3 2
w 2 6
w 9 14
w 7 1
w 6 11
w 8 11
w 0 12
w 2 10
w 8 7
w 6 12
w 1 0
w 0 8
w 4 11
w 5 3
w 8 3
w 4 6
w 0 13
w 6 13
w 0 9
w 5 2
w 0 2
p 5 9
p 6 9
p 8 13
p 6 6
p 4 8
p 7 12
p 9 8
p 5 13
p 2 12
p 5 1
p 3 7
p 1 11
p 3 14
p 7 2
p 3 3
p 8 1
p 3 10
p 1 14
p 1 5
p 3 6
p 0 4
p 1 10
p 1 1
p 6 4
p 7 14
p 5 4
p 0 0
p 4 5
p 1 13
p 6 0
p 4 14
p 9 10
p 3 9
p 2 3
p 1 9
p 4 2
p 2 14
p 9 6
p 6 5
p 7 9
p 3 12
p 6 8
p 7 0
p 8 12
p 6 1
p 3 1
p 2 11
p 7 4
p 0 6
p 1 8
p 4 3
p 9 5
p 3 4
p 2 4
p 9 12
p 8 4
m0 0 14
m1 0 14
m2 0 14
1 9 0
2 9 0
3 9 0
t 300 0
m0 1 14
m1 0 14
m2 0 14
1 9 1
2 9 1
3 9 1
t 299 1
m0 2 14
m1 1 14
m2 0 14
1 9 0
2 9 0
3 9 0
t 298 2
m0 3 14
m1 2 14
m2 0 14
1 9 1
2 9 1
3 9 1
f 9 7
t 297 3
m0 3 13
m1 2 14
m2 0 14
1 9 0
2 9 0
3 9 0
t 296 3
m0 4 13
m1 2 14
m2 0 14
1 9 1
2 9 1
3 9 1
t 295 3
m0 4 12
m1 3 14
m2 0 14
1 9 0
2 9 0
3 9 0
t 294 3
m0 5 12
m1 3 13
m2 0 14
1 9 1
2 9 1
3 9 1
t 293 3
m0 5 11
m1 3 13
m2 0 14
1 9 0
2 9 0
3 9 0
t 292 3
m0 5 10
m1 4 13
m2 0 14
1 9 1
2 9 1
3 9 1
t 291 3
m0 5 9
m1 4 13
m2 0 14
1 9 0
2 9 0
3 9 0
t 290 4
m0 6 9
m1 4 12
m2 0 14
1 9 1
2 9 1
3 9 1
t 289 5
m0 7 9
m1 4 12
m2 0 14
1 9 0
2 9 0
3 9 0
t 288 6
m0 8 9
m1 5 12
m2 0 14
1 9 1
2 9 1
3 9 1
t 287 6
m0 9 9
m1 5 11
m2 0 14
1 9 0
2 9 0
3 9 0
t 286 6
m0 9 8
m1 5 11
m2 0 14
1 9 1
2 9 1
3 9 1
t 285 7
m0 9 7
m1 5 11
m2 0 14
1 9 0
2 9 0
3 9 0
t 284 17
m0 9 6
m1 5 10
m2 0 14
1 9 1
2 9 1
3 9 1
t 283 18
m0 9 5
m1 5 10
m2 0 14
1 9 0
2 9 0
3 9 0
t 282 19
m0 9 4
m1 5 9
m2 0 14
1 9 1
2 9 1
3 9 1
t 281 19
m0 9 3
m1 5 9
m2 0 14
1 9 0
2 9 0
3 9 0
t 280 19
m0 9 2
m1 5 9
m2 0 14
1 9 1
2 9 1
3 9 1
t 279 19
m0 -5 -5
m1 6 9
m2 0 14
1 9 0
2 9 0
3 9 0
t 278 19
m0 -5 -5
m1 7 9
m2 0 14
1 9 1
2 9 1
3 9 1
t 277 19
m0 -5 -5
m1 8 9
m2 0 14
1 9 0
2 9 0
3 9 0
t 276 19
m0 -5 -5
m1 8 8
m2 0 14
1 9 1
2 9 1
3 9 1
t 275 19
m0 -5 -5
m1 9 8
m2 0 14
1 9 0
2 9 0
3 9 0
t 274 19
m0 -5 -5
m1 9 7
m2 0 14
1 9 1
2 9 1
3 9 1
t 273 19
m0 -5 -5
m1 9 6
m2 0 14
1 9 0
2 9 0
3 9 0
t 272 19
m0 -5 -5
m1 9 5
m2 0 14
1 9 1
2 9 1
3 9 1
t 271 19
m0 -5 -5
m1 9 4
m2 0 14
1 9 0
2 9 0
3 9 0
t 270 19
m0 -5 -5
m1 9 3
m2 0 14
1 9 1
2 9 1
3 9 1
t 269 19
m0 -5 -5
m1 -5 -5
m2 0 14
1 9 0
2 9 2
3 9 0
t 268 19
m0 -5 -5
m1 -5 -5
m2 0 14
1 9 1
2 9 1
3 9 1
t 267 19
m0 -5 -5
m1 -5 -5
m2 0 14
1 9 0
2 9 0
3 9 0
t 266 19
m0 -5 -5
m1 -5 -5
m2 0 14
1 9 1
2 9 1
3 9 1
t 265 19
m0 -5 -5
m1 -5 -5
m2 0 14
1 9 0
2 9 0
3 9 0
t 264 19
m0 -5 -5
m1 -5 -5
m2 0 14
1 9 1
2 9 1
3 9 1
t 263 19
m0 -5 -5
m1 -5 -5
m2 0 14
1 9 0
2 9 0
3 9 0
t 262 19
m0 -5 -5
m1 -5 -5
m2 0 14
1 9 1
2 9 1
3 9 1
t 261 19
m0 -5 -5
m1 -5 -5
m2 0 14
1 9 0
2 9 0
3 9 0
t 260 19
m0 -5 -5
m1 -5 -5
m2 0 14
1 9 1
2 9 1
3 9 1
t 259 19
m0 -5 -5
m1 -5 -5
m2 0 14
1 9 0
2 9 0
3 9 0
t 258 19
m0 -5 -5
m1 -5 -5
m2 0 14
1 9 1
2 9 1
3 9 1
t 257 19
m0 -5 -5
m1 -5 -5
m2 0 14
1 9 0
2 9 0
3 9 0
t 256 19
m0 -5 -5
m1 -5 -5
m2 0 14
1 9 1
2 9 1
3 9 1
t 255 19
m0 -5 -5
m1 -5 -5
m2 0 14
1 9 0
2 9 0
3 9 0
t 254 19
m0 -5 -5
m1 -5 -5
m2 0 14
1 9 1
2 9 1
3 9 1
t 253 19
m0 -5 -5
m1 -5 -5
m2 0 14
1 9 0
2 9 0
3 9 0
t 252 19
m0 -5 -5
m1 -5 -5
m2 0 14
1 9 1
2 9 1
3 9 1
t 251 19
m0 -5 -5
m1 -5 -5
m2 0 14
1 9 0
2 9 0
3 9 0
t 250 19
m0 -5 -5
m1 -5 -5
m2 0 14
1 9 1
2 9 1
3 9 1
t 249 19
m0 -5 -5
m1 -5 -5
m2 0 14
1 9 0
2 9 0
3 9 0
t 248 19
m0 -5 -5
m1 -5 -5
m2 0 14
1 9 1
2 9 1
3 9 1
t 247 19
m0 -5 -5
m1 -5 -5
m2 0 14
1 9 0
2 9 0
3 9 0
t 246 19
m0 -5 -5
m1 -5 -5
m2 0 14
1 9 1
2 9 1
3 9 1
t 245 19
m0 -5 -5
m1 -5 -5
m2 0 14
1 9 0
2 9 0
3 9 0
t 244 19
m0 -5 -5
m1 -5 -5
m2 0 14
1 9 1
2 9 1
3 9 1
t 243 19
m0 -5 -5
m1 -5 -5
m2 0 14
1 9 0
2 9 0
3 9 0
t 242 19
m0 -5 -5
m1 -5 -5
m2 0 14
1 9 1
2 9 1
3 9 1
t 241 19
m0 -5 -5
m1 -5 -5
m2 0 14
1 9 0
2 9 0
3 9 0
t 240 19
m0 -5 -5
m1 -5 -5
m2 0 14
1 9 1
2 9 1
3 9 1
t 239 19
m0 -5 -5
m1 -5 -5
m2 0 14
1 9 0
2 9 0
3 9 0
t 238 19
m0 -5 -5
m1 -5 -5
m2 0 14
1 9 1
2 9 1
3 9 1
t 237 19
m0 -5 -5
m1 -5 -5
m2 0 14
1 9 0
2 9 0
3 9 0
t 236 19
m0 -5 -5
m1 -5 -5
m2 0 14
1 9 1
2 9 1
3 9 1
t 235 19
m0 -5 -5
m1 -5 -5
m2 0 14
1 9 0
2 9 0
3 9 0
f 1 2
t 234 19
m0 -5 -5
m1 -5 -5
m2 0 14
1 9 1
2 9 1
3 9 1
t 233 19
m0 -5 -5
m1 -5 -5
m2 0 14
1 9 0
2 9 0
3 9 0
t 232 19
m0 -5 -5
m1 -5 -5
m2 0 14
1 9 1
2 9 1
3 9 1
t 231 19
m0 -5 -5
m1 -5 -5
m2 0 14
1 9 0
2 9 0
3 9 0
t 230 19
m0 -5 -5
m1 -5 -5
m2 0 14
1 9 1
2 9 1
3 9 1
t 229 19
m0 -5 -5
m1 -5 -5
m2 0 14
1 9 0
2 9 0
3 9 0
t 228 19
m0 -5 -5
m1 -5 -5
m2 0 14
1 9 1
2 9 1
3 9 1
t 227 19
m0 -5 -5
m1 -5 -5
m2 0 14
1 9 0
2 9 0
3 9 0
t 226 19
m0 -5 -5
m1 -5 -5
m2 0 14
1 9 1
2 9 1
3 9 1
t 225 19
m0 -5 -5
m1 -5 -5
m2 0 14
1 9 0
2 9 0
3 9 0
t 224 19
m0 -5 -5
m1 -5 -5
m2 0 14
1 9 1
2 9 1
3 9 1
t 223 19
m0 -5 -5
m1 -5 -5
m2 0 14
1 9 0
2 9 0
3 9 0
t 222 19
m0 -5 -5
m1 -5 -5
m2 0 14
1 9 1
2 9 1
3 9 1
t 221 19
m0 -5 -5
m1 -5 -5
m2 0 14
1 9 0
2 9 0
3 9 0
t 220 19
m0 -5 -5
m1 -5 -5
m2 0 14
1 9 1
2 9 1
3 9 1
t 219 19
m0 -5 -5
m1 -5 -5
m2 0 14
1 9 0
2 9 0
3 9 0
t 218 19
m0 -5 -5
m1 -5 -5
m2 0 14
1 9 1
2 9 1
3 9 1
t 217 19
m0 -5 -5
m1 -5 -5
m2 0 14
1 9 0
2 9 0
3 9 0
t 216 19
m0 -5 -5
m1 -5 -5
m2 0 14
1 9 1
2 9 1
3 9 1
t 215 19
m0 -5 -5
m1 -5 -5
m2 0 14
1 9 0
2 9 0
3 9 0
t 214 19
m0 -5 -5
m1 -5 -5
m2 0 14
1 9 1
2 9 1
3 9 1
t 213 19
m0 -5 -5
m1 -5 -5
m2 0 14
1 9 0
2 9 0
3 9 0
t 212 19
m0 -5 -5
m1 -5 -5
m2 0 14
1 9 1
2 9 1
3 9 1
t 211 19
m0 -5 -5
m1 -5 -5
m2 0 14
1 9 0
2 9 0
3 9 0
t 210 19
m0 -5 -5
m1 -5 -5
m2 0 14
1 9 1
2 9 1
3 9 1
t 209 19
m0 -5 -5
m1 -5 -5
m2 0 14
1 9 0
2 9 0
3 9 0
t 208 19
m0 -5 -5
m1 -5 -5
m2 0 14
1 9 1
2 9 1
3 9 1
t 207 19
m0 -5 -5
m1 -5 -5
m2 0 14
1 9 0
2 9 0
3 9 0
t 206 19
m0 -5 -5
m1 -5 -5
m2 0 14
1 9 1
2 9 1
3 9 1
t 205 19
m0 -5 -5
m1 -5 -5
m2 0 14
1 9 0
2 9 0
3 9 0
t 204 19
m0 -5 -5
m1 -5 -5
m2 0 14
1 9 1
2 9 1
3 9 1
t 203 19
m0 -5 -5
m1 -5 -5
m2 0 14
1 9 0
2 9 0
3 9 0
t 202 19
m0 -5 -5
m1 -5 -5
m2 0 14
1 9 1
2 9 1
3 9 1
t 201 19
m0 -5 -5
m1 -5 -5
m2 0 14
1 9 0
2 9 0
3 9 0
t 200 19
m0 -5 -5
m1 -5 -5
m2 0 14
1 9 1
2 9 1
3 9 1
t 199 19
m0 -5 -5
m1 -5 -5
m2 0 14
1 9 0
2 9 0
3 9 0
t 198 19
m0 -5 -5
m1 -5 -5
m2 0 14
1 9 1
2 9 1
3 9 1
t 197 19
m0 -5 -5
m1 -5 -5
m2 0 14
1 9 0
2 9 0
3 9 0
t 196 19
m0 -5 -5
m1 -5 -5
m2 0 14
1 9 1
2 9 1
3 9 1
t 195 19
m0 -5 -5
m1 -5 -5
m2 0 14
1 9 0
2 9 0
3 9 0
t 194 19
m0 -5 -5
m1 -5 -5
m2 0 14
1 9 1
2 9 1
3 9 1
t 193 19
m0 -5 -5
m1 -5 -5
m2 0 14
1 9 0
2 9 0
3 9 0
t 192 19
m0 -5 -5
m1 -5 -5
m2 0 14
1 9 1
2 9 1
3 9 1
t 191 19
m0 -5 -5
m1 -5 -5
m2 0 14
1 9 0
2 9 0
3 9 0
t 190 19
m0 -5 -5
m1 -5 -5
m2 0 14
1 9 1
2 9 1
3 9 1
t 189 19
m0 -5 -5
m1 -5 -5
m2 0 14
1 9 0
2 9 0
3 9 0
t 188 19
m0 -5 -5
m1 -5 -5
m2 0 14
1 9 1
2 9 1
3 9 1
t 187 19
m0 -5 -5
m1 -5 -5
m2 0 14
1 9 0
2 9 0
3 9 0
t 186 19
m0 -5 -5
m1 -5 -5
m2 0 14
1 9 1
2 9 1
3 9 1
t 185 19
m0 -5 -5
m1 -5 -5
m2 0 14
1 9 0
2 9 0
3 9 0
t 184 19
m0 -5 -5
m1 -5 -5
m2 0 14
1 9 1
2 9 1
3 9 1
t 183 19
m0 -5 -5
m1 -5 -5
m2 0 14
1 9 0
2 9 0
3 9 0
t 182 19
m0 -5 -5
m1 -5 -5
m2 0 14
1 9 1
2 9 1
3 9 1
t 181 19
m0 -5 -5
m1 -5 -5
m2 0 14
1 9 0
2 9 0
3 9 0
t 180 19
m0 -5 -5
m1 -5 -5
m2 0 14
1 9 1
2 9 1
3 9 1
t 179 19
m0 -5 -5
m1 -5 -5
m2 0 14
1 9 0
2 9 0
3 9 0
t 178 19
m0 -5 -5
m1 -5 -5
m2 0 14
1 9 1
2 9 1
3 9 1
t 177 19
m0 -5 -5
m1 -5 -5
m2 0 14
1 9 0
2 9 0
3 9 0
t 176 19
m0 -5 -5
m1 -5 -5
m2 0 14
1 9 1
2 9 1
3 9 1
t 175 19
m0 -5 -5
m1 -5 -5
m2 0 14
1 9 0
2 9 0
3 9 0
t 174 19
m0 -5 -5
m1 -5 -5
m2 0 14
1 9 1
2 9 1
3 9 1
t 173 19
m0 -5 -5
m1 -5 -5
m2 0 14
1 9 0
2 9 0
3 9 0
t 172 19
m0 -5 -5
m1 -5 -5
m2 0 14
1 9 1
2 9 1
3 9 1
t 171 19
m0 -5 -5
m1 -5 -5
m2 0 14
1 9 0
2 9 0
3 9 0
t 170 19
m0 -5 -5
m1 -5 -5
m2 0 14
1 9 1
2 9 1
3 9 1
t 169 19
m0 -5 -5
m1 -5 -5
m2 0 14
1 9 0
2 9 0
3 9 0
t 168 19
m0 -5 -5
m1 -5 -5
m2 0 14
1 9 1
2 9 1
3 9 1
t 167 19
m0 -5 -5
m1 -5 -5
m2 0 14
1 9 0
2 9 0
3 9 0
t 166 19
m0 -5 -5
m1 -5 -5
m2 0 14
1 9 1
2 9 1
3 9 1
t 165 19
m0 -5 -5
m1 -5 -5
m2 0 14
1 9 0
2 9 0
3 9 0
t 164 19
m0 -5 -5
m1 -5 -5
m2 0 14
1 9 1
2 9 1
3 9 1
t 163 19
m0 -5 -5
m1 -5 -5
m2 0 14
1 9 0
2 9 0
3 9 0
t 162 19
m0 -5 -5
m1 -5 -5
m2 0 14
1 9 1
2 9 1
3 9 1
t 161 19
m0 -5 -5
m1 -5 -5
m2 0 14
1 9 0
2 9 0
3 9 0
t 160 19
m0 -5 -5
m1 -5 -5
m2 0 14
1 9 1
2 9 1
3 9 1
t 159 19
m0 -5 -5
m1 -5 -5
m2 0 14
1 9 0
2 9 0
3 9 0
t 158 19
m0 -5 -5
m1 -5 -5
m2 0 14
1 9 1
2 9 1
3 9 1
t 157 19
m0 -5 -5
m1 -5 -5
m2 0 14
1 9 0
2 9 0
3 9 0
t 156 19
m0 -5 -5
m1 -5 -5
m2 0 14
1 9 1
2 9 1
3 9 1
t 155 19
m0 -5 -5
m1 -5 -5
m2 0 14
1 9 0
2 9 0
3 9 0
t 154 19
m0 -5 -5
m1 -5 -5
m2 0 14
1 9 1
2 9 1
3 9 1
t 153 19
m0 -5 -5
m1 -5 -5
m2 0 14
1 9 0
2 9 0
3 9 0
t 152 19
m0 -5 -5
m1 -5 -5
m2 0 14
1 9 1
2 9 1
3 9 1
t 151 19
m0 -5 -5
m1 -5 -5
m2 0 14
1 9 0
2 9 0
3 9 0
t 150 19
m0 -5 -5
m1 -5 -5
m2 0 14
1 9 1
2 9 1
3 9 1
t 149 19
m0 -5 -5
m1 -5 -5
m2 0 14
1 9 0
2 9 0
3 9 0
t 148 19
m0 -5 -5
m1 -5 -5
m2 0 14
1 9 1
2 9 1
3 9 1
t 147 19
m0 -5 -5
m1 -5 -5
m2 0 14
1 9 0
2 9 0
3 9 0
t 146 19
m0 -5 -5
m1 -5 -5
m2 0 14
1 9 1
2 9 1
3 9 1
t 145 19
m0 -5 -5
m1 -5 -5
m2 0 14
1 9 0
2 9 0
3 9 0
t 144 19
m0 -5 -5
m1 -5 -5
m2 0 14
1 9 1
2 9 1
3 9 1
t 143 19
m0 -5 -5
m1 -5 -5
m2 0 14
1 9 0
2 9 0
3 9 0
t 142 19
m0 -5 -5
m1 -5 -5
m2 0 14
1 9 1
2 9 1
3 9 1
t 141 19
m0 -5 -5
m1 -5 -5
m2 0 14
1 9 0
2 9 0
3 9 0
t 140 19
m0 -5 -5
m1 -5 -5
m2 0 14
1 9 1
2 9 1
3 9 1
t 139 19
m0 -5 -5
m1 -5 -5
m2 0 14
1 9 0
2 9 0
3 9 0
t 138 19
m0 -5 -5
m1 -5 -5
m2 0 14
1 9 1
2 9 1
3 9 1
t 137 19
m0 -5 -5
m1 -5 -5
m2 0 14
1 9 0
2 9 0
3 9 0
t 136 19
m0 -5 -5
m1 -5 -5
m2 0 14
1 9 1
2 9 1
3 9 1
t 135 19
m0 -5 -5
m1 -5 -5
m2 0 14
1 9 0
2 9 0
3 9 0
t 134 19
m0 -5 -5
m1 -5 -5
m2 0 14
1 9 1
2 9 1
3 9 1
t 133 19
m0 -5 -5
m1 -5 -5
m2 0 14
1 9 0
2 9 0
3 9 0
t 132 19
m0 -5 -5
m1 -5 -5
m2 0 14
1 9 1
2 9 1
3 9 1
t 131 19
m0 -5 -5
m1 -5 -5
m2 0 14
1 9 0
2 9 0
3 9 0
t 130 19
m0 -5 -5
m1 -5 -5
m2 0 14
1 9 1
2 9 1
3 9 1
t 129 19
m0 -5 -5
m1 -5 -5
m2 0 14
1 9 0
2 9 0
3 9 0
t 128 19
m0 -5 -5
m1 -5 -5
m2 0 14
1 9 1
2 9 1
3 9 1
t 127 19
m0 -5 -5
m1 -5 -5
m2 0 14
1 9 0
2 9 0
3 9 0
t 126 19
m0 -5 -5
m1 -5 -5
m2 0 14
1 9 1
2 9 1
3 9 1
t 125 19
m0 -5 -5
m1 -5 -5
m2 0 14
1 9 0
2 9 0
3 9 0
t 124 19
m0 -5 -5
m1 -5 -5
m2 0 14
1 9 1
2 9 1
3 9 1
t 123 19
m0 -5 -5
m1 -5 -5
m2 0 14
1 9 0
2 9 0
3 9 0
t 122 19
m0 -5 -5
m1 -5 -5
m2 0 14
1 9 1
2 9 1
3 9 1
t 121 19
m0 -5 -5
m1 -5 -5
m2 0 14
1 9 0
2 9 0
3 9 0
t 120 19
m0 -5 -5
m1 -5 -5
m2 0 14
1 9 1
2 9 1
3 9 1
t 119 19
m0 -5 -5
m1 -5 -5
m2 0 14
1 9 0
2 9 0
3 9 0
t 118 19
m0 -5 -5
m1 -5 -5
m2 0 14
1 9 1
2 9 1
3 9 1
t 117 19
m0 -5 -5
m1 -5 -5
m2 0 14
1 9 0
2 9 0
3 9 0
t 116 19
m0 -5 -5
m1 -5 -5
m2 0 14
1 9 1
2 9 1
3 9 1
t 115 19
m0 -5 -5
m1 -5 -5
m2 0 14
1 9 0
2 9 0
3 9 0
t 114 19
m0 -5 -5
m1 -5 -5
m2 0 14
1 9 1
2 9 1
3 9 1
t 113 19
m0 -5 -5
m1 -5 -5
m2 0 14
1 9 0
2 9 0
3 9 0
t 112 19
m0 -5 -5
m1 -5 -5
m2 0 14
1 9 1
2 9 1
3 9 1
t 111 19
m0 -5 -5
m1 -5 -5
m2 0 14
1 9 0
2 9 0
3 9 0
t 110 19
m0 -5 -5
m1 -5 -5
m2 0 14
1 9 1
2 9 1
3 9 1
t 109 19
m0 -5 -5
m1 -5 -5
m2 0 14
1 9 0
2 9 0
3 9 0
t 108 19
m0 -5 -5
m1 -5 -5
m2 0 14
1 9 1
2 9 1
3 9 1
t 107 19
m0 -5 -5
m1 -5 -5
m2 0 14
1 9 0
2 9 0
3 9 0
t 106 19
m0 -5 -5
m1 -5 -5
m2 0 14
1 9 1
2 9 1
3 9 1
t 105 19
m0 -5 -5
m1 -5 -5
m2 0 14
1 9 0
2 9 0
3 9 0
t 104 19
m0 -5 -5
m1 -5 -5
m2 0 14
1 9 1
2 9 1
3 9 1
t 103 19
m0 -5 -5
m1 -5 -5
m2 0 14
1 9 0
2 9 0
3 9 0
t 102 19
m0 -5 -5
m1 -5 -5
m2 0 14
1 9 1
2 9 1
3 9 1
t 101 19
m0 -5 -5
m1 -5 -5
m2 0 14
1 9 0
2 9 0
3 9 0
t 100 19
m0 -5 -5
m1 -5 -5
m2 0 14
1 9 1
2 9 1
3 9 1
t 99 19
m0 -5 -5
m1 -5 -5
m2 0 14
1 9 0
2 9 0
3 9 0
t 98 19
m0 -5 -5
m1 -5 -5
m2 0 14
1 9 1
2 9 1
3 9 1
t 97 19
m0 -5 -5
m1 -5 -5
m2 0 14
1 9 0
2 9 0
3 9 0
t 96 19
m0 -5 -5
m1 -5 -5
m2 0 14
1 9 1
2 9 1
3 9 1
t 95 19
m0 -5 -5
m1 -5 -5
m2 0 14
1 9 0
2 9 0
3 9 0
t 94 19
m0 -5 -5
m1 -5 -5
m2 0 14
1 9 1
2 9 1
3 9 1
t 93 19
m0 -5 -5
m1 -5 -5
m2 0 14
1 9 0
2 9 0
3 9 0
t 92 19
m0 -5 -5
m1 -5 -5
m2 0 14
1 9 1
2 9 1
3 9 1
t 91 19
m0 -5 -5
m1 -5 -5
m2 0 14
1 9 0
2 9 0
3 9 0
t 90 19
m0 -5 -5
m1 -5 -5
m2 0 14
1 9 1
2 9 1
3 9 1
t 89 19
m0 -5 -5
m1 -5 -5
m2 0 14
1 9 0
2 9 0
3 9 0
t 88 19
m0 -5 -5
m1 -5 -5
m2 0 14
1 9 1
2 9 1
3 9 1
t 87 19
m0 -5 -5
m1 -5 -5
m2 0 14
1 9 0
2 9 0
3 9 0
t 86 19
m0 -5 -5
m1 -5 -5
m2 0 14
1 9 1
2 9 1
3 9 1
t 85 19
m0 -5 -5
m1 -5 -5
m2 0 14
1 9 0
2 9 0
3 9 0
t 84 19
m0 -5 -5
m1 -5 -5
m2 0 14
1 9 1
2 9 1
3 9 1
t 83 19
m0 -5 -5
m1 -5 -5
m2 0 14
1 9 0
2 9 0
3 9 0
t 82 19
m0 -5 -5
m1 -5 -5
m2 0 14
1 9 1
2 9 1
3 9 1
t 81 19
m0 -5 -5
m1 -5 -5
m2 0 14
1 9 0
2 9 0
3 9 0
t 80 19
m0 -5 -5
m1 -5 -5
m2 0 14
1 9 1
2 9 1
3 9 1
t 79 19
m0 -5 -5
m1 -5 -5
m2 0 14
1 9 0
2 9 0
3 9 0
t 78 19
m0 -5 -5
m1 -5 -5
m2 0 14
1 9 1
2 9 1
3 9 1
t 77 19
m0 -5 -5
m1 -5 -5
m2 0 14
1 9 0
2 9 0
3 9 0
t 76 19
m0 -5 -5
m1 -5 -5
m2 0 14
1 9 1
2 9 1
3 9 1
t 75 19
m0 -5 -5
m1 -5 -5
m2 0 14
1 9 0
2 9 0
3 9 0
t 74 19
m0 -5 -5
m1 -5 -5
m2 0 14
1 9 1
2 9 1
3 9 1
t 73 19
m0 -5 -5
m1 -5 -5
m2 0 14
1 9 0
2 9 0
3 9 0
t 72 19
m0 -5 -5
m1 -5 -5
m2 0 14
1 9 1
2 9 1
3 9 1
t 71 19
m0 -5 -5
m1 -5 -5
m2 0 14
1 9 0
2 9 0
3 9 0
t 70 19
m0 -5 -5
m1 -5 -5
m2 0 14
1 9 1
2 9 1
3 9 1
t 69 19
m0 -5 -5
m1 -5 -5
m2 0 14
1 9 0
2 9 0
3 9 0
t 68 19
m0 -5 -5
m1 -5 -5
m2 0 14
1 9 1
2 9 1
3 9 1
t 67 19
m0 -5 -5
m1 -5 -5
m2 0 14
1 9 0
2 9 0
3 9 0
t 66 19
m0 -5 -5
m1 -5 -5
m2 0 14
1 9 1
2 9 1
3 9 1
t 65 19
m0 -5 -5
m1 -5 -5
m2 0 14
1 9 0
2 9 0
3 9 0
t 64 19
m0 -5 -5
m1 -5 -5
m2 0 14
1 9 1
2 9 1
3 9 1
t 63 19
m0 -5 -5
m1 -5 -5
m2 0 14
1 9 0
2 9 0
3 9 0
t 62 19
m0 -5 -5
m1 -5 -5
m2 0 14
1 9 1
2 9 1
3 9 1
t 61 19
m0 -5 -5
m1 -5 -5
m2 0 14
1 9 0
2 9 0
3 9 0
t 60 19
m0 -5 -5
m1 -5 -5
m2 0 14
1 9 1
2 9 1
3 9 1
t 59 19
m0 -5 -5
m1 -5 -5
m2 0 14
1 9 0
2 9 0
3 9 0
t 58 19
m0 -5 -5
m1 -5 -5
m2 0 14
1 9 1
2 9 1
3 9 1
t 57 19
m0 -5 -5
m1 -5 -5
m2 0 14
1 9 0
2 9 0
3 9 0
t 56 19
m0 -5 -5
m1 -5 -5
m2 0 14
1 9 1
2 9 1
3 9 1
t 55 19
m0 -5 -5
m1 -5 -5
m2 0 14
1 9 0
2 9 0
3 9 0
t 54 19
m0 -5 -5
m1 -5 -5
m2 0 14
1 9 1
2 9 1
3 9 1
t 53 19
m0 -5 -5
m1 -5 -5
m2 0 14
1 9 0
2 9 0
3 9 0
t 52 19
m0 -5 -5
m1 -5 -5
m2 0 14
1 9 1
2 9 1
3 9 1
t 51 19
m0 -5 -5
m1 -5 -5
m2 0 14
1 9 0
2 9 0
3 9 0
t 50 19
m0 -5 -5
m1 -5 -5
m2 0 14
1 9 1
2 9 1
3 9 1
t 49 19
m0 -5 -5
m1 -5 -5
m2 0 14
1 9 0
2 9 0
3 9 0
t 48 19
m0 -5 -5
m1 -5 -5
m2 0 14
1 9 1
2 9 1
3 9 1
t 47 19
m0 -5 -5
m1 -5 -5
m2 0 14
1 9 0
2 9 0
3 9 0
t 46 19
m0 -5 -5
m1 -5 -5
m2 0 14
1 9 1
2 9 1
3 9 1
t 45 19
m0 -5 -5
m1 -5 -5
m2 0 14
1 9 0
2 9 0
3 9 0
t 44 19
m0 -5 -5
m1 -5 -5
m2 0 14
1 9 1
2 9 1
3 9 1
t 43 19
m0 -5 -5
m1 -5 -5
m2 0 14
1 9 0
2 9 0
3 9 0
t 42 19
m0 -5 -5
m1 -5 -5
m2 0 14
1 9 1
2 9 1
3 9 1
t 41 19
m0 -5 -5
m1 -5 -5
m2 0 14
1 9 0
2 9 0
3 9 0
t 40 19
m0 -5 -5
m1 -5 -5
m2 0 14
1 9 1
2 9 1
3 9 1
t 39 19
m0 -5 -5
m1 -5 -5
m2 0 14
1 9 0
2 9 0
3 9 0
t 38 19
m0 -5 -5
m1 -5 -5
m2 0 14
1 9 1
2 9 1
3 9 1
t 37 19
m0 -5 -5
m1 -5 -5
m2 0 14
1 9 0
2 9 0
3 9 0
t 36 19
m0 -5 -5
m1 -5 -5
m2 0 14
1 9 1
2 9 1
3 9 1
t 35 19
m0 -5 -5
m1 -5 -5
m2 0 14
1 9 0
2 9 0
3 9 0
t 34 19
m0 -5 -5
m1 -5 -5
m2 0 14
1 9 1
2 9 1
3 9 1
t 33 19
m0 -5 -5
m1 -5 -5
m2 0 14
1 9 0
2 9 0
3 9 0
t 32 19
m0 -5 -5
m1 -5 -5
m2 0 14
1 9 1
2 9 1
3 9 1
t 31 19
m0 -5 -5
m1 -5 -5
m2 0 14
1 9 0
2 9 0
3 9 0
t 30 19
m0 -5 -5
m1 -5 -5
m2 0 14
1 9 1
2 9 1
3 9 1
t 29 19
m0 -5 -5
m1 -5 -5
m2 0 14
1 9 0
2 9 0
3 9 0
t 28 19
m0 -5 -5
m1 -5 -5
m2 0 14
1 9 1
2 9 1
3 9 1
t 27 19
m0 -5 -5
m1 -5 -5
m2 0 14
1 9 0
2 9 0
3 9 0
t 26 19
m0 -5 -5
m1 -5 -5
m2 0 14
1 9 1
2 9 1
3 9 1
t 25 19
m0 -5 -5
m1 -5 -5
m2 0 14
1 9 0
2 9 0
3 9 0
t 24 19
m0 -5 -5
m1 -5 -5
m2 0 14
1 9 1
2 9 1
3 9 1
t 23 19
m0 -5 -5
m1 -5 -5
m2 0 14
1 9 0
2 9 0
3 9 0
t 22 19
m0 -5 -5
m1 -5 -5
m2 0 14
1 9 1
2 9 1
3 9 1
t 21 19
m0 -5 -5
m1 -5 -5
m2 0 14
1 9 0
2 9 0
3 9 0
t 20 19
m0 -5 -5
m1 -5 -5
m2 0 14
1 9 1
2 9 1
3 9 1
t 19 19
m0 -5 -5
m1 -5 -5
m2 0 14
1 9 0
2 9 0
3 9 0
t 18 19
m0 -5 -5
m1 -5 -5
m2 0 14
1 9 1
2 9 1
3 9 1
t 17 19
m0 -5 -5
m1 -5 -5
m2 0 14
1 9 0
2 9 0
3 9 0
t 16 19
m0 -5 -5
m1 -5 -5
m2 0 14
1 9 1
2 9 1
3 9 1
t 15 19
m0 -5 -5
m1 -5 -5
m2 0 14
1 9 0
2 9 0
3 9 0
t 14 19
m0 -5 -5
m1 -5 -5
m2 0 14
1 9 1
2 9 1
3 9 1
t 13 19
m0 -5 -5
m1 -5 -5
m2 0 14
1 9 0
2 9 0
3 9 0
t 12 19
m0 -5 -5
m1 -5 -5
m2 0 14
1 9 1
2 9 1
3 9 1
t 11 19
m0 -5 -5
m1 -5 -5
m2 0 14
1 9 0
2 9 0
3 9 0
t 10 19
m0 -5 -5
m1 -5 -5
m2 0 14
1 9 1
2 9 1
3 9 1
t 9 19
m0 -5 -5
m1 -5 -5
m2 0 14
1 9 0
2 9 0
3 9 0
t 8 19
m0 -5 -5
m1 -5 -5
m2 0 14
1 9 1
2 9 1
3 9 1
t 7 19
m0 -5 -5
m1 -5 -5
m2 0 14
1 9 0
2 9 0
3 9 0
t 6 19
m0 -5 -5
m1 -5 -5
m2 0 14
1 9 1
2 9 1
3 9 1
t 5 19
m0 -5 -5
m1 -5 -5
m2 0 14
1 9 0
2 9 0
3 9 0
t 4 19
m0 -5 -5
m1 -5 -5
m2 0 14
1 9 1
2 9 1
3 9 1
t 3 19
m0 -5 -5
m1 -5 -5
m2 0 14
1 9 0
2 9 0
3 9 0
t 2 19
m0 -5 -5
m1 -5 -5
m2 0 14
1 9 1
2 9 1
3 9 1
t 1 19
m0 -5 -5
m1 -5 -5
m2 0 14
1 9 1
2 9 1
3 9 1
t 0 19
