10
15
w 7 3
w 1 3
w 4 8
w 5 6
w 9 8
w 8 0
w 2 1
w 4 12
w 1 11
w 8 5
w 7 2
w 6 7
w 4 4
w 1 5
w 3 6
w 1 10
w 4 1
w 9 7
w 4 10
w 5 4
w 0 0
w 6 11
w 1 13
w 9 3
w 6 0
w 9 10
w 4 2
w 5 3
w 3 5
w 9 13
w 7 9
w 3 12
w 7 13
w 9 9
w 1 8
w 4 3
w 1 7
p 5 9
p 6 9
p 4 7
p 8 13
p 9 1
p 6 6
p 3 0
p 2 12
p 9 4
p 3 7
p 7 11
p 5 1
p 2 5
p 0 3
p 5 8
p 6 14
p 4 9
p 5 5
p 3 3
p 8 1
p 3 10
p 6 10
p 7 6
p 4 13
p 6 3
p 2 13
p 5 0
p 2 2
p 3 4
p 8 6
p 6 4
p 7 14
p 5 11
p 0 12
p 3 9
p 0 5
p 2 3
p 7 5
p 6 12
p 0 8
p 9 6
p 2 7
p 8 3
p 7 0
p 4 6
p 6 8
p 8 12
p 3 1
p 3 8
p 7 4
p 5 14
p 6 13
p 0 9
p 5 2
p 0 2
p 8 4
m0 0 14
m1 0 14
m2 0 14
1 9 0
2 9 0
3 9 0
t 300 0
m0 0 14
m1 0 14
m2 0 14
1 9 1
2 9 1
3 9 1
t 299 0
m0 0 14
m1 0 14
m2 0 14
1 8 1
2 9 2
3 9 0
t 298 0
m0 0 14
m1 0 14
m2 0 14
1 7 1
2 8 2
3 9 1
t 297 0
m0 0 14
m1 0 14
m2 0 14
1 6 1
2 8 3
3 9 0
t 296 0
m0 0 14
m1 0 14
m2 0 14
1 5 1
2 8 4
3 9 1
t 295 0
m0 0 14
m1 0 14
m2 0 14
1 5 2
2 7 4
3 9 0
f 1 2
t 294 0
m0 0 14
m1 0 14
m2 0 14
1 5 1
2 7 5
3 9 1
t 293 0
m0 0 14
m1 0 14
m2 0 14
1 5 2
2 7 6
3 9 0
t 292 0
m0 0 14
m1 0 14
m2 0 14
1 6 2
2 7 7
3 9 1
t 291 0
m0 0 14
m1 0 14
m2 0 14
1 5 2
2 7 8
3 9 0
t 290 0
m0 0 14
m1 0 14
m2 0 14
1 6 2
2 8 8
3 9 1
t 289 0
m0 0 14
m1 0 14
m2 0 14
1 5 2
2 8 9
3 9 0
t 288 0
m0 0 14
m1 0 14
m2 0 14
1 6 2
2 8 10
3 9 1
t 287 0
m0 0 14
m1 0 14
m2 0 14
1 5 2
2 8 11
3 9 0
t 286 0
m0 0 14
m1 0 14
m2 0 14
1 6 2
2 8 12
3 9 1
t 285 0
m0 0 14
m1 0 14
m2 0 14
1 5 2
2 8 13
3 9 0
t 284 0
m0 0 14
m1 0 14
m2 0 14
1 6 2
2 8 14
3 9 1
t 283 0
m0 0 13
m1 0 13
m2 0 13
1 5 2
2 7 14
3 9 0
t 282 0
m0 0 12
m1 0 12
m2 0 12
1 6 2
2 6 14
3 9 1
t 281 1
m0 0 11
m1 0 11
m2 0 11
1 5 2
2 6 13
3 9 0
t 280 1
m0 0 10
m1 0 10
m2 0 10
1 6 2
2 5 13
3 9 1
t 279 1
m0 0 9
m1 0 9
m2 0 9
1 5 2
2 4 13
3 9 0
t 278 2
m0 0 8
m1 0 8
m2 0 8
1 6 2
2 3 13
3 9 1
t 277 3
m0 0 7
m1 0 7
m2 0 7
1 5 2
2 2 13
3 9 0
t 276 3
m0 0 6
m1 0 6
m2 0 6
1 6 2
2 2 12
3 9 1
t 275 3
m0 0 5
m1 0 5
m2 0 5
1 5 2
2 1 12
3 9 0
t 274 4
m0 0 5
m1 0 5
m2 0 5
1 6 2
2 0 12
3 9 1
t 273 4
m0 0 4
m1 0 4
m2 0 4
1 5 2
2 0 11
3 9 0
t 272 4
m0 0 4
m1 0 4
m2 0 4
1 6 2
2 0 10
3 9 1
t 271 4
m0 0 3
m1 0 3
m2 0 3
1 5 2
2 0 9
3 9 0
t 270 5
m0 0 3
m1 0 3
m2 0 3
1 6 2
2 0 8
3 9 1
t 269 5
m0 0 2
m1 0 2
m2 0 2
1 5 2
2 0 7
3 9 0
t 268 6
m0 0 1
m1 0 1
m2 0 1
1 5 1
2 0 6
3 9 1
t 267 6
m0 0 1
m1 0 1
m2 0 1
1 5 0
2 0 5
3 9 2
t 266 6
m0 1 1
m1 1 1
m2 1 1
1 4 0
2 0 4
3 9 1
t 265 6
m0 1 1
m1 1 1
m2 1 1
1 3 0
2 1 4
3 9 2
t 264 6
m0 0 1
m1 0 1
m2 0 1
1 2 0
2 0 4
3 9 1
t 263 6
m0 1 1
m1 1 1
m2 1 1
1 1 0
2 1 4
3 8 1
t 262 6
m0 1 2
m1 1 2
m2 1 2
1 1 1
2 2 4
3 8 2
t 261 16
m0 2 2
m1 2 2
m2 2 2
1 1 2
2 2 3
3 9 2
t 260 17
m0 3 2
m1 3 2
m2 3 2
1 2 2
2 3 3
3 8 2
t 259 17
m0 3 1
m1 3 1
m2 3 1
1 3 2
2 2 3
3 8 1
t 258 18
m0 3 0
m1 3 0
m2 3 0
1 3 1
2 2 4
3 9 1
t 257 19
m0 4 0
m1 4 0
m2 4 0
1 3 0
2 1 4
3 9 0
t 256 19
m0 5 0
m1 5 0
m2 5 0
1 4 0
2 0 4
3 9 1
t 255 20
m0 5 1
m1 5 1
m2 5 1
1 5 0
2 1 4
3 8 1
t 254 21
m0 5 2
m1 5 2
m2 5 2
1 5 1
2 2 4
3 8 2
t 253 22
m0 6 2
m1 6 2
m2 6 2
1 6 1
2 3 4
3 9 2
t 252 22
m0 6 3
m1 6 3
m2 6 3
1 6 2
2 3 3
3 9 1
t 251 23
m0 6 4
m1 6 4
m2 6 4
1 6 3
2 3 4
3 9 0
f 9 11
t 250 24
m0 7 4
m1 7 4
m2 7 4
1 6 4
2 3 3
3 9 1
t 249 25
m0 8 4
m1 8 4
m2 8 4
1 7 4
2 3 2
3 8 1
t 248 26
m0 9 4
m1 9 4
m2 9 4
1 8 4
2 3 3
3 9 1
t 247 27
m0 9 5
m1 9 5
m2 9 5
1 9 4
2 2 3
3 9 0
t 246 27
m0 9 6
m1 9 6
m2 9 6
1 9 5
2 3 3
3 9 1
t 245 28
m0 8 6
m1 8 6
m2 8 6
1 9 6
2 3 4
3 8 1
t 244 29
m0 7 6
m1 7 6
m2 7 6
1 8 6
2 2 4
3 7 1
t 243 30
m0 7 5
m1 7 5
m2 7 5
1 7 6
2 3 4
3 8 1
t 242 31
m0 6 5
m1 6 5
m2 6 5
1 7 5
2 3 3
3 9 1
t 241 31
m0 5 5
m1 5 5
m2 5 5
1 6 5
2 3 4
3 9 0
t 240 32
m0 4 5
m1 4 5
m2 4 5
1 5 5
2 3 3
3 9 1
t 239 32
m0 4 6
m1 4 6
m2 4 6
1 4 5
2 3 2
3 9 0
t 238 33
m0 4 7
m1 4 7
m2 4 7
1 4 6
2 3 1
3 9 1
t 237 34
m0 3 7
m1 3 7
m2 3 7
1 4 7
2 3 2
3 9 0
t 236 35
m0 2 7
m1 2 7
m2 2 7
1 3 7
2 2 2
3 9 1
t 235 36
m0 2 6
m1 2 6
m2 2 6
1 2 7
2 2 3
3 9 0
t 234 36
m0 2 5
m1 2 5
m2 2 5
1 2 6
2 2 4
3 9 1
t 233 37
m0 -5 -5
m1 -5 -5
m2 -5 -5
1 2 6
2 2 4
3 9 1
t 232 37
