10
15
w 2 8
w 7 7
w 8 9
w 3 7
w 5 8
w 3 14
w 6 10
w 4 4
w 4 13
w 6 3
w 1 5
w 5 0
w 1 10
w 8 6
w 1 1
w 6 4
w 5 4
w 9 3
w 6 0
w 3 9
w 6 12
w 6 5
w 5 3
w 2 7
w 6 8
w 4 6
w 9 2
w 6 1
w 3 1
w 2 11
w 0 13
w 7 4
w 2 0
w 1 8
w 1 7
w 2 4
w 9 12
p 4 7
p 1 3
p 8 13
p 9 1
p 7 12
p 5 13
p 3 11
p 6 2
p 1 6
p 0 10
p 7 11
p 5 1
p 0 3
p 8 5
p 7 2
p 8 14
p 5 5
p 2 9
p 3 10
p 7 6
p 1 14
p 2 13
p 9 11
p 4 1
p 4 10
p 7 14
p 2 6
p 9 14
p 3 2
p 5 11
p 3 13
p 1 13
p 4 5
p 7 1
p 2 10
p 9 10
p 0 5
p 1 9
p 8 7
p 2 14
p 9 6
p 4 11
p 7 9
p 7 8
p 9 13
p 3 12
p 1 12
p 8 12
p 7 13
p 9 9
p 5 14
p 6 13
p 0 9
p 9 5
p 5 2
p 8 4
m0 0 14
m1 0 14
m2 0 14
1 9 0
2 9 0
3 9 0
t 300 0
m0 1 14
m1 1 14
m2 1 14
1 8 0
2 9 1
3 8 0
t 299 1
m0 2 14
m1 2 14
m2 2 14
1 9 0
2 8 1
3 9 0
t 298 2
m0 1 14
m1 2 13
m2 1 14
1 8 0
2 7 1
3 8 0
f 4 8
t 297 3
m0 1 13
m1 1 13
m2 0 14
1 9 0
2 7 2
3 9 0
t 296 4
m0 1 13
m1 1 12
m2 1 14
1 8 0
2 6 2
3 8 0
t 295 5
m0 1 13
m1 1 11
m2 1 14
1 9 0
2 5 2
3 9 0
t 294 5
m0 1 14
m1 1 11
m2 1 13
1 8 0
2 4 2
3 8 0
t 293 5
m0 2 14
m1 1 11
m2 1 12
1 9 0
2 3 2
3 9 0
t 292 5
m0 1 14
m1 1 12
m2 0 12
1 8 0
2 2 2
3 8 0
t 291 5
m0 1 14
m1 2 12
m2 0 11
1 9 0
2 1 2
3 9 0
t 290 5
m0 1 13
m1 3 12
m2 0 10
1 8 0
2 0 2
3 8 0
t 289 7
m0 1 14
m1 3 13
m2 0 9
1 9 0
2 0 3
3 9 0
t 288 9
m0 1 14
m1 3 12
m2 1 9
1 8 0
2 0 4
3 8 0
t 287 10
m0 1 13
m1 3 13
m2 2 9
1 9 0
2 0 5
3 9 0
t 286 11
m0 1 13
m1 3 13
m2 2 9
1 8 0
2 0 6
3 8 0
t 285 11
m0 1 14
m1 3 12
m2 2 9
1 9 0
2 0 7
3 9 0
t 284 11
m0 0 14
m1 3 11
m2 2 10
1 8 0
2 0 8
3 8 0
t 283 13
m0 0 14
m1 3 12
m2 2 9
1 9 0
2 0 9
3 9 0
t 282 13
m0 1 14
m1 4 12
m2 2 9
1 8 0
2 0 10
3 8 0
t 281 13
m0 2 14
m1 4 12
m2 2 9
1 9 0
2 0 11
3 9 0
t 280 13
m0 2 14
m1 4 11
m2 2 9
1 8 0
2 0 12
3 8 0
t 279 14
m0 2 14
m1 4 10
m2 2 9
1 9 0
2 1 12
3 9 0
t 278 15
m0 2 13
m1 4 9
m2 2 9
1 8 0
2 0 12
3 8 0
t 277 15
m0 3 13
m1 4 8
m2 1 9
1 9 0
2 1 12
3 9 0
t 276 25
m0 3 12
m1 4 7
m2 2 9
1 8 0
2 0 12
3 8 0
t 275 26
m0 4 12
m1 5 7
m2 1 9
1 9 0
2 1 12
3 9 0
t 274 26
m0 5 12
m1 6 7
m2 2 9
1 8 0
2 0 12
3 8 0
t 273 26
m0 5 11
m1 6 6
m2 1 9
1 9 0
2 1 12
3 9 0
t 272 27
m0 6 11
m1 5 6
m2 2 9
1 8 0
2 0 12
3 8 0
f 2 10
t 271 27
m0 6 11
m1 5 7
m2 2 10
1 9 0
2 1 12
3 9 0
t 270 37
m0 7 11
m1 6 7
m2 3 10
1 8 0
2 0 12
3 8 0
t 269 39
m0 8 11
m1 6 6
m2 4 10
1 9 0
2 1 12
3 9 0
t 268 39
m0 9 11
m1 7 6
m2 5 10
1 8 0
2 0 12
3 8 0
t 267 41
m0 9 10
m1 7 5
m2 5 9
1 9 0
2 1 12
3 9 0
t 266 42
m0 9 9
m1 8 5
m2 6 9
1 8 0
2 0 12
3 8 0
t 265 44
m0 9 8
m1 9 5
m2 7 9
1 7 0
2 1 12
3 7 0
t 264 46
m0 9 7
m1 9 4
m2 7 8
1 8 0
2 0 12
3 8 0
t 263 47
m0 9 6
m1 8 4
m2 8 8
1 9 0
2 1 12
3 9 0
t 262 49
m0 9 5
m1 9 4
m2 9 8
1 8 0
2 0 12
3 8 0
t 261 49
m0 9 4
m1 8 4
m2 9 7
1 7 0
2 1 12
3 7 0
t 260 49
m0 8 4
m1 8 5
m2 9 8
1 8 0
2 0 12
3 8 0
f 6 7
t 259 49
m0 8 4
m1 8 5
m2 9 7
1 9 0
2 1 12
3 9 0
t 258 49
m0 8 5
m1 7 5
m2 9 7
1 8 0
2 0 12
3 8 0
t 257 49
m0 7 5
m1 7 6
m2 9 6
1 9 0
2 1 12
3 9 0
t 256 49
m0 7 6
m1 7 6
m2 9 7
1 8 0
2 0 12
3 8 0
t 255 49
m0 7 6
m1 6 6
m2 8 7
1 9 0
2 1 12
3 9 0
t 254 50
m0 6 6
m1 6 7
m2 8 7
1 8 0
2 0 12
3 8 0
t 253 60
m0 7 6
m1 6 6
m2 9 7
1 9 0
2 1 12
3 9 0
t 252 60
m0 7 5
m1 7 6
m2 9 6
1 8 0
2 0 12
3 8 0
t 251 60
m0 8 5
m1 7 5
m2 9 5
1 9 0
2 1 12
3 9 0
t 250 60
m0 9 5
m1 8 5
m2 9 4
1 8 0
2 0 12
3 8 0
t 249 60
m0 9 4
m1 9 5
m2 8 4
1 7 0
2 1 12
3 7 0
t 248 60
m0 8 4
m1 9 4
m2 9 4
1 8 0
2 0 12
3 8 0
t 247 60
m0 9 4
m1 8 4
m2 8 4
1 7 0
2 1 12
3 7 0
t 246 60
m0 8 4
m1 9 4
m2 9 4
1 8 0
2 0 12
3 8 0
t 245 60
m0 9 4
m1 8 4
m2 8 4
1 7 0
2 1 12
3 7 0
t 244 60
m0 9 5
m1 9 4
m2 8 4
1 8 0
2 0 12
3 8 0
f 4 14
t 243 60
m0 9 6
m1 8 4
m2 8 5
1 9 0
2 1 12
3 9 0
t 242 60
m0 9 7
m1 8 5
m2 7 5
1 8 0
2 0 12
3 8 0
t 241 60
m0 9 8
m1 7 5
m2 7 6
1 9 0
2 1 12
3 9 0
t 240 60
m0 9 9
m1 7 6
m2 6 6
1 8 0
2 0 12
3 8 0
t 239 60
m0 9 8
m1 7 6
m2 6 7
1 9 0
2 1 12
3 9 0
t 238 60
m0 9 9
m1 6 6
m2 5 7
1 8 0
2 0 12
3 8 0
t 237 60
m0 9 9
m1 6 7
m2 6 7
1 9 0
2 1 12
3 9 0
t 236 60
m0 9 9
m1 5 7
m2 6 7
1 8 0
2 0 12
3 8 0
t 235 60
m0 9 9
m1 4 7
m2 5 7
1 9 0
2 1 12
3 9 0
t 234 60
m0 9 10
m1 4 7
m2 6 7
1 8 0
2 0 12
3 8 0
t 233 60
m0 8 10
m1 5 7
m2 6 7
1 9 0
2 1 12
3 9 0
t 232 60
m0 8 11
m1 5 6
m2 5 7
1 8 0
2 0 12
3 8 0
t 231 60
m0 8 10
m1 6 6
m2 5 6
1 9 0
2 1 12
3 9 0
t 230 60
m0 8 10
m1 6 7
m2 5 7
1 8 0
2 0 12
3 8 0
t 229 60
m0 7 10
m1 6 7
m2 4 7
1 9 0
2 1 12
3 9 0
t 228 60
m0 7 9
m1 6 7
m2 5 7
1 8 0
2 0 12
3 8 0
t 227 60
m0 7 9
m1 5 7
m2 5 6
1 9 0
2 1 12
3 9 0
t 226 60
m0 6 9
m1 4 7
m2 5 6
1 8 0
2 0 12
3 8 0
t 225 60
m0 5 9
m1 4 8
m2 5 6
1 9 0
2 1 12
3 9 0
t 224 60
m0 5 10
m1 4 8
m2 5 7
1 8 0
2 0 12
3 8 0
t 223 60
m0 4 10
m1 4 7
m2 4 7
1 9 0
2 1 12
3 9 0
t 222 60
m0 4 11
m1 4 7
m2 5 7
1 8 0
2 0 12
3 8 0
t 221 60
m0 5 11
m1 5 7
m2 5 6
1 9 0
2 1 12
3 9 0
t 220 60
m0 5 12
m1 5 7
m2 5 7
1 8 0
2 0 12
3 8 0
t 219 60
m0 5 13
m1 4 7
m2 5 6
1 9 0
2 1 12
3 9 0
t 218 61
m0 5 14
m1 4 8
m2 5 7
1 8 0
2 0 12
3 8 0
t 217 62
m0 6 14
m1 4 8
m2 5 7
1 9 0
2 1 12
3 9 0
t 216 62
m0 7 14
m1 4 8
m2 5 6
1 8 0
2 0 12
3 8 0
t 215 63
m0 6 14
m1 3 8
m2 6 6
1 9 0
2 1 12
3 9 0
t 214 63
m0 5 14
m1 3 8
m2 5 6
1 8 0
2 0 12
3 8 0
t 213 63
m0 4 14
m1 4 8
m2 6 6
1 9 0
2 1 12
3 9 0
t 212 73
m0 5 14
m1 4 7
m2 7 6
1 8 0
2 0 12
3 8 0
t 211 73
m0 6 14
m1 5 7
m2 7 5
1 9 0
2 1 12
3 9 0
t 210 73
m0 7 14
m1 6 7
m2 8 5
1 8 0
2 0 12
3 8 0
t 209 73
m0 8 14
m1 6 6
m2 9 5
1 7 0
2 1 12
3 7 0
t 208 74
m0 9 14
m1 7 6
m2 9 4
1 8 0
2 0 12
3 8 0
t 207 75
m0 9 13
m1 7 5
m2 8 4
1 9 0
2 1 12
3 9 0
t 206 76
m0 8 13
m1 8 5
m2 9 4
1 8 0
2 0 12
3 8 0
t 205 77
m0 9 13
m1 9 5
m2 8 4
1 9 0
2 1 12
3 9 0
t 204 77
m0 8 13
m1 9 4
m2 9 4
1 8 0
2 0 12
3 8 0
t 203 77
m0 9 13
m1 8 4
m2 8 4
1 9 0
2 1 12
3 9 0
t 202 77
m0 8 13
m1 9 4
m2 9 4
1 8 0
2 0 12
3 8 0
t 201 77
m0 9 13
m1 8 4
m2 8 4
1 9 0
2 1 12
3 9 0
t 200 77
m0 9 14
m1 8 4
m2 8 4
1 8 0
2 0 12
3 8 0
f 8 5
t 199 77
m0 9 13
m1 8 5
m2 8 5
1 9 0
2 1 12
3 9 0
t 198 87
m0 8 13
m1 9 5
m2 9 5
1 8 0
2 0 12
3 8 0
t 197 87
m0 9 13
m1 9 4
m2 9 4
1 7 0
2 1 12
3 7 0
t 196 87
m0 8 13
m1 8 4
m2 8 4
1 8 0
2 0 12
3 8 0
t 195 87
m0 9 13
m1 9 4
m2 9 4
1 7 0
2 1 12
3 7 0
t 194 87
m0 8 13
m1 8 4
m2 8 4
1 8 0
2 0 12
3 8 0
t 193 87
m0 7 13
m1 8 5
m2 8 5
1 9 0
2 1 12
3 9 0
f 7 10
t 192 88
m0 7 12
m1 7 5
m2 8 5
1 8 0
2 0 12
3 8 0
t 191 89
m0 7 13
m1 7 6
m2 7 5
1 9 0
2 1 12
3 9 0
t 190 89
m0 7 14
m1 6 6
m2 7 5
1 8 0
2 0 12
3 8 0
t 189 89
m0 7 14
m1 6 7
m2 7 5
1 9 0
2 1 12
3 9 0
t 188 89
m0 7 13
m1 5 7
m2 7 6
1 8 0
2 0 12
3 8 0
t 187 89
m0 7 14
m1 6 7
m2 7 6
1 9 0
2 1 12
3 9 0
t 186 89
m0 8 14
m1 5 7
m2 7 5
1 8 0
2 0 12
3 8 0
t 185 89
m0 7 14
m1 4 7
m2 7 6
1 9 0
2 1 12
3 9 0
t 184 89
m0 8 14
m1 5 7
m2 7 6
1 8 0
2 0 12
3 8 0
t 183 89
m0 7 14
m1 6 7
m2 7 6
1 9 0
2 1 12
3 9 0
t 182 89
m0 8 14
m1 5 7
m2 7 5
1 8 0
2 0 12
3 8 0
t 181 89
m0 8 13
m1 6 7
m2 7 6
1 9 0
2 1 12
3 9 0
t 180 89
m0 8 12
m1 6 7
m2 6 6
1 8 0
2 0 12
3 8 0
t 179 90
m0 8 13
m1 6 7
m2 6 7
1 9 0
2 1 12
3 9 0
t 178 90
m0 9 13
m1 6 6
m2 6 7
1 8 0
2 0 12
3 8 0
t 177 90
m0 9 14
m1 7 6
m2 6 7
1 9 0
2 1 12
3 9 0
t 176 90
m0 8 14
m1 6 6
m2 6 6
1 8 0
2 0 12
3 8 0
t 175 90
m0 8 14
m1 6 7
m2 5 6
1 9 0
2 1 12
3 9 0
t 174 90
m0 8 13
m1 6 6
m2 5 7
1 8 0
2 0 12
3 8 0
t 173 90
m0 8 12
m1 6 7
m2 6 7
1 9 0
2 1 12
3 9 0
t 172 90
m0 8 12
m1 6 6
m2 6 7
1 8 0
2 0 12
3 8 0
t 171 90
m0 8 12
m1 6 7
m2 5 7
1 9 0
2 1 12
3 9 0
t 170 90
m0 8 12
m1 6 6
m2 5 6
1 8 0
2 0 12
3 8 0
t 169 90
m0 8 11
m1 7 6
m2 5 7
1 9 0
2 1 12
3 9 0
t 168 90
m0 7 11
m1 7 6
m2 6 7
1 8 0
2 0 12
3 8 0
t 167 90
m0 6 11
m1 6 6
m2 6 7
1 9 0
2 1 12
3 9 0
t 166 90
m0 6 11
m1 5 6
m2 5 7
1 8 0
2 0 12
3 8 0
t 165 90
m0 7 11
m1 5 7
m2 6 7
1 9 0
2 1 12
3 9 0
t 164 90
m0 7 12
m1 5 7
m2 6 7
1 8 0
2 0 12
3 8 0
t 163 90
m0 7 12
m1 6 7
m2 5 7
1 9 0
2 1 12
3 9 0
t 162 90
m0 7 11
m1 5 7
m2 5 7
1 8 0
2 0 12
3 8 0
t 161 90
m0 6 11
m1 5 7
m2 6 7
1 9 0
2 1 12
3 9 0
t 160 90
m0 6 11
m1 6 7
m2 6 7
1 8 0
2 0 12
3 8 0
t 159 90
m0 5 11
m1 5 7
m2 6 7
1 9 0
2 1 12
3 9 0
t 158 90
m0 6 11
m1 6 7
m2 6 6
1 8 0
2 0 12
3 8 0
t 157 90
m0 6 11
m1 6 7
m2 6 6
1 9 0
2 1 12
3 9 0
t 156 90
m0 7 11
m1 6 7
m2 6 7
1 8 0
2 0 12
3 8 0
t 155 90
m0 7 10
m1 6 7
m2 6 7
1 9 0
2 1 12
3 9 0
t 154 100
m0 8 10
m1 6 6
m2 6 6
1 8 0
2 0 12
3 8 0
t 153 100
m0 9 10
m1 7 6
m2 7 6
1 9 0
2 1 12
3 9 0
t 152 100
m0 9 9
m1 7 5
m2 7 5
1 8 0
2 0 12
3 8 0
t 151 100
m0 9 8
m1 8 5
m2 8 5
1 9 0
2 1 12
3 9 0
t 150 100
m0 8 8
m1 7 5
m2 7 5
1 8 0
2 0 12
3 8 0
f 1 0
t 149 100
m0 7 8
m1 7 6
m2 7 5
1 9 0
2 1 12
3 9 0
t 148 100
m0 8 8
m1 7 5
m2 7 5
1 8 0
2 0 12
3 8 0
t 147 100
m0 7 8
m1 7 6
m2 7 5
1 9 0
2 1 12
3 9 0
t 146 100
m0 7 9
m1 7 6
m2 8 5
1 8 0
2 0 12
3 8 0
t 145 100
m0 6 9
m1 7 6
m2 7 5
1 9 0
2 1 12
3 9 0
t 144 100
m0 5 9
m1 6 6
m2 7 5
1 8 0
2 0 12
3 8 0
t 143 100
m0 4 9
m1 5 6
m2 7 5
1 9 0
2 1 12
3 9 0
t 142 100
m0 4 8
m1 5 6
m2 7 5
1 8 0
2 0 12
3 8 0
t 141 100
m0 3 8
m1 5 5
m2 7 5
1 9 0
2 1 12
3 9 0
t 140 101
m0 3 8
m1 4 5
m2 7 5
1 8 0
2 0 12
3 8 0
t 139 102
m0 4 8
m1 4 5
m2 7 5
1 9 0
2 1 12
3 9 0
t 138 102
m0 4 7
m1 4 5
m2 7 5
1 8 0
2 0 12
3 8 0
t 137 102
m0 4 7
m1 3 5
m2 7 5
1 9 0
2 1 12
3 9 0
t 136 102
m0 4 8
m1 3 4
m2 7 6
1 8 0
2 0 12
3 8 0
t 135 102
m0 4 8
m1 3 4
m2 7 5
1 9 0
2 1 12
3 9 0
t 134 102
m0 4 7
m1 3 4
m2 7 5
1 8 0
2 0 12
3 8 0
t 133 102
m0 4 7
m1 3 3
m2 7 6
1 9 0
2 1 12
3 9 0
t 132 102
m0 5 7
m1 3 2
m2 7 6
1 8 0
2 0 12
3 8 0
t 131 103
m0 4 7
m1 3 2
m2 7 6
1 9 0
2 1 12
3 9 0
t 130 103
m0 4 7
m1 2 2
m2 7 6
1 8 0
2 0 12
3 8 0
t 129 103
m0 4 7
m1 2 1
m2 7 5
1 9 0
2 1 12
3 9 0
t 128 103
m0 4 7
m1 2 2
m2 7 6
1 8 0
2 0 12
3 8 0
t 127 103
m0 5 7
m1 2 2
m2 7 5
1 9 0
2 1 12
3 9 0
t 126 103
m0 4 7
m1 3 2
m2 8 5
1 8 0
2 0 12
3 8 0
t 125 103
m0 4 7
m1 3 2
m2 7 5
1 9 0
2 1 12
3 9 0
t 124 103
m0 4 7
m1 2 2
m2 7 5
1 8 0
2 0 12
3 8 0
t 123 103
m0 5 7
m1 2 1
m2 7 5
1 9 0
2 1 12
3 9 0
t 122 103
m0 5 7
m1 2 1
m2 7 5
1 8 0
2 0 12
3 8 0
t 121 103
m0 5 7
m1 2 1
m2 7 5
1 9 0
2 1 12
3 9 0
t 120 103
m0 6 7
m1 2 2
m2 8 5
1 8 0
2 0 12
3 8 0
t 119 103
m0 6 7
m1 2 1
m2 7 5
1 9 0
2 1 12
3 9 0
t 118 103
m0 6 6
m1 2 2
m2 7 5
1 8 0
2 0 12
3 8 0
t 117 103
m0 5 6
m1 1 2
m2 7 5
1 9 0
2 1 12
3 9 0
t 116 103
m0 5 5
m1 0 2
m2 7 5
1 8 0
2 0 12
3 8 0
t 115 103
m0 4 5
m1 0 2
m2 7 6
1 9 0
2 1 12
3 9 0
t 114 103
m0 5 5
m1 0 1
m2 7 5
1 8 0
2 0 12
3 8 0
t 113 103
m0 4 5
m1 0 1
m2 7 6
1 9 0
2 1 12
3 9 0
t 112 103
m0 4 5
m1 0 0
m2 7 6
1 8 0
2 0 12
3 8 0
t 111 103
m0 3 5
m1 1 0
m2 7 5
1 9 0
2 1 12
3 9 0
t 110 113
m0 4 5
m1 0 0
m2 8 5
1 8 0
2 0 12
3 8 0
t 109 113
m0 5 5
m1 1 0
m2 9 5
1 7 0
2 1 12
3 7 0
t 108 113
m0 4 5
m1 0 0
m2 9 4
1 8 0
2 0 12
3 8 0
t 107 113
m0 5 5
m1 1 0
m2 8 4
1 9 0
2 1 12
3 9 0
t 106 113
m0 4 5
m1 0 0
m2 9 4
1 8 0
2 0 12
3 8 0
t 105 113
m0 5 5
m1 1 0
m2 8 4
1 9 0
2 1 12
3 9 0
t 104 113
m0 4 5
m1 1 0
m2 8 3
1 8 0
2 0 12
3 8 0
f 8 2
t 103 113
m0 3 5
m1 0 0
m2 8 2
1 9 0
2 1 12
3 9 0
t 102 123
m0 4 5
m1 1 0
m2 8 1
1 8 0
2 0 12
3 8 0
t 101 123
m0 5 5
m1 0 0
m2 9 1
1 7 0
2 1 12
3 7 0
t 100 124
m0 4 5
m1 1 0
m2 9 0
1 7 1
2 0 12
3 7 1
t 99 124
m0 5 5
m1 0 0
m2 8 0
1 7 2
2 1 12
3 7 2
t 98 124
m0 4 5
m1 1 0
m2 9 0
1 6 2
2 0 12
3 6 2
t 97 124
m0 5 5
m1 0 0
m2 8 0
1 7 2
2 1 12
3 7 2
t 96 124
m0 4 5
m1 1 0
m2 9 0
1 6 2
2 0 12
3 6 2
t 95 124
m0 5 5
m1 0 0
m2 8 0
1 7 2
2 1 12
3 7 2
t 94 124
m0 4 5
m1 1 0
m2 9 0
1 6 2
2 0 12
3 6 2
t 93 124
m0 5 5
m1 0 0
m2 8 0
1 7 2
2 1 12
3 7 2
t 92 124
m0 4 5
m1 1 0
m2 9 0
1 6 2
2 0 12
3 6 2
t 91 124
m0 5 5
m1 0 0
m2 8 0
1 7 2
2 1 12
3 7 2
t 90 124
m0 4 5
m1 1 0
m2 9 0
1 6 2
2 0 12
3 6 2
t 89 124
m0 5 5
m1 0 0
m2 8 0
1 7 2
2 1 12
3 7 2
t 88 124
m0 4 5
m1 1 0
m2 9 0
1 6 2
2 0 12
3 6 2
t 87 124
m0 5 5
m1 0 0
m2 8 0
1 7 2
2 1 12
3 7 2
t 86 124
m0 4 5
m1 1 0
m2 9 0
1 6 2
2 0 12
3 6 2
t 85 124
m0 5 5
m1 0 0
m2 8 0
1 7 2
2 1 12
3 7 2
t 84 124
m0 4 5
m1 1 0
m2 9 0
1 6 2
2 0 12
3 6 2
t 83 124
m0 5 5
m1 0 0
m2 8 0
1 7 2
2 1 12
3 7 2
t 82 124
m0 4 5
m1 0 0
m2 7 0
1 8 2
2 0 12
3 8 2
f 7 10
t 81 124
m0 4 5
m1 0 1
m2 7 1
1 8 3
2 1 12
3 8 3
t 80 125
m0 5 5
m1 0 1
m2 7 2
1 8 4
2 0 12
3 8 4
t 79 126
m0 4 5
m1 0 2
m2 7 3
1 9 4
2 1 12
3 9 4
t 78 126
m0 4 5
m1 0 3
m2 7 3
1 9 5
2 0 12
3 9 5
t 77 127
m0 5 5
m1 1 3
m2 7 3
1 9 6
2 1 12
3 9 6
t 76 128
m0 5 5
m1 2 3
m2 7 3
1 9 7
2 0 12
3 9 7
t 75 128
m0 5 5
m1 1 3
m2 7 2
1 9 8
2 1 12
3 9 8
t 74 128
m0 5 5
m1 2 3
m2 7 1
1 9 9
2 0 12
3 9 9
t 73 128
m0 5 5
m1 2 2
m2 7 1
1 9 10
2 1 12
3 9 10
t 72 128
m0 4 5
m1 3 2
m2 7 1
1 9 11
2 0 12
3 9 11
t 71 128
m0 3 5
m1 3 3
m2 8 1
1 9 10
2 1 12
3 9 10
t 70 128
m0 4 5
m1 3 3
m2 9 1
1 9 11
2 0 12
3 9 11
t 69 128
m0 5 5
m1 4 3
m2 8 1
1 9 10
2 1 12
3 9 10
t 68 128
m0 4 5
m1 4 3
m2 7 1
1 9 11
2 0 12
3 9 11
t 67 128
m0 5 5
m1 3 3
m2 8 1
1 9 10
2 1 12
3 9 10
t 66 128
m0 4 5
m1 3 2
m2 8 2
1 9 11
2 0 12
3 9 11
t 65 128
m0 4 5
m1 3 3
m2 8 1
1 9 10
2 1 12
3 9 10
t 64 128
m0 5 5
m1 3 2
m2 7 1
1 9 11
2 0 12
3 9 11
t 63 128
m0 4 5
m1 3 3
m2 7 1
1 9 10
2 1 12
3 9 10
t 62 128
m0 3 5
m1 4 3
m2 7 0
1 9 11
2 0 12
3 9 11
t 61 128
m0 4 5
m1 4 3
m2 8 0
1 9 10
2 1 12
3 9 10
t 60 128
m0 5 5
m1 4 3
m2 8 1
1 9 11
2 0 12
3 9 11
t 59 128
m0 5 5
m1 4 3
m2 8 0
1 9 10
2 1 12
3 9 10
t 58 128
m0 5 5
m1 4 2
m2 8 0
1 9 11
2 0 12
3 9 11
t 57 128
m0 4 5
m1 4 3
m2 7 0
1 9 10
2 1 12
3 9 10
t 56 128
m0 5 5
m1 3 3
m2 7 1
1 9 11
2 0 12
3 9 11
t 55 128
m0 5 5
m1 3 3
m2 7 2
1 9 10
2 1 12
3 9 10
t 54 128
m0 5 5
m1 3 2
m2 8 2
1 9 11
2 0 12
3 9 11
t 53 128
m0 4 5
m1 4 2
m2 8 3
1 9 10
2 1 12
3 9 10
t 52 128
m0 5 5
m1 4 1
m2 7 3
1 9 11
2 0 12
3 9 11
t 51 129
m0 5 6
m1 4 1
m2 7 3
1 9 10
2 1 12
3 9 10
t 50 129
m0 5 7
m1 4 0
m2 7 2
1 9 11
2 0 12
3 9 11
t 49 129
m0 5 7
m1 4 1
m2 7 3
1 9 10
2 1 12
3 9 10
t 48 129
m0 5 6
m1 5 1
m2 7 3
1 9 11
2 0 12
3 9 11
t 47 130
m0 6 6
m1 5 1
m2 7 3
1 9 10
2 1 12
3 9 10
t 46 130
m0 7 6
m1 4 1
m2 7 3
1 9 11
2 0 12
3 9 11
t 45 130
m0 7 6
m1 4 2
m2 7 3
1 9 10
2 1 12
3 9 10
t 44 130
m0 7 6
m1 5 2
m2 7 3
1 9 11
2 0 12
3 9 11
t 43 131
m0 7 5
m1 6 2
m2 7 3
1 9 10
2 1 12
3 9 10
t 42 132
m0 7 6
m1 5 2
m2 7 2
1 9 11
2 0 12
3 9 11
t 41 132
m0 7 5
m1 6 2
m2 7 2
1 9 10
2 1 12
3 9 10
t 40 132
m0 7 6
m1 5 2
m2 7 3
1 9 11
2 0 12
3 9 11
t 39 132
m0 7 6
m1 5 2
m2 8 3
1 9 10
2 1 12
3 9 10
t 38 132
m0 6 6
m1 6 2
m2 7 3
1 9 11
2 0 12
3 9 11
t 37 132
m0 6 6
m1 6 2
m2 7 2
1 9 10
2 1 12
3 9 10
t 36 132
m0 6 7
m1 5 2
m2 7 3
1 9 11
2 0 12
3 9 11
t 35 132
m0 6 6
m1 4 2
m2 8 3
1 9 10
2 1 12
3 9 10
t 34 132
m0 5 6
m1 4 2
m2 7 3
1 9 11
2 0 12
3 9 11
t 33 132
m0 5 6
m1 5 2
m2 7 3
1 9 10
2 1 12
3 9 10
t 32 132
m0 6 6
m1 4 2
m2 8 3
1 9 11
2 0 12
3 9 11
t 31 132
m0 6 6
m1 4 3
m2 7 3
1 9 10
2 1 12
3 9 10
t 30 132
m0 7 6
m1 4 3
m2 7 2
1 9 11
2 0 12
3 9 11
t 29 132
m0 6 6
m1 4 3
m2 7 3
1 9 10
2 1 12
3 9 10
t 28 132
m0 7 6
m1 3 3
m2 7 3
1 9 11
2 0 12
3 9 11
t 27 132
m0 7 5
m1 4 3
m2 7 3
1 9 10
2 1 12
3 9 10
t 26 132
m0 7 6
m1 4 3
m2 7 3
1 9 11
2 0 12
3 9 11
t 25 132
m0 6 6
m1 4 3
m2 7 3
1 9 10
2 1 12
3 9 10
t 24 132
m0 6 7
m1 4 2
m2 7 3
1 9 11
2 0 12
3 9 11
t 23 132
m0 6 7
m1 4 2
m2 7 3
1 9 10
2 1 12
3 9 10
t 22 132
m0 6 7
m1 4 3
m2 7 2
1 9 11
2 0 12
3 9 11
t 21 132
m0 6 7
m1 3 3
m2 6 2
1 9 10
2 1 12
3 9 10
t 20 132
m0 6 7
m1 3 4
m2 5 2
1 9 11
2 0 12
3 9 11
t 19 132
m0 5 7
m1 3 4
m2 4 2
1 9 10
2 1 12
3 9 10
t 18 132
m0 5 6
m1 3 5
m2 5 2
1 9 11
2 0 12
3 9 11
t 17 132
m0 6 6
m1 3 6
m2 6 2
1 9 10
2 1 12
3 9 10
t 16 132
m0 5 6
m1 3 6
m2 5 2
1 9 11
2 0 12
3 9 11
t 15 132
m0 6 6
m1 3 6
m2 5 2
1 9 10
2 1 12
3 9 10
t 14 132
m0 6 6
m1 3 6
m2 6 2
1 9 11
2 0 12
3 9 11
t 13 132
m0 6 7
m1 3 6
m2 5 2
1 9 10
2 1 12
3 9 10
t 12 132
m0 6 7
m1 3 5
m2 5 2
1 9 11
2 0 12
3 9 11
t 11 132
m0 6 7
m1 4 5
m2 4 2
1 9 10
2 1 12
3 9 10
t 10 132
m0 6 7
m1 4 5
m2 4 2
1 9 11
2 0 12
3 9 11
t 9 132
m0 6 7
m1 4 5
m2 3 2
1 9 10
2 1 12
3 9 10
t 8 132
m0 6 6
m1 4 5
m2 3 3
1 9 11
2 0 12
3 9 11
t 7 132
m0 5 6
m1 5 5
m2 3 4
1 9 10
2 1 12
3 9 10
t 6 132
m0 6 6
m1 5 6
m2 3 3
1 9 11
2 0 12
3 9 11
t 5 132
m0 6 6
m1 6 6
m2 3 4
1 9 10
2 1 12
3 9 10
t 4 132
m0 5 6
m1 7 6
m2 3 5
1 9 11
2 0 12
3 9 11
t 3 132
m0 5 5
m1 7 6
m2 4 5
1 9 10
2 1 12
3 9 10
t 2 132
m0 5 5
m1 7 6
m2 5 5
1 9 11
2 0 12
3 9 11
t 1 132
m0 5 5
m1 6 6
m2 5 5
1 9 11
2 0 12
3 9 11
t 0 132
