Use the setting in the following lines to re-create this experiment

{'result_folder_name': 'formal_exp_2', 'plot_file_name': '2_plot', 'log_file_name': 'formal_exp_2_log', 'n_run': 30, 'n_eval': 2000, 'n_pacman': 1, 'n_ghost': 3, 'size_tuple': (10, 15), 'wall_density': 0.25, 'replay_file_name': '0_replay', 'time_multiplier': 2, 'pills_density': 0.5, 'fruit_spawn_probability': 0.05, 'pill_value': 1, 'fruit_score': 10, 'grow_terminal_prob': 0.5, 'over_selection_x': 0.2, 'pacman_max_tree_height': 2, 'pacman_parent_selection': 'os', 'pacman_stable_population': 5, 'pacman_offspring_population': 50, 'n_pacman_parent': 4, 'pacman_survival_selection': 'trunc', 'pacman_survival_k': 15, 'pacman_parsimony_pressure': 2, 'pacman_share_controller': True, 'ghost_max_tree_height': 2, 'ghost_parent_selection': 'os', 'ghost_stable_population': 5, 'ghost_offspring_population': 50, 'n_ghost_parent': 2, 'ghost_survival_selection': 'trunc', 'ghost_survival_k': 15, 'ghost_parsimony_pressure': 2, 'ghost_share_controller': True, 'convergence_n_eval': None, 'seed': '2018-12-03 20:27:20.295509'}

Result Log

Run 0
5	0.0	13
55	0.6285714285714286	18
105	0.3151020408163265	17
155	0.3559183673469387	15
205	1.3110204081632653	18
255	0.4016326530612244	24
305	1.263673469387755	22
355	0.20571428571428568	36
405	1.3861224489795918	18
455	0.9746938775510202	15
505	0.7787755102040816	17
555	1.4073469387755104	19
605	0.34285714285714286	19
655	1.1363265306122445	24
705	1.0432653061224488	27
755	0.8261224489795918	19
805	1.0497959183673466	15
855	0.2938775510204082	20
905	0.790204081632653	21
955	0.9877551020408163	19
1005	0.4702040816326531	23
1055	0.8571428571428571	13
1105	0.40489795918367344	18
1155	1.1151020408163261	19
1205	0.9975510204081631	24
1255	0.28897959183673466	19
1305	0.8391836734693878	24
1355	0.8783673469387753	36
1405	0.4848979591836734	31
1455	1.237551020408163	21
1505	0.9861224489795919	25
1555	1.1853061224489796	24
1605	1.071020408163265	16
1655	0.9208163265306123	24
1705	0.8457142857142855	15
1755	1.1967346938775512	21
1805	1.0334693877551018	19
1855	1.263673469387755	20
1905	0.6808163265306121	20
1955	0.32326530612244897	17
2005	1.32734693877551	22

Run 1
5	1.1755102040816325	7
55	1.7355102040816326	14
105	1.1902040816326531	12
155	1.5281632653061223	12
205	0.9697959183673467	12
255	0.2644897959183673	10
305	0.1910204081632653	5
355	0.984489795918367	11
405	0.13224489795918365	2
455	0.8669387755102043	11
505	1.6310204081632655	16
555	1.0726530612244898	15
605	0.2644897959183673	10
655	1.0432653061224488	15
705	0.4261224489795918	10
755	1.6016326530612246	13
805	0.9991836734693876	14
855	0.2644897959183673	5
905	0.13224489795918365	3
955	1.2930612244897959	14
1005	0.2204081632653061	5
1055	1.013877551020408	16
1105	0.9257142857142856	9
1155	1.4840816326530615	17
1205	1.3665306122448977	13
1255	1.1461224489795918	10
1305	0.7053061224489795	12
1355	0.14693877551020407	2
1405	1.043265306122449	12
1455	0.2497959183673469	10
1505	0.2791836734693877	10
1555	1.5428571428571434	11
1605	1.2048979591836735	12
1655	0.29387755102040813	12
1705	1.1608163265306124	13
1755	0.05877551020408163	1
1805	1.2342857142857144	13
1855	1.1902040816326531	14
1905	0.3820408163265306	13
1955	0.8522448979591837	8
2005	1.0285714285714282	13

Run 2
5	0.016326530612244896	30
55	0.48816326530612236	19
105	0.25632653061224486	20
155	0.316734693877551	33
205	0.1861224489795918	38
255	0.44408163265306116	30
305	0.18285714285714286	29
355	0.25469387755102035	23
405	0.380408163265306	14
455	0.163265306122449	22
505	0.2595918367346939	27
555	0.2138775510204081	29
605	0.08979591836734693	11
655	0.23346938775510204	12
705	0.313469387755102	23
755	0.4571428571428571	20
805	0.27265306122448973	26
855	0.11591836734693878	28
905	0.08326530612244896	35
955	0.05714285714285714	19
1005	0.233469387755102	27
1055	0.226938775510204	28
1105	0.2612244897959184	28
1155	0.1893877551020408	29
1205	0.08163265306122447	13
1255	0.6318367346938775	54
1305	0.4473469387755102	28
1355	0.4408163265306122	10
1405	0.1273469387755102	18
1455	0.3689795918367346	10
1505	0.13714285714285712	21
1555	0.4457142857142856	12
1605	0.12571428571428572	23
1655	0.5322448979591836	10
1705	0.393469387755102	51
1755	0.5322448979591836	31
1805	0.3346938775510203	23
1855	0.47346938775510194	22
1905	0.17959183673469384	25
1955	0.08653061224489794	21
2005	0.553469387755102	17

Run 3
5	0.26122448979591834	65
55	1.0775510204081629	68
105	0.5599999999999999	75
155	0.3820408163265306	39
205	0.7608163265306122	86
255	0.35428571428571426	33
305	0.6595918367346937	67
355	0.3575510204081633	82
405	0.5387755102040817	62
455	0.35918367346938773	65
505	0.5110204081632653	70
555	0.09306122448979591	71
605	0.2481632653061224	87
655	0.5012244897959183	79
705	0.7085714285714285	60
755	0.07346938775510203	75
805	0.5714285714285714	74
855	0.3951020408163265	45
905	0.7314285714285714	92
955	0.29061224489795917	76
1005	0.12244897959183673	64
1055	0.6122448979591836	112
1105	0.39836734693877546	55
1155	0.6955102040816326	62
1205	0.5861224489795918	51
1255	0.4848979591836735	84
1305	0.2220408163265306	51
1355	0.39836734693877546	65
1405	0.30693877551020404	67
1455	0.2661224489795918	79
1505	0.44244897959183677	72
1555	0.5077551020408163	50
1605	0.6530612244897958	66
1655	0.31999999999999995	45
1705	0.17142857142857143	54
1755	0.3624489795918367	60
1805	1.3044897959183672	73
1855	0.30040816326530606	55
1905	0.3248979591836735	71
1955	0.4359183673469388	84
2005	0.550204081632653	49

Run 4
5	0.16326530612244897	10
55	0.4897959183673469	38
105	0.3918367346938774	16
155	0.7281632653061224	16
205	0.6661224489795918	16
255	0.5648979591836734	19
305	0.4783673469387755	20
355	0.1681632653061224	11
405	0.28734693877551015	14
455	0.6563265306122448	14
505	0.9289795918367347	16
555	0.34612244897959177	12
605	0.649795918367347	17
655	0.7085714285714285	12
705	0.3461224489795919	17
755	0.5322448979591836	16
805	0.5599999999999999	15
855	0.5175510204081634	22
905	0.25306122448979596	13
955	0.28734693877551015	20
1005	0.6791836734693878	14
1055	0.2938775510204082	11
1105	0.4342857142857142	27
1155	0.9044897959183674	15
1205	0.4963265306122448	13
1255	0.6399999999999999	21
1305	0.550204081632653	11
1355	0.5306122448979591	20
1405	0.5028571428571427	14
1455	0.5028571428571429	18
1505	0.5665306122448979	16
1555	0.3673469387755101	17
1605	0.5093877551020408	18
1655	0.790204081632653	16
1705	0.5975510204081632	11
1755	0.5616326530612245	22
1805	0.46367346938775506	13
1855	0.3689795918367346	16
1905	0.34122448979591835	8
1955	0.6840816326530611	15
2005	0.6661224489795916	17

Run 5
5	1.7632653061224488	39
55	0.8685714285714283	62
105	0.3755102040816326	88
155	0.021224489795918365	81
205	0.18122448979591838	60
255	0.17142857142857143	83
305	0.16163265306122448	63
355	0.22530612244897952	40
405	0.3346938775510203	56
455	0.1746938775510204	65
505	0.09142857142857143	81
555	0.09795918367346937	88
605	0.14367346938775508	72
655	0.32816326530612244	50
705	0.014693877551020407	58
755	0.11591836734693878	58
805	0.16979591836734695	93
855	0.04081632653061225	65
905	0.05061224489795919	50
955	0.057142857142857134	65
1005	0.43591836734693873	55
1055	0.11102040816326529	71
1105	0.32816326530612244	64
1155	0.3722448979591836	79
1205	0.2253061224489796	51
1255	0.5289795918367346	82
1305	0.2987755102040816	87
1355	0.04244897959183673	56
1405	0.42612244897959184	49
1455	0.22693877551020405	51
1505	0.1893877551020408	49
1555	0.10775510204081633	48
1605	0.2612244897959184	40
1655	0.16163265306122448	66
1705	0.12408163265306121	70
1755	0.15999999999999998	53
1805	0.12897959183673469	62
1855	0.0653061224489796	49
1905	0.08326530612244898	52
1955	0.20571428571428568	74
2005	0.016326530612244896	93

Run 6
5	0.31020408163265306	33
55	1.110204081632653	92
105	0.15183673469387754	41
155	0.06530612244897958	52
205	0.623673469387755	37
255	0.35918367346938773	30
305	0.2008163265306122	35
355	0.10612244897959183	41
405	0.1306122448979592	39
455	0.27265306122448973	18
505	0.31510204081632653	48
555	0.4653061224489795	36
605	0.2710204081632653	35
655	0.7706122448979592	43
705	0.23673469387755097	13
755	0.24326530612244895	31
805	0.21714285714285717	57
855	0.4816326530612244	28
905	0.08163265306122447	47
955	0.6138775510204082	23
1005	0.30693877551020404	34
1055	0.27591836734693875	40
1105	0.04408163265306122	39
1155	0.29551020408163264	47
1205	0.0963265306122449	45
1255	0.17632653061224488	38
1305	0.3297959183673469	50
1355	0.13877551020408163	32
1405	0.43918367346938775	35
1455	0.3053061224489796	46
1505	0.20571428571428568	54
1555	0.3444897959183673	51
1605	0.17632653061224488	45
1655	0.15346938775510202	38
1705	0.46367346938775506	21
1755	0.303673469387755	47
1805	0.40653061224489795	33
1855	0.19918367346938773	31
1905	0.2971428571428571	36
1955	0.23673469387755103	33
2005	0.5877551020408164	34

Run 7
5	0.0	26
55	0.4816326530612245	26
105	0.9012244897959181	31
155	0.44244897959183666	56
205	1.04	37
255	0.06530612244897958	33
305	0.3755102040816326	25
355	0.3281632653061224	27
405	0.2791836734693877	54
455	0.16979591836734695	15
505	0.42938775510204075	10
555	0.27265306122448973	15
605	0.7330612244897958	25
655	0.22204081632653058	27
705	0.56	37
755	0.1844897959183673	27
805	0.2955102040816326	23
855	0.41795918367346935	14
905	0.7657142857142856	31
955	0.40326530612244893	33
1005	0.4261224489795918	17
1055	0.28734693877551015	15
1105	0.5191836734693878	29
1155	0.3510204081632653	76
1205	0.6448979591836735	42
1255	0.8424489795918367	28
1305	0.8685714285714283	31
1355	0.21061224489795918	39
1405	0.7657142857142856	12
1455	0.963265306122449	59
1505	0.716734693877551	43
1555	0.5306122448979592	33
1605	0.8685714285714284	37
1655	0.2497959183673469	26
1705	0.37387755102040815	27
1755	0.8587755102040815	32
1805	0.924081632653061	34
1855	0.41795918367346935	21
1905	0.9616326530612244	27
1955	0.4995918367346939	38
2005	0.6416326530612244	26

Run 8
5	0.03265306122448979	26
55	0.3248979591836734	30
105	0.4163265306122449	41
155	0.31020408163265306	35
205	0.25142857142857145	31
255	0.12408163265306121	36
305	0.27591836734693875	35
355	0.2808163265306122	37
405	0.96	42
455	0.7542857142857141	45
505	0.15346938775510202	10
555	0.13061224489795917	39
605	0.7493877551020408	36
655	0.3363265306122449	16
705	0.5142857142857142	45
755	0.7330612244897958	60
805	0.05061224489795918	8
855	0.18938775510204084	32
905	0.008163265306122448	8
955	0.5387755102040815	23
1005	0.6351020408163265	32
1055	0.02122448979591837	34
1105	0.546938775510204	17
1155	0.11755102040816326	12
1205	0.2906122448979591	35
1255	0.3297959183673469	28
1305	0.43755102040816324	48
1355	0.7755102040816326	32
1405	0.5044897959183673	36
1455	0.35918367346938773	40
1505	0.34612244897959177	37
1555	0.790204081632653	31
1605	0.13714285714285712	17
1655	0.5877551020408162	17
1705	0.40489795918367344	41
1755	0.5110204081632652	40
1805	0.7183673469387756	48
1855	0.26122448979591834	46
1905	0.35102040816326524	15
1955	0.6873469387755101	39
2005	0.27265306122448973	45

Run 9
5	2.204081632653061	11
55	2.811428571428571	24
105	0.031020408163265303	10
155	0.22367346938775512	42
205	0.4604081632653061	22
255	0.0326530612244898	10
305	0.33959183673469384	14
355	0.4653061224489796	14
405	0.3314285714285714	44
455	0.045714285714285714	38
505	0.2971428571428571	20
555	0.12408163265306121	10
605	0.28734693877551015	34
655	0.2710204081632653	20
705	0.42775510204081635	11
755	0.037551020408163265	23
805	0.7085714285714285	38
855	0.1877551020408163	16
905	0.7755102040816325	19
955	0.12897959183673469	7
1005	0.1910204081632653	19
1055	0.3444897959183673	19
1105	0.26285714285714284	20
1155	0.5142857142857142	12
1205	0.45224489795918366	12
1255	0.029387755102040815	10
1305	0.310204081632653	13
1355	0.5730612244897959	15
1405	0.5387755102040817	23
1455	0.2791836734693877	33
1505	0.5616326530612245	23
1555	0.12408163265306121	17
1605	0.33795918367346933	13
1655	0.3608163265306123	40
1705	0.9616326530612246	23
1755	0.2155102040816326	23
1805	0.4261224489795918	19
1855	0.27265306122448973	10
1905	0.19265306122448977	11
1955	0.0930612244897959	39
2005	0.5632653061224488	29

Run 10
5	0.5877551020408163	41
55	0.5061224489795917	48
105	0.6889795918367346	28
155	0.9469387755102039	18
205	0.5697959183673469	64
255	1.2114285714285713	49
305	0.5371428571428569	70
355	1.3551020408163266	107
405	0.7199999999999999	34
455	1.2293877551020407	25
505	0.38367346938775504	19
555	0.6955102040816326	33
605	0.48816326530612253	53
655	0.7918367346938776	36
705	0.4538775510204081	17
755	0.8310204081632651	77
805	1.0351020408163265	85
855	0.48489795918367334	52
905	0.5093877551020407	48
955	0.9518367346938775	46
1005	0.43918367346938764	52
1055	0.6857142857142857	31
1105	1.1559183673469386	61
1155	0.9093877551020405	52
1205	0.6791836734693877	54
1255	1.0677551020408163	53
1305	0.9436734693877551	70
1355	0.7036734693877551	82
1405	1.010612244897959	52
1455	0.42938775510204075	10
1505	0.8195918367346938	51
1555	0.6628571428571428	48
1605	0.7085714285714283	51
1655	1.0334693877551018	23
1705	1.12	51
1755	0.9257142857142857	107
1805	0.42612244897959184	51
1855	0.8522448979591836	13
1905	0.8342857142857142	57
1955	0.5746938775510204	47
2005	0.6840816326530611	47

Run 11
5	1.0122448979591836	27
55	2.488163265306122	30
105	0.2808163265306122	36
155	0.4506122448979591	38
205	0.24653061224489797	30
255	0.19265306122448977	30
305	0.18612244897959182	42
355	0.23510204081632646	35
405	0.5175510204081633	47
455	0.4065306122448979	26
505	0.5208163265306122	28
555	0.5142857142857142	45
605	0.23510204081632652	26
655	0.20897959183673467	30
705	0.1975510204081633	27
755	0.45877551020408164	31
805	0.17632653061224488	31
855	0.20408163265306123	19
905	0.48326530612244895	31
955	0.1926530612244898	42
1005	0.3706122448979592	36
1055	0.6791836734693877	21
1105	0.5518367346938775	30
1155	0.3624489795918367	35
1205	0.3493877551020408	41
1255	0.3330612244897959	20
1305	0.32326530612244897	34
1355	0.43591836734693873	40
1405	0.5159183673469387	41
1455	0.26285714285714284	49
1505	0.4979591836734693	30
1555	0.4359183673469388	31
1605	0.27265306122448973	29
1655	0.4065306122448979	38
1705	0.2595918367346938	35
1755	0.38857142857142857	23
1805	0.4457142857142857	35
1855	0.4995918367346938	33
1905	0.19755102040816325	27
1955	0.35265306122448975	41
2005	0.41795918367346935	31

Run 12
5	0.0	19
55	0.4342857142857142	31
105	0.12408163265306121	39
155	0.3004081632653061	32
205	0.19591836734693874	34
255	0.4212244897959183	88
305	0.15020408163265303	90
355	0.25632653061224486	38
405	0.4277551020408163	50
455	0.09142857142857143	30
505	0.3559183673469387	35
555	0.16	30
605	0.4848979591836735	49
655	0.33306122448979586	51
705	0.8163265306122449	50
755	0.20081632653061224	23
805	0.4604081632653061	26
855	0.17142857142857143	34
905	0.4914285714285714	40
955	0.21061224489795916	53
1005	0.5763265306122448	38
1055	0.46040816326530604	106
1105	0.2497959183673469	32
1155	0.34122448979591835	25
1205	0.37061224489795913	27
1255	0.0783673469387755	27
1305	0.07673469387755101	28
1355	0.2595918367346939	36
1405	0.5044897959183673	91
1455	0.4995918367346938	35
1505	0.19755102040816325	65
1555	0.4065306122448979	34
1605	0.4669387755102041	38
1655	0.37061224489795913	29
1705	0.09959183673469386	31
1755	0.3493877551020408	24
1805	0.2546938775510204	49
1855	0.27428571428571424	41
1905	0.6432653061224489	41
1955	0.2791836734693877	82
2005	0.27265306122448973	35

Run 13
5	0.32653061224489793	28
55	1.0318367346938775	26
105	0.7706122448979591	54
155	0.8032653061224491	18
205	0.6840816326530611	37
255	1.0155102040816326	52
305	0.5991836734693877	9
355	0.4163265306122448	39
405	1.320816326530612	47
455	0.2204081632653061	41
505	0.40979591836734675	52
555	0.7346938775510203	12
605	0.4685714285714285	48
655	0.3591836734693877	41
705	0.4375510204081632	12
755	0.5616326530612245	10
805	0.5599999999999999	38
855	0.5224489795918367	47
905	0.5795918367346937	50
955	0.5061224489795918	39
1005	0.5844897959183672	12
1055	0.30693877551020404	11
1105	0.5061224489795919	57
1155	0.4702040816326531	62
1205	0.5730612244897959	15
1255	0.6008163265306122	47
1305	0.30693877551020404	56
1355	0.7640816326530612	37
1405	0.6612244897959184	41
1455	0.4995918367346938	59
1505	0.88	49
1555	0.4408163265306122	67
1605	0.7477551020408164	53
1655	0.6318367346938775	44
1705	0.5289795918367346	49
1755	0.43591836734693873	28
1805	0.4751020408163265	51
1855	0.6024489795918366	45
1905	0.8522448979591835	50
1955	0.4587755102040816	44
2005	0.5877551020408164	10

Run 14
5	0.9469387755102041	10
55	2.5485714285714285	50
105	1.5134693877551018	51
155	0.8751020408163264	26
205	0.34285714285714275	40
255	1.0285714285714287	22
305	1.7028571428571428	29
355	1.0579591836734692	20
405	0.866938775510204	14
455	0.7346938775510204	11
505	0.7151020408163266	12
555	2.063673469387755	25
605	0.12244897959183673	21
655	1.1461224489795918	21
705	1.3044897959183674	17
755	1.4138775510204082	13
805	1.6506122448979588	44
855	1.1755102040816328	28
905	0.8751020408163265	29
955	1.4824489795918365	23
1005	1.0693877551020408	34
1055	0.9485714285714285	29
1105	0.7053061224489795	10
1155	1.131428571428571	27
1205	0.5730612244897959	15
1255	0.950204081632653	24
1305	1.564081632653061	43
1355	1.2783673469387753	18
1405	1.511836734693877	22
1455	2.3951020408163264	29
1505	1.3175510204081633	14
1555	0.8081632653061225	28
1605	1.410612244897959	18
1655	1.4236734693877549	27
1705	0.9714285714285712	16
1755	1.6751020408163269	22
1805	0.3820408163265306	11
1855	1.3583673469387754	24
1905	0.23999999999999996	11
1955	0.6514285714285714	21
2005	1.5379591836734692	23

Run 15
5	1.077551020408163	30
55	1.6816326530612242	45
105	0.2742857142857143	33
155	0.37224489795918364	24
205	0.40489795918367333	61
255	0.5159183673469389	40
305	0.1453061224489796	26
355	0.390204081632653	66
405	0.29387755102040813	16
455	0.4816326530612244	49
505	0.5681632653061224	14
555	0.3820408163265306	33
605	0.29387755102040813	30
655	0.2008163265306122	34
705	0.31020408163265306	54
755	0.457142857142857	56
805	0.5632653061224488	35
855	0.1436734693877551	23
905	0.20571428571428568	23
955	0.3330612244897959	18
1005	0.5730612244897959	35
1055	0.2938775510204082	31
1105	0.35918367346938773	26
1155	0.21224489795918364	31
1205	0.32163265306122446	22
1255	0.5616326530612245	34
1305	0.5861224489795919	42
1355	0.2595918367346939	35
1405	0.5746938775510204	16
1455	0.17142857142857143	49
1505	0.4604081632653061	14
1555	0.19918367346938773	47
1605	0.20408163265306123	29
1655	0.4310204081632653	57
1705	0.5975510204081632	22
1755	0.23020408163265302	26
1805	0.35265306122448975	25
1855	0.9844897959183672	37
1905	0.5926530612244898	21
1955	0.2171428571428571	65
2005	0.2775510204081632	32

Run 16
5	2.204081632653061	15
55	1.314285714285714	13
105	0.22040816326530613	38
155	0.693877551020408	39
205	0.2938775510204082	6
255	0.1991836734693877	9
305	0.47183673469387755	44
355	0.2008163265306122	20
405	0.4865306122448978	26
455	0.3183673469387755	22
505	0.17959183673469387	13
555	0.13551020408163267	18
605	0.3151020408163265	34
655	0.3983673469387754	56
705	0.21224489795918366	52
755	0.2628571428571428	10
805	0.8097959183673469	13
855	0.17795918367346938	22
905	0.5910204081632651	26
955	0.29877551020408155	21
1005	0.15346938775510205	21
1055	0.43918367346938775	26
1105	0.26775510204081626	33
1155	0.396734693877551	14
1205	0.24816326530612237	6
1255	0.31020408163265306	11
1305	0.5240816326530611	11
1355	0.19591836734693868	9
1405	0.4424489795918366	20
1455	0.42122448979591826	16
1505	0.5289795918367346	16
1555	0.20408163265306123	23
1605	0.2432653061224489	12
1655	0.5991836734693875	15
1705	0.45387755102040805	14
1755	0.4555102040816326	16
1805	0.3151020408163265	41
1855	0.5208163265306122	11
1905	0.2481632653061224	23
1955	0.43102040816326515	31
2005	0.4408163265306122	45

Run 17
5	1.0285714285714285	15
55	1.0938775510204084	36
105	0.18775510204081633	38
155	0.24163265306122447	28
205	0.3493877551020408	100
255	0.05061224489795918	34
305	0.30204081632653057	38
355	0.33306122448979586	37
405	0.20571428571428568	32
455	0.43755102040816324	24
505	0.6808163265306121	19
555	0.3183673469387755	28
605	0.12081632653061224	24
655	0.5273469387755102	27
705	0.13714285714285712	32
755	0.17142857142857137	32
805	0.23346938775510204	35
855	0.16979591836734692	26
905	0.3640816326530612	22
955	0.12081632653061224	19
1005	0.5942857142857142	50
1055	0.3640816326530612	42
1105	0.4114285714285715	20
1155	0.5322448979591836	43
1205	0.37224489795918364	26
1255	0.21061224489795918	40
1305	0.550204081632653	35
1355	0.17959183673469387	55
1405	0.4097959183673469	20
1455	0.41306122448979593	27
1505	0.27591836734693875	40
1555	0.60734693877551	25
1605	0.29061224489795917	34
1655	0.10938775510204081	30
1705	0.4130612244897959	19
1755	0.18122448979591838	41
1805	0.44897959183673464	22
1855	0.1942857142857143	19
1905	0.23510204081632652	23
1955	0.06204081632653061	36
2005	0.26122448979591834	50

Run 18
5	0.08163265306122448	28
55	0.2873469387755102	57
105	0.396734693877551	37
155	0.34285714285714286	38
205	0.40979591836734686	37
255	0.18285714285714286	19
305	0.5306122448979592	42
355	0.5061224489795917	64
405	0.3248979591836734	26
455	0.8604081632653059	64
505	0.19265306122448977	37
555	0.4506122448979592	59
605	0.5355102040816326	42
655	0.6693877551020408	27
705	0.19428571428571428	46
755	0.20571428571428568	41
805	0.5959183673469388	34
855	0.8718367346938775	41
905	0.4081632653061223	39
955	0.7526530612244897	61
1005	0.3559183673469387	35
1055	0.5240816326530612	52
1105	0.7134693877551019	33
1155	0.8587755102040814	47
1205	0.5779591836734694	51
1255	0.3020408163265305	54
1305	0.5126530612244897	38
1355	0.11428571428571427	46
1405	0.39020408163265297	50
1455	0.22857142857142854	45
1505	0.9044897959183674	30
1555	0.7673469387755102	51
1605	0.7657142857142857	46
1655	0.34285714285714286	29
1705	0.6253061224489794	45
1755	0.42612244897959184	53
1805	0.40489795918367344	19
1855	0.7477551020408163	41
1905	0.6775510204081633	54
1955	0.3787755102040816	42
2005	0.34612244897959177	46

Run 19
5	0.5387755102040817	22
55	1.177142857142857	43
105	0.10612244897959183	61
155	0.303673469387755	51
205	0.17306122448979588	64
255	0.483265306122449	49
305	0.0489795918367347	60
355	0.17142857142857146	41
405	0.4	50
455	0.19591836734693874	41
505	0.16326530612244894	56
555	0.4914285714285714	48
605	0.2187755102040816	50
655	0.20897959183673467	55
705	0.7069387755102041	50
755	0.2546938775510204	63
805	0.2693877551020408	44
855	0.0636734693877551	41
905	0.20244897959183672	41
955	0.04244897959183673	52
1005	0.019591836734693877	53
1055	0.2987755102040816	42
1105	0.06693877551020408	51
1155	0.6220408163265305	53
1205	0.49795918367346936	60
1255	0.5893877551020408	55
1305	0.08816326530612244	52
1355	0.48326530612244895	48
1405	0.1224489795918367	52
1455	0.3020408163265306	45
1505	0.11428571428571428	46
1555	0.04081632653061225	59
1605	0.05224489795918367	72
1655	0.36897959183673473	59
1705	0.4146938775510204	50
1755	0.37224489795918364	61
1805	0.20734693877551016	63
1855	0.7053061224489795	44
1905	0.23020408163265302	53
1955	0.10285714285714287	45
2005	0.43265306122448977	63

Run 20
5	1.4693877551020407	42
55	1.6179591836734692	54
105	0.37877551020408157	33
155	0.1387755102040816	34
205	0.30040816326530606	59
255	0.11591836734693876	41
305	0.12081632653061224	58
355	0.21551020408163268	13
405	0.15346938775510202	39
455	0.18938775510204078	47
505	0.18285714285714286	31
555	0.5730612244897959	55
605	0.27591836734693875	41
655	0.1959183673469388	57
705	0.18612244897959182	51
755	0.0783673469387755	23
805	0.09795918367346937	43
855	0.031020408163265303	29
905	0.27755102040816326	36
955	0.08816326530612244	22
1005	0.18938775510204078	43
1055	0.25632653061224486	53
1105	0.4457142857142857	26
1155	0.08816326530612244	57
1205	0.20408163265306123	32
1255	0.21224489795918366	23
1305	0.2155102040816326	60
1355	0.26122448979591834	64
1405	0.11102040816326529	43
1455	0.29061224489795917	65
1505	0.22857142857142854	36
1555	0.2987755102040816	63
1605	0.3265306122448979	33
1655	0.24489795918367346	46
1705	0.2644897959183673	65
1755	0.014693877551020407	46
1805	0.32163265306122446	17
1855	0.06693877551020408	36
1905	0.15346938775510205	36
1955	0.25142857142857145	34
2005	0.16979591836734692	48

Run 21
5	0.14693877551020407	1
55	1.4024489795918365	14
105	0.156734693877551	14
155	0.23346938775510204	12
205	0.6889795918367347	42
255	0.40489795918367344	26
305	0.4	26
355	0.21551020408163266	22
405	0.13714285714285712	20
455	0.5648979591836735	29
505	0.17632653061224488	23
555	0.3559183673469387	15
605	0.40816326530612246	13
655	0.40489795918367344	35
705	0.10122448979591837	31
755	0.6155102040816325	18
805	0.31510204081632653	10
855	0.316734693877551	13
905	0.4816326530612245	18
955	0.9893877551020408	43
1005	0.08489795918367346	17
1055	0.3053061224489796	24
1105	0.5714285714285714	50
1155	1.1232653061224487	51
1205	0.3265306122448979	15
1255	0.5338775510204081	23
1305	0.3444897959183673	13
1355	0.40816326530612246	13
1405	0.49795918367346936	40
1455	0.22693877551020405	11
1505	0.4914285714285714	11
1555	0.045714285714285714	12
1605	0.13387755102040816	11
1655	0.5306122448979591	14
1705	0.313469387755102	35
1755	0.24163265306122447	8
1805	0.42122448979591837	35
1855	0.5355102040816326	42
1905	0.1877551020408163	12
1955	0.35265306122448975	17
2005	0.2922448979591837	28

Run 22
5	1.0448979591836733	28
55	0.7673469387755102	99
105	0.36571428571428577	37
155	0.9077551020408162	25
205	0.16326530612244894	52
255	0.47183673469387755	25
305	0.5714285714285714	51
355	0.5453061224489796	39
405	0.2514285714285714	38
455	0.1551020408163265	47
505	0.5795918367346937	44
555	0.42775510204081635	35
605	0.6302040816326531	34
655	0.38530612244897955	50
705	0.15020408163265306	26
755	0.5061224489795917	44
805	0.2677551020408163	35
855	0.23020408163265305	39
905	0.6677551020408162	57
955	0.6008163265306122	32
1005	0.4032653061224489	34
1055	0.24653061224489792	38
1105	0.31673469387755104	41
1155	0.6661224489795918	34
1205	0.1877551020408163	41
1255	0.6089795918367347	24
1305	0.23183673469387753	57
1355	0.45551020408163256	17
1405	0.4195918367346938	22
1455	0.4163265306122448	66
1505	0.5828571428571429	38
1555	0.0979591836734694	38
1605	0.5453061224489795	43
1655	0.7444897959183673	26
1705	0.6987755102040816	25
1755	0.24326530612244895	33
1805	0.5697959183673469	54
1855	0.46367346938775506	79
1905	0.6040816326530613	33
1955	0.3493877551020408	36
2005	0.36408163265306115	39

Run 23
5	1.9102040816326529	10
55	1.5526530612244898	18
105	0.38693877551020406	21
155	0.31999999999999995	13
205	0.6285714285714286	16
255	0.16816326530612244	10
305	0.42448979591836733	12
355	0.4963265306122448	36
405	0.7493877551020407	11
455	0.10285714285714284	11
505	0.4310204081632653	12
555	0.393469387755102	12
605	0.24816326530612243	8
655	0.7053061224489794	18
705	0.11755102040816326	10
755	0.41142857142857137	13
805	0.3477551020408163	13
855	0.41306122448979593	13
905	0.3004081632653061	19
955	0.8489795918367345	16
1005	0.013061224489795917	17
1055	0.6383673469387755	17
1105	0.8930612244897957	52
1155	0.2857142857142857	16
1205	0.12734693877551018	8
1255	0.4048979591836735	10
1305	0.7706122448979592	25
1355	0.4016326530612245	12
1405	0.17632653061224488	14
1455	0.4195918367346938	7
1505	0.22857142857142854	23
1555	0.26285714285714284	11
1605	0.43918367346938775	17
1655	0.29061224489795917	6
1705	0.23673469387755097	18
1755	0.13224489795918365	17
1805	0.2204081632653061	14
1855	0.07346938775510203	17
1905	0.37714285714285706	20
1955	0.30367346938775513	11
2005	0.1257142857142857	18

Run 24
5	1.1755102040816325	14
55	1.3028571428571427	37
105	0.39836734693877546	51
155	0.3265306122448979	36
205	0.2448979591836735	42
255	0.6285714285714284	35
305	0.40979591836734686	51
355	0.2759183673469387	56
405	0.4620408163265306	61
455	0.3755102040816326	76
505	0.3689795918367346	52
555	0.43918367346938764	40
605	0.17306122448979594	55
655	0.3722448979591836	37
705	0.10122448979591836	42
755	0.10448979591836734	51
805	0.16489795918367345	55
855	0.08653061224489794	40
905	0.13224489795918368	31
955	0.5485714285714285	63
1005	0.5126530612244897	25
1055	0.5191836734693877	40
1105	0.3673469387755101	42
1155	0.1110204081632653	31
1205	0.0946938775510204	52
1255	0.16	47
1305	0.17795918367346936	24
1355	0.09142857142857143	40
1405	0.17795918367346938	53
1455	0.16816326530612244	104
1505	0.014693877551020407	59
1555	0.32163265306122446	44
1605	0.1893877551020408	61
1655	0.30040816326530606	54
1705	0.16	39
1755	0.10285714285714284	49
1805	0.4653061224489795	52
1855	0.2171428571428571	46
1905	0.15346938775510202	47
1955	0.13714285714285712	41
2005	0.3591836734693878	60

Run 25
5	0.8163265306122447	5
55	0.9159183673469385	28
105	0.19918367346938773	16
155	0.5485714285714285	19
205	0.13714285714285712	10
255	0.19918367346938765	8
305	0.0032653061224489793	7
355	0.10448979591836735	6
405	0.0065306122448979586	13
455	0.10775510204081633	10
505	0.12897959183673469	18
555	0.07346938775510205	17
605	0.19755102040816325	12
655	0.21387755102040815	19
705	0.22530612244897955	10
755	0.14857142857142855	7
805	0.10938775510204081	10
855	0.32163265306122446	10
905	0.4865306122448979	16
955	0.03591836734693877	16
1005	0.12897959183673469	28
1055	0.0979591836734694	15
1105	0.30857142857142855	14
1155	0.14040816326530614	12
1205	0.2253061224489796	9
1255	0.19755102040816325	24
1305	0.2791836734693877	20
1355	0.5893877551020408	15
1405	0.13387755102040816	32
1455	0.30530612244897953	21
1505	0.21061224489795916	13
1555	0.011428571428571429	9
1605	0.5828571428571429	12
1655	0.2612244897959184	23
1705	0.2514285714285714	8
1755	0.5355102040816325	33
1805	0.20734693877551016	10
1855	0.18612244897959182	10
1905	0.4016326530612244	20
1955	0.23836734693877545	16
2005	0.0963265306122449	10

Run 26
5	0.6040816326530611	8
55	0.7526530612244897	13
105	0.32489795918367337	9
155	0.02938775510204082	3
205	0.0	0
255	0.3281632653061224	10
305	0.017959183673469385	3
355	0.32816326530612244	9
405	0.011428571428571429	2
455	0.014693877551020407	1
505	0.27755102040816326	8
555	0.07673469387755101	4
605	0.1991836734693877	7
655	0.13714285714285712	8
705	0.0	0
755	0.386938775510204	9
805	0.15346938775510202	7
855	0.0963265306122449	6
905	0.2416326530612244	11
955	0.0	0
1005	0.24489795918367338	14
1055	0.08653061224489794	10
1105	0.0	0
1155	0.20408163265306117	10
1205	0.43265306122448977	12
1255	0.24163265306122444	9
1305	0.0	0
1355	0.7330612244897958	13
1405	0.4277551020408162	9
1455	0.14693877551020407	10
1505	0.15673469387755104	6
1555	0.014693877551020407	1
1605	0.21387755102040815	13
1655	0.5159183673469386	12
1705	0.156734693877551	8
1755	0.13877551020408163	8
1805	0.13551020408163264	4
1855	0.25469387755102035	10
1905	0.014693877551020407	1
1955	0.24326530612244898	10
2005	0.47020408163265304	22

Run 27
5	1.4693877551020407	13
55	1.306122448979592	49
105	0.0	2
155	0.14367346938775508	22
205	0.1893877551020408	51
255	0.1910204081632653	48
305	0.0	47
355	0.32163265306122446	62
405	0.14693877551020407	56
455	0.34285714285714275	30
505	0.5469387755102041	68
555	0.31020408163265306	39
605	0.1959183673469388	52
655	0.24816326530612243	37
705	0.0065306122448979586	26
755	0.623673469387755	53
805	0.11591836734693878	47
855	0.029387755102040815	3
905	0.026122448979591834	2
955	0.08816326530612244	39
1005	0.25632653061224486	43
1055	0.2661224489795918	30
1105	0.024489795918367342	43
1155	0.008163265306122448	57
1205	0.7036734693877551	51
1255	0.4440816326530612	46
1305	0.16489795918367345	51
1355	0.016326530612244896	2
1405	0.3346938775510203	51
1455	0.49469387755102034	59
1505	0.0	4
1555	0.027755102040816323	35
1605	0.1518367346938775	22
1655	0.0	6
1705	0.27755102040816326	48
1755	0.7444897959183672	49
1805	0.10612244897959183	46
1855	0.06530612244897958	50
1905	0.2253061224489796	61
1955	0.1257142857142857	6
2005	0.3118367346938775	42

Run 28
5	0.29387755102040813	18
55	0.546938775510204	51
105	0.14857142857142855	47
155	0.6432653061224489	32
205	0.12897959183673469	38
255	0.34285714285714275	49
305	0.6644897959183673	39
355	0.4408163265306122	41
405	0.6873469387755102	48
455	0.4653061224489796	46
505	0.4195918367346939	41
555	0.5714285714285713	37
605	1.231020408163265	43
655	0.35265306122448975	52
705	0.08653061224489794	47
755	0.24163265306122447	47
805	0.17959183673469387	63
855	1.0318367346938775	41
905	0.16979591836734692	41
955	0.553469387755102	59
1005	0.22367346938775504	56
1055	0.3951020408163265	46
1105	0.28734693877551015	40
1155	0.34285714285714275	33
1205	0.12897959183673469	35
1255	0.5322448979591836	44
1305	0.7591836734693876	33
1355	0.27755102040816326	31
1405	0.44734693877551024	35
1455	0.25306122448979584	36
1505	0.41469387755102033	44
1555	0.26448979591836735	39
1605	0.5044897959183673	55
1655	0.5877551020408163	56
1705	1.0204081632653061	67
1755	0.5355102040816326	46
1805	0.8081632653061223	37
1855	0.3575510204081633	36
1905	0.3346938775510203	28
1955	0.8848979591836733	47
2005	0.33306122448979586	48

Run 29
5	1.9591836734693875	11
55	1.6408163265306117	22
105	0.19428571428571428	35
155	0.7820408163265307	11
205	0.20897959183673467	13
255	0.06530612244897958	12
305	1.0987755102040817	13
355	0.7428571428571429	24
405	0.34122448979591846	10
455	0.9763265306122447	20
505	1.0710204081632653	13
555	0.5795918367346938	9
605	1.0922448979591837	15
655	1.6489795918367347	17
705	1.1526530612244894	12
755	1.0987755102040817	13
805	0.7216326530612244	19
855	0.7379591836734692	18
905	0.9697959183673467	20
955	1.6293877551020404	16
1005	0.550204081632653	13
1055	0.8751020408163265	12
1105	0.07510204081632653	22
1155	0.3657142857142857	11
1205	0.9077551020408161	15
1255	0.4114285714285715	12
1305	0.07346938775510203	15
1355	0.20081632653061224	11
1405	0.27755102040816326	6
1455	1.5004081632653061	14
1505	0.786938775510204	20
1555	1.1934693877551021	10
1605	1.0693877551020408	10
1655	0.21061224489795918	15
1705	0.7526530612244896	9
1755	0.17306122448979588	12
1805	0.9110204081632651	11
1855	0.9142857142857141	19
1905	0.8130612244897958	16
1955	0.6742857142857142	9
2005	0.9632653061224488	10
