10
15
w 6 9
w 4 8
w 9 8
w 8 0
w 0 7
w 6 2
w 2 12
w 9 4
w 1 11
w 8 14
w 6 7
w 2 9
w 3 10
w 8 10
w 4 13
w 1 5
w 3 6
w 5 0
w 8 6
w 1 1
w 5 4
w 7 14
w 9 14
w 8 2
w 6 11
w 1 13
w 5 2
w 7 9
w 7 8
w 4 6
w 1 12
w 8 12
w 7 4
w 0 9
w 3 4
w 0 2
w 9 12
p 7 3
p 9 1
p 6 6
p 5 6
p 2 8
p 5 13
p 7 7
p 2 1
p 8 9
p 3 11
p 4 12
p 7 11
p 3 7
p 3 14
p 7 2
p 5 8
p 9 0
p 3 3
p 5 12
p 7 6
p 1 14
p 2 13
p 0 11
p 0 4
p 9 7
p 3 2
p 0 0
p 3 13
p 4 5
p 5 11
p 4 14
p 1 4
p 0 12
p 9 10
p 7 5
p 4 2
p 2 14
p 2 7
p 0 1
p 8 3
p 7 0
p 9 2
p 6 1
p 5 7
p 0 13
p 9 9
p 2 11
p 3 1
p 7 13
p 3 8
p 1 8
p 8 8
p 4 3
p 1 7
p 9 5
p 2 4
m0 0 14
1 9 0
2 9 0
3 9 0
t 300 0
m0 0 14
1 9 1
2 9 1
3 9 1
t 299 0
m0 0 14
1 9 0
2 9 0
3 9 0
t 298 0
m0 1 14
1 9 1
2 9 1
3 9 1
t 297 1
m0 1 14
1 9 0
2 9 0
3 9 0
t 296 1
m0 2 14
1 9 1
2 9 1
3 9 1
t 295 2
m0 2 14
1 9 0
2 9 0
3 9 0
t 294 2
m0 2 14
1 9 1
2 9 1
3 9 1
f 1 10
t 293 2
m0 1 14
1 9 0
2 9 0
3 9 0
t 292 2
m0 0 14
1 9 1
2 9 1
3 9 1
t 291 2
m0 0 13
1 9 0
2 9 0
3 9 0
t 290 3
m0 0 13
1 9 1
2 9 1
3 9 1
t 289 3
m0 0 13
1 9 0
2 9 0
3 9 0
t 288 3
m0 0 12
1 9 1
2 9 1
3 9 1
t 287 4
m0 0 11
1 9 0
2 9 0
3 9 0
t 286 5
m0 0 10
1 9 1
2 9 1
3 9 1
t 285 5
m0 1 10
1 9 0
2 9 0
3 9 0
t 284 15
m0 1 10
1 9 1
2 9 1
3 9 1
t 283 15
m0 1 9
1 9 0
2 9 0
3 9 0
t 282 15
m0 1 8
1 9 1
2 9 1
3 9 1
t 281 16
m0 2 8
1 9 0
2 9 0
3 9 0
t 280 17
m0 2 8
1 9 1
2 9 1
3 9 1
t 279 17
m0 2 8
1 9 0
2 9 0
3 9 0
t 278 17
m0 2 8
1 9 1
2 9 1
3 9 1
t 277 17
m0 2 8
1 9 0
2 9 0
3 9 0
t 276 17
m0 3 8
1 9 1
2 9 1
3 9 1
t 275 18
m0 3 9
1 9 0
2 9 0
3 9 0
t 274 18
m0 3 8
1 9 1
2 9 1
3 9 1
t 273 18
m0 3 9
1 9 0
2 9 0
3 9 0
t 272 18
m0 3 9
1 9 1
2 9 1
3 9 1
t 271 18
m0 3 9
1 9 0
2 9 0
3 9 0
t 270 18
m0 3 8
1 9 1
2 9 1
3 9 1
t 269 18
m0 3 8
1 9 0
2 9 0
3 9 0
t 268 18
m0 2 8
1 9 1
2 9 1
3 9 1
t 267 18
m0 3 8
1 9 0
2 9 0
3 9 0
t 266 28
m0 3 9
1 9 1
2 9 1
3 9 1
t 265 28
m0 3 9
1 9 0
2 9 0
3 9 0
t 264 28
m0 3 9
1 9 1
2 9 1
3 9 1
t 263 28
m0 3 9
1 9 0
2 9 0
3 9 0
t 262 28
m0 4 9
1 9 1
2 9 1
3 9 1
t 261 28
m0 5 9
1 9 0
2 9 0
3 9 0
t 260 28
m0 5 8
1 9 1
2 9 1
3 9 1
t 259 29
m0 5 9
1 9 0
2 9 0
3 9 0
t 258 29
m0 5 10
1 9 1
2 9 1
3 9 1
t 257 29
m0 5 10
1 9 0
2 9 0
3 9 0
t 256 29
m0 5 10
1 9 1
2 9 1
3 9 1
t 255 29
m0 4 10
1 9 0
2 9 0
3 9 0
t 254 29
m0 4 9
1 9 1
2 9 1
3 9 1
t 253 29
m0 3 9
1 9 0
2 9 0
3 9 0
t 252 29
m0 3 9
1 9 1
2 9 1
3 9 1
t 251 29
m0 4 9
1 9 0
2 9 0
3 9 0
t 250 29
m0 4 10
1 9 1
2 9 1
3 9 1
t 249 29
m0 4 9
1 9 0
2 9 0
3 9 0
t 248 29
m0 5 9
1 9 1
2 9 1
3 9 1
t 247 29
m0 4 9
1 9 0
2 9 0
3 9 0
t 246 29
m0 4 9
1 9 1
2 9 1
3 9 1
t 245 29
m0 4 10
1 9 0
2 9 0
3 9 0
t 244 29
m0 4 10
1 9 1
2 9 1
3 9 1
t 243 29
m0 4 10
1 9 0
2 9 0
3 9 0
t 242 29
m0 4 11
1 9 1
2 9 1
3 9 1
t 241 29
m0 5 11
1 9 0
2 9 0
3 9 0
t 240 30
m0 5 11
1 9 1
2 9 1
3 9 1
t 239 30
m0 5 10
1 9 0
2 9 0
3 9 0
f 1 8
t 238 30
m0 5 10
1 9 1
2 9 1
3 9 1
t 237 30
m0 5 9
1 9 0
2 9 0
3 9 0
t 236 30
m0 5 9
1 9 1
2 9 1
3 9 1
t 235 30
m0 4 9
1 9 0
2 9 0
3 9 0
t 234 30
m0 4 10
1 9 1
2 9 1
3 9 1
t 233 30
m0 4 10
1 9 0
2 9 0
3 9 0
t 232 30
m0 5 10
1 9 1
2 9 1
3 9 1
t 231 30
m0 6 10
1 9 0
2 9 0
3 9 0
t 230 30
m0 7 10
1 9 1
2 9 1
3 9 1
t 229 30
m0 7 11
1 9 0
2 9 0
3 9 0
t 228 31
m0 7 12
1 9 1
2 9 1
3 9 1
t 227 31
m0 7 11
1 9 0
2 9 0
3 9 0
t 226 31
m0 7 11
1 9 1
2 9 1
3 9 1
t 225 31
m0 7 11
1 9 0
2 9 0
3 9 0
t 224 31
m0 8 11
1 9 1
2 9 1
3 9 1
t 223 31
m0 7 11
1 9 0
2 9 0
3 9 0
t 222 31
m0 7 12
1 9 1
2 9 1
3 9 1
t 221 31
m0 7 13
1 9 0
2 9 0
3 9 0
t 220 32
m0 6 13
1 9 1
2 9 1
3 9 1
t 219 32
m0 6 13
1 9 0
2 9 0
3 9 0
t 218 32
m0 5 13
1 9 1
2 9 1
3 9 1
t 217 33
m0 5 14
1 9 0
2 9 0
3 9 0
t 216 33
m0 5 14
1 9 1
2 9 1
3 9 1
t 215 33
m0 6 14
1 9 0
2 9 0
3 9 0
t 214 33
m0 6 13
1 9 1
2 9 1
3 9 1
t 213 33
m0 6 14
1 9 0
2 9 0
3 9 0
t 212 33
m0 5 14
1 9 1
2 9 1
3 9 1
t 211 33
m0 5 13
1 9 0
2 9 0
3 9 0
t 210 33
m0 5 12
1 9 1
2 9 1
3 9 1
t 209 34
m0 6 12
1 9 0
2 9 0
3 9 0
t 208 34
m0 6 12
1 9 1
2 9 1
3 9 1
t 207 34
m0 5 12
1 9 0
2 9 0
3 9 0
t 206 34
m0 5 11
1 9 1
2 9 1
3 9 1
t 205 34
m0 5 10
1 9 0
2 9 0
3 9 0
t 204 34
m0 6 10
1 9 1
2 9 1
3 9 1
t 203 34
m0 6 10
1 9 0
2 9 0
3 9 0
t 202 34
m0 7 10
1 9 1
2 9 1
3 9 1
t 201 34
m0 7 11
1 9 0
2 9 0
3 9 0
t 200 34
m0 7 10
1 9 1
2 9 1
3 9 1
t 199 34
m0 7 10
1 9 0
2 9 0
3 9 0
t 198 34
m0 6 10
1 9 1
2 9 1
3 9 1
t 197 34
m0 6 10
1 9 0
2 9 0
3 9 0
t 196 34
m0 5 10
1 9 1
2 9 1
3 9 1
t 195 34
m0 5 9
1 9 0
2 9 0
3 9 0
t 194 34
m0 4 9
1 9 1
2 9 1
3 9 1
t 193 34
m0 3 9
1 9 0
2 9 0
3 9 0
t 192 34
m0 3 9
1 9 1
2 9 1
3 9 1
t 191 34
m0 4 9
1 9 0
2 9 0
3 9 0
t 190 34
m0 4 9
1 9 1
2 9 1
3 9 1
t 189 34
m0 3 9
1 9 0
2 9 0
3 9 0
t 188 34
m0 4 9
1 9 1
2 9 1
3 9 1
t 187 34
m0 3 9
1 9 0
2 9 0
3 9 0
t 186 34
m0 3 9
1 9 1
2 9 1
3 9 1
t 185 34
m0 3 8
1 9 0
2 9 0
3 9 0
t 184 34
m0 2 8
1 9 1
2 9 1
3 9 1
t 183 34
m0 1 8
1 9 0
2 9 0
3 9 0
t 182 44
m0 1 9
1 9 1
2 9 1
3 9 1
t 181 44
m0 1 8
1 9 0
2 9 0
3 9 0
t 180 44
m0 1 7
1 9 1
2 9 1
3 9 1
t 179 45
m0 1 8
1 9 0
2 9 0
3 9 0
f 9 13
t 178 45
m0 1 8
1 9 1
2 9 1
3 9 1
t 177 45
m0 1 9
1 9 0
2 9 0
3 9 0
t 176 45
m0 1 9
1 9 1
2 9 1
3 9 1
t 175 45
m0 1 8
1 9 0
2 9 0
3 9 0
t 174 45
m0 1 9
1 9 1
2 9 1
3 9 1
t 173 45
m0 1 8
1 9 0
2 9 0
3 9 0
t 172 45
m0 0 8
1 9 1
2 9 1
3 9 1
t 171 45
m0 0 8
1 9 0
2 9 0
3 9 0
t 170 45
m0 1 8
1 9 1
2 9 1
3 9 1
t 169 45
m0 1 8
1 9 0
2 9 0
3 9 0
t 168 45
m0 0 8
1 9 1
2 9 1
3 9 1
t 167 45
m0 0 8
1 9 0
2 9 0
3 9 0
t 166 45
m0 1 8
1 9 1
2 9 1
3 9 1
t 165 45
m0 1 8
1 9 0
2 9 0
3 9 0
t 164 45
m0 1 7
1 9 1
2 9 1
3 9 1
t 163 45
m0 1 6
1 9 0
2 9 0
3 9 0
t 162 45
m0 1 7
1 9 1
2 9 1
3 9 1
t 161 45
m0 1 8
1 9 0
2 9 0
3 9 0
t 160 45
m0 1 9
1 9 1
2 9 1
3 9 1
t 159 45
m0 1 9
1 9 0
2 9 0
3 9 0
t 158 45
m0 1 10
1 9 1
2 9 1
3 9 1
t 157 45
m0 1 9
1 9 0
2 9 0
3 9 0
t 156 45
m0 1 10
1 9 1
2 9 1
3 9 1
t 155 45
m0 1 10
1 9 0
2 9 0
3 9 0
t 154 45
m0 0 10
1 9 1
2 9 1
3 9 1
t 153 45
m0 0 10
1 9 0
2 9 0
3 9 0
t 152 45
m0 0 11
1 9 1
2 9 1
3 9 1
t 151 45
m0 0 12
1 9 0
2 9 0
3 9 0
t 150 45
m0 0 12
1 9 1
2 9 1
3 9 1
t 149 45
m0 0 11
1 9 0
2 9 0
3 9 0
t 148 45
m0 0 11
1 9 1
2 9 1
3 9 1
t 147 45
m0 0 12
1 9 0
2 9 0
3 9 0
t 146 45
m0 0 12
1 9 1
2 9 1
3 9 1
t 145 45
m0 0 12
1 9 0
2 9 0
3 9 0
t 144 45
m0 0 11
1 9 1
2 9 1
3 9 1
t 143 45
m0 0 10
1 9 0
2 9 0
3 9 0
t 142 45
m0 0 10
1 9 1
2 9 1
3 9 1
t 141 45
m0 1 10
1 9 0
2 9 0
3 9 0
t 140 45
m0 0 10
1 9 1
2 9 1
3 9 1
t 139 45
m0 0 10
1 9 0
2 9 0
3 9 0
t 138 45
m0 1 10
1 9 1
2 9 1
3 9 1
t 137 45
m0 0 10
1 9 0
2 9 0
3 9 0
t 136 45
m0 0 11
1 9 1
2 9 1
3 9 1
t 135 45
m0 0 12
1 9 0
2 9 0
3 9 0
t 134 45
m0 0 11
1 9 1
2 9 1
3 9 1
t 133 45
m0 0 12
1 9 0
2 9 0
3 9 0
t 132 45
m0 0 11
1 9 1
2 9 1
3 9 1
t 131 45
m0 0 10
1 9 0
2 9 0
3 9 0
t 130 45
m0 1 10
1 9 1
2 9 1
3 9 1
t 129 45
m0 2 10
1 9 0
2 9 0
3 9 0
t 128 45
m0 1 10
1 9 1
2 9 1
3 9 1
t 127 45
m0 1 10
1 9 0
2 9 0
3 9 0
t 126 45
m0 2 10
1 9 1
2 9 1
3 9 1
t 125 45
m0 2 11
1 9 0
2 9 0
3 9 0
t 124 46
m0 3 11
1 9 1
2 9 1
3 9 1
t 123 47
m0 3 12
1 9 0
2 9 0
3 9 0
t 122 47
m0 3 11
1 9 1
2 9 1
3 9 1
t 121 47
m0 3 11
1 9 0
2 9 0
3 9 0
t 120 47
m0 3 11
1 9 1
2 9 1
3 9 1
t 119 47
m0 2 11
1 9 0
2 9 0
3 9 0
t 118 47
m0 2 11
1 9 1
2 9 1
3 9 1
t 117 47
m0 3 11
1 9 0
2 9 0
3 9 0
t 116 47
m0 4 11
1 9 1
2 9 1
3 9 1
t 115 47
m0 4 11
1 9 0
2 9 0
3 9 0
t 114 47
m0 4 10
1 9 1
2 9 1
3 9 1
t 113 47
m0 4 9
1 9 0
2 9 0
3 9 0
t 112 47
m0 3 9
1 9 1
2 9 1
3 9 1
t 111 47
m0 4 9
1 9 0
2 9 0
3 9 0
t 110 47
m0 3 9
1 9 1
2 9 1
3 9 1
t 109 47
m0 4 9
1 9 0
2 9 0
3 9 0
t 108 47
m0 4 9
1 9 1
2 9 1
3 9 1
t 107 47
m0 3 9
1 9 0
2 9 0
3 9 0
t 106 47
m0 3 9
1 9 1
2 9 1
3 9 1
t 105 47
m0 4 9
1 9 0
2 9 0
3 9 0
t 104 47
m0 4 10
1 9 1
2 9 1
3 9 1
t 103 47
m0 4 9
1 9 0
2 9 0
3 9 0
t 102 47
m0 3 9
1 9 1
2 9 1
3 9 1
t 101 47
m0 3 8
1 9 0
2 9 0
3 9 0
t 100 47
m0 3 7
1 9 1
2 9 1
3 9 1
t 99 48
m0 4 7
1 9 0
2 9 0
3 9 0
t 98 48
m0 4 7
1 9 1
2 9 1
3 9 1
t 97 48
m0 5 7
1 9 0
2 9 0
3 9 0
t 96 49
m0 4 7
1 9 1
2 9 1
3 9 1
t 95 49
m0 5 7
1 9 0
2 9 0
3 9 0
t 94 49
m0 5 8
1 9 1
2 9 1
3 9 1
t 93 49
m0 5 8
1 9 0
2 9 0
3 9 0
t 92 49
m0 5 9
1 9 1
2 9 1
3 9 1
t 91 49
m0 5 10
1 9 0
2 9 0
3 9 0
t 90 49
m0 5 9
1 9 1
2 9 1
3 9 1
t 89 49
m0 4 9
1 9 0
2 9 0
3 9 0
t 88 49
m0 4 10
1 9 1
2 9 1
3 9 1
t 87 49
m0 4 10
1 9 0
2 9 0
3 9 0
t 86 49
m0 5 10
1 9 1
2 9 1
3 9 1
t 85 49
m0 4 10
1 9 0
2 9 0
3 9 0
t 84 49
m0 4 9
1 9 1
2 9 1
3 9 1
t 83 49
m0 4 9
1 9 0
2 9 0
3 9 0
t 82 49
m0 4 10
1 9 1
2 9 1
3 9 1
t 81 49
m0 4 10
1 9 0
2 9 0
3 9 0
t 80 49
m0 4 11
1 9 1
2 9 1
3 9 1
t 79 49
m0 4 11
1 9 0
2 9 0
3 9 0
t 78 49
m0 3 11
1 9 1
2 9 1
3 9 1
t 77 49
m0 4 11
1 9 0
2 9 0
3 9 0
t 76 49
m0 5 11
1 9 1
2 9 1
3 9 1
t 75 49
m0 5 12
1 9 0
2 9 0
3 9 0
t 74 49
m0 5 11
1 9 1
2 9 1
3 9 1
t 73 49
m0 5 12
1 9 0
2 9 0
3 9 0
t 72 49
m0 5 13
1 9 1
2 9 1
3 9 1
t 71 49
m0 5 12
1 9 0
2 9 0
3 9 0
t 70 49
m0 5 13
1 9 1
2 9 1
3 9 1
t 69 49
m0 6 13
1 9 0
2 9 0
3 9 0
t 68 49
m0 6 13
1 9 1
2 9 1
3 9 1
t 67 49
m0 7 13
1 9 0
2 9 0
3 9 0
t 66 49
m0 7 13
1 9 1
2 9 1
3 9 1
t 65 49
m0 8 13
1 9 0
2 9 0
3 9 0
t 64 49
m0 9 13
1 9 1
2 9 1
3 9 1
t 63 59
m0 8 13
1 9 0
2 9 0
3 9 0
t 62 59
m0 8 13
1 9 1
2 9 1
3 9 1
t 61 59
m0 9 13
1 9 0
2 9 0
3 9 0
t 60 59
m0 8 13
1 9 1
2 9 1
3 9 1
t 59 59
m0 9 13
1 9 0
2 9 0
3 9 0
t 58 59
m0 9 13
1 9 1
2 9 1
3 9 1
t 57 59
m0 9 13
1 9 0
2 9 0
3 9 0
t 56 59
m0 8 13
1 9 1
2 9 1
3 9 1
t 55 59
m0 9 13
1 9 0
2 9 0
3 9 0
t 54 59
m0 9 13
1 9 1
2 9 1
3 9 1
t 53 59
m0 9 13
1 9 0
2 9 0
3 9 0
t 52 59
m0 8 13
1 9 1
2 9 1
3 9 1
t 51 59
m0 9 13
1 9 0
2 9 0
3 9 0
t 50 59
m0 9 13
1 9 1
2 9 1
3 9 1
t 49 59
m0 8 13
1 9 0
2 9 0
3 9 0
t 48 59
m0 9 13
1 9 1
2 9 1
3 9 1
t 47 59
m0 8 13
1 9 0
2 9 0
3 9 0
t 46 59
m0 7 13
1 9 1
2 9 1
3 9 1
t 45 59
m0 8 13
1 9 0
2 9 0
3 9 0
t 44 59
m0 9 13
1 9 1
2 9 1
3 9 1
t 43 59
m0 8 13
1 9 0
2 9 0
3 9 0
t 42 59
m0 8 13
1 9 1
2 9 1
3 9 1
t 41 59
m0 8 13
1 9 0
2 9 0
3 9 0
t 40 59
m0 9 13
1 9 1
2 9 1
3 9 1
t 39 59
m0 8 13
1 9 0
2 9 0
3 9 0
t 38 59
m0 7 13
1 9 1
2 9 1
3 9 1
t 37 59
m0 7 12
1 9 0
2 9 0
3 9 0
t 36 59
m0 7 12
1 9 1
2 9 1
3 9 1
t 35 59
m0 7 11
1 9 0
2 9 0
3 9 0
t 34 59
m0 7 10
1 9 1
2 9 1
3 9 1
t 33 59
m0 7 11
1 9 0
2 9 0
3 9 0
t 32 59
m0 8 11
1 9 1
2 9 1
3 9 1
t 31 59
m0 7 11
1 9 0
2 9 0
3 9 0
t 30 59
m0 7 11
1 9 1
2 9 1
3 9 1
t 29 59
m0 7 11
1 9 0
2 9 0
3 9 0
t 28 59
m0 7 12
1 9 1
2 9 1
3 9 1
t 27 59
m0 7 11
1 9 0
2 9 0
3 9 0
t 26 59
m0 7 11
1 9 1
2 9 1
3 9 1
t 25 59
m0 8 11
1 9 0
2 9 0
3 9 0
t 24 59
m0 8 11
1 9 1
2 9 1
3 9 1
t 23 59
m0 7 11
1 9 0
2 9 0
3 9 0
t 22 59
m0 8 11
1 9 1
2 9 1
3 9 1
t 21 59
m0 8 11
1 9 0
2 9 0
3 9 0
t 20 59
m0 9 11
1 9 1
2 9 1
3 9 1
t 19 59
m0 9 10
1 9 0
2 9 0
3 9 0
t 18 60
m0 9 9
1 9 1
2 9 1
3 9 1
t 17 61
m0 9 9
1 9 0
2 9 0
3 9 0
t 16 61
m0 8 9
1 9 1
2 9 1
3 9 1
t 15 62
m0 9 9
1 9 0
2 9 0
3 9 0
t 14 62
m0 9 9
1 9 1
2 9 1
3 9 1
t 13 62
m0 8 9
1 9 0
2 9 0
3 9 0
t 12 62
m0 8 8
1 9 1
2 9 1
3 9 1
t 11 63
m0 8 9
1 9 0
2 9 0
3 9 0
t 10 63
m0 9 9
1 9 1
2 9 1
3 9 1
t 9 63
m0 9 10
1 9 0
2 9 0
3 9 0
t 8 63
m0 9 9
1 9 1
2 9 1
3 9 1
t 7 63
m0 9 10
1 9 0
2 9 0
3 9 0
t 6 63
m0 9 10
1 9 1
2 9 1
3 9 1
t 5 63
m0 9 11
1 9 0
2 9 0
3 9 0
t 4 63
m0 8 11
1 9 1
2 9 1
3 9 1
t 3 63
m0 8 11
1 9 0
2 9 0
3 9 0
t 2 63
m0 8 11
1 9 1
2 9 1
3 9 1
t 1 63
m0 7 11
1 9 1
2 9 1
3 9 1
t 0 63
