10
15
w 7 3
w 8 0
w 5 13
w 3 11
w 7 7
w 8 9
w 5 8
w 1 2
w 8 1
w 7 6
w 1 5
w 0 11
w 7 10
w 9 7
w 3 2
w 0 0
w 9 14
w 3 13
w 5 11
w 8 11
w 9 3
w 1 4
w 3 9
w 1 9
w 4 2
w 6 12
w 1 0
w 2 14
w 5 3
w 2 7
w 9 13
w 7 13
w 5 7
w 2 11
w 2 0
w 3 4
w 8 4
p 5 9
p 4 8
p 5 6
p 2 8
p 6 6
p 0 2
p 6 2
p 1 6
p 0 10
p 9 4
p 5 1
p 7 11
p 2 5
p 1 11
p 8 5
p 0 3
p 6 14
p 4 0
p 4 9
p 5 5
p 2 9
p 5 12
p 1 14
p 4 13
p 6 3
p 3 6
p 0 4
p 8 6
p 4 1
p 1 1
p 6 4
p 4 10
p 2 6
p 7 14
p 8 2
p 4 5
p 6 0
p 2 10
p 9 10
p 0 8
p 9 6
p 7 9
p 0 1
p 3 12
p 4 6
p 9 2
p 6 1
p 3 1
p 9 9
p 3 8
p 1 8
p 8 8
p 0 9
p 7 8
p 2 4
p 9 12
m0 0 14
1 9 0
2 9 0
3 9 0
t 300 0
m0 0 13
1 9 1
2 9 1
3 9 1
t 299 0
m0 0 13
1 9 0
2 9 0
3 9 0
t 298 0
m0 0 14
1 9 1
2 9 1
3 9 1
t 297 0
m0 0 14
1 9 0
2 9 0
3 9 0
t 296 0
m0 0 14
1 9 1
2 9 1
3 9 1
t 295 0
m0 0 14
1 9 0
2 9 0
3 9 0
t 294 0
m0 0 13
1 9 1
2 9 1
3 9 1
t 293 0
m0 1 13
1 9 0
2 9 0
3 9 0
f 4 7
t 292 0
m0 2 13
1 9 1
2 9 1
3 9 1
t 291 0
m0 2 12
1 9 0
2 9 0
3 9 0
t 290 0
m0 2 12
1 9 1
2 9 1
3 9 1
t 289 0
m0 3 12
1 9 0
2 9 0
3 9 0
t 288 1
m0 4 12
1 9 1
2 9 1
3 9 1
t 287 1
m0 3 12
1 9 0
2 9 0
3 9 0
t 286 1
m0 4 12
1 9 1
2 9 1
3 9 1
t 285 1
m0 4 12
1 9 0
2 9 0
3 9 0
t 284 1
m0 3 12
1 9 1
2 9 1
3 9 1
t 283 1
m0 3 12
1 9 0
2 9 0
3 9 0
t 282 1
m0 4 12
1 9 1
2 9 1
3 9 1
t 281 1
m0 5 12
1 9 0
2 9 0
3 9 0
t 280 2
m0 4 12
1 9 1
2 9 1
3 9 1
t 279 2
m0 4 11
1 9 0
2 9 0
3 9 0
t 278 2
m0 4 12
1 9 1
2 9 1
3 9 1
t 277 2
m0 4 12
1 9 0
2 9 0
3 9 0
t 276 2
m0 4 13
1 9 1
2 9 1
3 9 1
t 275 3
m0 4 12
1 9 0
2 9 0
3 9 0
t 274 3
m0 4 12
1 9 1
2 9 1
3 9 1
t 273 3
m0 4 13
1 9 0
2 9 0
3 9 0
t 272 3
m0 4 14
1 9 1
2 9 1
3 9 1
t 271 3
m0 5 14
1 9 0
2 9 0
3 9 0
t 270 3
m0 4 14
1 9 1
2 9 1
3 9 1
t 269 3
m0 4 14
1 9 0
2 9 0
3 9 0
t 268 3
m0 5 14
1 9 1
2 9 1
3 9 1
t 267 3
m0 4 14
1 9 0
2 9 0
3 9 0
t 266 3
m0 4 14
1 9 1
2 9 1
3 9 1
t 265 3
m0 4 14
1 9 0
2 9 0
3 9 0
t 264 3
m0 4 13
1 9 1
2 9 1
3 9 1
t 263 3
m0 4 13
1 9 0
2 9 0
3 9 0
t 262 3
m0 4 14
1 9 1
2 9 1
3 9 1
t 261 3
m0 4 13
1 9 0
2 9 0
3 9 0
t 260 3
m0 4 13
1 9 1
2 9 1
3 9 1
t 259 3
m0 4 12
1 9 0
2 9 0
3 9 0
t 258 3
m0 4 11
1 9 1
2 9 1
3 9 1
t 257 3
m0 4 11
1 9 0
2 9 0
3 9 0
t 256 3
m0 4 10
1 9 1
2 9 1
3 9 1
t 255 4
m0 3 10
1 9 0
2 9 0
3 9 0
t 254 4
m0 4 10
1 9 1
2 9 1
3 9 1
t 253 4
m0 4 10
1 9 0
2 9 0
3 9 0
t 252 4
m0 3 10
1 9 1
2 9 1
3 9 1
t 251 4
m0 4 10
1 9 0
2 9 0
3 9 0
t 250 4
m0 4 11
1 9 1
2 9 1
3 9 1
t 249 4
m0 4 10
1 9 0
2 9 0
3 9 0
t 248 4
m0 4 11
1 9 1
2 9 1
3 9 1
t 247 4
m0 4 12
1 9 0
2 9 0
3 9 0
t 246 4
m0 4 11
1 9 1
2 9 1
3 9 1
t 245 4
m0 4 11
1 9 0
2 9 0
3 9 0
t 244 4
m0 4 11
1 9 1
2 9 1
3 9 1
t 243 4
m0 4 11
1 9 0
2 9 0
3 9 0
t 242 4
m0 4 11
1 9 1
2 9 1
3 9 1
t 241 4
m0 4 11
1 9 0
2 9 0
3 9 0
t 240 4
m0 4 12
1 9 1
2 9 1
3 9 1
t 239 4
m0 4 11
1 9 0
2 9 0
3 9 0
t 238 4
m0 4 10
1 9 1
2 9 1
3 9 1
t 237 4
m0 5 10
1 9 0
2 9 0
3 9 0
t 236 4
m0 6 10
1 9 1
2 9 1
3 9 1
t 235 4
m0 5 10
1 9 0
2 9 0
3 9 0
t 234 4
m0 5 10
1 9 1
2 9 1
3 9 1
t 233 4
m0 6 10
1 9 0
2 9 0
3 9 0
t 232 4
m0 6 10
1 9 1
2 9 1
3 9 1
t 231 4
m0 6 9
1 9 0
2 9 0
3 9 0
t 230 4
m0 5 9
1 9 1
2 9 1
3 9 1
t 229 5
m0 5 10
1 9 0
2 9 0
3 9 0
t 228 5
m0 4 10
1 9 1
2 9 1
3 9 1
t 227 5
m0 3 10
1 9 0
2 9 0
3 9 0
t 226 5
m0 2 10
1 9 1
2 9 1
3 9 1
t 225 6
m0 2 10
1 9 0
2 9 0
3 9 0
t 224 6
m0 3 10
1 9 1
2 9 1
3 9 1
t 223 6
m0 4 10
1 9 0
2 9 0
3 9 0
t 222 6
m0 5 10
1 9 1
2 9 1
3 9 1
t 221 6
m0 4 10
1 9 0
2 9 0
3 9 0
t 220 6
m0 4 9
1 9 1
2 9 1
3 9 1
t 219 7
m0 4 8
1 9 0
2 9 0
3 9 0
t 218 8
m0 3 8
1 9 1
2 9 1
3 9 1
t 217 9
m0 2 8
1 9 0
2 9 0
3 9 0
t 216 10
m0 2 8
1 9 1
2 9 1
3 9 1
t 215 10
m0 2 9
1 9 0
2 9 0
3 9 0
t 214 11
m0 2 8
1 9 1
2 9 1
3 9 1
t 213 11
m0 1 8
1 9 0
2 9 0
3 9 0
t 212 12
m0 1 8
1 9 1
2 9 1
3 9 1
t 211 12
m0 0 8
1 9 0
2 9 0
3 9 0
t 210 13
m0 0 8
1 9 1
2 9 1
3 9 1
t 209 13
m0 1 8
1 9 0
2 9 0
3 9 0
t 208 13
m0 0 8
1 9 1
2 9 1
3 9 1
t 207 13
m0 1 8
1 9 0
2 9 0
3 9 0
t 206 13
m0 1 8
1 9 1
2 9 1
3 9 1
t 205 13
m0 2 8
1 9 0
2 9 0
3 9 0
t 204 13
m0 1 8
1 9 1
2 9 1
3 9 1
t 203 13
m0 1 8
1 9 0
2 9 0
3 9 0
t 202 13
m0 2 8
1 9 1
2 9 1
3 9 1
t 201 13
m0 1 8
1 9 0
2 9 0
3 9 0
t 200 13
m0 2 8
1 9 1
2 9 1
3 9 1
t 199 13
m0 3 8
1 9 0
2 9 0
3 9 0
t 198 13
m0 2 8
1 9 1
2 9 1
3 9 1
t 197 13
m0 1 8
1 9 0
2 9 0
3 9 0
t 196 13
m0 1 7
1 9 1
2 9 1
3 9 1
t 195 13
m0 1 7
1 9 0
2 9 0
3 9 0
t 194 13
m0 0 7
1 9 1
2 9 1
3 9 1
t 193 13
m0 0 7
1 9 0
2 9 0
3 9 0
t 192 13
m0 0 7
1 9 1
2 9 1
3 9 1
t 191 13
m0 0 8
1 9 0
2 9 0
3 9 0
t 190 13
m0 0 9
1 9 1
2 9 1
3 9 1
t 189 14
m0 0 8
1 9 0
2 9 0
3 9 0
t 188 14
m0 0 7
1 9 1
2 9 1
3 9 1
t 187 14
m0 0 7
1 9 0
2 9 0
3 9 0
t 186 14
m0 0 7
1 9 1
2 9 1
3 9 1
t 185 14
m0 0 6
1 9 0
2 9 0
3 9 0
t 184 14
m0 0 6
1 9 1
2 9 1
3 9 1
t 183 14
m0 0 5
1 9 0
2 9 0
3 9 0
t 182 14
m0 0 6
1 9 1
2 9 1
3 9 1
t 181 14
m0 0 6
1 9 0
2 9 0
3 9 0
t 180 14
m0 0 5
1 9 1
2 9 1
3 9 1
t 179 14
m0 0 4
1 9 0
2 9 0
3 9 0
t 178 15
m0 0 5
1 9 1
2 9 1
3 9 1
t 177 15
m0 0 6
1 9 0
2 9 0
3 9 0
t 176 15
m0 0 5
1 9 1
2 9 1
3 9 1
t 175 15
m0 0 4
1 9 0
2 9 0
3 9 0
t 174 15
m0 0 3
1 9 1
2 9 1
3 9 1
t 173 16
m0 0 3
1 9 0
2 9 0
3 9 0
t 172 16
m0 0 4
1 9 1
2 9 1
3 9 1
t 171 16
m0 0 3
1 9 0
2 9 0
3 9 0
t 170 16
m0 0 4
1 9 1
2 9 1
3 9 1
t 169 16
m0 0 3
1 9 0
2 9 0
3 9 0
t 168 16
m0 0 2
1 9 1
2 9 1
3 9 1
t 167 17
m0 0 2
1 9 0
2 9 0
3 9 0
t 166 17
m0 0 2
1 9 1
2 9 1
3 9 1
t 165 17
m0 0 1
1 9 0
2 9 0
3 9 0
t 164 18
m0 0 1
1 9 1
2 9 1
3 9 1
t 163 18
m0 0 1
1 9 0
2 9 0
3 9 0
t 162 18
m0 1 1
1 9 1
2 9 1
3 9 1
t 161 19
m0 2 1
1 9 0
2 9 0
3 9 0
t 160 19
m0 3 1
1 9 1
2 9 1
3 9 1
t 159 20
m0 3 1
1 9 0
2 9 0
3 9 0
t 158 20
m0 3 0
1 9 1
2 9 1
3 9 1
t 157 20
m0 3 1
1 9 0
2 9 0
3 9 0
t 156 20
m0 3 1
1 9 1
2 9 1
3 9 1
t 155 20
m0 4 1
1 9 0
2 9 0
3 9 0
t 154 21
m0 4 1
1 9 1
2 9 1
3 9 1
t 153 21
m0 4 1
1 9 0
2 9 0
3 9 0
t 152 21
m0 4 1
1 9 1
2 9 1
3 9 1
t 151 21
m0 4 1
1 9 0
2 9 0
3 9 0
t 150 21
m0 4 1
1 9 1
2 9 1
3 9 1
t 149 21
m0 4 0
1 9 2
2 9 2
3 9 2
t 148 22
m0 3 0
1 9 1
2 9 1
3 9 1
t 147 22
m0 3 1
1 9 0
2 9 0
3 9 0
t 146 22
m0 3 0
1 9 1
2 9 1
3 9 1
t 145 22
m0 3 0
1 9 2
2 9 2
3 9 2
t 144 22
m0 4 0
1 9 1
2 9 1
3 9 1
t 143 22
m0 5 0
1 9 2
2 9 2
3 9 2
t 142 22
m0 6 0
1 9 1
2 9 1
3 9 1
t 141 23
m0 5 0
1 9 2
2 9 2
3 9 2
t 140 23
m0 4 0
1 9 1
2 9 1
3 9 1
t 139 23
m0 3 0
1 9 2
2 9 2
3 9 2
t 138 23
m0 3 1
1 9 1
2 9 1
3 9 1
t 137 23
m0 3 1
1 9 0
2 9 0
3 9 0
t 136 23
m0 3 1
1 9 1
2 9 1
3 9 1
t 135 23
m0 3 0
1 9 2
2 9 2
3 9 2
t 134 23
m0 3 1
1 9 1
2 9 1
3 9 1
t 133 23
m0 4 1
1 9 0
2 9 0
3 9 0
t 132 23
m0 3 1
1 9 1
2 9 1
3 9 1
t 131 23
m0 3 0
1 9 2
2 9 2
3 9 2
t 130 23
m0 3 0
1 9 1
2 9 1
3 9 1
t 129 23
m0 3 1
1 9 0
2 9 0
3 9 0
t 128 23
m0 3 1
1 9 1
2 9 1
3 9 1
t 127 23
m0 4 1
1 9 0
2 9 0
3 9 0
t 126 23
m0 5 1
1 9 1
2 9 1
3 9 1
t 125 24
m0 6 1
1 9 0
2 9 0
3 9 0
t 124 25
m0 5 1
1 9 1
2 9 1
3 9 1
t 123 25
m0 5 0
1 9 2
2 9 2
3 9 2
t 122 25
m0 5 0
1 9 1
2 9 1
3 9 1
t 121 25
m0 4 0
1 9 2
2 9 2
3 9 2
t 120 25
m0 4 1
1 9 1
2 9 1
3 9 1
t 119 25
m0 4 0
1 9 2
2 9 2
3 9 2
t 118 25
m0 3 0
1 9 1
2 9 1
3 9 1
t 117 25
m0 3 1
1 9 0
2 9 0
3 9 0
t 116 25
m0 4 1
1 9 1
2 9 1
3 9 1
t 115 25
m0 5 1
1 9 0
2 9 0
3 9 0
t 114 25
m0 5 1
1 9 1
2 9 1
3 9 1
t 113 25
m0 4 1
1 9 0
2 9 0
3 9 0
t 112 25
m0 5 1
1 9 1
2 9 1
3 9 1
t 111 25
m0 5 1
1 9 0
2 9 0
3 9 0
t 110 25
m0 5 2
1 9 1
2 9 1
3 9 1
t 109 25
m0 6 2
1 9 0
2 9 0
3 9 0
t 108 26
m0 6 2
1 9 1
2 9 1
3 9 1
t 107 26
m0 7 2
1 9 0
2 9 0
3 9 0
t 106 26
m0 8 2
1 9 1
2 9 1
3 9 1
t 105 27
m0 8 2
1 9 0
2 9 0
3 9 0
t 104 27
m0 7 2
1 9 1
2 9 1
3 9 1
t 103 27
m0 7 2
1 9 0
2 9 0
3 9 0
t 102 27
m0 6 2
1 9 1
2 9 1
3 9 1
t 101 27
m0 6 1
1 9 0
2 9 0
3 9 0
t 100 27
m0 5 1
1 9 1
2 9 1
3 9 1
t 99 27
m0 4 1
1 9 0
2 9 0
3 9 0
t 98 27
m0 5 1
1 9 1
2 9 1
3 9 1
t 97 27
m0 5 1
1 9 0
2 9 0
3 9 0
t 96 27
m0 5 2
1 9 1
2 9 1
3 9 1
t 95 27
m0 5 1
1 9 0
2 9 0
3 9 0
t 94 27
m0 4 1
1 9 1
2 9 1
3 9 1
t 93 27
m0 4 0
1 9 2
2 9 2
3 9 2
t 92 27
m0 4 0
1 9 1
2 9 1
3 9 1
t 91 27
m0 5 0
1 9 2
2 9 2
3 9 2
t 90 27
m0 5 0
1 9 1
2 9 1
3 9 1
t 89 27
m0 5 0
1 9 2
2 9 2
3 9 2
t 88 27
m0 5 1
1 9 1
2 9 1
3 9 1
t 87 27
m0 4 1
1 9 0
2 9 0
3 9 0
t 86 27
m0 5 1
1 9 1
2 9 1
3 9 1
t 85 27
m0 5 1
1 9 0
2 9 0
3 9 0
t 84 27
m0 5 0
1 9 1
2 9 1
3 9 1
t 83 27
m0 5 1
1 9 0
2 9 0
3 9 0
t 82 27
m0 5 1
1 9 1
2 9 1
3 9 1
t 81 27
m0 6 1
1 9 0
2 9 0
3 9 0
t 80 27
m0 5 1
1 9 1
2 9 1
3 9 1
t 79 27
m0 5 2
1 9 0
2 9 0
3 9 0
t 78 27
m0 6 2
1 9 1
2 9 1
3 9 1
t 77 27
m0 6 3
1 9 0
2 9 0
3 9 0
t 76 28
m0 6 3
1 9 1
2 9 1
3 9 1
t 75 28
m0 6 4
1 9 0
2 9 0
3 9 0
t 74 29
m0 6 4
1 9 1
2 9 1
3 9 1
t 73 29
m0 5 4
1 9 0
2 9 0
3 9 0
t 72 29
m0 4 4
1 9 1
2 9 1
3 9 1
t 71 29
m0 4 3
1 9 0
2 9 0
3 9 0
t 70 29
m0 4 4
1 9 1
2 9 1
3 9 1
t 69 29
m0 4 3
1 9 0
2 9 0
3 9 0
t 68 29
m0 4 4
1 9 1
2 9 1
3 9 1
t 67 29
m0 4 3
1 9 0
2 9 0
3 9 0
t 66 29
m0 4 3
1 9 1
2 9 1
3 9 1
t 65 29
m0 3 3
1 9 0
2 9 0
3 9 0
t 64 29
m0 3 3
1 9 1
2 9 1
3 9 1
t 63 29
m0 3 3
1 9 0
2 9 0
3 9 0
t 62 29
m0 3 3
1 9 1
2 9 1
3 9 1
t 61 29
m0 3 3
1 9 0
2 9 0
3 9 0
t 60 29
m0 4 3
1 9 1
2 9 1
3 9 1
t 59 29
m0 4 4
1 9 0
2 9 0
3 9 0
t 58 29
m0 4 4
1 9 1
2 9 1
3 9 1
t 57 29
m0 4 5
1 9 0
2 9 0
3 9 0
t 56 30
m0 5 5
1 9 1
2 9 1
3 9 1
t 55 31
m0 5 6
1 9 0
2 9 0
3 9 0
t 54 32
m0 6 6
1 9 1
2 9 1
3 9 1
t 53 33
m0 5 6
1 9 0
2 9 0
3 9 0
t 52 33
m0 6 6
1 9 1
2 9 1
3 9 1
t 51 33
m0 6 6
1 9 0
2 9 0
3 9 0
t 50 33
m0 5 6
1 9 1
2 9 1
3 9 1
t 49 33
m0 4 6
1 9 0
2 9 0
3 9 0
t 48 34
m0 4 6
1 9 1
2 9 1
3 9 1
t 47 34
m0 4 6
1 9 0
2 9 0
3 9 0
t 46 34
m0 4 6
1 9 1
2 9 1
3 9 1
t 45 34
m0 3 6
1 9 0
2 9 0
3 9 0
t 44 35
m0 3 5
1 9 1
2 9 1
3 9 1
t 43 35
m0 4 5
1 9 0
2 9 0
3 9 0
t 42 35
m0 3 5
1 9 1
2 9 1
3 9 1
t 41 35
m0 3 5
1 9 0
2 9 0
3 9 0
t 40 35
m0 4 5
1 9 1
2 9 1
3 9 1
t 39 35
m0 4 5
1 9 0
2 9 0
3 9 0
t 38 35
m0 4 4
1 9 1
2 9 1
3 9 1
t 37 35
m0 5 4
1 9 0
2 9 0
3 9 0
t 36 35
m0 5 5
1 9 1
2 9 1
3 9 1
t 35 35
m0 5 6
1 9 0
2 9 0
3 9 0
t 34 35
m0 4 6
1 9 1
2 9 1
3 9 1
t 33 35
m0 4 6
1 9 0
2 9 0
3 9 0
t 32 35
m0 4 5
1 9 1
2 9 1
3 9 1
t 31 35
m0 4 4
1 9 0
2 9 0
3 9 0
t 30 35
m0 5 4
1 9 1
2 9 1
3 9 1
t 29 35
m0 5 5
1 9 0
2 9 0
3 9 0
t 28 35
m0 6 5
1 9 1
2 9 1
3 9 1
t 27 35
m0 5 5
1 9 0
2 9 0
3 9 0
t 26 35
m0 5 5
1 9 1
2 9 1
3 9 1
t 25 35
m0 5 5
1 9 0
2 9 0
3 9 0
t 24 35
m0 5 5
1 9 1
2 9 1
3 9 1
t 23 35
m0 6 5
1 9 0
2 9 0
3 9 0
t 22 35
m0 5 5
1 9 1
2 9 1
3 9 1
t 21 35
m0 5 6
1 9 0
2 9 0
3 9 0
t 20 35
m0 4 6
1 9 1
2 9 1
3 9 1
t 19 35
m0 4 7
1 9 0
2 9 0
3 9 0
t 18 45
m0 3 7
1 9 1
2 9 1
3 9 1
t 17 45
m0 4 7
1 9 0
2 9 0
3 9 0
t 16 45
m0 4 6
1 9 1
2 9 1
3 9 1
t 15 45
m0 4 6
1 9 0
2 9 0
3 9 0
t 14 45
m0 4 6
1 9 1
2 9 1
3 9 1
t 13 45
m0 3 6
1 9 0
2 9 0
3 9 0
t 12 45
m0 4 6
1 9 1
2 9 1
3 9 1
t 11 45
m0 4 6
1 9 0
2 9 0
3 9 0
t 10 45
m0 4 6
1 9 1
2 9 1
3 9 1
t 9 45
m0 5 6
1 9 0
2 9 0
3 9 0
t 8 45
m0 6 6
1 9 1
2 9 1
3 9 1
t 7 45
m0 6 6
1 9 0
2 9 0
3 9 0
f 5 0
t 6 45
m0 6 6
1 9 1
2 9 1
3 9 1
t 5 45
m0 6 7
1 9 0
2 9 0
3 9 0
t 4 45
m0 6 7
1 9 1
2 9 1
3 9 1
t 3 45
m0 6 8
1 9 0
2 9 0
3 9 0
t 2 45
m0 6 9
1 9 1
2 9 1
3 9 1
t 1 45
m0 6 8
1 9 1
2 9 1
3 9 1
t 0 45
