10
15
w 6 9
w 7 12
w 2 1
w 0 10
w 3 7
w 7 11
w 5 1
w 5 5
w 2 9
w 7 6
w 4 4
w 2 13
w 8 6
w 9 7
w 4 10
w 6 4
w 3 2
w 5 11
w 7 1
w 1 13
w 1 4
w 0 5
w 8 7
w 9 6
w 3 5
w 2 7
w 6 8
w 1 12
w 9 2
w 7 13
w 5 7
w 9 9
w 0 6
w 6 13
w 5 2
w 0 2
w 8 4
p 7 3
p 4 7
p 1 3
p 8 13
p 3 0
p 2 8
p 9 8
p 8 0
p 5 6
p 7 7
p 0 7
p 3 11
p 5 13
p 4 12
p 1 6
p 9 4
p 8 5
p 3 14
p 5 8
p 1 2
p 8 14
p 4 9
p 8 1
p 5 12
p 6 3
p 4 13
p 5 0
p 2 2
p 1 10
p 0 4
p 7 10
p 5 4
p 2 6
p 9 14
p 8 2
p 3 13
p 4 5
p 4 14
p 6 0
p 0 12
p 9 10
p 6 12
p 1 0
p 6 5
p 5 10
p 4 6
p 8 12
p 6 1
p 2 11
p 7 4
p 2 0
p 3 8
p 8 8
p 1 8
p 0 9
p 2 4
m0 0 14
1 9 0
2 9 0
3 9 0
t 300 0
m0 0 13
1 8 0
2 8 0
3 8 0
t 299 0
m0 0 12
1 9 0
2 9 0
3 9 0
t 298 1
m0 0 11
1 8 0
2 8 0
3 8 0
t 297 1
m0 1 11
1 9 0
2 9 0
3 9 0
t 296 1
m0 1 10
1 8 0
2 8 0
3 8 0
t 295 2
m0 2 10
1 9 0
2 9 0
3 9 0
t 294 2
m0 3 10
1 8 0
2 8 0
3 8 0
t 293 2
m0 3 9
1 9 0
2 9 0
3 9 0
t 292 2
m0 3 8
1 8 0
2 8 0
3 8 0
t 291 3
m0 4 8
1 9 0
2 9 0
3 9 0
t 290 3
m0 4 8
1 8 0
2 8 0
3 8 0
t 289 3
m0 5 8
1 9 0
2 9 0
3 9 0
t 288 4
m0 5 9
1 8 0
2 8 0
3 8 0
f 1 7
t 287 4
m0 4 9
1 9 0
2 9 0
3 9 0
t 286 5
m0 4 8
1 8 0
2 8 0
3 8 0
t 285 5
m0 4 8
1 9 0
2 9 0
3 9 0
t 284 5
m0 4 8
1 8 0
2 8 0
3 8 0
t 283 5
m0 4 8
1 9 0
2 9 0
3 9 0
t 282 5
m0 4 8
1 8 0
2 8 0
3 8 0
t 281 5
m0 4 8
1 9 0
2 9 0
3 9 0
t 280 5
m0 4 8
1 8 0
2 8 0
3 8 0
t 279 5
m0 4 8
1 9 0
2 9 0
3 9 0
t 278 5
m0 4 8
1 8 0
2 8 0
3 8 0
t 277 5
m0 4 8
1 9 0
2 9 0
3 9 0
t 276 5
m0 4 7
1 8 0
2 8 0
3 8 0
t 275 6
m0 4 6
1 9 0
2 9 0
3 9 0
t 274 7
m0 4 6
1 8 0
2 8 0
3 8 0
t 273 7
m0 4 5
1 9 0
2 9 0
3 9 0
t 272 8
m0 4 6
1 8 0
2 8 0
3 8 0
t 271 8
m0 5 6
1 9 0
2 9 0
3 9 0
t 270 9
m0 4 6
1 8 0
2 8 0
3 8 0
t 269 9
m0 4 6
1 9 0
2 9 0
3 9 0
t 268 9
m0 4 6
1 8 0
2 8 0
3 8 0
t 267 9
m0 4 6
1 9 0
2 9 0
3 9 0
t 266 9
m0 3 6
1 8 0
2 8 0
3 8 0
t 265 9
m0 4 6
1 9 0
2 9 0
3 9 0
t 264 9
m0 4 6
1 8 0
2 8 0
3 8 0
t 263 9
m0 4 6
1 9 0
2 9 0
3 9 0
t 262 9
m0 3 6
1 8 0
2 8 0
3 8 0
t 261 9
m0 2 6
1 9 0
2 9 0
3 9 0
t 260 10
m0 1 6
1 8 0
2 8 0
3 8 0
t 259 11
m0 1 7
1 9 0
2 9 0
3 9 0
t 258 21
m0 0 7
1 8 0
2 8 0
3 8 0
t 257 22
m0 0 8
1 9 0
2 9 0
3 9 0
t 256 22
m0 0 8
1 8 0
2 8 0
3 8 0
t 255 22
m0 0 8
1 9 0
2 9 0
3 9 0
t 254 22
m0 0 9
1 8 0
2 8 0
3 8 0
t 253 23
m0 0 8
1 9 0
2 9 0
3 9 0
t 252 23
m0 0 8
1 8 0
2 8 0
3 8 0
t 251 23
m0 0 8
1 9 0
2 9 0
3 9 0
t 250 23
m0 0 8
1 8 0
2 8 0
3 8 0
t 249 23
m0 0 8
1 9 0
2 9 0
3 9 0
t 248 23
m0 0 8
1 8 0
2 8 0
3 8 0
t 247 23
m0 0 8
1 9 0
2 9 0
3 9 0
t 246 23
m0 0 8
1 8 0
2 8 0
3 8 0
t 245 23
m0 0 8
1 9 0
2 9 0
3 9 0
t 244 23
m0 0 8
1 8 0
2 8 0
3 8 0
t 243 23
m0 0 8
1 9 0
2 9 0
3 9 0
t 242 23
m0 0 8
1 8 0
2 8 0
3 8 0
t 241 23
m0 0 8
1 9 0
2 9 0
3 9 0
t 240 23
m0 0 8
1 8 0
2 8 0
3 8 0
t 239 23
m0 0 8
1 9 0
2 9 0
3 9 0
t 238 23
m0 0 8
1 8 0
2 8 0
3 8 0
t 237 23
m0 0 8
1 9 0
2 9 0
3 9 0
t 236 23
m0 0 8
1 8 0
2 8 0
3 8 0
t 235 23
m0 0 8
1 9 0
2 9 0
3 9 0
t 234 23
m0 0 8
1 8 0
2 8 0
3 8 0
t 233 23
m0 0 8
1 9 0
2 9 0
3 9 0
t 232 23
m0 0 8
1 8 0
2 8 0
3 8 0
t 231 23
m0 0 8
1 9 0
2 9 0
3 9 0
t 230 23
m0 0 8
1 8 0
2 8 0
3 8 0
t 229 23
m0 0 8
1 9 0
2 9 0
3 9 0
t 228 23
m0 0 8
1 8 0
2 8 0
3 8 0
t 227 23
m0 0 8
1 9 0
2 9 0
3 9 0
t 226 23
m0 0 8
1 8 0
2 8 0
3 8 0
t 225 23
m0 0 8
1 9 0
2 9 0
3 9 0
t 224 23
m0 0 8
1 8 0
2 8 0
3 8 0
t 223 23
m0 0 8
1 9 0
2 9 0
3 9 0
t 222 23
m0 0 8
1 8 0
2 8 0
3 8 0
t 221 23
m0 0 8
1 9 0
2 9 0
3 9 0
t 220 23
m0 0 8
1 8 0
2 8 0
3 8 0
t 219 23
m0 0 8
1 9 0
2 9 0
3 9 0
t 218 23
m0 0 8
1 8 0
2 8 0
3 8 0
t 217 23
m0 0 8
1 9 0
2 9 0
3 9 0
t 216 23
m0 1 8
1 8 0
2 8 0
3 8 0
f 4 3
t 215 24
m0 2 8
1 9 0
2 9 0
3 9 0
t 214 25
m0 3 8
1 8 0
2 8 0
3 8 0
t 213 25
m0 4 8
1 9 0
2 9 0
3 9 0
t 212 25
m0 3 8
1 8 0
2 8 0
3 8 0
t 211 25
m0 4 8
1 9 0
2 9 0
3 9 0
t 210 25
m0 4 8
1 8 0
2 8 0
3 8 0
t 209 25
m0 4 8
1 9 0
2 9 0
3 9 0
t 208 25
m0 4 9
1 8 0
2 8 0
3 8 0
t 207 25
m0 4 8
1 9 0
2 9 0
3 9 0
t 206 25
m0 4 8
1 8 0
2 8 0
3 8 0
t 205 25
m0 4 8
1 9 0
2 9 0
3 9 0
t 204 25
m0 3 8
1 8 0
2 8 0
3 8 0
t 203 25
m0 3 8
1 9 0
2 9 0
3 9 0
t 202 25
m0 4 8
1 8 0
2 8 0
3 8 0
t 201 25
m0 4 8
1 9 0
2 9 0
3 9 0
t 200 25
m0 4 9
1 8 0
2 8 0
3 8 0
t 199 25
m0 4 8
1 9 0
2 9 0
3 9 0
t 198 25
m0 4 8
1 8 0
2 8 0
3 8 0
t 197 25
m0 4 9
1 9 0
2 9 0
3 9 0
t 196 25
m0 3 9
1 8 0
2 8 0
3 8 0
t 195 25
m0 3 10
1 9 0
2 9 0
3 9 0
t 194 25
m0 3 11
1 8 0
2 8 0
3 8 0
t 193 26
m0 2 11
1 9 0
2 9 0
3 9 0
t 192 27
m0 3 11
1 8 0
2 8 0
3 8 0
t 191 27
m0 3 11
1 9 0
2 9 0
3 9 0
t 190 27
m0 3 11
1 8 0
2 8 0
3 8 0
t 189 27
m0 3 12
1 9 0
2 9 0
3 9 0
t 188 27
m0 4 12
1 8 0
2 8 0
3 8 0
t 187 28
m0 4 13
1 9 0
2 9 0
3 9 0
t 186 29
m0 4 14
1 8 0
2 8 0
3 8 0
t 185 30
m0 3 14
1 9 0
2 9 0
3 9 0
t 184 31
m0 3 14
1 8 0
2 8 0
3 8 0
t 183 31
m0 4 14
1 9 0
2 9 0
3 9 0
t 182 31
m0 4 13
1 8 0
2 8 0
3 8 0
t 181 31
m0 4 13
1 9 0
2 9 0
3 9 0
t 180 31
m0 4 12
1 8 0
2 8 0
3 8 0
t 179 31
m0 3 12
1 9 0
2 9 0
3 9 0
t 178 31
m0 3 12
1 8 0
2 8 0
3 8 0
t 177 31
m0 3 12
1 9 0
2 9 0
3 9 0
t 176 31
m0 4 12
1 8 0
2 8 0
3 8 0
t 175 31
m0 4 13
1 9 0
2 9 0
3 9 0
t 174 31
m0 3 13
1 8 0
2 8 0
3 8 0
t 173 32
m0 4 13
1 9 0
2 9 0
3 9 0
t 172 32
m0 4 12
1 8 0
2 8 0
3 8 0
t 171 32
m0 3 12
1 9 0
2 9 0
3 9 0
t 170 32
m0 4 12
1 8 0
2 8 0
3 8 0
t 169 32
m0 4 13
1 9 0
2 9 0
3 9 0
t 168 32
m0 4 14
1 8 0
2 8 0
3 8 0
t 167 32
m0 4 13
1 9 0
2 9 0
3 9 0
t 166 32
m0 5 13
1 8 0
2 8 0
3 8 0
t 165 33
m0 5 12
1 9 0
2 9 0
3 9 0
t 164 34
m0 6 12
1 8 0
2 8 0
3 8 0
t 163 35
m0 5 12
1 9 0
2 9 0
3 9 0
t 162 35
m0 5 12
1 8 0
2 8 0
3 8 0
t 161 35
m0 5 12
1 9 0
2 9 0
3 9 0
t 160 35
m0 5 12
1 8 0
2 8 0
3 8 0
t 159 35
m0 5 12
1 9 0
2 9 0
3 9 0
t 158 35
m0 5 12
1 8 0
2 8 0
3 8 0
t 157 35
m0 5 12
1 9 0
2 9 0
3 9 0
t 156 35
m0 5 13
1 8 0
2 8 0
3 8 0
t 155 35
m0 5 14
1 9 0
2 9 0
3 9 0
t 154 35
m0 5 13
1 8 0
2 8 0
3 8 0
t 153 35
m0 5 14
1 9 0
2 9 0
3 9 0
t 152 35
m0 5 14
1 8 0
2 8 0
3 8 0
t 151 35
m0 5 14
1 9 0
2 9 0
3 9 0
t 150 35
m0 4 14
1 8 0
2 8 0
3 8 0
t 149 35
m0 4 13
1 9 0
2 9 0
3 9 0
t 148 35
m0 4 12
1 8 0
2 8 0
3 8 0
t 147 35
m0 4 12
1 9 0
2 9 0
3 9 0
t 146 35
m0 4 13
1 8 0
2 8 0
3 8 0
t 145 35
m0 5 13
1 9 0
2 9 0
3 9 0
t 144 35
m0 5 14
1 8 0
2 8 0
3 8 0
t 143 35
m0 5 14
1 9 0
2 9 0
3 9 0
t 142 35
m0 4 14
1 8 0
2 8 0
3 8 0
t 141 35
m0 4 13
1 9 0
2 9 0
3 9 0
t 140 35
m0 4 12
1 8 0
2 8 0
3 8 0
t 139 35
m0 4 12
1 9 0
2 9 0
3 9 0
t 138 35
m0 4 12
1 8 0
2 8 0
3 8 0
t 137 35
m0 4 13
1 9 0
2 9 0
3 9 0
t 136 35
m0 4 12
1 8 0
2 8 0
3 8 0
t 135 35
m0 4 12
1 9 0
2 9 0
3 9 0
t 134 35
m0 3 12
1 8 0
2 8 0
3 8 0
t 133 35
m0 3 11
1 9 0
2 9 0
3 9 0
t 132 35
m0 3 11
1 8 0
2 8 0
3 8 0
t 131 35
m0 3 12
1 9 0
2 9 0
3 9 0
t 130 35
m0 4 12
1 8 0
2 8 0
3 8 0
t 129 35
m0 4 13
1 9 0
2 9 0
3 9 0
t 128 35
m0 4 13
1 8 0
2 8 0
3 8 0
t 127 35
m0 4 14
1 9 0
2 9 0
3 9 0
t 126 35
m0 4 13
1 8 0
2 8 0
3 8 0
t 125 35
m0 4 12
1 9 0
2 9 0
3 9 0
t 124 35
m0 4 12
1 8 0
2 8 0
3 8 0
t 123 35
m0 4 12
1 9 0
2 9 0
3 9 0
t 122 35
m0 3 12
1 8 0
2 8 0
3 8 0
t 121 35
m0 3 12
1 9 0
2 9 0
3 9 0
t 120 35
m0 4 12
1 8 0
2 8 0
3 8 0
t 119 35
m0 4 13
1 9 0
2 9 0
3 9 0
t 118 35
m0 4 13
1 8 0
2 8 0
3 8 0
t 117 35
m0 4 12
1 9 0
2 9 0
3 9 0
t 116 35
m0 5 12
1 8 0
2 8 0
3 8 0
t 115 35
m0 5 12
1 9 0
2 9 0
3 9 0
t 114 35
m0 4 12
1 8 0
2 8 0
3 8 0
t 113 35
m0 4 12
1 9 0
2 9 0
3 9 0
t 112 35
m0 4 12
1 8 0
2 8 0
3 8 0
t 111 35
m0 4 13
1 9 0
2 9 0
3 9 0
t 110 35
m0 4 13
1 8 0
2 8 0
3 8 0
t 109 35
m0 4 13
1 9 0
2 9 0
3 9 0
t 108 35
m0 4 14
1 8 0
2 8 0
3 8 0
t 107 35
m0 5 14
1 9 0
2 9 0
3 9 0
t 106 35
m0 5 14
1 8 0
2 8 0
3 8 0
t 105 35
m0 5 14
1 9 0
2 9 0
3 9 0
t 104 35
m0 5 14
1 8 0
2 8 0
3 8 0
t 103 35
m0 5 13
1 9 0
2 9 0
3 9 0
t 102 35
m0 4 13
1 8 0
2 8 0
3 8 0
t 101 35
m0 4 12
1 9 0
2 9 0
3 9 0
t 100 35
m0 4 12
1 8 0
2 8 0
3 8 0
t 99 35
m0 4 13
1 9 0
2 9 0
3 9 0
t 98 35
m0 4 14
1 8 0
2 8 0
3 8 0
t 97 35
m0 5 14
1 9 0
2 9 0
3 9 0
t 96 35
m0 5 14
1 8 0
2 8 0
3 8 0
t 95 35
m0 4 14
1 9 0
2 9 0
3 9 0
t 94 35
m0 3 14
1 8 0
2 8 0
3 8 0
t 93 35
m0 2 14
1 9 0
2 9 0
3 9 0
t 92 35
m0 3 14
1 8 0
2 8 0
3 8 0
t 91 35
m0 4 14
1 9 0
2 9 0
3 9 0
t 90 35
m0 5 14
1 8 0
2 8 0
3 8 0
t 89 35
m0 4 14
1 9 0
2 9 0
3 9 0
t 88 35
m0 3 14
1 8 0
2 8 0
3 8 0
t 87 35
m0 4 14
1 9 0
2 9 0
3 9 0
t 86 35
m0 4 13
1 8 0
2 8 0
3 8 0
t 85 35
m0 3 13
1 9 0
2 9 0
3 9 0
t 84 35
m0 4 13
1 8 0
2 8 0
3 8 0
t 83 35
m0 5 13
1 9 0
2 9 0
3 9 0
t 82 35
m0 5 14
1 8 0
2 8 0
3 8 0
t 81 35
m0 5 14
1 9 0
2 9 0
3 9 0
t 80 35
m0 6 14
1 8 0
2 8 0
3 8 0
t 79 35
m0 7 14
1 9 0
2 9 0
3 9 0
t 78 35
m0 8 14
1 8 0
2 8 0
3 8 0
t 77 36
m0 9 14
1 7 0
2 7 0
3 7 0
t 76 37
m0 9 14
1 6 0
2 6 0
3 6 0
t 75 37
m0 9 14
1 5 0
2 5 0
3 5 0
t 74 37
m0 8 14
1 4 0
2 4 0
3 4 0
t 73 37
m0 9 14
1 3 0
2 3 0
3 3 0
t 72 37
m0 9 13
1 2 0
2 2 0
3 2 0
t 71 37
m0 9 13
1 1 0
2 1 0
3 1 0
t 70 37
m0 9 12
1 0 0
2 0 0
3 0 0
t 69 37
m0 9 11
1 1 0
2 1 0
3 1 0
t 68 37
m0 9 12
1 0 0
2 0 0
3 0 0
t 67 37
m0 9 13
1 1 0
2 1 0
3 1 0
t 66 37
m0 9 14
1 0 0
2 0 0
3 0 0
t 65 37
m0 9 13
1 1 0
2 1 0
3 1 0
t 64 37
m0 9 14
1 0 0
2 0 0
3 0 0
t 63 37
m0 9 13
1 1 0
2 1 0
3 1 0
t 62 37
m0 8 13
1 0 0
2 0 0
3 0 0
t 61 38
m0 8 12
1 1 0
2 1 0
3 1 0
t 60 39
m0 8 11
1 0 0
2 0 0
3 0 0
t 59 39
m0 9 11
1 1 0
2 1 0
3 1 0
t 58 39
m0 9 10
1 0 0
2 0 0
3 0 0
t 57 40
m0 9 11
1 1 0
2 1 0
3 1 0
t 56 40
m0 9 10
1 0 0
2 0 0
3 0 0
t 55 40
m0 9 11
1 1 0
2 1 0
3 1 0
t 54 40
m0 9 11
1 0 0
2 0 0
3 0 0
t 53 40
m0 9 11
1 1 0
2 1 0
3 1 0
t 52 40
m0 9 11
1 0 0
2 0 0
3 0 0
t 51 40
m0 9 12
1 1 0
2 1 0
3 1 0
t 50 40
m0 9 11
1 0 0
2 0 0
3 0 0
t 49 40
m0 9 11
1 1 0
2 1 0
3 1 0
t 48 40
m0 9 11
1 0 0
2 0 0
3 0 0
t 47 40
m0 9 12
1 1 0
2 1 0
3 1 0
t 46 40
m0 9 13
1 0 0
2 0 0
3 0 0
t 45 40
m0 9 12
1 1 0
2 1 0
3 1 0
t 44 40
m0 9 11
1 0 0
2 0 0
3 0 0
t 43 40
m0 8 11
1 1 0
2 1 0
3 1 0
t 42 40
m0 8 10
1 0 0
2 0 0
3 0 0
t 41 40
m0 7 10
1 1 0
2 1 0
3 1 0
t 40 41
m0 6 10
1 0 0
2 0 0
3 0 0
t 39 41
m0 6 10
1 1 0
2 1 0
3 1 0
t 38 41
m0 7 10
1 0 0
2 0 0
3 0 0
t 37 41
m0 8 10
1 1 0
2 1 0
3 1 0
t 36 41
m0 8 10
1 0 0
2 0 0
3 0 0
t 35 41
m0 8 10
1 1 0
2 1 0
3 1 0
t 34 41
m0 8 10
1 0 0
2 0 0
3 0 0
t 33 41
m0 8 9
1 1 0
2 1 0
3 1 0
t 32 41
m0 8 8
1 0 0
2 0 0
3 0 0
t 31 42
m0 9 8
1 1 0
2 1 0
3 1 0
t 30 43
m0 8 8
1 0 0
2 0 0
3 0 0
t 29 43
m0 7 8
1 1 0
2 1 0
3 1 0
t 28 43
m0 7 7
1 0 0
2 0 0
3 0 0
t 27 44
m0 7 8
1 1 0
2 1 0
3 1 0
t 26 44
m0 7 9
1 0 0
2 0 0
3 0 0
t 25 44
m0 7 9
1 1 0
2 1 0
3 1 0
t 24 44
m0 7 9
1 0 0
2 0 0
3 0 0
t 23 44
m0 7 10
1 1 0
2 1 0
3 1 0
t 22 44
m0 6 10
1 0 0
2 0 0
3 0 0
t 21 44
m0 5 10
1 1 0
2 1 0
3 1 0
t 20 45
m0 6 10
1 0 0
2 0 0
3 0 0
t 19 45
m0 6 10
1 1 0
2 1 0
3 1 0
t 18 45
m0 5 10
1 0 0
2 0 0
3 0 0
t 17 45
m0 6 10
1 1 0
2 1 0
3 1 0
t 16 45
m0 6 10
1 0 0
2 0 0
3 0 0
t 15 45
m0 6 10
1 1 0
2 1 0
3 1 0
t 14 45
m0 7 10
1 0 0
2 0 0
3 0 0
t 13 45
m0 7 9
1 1 0
2 1 0
3 1 0
t 12 45
m0 8 9
1 0 0
2 0 0
3 0 0
t 11 45
m0 8 8
1 1 0
2 1 0
3 1 0
t 10 45
m0 9 8
1 0 0
2 0 0
3 0 0
t 9 45
m0 8 8
1 1 0
2 1 0
3 1 0
t 8 45
m0 8 8
1 0 0
2 0 0
3 0 0
t 7 45
m0 8 9
1 1 0
2 1 0
3 1 0
t 6 45
m0 8 8
1 0 0
2 0 0
3 0 0
t 5 45
m0 8 8
1 1 0
2 1 0
3 1 0
t 4 45
m0 7 8
1 0 0
2 0 0
3 0 0
t 3 45
m0 8 8
1 1 0
2 1 0
3 1 0
t 2 45
m0 8 8
1 0 0
2 0 0
3 0 0
t 1 45
m0 8 8
1 0 0
2 0 0
3 0 0
t 0 45
