10
15
w 5 9
w 4 7
w 6 9
w 8 13
w 2 12
w 9 4
w 1 2
w 3 3
w 8 1
w 3 10
w 7 6
w 8 10
w 1 1
w 9 7
w 3 2
w 2 6
w 9 14
w 8 2
w 4 5
w 6 11
w 9 3
w 6 0
w 4 14
w 3 9
w 0 5
w 4 2
w 2 14
w 9 6
w 9 13
w 9 2
w 5 7
w 7 4
w 1 8
w 6 13
w 1 7
w 4 3
w 9 12
p 4 8
p 5 6
p 6 6
p 9 8
p 8 0
p 3 11
p 5 13
p 0 7
p 8 9
p 4 12
p 0 10
p 3 7
p 0 3
p 8 5
p 7 2
p 5 8
p 6 14
p 8 14
p 4 9
p 5 5
p 2 9
p 4 4
p 6 3
p 1 5
p 2 13
p 0 11
p 9 11
p 0 4
p 2 2
p 8 6
p 3 4
p 6 4
p 5 4
p 0 0
p 7 14
p 7 1
p 1 13
p 9 10
p 7 5
p 1 9
p 6 12
p 0 8
p 7 9
p 8 3
p 3 12
p 6 8
p 7 13
p 2 11
p 0 13
p 9 9
p 5 14
p 2 0
p 8 8
p 0 9
p 7 8
p 8 4
m0 0 14
1 9 0
2 9 0
3 9 0
t 300 0
m0 1 14
1 8 0
2 9 1
3 8 0
t 299 0
m0 1 13
1 9 0
2 9 0
3 7 0
t 298 1
m0 2 13
1 8 0
2 9 1
3 7 1
t 297 2
m0 2 13
1 9 0
2 9 0
3 6 1
f 0 14
t 296 2
m0 3 13
1 8 0
2 9 1
3 5 1
t 295 2
m0 3 14
1 7 0
2 9 0
3 4 1
t 294 2
m0 3 13
1 7 1
2 8 0
3 4 0
t 293 2
m0 2 13
1 6 1
2 9 0
3 3 0
t 292 2
m0 3 13
1 6 2
2 8 0
3 2 0
t 291 2
m0 3 13
1 5 2
2 9 0
3 1 0
t 290 2
m0 3 13
1 5 3
2 8 0
3 0 0
t 289 2
m0 2 13
1 5 4
2 9 0
3 1 0
t 288 2
m0 1 13
1 5 5
2 9 1
3 0 0
t 287 2
m0 0 13
1 5 6
2 9 0
3 0 1
t 286 3
m0 0 12
1 6 6
2 8 0
3 0 2
t 285 3
m0 0 11
1 5 6
2 9 0
3 0 1
t 284 4
m0 0 12
1 6 6
2 8 0
3 0 2
t 283 4
m0 1 12
1 5 6
2 9 0
3 0 1
t 282 4
m0 0 12
1 6 6
2 8 0
3 0 2
t 281 4
m0 0 13
1 5 6
2 9 0
3 0 1
t 280 4
m0 0 12
1 6 6
2 8 0
3 0 2
t 279 4
m0 1 12
1 5 6
2 9 0
3 0 1
t 278 4
m0 0 12
1 6 6
2 8 0
3 0 2
t 277 4
m0 0 13
1 5 6
2 9 0
3 0 1
t 276 4
m0 0 13
1 6 6
2 8 0
3 0 2
t 275 4
m0 0 12
1 5 6
2 9 0
3 0 1
t 274 4
m0 0 11
1 6 6
2 8 0
3 0 2
t 273 4
m0 1 11
1 5 6
2 9 0
3 0 1
t 272 4
m0 0 11
1 6 6
2 8 0
3 0 2
t 271 4
m0 0 10
1 5 6
2 9 0
3 0 1
t 270 5
m0 0 11
1 6 6
2 8 0
3 0 2
t 269 5
m0 0 11
1 5 6
2 9 0
3 0 1
t 268 5
m0 0 12
1 6 6
2 8 0
3 0 2
t 267 5
m0 0 13
1 5 6
2 9 0
3 0 1
t 266 5
m0 0 13
1 6 6
2 8 0
3 0 2
t 265 5
m0 0 14
1 5 6
2 9 0
3 0 1
t 264 15
m0 1 14
1 6 6
2 8 0
3 0 2
t 263 15
m0 1 13
1 5 6
2 9 0
3 0 1
t 262 15
m0 2 13
1 6 6
2 8 0
3 0 2
t 261 15
m0 3 13
1 5 6
2 9 0
3 0 1
t 260 15
m0 4 13
1 6 6
2 8 0
3 0 2
t 259 15
m0 5 13
1 5 6
2 9 0
3 0 1
t 258 16
m0 5 12
1 6 6
2 8 0
3 0 2
t 257 16
m0 6 12
1 5 6
2 9 0
3 0 1
t 256 17
m0 7 12
1 6 6
2 8 0
3 0 2
t 255 17
m0 8 12
1 5 6
2 9 0
3 0 1
t 254 17
m0 8 11
1 6 6
2 8 0
3 0 2
t 253 17
m0 9 11
1 5 6
2 9 0
3 0 1
t 252 18
m0 9 10
1 6 6
2 8 0
3 0 2
t 251 19
m0 9 9
1 5 6
2 9 0
3 0 1
t 250 20
m0 9 8
1 6 6
2 8 0
3 0 2
t 249 21
m0 8 8
1 5 6
2 9 0
3 0 1
t 248 22
m0 9 8
1 6 6
2 8 0
3 0 2
t 247 22
m0 8 8
1 5 6
2 9 0
3 0 1
t 246 22
m0 9 8
1 6 6
2 8 0
3 0 2
t 245 22
m0 8 8
1 5 6
2 9 0
3 0 1
t 244 22
m0 9 8
1 6 6
2 8 0
3 0 2
t 243 22
m0 8 8
1 5 6
2 9 0
3 0 1
t 242 22
m0 9 8
1 6 6
2 8 0
3 0 2
t 241 22
m0 8 8
1 5 6
2 9 0
3 0 1
t 240 22
m0 7 8
1 6 6
2 8 0
3 0 2
f 2 3
t 239 23
m0 7 8
1 5 6
2 9 0
3 0 1
t 238 23
m0 7 9
1 6 6
2 8 0
3 0 2
t 237 24
m0 7 9
1 5 6
2 9 0
3 0 1
t 236 24
m0 7 10
1 6 6
2 8 0
3 0 2
t 235 24
m0 7 11
1 5 6
2 9 0
3 0 1
t 234 24
m0 7 12
1 6 6
2 8 0
3 0 2
t 233 24
m0 7 12
1 5 6
2 9 0
3 0 1
t 232 24
m0 7 13
1 6 6
2 8 0
3 0 2
t 231 25
m0 7 14
1 5 6
2 9 0
3 0 1
t 230 26
m0 7 14
1 6 6
2 8 0
3 0 2
t 229 26
m0 8 14
1 5 6
2 9 0
3 0 1
t 228 27
m0 7 14
1 6 6
2 8 0
3 0 2
t 227 27
m0 8 14
1 5 6
2 9 0
3 0 1
t 226 27
m0 7 14
1 6 6
2 8 0
3 0 2
t 225 27
m0 6 14
1 5 6
2 9 0
3 0 1
t 224 28
m0 7 14
1 6 6
2 8 0
3 0 2
t 223 28
m0 6 14
1 5 6
2 9 0
3 0 1
t 222 28
m0 7 14
1 6 6
2 8 0
3 0 2
t 221 28
m0 7 14
1 5 6
2 9 0
3 0 1
t 220 28
m0 7 13
1 6 6
2 8 0
3 0 2
t 219 28
m0 7 12
1 5 6
2 9 0
3 0 1
t 218 28
m0 8 12
1 6 6
2 8 0
3 0 2
t 217 28
m0 7 12
1 5 6
2 9 0
3 0 1
t 216 28
m0 7 12
1 6 6
2 8 0
3 0 2
t 215 28
m0 7 12
1 5 6
2 9 0
3 0 1
t 214 28
m0 7 13
1 6 6
2 8 0
3 0 2
t 213 28
m0 7 14
1 5 6
2 9 0
3 0 1
t 212 28
m0 6 14
1 6 6
2 8 0
3 0 2
t 211 28
m0 7 14
1 5 6
2 9 0
3 0 1
t 210 28
m0 7 14
1 6 6
2 8 0
3 0 2
t 209 28
m0 6 14
1 5 6
2 9 0
3 0 1
t 208 28
m0 7 14
1 6 6
2 8 0
3 0 2
t 207 28
m0 7 14
1 5 6
2 9 0
3 0 1
t 206 28
m0 7 14
1 6 6
2 8 0
3 0 2
t 205 28
m0 6 14
1 5 6
2 9 0
3 0 1
t 204 28
m0 7 14
1 6 6
2 8 0
3 0 2
t 203 28
m0 8 14
1 5 6
2 9 0
3 0 1
t 202 28
m0 8 14
1 6 6
2 8 0
3 0 2
t 201 28
m0 8 14
1 5 6
2 9 0
3 0 1
t 200 28
m0 7 14
1 6 6
2 8 0
3 0 2
t 199 28
m0 6 14
1 5 6
2 9 0
3 0 1
t 198 28
m0 5 14
1 6 6
2 8 0
3 0 2
t 197 29
m0 5 14
1 5 6
2 9 0
3 0 1
t 196 29
m0 5 14
1 6 6
2 8 0
3 0 2
t 195 29
m0 5 13
1 5 6
2 9 0
3 0 1
t 194 29
m0 4 13
1 6 6
2 8 0
3 0 2
t 193 29
m0 3 13
1 5 6
2 9 0
3 0 1
t 192 29
m0 3 14
1 6 6
2 8 0
3 0 2
t 191 29
m0 3 13
1 5 6
2 9 0
3 0 1
t 190 29
m0 3 14
1 6 6
2 8 0
3 0 2
t 189 29
m0 3 13
1 5 6
2 9 0
3 0 1
t 188 29
m0 3 12
1 6 6
2 8 0
3 0 2
t 187 30
m0 3 13
1 5 6
2 9 0
3 0 1
t 186 30
m0 3 13
1 6 6
2 8 0
3 0 2
t 185 30
m0 2 13
1 5 6
2 9 0
3 0 1
t 184 30
m0 1 13
1 6 6
2 8 0
3 0 2
t 183 30
m0 0 13
1 5 6
2 9 0
3 0 1
t 182 30
m0 0 12
1 6 6
2 8 0
3 0 2
t 181 30
m0 1 12
1 5 6
2 9 0
3 0 1
t 180 30
m0 1 13
1 6 6
2 8 0
3 0 2
t 179 30
m0 0 13
1 5 6
2 9 0
3 0 1
t 178 30
m0 1 13
1 6 6
2 8 0
3 0 2
t 177 30
m0 2 13
1 5 6
2 9 0
3 0 1
t 176 30
m0 1 13
1 6 6
2 8 0
3 0 2
t 175 30
m0 1 14
1 5 6
2 9 0
3 0 1
t 174 30
m0 0 14
1 6 6
2 8 0
3 0 2
t 173 30
m0 1 14
1 5 6
2 9 0
3 0 1
t 172 30
m0 1 14
1 6 6
2 8 0
3 0 2
t 171 30
m0 0 14
1 5 6
2 9 0
3 0 1
t 170 30
m0 0 14
1 6 6
2 8 0
3 0 2
t 169 30
m0 0 13
1 5 6
2 9 0
3 0 1
t 168 30
m0 0 12
1 6 6
2 8 0
3 0 2
t 167 30
m0 0 12
1 5 6
2 9 0
3 0 1
t 166 30
m0 0 13
1 6 6
2 8 0
3 0 2
t 165 30
m0 1 13
1 5 6
2 9 0
3 0 1
t 164 30
m0 2 13
1 6 6
2 8 0
3 0 2
t 163 30
m0 1 13
1 5 6
2 9 0
3 0 1
t 162 30
m0 1 12
1 6 6
2 8 0
3 0 2
t 161 30
m0 1 13
1 5 6
2 9 0
3 0 1
t 160 30
m0 0 13
1 6 6
2 8 0
3 0 2
t 159 30
m0 0 14
1 5 6
2 9 0
3 0 1
t 158 30
m0 1 14
1 6 6
2 8 0
3 0 2
t 157 30
m0 1 13
1 5 6
2 9 0
3 0 1
t 156 30
m0 1 12
1 6 6
2 8 0
3 0 2
t 155 30
m0 1 12
1 5 6
2 9 0
3 0 1
t 154 30
m0 1 12
1 6 6
2 8 0
3 0 2
t 153 30
m0 1 12
1 5 6
2 9 0
3 0 1
t 152 30
m0 1 13
1 6 6
2 8 0
3 0 2
t 151 30
m0 1 12
1 5 6
2 9 0
3 0 1
t 150 30
m0 1 13
1 6 6
2 8 0
3 0 2
t 149 30
m0 0 13
1 5 6
2 9 0
3 0 1
t 148 30
m0 0 12
1 6 6
2 8 0
3 0 2
t 147 30
m0 0 12
1 5 6
2 9 0
3 0 1
t 146 30
m0 0 13
1 6 6
2 8 0
3 0 2
t 145 30
m0 0 12
1 5 6
2 9 0
3 0 1
t 144 30
m0 0 11
1 6 6
2 8 0
3 0 2
t 143 30
m0 0 12
1 5 6
2 9 0
3 0 1
t 142 30
m0 0 11
1 6 6
2 8 0
3 0 2
t 141 30
m0 0 10
1 5 6
2 9 0
3 0 1
t 140 30
m0 0 10
1 6 6
2 8 0
3 0 2
t 139 30
m0 0 10
1 5 6
2 9 0
3 0 1
t 138 30
m0 1 10
1 6 6
2 8 0
3 0 2
t 137 30
m0 1 9
1 5 6
2 9 0
3 0 1
t 136 31
m0 0 9
1 6 6
2 8 0
3 0 2
t 135 32
m0 0 9
1 5 6
2 9 0
3 0 1
t 134 32
m0 1 9
1 6 6
2 8 0
3 0 2
t 133 32
m0 0 9
1 5 6
2 9 0
3 0 1
t 132 32
m0 0 9
1 6 6
2 8 0
3 0 2
t 131 32
m0 0 8
1 5 6
2 9 0
3 0 1
t 130 33
m0 0 8
1 6 6
2 8 0
3 0 2
t 129 33
m0 0 8
1 5 6
2 9 0
3 0 1
t 128 33
m0 0 9
1 6 6
2 8 0
3 0 2
t 127 33
m0 0 8
1 5 6
2 9 0
3 0 1
t 126 33
m0 0 8
1 6 6
2 8 0
3 0 2
t 125 33
m0 0 8
1 5 6
2 9 0
3 0 1
t 124 33
m0 0 7
1 6 6
2 8 0
3 0 2
t 123 34
m0 0 8
1 5 6
2 9 0
3 0 1
t 122 34
m0 0 7
1 6 6
2 8 0
3 0 2
t 121 34
m0 0 6
1 5 6
2 9 0
3 0 1
t 120 34
m0 1 6
1 6 6
2 8 0
3 0 2
t 119 34
m0 0 6
1 5 6
2 9 0
3 0 1
t 118 34
m0 1 6
1 6 6
2 8 0
3 0 2
t 117 34
m0 0 6
1 5 6
2 9 0
3 0 1
t 116 34
m0 0 6
1 6 6
2 8 0
3 0 2
t 115 34
m0 1 6
1 5 6
2 9 0
3 0 1
t 114 34
m0 1 5
1 6 6
2 8 0
3 0 2
t 113 35
m0 2 5
1 5 6
2 9 0
3 0 1
t 112 35
m0 2 4
1 6 6
2 8 0
3 0 2
t 111 35
m0 2 3
1 5 6
2 9 0
3 0 1
t 110 45
m0 2 2
1 6 6
2 8 0
3 0 2
t 109 46
m0 2 1
1 5 6
2 9 0
3 0 1
t 108 46
m0 3 1
1 6 6
2 8 0
3 0 2
t 107 46
m0 4 1
1 5 6
2 9 0
3 0 1
t 106 46
m0 5 1
1 6 6
2 8 0
3 0 2
t 105 46
m0 6 1
1 5 6
2 9 0
3 0 1
t 104 46
m0 7 1
1 6 6
2 8 0
3 0 2
t 103 47
m0 7 0
1 5 6
2 9 0
3 0 1
t 102 47
m0 -5 -5
1 6 6
2 8 0
3 0 2
t 101 48
