10
15
w 5 9
w 8 13
w 4 8
w 5 6
w 2 8
w 9 8
w 8 0
w 7 7
w 4 12
w 6 2
w 1 6
w 0 10
w 5 1
w 0 3
w 1 11
w 5 8
w 3 10
w 1 5
w 0 11
w 9 11
w 3 6
w 1 1
w 9 7
w 8 2
w 6 11
w 1 13
w 5 2
w 2 3
w 0 8
w 0 1
w 7 8
w 6 1
w 3 1
w 5 14
w 7 4
w 3 4
w 8 4
p 1 3
p 7 12
p 3 0
p 5 13
p 2 1
p 2 12
p 9 4
p 7 11
p 3 7
p 2 5
p 8 5
p 3 14
p 6 14
p 1 2
p 7 2
p 9 0
p 4 0
p 4 9
p 3 3
p 2 9
p 6 7
p 7 6
p 4 4
p 1 14
p 8 10
p 5 0
p 2 2
p 8 6
p 6 4
p 7 14
p 3 2
p 4 10
p 7 1
p 3 13
p 6 0
p 4 14
p 2 10
p 1 9
p 2 14
p 9 6
p 4 11
p 3 5
p 7 9
p 2 7
p 8 3
p 3 12
p 4 6
p 9 2
p 5 7
p 0 13
p 2 11
p 3 8
p 0 6
p 6 13
p 1 7
p 2 4
m0 0 14
1 9 0
2 9 0
3 9 0
t 300 0
m0 1 14
1 9 1
2 9 1
3 9 1
t 299 1
m0 0 14
1 9 0
2 9 2
3 8 1
t 298 1
m0 0 14
1 9 1
2 9 3
3 7 1
t 297 1
m0 0 14
1 9 0
2 9 4
3 7 2
t 296 1
m0 0 13
1 9 1
2 9 3
3 7 3
t 295 2
m0 0 13
1 9 0
2 9 2
3 6 3
t 294 2
m0 0 14
1 9 1
2 9 3
3 6 4
t 293 2
m0 1 14
1 9 0
2 9 4
3 6 3
t 292 2
m0 2 14
1 9 1
2 9 5
3 5 3
t 291 3
m0 1 14
1 8 1
2 9 6
3 4 3
t 290 3
m0 0 14
1 9 1
2 8 6
3 4 4
t 289 3
m0 0 13
1 9 0
2 9 6
3 4 3
t 288 3
m0 0 13
1 9 1
2 9 5
3 4 4
t 287 3
m0 0 13
1 8 1
2 9 6
3 5 4
t 286 3
m0 0 13
1 7 1
2 9 5
3 4 4
t 285 3
m0 0 14
1 7 0
2 8 5
3 4 3
t 284 3
m0 0 14
1 7 1
2 9 5
3 5 3
t 283 3
m0 1 14
1 7 0
2 9 6
3 5 4
t 282 3
m0 1 14
1 6 0
2 9 5
3 5 3
t 281 3
m0 0 14
1 7 0
2 9 6
3 5 4
t 280 3
m0 0 13
1 6 0
2 8 6
3 6 4
t 279 3
m0 0 14
1 5 0
2 8 7
3 6 5
t 278 3
m0 1 14
1 6 0
2 8 8
3 7 5
t 277 3
m0 2 14
1 7 0
2 8 7
3 7 6
t 276 3
m0 2 13
1 6 0
2 8 8
3 7 5
t 275 3
m0 2 13
1 5 0
2 8 9
3 6 5
t 274 3
m0 2 12
1 6 0
2 8 10
3 5 5
t 273 4
m0 1 12
1 7 0
2 9 10
3 5 4
t 272 4
m0 2 12
1 6 0
2 9 9
3 4 4
t 271 4
m0 2 11
1 7 0
2 8 9
3 4 3
t 270 5
m0 2 11
1 7 1
2 9 9
3 4 4
t 269 5
m0 3 11
1 8 1
2 8 9
3 4 5
t 268 5
m0 4 11
1 9 1
2 8 8
3 3 5
t 267 6
m0 3 11
1 9 0
2 8 9
3 4 5
t 266 6
m0 4 11
1 9 1
2 8 10
3 3 5
t 265 6
m0 4 10
1 8 1
2 9 10
3 2 5
t 264 7
m0 5 10
1 7 1
2 9 9
3 2 4
t 263 7
m0 6 10
1 7 0
2 9 10
3 1 4
t 262 7
m0 7 10
1 7 1
2 9 9
3 1 3
t 261 7
m0 8 10
1 7 0
2 9 10
3 1 2
t 260 8
m0 8 10
1 6 0
2 9 9
3 2 2
t 259 8
m0 7 10
1 7 0
2 9 10
3 3 2
f 7 5
t 258 8
m0 7 11
1 6 0
2 9 9
3 2 2
t 257 9
m0 7 11
1 7 0
2 9 10
3 1 2
t 256 9
m0 7 10
1 6 0
2 9 9
3 1 3
t 255 9
m0 7 10
1 5 0
2 9 10
3 1 4
t 254 9
m0 8 10
1 6 0
2 9 9
3 1 3
t 253 9
m0 8 9
1 7 0
2 9 10
3 1 2
t 252 9
m0 7 9
1 6 0
2 9 9
3 0 2
t 251 10
m0 6 9
1 7 0
2 9 10
3 1 2
t 250 10
m0 6 8
1 7 1
2 9 9
3 0 2
t 249 10
m0 6 7
1 7 0
2 9 10
3 1 2
t 248 11
m0 6 8
1 6 0
2 8 10
3 1 3
t 247 11
m0 6 7
1 7 0
2 9 10
3 1 4
t 246 11
m0 5 7
1 6 0
2 9 9
3 2 4
t 245 12
m0 4 7
1 7 0
2 9 10
3 1 4
t 244 12
m0 4 6
1 7 1
2 9 9
3 2 4
t 243 13
m0 4 5
1 7 0
2 9 10
3 1 4
t 242 13
m0 4 4
1 7 1
2 9 9
3 0 4
t 241 14
m0 4 3
1 7 0
2 9 10
3 0 5
t 240 14
m0 4 2
1 6 0
2 9 9
3 0 6
t 239 14
m0 4 1
1 7 0
2 9 10
3 0 7
t 238 14
m0 4 2
1 7 1
2 9 9
3 1 7
t 237 14
m0 3 2
1 8 1
2 9 10
3 2 7
t 236 15
m0 3 2
1 9 1
2 8 10
3 1 7
t 235 15
m0 3 3
1 9 0
2 8 9
3 0 7
t 234 16
m0 3 2
1 9 1
2 8 10
3 0 6
t 233 16
m0 3 2
1 8 1
2 9 10
3 0 7
t 232 16
m0 3 2
1 7 1
2 8 10
3 0 6
t 231 16
m0 2 2
1 7 0
2 9 10
3 0 5
t 230 17
m0 2 1
1 7 1
2 8 10
3 0 6
t 229 18
m0 2 0
1 8 1
2 8 11
3 0 7
t 228 18
m0 2 1
1 9 1
2 8 12
3 1 7
t 227 18
m0 2 0
1 9 2
2 7 12
3 0 7
t 226 18
m0 1 0
1 9 1
2 7 11
3 1 7
t 225 18
m0 0 0
1 9 0
2 8 11
3 0 7
t 224 18
m0 1 0
1 9 1
2 8 12
3 1 7
t 223 18
m0 0 0
1 9 2
2 7 12
3 1 8
t 222 18
m0 0 0
1 9 3
2 8 12
3 1 7
t 221 18
m0 1 0
1 9 2
2 7 12
3 1 8
t 220 18
m0 1 0
1 9 3
2 8 12
3 1 7
t 219 18
m0 2 0
1 9 4
2 9 12
3 1 8
t 218 18
m0 1 0
1 9 3
2 9 13
3 1 9
t 217 18
m0 2 0
1 8 3
2 9 12
3 0 9
t 216 18
m0 3 0
1 9 3
2 8 12
3 1 9
t 215 19
m0 4 0
1 9 2
2 9 12
3 2 9
t 214 20
m0 4 0
1 9 3
2 9 13
3 2 10
t 213 20
m0 4 0
1 9 4
2 9 12
3 1 10
t 212 20
m0 4 0
1 9 5
2 8 12
3 1 9
t 211 20
m0 4 0
1 9 6
2 8 11
3 1 8
t 210 20
m0 4 0
1 8 6
2 7 11
3 1 9
t 209 20
m0 5 0
1 8 5
2 8 11
3 0 9
t 208 21
m0 5 0
1 7 5
2 8 10
3 1 9
t 207 21
m0 4 0
1 6 5
2 8 11
3 0 9
t 206 21
m0 4 0
1 6 4
2 8 12
3 1 9
t 205 21
m0 5 0
1 6 5
2 9 12
3 0 9
t 204 21
m0 6 0
1 5 5
2 9 13
3 1 9
t 203 22
m0 7 0
1 5 4
2 9 14
3 0 9
t 202 22
m0 6 0
1 6 4
2 8 14
3 1 9
t 201 22
m0 7 0
1 6 5
2 9 14
3 0 9
t 200 22
m0 7 1
1 6 6
2 9 13
3 1 9
t 199 23
m0 8 1
1 6 7
2 9 14
3 0 9
t 198 23
m0 7 1
1 5 7
2 8 14
3 1 9
t 197 23
m0 7 0
1 6 7
2 9 14
3 0 9
t 196 23
m0 7 0
1 6 8
2 9 13
3 1 9
t 195 23
m0 7 1
1 6 9
2 9 14
3 1 10
t 194 23
m0 7 1
1 6 8
2 9 13
3 1 9
t 193 23
m0 7 2
1 6 7
2 9 14
3 0 9
t 192 24
m0 7 3
1 5 7
2 9 13
3 1 9
t 191 24
m0 8 3
1 4 7
2 9 14
3 1 10
t 190 25
m0 9 3
1 5 7
2 9 13
3 2 10
t 189 25
m0 9 4
1 6 7
2 9 14
3 2 11
t 188 26
m0 9 3
1 6 8
2 8 14
3 2 12
t 187 26
m0 9 2
1 6 7
2 9 14
3 2 13
t 186 27
m0 9 2
1 6 8
2 9 13
3 2 14
t 185 27
m0 9 3
1 6 7
2 9 14
3 1 14
t 184 27
m0 9 2
1 6 8
2 9 13
3 2 14
t 183 27
m0 9 1
1 6 7
2 9 12
3 1 14
t 182 27
m0 9 0
1 6 6
2 8 12
3 0 14
t 181 28
m0 9 0
1 6 5
2 7 12
3 0 13
t 180 28
m0 9 0
1 5 5
2 8 12
3 0 14
t 179 28
m0 9 0
1 5 4
2 8 11
3 0 13
t 178 28
m0 9 0
1 4 4
2 7 11
3 0 12
t 177 28
m0 9 0
1 5 4
2 8 11
3 0 13
t 176 28
m0 9 1
1 4 4
2 7 11
3 0 14
t 175 28
m0 9 2
1 5 4
2 7 12
3 1 14
t 174 28
m0 9 1
1 5 3
2 7 11
3 0 14
t 173 28
m0 9 1
1 5 4
2 8 11
3 0 13
t 172 28
m0 9 0
1 5 5
2 8 10
3 0 14
t 171 28
m0 9 1
1 4 5
2 9 10
3 1 14
t 170 28
m0 9 1
1 4 6
2 9 9
3 0 14
t 169 28
m0 9 1
1 4 7
2 8 9
3 1 14
t 168 28
m0 8 1
1 3 7
2 7 9
3 0 14
t 167 28
m0 8 1
1 2 7
2 6 9
3 0 13
t 166 28
m0 8 1
1 1 7
2 6 8
3 0 12
t 165 28
m0 8 1
1 0 7
2 6 9
3 0 13
t 164 28
m0 9 1
1 0 6
2 6 8
3 0 12
t 163 28
m0 9 1
1 0 7
2 6 9
3 1 12
t 162 28
m0 9 1
1 0 6
2 6 10
3 2 12
t 161 28
m0 8 1
1 0 5
2 6 9
3 1 12
t 160 28
m0 8 1
1 0 6
2 7 9
3 2 12
t 159 28
m0 8 1
1 0 5
2 7 10
3 1 12
t 158 28
m0 9 1
1 0 6
2 7 9
3 0 12
t 157 28
m0 9 0
1 0 5
2 6 9
3 1 12
t 156 28
m0 9 1
1 0 4
2 7 9
3 2 12
t 155 28
m0 9 0
1 0 5
2 8 9
3 3 12
t 154 28
m0 9 1
1 0 6
2 8 8
3 3 13
t 153 28
m0 9 2
1 0 7
2 8 7
3 3 14
t 152 28
m0 9 3
1 0 6
2 8 8
3 3 13
t 151 28
m0 9 4
1 0 5
2 8 9
3 3 14
t 150 28
m0 9 3
1 0 4
2 9 9
3 3 13
t 149 28
m0 9 2
1 1 4
2 8 9
3 3 14
t 148 28
m0 9 3
1 1 3
2 8 10
3 2 14
t 147 28
m0 8 3
1 1 2
2 9 10
3 3 14
t 146 28
m0 8 3
1 0 2
2 9 9
3 2 14
t 145 28
m0 9 3
1 1 2
2 8 9
3 3 14
t 144 28
m0 8 3
1 0 2
2 7 9
3 2 14
t 143 28
m0 8 3
1 1 2
2 7 10
3 1 14
t 142 28
m0 8 3
1 0 2
2 6 10
3 0 14
t 141 28
m0 8 3
1 1 2
2 7 10
3 1 14
t 140 28
m0 8 3
1 0 2
2 8 10
3 0 14
t 139 28
m0 9 3
1 1 2
2 7 10
3 1 14
t 138 28
m0 8 3
1 0 2
2 8 10
3 0 14
t 137 28
m0 9 3
1 1 2
2 9 10
3 1 14
t 136 28
m0 8 3
1 0 2
2 9 9
3 2 14
t 135 28
m0 9 3
1 1 2
2 8 9
3 2 13
t 134 28
m0 9 3
1 0 2
2 7 9
3 2 14
t 133 28
m0 8 3
1 1 2
2 8 9
3 1 14
t 132 28
m0 8 3
1 1 3
2 9 9
3 2 14
t 131 28
m0 8 3
1 1 2
2 9 10
3 1 14
t 130 28
m0 8 3
1 0 2
2 9 9
3 2 14
t 129 28
m0 9 3
1 1 2
2 8 9
3 1 14
t 128 28
m0 8 3
1 0 2
2 9 9
3 0 14
t 127 28
m0 8 3
1 1 2
2 9 10
3 1 14
t 126 28
m0 8 3
1 0 2
2 9 9
3 0 14
t 125 28
m0 9 3
1 1 2
2 8 9
3 1 14
t 124 28
m0 8 3
1 0 2
2 9 9
3 2 14
t 123 28
m0 9 3
1 1 2
2 8 9
3 1 14
t 122 28
m0 9 4
1 0 2
2 8 10
3 2 14
t 121 28
m0 9 4
1 1 2
2 8 9
3 1 14
t 120 28
m0 9 4
1 0 2
2 9 9
3 2 14
t 119 28
m0 9 5
1 1 2
2 8 9
3 1 14
t 118 28
m0 8 5
1 1 3
2 9 9
3 0 14
t 117 29
m0 9 5
1 1 4
2 8 9
3 1 14
t 116 29
m0 9 6
1 2 4
2 8 10
3 0 14
t 115 30
m0 8 6
1 2 5
2 8 11
3 1 14
t 114 31
m0 7 6
1 2 4
2 8 12
3 2 14
t 113 32
m0 6 6
1 1 4
2 8 11
3 3 14
t 112 32
m0 6 5
1 1 3
2 8 10
3 2 14
t 111 32
m0 6 4
1 1 4
2 8 11
3 2 13
t 110 33
m0 5 4
1 1 3
2 8 10
3 3 13
t 109 33
m0 4 4
1 1 2
2 9 10
3 3 14
t 108 33
m0 4 3
1 0 2
2 8 10
3 4 14
t 107 33
m0 4 4
1 1 2
2 8 9
3 3 14
t 106 33
m0 4 5
1 0 2
2 9 9
3 2 14
t 105 33
m0 3 5
1 1 2
2 9 10
3 2 13
t 104 34
m0 2 5
1 0 2
2 8 10
3 2 14
t 103 35
m0 2 5
1 1 2
2 9 10
3 1 14
t 102 35
m0 2 5
1 2 2
2 8 10
3 2 14
t 101 35
m0 2 6
1 3 2
2 9 10
3 1 14
t 100 35
m0 2 7
1 4 2
2 8 10
3 0 14
t 99 36
m0 2 7
1 4 1
2 8 11
3 1 14
t 98 36
m0 1 7
1 4 2
2 8 10
3 0 14
t 97 37
m0 1 8
1 3 2
2 9 10
3 0 13
t 96 37
m0 1 7
1 2 2
2 8 10
3 0 12
t 95 37
m0 2 7
1 3 2
2 9 10
3 0 13
t 94 37
m0 2 7
1 4 2
2 9 9
3 0 12
t 93 37
m0 2 6
1 3 2
2 9 10
3 0 13
t 92 37
m0 2 6
1 3 3
2 9 9
3 0 14
t 91 37
m0 2 5
1 4 3
2 9 10
3 1 14
t 90 37
m0 3 5
1 4 2
2 9 9
3 0 14
t 89 37
m0 2 5
1 4 1
2 9 10
3 1 14
t 88 37
m0 2 5
1 4 0
2 8 10
3 2 14
t 87 37
m0 2 4
1 4 1
2 9 10
3 2 13
t 86 38
m0 1 4
1 4 0
2 9 9
3 2 14
t 85 38
m0 0 4
1 4 1
2 9 10
3 2 13
t 84 38
m0 0 4
1 4 0
2 9 9
3 3 13
t 83 38
m0 1 4
1 3 0
2 9 10
3 2 13
t 82 38
m0 0 4
1 4 0
2 9 9
3 3 13
t 81 38
m0 1 4
1 5 0
2 9 10
3 3 14
t 80 38
m0 1 4
1 4 0
2 8 10
3 2 14
t 79 38
m0 1 4
1 3 0
2 9 10
3 1 14
t 78 38
m0 2 4
1 4 0
2 9 9
3 0 14
t 77 38
m0 1 4
1 3 0
2 8 9
3 1 14
t 76 38
m0 1 4
1 4 0
2 8 10
3 0 14
t 75 38
m0 1 3
1 4 1
2 8 9
3 0 13
t 74 39
m0 1 3
1 4 0
2 8 8
3 0 14
t 73 39
m0 1 3
1 3 0
2 8 9
3 0 13
t 72 39
m0 1 3
1 2 0
2 9 9
3 0 14
t 71 39
m0 1 3
1 3 0
2 8 9
3 0 13
t 70 39
m0 1 4
1 4 0
2 8 10
3 0 14
t 69 39
m0 0 4
1 3 0
2 7 10
3 1 14
t 68 39
m0 0 4
1 2 0
2 8 10
3 0 14
t 67 39
m0 0 4
1 2 1
2 9 10
3 1 14
t 66 39
m0 0 5
1 2 2
2 8 10
3 0 14
t 65 39
m0 0 4
1 3 2
2 8 9
3 0 13
t 64 39
m0 0 5
1 3 3
2 8 10
3 0 14
t 63 39
m0 0 4
1 4 3
2 9 10
3 0 13
t 62 39
m0 0 4
1 3 3
2 9 9
3 0 14
t 61 39
m0 0 5
1 3 2
2 9 10
3 0 13
t 60 39
m0 0 5
1 4 2
2 9 9
3 0 12
t 59 39
m0 0 5
1 4 3
2 9 10
3 1 12
t 58 39
m0 0 4
1 4 2
2 9 9
3 0 12
t 57 39
m0 0 5
1 4 1
2 9 10
3 1 12
t 56 39
m0 0 4
1 4 0
2 9 9
3 2 12
t 55 39
m0 1 4
1 4 1
2 9 10
3 2 13
t 54 39
m0 1 3
1 4 0
2 8 10
3 2 14
t 53 39
m0 1 3
1 5 0
2 8 11
3 3 14
t 52 39
m0 1 3
1 4 0
2 8 12
3 2 14
t 51 39
m0 1 3
1 4 1
2 8 11
3 2 13
t 50 39
m0 1 4
1 4 0
2 8 10
3 2 14
t 49 39
m0 1 3
1 4 1
2 9 10
3 1 14
t 48 39
m0 1 3
1 4 0
2 8 10
3 0 14
t 47 39
m0 1 3
1 5 0
2 8 11
3 0 13
t 46 39
m0 1 2
1 6 0
2 8 12
3 0 14
t 45 40
m0 1 3
1 7 0
2 9 12
3 1 14
t 44 40
m0 1 4
1 7 1
2 8 12
3 0 14
t 43 40
m0 1 4
1 7 0
2 7 12
3 0 13
t 42 40
m0 0 4
1 6 0
2 8 12
3 0 14
t 41 40
m0 1 4
1 7 0
2 7 12
3 0 13
t 40 40
m0 1 4
1 6 0
2 8 12
3 0 14
t 39 40
m0 1 4
1 7 0
2 9 12
3 0 13
t 38 40
m0 0 4
1 6 0
2 9 13
3 0 14
t 37 40
m0 0 4
1 5 0
2 9 12
3 1 14
t 36 40
m0 0 4
1 6 0
2 9 13
3 0 14
t 35 40
m0 0 4
1 7 0
2 9 12
3 1 14
t 34 40
m0 0 5
1 6 0
2 9 13
3 0 14
t 33 40
m0 0 4
1 7 0
2 9 12
3 1 14
t 32 40
m0 1 4
1 7 1
2 8 12
3 0 14
t 31 40
m0 1 3
1 8 1
2 7 12
3 0 13
t 30 40
m0 1 3
1 7 1
2 8 12
3 0 14
t 29 40
m0 1 4
1 7 0
2 7 12
3 1 14
t 28 40
m0 0 4
1 6 0
2 7 13
3 0 14
t 27 40
m0 1 4
1 5 0
2 7 12
3 1 14
t 26 40
m0 0 4
1 6 0
2 7 11
3 2 14
t 25 40
m0 0 5
1 7 0
2 8 11
3 3 14
t 24 40
m0 0 5
1 6 0
2 8 12
3 4 14
t 23 40
m0 0 6
1 7 0
2 8 11
3 3 14
t 22 41
m0 0 7
1 6 0
2 8 12
3 4 14
t 21 41
m0 0 6
1 7 0
2 9 12
3 3 14
t 20 41
m0 0 7
1 6 0
2 9 13
3 4 14
t 19 41
m0 1 7
1 7 0
2 9 12
3 3 14
t 18 41
m0 2 7
1 6 0
2 9 13
3 2 14
t 17 41
m0 2 7
1 5 0
2 9 12
3 1 14
t 16 41
m0 3 7
1 6 0
2 9 13
3 0 14
t 15 42
m0 3 8
1 5 0
2 9 12
3 1 14
t 14 43
m0 3 9
1 4 0
2 9 13
3 0 14
t 13 43
m0 2 9
1 4 1
2 9 14
3 1 14
t 12 44
m0 1 9
1 4 0
2 9 13
3 2 14
t 11 45
m0 2 9
1 5 0
2 9 12
3 1 14
t 10 45
m0 2 10
1 4 0
2 9 13
3 0 14
t 9 46
m0 2 11
1 3 0
2 9 14
3 0 13
t 8 46
m0 2 12
1 4 0
2 8 14
3 0 14
t 7 46
m0 2 12
1 4 1
2 7 14
3 0 13
t 6 46
m0 1 12
1 4 2
2 7 13
3 0 14
t 5 46
m0 2 12
1 4 3
2 7 14
3 0 13
t 4 46
m0 3 12
1 5 3
2 8 14
3 0 12
t 3 47
m0 3 12
1 6 3
2 9 14
3 0 13
t 2 47
m0 3 11
1 7 3
2 9 13
3 0 14
t 1 47
m0 2 11
1 7 3
2 9 13
3 0 14
t 0 47
