10
15
w 7 3
w 5 9
w 1 3
w 8 13
w 6 6
w 1 6
w 9 4
w 1 11
w 5 8
w 3 14
w 8 1
w 4 4
w 1 14
w 4 13
w 1 5
w 9 11
w 7 10
w 3 6
w 4 1
w 1 1
w 6 4
w 3 2
w 4 5
w 6 11
w 9 10
w 3 9
w 8 7
w 6 12
w 2 14
w 7 8
w 3 12
w 6 1
w 1 8
w 8 8
w 6 13
w 1 7
w 5 2
p 4 7
p 6 9
p 4 8
p 5 6
p 3 0
p 2 8
p 9 8
p 5 13
p 0 7
p 2 1
p 8 9
p 4 12
p 2 12
p 8 5
p 7 2
p 6 14
p 8 14
p 9 0
p 3 3
p 2 9
p 5 12
p 3 10
p 7 6
p 8 10
p 6 10
p 6 3
p 2 13
p 0 4
p 8 6
p 4 10
p 7 14
p 2 6
p 8 2
p 7 1
p 8 11
p 4 14
p 2 10
p 7 5
p 0 5
p 1 0
p 6 5
p 3 5
p 2 7
p 7 9
p 8 3
p 5 3
p 7 0
p 9 2
p 7 13
p 0 13
p 2 11
p 5 14
p 9 5
p 3 4
p 0 2
p 9 12
m0 0 14
1 9 0
2 9 0
3 9 0
t 300 0
m0 0 13
1 8 0
2 8 0
3 8 0
t 299 1
m0 0 12
1 9 0
2 9 0
3 9 0
t 298 1
m0 0 12
1 8 0
2 8 0
3 8 0
t 297 1
m0 0 13
1 9 0
2 9 0
3 9 0
t 296 1
m0 0 12
1 8 0
2 8 0
3 8 0
t 295 1
m0 0 13
1 9 0
2 9 0
3 9 0
f 6 2
t 294 1
m0 0 12
1 8 0
2 8 0
3 8 0
t 293 1
m0 0 12
1 9 0
2 9 0
3 9 0
t 292 1
m0 0 12
1 8 0
2 8 0
3 8 0
t 291 1
m0 0 13
1 9 0
2 9 0
3 9 0
t 290 1
m0 1 13
1 8 0
2 8 0
3 8 0
t 289 1
m0 2 13
1 9 0
2 9 0
3 9 0
t 288 2
m0 2 12
1 8 0
2 8 0
3 8 0
t 287 3
m0 2 11
1 9 0
2 9 0
3 9 0
t 286 4
m0 2 10
1 8 0
2 8 0
3 8 0
t 285 5
m0 2 9
1 9 0
2 9 0
3 9 0
t 284 6
m0 2 10
1 8 0
2 8 0
3 8 0
t 283 6
m0 2 10
1 9 0
2 9 0
3 9 0
t 282 6
m0 2 10
1 8 0
2 8 0
3 8 0
t 281 6
m0 2 10
1 9 0
2 9 0
3 9 0
t 280 6
m0 3 10
1 8 0
2 8 0
3 8 0
t 279 7
m0 4 10
1 9 0
2 9 0
3 9 0
t 278 8
m0 4 11
1 8 0
2 8 0
3 8 0
t 277 8
m0 4 12
1 9 0
2 9 0
3 9 0
t 276 9
m0 5 12
1 8 0
2 8 0
3 8 0
t 275 10
m0 5 13
1 9 0
2 9 0
3 9 0
t 274 11
m0 5 14
1 8 0
2 8 0
3 8 0
t 273 12
m0 5 14
1 9 0
2 9 0
3 9 0
t 272 12
m0 6 14
1 8 0
2 8 0
3 8 0
t 271 13
m0 7 14
1 9 0
2 9 0
3 9 0
t 270 14
m0 7 13
1 8 0
2 8 0
3 8 0
t 269 15
m0 7 14
1 9 0
2 9 0
3 9 0
t 268 15
m0 8 14
1 8 0
2 8 0
3 8 0
t 267 16
m0 7 14
1 9 0
2 9 0
3 9 0
t 266 16
m0 7 14
1 8 0
2 8 0
3 8 0
t 265 16
m0 6 14
1 9 0
2 9 0
3 9 0
t 264 16
m0 5 14
1 8 0
2 8 0
3 8 0
t 263 16
m0 5 14
1 9 0
2 9 0
3 9 0
t 262 16
m0 5 14
1 8 0
2 8 0
3 8 0
t 261 16
m0 5 14
1 9 0
2 9 0
3 9 0
t 260 16
m0 5 14
1 8 0
2 8 0
3 8 0
t 259 16
m0 5 14
1 9 0
2 9 0
3 9 0
t 258 16
m0 4 14
1 8 0
2 8 0
3 8 0
t 257 17
m0 5 14
1 9 0
2 9 0
3 9 0
t 256 17
m0 6 14
1 8 0
2 8 0
3 8 0
t 255 17
m0 5 14
1 9 0
2 9 0
3 9 0
t 254 17
m0 5 13
1 8 0
2 8 0
3 8 0
t 253 17
m0 5 12
1 9 0
2 9 0
3 9 0
t 252 17
m0 5 11
1 8 0
2 8 0
3 8 0
t 251 17
m0 4 11
1 9 0
2 9 0
3 9 0
t 250 17
m0 4 10
1 8 0
2 8 0
3 8 0
t 249 17
m0 5 10
1 9 0
2 9 0
3 9 0
t 248 17
m0 4 10
1 8 0
2 8 0
3 8 0
t 247 17
m0 4 10
1 9 0
2 9 0
3 9 0
t 246 17
m0 4 10
1 8 0
2 8 0
3 8 0
t 245 17
m0 5 10
1 9 0
2 9 0
3 9 0
t 244 17
m0 4 10
1 8 0
2 8 0
3 8 0
t 243 17
m0 4 11
1 9 0
2 9 0
3 9 0
t 242 17
m0 4 11
1 8 0
2 8 0
3 8 0
t 241 17
m0 5 11
1 9 0
2 9 0
3 9 0
t 240 17
m0 5 10
1 8 0
2 8 0
3 8 0
t 239 17
m0 6 10
1 9 0
2 9 0
3 9 0
t 238 18
m0 6 9
1 8 0
2 8 0
3 8 0
t 237 19
m0 6 9
1 9 0
2 9 0
3 9 0
t 236 19
m0 6 9
1 8 0
2 8 0
3 8 0
t 235 19
m0 6 9
1 9 0
2 9 0
3 9 0
t 234 19
m0 7 9
1 8 0
2 8 0
3 8 0
t 233 20
m0 8 9
1 9 0
2 9 0
3 9 0
t 232 21
m0 8 10
1 8 0
2 8 0
3 8 0
t 231 22
m0 8 11
1 9 0
2 9 0
3 9 0
t 230 23
m0 8 12
1 8 0
2 8 0
3 8 0
t 229 23
m0 9 12
1 7 0
2 7 0
3 7 0
t 228 24
m0 8 12
1 6 0
2 6 0
3 6 0
t 227 24
m0 8 12
1 5 0
2 5 0
3 5 0
t 226 24
m0 8 12
1 4 0
2 4 0
3 4 0
t 225 24
m0 8 11
1 3 0
2 3 0
3 3 0
t 224 24
m0 8 10
1 2 0
2 2 0
3 2 0
t 223 24
m0 8 9
1 1 0
2 1 0
3 1 0
t 222 24
m0 9 9
1 0 0
2 0 0
3 0 0
t 221 24
m0 9 8
1 1 0
2 1 0
3 1 0
t 220 25
m0 9 8
1 0 0
2 0 0
3 0 0
t 219 25
m0 9 7
1 1 0
2 1 0
3 1 0
t 218 25
m0 9 6
1 0 0
2 0 0
3 0 0
t 217 25
m0 9 5
1 1 0
2 1 0
3 1 0
t 216 26
m0 8 5
1 0 0
2 0 0
3 0 0
t 215 27
m0 7 5
1 1 0
2 1 0
3 1 0
t 214 28
m0 7 6
1 0 0
2 0 0
3 0 0
t 213 29
m0 8 6
1 1 0
2 1 0
3 1 0
t 212 30
m0 8 6
1 0 0
2 0 0
3 0 0
t 211 30
m0 7 6
1 1 0
2 1 0
3 1 0
t 210 30
m0 7 5
1 0 0
2 0 0
3 0 0
t 209 30
m0 6 5
1 1 0
2 1 0
3 1 0
t 208 31
m0 5 5
1 0 0
2 0 0
3 0 0
t 207 31
m0 5 6
1 1 0
2 1 0
3 1 0
t 206 32
m0 5 7
1 0 0
2 0 0
3 0 0
t 205 32
m0 4 7
1 1 0
2 1 0
3 1 0
t 204 33
m0 4 7
1 0 0
2 0 0
3 0 0
t 203 33
m0 4 7
1 1 0
2 1 0
3 1 0
t 202 33
m0 4 7
1 0 0
2 0 0
3 0 0
t 201 33
m0 4 8
1 1 0
2 1 0
3 1 0
t 200 34
m0 3 8
1 0 0
2 0 0
3 0 0
t 199 34
m0 2 8
1 1 0
2 1 0
3 1 0
t 198 35
m0 2 7
1 0 0
2 0 0
3 0 0
t 197 36
m0 2 7
1 1 0
2 1 0
3 1 0
t 196 36
m0 2 7
1 0 0
2 0 0
3 0 0
t 195 36
m0 2 7
1 1 0
2 1 0
3 1 0
t 194 36
m0 2 6
1 0 0
2 0 0
3 0 0
t 193 37
m0 2 5
1 1 0
2 1 0
3 1 0
t 192 37
m0 2 4
1 0 0
2 0 0
3 0 0
t 191 37
m0 3 4
1 1 0
2 1 0
3 1 0
t 190 38
m0 3 5
1 0 0
2 0 0
3 0 0
t 189 39
m0 3 4
1 1 0
2 1 0
3 1 0
t 188 39
m0 2 4
1 0 0
2 0 0
3 0 0
t 187 39
m0 3 4
1 1 0
2 1 0
3 1 0
t 186 39
m0 3 3
1 0 0
2 0 0
3 0 0
t 185 40
m0 4 3
1 1 0
2 1 0
3 1 0
t 184 40
m0 5 3
1 0 0
2 0 0
3 0 0
t 183 41
m0 6 3
1 1 0
2 1 0
3 1 0
t 182 42
m0 6 2
1 0 0
2 0 0
3 0 0
t 181 52
m0 7 2
1 1 0
2 1 0
3 1 0
t 180 53
m0 8 2
1 0 0
2 0 0
3 0 0
t 179 54
m0 9 2
1 1 0
2 1 0
3 1 0
t 178 55
m0 9 2
1 0 0
2 0 0
3 0 0
t 177 55
m0 9 1
1 1 0
2 1 0
3 1 0
t 176 55
m0 9 0
1 0 0
2 0 0
3 0 0
t 175 56
m0 8 0
1 0 1
2 0 1
3 0 1
f 3 8
t 174 56
m0 7 0
1 0 2
2 0 2
3 0 2
t 173 57
m0 7 1
1 0 3
2 0 3
3 0 3
t 172 58
m0 7 2
1 0 4
2 0 4
3 0 4
t 171 58
m0 8 2
1 0 5
2 0 5
3 0 5
t 170 58
m0 8 3
1 0 6
2 0 6
3 0 6
t 169 59
m0 9 3
1 0 7
2 0 7
3 0 7
t 168 59
m0 9 3
1 0 8
2 0 8
3 0 8
t 167 59
m0 9 3
1 0 9
2 0 9
3 0 9
t 166 59
m0 9 2
1 0 10
2 0 10
3 0 10
t 165 59
m0 8 2
1 0 11
2 0 11
3 0 11
t 164 59
m0 8 3
1 0 12
2 0 12
3 0 12
t 163 59
m0 8 2
1 0 13
2 0 13
3 0 13
t 162 59
m0 9 2
1 0 14
2 0 14
3 0 14
t 161 59
m0 9 1
1 0 13
2 0 13
3 0 13
t 160 59
m0 9 2
1 0 14
2 0 14
3 0 14
t 159 59
m0 9 2
1 0 13
2 0 13
3 0 13
t 158 59
m0 9 1
1 0 14
2 0 14
3 0 14
t 157 59
m0 9 0
1 0 13
2 0 13
3 0 13
t 156 59
m0 8 0
1 0 14
2 0 14
3 0 14
t 155 59
m0 7 0
1 0 13
2 0 13
3 0 13
t 154 59
m0 7 0
1 0 14
2 0 14
3 0 14
t 153 59
m0 7 0
1 0 13
2 0 13
3 0 13
t 152 59
m0 7 0
1 0 14
2 0 14
3 0 14
t 151 59
m0 7 0
1 0 13
2 0 13
3 0 13
t 150 59
m0 7 0
1 0 14
2 0 14
3 0 14
t 149 59
m0 6 0
1 0 13
2 0 13
3 0 13
t 148 59
m0 5 0
1 0 14
2 0 14
3 0 14
t 147 59
m0 5 0
1 0 13
2 0 13
3 0 13
t 146 59
m0 5 0
1 0 14
2 0 14
3 0 14
t 145 59
m0 5 0
1 0 13
2 0 13
3 0 13
t 144 59
m0 4 0
1 0 14
2 0 14
3 0 14
t 143 59
m0 3 0
1 0 13
2 0 13
3 0 13
t 142 60
m0 2 0
1 0 14
2 0 14
3 0 14
t 141 60
m0 2 0
1 0 13
2 0 13
3 0 13
t 140 60
m0 2 1
1 0 14
2 0 14
3 0 14
t 139 61
m0 2 0
1 0 13
2 0 13
3 0 13
t 138 61
m0 2 0
1 0 14
2 0 14
3 0 14
t 137 61
m0 1 0
1 0 13
2 0 13
3 0 13
t 136 62
m0 2 0
1 0 14
2 0 14
3 0 14
t 135 62
m0 1 0
1 0 13
2 0 13
3 0 13
t 134 62
m0 2 0
1 0 14
2 0 14
3 0 14
t 133 62
m0 1 0
1 0 13
2 0 13
3 0 13
t 132 62
m0 2 0
1 0 14
2 0 14
3 0 14
t 131 62
m0 2 0
1 0 13
2 0 13
3 0 13
t 130 62
m0 3 0
1 0 14
2 0 14
3 0 14
t 129 62
m0 3 0
1 0 13
2 0 13
3 0 13
t 128 62
m0 2 0
1 0 14
2 0 14
3 0 14
t 127 62
m0 2 0
1 0 13
2 0 13
3 0 13
t 126 62
m0 2 0
1 0 14
2 0 14
3 0 14
t 125 62
m0 2 0
1 0 13
2 0 13
3 0 13
t 124 62
m0 2 0
1 0 14
2 0 14
3 0 14
t 123 62
m0 2 0
1 0 13
2 0 13
3 0 13
t 122 62
m0 2 1
1 0 14
2 0 14
3 0 14
t 121 62
m0 2 0
1 0 13
2 0 13
3 0 13
t 120 62
m0 2 0
1 0 14
2 0 14
3 0 14
t 119 62
m0 2 0
1 0 13
2 0 13
3 0 13
t 118 62
m0 2 0
1 0 14
2 0 14
3 0 14
t 117 62
m0 3 0
1 0 13
2 0 13
3 0 13
t 116 62
m0 2 0
1 0 14
2 0 14
3 0 14
t 115 62
m0 3 0
1 0 13
2 0 13
3 0 13
t 114 62
m0 3 0
1 0 14
2 0 14
3 0 14
t 113 62
m0 4 0
1 0 13
2 0 13
3 0 13
t 112 62
m0 3 0
1 0 14
2 0 14
3 0 14
t 111 62
m0 3 0
1 0 13
2 0 13
3 0 13
t 110 62
m0 3 0
1 0 14
2 0 14
3 0 14
t 109 62
m0 3 0
1 0 13
2 0 13
3 0 13
t 108 62
m0 2 0
1 0 14
2 0 14
3 0 14
t 107 62
m0 2 1
1 0 13
2 0 13
3 0 13
t 106 62
m0 2 0
1 0 14
2 0 14
3 0 14
t 105 62
m0 3 0
1 0 13
2 0 13
3 0 13
t 104 62
m0 3 0
1 0 14
2 0 14
3 0 14
t 103 62
m0 4 0
1 0 13
2 0 13
3 0 13
t 102 62
m0 3 0
1 0 14
2 0 14
3 0 14
t 101 62
m0 3 0
1 0 13
2 0 13
3 0 13
t 100 62
m0 2 0
1 0 14
2 0 14
3 0 14
t 99 62
m0 2 1
1 0 13
2 0 13
3 0 13
t 98 62
m0 2 0
1 0 14
2 0 14
3 0 14
t 97 62
m0 1 0
1 0 13
2 0 13
3 0 13
t 96 62
m0 0 0
1 1 13
2 1 13
3 1 13
t 95 62
m0 0 0
1 2 13
2 2 13
3 2 13
t 94 62
m0 0 1
1 3 13
2 3 13
3 3 13
t 93 62
m0 0 2
1 2 13
2 2 13
3 2 13
t 92 63
m0 0 3
1 3 13
2 3 13
3 3 13
t 91 63
m0 0 4
1 2 13
2 2 13
3 2 13
t 90 64
m0 0 4
1 3 13
2 3 13
3 3 13
t 89 64
m0 0 4
1 2 13
2 2 13
3 2 13
t 88 64
m0 0 4
1 3 13
2 3 13
3 3 13
t 87 64
m0 0 4
1 2 13
2 2 13
3 2 13
t 86 64
m0 0 5
1 3 13
2 3 13
3 3 13
t 85 65
m0 0 6
1 2 13
2 2 13
3 2 13
t 84 65
m0 0 7
1 2 13
2 2 13
3 2 13
t 83 93
