10
15
w 6 9
w 6 6
w 8 9
w 6 2
w 1 6
w 0 10
w 7 11
w 0 3
w 2 4
w 5 8
w 7 2
w 6 14
w 8 14
w 8 1
w 5 12
w 9 11
w 0 4
w 4 10
w 3 2
w 7 14
w 9 14
w 4 5
w 1 13
w 4 14
w 6 0
w 3 9
w 8 7
w 1 0
w 0 8
w 2 7
w 3 12
w 1 12
w 7 4
w 2 0
w 0 9
w 0 2
w 8 4
p 8 13
p 9 1
p 5 6
p 3 0
p 7 12
p 8 0
p 7 7
p 0 7
p 3 11
p 4 12
p 3 7
p 5 1
p 1 11
p 1 2
p 3 3
p 2 9
p 5 5
p 7 6
p 6 10
p 4 4
p 4 13
p 6 3
p 2 13
p 7 10
p 3 6
p 1 10
p 8 6
p 1 1
p 2 6
p 0 0
p 8 2
p 6 11
p 8 11
p 9 3
p 1 4
p 9 10
p 7 5
p 2 3
p 1 9
p 4 2
p 4 11
p 3 5
p 0 1
p 9 13
p 5 3
p 5 10
p 7 0
p 6 8
p 8 12
p 5 7
p 3 1
p 2 11
p 9 9
p 0 6
p 1 8
p 9 5
m0 0 14
1 9 0
2 9 0
3 9 0
t 300 0
m0 1 14
1 8 0
2 9 1
3 8 0
t 299 0
m0 2 14
1 9 0
2 9 2
3 7 0
t 298 0
m0 2 13
1 8 0
2 9 3
3 7 1
t 297 1
m0 3 13
1 9 0
2 9 4
3 6 1
t 296 1
m0 4 13
1 8 0
2 9 5
3 5 1
t 295 2
m0 4 12
1 9 0
2 8 5
3 4 1
t 294 3
m0 4 11
1 8 0
2 9 5
3 3 1
t 293 4
m0 3 11
1 9 0
2 8 5
3 2 1
t 292 5
m0 2 11
1 8 0
2 9 5
3 1 1
t 291 6
m0 3 11
1 7 0
2 9 6
3 0 1
t 290 6
m0 2 11
1 8 0
2 9 7
3 0 0
t 289 6
m0 1 11
1 9 0
2 9 8
3 0 1
t 288 7
m0 1 10
1 8 0
2 9 9
3 0 0
t 287 8
m0 1 9
1 9 0
2 9 10
3 0 1
t 286 9
m0 2 9
1 8 0
2 9 9
3 0 0
t 285 10
m0 2 8
1 9 0
2 9 10
3 0 1
t 284 10
m0 1 8
1 8 0
2 9 9
3 0 0
t 283 11
m0 1 7
1 9 0
2 9 10
3 0 1
t 282 11
m0 0 7
1 8 0
2 9 9
3 1 1
t 281 12
m0 0 6
1 9 0
2 9 10
3 2 1
t 280 13
m0 0 7
1 8 0
2 9 9
3 1 1
t 279 13
m0 1 7
1 9 0
2 9 10
3 0 1
t 278 13
m0 1 8
1 8 0
2 9 9
3 0 0
t 277 13
m0 2 8
1 9 0
2 9 10
3 0 1
t 276 13
m0 3 8
1 8 0
2 9 9
3 0 0
t 275 13
m0 3 7
1 9 0
2 9 10
3 0 1
t 274 14
m0 3 6
1 8 0
2 9 9
3 0 0
t 273 15
m0 3 5
1 9 0
2 9 10
3 0 1
t 272 16
m0 3 6
1 8 0
2 9 9
3 0 0
t 271 16
m0 2 6
1 9 0
2 9 10
3 0 1
t 270 17
m0 3 6
1 8 0
2 9 9
3 0 0
t 269 17
m0 4 6
1 9 0
2 9 10
3 0 1
t 268 17
m0 5 6
1 8 0
2 9 9
3 0 0
t 267 18
m0 5 5
1 9 0
2 9 10
3 0 1
t 266 19
m0 6 5
1 8 0
2 9 9
3 0 0
t 265 19
m0 7 5
1 9 0
2 9 10
3 0 1
t 264 20
m0 6 5
1 8 0
2 9 9
3 0 0
t 263 20
m0 5 5
1 9 0
2 9 10
3 0 1
t 262 20
m0 5 4
1 8 0
2 9 9
3 0 0
t 261 20
m0 4 4
1 9 0
2 9 10
3 0 1
t 260 21
m0 5 4
1 8 0
2 9 9
3 0 0
t 259 21
m0 5 3
1 9 0
2 9 10
3 0 1
t 258 22
m0 6 3
1 8 0
2 9 9
3 0 0
t 257 23
m0 5 3
1 9 0
2 9 10
3 0 1
t 256 23
m0 5 2
1 8 0
2 9 9
3 0 0
t 255 23
m0 4 2
1 9 0
2 9 10
3 0 1
t 254 24
m0 5 2
1 8 0
2 9 9
3 0 0
t 253 24
m0 5 1
1 9 0
2 9 10
3 0 1
t 252 25
m0 4 1
1 8 0
2 9 9
3 0 0
t 251 25
m0 3 1
1 9 0
2 9 10
3 0 1
t 250 26
m0 3 0
1 9 1
2 8 10
3 0 0
t 249 27
m0 3 1
1 9 0
2 8 11
3 0 1
t 248 27
m0 4 1
1 8 0
2 8 12
3 0 0
t 247 27
m0 4 2
1 9 0
2 8 13
3 0 1
t 246 27
m0 4 3
1 8 0
2 9 13
3 0 0
t 245 27
m0 3 3
1 9 0
2 8 13
3 0 1
t 244 28
m0 4 3
1 8 0
2 9 13
3 0 0
t 243 28
m0 3 3
1 9 0
2 8 13
3 0 1
t 242 28
m0 4 3
1 8 0
2 9 13
3 0 0
t 241 28
m0 3 3
1 9 0
2 8 13
3 0 1
t 240 28
m0 4 3
1 8 0
2 9 13
3 0 0
t 239 28
m0 3 3
1 9 0
2 8 13
3 0 1
t 238 28
m0 4 3
1 8 0
2 9 13
3 0 0
t 237 28
m0 3 3
1 9 0
2 8 13
3 0 1
t 236 28
m0 4 3
1 8 0
2 9 13
3 0 0
t 235 28
m0 3 3
1 9 0
2 8 13
3 0 1
t 234 28
m0 4 3
1 8 0
2 9 13
3 0 0
t 233 28
m0 3 3
1 9 0
2 8 13
3 0 1
t 232 28
m0 4 3
1 8 0
2 9 13
3 0 0
t 231 28
m0 3 3
1 9 0
2 8 13
3 0 1
t 230 28
m0 4 3
1 8 0
2 9 13
3 0 0
t 229 28
m0 3 3
1 9 0
2 8 13
3 0 1
t 228 28
m0 4 3
1 8 0
2 9 13
3 0 0
t 227 28
m0 3 3
1 9 0
2 8 13
3 0 1
t 226 28
m0 4 3
1 8 0
2 9 13
3 0 0
t 225 28
m0 3 3
1 9 0
2 8 13
3 0 1
t 224 28
m0 4 3
1 8 0
2 9 13
3 0 0
t 223 28
m0 3 3
1 9 0
2 8 13
3 0 1
t 222 28
m0 4 3
1 8 0
2 9 13
3 0 0
t 221 28
m0 3 3
1 9 0
2 8 13
3 0 1
t 220 28
m0 4 3
1 8 0
2 9 13
3 0 0
t 219 28
m0 3 3
1 9 0
2 8 13
3 0 1
t 218 28
m0 4 3
1 8 0
2 9 13
3 0 0
t 217 28
m0 3 3
1 9 0
2 8 13
3 0 1
f 3 4
t 216 28
m0 3 4
1 8 0
2 9 13
3 0 0
t 215 38
m0 4 4
1 9 0
2 8 13
3 0 1
t 214 38
m0 5 4
1 8 0
2 9 13
3 0 0
t 213 38
m0 5 5
1 9 0
2 8 13
3 0 1
t 212 38
m0 5 6
1 8 0
2 9 13
3 0 0
t 211 38
m0 5 7
1 9 0
2 8 13
3 0 1
t 210 39
m0 5 6
1 8 0
2 9 13
3 0 0
t 209 39
m0 5 7
1 9 0
2 8 13
3 0 1
t 208 39
m0 5 6
1 8 0
2 9 13
3 0 0
t 207 39
m0 5 7
1 9 0
2 8 13
3 0 1
t 206 39
m0 5 6
1 8 0
2 9 13
3 0 0
t 205 39
m0 5 7
1 9 0
2 8 13
3 0 1
t 204 39
m0 5 6
1 8 0
2 9 13
3 0 0
t 203 39
m0 5 7
1 9 0
2 8 13
3 0 1
t 202 39
m0 5 6
1 8 0
2 9 13
3 0 0
t 201 39
m0 5 7
1 9 0
2 8 13
3 0 1
t 200 39
m0 5 6
1 8 0
2 9 13
3 0 0
t 199 39
m0 5 7
1 9 0
2 8 13
3 0 1
t 198 39
m0 5 6
1 8 0
2 9 13
3 0 0
t 197 39
m0 5 7
1 9 0
2 8 13
3 0 1
t 196 39
m0 5 6
1 8 0
2 9 13
3 0 0
t 195 39
m0 5 7
1 9 0
2 8 13
3 0 1
t 194 39
m0 5 6
1 8 0
2 9 13
3 0 0
t 193 39
m0 5 7
1 9 0
2 8 13
3 0 1
t 192 39
m0 5 6
1 8 0
2 9 13
3 0 0
t 191 39
m0 5 7
1 9 0
2 8 13
3 0 1
t 190 39
m0 5 6
1 8 0
2 9 13
3 0 0
t 189 39
m0 5 7
1 9 0
2 8 13
3 0 1
t 188 39
m0 5 6
1 8 0
2 9 13
3 0 0
t 187 39
m0 5 7
1 9 0
2 8 13
3 0 1
t 186 39
m0 5 6
1 8 0
2 9 13
3 0 0
t 185 39
m0 5 7
1 9 0
2 8 13
3 0 1
t 184 39
m0 5 6
1 8 0
2 9 13
3 0 0
t 183 39
m0 5 7
1 9 0
2 8 13
3 0 1
f 5 3
t 182 39
m0 5 6
1 8 0
2 9 13
3 0 0
t 181 39
m0 5 7
1 9 0
2 8 13
3 0 1
t 180 39
m0 5 6
1 8 0
2 9 13
3 0 0
t 179 39
m0 5 7
1 9 0
2 8 13
3 0 1
t 178 39
m0 5 6
1 8 0
2 9 13
3 0 0
t 177 39
m0 5 7
1 9 0
2 8 13
3 0 1
t 176 39
m0 5 6
1 8 0
2 9 13
3 0 0
t 175 39
m0 5 7
1 9 0
2 8 13
3 0 1
t 174 39
m0 5 6
1 8 0
2 9 13
3 0 0
t 173 39
m0 5 7
1 9 0
2 8 13
3 0 1
t 172 39
m0 5 6
1 8 0
2 9 13
3 0 0
t 171 39
m0 5 7
1 9 0
2 8 13
3 0 1
t 170 39
m0 5 6
1 8 0
2 9 13
3 0 0
t 169 39
m0 5 7
1 9 0
2 8 13
3 0 1
t 168 39
m0 5 6
1 8 0
2 9 13
3 0 0
t 167 39
m0 5 7
1 9 0
2 8 13
3 0 1
t 166 39
m0 5 6
1 8 0
2 9 13
3 0 0
t 165 39
m0 5 7
1 9 0
2 8 13
3 0 1
t 164 39
m0 5 6
1 8 0
2 9 13
3 0 0
t 163 39
m0 5 7
1 9 0
2 8 13
3 0 1
t 162 39
m0 5 6
1 8 0
2 9 13
3 0 0
t 161 39
m0 5 7
1 9 0
2 8 13
3 0 1
t 160 39
m0 5 6
1 8 0
2 9 13
3 0 0
t 159 39
m0 5 7
1 9 0
2 8 13
3 0 1
t 158 39
m0 5 6
1 8 0
2 9 13
3 0 0
t 157 39
m0 5 7
1 9 0
2 8 13
3 0 1
t 156 39
m0 5 6
1 8 0
2 9 13
3 0 0
t 155 39
m0 5 7
1 9 0
2 8 13
3 0 1
t 154 39
m0 5 6
1 8 0
2 9 13
3 0 0
t 153 39
m0 5 7
1 9 0
2 8 13
3 0 1
t 152 39
m0 5 6
1 8 0
2 9 13
3 0 0
t 151 39
m0 5 7
1 9 0
2 8 13
3 0 1
t 150 39
m0 5 6
1 8 0
2 9 13
3 0 0
t 149 39
m0 5 7
1 9 0
2 8 13
3 0 1
t 148 39
m0 5 6
1 8 0
2 9 13
3 0 0
t 147 39
m0 5 7
1 9 0
2 8 13
3 0 1
t 146 39
m0 5 6
1 8 0
2 9 13
3 0 0
t 145 39
m0 5 7
1 9 0
2 8 13
3 0 1
t 144 39
m0 5 6
1 8 0
2 9 13
3 0 0
t 143 39
m0 5 7
1 9 0
2 8 13
3 0 1
t 142 39
m0 5 6
1 8 0
2 9 13
3 0 0
t 141 39
m0 5 7
1 9 0
2 8 13
3 0 1
t 140 39
m0 5 6
1 8 0
2 9 13
3 0 0
t 139 39
m0 5 7
1 9 0
2 8 13
3 0 1
t 138 39
m0 5 6
1 8 0
2 9 13
3 0 0
t 137 39
m0 5 7
1 9 0
2 8 13
3 0 1
t 136 39
m0 5 6
1 8 0
2 9 13
3 0 0
t 135 39
m0 5 7
1 9 0
2 8 13
3 0 1
t 134 39
m0 5 6
1 8 0
2 9 13
3 0 0
t 133 39
m0 5 7
1 9 0
2 8 13
3 0 1
t 132 39
m0 5 6
1 8 0
2 9 13
3 0 0
t 131 39
m0 5 7
1 9 0
2 8 13
3 0 1
t 130 39
m0 5 6
1 8 0
2 9 13
3 0 0
t 129 39
m0 5 7
1 9 0
2 8 13
3 0 1
t 128 39
m0 5 6
1 8 0
2 9 13
3 0 0
t 127 39
m0 5 7
1 9 0
2 8 13
3 0 1
t 126 39
m0 5 6
1 8 0
2 9 13
3 0 0
t 125 39
m0 5 7
1 9 0
2 8 13
3 0 1
t 124 39
m0 5 6
1 8 0
2 9 13
3 0 0
t 123 39
m0 5 7
1 9 0
2 8 13
3 0 1
t 122 39
m0 5 6
1 8 0
2 9 13
3 0 0
t 121 39
m0 5 7
1 9 0
2 8 13
3 0 1
t 120 39
m0 5 6
1 8 0
2 9 13
3 0 0
t 119 39
m0 5 7
1 9 0
2 8 13
3 0 1
t 118 39
m0 5 6
1 8 0
2 9 13
3 0 0
t 117 39
m0 5 7
1 9 0
2 8 13
3 0 1
t 116 39
m0 5 6
1 8 0
2 9 13
3 0 0
t 115 39
m0 5 7
1 9 0
2 8 13
3 0 1
t 114 39
m0 5 6
1 8 0
2 9 13
3 0 0
t 113 39
m0 5 7
1 9 0
2 8 13
3 0 1
t 112 39
m0 5 6
1 8 0
2 9 13
3 0 0
t 111 39
m0 5 7
1 9 0
2 8 13
3 0 1
t 110 39
m0 5 6
1 8 0
2 9 13
3 0 0
t 109 39
m0 5 7
1 9 0
2 8 13
3 0 1
t 108 39
m0 5 6
1 8 0
2 9 13
3 0 0
t 107 39
m0 5 7
1 9 0
2 8 13
3 0 1
t 106 39
m0 5 6
1 8 0
2 9 13
3 0 0
t 105 39
m0 5 7
1 9 0
2 8 13
3 0 1
t 104 39
m0 5 6
1 8 0
2 9 13
3 0 0
t 103 39
m0 5 7
1 9 0
2 8 13
3 0 1
t 102 39
m0 5 6
1 8 0
2 9 13
3 0 0
t 101 39
m0 5 7
1 9 0
2 8 13
3 0 1
t 100 39
m0 5 6
1 8 0
2 9 13
3 0 0
t 99 39
m0 5 7
1 9 0
2 8 13
3 0 1
t 98 39
m0 5 6
1 8 0
2 9 13
3 0 0
t 97 39
m0 5 7
1 9 0
2 8 13
3 0 1
t 96 39
m0 5 6
1 8 0
2 9 13
3 0 0
t 95 39
m0 5 7
1 9 0
2 8 13
3 0 1
t 94 39
m0 5 6
1 8 0
2 9 13
3 0 0
t 93 39
m0 5 7
1 9 0
2 8 13
3 0 1
t 92 39
m0 5 6
1 8 0
2 9 13
3 0 0
t 91 39
m0 5 7
1 9 0
2 8 13
3 0 1
t 90 39
m0 5 6
1 8 0
2 9 13
3 0 0
t 89 39
m0 5 7
1 9 0
2 8 13
3 0 1
t 88 39
m0 5 6
1 8 0
2 9 13
3 0 0
t 87 39
m0 5 7
1 9 0
2 8 13
3 0 1
t 86 39
m0 5 6
1 8 0
2 9 13
3 0 0
t 85 39
m0 5 7
1 9 0
2 8 13
3 0 1
t 84 39
m0 5 6
1 8 0
2 9 13
3 0 0
t 83 39
m0 5 7
1 9 0
2 8 13
3 0 1
t 82 39
m0 5 6
1 8 0
2 9 13
3 0 0
t 81 39
m0 5 7
1 9 0
2 8 13
3 0 1
t 80 39
m0 5 6
1 8 0
2 9 13
3 0 0
t 79 39
m0 5 7
1 9 0
2 8 13
3 0 1
t 78 39
m0 5 6
1 8 0
2 9 13
3 0 0
t 77 39
m0 5 7
1 9 0
2 8 13
3 0 1
t 76 39
m0 5 6
1 8 0
2 9 13
3 0 0
t 75 39
m0 5 7
1 9 0
2 8 13
3 0 1
t 74 39
m0 5 6
1 8 0
2 9 13
3 0 0
t 73 39
m0 5 7
1 9 0
2 8 13
3 0 1
t 72 39
m0 5 6
1 8 0
2 9 13
3 0 0
t 71 39
m0 5 7
1 9 0
2 8 13
3 0 1
t 70 39
m0 5 6
1 8 0
2 9 13
3 0 0
t 69 39
m0 5 7
1 9 0
2 8 13
3 0 1
t 68 39
m0 5 6
1 8 0
2 9 13
3 0 0
t 67 39
m0 5 7
1 9 0
2 8 13
3 0 1
t 66 39
m0 5 6
1 8 0
2 9 13
3 0 0
t 65 39
m0 5 7
1 9 0
2 8 13
3 0 1
t 64 39
m0 5 6
1 8 0
2 9 13
3 0 0
t 63 39
m0 5 7
1 9 0
2 8 13
3 0 1
t 62 39
m0 5 6
1 8 0
2 9 13
3 0 0
t 61 39
m0 5 7
1 9 0
2 8 13
3 0 1
t 60 39
m0 5 6
1 8 0
2 9 13
3 0 0
t 59 39
m0 5 7
1 9 0
2 8 13
3 0 1
t 58 39
m0 5 6
1 8 0
2 9 13
3 0 0
t 57 39
m0 5 7
1 9 0
2 8 13
3 0 1
t 56 39
m0 5 6
1 8 0
2 9 13
3 0 0
t 55 39
m0 5 7
1 9 0
2 8 13
3 0 1
t 54 39
m0 5 6
1 8 0
2 9 13
3 0 0
t 53 39
m0 5 7
1 9 0
2 8 13
3 0 1
t 52 39
m0 5 6
1 8 0
2 9 13
3 0 0
t 51 39
m0 5 7
1 9 0
2 8 13
3 0 1
t 50 39
m0 5 6
1 8 0
2 9 13
3 0 0
t 49 39
m0 5 7
1 9 0
2 8 13
3 0 1
t 48 39
m0 5 6
1 8 0
2 9 13
3 0 0
t 47 39
m0 5 7
1 9 0
2 8 13
3 0 1
t 46 39
m0 5 6
1 8 0
2 9 13
3 0 0
t 45 39
m0 5 7
1 9 0
2 8 13
3 0 1
t 44 39
m0 5 6
1 8 0
2 9 13
3 0 0
t 43 39
m0 5 7
1 9 0
2 8 13
3 0 1
t 42 39
m0 5 6
1 8 0
2 9 13
3 0 0
t 41 39
m0 5 7
1 9 0
2 8 13
3 0 1
t 40 39
m0 5 6
1 8 0
2 9 13
3 0 0
t 39 39
m0 5 7
1 9 0
2 8 13
3 0 1
t 38 39
m0 5 6
1 8 0
2 9 13
3 0 0
t 37 39
m0 5 7
1 9 0
2 8 13
3 0 1
t 36 39
m0 5 6
1 8 0
2 9 13
3 0 0
t 35 39
m0 5 7
1 9 0
2 8 13
3 0 1
t 34 39
m0 5 6
1 8 0
2 9 13
3 0 0
t 33 39
m0 5 7
1 9 0
2 8 13
3 0 1
t 32 39
m0 5 6
1 8 0
2 9 13
3 0 0
t 31 39
m0 5 7
1 9 0
2 8 13
3 0 1
t 30 39
m0 5 6
1 8 0
2 9 13
3 0 0
t 29 39
m0 5 7
1 9 0
2 8 13
3 0 1
t 28 39
m0 5 6
1 8 0
2 9 13
3 0 0
t 27 39
m0 5 7
1 9 0
2 8 13
3 0 1
t 26 39
m0 5 6
1 8 0
2 9 13
3 0 0
t 25 39
m0 5 7
1 9 0
2 8 13
3 0 1
t 24 39
m0 5 6
1 8 0
2 9 13
3 0 0
t 23 39
m0 5 7
1 9 0
2 8 13
3 0 1
t 22 39
m0 5 6
1 8 0
2 9 13
3 0 0
t 21 39
m0 5 7
1 9 0
2 8 13
3 0 1
t 20 39
m0 5 6
1 8 0
2 9 13
3 0 0
t 19 39
m0 5 7
1 9 0
2 8 13
3 0 1
t 18 39
m0 5 6
1 8 0
2 9 13
3 0 0
t 17 39
m0 5 7
1 9 0
2 8 13
3 0 1
t 16 39
m0 5 6
1 8 0
2 9 13
3 0 0
t 15 39
m0 5 7
1 9 0
2 8 13
3 0 1
t 14 39
m0 5 6
1 8 0
2 9 13
3 0 0
t 13 39
m0 5 7
1 9 0
2 8 13
3 0 1
t 12 39
m0 5 6
1 8 0
2 9 13
3 0 0
t 11 39
m0 5 7
1 9 0
2 8 13
3 0 1
t 10 39
m0 5 6
1 8 0
2 9 13
3 0 0
t 9 39
m0 5 7
1 9 0
2 8 13
3 0 1
t 8 39
m0 5 6
1 8 0
2 9 13
3 0 0
t 7 39
m0 5 7
1 9 0
2 8 13
3 0 1
t 6 39
m0 5 6
1 8 0
2 9 13
3 0 0
t 5 39
m0 5 7
1 9 0
2 8 13
3 0 1
t 4 39
m0 5 6
1 8 0
2 9 13
3 0 0
t 3 39
m0 5 7
1 9 0
2 8 13
3 0 1
t 2 39
m0 5 6
1 8 0
2 9 13
3 0 0
t 1 39
m0 5 7
1 8 0
2 9 13
3 0 0
t 0 39
