10
15
w 7 3
w 5 6
w 0 2
w 7 7
w 2 1
w 4 12
w 2 12
w 5 8
w 8 14
w 5 5
w 3 3
w 6 10
w 6 3
w 4 13
w 0 11
w 2 13
w 9 11
w 2 2
w 4 1
w 3 2
w 2 6
w 9 14
w 6 11
w 1 13
w 9 10
w 1 9
w 8 7
w 5 3
w 8 3
w 6 1
w 3 1
w 7 4
w 0 6
w 3 8
w 0 9
w 3 4
w 2 4
p 5 9
p 6 9
p 1 3
p 8 13
p 9 1
p 4 8
p 7 12
p 3 0
p 0 7
p 0 10
p 9 4
p 7 11
p 5 1
p 0 3
p 7 2
p 3 14
p 1 2
p 9 0
p 2 9
p 8 1
p 3 10
p 4 4
p 1 14
p 1 5
p 5 0
p 0 4
p 8 6
p 9 7
p 6 4
p 7 14
p 5 4
p 8 2
p 5 11
p 7 1
p 4 5
p 8 11
p 9 3
p 5 2
p 6 0
p 3 9
p 4 2
p 1 0
p 0 8
p 6 5
p 3 5
p 0 1
p 9 13
p 4 11
p 5 10
p 1 12
p 5 14
p 2 0
p 8 8
p 9 5
p 7 8
p 9 12
m0 0 14
1 9 0
2 9 0
3 9 0
t 300 0
m0 0 14
1 8 0
2 8 0
3 8 0
t 299 0
m0 1 14
1 9 0
2 9 0
3 9 0
t 298 1
m0 2 14
1 8 0
2 8 0
3 8 0
t 297 1
m0 1 14
1 9 0
2 9 0
3 9 0
t 296 1
m0 1 14
1 8 0
2 8 0
3 8 0
t 295 1
m0 2 14
1 9 0
2 9 0
3 9 0
t 294 1
m0 2 14
1 8 0
2 8 0
3 8 0
t 293 1
m0 1 14
1 9 0
2 9 0
3 9 0
t 292 1
m0 0 14
1 8 0
2 8 0
3 8 0
t 291 1
m0 0 13
1 9 0
2 9 0
3 9 0
t 290 1
m0 0 13
1 8 0
2 8 0
3 8 0
t 289 1
m0 0 13
1 9 0
2 9 0
3 9 0
t 288 1
m0 0 14
1 8 0
2 8 0
3 8 0
t 287 1
m0 0 13
1 9 0
2 9 0
3 9 0
t 286 1
m0 0 13
1 8 0
2 8 0
3 8 0
t 285 1
m0 0 14
1 9 0
2 9 0
3 9 0
t 284 1
m0 0 13
1 8 0
2 8 0
3 8 0
t 283 1
m0 0 12
1 9 0
2 9 0
3 9 0
t 282 1
m0 1 12
1 8 0
2 8 0
3 8 0
t 281 2
m0 0 12
1 9 0
2 9 0
3 9 0
t 280 2
m0 0 12
1 8 0
2 8 0
3 8 0
t 279 2
m0 0 12
1 9 0
2 9 0
3 9 0
t 278 2
m0 0 12
1 8 0
2 8 0
3 8 0
t 277 2
m0 0 13
1 9 0
2 9 0
3 9 0
t 276 2
m0 0 13
1 8 0
2 8 0
3 8 0
t 275 2
m0 0 14
1 9 0
2 9 0
3 9 0
t 274 2
m0 0 14
1 8 0
2 8 0
3 8 0
t 273 2
m0 0 14
1 9 0
2 9 0
3 9 0
t 272 2
m0 0 13
1 8 0
2 8 0
3 8 0
t 271 2
m0 0 14
1 9 0
2 9 0
3 9 0
t 270 2
m0 0 13
1 8 0
2 8 0
3 8 0
t 269 2
m0 0 14
1 9 0
2 9 0
3 9 0
t 268 2
m0 0 14
1 8 0
2 8 0
3 8 0
t 267 2
m0 0 14
1 9 0
2 9 0
3 9 0
t 266 2
m0 0 14
1 8 0
2 8 0
3 8 0
t 265 2
m0 1 14
1 9 0
2 9 0
3 9 0
t 264 2
m0 0 14
1 8 0
2 8 0
3 8 0
t 263 2
m0 0 14
1 9 0
2 9 0
3 9 0
t 262 2
m0 0 14
1 8 0
2 8 0
3 8 0
t 261 2
m0 0 14
1 9 0
2 9 0
3 9 0
t 260 2
m0 1 14
1 8 0
2 8 0
3 8 0
t 259 2
m0 1 14
1 9 0
2 9 0
3 9 0
t 258 2
m0 1 14
1 8 0
2 8 0
3 8 0
t 257 2
m0 2 14
1 9 0
2 9 0
3 9 0
t 256 2
m0 3 14
1 8 0
2 8 0
3 8 0
t 255 3
m0 3 14
1 9 0
2 9 0
3 9 0
f 2 11
t 254 3
m0 4 14
1 8 0
2 8 0
3 8 0
t 253 3
m0 4 14
1 9 0
2 9 0
3 9 0
t 252 3
m0 3 14
1 8 0
2 8 0
3 8 0
t 251 3
m0 2 14
1 9 0
2 9 0
3 9 0
t 250 3
m0 1 14
1 8 0
2 8 0
3 8 0
t 249 3
m0 1 14
1 9 0
2 9 0
3 9 0
t 248 3
m0 1 14
1 8 0
2 8 0
3 8 0
t 247 3
m0 1 14
1 9 0
2 9 0
3 9 0
t 246 3
m0 2 14
1 8 0
2 8 0
3 8 0
t 245 3
m0 1 14
1 9 0
2 9 0
3 9 0
t 244 3
m0 1 14
1 8 0
2 8 0
3 8 0
t 243 3
m0 0 14
1 9 0
2 9 0
3 9 0
t 242 3
m0 0 13
1 8 0
2 8 0
3 8 0
t 241 3
m0 0 13
1 9 0
2 9 0
3 9 0
t 240 3
m0 0 12
1 8 0
2 8 0
3 8 0
t 239 3
m0 0 13
1 9 0
2 9 0
3 9 0
t 238 3
m0 0 13
1 8 0
2 8 0
3 8 0
t 237 3
m0 0 14
1 9 0
2 9 0
3 9 0
t 236 3
m0 0 14
1 8 0
2 8 0
3 8 0
t 235 3
m0 1 14
1 9 0
2 9 0
3 9 0
t 234 3
m0 0 14
1 8 0
2 8 0
3 8 0
t 233 3
m0 0 13
1 9 0
2 9 0
3 9 0
t 232 3
m0 0 13
1 8 0
2 8 0
3 8 0
t 231 3
m0 0 14
1 9 0
2 9 0
3 9 0
t 230 3
m0 0 14
1 8 0
2 8 0
3 8 0
t 229 3
m0 0 13
1 9 0
2 9 0
3 9 0
t 228 3
m0 0 14
1 8 0
2 8 0
3 8 0
t 227 3
m0 0 13
1 9 0
2 9 0
3 9 0
t 226 3
m0 0 12
1 8 0
2 8 0
3 8 0
t 225 3
m0 0 12
1 9 0
2 9 0
3 9 0
t 224 3
m0 0 13
1 8 0
2 8 0
3 8 0
t 223 3
m0 0 14
1 9 0
2 9 0
3 9 0
t 222 3
m0 1 14
1 8 0
2 8 0
3 8 0
t 221 3
m0 0 14
1 9 0
2 9 0
3 9 0
t 220 3
m0 0 13
1 8 0
2 8 0
3 8 0
t 219 3
m0 0 13
1 9 0
2 9 0
3 9 0
t 218 3
m0 0 13
1 8 0
2 8 0
3 8 0
t 217 3
m0 0 12
1 9 0
2 9 0
3 9 0
t 216 3
m0 0 13
1 8 0
2 8 0
3 8 0
t 215 3
m0 0 12
1 9 0
2 9 0
3 9 0
t 214 3
m0 0 12
1 8 0
2 8 0
3 8 0
t 213 3
m0 1 12
1 9 0
2 9 0
3 9 0
t 212 3
m0 1 11
1 8 0
2 8 0
3 8 0
t 211 3
m0 1 10
1 9 0
2 9 0
3 9 0
t 210 3
m0 2 10
1 8 0
2 8 0
3 8 0
t 209 3
m0 1 10
1 9 0
2 9 0
3 9 0
t 208 3
m0 1 11
1 8 0
2 8 0
3 8 0
t 207 3
m0 2 11
1 9 0
2 9 0
3 9 0
t 206 13
m0 3 11
1 8 0
2 8 0
3 8 0
t 205 13
m0 3 11
1 9 0
2 9 0
3 9 0
t 204 13
m0 4 11
1 8 0
2 8 0
3 8 0
t 203 14
m0 4 10
1 9 0
2 9 0
3 9 0
t 202 14
m0 4 11
1 8 0
2 8 0
3 8 0
t 201 14
m0 3 11
1 9 0
2 9 0
3 9 0
f 2 7
t 200 14
m0 3 11
1 8 0
2 8 0
3 8 0
t 199 14
m0 2 11
1 9 0
2 9 0
3 9 0
t 198 14
m0 1 11
1 8 0
2 8 0
3 8 0
t 197 14
m0 1 11
1 9 0
2 9 0
3 9 0
t 196 14
m0 2 11
1 8 0
2 8 0
3 8 0
t 195 14
m0 2 10
1 9 0
2 9 0
3 9 0
t 194 14
m0 1 10
1 8 0
2 8 0
3 8 0
t 193 14
m0 0 10
1 9 0
2 9 0
3 9 0
t 192 15
m0 0 10
1 8 0
2 8 0
3 8 0
t 191 15
m0 1 10
1 9 0
2 9 0
3 9 0
t 190 15
m0 2 10
1 8 0
2 8 0
3 8 0
t 189 15
m0 3 10
1 9 0
2 9 0
3 9 0
t 188 16
m0 3 9
1 8 0
2 8 0
3 8 0
t 187 17
m0 3 9
1 9 0
2 9 0
3 9 0
t 186 17
m0 3 9
1 8 0
2 8 0
3 8 0
t 185 17
m0 4 9
1 9 0
2 9 0
3 9 0
t 184 17
m0 4 9
1 8 0
2 8 0
3 8 0
t 183 17
m0 4 9
1 9 0
2 9 0
3 9 0
t 182 17
m0 4 9
1 8 0
2 8 0
3 8 0
t 181 17
m0 4 10
1 9 0
2 9 0
3 9 0
t 180 17
m0 3 10
1 8 0
2 8 0
3 8 0
t 179 17
m0 3 11
1 9 0
2 9 0
3 9 0
t 178 17
m0 4 11
1 8 0
2 8 0
3 8 0
t 177 17
m0 4 10
1 9 0
2 9 0
3 9 0
t 176 17
m0 4 9
1 8 0
2 8 0
3 8 0
t 175 17
m0 4 9
1 9 0
2 9 0
3 9 0
t 174 17
m0 5 9
1 8 0
2 8 0
3 8 0
t 173 18
m0 5 10
1 9 0
2 9 0
3 9 0
t 172 19
m0 5 9
1 8 0
2 8 0
3 8 0
t 171 19
m0 5 9
1 9 0
2 9 0
3 9 0
t 170 19
m0 5 9
1 8 0
2 8 0
3 8 0
t 169 19
m0 6 9
1 9 0
2 9 0
3 9 0
t 168 20
m0 6 9
1 8 0
2 8 0
3 8 0
t 167 20
m0 5 9
1 9 0
2 9 0
3 9 0
t 166 20
m0 4 9
1 8 0
2 8 0
3 8 0
t 165 20
m0 4 9
1 9 0
2 9 0
3 9 0
t 164 20
m0 5 9
1 8 0
2 8 0
3 8 0
t 163 20
m0 4 9
1 9 0
2 9 0
3 9 0
t 162 20
m0 3 9
1 8 0
2 8 0
3 8 0
t 161 20
m0 3 9
1 9 0
2 9 0
3 9 0
t 160 20
m0 4 9
1 8 0
2 8 0
3 8 0
t 159 20
m0 5 9
1 9 0
2 9 0
3 9 0
t 158 20
m0 5 10
1 8 0
2 8 0
3 8 0
t 157 20
m0 5 11
1 9 0
2 9 0
3 9 0
t 156 21
m0 5 11
1 8 0
2 8 0
3 8 0
t 155 21
m0 4 11
1 9 0
2 9 0
3 9 0
t 154 21
m0 3 11
1 8 0
2 8 0
3 8 0
t 153 21
m0 3 12
1 9 0
2 9 0
3 9 0
t 152 21
m0 3 13
1 8 0
2 8 0
3 8 0
t 151 21
m0 3 12
1 9 0
2 9 0
3 9 0
t 150 21
m0 3 13
1 8 0
2 8 0
3 8 0
t 149 21
m0 3 12
1 9 0
2 9 0
3 9 0
t 148 21
m0 3 13
1 8 0
2 8 0
3 8 0
t 147 21
m0 3 14
1 9 0
2 9 0
3 9 0
t 146 21
m0 3 13
1 8 0
2 8 0
3 8 0
t 145 21
m0 3 12
1 9 0
2 9 0
3 9 0
t 144 21
m0 3 11
1 8 0
2 8 0
3 8 0
t 143 21
m0 4 11
1 9 0
2 9 0
3 9 0
t 142 21
m0 4 10
1 8 0
2 8 0
3 8 0
t 141 21
m0 4 11
1 9 0
2 9 0
3 9 0
t 140 21
m0 4 11
1 8 0
2 8 0
3 8 0
t 139 21
m0 4 10
1 9 0
2 9 0
3 9 0
t 138 21
m0 3 10
1 8 0
2 8 0
3 8 0
t 137 21
m0 3 10
1 9 0
2 9 0
3 9 0
t 136 21
m0 3 10
1 8 0
2 8 0
3 8 0
t 135 21
m0 4 10
1 9 0
2 9 0
3 9 0
t 134 21
m0 4 9
1 8 0
2 8 0
3 8 0
t 133 21
m0 4 10
1 9 0
2 9 0
3 9 0
t 132 21
m0 4 11
1 8 0
2 8 0
3 8 0
t 131 21
m0 3 11
1 9 0
2 9 0
3 9 0
t 130 21
m0 3 12
1 8 0
2 8 0
3 8 0
t 129 21
m0 3 13
1 9 0
2 9 0
3 9 0
t 128 21
m0 3 13
1 8 0
2 8 0
3 8 0
t 127 21
m0 3 13
1 9 0
2 9 0
3 9 0
t 126 21
m0 3 12
1 8 0
2 8 0
3 8 0
t 125 21
m0 3 11
1 9 0
2 9 0
3 9 0
t 124 21
m0 2 11
1 8 0
2 8 0
3 8 0
t 123 21
m0 2 10
1 9 0
2 9 0
3 9 0
t 122 21
m0 2 10
1 8 0
2 8 0
3 8 0
t 121 21
m0 2 10
1 9 0
2 9 0
3 9 0
t 120 21
m0 1 10
1 8 0
2 8 0
3 8 0
t 119 21
m0 0 10
1 9 0
2 9 0
3 9 0
t 118 21
m0 0 10
1 8 0
2 8 0
3 8 0
t 117 21
m0 0 10
1 9 0
2 9 0
3 9 0
t 116 21
m0 0 10
1 8 0
2 8 0
3 8 0
t 115 21
m0 0 10
1 9 0
2 9 0
3 9 0
t 114 21
m0 0 10
1 8 0
2 8 0
3 8 0
t 113 21
m0 1 10
1 9 0
2 9 0
3 9 0
t 112 21
m0 2 10
1 8 0
2 8 0
3 8 0
t 111 21
m0 2 10
1 9 0
2 9 0
3 9 0
t 110 21
m0 2 11
1 8 0
2 8 0
3 8 0
t 109 21
m0 1 11
1 9 0
2 9 0
3 9 0
t 108 21
m0 1 12
1 8 0
2 8 0
3 8 0
t 107 21
m0 1 11
1 9 0
2 9 0
3 9 0
t 106 21
m0 2 11
1 8 0
2 8 0
3 8 0
t 105 21
m0 2 10
1 9 0
2 9 0
3 9 0
t 104 21
m0 1 10
1 8 0
2 8 0
3 8 0
t 103 21
m0 1 10
1 9 0
2 9 0
3 9 0
t 102 21
m0 1 11
1 8 0
2 8 0
3 8 0
t 101 21
m0 1 12
1 9 0
2 9 0
3 9 0
t 100 21
m0 0 12
1 8 0
2 8 0
3 8 0
t 99 21
m0 1 12
1 9 0
2 9 0
3 9 0
t 98 21
m0 1 12
1 8 0
2 8 0
3 8 0
t 97 21
m0 1 12
1 9 0
2 9 0
3 9 0
t 96 21
m0 1 11
1 8 0
2 8 0
3 8 0
t 95 21
m0 1 12
1 9 0
2 9 0
3 9 0
t 94 21
m0 1 12
1 8 0
2 8 0
3 8 0
t 93 21
m0 1 12
1 9 0
2 9 0
3 9 0
t 92 21
m0 0 12
1 8 0
2 8 0
3 8 0
t 91 21
m0 0 13
1 9 0
2 9 0
3 9 0
t 90 21
m0 0 13
1 8 0
2 8 0
3 8 0
t 89 21
m0 0 13
1 9 0
2 9 0
3 9 0
t 88 21
m0 0 13
1 8 0
2 8 0
3 8 0
t 87 21
m0 0 12
1 9 0
2 9 0
3 9 0
t 86 21
m0 0 13
1 8 0
2 8 0
3 8 0
t 85 21
m0 0 12
1 9 0
2 9 0
3 9 0
t 84 21
m0 0 12
1 8 0
2 8 0
3 8 0
t 83 21
m0 0 13
1 9 0
2 9 0
3 9 0
t 82 21
m0 0 12
1 8 0
2 8 0
3 8 0
t 81 21
m0 0 13
1 9 0
2 9 0
3 9 0
t 80 21
m0 0 14
1 8 0
2 8 0
3 8 0
t 79 21
m0 0 13
1 9 0
2 9 0
3 9 0
t 78 21
m0 0 13
1 8 0
2 8 0
3 8 0
t 77 21
m0 0 14
1 9 0
2 9 0
3 9 0
t 76 21
m0 1 14
1 8 0
2 8 0
3 8 0
t 75 21
m0 0 14
1 9 0
2 9 0
3 9 0
t 74 21
m0 0 13
1 8 0
2 8 0
3 8 0
t 73 21
m0 0 14
1 9 0
2 9 0
3 9 0
t 72 21
m0 0 13
1 8 0
2 8 0
3 8 0
t 71 21
m0 0 13
1 9 0
2 9 0
3 9 0
t 70 21
m0 0 13
1 8 0
2 8 0
3 8 0
t 69 21
m0 0 14
1 9 0
2 9 0
3 9 0
t 68 21
m0 0 14
1 8 0
2 8 0
3 8 0
t 67 21
m0 1 14
1 9 0
2 9 0
3 9 0
t 66 21
m0 0 14
1 8 0
2 8 0
3 8 0
t 65 21
m0 0 14
1 9 0
2 9 0
3 9 0
t 64 21
m0 0 13
1 8 0
2 8 0
3 8 0
t 63 21
m0 0 13
1 9 0
2 9 0
3 9 0
t 62 21
m0 0 14
1 8 0
2 8 0
3 8 0
t 61 21
m0 0 13
1 9 0
2 9 0
3 9 0
t 60 21
m0 0 12
1 8 0
2 8 0
3 8 0
t 59 21
m0 0 12
1 9 0
2 9 0
3 9 0
t 58 21
m0 0 13
1 8 0
2 8 0
3 8 0
t 57 21
m0 0 13
1 9 0
2 9 0
3 9 0
t 56 21
m0 0 12
1 8 0
2 8 0
3 8 0
t 55 21
m0 0 13
1 9 0
2 9 0
3 9 0
t 54 21
m0 0 13
1 8 0
2 8 0
3 8 0
t 53 21
m0 0 12
1 9 0
2 9 0
3 9 0
t 52 21
m0 1 12
1 8 0
2 8 0
3 8 0
t 51 21
m0 1 11
1 9 0
2 9 0
3 9 0
t 50 21
m0 1 10
1 8 0
2 8 0
3 8 0
t 49 21
m0 1 11
1 9 0
2 9 0
3 9 0
t 48 21
m0 1 10
1 8 0
2 8 0
3 8 0
t 47 21
m0 1 10
1 9 0
2 9 0
3 9 0
t 46 21
m0 1 11
1 8 0
2 8 0
3 8 0
t 45 21
m0 1 12
1 9 0
2 9 0
3 9 0
t 44 21
m0 1 12
1 8 0
2 8 0
3 8 0
t 43 21
m0 0 12
1 9 0
2 9 0
3 9 0
t 42 21
m0 0 13
1 8 0
2 8 0
3 8 0
t 41 21
m0 0 12
1 9 0
2 9 0
3 9 0
t 40 21
m0 1 12
1 8 0
2 8 0
3 8 0
t 39 21
m0 0 12
1 9 0
2 9 0
3 9 0
t 38 21
m0 0 12
1 8 0
2 8 0
3 8 0
t 37 21
m0 1 12
1 9 0
2 9 0
3 9 0
t 36 21
m0 1 12
1 8 0
2 8 0
3 8 0
t 35 21
m0 1 12
1 9 0
2 9 0
3 9 0
t 34 21
m0 1 11
1 8 0
2 8 0
3 8 0
t 33 21
m0 1 10
1 9 0
2 9 0
3 9 0
t 32 21
m0 2 10
1 8 0
2 8 0
3 8 0
t 31 21
m0 2 10
1 9 0
2 9 0
3 9 0
t 30 21
m0 1 10
1 8 0
2 8 0
3 8 0
t 29 21
m0 1 10
1 9 0
2 9 0
3 9 0
t 28 21
m0 1 10
1 8 0
2 8 0
3 8 0
t 27 21
m0 2 10
1 9 0
2 9 0
3 9 0
t 26 21
m0 2 10
1 8 0
2 8 0
3 8 0
t 25 21
m0 2 10
1 9 0
2 9 0
3 9 0
t 24 21
m0 2 9
1 8 0
2 8 0
3 8 0
t 23 22
m0 3 9
1 9 0
2 9 0
3 9 0
t 22 22
m0 3 10
1 8 0
2 8 0
3 8 0
t 21 22
m0 4 10
1 9 0
2 9 0
3 9 0
t 20 22
m0 3 10
1 8 0
2 8 0
3 8 0
t 19 22
m0 4 10
1 9 0
2 9 0
3 9 0
t 18 22
m0 3 10
1 8 0
2 8 0
3 8 0
t 17 22
m0 2 10
1 9 0
2 9 0
3 9 0
t 16 22
m0 3 10
1 8 0
2 8 0
3 8 0
t 15 22
m0 2 10
1 9 0
2 9 0
3 9 0
t 14 22
m0 2 11
1 8 0
2 8 0
3 8 0
t 13 22
m0 2 11
1 9 0
2 9 0
3 9 0
t 12 22
m0 2 10
1 8 0
2 8 0
3 8 0
t 11 22
m0 2 9
1 9 0
2 9 0
3 9 0
t 10 22
m0 2 8
1 8 0
2 8 0
3 8 0
t 9 22
m0 2 8
1 9 0
2 9 0
3 9 0
t 8 22
m0 2 7
1 8 0
2 8 0
3 8 0
t 7 32
m0 3 7
1 9 0
2 9 0
3 9 0
t 6 32
m0 4 7
1 8 0
2 8 0
3 8 0
t 5 32
m0 5 7
1 9 0
2 9 0
3 9 0
t 4 32
m0 6 7
1 8 0
2 8 0
3 8 0
t 3 32
m0 6 6
1 9 0
2 9 0
3 9 0
t 2 32
m0 6 7
1 8 0
2 8 0
3 8 0
t 1 32
m0 6 6
1 8 0
2 8 0
3 8 0
t 0 32
