10
15
w 1 3
w 8 13
w 7 12
w 2 8
w 5 13
w 7 7
w 6 2
w 1 6
w 2 12
w 3 7
w 3 14
w 5 8
w 1 2
w 8 1
w 1 14
w 8 10
w 6 3
w 1 5
w 5 0
w 9 7
w 4 10
w 0 0
w 7 1
w 4 5
w 0 12
w 2 3
w 1 0
w 8 3
w 5 10
w 6 8
w 3 12
w 5 7
w 2 11
w 3 1
w 4 3
w 0 9
w 7 8
p 7 3
p 4 7
p 4 8
p 3 0
p 5 6
p 9 8
p 3 11
p 0 7
p 2 1
p 8 9
p 0 10
p 5 1
p 2 5
p 7 2
p 4 0
p 6 14
p 8 14
p 6 7
p 3 3
p 5 5
p 2 9
p 7 6
p 6 10
p 4 4
p 4 13
p 2 13
p 7 10
p 2 2
p 1 10
p 3 6
p 0 4
p 1 1
p 3 2
p 2 6
p 9 14
p 6 11
p 1 13
p 2 10
p 9 10
p 4 2
p 0 8
p 6 5
p 4 11
p 9 13
p 7 0
p 9 2
p 5 14
p 0 6
p 2 0
p 7 4
p 1 8
p 6 13
p 3 4
p 2 4
p 9 12
p 8 4
m0 0 14
1 9 0
2 9 0
3 9 0
t 300 0
m0 0 14
1 8 0
2 8 0
3 8 0
t 299 0
m0 0 14
1 9 0
2 9 0
3 9 0
t 298 0
m0 0 14
1 8 0
2 8 0
3 8 0
t 297 0
m0 0 13
1 9 0
2 9 0
3 9 0
t 296 0
m0 0 13
1 8 0
2 8 0
3 8 0
f 4 1
t 295 0
m0 0 13
1 9 0
2 9 0
3 9 0
t 294 0
m0 0 14
1 8 0
2 8 0
3 8 0
t 293 0
m0 0 14
1 9 0
2 9 0
3 9 0
t 292 0
m0 0 14
1 8 0
2 8 0
3 8 0
t 291 0
m0 0 13
1 9 0
2 9 0
3 9 0
t 290 0
m0 0 14
1 8 0
2 8 0
3 8 0
t 289 0
m0 0 13
1 9 0
2 9 0
3 9 0
t 288 0
m0 0 14
1 8 0
2 8 0
3 8 0
t 287 0
m0 0 14
1 9 0
2 9 0
3 9 0
t 286 0
m0 0 14
1 8 0
2 8 0
3 8 0
t 285 0
m0 0 14
1 9 0
2 9 0
3 9 0
t 284 0
m0 0 14
1 8 0
2 8 0
3 8 0
t 283 0
m0 0 13
1 9 0
2 9 0
3 9 0
t 282 0
m0 0 14
1 8 0
2 8 0
3 8 0
t 281 0
m0 0 13
1 9 0
2 9 0
3 9 0
t 280 0
m0 0 13
1 8 0
2 8 0
3 8 0
t 279 0
m0 0 14
1 9 0
2 9 0
3 9 0
t 278 0
m0 0 14
1 8 0
2 8 0
3 8 0
t 277 0
m0 0 13
1 9 0
2 9 0
3 9 0
t 276 0
m0 0 14
1 8 0
2 8 0
3 8 0
t 275 0
m0 0 14
1 9 0
2 9 0
3 9 0
t 274 0
m0 0 13
1 8 0
2 8 0
3 8 0
t 273 0
m0 1 13
1 9 0
2 9 0
3 9 0
t 272 1
m0 1 13
1 8 0
2 8 0
3 8 0
t 271 1
m0 2 13
1 9 0
2 9 0
3 9 0
t 270 2
m0 2 14
1 8 0
2 8 0
3 8 0
t 269 2
m0 2 14
1 9 0
2 9 0
3 9 0
t 268 2
m0 2 14
1 8 0
2 8 0
3 8 0
t 267 2
m0 2 14
1 9 0
2 9 0
3 9 0
t 266 2
m0 2 13
1 8 0
2 8 0
3 8 0
t 265 2
m0 2 13
1 9 0
2 9 0
3 9 0
t 264 2
m0 3 13
1 8 0
2 8 0
3 8 0
t 263 2
m0 3 13
1 9 0
2 9 0
3 9 0
t 262 2
m0 3 13
1 8 0
2 8 0
3 8 0
t 261 2
m0 2 13
1 9 0
2 9 0
3 9 0
t 260 2
m0 2 13
1 8 0
2 8 0
3 8 0
t 259 2
m0 2 14
1 9 0
2 9 0
3 9 0
t 258 2
m0 2 14
1 8 0
2 8 0
3 8 0
t 257 2
m0 2 14
1 9 0
2 9 0
3 9 0
t 256 2
m0 2 14
1 8 0
2 8 0
3 8 0
t 255 2
m0 2 13
1 9 0
2 9 0
3 9 0
t 254 2
m0 3 13
1 8 0
2 8 0
3 8 0
t 253 2
m0 2 13
1 9 0
2 9 0
3 9 0
t 252 2
m0 2 13
1 8 0
2 8 0
3 8 0
t 251 2
m0 2 14
1 9 0
2 9 0
3 9 0
t 250 2
m0 2 14
1 8 0
2 8 0
3 8 0
t 249 2
m0 2 13
1 9 0
2 9 0
3 9 0
t 248 2
m0 2 14
1 8 0
2 8 0
3 8 0
t 247 2
m0 2 13
1 9 0
2 9 0
3 9 0
t 246 2
m0 2 14
1 8 0
2 8 0
3 8 0
t 245 2
m0 2 14
1 9 0
2 9 0
3 9 0
t 244 2
m0 2 14
1 8 0
2 8 0
3 8 0
t 243 2
m0 2 13
1 9 0
2 9 0
3 9 0
t 242 2
m0 2 14
1 8 0
2 8 0
3 8 0
t 241 2
m0 2 14
1 9 0
2 9 0
3 9 0
t 240 2
m0 2 13
1 8 0
2 8 0
3 8 0
t 239 2
m0 2 14
1 9 0
2 9 0
3 9 0
t 238 2
m0 2 14
1 8 0
2 8 0
3 8 0
t 237 2
m0 2 13
1 9 0
2 9 0
3 9 0
t 236 2
m0 3 13
1 8 0
2 8 0
3 8 0
t 235 2
m0 2 13
1 9 0
2 9 0
3 9 0
t 234 2
m0 3 13
1 8 0
2 8 0
3 8 0
t 233 2
m0 3 13
1 9 0
2 9 0
3 9 0
t 232 2
m0 4 13
1 8 0
2 8 0
3 8 0
t 231 3
m0 4 14
1 9 0
2 9 0
3 9 0
t 230 3
m0 5 14
1 8 0
2 8 0
3 8 0
t 229 4
m0 6 14
1 9 0
2 9 0
3 9 0
t 228 5
m0 7 14
1 8 0
2 8 0
3 8 0
t 227 5
m0 7 13
1 9 0
2 9 0
3 9 0
t 226 5
m0 7 14
1 8 0
2 8 0
3 8 0
t 225 5
m0 7 13
1 9 0
2 9 0
3 9 0
t 224 5
m0 7 14
1 8 0
2 8 0
3 8 0
t 223 5
m0 7 14
1 9 0
2 9 0
3 9 0
t 222 5
m0 8 14
1 8 0
2 8 0
3 8 0
t 221 6
m0 8 14
1 9 0
2 9 0
3 9 0
t 220 6
m0 9 14
1 8 0
2 8 0
3 8 0
t 219 7
m0 9 13
1 7 0
2 7 0
3 7 0
t 218 8
m0 9 12
1 6 0
2 6 0
3 6 0
t 217 9
m0 8 12
1 7 0
2 7 0
3 7 0
t 216 9
m0 8 11
1 6 0
2 6 0
3 6 0
t 215 9
m0 8 12
1 7 0
2 7 0
3 7 0
t 214 9
m0 8 12
1 6 0
2 6 0
3 6 0
t 213 9
m0 8 11
1 7 0
2 7 0
3 7 0
t 212 9
m0 7 11
1 8 0
2 8 0
3 8 0
t 211 9
m0 7 10
1 9 0
2 9 0
3 9 0
t 210 10
m0 7 9
1 8 0
2 8 0
3 8 0
t 209 10
m0 7 9
1 9 0
2 9 0
3 9 0
t 208 10
m0 8 9
1 8 0
2 8 0
3 8 0
t 207 11
m0 7 9
1 9 0
2 9 0
3 9 0
t 206 11
m0 8 9
1 8 0
2 8 0
3 8 0
t 205 11
m0 7 9
1 9 0
2 9 0
3 9 0
t 204 11
m0 6 9
1 8 0
2 8 0
3 8 0
t 203 11
m0 6 9
1 9 0
2 9 0
3 9 0
t 202 11
m0 7 9
1 8 0
2 8 0
3 8 0
t 201 11
m0 6 9
1 9 0
2 9 0
3 9 0
t 200 11
m0 7 9
1 8 0
2 8 0
3 8 0
t 199 11
m0 7 10
1 9 0
2 9 0
3 9 0
t 198 11
m0 7 9
1 8 0
2 8 0
3 8 0
t 197 11
m0 6 9
1 9 0
2 9 0
3 9 0
t 196 11
m0 6 9
1 8 0
2 8 0
3 8 0
t 195 11
m0 7 9
1 9 0
2 9 0
3 9 0
t 194 11
m0 7 10
1 8 0
2 8 0
3 8 0
t 193 11
m0 6 10
1 9 0
2 9 0
3 9 0
t 192 12
m0 7 10
1 8 0
2 8 0
3 8 0
t 191 12
m0 7 11
1 9 0
2 9 0
3 9 0
t 190 12
m0 7 11
1 8 0
2 8 0
3 8 0
t 189 12
m0 7 10
1 9 0
2 9 0
3 9 0
t 188 12
m0 7 9
1 8 0
2 8 0
3 8 0
t 187 12
m0 6 9
1 9 0
2 9 0
3 9 0
t 186 12
m0 6 10
1 8 0
2 8 0
3 8 0
t 185 12
m0 6 9
1 9 0
2 9 0
3 9 0
t 184 12
m0 5 9
1 8 0
2 8 0
3 8 0
t 183 12
m0 5 9
1 9 0
2 9 0
3 9 0
t 182 12
m0 5 9
1 8 0
2 8 0
3 8 0
t 181 12
m0 6 9
1 9 0
2 9 0
3 9 0
t 180 12
m0 6 10
1 8 0
2 8 0
3 8 0
t 179 12
m0 7 10
1 9 0
2 9 0
3 9 0
t 178 12
m0 7 10
1 8 0
2 8 0
3 8 0
t 177 12
m0 7 10
1 9 0
2 9 0
3 9 0
t 176 12
m0 7 9
1 8 0
2 8 0
3 8 0
t 175 12
m0 8 9
1 9 0
2 9 0
3 9 0
t 174 12
m0 7 9
1 8 0
2 8 0
3 8 0
t 173 12
m0 7 9
1 9 0
2 9 0
3 9 0
t 172 12
m0 7 9
1 8 0
2 8 0
3 8 0
t 171 12
m0 6 9
1 9 0
2 9 0
3 9 0
t 170 12
m0 6 9
1 8 0
2 8 0
3 8 0
t 169 12
m0 6 10
1 9 0
2 9 0
3 9 0
t 168 12
m0 6 11
1 8 0
2 8 0
3 8 0
t 167 13
m0 6 10
1 9 0
2 9 0
3 9 0
t 166 13
m0 6 9
1 8 0
2 8 0
3 8 0
t 165 13
m0 7 9
1 9 0
2 9 0
3 9 0
t 164 13
m0 7 10
1 8 0
2 8 0
3 8 0
t 163 13
m0 6 10
1 9 0
2 9 0
3 9 0
t 162 13
m0 6 9
1 8 0
2 8 0
3 8 0
t 161 13
m0 7 9
1 9 0
2 9 0
3 9 0
t 160 13
m0 6 9
1 8 0
2 8 0
3 8 0
t 159 13
m0 7 9
1 9 0
2 9 0
3 9 0
t 158 13
m0 8 9
1 8 0
2 8 0
3 8 0
t 157 13
m0 8 9
1 9 0
2 9 0
3 9 0
t 156 13
m0 9 9
1 8 0
2 8 0
3 8 0
t 155 13
m0 9 9
1 7 0
2 7 0
3 7 0
t 154 13
m0 9 8
1 6 0
2 6 0
3 6 0
t 153 14
m0 9 8
1 7 0
2 7 0
3 7 0
t 152 14
m0 9 9
1 6 0
2 6 0
3 6 0
t 151 14
m0 9 9
1 7 0
2 7 0
3 7 0
t 150 14
m0 9 8
1 6 0
2 6 0
3 6 0
t 149 14
m0 9 8
1 7 0
2 7 0
3 7 0
t 148 14
m0 8 8
1 6 0
2 6 0
3 6 0
t 147 14
m0 9 8
1 7 0
2 7 0
3 7 0
t 146 14
m0 8 8
1 6 0
2 6 0
3 6 0
t 145 14
m0 8 8
1 7 0
2 7 0
3 7 0
t 144 14
m0 8 7
1 6 0
2 6 0
3 6 0
t 143 14
m0 8 6
1 7 0
2 7 0
3 7 0
t 142 14
m0 8 5
1 6 0
2 6 0
3 6 0
t 141 14
m0 7 5
1 7 0
2 7 0
3 7 0
t 140 14
m0 8 5
1 6 0
2 6 0
3 6 0
t 139 14
m0 7 5
1 7 0
2 7 0
3 7 0
t 138 14
m0 6 5
1 8 0
2 8 0
3 8 0
t 137 15
m0 7 5
1 9 0
2 9 0
3 9 0
t 136 15
m0 7 4
1 8 0
2 8 0
3 8 0
t 135 16
m0 7 4
1 9 0
2 9 0
3 9 0
t 134 16
m0 6 4
1 8 0
2 8 0
3 8 0
t 133 16
m0 6 4
1 9 0
2 9 0
3 9 0
t 132 16
m0 6 4
1 8 0
2 8 0
3 8 0
t 131 16
m0 6 4
1 9 0
2 9 0
3 9 0
t 130 16
m0 6 5
1 8 0
2 8 0
3 8 0
t 129 16
m0 5 5
1 9 0
2 9 0
3 9 0
t 128 17
m0 5 4
1 8 0
2 8 0
3 8 0
t 127 17
m0 5 5
1 9 0
2 9 0
3 9 0
t 126 17
m0 5 5
1 8 0
2 8 0
3 8 0
t 125 17
m0 5 6
1 9 0
2 9 0
3 9 0
t 124 18
m0 4 6
1 8 0
2 8 0
3 8 0
t 123 18
m0 5 6
1 9 0
2 9 0
3 9 0
t 122 18
m0 5 5
1 8 0
2 8 0
3 8 0
t 121 18
m0 6 5
1 9 0
2 9 0
3 9 0
t 120 18
m0 6 6
1 8 0
2 8 0
3 8 0
t 119 18
m0 5 6
1 9 0
2 9 0
3 9 0
t 118 18
m0 6 6
1 8 0
2 8 0
3 8 0
t 117 18
m0 7 6
1 9 0
2 9 0
3 9 0
t 116 19
m0 7 6
1 8 0
2 8 0
3 8 0
t 115 19
m0 6 6
1 9 0
2 9 0
3 9 0
t 114 19
m0 7 6
1 8 0
2 8 0
3 8 0
t 113 19
m0 7 5
1 9 0
2 9 0
3 9 0
t 112 19
m0 6 5
1 8 0
2 8 0
3 8 0
t 111 19
m0 6 4
1 9 0
2 9 0
3 9 0
t 110 19
m0 6 4
1 8 0
2 8 0
3 8 0
t 109 19
m0 5 4
1 9 0
2 9 0
3 9 0
t 108 19
m0 5 3
1 8 0
2 8 0
3 8 0
t 107 19
m0 5 2
1 9 0
2 9 0
3 9 0
t 106 19
m0 4 2
1 8 0
2 8 0
3 8 0
t 105 20
m0 3 2
1 9 0
2 9 0
3 9 0
t 104 21
m0 3 3
1 8 0
2 8 0
3 8 0
t 103 22
m0 3 3
1 9 0
2 9 0
3 9 0
t 102 22
m0 3 2
1 8 0
2 8 0
3 8 0
t 101 22
m0 3 2
1 9 0
2 9 0
3 9 0
t 100 22
m0 4 2
1 8 0
2 8 0
3 8 0
t 99 22
m0 5 2
1 9 0
2 9 0
3 9 0
t 98 22
m0 5 3
1 8 0
2 8 0
3 8 0
t 97 22
m0 5 3
1 9 0
2 9 0
3 9 0
t 96 22
m0 5 2
1 8 0
2 8 0
3 8 0
t 95 22
m0 4 2
1 9 0
2 9 0
3 9 0
t 94 22
m0 3 2
1 8 0
2 8 0
3 8 0
t 93 22
m0 4 2
1 9 0
2 9 0
3 9 0
t 92 22
m0 5 2
1 8 0
2 8 0
3 8 0
t 91 22
m0 5 2
1 9 0
2 9 0
3 9 0
t 90 22
m0 4 2
1 8 0
2 8 0
3 8 0
t 89 22
m0 4 2
1 9 0
2 9 0
3 9 0
t 88 22
m0 4 1
1 8 0
2 8 0
3 8 0
t 87 32
m0 4 0
1 9 0
2 9 0
3 9 0
f 8 7
t 86 33
m0 3 0
1 9 1
2 9 1
3 9 1
t 85 34
m0 2 0
1 9 2
2 9 2
3 9 2
t 84 35
m0 2 0
1 9 3
2 9 3
3 9 3
t 83 35
m0 2 1
1 9 4
2 9 4
3 9 4
t 82 36
m0 1 1
1 9 5
2 9 5
3 9 5
t 81 37
m0 2 1
1 9 6
2 9 6
3 9 6
t 80 37
m0 1 1
1 9 5
2 9 5
3 9 5
t 79 37
m0 1 1
1 9 6
2 9 6
3 9 6
t 78 37
m0 2 1
1 9 5
2 9 5
3 9 5
t 77 37
m0 1 1
1 9 6
2 9 6
3 9 6
t 76 37
m0 0 1
1 9 5
2 9 5
3 9 5
t 75 37
m0 1 1
1 9 6
2 9 6
3 9 6
t 74 37
m0 0 1
1 9 5
2 9 5
3 9 5
t 73 37
m0 0 1
1 9 6
2 9 6
3 9 6
t 72 37
m0 0 1
1 9 5
2 9 5
3 9 5
t 71 37
m0 0 1
1 9 6
2 9 6
3 9 6
t 70 37
m0 0 1
1 9 5
2 9 5
3 9 5
t 69 37
m0 0 1
1 9 6
2 9 6
3 9 6
t 68 37
m0 1 1
1 9 5
2 9 5
3 9 5
t 67 37
m0 1 1
1 9 6
2 9 6
3 9 6
t 66 37
m0 0 1
1 9 5
2 9 5
3 9 5
t 65 37
m0 0 1
1 9 6
2 9 6
3 9 6
t 64 37
m0 0 1
1 9 5
2 9 5
3 9 5
t 63 37
m0 0 2
1 9 6
2 9 6
3 9 6
t 62 37
m0 0 3
1 9 5
2 9 5
3 9 5
t 61 37
m0 0 4
1 9 6
2 9 6
3 9 6
t 60 38
m0 0 3
1 9 5
2 9 5
3 9 5
t 59 38
m0 0 2
1 9 6
2 9 6
3 9 6
t 58 38
m0 0 1
1 9 5
2 9 5
3 9 5
t 57 38
m0 0 1
1 9 6
2 9 6
3 9 6
t 56 38
m0 0 2
1 9 5
2 9 5
3 9 5
t 55 38
m0 0 2
1 9 6
2 9 6
3 9 6
t 54 38
m0 0 1
1 9 5
2 9 5
3 9 5
t 53 38
m0 1 1
1 9 6
2 9 6
3 9 6
t 52 38
m0 2 1
1 9 5
2 9 5
3 9 5
t 51 38
m0 2 1
1 9 6
2 9 6
3 9 6
t 50 38
m0 1 1
1 9 5
2 9 5
3 9 5
t 49 38
m0 1 1
1 9 6
2 9 6
3 9 6
t 48 38
m0 0 1
1 9 5
2 9 5
3 9 5
t 47 38
m0 0 1
1 9 6
2 9 6
3 9 6
t 46 38
m0 0 1
1 9 5
2 9 5
3 9 5
t 45 38
m0 0 1
1 9 6
2 9 6
3 9 6
t 44 38
m0 1 1
1 9 5
2 9 5
3 9 5
t 43 38
m0 2 1
1 9 6
2 9 6
3 9 6
t 42 38
m0 1 1
1 9 5
2 9 5
3 9 5
t 41 38
m0 2 1
1 9 6
2 9 6
3 9 6
t 40 38
m0 1 1
1 9 5
2 9 5
3 9 5
t 39 38
m0 0 1
1 9 6
2 9 6
3 9 6
t 38 38
m0 0 1
1 9 5
2 9 5
3 9 5
t 37 38
m0 1 1
1 9 6
2 9 6
3 9 6
t 36 38
m0 1 1
1 9 5
2 9 5
3 9 5
t 35 38
m0 1 1
1 9 6
2 9 6
3 9 6
t 34 38
m0 1 1
1 9 5
2 9 5
3 9 5
t 33 38
m0 1 1
1 9 6
2 9 6
3 9 6
t 32 38
m0 0 1
1 9 5
2 9 5
3 9 5
t 31 38
m0 1 1
1 9 6
2 9 6
3 9 6
t 30 38
m0 1 1
1 9 5
2 9 5
3 9 5
t 29 38
m0 2 1
1 9 6
2 9 6
3 9 6
t 28 38
m0 2 2
1 9 5
2 9 5
3 9 5
t 27 39
m0 3 2
1 9 6
2 9 6
3 9 6
t 26 39
m0 4 2
1 9 5
2 9 5
3 9 5
t 25 39
m0 4 2
1 9 6
2 9 6
3 9 6
t 24 39
m0 4 1
1 9 5
2 9 5
3 9 5
t 23 39
m0 5 1
1 9 6
2 9 6
3 9 6
t 22 40
m0 6 1
1 9 5
2 9 5
3 9 5
t 21 40
m0 6 1
1 9 6
2 9 6
3 9 6
t 20 40
m0 6 0
1 9 5
2 9 5
3 9 5
t 19 40
m0 7 0
1 9 6
2 9 6
3 9 6
t 18 41
m0 8 0
1 9 5
2 9 5
3 9 5
t 17 41
m0 8 0
1 9 6
2 9 6
3 9 6
t 16 41
m0 9 0
1 8 6
2 8 6
3 8 6
t 15 41
m0 9 1
1 7 6
2 7 6
3 7 6
t 14 41
m0 9 0
1 6 6
2 6 6
3 6 6
t 13 41
m0 9 0
1 5 6
2 5 6
3 5 6
t 12 41
m0 8 0
1 4 6
2 4 6
3 4 6
t 11 41
m0 8 0
1 3 6
2 3 6
3 3 6
t 10 41
m0 9 0
1 2 6
2 2 6
3 2 6
t 9 41
m0 8 0
1 2 7
2 2 7
3 2 7
t 8 41
m0 9 0
1 1 7
2 1 7
3 1 7
t 7 41
m0 8 0
1 0 7
2 0 7
3 0 7
t 6 41
m0 9 0
1 0 8
2 0 8
3 0 8
t 5 41
m0 9 1
1 1 8
2 1 8
3 1 8
t 4 41
m0 9 1
1 0 8
2 0 8
3 0 8
t 3 41
m0 9 2
1 1 8
2 1 8
3 1 8
t 2 42
m0 8 2
1 0 8
2 0 8
3 0 8
t 1 42
m0 9 2
1 0 8
2 0 8
3 0 8
t 0 42
