10
15
w 4 7
w 4 8
w 5 6
w 7 12
w 6 2
w 2 12
w 8 5
w 1 2
w 8 14
w 8 1
w 6 10
w 4 4
w 4 13
w 6 3
w 2 13
w 0 11
w 9 11
w 5 0
w 3 6
w 4 1
w 0 0
w 9 14
w 2 6
w 1 13
w 6 0
w 1 4
w 1 9
w 8 7
w 6 12
w 8 3
w 6 8
w 2 11
w 2 0
w 1 8
w 2 4
w 9 12
w 8 4
p 5 9
p 6 9
p 3 0
p 2 8
p 8 0
p 8 9
p 4 12
p 0 10
p 7 11
p 0 3
p 1 11
p 4 0
p 6 7
p 5 5
p 3 3
p 7 10
p 2 2
p 1 1
p 6 4
p 7 14
p 8 2
p 5 11
p 4 5
p 2 10
p 9 10
p 0 12
p 7 5
p 0 5
p 4 2
p 1 0
p 0 8
p 2 14
p 6 5
p 7 9
p 3 5
p 9 13
p 0 1
p 4 11
p 5 10
p 4 6
p 7 0
p 9 2
p 6 1
p 3 1
p 7 13
p 0 13
p 9 9
p 5 14
p 0 6
p 3 8
p 8 8
p 6 13
p 1 7
p 9 5
p 5 2
p 0 2
m0 0 14
1 9 0
2 9 0
3 9 0
t 300 0
m0 1 14
1 9 1
2 9 1
3 9 1
t 299 0
m0 1 14
1 9 2
2 9 2
3 9 2
t 298 0
m0 1 14
1 9 1
2 9 1
3 9 1
t 297 0
m0 1 14
1 9 0
2 9 0
3 9 0
t 296 0
m0 1 14
1 8 0
2 8 0
3 8 0
t 295 0
m0 1 14
1 9 0
2 9 0
3 9 0
t 294 0
m0 1 14
1 8 0
2 8 0
3 8 0
t 293 0
m0 1 14
1 7 0
2 7 0
3 7 0
t 292 0
m0 1 14
1 7 1
2 7 1
3 7 1
t 291 0
m0 1 14
1 7 2
2 7 2
3 7 2
t 290 0
m0 1 14
1 7 1
2 7 1
3 7 1
t 289 0
m0 1 14
1 7 2
2 7 2
3 7 2
t 288 0
m0 1 14
1 8 2
2 8 2
3 8 2
t 287 0
m0 1 14
1 9 2
2 9 2
3 9 2
t 286 0
m0 1 14
1 9 1
2 9 1
3 9 1
t 285 0
m0 1 14
1 9 2
2 9 2
3 9 2
t 284 0
m0 1 14
1 9 1
2 9 1
3 9 1
t 283 0
m0 1 14
1 9 2
2 9 2
3 9 2
t 282 0
m0 1 14
1 8 2
2 8 2
3 8 2
t 281 0
m0 1 14
1 9 2
2 9 2
3 9 2
t 280 0
m0 1 14
1 9 1
2 9 1
3 9 1
t 279 0
m0 1 14
1 9 0
2 9 0
3 9 0
t 278 0
m0 1 14
1 8 0
2 8 0
3 8 0
t 277 0
m0 1 14
1 9 0
2 9 0
3 9 0
t 276 0
m0 1 14
1 8 0
2 8 0
3 8 0
t 275 0
m0 1 14
1 9 0
2 9 0
3 9 0
t 274 0
m0 1 14
1 8 0
2 8 0
3 8 0
t 273 0
m0 1 14
1 9 0
2 9 0
3 9 0
t 272 0
m0 1 14
1 9 1
2 9 1
3 9 1
t 271 0
m0 1 14
1 9 2
2 9 2
3 9 2
t 270 0
m0 1 14
1 9 3
2 9 3
3 9 3
t 269 0
m0 2 14
1 9 4
2 9 4
3 9 4
f 8 6
t 268 1
m0 3 14
1 9 5
2 9 5
3 9 5
t 267 1
m0 4 14
1 9 4
2 9 4
3 9 4
t 266 1
m0 5 14
1 9 5
2 9 5
3 9 5
t 265 2
m0 6 14
1 9 6
2 9 6
3 9 6
t 264 2
m0 7 14
1 9 5
2 9 5
3 9 5
t 263 3
m0 7 13
1 9 6
2 9 6
3 9 6
t 262 4
m0 6 13
1 9 5
2 9 5
3 9 5
t 261 5
m0 7 13
1 9 6
2 9 6
3 9 6
t 260 5
m0 8 13
1 9 7
2 9 7
3 9 7
t 259 5
m0 9 13
1 9 6
2 9 6
3 9 6
t 258 6
m0 9 13
1 9 5
2 9 5
3 9 5
t 257 6
m0 9 13
1 9 4
2 9 4
3 9 4
t 256 6
m0 9 13
1 9 3
2 9 3
3 9 3
t 255 6
m0 9 13
1 9 2
2 9 2
3 9 2
t 254 6
m0 9 13
1 9 3
2 9 3
3 9 3
t 253 6
m0 9 13
1 9 2
2 9 2
3 9 2
t 252 6
m0 9 13
1 8 2
2 8 2
3 8 2
t 251 6
m0 8 13
1 7 2
2 7 2
3 7 2
t 250 6
m0 7 13
1 7 3
2 7 3
3 7 3
t 249 6
m0 7 13
1 7 2
2 7 2
3 7 2
t 248 6
m0 7 13
1 8 2
2 8 2
3 8 2
t 247 6
m0 7 13
1 9 2
2 9 2
3 9 2
t 246 6
m0 7 13
1 9 1
2 9 1
3 9 1
t 245 6
m0 7 13
1 9 0
2 9 0
3 9 0
t 244 6
m0 7 13
1 9 1
2 9 1
3 9 1
t 243 6
m0 7 13
1 9 0
2 9 0
3 9 0
t 242 6
m0 7 13
1 8 0
2 8 0
3 8 0
t 241 6
m0 7 13
1 7 0
2 7 0
3 7 0
t 240 6
m0 7 13
1 8 0
2 8 0
3 8 0
t 239 6
m0 7 13
1 7 0
2 7 0
3 7 0
t 238 6
m0 7 13
1 7 1
2 7 1
3 7 1
t 237 6
m0 7 13
1 6 1
2 6 1
3 6 1
t 236 6
m0 6 13
1 7 1
2 7 1
3 7 1
t 235 6
m0 7 13
1 6 1
2 6 1
3 6 1
t 234 6
m0 6 13
1 5 1
2 5 1
3 5 1
t 233 6
m0 5 13
1 6 1
2 6 1
3 6 1
t 232 6
m0 5 12
1 7 1
2 7 1
3 7 1
t 231 6
m0 5 11
1 7 2
2 7 2
3 7 2
t 230 7
m0 4 11
1 8 2
2 8 2
3 8 2
t 229 8
m0 5 11
1 9 2
2 9 2
3 9 2
t 228 8
m0 5 10
1 8 2
2 8 2
3 8 2
t 227 9
m0 5 9
1 7 2
2 7 2
3 7 2
t 226 10
m0 5 9
1 7 1
2 7 1
3 7 1
t 225 10
m0 5 9
1 7 2
2 7 2
3 7 2
t 224 10
m0 5 9
1 8 2
2 8 2
3 8 2
t 223 10
m0 5 9
1 7 2
2 7 2
3 7 2
t 222 10
m0 5 9
1 7 1
2 7 1
3 7 1
t 221 10
m0 5 9
1 7 2
2 7 2
3 7 2
t 220 10
m0 5 9
1 7 1
2 7 1
3 7 1
t 219 10
m0 5 9
1 6 1
2 6 1
3 6 1
t 218 10
m0 5 9
1 7 1
2 7 1
3 7 1
t 217 10
m0 5 9
1 7 0
2 7 0
3 7 0
t 216 10
m0 5 9
1 8 0
2 8 0
3 8 0
t 215 10
m0 5 9
1 9 0
2 9 0
3 9 0
t 214 10
m0 5 9
1 9 1
2 9 1
3 9 1
t 213 10
m0 5 9
1 9 0
2 9 0
3 9 0
t 212 10
m0 5 9
1 8 0
2 8 0
3 8 0
t 211 10
m0 5 9
1 9 0
2 9 0
3 9 0
t 210 10
m0 5 9
1 8 0
2 8 0
3 8 0
t 209 10
m0 5 9
1 9 0
2 9 0
3 9 0
t 208 10
m0 5 9
1 9 1
2 9 1
3 9 1
t 207 10
m0 5 9
1 9 0
2 9 0
3 9 0
t 206 10
m0 5 9
1 8 0
2 8 0
3 8 0
t 205 10
m0 5 9
1 9 0
2 9 0
3 9 0
t 204 10
m0 5 9
1 9 1
2 9 1
3 9 1
t 203 10
m0 5 9
1 9 2
2 9 2
3 9 2
t 202 10
m0 5 9
1 9 1
2 9 1
3 9 1
t 201 10
m0 5 9
1 9 0
2 9 0
3 9 0
t 200 10
m0 5 9
1 9 1
2 9 1
3 9 1
t 199 10
m0 5 9
1 9 2
2 9 2
3 9 2
t 198 10
m0 5 9
1 9 1
2 9 1
3 9 1
t 197 10
m0 5 9
1 9 2
2 9 2
3 9 2
t 196 10
m0 5 9
1 8 2
2 8 2
3 8 2
t 195 10
m0 5 9
1 9 2
2 9 2
3 9 2
t 194 10
m0 5 9
1 8 2
2 8 2
3 8 2
t 193 10
m0 5 9
1 9 2
2 9 2
3 9 2
t 192 10
m0 5 9
1 9 1
2 9 1
3 9 1
t 191 10
m0 5 9
1 9 0
2 9 0
3 9 0
t 190 10
m0 5 9
1 9 1
2 9 1
3 9 1
t 189 10
m0 5 9
1 9 0
2 9 0
3 9 0
t 188 10
m0 5 9
1 8 0
2 8 0
3 8 0
t 187 10
m0 5 9
1 9 0
2 9 0
3 9 0
t 186 10
m0 5 9
1 9 1
2 9 1
3 9 1
t 185 10
m0 5 9
1 9 0
2 9 0
3 9 0
t 184 10
m0 5 9
1 8 0
2 8 0
3 8 0
t 183 10
m0 5 9
1 9 0
2 9 0
3 9 0
t 182 10
m0 5 9
1 8 0
2 8 0
3 8 0
t 181 10
m0 5 9
1 9 0
2 9 0
3 9 0
t 180 10
m0 5 9
1 8 0
2 8 0
3 8 0
t 179 10
m0 5 9
1 7 0
2 7 0
3 7 0
t 178 10
m0 5 9
1 7 1
2 7 1
3 7 1
t 177 10
m0 5 9
1 7 2
2 7 2
3 7 2
t 176 10
m0 5 9
1 8 2
2 8 2
3 8 2
t 175 10
m0 5 9
1 9 2
2 9 2
3 9 2
t 174 10
m0 5 9
1 9 3
2 9 3
3 9 3
t 173 10
m0 5 9
1 9 4
2 9 4
3 9 4
t 172 10
m0 5 9
1 9 3
2 9 3
3 9 3
t 171 10
m0 5 9
1 9 2
2 9 2
3 9 2
t 170 10
m0 5 9
1 9 1
2 9 1
3 9 1
t 169 10
m0 5 9
1 9 2
2 9 2
3 9 2
t 168 10
m0 5 9
1 8 2
2 8 2
3 8 2
t 167 10
m0 5 9
1 7 2
2 7 2
3 7 2
t 166 10
m0 5 9
1 7 1
2 7 1
3 7 1
t 165 10
m0 5 9
1 7 0
2 7 0
3 7 0
t 164 10
m0 5 9
1 8 0
2 8 0
3 8 0
t 163 10
m0 5 9
1 9 0
2 9 0
3 9 0
t 162 10
m0 5 9
1 9 1
2 9 1
3 9 1
t 161 10
m0 5 9
1 9 2
2 9 2
3 9 2
t 160 10
m0 5 9
1 9 1
2 9 1
3 9 1
t 159 10
m0 5 9
1 9 0
2 9 0
3 9 0
t 158 10
m0 5 9
1 8 0
2 8 0
3 8 0
t 157 10
m0 5 9
1 9 0
2 9 0
3 9 0
t 156 10
m0 5 9
1 9 1
2 9 1
3 9 1
t 155 10
m0 5 9
1 9 0
2 9 0
3 9 0
t 154 10
m0 5 9
1 9 1
2 9 1
3 9 1
t 153 10
m0 5 9
1 9 2
2 9 2
3 9 2
t 152 10
m0 5 9
1 9 3
2 9 3
3 9 3
t 151 10
m0 5 9
1 9 4
2 9 4
3 9 4
t 150 10
m0 5 9
1 9 5
2 9 5
3 9 5
t 149 10
m0 5 9
1 9 6
2 9 6
3 9 6
t 148 10
m0 5 9
1 8 6
2 8 6
3 8 6
t 147 10
m0 6 9
1 9 6
2 9 6
3 9 6
t 146 11
m0 7 9
1 9 7
2 9 7
3 9 7
t 145 12
m0 8 9
1 9 6
2 9 6
3 9 6
t 144 13
m0 9 9
1 8 6
2 8 6
3 8 6
t 143 14
m0 9 8
1 7 6
2 7 6
3 7 6
t 142 14
m0 8 8
1 7 7
2 7 7
3 7 7
t 141 15
m0 7 8
1 6 7
2 6 7
3 6 7
t 140 15
m0 7 8
1 5 7
2 5 7
3 5 7
t 139 15
m0 7 7
1 5 8
2 5 8
3 5 8
t 138 15
m0 7 8
1 5 9
2 5 9
3 5 9
t 137 15
m0 7 9
1 5 8
2 5 8
3 5 8
t 136 15
m0 6 9
1 5 7
2 5 7
3 5 7
t 135 15
m0 5 9
1 6 7
2 6 7
3 6 7
t 134 15
m0 6 9
1 6 6
2 6 6
3 6 6
t 133 15
m0 6 9
1 7 6
2 7 6
3 7 6
t 132 15
m0 6 9
1 7 5
2 7 5
3 7 5
t 131 15
m0 7 9
1 6 5
2 6 5
3 6 5
t 130 15
m0 6 9
1 7 5
2 7 5
3 7 5
t 129 15
m0 7 9
1 7 4
2 7 4
3 7 4
t 128 15
m0 7 10
1 6 4
2 6 4
3 6 4
t 127 16
m0 7 11
1 6 5
2 6 5
3 6 5
t 126 17
m0 6 11
1 6 4
2 6 4
3 6 4
t 125 17
m0 5 11
1 6 5
2 6 5
3 6 5
t 124 17
m0 6 11
1 7 5
2 7 5
3 7 5
t 123 17
m0 7 11
1 7 4
2 7 4
3 7 4
t 122 17
m0 7 10
1 6 4
2 6 4
3 6 4
t 121 17
m0 8 10
1 5 4
2 5 4
3 5 4
t 120 17
m0 9 10
1 5 3
2 5 3
3 5 3
t 119 18
m0 9 9
1 5 4
2 5 4
3 5 4
t 118 18
m0 9 8
1 5 5
2 5 5
3 5 5
t 117 18
m0 9 7
1 6 5
2 6 5
3 6 5
t 116 18
m0 9 6
1 6 4
2 6 4
3 6 4
t 115 18
m0 9 5
1 5 4
2 5 4
3 5 4
t 114 19
m0 9 4
1 5 3
2 5 3
3 5 3
t 113 19
m0 9 3
1 4 3
2 4 3
3 4 3
t 112 19
m0 9 2
1 5 3
2 5 3
3 5 3
t 111 20
m0 9 1
1 5 4
2 5 4
3 5 4
t 110 20
m0 9 0
1 6 4
2 6 4
3 6 4
t 109 20
m0 8 0
1 7 4
2 7 4
3 7 4
t 108 21
m0 7 0
1 7 5
2 7 5
3 7 5
t 107 22
m0 7 0
1 6 5
2 6 5
3 6 5
t 106 22
m0 7 0
1 6 6
2 6 6
3 6 6
t 105 22
m0 7 1
1 6 7
2 6 7
3 6 7
t 104 22
m0 6 1
1 5 7
2 5 7
3 5 7
t 103 23
m0 5 1
1 5 8
2 5 8
3 5 8
t 102 23
m0 5 1
1 5 9
2 5 9
3 5 9
t 101 23
m0 5 2
1 4 9
2 4 9
3 4 9
t 100 24
m0 4 2
1 5 9
2 5 9
3 5 9
t 99 25
m0 5 2
1 5 10
2 5 10
3 5 10
t 98 25
m0 4 2
1 4 10
2 4 10
3 4 10
t 97 25
m0 3 2
1 3 10
2 3 10
3 3 10
t 96 25
m0 3 1
1 3 11
2 3 11
3 3 11
t 95 26
m0 3 0
1 3 10
2 3 10
3 3 10
t 94 27
m0 3 1
1 2 10
2 2 10
3 2 10
t 93 27
m0 2 1
1 3 10
2 3 10
3 3 10
t 92 27
m0 3 1
1 3 11
2 3 11
3 3 11
t 91 27
m0 3 0
1 4 11
2 4 11
3 4 11
t 90 27
m0 4 0
1 4 10
2 4 10
3 4 10
t 89 28
m0 3 0
1 5 10
2 5 10
3 5 10
t 88 28
m0 3 1
1 5 9
2 5 9
3 5 9
t 87 28
m0 3 0
1 5 10
2 5 10
3 5 10
t 86 28
m0 3 1
1 5 11
2 5 11
3 5 11
t 85 28
m0 3 2
1 6 11
2 6 11
3 6 11
t 84 28
m0 3 3
1 7 11
2 7 11
3 7 11
t 83 29
m0 3 2
1 8 11
2 8 11
3 8 11
t 82 29
m0 2 2
1 8 10
2 8 10
3 8 10
t 81 30
m0 2 1
1 8 11
2 8 11
3 8 11
t 80 30
m0 1 1
1 8 10
2 8 10
3 8 10
t 79 31
m0 0 1
1 7 10
2 7 10
3 7 10
t 78 32
m0 0 2
1 7 9
2 7 9
3 7 9
t 77 33
m0 0 3
1 6 9
2 6 9
3 6 9
t 76 34
m0 0 4
1 7 9
2 7 9
3 7 9
t 75 34
m0 0 5
1 6 9
2 6 9
3 6 9
t 74 35
m0 0 6
1 5 9
2 5 9
3 5 9
t 73 36
m0 0 7
1 6 9
2 6 9
3 6 9
t 72 36
m0 0 8
1 7 9
2 7 9
3 7 9
t 71 37
m0 0 9
1 8 9
2 8 9
3 8 9
t 70 37
m0 0 9
1 9 9
2 9 9
3 9 9
t 69 37
m0 0 9
1 9 10
2 9 10
3 9 10
t 68 37
m0 0 10
1 8 10
2 8 10
3 8 10
t 67 38
m0 0 10
1 9 10
2 9 10
3 9 10
t 66 38
m0 0 10
1 9 9
2 9 9
3 9 9
t 65 38
m0 0 9
1 9 8
2 9 8
3 9 8
t 64 38
m0 0 9
1 9 7
2 9 7
3 9 7
t 63 38
m0 0 8
1 9 6
2 9 6
3 9 6
t 62 38
m0 0 7
1 9 5
2 9 5
3 9 5
t 61 38
m0 1 7
1 9 4
2 9 4
3 9 4
t 60 39
m0 2 7
1 9 3
2 9 3
3 9 3
t 59 39
m0 2 8
1 9 4
2 9 4
3 9 4
t 58 40
m0 3 8
1 9 3
2 9 3
3 9 3
t 57 41
m0 3 9
1 9 2
2 9 2
3 9 2
t 56 41
m0 3 10
1 9 1
2 9 1
3 9 1
t 55 41
m0 2 10
1 9 2
2 9 2
3 9 2
t 54 42
m0 1 10
1 9 3
2 9 3
3 9 3
t 53 42
m0 1 11
1 9 4
2 9 4
3 9 4
t 52 43
m0 1 12
1 9 5
2 9 5
3 9 5
t 51 43
m0 0 12
1 9 6
2 9 6
3 9 6
t 50 44
m0 0 13
1 9 5
2 9 5
3 9 5
t 49 45
m0 0 12
1 9 6
2 9 6
3 9 6
t 48 45
m0 1 12
1 9 5
2 9 5
3 9 5
t 47 45
m0 0 12
1 9 4
2 9 4
3 9 4
t 46 45
m0 1 12
1 9 3
2 9 3
3 9 3
t 45 45
m0 0 12
1 9 4
2 9 4
3 9 4
t 44 45
m0 1 12
1 9 5
2 9 5
3 9 5
t 43 45
m0 0 12
1 9 4
2 9 4
3 9 4
t 42 45
m0 1 12
1 9 5
2 9 5
3 9 5
t 41 45
m0 0 12
1 9 4
2 9 4
3 9 4
t 40 45
m0 1 12
1 9 3
2 9 3
3 9 3
t 39 45
m0 0 12
1 9 2
2 9 2
3 9 2
t 38 45
m0 1 12
1 8 2
2 8 2
3 8 2
t 37 45
m0 0 12
1 9 2
2 9 2
3 9 2
t 36 45
m0 1 12
1 9 1
2 9 1
3 9 1
t 35 45
m0 0 12
1 9 2
2 9 2
3 9 2
t 34 45
m0 1 12
1 9 3
2 9 3
3 9 3
t 33 45
m0 0 12
1 9 2
2 9 2
3 9 2
t 32 45
m0 1 12
1 9 1
2 9 1
3 9 1
t 31 45
m0 0 12
1 9 0
2 9 0
3 9 0
t 30 45
m0 1 12
1 8 0
2 8 0
3 8 0
t 29 45
m0 0 12
1 9 0
2 9 0
3 9 0
t 28 45
m0 1 12
1 8 0
2 8 0
3 8 0
t 27 45
m0 0 12
1 7 0
2 7 0
3 7 0
t 26 45
m0 1 12
1 7 1
2 7 1
3 7 1
t 25 45
m0 0 12
1 7 2
2 7 2
3 7 2
t 24 45
m0 1 12
1 7 3
2 7 3
3 7 3
t 23 45
m0 0 12
1 7 4
2 7 4
3 7 4
t 22 45
m0 1 12
1 6 4
2 6 4
3 6 4
t 21 45
m0 1 11
1 5 4
2 5 4
3 5 4
t 20 45
m0 1 10
1 6 4
2 6 4
3 6 4
t 19 45
m0 2 10
1 6 5
2 6 5
3 6 5
t 18 45
m0 2 9
1 7 5
2 7 5
3 7 5
t 17 45
m0 3 9
1 6 5
2 6 5
3 6 5
t 16 45
m0 2 9
1 6 6
2 6 6
3 6 6
t 15 45
m0 2 9
1 7 6
2 7 6
3 7 6
t 14 45
m0 2 9
1 7 7
2 7 7
3 7 7
t 13 45
m0 2 9
1 7 6
2 7 6
3 7 6
t 12 45
m0 2 9
1 7 5
2 7 5
3 7 5
t 11 45
m0 3 9
1 7 6
2 7 6
3 7 6
t 10 45
m0 2 9
1 8 6
2 8 6
3 8 6
t 9 45
m0 3 9
1 9 6
2 9 6
3 9 6
t 8 45
m0 3 10
1 8 6
2 8 6
3 8 6
t 7 45
m0 4 10
1 9 6
2 9 6
3 9 6
t 6 45
m0 4 11
1 9 5
2 9 5
3 9 5
t 5 45
m0 4 12
1 9 6
2 9 6
3 9 6
t 4 46
m0 4 11
1 9 5
2 9 5
3 9 5
t 3 46
m0 4 10
1 9 6
2 9 6
3 9 6
t 2 46
m0 4 9
1 9 5
2 9 5
3 9 5
t 1 46
m0 5 9
1 9 5
2 9 5
3 9 5
t 0 46
