10
15
w 6 9
w 1 3
w 4 7
w 9 1
w 2 8
w 9 8
w 7 7
w 1 6
w 5 1
w 0 3
w 1 11
w 8 5
w 7 2
w 4 9
w 2 9
w 8 10
w 4 13
w 2 13
w 0 4
w 9 7
w 5 4
w 3 2
w 5 11
w 6 0
w 1 4
w 6 12
w 1 0
w 0 8
w 6 5
w 3 5
w 7 9
w 4 11
w 8 3
w 7 0
w 8 12
w 3 1
w 5 14
p 8 13
p 6 6
p 8 0
p 3 11
p 2 1
p 5 13
p 8 9
p 4 12
p 6 2
p 2 12
p 9 4
p 3 7
p 7 11
p 2 5
p 3 14
p 6 7
p 7 6
p 1 14
p 1 5
p 9 11
p 3 6
p 5 0
p 3 4
p 4 1
p 7 14
p 0 0
p 9 14
p 8 2
p 3 13
p 6 11
p 1 13
p 7 1
p 9 3
p 4 14
p 2 10
p 9 10
p 8 7
p 2 14
p 9 6
p 2 7
p 9 13
p 7 8
p 3 12
p 1 12
p 9 2
p 6 1
p 9 9
p 3 8
p 7 4
p 4 3
p 1 7
p 0 9
p 6 13
p 5 2
p 9 12
p 8 4
m0 0 14
1 9 0
2 9 0
3 9 0
t 300 0
m0 1 14
1 8 0
2 8 0
3 8 0
t 299 1
m0 0 14
1 8 1
2 9 0
3 9 0
t 298 1
m0 1 14
1 7 1
2 8 0
3 8 0
t 297 1
m0 1 13
1 8 1
2 9 0
3 8 1
t 296 2
m0 1 14
1 7 1
2 8 0
3 8 2
t 295 2
m0 2 14
1 6 1
2 9 0
3 8 1
t 294 3
m0 2 14
1 7 1
2 8 0
3 8 0
t 293 3
m0 1 14
1 8 1
2 8 1
3 8 1
t 292 3
m0 0 14
1 8 2
2 8 2
3 8 2
t 291 3
m0 1 14
1 9 2
2 8 1
3 8 1
t 290 3
m0 1 13
1 8 2
2 7 1
3 8 0
t 289 3
m0 1 12
1 9 2
2 6 1
3 9 0
t 288 4
m0 2 12
1 9 3
2 6 2
3 8 0
t 287 5
m0 1 12
1 9 2
2 5 2
3 8 1
f 5 5
t 286 5
m0 1 12
1 9 3
2 5 3
3 8 2
t 285 5
m0 2 12
1 9 2
2 4 3
3 8 1
t 284 5
m0 2 11
1 9 3
2 5 3
3 8 2
t 283 5
m0 2 12
1 9 2
2 6 3
3 8 1
t 282 5
m0 1 12
1 9 3
2 6 4
3 8 2
t 281 5
m0 1 13
1 9 4
2 6 3
3 9 2
t 280 5
m0 1 14
1 8 4
2 7 3
3 8 2
t 279 5
m0 0 14
1 9 4
2 6 3
3 9 2
t 278 5
m0 0 13
1 8 4
2 5 3
3 9 3
t 277 5
m0 0 14
1 7 4
2 4 3
3 9 2
t 276 5
m0 0 14
1 7 5
2 3 3
3 8 2
t 275 5
m0 0 13
1 7 4
2 4 3
3 9 2
t 274 5
m0 1 13
1 8 4
2 3 3
3 9 3
t 273 5
m0 0 13
1 7 4
2 2 3
3 9 4
t 272 5
m0 0 13
1 7 5
2 2 2
3 8 4
t 271 5
m0 0 14
1 7 6
2 2 3
3 7 4
t 270 5
m0 1 14
1 7 5
2 3 3
3 7 5
t 269 5
m0 0 14
1 7 4
2 4 3
3 7 4
t 268 5
m0 0 13
1 8 4
2 5 3
3 7 5
t 267 5
m0 0 13
1 7 4
2 5 2
3 7 6
t 266 5
m0 0 14
1 7 3
2 5 3
3 7 5
t 265 5
m0 0 13
1 7 4
2 6 3
3 7 4
t 264 5
m0 0 14
1 6 4
2 6 4
3 7 5
t 263 5
m0 0 13
1 7 4
2 6 3
3 7 6
t 262 5
m0 1 13
1 7 3
2 6 2
3 7 5
t 261 5
m0 1 14
1 7 4
2 6 3
3 7 4
t 260 5
m0 1 13
1 6 4
2 6 4
3 6 4
t 259 5
m0 1 14
1 7 4
2 7 4
3 7 4
t 258 5
m0 2 14
1 7 3
2 7 3
3 6 4
t 257 5
m0 1 14
1 6 3
2 7 4
3 6 3
t 256 5
m0 1 13
1 6 4
2 6 4
3 7 3
t 255 5
m0 0 13
1 6 3
2 7 4
3 6 3
t 254 5
m0 0 13
1 5 3
2 8 4
3 6 2
t 253 5
m0 0 13
1 6 3
2 9 4
3 5 2
t 252 5
m0 0 13
1 6 2
2 8 4
3 4 2
t 251 5
m0 1 13
1 5 2
2 7 4
3 4 3
t 250 5
m0 0 13
1 4 2
2 8 4
3 5 3
t 249 5
m0 0 13
1 4 3
2 9 4
3 5 2
t 248 5
m0 0 14
1 4 2
2 9 3
3 6 2
t 247 5
m0 1 14
1 4 3
2 9 4
3 6 1
t 246 5
m0 1 14
1 4 2
2 9 5
3 7 1
t 245 5
m0 0 14
1 4 1
2 9 4
3 8 1
t 244 5
m0 0 13
1 4 2
2 8 4
3 8 0
t 243 5
m0 0 12
1 4 1
2 9 4
3 8 1
t 242 5
m0 1 12
1 4 2
2 8 4
3 8 0
t 241 5
m0 0 12
1 4 3
2 9 4
3 9 0
t 240 5
m0 0 13
1 3 3
2 9 3
3 8 0
t 239 5
m0 0 14
1 3 4
2 9 4
3 9 0
t 238 5
m0 0 14
1 4 4
2 9 5
3 8 0
t 237 5
m0 1 14
1 3 4
2 9 6
3 9 0
t 236 5
m0 0 14
1 3 3
2 9 5
3 8 0
t 235 5
m0 1 14
1 3 4
2 9 6
3 8 1
t 234 5
m0 1 14
1 2 4
2 9 5
3 8 0
t 233 5
m0 0 14
1 3 4
2 9 4
3 9 0
t 232 5
m0 0 13
1 4 4
2 9 3
3 8 0
t 231 5
m0 0 13
1 4 3
2 9 2
3 8 1
t 230 5
m0 1 13
1 5 3
2 9 3
3 8 2
t 229 5
m0 1 13
1 4 3
2 9 2
3 8 1
t 228 5
m0 1 14
1 4 4
2 9 3
3 8 2
t 227 5
m0 2 14
1 4 5
2 9 4
3 9 2
t 226 5
m0 1 14
1 4 6
2 9 3
3 8 2
t 225 5
m0 0 14
1 4 5
2 9 2
3 8 1
t 224 5
m0 1 14
1 5 5
2 9 3
3 8 0
t 223 5
m0 1 14
1 4 5
2 9 4
3 8 1
t 222 5
m0 1 14
1 5 5
2 9 3
3 7 1
t 221 5
m0 1 14
1 4 5
2 9 4
3 6 1
t 220 5
m0 0 14
1 5 5
2 9 5
3 7 1
t 219 5
m0 1 14
1 5 6
2 9 4
3 8 1
t 218 5
m0 0 14
1 5 5
2 9 3
3 8 0
t 217 5
m0 0 13
1 5 6
2 9 4
3 8 1
t 216 5
m0 1 13
1 5 7
2 8 4
3 7 1
t 215 5
m0 1 12
1 6 7
2 7 4
3 8 1
t 214 5
m0 0 12
1 6 6
2 8 4
3 7 1
t 213 5
m0 1 12
1 6 7
2 7 4
3 6 1
t 212 5
m0 1 13
1 6 6
2 7 5
3 7 1
t 211 5
m0 1 13
1 6 7
2 7 6
3 8 1
t 210 5
m0 0 13
1 5 7
2 8 6
3 7 1
t 209 5
m0 0 14
1 6 7
2 7 6
3 8 1
t 208 5
m0 0 13
1 6 8
2 6 6
3 7 1
t 207 5
m0 0 13
1 7 8
2 5 6
3 6 1
t 206 5
m0 0 14
1 8 8
2 6 6
3 6 2
t 205 5
m0 0 14
1 7 8
2 7 6
3 6 3
t 204 5
m0 0 14
1 8 8
2 6 6
3 5 3
t 203 5
m0 0 13
1 8 7
2 7 6
3 5 2
t 202 5
m0 0 14
1 8 6
2 8 6
3 4 2
t 201 5
m0 0 14
1 8 7
2 7 6
3 4 3
t 200 5
m0 0 13
1 8 6
2 8 6
3 4 2
t 199 5
m0 0 13
1 7 6
2 8 7
3 4 3
t 198 5
m0 0 14
1 6 6
2 8 8
3 3 3
t 197 5
m0 0 14
1 5 6
2 8 7
3 2 3
t 196 5
m0 0 14
1 5 7
2 8 8
3 3 3
t 195 5
m0 0 14
1 5 6
2 8 9
3 3 4
t 194 5
m0 0 13
1 5 5
2 9 9
3 3 3
t 193 5
m0 0 12
1 5 6
2 9 10
3 2 3
t 192 5
m0 0 11
1 6 6
2 9 9
3 3 3
t 191 5
m0 0 10
1 6 7
2 9 10
3 2 3
t 190 5
m0 1 10
1 5 7
2 9 11
3 2 4
t 189 5
m0 1 10
1 5 6
2 9 10
3 3 4
t 188 5
m0 0 10
1 4 6
2 9 9
3 3 3
t 187 5
m0 0 9
1 3 6
2 8 9
3 2 3
t 186 6
m0 0 10
1 3 7
2 9 9
3 2 4
t 185 6
m0 0 11
1 3 8
2 8 9
3 2 5
t 184 6
m0 0 12
1 3 9
2 8 8
3 2 4
t 183 6
m0 0 13
1 3 10
2 8 9
3 3 4
t 182 6
m0 0 14
1 3 9
2 9 9
3 2 4
t 181 6
m0 0 14
1 3 10
2 8 9
3 2 5
t 180 6
m0 0 13
1 3 9
2 8 8
3 2 4
t 179 6
m0 0 14
1 3 10
2 7 8
3 2 5
t 178 6
m0 0 14
1 3 11
2 6 8
3 1 5
t 177 6
m0 1 14
1 3 12
2 7 8
3 2 5
t 176 6
m0 0 14
1 3 13
2 6 8
3 2 4
t 175 6
m0 0 14
1 3 14
2 6 7
3 2 5
t 174 6
m0 1 14
1 2 14
2 5 7
3 2 4
t 173 6
m0 0 14
1 1 14
2 6 7
3 2 5
t 172 6
m0 0 13
1 0 14
2 5 7
3 1 5
t 171 6
m0 1 13
1 1 14
2 5 6
3 2 5
t 170 6
m0 0 13
1 0 14
2 5 5
3 2 6
t 169 6
m0 0 12
1 0 13
2 5 6
3 2 5
t 168 6
m0 0 11
1 1 13
2 5 5
3 2 4
t 167 6
m0 0 10
1 0 13
2 5 6
3 3 4
t 166 6
m0 0 10
1 0 12
2 5 7
3 4 4
t 165 6
m0 0 9
1 0 11
2 5 6
3 4 5
t 164 6
m0 1 9
1 0 10
2 4 6
3 4 6
t 163 6
m0 1 8
1 1 10
2 3 6
3 3 6
t 162 6
m0 1 7
1 1 9
2 4 6
3 4 6
t 161 7
m0 2 7
1 1 8
2 4 5
3 5 6
t 160 8
m0 3 7
1 1 9
2 4 4
3 6 6
t 159 9
m0 2 7
1 1 10
2 4 5
3 5 6
t 158 9
m0 3 7
1 1 9
2 4 6
3 4 6
t 157 9
m0 2 7
1 0 9
2 3 6
3 3 6
t 156 9
m0 2 7
1 0 10
2 4 6
3 3 7
t 155 9
m0 1 7
1 1 10
2 3 6
3 2 7
t 154 9
m0 1 8
1 1 9
2 3 7
3 3 7
t 153 9
m0 1 7
1 1 8
2 3 8
3 3 8
t 152 9
m0 2 7
1 1 9
2 4 8
3 4 8
t 151 9
m0 2 6
1 1 8
2 5 8
3 5 8
t 150 9
m0 2 5
1 1 9
2 4 8
3 6 8
t 149 10
m0 2 6
1 1 8
2 5 8
3 6 7
t 148 10
m0 3 6
1 1 7
2 6 8
3 6 8
t 147 11
m0 4 6
1 0 7
2 5 8
3 5 8
t 146 11
m0 4 6
1 0 6
2 5 9
3 5 9
t 145 11
m0 4 6
1 0 7
2 5 8
3 5 10
t 144 11
m0 3 6
1 0 6
2 6 8
3 5 9
t 143 11
m0 3 6
1 0 7
2 5 8
3 5 10
t 142 11
m0 4 6
1 0 6
2 4 8
3 5 9
t 141 11
m0 5 6
1 0 5
2 5 8
3 5 8
t 140 11
m0 5 5
1 0 6
2 6 8
3 4 8
t 139 21
m0 5 6
1 0 7
2 5 8
3 5 8
t 138 21
m0 6 6
1 1 7
2 4 8
3 4 8
t 137 22
m0 5 6
1 0 7
2 3 8
3 5 8
t 136 22
m0 6 6
1 0 6
2 3 9
3 4 8
t 135 22
m0 7 6
1 0 7
2 3 8
3 5 8
t 134 23
m0 8 6
1 1 7
2 3 7
3 5 7
t 133 23
m0 8 6
1 1 8
2 3 6
3 6 7
t 132 23
m0 8 7
1 1 7
2 4 6
3 6 6
t 131 24
m0 8 8
1 0 7
2 4 5
3 6 7
t 130 24
m0 8 8
1 0 6
2 5 5
3 6 6
t 129 24
m0 8 7
1 0 5
2 4 5
3 5 6
t 128 24
m0 8 8
1 0 6
2 5 5
3 6 6
t 127 24
m0 8 9
1 0 7
2 4 5
3 7 6
t 126 25
m0 8 9
1 1 7
2 4 4
3 8 6
t 125 25
m0 9 9
1 1 8
2 3 4
3 9 6
t 124 26
m0 8 9
1 1 7
2 2 4
3 8 6
t 123 26
m0 9 9
1 1 8
2 2 3
3 9 6
t 122 26
m0 9 10
1 1 9
2 2 4
3 8 6
t 121 27
m0 9 10
1 1 8
2 2 5
3 9 6
t 120 27
m0 9 10
1 1 9
2 1 5
3 8 6
t 119 27
m0 9 11
1 1 10
2 2 5
3 8 7
f 1 9
t 118 28
m0 9 12
1 1 9
2 2 6
3 8 6
t 117 29
m0 9 13
1 0 9
2 2 5
3 8 7
t 116 30
m0 9 14
1 0 10
2 2 4
3 8 8
t 115 31
m0 9 13
1 0 9
2 2 5
3 8 7
t 114 31
m0 8 13
1 0 10
2 1 5
3 8 8
t 113 32
m0 9 13
1 0 11
2 2 5
3 8 7
t 112 32
m0 8 13
1 0 12
2 2 6
3 8 8
t 111 32
m0 8 13
1 0 11
2 2 5
3 8 9
t 110 32
m0 9 13
1 0 12
2 1 5
3 9 9
t 109 32
m0 9 14
1 1 12
2 2 5
3 9 10
t 108 32
m0 9 13
1 2 12
2 2 6
3 9 9
t 107 32
m0 8 13
1 3 12
2 2 7
3 8 9
t 106 32
m0 8 14
1 3 13
2 1 7
3 9 9
t 105 32
m0 8 14
1 3 14
2 1 8
3 9 10
t 104 32
m0 8 14
1 4 14
2 1 9
3 9 11
t 103 32
m0 8 14
1 3 14
2 1 10
3 9 10
t 102 32
m0 8 14
1 4 14
2 0 10
3 9 9
t 101 32
m0 8 13
1 3 14
2 0 11
3 9 10
t 100 32
m0 9 13
1 3 13
2 0 10
3 9 9
t 99 32
m0 9 14
1 3 14
2 0 11
3 8 9
t 98 32
m0 8 14
1 4 14
2 0 10
3 8 8
t 97 32
m0 8 14
1 3 14
2 0 9
3 8 9
t 96 32
m0 7 14
1 2 14
2 1 9
3 8 8
t 95 33
m0 8 14
1 3 14
2 1 10
3 8 9
t 94 33
m0 7 14
1 3 13
2 2 10
3 9 9
t 93 33
m0 6 14
1 3 12
2 2 11
3 9 10
t 92 33
m0 7 14
1 4 12
2 2 10
3 9 9
t 91 33
m0 8 14
1 3 12
2 1 10
3 8 9
t 90 33
m0 7 14
1 3 11
2 2 10
3 9 9
t 89 33
m0 7 14
1 3 10
2 2 11
3 8 9
t 88 33
m0 7 13
1 3 11
2 3 11
3 8 8
t 87 33
m0 6 13
1 3 10
2 3 10
3 8 7
t 86 34
m0 7 13
1 3 9
2 2 10
3 8 6
t 85 34
m0 8 13
1 3 8
2 1 10
3 9 6
t 84 34
m0 8 13
1 3 9
2 1 9
3 8 6
t 83 34
m0 9 13
1 3 10
2 0 9
3 9 6
t 82 34
m0 9 14
1 2 10
2 1 9
3 9 5
t 81 34
m0 8 14
1 3 10
2 0 9
3 9 6
t 80 34
m0 9 14
1 3 9
2 0 10
3 8 6
t 79 34
m0 9 14
1 3 10
2 1 10
3 7 6
t 78 34
m0 8 14
1 2 10
2 1 9
3 8 6
t 77 34
m0 7 14
1 3 10
2 0 9
3 9 6
t 76 34
m0 8 14
1 2 10
2 0 10
3 9 5
t 75 34
m0 9 14
1 3 10
2 1 10
3 9 4
t 74 34
m0 9 13
1 4 10
2 1 9
3 9 3
t 73 34
m0 9 13
1 3 10
2 0 9
3 9 4
t 72 34
m0 9 14
1 4 10
2 0 10
3 9 3
t 71 34
m0 9 13
1 5 10
2 0 11
3 9 2
t 70 34
m0 9 14
1 6 10
2 0 12
3 8 2
t 69 34
m0 9 14
1 5 10
2 0 13
3 8 1
t 68 34
m0 9 14
1 6 10
2 0 14
3 7 1
t 67 34
m0 8 14
1 7 10
2 1 14
3 6 1
t 66 34
m0 9 14
1 7 11
2 1 13
3 7 1
t 65 34
m0 9 13
1 8 11
2 0 13
3 6 1
t 64 34
m0 9 14
1 9 11
2 1 13
3 6 2
t 63 34
m0 9 14
1 8 11
2 1 14
3 6 1
t 62 34
m0 9 14
1 9 11
2 0 14
3 7 1
t 61 34
m0 9 13
1 9 12
2 1 14
3 8 1
t 60 34
m0 9 14
1 9 11
2 1 13
3 8 2
t 59 34
m0 8 14
1 8 11
2 0 13
3 9 2
t 58 34
m0 9 14
1 9 11
2 0 12
3 8 2
t 57 34
m0 8 14
1 8 11
2 1 12
3 8 1
t 56 34
m0 7 14
1 7 11
2 1 13
3 7 1
t 55 34
m0 8 14
1 7 10
2 1 14
3 8 1
t 54 34
m0 9 14
1 7 11
2 0 14
3 8 2
t 53 34
m0 9 13
1 6 11
2 0 13
3 9 2
t 52 34
m0 9 13
1 7 11
2 1 13
3 9 3
t 51 34
m0 9 14
1 7 10
2 1 14
3 9 2
t 50 34
m0 9 14
1 7 11
2 1 13
3 8 2
t 49 34
m0 9 14
1 8 11
2 0 13
3 8 1
t 48 34
m0 9 14
1 7 11
2 0 14
3 8 0
t 47 34
m0 9 13
1 7 10
2 0 13
3 9 0
t 46 34
m0 8 13
1 6 10
2 1 13
3 8 0
t 45 34
m0 9 13
1 6 11
2 1 12
3 9 0
t 44 34
m0 9 14
1 7 11
2 0 12
3 8 0
t 43 34
m0 9 13
1 7 12
2 0 11
3 9 0
t 42 34
m0 9 14
1 7 11
2 0 12
3 8 0
t 41 34
m0 9 14
1 6 11
2 1 12
3 9 0
t 40 34
m0 9 14
1 7 11
2 2 12
3 8 0
t 39 34
m0 8 14
1 8 11
2 1 12
3 9 0
t 38 34
m0 7 14
1 7 11
2 0 12
3 8 0
t 37 34
m0 7 14
1 8 11
2 0 13
3 8 1
t 36 34
m0 6 14
1 7 11
2 0 12
3 7 1
t 35 34
m0 6 14
1 7 12
2 0 11
3 6 1
t 34 34
m0 6 14
1 7 11
2 0 10
3 6 2
t 33 34
m0 6 14
1 7 12
2 1 10
3 5 2
t 32 34
m0 6 13
1 7 13
2 2 10
3 5 3
t 31 34
m0 5 13
1 6 13
2 1 10
3 5 2
t 30 35
m0 5 12
1 5 13
2 1 9
3 5 3
t 29 35
m0 4 12
1 6 13
2 0 9
3 5 2
t 28 36
m0 3 12
1 5 13
2 0 10
3 5 3
t 27 37
m0 3 13
1 6 13
2 0 9
3 5 2
t 26 38
m0 3 12
1 7 13
2 0 10
3 4 2
t 25 38
m0 3 11
1 7 14
2 0 11
3 4 1
t 24 39
m0 3 12
1 7 13
2 0 12
3 4 0
t 23 39
m0 3 12
1 6 13
2 1 12
3 4 1
t 22 39
m0 4 12
1 5 13
2 2 12
3 4 0
t 21 39
m0 4 12
1 6 13
2 1 12
3 3 0
t 20 39
m0 4 12
1 5 13
2 1 13
3 4 0
t 19 39
m0 3 12
1 5 12
2 1 14
3 3 0
t 18 39
m0 3 11
1 4 12
2 2 14
3 4 0
t 17 39
m0 2 11
1 3 12
2 3 14
3 5 0
t 16 39
m0 2 12
1 3 13
2 3 13
3 4 0
t 15 39
m0 2 11
1 3 14
2 3 12
3 5 0
t 14 39
m0 2 11
1 4 14
2 3 13
3 4 0
t 13 39
m0 2 10
1 3 14
2 3 14
3 3 0
t 12 40
m0 1 10
1 4 14
2 2 14
3 2 0
t 11 40
m0 1 9
1 3 14
2 3 14
3 3 0
t 10 50
m0 1 8
1 4 14
2 4 14
3 2 0
t 9 50
m0 1 7
1 3 14
2 3 14
3 2 1
t 8 50
m0 1 8
1 4 14
2 2 14
3 2 0
t 7 50
m0 1 8
1 3 14
2 1 14
3 3 0
t 6 50
m0 1 8
1 3 13
2 2 14
3 2 0
t 5 50
m0 1 9
1 3 12
2 3 14
3 2 1
t 4 50
m0 1 8
1 3 13
2 2 14
3 2 0
t 3 50
m0 1 8
1 3 14
2 1 14
3 2 1
t 2 50
m0 1 8
1 4 14
2 1 13
3 1 1
t 1 50
m0 1 8
1 4 14
2 1 13
3 1 1
t 0 50
