10
15
w 5 9
w 4 7
w 8 13
w 9 1
w 5 6
w 7 12
w 9 8
w 2 1
w 0 7
w 4 12
w 9 4
w 5 1
w 6 14
w 2 9
w 1 14
w 7 10
w 2 2
w 4 1
w 4 10
w 2 6
w 0 0
w 8 2
w 3 9
w 7 5
w 1 9
w 4 2
w 2 14
w 3 5
w 2 7
w 9 13
w 7 0
w 1 12
w 8 12
w 5 7
w 2 11
w 9 5
w 7 8
p 6 9
p 3 0
p 5 13
p 7 7
p 3 11
p 8 9
p 1 6
p 2 12
p 3 7
p 7 11
p 0 3
p 3 14
p 7 2
p 4 9
p 8 1
p 5 12
p 4 4
p 3 10
p 8 10
p 6 10
p 4 13
p 2 13
p 9 11
p 3 6
p 5 0
p 1 10
p 8 6
p 1 1
p 6 4
p 5 4
p 3 2
p 3 13
p 4 5
p 1 13
p 8 11
p 6 11
p 0 12
p 2 10
p 2 3
p 0 5
p 8 7
p 1 0
p 0 8
p 9 6
p 6 5
p 5 3
p 3 12
p 6 1
p 0 13
p 9 9
p 5 14
p 0 6
p 3 8
p 4 3
p 1 7
p 5 2
m0 0 14
1 9 0
2 9 0
3 9 0
t 300 0
m0 0 13
1 8 0
2 8 0
3 8 0
t 299 1
m0 1 13
1 9 0
2 9 0
3 9 0
t 298 2
m0 2 13
1 8 0
2 8 0
3 8 0
t 297 3
m0 3 13
1 9 0
2 9 0
3 8 1
t 296 4
m0 4 13
1 8 0
2 8 0
3 8 0
t 295 5
m0 5 13
1 8 1
2 9 0
3 9 0
t 294 6
m0 5 12
1 8 0
2 8 0
3 8 0
t 293 7
m0 6 12
1 8 1
2 9 0
3 9 0
t 292 7
m0 6 11
1 8 0
2 8 0
3 8 0
t 291 8
m0 7 11
1 8 1
2 9 0
3 9 0
t 290 9
m0 8 11
1 7 1
2 8 0
3 8 0
t 289 10
m0 9 11
1 6 1
2 9 0
3 9 0
t 288 11
m0 9 10
1 6 0
2 8 0
3 8 0
t 287 11
m0 9 9
1 5 0
2 9 0
3 8 1
t 286 12
m0 8 9
1 4 0
2 8 0
3 7 1
t 285 13
m0 8 8
1 3 0
2 9 0
3 6 1
t 284 13
m0 8 7
1 2 0
2 8 0
3 6 0
t 283 14
m0 9 7
1 1 0
2 8 1
3 5 0
t 282 14
m0 9 6
1 2 0
2 8 0
3 4 0
t 281 15
m0 8 6
1 1 0
2 9 0
3 3 0
t 280 16
m0 7 6
1 1 1
2 8 0
3 2 0
t 279 16
m0 6 6
1 1 0
2 9 0
3 1 0
t 278 16
m0 7 6
1 2 0
2 8 0
3 2 0
t 277 16
m0 6 6
1 1 0
2 9 0
3 1 0
t 276 16
m0 7 6
1 2 0
2 8 0
3 2 0
t 275 16
m0 6 6
1 3 0
2 9 0
3 1 0
t 274 16
m0 7 6
1 2 0
2 8 0
3 2 0
t 273 16
m0 6 6
1 1 0
2 9 0
3 1 0
t 272 16
m0 7 6
1 2 0
2 8 0
3 1 1
t 271 16
m0 6 6
1 1 0
2 9 0
3 0 1
t 270 16
m0 7 6
1 2 0
2 8 0
3 1 1
t 269 16
m0 6 6
1 1 0
2 9 0
3 1 0
t 268 16
m0 7 6
1 2 0
2 8 0
3 1 1
t 267 16
m0 6 6
1 1 0
2 9 0
3 1 0
t 266 16
m0 7 6
1 1 1
2 8 0
3 2 0
t 265 16
m0 6 6
1 0 1
2 9 0
3 1 0
t 264 16
m0 7 6
1 1 1
2 8 0
3 2 0
t 263 16
m0 6 6
1 1 0
2 9 0
3 1 0
t 262 16
m0 7 6
1 2 0
2 8 0
3 2 0
t 261 16
m0 6 6
1 1 0
2 9 0
3 1 0
t 260 16
m0 7 6
1 1 1
2 8 0
3 1 1
t 259 16
m0 6 6
1 1 0
2 9 0
3 0 1
t 258 16
m0 7 6
1 2 0
2 8 0
3 0 2
t 257 16
m0 6 6
1 1 0
2 9 0
3 0 1
t 256 16
m0 7 6
1 1 1
2 8 0
3 0 2
t 255 16
m0 7 7
1 0 1
2 9 0
3 0 3
f 1 13
t 254 17
m0 6 7
1 1 1
2 8 0
3 0 2
t 253 17
m0 6 6
1 1 0
2 9 0
3 0 1
t 252 17
m0 6 5
1 2 0
2 8 0
3 0 2
t 251 18
m0 6 4
1 1 0
2 9 0
3 0 1
t 250 19
m0 5 4
1 2 0
2 8 0
3 0 2
t 249 20
m0 4 4
1 1 0
2 9 0
3 0 1
t 248 21
m0 4 5
1 2 0
2 8 0
3 1 1
t 247 22
m0 4 4
1 1 0
2 9 0
3 1 0
t 246 22
m0 4 3
1 2 0
2 8 0
3 1 1
t 245 23
m0 5 3
1 1 0
2 9 0
3 0 1
t 244 24
m0 5 2
1 2 0
2 8 0
3 1 1
t 243 25
m0 6 2
1 1 0
2 9 0
3 0 1
t 242 25
m0 7 2
1 2 0
2 8 0
3 0 2
t 241 26
m0 7 1
1 1 0
2 9 0
3 0 3
t 240 26
m0 6 1
1 2 0
2 8 0
3 0 4
t 239 27
m0 7 1
1 1 0
2 9 0
3 0 5
t 238 27
m0 8 1
1 2 0
2 8 0
3 0 6
t 237 28
m0 7 1
1 1 0
2 9 0
3 1 6
t 236 28
m0 6 1
1 2 0
2 8 0
3 0 6
t 235 28
m0 6 0
1 1 0
2 9 0
3 0 5
t 234 28
m0 5 0
1 1 1
2 8 0
3 0 6
t 233 29
m0 4 0
1 0 1
2 9 0
3 1 6
t 232 29
m0 3 0
1 0 2
2 8 0
3 1 7
t 231 30
m0 2 0
1 0 3
2 8 1
3 1 8
t 230 30
m0 1 0
1 0 4
2 7 1
3 2 8
t 229 31
m0 1 1
1 0 5
2 8 1
3 3 8
t 228 32
m0 1 2
1 0 6
2 8 0
3 4 8
t 227 32
m0 0 2
1 1 6
2 9 0
3 5 8
t 226 32
m0 0 3
1 1 7
2 8 0
3 6 8
t 225 33
m0 1 3
1 1 8
2 9 0
3 6 9
t 224 33
m0 2 3
1 0 8
2 8 0
3 6 10
t 223 34
m0 3 3
1 0 9
2 9 0
3 6 11
t 222 34
m0 3 2
1 0 10
2 8 0
3 6 12
t 221 35
m0 3 3
1 0 11
2 9 0
3 6 13
t 220 35
m0 3 4
1 0 12
2 8 0
3 7 13
t 219 35
m0 3 4
1 0 13
2 9 0
3 7 14
t 218 35
m0 3 4
1 0 14
2 8 0
3 7 13
t 217 35
m0 3 4
1 0 13
2 9 0
3 7 14
t 216 35
m0 3 4
1 0 14
2 8 0
3 8 14
t 215 35
m0 3 4
1 0 13
2 9 0
3 9 14
t 214 35
m0 3 4
1 0 14
2 8 0
3 8 14
t 213 35
m0 3 4
1 0 13
2 9 0
3 9 14
t 212 35
m0 3 4
1 0 14
2 8 0
3 8 14
t 211 35
m0 3 4
1 0 13
2 9 0
3 9 14
t 210 35
m0 3 4
1 0 14
2 8 0
3 8 14
t 209 35
m0 3 4
1 0 13
2 9 0
3 9 14
t 208 35
m0 3 4
1 0 14
2 8 0
3 8 14
t 207 35
m0 3 4
1 0 13
2 9 0
3 9 14
t 206 35
m0 3 4
1 0 14
2 8 0
3 8 14
t 205 35
m0 3 4
1 0 13
2 9 0
3 9 14
t 204 35
m0 3 4
1 0 14
2 8 0
3 8 14
t 203 35
m0 3 4
1 0 13
2 9 0
3 9 14
t 202 35
m0 3 4
1 0 14
2 8 0
3 8 14
t 201 35
m0 3 4
1 0 13
2 9 0
3 9 14
t 200 35
m0 3 4
1 0 14
2 8 0
3 8 14
t 199 35
m0 3 4
1 0 13
2 9 0
3 9 14
t 198 35
m0 3 4
1 0 14
2 8 0
3 8 14
t 197 35
m0 3 4
1 0 13
2 9 0
3 9 14
t 196 35
m0 3 4
1 0 14
2 8 0
3 8 14
t 195 35
m0 3 4
1 0 13
2 9 0
3 9 14
t 194 35
m0 3 4
1 0 14
2 8 0
3 8 14
t 193 35
m0 3 4
1 0 13
2 9 0
3 9 14
t 192 35
m0 3 4
1 0 14
2 8 0
3 8 14
t 191 35
m0 3 4
1 0 13
2 9 0
3 9 14
t 190 35
m0 3 4
1 0 14
2 8 0
3 8 14
t 189 35
m0 3 4
1 0 13
2 9 0
3 9 14
t 188 35
m0 3 4
1 0 14
2 8 0
3 8 14
t 187 35
m0 3 4
1 0 13
2 9 0
3 9 14
t 186 35
m0 3 4
1 0 14
2 8 0
3 8 14
t 185 35
m0 3 4
1 0 13
2 9 0
3 9 14
t 184 35
m0 3 4
1 0 14
2 8 0
3 8 14
t 183 35
m0 3 4
1 0 13
2 9 0
3 9 14
t 182 35
m0 3 4
1 0 14
2 8 0
3 8 14
t 181 35
m0 3 4
1 0 13
2 9 0
3 9 14
t 180 35
m0 3 4
1 0 14
2 8 0
3 8 14
t 179 35
m0 3 4
1 0 13
2 9 0
3 9 14
t 178 35
m0 3 4
1 0 14
2 8 0
3 8 14
t 177 35
m0 3 4
1 0 13
2 9 0
3 9 14
t 176 35
m0 3 4
1 0 14
2 8 0
3 8 14
t 175 35
m0 3 4
1 0 13
2 9 0
3 9 14
t 174 35
m0 3 4
1 0 14
2 8 0
3 8 14
t 173 35
m0 3 4
1 0 13
2 9 0
3 9 14
t 172 35
m0 3 4
1 0 14
2 8 0
3 8 14
t 171 35
m0 3 4
1 0 13
2 9 0
3 9 14
t 170 35
m0 3 4
1 0 14
2 8 0
3 8 14
t 169 35
m0 3 4
1 0 13
2 9 0
3 9 14
t 168 35
m0 3 4
1 0 14
2 8 0
3 8 14
t 167 35
m0 3 4
1 0 13
2 9 0
3 9 14
t 166 35
m0 3 4
1 0 14
2 8 0
3 8 14
t 165 35
m0 3 4
1 0 13
2 9 0
3 9 14
t 164 35
m0 3 4
1 0 14
2 8 0
3 8 14
t 163 35
m0 3 4
1 0 13
2 9 0
3 9 14
t 162 35
m0 3 4
1 0 14
2 8 0
3 8 14
t 161 35
m0 3 4
1 0 13
2 9 0
3 9 14
t 160 35
m0 3 4
1 0 14
2 8 0
3 8 14
t 159 35
m0 3 4
1 0 13
2 9 0
3 9 14
t 158 35
m0 3 4
1 0 14
2 8 0
3 8 14
t 157 35
m0 3 4
1 0 13
2 9 0
3 9 14
t 156 35
m0 3 4
1 0 14
2 8 0
3 8 14
t 155 35
m0 3 4
1 0 13
2 9 0
3 9 14
t 154 35
m0 3 4
1 0 14
2 8 0
3 8 14
t 153 35
m0 3 4
1 0 13
2 9 0
3 9 14
t 152 35
m0 3 4
1 0 14
2 8 0
3 8 14
t 151 35
m0 3 4
1 0 13
2 9 0
3 9 14
t 150 35
m0 3 4
1 0 14
2 8 0
3 8 14
t 149 35
m0 3 4
1 0 13
2 9 0
3 9 14
t 148 35
m0 3 4
1 0 14
2 8 0
3 8 14
t 147 35
m0 3 4
1 0 13
2 9 0
3 9 14
t 146 35
m0 3 4
1 0 14
2 8 0
3 8 14
t 145 35
m0 3 4
1 0 13
2 9 0
3 9 14
t 144 35
m0 3 4
1 0 14
2 8 0
3 8 14
t 143 35
m0 3 4
1 0 13
2 9 0
3 9 14
t 142 35
m0 3 4
1 0 14
2 8 0
3 8 14
t 141 35
m0 3 4
1 0 13
2 9 0
3 9 14
t 140 35
m0 3 4
1 0 14
2 8 0
3 8 14
t 139 35
m0 3 4
1 0 13
2 9 0
3 9 14
t 138 35
m0 3 4
1 0 14
2 8 0
3 8 14
t 137 35
m0 3 4
1 0 13
2 9 0
3 9 14
t 136 35
m0 3 4
1 0 14
2 8 0
3 8 14
t 135 35
m0 3 4
1 0 13
2 9 0
3 9 14
t 134 35
m0 3 4
1 0 14
2 8 0
3 8 14
t 133 35
m0 3 4
1 0 13
2 9 0
3 9 14
t 132 35
m0 3 4
1 0 14
2 8 0
3 8 14
t 131 35
m0 3 4
1 0 13
2 9 0
3 9 14
t 130 35
m0 3 4
1 0 14
2 8 0
3 8 14
t 129 35
m0 3 4
1 0 13
2 9 0
3 9 14
t 128 35
m0 3 4
1 0 14
2 8 0
3 8 14
t 127 35
m0 3 4
1 0 13
2 9 0
3 9 14
t 126 35
m0 3 4
1 0 14
2 8 0
3 8 14
t 125 35
m0 3 4
1 0 13
2 9 0
3 9 14
t 124 35
m0 3 4
1 0 14
2 8 0
3 8 14
t 123 35
m0 3 4
1 0 13
2 9 0
3 9 14
t 122 35
m0 3 4
1 0 14
2 8 0
3 8 14
t 121 35
m0 3 4
1 0 13
2 9 0
3 9 14
t 120 35
m0 3 4
1 0 14
2 8 0
3 8 14
t 119 35
m0 3 4
1 0 13
2 9 0
3 9 14
t 118 35
m0 3 4
1 0 14
2 8 0
3 8 14
t 117 35
m0 3 4
1 0 13
2 9 0
3 9 14
t 116 35
m0 3 4
1 0 14
2 8 0
3 8 14
t 115 35
m0 3 4
1 0 13
2 9 0
3 9 14
t 114 35
m0 3 4
1 0 14
2 8 0
3 8 14
t 113 35
m0 3 4
1 0 13
2 9 0
3 9 14
t 112 35
m0 3 4
1 0 14
2 8 0
3 8 14
t 111 35
m0 3 4
1 0 13
2 9 0
3 9 14
t 110 35
m0 3 4
1 0 14
2 8 0
3 8 14
t 109 35
m0 3 4
1 0 13
2 9 0
3 9 14
t 108 35
m0 3 4
1 0 14
2 8 0
3 8 14
t 107 35
m0 3 4
1 0 13
2 9 0
3 9 14
t 106 35
m0 3 4
1 0 14
2 8 0
3 8 14
t 105 35
m0 3 4
1 0 13
2 9 0
3 9 14
t 104 35
m0 3 4
1 0 14
2 8 0
3 8 14
t 103 35
m0 3 4
1 0 13
2 9 0
3 9 14
t 102 35
m0 3 4
1 0 14
2 8 0
3 8 14
t 101 35
m0 3 4
1 0 13
2 9 0
3 9 14
t 100 35
m0 3 4
1 0 14
2 8 0
3 8 14
t 99 35
m0 3 4
1 0 13
2 9 0
3 9 14
t 98 35
m0 3 4
1 0 14
2 8 0
3 8 14
t 97 35
m0 3 4
1 0 13
2 9 0
3 9 14
t 96 35
m0 3 4
1 0 14
2 8 0
3 8 14
t 95 35
m0 3 4
1 0 13
2 9 0
3 9 14
t 94 35
m0 3 4
1 0 14
2 8 0
3 8 14
t 93 35
m0 3 4
1 0 13
2 9 0
3 9 14
t 92 35
m0 3 4
1 0 14
2 8 0
3 8 14
t 91 35
m0 3 4
1 0 13
2 9 0
3 9 14
t 90 35
m0 3 4
1 0 14
2 8 0
3 8 14
t 89 35
m0 3 4
1 0 13
2 9 0
3 9 14
t 88 35
m0 3 4
1 0 14
2 8 0
3 8 14
t 87 35
m0 3 4
1 0 13
2 9 0
3 9 14
t 86 35
m0 3 4
1 0 14
2 8 0
3 8 14
t 85 35
m0 3 4
1 0 13
2 9 0
3 9 14
t 84 35
m0 3 4
1 0 14
2 8 0
3 8 14
t 83 35
m0 3 4
1 0 13
2 9 0
3 9 14
t 82 35
m0 3 4
1 0 14
2 8 0
3 8 14
t 81 35
m0 3 4
1 0 13
2 9 0
3 9 14
t 80 35
m0 3 4
1 0 14
2 8 0
3 8 14
t 79 35
m0 3 4
1 0 13
2 9 0
3 9 14
t 78 35
m0 3 4
1 0 14
2 8 0
3 8 14
t 77 35
m0 3 4
1 0 13
2 9 0
3 9 14
t 76 35
m0 3 4
1 0 14
2 8 0
3 8 14
t 75 35
m0 3 4
1 0 13
2 9 0
3 9 14
t 74 35
m0 3 4
1 0 14
2 8 0
3 8 14
t 73 35
m0 3 4
1 0 13
2 9 0
3 9 14
t 72 35
m0 3 4
1 0 14
2 8 0
3 8 14
t 71 35
m0 3 4
1 0 13
2 9 0
3 9 14
t 70 35
m0 3 4
1 0 14
2 8 0
3 8 14
t 69 35
m0 3 4
1 0 13
2 9 0
3 9 14
t 68 35
m0 3 4
1 0 14
2 8 0
3 8 14
t 67 35
m0 3 4
1 0 13
2 9 0
3 9 14
t 66 35
m0 3 4
1 0 14
2 8 0
3 8 14
t 65 35
m0 3 4
1 0 13
2 9 0
3 9 14
t 64 35
m0 3 4
1 0 14
2 8 0
3 8 14
t 63 35
m0 3 4
1 0 13
2 9 0
3 9 14
t 62 35
m0 3 4
1 0 14
2 8 0
3 8 14
t 61 35
m0 3 4
1 0 13
2 9 0
3 9 14
t 60 35
m0 3 4
1 0 14
2 8 0
3 8 14
t 59 35
m0 3 4
1 0 13
2 9 0
3 9 14
t 58 35
m0 3 4
1 0 14
2 8 0
3 8 14
t 57 35
m0 3 4
1 0 13
2 9 0
3 9 14
t 56 35
m0 3 4
1 0 14
2 8 0
3 8 14
t 55 35
m0 3 4
1 0 13
2 9 0
3 9 14
t 54 35
m0 3 4
1 0 14
2 8 0
3 8 14
t 53 35
m0 3 4
1 0 13
2 9 0
3 9 14
t 52 35
m0 3 4
1 0 14
2 8 0
3 8 14
t 51 35
m0 3 4
1 0 13
2 9 0
3 9 14
t 50 35
m0 3 4
1 0 14
2 8 0
3 8 14
t 49 35
m0 3 4
1 0 13
2 9 0
3 9 14
t 48 35
m0 3 4
1 0 14
2 8 0
3 8 14
t 47 35
m0 3 4
1 0 13
2 9 0
3 9 14
t 46 35
m0 3 4
1 0 14
2 8 0
3 8 14
t 45 35
m0 3 4
1 0 13
2 9 0
3 9 14
t 44 35
m0 3 4
1 0 14
2 8 0
3 8 14
t 43 35
m0 3 4
1 0 13
2 9 0
3 9 14
t 42 35
m0 3 4
1 0 14
2 8 0
3 8 14
t 41 35
m0 3 4
1 0 13
2 9 0
3 9 14
t 40 35
m0 3 4
1 0 14
2 8 0
3 8 14
t 39 35
m0 3 4
1 0 13
2 9 0
3 9 14
t 38 35
m0 3 4
1 0 14
2 8 0
3 8 14
t 37 35
m0 3 4
1 0 13
2 9 0
3 9 14
t 36 35
m0 3 4
1 0 14
2 8 0
3 8 14
t 35 35
m0 3 4
1 0 13
2 9 0
3 9 14
t 34 35
m0 3 4
1 0 14
2 8 0
3 8 14
t 33 35
m0 3 4
1 0 13
2 9 0
3 9 14
t 32 35
m0 3 4
1 0 14
2 8 0
3 8 14
t 31 35
m0 3 4
1 0 13
2 9 0
3 9 14
t 30 35
m0 3 4
1 0 14
2 8 0
3 8 14
t 29 35
m0 3 4
1 0 13
2 9 0
3 9 14
t 28 35
m0 3 4
1 0 14
2 8 0
3 8 14
t 27 35
m0 3 4
1 0 13
2 9 0
3 9 14
t 26 35
m0 3 4
1 0 14
2 8 0
3 8 14
t 25 35
m0 3 4
1 0 13
2 9 0
3 9 14
t 24 35
m0 3 4
1 0 14
2 8 0
3 8 14
t 23 35
m0 3 4
1 0 13
2 9 0
3 9 14
t 22 35
m0 3 4
1 0 14
2 8 0
3 8 14
t 21 35
m0 3 4
1 0 13
2 9 0
3 9 14
t 20 35
m0 3 4
1 0 14
2 8 0
3 8 14
t 19 35
m0 3 4
1 0 13
2 9 0
3 9 14
t 18 35
m0 3 4
1 0 14
2 8 0
3 8 14
t 17 35
m0 3 4
1 0 13
2 9 0
3 9 14
t 16 35
m0 3 4
1 0 14
2 8 0
3 8 14
t 15 35
m0 3 4
1 0 13
2 9 0
3 9 14
t 14 35
m0 3 4
1 0 14
2 8 0
3 8 14
t 13 35
m0 3 4
1 0 13
2 9 0
3 9 14
t 12 35
m0 3 4
1 0 14
2 8 0
3 8 14
t 11 35
m0 3 4
1 0 13
2 9 0
3 9 14
t 10 35
m0 3 4
1 0 14
2 8 0
3 8 14
t 9 35
m0 3 4
1 0 13
2 9 0
3 9 14
t 8 35
m0 3 4
1 0 14
2 8 0
3 8 14
t 7 35
m0 3 4
1 0 13
2 9 0
3 9 14
t 6 35
m0 3 4
1 0 14
2 8 0
3 8 14
t 5 35
m0 3 4
1 0 13
2 9 0
3 9 14
t 4 35
m0 3 4
1 0 14
2 8 0
3 8 14
t 3 35
m0 3 4
1 0 13
2 9 0
3 9 14
t 2 35
m0 3 4
1 0 14
2 8 0
3 8 14
t 1 35
m0 3 4
1 0 14
2 8 0
3 8 14
t 0 35
