10
15
w 7 3
w 5 9
w 1 3
w 2 8
w 0 7
w 4 12
w 7 11
w 8 5
w 5 8
w 5 12
w 3 10
w 9 11
w 3 6
w 6 4
w 3 2
w 2 6
w 9 14
w 7 1
w 4 5
w 1 13
w 9 3
w 6 0
w 4 14
w 2 10
w 1 4
w 9 10
w 8 7
w 1 0
w 7 8
w 9 13
w 6 8
w 3 1
w 3 8
w 8 8
w 0 9
w 3 4
w 9 12
p 6 6
p 7 12
p 5 13
p 2 1
p 3 11
p 7 7
p 1 6
p 0 10
p 9 4
p 5 1
p 7 2
p 3 14
p 6 14
p 4 9
p 5 5
p 6 7
p 2 9
p 1 14
p 8 10
p 6 3
p 1 5
p 2 13
p 4 13
p 0 11
p 2 2
p 1 10
p 8 6
p 4 1
p 9 7
p 4 10
p 5 4
p 0 0
p 7 14
p 8 2
p 3 13
p 6 11
p 2 3
p 1 9
p 6 12
p 0 8
p 9 6
p 3 5
p 3 12
p 4 6
p 5 10
p 9 2
p 7 13
p 2 11
p 9 9
p 5 14
p 0 6
p 7 4
p 4 3
p 1 7
p 6 13
p 9 5
m0 0 14
1 9 0
2 9 0
3 9 0
t 300 0
m0 1 14
1 8 0
2 8 0
3 8 0
t 299 1
m0 2 14
1 9 0
2 9 0
3 9 0
t 298 1
m0 3 14
1 8 0
2 8 0
3 8 0
t 297 2
m0 3 13
1 9 0
2 9 0
3 9 0
t 296 3
m0 4 13
1 8 0
2 8 0
3 8 0
t 295 4
m0 5 13
1 9 0
2 9 0
3 9 0
t 294 5
m0 6 13
1 8 0
2 8 0
3 8 0
t 293 6
m0 7 13
1 9 0
2 9 0
3 9 0
t 292 7
m0 8 13
1 8 0
2 8 0
3 8 0
t 291 7
m0 8 12
1 9 0
2 9 0
3 9 0
t 290 7
m0 8 11
1 8 0
2 8 0
3 8 0
t 289 7
m0 8 10
1 9 0
2 9 0
3 9 0
t 288 8
m0 8 9
1 8 0
2 8 0
3 8 0
t 287 8
m0 9 9
1 7 0
2 7 0
3 7 0
t 286 9
m0 9 8
1 8 0
2 8 0
3 8 0
t 285 9
m0 9 7
1 7 0
2 7 0
3 7 0
t 284 10
m0 9 6
1 8 0
2 8 0
3 8 0
t 283 11
m0 9 5
1 7 0
2 7 0
3 7 0
t 282 12
m0 9 4
1 8 0
2 8 0
3 8 0
t 281 13
m0 8 4
1 9 0
2 9 0
3 9 0
t 280 13
m0 9 4
1 8 0
2 8 0
3 8 0
t 279 13
m0 8 4
1 9 0
2 9 0
3 9 0
t 278 13
m0 9 4
1 8 0
2 8 0
3 8 0
t 277 13
m0 8 4
1 9 0
2 9 0
3 9 0
t 276 13
m0 9 4
1 8 0
2 8 0
3 8 0
t 275 13
m0 8 4
1 9 0
2 9 0
3 9 0
t 274 13
m0 9 4
1 8 0
2 8 0
3 8 0
t 273 13
m0 8 4
1 9 0
2 9 0
3 9 0
t 272 13
m0 9 4
1 8 0
2 8 0
3 8 0
f 0 4
t 271 13
m0 9 5
1 7 0
2 7 0
3 7 0
t 270 13
m0 9 6
1 8 0
2 8 0
3 8 0
t 269 13
m0 9 7
1 7 0
2 7 0
3 7 0
t 268 13
m0 9 8
1 8 0
2 8 0
3 8 0
t 267 13
m0 9 9
1 7 0
2 7 0
3 7 0
t 266 13
m0 9 9
1 8 0
2 8 0
3 8 0
t 265 13
m0 9 9
1 7 0
2 7 0
3 7 0
t 264 13
m0 9 9
1 8 0
2 8 0
3 8 0
t 263 13
m0 9 9
1 7 0
2 7 0
3 7 0
t 262 13
m0 9 9
1 8 0
2 8 0
3 8 0
t 261 13
m0 9 9
1 7 0
2 7 0
3 7 0
t 260 13
m0 9 9
1 8 0
2 8 0
3 8 0
t 259 13
m0 9 9
1 7 0
2 7 0
3 7 0
t 258 13
m0 9 9
1 8 0
2 8 0
3 8 0
t 257 13
m0 9 9
1 7 0
2 7 0
3 7 0
t 256 13
m0 9 9
1 8 0
2 8 0
3 8 0
t 255 13
m0 9 9
1 7 0
2 7 0
3 7 0
t 254 13
m0 9 9
1 8 0
2 8 0
3 8 0
t 253 13
m0 9 9
1 7 0
2 7 0
3 7 0
t 252 13
m0 9 9
1 8 0
2 8 0
3 8 0
t 251 13
m0 9 9
1 7 0
2 7 0
3 7 0
t 250 13
m0 9 9
1 8 0
2 8 0
3 8 0
t 249 13
m0 9 9
1 7 0
2 7 0
3 7 0
t 248 13
m0 9 9
1 8 0
2 8 0
3 8 0
t 247 13
m0 9 9
1 7 0
2 7 0
3 7 0
t 246 13
m0 9 9
1 8 0
2 8 0
3 8 0
t 245 13
m0 9 9
1 7 0
2 7 0
3 7 0
t 244 13
m0 9 9
1 8 0
2 8 0
3 8 0
t 243 13
m0 9 9
1 7 0
2 7 0
3 7 0
t 242 13
m0 9 9
1 8 0
2 8 0
3 8 0
t 241 13
m0 9 9
1 7 0
2 7 0
3 7 0
t 240 13
m0 9 9
1 8 0
2 8 0
3 8 0
t 239 13
m0 9 9
1 7 0
2 7 0
3 7 0
t 238 13
m0 9 9
1 8 0
2 8 0
3 8 0
t 237 13
m0 9 9
1 7 0
2 7 0
3 7 0
t 236 13
m0 9 9
1 8 0
2 8 0
3 8 0
t 235 13
m0 9 9
1 7 0
2 7 0
3 7 0
t 234 13
m0 9 9
1 8 0
2 8 0
3 8 0
t 233 13
m0 9 9
1 7 0
2 7 0
3 7 0
t 232 13
m0 9 9
1 8 0
2 8 0
3 8 0
t 231 13
m0 9 9
1 7 0
2 7 0
3 7 0
t 230 13
m0 9 9
1 8 0
2 8 0
3 8 0
t 229 13
m0 9 9
1 7 0
2 7 0
3 7 0
t 228 13
m0 9 9
1 8 0
2 8 0
3 8 0
t 227 13
m0 9 9
1 7 0
2 7 0
3 7 0
t 226 13
m0 9 9
1 8 0
2 8 0
3 8 0
t 225 13
m0 9 9
1 7 0
2 7 0
3 7 0
t 224 13
m0 9 9
1 8 0
2 8 0
3 8 0
t 223 13
m0 9 9
1 7 0
2 7 0
3 7 0
t 222 13
m0 9 9
1 8 0
2 8 0
3 8 0
t 221 13
m0 9 9
1 7 0
2 7 0
3 7 0
t 220 13
m0 9 9
1 8 0
2 8 0
3 8 0
t 219 13
m0 9 9
1 7 0
2 7 0
3 7 0
t 218 13
m0 9 9
1 8 0
2 8 0
3 8 0
t 217 13
m0 9 9
1 7 0
2 7 0
3 7 0
t 216 13
m0 9 9
1 8 0
2 8 0
3 8 0
t 215 13
m0 9 9
1 7 0
2 7 0
3 7 0
t 214 13
m0 9 9
1 8 0
2 8 0
3 8 0
t 213 13
m0 9 9
1 7 0
2 7 0
3 7 0
t 212 13
m0 9 9
1 8 0
2 8 0
3 8 0
t 211 13
m0 9 9
1 7 0
2 7 0
3 7 0
t 210 13
m0 9 9
1 8 0
2 8 0
3 8 0
t 209 13
m0 9 9
1 7 0
2 7 0
3 7 0
t 208 13
m0 9 9
1 8 0
2 8 0
3 8 0
t 207 13
m0 9 9
1 7 0
2 7 0
3 7 0
t 206 13
m0 9 9
1 8 0
2 8 0
3 8 0
t 205 13
m0 9 9
1 7 0
2 7 0
3 7 0
t 204 13
m0 9 9
1 8 0
2 8 0
3 8 0
t 203 13
m0 9 9
1 7 0
2 7 0
3 7 0
t 202 13
m0 9 9
1 8 0
2 8 0
3 8 0
t 201 13
m0 9 9
1 7 0
2 7 0
3 7 0
t 200 13
m0 9 9
1 8 0
2 8 0
3 8 0
t 199 13
m0 9 9
1 7 0
2 7 0
3 7 0
t 198 13
m0 9 9
1 8 0
2 8 0
3 8 0
t 197 13
m0 9 9
1 7 0
2 7 0
3 7 0
t 196 13
m0 9 9
1 8 0
2 8 0
3 8 0
t 195 13
m0 9 9
1 7 0
2 7 0
3 7 0
t 194 13
m0 9 9
1 8 0
2 8 0
3 8 0
t 193 13
m0 9 9
1 7 0
2 7 0
3 7 0
t 192 13
m0 9 9
1 8 0
2 8 0
3 8 0
t 191 13
m0 9 9
1 7 0
2 7 0
3 7 0
t 190 13
m0 9 9
1 8 0
2 8 0
3 8 0
t 189 13
m0 9 9
1 7 0
2 7 0
3 7 0
t 188 13
m0 9 9
1 8 0
2 8 0
3 8 0
t 187 13
m0 9 9
1 7 0
2 7 0
3 7 0
t 186 13
m0 9 9
1 8 0
2 8 0
3 8 0
t 185 13
m0 9 9
1 7 0
2 7 0
3 7 0
t 184 13
m0 9 9
1 8 0
2 8 0
3 8 0
t 183 13
m0 9 9
1 7 0
2 7 0
3 7 0
t 182 13
m0 9 9
1 8 0
2 8 0
3 8 0
t 181 13
m0 9 9
1 7 0
2 7 0
3 7 0
t 180 13
m0 9 9
1 8 0
2 8 0
3 8 0
t 179 13
m0 9 9
1 7 0
2 7 0
3 7 0
t 178 13
m0 9 9
1 8 0
2 8 0
3 8 0
t 177 13
m0 9 9
1 7 0
2 7 0
3 7 0
t 176 13
m0 9 9
1 8 0
2 8 0
3 8 0
t 175 13
m0 9 9
1 7 0
2 7 0
3 7 0
t 174 13
m0 9 9
1 8 0
2 8 0
3 8 0
t 173 13
m0 9 9
1 7 0
2 7 0
3 7 0
t 172 13
m0 9 9
1 8 0
2 8 0
3 8 0
t 171 13
m0 9 9
1 7 0
2 7 0
3 7 0
t 170 13
m0 9 9
1 8 0
2 8 0
3 8 0
t 169 13
m0 9 9
1 7 0
2 7 0
3 7 0
t 168 13
m0 9 9
1 8 0
2 8 0
3 8 0
t 167 13
m0 9 9
1 7 0
2 7 0
3 7 0
t 166 13
m0 9 9
1 8 0
2 8 0
3 8 0
t 165 13
m0 9 9
1 7 0
2 7 0
3 7 0
t 164 13
m0 9 9
1 8 0
2 8 0
3 8 0
t 163 13
m0 9 9
1 7 0
2 7 0
3 7 0
t 162 13
m0 9 9
1 8 0
2 8 0
3 8 0
t 161 13
m0 9 9
1 7 0
2 7 0
3 7 0
t 160 13
m0 9 9
1 8 0
2 8 0
3 8 0
t 159 13
m0 9 9
1 7 0
2 7 0
3 7 0
t 158 13
m0 9 9
1 8 0
2 8 0
3 8 0
t 157 13
m0 9 9
1 7 0
2 7 0
3 7 0
t 156 13
m0 9 9
1 8 0
2 8 0
3 8 0
t 155 13
m0 9 9
1 7 0
2 7 0
3 7 0
t 154 13
m0 9 9
1 8 0
2 8 0
3 8 0
t 153 13
m0 9 9
1 7 0
2 7 0
3 7 0
t 152 13
m0 9 9
1 8 0
2 8 0
3 8 0
t 151 13
m0 9 9
1 7 0
2 7 0
3 7 0
t 150 13
m0 9 9
1 8 0
2 8 0
3 8 0
t 149 13
m0 9 9
1 7 0
2 7 0
3 7 0
t 148 13
m0 9 9
1 8 0
2 8 0
3 8 0
t 147 13
m0 9 9
1 7 0
2 7 0
3 7 0
t 146 13
m0 9 9
1 8 0
2 8 0
3 8 0
t 145 13
m0 9 9
1 7 0
2 7 0
3 7 0
t 144 13
m0 9 9
1 8 0
2 8 0
3 8 0
t 143 13
m0 9 9
1 7 0
2 7 0
3 7 0
t 142 13
m0 9 9
1 8 0
2 8 0
3 8 0
t 141 13
m0 9 9
1 7 0
2 7 0
3 7 0
t 140 13
m0 9 9
1 8 0
2 8 0
3 8 0
t 139 13
m0 9 9
1 7 0
2 7 0
3 7 0
t 138 13
m0 9 9
1 8 0
2 8 0
3 8 0
t 137 13
m0 9 9
1 7 0
2 7 0
3 7 0
t 136 13
m0 9 9
1 8 0
2 8 0
3 8 0
t 135 13
m0 9 9
1 7 0
2 7 0
3 7 0
t 134 13
m0 9 9
1 8 0
2 8 0
3 8 0
t 133 13
m0 9 9
1 7 0
2 7 0
3 7 0
t 132 13
m0 9 9
1 8 0
2 8 0
3 8 0
t 131 13
m0 9 9
1 7 0
2 7 0
3 7 0
t 130 13
m0 9 9
1 8 0
2 8 0
3 8 0
t 129 13
m0 9 9
1 7 0
2 7 0
3 7 0
t 128 13
m0 9 9
1 8 0
2 8 0
3 8 0
t 127 13
m0 9 9
1 7 0
2 7 0
3 7 0
t 126 13
m0 9 9
1 8 0
2 8 0
3 8 0
t 125 13
m0 9 9
1 7 0
2 7 0
3 7 0
t 124 13
m0 9 9
1 8 0
2 8 0
3 8 0
t 123 13
m0 9 9
1 7 0
2 7 0
3 7 0
t 122 13
m0 9 9
1 8 0
2 8 0
3 8 0
t 121 13
m0 9 9
1 7 0
2 7 0
3 7 0
t 120 13
m0 9 9
1 8 0
2 8 0
3 8 0
t 119 13
m0 9 9
1 7 0
2 7 0
3 7 0
t 118 13
m0 9 9
1 8 0
2 8 0
3 8 0
t 117 13
m0 9 9
1 7 0
2 7 0
3 7 0
t 116 13
m0 9 9
1 8 0
2 8 0
3 8 0
t 115 13
m0 9 9
1 7 0
2 7 0
3 7 0
t 114 13
m0 9 9
1 8 0
2 8 0
3 8 0
t 113 13
m0 9 9
1 7 0
2 7 0
3 7 0
t 112 13
m0 9 9
1 8 0
2 8 0
3 8 0
t 111 13
m0 9 9
1 7 0
2 7 0
3 7 0
t 110 13
m0 9 9
1 8 0
2 8 0
3 8 0
t 109 13
m0 9 9
1 7 0
2 7 0
3 7 0
t 108 13
m0 9 9
1 8 0
2 8 0
3 8 0
t 107 13
m0 9 9
1 7 0
2 7 0
3 7 0
t 106 13
m0 9 9
1 8 0
2 8 0
3 8 0
t 105 13
m0 9 9
1 7 0
2 7 0
3 7 0
t 104 13
m0 9 9
1 8 0
2 8 0
3 8 0
t 103 13
m0 9 9
1 7 0
2 7 0
3 7 0
t 102 13
m0 9 9
1 8 0
2 8 0
3 8 0
t 101 13
m0 9 9
1 7 0
2 7 0
3 7 0
t 100 13
m0 9 9
1 8 0
2 8 0
3 8 0
t 99 13
m0 9 9
1 7 0
2 7 0
3 7 0
t 98 13
m0 9 9
1 8 0
2 8 0
3 8 0
t 97 13
m0 9 9
1 7 0
2 7 0
3 7 0
t 96 13
m0 9 9
1 8 0
2 8 0
3 8 0
t 95 13
m0 9 9
1 7 0
2 7 0
3 7 0
t 94 13
m0 9 9
1 8 0
2 8 0
3 8 0
t 93 13
m0 9 9
1 7 0
2 7 0
3 7 0
t 92 13
m0 9 9
1 8 0
2 8 0
3 8 0
t 91 13
m0 9 9
1 7 0
2 7 0
3 7 0
t 90 13
m0 9 9
1 8 0
2 8 0
3 8 0
t 89 13
m0 9 9
1 7 0
2 7 0
3 7 0
t 88 13
m0 9 9
1 8 0
2 8 0
3 8 0
t 87 13
m0 9 9
1 7 0
2 7 0
3 7 0
t 86 13
m0 9 9
1 8 0
2 8 0
3 8 0
t 85 13
m0 9 9
1 7 0
2 7 0
3 7 0
t 84 13
m0 9 9
1 8 0
2 8 0
3 8 0
t 83 13
m0 9 9
1 7 0
2 7 0
3 7 0
t 82 13
m0 9 9
1 8 0
2 8 0
3 8 0
t 81 13
m0 9 9
1 7 0
2 7 0
3 7 0
t 80 13
m0 9 9
1 8 0
2 8 0
3 8 0
t 79 13
m0 9 9
1 7 0
2 7 0
3 7 0
t 78 13
m0 9 9
1 8 0
2 8 0
3 8 0
t 77 13
m0 9 9
1 7 0
2 7 0
3 7 0
t 76 13
m0 9 9
1 8 0
2 8 0
3 8 0
t 75 13
m0 9 9
1 7 0
2 7 0
3 7 0
t 74 13
m0 9 9
1 8 0
2 8 0
3 8 0
t 73 13
m0 9 9
1 7 0
2 7 0
3 7 0
t 72 13
m0 9 9
1 8 0
2 8 0
3 8 0
t 71 13
m0 9 9
1 7 0
2 7 0
3 7 0
t 70 13
m0 9 9
1 8 0
2 8 0
3 8 0
t 69 13
m0 9 9
1 7 0
2 7 0
3 7 0
t 68 13
m0 9 9
1 8 0
2 8 0
3 8 0
t 67 13
m0 9 9
1 7 0
2 7 0
3 7 0
t 66 13
m0 9 9
1 8 0
2 8 0
3 8 0
t 65 13
m0 9 9
1 7 0
2 7 0
3 7 0
t 64 13
m0 9 9
1 8 0
2 8 0
3 8 0
t 63 13
m0 9 9
1 7 0
2 7 0
3 7 0
t 62 13
m0 9 9
1 8 0
2 8 0
3 8 0
t 61 13
m0 9 9
1 7 0
2 7 0
3 7 0
t 60 13
m0 9 9
1 8 0
2 8 0
3 8 0
t 59 13
m0 9 9
1 7 0
2 7 0
3 7 0
t 58 13
m0 9 9
1 8 0
2 8 0
3 8 0
t 57 13
m0 9 9
1 7 0
2 7 0
3 7 0
t 56 13
m0 9 9
1 8 0
2 8 0
3 8 0
t 55 13
m0 9 9
1 7 0
2 7 0
3 7 0
t 54 13
m0 9 9
1 8 0
2 8 0
3 8 0
t 53 13
m0 9 9
1 7 0
2 7 0
3 7 0
t 52 13
m0 9 9
1 8 0
2 8 0
3 8 0
t 51 13
m0 9 9
1 7 0
2 7 0
3 7 0
t 50 13
m0 9 9
1 8 0
2 8 0
3 8 0
t 49 13
m0 9 9
1 7 0
2 7 0
3 7 0
t 48 13
m0 9 9
1 8 0
2 8 0
3 8 0
t 47 13
m0 9 9
1 7 0
2 7 0
3 7 0
t 46 13
m0 9 9
1 8 0
2 8 0
3 8 0
t 45 13
m0 9 9
1 7 0
2 7 0
3 7 0
t 44 13
m0 9 9
1 8 0
2 8 0
3 8 0
t 43 13
m0 9 9
1 7 0
2 7 0
3 7 0
t 42 13
m0 9 9
1 8 0
2 8 0
3 8 0
t 41 13
m0 9 9
1 7 0
2 7 0
3 7 0
t 40 13
m0 9 9
1 8 0
2 8 0
3 8 0
t 39 13
m0 9 9
1 7 0
2 7 0
3 7 0
t 38 13
m0 9 9
1 8 0
2 8 0
3 8 0
t 37 13
m0 9 9
1 7 0
2 7 0
3 7 0
t 36 13
m0 9 9
1 8 0
2 8 0
3 8 0
t 35 13
m0 9 9
1 7 0
2 7 0
3 7 0
t 34 13
m0 9 9
1 8 0
2 8 0
3 8 0
t 33 13
m0 9 9
1 7 0
2 7 0
3 7 0
t 32 13
m0 9 9
1 8 0
2 8 0
3 8 0
t 31 13
m0 9 9
1 7 0
2 7 0
3 7 0
t 30 13
m0 9 9
1 8 0
2 8 0
3 8 0
t 29 13
m0 9 9
1 7 0
2 7 0
3 7 0
t 28 13
m0 9 9
1 8 0
2 8 0
3 8 0
t 27 13
m0 9 9
1 7 0
2 7 0
3 7 0
t 26 13
m0 9 9
1 8 0
2 8 0
3 8 0
t 25 13
m0 9 9
1 7 0
2 7 0
3 7 0
t 24 13
m0 9 9
1 8 0
2 8 0
3 8 0
t 23 13
m0 9 9
1 7 0
2 7 0
3 7 0
t 22 13
m0 9 9
1 8 0
2 8 0
3 8 0
t 21 13
m0 9 9
1 7 0
2 7 0
3 7 0
t 20 13
m0 9 9
1 8 0
2 8 0
3 8 0
t 19 13
m0 9 9
1 7 0
2 7 0
3 7 0
t 18 13
m0 9 9
1 8 0
2 8 0
3 8 0
t 17 13
m0 9 9
1 7 0
2 7 0
3 7 0
t 16 13
m0 9 9
1 8 0
2 8 0
3 8 0
t 15 13
m0 9 9
1 7 0
2 7 0
3 7 0
t 14 13
m0 9 9
1 8 0
2 8 0
3 8 0
t 13 13
m0 9 9
1 7 0
2 7 0
3 7 0
t 12 13
m0 9 9
1 8 0
2 8 0
3 8 0
t 11 13
m0 9 9
1 7 0
2 7 0
3 7 0
t 10 13
m0 9 9
1 8 0
2 8 0
3 8 0
t 9 13
m0 9 9
1 7 0
2 7 0
3 7 0
t 8 13
m0 9 9
1 8 0
2 8 0
3 8 0
t 7 13
m0 9 9
1 7 0
2 7 0
3 7 0
t 6 13
m0 9 9
1 8 0
2 8 0
3 8 0
t 5 13
m0 9 9
1 7 0
2 7 0
3 7 0
t 4 13
m0 9 9
1 8 0
2 8 0
3 8 0
t 3 13
m0 9 9
1 7 0
2 7 0
3 7 0
t 2 13
m0 9 9
1 8 0
2 8 0
3 8 0
t 1 13
m0 9 9
1 8 0
2 8 0
3 8 0
t 0 13
