10
15
w 1 3
w 9 1
w 6 6
w 4 8
w 9 8
w 3 11
w 2 1
w 7 11
w 3 7
w 2 5
w 5 12
w 4 4
w 8 10
w 1 5
w 2 13
w 7 10
w 1 10
w 1 1
w 0 0
w 7 1
w 8 11
w 4 14
w 1 4
w 3 9
w 1 0
w 5 3
w 8 3
w 5 10
w 7 0
w 4 6
w 7 13
w 0 13
w 7 4
w 1 8
w 9 5
w 7 8
w 2 4
p 7 3
p 7 12
p 3 0
p 5 6
p 8 0
p 7 7
p 6 2
p 4 12
p 2 12
p 9 4
p 5 1
p 8 5
p 5 8
p 4 9
p 3 3
p 5 5
p 2 9
p 8 1
p 3 10
p 7 6
p 1 14
p 4 13
p 6 3
p 0 11
p 9 11
p 5 0
p 0 4
p 2 6
p 9 14
p 3 13
p 5 11
p 1 13
p 9 3
p 6 0
p 2 10
p 0 5
p 2 3
p 0 8
p 9 6
p 4 11
p 7 9
p 2 7
p 9 13
p 3 5
p 6 5
p 3 12
p 1 12
p 8 12
p 6 1
p 5 7
p 2 11
p 3 8
p 8 8
p 3 4
p 0 2
p 9 12
m0 0 14
1 9 0
2 9 0
3 9 0
t 300 0
m0 1 14
1 8 0
2 8 0
3 8 0
t 299 1
m0 1 13
1 8 1
2 9 0
3 9 0
t 298 2
m0 1 12
1 8 2
2 8 0
3 8 0
t 297 3
m0 2 12
1 9 2
2 8 1
3 9 0
t 296 4
m0 3 12
1 9 3
2 8 2
3 8 0
t 295 5
m0 4 12
1 9 4
2 9 2
3 8 1
t 294 6
m0 4 11
1 8 4
2 9 3
3 8 0
t 293 7
m0 5 11
1 8 5
2 9 2
3 9 0
t 292 8
m0 4 11
1 8 6
2 8 2
3 8 0
t 291 8
m0 4 12
1 7 6
2 9 2
3 8 1
t 290 8
m0 4 13
1 8 6
2 9 3
3 8 2
t 289 9
m0 3 13
1 7 6
2 9 4
3 7 2
t 288 10
m0 3 12
1 7 5
2 9 3
3 6 2
t 287 10
m0 2 12
1 7 6
2 9 4
3 7 2
t 286 10
m0 2 11
1 7 7
2 9 3
3 6 2
t 285 11
m0 2 10
1 7 6
2 9 2
3 6 3
f 7 2
t 284 12
m0 3 10
1 7 7
2 8 2
3 6 4
t 283 13
m0 2 10
1 8 7
2 8 1
3 5 4
t 282 13
m0 2 9
1 8 6
2 8 2
3 5 5
t 281 14
m0 2 8
1 8 7
2 9 2
3 4 5
t 280 14
m0 3 8
1 8 8
2 9 3
3 5 5
t 279 15
m0 2 8
1 8 9
2 9 2
3 5 4
t 278 15
m0 2 7
1 7 9
2 9 3
3 6 4
t 277 16
m0 2 6
1 6 9
2 9 2
3 5 4
t 276 17
m0 3 6
1 6 8
2 8 2
3 5 5
t 275 17
m0 3 5
1 6 9
2 9 2
3 5 4
t 274 18
m0 3 4
1 6 10
2 9 3
3 5 5
t 273 19
m0 3 3
1 6 11
2 9 2
3 5 6
t 272 20
m0 2 3
1 6 12
2 9 3
3 5 5
t 271 21
m0 2 2
1 6 13
2 9 2
3 5 4
t 270 21
m0 1 2
1 5 13
2 9 3
3 5 5
t 269 21
m0 0 2
1 4 13
2 9 2
3 5 4
t 268 22
m0 0 3
1 4 12
2 9 3
3 6 4
t 267 22
m0 0 4
1 4 11
2 9 2
3 5 4
t 266 23
m0 0 5
1 4 12
2 9 3
3 6 4
t 265 24
m0 0 6
1 4 13
2 9 4
3 6 3
t 264 24
m0 0 7
1 5 13
2 8 4
3 6 2
t 263 24
m0 0 8
1 5 14
2 8 5
3 6 1
t 262 25
m0 0 9
1 6 14
2 8 6
3 6 0
t 261 25
m0 0 10
1 6 13
2 8 7
3 6 1
t 260 25
m0 0 11
1 5 13
2 7 7
3 5 1
t 259 26
m0 0 10
1 6 13
2 7 6
3 4 1
t 258 26
m0 0 9
1 5 13
2 7 7
3 4 0
t 257 26
m0 1 9
1 4 13
2 8 7
3 4 1
t 256 26
m0 2 9
1 5 13
2 9 7
3 5 1
t 255 26
m0 2 9
1 5 14
2 9 6
3 4 1
t 254 26
m0 2 9
1 5 13
2 9 7
3 5 1
t 253 26
m0 2 9
1 5 14
2 8 7
3 5 2
t 252 26
m0 2 9
1 6 14
2 9 7
3 4 2
t 251 26
m0 2 9
1 5 14
2 8 7
3 3 2
t 250 26
m0 2 9
1 5 13
2 8 6
3 4 2
t 249 26
m0 2 9
1 4 13
2 8 7
3 5 2
t 248 26
m0 2 9
1 3 13
2 9 7
3 5 1
t 247 26
m0 2 9
1 3 14
2 9 6
3 4 1
t 246 26
m0 2 9
1 3 13
2 9 7
3 5 1
t 245 26
m0 2 9
1 3 12
2 9 6
3 4 1
t 244 26
m0 2 9
1 3 13
2 8 6
3 3 1
t 243 26
m0 2 9
1 3 14
2 9 6
3 4 1
t 242 26
m0 2 9
1 2 14
2 8 6
3 3 1
t 241 26
m0 2 9
1 1 14
2 8 7
3 3 0
t 240 26
m0 2 9
1 0 14
2 7 7
3 3 1
t 239 26
m0 2 9
1 1 14
2 7 6
3 3 2
t 238 26
m0 2 9
1 0 14
2 7 5
3 4 2
t 237 26
m0 2 9
1 1 14
2 8 5
3 4 1
t 236 26
m0 2 9
1 1 13
2 7 5
3 4 0
t 235 26
m0 2 9
1 1 14
2 8 5
3 3 0
t 234 26
m0 2 9
1 0 14
2 8 4
3 4 0
t 233 26
m0 2 9
1 1 14
2 9 4
3 5 0
t 232 26
m0 2 9
1 1 13
2 9 3
3 5 1
t 231 26
m0 2 9
1 1 12
2 9 2
3 4 1
t 230 26
m0 2 9
1 0 12
2 8 2
3 3 1
t 229 26
m0 2 9
1 0 11
2 9 2
3 3 0
t 228 26
m0 2 9
1 0 12
2 9 3
3 4 0
t 227 26
m0 2 9
1 0 11
2 9 2
3 3 0
t 226 26
m0 2 9
1 0 10
2 8 2
3 4 0
t 225 26
m0 2 9
1 0 11
2 9 2
3 4 1
t 224 26
m0 2 9
1 1 11
2 8 2
3 3 1
t 223 26
m0 2 9
1 0 11
2 7 2
3 4 1
t 222 26
m0 2 9
1 0 12
2 8 2
3 5 1
t 221 26
m0 2 9
1 0 11
2 9 2
3 4 1
t 220 26
m0 2 9
1 0 10
2 8 2
3 3 1
t 219 26
m0 2 9
1 0 9
2 7 2
3 3 0
t 218 26
m0 2 9
1 1 9
2 8 2
3 3 1
t 217 26
m0 2 8
1 2 9
2 8 1
3 3 0
t 216 26
m0 2 7
1 2 8
2 8 2
3 4 0
t 215 26
m0 2 6
1 3 8
2 8 1
3 3 0
t 214 26
m0 2 6
1 2 8
2 8 2
3 3 1
t 213 26
m0 3 6
1 2 9
2 9 2
3 3 2
t 212 26
m0 3 5
1 2 10
2 9 3
3 2 2
t 211 26
m0 4 5
1 2 11
2 9 4
3 1 2
t 210 26
m0 5 5
1 2 12
2 9 3
3 0 2
t 209 27
m0 6 5
1 2 11
2 9 2
3 0 1
t 208 28
m0 5 5
1 2 12
2 9 3
3 0 2
t 207 28
m0 5 6
1 2 11
2 9 2
3 0 1
t 206 29
m0 5 7
1 1 11
2 8 2
3 0 2
t 205 30
m0 5 8
1 1 12
2 7 2
3 0 1
t 204 31
m0 5 9
1 1 13
2 7 3
3 0 2
t 203 31
m0 4 9
1 1 14
2 7 2
3 0 3
t 202 32
m0 5 9
1 1 13
2 8 2
3 0 4
t 201 32
m0 6 9
1 1 14
2 7 2
3 0 3
t 200 32
m0 7 9
1 2 14
2 8 2
3 0 2
t 199 33
m0 8 9
1 1 14
2 7 2
3 0 3
t 198 33
m0 8 8
1 2 14
2 6 2
3 0 2
t 197 34
m0 8 7
1 1 14
2 7 2
3 0 3
t 196 34
m0 7 7
1 0 14
2 8 2
3 0 4
t 195 35
m0 7 6
1 1 14
2 7 2
3 0 3
t 194 36
m0 8 6
1 1 13
2 6 2
3 0 4
t 193 36
m0 9 6
1 1 14
2 7 2
3 0 3
t 192 37
m0 8 6
1 2 14
2 6 2
3 0 2
t 191 37
m0 8 5
1 1 14
2 6 3
3 0 1
t 190 38
m0 8 4
1 2 14
2 6 4
3 0 2
t 189 38
m0 9 4
1 1 14
2 5 4
3 1 2
t 188 39
m0 9 3
1 2 14
2 6 4
3 2 2
t 187 40
m0 9 2
1 3 14
2 5 4
3 1 2
t 186 40
m0 8 2
1 2 14
2 5 5
3 2 2
t 185 40
m0 8 1
1 1 14
2 5 4
3 1 2
t 184 41
m0 8 0
1 0 14
2 5 5
3 2 2
t 183 42
m0 8 0
1 1 14
2 5 6
3 1 2
t 182 42
m0 8 0
1 1 13
2 5 5
3 0 2
t 181 42
m0 8 0
1 1 12
2 5 6
3 0 1
t 180 42
m0 8 0
1 1 13
2 5 5
3 0 2
t 179 42
m0 8 0
1 1 14
2 5 6
3 0 1
t 178 42
m0 8 0
1 0 14
2 5 7
3 0 2
t 177 42
m0 8 0
1 1 14
2 5 8
3 1 2
t 176 42
m0 8 0
1 0 14
2 6 8
3 0 2
t 175 42
m0 8 0
1 1 14
2 6 7
3 0 1
t 174 42
m0 8 0
1 1 13
2 7 7
3 0 2
t 173 42
m0 8 0
1 1 14
2 8 7
3 0 3
t 172 42
m0 8 0
1 2 14
2 8 8
3 0 4
t 171 42
m0 8 0
1 3 14
2 8 7
3 0 3
t 170 42
m0 8 0
1 2 14
2 8 6
3 0 2
t 169 42
m0 8 0
1 3 14
2 8 5
3 0 3
t 168 42
m0 8 0
1 3 13
2 8 6
3 0 2
t 167 42
m0 8 0
1 3 12
2 8 7
3 1 2
t 166 42
m0 8 0
1 2 12
2 8 8
3 2 2
t 165 42
m0 8 0
1 2 11
2 8 7
3 3 2
t 164 42
m0 8 0
1 2 10
2 7 7
3 4 2
t 163 42
m0 8 0
1 2 9
2 6 7
3 4 1
t 162 42
m0 8 0
1 1 9
2 6 8
3 4 0
t 161 42
m0 8 1
1 0 9
2 5 8
3 3 0
t 160 42
m0 8 2
1 0 10
2 5 7
3 3 1
t 159 42
m0 7 2
1 0 9
2 5 6
3 4 1
t 158 52
m0 6 2
1 1 9
2 5 5
3 4 0
t 157 53
m0 6 1
1 0 9
2 6 5
3 3 0
t 156 54
m0 6 0
1 0 8
2 6 4
3 3 1
t 155 55
m0 5 0
1 0 9
2 6 5
3 4 1
t 154 56
m0 5 1
1 0 8
2 5 5
3 4 2
t 153 57
m0 5 0
1 0 7
2 6 5
3 4 1
t 152 57
m0 4 0
1 0 6
2 5 5
3 3 1
t 151 57
m0 3 0
1 0 7
2 6 5
3 4 1
t 150 58
m0 3 0
1 0 8
2 6 4
3 4 0
t 149 58
m0 3 1
1 0 9
2 6 5
3 5 0
f 1 13
t 148 58
m0 3 2
1 0 8
2 7 5
3 4 0
t 147 58
m0 3 3
1 0 7
2 7 6
3 4 1
t 146 58
m0 3 3
1 1 7
2 7 7
3 4 0
t 145 58
m0 3 3
1 1 6
2 8 7
3 4 1
t 144 58
m0 3 3
1 0 6
2 8 8
3 5 1
t 143 58
m0 3 3
1 0 7
2 8 7
3 4 1
t 142 58
m0 3 3
1 0 6
2 7 7
3 4 0
t 141 58
m0 3 3
1 1 6
2 7 6
3 3 0
t 140 58
m0 4 3
1 1 7
2 7 5
3 4 0
t 139 58
m0 3 3
1 0 7
2 8 5
3 5 0
t 138 58
m0 3 3
1 0 6
2 7 5
3 4 0
t 137 58
m0 3 3
1 0 7
2 8 5
3 4 1
t 136 58
m0 3 3
1 0 6
2 8 4
3 4 2
t 135 58
m0 3 3
1 1 6
2 9 4
3 5 2
t 134 58
m0 3 3
1 0 6
2 8 4
3 4 2
t 133 58
m0 3 3
1 0 7
2 8 5
3 3 2
t 132 58
m0 3 3
1 0 8
2 8 6
3 2 2
t 131 58
m0 4 3
1 0 9
2 8 7
3 3 2
t 130 58
m0 4 2
1 0 8
2 9 7
3 2 2
t 129 58
m0 5 2
1 0 9
2 9 6
3 1 2
t 128 58
m0 6 2
1 1 9
2 9 7
3 0 2
t 127 58
m0 6 3
1 2 9
2 8 7
3 0 1
t 126 59
m0 7 3
1 2 10
2 8 6
3 0 2
t 125 60
m0 7 2
1 2 9
2 8 5
3 0 3
t 124 60
m0 6 2
1 2 10
2 8 4
3 0 2
t 123 60
m0 6 2
1 3 10
2 8 5
3 0 3
t 122 60
m0 6 2
1 4 10
2 8 6
3 0 2
t 121 60
m0 6 2
1 4 11
2 9 6
3 0 1
t 120 60
m0 6 2
1 4 10
2 9 7
3 0 2
t 119 60
m0 7 2
1 4 9
2 9 6
3 0 3
t 118 60
m0 6 2
1 5 9
2 8 6
3 0 2
t 117 60
m0 6 2
1 4 9
2 8 5
3 1 2
t 116 60
m0 6 2
1 5 9
2 8 6
3 0 2
t 115 60
m0 6 2
1 6 9
2 9 6
3 0 1
t 114 60
m0 6 2
1 7 9
2 9 7
3 0 2
t 113 60
m0 7 2
1 6 9
2 8 7
3 0 3
t 112 60
m0 6 2
1 5 9
2 9 7
3 0 2
t 111 60
m0 7 2
1 4 9
2 9 6
3 0 3
t 110 60
m0 6 2
1 4 10
2 9 7
3 0 2
t 109 60
m0 7 2
1 4 11
2 8 7
3 0 1
t 108 60
m0 6 2
1 4 12
2 8 6
3 0 2
t 107 60
m0 6 2
1 4 13
2 8 5
3 0 1
t 106 60
m0 6 2
1 3 13
2 8 6
3 0 2
t 105 60
m0 6 2
1 3 14
2 7 6
3 0 1
t 104 60
m0 6 2
1 3 13
2 8 6
3 0 2
t 103 60
m0 6 2
1 4 13
2 8 5
3 1 2
t 102 60
m0 6 2
1 4 12
2 8 4
3 0 2
t 101 60
m0 6 2
1 3 12
2 8 5
3 0 1
t 100 60
m0 6 2
1 2 12
2 7 5
3 0 2
t 99 60
m0 6 2
1 2 11
2 8 5
3 0 3
t 98 60
m0 6 2
1 1 11
2 7 5
3 0 2
t 97 60
m0 6 2
1 2 11
2 7 6
3 0 3
t 96 60
m0 6 2
1 2 12
2 7 5
3 0 2
t 95 60
m0 6 2
1 1 12
2 8 5
3 0 1
t 94 60
m0 6 2
1 1 13
2 7 5
3 0 2
t 93 60
m0 6 2
1 1 12
2 8 5
3 1 2
t 92 60
m0 6 2
1 1 13
2 7 5
3 0 2
t 91 60
m0 6 2
1 1 12
2 7 6
3 0 3
t 90 60
m0 6 2
1 1 13
2 7 5
3 0 4
t 89 60
m0 6 2
1 1 12
2 7 6
3 0 3
t 88 60
m0 6 2
1 1 13
2 7 7
3 0 2
t 87 60
m0 6 2
1 1 14
2 8 7
3 0 1
t 86 60
m0 6 2
1 0 14
2 9 7
3 0 2
t 85 60
m0 7 2
1 1 14
2 8 7
3 0 3
t 84 60
m0 6 2
1 0 14
2 7 7
3 0 4
t 83 60
m0 6 2
1 1 14
2 8 7
3 0 3
t 82 60
m0 6 2
1 0 14
2 9 7
3 0 2
t 81 60
m0 7 2
1 1 14
2 8 7
3 0 1
t 80 60
m0 6 2
1 2 14
2 7 7
3 0 2
t 79 60
m0 6 2
1 1 14
2 7 6
3 1 2
t 78 60
m0 6 2
1 1 13
2 7 7
3 2 2
t 77 60
m0 7 2
1 1 12
2 6 7
3 1 2
t 76 60
m0 8 2
1 0 12
2 6 8
3 0 2
t 75 60
m0 9 2
1 1 12
2 6 7
3 0 3
t 74 60
m0 9 3
1 1 13
2 5 7
3 0 2
t 73 60
m0 9 4
1 1 14
2 6 7
3 0 1
t 72 60
m0 9 4
1 2 14
2 5 7
3 0 2
t 71 60
m0 9 4
1 1 14
2 4 7
3 0 1
t 70 60
m0 9 4
1 2 14
2 5 7
3 0 2
t 69 60
m0 9 4
1 1 14
2 6 7
3 0 1
t 68 60
m0 9 4
1 2 14
2 6 8
3 0 2
t 67 60
m0 9 4
1 3 14
2 6 7
3 0 1
t 66 60
m0 9 4
1 3 13
2 7 7
3 0 2
t 65 60
m0 9 4
1 3 12
2 8 7
3 1 2
t 64 60
m0 9 3
1 4 12
2 8 6
3 2 2
t 63 60
m0 9 2
1 3 12
2 8 5
3 2 3
t 62 60
m0 9 2
1 3 13
2 8 6
3 3 3
t 61 60
m0 9 2
1 4 13
2 7 6
3 3 2
t 60 60
m0 9 3
1 5 13
2 7 7
3 2 2
t 59 60
m0 9 4
1 4 13
2 7 6
3 2 3
t 58 60
m0 9 3
1 5 13
2 7 7
3 2 2
t 57 60
m0 9 4
1 4 13
2 8 7
3 2 3
t 56 60
m0 9 3
1 5 13
2 8 8
3 2 2
t 55 60
m0 9 4
1 5 14
2 8 7
3 1 2
t 54 60
m0 9 3
1 5 13
2 9 7
3 0 2
t 53 60
m0 9 2
1 6 13
2 9 6
3 1 2
t 52 60
m0 8 2
1 6 14
2 9 7
3 0 2
t 51 60
m0 7 2
1 6 13
2 8 7
3 0 1
t 50 60
m0 6 2
1 6 14
2 7 7
3 0 2
t 49 60
m0 6 2
1 7 14
2 8 7
3 0 3
t 48 60
m0 6 2
1 6 14
2 9 7
3 0 2
t 47 60
m0 7 2
1 6 13
2 9 6
3 0 3
t 46 60
m0 6 2
1 5 13
2 9 7
3 0 2
t 45 60
m0 7 2
1 5 14
2 9 6
3 0 3
t 44 60
m0 6 2
1 5 13
2 8 6
3 0 2
t 43 60
m0 6 2
1 5 14
2 8 5
3 1 2
t 42 60
m0 6 2
1 6 14
2 8 6
3 2 2
t 41 60
m0 7 2
1 5 14
2 8 5
3 3 2
t 40 60
m0 7 2
1 6 14
2 8 6
3 2 2
t 39 60
m0 7 2
1 7 14
2 7 6
3 2 3
t 38 60
m0 6 2
1 8 14
2 7 5
3 2 2
t 37 60
m0 6 2
1 8 13
2 6 5
3 3 2
t 36 60
m0 7 2
1 8 14
2 6 4
3 3 1
t 35 60
m0 8 2
1 8 13
2 6 5
3 4 1
t 34 60
m0 9 2
1 8 14
2 7 5
3 4 0
t 33 60
m0 9 2
1 9 14
2 7 6
3 3 0
t 32 60
m0 9 3
1 9 13
2 7 5
3 3 1
t 31 60
m0 9 2
1 9 14
2 8 5
3 3 2
t 30 60
m0 9 2
1 8 14
2 7 5
3 3 1
t 29 60
m0 9 2
1 8 13
2 8 5
3 3 2
t 28 60
m0 9 2
1 8 14
2 8 6
3 3 1
t 27 60
m0 9 2
1 9 14
2 7 6
3 4 1
t 26 60
m0 9 3
1 9 13
2 7 5
3 3 1
t 25 60
m0 9 2
1 9 14
2 6 5
3 3 2
t 24 60
m0 9 3
1 9 13
2 6 4
3 3 3
t 23 60
m0 9 2
1 9 14
2 6 5
3 3 2
t 22 60
m0 9 3
1 9 13
2 7 5
3 3 1
t 21 60
m0 9 2
1 9 12
2 6 5
3 3 0
t 20 60
m0 9 3
1 8 12
2 5 5
3 2 0
t 19 60
m0 9 4
1 9 12
2 4 5
3 3 0
t 18 60
m0 9 4
1 8 12
2 3 5
3 2 0
t 17 60
m0 9 4
1 9 12
2 4 5
3 3 0
t 16 60
m0 9 4
1 9 13
2 5 5
3 2 0
t 15 60
m0 9 4
1 8 13
2 6 5
3 3 0
t 14 60
m0 9 3
1 9 13
2 5 5
3 2 0
t 13 60
m0 9 4
1 9 14
2 5 6
3 3 0
t 12 60
m0 9 4
1 9 13
2 5 7
3 2 0
t 11 60
m0 9 4
1 9 14
2 5 8
3 3 0
t 10 60
m0 9 4
1 9 13
2 5 9
3 3 1
t 9 60
m0 9 4
1 9 12
2 4 9
3 3 0
t 8 60
m0 9 4
1 9 13
2 4 10
3 2 0
t 7 60
m0 9 4
1 9 14
2 4 9
3 3 0
t 6 60
m0 9 4
1 9 13
2 5 9
3 2 0
t 5 60
m0 9 4
1 9 12
2 5 8
3 3 0
t 4 60
m0 9 4
1 9 13
2 6 8
3 4 0
t 3 60
m0 9 4
1 9 12
2 5 8
3 4 1
t 2 60
m0 9 4
1 9 13
2 5 9
3 4 0
t 1 60
m0 9 4
1 9 13
2 5 9
3 4 0
t 0 60
