10
15
w 7 3
w 6 9
w 6 6
w 3 0
w 9 8
w 4 12
w 7 11
w 2 5
w 5 1
w 0 3
w 5 8
w 4 0
w 5 5
w 1 5
w 2 13
w 5 0
w 1 1
w 3 2
w 2 6
w 9 14
w 7 1
w 4 14
w 1 9
w 8 7
w 6 12
w 3 5
w 7 9
w 1 12
w 9 2
w 2 11
w 9 9
w 5 14
w 3 8
w 1 7
w 3 4
w 9 12
w 8 4
p 5 9
p 8 13
p 4 8
p 2 8
p 0 2
p 8 0
p 5 13
p 3 11
p 2 1
p 7 7
p 6 2
p 2 12
p 3 7
p 1 11
p 3 14
p 7 2
p 8 14
p 6 7
p 3 3
p 8 1
p 4 4
p 1 14
p 8 10
p 0 11
p 9 11
p 3 6
p 0 4
p 8 6
p 4 1
p 4 10
p 0 0
p 8 2
p 5 11
p 6 11
p 1 13
p 2 10
p 0 12
p 9 10
p 3 9
p 0 5
p 2 14
p 0 8
p 9 6
p 5 3
p 2 7
p 9 13
p 8 3
p 7 8
p 3 12
p 5 10
p 7 13
p 0 6
p 4 3
p 9 5
p 5 2
p 2 4
m0 0 14
1 9 0
2 9 0
3 9 0
t 300 0
m0 0 14
1 8 0
2 9 1
3 8 0
t 299 0
m0 0 14
1 8 1
2 8 1
3 7 0
t 298 0
m0 0 14
1 9 1
2 8 2
3 6 0
t 297 0
m0 0 14
1 8 1
2 7 2
3 6 1
t 296 0
m0 0 14
1 8 2
2 8 2
3 6 2
t 295 0
m0 0 14
1 8 3
2 7 2
3 6 3
f 0 7
t 294 0
m0 0 14
1 8 2
2 6 2
3 5 3
t 293 0
m0 0 14
1 8 1
2 5 2
3 5 4
t 292 0
m0 0 14
1 8 2
2 5 3
3 4 4
t 291 0
m0 0 14
1 8 3
2 6 3
3 5 4
t 290 0
m0 0 14
1 9 3
2 6 2
3 4 4
t 289 0
m0 0 14
1 9 4
2 6 1
3 4 3
t 288 0
m0 0 14
1 9 3
2 6 0
3 3 3
t 287 0
m0 0 14
1 8 3
2 6 1
3 2 3
t 286 0
m0 0 14
1 8 2
2 6 2
3 3 3
t 285 0
m0 0 14
1 8 1
2 6 3
3 2 3
t 284 0
m0 0 14
1 8 2
2 5 3
3 1 3
t 283 0
m0 0 14
1 7 2
2 6 3
3 1 4
t 282 0
m0 0 14
1 6 2
2 5 3
3 2 4
t 281 0
m0 0 14
1 6 3
2 6 3
3 2 3
t 280 0
m0 0 14
1 5 3
2 5 3
3 3 3
t 279 0
m0 0 14
1 6 3
2 6 3
3 4 3
t 278 0
m0 0 14
1 6 4
2 6 4
3 5 3
t 277 0
m0 0 14
1 7 4
2 6 3
3 5 4
t 276 0
m0 0 14
1 7 5
2 5 3
3 6 4
t 275 0
m0 0 14
1 8 5
2 6 3
3 6 3
t 274 0
m0 0 14
1 8 6
2 6 2
3 6 2
t 273 0
m0 0 14
1 7 6
2 5 2
3 6 1
t 272 0
m0 0 14
1 8 6
2 6 2
3 6 2
t 271 0
m0 0 14
1 8 5
2 7 2
3 7 2
t 270 0
m0 0 14
1 7 5
2 8 2
3 8 2
t 269 0
m0 0 14
1 8 5
2 8 1
3 7 2
t 268 0
m0 0 14
1 9 5
2 8 2
3 6 2
t 267 0
m0 0 14
1 9 4
2 8 3
3 6 3
t 266 0
m0 0 14
1 9 5
2 8 2
3 5 3
t 265 0
m0 0 14
1 9 6
2 7 2
3 6 3
t 264 0
m0 0 14
1 9 5
2 6 2
3 6 2
t 263 0
m0 0 14
1 8 5
2 7 2
3 7 2
t 262 0
m0 0 14
1 9 5
2 8 2
3 8 2
t 261 0
m0 0 14
1 9 6
2 8 3
3 8 3
t 260 0
m0 0 14
1 9 7
2 8 2
3 8 2
t 259 0
m0 0 14
1 9 6
2 8 3
3 8 3
t 258 0
m0 0 14
1 9 7
2 9 3
3 8 2
t 257 0
m0 0 14
1 9 6
2 9 4
3 8 1
t 256 0
m0 0 14
1 9 7
2 9 3
3 9 1
t 255 0
m0 0 14
1 9 6
2 9 4
3 8 1
t 254 0
m0 0 14
1 9 7
2 9 5
3 8 2
t 253 0
m0 0 14
1 9 6
2 9 6
3 7 2
t 252 0
m0 0 14
1 9 5
2 9 5
3 8 2
t 251 0
m0 0 14
1 9 4
2 9 4
3 8 3
t 250 0
m0 0 14
1 9 3
2 9 3
3 9 3
t 249 0
m0 0 14
1 9 4
2 8 3
3 9 4
t 248 0
m0 0 14
1 9 5
2 8 2
3 9 5
t 247 0
m0 0 14
1 9 6
2 8 3
3 8 5
t 246 0
m0 0 14
1 9 5
2 9 3
3 9 5
t 245 0
m0 0 14
1 9 6
2 9 4
3 9 4
t 244 0
m0 0 14
1 8 6
2 9 3
3 9 5
t 243 0
m0 0 14
1 9 6
2 9 4
3 9 6
t 242 0
m0 0 14
1 9 7
2 9 3
3 9 7
t 241 0
m0 0 14
1 9 6
2 9 4
3 9 6
t 240 0
m0 0 14
1 8 6
2 9 3
3 8 6
t 239 0
m0 0 14
1 7 6
2 9 4
3 7 6
t 238 0
m0 0 14
1 8 6
2 9 3
3 8 6
t 237 0
m0 0 14
1 7 6
2 9 4
3 8 5
t 236 0
m0 0 14
1 8 6
2 9 5
3 8 6
t 235 0
m0 0 14
1 8 5
2 9 4
3 7 6
t 234 0
m0 0 14
1 8 6
2 9 5
3 8 6
t 233 0
m0 0 14
1 8 5
2 9 6
3 8 5
t 232 0
m0 0 14
1 8 6
2 9 5
3 8 6
t 231 0
m0 0 14
1 9 6
2 9 4
3 7 6
t 230 0
m0 0 14
1 9 5
2 9 3
3 7 7
t 229 0
m0 0 14
1 8 5
2 9 4
3 7 8
t 228 0
m0 0 14
1 8 6
2 9 5
3 7 7
t 227 0
m0 0 14
1 7 6
2 9 4
3 7 6
t 226 0
m0 0 14
1 7 7
2 9 5
3 7 7
t 225 0
m0 0 14
1 7 6
2 9 6
3 6 7
t 224 0
m0 0 14
1 7 7
2 9 5
3 6 8
t 223 0
m0 0 14
1 7 8
2 9 6
3 7 8
t 222 0
m0 0 14
1 8 8
2 9 5
3 7 7
t 221 0
m0 0 14
1 7 8
2 9 6
3 7 6
t 220 0
m0 0 14
1 6 8
2 9 7
3 8 6
t 219 0
m0 0 14
1 7 8
2 9 6
3 7 6
t 218 0
m0 0 14
1 6 8
2 8 6
3 8 6
t 217 0
m0 0 14
1 7 8
2 9 6
3 7 6
t 216 0
m0 0 14
1 7 7
2 9 7
3 7 7
t 215 0
m0 0 14
1 7 6
2 9 6
3 6 7
t 214 0
m0 0 14
1 8 6
2 9 7
3 6 8
t 213 0
m0 0 14
1 9 6
2 9 6
3 7 8
t 212 0
m0 0 14
1 9 7
2 9 5
3 6 8
t 211 0
m0 0 14
1 9 6
2 9 6
3 6 7
t 210 0
m0 0 14
1 9 5
2 9 7
3 6 8
t 209 0
m0 0 14
1 9 4
2 9 6
3 7 8
t 208 0
m0 0 14
1 9 5
2 9 7
3 8 8
t 207 0
m0 0 14
1 8 5
2 9 6
3 8 9
t 206 0
m0 0 14
1 8 6
2 9 7
3 8 8
t 205 0
m0 0 14
1 8 5
2 9 6
3 7 8
t 204 0
m0 0 14
1 9 5
2 8 6
3 8 8
t 203 0
m0 0 14
1 9 6
2 8 5
3 8 9
t 202 0
m0 0 14
1 8 6
2 8 6
3 8 8
t 201 0
m0 0 14
1 7 6
2 9 6
3 8 9
t 200 0
m0 0 14
1 7 7
2 9 7
3 8 10
t 199 0
m0 0 14
1 6 7
2 9 6
3 9 10
t 198 0
m0 0 14
1 6 8
2 9 5
3 9 11
t 197 0
m0 0 14
1 6 7
2 8 5
3 8 11
t 196 0
m0 0 14
1 6 8
2 7 5
3 8 10
t 195 0
m0 0 14
1 6 7
2 8 5
3 8 11
t 194 0
m0 0 14
1 7 7
2 8 6
3 8 12
t 193 0
m0 0 14
1 7 6
2 8 5
3 8 11
t 192 0
m0 0 14
1 8 6
2 7 5
3 8 10
t 191 0
m0 0 14
1 8 5
2 8 5
3 7 10
t 190 0
m0 0 14
1 9 5
2 9 5
3 6 10
t 189 0
m0 0 14
1 9 6
2 9 6
3 6 11
t 188 0
m0 0 14
1 9 7
2 9 7
3 5 11
t 187 0
m0 0 14
1 9 6
2 9 6
3 4 11
t 186 0
m0 0 14
1 9 5
2 8 6
3 3 11
t 185 0
m0 0 14
1 8 5
2 8 5
3 3 12
t 184 0
m0 0 14
1 8 6
2 7 5
3 3 13
t 183 0
m0 0 14
1 9 6
2 6 5
3 3 14
t 182 0
m0 0 13
1 8 6
2 6 4
3 2 14
t 181 0
m0 0 12
1 7 6
2 7 4
3 3 14
t 180 1
m0 0 11
1 8 6
2 7 5
3 3 13
t 179 2
m0 0 10
1 8 5
2 6 5
3 3 12
t 178 2
m0 0 9
1 8 6
2 7 5
3 3 11
t 177 2
m0 0 8
1 8 5
2 7 4
3 3 10
t 176 3
m0 0 7
1 8 6
2 7 5
3 3 9
t 175 13
m0 0 6
1 9 6
2 7 6
3 2 9
t 174 14
m0 0 5
1 9 7
2 7 5
3 2 8
t 173 15
m0 0 4
1 9 6
2 7 4
3 1 8
t 172 16
m0 0 4
1 9 5
2 6 4
3 0 8
t 171 16
m0 1 4
1 8 5
2 7 4
3 0 7
t 170 16
m0 2 4
1 7 5
2 6 4
3 0 6
t 169 17
m0 2 3
1 7 4
2 6 3
3 1 6
t 168 17
m0 2 2
1 6 4
2 6 4
3 0 6
f 4 5
t 167 17
m0 2 1
1 6 3
2 5 4
3 1 6
t 166 18
m0 2 0
1 6 2
2 5 3
3 0 6
t 165 18
m0 1 0
1 6 1
2 5 2
3 1 6
t 164 18
m0 0 0
1 6 0
2 6 2
3 0 6
t 163 19
m0 0 0
1 6 1
2 6 1
3 0 5
t 162 19
m0 1 0
1 6 0
2 6 2
3 0 4
t 161 19
m0 1 0
1 7 0
2 6 1
3 0 5
t 160 19
m0 1 0
1 6 0
2 6 0
3 0 4
t 159 19
m0 1 0
1 7 0
2 7 0
3 1 4
t 158 19
m0 2 0
1 6 0
2 6 0
3 1 3
t 157 19
m0 2 0
1 6 1
2 6 1
3 1 2
t 156 19
m0 2 0
1 6 2
2 6 0
3 2 2
t 155 19
m0 1 0
1 6 1
2 7 0
3 1 2
t 154 19
m0 2 0
1 6 0
2 6 0
3 2 2
t 153 19
m0 1 0
1 7 0
2 6 1
3 1 2
t 152 19
m0 2 0
1 6 0
2 6 0
3 2 2
t 151 19
m0 1 0
1 7 0
2 7 0
3 2 1
t 150 19
m0 0 0
1 6 0
2 6 0
3 2 0
t 149 19
m0 0 1
1 6 1
2 6 1
3 2 1
t 148 19
m0 0 0
1 6 0
2 6 0
3 2 0
t 147 19
m0 0 1
1 6 1
2 7 0
3 1 0
t 146 19
m0 0 2
1 6 2
2 6 0
3 0 0
t 145 20
m0 1 2
1 6 1
2 7 0
3 1 0
t 144 20
m0 2 2
1 6 0
2 6 0
3 2 0
t 143 20
m0 1 2
1 6 1
2 6 1
3 1 0
t 142 20
m0 2 2
1 6 0
2 6 2
3 2 0
t 141 20
m0 1 2
1 6 1
2 6 3
3 1 0
t 140 20
m0 2 2
1 6 0
2 5 3
3 2 0
t 139 20
m0 1 2
1 6 1
2 5 2
3 2 1
t 138 20
m0 0 2
1 6 2
2 6 2
3 2 2
t 137 20
m0 0 1
1 6 1
2 6 1
3 1 2
t 136 20
m0 0 0
1 6 2
2 6 0
3 0 2
t 135 20
m0 1 0
1 6 1
2 7 0
3 0 1
t 134 20
m0 2 0
1 6 0
2 6 0
3 0 0
t 133 20
m0 2 1
1 6 1
2 7 0
3 0 1
t 132 20
m0 3 1
1 6 2
2 6 0
3 0 0
t 131 20
m0 3 1
1 6 1
2 6 1
3 0 1
t 130 20
m0 3 1
1 6 0
2 6 0
3 0 0
t 129 20
m0 3 1
1 6 1
2 6 1
3 1 0
t 128 20
m0 3 1
1 6 0
2 6 0
3 2 0
t 127 20
m0 4 1
1 6 1
2 6 1
3 2 1
t 126 21
m0 4 2
1 6 2
2 6 2
3 3 1
t 125 21
m0 4 3
1 5 2
2 6 3
3 4 1
t 124 22
m0 3 3
1 5 3
2 5 3
3 3 1
t 123 23
m0 2 3
1 4 3
2 4 3
3 2 1
t 122 23
m0 1 3
1 5 3
2 3 3
3 2 2
t 121 23
m0 1 4
1 4 3
2 2 3
3 2 3
t 120 23
m0 0 4
1 5 3
2 1 3
3 2 4
t 119 23
m0 0 5
1 4 3
2 1 4
3 1 4
t 118 23
m0 0 6
1 4 4
2 0 4
3 0 4
t 117 23
m0 1 6
1 4 5
2 0 5
3 0 5
t 116 23
m0 1 6
1 4 6
2 0 6
3 0 6
t 115 23
m0 -5 -5
1 3 6
2 1 6
3 1 6
t 114 23
