10
15
w 5 9
w 9 1
w 5 6
w 3 0
w 7 12
w 2 8
w 3 11
w 4 0
w 8 14
w 6 7
w 1 14
w 8 10
w 3 6
w 2 2
w 1 10
w 8 6
w 7 14
w 5 4
w 9 14
w 3 13
w 6 0
w 4 14
w 9 10
w 6 12
w 4 2
w 8 3
w 5 10
w 7 0
w 1 12
w 8 12
w 6 1
w 5 14
w 2 0
w 1 7
w 3 4
w 2 4
w 8 4
p 4 7
p 1 3
p 9 8
p 8 9
p 1 6
p 9 4
p 2 5
p 1 11
p 7 2
p 6 14
p 1 2
p 9 0
p 3 3
p 2 9
p 7 6
p 6 10
p 6 3
p 4 13
p 0 11
p 9 11
p 2 13
p 5 0
p 0 4
p 7 10
p 4 10
p 0 0
p 7 1
p 4 5
p 9 3
p 1 4
p 2 10
p 0 12
p 3 9
p 2 3
p 1 9
p 1 0
p 0 8
p 9 6
p 4 11
p 5 3
p 2 7
p 0 1
p 3 5
p 7 8
p 6 8
p 4 6
p 3 1
p 5 7
p 9 9
p 0 13
p 3 8
p 7 4
p 8 8
p 9 5
p 5 2
p 9 12
m0 0 14
1 9 0
2 9 0
3 9 0
t 300 0
m0 0 13
1 8 0
2 8 0
3 8 0
t 299 1
m0 0 12
1 9 0
2 9 0
3 9 0
t 298 2
m0 0 11
1 8 0
2 8 0
3 8 0
t 297 3
m0 1 11
1 9 0
2 9 0
3 9 0
t 296 4
m0 2 11
1 8 0
2 8 0
3 8 0
f 0 2
t 295 4
m0 2 10
1 9 0
2 9 0
3 9 0
t 294 5
m0 2 9
1 8 0
2 8 0
3 8 0
t 293 6
m0 3 9
1 9 0
2 9 0
3 9 0
t 292 7
m0 3 8
1 8 0
2 8 0
3 8 0
t 291 8
m0 4 8
1 9 0
2 9 0
3 9 0
t 290 8
m0 4 7
1 8 0
2 8 0
3 8 0
t 289 9
m0 5 7
1 9 0
2 9 0
3 9 0
t 288 10
m0 4 7
1 8 0
2 8 0
3 8 0
t 287 10
m0 4 6
1 9 0
2 9 0
3 9 0
t 286 11
m0 4 5
1 8 0
2 8 0
3 8 0
t 285 12
m0 3 5
1 9 0
2 9 0
3 9 0
t 284 13
m0 2 5
1 8 0
2 8 0
3 8 0
t 283 14
m0 3 5
1 9 0
2 9 0
3 9 0
t 282 14
m0 4 5
1 8 0
2 8 0
3 8 0
t 281 14
m0 5 5
1 9 0
2 9 0
3 9 0
t 280 14
m0 6 5
1 8 0
2 8 0
3 8 0
t 279 14
m0 7 5
1 9 0
2 9 0
3 9 0
t 278 14
m0 7 4
1 8 0
2 8 0
3 8 0
t 277 15
m0 7 3
1 9 0
2 9 0
3 9 0
t 276 15
m0 7 2
1 8 0
2 8 0
3 8 0
t 275 16
m0 7 1
1 9 0
2 9 0
3 9 0
t 274 17
m0 8 1
1 8 0
2 8 0
3 8 0
t 273 17
m0 -5 -5
1 8 0
2 8 0
3 8 0
t 272 17
