10
15
w 6 9
w 8 0
w 5 13
w 3 11
w 8 9
w 2 12
w 2 5
w 0 3
w 8 5
w 3 14
w 4 0
w 8 10
w 5 0
w 2 2
w 9 7
w 6 4
w 5 4
w 9 14
w 5 11
w 8 11
w 3 9
w 2 3
w 6 12
w 4 2
w 2 14
w 0 1
w 9 13
w 8 3
w 9 2
w 5 7
w 0 13
w 7 13
w 3 8
w 1 8
w 6 13
w 9 5
w 5 2
p 5 9
p 8 13
p 6 6
p 4 8
p 2 8
p 9 8
p 3 0
p 5 6
p 7 7
p 0 7
p 6 2
p 9 4
p 5 1
p 7 11
p 7 2
p 6 14
p 1 2
p 8 14
p 6 7
p 4 9
p 2 9
p 6 10
p 1 14
p 0 11
p 2 13
p 9 11
p 3 6
p 8 6
p 4 10
p 7 14
p 0 0
p 3 2
p 8 2
p 9 3
p 6 0
p 4 14
p 9 10
p 7 5
p 0 5
p 1 9
p 8 7
p 0 8
p 6 5
p 5 3
p 2 7
p 7 0
p 6 8
p 8 12
p 9 9
p 7 4
p 0 6
p 5 14
p 8 8
p 0 9
p 2 4
p 9 12
m0 0 14
1 9 0
2 9 0
3 9 0
t 300 0
m0 0 14
1 9 1
2 9 1
3 9 1
t 299 0
m0 1 14
1 9 0
2 9 0
3 9 0
t 298 1
m0 0 14
1 9 1
2 9 1
3 9 1
t 297 1
m0 1 14
1 9 0
2 9 0
3 9 0
t 296 1
m0 1 14
1 9 1
2 9 1
3 9 1
f 4 11
t 295 1
m0 0 14
1 9 0
2 9 0
3 9 0
t 294 1
m0 0 14
1 9 1
2 9 1
3 9 1
t 293 1
m0 1 14
1 9 0
2 9 0
3 9 0
t 292 1
m0 0 14
1 9 1
2 9 1
3 9 1
t 291 1
m0 0 14
1 9 0
2 9 0
3 9 0
t 290 1
m0 1 14
1 9 1
2 9 1
3 9 1
t 289 1
m0 1 14
1 9 0
2 9 0
3 9 0
t 288 1
m0 0 14
1 9 1
2 9 1
3 9 1
t 287 1
m0 0 14
1 9 0
2 9 0
3 9 0
t 286 1
m0 0 14
1 9 1
2 9 1
3 9 1
t 285 1
m0 0 14
1 9 0
2 9 0
3 9 0
t 284 1
m0 0 14
1 9 1
2 9 1
3 9 1
t 283 1
m0 1 14
1 9 0
2 9 0
3 9 0
t 282 1
m0 1 13
1 9 1
2 9 1
3 9 1
t 281 1
m0 2 13
1 9 0
2 9 0
3 9 0
t 280 2
m0 2 13
1 9 1
2 9 1
3 9 1
t 279 2
m0 2 13
1 9 0
2 9 0
3 9 0
t 278 2
m0 2 13
1 9 1
2 9 1
3 9 1
t 277 2
m0 3 13
1 9 0
2 9 0
3 9 0
t 276 2
m0 2 13
1 9 1
2 9 1
3 9 1
t 275 2
m0 2 13
1 9 0
2 9 0
3 9 0
t 274 2
m0 2 13
1 9 1
2 9 1
3 9 1
t 273 2
m0 2 13
1 9 0
2 9 0
3 9 0
t 272 2
m0 2 13
1 9 1
2 9 1
3 9 1
t 271 2
m0 1 13
1 9 0
2 9 0
3 9 0
t 270 2
m0 2 13
1 9 1
2 9 1
3 9 1
t 269 2
m0 2 13
1 9 0
2 9 0
3 9 0
t 268 2
m0 2 13
1 9 1
2 9 1
3 9 1
t 267 2
m0 2 13
1 9 0
2 9 0
3 9 0
t 266 2
m0 2 13
1 9 1
2 9 1
3 9 1
t 265 2
m0 2 13
1 9 0
2 9 0
3 9 0
t 264 2
m0 2 13
1 9 1
2 9 1
3 9 1
t 263 2
m0 2 13
1 9 0
2 9 0
3 9 0
t 262 2
m0 2 13
1 9 1
2 9 1
3 9 1
t 261 2
m0 2 13
1 9 0
2 9 0
3 9 0
t 260 2
m0 2 13
1 9 1
2 9 1
3 9 1
t 259 2
m0 2 13
1 9 0
2 9 0
3 9 0
t 258 2
m0 2 13
1 9 1
2 9 1
3 9 1
t 257 2
m0 2 13
1 9 0
2 9 0
3 9 0
t 256 2
m0 2 13
1 9 1
2 9 1
3 9 1
t 255 2
m0 2 13
1 9 0
2 9 0
3 9 0
t 254 2
m0 2 13
1 9 1
2 9 1
3 9 1
t 253 2
m0 2 13
1 9 0
2 9 0
3 9 0
t 252 2
m0 2 13
1 9 1
2 9 1
3 9 1
t 251 2
m0 2 13
1 9 0
2 9 0
3 9 0
t 250 2
m0 2 13
1 9 1
2 9 1
3 9 1
t 249 2
m0 2 13
1 9 0
2 9 0
3 9 0
t 248 2
m0 2 13
1 9 1
2 9 1
3 9 1
t 247 2
m0 2 13
1 9 0
2 9 0
3 9 0
t 246 2
m0 2 13
1 9 1
2 9 1
3 9 1
t 245 2
m0 2 13
1 9 0
2 9 0
3 9 0
t 244 2
m0 2 13
1 9 1
2 9 1
3 9 1
t 243 2
m0 2 13
1 9 0
2 9 0
3 9 0
t 242 2
m0 2 13
1 9 1
2 9 1
3 9 1
t 241 2
m0 2 13
1 9 0
2 9 0
3 9 0
t 240 2
m0 2 13
1 9 1
2 9 1
3 9 1
t 239 2
m0 2 13
1 9 0
2 9 0
3 9 0
t 238 2
m0 2 13
1 9 1
2 9 1
3 9 1
t 237 2
m0 2 13
1 9 0
2 9 0
3 9 0
t 236 2
m0 2 13
1 9 1
2 9 1
3 9 1
t 235 2
m0 2 13
1 9 0
2 9 0
3 9 0
t 234 2
m0 2 13
1 9 1
2 9 1
3 9 1
t 233 2
m0 2 13
1 9 0
2 9 0
3 9 0
t 232 2
m0 2 13
1 9 1
2 9 1
3 9 1
t 231 2
m0 2 13
1 9 0
2 9 0
3 9 0
t 230 2
m0 2 13
1 9 1
2 9 1
3 9 1
t 229 2
m0 2 13
1 9 0
2 9 0
3 9 0
t 228 2
m0 2 13
1 9 1
2 9 1
3 9 1
t 227 2
m0 2 13
1 9 0
2 9 0
3 9 0
t 226 2
m0 2 13
1 9 1
2 9 1
3 9 1
t 225 2
m0 2 13
1 9 0
2 9 0
3 9 0
t 224 2
m0 2 13
1 9 1
2 9 1
3 9 1
t 223 2
m0 2 13
1 9 0
2 9 0
3 9 0
t 222 2
m0 2 13
1 9 1
2 9 1
3 9 1
t 221 2
m0 2 13
1 9 0
2 9 0
3 9 0
t 220 2
m0 2 13
1 9 1
2 9 1
3 9 1
t 219 2
m0 2 13
1 9 0
2 9 0
3 9 0
t 218 2
m0 2 13
1 9 1
2 9 1
3 9 1
t 217 2
m0 2 13
1 9 0
2 9 0
3 9 0
t 216 2
m0 2 13
1 9 1
2 9 1
3 9 1
t 215 2
m0 2 13
1 9 0
2 9 0
3 9 0
t 214 2
m0 2 13
1 9 1
2 9 1
3 9 1
t 213 2
m0 2 13
1 9 0
2 9 0
3 9 0
t 212 2
m0 2 13
1 9 1
2 9 1
3 9 1
t 211 2
m0 2 13
1 9 0
2 9 0
3 9 0
t 210 2
m0 2 13
1 9 1
2 9 1
3 9 1
t 209 2
m0 2 13
1 9 0
2 9 0
3 9 0
t 208 2
m0 2 13
1 9 1
2 9 1
3 9 1
t 207 2
m0 2 13
1 9 0
2 9 0
3 9 0
t 206 2
m0 2 13
1 9 1
2 9 1
3 9 1
t 205 2
m0 2 13
1 9 0
2 9 0
3 9 0
t 204 2
m0 2 13
1 9 1
2 9 1
3 9 1
t 203 2
m0 2 13
1 9 0
2 9 0
3 9 0
t 202 2
m0 2 13
1 9 1
2 9 1
3 9 1
t 201 2
m0 2 13
1 9 0
2 9 0
3 9 0
t 200 2
m0 2 13
1 9 1
2 9 1
3 9 1
t 199 2
m0 2 13
1 9 0
2 9 0
3 9 0
t 198 2
m0 2 13
1 9 1
2 9 1
3 9 1
t 197 2
m0 2 13
1 9 0
2 9 0
3 9 0
t 196 2
m0 2 13
1 9 1
2 9 1
3 9 1
t 195 2
m0 2 13
1 9 0
2 9 0
3 9 0
t 194 2
m0 2 13
1 9 1
2 9 1
3 9 1
t 193 2
m0 2 13
1 9 0
2 9 0
3 9 0
t 192 2
m0 2 13
1 9 1
2 9 1
3 9 1
t 191 2
m0 2 13
1 9 0
2 9 0
3 9 0
t 190 2
m0 2 13
1 9 1
2 9 1
3 9 1
t 189 2
m0 2 13
1 9 0
2 9 0
3 9 0
t 188 2
m0 2 13
1 9 1
2 9 1
3 9 1
t 187 2
m0 2 13
1 9 0
2 9 0
3 9 0
t 186 2
m0 2 13
1 9 1
2 9 1
3 9 1
t 185 2
m0 3 13
1 9 0
2 9 0
3 9 0
t 184 2
m0 3 12
1 9 1
2 9 1
3 9 1
t 183 2
m0 3 12
1 9 0
2 9 0
3 9 0
t 182 2
m0 3 12
1 9 1
2 9 1
3 9 1
t 181 2
m0 3 12
1 9 0
2 9 0
3 9 0
t 180 2
m0 3 12
1 9 1
2 9 1
3 9 1
t 179 2
m0 3 12
1 9 0
2 9 0
3 9 0
t 178 2
m0 3 12
1 9 1
2 9 1
3 9 1
t 177 2
m0 3 12
1 9 0
2 9 0
3 9 0
t 176 2
m0 3 12
1 9 1
2 9 1
3 9 1
t 175 2
m0 3 12
1 9 0
2 9 0
3 9 0
t 174 2
m0 3 12
1 9 1
2 9 1
3 9 1
t 173 2
m0 3 12
1 9 0
2 9 0
3 9 0
t 172 2
m0 3 12
1 9 1
2 9 1
3 9 1
t 171 2
m0 3 12
1 9 0
2 9 0
3 9 0
t 170 2
m0 3 12
1 9 1
2 9 1
3 9 1
t 169 2
m0 3 12
1 9 0
2 9 0
3 9 0
t 168 2
m0 3 12
1 9 1
2 9 1
3 9 1
t 167 2
m0 3 12
1 9 0
2 9 0
3 9 0
t 166 2
m0 3 12
1 9 1
2 9 1
3 9 1
t 165 2
m0 3 12
1 9 0
2 9 0
3 9 0
t 164 2
m0 3 12
1 9 1
2 9 1
3 9 1
t 163 2
m0 3 12
1 9 0
2 9 0
3 9 0
t 162 2
m0 3 12
1 9 1
2 9 1
3 9 1
t 161 2
m0 3 12
1 9 0
2 9 0
3 9 0
t 160 2
m0 3 12
1 9 1
2 9 1
3 9 1
t 159 2
m0 3 12
1 9 0
2 9 0
3 9 0
t 158 2
m0 3 12
1 9 1
2 9 1
3 9 1
t 157 2
m0 3 12
1 9 0
2 9 0
3 9 0
t 156 2
m0 3 12
1 9 1
2 9 1
3 9 1
t 155 2
m0 3 12
1 9 0
2 9 0
3 9 0
t 154 2
m0 3 12
1 9 1
2 9 1
3 9 1
t 153 2
m0 3 12
1 9 0
2 9 0
3 9 0
t 152 2
m0 3 12
1 9 1
2 9 1
3 9 1
t 151 2
m0 3 12
1 9 0
2 9 0
3 9 0
t 150 2
m0 3 12
1 9 1
2 9 1
3 9 1
t 149 2
m0 3 12
1 9 0
2 9 0
3 9 0
t 148 2
m0 3 12
1 9 1
2 9 1
3 9 1
t 147 2
m0 3 12
1 9 0
2 9 0
3 9 0
t 146 2
m0 3 12
1 9 1
2 9 1
3 9 1
t 145 2
m0 3 12
1 9 0
2 9 0
3 9 0
t 144 2
m0 3 12
1 9 1
2 9 1
3 9 1
t 143 2
m0 3 12
1 9 0
2 9 0
3 9 0
t 142 2
m0 4 12
1 9 1
2 9 1
3 9 1
t 141 2
m0 4 11
1 9 0
2 9 0
3 9 0
t 140 12
m0 4 11
1 9 1
2 9 1
3 9 1
t 139 12
m0 4 11
1 9 0
2 9 0
3 9 0
t 138 12
m0 4 11
1 9 1
2 9 1
3 9 1
t 137 12
m0 4 12
1 9 0
2 9 0
3 9 0
t 136 22
m0 5 12
1 9 1
2 9 1
3 9 1
t 135 22
m0 5 12
1 9 0
2 9 0
3 9 0
t 134 22
m0 5 12
1 9 1
2 9 1
3 9 1
t 133 22
m0 5 12
1 9 0
2 9 0
3 9 0
f 6 1
t 132 22
m0 5 12
1 9 1
2 9 1
3 9 1
t 131 22
m0 5 12
1 9 0
2 9 0
3 9 0
t 130 22
m0 5 12
1 9 1
2 9 1
3 9 1
t 129 22
m0 5 12
1 9 0
2 9 0
3 9 0
t 128 22
m0 5 12
1 9 1
2 9 1
3 9 1
t 127 22
m0 5 12
1 9 0
2 9 0
3 9 0
t 126 22
m0 5 12
1 9 1
2 9 1
3 9 1
t 125 22
m0 5 12
1 9 0
2 9 0
3 9 0
t 124 22
m0 5 12
1 9 1
2 9 1
3 9 1
t 123 22
m0 5 12
1 9 0
2 9 0
3 9 0
t 122 22
m0 5 12
1 9 1
2 9 1
3 9 1
t 121 22
m0 5 12
1 9 0
2 9 0
3 9 0
t 120 22
m0 5 12
1 9 1
2 9 1
3 9 1
t 119 22
m0 5 12
1 9 0
2 9 0
3 9 0
t 118 22
m0 5 12
1 9 1
2 9 1
3 9 1
t 117 22
m0 5 12
1 9 0
2 9 0
3 9 0
t 116 22
m0 5 12
1 9 1
2 9 1
3 9 1
t 115 22
m0 5 12
1 9 0
2 9 0
3 9 0
t 114 22
m0 5 12
1 9 1
2 9 1
3 9 1
t 113 22
m0 5 12
1 9 0
2 9 0
3 9 0
t 112 22
m0 5 12
1 9 1
2 9 1
3 9 1
t 111 22
m0 5 12
1 9 0
2 9 0
3 9 0
t 110 22
m0 5 12
1 9 1
2 9 1
3 9 1
t 109 22
m0 5 12
1 9 0
2 9 0
3 9 0
t 108 22
m0 5 12
1 9 1
2 9 1
3 9 1
t 107 22
m0 5 12
1 9 0
2 9 0
3 9 0
t 106 22
m0 5 12
1 9 1
2 9 1
3 9 1
t 105 22
m0 5 12
1 9 0
2 9 0
3 9 0
t 104 22
m0 5 12
1 9 1
2 9 1
3 9 1
t 103 22
m0 5 12
1 9 0
2 9 0
3 9 0
t 102 22
m0 5 12
1 9 1
2 9 1
3 9 1
t 101 22
m0 5 12
1 9 0
2 9 0
3 9 0
t 100 22
m0 5 12
1 9 1
2 9 1
3 9 1
t 99 22
m0 5 12
1 9 0
2 9 0
3 9 0
t 98 22
m0 5 12
1 9 1
2 9 1
3 9 1
t 97 22
m0 5 12
1 9 0
2 9 0
3 9 0
t 96 22
m0 5 12
1 9 1
2 9 1
3 9 1
t 95 22
m0 5 12
1 9 0
2 9 0
3 9 0
t 94 22
m0 5 12
1 9 1
2 9 1
3 9 1
t 93 22
m0 5 12
1 9 0
2 9 0
3 9 0
t 92 22
m0 5 12
1 9 1
2 9 1
3 9 1
t 91 22
m0 5 12
1 9 0
2 9 0
3 9 0
t 90 22
m0 5 12
1 9 1
2 9 1
3 9 1
t 89 22
m0 5 12
1 9 0
2 9 0
3 9 0
t 88 22
m0 5 12
1 9 1
2 9 1
3 9 1
t 87 22
m0 5 12
1 9 0
2 9 0
3 9 0
t 86 22
m0 5 12
1 9 1
2 9 1
3 9 1
t 85 22
m0 5 12
1 9 0
2 9 0
3 9 0
t 84 22
m0 5 12
1 9 1
2 9 1
3 9 1
t 83 22
m0 5 12
1 9 0
2 9 0
3 9 0
t 82 22
m0 5 12
1 9 1
2 9 1
3 9 1
t 81 22
m0 5 12
1 9 0
2 9 0
3 9 0
t 80 22
m0 5 12
1 9 1
2 9 1
3 9 1
t 79 22
m0 5 12
1 9 0
2 9 0
3 9 0
t 78 22
m0 5 12
1 9 1
2 9 1
3 9 1
t 77 22
m0 5 12
1 9 0
2 9 0
3 9 0
t 76 22
m0 5 12
1 9 1
2 9 1
3 9 1
t 75 22
m0 5 12
1 9 0
2 9 0
3 9 0
t 74 22
m0 5 12
1 9 1
2 9 1
3 9 1
t 73 22
m0 5 12
1 9 0
2 9 0
3 9 0
t 72 22
m0 5 12
1 9 1
2 9 1
3 9 1
t 71 22
m0 5 12
1 9 0
2 9 0
3 9 0
t 70 22
m0 5 12
1 9 1
2 9 1
3 9 1
t 69 22
m0 5 12
1 9 0
2 9 0
3 9 0
t 68 22
m0 5 12
1 9 1
2 9 1
3 9 1
t 67 22
m0 5 12
1 9 0
2 9 0
3 9 0
t 66 22
m0 5 12
1 9 1
2 9 1
3 9 1
t 65 22
m0 5 12
1 9 0
2 9 0
3 9 0
t 64 22
m0 5 12
1 9 1
2 9 1
3 9 1
t 63 22
m0 5 12
1 9 0
2 9 0
3 9 0
t 62 22
m0 5 12
1 9 1
2 9 1
3 9 1
t 61 22
m0 5 12
1 9 0
2 9 0
3 9 0
t 60 22
m0 5 12
1 9 1
2 9 1
3 9 1
t 59 22
m0 5 12
1 9 0
2 9 0
3 9 0
t 58 22
m0 5 12
1 9 1
2 9 1
3 9 1
t 57 22
m0 5 12
1 9 0
2 9 0
3 9 0
t 56 22
m0 5 12
1 9 1
2 9 1
3 9 1
t 55 22
m0 5 12
1 9 0
2 9 0
3 9 0
t 54 22
m0 5 12
1 9 1
2 9 1
3 9 1
t 53 22
m0 5 12
1 9 0
2 9 0
3 9 0
t 52 22
m0 5 12
1 9 1
2 9 1
3 9 1
t 51 22
m0 5 12
1 9 0
2 9 0
3 9 0
t 50 22
m0 5 12
1 9 1
2 9 1
3 9 1
t 49 22
m0 5 12
1 9 0
2 9 0
3 9 0
t 48 22
m0 5 12
1 9 1
2 9 1
3 9 1
t 47 22
m0 5 12
1 9 0
2 9 0
3 9 0
t 46 22
m0 5 12
1 9 1
2 9 1
3 9 1
t 45 22
m0 5 12
1 9 0
2 9 0
3 9 0
t 44 22
m0 5 12
1 9 1
2 9 1
3 9 1
t 43 22
m0 5 12
1 9 0
2 9 0
3 9 0
t 42 22
m0 5 12
1 9 1
2 9 1
3 9 1
t 41 22
m0 5 12
1 9 0
2 9 0
3 9 0
t 40 22
m0 5 12
1 9 1
2 9 1
3 9 1
t 39 22
m0 5 12
1 9 0
2 9 0
3 9 0
t 38 22
m0 5 12
1 9 1
2 9 1
3 9 1
t 37 22
m0 5 12
1 9 0
2 9 0
3 9 0
t 36 22
m0 5 12
1 9 1
2 9 1
3 9 1
t 35 22
m0 5 12
1 9 0
2 9 0
3 9 0
t 34 22
m0 5 12
1 9 1
2 9 1
3 9 1
t 33 22
m0 5 12
1 9 0
2 9 0
3 9 0
t 32 22
m0 5 12
1 9 1
2 9 1
3 9 1
t 31 22
m0 5 12
1 9 0
2 9 0
3 9 0
t 30 22
m0 5 12
1 9 1
2 9 1
3 9 1
t 29 22
m0 5 12
1 9 0
2 9 0
3 9 0
t 28 22
m0 5 12
1 9 1
2 9 1
3 9 1
t 27 22
m0 5 12
1 9 0
2 9 0
3 9 0
t 26 22
m0 5 12
1 9 1
2 9 1
3 9 1
t 25 22
m0 5 12
1 9 0
2 9 0
3 9 0
t 24 22
m0 5 12
1 9 1
2 9 1
3 9 1
t 23 22
m0 5 12
1 9 0
2 9 0
3 9 0
t 22 22
m0 5 12
1 9 1
2 9 1
3 9 1
t 21 22
m0 5 12
1 9 0
2 9 0
3 9 0
t 20 22
m0 5 12
1 9 1
2 9 1
3 9 1
t 19 22
m0 5 12
1 9 0
2 9 0
3 9 0
t 18 22
m0 5 12
1 9 1
2 9 1
3 9 1
t 17 22
m0 5 12
1 9 0
2 9 0
3 9 0
t 16 22
m0 5 12
1 9 1
2 9 1
3 9 1
t 15 22
m0 5 12
1 9 0
2 9 0
3 9 0
t 14 22
m0 5 12
1 9 1
2 9 1
3 9 1
t 13 22
m0 5 12
1 9 0
2 9 0
3 9 0
t 12 22
m0 5 12
1 9 1
2 9 1
3 9 1
t 11 22
m0 5 12
1 9 0
2 9 0
3 9 0
t 10 22
m0 5 12
1 9 1
2 9 1
3 9 1
t 9 22
m0 5 12
1 9 0
2 9 0
3 9 0
t 8 22
m0 5 12
1 9 1
2 9 1
3 9 1
t 7 22
m0 5 12
1 9 0
2 9 0
3 9 0
t 6 22
m0 5 12
1 9 1
2 9 1
3 9 1
t 5 22
m0 5 12
1 9 0
2 9 0
3 9 0
t 4 22
m0 5 12
1 9 1
2 9 1
3 9 1
t 3 22
m0 5 12
1 9 0
2 9 0
3 9 0
t 2 22
m0 5 12
1 9 1
2 9 1
3 9 1
t 1 22
m0 5 12
1 9 1
2 9 1
3 9 1
t 0 22
