10
15
w 4 7
w 8 13
w 3 0
w 7 7
w 4 12
w 1 6
w 2 12
w 0 10
w 0 3
w 8 1
w 1 14
w 8 10
w 6 3
w 4 13
w 9 11
w 3 6
w 9 7
w 4 10
w 7 1
w 4 5
w 5 11
w 6 11
w 0 12
w 7 5
w 2 14
w 6 5
w 4 11
w 9 13
w 8 3
w 3 12
w 6 8
w 5 10
w 3 8
w 1 8
w 6 13
w 5 2
w 2 4
p 5 9
p 6 9
p 7 3
p 3 11
p 2 1
p 0 7
p 8 9
p 5 1
p 8 5
p 5 8
p 4 0
p 1 2
p 8 14
p 9 0
p 6 14
p 3 3
p 5 5
p 5 12
p 7 6
p 4 4
p 1 5
p 5 0
p 2 2
p 0 4
p 8 6
p 1 10
p 1 1
p 7 14
p 0 0
p 8 11
p 9 3
p 4 14
p 1 4
p 2 10
p 9 10
p 3 9
p 0 5
p 1 9
p 8 7
p 4 2
p 1 0
p 9 6
p 5 3
p 3 5
p 7 0
p 4 6
p 9 2
p 6 1
p 3 1
p 0 13
p 9 9
p 7 4
p 2 0
p 1 7
p 3 4
p 0 2
m0 0 14
1 9 0
2 9 0
3 9 0
t 300 0
m0 0 13
1 8 0
2 9 1
3 8 0
t 299 1
m0 1 13
1 9 0
2 9 2
3 7 0
t 298 1
m0 2 13
1 8 0
2 9 3
3 6 0
t 297 1
m0 3 13
1 9 0
2 9 4
3 5 0
t 296 1
m0 2 13
1 8 0
2 9 5
3 4 0
t 295 1
m0 3 13
1 9 0
2 8 5
3 4 1
t 294 1
m0 2 13
1 8 0
2 9 5
3 3 1
t 293 1
m0 3 13
1 9 0
2 8 5
3 2 1
t 292 1
m0 3 13
1 8 0
2 9 5
3 1 1
f 4 8
t 291 1
m0 3 14
1 7 0
2 9 6
3 0 1
t 290 1
m0 3 14
1 8 0
2 9 5
3 0 2
t 289 1
m0 3 14
1 7 0
2 9 6
3 0 1
t 288 1
m0 4 14
1 8 0
2 9 5
3 0 2
t 287 2
m0 3 14
1 7 0
2 9 6
3 0 1
t 286 2
m0 3 14
1 8 0
2 9 5
3 0 2
t 285 2
m0 4 14
1 7 0
2 9 6
3 0 1
t 284 2
m0 3 14
1 8 0
2 9 5
3 0 2
t 283 2
m0 3 14
1 7 0
2 9 6
3 0 1
t 282 2
m0 4 14
1 8 0
2 9 5
3 0 2
t 281 2
m0 4 14
1 7 0
2 9 6
3 0 1
t 280 2
m0 5 14
1 8 0
2 9 5
3 0 2
t 279 2
m0 5 13
1 7 0
2 9 6
3 0 1
t 278 2
m0 5 13
1 8 0
2 9 5
3 0 2
t 277 2
m0 5 14
1 7 0
2 9 6
3 0 1
t 276 2
m0 5 14
1 8 0
2 9 5
3 0 2
t 275 2
m0 6 14
1 7 0
2 9 6
3 0 1
t 274 3
m0 5 14
1 8 0
2 9 5
3 0 2
t 273 3
m0 6 14
1 7 0
2 9 6
3 0 1
t 272 3
m0 7 14
1 8 0
2 9 5
3 0 2
t 271 4
m0 8 14
1 7 0
2 9 6
3 0 1
t 270 5
m0 9 14
1 6 0
2 9 5
3 0 2
t 269 5
m0 9 14
1 5 0
2 9 4
3 0 1
t 268 5
m0 8 14
1 6 0
2 9 5
3 0 2
t 267 5
m0 9 14
1 5 0
2 9 4
3 0 1
t 266 5
m0 8 14
1 6 0
2 9 5
3 0 2
t 265 5
m0 7 14
1 5 0
2 9 6
3 0 1
t 264 5
m0 6 14
1 6 0
2 9 5
3 0 2
t 263 5
m0 5 14
1 7 0
2 9 6
3 0 1
t 262 5
m0 4 14
1 8 0
2 9 5
3 0 2
t 261 5
m0 3 14
1 7 0
2 9 6
3 0 1
t 260 5
m0 3 14
1 8 0
2 9 5
3 0 2
t 259 5
m0 3 13
1 7 0
2 9 6
3 0 1
t 258 5
m0 3 14
1 8 0
2 9 5
3 0 2
t 257 5
m0 3 14
1 7 0
2 9 6
3 0 1
t 256 5
m0 4 14
1 8 0
2 9 5
3 0 2
t 255 5
m0 4 14
1 7 0
2 9 6
3 0 1
t 254 5
m0 5 14
1 8 0
2 9 5
3 0 2
t 253 5
m0 5 13
1 7 0
2 9 6
3 0 1
t 252 5
m0 5 13
1 8 0
2 9 5
3 0 2
t 251 5
m0 5 13
1 7 0
2 9 6
3 0 1
t 250 5
m0 5 14
1 8 0
2 9 5
3 0 2
t 249 5
m0 4 14
1 7 0
2 9 6
3 0 1
t 248 5
m0 4 14
1 8 0
2 9 5
3 0 2
t 247 5
m0 4 14
1 7 0
2 9 6
3 0 1
t 246 5
m0 5 14
1 8 0
2 9 5
3 0 2
t 245 5
m0 4 14
1 7 0
2 9 6
3 0 1
t 244 5
m0 5 14
1 8 0
2 9 5
3 0 2
t 243 5
m0 4 14
1 7 0
2 9 6
3 0 1
t 242 5
m0 4 14
1 8 0
2 9 5
3 0 2
t 241 5
m0 4 14
1 7 0
2 9 6
3 0 1
t 240 5
m0 4 14
1 8 0
2 9 5
3 0 2
t 239 5
m0 3 14
1 7 0
2 9 6
3 0 1
t 238 5
m0 3 13
1 8 0
2 9 5
3 0 2
t 237 5
m0 3 14
1 7 0
2 9 6
3 0 1
t 236 5
m0 3 14
1 8 0
2 9 5
3 0 2
t 235 5
m0 4 14
1 7 0
2 9 6
3 0 1
t 234 5
m0 3 14
1 8 0
2 9 5
3 0 2
t 233 5
m0 4 14
1 7 0
2 9 6
3 0 1
t 232 5
m0 5 14
1 8 0
2 9 5
3 0 2
t 231 5
m0 6 14
1 7 0
2 9 6
3 0 1
t 230 5
m0 6 14
1 8 0
2 9 5
3 0 2
t 229 5
m0 7 14
1 7 0
2 9 6
3 0 1
t 228 5
m0 7 13
1 8 0
2 9 5
3 0 2
t 227 5
m0 7 13
1 7 0
2 9 6
3 0 1
t 226 5
m0 7 12
1 8 0
2 9 5
3 0 2
t 225 5
m0 6 12
1 7 0
2 9 6
3 0 1
t 224 5
m0 5 12
1 8 0
2 9 5
3 0 2
t 223 6
m0 5 13
1 7 0
2 9 6
3 0 1
t 222 6
m0 5 13
1 8 0
2 9 5
3 0 2
t 221 6
m0 5 14
1 7 0
2 9 6
3 0 1
t 220 6
m0 4 14
1 8 0
2 9 5
3 0 2
t 219 6
m0 5 14
1 7 0
2 9 6
3 0 1
t 218 6
m0 6 14
1 8 0
2 9 5
3 0 2
t 217 6
m0 7 14
1 7 0
2 9 6
3 0 1
t 216 6
m0 7 14
1 8 0
2 9 5
3 0 2
t 215 6
m0 6 14
1 7 0
2 9 6
3 0 1
t 214 6
m0 5 14
1 8 0
2 9 5
3 0 2
t 213 6
m0 5 14
1 7 0
2 9 6
3 0 1
t 212 6
m0 5 13
1 8 0
2 9 5
3 0 2
t 211 6
m0 5 14
1 7 0
2 9 6
3 0 1
t 210 6
m0 5 14
1 8 0
2 9 5
3 0 2
t 209 6
m0 4 14
1 7 0
2 9 6
3 0 1
t 208 6
m0 4 14
1 8 0
2 9 5
3 0 2
t 207 6
m0 5 14
1 7 0
2 9 6
3 0 1
t 206 6
m0 5 13
1 8 0
2 9 5
3 0 2
t 205 6
m0 5 12
1 7 0
2 9 6
3 0 1
t 204 6
m0 5 12
1 8 0
2 9 5
3 0 2
t 203 6
m0 5 12
1 7 0
2 9 6
3 0 1
t 202 6
m0 6 12
1 8 0
2 9 5
3 0 2
t 201 6
m0 6 12
1 7 0
2 9 6
3 0 1
t 200 6
m0 5 12
1 8 0
2 9 5
3 0 2
t 199 6
m0 6 12
1 7 0
2 9 6
3 0 1
t 198 6
m0 6 12
1 8 0
2 9 5
3 0 2
t 197 6
m0 6 12
1 7 0
2 9 6
3 0 1
t 196 6
m0 6 12
1 8 0
2 9 5
3 0 2
t 195 6
m0 7 12
1 7 0
2 9 6
3 0 1
t 194 6
m0 8 12
1 6 0
2 9 5
3 0 2
t 193 6
m0 8 12
1 5 0
2 9 4
3 0 1
t 192 6
m0 7 12
1 6 0
2 9 5
3 0 2
t 191 6
m0 6 12
1 7 0
2 9 6
3 0 1
t 190 6
m0 7 12
1 8 0
2 9 5
3 0 2
t 189 6
m0 7 13
1 7 0
2 9 6
3 0 1
t 188 6
m0 7 13
1 8 0
2 9 5
3 0 2
t 187 6
m0 7 12
1 7 0
2 9 6
3 0 1
t 186 6
m0 6 12
1 8 0
2 9 5
3 0 2
t 185 6
m0 6 12
1 7 0
2 9 6
3 0 1
t 184 6
m0 6 12
1 8 0
2 9 5
3 0 2
t 183 6
m0 5 12
1 7 0
2 9 6
3 0 1
t 182 6
m0 6 12
1 8 0
2 9 5
3 0 2
t 181 6
m0 6 12
1 7 0
2 9 6
3 0 1
t 180 6
m0 7 12
1 8 0
2 9 5
3 0 2
t 179 6
m0 7 12
1 7 0
2 9 6
3 0 1
t 178 6
m0 6 12
1 8 0
2 9 5
3 0 2
t 177 6
m0 7 12
1 7 0
2 9 6
3 0 1
t 176 6
m0 7 13
1 8 0
2 9 5
3 0 2
t 175 6
m0 7 14
1 7 0
2 9 6
3 0 1
t 174 6
m0 7 13
1 8 0
2 9 5
3 0 2
t 173 6
m0 7 14
1 7 0
2 9 6
3 0 1
t 172 6
m0 6 14
1 8 0
2 9 5
3 0 2
t 171 6
m0 5 14
1 7 0
2 9 6
3 0 1
t 170 6
m0 4 14
1 8 0
2 9 5
3 0 2
t 169 6
m0 5 14
1 7 0
2 9 6
3 0 1
t 168 6
m0 5 14
1 8 0
2 9 5
3 0 2
t 167 6
m0 4 14
1 7 0
2 9 6
3 0 1
t 166 6
m0 4 14
1 8 0
2 9 5
3 0 2
t 165 6
m0 5 14
1 7 0
2 9 6
3 0 1
t 164 6
m0 4 14
1 8 0
2 9 5
3 0 2
t 163 6
m0 3 14
1 7 0
2 9 6
3 0 1
t 162 6
m0 4 14
1 8 0
2 9 5
3 0 2
t 161 6
m0 5 14
1 7 0
2 9 6
3 0 1
t 160 6
m0 6 14
1 8 0
2 9 5
3 0 2
t 159 6
m0 6 14
1 7 0
2 9 6
3 0 1
t 158 6
m0 5 14
1 8 0
2 9 5
3 0 2
t 157 6
m0 5 14
1 7 0
2 9 6
3 0 1
t 156 6
m0 6 14
1 8 0
2 9 5
3 0 2
t 155 6
m0 5 14
1 7 0
2 9 6
3 0 1
t 154 6
m0 6 14
1 8 0
2 9 5
3 0 2
t 153 6
m0 5 14
1 7 0
2 9 6
3 0 1
t 152 6
m0 5 13
1 8 0
2 9 5
3 0 2
t 151 6
m0 5 14
1 7 0
2 9 6
3 0 1
t 150 6
m0 5 13
1 8 0
2 9 5
3 0 2
t 149 6
m0 5 13
1 7 0
2 9 6
3 0 1
t 148 6
m0 5 14
1 8 0
2 9 5
3 0 2
t 147 6
m0 5 14
1 7 0
2 9 6
3 0 1
t 146 6
m0 5 14
1 8 0
2 9 5
3 0 2
t 145 6
m0 6 14
1 7 0
2 9 6
3 0 1
t 144 6
m0 7 14
1 8 0
2 9 5
3 0 2
t 143 6
m0 7 13
1 7 0
2 9 6
3 0 1
t 142 6
m0 7 13
1 8 0
2 9 5
3 0 2
t 141 6
m0 7 13
1 7 0
2 9 6
3 0 1
t 140 6
m0 7 12
1 8 0
2 9 5
3 0 2
t 139 6
m0 8 12
1 7 0
2 9 6
3 0 1
t 138 6
m0 8 11
1 6 0
2 9 5
3 0 2
t 137 7
m0 8 11
1 5 0
2 9 4
3 0 1
t 136 7
m0 7 11
1 6 0
2 9 5
3 0 2
t 135 7
m0 7 10
1 5 0
2 9 4
3 0 1
t 134 7
m0 7 9
1 6 0
2 9 3
3 0 2
t 133 7
m0 7 8
1 5 0
2 9 2
3 0 1
t 132 7
m0 7 8
1 4 0
2 9 3
3 0 2
t 131 7
m0 7 8
1 5 0
2 9 2
3 0 1
t 130 7
m0 8 8
1 4 0
2 9 1
3 0 2
t 129 7
m0 8 8
1 5 0
2 9 2
3 0 1
t 128 7
m0 8 8
1 4 0
2 9 1
3 0 2
t 127 7
m0 7 8
1 5 0
2 9 2
3 0 1
t 126 7
m0 8 8
1 4 0
2 9 1
3 0 2
t 125 7
m0 8 8
1 5 0
2 9 2
3 0 1
t 124 7
m0 8 9
1 4 0
2 9 3
3 0 2
t 123 8
m0 8 8
1 5 0
2 9 2
3 0 1
t 122 8
m0 9 8
1 4 0
2 9 1
3 0 2
t 121 8
m0 8 8
1 5 0
2 9 2
3 0 1
t 120 8
m0 8 9
1 4 0
2 9 3
3 0 2
t 119 8
m0 9 9
1 5 0
2 9 2
3 0 1
t 118 9
m0 9 8
1 4 0
2 9 1
3 0 2
t 117 9
m0 9 8
1 5 0
2 9 2
3 0 1
t 116 9
m0 9 9
1 4 0
2 9 1
3 0 2
t 115 9
m0 9 9
1 5 0
2 9 2
3 0 1
t 114 9
m0 9 8
1 4 0
2 9 1
3 0 2
t 113 9
m0 8 8
1 5 0
2 9 2
3 0 1
t 112 9
m0 8 7
1 4 0
2 9 1
3 0 2
t 111 10
m0 8 6
1 5 0
2 9 2
3 0 1
t 110 11
m0 8 7
1 4 0
2 9 1
3 0 2
t 109 11
m0 8 7
1 5 0
2 9 2
3 0 1
t 108 11
m0 8 6
1 4 0
2 9 1
3 0 2
t 107 11
m0 8 7
1 5 0
2 9 2
3 0 1
t 106 11
m0 8 7
1 4 0
2 9 1
3 0 2
t 105 11
m0 8 8
1 5 0
2 9 2
3 0 1
t 104 11
m0 8 7
1 4 0
2 9 1
3 0 2
t 103 11
m0 8 8
1 5 0
2 9 2
3 0 1
t 102 11
m0 7 8
1 4 0
2 9 3
3 0 2
t 101 11
m0 7 9
1 5 0
2 9 4
3 0 1
t 100 11
m0 8 9
1 6 0
2 9 3
3 0 2
t 99 11
m0 9 9
1 5 0
2 9 2
3 0 1
t 98 11
m0 9 9
1 4 0
2 9 1
3 0 2
t 97 11
m0 9 8
1 5 0
2 9 2
3 0 1
t 96 11
m0 9 8
1 4 0
2 9 1
3 0 2
t 95 11
m0 9 8
1 5 0
2 9 2
3 0 1
t 94 11
m0 8 8
1 4 0
2 9 1
3 0 2
t 93 11
m0 8 7
1 5 0
2 9 2
3 0 1
t 92 11
m0 8 8
1 4 0
2 9 1
3 0 2
t 91 11
m0 9 8
1 5 0
2 9 2
3 0 1
t 90 11
m0 9 8
1 4 0
2 9 1
3 0 2
t 89 11
m0 8 8
1 5 0
2 9 2
3 0 1
t 88 11
m0 9 8
1 4 0
2 9 1
3 0 2
t 87 11
m0 8 8
1 5 0
2 9 2
3 0 1
t 86 11
m0 7 8
1 4 0
2 9 3
3 0 2
t 85 11
m0 7 9
1 5 0
2 9 4
3 0 1
t 84 11
m0 7 9
1 6 0
2 9 3
3 0 2
t 83 11
m0 8 9
1 5 0
2 9 2
3 0 1
t 82 11
m0 8 8
1 4 0
2 9 1
3 0 2
t 81 11
m0 8 9
1 5 0
2 9 2
3 0 1
t 80 11
m0 7 9
1 4 0
2 9 3
3 0 2
t 79 11
m0 6 9
1 5 0
2 9 4
3 0 1
t 78 12
m0 6 10
1 6 0
2 9 5
3 0 2
t 77 12
m0 6 10
1 7 0
2 9 6
3 0 1
t 76 12
m0 7 10
1 8 0
2 9 5
3 0 2
t 75 12
m0 7 10
1 7 0
2 9 4
3 0 1
t 74 12
m0 6 10
1 6 0
2 9 5
3 0 2
t 73 12
m0 7 10
1 5 0
2 9 4
3 0 1
t 72 12
m0 6 10
1 6 0
2 9 5
3 0 2
t 71 12
m0 6 10
1 7 0
2 9 6
3 0 1
t 70 12
m0 6 9
1 8 0
2 9 5
3 0 2
t 69 12
m0 6 9
1 7 0
2 9 4
3 0 1
t 68 12
m0 6 10
1 6 0
2 9 5
3 0 2
t 67 12
m0 6 9
1 7 0
2 9 4
3 0 1
t 66 12
m0 6 9
1 6 0
2 9 5
3 0 2
t 65 12
m0 5 9
1 7 0
2 9 6
3 0 1
t 64 13
m0 5 9
1 8 0
2 9 5
3 0 2
t 63 13
m0 5 9
1 7 0
2 9 6
3 0 1
t 62 13
m0 4 9
1 8 0
2 9 5
3 0 2
t 61 13
m0 4 8
1 7 0
2 9 6
3 0 1
t 60 23
m0 5 8
1 8 0
2 9 5
3 0 2
t 59 24
m0 5 7
1 7 0
2 9 4
3 0 1
t 58 24
m0 6 7
1 6 0
2 9 3
3 0 2
t 57 24
m0 6 6
1 5 0
2 9 2
3 0 1
t 56 24
m0 7 6
1 4 0
2 9 1
3 0 2
t 55 25
m0 8 6
1 5 0
2 9 2
3 0 1
t 54 25
m0 9 6
1 4 0
2 9 1
3 0 2
t 53 26
m0 8 6
1 5 0
2 9 2
3 0 1
f 2 5
t 52 26
m0 7 6
1 4 0
2 9 1
3 0 2
t 51 26
m0 8 6
1 5 0
2 9 2
3 0 1
t 50 26
m0 8 5
1 4 0
2 9 1
3 0 2
t 49 27
m0 8 6
1 5 0
2 9 2
3 0 1
t 48 27
m0 7 6
1 4 0
2 9 1
3 0 2
t 47 27
m0 6 6
1 5 0
2 9 2
3 0 1
t 46 27
m0 7 6
1 4 0
2 9 1
3 0 2
t 45 27
m0 7 6
1 5 0
2 9 2
3 0 1
t 44 27
m0 6 6
1 4 0
2 9 1
3 0 2
t 43 27
m0 7 6
1 5 0
2 9 2
3 0 1
t 42 27
m0 7 6
1 4 0
2 9 1
3 0 2
t 41 27
m0 6 6
1 5 0
2 9 2
3 0 1
t 40 27
m0 6 7
1 4 0
2 9 3
3 0 2
t 39 27
m0 6 6
1 5 0
2 9 2
3 0 1
t 38 27
m0 5 6
1 6 0
2 9 3
3 0 2
t 37 27
m0 6 6
1 5 0
2 9 2
3 0 1
t 36 27
m0 7 6
1 4 0
2 9 1
3 0 2
t 35 27
m0 6 6
1 5 0
2 9 2
3 0 1
t 34 27
m0 6 7
1 4 0
2 9 3
3 0 2
t 33 27
m0 6 7
1 5 0
2 9 2
3 0 1
t 32 27
m0 5 7
1 6 0
2 9 3
3 0 2
t 31 27
m0 5 7
1 5 0
2 9 4
3 0 1
t 30 27
m0 6 7
1 6 0
2 9 3
3 0 2
t 29 27
m0 6 6
1 5 0
2 9 2
3 0 1
t 28 27
m0 7 6
1 4 0
2 9 1
3 0 2
t 27 27
m0 8 6
1 5 0
2 9 2
3 0 1
t 26 27
m0 8 7
1 4 0
2 9 1
3 0 2
t 25 27
m0 8 8
1 5 0
2 9 2
3 0 1
t 24 27
m0 8 7
1 4 0
2 9 1
3 0 2
t 23 27
m0 8 7
1 5 0
2 9 2
3 0 1
t 22 27
m0 8 8
1 4 0
2 9 1
3 0 2
t 21 27
m0 8 9
1 5 0
2 9 2
3 0 1
t 20 27
m0 9 9
1 4 0
2 9 1
3 0 2
t 19 27
m0 9 10
1 5 0
2 9 2
3 0 1
t 18 28
m0 9 10
1 4 0
2 9 3
3 0 2
t 17 28
m0 9 9
1 5 0
2 9 2
3 0 1
t 16 28
m0 8 9
1 4 0
2 9 3
3 0 2
t 15 28
m0 8 8
1 5 0
2 9 2
3 0 1
t 14 28
m0 8 7
1 4 0
2 9 1
3 0 2
t 13 28
m0 8 8
1 5 0
2 9 2
3 0 1
t 12 28
m0 8 7
1 4 0
2 9 1
3 0 2
t 11 28
m0 8 7
1 5 0
2 9 2
3 0 1
t 10 28
m0 8 6
1 4 0
2 9 1
3 0 2
t 9 28
m0 8 7
1 5 0
2 9 2
3 0 1
t 8 28
m0 8 7
1 4 0
2 9 1
3 0 2
t 7 28
m0 8 8
1 5 0
2 9 2
3 0 1
t 6 28
m0 9 8
1 4 0
2 9 1
3 0 2
t 5 28
m0 8 8
1 5 0
2 9 2
3 0 1
t 4 28
m0 8 7
1 4 0
2 9 1
3 0 2
t 3 28
m0 8 8
1 5 0
2 9 2
3 0 1
t 2 28
m0 9 8
1 4 0
2 9 1
3 0 2
t 1 28
m0 8 8
1 4 0
2 9 1
3 0 2
t 0 28
