10
15
w 5 9
w 1 3
w 4 8
w 5 6
w 7 12
w 2 8
w 5 13
w 2 1
w 8 9
w 6 2
w 4 12
w 1 11
w 4 0
w 8 1
w 3 10
w 5 4
w 2 6
w 3 2
w 8 2
w 6 11
w 1 13
w 6 0
w 1 4
w 7 5
w 8 7
w 0 1
w 8 3
w 4 6
w 6 8
w 7 13
w 0 13
w 0 6
w 8 8
w 9 5
w 5 2
w 2 4
w 9 12
p 7 3
p 4 7
p 9 1
p 3 11
p 0 7
p 1 6
p 2 12
p 9 4
p 5 1
p 7 11
p 0 3
p 8 5
p 3 14
p 5 8
p 8 14
p 6 7
p 5 12
p 6 10
p 4 4
p 8 10
p 6 3
p 9 11
p 3 6
p 2 2
p 1 10
p 7 10
p 9 7
p 4 10
p 7 14
p 9 14
p 3 13
p 9 3
p 0 12
p 2 3
p 1 9
p 4 2
p 1 0
p 2 14
p 4 11
p 3 5
p 6 5
p 2 7
p 7 0
p 5 10
p 1 12
p 8 12
p 9 2
p 3 12
p 3 1
p 2 11
p 3 8
p 2 0
p 7 4
p 6 13
p 0 9
p 8 4
m0 0 14
1 9 0
2 9 0
3 9 0
t 300 0
m0 0 14
1 9 1
2 8 0
3 9 1
t 299 0
m0 0 14
1 9 2
2 9 0
3 9 0
t 298 0
m0 0 14
1 9 3
2 8 0
3 9 1
t 297 0
m0 0 14
1 9 4
2 7 0
3 9 0
t 296 0
m0 0 14
1 8 4
2 7 1
3 9 1
t 295 0
m0 0 14
1 7 4
2 6 1
3 9 2
f 6 14
t 294 0
m0 0 14
1 7 3
2 5 1
3 9 1
t 293 0
m0 0 14
1 7 4
2 6 1
3 9 2
t 292 0
m0 0 14
1 6 4
2 7 1
3 9 1
t 291 0
m0 0 14
1 6 3
2 7 0
3 9 0
t 290 0
m0 0 14
1 7 3
2 8 0
3 8 0
t 289 0
m0 0 14
1 7 2
2 9 0
3 9 0
t 288 0
m0 0 14
1 7 1
2 8 0
3 9 1
t 287 0
m0 0 14
1 7 2
2 9 0
3 9 0
t 286 0
m0 0 14
1 7 1
2 8 0
3 9 1
t 285 0
m0 0 14
1 6 1
2 9 0
3 9 0
t 284 0
m0 0 14
1 5 1
2 8 0
3 9 1
t 283 0
m0 0 14
1 5 0
2 7 0
3 9 0
t 282 0
m0 0 14
1 5 1
2 8 0
3 8 0
t 281 0
m0 0 14
1 4 1
2 9 0
3 7 0
t 280 0
m0 0 14
1 4 2
2 8 0
3 8 0
t 279 0
m0 0 14
1 4 3
2 7 0
3 9 0
t 278 0
m0 0 14
1 4 2
2 8 0
3 8 0
t 277 0
m0 0 14
1 4 1
2 7 0
3 7 0
t 276 0
m0 0 14
1 3 1
2 7 1
3 8 0
t 275 0
m0 0 14
1 4 1
2 7 2
3 7 0
t 274 0
m0 0 14
1 5 1
2 7 3
3 8 0
t 273 0
m0 0 14
1 6 1
2 7 4
3 9 0
t 272 0
m0 0 14
1 5 1
2 8 4
3 8 0
t 271 0
m0 0 14
1 4 1
2 8 5
3 9 0
t 270 0
m0 0 14
1 3 1
2 8 4
3 9 1
t 269 0
m0 0 14
1 4 1
2 9 4
3 9 0
t 268 0
m0 0 14
1 4 2
2 8 4
3 9 1
t 267 0
m0 0 14
1 4 1
2 7 4
3 9 2
t 266 0
m0 0 14
1 3 1
2 8 4
3 9 3
t 265 0
m0 0 14
1 4 1
2 9 4
3 9 2
t 264 0
m0 0 14
1 5 1
2 9 3
3 9 1
t 263 0
m0 0 14
1 4 1
2 9 2
3 9 2
t 262 0
m0 0 14
1 5 1
2 9 3
3 9 1
t 261 0
m0 0 14
1 5 0
2 9 2
3 9 2
t 260 0
m0 0 14
1 5 1
2 9 1
3 9 1
t 259 0
m0 0 14
1 6 1
2 9 0
3 9 0
t 258 0
m0 0 14
1 7 1
2 8 0
3 9 1
t 257 0
m0 0 14
1 6 1
2 7 0
3 9 0
t 256 0
m0 0 14
1 7 1
2 8 0
3 9 1
t 255 0
m0 0 14
1 6 1
2 9 0
3 9 2
t 254 0
m0 0 14
1 5 1
2 8 0
3 9 1
t 253 0
m0 0 14
1 6 1
2 9 0
3 9 2
t 252 0
m0 0 14
1 5 1
2 9 1
3 9 1
t 251 0
m0 0 14
1 6 1
2 9 0
3 9 0
t 250 0
m0 0 14
1 5 1
2 8 0
3 8 0
t 249 0
m0 0 14
1 4 1
2 9 0
3 9 0
t 248 0
m0 0 14
1 4 2
2 9 1
3 8 0
t 247 0
m0 0 14
1 4 3
2 9 0
3 9 0
t 246 0
m0 0 14
1 3 3
2 8 0
3 9 1
t 245 0
m0 0 14
1 2 3
2 9 0
3 9 0
t 244 0
m0 0 14
1 2 2
2 9 1
3 8 0
t 243 0
m0 0 14
1 1 2
2 9 0
3 9 0
t 242 0
m0 0 14
1 1 1
2 9 1
3 9 1
t 241 0
m0 0 14
1 1 0
2 9 2
3 9 0
t 240 0
m0 0 14
1 1 1
2 9 1
3 8 0
t 239 0
m0 0 14
1 1 0
2 9 2
3 9 0
t 238 0
m0 0 14
1 1 1
2 9 1
3 9 1
t 237 0
m0 0 14
1 1 0
2 9 0
3 9 2
t 236 0
m0 0 14
1 0 0
2 8 0
3 9 3
t 235 0
m0 1 14
1 1 0
2 9 0
3 9 4
t 234 0
m0 2 14
1 1 1
2 9 1
3 8 4
t 233 1
m0 3 14
1 1 2
2 9 0
3 8 5
t 232 2
m0 3 14
1 0 2
2 8 0
3 8 4
t 231 2
m0 3 14
1 1 2
2 9 0
3 9 4
t 230 2
m0 4 14
1 1 1
2 8 0
3 9 3
t 229 2
m0 4 14
1 1 2
2 7 0
3 9 2
t 228 2
m0 5 14
1 2 2
2 7 1
3 9 3
t 227 2
m0 5 14
1 1 2
2 6 1
3 9 4
t 226 2
m0 4 14
1 1 1
2 7 1
3 9 3
t 225 2
m0 4 14
1 1 0
2 7 0
3 9 2
t 224 2
m0 4 14
1 0 0
2 8 0
3 9 1
t 223 2
m0 4 14
1 1 0
2 7 0
3 9 0
t 222 2
m0 4 14
1 0 0
2 7 1
3 8 0
t 221 2
m0 3 14
1 1 0
2 6 1
3 9 0
t 220 2
m0 3 14
1 2 0
2 5 1
3 8 0
t 219 2
m0 3 14
1 1 0
2 6 1
3 7 0
t 218 2
m0 3 14
1 2 0
2 5 1
3 7 1
t 217 2
m0 3 14
1 3 0
2 5 0
3 7 2
t 216 2
m0 4 14
1 2 0
2 5 1
3 7 1
t 215 2
m0 3 14
1 3 0
2 5 0
3 7 2
t 214 2
m0 4 14
1 2 0
2 5 1
3 7 1
t 213 2
m0 3 14
1 1 0
2 5 0
3 7 0
t 212 2
m0 3 14
1 1 1
2 5 1
3 7 1
t 211 2
m0 3 14
1 1 0
2 5 0
3 7 2
t 210 2
m0 3 14
1 1 1
2 5 1
3 7 1
t 209 2
m0 3 14
1 1 0
2 6 1
3 7 0
t 208 2
m0 3 14
1 2 0
2 7 1
3 8 0
t 207 2
m0 4 14
1 1 0
2 6 1
3 7 0
t 206 2
m0 3 14
1 2 0
2 7 1
3 7 1
t 205 2
m0 4 14
1 3 0
2 6 1
3 6 1
t 204 2
m0 4 14
1 2 0
2 5 1
3 5 1
t 203 2
m0 3 14
1 3 0
2 6 1
3 4 1
t 202 2
m0 2 14
1 3 1
2 7 1
3 5 1
t 201 2
m0 1 14
1 3 0
2 7 2
3 5 0
t 200 2
m0 0 14
1 2 0
2 7 1
3 5 1
t 199 2
m0 0 14
1 3 0
2 7 0
3 6 1
t 198 2
m0 0 14
1 2 0
2 8 0
3 7 1
t 197 2
m0 0 14
1 3 0
2 9 0
3 7 0
t 196 2
m0 0 14
1 3 1
2 9 1
3 8 0
t 195 2
m0 0 14
1 4 1
2 9 2
3 9 0
t 194 2
m0 0 14
1 5 1
2 9 3
3 8 0
t 193 2
m0 0 14
1 6 1
2 9 4
3 9 0
t 192 2
m0 0 14
1 7 1
2 9 3
3 8 0
t 191 2
m0 0 14
1 7 2
2 9 2
3 7 0
t 190 2
m0 0 14
1 7 1
2 9 1
3 7 1
t 189 2
m0 0 14
1 6 1
2 9 0
3 7 2
t 188 2
m0 0 14
1 5 1
2 8 0
3 7 3
t 187 2
m0 0 14
1 4 1
2 9 0
3 7 4
t 186 2
m0 0 14
1 3 1
2 8 0
3 6 4
t 185 2
m0 0 14
1 3 0
2 9 0
3 6 3
t 184 2
m0 0 14
1 3 1
2 9 1
3 7 3
t 183 2
m0 0 14
1 3 0
2 9 0
3 7 2
t 182 2
m0 0 14
1 3 1
2 8 0
3 7 1
t 181 2
m0 0 14
1 3 0
2 7 0
3 7 0
t 180 2
m0 0 14
1 3 1
2 7 1
3 8 0
t 179 2
m0 0 14
1 4 1
2 6 1
3 9 0
t 178 2
m0 0 14
1 4 2
2 5 1
3 8 0
t 177 2
m0 0 14
1 4 1
2 4 1
3 9 0
t 176 2
m0 0 14
1 3 1
2 3 1
3 8 0
t 175 2
m0 0 14
1 4 1
2 4 1
3 9 0
t 174 2
m0 0 14
1 3 1
2 4 2
3 9 1
t 173 2
m0 0 14
1 3 0
2 4 3
3 9 2
t 172 2
m0 0 14
1 2 0
2 4 2
3 9 1
t 171 2
m0 0 14
1 3 0
2 4 1
3 9 2
t 170 2
m0 0 14
1 2 0
2 5 1
3 9 3
t 169 2
m0 0 14
1 1 0
2 5 0
3 9 2
t 168 2
m0 0 14
1 2 0
2 5 1
3 9 1
t 167 2
m0 0 14
1 1 0
2 5 0
3 9 2
t 166 2
m0 0 14
1 1 1
2 5 1
3 9 3
t 165 2
m0 0 14
1 1 0
2 5 0
3 9 2
t 164 2
m0 0 14
1 1 1
2 5 1
3 9 1
t 163 2
m0 0 14
1 1 2
2 6 1
3 9 0
t 162 2
m0 0 14
1 1 1
2 5 1
3 9 1
t 161 2
m0 0 14
1 1 0
2 4 1
3 9 2
t 160 2
m0 0 14
1 0 0
2 5 1
3 9 1
t 159 2
m0 1 14
1 1 0
2 6 1
3 9 0
t 158 2
m0 2 14
1 0 0
2 7 1
3 8 0
t 157 2
m0 3 14
1 1 0
2 7 0
3 7 0
t 156 2
m0 4 14
1 0 0
2 8 0
3 8 0
t 155 2
m0 4 14
1 1 0
2 9 0
3 9 0
t 154 2
m0 5 14
1 2 0
2 9 1
3 9 1
t 153 2
m0 5 14
1 3 0
2 9 0
3 9 2
t 152 2
m0 5 14
1 3 1
2 8 0
3 9 1
t 151 2
m0 6 14
1 3 0
2 7 0
3 9 0
t 150 12
m0 5 14
1 2 0
2 8 0
3 8 0
t 149 12
m0 5 14
1 1 0
2 7 0
3 7 0
t 148 12
m0 4 14
1 0 0
2 8 0
3 7 1
t 147 12
m0 3 14
1 1 0
2 9 0
3 7 2
t 146 12
m0 3 14
1 0 0
2 9 1
3 7 3
t 145 12
m0 2 14
1 1 0
2 9 0
3 7 2
t 144 12
m0 3 14
1 1 1
2 8 0
3 7 1
t 143 12
m0 4 14
1 1 0
2 9 0
3 6 1
t 142 12
m0 3 14
1 0 0
2 8 0
3 7 1
f 5 14
t 141 12
m0 3 14
1 1 0
2 9 0
3 6 1
t 140 12
m0 3 14
1 0 0
2 9 1
3 5 1
t 139 12
m0 2 14
1 1 0
2 9 2
3 5 0
t 138 12
m0 3 14
1 0 0
2 9 3
3 5 1
t 137 12
m0 2 14
1 1 0
2 9 4
3 6 1
t 136 12
m0 3 14
1 0 0
2 8 4
3 5 1
t 135 12
m0 2 14
1 1 0
2 7 4
3 5 0
t 134 12
m0 2 14
1 0 0
2 7 3
3 5 1
t 133 12
m0 2 14
1 1 0
2 7 4
3 6 1
t 132 12
m0 2 14
1 1 1
2 8 4
3 5 1
t 131 12
m0 3 14
1 1 0
2 9 4
3 5 0
t 130 12
m0 3 14
1 0 0
2 9 3
3 5 1
t 129 12
m0 2 14
1 1 0
2 9 2
3 6 1
t 128 12
m0 3 14
1 0 0
2 9 3
3 7 1
t 127 12
m0 3 14
1 1 0
2 9 2
3 6 1
t 126 12
m0 3 14
1 2 0
2 9 3
3 7 1
t 125 12
m0 4 14
1 1 0
2 9 2
3 6 1
t 124 12
m0 3 14
1 0 0
2 9 3
3 5 1
t 123 12
m0 2 14
1 1 0
2 9 4
3 6 1
t 122 12
m0 3 14
1 2 0
2 8 4
3 7 1
t 121 12
m0 3 14
1 3 0
2 8 5
3 7 2
t 120 12
m0 2 14
1 2 0
2 8 4
3 7 3
t 119 12
m0 3 14
1 1 0
2 9 4
3 7 2
t 118 12
m0 3 14
1 0 0
2 9 3
3 7 1
t 117 12
m0 3 14
1 1 0
2 9 4
3 6 1
t 116 12
m0 3 14
1 2 0
2 9 3
3 7 1
t 115 12
m0 4 14
1 1 0
2 9 2
3 7 0
t 114 12
m0 4 14
1 2 0
2 9 1
3 8 0
t 113 12
m0 5 14
1 1 0
2 9 0
3 9 0
t 112 22
m0 5 14
1 0 0
2 8 0
3 9 1
t 111 22
m0 4 14
1 1 0
2 7 0
3 9 0
t 110 22
m0 4 14
1 0 0
2 8 0
3 8 0
t 109 22
m0 4 14
1 1 0
2 7 0
3 7 0
t 108 22
m0 4 14
1 0 0
2 7 1
3 8 0
t 107 22
m0 3 14
1 1 0
2 6 1
3 9 0
t 106 22
m0 3 14
1 0 0
2 5 1
3 9 1
t 105 22
m0 2 14
1 1 0
2 5 0
3 9 2
t 104 22
m0 3 14
1 1 1
2 5 1
3 9 1
t 103 22
m0 3 14
1 1 0
2 6 1
3 9 2
t 102 22
m0 3 14
1 2 0
2 7 1
3 9 1
t 101 22
m0 4 14
1 1 0
2 6 1
3 9 0
t 100 22
m0 3 14
1 0 0
2 5 1
3 8 0
t 99 22
m0 2 14
1 1 0
2 6 1
3 9 0
t 98 22
m0 3 14
1 1 1
2 5 1
3 9 1
t 97 22
m0 3 14
1 1 2
2 5 0
3 9 0
t 96 22
m0 4 14
1 0 2
2 5 1
3 8 0
t 95 22
m0 3 14
1 0 3
2 6 1
3 9 0
t 94 22
m0 4 14
1 0 4
2 7 1
3 8 0
t 93 22
m0 5 14
1 0 3
2 7 2
3 7 0
t 92 22
m0 4 14
1 0 2
2 7 3
3 8 0
t 91 22
m0 3 14
1 1 2
2 6 3
3 7 0
t 90 22
m0 3 14
1 0 2
2 6 4
3 8 0
t 89 22
m0 2 14
1 1 2
2 7 4
3 9 0
t 88 22
m0 3 14
1 0 2
2 8 4
3 9 1
t 87 22
m0 3 14
1 0 3
2 9 4
3 9 0
t 86 22
m0 4 14
1 0 2
2 9 3
3 8 0
t 85 22
m0 4 14
1 1 2
2 9 2
3 7 0
t 84 22
m0 5 14
1 0 2
2 9 3
3 7 1
t 83 22
m0 4 14
1 1 2
2 9 4
3 7 0
t 82 22
m0 4 14
1 0 2
2 9 3
3 7 1
t 81 22
m0 4 14
1 0 3
2 9 2
3 7 0
t 80 22
m0 5 14
1 0 2
2 9 1
3 8 0
t 79 22
m0 5 14
1 0 3
2 9 2
3 7 0
t 78 22
m0 5 14
1 0 2
2 9 1
3 8 0
t 77 22
m0 5 14
1 0 3
2 9 0
3 7 0
t 76 22
m0 5 14
1 0 2
2 8 0
3 8 0
t 75 22
m0 5 14
1 0 3
2 9 0
3 9 0
t 74 22
m0 6 14
1 0 4
2 9 1
3 9 1
t 73 22
m0 6 14
1 0 5
2 9 0
3 9 2
t 72 22
m0 6 14
1 0 4
2 8 0
3 9 1
t 71 22
m0 6 14
1 0 3
2 7 0
3 9 0
t 70 22
m0 5 14
1 0 2
2 7 1
3 9 1
t 69 22
m0 4 14
1 0 3
2 7 2
3 9 2
t 68 22
m0 4 14
1 0 2
2 7 1
3 9 1
t 67 22
m0 4 14
1 0 3
2 6 1
3 9 0
t 66 22
m0 4 14
1 0 2
2 5 1
3 8 0
t 65 22
m0 3 14
1 1 2
2 6 1
3 9 0
t 64 22
m0 4 14
1 0 2
2 5 1
3 8 0
t 63 22
m0 3 14
1 1 2
2 5 0
3 9 0
t 62 22
m0 4 14
1 1 1
2 5 1
3 9 1
t 61 22
m0 3 14
1 1 0
2 5 0
3 9 2
t 60 22
m0 3 14
1 2 0
2 5 1
3 9 3
t 59 22
m0 3 14
1 1 0
2 6 1
3 9 2
t 58 22
m0 3 14
1 0 0
2 5 1
3 9 3
t 57 22
m0 2 14
1 1 0
2 5 0
3 9 2
t 56 22
m0 3 14
1 0 0
2 5 1
3 9 3
t 55 22
m0 2 14
1 1 0
2 6 1
3 9 2
t 54 22
m0 3 14
1 0 0
2 7 1
3 9 3
t 53 22
m0 3 14
1 1 0
2 7 0
3 9 4
t 52 22
m0 3 14
1 0 0
2 8 0
3 9 3
t 51 22
m0 3 14
1 1 0
2 7 0
3 9 4
t 50 22
m0 3 14
1 0 0
2 7 1
3 8 4
t 49 22
m0 2 14
1 1 0
2 6 1
3 8 5
t 48 22
m0 2 14
1 0 0
2 7 1
3 8 6
t 47 22
m0 1 14
1 1 0
2 7 0
3 9 6
t 46 22
m0 2 14
1 1 1
2 8 0
3 8 6
t 45 22
m0 2 14
1 1 0
2 9 0
3 8 5
t 44 22
m0 2 14
1 2 0
2 9 1
3 8 4
t 43 22
m0 3 14
1 1 0
2 9 0
3 8 5
t 42 22
m0 2 14
1 0 0
2 8 0
3 8 4
t 41 22
m0 2 14
1 1 0
2 9 0
3 7 4
t 40 22
m0 2 14
1 0 0
2 9 1
3 8 4
t 39 22
m0 2 14
1 1 0
2 9 0
3 9 4
t 38 22
m0 3 14
1 0 0
2 8 0
3 9 3
t 37 22
m0 3 14
1 1 0
2 7 0
3 9 4
t 36 22
m0 3 14
1 0 0
2 8 0
3 9 3
t 35 22
m0 3 14
1 1 0
2 7 0
3 9 2
t 34 22
m0 4 14
1 1 1
2 8 0
3 9 3
t 33 22
m0 4 14
1 1 0
2 9 0
3 9 4
t 32 22
m0 3 14
1 0 0
2 8 0
3 9 3
t 31 22
m0 3 14
1 1 0
2 9 0
3 9 2
t 30 22
m0 4 14
1 0 0
2 9 1
3 9 3
t 29 22
m0 3 14
1 1 0
2 9 0
3 9 2
t 28 22
m0 4 14
1 0 0
2 8 0
3 9 3
f 5 11
t 27 22
m0 3 14
1 1 0
2 9 0
3 9 2
t 26 22
m0 4 14
1 0 0
2 8 0
3 9 1
t 25 22
m0 4 14
1 1 0
2 9 0
3 9 0
t 24 22
m0 5 14
1 0 0
2 8 0
3 8 0
t 23 22
m0 4 14
1 1 0
2 7 0
3 9 0
t 22 22
m0 4 14
1 0 0
2 7 1
3 8 0
t 21 22
m0 3 14
1 1 0
2 7 0
3 9 0
t 20 22
m0 4 14
1 1 1
2 8 0
3 9 1
t 19 22
m0 5 14
1 1 0
2 7 0
3 9 0
t 18 22
m0 4 14
1 0 0
2 8 0
3 9 1
t 17 22
m0 4 14
1 1 0
2 7 0
3 9 2
t 16 22
m0 4 14
1 0 0
2 7 1
3 9 3
t 15 22
m0 3 14
1 1 0
2 6 1
3 9 4
t 14 22
m0 3 14
1 2 0
2 7 1
3 9 3
t 13 22
m0 4 14
1 1 0
2 6 1
3 9 4
t 12 22
m0 3 14
1 0 0
2 7 1
3 8 4
t 11 22
m0 2 14
1 1 0
2 6 1
3 7 4
t 10 22
m0 2 14
1 0 0
2 5 1
3 7 3
t 9 22
m0 2 14
1 1 0
2 4 1
3 7 4
t 8 22
m0 2 14
1 2 0
2 5 1
3 8 4
t 7 22
m0 3 14
1 3 0
2 6 1
3 9 4
t 6 22
m0 4 14
1 2 0
2 7 1
3 9 3
t 5 22
m0 4 14
1 1 0
2 7 0
3 9 2
t 4 22
m0 4 14
1 1 1
2 8 0
3 9 3
t 3 22
m0 4 14
1 1 0
2 9 0
3 9 4
t 2 22
m0 3 14
1 1 1
2 9 1
3 9 3
t 1 22
m0 4 14
1 1 1
2 9 1
3 9 3
t 0 22
