10
15
w 1 3
w 3 0
w 7 12
w 8 0
w 5 13
w 9 4
w 5 1
w 3 14
w 5 8
w 8 14
w 6 7
w 6 10
w 4 4
w 9 11
w 7 10
w 3 6
w 7 14
w 2 6
w 9 14
w 5 11
w 7 1
w 9 3
w 1 4
w 7 5
w 1 9
w 0 8
w 9 6
w 6 5
w 0 1
w 9 13
w 3 12
w 5 7
w 0 13
w 3 8
w 2 0
w 5 14
w 8 8
p 7 3
p 6 9
p 8 13
p 4 8
p 6 6
p 2 8
p 2 1
p 6 2
p 4 12
p 7 11
p 1 11
p 2 4
p 7 2
p 1 2
p 3 3
p 2 9
p 5 12
p 7 6
p 1 14
p 8 10
p 4 13
p 2 13
p 0 4
p 1 10
p 3 4
p 1 1
p 3 2
p 5 4
p 0 0
p 3 13
p 6 11
p 1 13
p 4 5
p 4 14
p 0 12
p 9 10
p 0 5
p 4 2
p 2 14
p 4 11
p 3 5
p 2 7
p 5 10
p 6 8
p 4 6
p 1 12
p 9 2
p 2 11
p 7 4
p 1 8
p 6 13
p 1 7
p 9 5
p 5 2
p 0 2
p 8 4
m0 0 14
1 9 0
2 9 0
3 9 0
t 300 0
m0 0 14
1 9 1
2 9 1
3 9 1
t 299 0
m0 0 14
1 9 0
2 9 0
3 9 0
t 298 0
m0 1 14
1 9 1
2 9 1
3 9 1
t 297 1
m0 2 14
1 9 0
2 9 0
3 9 0
t 296 2
m0 2 14
1 9 1
2 9 1
3 9 1
t 295 2
m0 1 14
1 9 0
2 9 0
3 9 0
f 2 3
t 294 2
m0 1 14
1 9 1
2 9 1
3 9 1
t 293 2
m0 2 14
1 9 0
2 9 0
3 9 0
t 292 2
m0 1 14
1 9 1
2 9 1
3 9 1
t 291 2
m0 2 14
1 9 0
2 9 0
3 9 0
t 290 2
m0 1 14
1 9 1
2 9 1
3 9 1
t 289 2
m0 1 13
1 9 0
2 9 0
3 9 0
t 288 3
m0 1 12
1 9 1
2 9 1
3 9 1
t 287 4
m0 1 13
1 9 0
2 9 0
3 9 0
t 286 4
m0 1 14
1 9 1
2 9 1
3 9 1
t 285 4
m0 1 13
1 9 0
2 9 0
3 9 0
t 284 4
m0 1 12
1 9 1
2 9 1
3 9 1
t 283 4
m0 1 11
1 9 0
2 9 0
3 9 0
t 282 5
m0 0 11
1 9 1
2 9 1
3 9 1
t 281 5
m0 1 11
1 9 0
2 9 0
3 9 0
t 280 5
m0 2 11
1 9 1
2 9 1
3 9 1
t 279 6
m0 2 11
1 9 0
2 9 0
3 9 0
t 278 6
m0 2 11
1 9 1
2 9 1
3 9 1
t 277 6
m0 2 10
1 9 0
2 9 0
3 9 0
t 276 6
m0 2 11
1 9 1
2 9 1
3 9 1
t 275 6
m0 1 11
1 9 0
2 9 0
3 9 0
t 274 6
m0 1 10
1 9 1
2 9 1
3 9 1
t 273 7
m0 1 10
1 9 0
2 9 0
3 9 0
t 272 7
m0 1 11
1 9 1
2 9 1
3 9 1
t 271 7
m0 1 11
1 9 0
2 9 0
3 9 0
t 270 7
m0 1 12
1 9 1
2 9 1
3 9 1
t 269 7
m0 1 13
1 9 0
2 9 0
3 9 0
t 268 7
m0 1 12
1 9 1
2 9 1
3 9 1
t 267 7
m0 1 12
1 9 0
2 9 0
3 9 0
t 266 7
m0 1 11
1 9 1
2 9 1
3 9 1
t 265 7
m0 1 10
1 9 0
2 9 0
3 9 0
t 264 7
m0 1 11
1 9 1
2 9 1
3 9 1
t 263 7
m0 1 12
1 9 0
2 9 0
3 9 0
t 262 7
m0 2 12
1 9 1
2 9 1
3 9 1
t 261 7
m0 1 12
1 9 0
2 9 0
3 9 0
t 260 7
m0 1 13
1 9 1
2 9 1
3 9 1
t 259 7
m0 2 13
1 9 0
2 9 0
3 9 0
t 258 8
m0 1 13
1 9 1
2 9 1
3 9 1
t 257 8
m0 2 13
1 9 0
2 9 0
3 9 0
t 256 8
m0 2 14
1 9 1
2 9 1
3 9 1
t 255 8
m0 2 14
1 9 0
2 9 0
3 9 0
t 254 8
m0 1 14
1 9 1
2 9 1
3 9 1
t 253 8
m0 1 14
1 9 0
2 9 0
3 9 0
t 252 8
m0 1 14
1 9 1
2 9 1
3 9 1
t 251 8
m0 1 14
1 9 0
2 9 0
3 9 0
t 250 8
m0 1 13
1 9 1
2 9 1
3 9 1
t 249 8
m0 1 13
1 9 0
2 9 0
3 9 0
t 248 8
m0 1 14
1 9 1
2 9 1
3 9 1
t 247 8
m0 0 14
1 9 0
2 9 0
3 9 0
t 246 8
m0 1 14
1 9 1
2 9 1
3 9 1
t 245 8
m0 0 14
1 9 0
2 9 0
3 9 0
t 244 8
m0 1 14
1 9 1
2 9 1
3 9 1
t 243 8
m0 1 14
1 9 0
2 9 0
3 9 0
t 242 8
m0 1 13
1 9 1
2 9 1
3 9 1
t 241 8
m0 1 14
1 9 0
2 9 0
3 9 0
t 240 8
m0 1 13
1 9 1
2 9 1
3 9 1
t 239 8
m0 1 13
1 9 0
2 9 0
3 9 0
t 238 8
m0 1 12
1 9 1
2 9 1
3 9 1
t 237 8
m0 0 12
1 9 0
2 9 0
3 9 0
t 236 9
m0 1 12
1 9 1
2 9 1
3 9 1
t 235 9
m0 1 13
1 9 0
2 9 0
3 9 0
t 234 9
m0 1 12
1 9 1
2 9 1
3 9 1
t 233 9
m0 1 12
1 9 0
2 9 0
3 9 0
t 232 9
m0 1 13
1 9 1
2 9 1
3 9 1
t 231 9
m0 1 14
1 9 0
2 9 0
3 9 0
t 230 9
m0 1 13
1 9 1
2 9 1
3 9 1
t 229 9
m0 1 14
1 9 0
2 9 0
3 9 0
t 228 9
m0 2 14
1 9 1
2 9 1
3 9 1
t 227 9
m0 2 14
1 9 0
2 9 0
3 9 0
t 226 9
m0 2 14
1 9 1
2 9 1
3 9 1
t 225 9
m0 1 14
1 9 0
2 9 0
3 9 0
t 224 9
m0 1 13
1 9 1
2 9 1
3 9 1
t 223 9
m0 1 13
1 9 0
2 9 0
3 9 0
t 222 9
m0 1 13
1 9 1
2 9 1
3 9 1
t 221 9
m0 1 14
1 9 0
2 9 0
3 9 0
t 220 9
m0 2 14
1 9 1
2 9 1
3 9 1
t 219 9
m0 2 14
1 9 0
2 9 0
3 9 0
t 218 9
m0 1 14
1 9 1
2 9 1
3 9 1
t 217 9
m0 1 13
1 9 0
2 9 0
3 9 0
t 216 9
m0 1 12
1 9 1
2 9 1
3 9 1
t 215 9
m0 1 13
1 9 0
2 9 0
3 9 0
t 214 9
m0 1 13
1 9 1
2 9 1
3 9 1
t 213 9
m0 1 14
1 9 0
2 9 0
3 9 0
t 212 9
m0 0 14
1 9 1
2 9 1
3 9 1
t 211 9
m0 0 14
1 9 0
2 9 0
3 9 0
t 210 9
m0 1 14
1 9 1
2 9 1
3 9 1
t 209 9
m0 1 13
1 9 0
2 9 0
3 9 0
t 208 9
m0 1 12
1 9 1
2 9 1
3 9 1
t 207 9
m0 1 11
1 9 0
2 9 0
3 9 0
t 206 9
m0 1 12
1 9 1
2 9 1
3 9 1
t 205 9
m0 1 11
1 9 0
2 9 0
3 9 0
t 204 9
m0 1 11
1 9 1
2 9 1
3 9 1
t 203 9
m0 2 11
1 9 0
2 9 0
3 9 0
t 202 9
m0 3 11
1 9 1
2 9 1
3 9 1
t 201 9
m0 3 10
1 9 0
2 9 0
3 9 0
t 200 9
m0 2 10
1 9 1
2 9 1
3 9 1
t 199 9
m0 2 9
1 9 0
2 9 0
3 9 0
t 198 10
m0 2 10
1 9 1
2 9 1
3 9 1
t 197 10
m0 2 11
1 9 0
2 9 0
3 9 0
t 196 10
m0 2 10
1 9 1
2 9 1
3 9 1
t 195 10
m0 1 10
1 9 0
2 9 0
3 9 0
t 194 10
m0 1 10
1 9 1
2 9 1
3 9 1
t 193 10
m0 1 10
1 9 0
2 9 0
3 9 0
t 192 10
m0 1 10
1 9 1
2 9 1
3 9 1
t 191 10
m0 2 10
1 9 0
2 9 0
3 9 0
t 190 10
m0 1 10
1 9 1
2 9 1
3 9 1
t 189 10
m0 2 10
1 9 0
2 9 0
3 9 0
t 188 10
m0 2 10
1 9 1
2 9 1
3 9 1
t 187 10
m0 1 10
1 9 0
2 9 0
3 9 0
t 186 10
m0 0 10
1 9 1
2 9 1
3 9 1
t 185 10
m0 0 9
1 9 0
2 9 0
3 9 0
t 184 10
m0 0 9
1 9 1
2 9 1
3 9 1
t 183 10
m0 0 10
1 9 0
2 9 0
3 9 0
t 182 10
m0 1 10
1 9 1
2 9 1
3 9 1
t 181 10
m0 2 10
1 9 0
2 9 0
3 9 0
t 180 10
m0 3 10
1 9 1
2 9 1
3 9 1
t 179 10
m0 3 11
1 9 0
2 9 0
3 9 0
t 178 10
m0 2 11
1 9 1
2 9 1
3 9 1
t 177 10
m0 2 11
1 9 0
2 9 0
3 9 0
t 176 10
m0 2 12
1 9 1
2 9 1
3 9 1
t 175 10
m0 2 11
1 9 0
2 9 0
3 9 0
t 174 10
m0 3 11
1 9 1
2 9 1
3 9 1
t 173 10
m0 3 11
1 9 0
2 9 0
3 9 0
t 172 10
m0 3 11
1 9 1
2 9 1
3 9 1
t 171 10
m0 3 10
1 9 0
2 9 0
3 9 0
t 170 10
m0 4 10
1 9 1
2 9 1
3 9 1
t 169 10
m0 5 10
1 9 0
2 9 0
3 9 0
t 168 11
m0 4 10
1 9 1
2 9 1
3 9 1
t 167 11
m0 4 10
1 9 0
2 9 0
3 9 0
t 166 11
m0 5 10
1 9 1
2 9 1
3 9 1
t 165 11
m0 4 10
1 9 0
2 9 0
3 9 0
t 164 11
m0 4 11
1 9 1
2 9 1
3 9 1
t 163 12
m0 4 11
1 9 0
2 9 0
3 9 0
t 162 12
m0 4 12
1 9 1
2 9 1
3 9 1
t 161 13
m0 5 12
1 9 0
2 9 0
3 9 0
t 160 14
m0 5 12
1 9 1
2 9 1
3 9 1
t 159 14
m0 5 12
1 9 0
2 9 0
3 9 0
t 158 14
m0 4 12
1 9 1
2 9 1
3 9 1
t 157 14
m0 4 13
1 9 0
2 9 0
3 9 0
t 156 15
m0 4 14
1 9 1
2 9 1
3 9 1
t 155 16
m0 4 13
1 9 0
2 9 0
3 9 0
t 154 16
m0 4 13
1 9 1
2 9 1
3 9 1
t 153 16
m0 4 12
1 9 0
2 9 0
3 9 0
t 152 16
m0 4 12
1 9 1
2 9 1
3 9 1
t 151 16
m0 5 12
1 9 0
2 9 0
3 9 0
t 150 16
m0 5 12
1 9 1
2 9 1
3 9 1
t 149 16
m0 5 12
1 9 0
2 9 0
3 9 0
t 148 16
m0 6 12
1 9 1
2 9 1
3 9 1
t 147 16
m0 6 12
1 9 0
2 9 0
3 9 0
t 146 16
m0 6 13
1 9 1
2 9 1
3 9 1
t 145 17
m0 7 13
1 9 0
2 9 0
3 9 0
t 144 17
m0 7 13
1 9 1
2 9 1
3 9 1
t 143 17
m0 6 13
1 9 0
2 9 0
3 9 0
t 142 17
m0 6 13
1 9 1
2 9 1
3 9 1
t 141 17
m0 6 12
1 9 0
2 9 0
3 9 0
t 140 17
m0 6 12
1 9 1
2 9 1
3 9 1
t 139 17
m0 6 11
1 9 0
2 9 0
3 9 0
t 138 18
m0 7 11
1 9 1
2 9 1
3 9 1
t 137 19
m0 8 11
1 9 0
2 9 0
3 9 0
t 136 19
m0 8 12
1 9 1
2 9 1
3 9 1
t 135 19
m0 8 11
1 9 0
2 9 0
3 9 0
t 134 19
m0 8 12
1 9 1
2 9 1
3 9 1
t 133 19
m0 8 13
1 9 0
2 9 0
3 9 0
t 132 20
m0 8 12
1 9 1
2 9 1
3 9 1
t 131 20
m0 8 12
1 9 0
2 9 0
3 9 0
t 130 20
m0 8 12
1 9 1
2 9 1
3 9 1
t 129 20
m0 8 13
1 9 0
2 9 0
3 9 0
t 128 20
m0 7 13
1 9 1
2 9 1
3 9 1
t 127 20
m0 8 13
1 9 0
2 9 0
3 9 0
t 126 20
m0 7 13
1 9 1
2 9 1
3 9 1
t 125 20
m0 7 13
1 9 0
2 9 0
3 9 0
t 124 20
m0 6 13
1 9 1
2 9 1
3 9 1
t 123 20
m0 6 13
1 9 0
2 9 0
3 9 0
t 122 20
m0 6 12
1 9 1
2 9 1
3 9 1
t 121 20
m0 6 11
1 9 0
2 9 0
3 9 0
t 120 20
m0 7 11
1 9 1
2 9 1
3 9 1
t 119 20
m0 8 11
1 9 0
2 9 0
3 9 0
t 118 20
m0 7 11
1 9 1
2 9 1
3 9 1
t 117 20
m0 6 11
1 9 0
2 9 0
3 9 0
t 116 20
m0 6 11
1 9 1
2 9 1
3 9 1
t 115 20
m0 7 11
1 9 0
2 9 0
3 9 0
t 114 20
m0 8 11
1 9 1
2 9 1
3 9 1
t 113 20
m0 8 12
1 9 0
2 9 0
3 9 0
t 112 20
m0 8 11
1 9 1
2 9 1
3 9 1
t 111 20
m0 8 11
1 9 0
2 9 0
3 9 0
t 110 20
m0 7 11
1 9 1
2 9 1
3 9 1
t 109 20
m0 8 11
1 9 0
2 9 0
3 9 0
t 108 20
m0 8 11
1 9 1
2 9 1
3 9 1
t 107 20
m0 8 10
1 9 0
2 9 0
3 9 0
t 106 21
m0 8 10
1 9 1
2 9 1
3 9 1
t 105 21
m0 8 10
1 9 0
2 9 0
3 9 0
t 104 21
m0 8 9
1 9 1
2 9 1
3 9 1
t 103 21
m0 8 9
1 9 0
2 9 0
3 9 0
t 102 21
m0 8 9
1 9 1
2 9 1
3 9 1
t 101 21
m0 8 10
1 9 0
2 9 0
3 9 0
t 100 21
m0 8 9
1 9 1
2 9 1
3 9 1
t 99 21
m0 8 10
1 9 0
2 9 0
3 9 0
t 98 21
m0 8 11
1 9 1
2 9 1
3 9 1
t 97 21
m0 8 11
1 9 0
2 9 0
3 9 0
t 96 21
m0 7 11
1 9 1
2 9 1
3 9 1
t 95 21
m0 6 11
1 9 0
2 9 0
3 9 0
t 94 21
m0 6 11
1 9 1
2 9 1
3 9 1
t 93 21
m0 7 11
1 9 0
2 9 0
3 9 0
t 92 21
m0 8 11
1 9 1
2 9 1
3 9 1
t 91 21
m0 7 11
1 9 0
2 9 0
3 9 0
t 90 21
m0 7 11
1 9 1
2 9 1
3 9 1
t 89 21
m0 8 11
1 9 0
2 9 0
3 9 0
t 88 21
m0 8 12
1 9 1
2 9 1
3 9 1
t 87 21
m0 8 12
1 9 0
2 9 0
3 9 0
t 86 21
m0 8 12
1 9 1
2 9 1
3 9 1
t 85 21
m0 8 13
1 9 0
2 9 0
3 9 0
t 84 21
m0 7 13
1 9 1
2 9 1
3 9 1
t 83 21
m0 7 13
1 9 0
2 9 0
3 9 0
t 82 21
m0 8 13
1 9 1
2 9 1
3 9 1
t 81 21
m0 7 13
1 9 0
2 9 0
3 9 0
t 80 21
m0 7 13
1 9 1
2 9 1
3 9 1
t 79 21
m0 7 13
1 9 0
2 9 0
3 9 0
t 78 21
m0 8 13
1 9 1
2 9 1
3 9 1
t 77 21
m0 8 12
1 9 0
2 9 0
3 9 0
t 76 21
m0 8 13
1 9 1
2 9 1
3 9 1
t 75 21
m0 8 13
1 9 0
2 9 0
3 9 0
t 74 21
m0 7 13
1 9 1
2 9 1
3 9 1
t 73 21
m0 8 13
1 9 0
2 9 0
3 9 0
t 72 21
m0 8 12
1 9 1
2 9 1
3 9 1
t 71 21
m0 8 12
1 9 0
2 9 0
3 9 0
t 70 21
m0 8 13
1 9 1
2 9 1
3 9 1
t 69 21
m0 8 12
1 9 0
2 9 0
3 9 0
t 68 21
m0 8 12
1 9 1
2 9 1
3 9 1
t 67 21
m0 9 12
1 9 0
2 9 0
3 9 0
t 66 21
m0 8 12
1 9 1
2 9 1
3 9 1
t 65 21
m0 9 12
1 9 0
2 9 0
3 9 0
t 64 21
m0 8 12
1 9 1
2 9 1
3 9 1
t 63 21
m0 9 12
1 9 0
2 9 0
3 9 0
t 62 21
m0 9 12
1 9 1
2 9 1
3 9 1
t 61 21
m0 8 12
1 9 0
2 9 0
3 9 0
t 60 21
m0 8 11
1 9 1
2 9 1
3 9 1
t 59 21
m0 8 12
1 9 0
2 9 0
3 9 0
t 58 21
m0 8 12
1 9 1
2 9 1
3 9 1
t 57 21
m0 8 11
1 9 0
2 9 0
3 9 0
t 56 21
m0 8 11
1 9 1
2 9 1
3 9 1
t 55 21
m0 8 12
1 9 0
2 9 0
3 9 0
t 54 21
m0 8 12
1 9 1
2 9 1
3 9 1
t 53 21
m0 8 11
1 9 0
2 9 0
3 9 0
t 52 21
m0 8 12
1 9 1
2 9 1
3 9 1
t 51 21
m0 8 11
1 9 0
2 9 0
3 9 0
t 50 21
m0 8 10
1 9 1
2 9 1
3 9 1
t 49 21
m0 8 9
1 9 0
2 9 0
3 9 0
t 48 21
m0 8 10
1 9 1
2 9 1
3 9 1
t 47 21
m0 8 9
1 9 0
2 9 0
3 9 0
t 46 21
m0 8 9
1 9 1
2 9 1
3 9 1
t 45 21
m0 9 9
1 9 0
2 9 0
3 9 0
t 44 21
m0 9 9
1 9 1
2 9 1
3 9 1
t 43 21
m0 9 10
1 9 0
2 9 0
3 9 0
t 42 22
m0 9 10
1 9 1
2 9 1
3 9 1
t 41 22
m0 9 10
1 9 0
2 9 0
3 9 0
t 40 22
m0 9 10
1 9 1
2 9 1
3 9 1
t 39 22
m0 9 9
1 9 0
2 9 0
3 9 0
t 38 22
m0 9 8
1 9 1
2 9 1
3 9 1
t 37 22
m0 9 8
1 9 0
2 9 0
3 9 0
t 36 22
m0 9 8
1 9 1
2 9 1
3 9 1
t 35 22
m0 9 7
1 9 0
2 9 0
3 9 0
t 34 22
m0 8 7
1 9 1
2 9 1
3 9 1
t 33 22
m0 8 6
1 9 0
2 9 0
3 9 0
t 32 22
m0 7 6
1 9 1
2 9 1
3 9 1
t 31 23
m0 8 6
1 9 0
2 9 0
3 9 0
t 30 23
m0 8 7
1 9 1
2 9 1
3 9 1
t 29 23
m0 7 7
1 9 0
2 9 0
3 9 0
t 28 23
m0 7 8
1 9 1
2 9 1
3 9 1
t 27 23
m0 6 8
1 9 0
2 9 0
3 9 0
t 26 24
m0 6 8
1 9 1
2 9 1
3 9 1
t 25 24
m0 7 8
1 9 0
2 9 0
3 9 0
t 24 24
m0 7 7
1 9 1
2 9 1
3 9 1
t 23 24
m0 7 6
1 9 0
2 9 0
3 9 0
t 22 24
m0 7 6
1 9 1
2 9 1
3 9 1
t 21 24
m0 7 7
1 9 0
2 9 0
3 9 0
t 20 24
m0 8 7
1 9 1
2 9 1
3 9 1
t 19 24
m0 8 6
1 9 0
2 9 0
3 9 0
t 18 24
m0 8 6
1 9 1
2 9 1
3 9 1
t 17 24
m0 8 5
1 9 0
2 9 0
3 9 0
t 16 24
m0 9 5
1 9 1
2 9 1
3 9 1
t 15 25
m0 9 5
1 9 0
2 9 0
3 9 0
t 14 25
m0 8 5
1 9 1
2 9 1
3 9 1
t 13 25
m0 9 5
1 9 0
2 9 0
3 9 0
t 12 25
m0 9 5
1 9 1
2 9 1
3 9 1
t 11 25
m0 9 5
1 9 0
2 9 0
3 9 0
t 10 25
m0 9 5
1 9 1
2 9 1
3 9 1
t 9 25
m0 9 5
1 9 0
2 9 0
3 9 0
t 8 25
m0 8 5
1 9 1
2 9 1
3 9 1
t 7 25
m0 8 6
1 9 0
2 9 0
3 9 0
t 6 25
m0 7 6
1 9 1
2 9 1
3 9 1
t 5 25
m0 7 6
1 9 0
2 9 0
3 9 0
t 4 25
m0 6 6
1 9 1
2 9 1
3 9 1
t 3 26
m0 6 6
1 9 0
2 9 0
3 9 0
t 2 26
m0 7 6
1 9 1
2 9 1
3 9 1
t 1 26
m0 8 6
1 9 1
2 9 1
3 9 1
t 0 26
