10
15
w 1 3
w 2 1
w 8 9
w 4 12
w 6 2
w 9 4
w 3 7
w 2 5
w 1 11
w 5 8
w 6 14
w 8 14
w 6 7
w 8 1
w 6 10
w 4 13
w 5 0
w 1 10
w 8 6
w 4 10
w 7 14
w 5 4
w 9 14
w 1 13
w 9 3
w 6 0
w 1 4
w 3 9
w 7 5
w 8 7
w 2 14
w 5 10
w 4 6
w 8 12
w 2 11
w 0 6
w 1 8
p 4 7
p 8 13
p 3 0
p 2 8
p 9 8
p 0 2
p 7 7
p 3 11
p 0 7
p 1 6
p 2 12
p 5 1
p 3 14
p 1 2
p 5 5
p 2 9
p 7 6
p 5 12
p 4 4
p 0 11
p 9 11
p 0 4
p 3 4
p 4 1
p 1 1
p 9 7
p 2 6
p 6 11
p 0 5
p 1 9
p 6 12
p 4 2
p 0 8
p 3 5
p 2 7
p 7 8
p 3 12
p 1 12
p 6 1
p 7 13
p 3 1
p 9 9
p 0 13
p 5 7
p 7 4
p 5 14
p 3 8
p 6 13
p 1 7
p 0 9
p 9 5
p 4 3
p 5 2
p 2 4
p 9 12
p 8 4
m0 0 14
1 9 0
2 9 0
3 9 0
t 300 0
m0 0 14
1 8 0
2 8 0
3 8 0
t 299 0
m0 0 14
1 7 0
2 7 0
3 7 0
f 1 14
t 298 0
m0 0 14
1 7 1
2 7 1
3 7 1
t 297 0
m0 0 14
1 6 1
2 6 1
3 6 1
t 296 0
m0 0 14
1 5 1
2 5 1
3 5 1
t 295 0
m0 0 14
1 4 1
2 4 1
3 4 1
t 294 0
m0 0 14
1 3 1
2 3 1
3 3 1
t 293 0
m0 0 14
1 3 2
2 3 2
3 3 2
t 292 0
m0 0 14
1 2 2
2 2 2
3 2 2
t 291 0
m0 0 14
1 1 2
2 1 2
3 1 2
t 290 0
m0 0 14
1 0 2
2 0 2
3 0 2
t 289 0
m0 1 14
1 1 2
2 1 2
3 1 2
t 288 10
m0 0 14
1 0 2
2 0 2
3 0 2
t 287 10
m0 1 14
1 1 2
2 1 2
3 1 2
t 286 10
m0 0 14
1 0 2
2 0 2
3 0 2
t 285 10
m0 1 14
1 1 2
2 1 2
3 1 2
f 8 5
t 284 10
m0 0 14
1 0 2
2 0 2
3 0 2
t 283 10
m0 1 14
1 1 2
2 1 2
3 1 2
t 282 10
m0 0 14
1 0 2
2 0 2
3 0 2
t 281 10
m0 1 14
1 1 2
2 1 2
3 1 2
t 280 10
m0 0 14
1 0 2
2 0 2
3 0 2
t 279 10
m0 1 14
1 1 2
2 1 2
3 1 2
t 278 10
m0 0 14
1 0 2
2 0 2
3 0 2
t 277 10
m0 1 14
1 1 2
2 1 2
3 1 2
t 276 10
m0 0 14
1 0 2
2 0 2
3 0 2
t 275 10
m0 1 14
1 1 2
2 1 2
3 1 2
t 274 10
m0 0 14
1 0 2
2 0 2
3 0 2
t 273 10
m0 1 14
1 1 2
2 1 2
3 1 2
t 272 10
m0 0 14
1 0 2
2 0 2
3 0 2
t 271 10
m0 1 14
1 1 2
2 1 2
3 1 2
t 270 10
m0 0 14
1 0 2
2 0 2
3 0 2
t 269 10
m0 1 14
1 1 2
2 1 2
3 1 2
t 268 10
m0 0 14
1 0 2
2 0 2
3 0 2
t 267 10
m0 1 14
1 1 2
2 1 2
3 1 2
t 266 10
m0 0 14
1 0 2
2 0 2
3 0 2
t 265 10
m0 1 14
1 1 2
2 1 2
3 1 2
t 264 10
m0 0 14
1 0 2
2 0 2
3 0 2
t 263 10
m0 1 14
1 1 2
2 1 2
3 1 2
t 262 10
m0 0 14
1 0 2
2 0 2
3 0 2
t 261 10
m0 1 14
1 1 2
2 1 2
3 1 2
t 260 10
m0 0 14
1 0 2
2 0 2
3 0 2
t 259 10
m0 1 14
1 1 2
2 1 2
3 1 2
t 258 10
m0 0 14
1 0 2
2 0 2
3 0 2
t 257 10
m0 1 14
1 1 2
2 1 2
3 1 2
t 256 10
m0 0 14
1 0 2
2 0 2
3 0 2
t 255 10
m0 1 14
1 1 2
2 1 2
3 1 2
t 254 10
m0 0 14
1 0 2
2 0 2
3 0 2
t 253 10
m0 1 14
1 1 2
2 1 2
3 1 2
t 252 10
m0 0 14
1 0 2
2 0 2
3 0 2
t 251 10
m0 1 14
1 1 2
2 1 2
3 1 2
t 250 10
m0 0 14
1 0 2
2 0 2
3 0 2
t 249 10
m0 1 14
1 1 2
2 1 2
3 1 2
t 248 10
m0 0 14
1 0 2
2 0 2
3 0 2
t 247 10
m0 1 14
1 1 2
2 1 2
3 1 2
t 246 10
m0 0 14
1 0 2
2 0 2
3 0 2
t 245 10
m0 1 14
1 1 2
2 1 2
3 1 2
t 244 10
m0 0 14
1 0 2
2 0 2
3 0 2
t 243 10
m0 1 14
1 1 2
2 1 2
3 1 2
t 242 10
m0 0 14
1 0 2
2 0 2
3 0 2
t 241 10
m0 1 14
1 1 2
2 1 2
3 1 2
t 240 10
m0 0 14
1 0 2
2 0 2
3 0 2
t 239 10
m0 1 14
1 1 2
2 1 2
3 1 2
t 238 10
m0 0 14
1 0 2
2 0 2
3 0 2
t 237 10
m0 1 14
1 1 2
2 1 2
3 1 2
t 236 10
m0 0 14
1 0 2
2 0 2
3 0 2
t 235 10
m0 1 14
1 1 2
2 1 2
3 1 2
t 234 10
m0 0 14
1 0 2
2 0 2
3 0 2
t 233 10
m0 1 14
1 1 2
2 1 2
3 1 2
t 232 10
m0 0 14
1 0 2
2 0 2
3 0 2
t 231 10
m0 1 14
1 1 2
2 1 2
3 1 2
t 230 10
m0 0 14
1 0 2
2 0 2
3 0 2
t 229 10
m0 1 14
1 1 2
2 1 2
3 1 2
t 228 10
m0 0 14
1 0 2
2 0 2
3 0 2
t 227 10
m0 1 14
1 1 2
2 1 2
3 1 2
t 226 10
m0 0 14
1 0 2
2 0 2
3 0 2
t 225 10
m0 1 14
1 1 2
2 1 2
3 1 2
t 224 10
m0 0 14
1 0 2
2 0 2
3 0 2
t 223 10
m0 1 14
1 1 2
2 1 2
3 1 2
t 222 10
m0 0 14
1 0 2
2 0 2
3 0 2
t 221 10
m0 1 14
1 1 2
2 1 2
3 1 2
t 220 10
m0 0 14
1 0 2
2 0 2
3 0 2
t 219 10
m0 1 14
1 1 2
2 1 2
3 1 2
t 218 10
m0 0 14
1 0 2
2 0 2
3 0 2
t 217 10
m0 1 14
1 1 2
2 1 2
3 1 2
t 216 10
m0 0 14
1 0 2
2 0 2
3 0 2
t 215 10
m0 1 14
1 1 2
2 1 2
3 1 2
t 214 10
m0 0 14
1 0 2
2 0 2
3 0 2
t 213 10
m0 1 14
1 1 2
2 1 2
3 1 2
t 212 10
m0 0 14
1 0 2
2 0 2
3 0 2
t 211 10
m0 1 14
1 1 2
2 1 2
3 1 2
t 210 10
m0 0 14
1 0 2
2 0 2
3 0 2
t 209 10
m0 1 14
1 1 2
2 1 2
3 1 2
t 208 10
m0 0 14
1 0 2
2 0 2
3 0 2
t 207 10
m0 1 14
1 1 2
2 1 2
3 1 2
t 206 10
m0 0 14
1 0 2
2 0 2
3 0 2
t 205 10
m0 1 14
1 1 2
2 1 2
3 1 2
t 204 10
m0 0 14
1 0 2
2 0 2
3 0 2
t 203 10
m0 1 14
1 1 2
2 1 2
3 1 2
t 202 10
m0 0 14
1 0 2
2 0 2
3 0 2
t 201 10
m0 1 14
1 1 2
2 1 2
3 1 2
t 200 10
m0 0 14
1 0 2
2 0 2
3 0 2
t 199 10
m0 1 14
1 1 2
2 1 2
3 1 2
t 198 10
m0 0 14
1 0 2
2 0 2
3 0 2
t 197 10
m0 1 14
1 1 2
2 1 2
3 1 2
t 196 10
m0 0 14
1 0 2
2 0 2
3 0 2
t 195 10
m0 1 14
1 1 2
2 1 2
3 1 2
t 194 10
m0 0 14
1 0 2
2 0 2
3 0 2
t 193 10
m0 1 14
1 1 2
2 1 2
3 1 2
t 192 10
m0 0 14
1 0 2
2 0 2
3 0 2
t 191 10
m0 1 14
1 1 2
2 1 2
3 1 2
t 190 10
m0 0 14
1 0 2
2 0 2
3 0 2
t 189 10
m0 1 14
1 1 2
2 1 2
3 1 2
t 188 10
m0 0 14
1 0 2
2 0 2
3 0 2
t 187 10
m0 1 14
1 1 2
2 1 2
3 1 2
t 186 10
m0 0 14
1 0 2
2 0 2
3 0 2
t 185 10
m0 1 14
1 1 2
2 1 2
3 1 2
t 184 10
m0 0 14
1 0 2
2 0 2
3 0 2
t 183 10
m0 1 14
1 1 2
2 1 2
3 1 2
t 182 10
m0 0 14
1 0 2
2 0 2
3 0 2
t 181 10
m0 1 14
1 1 2
2 1 2
3 1 2
t 180 10
m0 0 14
1 0 2
2 0 2
3 0 2
t 179 10
m0 1 14
1 1 2
2 1 2
3 1 2
t 178 10
m0 0 14
1 0 2
2 0 2
3 0 2
t 177 10
m0 1 14
1 1 2
2 1 2
3 1 2
t 176 10
m0 0 14
1 0 2
2 0 2
3 0 2
t 175 10
m0 1 14
1 1 2
2 1 2
3 1 2
t 174 10
m0 0 14
1 0 2
2 0 2
3 0 2
t 173 10
m0 1 14
1 1 2
2 1 2
3 1 2
t 172 10
m0 0 14
1 0 2
2 0 2
3 0 2
t 171 10
m0 1 14
1 1 2
2 1 2
3 1 2
t 170 10
m0 0 14
1 0 2
2 0 2
3 0 2
t 169 10
m0 1 14
1 1 2
2 1 2
3 1 2
t 168 10
m0 0 14
1 0 2
2 0 2
3 0 2
t 167 10
m0 1 14
1 1 2
2 1 2
3 1 2
t 166 10
m0 0 14
1 0 2
2 0 2
3 0 2
t 165 10
m0 1 14
1 1 2
2 1 2
3 1 2
t 164 10
m0 0 14
1 0 2
2 0 2
3 0 2
t 163 10
m0 1 14
1 1 2
2 1 2
3 1 2
t 162 10
m0 0 14
1 0 2
2 0 2
3 0 2
t 161 10
m0 1 14
1 1 2
2 1 2
3 1 2
t 160 10
m0 0 14
1 0 2
2 0 2
3 0 2
t 159 10
m0 1 14
1 1 2
2 1 2
3 1 2
t 158 10
m0 0 14
1 0 2
2 0 2
3 0 2
t 157 10
m0 1 14
1 1 2
2 1 2
3 1 2
t 156 10
m0 0 14
1 0 2
2 0 2
3 0 2
t 155 10
m0 1 14
1 1 2
2 1 2
3 1 2
t 154 10
m0 0 14
1 0 2
2 0 2
3 0 2
t 153 10
m0 1 14
1 1 2
2 1 2
3 1 2
t 152 10
m0 0 14
1 0 2
2 0 2
3 0 2
t 151 10
m0 1 14
1 1 2
2 1 2
3 1 2
t 150 10
m0 0 14
1 0 2
2 0 2
3 0 2
t 149 10
m0 1 14
1 1 2
2 1 2
3 1 2
t 148 10
m0 0 14
1 0 2
2 0 2
3 0 2
t 147 10
m0 1 14
1 1 2
2 1 2
3 1 2
t 146 10
m0 0 14
1 0 2
2 0 2
3 0 2
t 145 10
m0 1 14
1 1 2
2 1 2
3 1 2
t 144 10
m0 0 14
1 0 2
2 0 2
3 0 2
t 143 10
m0 1 14
1 1 2
2 1 2
3 1 2
t 142 10
m0 0 14
1 0 2
2 0 2
3 0 2
t 141 10
m0 1 14
1 1 2
2 1 2
3 1 2
t 140 10
m0 0 14
1 0 2
2 0 2
3 0 2
t 139 10
m0 1 14
1 1 2
2 1 2
3 1 2
t 138 10
m0 0 14
1 0 2
2 0 2
3 0 2
t 137 10
m0 1 14
1 1 2
2 1 2
3 1 2
t 136 10
m0 0 14
1 0 2
2 0 2
3 0 2
t 135 10
m0 1 14
1 1 2
2 1 2
3 1 2
t 134 10
m0 0 14
1 0 2
2 0 2
3 0 2
t 133 10
m0 1 14
1 1 2
2 1 2
3 1 2
t 132 10
m0 0 14
1 0 2
2 0 2
3 0 2
t 131 10
m0 1 14
1 1 2
2 1 2
3 1 2
t 130 10
m0 0 14
1 0 2
2 0 2
3 0 2
t 129 10
m0 1 14
1 1 2
2 1 2
3 1 2
t 128 10
m0 0 14
1 0 2
2 0 2
3 0 2
t 127 10
m0 1 14
1 1 2
2 1 2
3 1 2
t 126 10
m0 0 14
1 0 2
2 0 2
3 0 2
t 125 10
m0 1 14
1 1 2
2 1 2
3 1 2
t 124 10
m0 0 14
1 0 2
2 0 2
3 0 2
t 123 10
m0 1 14
1 1 2
2 1 2
3 1 2
t 122 10
m0 0 14
1 0 2
2 0 2
3 0 2
t 121 10
m0 1 14
1 1 2
2 1 2
3 1 2
t 120 10
m0 0 14
1 0 2
2 0 2
3 0 2
t 119 10
m0 1 14
1 1 2
2 1 2
3 1 2
t 118 10
m0 0 14
1 0 2
2 0 2
3 0 2
t 117 10
m0 1 14
1 1 2
2 1 2
3 1 2
t 116 10
m0 0 14
1 0 2
2 0 2
3 0 2
t 115 10
m0 1 14
1 1 2
2 1 2
3 1 2
t 114 10
m0 0 14
1 0 2
2 0 2
3 0 2
t 113 10
m0 1 14
1 1 2
2 1 2
3 1 2
t 112 10
m0 0 14
1 0 2
2 0 2
3 0 2
t 111 10
m0 1 14
1 1 2
2 1 2
3 1 2
t 110 10
m0 0 14
1 0 2
2 0 2
3 0 2
t 109 10
m0 1 14
1 1 2
2 1 2
3 1 2
t 108 10
m0 0 14
1 0 2
2 0 2
3 0 2
t 107 10
m0 1 14
1 1 2
2 1 2
3 1 2
t 106 10
m0 0 14
1 0 2
2 0 2
3 0 2
t 105 10
m0 1 14
1 1 2
2 1 2
3 1 2
t 104 10
m0 0 14
1 0 2
2 0 2
3 0 2
t 103 10
m0 1 14
1 1 2
2 1 2
3 1 2
t 102 10
m0 0 14
1 0 2
2 0 2
3 0 2
t 101 10
m0 1 14
1 1 2
2 1 2
3 1 2
t 100 10
m0 0 14
1 0 2
2 0 2
3 0 2
t 99 10
m0 1 14
1 1 2
2 1 2
3 1 2
t 98 10
m0 0 14
1 0 2
2 0 2
3 0 2
t 97 10
m0 1 14
1 1 2
2 1 2
3 1 2
t 96 10
m0 0 14
1 0 2
2 0 2
3 0 2
t 95 10
m0 1 14
1 1 2
2 1 2
3 1 2
t 94 10
m0 0 14
1 0 2
2 0 2
3 0 2
t 93 10
m0 1 14
1 1 2
2 1 2
3 1 2
t 92 10
m0 0 14
1 0 2
2 0 2
3 0 2
t 91 10
m0 1 14
1 1 2
2 1 2
3 1 2
t 90 10
m0 0 14
1 0 2
2 0 2
3 0 2
t 89 10
m0 1 14
1 1 2
2 1 2
3 1 2
t 88 10
m0 0 14
1 0 2
2 0 2
3 0 2
t 87 10
m0 1 14
1 1 2
2 1 2
3 1 2
t 86 10
m0 0 14
1 0 2
2 0 2
3 0 2
t 85 10
m0 1 14
1 1 2
2 1 2
3 1 2
t 84 10
m0 0 14
1 0 2
2 0 2
3 0 2
t 83 10
m0 1 14
1 1 2
2 1 2
3 1 2
t 82 10
m0 0 14
1 0 2
2 0 2
3 0 2
t 81 10
m0 1 14
1 1 2
2 1 2
3 1 2
t 80 10
m0 0 14
1 0 2
2 0 2
3 0 2
t 79 10
m0 1 14
1 1 2
2 1 2
3 1 2
t 78 10
m0 0 14
1 0 2
2 0 2
3 0 2
t 77 10
m0 1 14
1 1 2
2 1 2
3 1 2
t 76 10
m0 0 14
1 0 2
2 0 2
3 0 2
t 75 10
m0 1 14
1 1 2
2 1 2
3 1 2
t 74 10
m0 0 14
1 0 2
2 0 2
3 0 2
t 73 10
m0 1 14
1 1 2
2 1 2
3 1 2
t 72 10
m0 0 14
1 0 2
2 0 2
3 0 2
t 71 10
m0 1 14
1 1 2
2 1 2
3 1 2
t 70 10
m0 0 14
1 0 2
2 0 2
3 0 2
t 69 10
m0 1 14
1 1 2
2 1 2
3 1 2
t 68 10
m0 0 14
1 0 2
2 0 2
3 0 2
t 67 10
m0 1 14
1 1 2
2 1 2
3 1 2
t 66 10
m0 0 14
1 0 2
2 0 2
3 0 2
t 65 10
m0 1 14
1 1 2
2 1 2
3 1 2
t 64 10
m0 0 14
1 0 2
2 0 2
3 0 2
t 63 10
m0 1 14
1 1 2
2 1 2
3 1 2
t 62 10
m0 0 14
1 0 2
2 0 2
3 0 2
t 61 10
m0 1 14
1 1 2
2 1 2
3 1 2
t 60 10
m0 0 14
1 0 2
2 0 2
3 0 2
t 59 10
m0 1 14
1 1 2
2 1 2
3 1 2
t 58 10
m0 0 14
1 0 2
2 0 2
3 0 2
t 57 10
m0 1 14
1 1 2
2 1 2
3 1 2
t 56 10
m0 0 14
1 0 2
2 0 2
3 0 2
t 55 10
m0 1 14
1 1 2
2 1 2
3 1 2
t 54 10
m0 0 14
1 0 2
2 0 2
3 0 2
t 53 10
m0 1 14
1 1 2
2 1 2
3 1 2
t 52 10
m0 0 14
1 0 2
2 0 2
3 0 2
t 51 10
m0 1 14
1 1 2
2 1 2
3 1 2
t 50 10
m0 0 14
1 0 2
2 0 2
3 0 2
t 49 10
m0 1 14
1 1 2
2 1 2
3 1 2
t 48 10
m0 0 14
1 0 2
2 0 2
3 0 2
t 47 10
m0 1 14
1 1 2
2 1 2
3 1 2
t 46 10
m0 0 14
1 0 2
2 0 2
3 0 2
t 45 10
m0 1 14
1 1 2
2 1 2
3 1 2
t 44 10
m0 0 14
1 0 2
2 0 2
3 0 2
t 43 10
m0 1 14
1 1 2
2 1 2
3 1 2
t 42 10
m0 0 14
1 0 2
2 0 2
3 0 2
t 41 10
m0 1 14
1 1 2
2 1 2
3 1 2
t 40 10
m0 0 14
1 0 2
2 0 2
3 0 2
t 39 10
m0 1 14
1 1 2
2 1 2
3 1 2
t 38 10
m0 0 14
1 0 2
2 0 2
3 0 2
t 37 10
m0 1 14
1 1 2
2 1 2
3 1 2
t 36 10
m0 0 14
1 0 2
2 0 2
3 0 2
t 35 10
m0 1 14
1 1 2
2 1 2
3 1 2
t 34 10
m0 0 14
1 0 2
2 0 2
3 0 2
t 33 10
m0 1 14
1 1 2
2 1 2
3 1 2
t 32 10
m0 0 14
1 0 2
2 0 2
3 0 2
t 31 10
m0 1 14
1 1 2
2 1 2
3 1 2
t 30 10
m0 0 14
1 0 2
2 0 2
3 0 2
t 29 10
m0 1 14
1 1 2
2 1 2
3 1 2
t 28 10
m0 0 14
1 0 2
2 0 2
3 0 2
t 27 10
m0 1 14
1 1 2
2 1 2
3 1 2
t 26 10
m0 0 14
1 0 2
2 0 2
3 0 2
t 25 10
m0 1 14
1 1 2
2 1 2
3 1 2
t 24 10
m0 0 14
1 0 2
2 0 2
3 0 2
t 23 10
m0 1 14
1 1 2
2 1 2
3 1 2
t 22 10
m0 0 14
1 0 2
2 0 2
3 0 2
t 21 10
m0 1 14
1 1 2
2 1 2
3 1 2
t 20 10
m0 0 14
1 0 2
2 0 2
3 0 2
t 19 10
m0 1 14
1 1 2
2 1 2
3 1 2
t 18 10
m0 0 14
1 0 2
2 0 2
3 0 2
t 17 10
m0 1 14
1 1 2
2 1 2
3 1 2
t 16 10
m0 0 14
1 0 2
2 0 2
3 0 2
t 15 10
m0 1 14
1 1 2
2 1 2
3 1 2
t 14 10
m0 0 14
1 0 2
2 0 2
3 0 2
t 13 10
m0 1 14
1 1 2
2 1 2
3 1 2
t 12 10
m0 0 14
1 0 2
2 0 2
3 0 2
t 11 10
m0 1 14
1 1 2
2 1 2
3 1 2
t 10 10
m0 0 14
1 0 2
2 0 2
3 0 2
t 9 10
m0 1 14
1 1 2
2 1 2
3 1 2
t 8 10
m0 0 14
1 0 2
2 0 2
3 0 2
t 7 10
m0 1 14
1 1 2
2 1 2
3 1 2
t 6 10
m0 0 14
1 0 2
2 0 2
3 0 2
t 5 10
m0 1 14
1 1 2
2 1 2
3 1 2
t 4 10
m0 0 14
1 0 2
2 0 2
3 0 2
t 3 10
m0 1 14
1 1 2
2 1 2
3 1 2
t 2 10
m0 0 14
1 0 2
2 0 2
3 0 2
t 1 10
m0 1 14
1 0 2
2 0 2
3 0 2
t 0 10
