10
15
w 5 9
w 9 1
w 3 0
w 5 6
w 7 12
w 7 7
w 8 9
w 3 7
w 2 5
w 0 3
w 5 12
w 4 4
w 1 14
w 6 3
w 1 5
w 2 13
w 0 11
w 8 6
w 4 1
w 1 1
w 3 13
w 6 11
w 0 12
w 2 3
w 2 14
w 4 11
w 2 7
w 8 3
w 6 1
w 5 7
w 2 11
w 3 8
w 1 7
w 0 9
w 2 4
w 9 12
w 8 4
p 7 3
p 6 9
p 1 3
p 8 13
p 6 6
p 2 8
p 5 13
p 2 1
p 0 10
p 9 4
p 1 11
p 3 14
p 7 2
p 1 2
p 9 0
p 6 7
p 4 9
p 3 3
p 3 10
p 4 13
p 9 11
p 3 6
p 7 10
p 5 0
p 4 10
p 5 4
p 2 6
p 6 4
p 7 14
p 7 1
p 5 11
p 1 13
p 4 14
p 2 10
p 9 10
p 3 9
p 0 5
p 1 9
p 8 7
p 4 2
p 1 0
p 0 8
p 7 9
p 3 5
p 5 3
p 1 12
p 8 12
p 9 2
p 7 13
p 0 13
p 2 0
p 8 8
p 6 13
p 9 5
p 7 8
p 0 2
m0 0 14
1 9 0
2 9 0
3 9 0
t 300 0
m0 0 14
1 8 0
2 8 0
3 8 0
t 299 0
m0 0 14
1 9 0
2 7 0
3 8 1
t 298 0
m0 0 13
1 8 0
2 6 0
3 7 1
t 297 1
m0 0 13
1 9 0
2 5 0
3 7 2
t 296 1
m0 0 13
1 8 0
2 4 0
3 6 2
t 295 1
m0 0 13
1 9 0
2 5 0
3 7 2
t 294 1
m0 0 14
1 8 0
2 4 0
3 6 2
t 293 1
m0 0 14
1 9 0
2 5 0
3 7 2
t 292 1
m0 0 13
1 8 0
2 4 0
3 6 2
t 291 1
m0 0 14
1 9 0
2 5 0
3 7 2
t 290 1
m0 0 14
1 8 0
2 4 0
3 6 2
t 289 1
m0 0 14
1 9 0
2 5 0
3 7 2
t 288 1
m0 0 14
1 8 0
2 4 0
3 6 2
t 287 1
m0 0 14
1 9 0
2 5 0
3 7 2
t 286 1
m0 0 13
1 8 0
2 4 0
3 6 2
t 285 1
m0 1 13
1 9 0
2 5 0
3 7 2
t 284 2
m0 1 12
1 8 0
2 4 0
3 6 2
t 283 3
m0 2 12
1 9 0
2 5 0
3 7 2
t 282 3
m0 1 12
1 8 0
2 4 0
3 6 2
t 281 3
m0 1 12
1 9 0
2 5 0
3 7 2
t 280 3
m0 1 13
1 8 0
2 4 0
3 6 2
t 279 3
m0 0 13
1 9 0
2 5 0
3 7 2
t 278 3
m0 1 13
1 8 0
2 4 0
3 6 2
t 277 3
m0 1 13
1 9 0
2 5 0
3 7 2
t 276 3
m0 0 13
1 8 0
2 4 0
3 6 2
t 275 3
m0 0 13
1 9 0
2 5 0
3 7 2
t 274 3
m0 1 13
1 8 0
2 4 0
3 6 2
t 273 3
m0 1 13
1 9 0
2 5 0
3 7 2
t 272 3
m0 0 13
1 8 0
2 4 0
3 6 2
t 271 3
m0 0 14
1 9 0
2 5 0
3 7 2
t 270 3
m0 0 14
1 8 0
2 4 0
3 6 2
t 269 3
m0 0 13
1 9 0
2 5 0
3 7 2
t 268 3
m0 0 13
1 8 0
2 4 0
3 6 2
t 267 3
m0 1 13
1 9 0
2 5 0
3 7 2
t 266 3
m0 0 13
1 8 0
2 4 0
3 6 2
t 265 3
m0 1 13
1 9 0
2 5 0
3 7 2
t 264 3
m0 1 13
1 8 0
2 4 0
3 6 2
t 263 3
m0 1 13
1 9 0
2 5 0
3 7 2
t 262 3
m0 0 13
1 8 0
2 4 0
3 6 2
t 261 3
m0 1 13
1 9 0
2 5 0
3 7 2
t 260 3
m0 1 12
1 8 0
2 4 0
3 6 2
t 259 3
m0 2 12
1 9 0
2 5 0
3 7 2
t 258 3
m0 2 12
1 8 0
2 4 0
3 6 2
t 257 3
m0 3 12
1 9 0
2 5 0
3 7 2
t 256 3
m0 2 12
1 8 0
2 4 0
3 6 2
t 255 3
m0 3 12
1 9 0
2 5 0
3 7 2
t 254 3
m0 3 11
1 8 0
2 4 0
3 6 2
t 253 3
m0 3 10
1 9 0
2 5 0
3 7 2
t 252 4
m0 3 11
1 8 0
2 4 0
3 6 2
t 251 4
m0 3 12
1 9 0
2 5 0
3 7 2
t 250 4
m0 4 12
1 8 0
2 4 0
3 6 2
t 249 4
m0 4 12
1 9 0
2 5 0
3 7 2
t 248 4
m0 4 13
1 8 0
2 4 0
3 6 2
t 247 5
m0 4 12
1 9 0
2 5 0
3 7 2
t 246 5
m0 3 12
1 8 0
2 4 0
3 6 2
t 245 5
m0 4 12
1 9 0
2 5 0
3 7 2
t 244 5
m0 3 12
1 8 0
2 4 0
3 6 2
t 243 5
m0 3 11
1 9 0
2 5 0
3 7 2
t 242 5
m0 3 11
1 8 0
2 4 0
3 6 2
t 241 5
m0 3 12
1 9 0
2 5 0
3 7 2
t 240 5
m0 2 12
1 8 0
2 4 0
3 6 2
t 239 5
m0 2 12
1 9 0
2 5 0
3 7 2
t 238 5
m0 2 12
1 8 0
2 4 0
3 6 2
t 237 5
m0 2 12
1 9 0
2 5 0
3 7 2
t 236 5
m0 3 12
1 8 0
2 4 0
3 6 2
t 235 5
m0 3 12
1 9 0
2 5 0
3 7 2
t 234 5
m0 2 12
1 8 0
2 4 0
3 6 2
t 233 5
m0 2 12
1 9 0
2 5 0
3 7 2
t 232 5
m0 2 12
1 8 0
2 4 0
3 6 2
t 231 5
m0 1 12
1 9 0
2 5 0
3 7 2
t 230 5
m0 1 11
1 8 0
2 4 0
3 6 2
f 6 14
t 229 6
m0 1 12
1 9 0
2 5 0
3 7 2
t 228 6
m0 1 12
1 8 0
2 4 0
3 6 2
t 227 6
m0 1 12
1 9 0
2 5 0
3 7 2
t 226 6
m0 1 11
1 8 0
2 4 0
3 6 2
t 225 6
m0 1 10
1 9 0
2 5 0
3 7 2
t 224 6
m0 1 11
1 8 0
2 4 0
3 6 2
t 223 6
m0 1 11
1 9 0
2 5 0
3 7 2
t 222 6
m0 1 11
1 8 0
2 4 0
3 6 2
t 221 6
m0 1 11
1 9 0
2 5 0
3 7 2
t 220 6
m0 1 12
1 8 0
2 4 0
3 6 2
t 219 6
m0 1 11
1 9 0
2 5 0
3 7 2
t 218 6
m0 1 12
1 8 0
2 4 0
3 6 2
t 217 6
m0 2 12
1 9 0
2 5 0
3 7 2
t 216 6
m0 1 12
1 8 0
2 4 0
3 6 2
t 215 6
m0 1 11
1 9 0
2 5 0
3 7 2
t 214 6
m0 1 10
1 8 0
2 4 0
3 6 2
t 213 6
m0 1 10
1 9 0
2 5 0
3 7 2
t 212 6
m0 1 9
1 8 0
2 4 0
3 6 2
t 211 7
m0 2 9
1 9 0
2 5 0
3 7 2
t 210 7
m0 1 9
1 8 0
2 4 0
3 6 2
t 209 7
m0 2 9
1 9 0
2 5 0
3 7 2
t 208 7
m0 2 10
1 8 0
2 4 0
3 6 2
t 207 8
m0 2 9
1 9 0
2 5 0
3 7 2
t 206 8
m0 3 9
1 8 0
2 4 0
3 6 2
t 205 9
m0 4 9
1 9 0
2 5 0
3 7 2
t 204 10
m0 4 10
1 8 0
2 4 0
3 6 2
t 203 11
m0 4 9
1 9 0
2 5 0
3 7 2
t 202 11
m0 3 9
1 8 0
2 4 0
3 6 2
t 201 11
m0 3 9
1 9 0
2 5 0
3 7 2
t 200 11
m0 4 9
1 8 0
2 4 0
3 6 2
t 199 11
m0 4 8
1 9 0
2 5 0
3 7 2
t 198 11
m0 4 9
1 8 0
2 4 0
3 6 2
t 197 11
m0 4 8
1 9 0
2 5 0
3 7 2
t 196 11
m0 5 8
1 8 0
2 4 0
3 6 2
t 195 11
m0 5 8
1 9 0
2 5 0
3 7 2
t 194 11
m0 5 8
1 8 0
2 4 0
3 6 2
t 193 11
m0 4 8
1 9 0
2 5 0
3 7 2
t 192 11
m0 5 8
1 8 0
2 4 0
3 6 2
t 191 11
m0 5 8
1 9 0
2 5 0
3 7 2
t 190 11
m0 6 8
1 8 0
2 4 0
3 6 2
t 189 11
m0 5 8
1 9 0
2 5 0
3 7 2
t 188 11
m0 4 8
1 8 0
2 4 0
3 6 2
t 187 11
m0 4 8
1 9 0
2 5 0
3 7 2
t 186 11
m0 4 7
1 8 0
2 4 0
3 6 2
t 185 11
m0 4 8
1 9 0
2 5 0
3 7 2
t 184 11
m0 4 9
1 8 0
2 4 0
3 6 2
t 183 11
m0 3 9
1 9 0
2 5 0
3 7 2
t 182 11
m0 3 9
1 8 0
2 4 0
3 6 2
t 181 11
m0 3 9
1 9 0
2 5 0
3 7 2
t 180 11
m0 4 9
1 8 0
2 4 0
3 6 2
t 179 11
m0 3 9
1 9 0
2 5 0
3 7 2
t 178 11
m0 2 9
1 8 0
2 4 0
3 6 2
t 177 11
m0 2 9
1 9 0
2 5 0
3 7 2
t 176 11
m0 1 9
1 8 0
2 4 0
3 6 2
t 175 11
m0 1 10
1 9 0
2 5 0
3 7 2
t 174 11
m0 2 10
1 8 0
2 4 0
3 6 2
t 173 11
m0 3 10
1 9 0
2 5 0
3 7 2
t 172 11
m0 3 9
1 8 0
2 4 0
3 6 2
t 171 11
m0 3 9
1 9 0
2 5 0
3 7 2
t 170 11
m0 3 9
1 8 0
2 4 0
3 6 2
t 169 11
m0 3 9
1 9 0
2 5 0
3 7 2
t 168 11
m0 3 10
1 8 0
2 4 0
3 6 2
t 167 11
m0 3 9
1 9 0
2 5 0
3 7 2
t 166 11
m0 3 10
1 8 0
2 4 0
3 6 2
t 165 11
m0 4 10
1 9 0
2 5 0
3 7 2
t 164 11
m0 3 10
1 8 0
2 4 0
3 6 2
t 163 11
m0 3 11
1 9 0
2 5 0
3 7 2
t 162 11
m0 3 11
1 8 0
2 4 0
3 6 2
t 161 11
m0 3 11
1 9 0
2 5 0
3 7 2
t 160 11
m0 3 12
1 8 0
2 4 0
3 6 2
t 159 11
m0 4 12
1 9 0
2 5 0
3 7 2
t 158 11
m0 3 12
1 8 0
2 4 0
3 6 2
t 157 11
m0 4 12
1 9 0
2 5 0
3 7 2
t 156 11
m0 4 13
1 8 0
2 4 0
3 6 2
t 155 11
m0 4 14
1 9 0
2 5 0
3 7 2
t 154 12
m0 5 14
1 8 0
2 4 0
3 6 2
t 153 12
m0 5 14
1 9 0
2 5 0
3 7 2
t 152 12
m0 6 14
1 8 0
2 4 0
3 6 2
t 151 22
m0 7 14
1 9 0
2 5 0
3 7 2
t 150 23
m0 6 14
1 8 0
2 4 0
3 6 2
t 149 23
m0 6 14
1 9 0
2 5 0
3 7 2
t 148 23
m0 5 14
1 8 0
2 4 0
3 6 2
t 147 23
m0 6 14
1 9 0
2 5 0
3 7 2
t 146 23
m0 6 13
1 8 0
2 4 0
3 6 2
t 145 24
m0 5 13
1 9 0
2 5 0
3 7 2
t 144 25
m0 5 13
1 8 0
2 4 0
3 6 2
t 143 25
m0 5 13
1 9 0
2 5 0
3 7 2
t 142 25
m0 4 13
1 8 0
2 4 0
3 6 2
t 141 25
m0 5 13
1 9 0
2 5 0
3 7 2
t 140 25
m0 6 13
1 8 0
2 4 0
3 6 2
f 6 10
t 139 25
m0 6 13
1 9 0
2 5 0
3 7 2
t 138 25
m0 6 12
1 8 0
2 4 0
3 6 2
t 137 25
m0 6 13
1 9 0
2 5 0
3 7 2
t 136 25
m0 6 12
1 8 0
2 4 0
3 6 2
t 135 25
m0 6 13
1 9 0
2 5 0
3 7 2
t 134 25
m0 7 13
1 8 0
2 4 0
3 6 2
t 133 26
m0 7 13
1 9 0
2 5 0
3 7 2
t 132 26
m0 6 13
1 8 0
2 4 0
3 6 2
t 131 26
m0 6 13
1 9 0
2 5 0
3 7 2
t 130 26
m0 6 12
1 8 0
2 4 0
3 6 2
t 129 26
m0 6 12
1 9 0
2 5 0
3 7 2
t 128 26
m0 6 13
1 8 0
2 4 0
3 6 2
t 127 26
m0 7 13
1 9 0
2 5 0
3 7 2
t 126 26
m0 7 14
1 8 0
2 4 0
3 6 2
t 125 26
m0 7 14
1 9 0
2 5 0
3 7 2
t 124 26
m0 8 14
1 8 0
2 4 0
3 6 2
t 123 26
m0 7 14
1 9 0
2 5 0
3 7 2
t 122 26
m0 8 14
1 8 0
2 4 0
3 6 2
t 121 26
m0 7 14
1 9 0
2 5 0
3 7 2
t 120 26
m0 7 13
1 8 0
2 4 0
3 6 2
t 119 26
m0 8 13
1 9 0
2 5 0
3 7 2
t 118 27
m0 8 12
1 8 0
2 4 0
3 6 2
t 117 28
m0 8 13
1 9 0
2 5 0
3 7 2
t 116 28
m0 8 12
1 8 0
2 4 0
3 6 2
t 115 28
m0 8 12
1 9 0
2 5 0
3 7 2
t 114 28
m0 8 13
1 8 0
2 4 0
3 6 2
t 113 28
m0 8 14
1 9 0
2 5 0
3 7 2
t 112 28
m0 7 14
1 8 0
2 4 0
3 6 2
t 111 28
m0 6 14
1 9 0
2 5 0
3 7 2
t 110 28
m0 6 13
1 8 0
2 4 0
3 6 2
t 109 28
m0 6 12
1 9 0
2 5 0
3 7 2
t 108 28
m0 6 12
1 8 0
2 4 0
3 6 2
t 107 28
m0 6 13
1 9 0
2 5 0
3 7 2
t 106 28
m0 5 13
1 8 0
2 4 0
3 6 2
t 105 28
m0 6 13
1 9 0
2 5 0
3 7 2
t 104 28
m0 6 12
1 8 0
2 4 0
3 6 2
t 103 28
m0 6 12
1 9 0
2 5 0
3 7 2
t 102 28
m0 6 13
1 8 0
2 4 0
3 6 2
t 101 28
m0 5 13
1 9 0
2 5 0
3 7 2
t 100 28
m0 6 13
1 8 0
2 4 0
3 6 2
t 99 28
m0 6 12
1 9 0
2 5 0
3 7 2
t 98 28
m0 6 12
1 8 0
2 4 0
3 6 2
t 97 28
m0 6 12
1 9 0
2 5 0
3 7 2
t 96 28
m0 6 13
1 8 0
2 4 0
3 6 2
t 95 28
m0 6 14
1 9 0
2 5 0
3 7 2
t 94 28
m0 6 13
1 8 0
2 4 0
3 6 2
t 93 28
m0 6 13
1 9 0
2 5 0
3 7 2
t 92 28
m0 5 13
1 8 0
2 4 0
3 6 2
t 91 28
m0 5 13
1 9 0
2 5 0
3 7 2
t 90 28
m0 5 13
1 8 0
2 4 0
3 6 2
t 89 28
m0 6 13
1 9 0
2 5 0
3 7 2
t 88 28
m0 6 13
1 8 0
2 4 0
3 6 2
t 87 28
m0 5 13
1 9 0
2 5 0
3 7 2
t 86 28
m0 5 14
1 8 0
2 4 0
3 6 2
t 85 28
m0 5 13
1 9 0
2 5 0
3 7 2
t 84 28
m0 4 13
1 8 0
2 4 0
3 6 2
t 83 28
m0 4 12
1 9 0
2 5 0
3 7 2
t 82 28
m0 4 13
1 8 0
2 4 0
3 6 2
t 81 28
m0 4 12
1 9 0
2 5 0
3 7 2
t 80 28
m0 4 12
1 8 0
2 4 0
3 6 2
t 79 28
m0 4 12
1 9 0
2 5 0
3 7 2
t 78 28
m0 4 13
1 8 0
2 4 0
3 6 2
t 77 28
m0 4 12
1 9 0
2 5 0
3 7 2
t 76 28
m0 4 13
1 8 0
2 4 0
3 6 2
t 75 28
m0 5 13
1 9 0
2 5 0
3 7 2
t 74 28
m0 6 13
1 8 0
2 4 0
3 6 2
t 73 28
m0 6 14
1 9 0
2 5 0
3 7 2
t 72 28
m0 5 14
1 8 0
2 4 0
3 6 2
t 71 28
m0 4 14
1 9 0
2 5 0
3 7 2
t 70 28
m0 4 14
1 8 0
2 4 0
3 6 2
t 69 28
m0 4 13
1 9 0
2 5 0
3 7 2
t 68 28
m0 4 12
1 8 0
2 4 0
3 6 2
t 67 28
m0 4 12
1 9 0
2 5 0
3 7 2
t 66 28
m0 4 13
1 8 0
2 4 0
3 6 2
t 65 28
m0 4 13
1 9 0
2 5 0
3 7 2
t 64 28
m0 4 13
1 8 0
2 4 0
3 6 2
t 63 28
m0 5 13
1 9 0
2 5 0
3 7 2
t 62 28
m0 5 13
1 8 0
2 4 0
3 6 2
t 61 28
m0 5 14
1 9 0
2 5 0
3 7 2
t 60 28
m0 6 14
1 8 0
2 4 0
3 6 2
t 59 28
m0 6 14
1 9 0
2 5 0
3 7 2
t 58 28
m0 6 14
1 8 0
2 4 0
3 6 2
t 57 28
m0 6 13
1 9 0
2 5 0
3 7 2
t 56 28
m0 5 13
1 8 0
2 4 0
3 6 2
t 55 28
m0 5 14
1 9 0
2 5 0
3 7 2
t 54 28
m0 5 13
1 8 0
2 4 0
3 6 2
t 53 28
m0 5 14
1 9 0
2 5 0
3 7 2
t 52 28
m0 5 13
1 8 0
2 4 0
3 6 2
t 51 28
m0 6 13
1 9 0
2 5 0
3 7 2
t 50 28
m0 6 14
1 8 0
2 4 0
3 6 2
t 49 28
m0 5 14
1 9 0
2 5 0
3 7 2
t 48 28
m0 6 14
1 8 0
2 4 0
3 6 2
t 47 28
m0 7 14
1 9 0
2 5 0
3 7 2
t 46 28
m0 7 13
1 8 0
2 4 0
3 6 2
t 45 28
m0 6 13
1 9 0
2 5 0
3 7 2
t 44 28
m0 5 13
1 8 0
2 4 0
3 6 2
t 43 28
m0 5 13
1 9 0
2 5 0
3 7 2
t 42 28
m0 4 13
1 8 0
2 4 0
3 6 2
t 41 28
m0 5 13
1 9 0
2 5 0
3 7 2
t 40 28
m0 4 13
1 8 0
2 4 0
3 6 2
t 39 28
m0 4 14
1 9 0
2 5 0
3 7 2
t 38 28
m0 4 13
1 8 0
2 4 0
3 6 2
t 37 28
m0 4 13
1 9 0
2 5 0
3 7 2
t 36 28
m0 4 14
1 8 0
2 4 0
3 6 2
t 35 28
m0 3 14
1 9 0
2 5 0
3 7 2
t 34 29
m0 4 14
1 8 0
2 4 0
3 6 2
t 33 29
m0 4 13
1 9 0
2 5 0
3 7 2
t 32 29
m0 4 12
1 8 0
2 4 0
3 6 2
t 31 29
m0 4 13
1 9 0
2 5 0
3 7 2
t 30 29
m0 4 14
1 8 0
2 4 0
3 6 2
t 29 29
m0 4 14
1 9 0
2 5 0
3 7 2
t 28 29
m0 3 14
1 8 0
2 4 0
3 6 2
t 27 29
m0 3 14
1 9 0
2 5 0
3 7 2
t 26 29
m0 3 14
1 8 0
2 4 0
3 6 2
t 25 29
m0 3 14
1 9 0
2 5 0
3 7 2
t 24 29
m0 3 14
1 8 0
2 4 0
3 6 2
t 23 29
m0 3 14
1 9 0
2 5 0
3 7 2
t 22 29
m0 3 14
1 8 0
2 4 0
3 6 2
t 21 29
m0 3 14
1 9 0
2 5 0
3 7 2
t 20 29
m0 3 14
1 8 0
2 4 0
3 6 2
t 19 29
m0 3 14
1 9 0
2 5 0
3 7 2
t 18 29
m0 4 14
1 8 0
2 4 0
3 6 2
t 17 29
m0 4 14
1 9 0
2 5 0
3 7 2
t 16 29
m0 4 14
1 8 0
2 4 0
3 6 2
t 15 29
m0 3 14
1 9 0
2 5 0
3 7 2
t 14 29
m0 4 14
1 8 0
2 4 0
3 6 2
t 13 29
m0 4 13
1 9 0
2 5 0
3 7 2
t 12 29
m0 5 13
1 8 0
2 4 0
3 6 2
t 11 29
m0 5 14
1 9 0
2 5 0
3 7 2
t 10 29
m0 5 13
1 8 0
2 4 0
3 6 2
t 9 29
m0 5 14
1 9 0
2 5 0
3 7 2
t 8 29
m0 4 14
1 8 0
2 4 0
3 6 2
t 7 29
m0 3 14
1 9 0
2 5 0
3 7 2
t 6 29
m0 3 14
1 8 0
2 4 0
3 6 2
t 5 29
m0 4 14
1 9 0
2 5 0
3 7 2
t 4 29
m0 4 13
1 8 0
2 4 0
3 6 2
t 3 29
m0 4 14
1 9 0
2 5 0
3 7 2
t 2 29
m0 3 14
1 8 0
2 4 0
3 6 2
t 1 29
m0 4 14
1 8 0
2 4 0
3 6 2
t 0 29
