10
15
w 5 9
w 5 6
w 8 0
w 0 3
w 2 4
w 6 14
w 4 9
w 3 3
w 2 9
w 6 10
w 4 4
w 1 14
w 6 3
w 0 11
w 5 0
w 2 2
w 7 10
w 8 6
w 5 4
w 2 6
w 9 14
w 0 0
w 3 13
w 7 1
w 5 11
w 2 10
w 4 2
w 3 12
w 8 12
w 9 2
w 2 0
w 1 8
w 8 8
w 0 6
w 4 3
w 0 2
w 8 4
p 4 7
p 6 9
p 8 13
p 9 1
p 4 8
p 3 0
p 2 8
p 9 8
p 7 12
p 7 7
p 0 7
p 5 13
p 6 2
p 1 6
p 0 10
p 3 7
p 8 5
p 7 2
p 5 8
p 9 0
p 5 5
p 3 10
p 5 12
p 8 10
p 4 13
p 1 5
p 2 13
p 9 11
p 3 6
p 3 4
p 1 1
p 3 2
p 8 2
p 4 5
p 9 3
p 4 14
p 1 4
p 0 12
p 7 5
p 0 5
p 6 12
p 2 14
p 3 5
p 7 9
p 5 3
p 8 3
p 7 0
p 6 8
p 4 6
p 5 10
p 7 13
p 3 1
p 7 4
p 6 13
p 9 5
p 7 8
m0 0 14
1 9 0
2 9 0
3 9 0
t 300 0
m0 0 13
1 9 1
2 9 1
3 9 1
t 299 0
m0 1 13
1 9 0
2 9 0
3 9 0
t 298 0
m0 1 12
1 9 1
2 9 1
3 9 1
t 297 0
m0 1 13
1 9 0
2 9 0
3 9 0
t 296 0
m0 1 12
1 9 1
2 9 1
3 9 1
t 295 0
m0 1 11
1 9 0
2 9 0
3 9 0
t 294 0
m0 1 10
1 9 1
2 9 1
3 9 1
t 293 0
m0 0 10
1 9 0
2 9 0
3 9 0
t 292 1
m0 0 9
1 9 1
2 9 1
3 9 1
t 291 1
m0 1 9
1 9 0
2 9 0
3 9 0
t 290 1
m0 1 9
1 9 1
2 9 1
3 9 1
t 289 1
m0 1 9
1 9 0
2 9 0
3 9 0
t 288 1
m0 1 10
1 9 1
2 9 1
3 9 1
t 287 1
m0 1 9
1 9 0
2 9 0
3 9 0
t 286 1
m0 1 10
1 9 1
2 9 1
3 9 1
t 285 1
m0 1 10
1 9 0
2 9 0
3 9 0
t 284 1
m0 1 10
1 9 1
2 9 1
3 9 1
t 283 1
m0 1 11
1 9 0
2 9 0
3 9 0
t 282 1
m0 1 12
1 9 1
2 9 1
3 9 1
t 281 1
m0 1 13
1 9 0
2 9 0
3 9 0
t 280 1
m0 0 13
1 9 1
2 9 1
3 9 1
t 279 1
m0 0 12
1 9 0
2 9 0
3 9 0
t 278 2
m0 0 13
1 9 1
2 9 1
3 9 1
f 7 14
t 277 2
m0 0 13
1 9 0
2 9 0
3 9 0
t 276 2
m0 0 13
1 9 1
2 9 1
3 9 1
t 275 2
m0 0 13
1 9 0
2 9 0
3 9 0
t 274 2
m0 0 14
1 9 1
2 9 1
3 9 1
t 273 2
m0 0 13
1 9 0
2 9 0
3 9 0
t 272 2
m0 0 13
1 9 1
2 9 1
3 9 1
t 271 2
m0 0 14
1 9 0
2 9 0
3 9 0
t 270 2
m0 0 14
1 9 1
2 9 1
3 9 1
t 269 2
m0 0 13
1 9 0
2 9 0
3 9 0
t 268 2
m0 0 13
1 9 1
2 9 1
3 9 1
t 267 2
m0 0 14
1 9 0
2 9 0
3 9 0
t 266 2
m0 0 13
1 9 1
2 9 1
3 9 1
t 265 2
m0 0 14
1 9 0
2 9 0
3 9 0
t 264 2
m0 0 13
1 9 1
2 9 1
3 9 1
t 263 2
m0 0 13
1 9 0
2 9 0
3 9 0
t 262 2
m0 0 12
1 9 1
2 9 1
3 9 1
t 261 2
m0 0 13
1 9 0
2 9 0
3 9 0
t 260 2
m0 1 13
1 9 1
2 9 1
3 9 1
t 259 2
m0 2 13
1 9 0
2 9 0
3 9 0
t 258 3
m0 2 12
1 9 1
2 9 1
3 9 1
t 257 3
m0 1 12
1 9 0
2 9 0
3 9 0
t 256 3
m0 1 12
1 9 1
2 9 1
3 9 1
t 255 3
m0 1 12
1 9 0
2 9 0
3 9 0
t 254 3
m0 2 12
1 9 1
2 9 1
3 9 1
t 253 3
m0 2 11
1 9 0
2 9 0
3 9 0
t 252 3
m0 1 11
1 9 1
2 9 1
3 9 1
t 251 3
m0 1 11
1 9 0
2 9 0
3 9 0
t 250 3
m0 1 11
1 9 1
2 9 1
3 9 1
t 249 3
m0 1 10
1 9 0
2 9 0
3 9 0
t 248 3
m0 1 9
1 9 1
2 9 1
3 9 1
t 247 3
m0 1 10
1 9 0
2 9 0
3 9 0
t 246 3
m0 1 10
1 9 1
2 9 1
3 9 1
t 245 3
m0 1 10
1 9 0
2 9 0
3 9 0
t 244 3
m0 1 11
1 9 1
2 9 1
3 9 1
t 243 3
m0 1 10
1 9 0
2 9 0
3 9 0
t 242 3
m0 0 10
1 9 1
2 9 1
3 9 1
t 241 3
m0 0 9
1 9 0
2 9 0
3 9 0
t 240 3
m0 0 10
1 9 1
2 9 1
3 9 1
t 239 3
m0 0 9
1 9 0
2 9 0
3 9 0
t 238 3
m0 1 9
1 9 1
2 9 1
3 9 1
t 237 3
m0 1 10
1 9 0
2 9 0
3 9 0
t 236 3
m0 0 10
1 9 1
2 9 1
3 9 1
t 235 3
m0 1 10
1 9 0
2 9 0
3 9 0
t 234 3
m0 1 11
1 9 1
2 9 1
3 9 1
t 233 3
m0 2 11
1 9 0
2 9 0
3 9 0
t 232 3
m0 3 11
1 9 1
2 9 1
3 9 1
t 231 3
m0 3 10
1 9 0
2 9 0
3 9 0
t 230 4
m0 4 10
1 9 1
2 9 1
3 9 1
t 229 4
m0 4 11
1 9 0
2 9 0
3 9 0
t 228 4
m0 3 11
1 9 1
2 9 1
3 9 1
t 227 4
m0 3 11
1 9 0
2 9 0
3 9 0
t 226 4
m0 2 11
1 9 1
2 9 1
3 9 1
t 225 4
m0 2 12
1 9 0
2 9 0
3 9 0
t 224 4
m0 2 11
1 9 1
2 9 1
3 9 1
t 223 4
m0 2 12
1 9 0
2 9 0
3 9 0
t 222 4
m0 1 12
1 9 1
2 9 1
3 9 1
t 221 4
m0 1 13
1 9 0
2 9 0
3 9 0
t 220 4
m0 2 13
1 9 1
2 9 1
3 9 1
t 219 4
m0 2 13
1 9 0
2 9 0
3 9 0
t 218 4
m0 2 13
1 9 1
2 9 1
3 9 1
t 217 4
m0 2 12
1 9 0
2 9 0
3 9 0
t 216 4
m0 2 13
1 9 1
2 9 1
3 9 1
t 215 4
m0 2 12
1 9 0
2 9 0
3 9 0
t 214 4
m0 2 11
1 9 1
2 9 1
3 9 1
t 213 4
m0 2 12
1 9 0
2 9 0
3 9 0
t 212 4
m0 2 12
1 9 1
2 9 1
3 9 1
t 211 4
m0 2 13
1 9 0
2 9 0
3 9 0
t 210 4
m0 2 13
1 9 1
2 9 1
3 9 1
t 209 4
m0 1 13
1 9 0
2 9 0
3 9 0
t 208 4
m0 1 13
1 9 1
2 9 1
3 9 1
t 207 4
m0 2 13
1 9 0
2 9 0
3 9 0
t 206 4
m0 2 12
1 9 1
2 9 1
3 9 1
t 205 4
m0 2 12
1 9 0
2 9 0
3 9 0
t 204 4
m0 2 11
1 9 1
2 9 1
3 9 1
t 203 4
m0 2 12
1 9 0
2 9 0
3 9 0
t 202 4
m0 2 12
1 9 1
2 9 1
3 9 1
t 201 4
m0 2 12
1 9 0
2 9 0
3 9 0
t 200 4
m0 2 12
1 9 1
2 9 1
3 9 1
t 199 4
m0 1 12
1 9 0
2 9 0
3 9 0
t 198 4
m0 1 13
1 9 1
2 9 1
3 9 1
t 197 4
m0 1 13
1 9 0
2 9 0
3 9 0
t 196 4
m0 2 13
1 9 1
2 9 1
3 9 1
t 195 4
m0 2 13
1 9 0
2 9 0
3 9 0
t 194 4
m0 1 13
1 9 1
2 9 1
3 9 1
t 193 4
m0 2 13
1 9 0
2 9 0
3 9 0
t 192 4
m0 1 13
1 9 1
2 9 1
3 9 1
t 191 4
m0 0 13
1 9 0
2 9 0
3 9 0
t 190 4
m0 1 13
1 9 1
2 9 1
3 9 1
t 189 4
m0 1 13
1 9 0
2 9 0
3 9 0
t 188 4
m0 1 12
1 9 1
2 9 1
3 9 1
t 187 4
m0 0 12
1 9 0
2 9 0
3 9 0
t 186 4
m0 0 13
1 9 1
2 9 1
3 9 1
t 185 4
m0 0 12
1 9 0
2 9 0
3 9 0
t 184 4
m0 1 12
1 9 1
2 9 1
3 9 1
t 183 4
m0 2 12
1 9 0
2 9 0
3 9 0
t 182 4
m0 2 13
1 9 1
2 9 1
3 9 1
t 181 4
m0 2 14
1 9 0
2 9 0
3 9 0
t 180 5
m0 3 14
1 9 1
2 9 1
3 9 1
t 179 5
m0 3 14
1 9 0
2 9 0
3 9 0
t 178 5
m0 4 14
1 9 1
2 9 1
3 9 1
t 177 6
m0 4 13
1 9 0
2 9 0
3 9 0
t 176 7
m0 5 13
1 9 1
2 9 1
3 9 1
t 175 8
m0 5 12
1 9 0
2 9 0
3 9 0
t 174 9
m0 5 13
1 9 1
2 9 1
3 9 1
t 173 9
m0 5 12
1 9 0
2 9 0
3 9 0
t 172 9
m0 6 12
1 9 1
2 9 1
3 9 1
t 171 10
m0 5 12
1 9 0
2 9 0
3 9 0
t 170 10
m0 5 13
1 9 1
2 9 1
3 9 1
t 169 10
m0 5 13
1 9 0
2 9 0
3 9 0
t 168 10
m0 4 13
1 9 1
2 9 1
3 9 1
t 167 10
m0 4 13
1 9 0
2 9 0
3 9 0
t 166 10
m0 4 14
1 9 1
2 9 1
3 9 1
t 165 10
m0 3 14
1 9 0
2 9 0
3 9 0
t 164 10
m0 4 14
1 9 1
2 9 1
3 9 1
t 163 10
m0 4 14
1 9 0
2 9 0
3 9 0
t 162 10
m0 4 13
1 9 1
2 9 1
3 9 1
t 161 10
m0 4 12
1 9 0
2 9 0
3 9 0
t 160 10
m0 4 13
1 9 1
2 9 1
3 9 1
t 159 10
m0 4 13
1 9 0
2 9 0
3 9 0
t 158 10
m0 5 13
1 9 1
2 9 1
3 9 1
t 157 10
m0 6 13
1 9 0
2 9 0
3 9 0
t 156 11
m0 6 13
1 9 1
2 9 1
3 9 1
t 155 11
m0 6 12
1 9 0
2 9 0
3 9 0
t 154 11
m0 6 12
1 9 1
2 9 1
3 9 1
t 153 11
m0 6 11
1 9 0
2 9 0
3 9 0
t 152 11
m0 6 11
1 9 1
2 9 1
3 9 1
t 151 11
m0 7 11
1 9 0
2 9 0
3 9 0
t 150 11
m0 7 12
1 9 1
2 9 1
3 9 1
t 149 12
m0 7 12
1 9 0
2 9 0
3 9 0
t 148 12
m0 6 12
1 9 1
2 9 1
3 9 1
t 147 12
m0 6 12
1 9 0
2 9 0
3 9 0
t 146 12
m0 7 12
1 9 1
2 9 1
3 9 1
t 145 12
m0 6 12
1 9 0
2 9 0
3 9 0
t 144 12
m0 6 11
1 9 1
2 9 1
3 9 1
t 143 12
m0 6 12
1 9 0
2 9 0
3 9 0
t 142 12
m0 5 12
1 9 1
2 9 1
3 9 1
t 141 12
m0 5 12
1 9 0
2 9 0
3 9 0
t 140 12
m0 4 12
1 9 1
2 9 1
3 9 1
t 139 12
m0 4 13
1 9 0
2 9 0
3 9 0
t 138 12
m0 4 13
1 9 1
2 9 1
3 9 1
t 137 12
m0 4 12
1 9 0
2 9 0
3 9 0
t 136 12
m0 4 13
1 9 1
2 9 1
3 9 1
t 135 12
m0 5 13
1 9 0
2 9 0
3 9 0
t 134 12
m0 5 12
1 9 1
2 9 1
3 9 1
t 133 12
m0 4 12
1 9 0
2 9 0
3 9 0
t 132 12
m0 4 12
1 9 1
2 9 1
3 9 1
t 131 12
m0 4 12
1 9 0
2 9 0
3 9 0
t 130 12
m0 5 12
1 9 1
2 9 1
3 9 1
t 129 12
m0 6 12
1 9 0
2 9 0
3 9 0
t 128 12
m0 5 12
1 9 1
2 9 1
3 9 1
t 127 12
m0 5 12
1 9 0
2 9 0
3 9 0
t 126 12
m0 5 13
1 9 1
2 9 1
3 9 1
t 125 12
m0 5 13
1 9 0
2 9 0
3 9 0
t 124 12
m0 5 13
1 9 1
2 9 1
3 9 1
t 123 12
m0 5 13
1 9 0
2 9 0
3 9 0
t 122 12
m0 4 13
1 9 1
2 9 1
3 9 1
t 121 12
m0 4 12
1 9 0
2 9 0
3 9 0
t 120 12
m0 4 12
1 9 1
2 9 1
3 9 1
t 119 12
m0 5 12
1 9 0
2 9 0
3 9 0
t 118 12
m0 4 12
1 9 1
2 9 1
3 9 1
t 117 12
m0 5 12
1 9 0
2 9 0
3 9 0
t 116 12
m0 6 12
1 9 1
2 9 1
3 9 1
t 115 12
m0 6 12
1 9 0
2 9 0
3 9 0
t 114 12
m0 6 13
1 9 1
2 9 1
3 9 1
t 113 12
m0 6 12
1 9 0
2 9 0
3 9 0
t 112 12
m0 6 11
1 9 1
2 9 1
3 9 1
t 111 12
m0 6 11
1 9 0
2 9 0
3 9 0
t 110 12
m0 6 11
1 9 1
2 9 1
3 9 1
t 109 12
m0 7 11
1 9 0
2 9 0
3 9 0
t 108 12
m0 6 11
1 9 1
2 9 1
3 9 1
t 107 12
m0 7 11
1 9 0
2 9 0
3 9 0
t 106 12
m0 8 11
1 9 1
2 9 1
3 9 1
t 105 12
m0 7 11
1 9 0
2 9 0
3 9 0
t 104 12
m0 7 12
1 9 1
2 9 1
3 9 1
t 103 12
m0 7 11
1 9 0
2 9 0
3 9 0
t 102 12
m0 8 11
1 9 1
2 9 1
3 9 1
t 101 12
m0 7 11
1 9 0
2 9 0
3 9 0
t 100 12
m0 7 12
1 9 1
2 9 1
3 9 1
t 99 12
m0 7 12
1 9 0
2 9 0
3 9 0
t 98 12
m0 7 12
1 9 1
2 9 1
3 9 1
t 97 12
m0 6 12
1 9 0
2 9 0
3 9 0
t 96 12
m0 6 12
1 9 1
2 9 1
3 9 1
t 95 12
m0 6 12
1 9 0
2 9 0
3 9 0
t 94 12
m0 6 13
1 9 1
2 9 1
3 9 1
t 93 12
m0 7 13
1 9 0
2 9 0
3 9 0
t 92 13
m0 7 13
1 9 1
2 9 1
3 9 1
t 91 13
m0 7 13
1 9 0
2 9 0
3 9 0
t 90 13
m0 7 13
1 9 1
2 9 1
3 9 1
t 89 13
m0 7 13
1 9 0
2 9 0
3 9 0
t 88 13
m0 7 14
1 9 1
2 9 1
3 9 1
t 87 23
m0 8 14
1 9 0
2 9 0
3 9 0
t 86 23
m0 8 14
1 9 1
2 9 1
3 9 1
t 85 23
m0 7 14
1 9 0
2 9 0
3 9 0
t 84 23
m0 7 13
1 9 1
2 9 1
3 9 1
t 83 23
m0 7 13
1 9 0
2 9 0
3 9 0
t 82 23
m0 8 13
1 9 1
2 9 1
3 9 1
t 81 24
m0 8 14
1 9 0
2 9 0
3 9 0
t 80 24
m0 7 14
1 9 1
2 9 1
3 9 1
t 79 24
m0 7 13
1 9 0
2 9 0
3 9 0
t 78 24
m0 7 13
1 9 1
2 9 1
3 9 1
t 77 24
m0 7 14
1 9 0
2 9 0
3 9 0
t 76 24
m0 7 13
1 9 1
2 9 1
3 9 1
t 75 24
m0 7 14
1 9 0
2 9 0
3 9 0
t 74 24
m0 7 14
1 9 1
2 9 1
3 9 1
t 73 24
m0 7 13
1 9 0
2 9 0
3 9 0
t 72 24
m0 8 13
1 9 1
2 9 1
3 9 1
t 71 24
m0 8 14
1 9 0
2 9 0
3 9 0
t 70 24
m0 7 14
1 9 1
2 9 1
3 9 1
t 69 24
m0 7 14
1 9 0
2 9 0
3 9 0
t 68 24
m0 7 14
1 9 1
2 9 1
3 9 1
t 67 24
m0 7 13
1 9 0
2 9 0
3 9 0
t 66 24
m0 7 13
1 9 1
2 9 1
3 9 1
t 65 24
m0 7 13
1 9 0
2 9 0
3 9 0
t 64 24
m0 6 13
1 9 1
2 9 1
3 9 1
t 63 24
m0 5 13
1 9 0
2 9 0
3 9 0
t 62 24
m0 5 14
1 9 1
2 9 1
3 9 1
t 61 24
m0 4 14
1 9 0
2 9 0
3 9 0
t 60 24
m0 5 14
1 9 1
2 9 1
3 9 1
t 59 24
m0 5 13
1 9 0
2 9 0
3 9 0
t 58 24
m0 4 13
1 9 1
2 9 1
3 9 1
t 57 24
m0 5 13
1 9 0
2 9 0
3 9 0
f 4 14
t 56 24
m0 4 13
1 9 1
2 9 1
3 9 1
t 55 24
m0 4 14
1 9 0
2 9 0
3 9 0
t 54 34
m0 3 14
1 9 1
2 9 1
3 9 1
t 53 34
m0 2 14
1 9 0
2 9 0
3 9 0
t 52 34
m0 3 14
1 9 1
2 9 1
3 9 1
t 51 34
m0 2 14
1 9 0
2 9 0
3 9 0
t 50 34
m0 2 14
1 9 1
2 9 1
3 9 1
t 49 34
m0 3 14
1 9 0
2 9 0
3 9 0
t 48 34
m0 3 14
1 9 1
2 9 1
3 9 1
t 47 34
m0 4 14
1 9 0
2 9 0
3 9 0
t 46 34
m0 4 14
1 9 1
2 9 1
3 9 1
t 45 34
m0 5 14
1 9 0
2 9 0
3 9 0
t 44 34
m0 5 13
1 9 1
2 9 1
3 9 1
t 43 34
m0 4 13
1 9 0
2 9 0
3 9 0
t 42 34
m0 5 13
1 9 1
2 9 1
3 9 1
t 41 34
m0 4 13
1 9 0
2 9 0
3 9 0
t 40 34
m0 4 12
1 9 1
2 9 1
3 9 1
t 39 34
m0 4 13
1 9 0
2 9 0
3 9 0
t 38 34
m0 4 14
1 9 1
2 9 1
3 9 1
t 37 34
m0 4 13
1 9 0
2 9 0
3 9 0
f 7 3
t 36 34
m0 4 14
1 9 1
2 9 1
3 9 1
t 35 34
m0 5 14
1 9 0
2 9 0
3 9 0
t 34 34
m0 5 14
1 9 1
2 9 1
3 9 1
t 33 34
m0 5 14
1 9 0
2 9 0
3 9 0
t 32 34
m0 5 13
1 9 1
2 9 1
3 9 1
t 31 34
m0 5 12
1 9 0
2 9 0
3 9 0
t 30 34
m0 5 12
1 9 1
2 9 1
3 9 1
t 29 34
m0 4 12
1 9 0
2 9 0
3 9 0
t 28 34
m0 4 13
1 9 1
2 9 1
3 9 1
t 27 34
m0 5 13
1 9 0
2 9 0
3 9 0
t 26 34
m0 4 13
1 9 1
2 9 1
3 9 1
t 25 34
m0 4 12
1 9 0
2 9 0
3 9 0
t 24 34
m0 5 12
1 9 1
2 9 1
3 9 1
t 23 34
m0 6 12
1 9 0
2 9 0
3 9 0
t 22 34
m0 7 12
1 9 1
2 9 1
3 9 1
t 21 34
m0 7 13
1 9 0
2 9 0
3 9 0
t 20 34
m0 7 13
1 9 1
2 9 1
3 9 1
t 19 34
m0 7 13
1 9 0
2 9 0
3 9 0
t 18 34
m0 6 13
1 9 1
2 9 1
3 9 1
t 17 34
m0 7 13
1 9 0
2 9 0
3 9 0
t 16 34
m0 6 13
1 9 1
2 9 1
3 9 1
t 15 34
m0 7 13
1 9 0
2 9 0
3 9 0
t 14 34
m0 8 13
1 9 1
2 9 1
3 9 1
t 13 34
m0 8 13
1 9 0
2 9 0
3 9 0
t 12 34
m0 7 13
1 9 1
2 9 1
3 9 1
t 11 34
m0 7 14
1 9 0
2 9 0
3 9 0
t 10 34
m0 7 13
1 9 1
2 9 1
3 9 1
t 9 34
m0 7 13
1 9 0
2 9 0
3 9 0
t 8 34
m0 7 13
1 9 1
2 9 1
3 9 1
t 7 34
m0 8 13
1 9 0
2 9 0
3 9 0
t 6 34
m0 8 14
1 9 1
2 9 1
3 9 1
t 5 34
m0 8 14
1 9 0
2 9 0
3 9 0
t 4 34
m0 7 14
1 9 1
2 9 1
3 9 1
t 3 34
m0 7 14
1 9 0
2 9 0
3 9 0
t 2 34
m0 7 14
1 9 1
2 9 1
3 9 1
t 1 34
m0 8 14
1 9 1
2 9 1
3 9 1
t 0 34
