10
15
w 5 9
w 5 6
w 0 7
w 9 4
w 0 3
w 4 0
w 8 14
w 4 9
w 3 3
w 5 5
w 8 1
w 7 6
w 6 3
w 4 13
w 2 13
w 1 5
w 7 10
w 2 2
w 0 4
w 0 0
w 9 14
w 8 11
w 9 3
w 2 10
w 4 2
w 6 12
w 9 6
w 2 7
w 4 6
w 6 1
w 5 7
w 2 11
w 0 13
w 2 0
w 8 8
w 9 5
w 3 4
p 6 9
p 9 1
p 7 12
p 3 0
p 8 0
p 5 13
p 7 7
p 2 12
p 0 10
p 3 7
p 1 11
p 7 2
p 6 14
p 1 2
p 9 0
p 6 7
p 3 10
p 6 10
p 4 4
p 1 14
p 8 10
p 5 0
p 3 6
p 8 6
p 1 1
p 9 7
p 6 4
p 3 2
p 2 6
p 7 14
p 5 11
p 7 1
p 1 13
p 6 0
p 1 4
p 0 12
p 9 10
p 4 14
p 7 5
p 2 3
p 3 9
p 1 9
p 7 9
p 0 1
p 5 3
p 3 12
p 6 8
p 5 10
p 8 12
p 3 1
p 5 14
p 0 6
p 4 3
p 6 13
p 0 9
p 0 2
m0 0 14
1 9 0
2 9 0
3 9 0
t 300 0
m0 1 14
1 9 1
2 8 0
3 8 0
t 299 1
m0 2 14
1 9 2
2 9 0
3 7 0
t 298 1
m0 3 14
1 9 1
2 8 0
3 8 0
t 297 1
m0 3 13
1 9 2
2 7 0
3 7 0
t 296 1
m0 3 12
1 9 1
2 7 1
3 7 1
t 295 2
m0 4 12
1 9 0
2 7 0
3 7 0
t 294 2
m0 5 12
1 9 1
2 7 1
3 7 1
t 293 2
m0 5 11
1 9 2
2 7 2
3 7 2
t 292 3
m0 6 11
1 9 1
2 7 3
3 7 1
t 291 3
m0 7 11
1 9 2
2 8 3
3 7 0
t 290 3
m0 7 11
1 9 1
2 8 2
3 8 0
t 289 3
m0 7 11
1 9 0
2 9 2
3 7 0
t 288 3
m0 7 11
1 9 1
2 9 1
3 6 0
t 287 3
m0 6 11
1 9 0
2 9 0
3 5 0
t 286 3
m0 5 11
1 8 0
2 8 0
3 6 0
t 285 3
m0 6 11
1 9 0
2 9 0
3 7 0
t 284 3
m0 7 11
1 8 0
2 9 1
3 8 0
t 283 3
m0 7 11
1 9 0
2 9 0
3 9 0
t 282 3
m0 7 11
1 8 0
2 8 0
3 8 0
t 281 3
m0 7 11
1 9 0
2 7 0
3 7 0
t 280 3
m0 7 11
1 9 1
2 8 0
3 7 1
t 279 3
m0 7 11
1 9 2
2 9 0
3 7 2
t 278 3
m0 7 11
1 8 2
2 9 1
3 7 1
t 277 3
m0 7 11
1 7 2
2 9 0
3 7 0
t 276 3
m0 7 11
1 6 2
2 8 0
3 6 0
t 275 3
m0 6 11
1 5 2
2 7 0
3 5 0
f 1 14
t 274 3
m0 5 11
1 5 3
2 6 0
3 5 1
t 273 3
m0 4 11
1 5 4
2 7 0
3 4 1
t 272 3
m0 4 12
1 6 4
2 7 1
3 3 1
t 271 3
m0 3 12
1 7 4
2 7 0
3 2 1
t 270 3
m0 2 12
1 8 4
2 8 0
3 3 1
t 269 4
m0 1 12
1 7 4
2 7 0
3 4 1
t 268 4
m0 1 13
1 7 5
2 8 0
3 3 1
t 267 5
m0 1 14
1 8 5
2 7 0
3 3 0
t 266 15
m0 2 14
1 7 5
2 7 1
3 3 1
t 265 15
m0 3 14
1 8 5
2 7 0
3 3 2
t 264 15
m0 3 13
1 8 6
2 8 0
3 3 1
t 263 15
m0 3 12
1 8 5
2 7 0
3 2 1
t 262 15
m0 4 12
1 8 4
2 6 0
3 1 1
t 261 15
m0 4 11
1 8 5
2 7 0
3 0 1
t 260 15
m0 5 11
1 8 4
2 8 0
3 0 2
t 259 15
m0 6 11
1 8 5
2 9 0
3 0 1
t 258 15
m0 7 11
1 8 4
2 9 1
3 0 2
t 257 15
m0 7 11
1 8 3
2 9 0
3 0 1
t 256 15
m0 7 11
1 8 2
2 9 1
3 0 2
t 255 15
m0 7 11
1 9 2
2 9 0
3 0 1
t 254 15
m0 7 11
1 9 1
2 9 1
3 1 1
t 253 15
m0 7 11
1 9 0
2 9 2
3 0 1
t 252 15
m0 7 11
1 8 0
2 9 1
3 0 2
t 251 15
m0 7 11
1 7 0
2 9 2
3 0 1
t 250 15
m0 7 11
1 6 0
2 8 2
3 0 2
t 249 15
m0 7 11
1 7 0
2 8 3
3 1 2
t 248 15
m0 7 11
1 8 0
2 8 2
3 0 2
t 247 15
m0 7 11
1 9 0
2 8 3
3 0 1
t 246 15
m0 7 11
1 8 0
2 7 3
3 0 2
t 245 15
m0 7 11
1 9 0
2 8 3
3 0 1
t 244 15
m0 7 11
1 9 1
2 8 2
3 0 2
t 243 15
m0 7 11
1 9 0
2 9 2
3 0 1
t 242 15
m0 7 11
1 8 0
2 9 1
3 0 2
f 8 5
t 241 15
m0 7 11
1 9 0
2 9 2
3 0 1
t 240 15
m0 7 11
1 9 1
2 8 2
3 1 1
t 239 15
m0 7 11
1 9 0
2 9 2
3 1 0
t 238 15
m0 7 11
1 8 0
2 9 1
3 1 1
t 237 15
m0 7 11
1 9 0
2 9 0
3 2 1
t 236 15
m0 7 11
1 8 0
2 9 1
3 1 1
t 235 15
m0 7 11
1 9 0
2 9 2
3 0 1
t 234 15
m0 7 11
1 8 0
2 9 1
3 0 2
t 233 15
m0 7 11
1 9 0
2 9 0
3 0 1
t 232 15
m0 7 11
1 8 0
2 8 0
3 0 2
t 231 15
m0 7 11
1 9 0
2 7 0
3 0 1
t 230 15
m0 7 11
1 9 1
2 8 0
3 0 2
t 229 15
m0 7 11
1 9 0
2 9 0
3 1 2
t 228 15
m0 7 11
1 8 0
2 8 0
3 1 1
t 227 15
m0 7 11
1 9 0
2 9 0
3 1 0
t 226 15
m0 7 11
1 9 1
2 8 0
3 1 1
t 225 15
m0 7 11
1 9 2
2 7 0
3 0 1
t 224 15
m0 7 11
1 9 1
2 6 0
3 0 2
t 223 15
m0 7 11
1 9 0
2 5 0
3 1 2
t 222 15
m0 7 11
1 9 1
2 5 1
3 1 3
t 221 15
m0 7 11
1 9 0
2 4 1
3 1 4
t 220 15
m0 7 11
1 8 0
2 5 1
3 1 3
t 219 15
m0 7 11
1 9 0
2 5 2
3 1 2
t 218 15
m0 7 11
1 9 1
2 5 1
3 1 1
t 217 15
m0 7 11
1 9 0
2 5 2
3 1 0
t 216 15
m0 7 11
1 8 0
2 5 3
3 1 1
t 215 15
m0 7 11
1 7 0
2 4 3
3 2 1
t 214 15
m0 7 11
1 8 0
2 4 4
3 3 1
t 213 15
m0 7 11
1 7 0
2 4 5
3 4 1
t 212 15
m0 6 11
1 8 0
2 3 5
3 5 1
t 211 15
m0 6 10
1 9 0
2 2 5
3 5 0
t 210 16
m0 6 9
1 9 1
2 2 4
3 5 1
t 209 17
m0 6 8
1 9 0
2 1 4
3 4 1
t 208 18
m0 6 7
1 8 0
2 2 4
3 5 1
t 207 19
m0 6 6
1 9 0
2 1 4
3 4 1
t 206 19
m0 6 5
1 8 0
2 1 3
3 3 1
t 205 19
m0 7 5
1 9 0
2 1 2
3 2 1
t 204 20
m0 8 5
1 9 1
2 0 2
3 1 1
t 203 30
m0 8 4
1 9 0
2 0 1
3 1 2
t 202 30
m0 8 3
1 8 0
2 0 2
3 1 1
t 201 30
m0 8 2
1 9 0
2 1 2
3 1 2
t 200 30
m0 9 2
1 8 0
2 1 1
3 1 3
t 199 30
m0 8 2
1 9 0
2 2 1
3 1 4
t 198 30
m0 9 2
1 8 0
2 1 1
3 1 3
t 197 30
m0 8 2
1 9 0
2 1 0
3 1 4
t 196 30
m0 9 2
1 8 0
2 1 1
3 2 4
t 195 30
m0 8 2
1 9 0
2 1 0
3 2 5
t 194 30
m0 9 2
1 9 1
2 1 1
3 2 6
t 193 30
m0 -5 -5
1 9 1
2 1 1
3 2 6
t 192 31
