10
15
w 4 8
w 5 6
w 2 8
w 7 7
w 2 12
w 0 3
w 4 0
w 3 10
w 0 11
w 9 11
w 2 13
w 3 6
w 1 1
w 6 4
w 3 2
w 4 10
w 8 2
w 7 1
w 6 11
w 1 13
w 0 5
w 1 9
w 6 5
w 7 9
w 2 7
w 4 11
w 8 12
w 5 14
w 0 6
w 8 8
w 4 3
w 6 13
w 9 5
w 5 2
w 2 4
w 9 12
w 8 4
p 5 9
p 4 7
p 7 3
p 9 1
p 9 8
p 8 0
p 5 13
p 0 7
p 8 9
p 1 6
p 0 10
p 9 4
p 2 5
p 1 11
p 7 2
p 3 14
p 1 2
p 8 14
p 9 0
p 3 3
p 5 12
p 6 10
p 1 14
p 8 10
p 1 5
p 5 0
p 0 4
p 7 10
p 4 1
p 2 6
p 9 14
p 3 13
p 8 11
p 9 3
p 6 0
p 4 14
p 0 12
p 2 10
p 3 9
p 2 3
p 4 2
p 6 12
p 9 6
p 3 5
p 5 3
p 9 13
p 8 3
p 7 0
p 4 6
p 9 2
p 3 1
p 2 11
p 0 13
p 5 7
p 9 9
p 1 7
m0 0 14
1 9 0
2 9 0
3 9 0
t 300 0
m0 1 14
1 8 0
2 9 1
3 8 0
f 9 7
t 299 1
m0 2 14
1 9 0
2 9 2
3 7 0
t 298 1
m0 3 14
1 8 0
2 9 3
3 6 0
t 297 2
m0 4 14
1 9 0
2 8 3
3 5 0
t 296 3
m0 4 13
1 8 0
2 9 3
3 5 1
t 295 3
m0 5 13
1 9 0
2 8 3
3 4 1
t 294 4
m0 5 12
1 8 0
2 9 3
3 3 1
t 293 5
m0 6 12
1 7 0
2 9 4
3 2 1
t 292 6
m0 7 12
1 8 0
2 9 3
3 2 2
t 291 6
m0 7 11
1 7 0
2 9 4
3 1 2
t 290 6
m0 8 11
1 6 0
2 9 3
3 0 2
t 289 7
m0 8 10
1 5 0
2 9 4
3 1 2
t 288 8
m0 8 9
1 6 0
2 9 3
3 0 2
t 287 9
m0 9 9
1 5 0
2 9 4
3 1 2
t 286 10
m0 9 8
1 6 0
2 9 3
3 0 2
t 285 11
m0 9 7
1 5 0
2 9 4
3 1 2
t 284 21
m0 9 6
1 6 0
2 9 3
3 0 2
t 283 22
m0 8 6
1 5 0
2 9 4
3 1 2
t 282 22
m0 9 6
1 6 0
2 9 3
3 0 2
t 281 22
m0 8 6
1 5 0
2 9 4
3 1 2
t 280 22
m0 9 6
1 6 0
2 9 3
3 0 2
t 279 22
m0 8 6
1 5 0
2 9 4
3 1 2
t 278 22
m0 9 6
1 6 0
2 9 3
3 0 2
t 277 22
m0 8 6
1 5 0
2 9 4
3 1 2
t 276 22
m0 9 6
1 6 0
2 9 3
3 0 2
t 275 22
m0 8 6
1 5 0
2 9 4
3 1 2
t 274 22
m0 9 6
1 6 0
2 9 3
3 0 2
t 273 22
m0 8 6
1 5 0
2 9 4
3 1 2
t 272 22
m0 9 6
1 6 0
2 9 3
3 0 2
t 271 22
m0 8 6
1 5 0
2 9 4
3 1 2
t 270 22
m0 9 6
1 6 0
2 9 3
3 0 2
t 269 22
m0 8 6
1 5 0
2 9 4
3 1 2
t 268 22
m0 9 6
1 6 0
2 9 3
3 0 2
t 267 22
m0 8 6
1 5 0
2 9 4
3 1 2
t 266 22
m0 9 6
1 6 0
2 9 3
3 0 2
t 265 22
m0 8 6
1 5 0
2 9 4
3 1 2
t 264 22
m0 7 6
1 6 0
2 9 3
3 0 2
f 3 8
t 263 22
m0 6 6
1 5 0
2 9 4
3 1 2
t 262 22
m0 6 7
1 6 0
2 9 3
3 0 2
t 261 22
m0 5 7
1 5 0
2 9 4
3 1 2
t 260 23
m0 4 7
1 6 0
2 9 3
3 0 2
t 259 24
m0 4 6
1 5 0
2 9 4
3 1 2
t 258 25
m0 4 7
1 6 0
2 9 3
3 0 2
t 257 25
m0 3 7
1 5 0
2 9 4
3 1 2
t 256 25
m0 3 8
1 6 0
2 9 3
3 0 2
t 255 35
m0 3 9
1 5 0
2 9 4
3 1 2
t 254 36
m0 4 9
1 6 0
2 9 3
3 0 2
t 253 36
m0 5 9
1 5 0
2 9 4
3 1 2
t 252 37
m0 6 9
1 6 0
2 9 3
3 0 2
t 251 37
m0 6 10
1 5 0
2 9 4
3 1 2
t 250 38
m0 7 10
1 6 0
2 9 3
3 0 2
t 249 39
m0 8 10
1 5 0
2 9 4
3 1 2
t 248 39
m0 9 10
1 6 0
2 9 3
3 0 2
t 247 39
m0 9 9
1 5 0
2 9 4
3 1 2
t 246 39
m0 9 8
1 6 0
2 9 3
3 0 2
t 245 39
m0 9 7
1 5 0
2 9 4
3 1 2
t 244 39
m0 9 6
1 6 0
2 9 3
3 0 2
t 243 39
m0 8 6
1 5 0
2 9 4
3 1 2
t 242 39
m0 9 6
1 6 0
2 9 3
3 0 2
t 241 39
m0 8 6
1 5 0
2 9 4
3 1 2
t 240 39
m0 9 6
1 6 0
2 9 3
3 0 2
t 239 39
m0 8 6
1 5 0
2 9 4
3 1 2
t 238 39
m0 9 6
1 6 0
2 9 3
3 0 2
t 237 39
m0 8 6
1 5 0
2 9 4
3 1 2
t 236 39
m0 9 6
1 6 0
2 9 3
3 0 2
t 235 39
m0 8 6
1 5 0
2 9 4
3 1 2
f 8 7
t 234 39
m0 8 7
1 6 0
2 9 3
3 0 2
t 233 49
m0 9 7
1 5 0
2 9 4
3 1 2
t 232 49
m0 9 6
1 6 0
2 9 3
3 0 2
t 231 49
m0 8 6
1 5 0
2 9 4
3 1 2
t 230 49
m0 7 6
1 6 0
2 9 3
3 0 2
f 5 5
t 229 49
m0 7 5
1 5 0
2 9 4
3 1 2
t 228 49
m0 7 5
1 6 0
2 9 3
3 0 2
t 227 49
m0 7 5
1 5 0
2 9 4
3 1 2
t 226 49
m0 7 5
1 6 0
2 9 3
3 0 2
t 225 49
m0 7 5
1 5 0
2 9 4
3 1 2
t 224 49
m0 7 5
1 6 0
2 9 3
3 0 2
t 223 49
m0 7 5
1 5 0
2 9 4
3 1 2
t 222 49
m0 7 5
1 6 0
2 9 3
3 0 2
t 221 49
m0 7 5
1 5 0
2 9 4
3 1 2
t 220 49
m0 7 5
1 6 0
2 9 3
3 0 2
t 219 49
m0 7 5
1 5 0
2 9 4
3 1 2
t 218 49
m0 7 5
1 6 0
2 9 3
3 0 2
t 217 49
m0 7 5
1 5 0
2 9 4
3 1 2
t 216 49
m0 7 5
1 6 0
2 9 3
3 0 2
t 215 49
m0 7 5
1 5 0
2 9 4
3 1 2
t 214 49
m0 7 5
1 6 0
2 9 3
3 0 2
t 213 49
m0 7 5
1 5 0
2 9 4
3 1 2
t 212 49
m0 7 5
1 6 0
2 9 3
3 0 2
t 211 49
m0 7 5
1 5 0
2 9 4
3 1 2
t 210 49
m0 7 5
1 6 0
2 9 3
3 0 2
t 209 49
m0 7 5
1 5 0
2 9 4
3 1 2
t 208 49
m0 7 5
1 6 0
2 9 3
3 0 2
t 207 49
m0 7 5
1 5 0
2 9 4
3 1 2
t 206 49
m0 7 5
1 6 0
2 9 3
3 0 2
t 205 49
m0 7 5
1 5 0
2 9 4
3 1 2
t 204 49
m0 7 5
1 6 0
2 9 3
3 0 2
t 203 49
m0 7 5
1 5 0
2 9 4
3 1 2
t 202 49
m0 7 5
1 6 0
2 9 3
3 0 2
t 201 49
m0 7 5
1 5 0
2 9 4
3 1 2
t 200 49
m0 7 5
1 6 0
2 9 3
3 0 2
t 199 49
m0 7 5
1 5 0
2 9 4
3 1 2
t 198 49
m0 7 5
1 6 0
2 9 3
3 0 2
t 197 49
m0 7 5
1 5 0
2 9 4
3 1 2
t 196 49
m0 7 5
1 6 0
2 9 3
3 0 2
t 195 49
m0 7 5
1 5 0
2 9 4
3 1 2
t 194 49
m0 7 5
1 6 0
2 9 3
3 0 2
t 193 49
m0 7 5
1 5 0
2 9 4
3 1 2
t 192 49
m0 7 5
1 6 0
2 9 3
3 0 2
t 191 49
m0 7 5
1 5 0
2 9 4
3 1 2
t 190 49
m0 7 5
1 6 0
2 9 3
3 0 2
t 189 49
m0 7 5
1 5 0
2 9 4
3 1 2
t 188 49
m0 7 5
1 6 0
2 9 3
3 0 2
t 187 49
m0 7 5
1 5 0
2 9 4
3 1 2
t 186 49
m0 7 5
1 6 0
2 9 3
3 0 2
t 185 49
m0 7 5
1 5 0
2 9 4
3 1 2
t 184 49
m0 7 5
1 6 0
2 9 3
3 0 2
t 183 49
m0 7 5
1 5 0
2 9 4
3 1 2
t 182 49
m0 7 5
1 6 0
2 9 3
3 0 2
t 181 49
m0 7 5
1 5 0
2 9 4
3 1 2
t 180 49
m0 7 5
1 6 0
2 9 3
3 0 2
t 179 49
m0 7 5
1 5 0
2 9 4
3 1 2
t 178 49
m0 7 5
1 6 0
2 9 3
3 0 2
t 177 49
m0 7 5
1 5 0
2 9 4
3 1 2
t 176 49
m0 7 5
1 6 0
2 9 3
3 0 2
t 175 49
m0 7 5
1 5 0
2 9 4
3 1 2
t 174 49
m0 7 5
1 6 0
2 9 3
3 0 2
t 173 49
m0 7 5
1 5 0
2 9 4
3 1 2
t 172 49
m0 7 5
1 6 0
2 9 3
3 0 2
t 171 49
m0 7 5
1 5 0
2 9 4
3 1 2
t 170 49
m0 7 5
1 6 0
2 9 3
3 0 2
t 169 49
m0 7 5
1 5 0
2 9 4
3 1 2
t 168 49
m0 7 5
1 6 0
2 9 3
3 0 2
t 167 49
m0 7 5
1 5 0
2 9 4
3 1 2
t 166 49
m0 7 5
1 6 0
2 9 3
3 0 2
t 165 49
m0 7 5
1 5 0
2 9 4
3 1 2
t 164 49
m0 7 5
1 6 0
2 9 3
3 0 2
t 163 49
m0 7 5
1 5 0
2 9 4
3 1 2
t 162 49
m0 7 5
1 6 0
2 9 3
3 0 2
t 161 49
m0 7 5
1 5 0
2 9 4
3 1 2
t 160 49
m0 7 5
1 6 0
2 9 3
3 0 2
t 159 49
m0 7 5
1 5 0
2 9 4
3 1 2
t 158 49
m0 7 5
1 6 0
2 9 3
3 0 2
t 157 49
m0 7 5
1 5 0
2 9 4
3 1 2
t 156 49
m0 7 5
1 6 0
2 9 3
3 0 2
t 155 49
m0 7 5
1 5 0
2 9 4
3 1 2
t 154 49
m0 7 5
1 6 0
2 9 3
3 0 2
t 153 49
m0 7 5
1 5 0
2 9 4
3 1 2
t 152 49
m0 7 5
1 6 0
2 9 3
3 0 2
t 151 49
m0 7 5
1 5 0
2 9 4
3 1 2
t 150 49
m0 7 5
1 6 0
2 9 3
3 0 2
t 149 49
m0 7 5
1 5 0
2 9 4
3 1 2
t 148 49
m0 7 5
1 6 0
2 9 3
3 0 2
t 147 49
m0 7 5
1 5 0
2 9 4
3 1 2
t 146 49
m0 7 5
1 6 0
2 9 3
3 0 2
t 145 49
m0 7 5
1 5 0
2 9 4
3 1 2
t 144 49
m0 7 5
1 6 0
2 9 3
3 0 2
t 143 49
m0 7 5
1 5 0
2 9 4
3 1 2
t 142 49
m0 7 5
1 6 0
2 9 3
3 0 2
t 141 49
m0 7 5
1 5 0
2 9 4
3 1 2
t 140 49
m0 7 5
1 6 0
2 9 3
3 0 2
t 139 49
m0 7 5
1 5 0
2 9 4
3 1 2
t 138 49
m0 7 5
1 6 0
2 9 3
3 0 2
t 137 49
m0 7 5
1 5 0
2 9 4
3 1 2
t 136 49
m0 7 5
1 6 0
2 9 3
3 0 2
t 135 49
m0 7 5
1 5 0
2 9 4
3 1 2
t 134 49
m0 7 5
1 6 0
2 9 3
3 0 2
t 133 49
m0 7 5
1 5 0
2 9 4
3 1 2
t 132 49
m0 7 5
1 6 0
2 9 3
3 0 2
t 131 49
m0 7 5
1 5 0
2 9 4
3 1 2
t 130 49
m0 7 5
1 6 0
2 9 3
3 0 2
t 129 49
m0 7 5
1 5 0
2 9 4
3 1 2
t 128 49
m0 7 5
1 6 0
2 9 3
3 0 2
t 127 49
m0 7 5
1 5 0
2 9 4
3 1 2
t 126 49
m0 7 5
1 6 0
2 9 3
3 0 2
t 125 49
m0 7 5
1 5 0
2 9 4
3 1 2
t 124 49
m0 7 5
1 6 0
2 9 3
3 0 2
t 123 49
m0 7 5
1 5 0
2 9 4
3 1 2
t 122 49
m0 7 5
1 6 0
2 9 3
3 0 2
t 121 49
m0 7 5
1 5 0
2 9 4
3 1 2
t 120 49
m0 7 5
1 6 0
2 9 3
3 0 2
t 119 49
m0 7 5
1 5 0
2 9 4
3 1 2
t 118 49
m0 7 5
1 6 0
2 9 3
3 0 2
t 117 49
m0 7 5
1 5 0
2 9 4
3 1 2
t 116 49
m0 7 5
1 6 0
2 9 3
3 0 2
t 115 49
m0 7 5
1 5 0
2 9 4
3 1 2
t 114 49
m0 7 5
1 6 0
2 9 3
3 0 2
t 113 49
m0 7 5
1 5 0
2 9 4
3 1 2
t 112 49
m0 7 5
1 6 0
2 9 3
3 0 2
t 111 49
m0 7 5
1 5 0
2 9 4
3 1 2
t 110 49
m0 7 5
1 6 0
2 9 3
3 0 2
t 109 49
m0 7 5
1 5 0
2 9 4
3 1 2
t 108 49
m0 7 5
1 6 0
2 9 3
3 0 2
t 107 49
m0 7 5
1 5 0
2 9 4
3 1 2
t 106 49
m0 7 5
1 6 0
2 9 3
3 0 2
t 105 49
m0 7 5
1 5 0
2 9 4
3 1 2
t 104 49
m0 7 5
1 6 0
2 9 3
3 0 2
t 103 49
m0 7 5
1 5 0
2 9 4
3 1 2
t 102 49
m0 7 5
1 6 0
2 9 3
3 0 2
t 101 49
m0 7 5
1 5 0
2 9 4
3 1 2
t 100 49
m0 7 5
1 6 0
2 9 3
3 0 2
t 99 49
m0 7 5
1 5 0
2 9 4
3 1 2
t 98 49
m0 7 5
1 6 0
2 9 3
3 0 2
t 97 49
m0 7 5
1 5 0
2 9 4
3 1 2
t 96 49
m0 7 5
1 6 0
2 9 3
3 0 2
t 95 49
m0 7 5
1 5 0
2 9 4
3 1 2
t 94 49
m0 7 5
1 6 0
2 9 3
3 0 2
t 93 49
m0 7 5
1 5 0
2 9 4
3 1 2
t 92 49
m0 7 5
1 6 0
2 9 3
3 0 2
t 91 49
m0 7 5
1 5 0
2 9 4
3 1 2
t 90 49
m0 7 5
1 6 0
2 9 3
3 0 2
t 89 49
m0 7 5
1 5 0
2 9 4
3 1 2
t 88 49
m0 7 5
1 6 0
2 9 3
3 0 2
t 87 49
m0 7 5
1 5 0
2 9 4
3 1 2
t 86 49
m0 7 5
1 6 0
2 9 3
3 0 2
t 85 49
m0 7 5
1 5 0
2 9 4
3 1 2
t 84 49
m0 7 5
1 6 0
2 9 3
3 0 2
t 83 49
m0 7 5
1 5 0
2 9 4
3 1 2
t 82 49
m0 7 5
1 6 0
2 9 3
3 0 2
t 81 49
m0 7 5
1 5 0
2 9 4
3 1 2
t 80 49
m0 7 5
1 6 0
2 9 3
3 0 2
t 79 49
m0 7 5
1 5 0
2 9 4
3 1 2
t 78 49
m0 7 5
1 6 0
2 9 3
3 0 2
t 77 49
m0 7 5
1 5 0
2 9 4
3 1 2
t 76 49
m0 7 5
1 6 0
2 9 3
3 0 2
t 75 49
m0 7 5
1 5 0
2 9 4
3 1 2
t 74 49
m0 7 5
1 6 0
2 9 3
3 0 2
t 73 49
m0 7 5
1 5 0
2 9 4
3 1 2
t 72 49
m0 7 5
1 6 0
2 9 3
3 0 2
t 71 49
m0 7 5
1 5 0
2 9 4
3 1 2
t 70 49
m0 7 5
1 6 0
2 9 3
3 0 2
t 69 49
m0 7 5
1 5 0
2 9 4
3 1 2
t 68 49
m0 7 5
1 6 0
2 9 3
3 0 2
t 67 49
m0 7 5
1 5 0
2 9 4
3 1 2
t 66 49
m0 7 5
1 6 0
2 9 3
3 0 2
t 65 49
m0 7 5
1 5 0
2 9 4
3 1 2
t 64 49
m0 7 5
1 6 0
2 9 3
3 0 2
t 63 49
m0 7 5
1 5 0
2 9 4
3 1 2
t 62 49
m0 7 5
1 6 0
2 9 3
3 0 2
t 61 49
m0 7 5
1 5 0
2 9 4
3 1 2
t 60 49
m0 7 5
1 6 0
2 9 3
3 0 2
t 59 49
m0 7 5
1 5 0
2 9 4
3 1 2
t 58 49
m0 7 5
1 6 0
2 9 3
3 0 2
t 57 49
m0 7 5
1 5 0
2 9 4
3 1 2
t 56 49
m0 7 5
1 6 0
2 9 3
3 0 2
t 55 49
m0 7 5
1 5 0
2 9 4
3 1 2
t 54 49
m0 7 5
1 6 0
2 9 3
3 0 2
t 53 49
m0 7 5
1 5 0
2 9 4
3 1 2
t 52 49
m0 7 5
1 6 0
2 9 3
3 0 2
t 51 49
m0 7 5
1 5 0
2 9 4
3 1 2
t 50 49
m0 7 5
1 6 0
2 9 3
3 0 2
t 49 49
m0 7 5
1 5 0
2 9 4
3 1 2
t 48 49
m0 7 5
1 6 0
2 9 3
3 0 2
t 47 49
m0 7 5
1 5 0
2 9 4
3 1 2
t 46 49
m0 7 5
1 6 0
2 9 3
3 0 2
t 45 49
m0 7 5
1 5 0
2 9 4
3 1 2
t 44 49
m0 7 5
1 6 0
2 9 3
3 0 2
t 43 49
m0 7 5
1 5 0
2 9 4
3 1 2
t 42 49
m0 7 5
1 6 0
2 9 3
3 0 2
t 41 49
m0 7 5
1 5 0
2 9 4
3 1 2
t 40 49
m0 7 5
1 6 0
2 9 3
3 0 2
t 39 49
m0 7 5
1 5 0
2 9 4
3 1 2
t 38 49
m0 7 5
1 6 0
2 9 3
3 0 2
t 37 49
m0 7 5
1 5 0
2 9 4
3 1 2
t 36 49
m0 7 5
1 6 0
2 9 3
3 0 2
t 35 49
m0 7 5
1 5 0
2 9 4
3 1 2
t 34 49
m0 7 5
1 6 0
2 9 3
3 0 2
t 33 49
m0 7 5
1 5 0
2 9 4
3 1 2
t 32 49
m0 7 5
1 6 0
2 9 3
3 0 2
t 31 49
m0 7 5
1 5 0
2 9 4
3 1 2
t 30 49
m0 7 5
1 6 0
2 9 3
3 0 2
t 29 49
m0 7 5
1 5 0
2 9 4
3 1 2
t 28 49
m0 7 5
1 6 0
2 9 3
3 0 2
t 27 49
m0 7 5
1 5 0
2 9 4
3 1 2
t 26 49
m0 7 5
1 6 0
2 9 3
3 0 2
t 25 49
m0 7 5
1 5 0
2 9 4
3 1 2
t 24 49
m0 7 5
1 6 0
2 9 3
3 0 2
t 23 49
m0 7 5
1 5 0
2 9 4
3 1 2
t 22 49
m0 7 5
1 6 0
2 9 3
3 0 2
t 21 49
m0 7 5
1 5 0
2 9 4
3 1 2
t 20 49
m0 7 5
1 6 0
2 9 3
3 0 2
t 19 49
m0 7 5
1 5 0
2 9 4
3 1 2
t 18 49
m0 7 5
1 6 0
2 9 3
3 0 2
t 17 49
m0 7 5
1 5 0
2 9 4
3 1 2
t 16 49
m0 7 5
1 6 0
2 9 3
3 0 2
t 15 49
m0 7 5
1 5 0
2 9 4
3 1 2
t 14 49
m0 7 5
1 6 0
2 9 3
3 0 2
t 13 49
m0 7 5
1 5 0
2 9 4
3 1 2
t 12 49
m0 7 5
1 6 0
2 9 3
3 0 2
t 11 49
m0 7 5
1 5 0
2 9 4
3 1 2
t 10 49
m0 7 5
1 6 0
2 9 3
3 0 2
t 9 49
m0 7 5
1 5 0
2 9 4
3 1 2
t 8 49
m0 7 5
1 6 0
2 9 3
3 0 2
t 7 49
m0 7 5
1 5 0
2 9 4
3 1 2
t 6 49
m0 7 5
1 6 0
2 9 3
3 0 2
t 5 49
m0 7 5
1 5 0
2 9 4
3 1 2
t 4 49
m0 7 5
1 6 0
2 9 3
3 0 2
t 3 49
m0 7 5
1 5 0
2 9 4
3 1 2
t 2 49
m0 7 5
1 6 0
2 9 3
3 0 2
t 1 49
m0 7 5
1 6 0
2 9 3
3 0 2
t 0 49
