10
15
w 5 9
w 1 3
w 8 13
w 2 8
w 8 9
w 2 12
w 0 10
w 8 14
w 8 1
w 7 6
w 2 13
w 4 1
w 1 1
w 9 7
w 6 4
w 9 14
w 3 13
w 4 5
w 6 11
w 8 11
w 6 0
w 1 4
w 0 12
w 6 12
w 0 8
w 9 6
w 4 11
w 3 5
w 2 7
w 5 7
w 3 8
w 0 6
w 6 13
w 4 3
w 0 9
w 9 5
w 5 2
p 7 3
p 6 9
p 4 7
p 9 1
p 4 8
p 5 6
p 3 0
p 7 12
p 9 8
p 3 11
p 6 2
p 1 6
p 4 12
p 9 4
p 3 7
p 8 5
p 3 14
p 7 2
p 1 2
p 5 5
p 5 12
p 8 10
p 6 3
p 1 5
p 0 11
p 4 13
p 5 0
p 1 10
p 8 6
p 7 14
p 3 2
p 0 0
p 4 14
p 2 10
p 3 9
p 7 5
p 1 9
p 2 3
p 4 2
p 1 0
p 2 14
p 8 3
p 7 0
p 4 6
p 3 12
p 8 12
p 5 10
p 6 8
p 6 1
p 2 11
p 9 9
p 7 4
p 2 0
p 1 8
p 1 7
p 8 4
m0 0 14
1 9 0
2 9 0
3 9 0
t 300 0
m0 1 14
1 8 0
2 8 0
3 8 0
t 299 0
m0 2 14
1 9 0
2 9 0
3 9 0
t 298 1
m0 3 14
1 8 0
2 8 0
3 8 0
t 297 2
m0 3 14
1 9 0
2 9 0
3 9 0
t 296 2
m0 3 14
1 8 0
2 8 0
3 8 0
t 295 2
m0 4 14
1 9 0
2 9 0
3 9 0
t 294 3
m0 5 14
1 8 0
2 8 0
3 8 0
t 293 3
m0 6 14
1 9 0
2 9 0
3 9 0
t 292 3
m0 7 14
1 8 0
2 8 0
3 8 0
t 291 4
m0 7 13
1 9 0
2 9 0
3 9 0
t 290 4
m0 7 14
1 8 0
2 8 0
3 8 0
t 289 4
m0 6 14
1 9 0
2 9 0
3 9 0
t 288 4
m0 6 14
1 8 0
2 8 0
3 8 0
t 287 4
m0 5 14
1 9 0
2 9 0
3 9 0
t 286 4
m0 6 14
1 8 0
2 8 0
3 8 0
t 285 4
m0 5 14
1 9 0
2 9 0
3 9 0
t 284 4
m0 5 14
1 8 0
2 8 0
3 8 0
t 283 4
m0 4 14
1 9 0
2 9 0
3 9 0
t 282 4
m0 4 13
1 8 0
2 8 0
3 8 0
t 281 5
m0 4 14
1 9 0
2 9 0
3 9 0
t 280 5
m0 4 13
1 8 0
2 8 0
3 8 0
t 279 5
m0 4 12
1 9 0
2 9 0
3 9 0
t 278 6
m0 4 12
1 8 0
2 8 0
3 8 0
t 277 6
m0 3 12
1 9 0
2 9 0
3 9 0
t 276 7
m0 3 11
1 8 0
2 8 0
3 8 0
t 275 8
m0 3 10
1 9 0
2 9 0
3 9 0
t 274 8
m0 3 10
1 8 0
2 8 0
3 8 0
t 273 8
m0 2 10
1 9 0
2 9 0
3 9 0
t 272 9
m0 2 10
1 8 0
2 8 0
3 8 0
t 271 9
m0 1 10
1 9 0
2 9 0
3 9 0
t 270 10
m0 1 11
1 8 0
2 8 0
3 8 0
t 269 10
m0 1 12
1 9 0
2 9 0
3 9 0
t 268 10
m0 1 11
1 8 0
2 8 0
3 8 0
t 267 10
m0 1 11
1 9 0
2 9 0
3 9 0
t 266 10
m0 1 11
1 8 0
2 8 0
3 8 0
t 265 10
m0 2 11
1 9 0
2 9 0
3 9 0
t 264 11
m0 1 11
1 8 0
2 8 0
3 8 0
t 263 11
m0 1 12
1 9 0
2 9 0
3 9 0
t 262 11
m0 1 12
1 8 0
2 8 0
3 8 0
t 261 11
m0 1 11
1 9 0
2 9 0
3 9 0
f 2 5
t 260 11
m0 2 11
1 8 0
2 8 0
3 8 0
t 259 11
m0 2 10
1 9 0
2 9 0
3 9 0
t 258 11
m0 2 9
1 8 0
2 8 0
3 8 0
t 257 11
m0 3 9
1 9 0
2 9 0
3 9 0
t 256 12
m0 3 9
1 8 0
2 8 0
3 8 0
t 255 12
m0 2 9
1 9 0
2 9 0
3 9 0
t 254 12
m0 1 9
1 8 0
2 8 0
3 8 0
t 253 13
m0 2 9
1 9 0
2 9 0
3 9 0
t 252 13
m0 2 9
1 8 0
2 8 0
3 8 0
t 251 13
m0 3 9
1 9 0
2 9 0
3 9 0
t 250 13
m0 4 9
1 8 0
2 8 0
3 8 0
t 249 13
m0 3 9
1 9 0
2 9 0
3 9 0
t 248 13
m0 3 10
1 8 0
2 8 0
3 8 0
t 247 13
m0 2 10
1 9 0
2 9 0
3 9 0
t 246 13
m0 1 10
1 8 0
2 8 0
3 8 0
t 245 13
m0 1 11
1 9 0
2 9 0
3 9 0
t 244 13
m0 0 11
1 8 0
2 8 0
3 8 0
t 243 14
m0 1 11
1 9 0
2 9 0
3 9 0
t 242 14
m0 1 10
1 8 0
2 8 0
3 8 0
t 241 14
m0 1 11
1 9 0
2 9 0
3 9 0
t 240 14
m0 1 11
1 8 0
2 8 0
3 8 0
t 239 14
m0 0 11
1 9 0
2 9 0
3 9 0
t 238 14
m0 1 11
1 8 0
2 8 0
3 8 0
t 237 14
m0 2 11
1 9 0
2 9 0
3 9 0
t 236 14
m0 2 10
1 8 0
2 8 0
3 8 0
t 235 14
m0 2 9
1 9 0
2 9 0
3 9 0
t 234 14
m0 1 9
1 8 0
2 8 0
3 8 0
t 233 14
m0 1 8
1 9 0
2 9 0
3 9 0
t 232 15
m0 1 7
1 8 0
2 8 0
3 8 0
t 231 16
m0 1 6
1 9 0
2 9 0
3 9 0
t 230 17
m0 1 7
1 8 0
2 8 0
3 8 0
t 229 17
m0 1 6
1 9 0
2 9 0
3 9 0
t 228 17
m0 1 6
1 8 0
2 8 0
3 8 0
t 227 17
m0 2 6
1 9 0
2 9 0
3 9 0
t 226 17
m0 2 5
1 8 0
2 8 0
3 8 0
t 225 27
m0 2 4
1 9 0
2 9 0
3 9 0
t 224 27
m0 2 4
1 8 0
2 8 0
3 8 0
t 223 27
m0 2 3
1 9 0
2 9 0
3 9 0
t 222 28
m0 2 2
1 8 0
2 8 0
3 8 0
t 221 28
m0 2 3
1 9 0
2 9 0
3 9 0
t 220 28
m0 2 4
1 8 0
2 8 0
3 8 0
t 219 28
m0 3 4
1 9 0
2 9 0
3 9 0
t 218 28
m0 3 3
1 8 0
2 8 0
3 8 0
t 217 28
m0 2 3
1 9 0
2 9 0
3 9 0
t 216 28
m0 2 4
1 8 0
2 8 0
3 8 0
t 215 28
m0 2 5
1 9 0
2 9 0
3 9 0
t 214 28
m0 2 5
1 8 0
2 8 0
3 8 0
f 7 7
t 213 28
m0 2 4
1 9 0
2 9 0
3 9 0
t 212 28
m0 3 4
1 8 0
2 8 0
3 8 0
t 211 28
m0 3 4
1 9 0
2 9 0
3 9 0
t 210 28
m0 3 4
1 8 0
2 8 0
3 8 0
t 209 28
m0 4 4
1 9 0
2 9 0
3 9 0
t 208 28
m0 5 4
1 8 0
2 8 0
3 8 0
t 207 28
m0 5 4
1 9 0
2 9 0
3 9 0
t 206 28
m0 5 5
1 8 0
2 8 0
3 8 0
t 205 29
m0 6 5
1 9 0
2 9 0
3 9 0
t 204 29
m0 6 5
1 8 0
2 8 0
3 8 0
t 203 29
m0 7 5
1 9 0
2 9 0
3 9 0
t 202 30
m0 6 5
1 8 0
2 8 0
3 8 0
t 201 30
m0 6 5
1 9 0
2 9 0
3 9 0
t 200 30
m0 6 5
1 8 0
2 8 0
3 8 0
t 199 30
m0 6 5
1 9 0
2 9 0
3 9 0
t 198 30
m0 6 5
1 8 0
2 8 0
3 8 0
t 197 30
m0 6 6
1 9 0
2 9 0
3 9 0
t 196 30
m0 6 5
1 8 0
2 8 0
3 8 0
t 195 30
m0 6 5
1 9 0
2 9 0
3 9 0
t 194 30
m0 6 6
1 8 0
2 8 0
3 8 0
t 193 30
m0 6 5
1 9 0
2 9 0
3 9 0
t 192 30
m0 7 5
1 8 0
2 8 0
3 8 0
t 191 30
m0 7 4
1 9 0
2 9 0
3 9 0
t 190 31
m0 7 3
1 8 0
2 8 0
3 8 0
t 189 32
m0 8 3
1 9 0
2 9 0
3 9 0
t 188 33
m0 8 3
1 8 0
2 8 0
3 8 0
t 187 33
m0 8 2
1 9 0
2 9 0
3 9 0
t 186 33
m0 7 2
1 8 0
2 8 0
3 8 0
t 185 34
m0 8 2
1 9 0
2 9 0
3 9 0
t 184 34
m0 9 2
1 8 0
2 8 0
3 8 0
t 183 34
m0 9 2
1 7 0
2 7 0
3 7 0
t 182 34
m0 9 1
1 8 0
2 8 0
3 8 0
t 181 35
m0 9 1
1 7 0
2 7 0
3 7 0
t 180 35
m0 9 1
1 8 0
2 8 0
3 8 0
t 179 35
m0 9 2
1 7 0
2 7 0
3 7 0
t 178 35
m0 8 2
1 8 0
2 8 0
3 8 0
t 177 35
m0 8 2
1 9 0
2 9 0
3 9 0
t 176 35
m0 8 2
1 8 0
2 8 0
3 8 0
t 175 35
m0 8 3
1 9 0
2 9 0
3 9 0
t 174 35
m0 8 4
1 8 0
2 8 0
3 8 0
t 173 36
m0 9 4
1 7 0
2 7 0
3 7 0
t 172 37
m0 9 3
1 8 0
2 8 0
3 8 0
t 171 37
m0 8 3
1 9 0
2 9 0
3 9 0
t 170 37
m0 9 3
1 8 0
2 8 0
3 8 0
t 169 37
m0 8 3
1 9 0
2 9 0
3 9 0
t 168 37
m0 9 3
1 8 0
2 8 0
3 8 0
t 167 37
m0 9 3
1 7 0
2 7 0
3 7 0
t 166 37
m0 9 3
1 8 0
2 8 0
3 8 0
t 165 37
m0 9 4
1 7 0
2 7 0
3 7 0
t 164 37
m0 8 4
1 8 0
2 8 0
3 8 0
t 163 37
m0 8 5
1 9 0
2 9 0
3 9 0
t 162 38
m0 8 5
1 8 0
2 8 0
3 8 0
t 161 38
m0 8 4
1 9 0
2 9 0
3 9 0
t 160 38
m0 7 4
1 8 0
2 8 0
3 8 0
t 159 38
m0 8 4
1 9 0
2 9 0
3 9 0
t 158 38
m0 9 4
1 8 0
2 8 0
3 8 0
t 157 38
m0 8 4
1 9 0
2 9 0
3 9 0
t 156 38
m0 8 3
1 8 0
2 8 0
3 8 0
t 155 38
m0 8 2
1 9 0
2 9 0
3 9 0
t 154 38
m0 8 3
1 8 0
2 8 0
3 8 0
t 153 38
m0 9 3
1 7 0
2 7 0
3 7 0
t 152 38
m0 9 4
1 8 0
2 8 0
3 8 0
t 151 38
m0 9 3
1 7 0
2 7 0
3 7 0
t 150 38
m0 8 3
1 8 0
2 8 0
3 8 0
t 149 38
m0 8 4
1 9 0
2 9 0
3 9 0
t 148 38
m0 9 4
1 8 0
2 8 0
3 8 0
t 147 38
m0 8 4
1 9 0
2 9 0
3 9 0
t 146 38
m0 8 4
1 8 0
2 8 0
3 8 0
t 145 38
m0 9 4
1 7 0
2 7 0
3 7 0
t 144 38
m0 9 4
1 8 0
2 8 0
3 8 0
t 143 38
m0 9 3
1 7 0
2 7 0
3 7 0
t 142 38
m0 9 3
1 8 0
2 8 0
3 8 0
t 141 38
m0 9 3
1 7 0
2 7 0
3 7 0
t 140 38
m0 9 3
1 8 0
2 8 0
3 8 0
t 139 38
m0 9 2
1 7 0
2 7 0
3 7 0
t 138 38
m0 9 2
1 8 0
2 8 0
3 8 0
t 137 38
m0 9 2
1 7 0
2 7 0
3 7 0
t 136 38
m0 9 2
1 8 0
2 8 0
3 8 0
t 135 38
m0 9 1
1 7 0
2 7 0
3 7 0
t 134 38
m0 9 0
1 7 1
2 7 1
3 7 1
t 133 38
m0 8 0
1 6 1
2 6 1
3 6 1
t 132 38
m0 9 0
1 5 1
2 5 1
3 5 1
t 131 38
m0 9 1
1 5 0
2 5 0
3 5 0
t 130 38
m0 9 0
1 4 0
2 4 0
3 4 0
t 129 38
m0 9 0
1 3 0
2 3 0
3 3 0
t 128 38
m0 9 1
1 2 0
2 2 0
3 2 0
t 127 38
m0 9 2
1 1 0
2 1 0
3 1 0
t 126 38
m0 9 3
1 0 0
2 0 0
3 0 0
t 125 38
m0 9 2
1 1 0
2 1 0
3 1 0
t 124 38
m0 8 2
1 0 0
2 0 0
3 0 0
t 123 38
m0 8 2
1 1 0
2 1 0
3 1 0
t 122 38
m0 8 3
1 0 0
2 0 0
3 0 0
t 121 38
m0 8 4
1 1 0
2 1 0
3 1 0
t 120 38
m0 8 3
1 0 0
2 0 0
3 0 0
t 119 38
m0 8 3
1 1 0
2 1 0
3 1 0
t 118 38
m0 8 4
1 0 0
2 0 0
3 0 0
t 117 38
m0 9 4
1 1 0
2 1 0
3 1 0
t 116 38
m0 9 3
1 0 0
2 0 0
3 0 0
t 115 38
m0 8 3
1 1 0
2 1 0
3 1 0
t 114 38
m0 8 3
1 0 0
2 0 0
3 0 0
t 113 38
m0 7 3
1 1 0
2 1 0
3 1 0
t 112 38
m0 7 4
1 0 0
2 0 0
3 0 0
t 111 38
m0 7 4
1 1 0
2 1 0
3 1 0
t 110 38
m0 7 3
1 0 0
2 0 0
3 0 0
t 109 38
m0 7 3
1 1 0
2 1 0
3 1 0
t 108 38
m0 7 4
1 0 0
2 0 0
3 0 0
t 107 38
m0 8 4
1 1 0
2 1 0
3 1 0
t 106 38
m0 9 4
1 0 0
2 0 0
3 0 0
t 105 38
m0 9 4
1 1 0
2 1 0
3 1 0
t 104 38
m0 9 3
1 0 0
2 0 0
3 0 0
t 103 38
m0 8 3
1 1 0
2 1 0
3 1 0
t 102 38
m0 8 3
1 0 0
2 0 0
3 0 0
t 101 38
m0 8 3
1 1 0
2 1 0
3 1 0
t 100 38
m0 8 4
1 0 0
2 0 0
3 0 0
t 99 38
m0 8 4
1 1 0
2 1 0
3 1 0
t 98 38
m0 9 4
1 0 0
2 0 0
3 0 0
t 97 38
m0 9 4
1 1 0
2 1 0
3 1 0
t 96 38
m0 8 4
1 0 0
2 0 0
3 0 0
t 95 38
m0 8 5
1 1 0
2 1 0
3 1 0
t 94 38
m0 8 4
1 0 0
2 0 0
3 0 0
t 93 38
m0 8 3
1 1 0
2 1 0
3 1 0
t 92 38
m0 8 4
1 0 0
2 0 0
3 0 0
t 91 38
m0 8 3
1 1 0
2 1 0
3 1 0
t 90 38
m0 8 3
1 0 0
2 0 0
3 0 0
t 89 38
m0 8 2
1 1 0
2 1 0
3 1 0
t 88 38
m0 8 2
1 0 0
2 0 0
3 0 0
t 87 38
m0 8 3
1 1 0
2 1 0
3 1 0
t 86 38
m0 7 3
1 0 0
2 0 0
3 0 0
t 85 38
m0 7 2
1 1 0
2 1 0
3 1 0
t 84 38
m0 6 2
1 0 0
2 0 0
3 0 0
t 83 39
m0 7 2
1 1 0
2 1 0
3 1 0
t 82 39
m0 8 2
1 0 0
2 0 0
3 0 0
t 81 39
m0 8 2
1 1 0
2 1 0
3 1 0
t 80 39
m0 8 2
1 0 0
2 0 0
3 0 0
t 79 39
m0 7 2
1 1 0
2 1 0
3 1 0
t 78 39
m0 7 1
1 0 0
2 0 0
3 0 0
t 77 39
m0 7 1
1 1 0
2 1 0
3 1 0
t 76 39
m0 7 0
1 0 0
2 0 0
3 0 0
t 75 40
m0 7 1
1 1 0
2 1 0
3 1 0
t 74 40
m0 7 2
1 0 0
2 0 0
3 0 0
t 73 40
m0 7 1
1 1 0
2 1 0
3 1 0
t 72 40
m0 7 2
1 0 0
2 0 0
3 0 0
t 71 40
m0 6 2
1 1 0
2 1 0
3 1 0
t 70 40
m0 6 2
1 0 0
2 0 0
3 0 0
t 69 40
m0 6 2
1 1 0
2 1 0
3 1 0
t 68 40
m0 6 2
1 0 0
2 0 0
3 0 0
t 67 40
m0 6 1
1 1 0
2 1 0
3 1 0
t 66 41
m0 5 1
1 0 0
2 0 0
3 0 0
t 65 41
m0 5 1
1 1 0
2 1 0
3 1 0
t 64 41
m0 5 1
1 0 0
2 0 0
3 0 0
t 63 41
m0 6 1
1 1 0
2 1 0
3 1 0
t 62 41
m0 5 1
1 0 0
2 0 0
3 0 0
t 61 41
m0 5 0
1 0 1
2 0 1
3 0 1
t 60 42
m0 5 1
1 0 0
2 0 0
3 0 0
t 59 42
m0 6 1
1 1 0
2 1 0
3 1 0
t 58 42
m0 5 1
1 0 0
2 0 0
3 0 0
t 57 42
m0 6 1
1 1 0
2 1 0
3 1 0
t 56 42
m0 5 1
1 0 0
2 0 0
3 0 0
t 55 42
m0 5 0
1 0 1
2 0 1
3 0 1
t 54 42
m0 5 0
1 0 2
2 0 2
3 0 2
t 53 42
m0 4 0
1 0 3
2 0 3
3 0 3
t 52 42
m0 4 0
1 0 4
2 0 4
3 0 4
t 51 42
m0 3 0
1 0 5
2 0 5
3 0 5
t 50 43
m0 4 0
1 1 5
2 1 5
3 1 5
t 49 43
m0 4 0
1 0 5
2 0 5
3 0 5
t 48 43
m0 3 0
1 1 5
2 1 5
3 1 5
t 47 43
m0 3 1
1 0 5
2 0 5
3 0 5
t 46 43
m0 3 2
1 1 5
2 1 5
3 1 5
t 45 44
m0 2 2
1 0 5
2 0 5
3 0 5
t 44 44
m0 2 1
1 1 5
2 1 5
3 1 5
t 43 44
m0 2 1
1 0 5
2 0 5
3 0 5
t 42 44
m0 2 0
1 1 5
2 1 5
3 1 5
t 41 45
m0 3 0
1 0 5
2 0 5
3 0 5
t 40 45
m0 4 0
1 1 5
2 1 5
3 1 5
t 39 45
m0 3 0
1 0 5
2 0 5
3 0 5
t 38 45
m0 3 1
1 1 5
2 1 5
3 1 5
t 37 45
m0 2 1
1 0 5
2 0 5
3 0 5
t 36 45
m0 2 1
1 1 5
2 1 5
3 1 5
t 35 45
m0 2 0
1 0 5
2 0 5
3 0 5
t 34 45
m0 3 0
1 1 5
2 1 5
3 1 5
t 33 45
m0 3 0
1 0 5
2 0 5
3 0 5
t 32 45
m0 2 0
1 1 5
2 1 5
3 1 5
t 31 45
m0 2 0
1 0 5
2 0 5
3 0 5
t 30 45
m0 1 0
1 1 5
2 1 5
3 1 5
t 29 46
m0 1 0
1 2 5
2 2 5
3 2 5
t 28 46
m0 0 0
1 2 6
2 2 6
3 2 6
t 27 47
m0 0 0
1 3 6
2 3 6
3 3 6
t 26 47
m0 0 0
1 4 6
2 4 6
3 4 6
t 25 47
m0 1 0
1 5 6
2 5 6
3 5 6
t 24 47
m0 2 0
1 6 6
2 6 6
3 6 6
t 23 47
m0 2 1
1 6 7
2 6 7
3 6 7
t 22 47
m0 2 0
1 7 7
2 7 7
3 7 7
t 21 47
m0 3 0
1 8 7
2 8 7
3 8 7
t 20 47
m0 3 1
1 8 8
2 8 8
3 8 8
t 19 47
m0 2 1
1 9 8
2 9 8
3 9 8
t 18 47
m0 2 0
1 9 9
2 9 9
3 9 9
t 17 47
m0 2 0
1 9 10
2 9 10
3 9 10
t 16 47
m0 3 0
1 9 11
2 9 11
3 9 11
t 15 47
m0 2 0
1 9 12
2 9 12
3 9 12
t 14 47
m0 2 0
1 9 13
2 9 13
3 9 13
t 13 47
m0 1 0
1 9 12
2 9 12
3 9 12
t 12 47
m0 0 0
1 9 13
2 9 13
3 9 13
t 11 47
m0 0 0
1 9 12
2 9 12
3 9 12
t 10 47
m0 0 0
1 9 13
2 9 13
3 9 13
t 9 47
m0 0 0
1 9 12
2 9 12
3 9 12
t 8 47
m0 0 1
1 9 13
2 9 13
3 9 13
t 7 47
m0 0 0
1 9 12
2 9 12
3 9 12
t 6 47
m0 0 0
1 9 13
2 9 13
3 9 13
t 5 47
m0 0 0
1 9 12
2 9 12
3 9 12
t 4 47
m0 0 1
1 9 13
2 9 13
3 9 13
t 3 47
m0 0 2
1 9 12
2 9 12
3 9 12
t 2 47
m0 1 2
1 9 13
2 9 13
3 9 13
t 1 48
m0 1 2
1 9 13
2 9 13
3 9 13
t 0 48
