Use the setting in the following lines to re-create this experiment

{'result_folder_name': 'formal_exp_1_offspring_100', 'plot_file_name': '1_plot', 'log_file_name': 'formal_exp_1_offspring_100_log', 'n_run': 30, 'n_eval': 2000, 'n_pacman': 1, 'n_ghost': 3, 'size_tuple': (10, 15), 'wall_density': 0.25, 'replay_file_name': '0_replay', 'time_multiplier': 2, 'pills_density': 0.5, 'fruit_spawn_probability': 0.05, 'pill_value': 1, 'fruit_score': 10, 'grow_terminal_prob': 0.5, 'over_selection_x': 0.2, 'pacman_max_tree_height': 2, 'pacman_parent_selection': 'os', 'pacman_stable_population': 5, 'pacman_offspring_population': 100, 'n_pacman_parent': 3, 'pacman_survival_selection': 'trunc', 'pacman_survival_k': 15, 'pacman_parsimony_pressure': 2, 'pacman_share_controller': True, 'ghost_max_tree_height': 2, 'ghost_parent_selection': 'os', 'ghost_stable_population': 5, 'ghost_offspring_population': 100, 'n_ghost_parent': 2, 'ghost_survival_selection': 'trunc', 'ghost_survival_k': 15, 'ghost_parsimony_pressure': 2, 'ghost_share_controller': True, 'convergence_n_eval': None, 'seed': '2018-12-04 18:48:37.092899'}

Result Log

Run 0
5	0.0	2
105	0.2008163265306122	14
205	0.39755102040816326	23
305	0.30857142857142855	19
405	0.36408163265306115	13
505	0.5142857142857143	11
605	0.4881632653061224	10
705	0.19999999999999996	23
805	0.16163265306122448	3
905	0.11020408163265305	13
1005	0.16163265306122448	24
1105	0.2791836734693877	10
1205	0.1493877551020408	28
1305	0.1951020408163265	12
1405	0.4171428571428571	12
1505	0.48163265306122455	14
1605	0.2571428571428571	11
1705	0.44816326530612244	12
1805	0.09877551020408162	17
1905	0.47265306122448975	11
2005	0.3012244897959183	10

Run 1
5	0.0	23
105	0.08081632653061224	17
205	0.18204081632653057	49
305	0.2595918367346939	40
405	0.43836734693877544	14
505	0.23265306122448975	36
605	0.12081632653061225	24
705	0.24326530612244898	35
805	0.16163265306122448	32
905	0.25551020408163266	31
1005	0.3346938775510204	48
1105	0.0816326530612245	33
1205	0.32326530612244897	64
1305	0.08979591836734695	14
1405	0.14530612244897959	19
1505	0.2261224489795918	15
1605	0.19591836734693874	9
1705	0.12653061224489795	41
1805	0.25061224489795914	53
1905	0.3559183673469387	45
2005	0.21959183673469387	37

Run 2
5	0.0	64
105	0.8595918367346939	137
205	0.68	22
305	0.6130612244897958	148
405	0.37469387755102035	7
505	0.45795918367346944	12
605	0.5746938775510205	24
705	0.3918367346938776	9
805	0.7983673469387753	114
905	0.30857142857142855	10
1005	0.49469387755102034	20
1105	0.6465306122448982	132
1205	0.6922448979591835	31
1305	0.7265306122448979	132
1405	0.5265306122448979	13
1505	0.5232653061224489	10
1605	0.7559183673469387	34
1705	0.2816326530612244	13
1805	0.5428571428571428	139
1905	0.4261224489795918	20
2005	0.5812244897959183	133

Run 3
5	1.7632653061224488	12
105	1.920816326530612	44
205	0.690612244897959	107
305	0.3999999999999999	29
405	0.4783673469387755	41
505	0.5346938775510204	65
605	0.34122448979591824	51
705	0.3861224489795918	36
805	0.6906122448979591	95
905	0.6889795918367346	56
1005	0.32081632653061226	53
1105	0.7069387755102039	54
1205	0.6726530612244896	61
1305	0.27265306122448973	29
1405	0.5959183673469388	37
1505	0.6342857142857142	46
1605	0.3273469387755102	49
1705	0.46857142857142864	41
1805	0.942857142857143	63
1905	0.6930612244897959	45
2005	0.3248979591836734	24

Run 4
5	0.14693877551020407	9
105	0.7322448979591835	61
205	0.15591836734693876	12
305	0.4644897959183673	44
405	0.6024489795918366	57
505	0.3012244897959183	15
605	0.5379591836734694	115
705	0.2171428571428571	41
805	0.13224489795918365	21
905	0.7673469387755101	113
1005	0.14285714285714285	12
1105	0.20244897959183672	41
1205	0.4097959183673469	91
1305	0.037551020408163265	20
1405	0.590204081632653	65
1505	0.5248979591836734	30
1605	0.47428571428571425	116
1705	0.34938775510204073	43
1805	0.7020408163265305	64
1905	0.45795918367346944	96
2005	0.3591836734693878	111

Run 5
5	1.6163265306122447	12
105	1.5346938775510202	26
205	0.43755102040816324	26
305	0.24897959183673465	28
405	0.09224489795918366	20
505	0.3567346938775511	24
605	0.0914285714285714	4
705	0.12897959183673469	20
805	0.25306122448979584	20
905	0.07918367346938776	22
1005	0.3591836734693877	39
1105	0.15918367346938778	39
1205	0.2073469387755102	48
1305	0.1926530612244898	36
1405	0.26448979591836735	17
1505	0.34367346938775506	27
1605	0.0710204081632653	23
1705	0.10448979591836732	32
1805	0.16489795918367342	40
1905	0.25632653061224486	12
2005	0.25387755102040815	11

Run 6
5	0.8816326530612244	15
105	1.220408163265306	47
205	0.15999999999999998	28
305	0.1273469387755102	30
405	0.06040816326530612	23
505	0.17795918367346938	27
605	0.2293877551020408	28
705	0.15918367346938772	32
805	0.08326530612244896	27
905	0.29959183673469386	33
1005	0.18693877551020407	29
1105	0.15183673469387754	31
1205	0.36734693877551017	23
1305	0.22530612244897955	27
1405	0.18204081632653066	31
1505	0.12816326530612246	37
1605	0.11755102040816327	22
1705	0.18448979591836737	29
1805	0.16653061224489793	30
1905	0.2636734693877551	31
2005	0.04326530612244897	28

Run 7
5	0.5877551020408163	26
105	0.4187755102040816	69
205	0.4546938775510203	41
305	0.3640816326530612	71
405	0.3616326530612245	45
505	0.32163265306122446	75
605	0.2620408163265306	69
705	0.16897959183673467	40
805	0.34612244897959177	42
905	0.25142857142857145	81
1005	0.1493877551020408	48
1105	0.4008163265306121	63
1205	0.34367346938775506	38
1305	0.3763265306122448	76
1405	0.3518367346938775	52
1505	0.45795918367346933	65
1605	0.7951020408163266	67
1705	0.41142857142857137	36
1805	0.32326530612244897	53
1905	0.196734693877551	44
2005	0.2816326530612244	68

Run 8
5	0.0	27
105	0.26530612244897955	64
205	0.2187755102040816	47
305	0.2742857142857142	55
405	0.25061224489795914	63
505	0.18857142857142858	36
605	0.1469387755102041	46
705	0.2865306122448979	50
805	0.2808163265306123	69
905	0.30857142857142855	44
1005	0.13142857142857142	45
1105	0.39510204081632644	53
1205	0.313469387755102	62
1305	0.116734693877551	45
1405	0.19265306122448977	42
1505	0.27346938775510204	52
1605	0.35999999999999993	38
1705	0.17306122448979588	62
1805	0.20408163265306126	39
1905	0.2097959183673469	42
2005	0.2995918367346939	44

Run 9
5	0.5877551020408163	11
105	1.3942857142857141	16
205	0.24653061224489792	13
305	0.3567346938775509	16
405	0.23673469387755106	17
505	0.1297959183673469	17
605	0.1493877551020408	16
705	0.22204081632653058	17
805	0.13469387755102036	23
905	0.19999999999999996	14
1005	0.2636734693877551	14
1105	0.11102040816326529	22
1205	0.27183673469387754	22
1305	0.2563265306122449	25
1405	0.1820408163265306	11
1505	0.19183673469387752	17
1605	0.23918367346938774	15
1705	0.2930612244897959	20
1805	0.3755102040816326	30
1905	0.09551020408163265	38
2005	0.17224489795918368	17

Run 10
5	0.0	33
105	0.1624489795918367	32
205	0.8097959183673469	48
305	0.34122448979591835	54
405	0.29795918367346935	47
505	0.273469387755102	44
605	0.3183673469387755	25
705	0.5869387755102039	73
805	0.20897959183673467	67
905	0.2497959183673469	44
1005	0.553469387755102	58
1105	0.19183673469387755	53
1205	0.22285714285714284	51
1305	0.2808163265306122	47
1405	0.6106122448979591	57
1505	0.2187755102040816	40
1605	0.35183673469387755	35
1705	0.2751020408163265	58
1805	0.4522448979591836	55
1905	0.10857142857142855	37
2005	0.8155102040816326	46

Run 11
5	0.4408163265306122	25
105	1.5820408163265307	15
205	0.2497959183673469	15
305	0.6146938775510205	44
405	0.42612244897959173	27
505	0.15265306122448977	15
605	0.45061224489795904	20
705	0.37714285714285706	51
805	0.3208163265306122	53
905	0.19918367346938776	15
1005	0.42285714285714276	44
1105	0.6032653061224488	97
1205	0.1363265306122449	68
1305	0.6146938775510202	54
1405	0.21632653061224486	39
1505	0.5632653061224488	57
1605	0.36816326530612237	38
1705	0.39510204081632644	23
1805	0.2922448979591837	57
1905	0.7510204081632652	50
2005	0.6424489795918368	29

Run 12
5	0.8163265306122447	9
105	1.2538775510204083	29
205	0.20163265306122446	40
305	0.4465306122448978	45
405	0.34204081632653055	24
505	0.28653061224489795	34
605	0.603265306122449	24
705	0.17795918367346938	18
805	0.23265306122448973	36
905	0.08734693877551018	39
1005	0.25061224489795914	38
1105	0.07999999999999999	10
1205	0.21469387755102035	47
1305	0.3036734693877551	27
1405	0.3338775510204081	21
1505	0.3640816326530613	48
1605	0.3812244897959183	19
1705	0.313469387755102	31
1805	0.3061224489795918	51
1905	0.38693877551020406	44
2005	0.39755102040816326	29

Run 13
5	0.4408163265306122	42
105	0.25387755102040815	50
205	0.18285714285714286	22
305	0.20653061224489797	57
405	0.10204081632653061	9
505	0.39428571428571424	52
605	0.07428571428571429	54
705	0.19020408163265304	52
805	0.14367346938775508	74
905	0.057959183673469396	46
1005	0.6726530612244896	53
1105	0.09387755102040815	42
1205	0.11020408163265305	12
1305	0.1387755102040816	50
1405	0.16244897959183674	53
1505	0.27183673469387754	46
1605	0.10530612244897959	49
1705	0.35346938775510206	32
1805	0.15918367346938772	48
1905	0.2644897959183673	44
2005	0.2293877551020408	54

Run 14
5	0.0	43
105	0.4799999999999999	59
205	0.46857142857142847	52
305	0.27428571428571424	67
405	0.4457142857142857	34
505	0.27183673469387754	24
605	0.24326530612244898	36
705	0.47918367346938767	47
805	0.4546938775510203	29
905	0.4204081632653061	48
1005	0.4097959183673469	23
1105	0.11836734693877551	20
1205	0.36326530612244895	38
1305	0.11673469387755102	42
1405	0.23428571428571426	35
1505	0.33877551020408164	52
1605	0.5755102040816327	51
1705	0.5395918367346938	35
1805	0.49632653061224485	39
1905	0.5183673469387754	39
2005	0.1657142857142857	53

Run 15
5	1.1918367346938774	36
105	1.651428571428571	51
205	0.49387755102040837	47
305	1.495510204081632	22
405	0.5012244897959183	16
505	1.653061224489796	40
605	0.3110204081632651	35
705	0.6987755102040819	54
805	1.3330612244897955	20
905	1.4865306122448978	26
1005	1.4310204081632651	16
1105	1.5648979591836731	15
1205	0.5951020408163263	51
1305	1.5257142857142856	61
1405	1.256326530612245	13
1505	1.3493877551020406	24
1605	0.3085714285714284	16
1705	0.5151020408163266	47
1805	0.46367346938775533	43
1905	1.4293877551020413	14
2005	1.533061224489796	18

Run 16
5	0.4408163265306122	39
105	0.3583673469387755	50
205	0.28326530612244893	19
305	0.40489795918367344	49
405	0.4636734693877551	14
505	0.2873469387755102	18
605	0.6253061224489794	44
705	0.28571428571428564	41
805	0.42530612244897964	28
905	0.436734693877551	66
1005	0.2318367346938775	16
1105	0.3257142857142857	14
1205	0.32897959183673464	33
1305	0.33142857142857124	75
1405	0.2081632653061224	15
1505	0.32326530612244897	45
1605	0.5322448979591837	54
1705	0.6220408163265305	51
1805	0.37306122448979595	49
1905	0.3657142857142857	50
2005	0.3444897959183673	51

Run 17
5	1.6653061224489794	16
105	1.7208163265306116	53
205	0.17224489795918366	64
305	0.4481632653061224	98
405	0.2710204081632653	85
505	0.47918367346938767	66
605	0.35999999999999993	69
705	0.7265306122448978	82
805	0.30367346938775513	58
905	0.6195918367346938	72
1005	0.3330612244897959	77
1105	0.2644897959183673	103
1205	0.596734693877551	62
1305	0.4130612244897959	63
1405	0.4710204081632653	92
1505	0.5257142857142856	65
1605	0.2440816326530612	62
1705	0.20897959183673467	77
1805	0.21387755102040817	71
1905	0.5665306122448979	70
2005	0.7289795918367347	80

Run 18
5	0.5877551020408163	15
105	0.2424489795918367	20
205	0.8514285714285716	17
305	1.0179591836734692	22
405	0.7044897959183671	23
505	0.6759183673469389	26
605	1.2024489795918365	23
705	0.4048979591836735	19
805	0.803265306122449	31
905	1.2865306122448983	35
1005	1.3861224489795916	22
1105	1.0432653061224486	39
1205	0.9281632653061226	21
1305	0.5681632653061226	53
1405	0.9004081632653059	24
1505	1.1746938775510203	29
1605	0.8946938775510205	24
1705	1.1257142857142854	31
1805	0.5257142857142857	41
1905	1.2546938775510204	34
2005	1.2522448979591838	31

Run 19
5	0.26122448979591834	7
105	0.44081632653061226	13
205	0.23591836734693877	43
305	0.16408163265306122	21
405	0.2555102040816326	19
505	0.26938775510204077	16
605	0.25224489795918364	10
705	0.2171428571428571	12
805	0.28	17
905	0.029387755102040815	14
1005	0.2604081632653061	14
1105	0.2448979591836734	11
1205	0.10775510204081633	25
1305	0.14367346938775508	15
1405	0.3542857142857143	42
1505	0.2253061224489796	36
1605	0.11918367346938774	11
1705	0.16571428571428565	37
1805	0.05877551020408163	43
1905	0.13632653061224487	35
2005	0.010612244897959183	36

Run 20
5	0.0	13
105	0.38693877551020406	53
205	0.22204081632653058	44
305	0.5314285714285714	47
405	0.3493877551020407	37
505	0.28571428571428564	54
605	0.5477551020408162	47
705	0.3681632653061223	36
805	0.36	65
905	0.16081632653061223	42
1005	0.7257142857142856	45
1105	0.5902040816326529	59
1205	0.29714285714285715	78
1305	0.07183673469387755	52
1405	0.43755102040816324	67
1505	0.5053061224489795	55
1605	0.6555102040816326	59
1705	0.25306122448979596	39
1805	0.1959183673469388	49
1905	0.4204081632653061	41
2005	0.44163265306122457	45

Run 21
5	0.016326530612244896	49
105	0.2465306122448979	34
205	0.2685714285714285	39
305	0.30448979591836733	41
405	0.4293877551020408	34
505	0.3477551020408163	31
605	0.08244897959183672	10
705	0.553469387755102	32
805	0.14367346938775508	35
905	0.17142857142857143	12
1005	0.2897959183673469	19
1105	0.5240816326530612	31
1205	0.16326530612244894	9
1305	0.4081632653061223	15
1405	0.18612244897959182	27
1505	0.25387755102040815	93
1605	0.1493877551020408	41
1705	0.2881632653061224	22
1805	0.5477551020408162	53
1905	0.15428571428571428	27
2005	0.10775510204081633	9

Run 22
5	0.0	32
105	0.22938775510204082	57
205	0.18367346938775508	49
305	0.4236734693877551	60
405	0.41387755102040813	49
505	0.5461224489795917	52
605	0.35020408163265304	49
705	0.2987755102040816	40
805	0.48326530612244895	44
905	0.23428571428571424	54
1005	0.2693877551020408	56
1105	0.34775510204081633	47
1205	0.20897959183673467	56
1305	0.26122448979591834	61
1405	0.23591836734693877	63
1505	0.3477551020408163	48
1605	0.4212244897959183	69
1705	0.30693877551020404	40
1805	0.23428571428571426	54
1905	0.5706122448979591	40
2005	0.1910204081632653	55

Run 23
5	0.8816326530612244	6
105	1.9379591836734686	33
205	0.09795918367346937	10
305	0.20653061224489794	11
405	0.5959183673469387	39
505	0.32081632653061215	33
605	0.12408163265306119	20
705	0.20571428571428566	53
805	0.33142857142857146	21
905	0.08489795918367347	24
1005	0.4057142857142855	45
1105	0.5346938775510204	32
1205	0.24571428571428566	32
1305	0.4261224489795918	34
1405	0.10285714285714284	5
1505	0.22204081632653058	46
1605	0.18612244897959176	38
1705	0.17142857142857137	36
1805	0.21306122448979578	42
1905	0.04244897959183674	16
2005	0.5175510204081634	37

Run 24
5	1.2081632653061223	47
105	1.7404081632653057	44
205	0.34938775510204073	57
305	0.14448979591836733	29
405	0.12	51
505	0.2979591836734694	49
605	0.05714285714285714	44
705	0.10530612244897959	16
805	0.2089795918367347	44
905	0.07591836734693877	44
1005	0.04408163265306122	49
1105	0.16979591836734692	58
1205	0.0693877551020408	47
1305	0.11999999999999998	45
1405	0.10285714285714287	55
1505	0.15591836734693876	35
1605	0.17632653061224488	32
1705	0.2179591836734694	47
1805	0.1273469387755102	28
1905	0.5485714285714285	62
2005	0.25306122448979584	35

Run 25
5	0.0	0
105	0.1763265306122449	21
205	0.10040816326530613	16
305	0.15999999999999998	35
405	0.15836734693877552	32
505	0.2	26
605	0.313469387755102	26
705	0.24163265306122447	38
805	0.22448979591836732	22
905	0.11510204081632651	15
1005	0.1926530612244898	28
1105	0.20571428571428574	30
1205	0.17306122448979594	38
1305	0.12408163265306121	10
1405	0.12244897959183673	42
1505	0.16326530612244894	35
1605	0.1224489795918367	23
1705	0.2073469387755102	15
1805	0.13142857142857145	22
1905	0.31591836734693873	29
2005	0.2424489795918367	24

Run 26
5	0.31020408163265306	54
105	0.6285714285714287	45
205	0.5004081632653061	8
305	0.2408163265306122	37
405	0.16897959183673464	40
505	0.9395918367346943	45
605	0.6285714285714286	51
705	0.36	58
805	0.6089795918367347	37
905	0.4040816326530613	9
1005	0.47102040816326535	38
1105	0.38285714285714284	43
1205	0.5869387755102039	50
1305	0.8848979591836733	48
1405	0.5828571428571427	15
1505	0.9314285714285714	46
1605	0.41387755102040813	15
1705	0.3477551020408163	33
1805	0.329795918367347	5
1905	0.12979591836734694	40
2005	0.26857142857142857	40

Run 27
5	0.0	9
105	0.2293877551020408	45
205	0.34040816326530615	24
305	0.5640816326530611	27
405	0.5959183673469387	49
505	0.4220408163265306	57
605	0.8342857142857143	67
705	0.40326530612244893	25
805	0.33224489795918366	38
905	0.3273469387755102	42
1005	0.05959183673469387	48
1105	0.4342857142857142	27
1205	0.1404081632653061	45
1305	0.49224489795918375	68
1405	0.3028571428571428	17
1505	0.4171428571428572	29
1605	0.47265306122448975	62
1705	0.5322448979591836	27
1805	0.3624489795918366	31
1905	0.16489795918367345	35
2005	0.41469387755102033	47

Run 28
5	1.4204081632653058	15
105	0.9804081632653063	18
205	0.21714285714285717	11
305	0.27918367346938777	4
405	0.3289795918367347	9
505	0.4897959183673468	15
605	0.22122448979591838	3
705	0.3918367346938776	11
805	0.06285714285714286	18
905	0.1363265306122449	22
1005	0.5330612244897958	13
1105	0.2571428571428571	10
1205	0.2497959183673469	7
1305	0.5697959183673469	12
1405	0.3951020408163264	20
1505	0.3746938775510204	4
1605	0.4097959183673469	12
1705	0.26530612244897955	16
1805	0.4342857142857141	15
1905	0.37959183673469377	10
2005	0.14122448979591837	18

Run 29
5	0.13061224489795917	28
105	0.4416326530612244	14
205	0.7314285714285714	131
305	0.14285714285714285	52
405	0.17469387755102037	53
505	0.1346938775510204	49
605	0.1746938775510204	38
705	0.1869387755102041	49
805	0.11918367346938774	65
905	0.3412244897959183	91
1005	0.09387755102040816	129
1105	0.18448979591836737	27
1205	0.18857142857142858	56
1305	0.19428571428571428	44
1405	0.09061224489795919	41
1505	0.10775510204081633	50
1605	0.3093877551020408	42
1705	0.2865306122448979	28
1805	0.39020408163265297	38
1905	0.31836734693877555	86
2005	0.3240816326530612	42
