10
15
w 4 8
w 7 12
w 2 8
w 9 8
w 5 13
w 7 7
w 1 6
w 2 12
w 9 4
w 7 11
w 2 5
w 7 2
w 6 7
w 3 3
w 4 4
w 2 13
w 5 0
w 1 10
w 8 6
w 1 1
w 4 10
w 0 0
w 9 14
w 6 11
w 2 10
w 6 5
w 7 9
w 4 11
w 9 13
w 4 6
w 3 1
w 0 13
w 9 9
w 7 13
w 7 4
w 1 8
w 4 3
p 5 9
p 1 3
p 8 13
p 9 1
p 6 6
p 5 6
p 8 0
p 8 9
p 6 2
p 4 12
p 3 7
p 0 3
p 3 14
p 6 14
p 1 2
p 8 14
p 9 0
p 4 0
p 5 5
p 3 10
p 7 6
p 1 14
p 6 10
p 8 10
p 4 13
p 1 5
p 0 11
p 2 2
p 0 4
p 9 7
p 7 14
p 1 13
p 6 0
p 1 4
p 4 14
p 3 9
p 0 5
p 4 2
p 1 0
p 2 14
p 0 8
p 9 6
p 2 7
p 0 1
p 8 3
p 3 12
p 6 8
p 8 12
p 9 2
p 6 1
p 5 7
p 2 11
p 9 5
p 3 4
p 0 2
p 9 12
m0 0 14
1 9 0
2 9 0
3 9 0
t 300 0
m0 1 14
1 8 0
2 9 1
3 8 0
t 299 1
m0 2 14
1 9 0
2 9 2
3 7 0
t 298 2
m0 3 14
1 8 0
2 9 3
3 6 0
f 5 3
t 297 3
m0 4 14
1 9 0
2 8 3
3 6 1
t 296 4
m0 4 13
1 8 0
2 9 3
3 5 1
t 295 5
m0 4 12
1 9 0
2 8 3
3 4 1
t 294 6
m0 3 12
1 8 0
2 9 3
3 4 2
t 293 7
m0 3 11
1 7 0
2 9 2
3 3 2
t 292 7
m0 3 10
1 6 0
2 9 3
3 2 2
t 291 8
m0 3 9
1 7 0
2 9 2
3 1 2
t 290 9
m0 4 9
1 6 0
2 9 3
3 0 2
t 289 9
m0 5 9
1 7 0
2 9 2
3 0 3
t 288 10
m0 5 8
1 6 0
2 9 3
3 0 4
t 287 10
m0 6 8
1 7 0
2 9 2
3 0 3
t 286 11
m0 5 8
1 6 0
2 9 3
3 0 4
t 285 11
m0 5 7
1 7 0
2 9 2
3 0 3
t 284 12
m0 5 6
1 6 0
2 9 3
3 0 2
t 283 13
m0 6 6
1 7 0
2 9 2
3 0 3
t 282 14
m0 7 6
1 6 0
2 9 3
3 0 4
t 281 15
m0 7 5
1 7 0
2 9 2
3 0 3
t 280 15
m0 8 5
1 6 0
2 9 1
3 0 4
t 279 15
m0 9 5
1 7 0
2 9 2
3 0 3
t 278 16
m0 9 6
1 6 0
2 9 1
3 0 4
t 277 17
m0 9 7
1 7 0
2 9 2
3 0 5
t 276 18
m0 8 7
1 6 0
2 9 3
3 0 4
t 275 18
m0 8 8
1 7 0
2 9 2
3 0 5
t 274 18
m0 8 9
1 6 0
2 9 3
3 0 6
t 273 19
m0 8 10
1 7 0
2 9 2
3 0 5
t 272 20
m0 8 11
1 6 0
2 9 3
3 0 6
t 271 20
m0 8 12
1 7 0
2 9 2
3 0 7
t 270 21
m0 9 12
1 6 0
2 9 3
3 0 8
t 269 22
m0 8 12
1 7 0
2 9 2
3 0 7
t 268 22
m0 8 13
1 6 0
2 9 3
3 0 8
t 267 23
m0 8 14
1 7 0
2 9 2
3 0 7
t 266 24
m0 7 14
1 6 0
2 9 3
3 0 8
t 265 25
m0 6 14
1 7 0
2 9 2
3 0 7
t 264 26
m0 5 14
1 6 0
2 9 3
3 0 6
t 263 26
m0 6 14
1 7 0
2 9 2
3 0 7
t 262 26
m0 5 14
1 6 0
2 9 3
3 0 6
t 261 26
m0 4 14
1 7 0
2 9 2
3 0 5
t 260 26
m0 4 13
1 6 0
2 9 3
3 0 6
t 259 26
m0 4 13
1 7 0
2 9 2
3 0 5
t 258 26
m0 4 12
1 6 0
2 9 3
3 0 4
t 257 26
m0 4 12
1 7 0
2 9 2
3 0 5
t 256 26
m0 4 12
1 6 0
2 9 3
3 0 4
t 255 26
m0 5 12
1 7 0
2 9 2
3 0 5
t 254 26
m0 5 11
1 6 0
2 9 3
3 0 4
t 253 26
m0 5 10
1 7 0
2 9 2
3 0 3
t 252 26
m0 6 10
1 6 0
2 9 3
3 0 4
t 251 27
m0 7 10
1 7 0
2 9 2
3 0 5
t 250 27
m0 6 10
1 6 0
2 9 3
3 0 4
t 249 27
m0 6 10
1 7 0
2 9 2
3 0 5
t 248 27
m0 5 10
1 6 0
2 9 3
3 0 4
t 247 27
m0 5 9
1 7 0
2 9 2
3 0 3
t 246 27
m0 5 8
1 6 0
2 9 3
3 0 4
t 245 27
m0 5 7
1 7 0
2 9 2
3 0 3
t 244 27
m0 4 7
1 6 0
2 9 3
3 0 2
t 243 27
m0 3 7
1 7 0
2 9 2
3 0 1
t 242 28
m0 2 7
1 6 0
2 9 3
3 0 2
t 241 29
m0 2 6
1 7 0
2 9 2
3 0 1
t 240 29
m0 2 6
1 6 0
2 9 3
3 0 2
t 239 29
m0 2 6
1 7 0
2 9 2
3 0 1
t 238 29
m0 2 6
1 6 0
2 9 3
3 0 2
t 237 29
m0 2 6
1 7 0
2 9 2
3 0 1
t 236 29
m0 3 6
1 6 0
2 9 3
3 0 2
t 235 29
m0 3 5
1 7 0
2 9 2
3 0 1
t 234 29
m0 3 4
1 6 0
2 9 3
3 0 2
t 233 30
m0 3 5
1 7 0
2 9 2
3 0 1
t 232 30
m0 4 5
1 6 0
2 9 3
3 0 2
t 231 30
m0 5 5
1 7 0
2 9 2
3 0 1
t 230 31
m0 5 4
1 6 0
2 9 3
3 0 2
t 229 31
m0 5 3
1 7 0
2 9 2
3 0 1
t 228 41
m0 6 3
1 8 0
2 9 3
3 0 2
t 227 41
m0 6 2
1 9 0
2 8 3
3 0 1
t 226 42
m0 6 1
1 8 0
2 9 3
3 0 2
t 225 43
m0 6 0
1 9 0
2 8 3
3 0 3
t 224 44
m0 7 0
1 9 1
2 8 4
3 0 2
t 223 44
m0 8 0
1 9 2
2 8 5
3 0 3
t 222 45
m0 9 0
1 8 2
2 7 5
3 0 4
t 221 46
m0 9 1
1 8 3
2 7 6
3 0 5
t 220 47
m0 9 2
1 7 3
2 6 6
3 0 4
t 219 48
m0 9 1
1 8 3
2 5 6
3 0 3
f 6 1
t 218 48
m0 8 1
1 9 3
2 5 7
3 0 2
t 217 48
m0 8 2
1 9 2
2 5 8
3 0 1
t 216 48
m0 8 3
1 9 1
2 5 9
3 0 2
t 215 49
m0 7 3
1 9 0
2 5 10
3 0 1
t 214 49
m0 6 3
1 8 0
2 5 11
3 0 2
t 213 49
m0 6 2
1 9 0
2 5 12
3 0 3
t 212 49
m0 6 1
1 8 0
2 4 12
3 0 4
t 211 59
m0 5 1
1 9 0
2 4 13
3 0 5
t 210 59
m0 5 2
1 8 0
2 4 14
3 0 6
t 209 59
m0 4 2
1 9 0
2 5 14
3 0 7
t 208 60
m0 4 1
1 8 0
2 6 14
3 0 8
t 207 60
m0 4 0
1 9 0
2 7 14
3 0 9
t 206 61
m0 3 0
1 9 1
2 8 14
3 0 10
t 205 61
m0 2 0
1 9 2
2 8 13
3 0 9
t 204 61
m0 1 0
1 9 3
2 8 14
3 0 10
f 7 3
t 203 62
m0 1 0
1 9 2
2 8 13
3 0 9
t 202 62
m0 2 0
1 9 3
2 8 14
3 0 10
t 201 62
m0 2 1
1 9 2
2 8 13
3 0 9
t 200 62
m0 2 2
1 9 1
2 8 14
3 0 10
t 199 63
m0 1 2
1 9 0
2 8 13
3 0 11
t 198 64
m0 0 2
1 8 0
2 8 14
3 1 11
t 197 65
m0 0 1
1 9 0
2 8 13
3 0 11
t 196 66
m0 0 2
1 8 0
2 8 14
3 1 11
t 195 66
m0 0 3
1 9 0
2 8 13
3 2 11
t 194 67
m0 1 3
1 8 0
2 8 14
3 3 11
t 193 68
m0 1 4
1 9 0
2 8 13
3 3 10
t 192 69
m0 0 4
1 8 0
2 8 14
3 3 9
t 191 70
m0 0 5
1 9 0
2 8 13
3 4 9
t 190 71
m0 1 5
1 8 0
2 8 14
3 5 9
t 189 72
m0 0 5
1 9 0
2 8 13
3 5 8
t 188 72
m0 0 6
1 8 0
2 8 14
3 6 8
t 187 72
m0 0 6
1 9 0
2 8 13
3 5 8
t 186 72
m0 0 6
1 8 0
2 8 14
3 6 8
t 185 72
m0 0 7
1 9 0
2 8 13
3 7 8
t 184 72
m0 0 8
1 8 0
2 8 14
3 8 8
t 183 73
m0 0 9
1 9 0
2 7 14
3 8 7
t 182 73
m0 0 10
1 8 0
2 6 14
3 9 7
t 181 73
m0 0 11
1 7 0
2 7 14
3 9 6
t 180 74
m0 0 11
1 6 0
2 8 14
3 9 5
t 179 74
m0 1 11
1 7 0
2 7 14
3 9 6
t 178 74
m0 2 11
1 6 0
2 8 14
3 9 5
t 177 75
m0 1 11
1 7 0
2 7 14
3 9 6
t 176 75
m0 1 12
1 6 0
2 8 14
3 9 5
t 175 75
m0 1 13
1 6 0
2 8 14
3 9 5
t 174 133
