10
15
w 7 3
w 7 12
w 5 6
w 7 7
w 3 11
w 9 4
w 5 1
w 7 11
w 2 5
w 8 5
w 3 14
w 5 8
w 4 0
w 8 1
w 5 12
w 6 10
w 1 14
w 3 10
w 2 2
w 1 10
w 4 5
w 1 4
w 9 10
w 1 0
w 2 14
w 6 5
w 2 7
w 1 12
w 6 1
w 7 13
w 3 8
w 2 0
w 1 8
w 8 8
w 5 14
w 4 3
w 0 2
p 4 7
p 8 13
p 9 1
p 2 8
p 9 8
p 5 13
p 2 1
p 0 7
p 4 12
p 6 2
p 1 6
p 3 7
p 1 11
p 1 2
p 8 14
p 6 7
p 4 9
p 5 5
p 8 10
p 4 13
p 1 5
p 2 13
p 6 3
p 0 4
p 8 6
p 1 1
p 4 10
p 2 6
p 0 0
p 6 11
p 4 14
p 2 10
p 0 12
p 0 5
p 1 9
p 2 3
p 4 2
p 0 8
p 9 6
p 5 3
p 7 9
p 9 13
p 7 8
p 5 10
p 4 6
p 8 12
p 9 2
p 5 7
p 9 9
p 7 4
p 1 7
p 0 9
p 5 2
p 2 4
p 9 12
p 8 4
m0 0 14
1 9 0
2 9 0
3 9 0
t 300 0
m0 0 13
1 8 0
2 8 0
3 8 0
t 299 0
m0 0 13
1 9 0
2 9 0
3 9 0
t 298 0
m0 0 12
1 8 0
2 8 0
3 8 0
t 297 1
m0 0 13
1 7 0
2 9 0
3 9 0
t 296 1
m0 1 13
1 8 0
2 9 1
3 8 0
t 295 1
m0 1 13
1 9 0
2 9 2
3 9 0
t 294 1
m0 2 13
1 9 1
2 9 3
3 8 0
t 293 2
m0 2 12
1 9 2
2 9 2
3 7 0
t 292 2
m0 2 11
1 9 1
2 9 3
3 8 0
t 291 2
m0 1 11
1 9 2
2 9 2
3 9 0
t 290 3
m0 0 11
1 9 1
2 9 3
3 8 0
t 289 3
m0 0 11
1 9 2
2 9 2
3 7 0
t 288 3
m0 0 11
1 9 1
2 9 3
3 6 0
t 287 3
m0 1 11
1 9 0
2 8 3
3 5 0
t 286 3
m0 1 11
1 9 1
2 8 2
3 6 0
t 285 3
m0 2 11
1 9 2
2 7 2
3 5 0
t 284 3
m0 2 12
1 9 1
2 7 1
3 6 0
t 283 3
m0 2 11
1 9 2
2 7 2
3 5 0
t 282 3
m0 1 11
1 8 2
2 8 2
3 6 0
t 281 3
m0 2 11
1 8 3
2 8 3
3 7 0
t 280 3
m0 1 11
1 8 4
2 9 3
3 6 0
t 279 3
m0 2 11
1 7 4
2 8 3
3 7 0
t 278 3
m0 2 11
1 8 4
2 9 3
3 6 0
t 277 3
m0 2 11
1 8 3
2 9 2
3 7 0
t 276 3
m0 2 12
1 8 4
2 9 3
3 8 0
t 275 3
m0 2 13
1 8 3
2 9 2
3 7 0
t 274 3
m0 2 12
1 9 3
2 9 3
3 8 0
t 273 3
m0 3 12
1 8 3
2 9 2
3 9 0
t 272 3
m0 4 12
1 8 4
2 9 3
3 9 1
t 271 4
m0 4 11
1 8 3
2 9 2
3 9 2
t 270 4
m0 4 11
1 8 2
2 9 1
3 9 1
t 269 4
m0 5 11
1 9 2
2 9 2
3 9 2
t 268 4
m0 5 11
1 9 1
2 8 2
3 8 2
t 267 4
m0 5 11
1 9 2
2 7 2
3 8 3
t 266 4
m0 4 11
1 9 3
2 8 2
3 8 2
t 265 4
m0 4 12
1 8 3
2 8 3
3 9 2
t 264 4
m0 4 13
1 8 2
2 8 4
3 9 1
t 263 5
m0 4 12
1 7 2
2 7 4
3 9 0
t 262 5
m0 4 13
1 7 1
2 8 4
3 8 0
t 261 5
m0 4 13
1 7 0
2 8 3
3 7 0
t 260 5
m0 4 14
1 6 0
2 8 4
3 8 0
f 4 8
t 259 6
m0 4 13
1 5 0
2 8 3
3 9 0
t 258 6
m0 3 13
1 6 0
2 9 3
3 8 0
t 257 6
m0 4 13
1 5 0
2 8 3
3 9 0
t 256 6
m0 3 13
1 6 0
2 9 3
3 8 0
t 255 6
m0 3 12
1 5 0
2 8 3
3 7 0
t 254 6
m0 2 12
1 6 0
2 9 3
3 6 0
t 253 6
m0 3 12
1 7 0
2 9 2
3 7 0
t 252 6
m0 4 12
1 8 0
2 9 3
3 7 1
t 251 6
m0 3 12
1 7 0
2 9 2
3 7 0
t 250 6
m0 2 12
1 7 1
2 9 1
3 6 0
t 249 6
m0 2 13
1 7 0
2 9 0
3 5 0
t 248 6
m0 1 13
1 6 0
2 8 0
3 6 0
t 247 6
m0 1 13
1 7 0
2 9 0
3 7 0
t 246 6
m0 1 13
1 7 1
2 9 1
3 8 0
t 245 6
m0 1 13
1 7 0
2 9 0
3 7 0
t 244 6
m0 1 13
1 8 0
2 9 1
3 8 0
t 243 6
m0 0 13
1 7 0
2 9 2
3 9 0
t 242 6
m0 1 13
1 8 0
2 9 3
3 8 0
t 241 6
m0 1 13
1 7 0
2 9 2
3 9 0
t 240 6
m0 2 13
1 8 0
2 9 1
3 9 1
t 239 6
m0 2 12
1 9 0
2 9 0
3 9 0
t 238 6
m0 2 13
1 9 1
2 9 1
3 9 1
t 237 6
m0 1 13
1 9 0
2 9 0
3 9 2
t 236 6
m0 2 13
1 8 0
2 9 1
3 9 1
t 235 6
m0 1 13
1 7 0
2 9 2
3 9 2
t 234 6
m0 0 13
1 7 1
2 9 1
3 8 2
t 233 6
m0 0 13
1 7 2
2 9 2
3 8 3
t 232 6
m0 0 13
1 8 2
2 8 2
3 8 2
t 231 6
m0 0 13
1 8 3
2 7 2
3 8 3
t 230 6
m0 0 12
1 9 3
2 7 1
3 8 2
t 229 6
m0 0 13
1 9 2
2 7 0
3 9 2
t 228 6
m0 0 12
1 8 2
2 6 0
3 9 1
t 227 6
m0 0 13
1 9 2
2 5 0
3 9 0
t 226 6
m0 0 12
1 9 3
2 6 0
3 8 0
t 225 6
m0 0 13
1 9 2
2 7 0
3 9 0
t 224 6
m0 0 12
1 8 2
2 7 1
3 8 0
t 223 6
m0 0 13
1 9 2
2 7 0
3 7 0
t 222 6
m0 0 12
1 9 3
2 7 1
3 8 0
t 221 6
m0 0 11
1 8 3
2 7 2
3 9 0
t 220 6
m0 0 11
1 8 2
2 7 1
3 9 1
t 219 6
m0 0 11
1 8 3
2 7 0
3 9 2
t 218 6
m0 0 11
1 8 2
2 6 0
3 9 1
t 217 6
m0 1 11
1 7 2
2 7 0
3 9 2
t 216 6
m0 1 11
1 7 1
2 7 1
3 9 1
t 215 6
m0 1 11
1 7 0
2 7 2
3 9 0
t 214 6
m0 2 11
1 7 1
2 8 2
3 9 1
t 213 6
m0 2 11
1 7 2
2 9 2
3 9 2
t 212 6
m0 2 10
1 8 2
2 9 1
3 9 3
t 211 7
m0 2 10
1 8 3
2 9 2
3 8 3
t 210 7
m0 2 10
1 8 2
2 9 3
3 8 2
t 209 7
m0 2 10
1 8 3
2 9 2
3 8 3
t 208 7
m0 2 10
1 9 3
2 8 2
3 8 4
t 207 7
m0 2 10
1 9 2
2 9 2
3 7 4
t 206 7
m0 2 9
1 9 1
2 8 2
3 8 4
t 205 7
m0 3 9
1 9 2
2 8 3
3 8 3
t 204 7
m0 4 9
1 9 1
2 9 3
3 8 4
t 203 8
m0 4 10
1 9 0
2 9 2
3 7 4
t 202 9
m0 4 9
1 9 1
2 9 3
3 8 4
t 201 9
m0 3 9
1 9 2
2 8 3
3 7 4
t 200 9
m0 4 9
1 9 1
2 9 3
3 8 4
t 199 9
m0 3 9
1 9 0
2 9 2
3 8 3
t 198 9
m0 4 9
1 8 0
2 9 1
3 8 2
t 197 9
m0 4 10
1 9 0
2 9 0
3 8 3
t 196 9
m0 4 9
1 9 1
2 8 0
3 8 2
t 195 9
m0 3 9
1 9 0
2 9 0
3 8 3
t 194 9
m0 4 9
1 8 0
2 9 1
3 8 2
t 193 9
m0 4 9
1 9 0
2 9 2
3 9 2
t 192 9
m0 4 8
1 8 0
2 9 1
3 9 3
t 191 19
m0 4 7
1 9 0
2 9 2
3 8 3
t 190 20
m0 5 7
1 9 1
2 9 1
3 9 3
t 189 21
m0 5 7
1 9 0
2 9 2
3 8 3
t 188 21
m0 4 7
1 9 1
2 9 1
3 9 3
t 187 21
m0 5 7
1 9 0
2 9 0
3 9 2
t 186 21
m0 6 7
1 8 0
2 9 1
3 9 1
t 185 22
m0 6 6
1 9 0
2 9 0
3 9 0
t 184 22
m0 7 6
1 8 0
2 8 0
3 9 1
t 183 22
m0 6 6
1 9 0
2 9 0
3 9 0
t 182 22
m0 7 6
1 9 1
2 8 0
3 8 0
t 181 22
m0 7 6
1 9 0
2 7 0
3 9 0
t 180 22
m0 7 5
1 9 1
2 6 0
3 8 0
t 179 22
m0 7 4
1 9 0
2 7 0
3 9 0
t 178 23
m0 7 5
1 8 0
2 6 0
3 9 1
t 177 23
m0 7 6
1 9 0
2 7 0
3 9 0
t 176 23
m0 8 6
1 9 1
2 7 1
3 8 0
t 175 24
m0 9 6
1 9 0
2 7 0
3 9 0
t 174 25
m0 9 7
1 8 0
2 7 1
3 8 0
t 173 25
m0 9 6
1 7 0
2 7 2
3 7 0
t 172 25
m0 9 5
1 6 0
2 7 1
3 8 0
t 171 25
m0 9 6
1 5 0
2 7 0
3 7 0
t 170 25
m0 9 7
1 6 0
2 6 0
3 8 0
t 169 25
m0 8 7
1 7 0
2 5 0
3 7 0
t 168 25
m0 8 7
1 7 1
2 6 0
3 7 1
t 167 25
m0 8 6
1 7 0
2 5 0
3 7 0
t 166 25
m0 9 6
1 6 0
2 6 0
3 8 0
t 165 25
m0 9 6
1 7 0
2 7 0
3 7 0
t 164 25
m0 9 5
1 6 0
2 7 1
3 7 1
t 163 25
m0 9 6
1 7 0
2 7 2
3 7 0
t 162 25
m0 9 5
1 8 0
2 8 2
3 8 0
t 161 25
m0 9 5
1 7 0
2 7 2
3 7 0
t 160 25
m0 9 5
1 8 0
2 7 1
3 7 1
t 159 25
m0 9 6
1 7 0
2 7 0
3 7 2
t 158 25
m0 8 6
1 6 0
2 6 0
3 7 1
t 157 25
m0 8 7
1 5 0
2 5 0
3 7 0
t 156 25
m0 8 6
1 6 0
2 6 0
3 6 0
t 155 25
m0 9 6
1 7 0
2 5 0
3 5 0
t 154 25
m0 9 5
1 6 0
2 6 0
3 6 0
t 153 25
m0 9 6
1 5 0
2 5 0
3 5 0
t 152 25
m0 9 7
1 6 0
2 6 0
3 6 0
t 151 25
m0 9 7
1 5 0
2 5 0
3 7 0
t 150 25
m0 9 8
1 6 0
2 6 0
3 6 0
t 149 26
m0 9 8
1 7 0
2 7 0
3 7 0
t 148 26
m0 9 7
1 7 1
2 6 0
3 7 1
t 147 26
m0 9 7
1 7 0
2 5 0
3 7 0
t 146 26
m0 9 6
1 8 0
2 6 0
3 6 0
t 145 26
m0 9 7
1 7 0
2 5 0
3 5 0
t 144 26
m0 8 7
1 7 1
2 6 0
3 6 0
t 143 26
m0 8 6
1 7 0
2 7 0
3 5 0
t 142 26
m0 8 6
1 7 1
2 7 1
3 6 0
t 141 26
m0 9 6
1 7 0
2 7 0
3 5 0
t 140 26
m0 9 7
1 6 0
2 6 0
3 6 0
t 139 26
m0 9 6
1 7 0
2 5 0
3 7 0
t 138 26
m0 9 6
1 7 1
2 6 0
3 6 0
t 137 26
m0 9 5
1 7 0
2 5 0
3 5 0
t 136 26
m0 9 5
1 6 0
2 6 0
3 6 0
f 4 9
t 135 26
m0 9 5
1 7 0
2 5 0
3 5 0
t 134 26
m0 9 5
1 6 0
2 6 0
3 6 0
t 133 26
m0 9 5
1 7 0
2 5 0
3 5 0
t 132 26
m0 9 5
1 6 0
2 6 0
3 6 0
t 131 26
m0 9 6
1 5 0
2 5 0
3 5 0
t 130 26
m0 8 6
1 6 0
2 6 0
3 6 0
t 129 26
m0 8 7
1 7 0
2 5 0
3 7 0
t 128 26
m0 8 7
1 6 0
2 6 0
3 6 0
t 127 26
m0 8 7
1 7 0
2 5 0
3 7 0
t 126 26
m0 9 7
1 7 1
2 6 0
3 6 0
t 125 26
m0 8 7
1 7 0
2 5 0
3 7 0
t 124 26
m0 8 6
1 6 0
2 6 0
3 7 1
t 123 26
m0 9 6
1 5 0
2 5 0
3 7 0
t 122 26
m0 9 7
1 6 0
2 6 0
3 6 0
t 121 26
m0 8 7
1 5 0
2 7 0
3 5 0
t 120 26
m0 8 6
1 6 0
2 6 0
3 6 0
t 119 26
m0 8 7
1 7 0
2 5 0
3 5 0
t 118 26
m0 8 7
1 6 0
2 6 0
3 6 0
t 117 26
m0 9 7
1 5 0
2 5 0
3 5 0
t 116 26
m0 9 6
1 6 0
2 6 0
3 6 0
t 115 26
m0 8 6
1 7 0
2 7 0
3 7 0
t 114 26
m0 9 6
1 7 1
2 6 0
3 6 0
t 113 26
m0 8 6
1 7 0
2 7 0
3 5 0
t 112 26
m0 9 6
1 7 1
2 6 0
3 6 0
t 111 26
m0 8 6
1 7 0
2 7 0
3 5 0
t 110 26
m0 9 6
1 6 0
2 8 0
3 6 0
t 109 26
m0 9 7
1 5 0
2 7 0
3 7 0
t 108 26
m0 9 7
1 6 0
2 7 1
3 8 0
t 107 26
m0 9 7
1 7 0
2 7 2
3 7 0
t 106 26
m0 9 7
1 8 0
2 6 2
3 6 0
t 105 26
m0 9 7
1 7 0
2 7 2
3 7 0
t 104 26
m0 9 8
1 7 1
2 8 2
3 8 0
t 103 26
m0 9 9
1 7 0
2 8 3
3 7 0
t 102 27
m0 9 9
1 6 0
2 8 2
3 8 0
t 101 27
m0 9 9
1 7 0
2 7 2
3 9 0
t 100 27
m0 9 8
1 6 0
2 6 2
3 8 0
t 99 27
m0 9 9
1 5 0
2 7 2
3 7 0
t 98 27
m0 9 9
1 6 0
2 7 1
3 6 0
t 97 27
m0 8 9
1 5 0
2 7 0
3 5 0
t 96 27
m0 9 9
1 6 0
2 6 0
3 6 0
t 95 27
m0 8 9
1 5 0
2 5 0
3 7 0
t 94 27
m0 9 9
1 6 0
2 6 0
3 6 0
t 93 27
m0 9 9
1 7 0
2 7 0
3 7 0
t 92 27
m0 8 9
1 8 0
2 6 0
3 6 0
t 91 27
m0 7 9
1 9 0
2 7 0
3 5 0
t 90 28
m0 7 8
1 8 0
2 8 0
3 6 0
t 89 29
m0 7 8
1 9 0
2 7 0
3 5 0
t 88 29
m0 7 9
1 9 1
2 6 0
3 6 0
t 87 29
m0 8 9
1 9 2
2 7 0
3 7 0
t 86 29
m0 9 9
1 8 2
2 6 0
3 6 0
t 85 29
m0 9 9
1 8 3
2 7 0
3 5 0
t 84 29
m0 8 9
1 8 2
2 6 0
3 6 0
t 83 29
m0 8 10
1 7 2
2 5 0
3 5 0
t 82 30
m0 8 9
1 6 2
2 6 0
3 6 0
t 81 30
m0 7 9
1 5 2
2 7 0
3 7 0
t 80 30
m0 7 9
1 6 2
2 8 0
3 7 1
t 79 30
m0 7 9
1 5 2
2 9 0
3 7 2
t 78 30
m0 6 9
1 6 2
2 8 0
3 7 1
t 77 30
m0 5 9
1 7 2
2 9 0
3 7 0
t 76 30
m0 5 10
1 7 1
2 8 0
3 7 1
t 75 31
m0 4 10
1 7 0
2 7 0
3 7 2
t 74 31
m0 4 11
1 8 0
2 7 1
3 7 1
t 73 31
m0 4 12
1 9 0
2 7 2
3 7 0
t 72 31
m0 4 12
1 8 0
2 7 1
3 8 0
t 71 31
m0 3 12
1 7 0
2 7 0
3 9 0
t 70 31
m0 3 12
1 7 1
2 8 0
3 8 0
t 69 31
m0 3 13
1 7 2
2 9 0
3 7 0
t 68 31
m0 3 12
1 7 1
2 9 1
3 7 1
t 67 31
m0 4 12
1 7 0
2 9 0
3 7 2
t 66 31
m0 4 12
1 6 0
2 8 0
3 7 1
t 65 31
m0 3 12
1 5 0
2 9 0
3 7 0
t 64 31
m0 2 12
1 6 0
2 8 0
3 6 0
t 63 31
m0 3 12
1 7 0
2 9 0
3 7 0
t 62 31
m0 2 12
1 7 1
2 9 1
3 7 1
t 61 31
m0 2 12
1 7 2
2 9 0
3 7 0
t 60 31
m0 2 11
1 6 2
2 8 0
3 8 0
t 59 31
m0 2 10
1 7 2
2 7 0
3 9 0
t 58 31
m0 2 9
1 8 2
2 7 1
3 8 0
t 57 31
m0 2 9
1 9 2
2 7 2
3 9 0
t 56 31
m0 2 10
1 9 1
2 7 1
3 8 0
t 55 31
m0 2 10
1 9 0
2 7 2
3 9 0
t 54 31
m0 2 11
1 9 1
2 7 1
3 9 1
t 53 31
m0 2 11
1 9 0
2 7 0
3 9 0
t 52 31
m0 2 11
1 8 0
2 6 0
3 8 0
t 51 31
m0 1 11
1 9 0
2 7 0
3 9 0
t 50 31
m0 1 11
1 9 1
2 7 1
3 8 0
t 49 31
m0 1 11
1 9 2
2 7 0
3 7 0
t 48 31
m0 2 11
1 9 3
2 6 0
3 8 0
t 47 31
m0 2 12
1 9 2
2 7 0
3 9 0
t 46 31
m0 2 11
1 9 1
2 7 1
3 9 1
t 45 31
m0 1 11
1 9 0
2 7 0
3 9 0
t 44 31
m0 1 11
1 8 0
2 7 1
3 9 1
t 43 31
m0 1 11
1 7 0
2 7 0
3 9 0
t 42 31
m0 1 11
1 8 0
2 6 0
3 8 0
t 41 31
m0 2 11
1 7 0
2 7 0
3 7 0
t 40 31
m0 2 10
1 7 1
2 8 0
3 6 0
t 39 31
m0 2 11
1 7 0
2 9 0
3 5 0
t 38 31
m0 2 12
1 6 0
2 8 0
3 6 0
t 37 31
m0 2 11
1 5 0
2 9 0
3 5 0
t 36 31
m0 2 10
1 6 0
2 8 0
3 6 0
t 35 31
m0 2 11
1 5 0
2 9 0
3 5 0
t 34 31
m0 2 10
1 6 0
2 8 0
3 6 0
t 33 31
m0 2 9
1 7 0
2 7 0
3 5 0
t 32 31
m0 2 8
1 7 1
2 7 1
3 6 0
t 31 32
m0 2 8
1 7 2
2 7 2
3 5 0
t 30 32
m0 2 9
1 7 1
2 8 2
3 6 0
t 29 32
m0 1 9
1 7 0
2 9 2
3 7 0
t 28 33
m0 1 9
1 7 1
2 9 1
3 6 0
t 27 33
m0 1 9
1 7 0
2 9 0
3 5 0
t 26 33
m0 1 9
1 6 0
2 8 0
3 6 0
t 25 33
m0 0 9
1 7 0
2 9 0
3 5 0
t 24 34
m0 1 9
1 6 0
2 8 0
3 6 0
t 23 34
m0 2 9
1 7 0
2 7 0
3 7 0
t 22 34
m0 2 9
1 7 1
2 8 0
3 7 1
t 21 34
m0 2 10
1 7 0
2 9 0
3 7 2
t 20 34
m0 2 11
1 8 0
2 8 0
3 6 2
t 19 34
m0 1 11
1 7 0
2 7 0
3 5 2
t 18 34
m0 0 11
1 7 1
2 6 0
3 6 2
t 17 34
m0 0 10
1 7 0
2 5 0
3 5 2
t 16 34
m0 0 10
1 6 0
2 6 0
3 4 2
t 15 34
m0 0 11
1 7 0
2 7 0
3 4 1
t 14 34
m0 0 10
1 6 0
2 6 0
3 4 2
t 13 34
m0 0 10
1 7 0
2 7 0
3 4 1
t 12 34
m0 0 9
1 8 0
2 8 0
3 4 2
t 11 34
m0 0 8
1 9 0
2 7 0
3 5 2
t 10 35
m0 0 8
1 9 1
2 7 1
3 6 2
t 9 35
m0 0 9
1 9 0
2 7 2
3 7 2
t 8 35
m0 1 9
1 9 1
2 6 2
3 8 2
t 7 35
m0 0 9
1 9 0
2 7 2
3 7 2
t 6 35
m0 0 10
1 9 1
2 6 2
3 7 1
t 5 35
m0 0 9
1 9 2
2 7 2
3 7 2
t 4 35
m0 0 9
1 9 3
2 7 1
3 7 1
t 3 35
m0 0 8
1 9 2
2 7 2
3 7 0
t 2 35
m0 0 8
1 9 1
2 8 2
3 8 0
t 1 35
m0 0 9
1 9 1
2 8 2
3 8 0
t 0 35
