10
15
w 5 9
w 4 7
w 6 9
w 7 3
w 7 12
w 8 9
w 3 7
w 7 2
w 2 9
w 7 6
w 4 13
w 2 13
w 5 0
w 2 2
w 1 10
w 6 4
w 0 0
w 6 0
w 1 4
w 0 12
w 3 9
w 1 9
w 8 7
w 5 3
w 8 3
w 5 10
w 4 6
w 5 7
w 2 11
w 3 1
w 7 4
w 6 13
w 1 7
w 3 4
w 0 2
w 9 12
w 8 4
p 8 13
p 9 1
p 4 8
p 3 0
p 9 8
p 5 13
p 7 7
p 0 7
p 6 2
p 1 6
p 0 10
p 4 12
p 5 1
p 2 5
p 0 3
p 8 5
p 3 14
p 4 0
p 8 14
p 4 9
p 3 3
p 6 7
p 8 1
p 1 14
p 8 10
p 1 5
p 9 11
p 7 10
p 3 2
p 2 6
p 9 14
p 6 11
p 1 13
p 9 3
p 4 14
p 9 10
p 7 5
p 2 3
p 0 5
p 6 12
p 1 0
p 0 8
p 4 2
p 4 11
p 2 7
p 0 1
p 3 12
p 1 12
p 8 12
p 0 13
p 9 9
p 3 8
p 2 0
p 4 3
p 7 8
p 2 4
m0 0 14
1 9 0
2 9 0
3 9 0
t 300 0
m0 1 14
1 8 0
2 8 0
3 8 0
t 299 1
m0 2 14
1 9 0
2 9 0
3 9 0
t 298 1
m0 3 14
1 8 0
2 8 0
3 8 0
t 297 2
m0 4 14
1 9 0
2 9 0
3 9 0
t 296 3
m0 5 14
1 8 0
2 8 0
3 8 0
t 295 3
m0 6 14
1 9 0
2 9 0
3 9 0
t 294 3
m0 7 14
1 8 0
2 8 0
3 8 0
t 293 3
m0 8 14
1 9 0
2 9 0
3 9 0
t 292 4
m0 9 14
1 8 0
2 8 0
3 8 0
t 291 5
m0 9 13
1 7 0
2 7 0
3 7 0
t 290 5
m0 8 13
1 8 0
2 8 0
3 8 0
t 289 6
m0 8 12
1 9 0
2 9 0
3 9 0
t 288 7
m0 8 11
1 8 0
2 8 0
3 8 0
t 287 7
m0 8 10
1 9 0
2 9 0
3 9 0
t 286 8
m0 9 10
1 8 0
2 8 0
3 8 0
t 285 9
m0 9 9
1 7 0
2 7 0
3 7 0
t 284 10
m0 9 8
1 8 0
2 8 0
3 8 0
t 283 11
m0 9 7
1 7 0
2 7 0
3 7 0
t 282 11
m0 9 6
1 8 0
2 8 0
3 8 0
t 281 11
m0 9 5
1 7 0
2 7 0
3 7 0
t 280 11
m0 9 4
1 8 0
2 8 0
3 8 0
t 279 11
m0 9 3
1 7 0
2 7 0
3 7 0
t 278 12
m0 9 2
1 8 0
2 8 0
3 8 0
t 277 12
m0 9 1
1 7 0
2 7 0
3 7 0
t 276 13
m0 9 0
1 7 1
2 7 1
3 7 1
t 275 13
m0 8 0
1 6 1
2 6 1
3 6 1
f 8 14
t 274 13
m0 7 0
1 5 1
2 5 1
3 5 1
t 273 13
m0 7 1
1 4 1
2 4 1
3 4 1
t 272 13
m0 6 1
1 4 0
2 4 0
3 4 0
t 271 13
m0 5 1
1 3 0
2 3 0
3 3 0
t 270 14
m0 4 1
1 2 0
2 2 0
3 2 0
t 269 14
m0 4 0
1 1 0
2 1 0
3 1 0
t 268 15
m0 3 0
1 1 1
2 1 1
3 1 1
t 267 16
m0 2 0
1 0 1
2 0 1
3 0 1
t 266 17
m0 1 0
1 1 1
2 1 1
3 1 1
t 265 18
m0 -5 -5
1 1 1
2 1 1
3 1 1
t 264 18
