10
15
w 5 9
w 4 7
w 1 3
w 7 7
w 2 1
w 0 7
w 4 12
w 2 12
w 7 11
w 2 5
w 5 1
w 0 3
w 3 10
w 7 6
w 1 14
w 0 11
w 9 11
w 0 4
w 1 1
w 9 7
w 7 14
w 7 1
w 3 13
w 6 11
w 3 9
w 0 8
w 9 6
w 3 5
w 2 7
w 9 2
w 3 1
w 9 9
w 5 14
w 7 4
w 0 6
w 4 3
w 0 9
p 7 3
p 8 13
p 9 1
p 6 6
p 7 12
p 5 6
p 3 0
p 5 13
p 3 11
p 6 2
p 1 6
p 0 10
p 9 4
p 2 4
p 3 14
p 5 8
p 6 14
p 8 14
p 9 0
p 6 7
p 5 5
p 3 3
p 8 1
p 5 12
p 6 10
p 4 4
p 8 10
p 1 5
p 5 0
p 7 10
p 1 10
p 4 1
p 4 10
p 5 4
p 9 14
p 5 11
p 5 2
p 4 14
p 1 4
p 2 10
p 0 5
p 6 12
p 2 14
p 4 11
p 7 8
p 3 12
p 7 0
p 1 12
p 8 12
p 6 8
p 6 1
p 6 13
p 9 5
p 3 4
p 0 2
p 9 12
m0 0 14
1 9 0
2 9 0
3 9 0
t 300 0
m0 0 14
1 8 0
2 9 1
3 8 0
t 299 0
m0 0 14
1 7 0
2 9 0
3 7 0
t 298 0
m0 0 13
1 8 0
2 9 1
3 8 0
t 297 0
m0 1 13
1 8 1
2 8 1
3 7 0
t 296 0
m0 2 13
1 8 0
2 8 0
3 8 0
t 295 0
m0 1 13
1 9 0
2 8 1
3 9 0
t 294 0
m0 2 13
1 9 1
2 9 1
3 8 0
t 293 10
m0 2 13
1 8 1
2 8 1
3 9 0
t 292 10
m0 1 13
1 8 0
2 8 2
3 8 0
t 291 10
m0 1 13
1 8 1
2 8 1
3 9 0
f 4 2
t 290 10
m0 2 13
1 9 1
2 8 2
3 8 0
t 289 10
m0 2 14
1 8 1
2 8 1
3 7 0
t 288 11
m0 2 13
1 8 0
2 8 2
3 8 0
t 287 11
m0 2 13
1 8 1
2 7 2
3 8 1
t 286 11
m0 2 13
1 8 0
2 8 2
3 8 2
t 285 11
m0 2 14
1 9 0
2 8 1
3 8 3
t 284 11
m0 2 13
1 8 0
2 9 1
3 7 3
t 283 11
m0 2 13
1 7 0
2 9 0
3 7 2
t 282 11
m0 1 13
1 8 0
2 9 1
3 6 2
t 281 11
m0 2 13
1 8 1
2 9 0
3 7 2
t 280 11
m0 2 13
1 8 0
2 9 1
3 6 2
t 279 11
m0 1 13
1 7 0
2 9 0
3 7 2
t 278 11
m0 2 13
1 8 0
2 9 1
3 7 3
t 277 11
m0 2 14
1 8 1
2 8 1
3 6 3
t 276 11
m0 2 13
1 8 2
2 9 1
3 5 3
t 275 11
m0 2 14
1 7 2
2 8 1
3 6 3
t 274 11
m0 2 13
1 8 2
2 9 1
3 7 3
t 273 11
m0 2 13
1 8 3
2 9 0
3 7 2
t 272 11
m0 2 14
1 9 3
2 9 1
3 6 2
t 271 11
m0 2 14
1 9 4
2 9 0
3 6 1
t 270 11
m0 3 14
1 8 4
2 9 1
3 6 0
t 269 12
m0 3 14
1 8 5
2 8 1
3 7 0
t 268 12
m0 2 14
1 7 5
2 9 1
3 8 0
t 267 12
m0 3 14
1 8 5
2 8 1
3 9 0
t 266 12
m0 4 14
1 9 5
2 8 0
3 8 0
t 265 13
m0 3 14
1 9 4
2 7 0
3 7 0
t 264 13
m0 3 14
1 9 3
2 8 0
3 8 0
t 263 13
m0 3 14
1 9 4
2 7 0
3 9 0
t 262 13
m0 3 14
1 9 3
2 8 0
3 9 1
t 261 13
m0 2 14
1 9 4
2 9 0
3 9 0
t 260 13
m0 2 14
1 8 4
2 9 1
3 9 1
t 259 13
m0 2 14
1 8 3
2 9 0
3 9 0
t 258 13
m0 2 13
1 8 4
2 8 0
3 8 0
t 257 13
m0 2 13
1 8 3
2 8 1
3 8 1
t 256 13
m0 2 13
1 8 2
2 9 1
3 9 1
t 255 13
m0 2 14
1 8 1
2 9 0
3 9 0
t 254 13
m0 2 13
1 8 2
2 9 1
3 9 1
t 253 13
m0 2 13
1 8 1
2 9 0
3 8 1
t 252 13
m0 1 13
1 9 1
2 9 1
3 9 1
t 251 13
m0 1 12
1 8 1
2 8 1
3 9 0
t 250 14
m0 1 12
1 9 1
2 9 1
3 8 0
t 249 14
m0 1 11
1 9 0
2 9 0
3 7 0
t 248 14
m0 1 10
1 9 1
2 8 0
3 8 0
t 247 15
m0 1 11
1 9 0
2 8 1
3 7 0
t 246 15
m0 1 12
1 9 1
2 9 1
3 8 0
t 245 15
m0 1 13
1 9 0
2 9 0
3 9 0
t 244 15
m0 0 13
1 9 1
2 9 1
3 8 0
t 243 15
m0 1 13
1 9 0
2 8 1
3 7 0
t 242 15
m0 2 13
1 8 0
2 8 2
3 8 0
t 241 15
m0 2 13
1 8 1
2 8 3
3 9 0
t 240 15
m0 1 13
1 8 0
2 8 2
3 8 0
t 239 15
m0 1 12
1 8 1
2 8 1
3 7 0
t 238 15
m0 1 11
1 8 0
2 9 1
3 8 0
t 237 15
m0 1 11
1 7 0
2 8 1
3 9 0
t 236 15
m0 1 10
1 8 0
2 8 0
3 9 1
t 235 15
m0 2 10
1 9 0
2 9 0
3 8 1
t 234 16
m0 2 10
1 8 0
2 8 0
3 8 0
t 233 16
m0 2 10
1 8 1
2 8 1
3 7 0
t 232 16
m0 2 9
1 8 2
2 8 0
3 8 0
t 231 16
m0 2 8
1 8 1
2 9 0
3 9 0
t 230 16
m0 3 8
1 8 2
2 9 1
3 9 1
t 229 16
m0 3 7
1 8 3
2 9 0
3 9 0
t 228 16
m0 3 6
1 7 3
2 9 1
3 8 0
t 227 16
m0 3 7
1 8 3
2 8 1
3 9 0
t 226 16
m0 3 7
1 8 2
2 9 1
3 8 0
t 225 16
m0 3 6
1 8 1
2 9 0
3 9 0
t 224 16
m0 3 7
1 8 0
2 9 1
3 9 1
t 223 16
m0 3 6
1 9 0
2 8 1
3 9 0
t 222 16
m0 2 6
1 8 0
2 8 0
3 8 0
t 221 16
m0 2 6
1 7 0
2 7 0
3 9 0
t 220 16
m0 3 6
1 8 0
2 8 0
3 9 1
t 219 16
m0 2 6
1 7 0
2 9 0
3 9 0
t 218 16
m0 3 6
1 6 0
2 8 0
3 9 1
t 217 16
m0 2 6
1 7 0
2 9 0
3 9 0
t 216 16
m0 1 6
1 8 0
2 8 0
3 8 0
t 215 17
m0 2 6
1 9 0
2 8 1
3 8 1
t 214 17
m0 3 6
1 9 1
2 9 1
3 9 1
t 213 17
m0 2 6
1 9 0
2 9 0
3 8 1
t 212 17
m0 1 6
1 8 0
2 9 1
3 9 1
t 211 17
m0 1 7
1 7 0
2 9 0
3 9 0
t 210 17
m0 1 6
1 8 0
2 8 0
3 9 1
t 209 17
m0 1 7
1 9 0
2 8 1
3 8 1
t 208 17
m0 1 6
1 9 1
2 9 1
3 8 2
t 207 17
m0 1 6
1 9 0
2 9 0
3 8 1
t 206 17
m0 1 5
1 9 1
2 8 0
3 9 1
t 205 18
m0 0 5
1 8 1
2 9 0
3 9 0
t 204 19
m0 0 5
1 8 2
2 8 0
3 8 0
t 203 19
m0 1 5
1 7 2
2 9 0
3 9 0
t 202 19
m0 0 5
1 7 3
2 9 1
3 9 1
t 201 19
m0 0 5
1 8 3
2 8 1
3 9 0
t 200 19
m0 0 5
1 8 2
2 8 0
3 8 0
t 199 19
m0 0 5
1 8 1
2 8 1
3 9 0
t 198 19
m0 0 5
1 8 0
2 8 0
3 8 0
t 197 19
m0 0 5
1 9 0
2 7 0
3 8 1
t 196 19
m0 1 5
1 8 0
2 6 0
3 9 1
t 195 19
m0 0 5
1 9 0
2 5 0
3 9 0
t 194 19
m0 0 5
1 8 0
2 4 0
3 9 1
t 193 19
m0 0 5
1 8 1
2 5 0
3 9 0
t 192 19
m0 1 5
1 8 0
2 6 0
3 9 1
t 191 19
m0 1 6
1 8 1
2 7 0
3 8 1
t 190 19
m0 1 6
1 8 2
2 8 0
3 8 0
t 189 19
m0 2 6
1 8 1
2 8 1
3 8 1
t 188 19
m0 1 6
1 8 0
2 8 2
3 9 1
t 187 19
m0 1 6
1 8 1
2 8 3
3 9 0
t 186 19
m0 1 7
1 8 0
2 8 2
3 8 0
t 185 19
m0 1 6
1 9 0
2 8 1
3 9 0
t 184 19
m0 1 7
1 9 1
2 9 1
3 8 0
t 183 19
m0 1 6
1 9 0
2 9 0
3 7 0
t 182 19
m0 1 6
1 8 0
2 9 1
3 6 0
t 181 19
m0 1 5
1 9 0
2 9 0
3 5 0
t 180 19
m0 1 4
1 9 1
2 8 0
3 4 0
t 179 20
m0 1 4
1 8 1
2 7 0
3 5 0
t 178 20
m0 2 4
1 8 2
2 8 0
3 4 0
t 177 21
m0 2 4
1 8 1
2 9 0
3 5 0
t 176 21
m0 2 4
1 9 1
2 9 1
3 4 0
t 175 21
m0 2 3
1 8 1
2 9 0
3 5 0
t 174 21
m0 2 2
1 8 0
2 8 0
3 6 0
t 173 21
m0 3 2
1 9 0
2 9 0
3 7 0
t 172 21
m0 4 2
1 9 1
2 9 1
3 8 0
t 171 31
m0 3 2
1 8 1
2 9 0
3 9 0
t 170 31
m0 2 2
1 8 2
2 8 0
3 8 0
t 169 31
m0 2 2
1 8 3
2 9 0
3 8 1
t 168 31
m0 1 2
1 7 3
2 8 0
3 9 1
t 167 31
m0 2 2
1 6 3
2 7 0
3 8 1
t 166 31
m0 3 2
1 6 4
2 6 0
3 9 1
t 165 31
m0 2 2
1 6 5
2 7 0
3 9 0
t 164 31
m0 2 3
1 6 6
2 8 0
3 9 1
t 163 31
m0 2 2
1 6 7
2 9 0
3 9 0
t 162 31
m0 2 2
1 6 8
2 8 0
3 9 1
t 161 31
m0 2 3
1 6 9
2 9 0
3 9 0
t 160 31
m0 2 3
1 6 10
2 8 0
3 9 1
t 159 31
m0 2 3
1 7 10
2 9 0
3 8 1
f 1 7
t 158 31
m0 2 4
1 8 10
2 9 1
3 8 0
t 157 31
m0 2 4
1 8 11
2 9 0
3 7 0
t 156 31
m0 2 3
1 8 12
2 9 1
3 8 0
t 155 31
m0 2 3
1 9 12
2 9 0
3 7 0
t 154 31
m0 3 3
1 9 13
2 9 1
3 8 0
t 153 32
m0 3 3
1 9 14
2 8 1
3 9 0
t 152 32
m0 3 3
1 8 14
2 9 1
3 9 1
t 151 32
m0 3 3
1 9 14
2 9 0
3 9 0
t 150 32
m0 2 3
1 8 14
2 8 0
3 9 1
t 149 32
m0 2 4
1 9 14
2 7 0
3 9 0
t 148 32
m0 2 4
1 8 14
2 8 0
3 8 0
t 147 32
m0 3 4
1 9 14
2 7 0
3 9 0
t 146 33
m0 2 4
1 9 13
2 8 0
3 9 1
t 145 33
m0 1 4
1 9 14
2 7 0
3 9 0
t 144 33
m0 1 4
1 8 14
2 8 0
3 9 1
t 143 33
m0 1 5
1 9 14
2 9 0
3 9 0
t 142 33
m0 1 5
1 8 14
2 9 1
3 8 0
t 141 33
m0 1 5
1 9 14
2 9 0
3 7 0
t 140 33
m0 1 4
1 8 14
2 8 0
3 6 0
t 139 33
m0 2 4
1 9 14
2 8 1
3 7 0
t 138 33
m0 3 4
1 9 13
2 8 0
3 8 0
t 137 33
m0 4 4
1 9 14
2 9 0
3 9 0
t 136 34
m0 4 4
1 8 14
2 9 1
3 9 1
t 135 34
m0 4 5
1 9 14
2 9 0
3 9 0
t 134 34
m0 4 5
1 8 14
2 8 0
3 9 1
t 133 34
m0 5 5
1 9 14
2 9 0
3 8 1
t 132 35
m0 5 5
1 8 14
2 9 1
3 9 1
t 131 35
m0 5 5
1 9 14
2 9 0
3 9 0
t 130 35
m0 5 6
1 8 14
2 8 0
3 9 1
t 129 36
m0 5 7
1 9 14
2 8 1
3 9 0
t 128 36
m0 5 8
1 8 14
2 8 2
3 8 0
t 127 37
m0 5 7
1 9 14
2 8 3
3 7 0
t 126 37
m0 5 7
1 8 14
2 9 3
3 8 0
t 125 37
m0 5 6
1 9 14
2 9 4
3 9 0
t 124 37
m0 6 6
1 8 14
2 9 3
3 9 1
t 123 38
m0 6 5
1 9 14
2 8 3
3 9 0
t 122 38
m0 6 6
1 9 13
2 8 2
3 8 0
t 121 38
m0 5 6
1 9 14
2 8 1
3 9 0
t 120 38
m0 5 6
1 9 13
2 8 0
3 9 1
t 119 38
m0 6 6
1 9 14
2 7 0
3 9 0
t 118 38
m0 6 6
1 8 14
2 6 0
3 8 0
t 117 38
m0 6 7
1 9 14
2 7 0
3 8 1
t 116 39
m0 5 7
1 8 14
2 6 0
3 9 1
t 115 39
m0 6 7
1 9 14
2 5 0
3 9 0
t 114 39
m0 6 8
1 8 14
2 4 0
3 9 1
t 113 40
m0 6 8
1 9 14
2 3 0
3 9 0
t 112 40
m0 7 8
1 9 13
2 2 0
3 8 0
t 111 41
m0 7 8
1 9 14
2 1 0
3 9 0
t 110 41
m0 8 8
1 8 14
2 0 0
3 9 1
t 109 41
m0 8 8
1 8 13
2 1 0
3 9 0
t 108 41
m0 7 8
1 9 13
2 0 0
3 9 1
t 107 41
m0 6 8
1 9 14
2 0 1
3 9 0
t 106 41
m0 6 9
1 8 14
2 0 0
3 9 1
t 105 41
m0 6 8
1 9 14
2 0 1
3 9 0
t 104 41
m0 5 8
1 9 13
2 0 0
3 9 1
t 103 41
m0 5 8
1 9 14
2 0 1
3 9 0
t 102 41
m0 6 8
1 8 14
2 0 0
3 9 1
t 101 41
m0 6 7
1 9 14
2 1 0
3 9 0
t 100 41
m0 6 8
1 9 13
2 0 0
3 9 1
t 99 41
m0 6 8
1 9 14
2 1 0
3 9 0
t 98 41
m0 6 7
1 9 13
2 0 0
3 9 1
t 97 41
m0 6 7
1 9 14
2 1 0
3 9 0
t 96 41
m0 6 6
1 9 13
2 0 0
3 9 1
t 95 41
m0 6 7
1 9 14
2 1 0
3 9 0
t 94 41
m0 6 7
1 8 14
2 0 0
3 9 1
t 93 41
m0 6 7
1 9 14
2 0 1
3 9 0
t 92 41
m0 5 7
1 8 14
2 0 0
3 9 1
t 91 41
m0 5 8
1 9 14
2 1 0
3 9 0
t 90 41
m0 4 8
1 8 14
2 0 0
3 8 0
t 89 41
m0 4 8
1 9 14
2 1 0
3 9 0
t 88 41
m0 4 9
1 8 14
2 0 0
3 9 1
t 87 41
m0 4 10
1 9 14
2 0 1
3 9 0
t 86 42
m0 5 10
1 9 13
2 0 0
3 8 0
t 85 42
m0 6 10
1 9 12
2 0 1
3 9 0
t 84 43
m0 6 10
1 9 13
2 0 0
3 9 1
t 83 43
m0 7 10
1 9 14
2 0 1
3 9 0
t 82 44
m0 8 10
1 8 14
2 0 2
3 8 0
t 81 45
m0 8 9
1 9 14
2 0 1
3 9 0
t 80 45
m0 8 8
1 9 13
2 0 2
3 9 1
t 79 45
m0 8 7
1 9 14
2 0 1
3 9 0
t 78 45
m0 8 8
1 9 13
2 0 0
3 9 1
t 77 45
m0 8 7
1 9 14
2 0 1
3 9 0
t 76 45
m0 8 8
1 8 14
2 0 0
3 9 1
t 75 45
m0 9 8
1 9 14
2 0 1
3 9 0
t 74 45
m0 9 8
1 8 14
2 0 0
3 8 0
t 73 45
m0 8 8
1 9 14
2 0 1
3 9 0
t 72 45
m0 8 8
1 8 14
2 0 0
3 9 1
t 71 45
m0 8 8
1 8 13
2 1 0
3 9 0
t 70 45
m0 8 8
1 8 14
2 0 0
3 9 1
t 69 45
m0 8 9
1 9 14
2 0 1
3 9 0
t 68 45
m0 8 10
1 9 13
2 0 2
3 8 0
t 67 45
m0 9 10
1 9 14
2 0 1
3 7 0
t 66 45
m0 8 10
1 8 14
2 0 0
3 8 0
t 65 45
m0 8 9
1 9 14
2 0 1
3 9 0
t 64 45
m0 7 9
1 9 13
2 0 0
3 9 1
t 63 45
m0 8 9
1 9 14
2 1 0
3 9 0
t 62 45
m0 8 8
1 8 14
2 0 0
3 9 1
t 61 45
m0 7 8
1 9 14
2 0 1
3 9 0
t 60 45
m0 8 8
1 8 14
2 0 0
3 9 1
t 59 45
m0 9 8
1 8 13
2 0 1
3 9 0
t 58 45
m0 8 8
1 7 13
2 0 2
3 8 0
t 57 45
m0 9 8
1 6 13
2 0 1
3 7 0
t 56 45
m0 9 8
1 5 13
2 0 2
3 6 0
t 55 45
m0 9 8
1 4 13
2 0 1
3 5 0
t 54 45
m0 9 8
1 4 14
2 0 0
3 4 0
t 53 45
m0 9 8
1 3 14
2 1 0
3 3 0
t 52 45
m0 8 8
1 2 14
2 2 0
3 2 0
t 51 45
m0 8 9
1 2 13
2 3 0
3 1 0
t 50 45
m0 8 9
1 2 14
2 2 0
3 0 0
t 49 45
m0 8 9
1 2 13
2 1 0
3 0 1
t 48 45
m0 8 8
1 2 14
2 0 0
3 0 0
t 47 45
m0 8 8
1 2 13
2 1 0
3 1 0
t 46 45
m0 8 9
1 2 14
2 0 0
3 2 0
t 45 45
m0 8 9
1 3 14
2 0 1
3 3 0
t 44 45
m0 7 9
1 2 14
2 0 0
3 2 0
t 43 45
m0 8 9
1 2 13
2 1 0
3 1 0
t 42 45
m0 8 8
1 2 14
2 0 0
3 2 0
t 41 45
m0 8 9
1 2 13
2 0 1
3 3 0
t 40 45
m0 8 9
1 1 13
2 0 2
3 4 0
t 39 45
m0 8 10
1 0 13
2 0 1
3 3 0
t 38 45
m0 9 10
1 0 14
2 0 2
3 2 0
t 37 45
m0 9 10
1 0 13
2 0 1
3 1 0
t 36 45
m0 8 10
1 0 14
2 0 0
3 0 0
t 35 45
m0 7 10
1 0 13
2 1 0
3 1 0
t 34 45
m0 7 9
1 0 14
2 0 0
3 0 0
t 33 45
m0 7 10
1 0 13
2 1 0
3 1 0
t 32 45
m0 6 10
1 0 14
2 0 0
3 2 0
t 31 45
m0 6 10
1 0 13
2 0 1
3 3 0
t 30 45
m0 7 10
1 0 14
2 0 2
3 2 0
t 29 45
m0 7 10
1 0 13
2 0 1
3 1 0
t 28 45
m0 7 9
1 0 14
2 0 0
3 0 0
t 27 45
m0 7 8
1 0 13
2 0 1
3 0 1
t 26 45
m0 7 8
1 0 14
2 0 0
3 0 0
t 25 45
m0 7 9
1 0 13
2 1 0
3 1 0
t 24 45
m0 7 10
1 0 14
2 2 0
3 0 0
t 23 45
m0 7 10
1 0 13
2 3 0
3 1 0
t 22 45
m0 7 9
1 0 14
2 2 0
3 2 0
t 21 45
m0 7 10
1 0 13
2 3 0
3 1 0
t 20 45
m0 8 10
1 0 14
2 2 0
3 0 0
t 19 45
m0 8 9
1 0 13
2 1 0
3 0 1
t 18 45
m0 8 9
1 0 14
2 2 0
3 0 2
t 17 45
m0 7 9
1 0 13
2 1 0
3 1 2
t 16 45
m0 7 9
1 0 14
2 0 0
3 0 2
t 15 45
m0 7 10
1 0 13
2 1 0
3 0 1
t 14 45
m0 7 10
1 0 14
2 0 0
3 0 2
t 13 45
m0 8 10
1 0 13
2 1 0
3 0 1
t 12 45
m0 8 11
1 0 14
2 2 0
3 0 2
t 11 45
m0 8 12
1 0 13
2 1 0
3 1 2
t 10 46
m0 8 13
1 0 14
2 0 0
3 2 2
t 9 47
m0 8 14
1 0 13
2 1 0
3 1 2
t 8 48
m0 8 13
1 0 12
2 0 0
3 0 2
t 7 48
m0 7 13
1 0 13
2 0 1
3 1 2
t 6 48
m0 7 13
1 0 14
2 0 2
3 0 2
t 5 48
m0 8 13
1 0 13
2 0 1
3 0 1
t 4 48
m0 7 13
1 0 14
2 0 0
3 0 0
t 3 48
m0 6 13
1 0 13
2 1 0
3 1 0
t 2 49
m0 6 12
1 0 14
2 0 0
3 2 0
t 1 50
m0 5 12
1 0 14
2 0 0
3 2 0
t 0 51
