10
15
w 7 3
w 5 6
w 9 8
w 8 0
w 2 12
w 5 1
w 7 11
w 5 8
w 1 2
w 8 14
w 7 6
w 3 10
w 1 5
w 5 0
w 1 10
w 4 10
w 0 0
w 2 6
w 8 2
w 6 11
w 1 13
w 4 5
w 9 10
w 1 9
w 9 6
w 7 9
w 5 3
w 3 12
w 7 0
w 8 12
w 5 7
w 3 1
w 9 9
w 3 8
w 6 13
w 1 7
w 7 8
p 5 9
p 4 7
p 1 3
p 8 13
p 9 1
p 6 6
p 7 12
p 2 8
p 7 7
p 0 7
p 3 11
p 9 4
p 3 7
p 2 5
p 1 11
p 8 5
p 3 14
p 4 9
p 6 7
p 5 12
p 1 14
p 2 13
p 9 11
p 3 6
p 2 2
p 7 10
p 8 6
p 1 1
p 9 7
p 6 4
p 3 2
p 9 14
p 7 1
p 9 3
p 0 12
p 2 10
p 3 9
p 2 3
p 4 2
p 2 14
p 4 11
p 2 7
p 0 1
p 8 3
p 6 8
p 4 6
p 9 2
p 6 1
p 7 13
p 2 0
p 0 6
p 0 9
p 9 5
p 5 2
p 0 2
p 8 4
m0 0 14
1 9 0
2 9 0
3 9 0
t 300 0
m0 1 14
1 9 1
2 9 1
3 9 1
t 299 1
m0 2 14
1 9 0
2 9 0
3 9 0
t 298 2
m0 3 14
1 9 1
2 9 1
3 9 1
t 297 3
m0 4 14
1 9 0
2 9 0
3 9 0
t 296 3
m0 3 14
1 9 1
2 9 1
3 9 1
f 4 12
t 295 3
m0 4 14
1 9 0
2 9 0
3 9 0
t 294 3
m0 4 13
1 9 1
2 9 1
3 9 1
t 293 3
m0 5 13
1 9 0
2 9 0
3 9 0
t 292 3
m0 5 14
1 9 1
2 9 1
3 9 1
t 291 3
m0 4 14
1 9 0
2 9 0
3 9 0
t 290 3
m0 5 14
1 9 1
2 9 1
3 9 1
t 289 3
m0 6 14
1 9 0
2 9 0
3 9 0
t 288 3
m0 7 14
1 9 1
2 9 1
3 9 1
t 287 3
m0 6 14
1 9 0
2 9 0
3 9 0
t 286 3
m0 7 14
1 9 1
2 9 1
3 9 1
t 285 3
m0 6 14
1 9 0
2 9 0
3 9 0
t 284 3
m0 6 14
1 9 1
2 9 1
3 9 1
t 283 3
m0 7 14
1 9 0
2 9 0
3 9 0
t 282 3
m0 7 13
1 9 1
2 9 1
3 9 1
t 281 4
m0 7 12
1 9 0
2 9 0
3 9 0
t 280 5
m0 7 12
1 9 1
2 9 1
3 9 1
t 279 5
m0 6 12
1 9 0
2 9 0
3 9 0
t 278 5
m0 6 12
1 9 1
2 9 1
3 9 1
t 277 5
m0 6 12
1 9 0
2 9 0
3 9 0
t 276 5
m0 5 12
1 9 1
2 9 1
3 9 1
t 275 6
m0 5 12
1 9 0
2 9 0
3 9 0
t 274 6
m0 5 13
1 9 1
2 9 1
3 9 1
t 273 6
m0 5 13
1 9 0
2 9 0
3 9 0
t 272 6
m0 5 14
1 9 1
2 9 1
3 9 1
t 271 6
m0 6 14
1 9 0
2 9 0
3 9 0
t 270 6
m0 6 14
1 9 1
2 9 1
3 9 1
t 269 6
m0 7 14
1 9 0
2 9 0
3 9 0
t 268 6
m0 7 14
1 9 1
2 9 1
3 9 1
t 267 6
m0 7 14
1 9 0
2 9 0
3 9 0
t 266 6
m0 7 14
1 9 1
2 9 1
3 9 1
t 265 6
m0 7 13
1 9 0
2 9 0
3 9 0
t 264 6
m0 7 13
1 9 1
2 9 1
3 9 1
t 263 6
m0 7 14
1 9 0
2 9 0
3 9 0
t 262 6
m0 7 14
1 9 1
2 9 1
3 9 1
t 261 6
m0 6 14
1 9 0
2 9 0
3 9 0
t 260 6
m0 6 14
1 9 1
2 9 1
3 9 1
t 259 6
m0 5 14
1 9 0
2 9 0
3 9 0
t 258 6
m0 6 14
1 9 1
2 9 1
3 9 1
t 257 6
m0 7 14
1 9 0
2 9 0
3 9 0
t 256 6
m0 7 13
1 9 1
2 9 1
3 9 1
t 255 6
m0 8 13
1 9 0
2 9 0
3 9 0
t 254 7
m0 9 13
1 9 1
2 9 1
3 9 1
t 253 7
m0 9 12
1 9 0
2 9 0
3 9 0
t 252 7
m0 9 12
1 9 1
2 9 1
3 9 1
t 251 7
m0 9 12
1 9 0
2 9 0
3 9 0
t 250 7
m0 9 13
1 9 1
2 9 1
3 9 1
t 249 7
m0 8 13
1 9 0
2 9 0
3 9 0
t 248 7
m0 9 13
1 9 1
2 9 1
3 9 1
t 247 7
m0 9 13
1 9 0
2 9 0
3 9 0
t 246 7
m0 9 12
1 9 1
2 9 1
3 9 1
t 245 7
m0 9 12
1 9 0
2 9 0
3 9 0
t 244 7
m0 9 13
1 9 1
2 9 1
3 9 1
t 243 7
m0 9 12
1 9 0
2 9 0
3 9 0
t 242 7
m0 9 11
1 9 1
2 9 1
3 9 1
t 241 8
m0 9 11
1 9 0
2 9 0
3 9 0
t 240 8
m0 9 11
1 9 1
2 9 1
3 9 1
t 239 8
m0 9 12
1 9 0
2 9 0
3 9 0
t 238 8
m0 9 13
1 9 1
2 9 1
3 9 1
t 237 8
m0 8 13
1 9 0
2 9 0
3 9 0
t 236 8
m0 7 13
1 9 1
2 9 1
3 9 1
t 235 8
m0 7 14
1 9 0
2 9 0
3 9 0
t 234 8
m0 7 13
1 9 1
2 9 1
3 9 1
t 233 8
m0 8 13
1 9 0
2 9 0
3 9 0
t 232 8
m0 9 13
1 9 1
2 9 1
3 9 1
t 231 8
m0 9 12
1 9 0
2 9 0
3 9 0
t 230 8
m0 9 12
1 9 1
2 9 1
3 9 1
t 229 8
m0 9 11
1 9 0
2 9 0
3 9 0
t 228 8
m0 8 11
1 9 1
2 9 1
3 9 1
t 227 8
m0 8 11
1 9 0
2 9 0
3 9 0
t 226 8
m0 8 10
1 9 1
2 9 1
3 9 1
t 225 8
m0 8 10
1 9 0
2 9 0
3 9 0
t 224 8
m0 8 9
1 9 1
2 9 1
3 9 1
t 223 8
m0 8 8
1 9 0
2 9 0
3 9 0
t 222 8
m0 8 8
1 9 1
2 9 1
3 9 1
t 221 8
m0 8 9
1 9 0
2 9 0
3 9 0
t 220 8
m0 8 8
1 9 1
2 9 1
3 9 1
t 219 8
m0 8 9
1 9 0
2 9 0
3 9 0
t 218 8
m0 8 9
1 9 1
2 9 1
3 9 1
t 217 8
m0 8 10
1 9 0
2 9 0
3 9 0
t 216 8
m0 8 11
1 9 1
2 9 1
3 9 1
t 215 8
m0 9 11
1 9 0
2 9 0
3 9 0
t 214 8
m0 9 11
1 9 1
2 9 1
3 9 1
t 213 8
m0 8 11
1 9 0
2 9 0
3 9 0
t 212 8
m0 9 11
1 9 1
2 9 1
3 9 1
t 211 8
m0 8 11
1 9 0
2 9 0
3 9 0
t 210 8
m0 9 11
1 9 1
2 9 1
3 9 1
t 209 8
m0 9 11
1 9 0
2 9 0
3 9 0
t 208 8
m0 9 12
1 9 1
2 9 1
3 9 1
t 207 8
m0 9 12
1 9 0
2 9 0
3 9 0
t 206 8
m0 9 12
1 9 1
2 9 1
3 9 1
t 205 8
m0 9 12
1 9 0
2 9 0
3 9 0
t 204 8
m0 9 13
1 9 1
2 9 1
3 9 1
t 203 8
m0 9 14
1 9 0
2 9 0
3 9 0
t 202 9
m0 9 14
1 9 1
2 9 1
3 9 1
t 201 9
m0 9 14
1 9 0
2 9 0
3 9 0
t 200 9
m0 9 14
1 9 1
2 9 1
3 9 1
t 199 9
m0 9 14
1 9 0
2 9 0
3 9 0
t 198 9
m0 9 13
1 9 1
2 9 1
3 9 1
t 197 9
m0 9 13
1 9 0
2 9 0
3 9 0
t 196 9
m0 9 14
1 9 1
2 9 1
3 9 1
t 195 9
m0 9 13
1 9 0
2 9 0
3 9 0
t 194 9
m0 9 14
1 9 1
2 9 1
3 9 1
t 193 9
m0 9 13
1 9 0
2 9 0
3 9 0
t 192 9
m0 9 13
1 9 1
2 9 1
3 9 1
t 191 9
m0 9 13
1 9 0
2 9 0
3 9 0
t 190 9
m0 9 12
1 9 1
2 9 1
3 9 1
t 189 9
m0 9 12
1 9 0
2 9 0
3 9 0
t 188 9
m0 9 12
1 9 1
2 9 1
3 9 1
t 187 9
m0 9 13
1 9 0
2 9 0
3 9 0
t 186 9
m0 9 14
1 9 1
2 9 1
3 9 1
t 185 9
m0 9 13
1 9 0
2 9 0
3 9 0
t 184 9
m0 9 14
1 9 1
2 9 1
3 9 1
t 183 9
m0 9 14
1 9 0
2 9 0
3 9 0
t 182 9
m0 9 14
1 9 1
2 9 1
3 9 1
t 181 9
m0 9 14
1 9 0
2 9 0
3 9 0
t 180 9
m0 9 14
1 9 1
2 9 1
3 9 1
t 179 9
m0 9 13
1 9 0
2 9 0
3 9 0
t 178 9
m0 9 13
1 9 1
2 9 1
3 9 1
t 177 9
m0 8 13
1 9 0
2 9 0
3 9 0
t 176 9
m0 8 13
1 9 1
2 9 1
3 9 1
t 175 9
m0 9 13
1 9 0
2 9 0
3 9 0
t 174 9
m0 9 13
1 9 1
2 9 1
3 9 1
t 173 9
m0 8 13
1 9 0
2 9 0
3 9 0
t 172 9
m0 9 13
1 9 1
2 9 1
3 9 1
t 171 9
m0 9 12
1 9 0
2 9 0
3 9 0
t 170 9
m0 9 11
1 9 1
2 9 1
3 9 1
t 169 9
m0 9 12
1 9 0
2 9 0
3 9 0
t 168 9
m0 9 13
1 9 1
2 9 1
3 9 1
t 167 9
m0 9 12
1 9 0
2 9 0
3 9 0
t 166 9
m0 9 13
1 9 1
2 9 1
3 9 1
t 165 9
m0 9 13
1 9 0
2 9 0
3 9 0
t 164 9
m0 9 13
1 9 1
2 9 1
3 9 1
t 163 9
m0 9 12
1 9 0
2 9 0
3 9 0
t 162 9
m0 9 13
1 9 1
2 9 1
3 9 1
t 161 9
m0 8 13
1 9 0
2 9 0
3 9 0
t 160 9
m0 7 13
1 9 1
2 9 1
3 9 1
t 159 9
m0 7 12
1 9 0
2 9 0
3 9 0
t 158 9
m0 6 12
1 9 1
2 9 1
3 9 1
t 157 9
m0 6 12
1 9 0
2 9 0
3 9 0
t 156 9
m0 7 12
1 9 1
2 9 1
3 9 1
t 155 9
m0 7 13
1 9 0
2 9 0
3 9 0
t 154 9
m0 7 13
1 9 1
2 9 1
3 9 1
t 153 9
m0 7 12
1 9 0
2 9 0
3 9 0
t 152 9
m0 6 12
1 9 1
2 9 1
3 9 1
t 151 9
m0 5 12
1 9 0
2 9 0
3 9 0
t 150 9
m0 5 12
1 9 1
2 9 1
3 9 1
t 149 9
m0 4 12
1 9 0
2 9 0
3 9 0
t 148 19
m0 5 12
1 9 1
2 9 1
3 9 1
t 147 19
m0 6 12
1 9 0
2 9 0
3 9 0
t 146 19
m0 7 12
1 9 1
2 9 1
3 9 1
t 145 19
m0 6 12
1 9 0
2 9 0
3 9 0
t 144 19
m0 5 12
1 9 1
2 9 1
3 9 1
f 2 4
t 143 19
m0 4 12
1 9 0
2 9 0
3 9 0
t 142 19
m0 4 13
1 9 1
2 9 1
3 9 1
t 141 19
m0 4 13
1 9 0
2 9 0
3 9 0
t 140 19
m0 4 14
1 9 1
2 9 1
3 9 1
t 139 19
m0 3 14
1 9 0
2 9 0
3 9 0
t 138 19
m0 3 14
1 9 1
2 9 1
3 9 1
t 137 19
m0 4 14
1 9 0
2 9 0
3 9 0
t 136 19
m0 4 13
1 9 1
2 9 1
3 9 1
t 135 19
m0 4 13
1 9 0
2 9 0
3 9 0
t 134 19
m0 5 13
1 9 1
2 9 1
3 9 1
t 133 19
m0 5 14
1 9 0
2 9 0
3 9 0
t 132 19
m0 4 14
1 9 1
2 9 1
3 9 1
t 131 19
m0 3 14
1 9 0
2 9 0
3 9 0
t 130 19
m0 3 14
1 9 1
2 9 1
3 9 1
t 129 19
m0 3 13
1 9 0
2 9 0
3 9 0
t 128 19
m0 4 13
1 9 1
2 9 1
3 9 1
t 127 19
m0 3 13
1 9 0
2 9 0
3 9 0
t 126 19
m0 3 14
1 9 1
2 9 1
3 9 1
t 125 19
m0 3 13
1 9 0
2 9 0
3 9 0
t 124 19
m0 3 13
1 9 1
2 9 1
3 9 1
t 123 19
m0 4 13
1 9 0
2 9 0
3 9 0
t 122 19
m0 3 13
1 9 1
2 9 1
3 9 1
t 121 19
m0 2 13
1 9 0
2 9 0
3 9 0
t 120 20
m0 3 13
1 9 1
2 9 1
3 9 1
t 119 20
m0 2 13
1 9 0
2 9 0
3 9 0
t 118 20
m0 2 14
1 9 1
2 9 1
3 9 1
t 117 20
m0 2 14
1 9 0
2 9 0
3 9 0
t 116 20
m0 2 13
1 9 1
2 9 1
3 9 1
t 115 20
m0 2 13
1 9 0
2 9 0
3 9 0
t 114 20
m0 3 13
1 9 1
2 9 1
3 9 1
t 113 20
m0 3 14
1 9 0
2 9 0
3 9 0
t 112 20
m0 4 14
1 9 1
2 9 1
3 9 1
t 111 20
m0 3 14
1 9 0
2 9 0
3 9 0
t 110 20
m0 3 14
1 9 1
2 9 1
3 9 1
t 109 20
m0 2 14
1 9 0
2 9 0
3 9 0
t 108 20
m0 1 14
1 9 1
2 9 1
3 9 1
t 107 20
m0 0 14
1 9 0
2 9 0
3 9 0
t 106 20
m0 0 14
1 9 1
2 9 1
3 9 1
t 105 20
m0 0 13
1 9 0
2 9 0
3 9 0
t 104 20
m0 0 14
1 9 1
2 9 1
3 9 1
t 103 20
m0 0 13
1 9 0
2 9 0
3 9 0
t 102 20
m0 0 13
1 9 1
2 9 1
3 9 1
t 101 20
m0 0 12
1 9 0
2 9 0
3 9 0
t 100 21
m0 1 12
1 9 1
2 9 1
3 9 1
t 99 21
m0 0 12
1 9 0
2 9 0
3 9 0
t 98 21
m0 1 12
1 9 1
2 9 1
3 9 1
t 97 21
m0 0 12
1 9 0
2 9 0
3 9 0
t 96 21
m0 0 13
1 9 1
2 9 1
3 9 1
t 95 21
m0 0 14
1 9 0
2 9 0
3 9 0
t 94 21
m0 0 14
1 9 1
2 9 1
3 9 1
t 93 21
m0 1 14
1 9 0
2 9 0
3 9 0
t 92 21
m0 0 14
1 9 1
2 9 1
3 9 1
t 91 21
m0 0 14
1 9 0
2 9 0
3 9 0
t 90 21
m0 0 13
1 9 1
2 9 1
3 9 1
t 89 21
m0 0 14
1 9 0
2 9 0
3 9 0
t 88 21
m0 1 14
1 9 1
2 9 1
3 9 1
t 87 21
m0 0 14
1 9 0
2 9 0
3 9 0
t 86 21
m0 0 13
1 9 1
2 9 1
3 9 1
t 85 21
m0 0 13
1 9 0
2 9 0
3 9 0
t 84 21
m0 0 14
1 9 1
2 9 1
3 9 1
t 83 21
m0 0 13
1 9 0
2 9 0
3 9 0
t 82 21
m0 0 12
1 9 1
2 9 1
3 9 1
t 81 21
m0 0 11
1 9 0
2 9 0
3 9 0
t 80 21
m0 0 10
1 9 1
2 9 1
3 9 1
t 79 21
m0 0 11
1 9 0
2 9 0
3 9 0
t 78 21
m0 0 10
1 9 1
2 9 1
3 9 1
t 77 21
m0 0 11
1 9 0
2 9 0
3 9 0
t 76 21
m0 0 10
1 9 1
2 9 1
3 9 1
t 75 21
m0 0 11
1 9 0
2 9 0
3 9 0
t 74 21
m0 1 11
1 9 1
2 9 1
3 9 1
t 73 22
m0 0 11
1 9 0
2 9 0
3 9 0
t 72 22
m0 0 12
1 9 1
2 9 1
3 9 1
t 71 22
m0 0 12
1 9 0
2 9 0
3 9 0
t 70 22
m0 0 13
1 9 1
2 9 1
3 9 1
t 69 22
m0 0 13
1 9 0
2 9 0
3 9 0
t 68 22
m0 0 12
1 9 1
2 9 1
3 9 1
t 67 22
m0 1 12
1 9 0
2 9 0
3 9 0
t 66 22
m0 1 12
1 9 1
2 9 1
3 9 1
t 65 22
m0 1 11
1 9 0
2 9 0
3 9 0
t 64 22
m0 2 11
1 9 1
2 9 1
3 9 1
t 63 22
m0 3 11
1 9 0
2 9 0
3 9 0
t 62 23
m0 4 11
1 9 1
2 9 1
3 9 1
t 61 24
m0 4 12
1 9 0
2 9 0
3 9 0
t 60 24
m0 4 13
1 9 1
2 9 1
3 9 1
t 59 24
m0 5 13
1 9 0
2 9 0
3 9 0
t 58 24
m0 5 12
1 9 1
2 9 1
3 9 1
t 57 24
m0 4 12
1 9 0
2 9 0
3 9 0
t 56 24
m0 4 11
1 9 1
2 9 1
3 9 1
t 55 24
m0 5 11
1 9 0
2 9 0
3 9 0
t 54 24
m0 5 10
1 9 1
2 9 1
3 9 1
t 53 24
m0 5 10
1 9 0
2 9 0
3 9 0
t 52 24
m0 5 10
1 9 1
2 9 1
3 9 1
t 51 24
m0 6 10
1 9 0
2 9 0
3 9 0
t 50 24
m0 6 10
1 9 1
2 9 1
3 9 1
t 49 24
m0 6 10
1 9 0
2 9 0
3 9 0
t 48 24
m0 6 9
1 9 1
2 9 1
3 9 1
t 47 24
m0 6 10
1 9 0
2 9 0
3 9 0
t 46 24
m0 6 10
1 9 1
2 9 1
3 9 1
t 45 24
m0 6 10
1 9 0
2 9 0
3 9 0
t 44 24
m0 6 9
1 9 1
2 9 1
3 9 1
t 43 24
m0 6 9
1 9 0
2 9 0
3 9 0
t 42 24
m0 6 9
1 9 1
2 9 1
3 9 1
t 41 24
m0 5 9
1 9 0
2 9 0
3 9 0
t 40 25
m0 4 9
1 9 1
2 9 1
3 9 1
t 39 26
m0 3 9
1 9 0
2 9 0
3 9 0
t 38 27
m0 4 9
1 9 1
2 9 1
3 9 1
t 37 27
m0 4 9
1 9 0
2 9 0
3 9 0
t 36 27
m0 5 9
1 9 1
2 9 1
3 9 1
t 35 27
m0 4 9
1 9 0
2 9 0
3 9 0
t 34 27
m0 4 8
1 9 1
2 9 1
3 9 1
t 33 27
m0 4 9
1 9 0
2 9 0
3 9 0
t 32 27
m0 4 8
1 9 1
2 9 1
3 9 1
t 31 27
m0 4 8
1 9 0
2 9 0
3 9 0
t 30 27
m0 4 7
1 9 1
2 9 1
3 9 1
t 29 28
m0 4 6
1 9 0
2 9 0
3 9 0
t 28 29
m0 4 6
1 9 1
2 9 1
3 9 1
t 27 29
m0 4 6
1 9 0
2 9 0
3 9 0
t 26 29
m0 3 6
1 9 1
2 9 1
3 9 1
t 25 30
m0 3 6
1 9 0
2 9 0
3 9 0
t 24 30
m0 3 5
1 9 1
2 9 1
3 9 1
t 23 30
m0 3 5
1 9 0
2 9 0
3 9 0
t 22 30
m0 2 5
1 9 1
2 9 1
3 9 1
t 21 31
m0 3 5
1 9 0
2 9 0
3 9 0
t 20 31
m0 3 4
1 9 1
2 9 1
3 9 1
t 19 31
m0 2 4
1 9 0
2 9 0
3 9 0
t 18 41
m0 3 4
1 9 1
2 9 1
3 9 1
t 17 41
m0 4 4
1 9 0
2 9 0
3 9 0
t 16 41
m0 5 4
1 9 1
2 9 1
3 9 1
t 15 41
m0 6 4
1 9 0
2 9 0
3 9 0
t 14 42
m0 7 4
1 9 1
2 9 1
3 9 1
t 13 42
m0 8 4
1 9 0
2 9 0
3 9 0
t 12 43
m0 9 4
1 9 1
2 9 1
3 9 1
t 11 44
m0 9 3
1 9 0
2 9 0
3 9 0
t 10 45
m0 9 2
1 9 1
2 9 1
3 9 1
f 4 0
t 9 46
m0 -5 -5
1 9 2
2 9 2
3 9 2
t 8 46
