10
15
w 6 9
w 4 7
w 1 3
w 2 8
w 9 8
w 8 0
w 4 12
w 1 6
w 0 3
w 1 11
w 3 14
w 8 14
w 6 10
w 1 14
w 8 10
w 6 3
w 1 5
w 4 1
w 1 1
w 9 7
w 4 10
w 3 2
w 0 0
w 2 6
w 8 2
w 9 14
w 6 0
w 6 12
w 2 14
w 9 6
w 0 1
w 3 12
w 6 1
w 1 8
w 4 3
w 6 13
w 9 12
p 5 9
p 7 3
p 4 8
p 7 12
p 3 11
p 7 7
p 8 9
p 0 10
p 9 4
p 3 7
p 2 5
p 8 5
p 7 2
p 4 0
p 9 0
p 6 7
p 5 5
p 4 9
p 8 1
p 3 10
p 2 13
p 0 11
p 3 6
p 0 4
p 2 2
p 8 6
p 7 10
p 5 0
p 1 10
p 3 4
p 5 4
p 5 11
p 4 5
p 6 11
p 1 4
p 2 10
p 8 7
p 3 5
p 7 8
p 9 13
p 7 0
p 6 8
p 4 6
p 5 10
p 9 2
p 2 11
p 9 9
p 0 13
p 7 4
p 0 6
p 3 8
p 5 14
p 9 5
p 5 2
p 0 2
p 8 4
m0 0 14
1 9 0
2 9 0
3 9 0
t 300 0
m0 0 13
1 9 1
2 9 1
3 9 1
t 299 1
m0 1 13
1 9 0
2 9 0
3 9 0
t 298 1
m0 2 13
1 9 1
2 9 1
3 9 1
f 5 6
t 297 2
m0 2 12
1 9 0
2 9 0
3 9 0
t 296 2
m0 2 11
1 9 1
2 9 1
3 9 1
t 295 3
m0 3 11
1 9 0
2 9 0
3 9 0
t 294 4
m0 3 10
1 9 1
2 9 1
3 9 1
t 293 5
m0 2 10
1 9 0
2 9 0
3 9 0
t 292 6
m0 1 10
1 9 1
2 9 1
3 9 1
t 291 7
m0 0 10
1 9 0
2 9 0
3 9 0
t 290 8
m0 0 11
1 9 1
2 9 1
3 9 1
t 289 9
m0 0 10
1 9 0
2 9 0
3 9 0
t 288 9
m0 0 9
1 9 1
2 9 1
3 9 1
t 287 9
m0 0 8
1 9 0
2 9 0
3 9 0
t 286 9
m0 0 7
1 9 1
2 9 1
3 9 1
t 285 9
m0 0 6
1 9 0
2 9 0
3 9 0
t 284 10
m0 0 5
1 9 1
2 9 1
3 9 1
t 283 10
m0 0 4
1 9 0
2 9 0
3 9 0
t 282 11
m0 1 4
1 9 1
2 9 1
3 9 1
t 281 12
m0 2 4
1 9 0
2 9 0
3 9 0
t 280 12
m0 3 4
1 9 1
2 9 1
3 9 1
t 279 13
m0 3 5
1 9 0
2 9 0
3 9 0
t 278 14
m0 4 5
1 9 1
2 9 1
3 9 1
t 277 15
m0 5 5
1 9 0
2 9 0
3 9 0
t 276 16
m0 5 4
1 9 1
2 9 1
3 9 1
t 275 17
m0 5 5
1 9 0
2 9 0
3 9 0
t 274 17
m0 5 6
1 9 1
2 9 1
3 9 1
t 273 27
m0 4 6
1 9 0
2 9 0
3 9 0
t 272 28
m0 3 6
1 9 1
2 9 1
3 9 1
f 7 11
t 271 29
m0 3 7
1 9 0
2 9 0
3 9 0
t 270 30
m0 3 8
1 9 1
2 9 1
3 9 1
t 269 31
m0 4 8
1 9 0
2 9 0
3 9 0
t 268 32
m0 4 9
1 9 1
2 9 1
3 9 1
t 267 33
m0 5 9
1 9 0
2 9 0
3 9 0
t 266 34
m0 5 10
1 9 1
2 9 1
3 9 1
t 265 35
m0 5 11
1 9 0
2 9 0
3 9 0
t 264 36
m0 6 11
1 9 1
2 9 1
3 9 1
t 263 37
m0 7 11
1 9 0
2 9 0
3 9 0
t 262 47
m0 7 10
1 9 1
2 9 1
3 9 1
t 261 48
m0 7 9
1 9 0
2 9 0
3 9 0
t 260 48
m0 8 9
1 9 1
2 9 1
3 9 1
t 259 49
m0 9 9
1 9 0
2 9 0
3 9 0
t 258 50
m0 8 9
1 9 1
2 9 1
3 9 1
t 257 50
m0 9 9
1 9 0
2 9 0
3 9 0
t 256 50
m0 8 9
1 9 1
2 9 1
3 9 1
t 255 50
m0 9 9
1 9 0
2 9 0
3 9 0
t 254 50
m0 8 9
1 9 1
2 9 1
3 9 1
t 253 50
m0 9 9
1 9 0
2 9 0
3 9 0
t 252 50
m0 8 9
1 9 1
2 9 1
3 9 1
t 251 50
m0 9 9
1 9 0
2 9 0
3 9 0
t 250 50
m0 8 9
1 9 1
2 9 1
3 9 1
t 249 50
m0 9 9
1 9 0
2 9 0
3 9 0
t 248 50
m0 8 9
1 9 1
2 9 1
3 9 1
t 247 50
m0 9 9
1 9 0
2 9 0
3 9 0
t 246 50
m0 8 9
1 9 1
2 9 1
3 9 1
t 245 50
m0 9 9
1 9 0
2 9 0
3 9 0
t 244 50
m0 8 9
1 9 1
2 9 1
3 9 1
t 243 50
m0 9 9
1 9 0
2 9 0
3 9 0
t 242 50
m0 8 9
1 9 1
2 9 1
3 9 1
t 241 50
m0 8 8
1 9 0
2 9 0
3 9 0
t 240 60
m0 8 7
1 9 1
2 9 1
3 9 1
t 239 61
m0 8 6
1 9 0
2 9 0
3 9 0
t 238 62
m0 8 5
1 9 1
2 9 1
3 9 1
f 3 1
t 237 63
m0 8 4
1 9 0
2 9 0
3 9 0
t 236 64
m0 7 4
1 9 1
2 9 1
3 9 1
t 235 65
m0 7 3
1 9 0
2 9 0
3 9 0
t 234 66
m0 7 2
1 9 1
2 9 1
3 9 1
t 233 67
m0 6 2
1 9 0
2 9 0
3 9 0
t 232 67
m0 5 2
1 9 1
2 9 1
3 9 1
t 231 68
m0 5 1
1 9 0
2 9 0
3 9 0
t 230 68
m0 5 0
1 9 1
2 9 1
3 9 1
t 229 69
m0 4 0
1 9 2
2 9 2
3 9 2
t 228 70
m0 3 0
1 9 3
2 9 3
3 9 3
t 227 70
m0 3 1
1 9 4
2 9 4
3 9 4
t 226 80
m0 3 0
1 9 5
2 9 5
3 9 5
t 225 80
m0 4 0
1 9 4
2 9 4
3 9 4
t 224 80
m0 5 0
1 9 5
2 9 5
3 9 5
t 223 80
m0 4 0
1 9 4
2 9 4
3 9 4
t 222 80
m0 5 0
1 9 5
2 9 5
3 9 5
t 221 80
m0 4 0
1 9 4
2 9 4
3 9 4
t 220 80
m0 5 0
1 9 5
2 9 5
3 9 5
t 219 80
m0 4 0
1 9 4
2 9 4
3 9 4
t 218 80
m0 5 0
1 9 5
2 9 5
3 9 5
t 217 80
m0 4 0
1 9 4
2 9 4
3 9 4
t 216 80
m0 5 0
1 9 5
2 9 5
3 9 5
t 215 80
m0 4 0
1 9 4
2 9 4
3 9 4
t 214 80
m0 5 0
1 9 5
2 9 5
3 9 5
t 213 80
m0 4 0
1 9 4
2 9 4
3 9 4
t 212 80
m0 5 0
1 9 5
2 9 5
3 9 5
t 211 80
m0 4 0
1 9 4
2 9 4
3 9 4
t 210 80
m0 5 0
1 9 5
2 9 5
3 9 5
t 209 80
m0 4 0
1 9 4
2 9 4
3 9 4
t 208 80
m0 5 0
1 9 5
2 9 5
3 9 5
t 207 80
m0 4 0
1 9 4
2 9 4
3 9 4
t 206 80
m0 5 0
1 9 5
2 9 5
3 9 5
t 205 80
m0 4 0
1 9 4
2 9 4
3 9 4
t 204 80
m0 5 0
1 9 5
2 9 5
3 9 5
t 203 80
m0 4 0
1 9 4
2 9 4
3 9 4
t 202 80
m0 5 0
1 9 5
2 9 5
3 9 5
t 201 80
m0 4 0
1 9 4
2 9 4
3 9 4
t 200 80
m0 5 0
1 9 5
2 9 5
3 9 5
t 199 80
m0 4 0
1 9 4
2 9 4
3 9 4
t 198 80
m0 5 0
1 9 5
2 9 5
3 9 5
t 197 80
m0 4 0
1 9 4
2 9 4
3 9 4
t 196 80
m0 4 0
1 9 5
2 9 5
3 9 5
f 4 11
t 195 80
m0 4 0
1 9 4
2 9 4
3 9 4
t 194 80
m0 4 0
1 9 5
2 9 5
3 9 5
t 193 80
m0 4 0
1 9 4
2 9 4
3 9 4
t 192 80
m0 4 0
1 9 5
2 9 5
3 9 5
t 191 80
m0 4 0
1 9 4
2 9 4
3 9 4
t 190 80
m0 4 0
1 9 5
2 9 5
3 9 5
t 189 80
m0 4 0
1 9 4
2 9 4
3 9 4
t 188 80
m0 4 0
1 9 5
2 9 5
3 9 5
t 187 80
m0 4 0
1 9 4
2 9 4
3 9 4
t 186 80
m0 4 0
1 9 5
2 9 5
3 9 5
t 185 80
m0 4 0
1 9 4
2 9 4
3 9 4
t 184 80
m0 4 0
1 9 5
2 9 5
3 9 5
t 183 80
m0 4 0
1 9 4
2 9 4
3 9 4
t 182 80
m0 4 0
1 9 5
2 9 5
3 9 5
t 181 80
m0 4 0
1 9 4
2 9 4
3 9 4
t 180 80
m0 4 0
1 9 5
2 9 5
3 9 5
t 179 80
m0 4 0
1 9 4
2 9 4
3 9 4
t 178 80
m0 4 0
1 9 5
2 9 5
3 9 5
t 177 80
m0 4 0
1 9 4
2 9 4
3 9 4
t 176 80
m0 4 0
1 9 5
2 9 5
3 9 5
t 175 80
m0 4 0
1 9 4
2 9 4
3 9 4
t 174 80
m0 4 0
1 9 5
2 9 5
3 9 5
t 173 80
m0 4 0
1 9 4
2 9 4
3 9 4
t 172 80
m0 4 0
1 9 5
2 9 5
3 9 5
t 171 80
m0 4 0
1 9 4
2 9 4
3 9 4
t 170 80
m0 4 0
1 9 5
2 9 5
3 9 5
t 169 80
m0 4 0
1 9 4
2 9 4
3 9 4
t 168 80
m0 4 0
1 9 5
2 9 5
3 9 5
t 167 80
m0 4 0
1 9 4
2 9 4
3 9 4
t 166 80
m0 4 0
1 9 5
2 9 5
3 9 5
t 165 80
m0 4 0
1 9 4
2 9 4
3 9 4
t 164 80
m0 4 0
1 9 5
2 9 5
3 9 5
t 163 80
m0 4 0
1 9 4
2 9 4
3 9 4
t 162 80
m0 4 0
1 9 5
2 9 5
3 9 5
t 161 80
m0 4 0
1 9 4
2 9 4
3 9 4
t 160 80
m0 4 0
1 9 5
2 9 5
3 9 5
t 159 80
m0 4 0
1 9 4
2 9 4
3 9 4
t 158 80
m0 4 0
1 9 5
2 9 5
3 9 5
t 157 80
m0 4 0
1 9 4
2 9 4
3 9 4
t 156 80
m0 4 0
1 9 5
2 9 5
3 9 5
t 155 80
m0 4 0
1 9 4
2 9 4
3 9 4
t 154 80
m0 4 0
1 9 5
2 9 5
3 9 5
t 153 80
m0 4 0
1 9 4
2 9 4
3 9 4
t 152 80
m0 4 0
1 9 5
2 9 5
3 9 5
t 151 80
m0 4 0
1 9 4
2 9 4
3 9 4
t 150 80
m0 4 0
1 9 5
2 9 5
3 9 5
t 149 80
m0 4 0
1 9 4
2 9 4
3 9 4
t 148 80
m0 4 0
1 9 5
2 9 5
3 9 5
t 147 80
m0 4 0
1 9 4
2 9 4
3 9 4
t 146 80
m0 4 0
1 9 5
2 9 5
3 9 5
t 145 80
m0 4 0
1 9 4
2 9 4
3 9 4
t 144 80
m0 4 0
1 9 5
2 9 5
3 9 5
t 143 80
m0 4 0
1 9 4
2 9 4
3 9 4
t 142 80
m0 4 0
1 9 5
2 9 5
3 9 5
t 141 80
m0 4 0
1 9 4
2 9 4
3 9 4
t 140 80
m0 4 0
1 9 5
2 9 5
3 9 5
t 139 80
m0 4 0
1 9 4
2 9 4
3 9 4
t 138 80
m0 4 0
1 9 5
2 9 5
3 9 5
t 137 80
m0 4 0
1 9 4
2 9 4
3 9 4
t 136 80
m0 4 0
1 9 5
2 9 5
3 9 5
t 135 80
m0 4 0
1 9 4
2 9 4
3 9 4
t 134 80
m0 4 0
1 9 5
2 9 5
3 9 5
t 133 80
m0 4 0
1 9 4
2 9 4
3 9 4
t 132 80
m0 4 0
1 9 5
2 9 5
3 9 5
t 131 80
m0 4 0
1 9 4
2 9 4
3 9 4
t 130 80
m0 4 0
1 9 5
2 9 5
3 9 5
t 129 80
m0 4 0
1 9 4
2 9 4
3 9 4
t 128 80
m0 4 0
1 9 5
2 9 5
3 9 5
t 127 80
m0 4 0
1 9 4
2 9 4
3 9 4
t 126 80
m0 4 0
1 9 5
2 9 5
3 9 5
t 125 80
m0 4 0
1 9 4
2 9 4
3 9 4
t 124 80
m0 4 0
1 9 5
2 9 5
3 9 5
t 123 80
m0 4 0
1 9 4
2 9 4
3 9 4
t 122 80
m0 4 0
1 9 5
2 9 5
3 9 5
t 121 80
m0 4 0
1 9 4
2 9 4
3 9 4
t 120 80
m0 4 0
1 9 5
2 9 5
3 9 5
t 119 80
m0 4 0
1 9 4
2 9 4
3 9 4
t 118 80
m0 4 0
1 9 5
2 9 5
3 9 5
t 117 80
m0 4 0
1 9 4
2 9 4
3 9 4
t 116 80
m0 4 0
1 9 5
2 9 5
3 9 5
t 115 80
m0 4 0
1 9 4
2 9 4
3 9 4
t 114 80
m0 4 0
1 9 5
2 9 5
3 9 5
t 113 80
m0 4 0
1 9 4
2 9 4
3 9 4
t 112 80
m0 4 0
1 9 5
2 9 5
3 9 5
t 111 80
m0 4 0
1 9 4
2 9 4
3 9 4
t 110 80
m0 4 0
1 9 5
2 9 5
3 9 5
t 109 80
m0 4 0
1 9 4
2 9 4
3 9 4
t 108 80
m0 4 0
1 9 5
2 9 5
3 9 5
t 107 80
m0 4 0
1 9 4
2 9 4
3 9 4
t 106 80
m0 4 0
1 9 5
2 9 5
3 9 5
t 105 80
m0 4 0
1 9 4
2 9 4
3 9 4
t 104 80
m0 4 0
1 9 5
2 9 5
3 9 5
t 103 80
m0 4 0
1 9 4
2 9 4
3 9 4
t 102 80
m0 4 0
1 9 5
2 9 5
3 9 5
t 101 80
m0 4 0
1 9 4
2 9 4
3 9 4
t 100 80
m0 4 0
1 9 5
2 9 5
3 9 5
t 99 80
m0 4 0
1 9 4
2 9 4
3 9 4
t 98 80
m0 4 0
1 9 5
2 9 5
3 9 5
t 97 80
m0 4 0
1 9 4
2 9 4
3 9 4
t 96 80
m0 4 0
1 9 5
2 9 5
3 9 5
t 95 80
m0 4 0
1 9 4
2 9 4
3 9 4
t 94 80
m0 4 0
1 9 5
2 9 5
3 9 5
t 93 80
m0 4 0
1 9 4
2 9 4
3 9 4
t 92 80
m0 4 0
1 9 5
2 9 5
3 9 5
t 91 80
m0 4 0
1 9 4
2 9 4
3 9 4
t 90 80
m0 4 0
1 9 5
2 9 5
3 9 5
t 89 80
m0 4 0
1 9 4
2 9 4
3 9 4
t 88 80
m0 4 0
1 9 5
2 9 5
3 9 5
t 87 80
m0 4 0
1 9 4
2 9 4
3 9 4
t 86 80
m0 4 0
1 9 5
2 9 5
3 9 5
t 85 80
m0 4 0
1 9 4
2 9 4
3 9 4
t 84 80
m0 4 0
1 9 5
2 9 5
3 9 5
t 83 80
m0 4 0
1 9 4
2 9 4
3 9 4
t 82 80
m0 4 0
1 9 5
2 9 5
3 9 5
t 81 80
m0 4 0
1 9 4
2 9 4
3 9 4
t 80 80
m0 4 0
1 9 5
2 9 5
3 9 5
t 79 80
m0 4 0
1 9 4
2 9 4
3 9 4
t 78 80
m0 4 0
1 9 5
2 9 5
3 9 5
t 77 80
m0 4 0
1 9 4
2 9 4
3 9 4
t 76 80
m0 4 0
1 9 5
2 9 5
3 9 5
t 75 80
m0 4 0
1 9 4
2 9 4
3 9 4
t 74 80
m0 4 0
1 9 5
2 9 5
3 9 5
t 73 80
m0 4 0
1 9 4
2 9 4
3 9 4
t 72 80
m0 4 0
1 9 5
2 9 5
3 9 5
t 71 80
m0 4 0
1 9 4
2 9 4
3 9 4
t 70 80
m0 4 0
1 9 5
2 9 5
3 9 5
t 69 80
m0 4 0
1 9 4
2 9 4
3 9 4
t 68 80
m0 4 0
1 9 5
2 9 5
3 9 5
t 67 80
m0 4 0
1 9 4
2 9 4
3 9 4
t 66 80
m0 4 0
1 9 5
2 9 5
3 9 5
t 65 80
m0 4 0
1 9 4
2 9 4
3 9 4
t 64 80
m0 4 0
1 9 5
2 9 5
3 9 5
t 63 80
m0 4 0
1 9 4
2 9 4
3 9 4
t 62 80
m0 4 0
1 9 5
2 9 5
3 9 5
t 61 80
m0 4 0
1 9 4
2 9 4
3 9 4
t 60 80
m0 4 0
1 9 5
2 9 5
3 9 5
t 59 80
m0 4 0
1 9 4
2 9 4
3 9 4
t 58 80
m0 4 0
1 9 5
2 9 5
3 9 5
t 57 80
m0 4 0
1 9 4
2 9 4
3 9 4
t 56 80
m0 4 0
1 9 5
2 9 5
3 9 5
t 55 80
m0 4 0
1 9 4
2 9 4
3 9 4
t 54 80
m0 4 0
1 9 5
2 9 5
3 9 5
t 53 80
m0 4 0
1 9 4
2 9 4
3 9 4
t 52 80
m0 4 0
1 9 5
2 9 5
3 9 5
t 51 80
m0 4 0
1 9 4
2 9 4
3 9 4
t 50 80
m0 4 0
1 9 5
2 9 5
3 9 5
t 49 80
m0 4 0
1 9 4
2 9 4
3 9 4
t 48 80
m0 4 0
1 9 5
2 9 5
3 9 5
t 47 80
m0 4 0
1 9 4
2 9 4
3 9 4
t 46 80
m0 4 0
1 9 5
2 9 5
3 9 5
t 45 80
m0 4 0
1 9 4
2 9 4
3 9 4
t 44 80
m0 4 0
1 9 5
2 9 5
3 9 5
t 43 80
m0 4 0
1 9 4
2 9 4
3 9 4
t 42 80
m0 4 0
1 9 5
2 9 5
3 9 5
t 41 80
m0 4 0
1 9 4
2 9 4
3 9 4
t 40 80
m0 4 0
1 9 5
2 9 5
3 9 5
t 39 80
m0 4 0
1 9 4
2 9 4
3 9 4
t 38 80
m0 4 0
1 9 5
2 9 5
3 9 5
t 37 80
m0 4 0
1 9 4
2 9 4
3 9 4
t 36 80
m0 4 0
1 9 5
2 9 5
3 9 5
t 35 80
m0 4 0
1 9 4
2 9 4
3 9 4
t 34 80
m0 4 0
1 9 5
2 9 5
3 9 5
t 33 80
m0 4 0
1 9 4
2 9 4
3 9 4
t 32 80
m0 4 0
1 9 5
2 9 5
3 9 5
t 31 80
m0 4 0
1 9 4
2 9 4
3 9 4
t 30 80
m0 4 0
1 9 5
2 9 5
3 9 5
t 29 80
m0 4 0
1 9 4
2 9 4
3 9 4
t 28 80
m0 4 0
1 9 5
2 9 5
3 9 5
t 27 80
m0 4 0
1 9 4
2 9 4
3 9 4
t 26 80
m0 4 0
1 9 5
2 9 5
3 9 5
t 25 80
m0 4 0
1 9 4
2 9 4
3 9 4
t 24 80
m0 4 0
1 9 5
2 9 5
3 9 5
t 23 80
m0 4 0
1 9 4
2 9 4
3 9 4
t 22 80
m0 4 0
1 9 5
2 9 5
3 9 5
t 21 80
m0 4 0
1 9 4
2 9 4
3 9 4
t 20 80
m0 4 0
1 9 5
2 9 5
3 9 5
t 19 80
m0 4 0
1 9 4
2 9 4
3 9 4
t 18 80
m0 4 0
1 9 5
2 9 5
3 9 5
t 17 80
m0 4 0
1 9 4
2 9 4
3 9 4
t 16 80
m0 4 0
1 9 5
2 9 5
3 9 5
t 15 80
m0 4 0
1 9 4
2 9 4
3 9 4
t 14 80
m0 4 0
1 9 5
2 9 5
3 9 5
t 13 80
m0 4 0
1 9 4
2 9 4
3 9 4
t 12 80
m0 4 0
1 9 5
2 9 5
3 9 5
t 11 80
m0 4 0
1 9 4
2 9 4
3 9 4
t 10 80
m0 4 0
1 9 5
2 9 5
3 9 5
t 9 80
m0 4 0
1 9 4
2 9 4
3 9 4
t 8 80
m0 4 0
1 9 5
2 9 5
3 9 5
t 7 80
m0 4 0
1 9 4
2 9 4
3 9 4
t 6 80
m0 4 0
1 9 5
2 9 5
3 9 5
t 5 80
m0 4 0
1 9 4
2 9 4
3 9 4
t 4 80
m0 4 0
1 9 5
2 9 5
3 9 5
t 3 80
m0 4 0
1 9 4
2 9 4
3 9 4
t 2 80
m0 4 0
1 9 5
2 9 5
3 9 5
t 1 80
m0 4 0
1 9 5
2 9 5
3 9 5
t 0 80
