10
15
w 7 3
w 6 9
w 1 3
w 8 13
w 5 6
w 5 13
w 1 6
w 2 12
w 7 11
w 1 11
w 6 14
w 5 5
w 2 9
w 8 1
w 7 6
w 6 10
w 3 10
w 3 6
w 5 0
w 4 1
w 3 2
w 5 11
w 7 1
w 1 13
w 5 2
w 3 9
w 8 7
w 4 2
w 0 1
w 8 3
w 5 7
w 3 8
w 2 0
w 8 8
w 1 7
w 3 4
w 2 4
p 5 9
p 4 7
p 6 6
p 4 8
p 2 8
p 7 12
p 9 8
p 8 0
p 3 11
p 7 7
p 6 2
p 9 4
p 3 7
p 5 1
p 0 3
p 8 5
p 3 14
p 7 2
p 5 8
p 8 14
p 4 0
p 9 0
p 4 4
p 2 13
p 9 11
p 2 2
p 1 10
p 1 1
p 6 4
p 7 14
p 0 0
p 4 10
p 8 2
p 4 5
p 9 3
p 1 4
p 0 12
p 7 5
p 2 3
p 0 5
p 1 9
p 0 8
p 6 5
p 5 3
p 7 9
p 9 13
p 2 7
p 5 10
p 6 8
p 7 0
p 9 2
p 2 11
p 1 8
p 0 9
p 0 2
p 8 4
m0 0 14
1 9 0
2 9 0
3 9 0
t 300 0
m0 1 14
1 8 0
2 9 1
3 8 0
t 299 0
m0 0 14
1 9 0
2 9 2
3 7 0
t 298 0
m0 1 14
1 8 0
2 9 3
3 6 0
t 297 0
m0 0 14
1 9 0
2 9 4
3 6 1
t 296 0
m0 1 14
1 8 0
2 9 5
3 5 1
t 295 0
m0 0 14
1 9 0
2 8 5
3 6 1
t 294 0
m0 1 14
1 8 0
2 9 5
3 5 1
t 293 0
m0 0 14
1 9 0
2 8 5
3 6 1
t 292 0
m0 1 14
1 8 0
2 9 5
3 5 1
t 291 0
m0 0 14
1 9 0
2 8 5
3 6 1
t 290 0
m0 1 14
1 8 0
2 9 5
3 5 1
t 289 0
m0 0 14
1 9 0
2 8 5
3 6 1
t 288 0
m0 1 14
1 8 0
2 9 5
3 5 1
t 287 0
m0 0 14
1 9 0
2 8 5
3 6 1
t 286 0
m0 1 14
1 8 0
2 9 5
3 5 1
t 285 0
m0 0 14
1 9 0
2 8 5
3 6 1
t 284 0
m0 1 14
1 8 0
2 9 5
3 5 1
t 283 0
m0 0 14
1 9 0
2 8 5
3 6 1
t 282 0
m0 1 14
1 8 0
2 9 5
3 5 1
t 281 0
m0 0 14
1 9 0
2 8 5
3 6 1
t 280 0
m0 1 14
1 8 0
2 9 5
3 5 1
t 279 0
m0 0 14
1 9 0
2 8 5
3 6 1
t 278 0
m0 1 14
1 8 0
2 9 5
3 5 1
t 277 0
m0 0 14
1 9 0
2 8 5
3 6 1
t 276 0
m0 1 14
1 8 0
2 9 5
3 5 1
t 275 0
m0 0 14
1 9 0
2 8 5
3 6 1
t 274 0
m0 1 14
1 8 0
2 9 5
3 5 1
t 273 0
m0 0 14
1 9 0
2 8 5
3 6 1
t 272 0
m0 1 14
1 8 0
2 9 5
3 5 1
t 271 0
m0 0 14
1 9 0
2 8 5
3 6 1
t 270 0
m0 1 14
1 8 0
2 9 5
3 5 1
t 269 0
m0 0 14
1 9 0
2 8 5
3 6 1
t 268 0
m0 1 14
1 8 0
2 9 5
3 5 1
t 267 0
m0 0 14
1 9 0
2 8 5
3 6 1
t 266 0
m0 1 14
1 8 0
2 9 5
3 5 1
t 265 10
m0 0 14
1 9 0
2 8 5
3 6 1
t 264 10
m0 1 14
1 8 0
2 9 5
3 5 1
t 263 10
m0 0 14
1 9 0
2 8 5
3 6 1
t 262 10
m0 1 14
1 8 0
2 9 5
3 5 1
t 261 10
m0 0 14
1 9 0
2 8 5
3 6 1
t 260 10
m0 1 14
1 8 0
2 9 5
3 5 1
t 259 10
m0 0 14
1 9 0
2 8 5
3 6 1
t 258 10
m0 1 14
1 8 0
2 9 5
3 5 1
t 257 10
m0 0 14
1 9 0
2 8 5
3 6 1
t 256 10
m0 1 14
1 8 0
2 9 5
3 5 1
t 255 10
m0 0 14
1 9 0
2 8 5
3 6 1
t 254 10
m0 1 14
1 8 0
2 9 5
3 5 1
t 253 10
m0 0 14
1 9 0
2 8 5
3 6 1
t 252 10
m0 1 14
1 8 0
2 9 5
3 5 1
t 251 10
m0 0 14
1 9 0
2 8 5
3 6 1
t 250 10
m0 1 14
1 8 0
2 9 5
3 5 1
t 249 10
m0 0 14
1 9 0
2 8 5
3 6 1
t 248 10
m0 1 14
1 8 0
2 9 5
3 5 1
t 247 10
m0 0 14
1 9 0
2 8 5
3 6 1
t 246 10
m0 1 14
1 8 0
2 9 5
3 5 1
t 245 10
m0 0 14
1 9 0
2 8 5
3 6 1
t 244 10
m0 1 14
1 8 0
2 9 5
3 5 1
t 243 10
m0 0 14
1 9 0
2 8 5
3 6 1
t 242 10
m0 1 14
1 8 0
2 9 5
3 5 1
t 241 10
m0 0 14
1 9 0
2 8 5
3 6 1
t 240 10
m0 1 14
1 8 0
2 9 5
3 5 1
t 239 10
m0 0 14
1 9 0
2 8 5
3 6 1
t 238 10
m0 1 14
1 8 0
2 9 5
3 5 1
t 237 10
m0 0 14
1 9 0
2 8 5
3 6 1
t 236 10
m0 1 14
1 8 0
2 9 5
3 5 1
t 235 10
m0 0 14
1 9 0
2 8 5
3 6 1
t 234 10
m0 1 14
1 8 0
2 9 5
3 5 1
t 233 10
m0 0 14
1 9 0
2 8 5
3 6 1
t 232 10
m0 1 14
1 8 0
2 9 5
3 5 1
t 231 10
m0 0 14
1 9 0
2 8 5
3 6 1
t 230 10
m0 1 14
1 8 0
2 9 5
3 5 1
t 229 10
m0 0 14
1 9 0
2 8 5
3 6 1
t 228 10
m0 1 14
1 8 0
2 9 5
3 5 1
t 227 10
m0 0 14
1 9 0
2 8 5
3 6 1
t 226 10
m0 1 14
1 8 0
2 9 5
3 5 1
t 225 10
m0 0 14
1 9 0
2 8 5
3 6 1
t 224 10
m0 1 14
1 8 0
2 9 5
3 5 1
t 223 10
m0 0 14
1 9 0
2 8 5
3 6 1
t 222 10
m0 1 14
1 8 0
2 9 5
3 5 1
t 221 10
m0 0 14
1 9 0
2 8 5
3 6 1
t 220 10
m0 1 14
1 8 0
2 9 5
3 5 1
t 219 10
m0 0 14
1 9 0
2 8 5
3 6 1
t 218 10
m0 1 14
1 8 0
2 9 5
3 5 1
t 217 10
m0 0 14
1 9 0
2 8 5
3 6 1
t 216 10
m0 1 14
1 8 0
2 9 5
3 5 1
t 215 10
m0 0 14
1 9 0
2 8 5
3 6 1
t 214 10
m0 1 14
1 8 0
2 9 5
3 5 1
f 8 11
t 213 10
m0 0 14
1 9 0
2 8 5
3 6 1
t 212 10
m0 1 14
1 8 0
2 9 5
3 5 1
t 211 10
m0 0 14
1 9 0
2 8 5
3 6 1
t 210 10
m0 1 14
1 8 0
2 9 5
3 5 1
t 209 10
m0 0 14
1 9 0
2 8 5
3 6 1
t 208 10
m0 1 14
1 8 0
2 9 5
3 5 1
t 207 10
m0 0 14
1 9 0
2 8 5
3 6 1
t 206 10
m0 1 14
1 8 0
2 9 5
3 5 1
t 205 10
m0 0 14
1 9 0
2 8 5
3 6 1
t 204 10
m0 1 14
1 8 0
2 9 5
3 5 1
t 203 10
m0 0 14
1 9 0
2 8 5
3 6 1
t 202 10
m0 1 14
1 8 0
2 9 5
3 5 1
t 201 10
m0 0 14
1 9 0
2 8 5
3 6 1
t 200 10
m0 1 14
1 8 0
2 9 5
3 5 1
t 199 10
m0 0 14
1 9 0
2 8 5
3 6 1
t 198 10
m0 1 14
1 8 0
2 9 5
3 5 1
t 197 10
m0 0 14
1 9 0
2 8 5
3 6 1
t 196 10
m0 1 14
1 8 0
2 9 5
3 5 1
t 195 10
m0 0 14
1 9 0
2 8 5
3 6 1
t 194 10
m0 1 14
1 8 0
2 9 5
3 5 1
t 193 10
m0 0 14
1 9 0
2 8 5
3 6 1
t 192 10
m0 1 14
1 8 0
2 9 5
3 5 1
t 191 10
m0 0 14
1 9 0
2 8 5
3 6 1
t 190 10
m0 1 14
1 8 0
2 9 5
3 5 1
t 189 10
m0 0 14
1 9 0
2 8 5
3 6 1
t 188 10
m0 1 14
1 8 0
2 9 5
3 5 1
t 187 10
m0 0 14
1 9 0
2 8 5
3 6 1
t 186 10
m0 1 14
1 8 0
2 9 5
3 5 1
t 185 10
m0 0 14
1 9 0
2 8 5
3 6 1
t 184 10
m0 1 14
1 8 0
2 9 5
3 5 1
t 183 10
m0 0 14
1 9 0
2 8 5
3 6 1
t 182 10
m0 1 14
1 8 0
2 9 5
3 5 1
t 181 10
m0 0 14
1 9 0
2 8 5
3 6 1
t 180 10
m0 1 14
1 8 0
2 9 5
3 5 1
t 179 10
m0 0 14
1 9 0
2 8 5
3 6 1
t 178 10
m0 1 14
1 8 0
2 9 5
3 5 1
t 177 10
m0 0 14
1 9 0
2 8 5
3 6 1
t 176 10
m0 1 14
1 8 0
2 9 5
3 5 1
t 175 10
m0 0 14
1 9 0
2 8 5
3 6 1
t 174 10
m0 1 14
1 8 0
2 9 5
3 5 1
t 173 10
m0 0 14
1 9 0
2 8 5
3 6 1
t 172 10
m0 1 14
1 8 0
2 9 5
3 5 1
t 171 10
m0 0 14
1 9 0
2 8 5
3 6 1
t 170 10
m0 1 14
1 8 0
2 9 5
3 5 1
t 169 10
m0 0 14
1 9 0
2 8 5
3 6 1
t 168 10
m0 1 14
1 8 0
2 9 5
3 5 1
t 167 10
m0 0 14
1 9 0
2 8 5
3 6 1
t 166 10
m0 1 14
1 8 0
2 9 5
3 5 1
t 165 10
m0 0 14
1 9 0
2 8 5
3 6 1
t 164 10
m0 1 14
1 8 0
2 9 5
3 5 1
t 163 10
m0 0 14
1 9 0
2 8 5
3 6 1
t 162 10
m0 1 14
1 8 0
2 9 5
3 5 1
t 161 10
m0 0 14
1 9 0
2 8 5
3 6 1
t 160 10
m0 1 14
1 8 0
2 9 5
3 5 1
t 159 10
m0 0 14
1 9 0
2 8 5
3 6 1
t 158 10
m0 1 14
1 8 0
2 9 5
3 5 1
t 157 10
m0 0 14
1 9 0
2 8 5
3 6 1
t 156 10
m0 1 14
1 8 0
2 9 5
3 5 1
t 155 10
m0 0 14
1 9 0
2 8 5
3 6 1
t 154 10
m0 1 14
1 8 0
2 9 5
3 5 1
t 153 10
m0 0 14
1 9 0
2 8 5
3 6 1
t 152 10
m0 1 14
1 8 0
2 9 5
3 5 1
t 151 10
m0 0 14
1 9 0
2 8 5
3 6 1
t 150 10
m0 1 14
1 8 0
2 9 5
3 5 1
t 149 10
m0 0 14
1 9 0
2 8 5
3 6 1
t 148 10
m0 1 14
1 8 0
2 9 5
3 5 1
t 147 10
m0 0 14
1 9 0
2 8 5
3 6 1
t 146 10
m0 1 14
1 8 0
2 9 5
3 5 1
t 145 10
m0 0 14
1 9 0
2 8 5
3 6 1
t 144 10
m0 1 14
1 8 0
2 9 5
3 5 1
t 143 10
m0 0 14
1 9 0
2 8 5
3 6 1
t 142 10
m0 1 14
1 8 0
2 9 5
3 5 1
t 141 10
m0 0 14
1 9 0
2 8 5
3 6 1
t 140 10
m0 1 14
1 8 0
2 9 5
3 5 1
t 139 10
m0 0 14
1 9 0
2 8 5
3 6 1
t 138 10
m0 1 14
1 8 0
2 9 5
3 5 1
t 137 10
m0 0 14
1 9 0
2 8 5
3 6 1
t 136 10
m0 1 14
1 8 0
2 9 5
3 5 1
t 135 10
m0 0 14
1 9 0
2 8 5
3 6 1
t 134 10
m0 1 14
1 8 0
2 9 5
3 5 1
t 133 10
m0 0 14
1 9 0
2 8 5
3 6 1
t 132 10
m0 1 14
1 8 0
2 9 5
3 5 1
t 131 10
m0 0 14
1 9 0
2 8 5
3 6 1
t 130 10
m0 1 14
1 8 0
2 9 5
3 5 1
t 129 10
m0 0 14
1 9 0
2 8 5
3 6 1
t 128 10
m0 1 14
1 8 0
2 9 5
3 5 1
t 127 10
m0 0 14
1 9 0
2 8 5
3 6 1
t 126 10
m0 1 14
1 8 0
2 9 5
3 5 1
t 125 10
m0 0 14
1 9 0
2 8 5
3 6 1
t 124 10
m0 1 14
1 8 0
2 9 5
3 5 1
t 123 10
m0 0 14
1 9 0
2 8 5
3 6 1
t 122 10
m0 1 14
1 8 0
2 9 5
3 5 1
t 121 10
m0 0 14
1 9 0
2 8 5
3 6 1
t 120 10
m0 1 14
1 8 0
2 9 5
3 5 1
t 119 10
m0 0 14
1 9 0
2 8 5
3 6 1
t 118 10
m0 1 14
1 8 0
2 9 5
3 5 1
t 117 10
m0 0 14
1 9 0
2 8 5
3 6 1
t 116 10
m0 1 14
1 8 0
2 9 5
3 5 1
t 115 10
m0 0 14
1 9 0
2 8 5
3 6 1
t 114 10
m0 1 14
1 8 0
2 9 5
3 5 1
t 113 10
m0 0 14
1 9 0
2 8 5
3 6 1
t 112 10
m0 1 14
1 8 0
2 9 5
3 5 1
t 111 10
m0 0 14
1 9 0
2 8 5
3 6 1
t 110 10
m0 1 14
1 8 0
2 9 5
3 5 1
t 109 10
m0 0 14
1 9 0
2 8 5
3 6 1
t 108 10
m0 1 14
1 8 0
2 9 5
3 5 1
t 107 10
m0 0 14
1 9 0
2 8 5
3 6 1
t 106 10
m0 1 14
1 8 0
2 9 5
3 5 1
t 105 10
m0 0 14
1 9 0
2 8 5
3 6 1
t 104 10
m0 1 14
1 8 0
2 9 5
3 5 1
t 103 10
m0 0 14
1 9 0
2 8 5
3 6 1
t 102 10
m0 1 14
1 8 0
2 9 5
3 5 1
t 101 10
m0 0 14
1 9 0
2 8 5
3 6 1
t 100 10
m0 1 14
1 8 0
2 9 5
3 5 1
t 99 10
m0 0 14
1 9 0
2 8 5
3 6 1
t 98 10
m0 1 14
1 8 0
2 9 5
3 5 1
t 97 10
m0 0 14
1 9 0
2 8 5
3 6 1
t 96 10
m0 1 14
1 8 0
2 9 5
3 5 1
t 95 10
m0 0 14
1 9 0
2 8 5
3 6 1
t 94 10
m0 1 14
1 8 0
2 9 5
3 5 1
t 93 10
m0 0 14
1 9 0
2 8 5
3 6 1
t 92 10
m0 1 14
1 8 0
2 9 5
3 5 1
t 91 10
m0 0 14
1 9 0
2 8 5
3 6 1
t 90 10
m0 1 14
1 8 0
2 9 5
3 5 1
t 89 10
m0 0 14
1 9 0
2 8 5
3 6 1
t 88 10
m0 1 14
1 8 0
2 9 5
3 5 1
t 87 10
m0 0 14
1 9 0
2 8 5
3 6 1
t 86 10
m0 1 14
1 8 0
2 9 5
3 5 1
t 85 10
m0 0 14
1 9 0
2 8 5
3 6 1
t 84 10
m0 1 14
1 8 0
2 9 5
3 5 1
t 83 10
m0 0 14
1 9 0
2 8 5
3 6 1
t 82 10
m0 1 14
1 8 0
2 9 5
3 5 1
t 81 10
m0 0 14
1 9 0
2 8 5
3 6 1
t 80 10
m0 1 14
1 8 0
2 9 5
3 5 1
t 79 10
m0 0 14
1 9 0
2 8 5
3 6 1
t 78 10
m0 1 14
1 8 0
2 9 5
3 5 1
t 77 10
m0 0 14
1 9 0
2 8 5
3 6 1
t 76 10
m0 1 14
1 8 0
2 9 5
3 5 1
t 75 10
m0 0 14
1 9 0
2 8 5
3 6 1
t 74 10
m0 1 14
1 8 0
2 9 5
3 5 1
t 73 10
m0 0 14
1 9 0
2 8 5
3 6 1
t 72 10
m0 1 14
1 8 0
2 9 5
3 5 1
t 71 10
m0 0 14
1 9 0
2 8 5
3 6 1
t 70 10
m0 1 14
1 8 0
2 9 5
3 5 1
t 69 10
m0 0 14
1 9 0
2 8 5
3 6 1
t 68 10
m0 1 14
1 8 0
2 9 5
3 5 1
t 67 10
m0 0 14
1 9 0
2 8 5
3 6 1
t 66 10
m0 1 14
1 8 0
2 9 5
3 5 1
t 65 10
m0 0 14
1 9 0
2 8 5
3 6 1
t 64 10
m0 1 14
1 8 0
2 9 5
3 5 1
t 63 10
m0 0 14
1 9 0
2 8 5
3 6 1
t 62 10
m0 1 14
1 8 0
2 9 5
3 5 1
t 61 10
m0 0 14
1 9 0
2 8 5
3 6 1
t 60 10
m0 1 14
1 8 0
2 9 5
3 5 1
t 59 10
m0 0 14
1 9 0
2 8 5
3 6 1
t 58 10
m0 1 14
1 8 0
2 9 5
3 5 1
t 57 10
m0 0 14
1 9 0
2 8 5
3 6 1
t 56 10
m0 1 14
1 8 0
2 9 5
3 5 1
t 55 10
m0 0 14
1 9 0
2 8 5
3 6 1
t 54 10
m0 1 14
1 8 0
2 9 5
3 5 1
t 53 10
m0 0 14
1 9 0
2 8 5
3 6 1
t 52 10
m0 1 14
1 8 0
2 9 5
3 5 1
t 51 10
m0 0 14
1 9 0
2 8 5
3 6 1
t 50 10
m0 1 14
1 8 0
2 9 5
3 5 1
t 49 10
m0 0 14
1 9 0
2 8 5
3 6 1
t 48 10
m0 1 14
1 8 0
2 9 5
3 5 1
t 47 10
m0 0 14
1 9 0
2 8 5
3 6 1
t 46 10
m0 1 14
1 8 0
2 9 5
3 5 1
t 45 10
m0 0 14
1 9 0
2 8 5
3 6 1
t 44 10
m0 1 14
1 8 0
2 9 5
3 5 1
t 43 10
m0 0 14
1 9 0
2 8 5
3 6 1
t 42 10
m0 1 14
1 8 0
2 9 5
3 5 1
t 41 10
m0 0 14
1 9 0
2 8 5
3 6 1
t 40 10
m0 1 14
1 8 0
2 9 5
3 5 1
t 39 10
m0 0 14
1 9 0
2 8 5
3 6 1
t 38 10
m0 1 14
1 8 0
2 9 5
3 5 1
t 37 10
m0 0 14
1 9 0
2 8 5
3 6 1
t 36 10
m0 1 14
1 8 0
2 9 5
3 5 1
t 35 10
m0 0 14
1 9 0
2 8 5
3 6 1
t 34 10
m0 1 14
1 8 0
2 9 5
3 5 1
t 33 10
m0 0 14
1 9 0
2 8 5
3 6 1
t 32 10
m0 1 14
1 8 0
2 9 5
3 5 1
t 31 10
m0 0 14
1 9 0
2 8 5
3 6 1
t 30 10
m0 1 14
1 8 0
2 9 5
3 5 1
t 29 10
m0 0 14
1 9 0
2 8 5
3 6 1
t 28 10
m0 1 14
1 8 0
2 9 5
3 5 1
t 27 10
m0 0 14
1 9 0
2 8 5
3 6 1
t 26 10
m0 1 14
1 8 0
2 9 5
3 5 1
t 25 10
m0 0 14
1 9 0
2 8 5
3 6 1
t 24 10
m0 1 14
1 8 0
2 9 5
3 5 1
t 23 10
m0 0 14
1 9 0
2 8 5
3 6 1
t 22 10
m0 1 14
1 8 0
2 9 5
3 5 1
t 21 10
m0 0 14
1 9 0
2 8 5
3 6 1
t 20 10
m0 1 14
1 8 0
2 9 5
3 5 1
t 19 10
m0 0 14
1 9 0
2 8 5
3 6 1
t 18 10
m0 1 14
1 8 0
2 9 5
3 5 1
t 17 10
m0 0 14
1 9 0
2 8 5
3 6 1
t 16 10
m0 1 14
1 8 0
2 9 5
3 5 1
t 15 10
m0 0 14
1 9 0
2 8 5
3 6 1
t 14 10
m0 1 14
1 8 0
2 9 5
3 5 1
t 13 10
m0 0 14
1 9 0
2 8 5
3 6 1
t 12 10
m0 1 14
1 8 0
2 9 5
3 5 1
t 11 10
m0 0 14
1 9 0
2 8 5
3 6 1
t 10 10
m0 1 14
1 8 0
2 9 5
3 5 1
t 9 10
m0 0 14
1 9 0
2 8 5
3 6 1
t 8 10
m0 1 14
1 8 0
2 9 5
3 5 1
t 7 10
m0 0 14
1 9 0
2 8 5
3 6 1
t 6 10
m0 1 14
1 8 0
2 9 5
3 5 1
t 5 10
m0 0 14
1 9 0
2 8 5
3 6 1
t 4 10
m0 1 14
1 8 0
2 9 5
3 5 1
t 3 10
m0 0 14
1 9 0
2 8 5
3 6 1
t 2 10
m0 1 14
1 8 0
2 9 5
3 5 1
t 1 10
m0 0 14
1 8 0
2 9 5
3 5 1
t 0 10
