10
15
w 7 3
w 8 13
w 6 6
w 3 0
w 8 0
w 8 9
w 2 12
w 2 5
w 8 5
w 3 14
w 4 9
w 3 10
w 8 10
w 4 13
w 7 10
w 2 2
w 1 10
w 5 0
w 0 4
w 7 1
w 4 5
w 9 3
w 4 14
w 7 5
w 2 3
w 1 9
w 4 2
w 6 12
w 5 3
w 0 1
w 2 7
w 8 12
w 9 2
w 0 13
w 5 14
w 4 3
w 1 7
p 6 9
p 1 3
p 4 7
p 9 1
p 7 12
p 2 8
p 0 7
p 2 1
p 4 12
p 1 6
p 9 4
p 3 7
p 5 8
p 1 2
p 9 0
p 6 7
p 3 3
p 2 9
p 5 12
p 6 10
p 1 14
p 6 3
p 1 5
p 0 11
p 9 11
p 3 4
p 4 1
p 9 7
p 6 4
p 5 4
p 7 14
p 3 2
p 8 2
p 3 13
p 8 11
p 6 0
p 3 9
p 1 0
p 9 6
p 4 11
p 7 9
p 9 13
p 8 3
p 5 10
p 6 8
p 6 1
p 3 1
p 2 11
p 3 8
p 0 6
p 0 9
p 9 5
p 5 2
p 0 2
p 9 12
p 8 4
m0 0 14
1 9 0
2 9 0
3 9 0
t 300 0
m0 1 14
1 9 1
2 9 1
3 9 1
t 299 1
m0 2 14
1 9 0
2 8 1
3 9 0
t 298 1
m0 1 14
1 9 1
2 8 2
3 9 1
f 1 12
t 297 1
m0 1 13
1 9 0
2 7 2
3 8 1
t 296 1
m0 1 14
1 9 1
2 6 2
3 8 2
t 295 1
m0 0 14
1 9 0
2 6 1
3 8 3
t 294 1
m0 0 14
1 9 1
2 6 0
3 8 4
t 293 1
m0 0 14
1 9 0
2 6 1
3 9 4
t 292 1
m0 0 14
1 9 1
2 6 0
3 8 4
t 291 1
m0 1 14
1 9 0
2 6 1
3 9 4
t 290 1
m0 1 13
1 9 1
2 6 0
3 8 4
t 289 1
m0 1 13
1 9 0
2 6 1
3 9 4
t 288 1
m0 1 12
1 9 1
2 6 0
3 8 4
t 287 11
m0 1 13
1 9 0
2 6 1
3 9 4
t 286 11
m0 2 13
1 9 1
2 6 0
3 8 4
t 285 11
m0 3 13
1 9 0
2 6 1
3 9 4
t 284 12
m0 3 12
1 9 1
2 6 0
3 8 4
t 283 12
m0 3 12
1 9 0
2 6 1
3 9 4
t 282 12
m0 4 12
1 9 1
2 6 0
3 8 4
t 281 13
m0 4 12
1 9 0
2 6 1
3 9 4
f 8 8
t 280 13
m0 4 11
1 9 1
2 6 0
3 8 4
t 279 14
m0 4 11
1 9 0
2 6 1
3 9 4
t 278 14
m0 4 11
1 9 1
2 6 0
3 8 4
t 277 14
m0 4 10
1 9 0
2 6 1
3 9 4
t 276 14
m0 5 10
1 9 1
2 6 0
3 8 4
t 275 15
m0 6 10
1 9 0
2 6 1
3 9 4
t 274 16
m0 6 9
1 9 1
2 6 0
3 8 4
t 273 17
m0 6 8
1 9 0
2 6 1
3 9 4
t 272 18
m0 6 8
1 9 1
2 6 0
3 8 4
t 271 18
m0 6 9
1 9 0
2 6 1
3 9 4
t 270 18
m0 6 10
1 9 1
2 6 0
3 8 4
t 269 18
m0 6 10
1 9 0
2 6 1
3 9 4
t 268 18
m0 5 10
1 9 1
2 6 0
3 8 4
t 267 18
m0 5 9
1 9 0
2 6 1
3 9 4
t 266 18
m0 6 9
1 9 1
2 6 0
3 8 4
t 265 18
m0 6 9
1 9 0
2 6 1
3 9 4
t 264 18
m0 6 8
1 9 1
2 6 0
3 8 4
t 263 18
m0 7 8
1 9 0
2 6 1
3 9 4
t 262 18
m0 7 7
1 9 1
2 6 0
3 8 4
t 261 18
m0 6 7
1 9 0
2 6 1
3 9 4
t 260 19
m0 7 7
1 9 1
2 6 0
3 8 4
t 259 19
m0 7 7
1 9 0
2 6 1
3 9 4
t 258 19
m0 7 7
1 9 1
2 6 0
3 8 4
t 257 19
m0 8 7
1 9 0
2 6 1
3 9 4
t 256 19
m0 8 8
1 9 1
2 6 0
3 8 4
t 255 29
m0 9 8
1 9 0
2 6 1
3 8 3
t 254 29
m0 9 7
1 9 1
2 6 0
3 8 4
t 253 30
m0 9 6
1 9 0
2 6 1
3 8 3
t 252 31
m0 9 6
1 9 1
2 6 0
3 8 4
t 251 31
m0 9 6
1 9 0
2 6 1
3 8 3
t 250 31
m0 9 5
1 9 1
2 6 0
3 8 2
t 249 32
m0 9 6
1 9 0
2 6 1
3 8 3
t 248 32
m0 8 6
1 9 1
2 6 0
3 8 2
t 247 32
m0 8 6
1 9 0
2 6 1
3 8 3
t 246 32
m0 8 6
1 9 1
2 6 0
3 8 2
t 245 32
m0 7 6
1 9 0
2 6 1
3 8 3
t 244 32
m0 7 6
1 9 1
2 6 0
3 8 4
t 243 32
m0 7 6
1 9 0
2 6 1
3 9 4
t 242 32
m0 7 7
1 9 1
2 6 0
3 8 4
t 241 32
m0 7 6
1 9 0
2 6 1
3 9 4
t 240 32
m0 8 6
1 9 1
2 6 0
3 8 4
t 239 32
m0 8 7
1 9 0
2 6 1
3 9 4
t 238 32
m0 9 7
1 9 1
2 6 0
3 8 4
t 237 32
m0 9 7
1 9 0
2 6 1
3 8 3
t 236 32
m0 9 7
1 9 1
2 6 0
3 8 4
t 235 32
m0 8 7
1 9 0
2 6 1
3 9 4
t 234 32
m0 8 6
1 9 1
2 6 0
3 8 4
t 233 32
m0 9 6
1 9 0
2 6 1
3 8 3
t 232 32
m0 9 5
1 9 1
2 6 0
3 8 2
t 231 32
m0 9 6
1 9 0
2 6 1
3 8 3
t 230 32
m0 9 7
1 9 1
2 6 0
3 8 4
t 229 32
m0 9 7
1 9 0
2 6 1
3 8 3
t 228 32
m0 9 6
1 9 1
2 6 0
3 8 4
t 227 32
m0 8 6
1 9 0
2 6 1
3 9 4
t 226 32
m0 9 6
1 9 1
2 6 0
3 8 4
t 225 32
m0 9 7
1 9 0
2 6 1
3 8 3
t 224 32
m0 9 8
1 9 1
2 6 0
3 8 4
t 223 32
m0 9 7
1 9 0
2 6 1
3 8 3
t 222 32
m0 9 6
1 9 1
2 6 0
3 8 4
t 221 32
m0 9 7
1 9 0
2 6 1
3 8 3
t 220 32
m0 8 7
1 9 1
2 6 0
3 8 4
t 219 32
m0 8 8
1 9 0
2 6 1
3 9 4
t 218 42
m0 7 8
1 9 1
2 6 0
3 8 4
t 217 42
m0 7 8
1 9 0
2 6 1
3 9 4
t 216 42
m0 7 9
1 9 1
2 6 0
3 8 4
t 215 43
m0 7 9
1 9 0
2 6 1
3 9 4
t 214 43
m0 6 9
1 9 1
2 6 0
3 8 4
t 213 43
m0 5 9
1 9 0
2 6 1
3 9 4
t 212 43
m0 5 9
1 9 1
2 6 0
3 8 4
t 211 43
m0 5 10
1 9 0
2 6 1
3 9 4
f 5 7
t 210 43
m0 5 11
1 9 1
2 6 0
3 8 4
t 209 43
m0 5 11
1 9 0
2 6 1
3 9 4
t 208 43
m0 5 12
1 9 1
2 6 0
3 8 4
t 207 44
m0 5 11
1 9 0
2 6 1
3 9 4
t 206 44
m0 5 11
1 9 1
2 6 0
3 8 4
t 205 44
m0 5 12
1 9 0
2 6 1
3 9 4
t 204 44
m0 5 12
1 9 1
2 6 0
3 8 4
t 203 44
m0 5 11
1 9 0
2 6 1
3 9 4
t 202 44
m0 6 11
1 9 1
2 6 0
3 8 4
t 201 44
m0 5 11
1 9 0
2 6 1
3 9 4
t 200 44
m0 5 12
1 9 1
2 6 0
3 8 4
t 199 44
m0 5 12
1 9 0
2 6 1
3 9 4
t 198 44
m0 4 12
1 9 1
2 6 0
3 8 4
t 197 44
m0 5 12
1 9 0
2 6 1
3 9 4
t 196 44
m0 5 11
1 9 1
2 6 0
3 8 4
t 195 44
m0 5 12
1 9 0
2 6 1
3 9 4
t 194 44
m0 4 12
1 9 1
2 6 0
3 8 4
t 193 44
m0 5 12
1 9 0
2 6 1
3 9 4
t 192 44
m0 4 12
1 9 1
2 6 0
3 8 4
t 191 44
m0 4 12
1 9 0
2 6 1
3 9 4
t 190 44
m0 5 12
1 9 1
2 6 0
3 8 4
t 189 44
m0 5 12
1 9 0
2 6 1
3 9 4
t 188 44
m0 5 12
1 9 1
2 6 0
3 8 4
t 187 44
m0 5 11
1 9 0
2 6 1
3 9 4
t 186 44
m0 5 11
1 9 1
2 6 0
3 8 4
t 185 44
m0 5 12
1 9 0
2 6 1
3 9 4
t 184 44
m0 4 12
1 9 1
2 6 0
3 8 4
t 183 44
m0 3 12
1 9 0
2 6 1
3 9 4
t 182 44
m0 4 12
1 9 1
2 6 0
3 8 4
t 181 44
m0 4 11
1 9 0
2 6 1
3 9 4
t 180 44
m0 4 12
1 9 1
2 6 0
3 8 4
t 179 44
m0 4 12
1 9 0
2 6 1
3 9 4
t 178 44
m0 4 12
1 9 1
2 6 0
3 8 4
t 177 44
m0 4 11
1 9 0
2 6 1
3 9 4
t 176 44
m0 4 10
1 9 1
2 6 0
3 8 4
t 175 44
m0 4 11
1 9 0
2 6 1
3 9 4
t 174 44
m0 4 12
1 9 1
2 6 0
3 8 4
t 173 44
m0 4 12
1 9 0
2 6 1
3 9 4
t 172 44
m0 4 11
1 9 1
2 6 0
3 8 4
t 171 44
m0 4 12
1 9 0
2 6 1
3 9 4
t 170 44
m0 4 12
1 9 1
2 6 0
3 8 4
t 169 44
m0 4 12
1 9 0
2 6 1
3 9 4
t 168 44
m0 5 12
1 9 1
2 6 0
3 8 4
t 167 44
m0 4 12
1 9 0
2 6 1
3 9 4
t 166 44
m0 3 12
1 9 1
2 6 0
3 8 4
t 165 44
m0 3 13
1 9 0
2 6 1
3 9 4
t 164 44
m0 2 13
1 9 1
2 6 0
3 8 4
t 163 44
m0 2 13
1 9 0
2 6 1
3 9 4
t 162 44
m0 3 13
1 9 1
2 6 0
3 8 4
t 161 44
m0 2 13
1 9 0
2 6 1
3 9 4
t 160 44
m0 2 14
1 9 1
2 6 0
3 8 4
t 159 44
m0 2 14
1 9 0
2 6 1
3 9 4
t 158 44
m0 2 14
1 9 1
2 6 0
3 8 4
t 157 44
m0 1 14
1 9 0
2 6 1
3 9 4
t 156 44
m0 0 14
1 9 1
2 6 0
3 8 4
t 155 44
m0 1 14
1 9 0
2 6 1
3 9 4
t 154 44
m0 1 13
1 9 1
2 6 0
3 8 4
t 153 44
m0 1 14
1 9 0
2 6 1
3 9 4
t 152 44
m0 0 14
1 9 1
2 6 0
3 8 4
t 151 44
m0 0 14
1 9 0
2 6 1
3 9 4
t 150 44
m0 0 14
1 9 1
2 6 0
3 8 4
t 149 44
m0 0 14
1 9 0
2 6 1
3 9 4
t 148 44
m0 1 14
1 9 1
2 6 0
3 8 4
t 147 44
m0 1 14
1 9 0
2 6 1
3 9 4
t 146 44
m0 1 13
1 9 1
2 6 0
3 8 4
t 145 44
m0 1 12
1 9 0
2 6 1
3 9 4
t 144 44
m0 0 12
1 9 1
2 6 0
3 8 4
t 143 44
m0 1 12
1 9 0
2 6 1
3 9 4
t 142 44
m0 1 11
1 9 1
2 6 0
3 8 4
t 141 44
m0 2 11
1 9 0
2 6 1
3 9 4
t 140 45
m0 2 10
1 9 1
2 6 0
3 8 4
t 139 45
m0 2 10
1 9 0
2 6 1
3 9 4
t 138 45
m0 2 9
1 9 1
2 6 0
3 8 4
t 137 46
m0 2 8
1 9 0
2 6 1
3 9 4
t 136 47
m0 3 8
1 9 1
2 6 0
3 8 4
t 135 48
m0 3 7
1 9 0
2 6 1
3 9 4
t 134 49
m0 3 7
1 9 1
2 6 0
3 8 4
t 133 49
m0 3 8
1 9 0
2 6 1
3 9 4
t 132 49
m0 3 9
1 9 1
2 6 0
3 8 4
t 131 50
m0 3 9
1 9 0
2 6 1
3 9 4
t 130 50
m0 2 9
1 9 1
2 6 0
3 8 4
t 129 50
m0 2 9
1 9 0
2 6 1
3 9 4
t 128 50
m0 2 9
1 9 1
2 6 0
3 8 4
t 127 50
m0 2 8
1 9 0
2 6 1
3 9 4
t 126 50
m0 2 8
1 9 1
2 6 0
3 8 4
t 125 50
m0 2 9
1 9 0
2 6 1
3 9 4
t 124 50
m0 3 9
1 9 1
2 6 0
3 8 4
t 123 50
m0 2 9
1 9 0
2 6 1
3 9 4
t 122 50
m0 2 9
1 9 1
2 6 0
3 8 4
t 121 50
m0 2 9
1 9 0
2 6 1
3 9 4
t 120 50
m0 2 10
1 9 1
2 6 0
3 8 4
t 119 50
m0 2 10
1 9 0
2 6 1
3 9 4
t 118 50
m0 2 11
1 9 1
2 6 0
3 8 4
t 117 50
m0 3 11
1 9 0
2 6 1
3 9 4
t 116 50
m0 2 11
1 9 1
2 6 0
3 8 4
t 115 50
m0 2 11
1 9 0
2 6 1
3 9 4
t 114 50
m0 2 11
1 9 1
2 6 0
3 8 4
t 113 50
m0 3 11
1 9 0
2 6 1
3 9 4
t 112 50
m0 3 11
1 9 1
2 6 0
3 8 4
t 111 50
m0 3 12
1 9 0
2 6 1
3 9 4
t 110 50
m0 3 12
1 9 1
2 6 0
3 8 4
t 109 50
m0 4 12
1 9 0
2 6 1
3 9 4
t 108 50
m0 4 11
1 9 1
2 6 0
3 8 4
t 107 50
m0 5 11
1 9 0
2 6 1
3 9 4
t 106 50
m0 5 11
1 9 1
2 6 0
3 8 4
t 105 50
m0 5 10
1 9 0
2 6 1
3 9 4
t 104 50
m0 5 10
1 9 1
2 6 0
3 8 4
t 103 50
m0 6 10
1 9 0
2 6 1
3 9 4
t 102 50
m0 5 10
1 9 1
2 6 0
3 8 4
t 101 50
m0 6 10
1 9 0
2 6 1
3 9 4
t 100 50
m0 5 10
1 9 1
2 6 0
3 8 4
t 99 50
m0 5 9
1 9 0
2 6 1
3 9 4
t 98 50
m0 5 8
1 9 1
2 6 0
3 8 4
t 97 51
m0 5 9
1 9 0
2 6 1
3 9 4
t 96 51
m0 5 9
1 9 1
2 6 0
3 8 4
t 95 51
m0 5 10
1 9 0
2 6 1
3 9 4
t 94 51
m0 6 10
1 9 1
2 6 0
3 8 4
t 93 51
m0 5 10
1 9 0
2 6 1
3 9 4
t 92 51
m0 4 10
1 9 1
2 6 0
3 8 4
t 91 51
m0 4 10
1 9 0
2 6 1
3 9 4
t 90 51
m0 4 11
1 9 1
2 6 0
3 8 4
t 89 51
m0 3 11
1 9 0
2 6 1
3 9 4
t 88 51
m0 2 11
1 9 1
2 6 0
3 8 4
t 87 51
m0 1 11
1 9 0
2 6 1
3 9 4
t 86 51
m0 1 12
1 9 1
2 6 0
3 8 4
t 85 51
m0 1 11
1 9 0
2 6 1
3 9 4
t 84 51
m0 1 12
1 9 1
2 6 0
3 8 4
t 83 51
m0 0 12
1 9 0
2 6 1
3 9 4
t 82 51
m0 0 11
1 9 1
2 6 0
3 8 4
t 81 52
m0 0 11
1 9 0
2 6 1
3 9 4
t 80 52
m0 0 12
1 9 1
2 6 0
3 8 4
t 79 52
m0 1 12
1 9 0
2 6 1
3 9 4
t 78 52
m0 1 11
1 9 1
2 6 0
3 8 4
t 77 52
m0 1 11
1 9 0
2 6 1
3 9 4
t 76 52
m0 1 11
1 9 1
2 6 0
3 8 4
t 75 52
m0 0 11
1 9 0
2 6 1
3 9 4
t 74 52
m0 0 11
1 9 1
2 6 0
3 8 4
t 73 52
m0 1 11
1 9 0
2 6 1
3 9 4
t 72 52
m0 1 11
1 9 1
2 6 0
3 8 4
t 71 52
m0 0 11
1 9 0
2 6 1
3 9 4
t 70 52
m0 1 11
1 9 1
2 6 0
3 8 4
t 69 52
m0 1 12
1 9 0
2 6 1
3 9 4
t 68 52
m0 1 11
1 9 1
2 6 0
3 8 4
t 67 52
m0 1 11
1 9 0
2 6 1
3 9 4
t 66 52
m0 2 11
1 9 1
2 6 0
3 8 4
t 65 52
m0 3 11
1 9 0
2 6 1
3 9 4
t 64 52
m0 2 11
1 9 1
2 6 0
3 8 4
t 63 52
m0 2 10
1 9 0
2 6 1
3 9 4
t 62 52
m0 2 11
1 9 1
2 6 0
3 8 4
t 61 52
m0 1 11
1 9 0
2 6 1
3 9 4
t 60 52
m0 0 11
1 9 1
2 6 0
3 8 4
t 59 52
m0 0 12
1 9 0
2 6 1
3 9 4
t 58 52
m0 0 11
1 9 1
2 6 0
3 8 4
t 57 52
m0 0 10
1 9 0
2 6 1
3 9 4
t 56 52
m0 0 9
1 9 1
2 6 0
3 8 4
t 55 53
m0 0 8
1 9 0
2 6 1
3 9 4
t 54 53
m0 0 9
1 9 1
2 6 0
3 8 4
t 53 53
m0 0 10
1 9 0
2 6 1
3 9 4
t 52 53
m0 0 9
1 9 1
2 6 0
3 8 4
t 51 53
m0 0 10
1 9 0
2 6 1
3 9 4
t 50 53
m0 0 11
1 9 1
2 6 0
3 8 4
t 49 53
m0 0 10
1 9 0
2 6 1
3 9 4
t 48 53
m0 0 11
1 9 1
2 6 0
3 8 4
t 47 53
m0 1 11
1 9 0
2 6 1
3 9 4
t 46 53
m0 0 11
1 9 1
2 6 0
3 8 4
t 45 53
m0 0 11
1 9 0
2 6 1
3 9 4
t 44 53
m0 0 11
1 9 1
2 6 0
3 8 4
t 43 53
m0 1 11
1 9 0
2 6 1
3 9 4
t 42 53
m0 2 11
1 9 1
2 6 0
3 8 4
t 41 53
m0 3 11
1 9 0
2 6 1
3 9 4
t 40 53
m0 3 11
1 9 1
2 6 0
3 8 4
t 39 53
m0 4 11
1 9 0
2 6 1
3 9 4
t 38 53
m0 3 11
1 9 1
2 6 0
3 8 4
t 37 53
m0 3 11
1 9 0
2 6 1
3 9 4
t 36 53
m0 3 12
1 9 1
2 6 0
3 8 4
t 35 53
m0 3 11
1 9 0
2 6 1
3 9 4
t 34 53
m0 3 11
1 9 1
2 6 0
3 8 4
t 33 53
m0 4 11
1 9 0
2 6 1
3 9 4
t 32 53
m0 4 10
1 9 1
2 6 0
3 8 4
t 31 53
m0 4 10
1 9 0
2 6 1
3 9 4
t 30 53
m0 4 10
1 9 1
2 6 0
3 8 4
t 29 53
m0 4 11
1 9 0
2 6 1
3 9 4
t 28 53
m0 4 12
1 9 1
2 6 0
3 8 4
t 27 53
m0 4 11
1 9 0
2 6 1
3 9 4
t 26 53
m0 4 11
1 9 1
2 6 0
3 8 4
t 25 53
m0 3 11
1 9 0
2 6 1
3 9 4
t 24 53
m0 3 11
1 9 1
2 6 0
3 8 4
t 23 53
m0 3 12
1 9 0
2 6 1
3 9 4
t 22 53
m0 3 13
1 9 1
2 6 0
3 8 4
t 21 53
m0 3 13
1 9 0
2 6 1
3 9 4
t 20 53
m0 3 13
1 9 1
2 6 0
3 8 4
t 19 53
m0 3 12
1 9 0
2 6 1
3 9 4
t 18 53
m0 3 12
1 9 1
2 6 0
3 8 4
t 17 53
m0 4 12
1 9 0
2 6 1
3 9 4
t 16 53
m0 4 11
1 9 1
2 6 0
3 8 4
t 15 53
m0 4 11
1 9 0
2 6 1
3 9 4
t 14 53
m0 4 11
1 9 1
2 6 0
3 8 4
t 13 53
m0 4 10
1 9 0
2 6 1
3 9 4
t 12 53
m0 4 11
1 9 1
2 6 0
3 8 4
t 11 53
m0 4 11
1 9 0
2 6 1
3 9 4
t 10 53
m0 4 12
1 9 1
2 6 0
3 8 4
t 9 53
m0 3 12
1 9 0
2 6 1
3 9 4
t 8 53
m0 4 12
1 9 1
2 6 0
3 8 4
t 7 53
m0 3 12
1 9 0
2 6 1
3 9 4
t 6 53
m0 3 12
1 9 1
2 6 0
3 8 4
t 5 53
m0 3 12
1 9 0
2 6 1
3 9 4
t 4 53
m0 3 11
1 9 1
2 6 0
3 8 4
t 3 53
m0 2 11
1 9 0
2 6 1
3 9 4
t 2 53
m0 3 11
1 9 1
2 6 0
3 8 4
t 1 53
m0 3 11
1 9 1
2 6 0
3 8 4
t 0 53
