10
15
w 5 9
w 5 6
w 7 12
w 7 7
w 4 12
w 9 4
w 6 14
w 8 14
w 3 3
w 8 1
w 4 4
w 4 13
w 9 11
w 3 6
w 3 4
w 7 14
w 3 13
w 1 13
w 6 0
w 2 10
w 3 9
w 0 5
w 9 6
w 0 1
w 7 8
w 8 3
w 4 6
w 1 12
w 3 1
w 9 9
w 7 4
w 3 8
w 1 8
w 6 13
w 1 7
w 5 2
w 0 2
p 6 9
p 2 8
p 9 8
p 8 0
p 3 11
p 2 1
p 5 13
p 8 9
p 1 6
p 2 12
p 0 10
p 3 7
p 5 1
p 0 3
p 1 11
p 8 5
p 5 8
p 4 0
p 1 2
p 2 9
p 5 12
p 7 6
p 1 14
p 8 10
p 1 5
p 2 13
p 0 11
p 0 4
p 2 2
p 8 6
p 9 7
p 6 4
p 5 4
p 0 0
p 2 6
p 8 2
p 5 11
p 9 3
p 7 5
p 2 3
p 8 7
p 6 12
p 1 0
p 2 14
p 6 5
p 3 5
p 2 7
p 7 9
p 8 12
p 9 2
p 6 1
p 5 7
p 0 13
p 4 3
p 9 5
p 8 4
m0 0 14
1 9 0
2 9 0
3 9 0
t 300 0
m0 0 14
1 9 1
2 9 1
3 8 0
t 299 0
m0 0 14
1 9 2
2 9 2
3 9 0
t 298 0
m0 0 14
1 9 1
2 9 3
3 9 1
t 297 0
m0 0 14
1 9 0
2 9 2
3 9 0
t 296 0
m0 0 14
1 8 0
2 9 1
3 9 1
t 295 0
m0 1 14
1 9 0
2 9 2
3 9 0
f 6 8
t 294 1
m0 2 14
1 8 0
2 8 2
3 9 1
t 293 2
m0 3 14
1 9 0
2 7 2
3 9 0
t 292 2
m0 4 14
1 9 1
2 6 2
3 9 1
t 291 2
m0 5 14
1 9 0
2 6 1
3 9 2
t 290 2
m0 5 13
1 8 0
2 5 1
3 9 1
t 289 3
m0 5 12
1 9 0
2 6 1
3 9 0
t 288 4
m0 6 12
1 8 0
2 7 1
3 9 1
t 287 5
m0 6 11
1 7 0
2 6 1
3 9 2
t 286 5
m0 6 10
1 8 0
2 7 1
3 9 3
t 285 5
m0 6 9
1 9 0
2 7 2
3 9 2
t 284 6
m0 6 8
1 9 1
2 8 2
3 9 1
t 283 16
m0 6 7
1 9 2
2 9 2
3 9 0
t 282 16
m0 6 6
1 8 2
2 9 1
3 9 1
t 281 16
m0 6 7
1 9 2
2 9 0
3 9 0
t 280 16
m0 6 6
1 9 3
2 8 0
3 9 1
t 279 16
m0 6 7
1 9 2
2 9 0
3 9 0
t 278 16
m0 6 6
1 8 2
2 9 1
3 9 1
t 277 16
m0 6 7
1 7 2
2 9 0
3 9 0
t 276 16
m0 6 6
1 7 1
2 8 0
3 9 1
t 275 16
m0 6 7
1 7 0
2 9 0
3 9 0
t 274 16
m0 6 6
1 8 0
2 8 0
3 8 0
t 273 16
m0 6 7
1 9 0
2 7 0
3 9 0
t 272 16
m0 6 6
1 9 1
2 8 0
3 9 1
t 271 16
m0 6 7
1 9 2
2 9 0
3 9 0
t 270 16
m0 6 6
1 9 1
2 8 0
3 8 0
t 269 16
m0 6 7
1 9 0
2 9 0
3 9 0
t 268 16
m0 6 6
1 8 0
2 9 1
3 9 1
f 4 5
t 267 16
m0 6 5
1 9 0
2 9 2
3 9 2
t 266 17
m0 5 5
1 8 0
2 9 1
3 9 1
t 265 17
m0 4 5
1 7 0
2 9 0
3 9 0
t 264 27
m0 5 5
1 8 0
2 9 1
3 9 1
t 263 27
m0 6 5
1 9 0
2 9 2
3 9 2
t 262 27
m0 5 5
1 8 0
2 9 1
3 9 1
t 261 27
m0 6 5
1 9 0
2 9 0
3 9 0
t 260 27
m0 5 5
1 8 0
2 9 1
3 8 0
t 259 27
m0 6 5
1 9 0
2 9 0
3 7 0
t 258 27
m0 5 5
1 8 0
2 9 1
3 7 1
t 257 27
m0 6 5
1 9 0
2 9 2
3 7 0
t 256 27
m0 5 5
1 8 0
2 9 3
3 8 0
t 255 27
m0 6 5
1 9 0
2 9 2
3 7 0
t 254 27
m0 5 5
1 8 0
2 9 1
3 8 0
t 253 27
m0 6 5
1 9 0
2 9 2
3 7 0
t 252 27
m0 5 5
1 9 1
2 9 1
3 8 0
t 251 27
m0 6 5
1 9 0
2 9 0
3 9 0
t 250 27
m0 5 5
1 9 1
2 8 0
3 8 0
t 249 27
m0 6 5
1 9 0
2 9 0
3 7 0
t 248 27
m0 5 5
1 8 0
2 8 0
3 8 0
t 247 27
m0 6 5
1 9 0
2 9 0
3 7 0
t 246 27
m0 5 5
1 8 0
2 9 1
3 7 1
t 245 27
m0 6 5
1 9 0
2 9 0
3 6 1
t 244 27
m0 5 5
1 8 0
2 8 0
3 7 1
t 243 27
m0 6 5
1 9 0
2 7 0
3 7 0
t 242 27
m0 5 5
1 9 1
2 8 0
3 8 0
t 241 27
m0 6 5
1 9 0
2 9 0
3 9 0
t 240 27
m0 5 5
1 8 0
2 9 1
3 8 0
t 239 27
m0 6 5
1 9 0
2 9 0
3 9 0
t 238 27
m0 5 5
1 8 0
2 9 1
3 8 0
t 237 27
m0 6 5
1 9 0
2 9 0
3 9 0
t 236 27
m0 5 5
1 9 1
2 8 0
3 8 0
t 235 27
m0 6 5
1 9 0
2 9 0
3 7 0
t 234 27
m0 5 5
1 8 0
2 9 1
3 7 1
t 233 27
m0 6 5
1 9 0
2 9 0
3 7 0
t 232 27
m0 5 5
1 8 0
2 9 1
3 7 1
t 231 27
m0 6 5
1 7 0
2 9 0
3 7 0
t 230 27
m0 5 5
1 8 0
2 9 1
3 7 1
t 229 27
m0 6 5
1 9 0
2 9 0
3 6 1
t 228 27
m0 5 5
1 8 0
2 8 0
3 5 1
t 227 27
m0 6 5
1 9 0
2 7 0
3 4 1
t 226 27
m0 5 5
1 9 1
2 8 0
3 4 0
t 225 27
m0 6 5
1 9 0
2 7 0
3 3 0
t 224 27
m0 5 5
1 9 1
2 8 0
3 2 0
t 223 27
m0 6 5
1 9 0
2 7 0
3 1 0
t 222 27
m0 5 5
1 8 0
2 7 1
3 0 0
t 221 27
m0 6 5
1 9 0
2 7 0
3 1 0
t 220 27
m0 5 5
1 8 0
2 8 0
3 0 0
t 219 27
m0 6 5
1 9 0
2 7 0
3 1 0
t 218 27
m0 5 5
1 9 1
2 7 1
3 0 0
t 217 27
m0 6 5
1 9 0
2 7 0
3 1 0
t 216 27
m0 5 5
1 9 1
2 8 0
3 0 0
t 215 27
m0 6 5
1 9 2
2 9 0
3 1 0
t 214 27
m0 5 5
1 9 3
2 8 0
3 0 0
t 213 27
m0 6 5
1 9 2
2 7 0
3 1 0
t 212 27
m0 5 5
1 9 1
2 8 0
3 0 0
t 211 27
m0 6 5
1 9 2
2 7 0
3 1 0
t 210 27
m0 5 5
1 8 2
2 8 0
3 0 0
t 209 27
m0 6 5
1 9 2
2 9 0
3 1 0
t 208 27
m0 5 5
1 9 1
2 9 1
3 0 0
t 207 27
m0 6 5
1 9 0
2 9 0
3 1 0
t 206 27
m0 5 5
1 8 0
2 9 1
3 0 0
t 205 27
m0 6 5
1 7 0
2 9 0
3 1 0
t 204 27
m0 5 5
1 8 0
2 9 1
3 0 0
t 203 27
m0 6 5
1 9 0
2 9 2
3 1 0
t 202 27
m0 5 5
1 8 0
2 9 3
3 0 0
t 201 27
m0 6 5
1 7 0
2 9 2
3 1 0
t 200 27
m0 5 5
1 8 0
2 9 3
3 0 0
t 199 27
m0 6 5
1 9 0
2 9 2
3 1 0
t 198 27
m0 5 5
1 9 1
2 9 3
3 0 0
t 197 27
m0 6 5
1 9 0
2 9 2
3 1 0
t 196 27
m0 5 5
1 9 1
2 9 1
3 0 0
t 195 27
m0 6 5
1 9 0
2 9 0
3 1 0
t 194 27
m0 5 5
1 9 1
2 8 0
3 0 0
t 193 27
m0 6 5
1 9 0
2 7 0
3 1 0
t 192 27
m0 5 5
1 9 1
2 8 0
3 0 0
t 191 27
m0 6 5
1 9 2
2 7 0
3 1 0
t 190 27
m0 5 5
1 9 1
2 7 1
3 0 0
t 189 27
m0 6 5
1 9 0
2 7 0
3 1 0
t 188 27
m0 5 5
1 9 1
2 8 0
3 0 0
t 187 27
m0 6 5
1 9 2
2 9 0
3 1 0
t 186 27
m0 5 5
1 9 3
2 8 0
3 0 0
t 185 27
m0 6 5
1 9 2
2 7 0
3 1 0
t 184 27
m0 5 5
1 9 3
2 8 0
3 0 0
t 183 27
m0 6 5
1 9 2
2 9 0
3 1 0
t 182 27
m0 5 5
1 9 1
2 9 1
3 0 0
t 181 27
m0 6 5
1 9 2
2 9 0
3 1 0
t 180 27
m0 5 5
1 8 2
2 9 1
3 0 0
t 179 27
m0 6 5
1 9 2
2 9 0
3 1 0
t 178 27
m0 5 5
1 9 1
2 8 0
3 0 0
t 177 27
m0 6 5
1 9 0
2 7 0
3 1 0
t 176 27
m0 5 5
1 8 0
2 8 0
3 0 0
t 175 27
m0 6 5
1 9 0
2 7 0
3 1 0
t 174 27
m0 5 5
1 8 0
2 7 1
3 0 0
t 173 27
m0 6 5
1 9 0
2 7 0
3 1 0
t 172 27
m0 5 5
1 8 0
2 8 0
3 0 0
t 171 27
m0 6 5
1 7 0
2 9 0
3 1 0
t 170 27
m0 5 5
1 7 1
2 8 0
3 0 0
t 169 27
m0 6 5
1 6 1
2 9 0
3 1 0
t 168 27
m0 5 5
1 7 1
2 9 1
3 0 0
t 167 27
m0 6 5
1 7 0
2 9 2
3 1 0
t 166 27
m0 5 5
1 8 0
2 9 1
3 0 0
t 165 27
m0 6 5
1 9 0
2 9 2
3 1 0
t 164 27
m0 5 5
1 9 1
2 9 3
3 0 0
t 163 27
m0 6 5
1 9 0
2 9 2
3 1 0
f 6 8
t 162 27
m0 6 6
1 8 0
2 9 1
3 1 1
t 161 27
m0 6 7
1 7 0
2 9 0
3 1 0
t 160 27
m0 6 8
1 8 0
2 8 0
3 0 0
t 159 37
m0 6 7
1 9 0
2 9 0
3 1 0
t 158 37
m0 6 8
1 9 1
2 8 0
3 2 0
f 8 11
t 157 37
m0 6 9
1 9 0
2 7 0
3 1 0
t 156 37
m0 6 10
1 8 0
2 7 1
3 2 0
t 155 37
m0 7 10
1 7 0
2 6 1
3 1 0
t 154 37
m0 7 11
1 7 1
2 5 1
3 1 1
t 153 37
m0 8 11
1 6 1
2 4 1
3 2 1
t 152 47
m0 7 11
1 5 1
2 5 1
3 2 0
t 151 47
m0 7 11
1 6 1
2 4 1
3 1 0
t 150 47
m0 7 11
1 6 2
2 5 1
3 0 0
t 149 47
m0 6 11
1 6 1
2 5 0
3 1 0
f 2 14
t 148 47
m0 6 12
1 7 1
2 4 0
3 2 0
t 147 47
m0 5 12
1 7 0
2 4 1
3 1 0
t 146 47
m0 5 13
1 8 0
2 4 0
3 0 0
t 145 47
m0 5 14
1 9 0
2 3 0
3 1 0
t 144 47
m0 4 14
1 8 0
2 4 0
3 1 1
t 143 47
m0 3 14
1 9 0
2 4 1
3 1 0
t 142 47
m0 4 14
1 9 1
2 4 0
3 1 1
t 141 47
m0 3 14
1 9 0
2 3 0
3 2 1
t 140 47
m0 4 14
1 9 1
2 2 0
3 2 0
t 139 47
m0 3 14
1 9 2
2 1 0
3 1 0
t 138 47
m0 4 14
1 9 1
2 2 0
3 0 0
t 137 47
m0 3 14
1 9 0
2 1 0
3 1 0
t 136 47
m0 4 14
1 9 1
2 0 0
3 1 1
t 135 47
m0 3 14
1 9 0
2 1 0
3 1 0
t 134 47
m0 4 14
1 9 1
2 0 0
3 0 0
t 133 47
m0 3 14
1 9 0
2 1 0
3 1 0
t 132 47
m0 4 14
1 9 1
2 2 0
3 2 0
t 131 47
m0 3 14
1 9 2
2 1 0
3 3 0
t 130 47
m0 4 14
1 9 3
2 0 0
3 4 0
t 129 47
m0 3 14
1 9 2
2 1 0
3 3 0
t 128 47
m0 4 14
1 9 1
2 1 1
3 2 0
t 127 47
m0 3 14
1 9 0
2 2 1
3 2 1
t 126 47
m0 4 14
1 9 1
2 1 1
3 1 1
t 125 47
m0 3 14
1 9 0
2 2 1
3 1 0
t 124 47
m0 4 14
1 8 0
2 1 1
3 0 0
t 123 47
m0 3 14
1 7 0
2 1 2
3 1 0
t 122 47
m0 4 14
1 8 0
2 1 3
3 2 0
t 121 47
m0 3 14
1 9 0
2 0 3
3 1 0
t 120 47
m0 4 14
1 8 0
2 0 4
3 2 0
t 119 47
m0 3 14
1 9 0
2 0 3
3 3 0
t 118 47
m0 4 14
1 8 0
2 0 4
3 2 0
t 117 47
m0 3 14
1 9 0
2 1 4
3 1 0
t 116 47
m0 4 14
1 9 1
2 1 5
3 2 0
t 115 47
m0 3 14
1 9 2
2 1 6
3 1 0
t 114 47
m0 4 14
1 8 2
2 0 6
3 0 0
t 113 47
m0 3 14
1 9 2
2 1 6
3 1 0
t 112 47
m0 4 14
1 9 1
2 1 5
3 0 0
t 111 47
m0 3 14
1 9 2
2 1 4
3 1 0
t 110 47
m0 4 14
1 8 2
2 1 3
3 0 0
t 109 47
m0 3 14
1 9 2
2 2 3
3 1 0
t 108 47
m0 4 14
1 9 1
2 2 4
3 0 0
t 107 47
m0 3 14
1 9 0
2 1 4
3 1 0
t 106 47
m0 4 14
1 9 1
2 1 3
3 0 0
t 105 47
m0 3 14
1 9 0
2 2 3
3 1 0
t 104 47
m0 4 14
1 9 1
2 2 2
3 0 0
t 103 47
m0 3 14
1 9 2
2 2 3
3 1 0
t 102 47
m0 4 14
1 9 1
2 2 2
3 2 0
t 101 47
m0 3 14
1 9 2
2 1 2
3 1 0
t 100 47
m0 4 14
1 9 3
2 1 1
3 0 0
t 99 47
m0 3 14
1 9 2
2 1 0
3 1 0
t 98 47
m0 4 14
1 9 3
2 0 0
3 1 1
t 97 47
m0 3 14
1 9 2
2 1 0
3 1 2
t 96 47
m0 4 14
1 9 3
2 2 0
3 2 2
t 95 47
m0 3 14
1 9 2
2 2 1
3 2 1
t 94 47
m0 4 14
1 9 1
2 1 1
3 1 1
t 93 47
m0 3 14
1 9 2
2 2 1
3 2 1
t 92 47
m0 4 14
1 9 1
2 2 2
3 2 0
t 91 47
m0 3 14
1 9 2
2 2 1
3 3 0
t 90 47
m0 4 14
1 9 3
2 2 0
3 2 0
t 89 47
m0 3 14
1 9 2
2 2 1
3 1 0
t 88 47
m0 4 14
1 9 1
2 1 1
3 0 0
t 87 47
m0 3 14
1 9 2
2 1 0
3 1 0
t 86 47
m0 4 14
1 9 1
2 2 0
3 1 1
t 85 47
m0 3 14
1 9 0
2 2 1
3 1 0
t 84 47
m0 4 14
1 8 0
2 2 2
3 2 0
t 83 47
m0 3 14
1 9 0
2 2 1
3 3 0
t 82 47
m0 4 14
1 8 0
2 1 1
3 4 0
t 81 47
m0 3 14
1 7 0
2 1 0
3 5 0
t 80 47
m0 4 14
1 8 0
2 2 0
3 5 1
t 79 47
m0 3 14
1 9 0
2 1 0
3 6 1
t 78 47
m0 4 14
1 9 1
2 1 1
3 6 2
t 77 47
m0 3 14
1 9 0
2 1 2
3 6 3
t 76 47
m0 4 14
1 9 1
2 1 1
3 6 2
t 75 47
m0 3 14
1 9 2
2 1 0
3 6 1
t 74 47
m0 4 14
1 9 3
2 2 0
3 6 2
t 73 47
m0 3 14
1 9 2
2 1 0
3 6 3
t 72 47
m0 4 14
1 9 1
2 1 1
3 6 2
t 71 47
m0 3 14
1 9 2
2 1 0
3 6 1
t 70 47
m0 4 14
1 9 1
2 1 1
3 5 1
t 69 47
m0 3 14
1 9 2
2 2 1
3 5 0
t 68 47
m0 4 14
1 9 3
2 1 1
3 5 1
t 67 47
m0 3 14
1 9 2
2 1 2
3 5 0
t 66 47
m0 4 14
1 9 3
2 1 1
3 4 0
t 65 47
m0 3 14
1 9 2
2 1 0
3 4 1
t 64 47
m0 4 14
1 9 3
2 0 0
3 5 1
t 63 47
m0 3 14
1 9 2
2 1 0
3 6 1
t 62 47
m0 4 14
1 9 3
2 1 1
3 7 1
t 61 47
m0 3 14
1 9 2
2 1 0
3 7 0
t 60 47
m0 4 14
1 9 1
2 0 0
3 8 0
t 59 47
m0 3 14
1 9 0
2 1 0
3 9 0
t 58 47
m0 4 14
1 9 1
2 1 1
3 8 0
t 57 47
m0 3 14
1 9 2
2 1 0
3 7 0
t 56 47
m0 4 14
1 9 1
2 0 0
3 8 0
t 55 47
m0 3 14
1 9 2
2 1 0
3 7 0
t 54 47
m0 4 14
1 9 1
2 0 0
3 8 0
t 53 47
m0 3 14
1 9 0
2 1 0
3 9 0
t 52 47
m0 4 14
1 9 1
2 0 0
3 9 1
t 51 47
m0 3 14
1 9 0
2 1 0
3 9 2
t 50 47
m0 4 14
1 9 1
2 0 0
3 9 3
t 49 47
m0 3 14
1 9 0
2 1 0
3 9 2
t 48 47
m0 4 14
1 9 1
2 1 1
3 8 2
t 47 47
m0 3 14
1 9 2
2 1 0
3 9 2
t 46 47
m0 4 14
1 9 1
2 0 0
3 8 2
t 45 47
m0 3 14
1 9 0
2 1 0
3 9 2
t 44 47
m0 4 14
1 8 0
2 0 0
3 8 2
t 43 47
m0 3 14
1 7 0
2 1 0
3 9 2
t 42 47
m0 4 14
1 8 0
2 1 1
3 9 3
t 41 47
m0 3 14
1 9 0
2 1 2
3 9 2
t 40 47
m0 4 14
1 8 0
2 1 3
3 9 3
t 39 47
m0 3 14
1 7 0
2 1 2
3 9 2
t 38 47
m0 4 14
1 7 1
2 1 1
3 9 3
t 37 47
m0 3 14
1 7 0
2 1 2
3 9 2
t 36 47
m0 4 14
1 8 0
2 2 2
3 8 2
t 35 47
m0 3 14
1 9 0
2 2 1
3 7 2
t 34 47
m0 4 14
1 9 1
2 1 1
3 8 2
t 33 47
m0 3 14
1 9 0
2 1 0
3 9 2
t 32 47
m0 4 14
1 8 0
2 0 0
3 9 1
t 31 47
m0 3 14
1 9 0
2 1 0
3 9 0
t 30 47
m0 4 14
1 8 0
2 2 0
3 8 0
t 29 47
m0 3 14
1 9 0
2 1 0
3 9 0
t 28 47
m0 4 14
1 8 0
2 1 1
3 8 0
t 27 47
m0 3 14
1 9 0
2 1 0
3 7 0
t 26 47
m0 4 14
1 8 0
2 2 0
3 8 0
t 25 47
m0 3 14
1 9 0
2 1 0
3 9 0
t 24 47
m0 4 14
1 8 0
2 1 1
3 9 1
t 23 47
m0 3 14
1 7 0
2 1 0
3 9 2
t 22 47
m0 4 14
1 7 1
2 0 0
3 9 1
t 21 47
m0 3 14
1 7 2
2 1 0
3 9 0
t 20 47
m0 4 14
1 7 1
2 2 0
3 8 0
t 19 47
m0 3 14
1 7 0
2 1 0
3 7 0
t 18 47
m0 4 14
1 8 0
2 0 0
3 7 1
t 17 47
m0 3 14
1 9 0
2 1 0
3 7 2
t 16 47
m0 4 14
1 8 0
2 0 0
3 7 1
t 15 47
m0 3 14
1 9 0
2 1 0
3 7 2
t 14 47
m0 4 14
1 8 0
2 0 0
3 6 2
t 13 47
m0 3 14
1 7 0
2 1 0
3 7 2
t 12 47
m0 4 14
1 8 0
2 0 0
3 7 1
t 11 47
m0 3 14
1 7 0
2 1 0
3 7 2
t 10 47
m0 4 14
1 8 0
2 1 1
3 8 2
t 9 47
m0 3 14
1 7 0
2 1 0
3 9 2
t 8 47
m0 4 14
1 8 0
2 0 0
3 8 2
t 7 47
m0 3 14
1 7 0
2 1 0
3 9 2
t 6 47
m0 4 14
1 8 0
2 0 0
3 9 1
t 5 47
m0 3 14
1 7 0
2 1 0
3 9 2
t 4 47
m0 4 14
1 8 0
2 0 0
3 8 2
t 3 47
m0 3 14
1 9 0
2 1 0
3 7 2
t 2 47
m0 4 14
1 8 0
2 1 1
3 7 1
t 1 47
m0 3 14
1 8 0
2 1 1
3 7 1
t 0 47
