10
15
w 4 7
w 1 3
w 8 13
w 2 8
w 3 11
w 2 5
w 1 11
w 8 5
w 7 2
w 4 0
w 6 7
w 6 10
w 4 4
w 6 3
w 4 13
w 2 2
w 3 13
w 1 13
w 8 11
w 9 3
w 5 2
w 9 10
w 7 5
w 0 5
w 8 7
w 6 12
w 1 0
w 0 8
w 2 7
w 4 6
w 6 8
w 9 2
w 3 1
w 9 9
w 4 3
w 9 5
w 3 4
p 5 9
p 6 9
p 9 1
p 4 8
p 3 0
p 5 6
p 9 8
p 5 13
p 2 1
p 1 6
p 9 4
p 5 1
p 3 7
p 0 3
p 5 8
p 3 14
p 8 14
p 9 0
p 4 9
p 2 9
p 8 1
p 5 12
p 1 14
p 8 10
p 5 0
p 0 4
p 4 1
p 1 1
p 9 7
p 6 4
p 3 2
p 0 0
p 5 4
p 8 2
p 2 6
p 5 11
p 6 11
p 6 0
p 1 4
p 0 12
p 2 10
p 1 9
p 4 2
p 2 14
p 6 5
p 7 9
p 4 11
p 9 13
p 8 3
p 7 0
p 8 12
p 6 1
p 2 11
p 7 8
p 9 12
p 8 4
m0 0 14
1 9 0
2 9 0
3 9 0
t 300 0
m0 0 14
1 8 0
2 9 1
3 8 0
t 299 0
m0 1 14
1 9 0
2 8 1
3 7 0
f 5 14
t 298 1
m0 1 14
1 8 0
2 9 1
3 6 0
t 297 1
m0 2 14
1 9 0
2 8 1
3 5 0
t 296 2
m0 3 14
1 8 0
2 9 1
3 5 1
t 295 3
m0 2 14
1 7 0
2 9 0
3 4 1
t 294 3
m0 1 14
1 6 0
2 9 1
3 4 2
t 293 3
m0 1 14
1 7 0
2 9 0
3 3 2
t 292 3
m0 2 14
1 6 0
2 9 1
3 3 3
t 291 3
m0 2 13
1 5 0
2 9 0
3 2 3
t 290 3
m0 2 12
1 5 1
2 8 0
3 2 4
t 289 3
m0 1 12
1 4 1
2 9 0
3 1 4
t 288 3
m0 1 12
1 5 1
2 8 0
3 0 4
t 287 3
m0 2 12
1 4 1
2 9 0
3 0 3
t 286 3
m0 2 11
1 5 1
2 8 0
3 0 4
t 285 4
m0 2 12
1 4 1
2 9 0
3 0 3
t 284 4
m0 1 12
1 5 1
2 8 0
3 0 4
t 283 4
m0 1 12
1 4 1
2 9 0
3 0 3
t 282 4
m0 2 12
1 5 1
2 8 0
3 0 4
t 281 4
m0 2 13
1 4 1
2 9 0
3 0 3
t 280 4
m0 2 13
1 5 1
2 8 0
3 0 4
t 279 4
m0 2 14
1 4 1
2 9 0
3 0 3
t 278 4
m0 2 14
1 5 1
2 8 0
3 0 4
t 277 4
m0 2 13
1 4 1
2 9 0
3 0 3
t 276 4
m0 2 12
1 5 1
2 8 0
3 0 4
t 275 4
m0 2 12
1 4 1
2 9 0
3 0 3
t 274 4
m0 3 12
1 5 1
2 8 0
3 0 4
t 273 4
m0 3 12
1 4 1
2 9 0
3 0 3
t 272 4
m0 3 12
1 5 1
2 8 0
3 0 4
t 271 4
m0 4 12
1 4 1
2 9 0
3 0 3
t 270 4
m0 4 12
1 5 1
2 8 0
3 0 4
t 269 4
m0 4 11
1 4 1
2 9 0
3 0 3
t 268 5
m0 5 11
1 5 1
2 8 0
3 0 4
t 267 6
m0 4 11
1 4 1
2 9 0
3 0 3
t 266 6
m0 4 12
1 5 1
2 8 0
3 0 4
t 265 6
m0 4 12
1 4 1
2 9 0
3 0 3
t 264 6
m0 5 12
1 5 1
2 8 0
3 0 4
t 263 7
m0 4 12
1 4 1
2 9 0
3 0 3
t 262 7
m0 3 12
1 5 1
2 8 0
3 0 4
t 261 7
m0 4 12
1 4 1
2 9 0
3 0 3
t 260 7
m0 5 12
1 5 1
2 8 0
3 0 4
t 259 7
m0 5 12
1 4 1
2 9 0
3 0 3
t 258 7
m0 4 12
1 5 1
2 8 0
3 0 4
t 257 7
m0 3 12
1 4 1
2 9 0
3 0 3
t 256 7
m0 3 12
1 5 1
2 8 0
3 0 4
t 255 7
m0 4 12
1 4 1
2 9 0
3 0 3
t 254 7
m0 3 12
1 5 1
2 8 0
3 0 4
t 253 7
m0 2 12
1 4 1
2 9 0
3 0 3
t 252 7
m0 2 12
1 5 1
2 8 0
3 0 4
t 251 7
m0 3 12
1 4 1
2 9 0
3 0 3
t 250 7
m0 4 12
1 5 1
2 8 0
3 0 4
t 249 7
m0 5 12
1 4 1
2 9 0
3 0 3
t 248 7
m0 5 13
1 5 1
2 8 0
3 0 4
t 247 8
m0 5 13
1 4 1
2 9 0
3 0 3
t 246 8
m0 5 12
1 5 1
2 8 0
3 0 4
t 245 8
m0 4 12
1 4 1
2 9 0
3 0 3
t 244 8
m0 5 12
1 5 1
2 8 0
3 0 4
t 243 8
m0 5 12
1 4 1
2 9 0
3 0 3
t 242 8
m0 5 12
1 5 1
2 8 0
3 0 4
t 241 8
m0 5 13
1 4 1
2 9 0
3 0 3
t 240 8
m0 5 12
1 5 1
2 8 0
3 0 4
t 239 8
m0 5 13
1 4 1
2 9 0
3 0 3
t 238 8
m0 5 13
1 5 1
2 8 0
3 0 4
t 237 8
m0 6 13
1 4 1
2 9 0
3 0 3
t 236 8
m0 6 14
1 5 1
2 8 0
3 0 4
t 235 8
m0 6 13
1 4 1
2 9 0
3 0 3
t 234 8
m0 5 13
1 5 1
2 8 0
3 0 4
t 233 8
m0 5 13
1 4 1
2 9 0
3 0 3
t 232 8
m0 6 13
1 5 1
2 8 0
3 0 4
t 231 8
m0 6 13
1 4 1
2 9 0
3 0 3
t 230 8
m0 6 13
1 5 1
2 8 0
3 0 4
t 229 8
m0 7 13
1 4 1
2 9 0
3 0 3
t 228 8
m0 7 12
1 5 1
2 8 0
3 0 4
t 227 8
m0 7 13
1 4 1
2 9 0
3 0 3
t 226 8
m0 7 13
1 5 1
2 8 0
3 0 4
t 225 8
m0 7 12
1 4 1
2 9 0
3 0 3
t 224 8
m0 7 12
1 5 1
2 8 0
3 0 4
t 223 8
m0 7 11
1 4 1
2 9 0
3 0 3
t 222 8
m0 7 12
1 5 1
2 8 0
3 0 4
t 221 8
m0 7 11
1 4 1
2 9 0
3 0 3
t 220 8
m0 7 10
1 5 1
2 8 0
3 0 4
t 219 8
m0 7 10
1 4 1
2 9 0
3 0 3
t 218 8
m0 7 10
1 5 1
2 8 0
3 0 4
t 217 8
m0 7 10
1 4 1
2 9 0
3 0 3
t 216 8
m0 7 9
1 5 1
2 8 0
3 0 4
t 215 9
m0 6 9
1 4 1
2 9 0
3 0 3
t 214 10
m0 6 9
1 5 1
2 8 0
3 0 4
t 213 10
m0 5 9
1 4 1
2 9 0
3 0 3
t 212 11
m0 5 10
1 5 1
2 8 0
3 0 4
t 211 11
m0 5 11
1 4 1
2 9 0
3 0 3
t 210 11
m0 5 12
1 5 1
2 8 0
3 0 4
t 209 11
m0 5 12
1 4 1
2 9 0
3 0 3
t 208 11
m0 5 13
1 5 1
2 8 0
3 0 4
t 207 11
m0 6 13
1 4 1
2 9 0
3 0 3
t 206 11
m0 6 14
1 5 1
2 8 0
3 0 4
t 205 11
m0 5 14
1 4 1
2 9 0
3 0 3
t 204 21
m0 5 13
1 5 1
2 8 0
3 0 4
t 203 21
m0 5 13
1 4 1
2 9 0
3 0 3
t 202 21
m0 5 12
1 5 1
2 8 0
3 0 4
t 201 21
m0 5 11
1 4 1
2 9 0
3 0 3
t 200 21
m0 5 10
1 5 1
2 8 0
3 0 4
t 199 21
m0 5 9
1 4 1
2 9 0
3 0 3
t 198 21
m0 4 9
1 5 1
2 8 0
3 0 4
t 197 22
m0 4 10
1 4 1
2 9 0
3 0 3
t 196 22
m0 5 10
1 5 1
2 8 0
3 0 4
t 195 22
m0 5 10
1 4 1
2 9 0
3 0 3
t 194 22
m0 5 10
1 5 1
2 8 0
3 0 4
t 193 22
m0 5 11
1 4 1
2 9 0
3 0 3
t 192 22
m0 4 11
1 5 1
2 8 0
3 0 4
t 191 22
m0 4 12
1 4 1
2 9 0
3 0 3
t 190 22
m0 4 12
1 5 1
2 8 0
3 0 4
t 189 22
m0 3 12
1 4 1
2 9 0
3 0 3
t 188 22
m0 4 12
1 5 1
2 8 0
3 0 4
t 187 22
m0 5 12
1 4 1
2 9 0
3 0 3
t 186 22
m0 5 13
1 5 1
2 8 0
3 0 4
t 185 22
m0 5 14
1 4 1
2 9 0
3 0 3
f 7 10
t 184 22
m0 4 14
1 5 1
2 8 0
3 0 4
t 183 22
m0 4 14
1 4 1
2 9 0
3 0 3
t 182 22
m0 4 14
1 5 1
2 8 0
3 0 4
t 181 22
m0 3 14
1 4 1
2 9 0
3 0 3
t 180 22
m0 4 14
1 5 1
2 8 0
3 0 4
t 179 22
m0 4 14
1 4 1
2 9 0
3 0 3
t 178 22
m0 5 14
1 5 1
2 8 0
3 0 4
t 177 22
m0 6 14
1 4 1
2 9 0
3 0 3
t 176 22
m0 7 14
1 5 1
2 8 0
3 0 4
t 175 22
m0 8 14
1 4 1
2 9 0
3 0 3
t 174 23
m0 7 14
1 5 1
2 8 0
3 0 4
t 173 23
m0 7 14
1 4 1
2 9 0
3 0 3
t 172 23
m0 6 14
1 5 1
2 8 0
3 0 4
t 171 23
m0 6 13
1 4 1
2 9 0
3 0 3
t 170 23
m0 6 14
1 5 1
2 8 0
3 0 4
t 169 23
m0 7 14
1 4 1
2 9 0
3 0 3
t 168 23
m0 8 14
1 5 1
2 8 0
3 0 4
t 167 23
m0 8 14
1 4 1
2 9 0
3 0 3
t 166 23
m0 8 14
1 5 1
2 8 0
3 0 4
t 165 23
m0 7 14
1 4 1
2 9 0
3 0 3
t 164 23
m0 7 13
1 5 1
2 8 0
3 0 4
t 163 23
m0 7 14
1 4 1
2 9 0
3 0 3
t 162 23
m0 6 14
1 5 1
2 8 0
3 0 4
t 161 23
m0 7 14
1 4 1
2 9 0
3 0 3
t 160 23
m0 7 14
1 5 1
2 8 0
3 0 4
t 159 23
m0 7 13
1 4 1
2 9 0
3 0 3
t 158 23
m0 7 13
1 5 1
2 8 0
3 0 4
t 157 23
m0 7 12
1 4 1
2 9 0
3 0 3
t 156 23
m0 7 11
1 5 1
2 8 0
3 0 4
t 155 23
m0 7 12
1 4 1
2 9 0
3 0 3
t 154 23
m0 7 11
1 5 1
2 8 0
3 0 4
t 153 23
m0 7 11
1 4 1
2 9 0
3 0 3
t 152 23
m0 6 11
1 5 1
2 8 0
3 0 4
t 151 24
m0 7 11
1 4 1
2 9 0
3 0 3
t 150 24
m0 7 10
1 5 1
2 8 0
3 0 4
t 149 34
m0 7 10
1 4 1
2 9 0
3 0 3
t 148 34
m0 8 10
1 5 1
2 8 0
3 0 4
t 147 35
m0 8 10
1 4 1
2 9 0
3 0 3
t 146 35
m0 8 9
1 5 1
2 8 0
3 0 4
t 145 35
m0 7 9
1 4 1
2 9 0
3 0 3
t 144 35
m0 6 9
1 5 1
2 8 0
3 0 4
t 143 35
m0 6 9
1 4 1
2 9 0
3 0 3
t 142 35
m0 7 9
1 5 1
2 8 0
3 0 4
t 141 35
m0 6 9
1 4 1
2 9 0
3 0 3
t 140 35
m0 7 9
1 5 1
2 8 0
3 0 4
t 139 35
m0 7 10
1 4 1
2 9 0
3 0 3
t 138 35
m0 7 9
1 5 1
2 8 0
3 0 4
t 137 35
m0 6 9
1 4 1
2 9 0
3 0 3
t 136 35
m0 5 9
1 5 1
2 8 0
3 0 4
t 135 35
m0 6 9
1 4 1
2 9 0
3 0 3
t 134 35
m0 5 9
1 5 1
2 8 0
3 0 4
t 133 35
m0 6 9
1 4 1
2 9 0
3 0 3
t 132 35
m0 6 9
1 5 1
2 8 0
3 0 4
t 131 35
m0 7 9
1 4 1
2 9 0
3 0 3
t 130 35
m0 7 8
1 5 1
2 8 0
3 0 4
t 129 36
m0 7 9
1 4 1
2 9 0
3 0 3
t 128 36
m0 7 9
1 5 1
2 8 0
3 0 4
f 5 12
t 127 36
m0 7 8
1 4 1
2 9 0
3 0 3
t 126 36
m0 8 8
1 5 1
2 8 0
3 0 4
t 125 36
m0 8 9
1 4 1
2 9 0
3 0 3
t 124 36
m0 8 9
1 5 1
2 8 0
3 0 4
t 123 36
m0 8 10
1 4 1
2 9 0
3 0 3
t 122 36
m0 8 9
1 5 1
2 8 0
3 0 4
t 121 36
m0 8 9
1 4 1
2 9 0
3 0 3
t 120 36
m0 7 9
1 5 1
2 8 0
3 0 4
t 119 36
m0 7 10
1 4 1
2 9 0
3 0 3
t 118 36
m0 7 10
1 5 1
2 8 0
3 0 4
t 117 36
m0 7 10
1 4 1
2 9 0
3 0 3
t 116 36
m0 7 10
1 5 1
2 8 0
3 0 4
t 115 36
m0 8 10
1 4 1
2 9 0
3 0 3
t 114 36
m0 8 9
1 5 1
2 8 0
3 0 4
t 113 36
m0 8 9
1 4 1
2 9 0
3 0 3
t 112 36
m0 8 9
1 5 1
2 8 0
3 0 4
t 111 36
m0 8 10
1 4 1
2 9 0
3 0 3
t 110 36
m0 7 10
1 5 1
2 8 0
3 0 4
t 109 36
m0 8 10
1 4 1
2 9 0
3 0 3
t 108 36
m0 8 10
1 5 1
2 8 0
3 0 4
t 107 36
m0 7 10
1 4 1
2 9 0
3 0 3
t 106 36
m0 7 10
1 5 1
2 8 0
3 0 4
t 105 36
m0 7 11
1 4 1
2 9 0
3 0 3
t 104 36
m0 6 11
1 5 1
2 8 0
3 0 4
t 103 36
m0 5 11
1 4 1
2 9 0
3 0 3
t 102 36
m0 4 11
1 5 1
2 8 0
3 0 4
t 101 36
m0 4 12
1 4 1
2 9 0
3 0 3
t 100 36
m0 4 12
1 5 1
2 8 0
3 0 4
t 99 36
m0 4 12
1 4 1
2 9 0
3 0 3
t 98 36
m0 3 12
1 5 1
2 8 0
3 0 4
t 97 36
m0 2 12
1 4 1
2 9 0
3 0 3
t 96 36
m0 3 12
1 5 1
2 8 0
3 0 4
t 95 36
m0 3 12
1 4 1
2 9 0
3 0 3
t 94 36
m0 2 12
1 5 1
2 8 0
3 0 4
t 93 36
m0 1 12
1 4 1
2 9 0
3 0 3
t 92 36
m0 0 12
1 5 1
2 8 0
3 0 4
t 91 37
m0 0 12
1 4 1
2 9 0
3 1 4
t 90 37
m0 1 12
1 5 1
2 8 0
3 0 4
t 89 37
m0 1 12
1 4 1
2 9 0
3 0 3
t 88 37
m0 0 12
1 5 1
2 8 0
3 0 4
t 87 37
m0 1 12
1 4 1
2 9 0
3 0 3
t 86 37
m0 0 12
1 5 1
2 8 0
3 0 4
t 85 37
m0 0 11
1 4 1
2 9 0
3 1 4
t 84 37
m0 0 10
1 5 1
2 8 0
3 0 4
t 83 37
m0 0 11
1 4 1
2 9 0
3 1 4
t 82 37
m0 0 11
1 5 1
2 8 0
3 0 4
t 81 37
m0 0 11
1 4 1
2 9 0
3 1 4
t 80 37
m0 0 11
1 5 1
2 8 0
3 0 4
t 79 37
m0 0 12
1 4 1
2 9 0
3 1 4
t 78 37
m0 1 12
1 5 1
2 8 0
3 0 4
t 77 37
m0 1 12
1 4 1
2 9 0
3 0 3
t 76 37
m0 0 12
1 5 1
2 8 0
3 0 4
t 75 37
m0 1 12
1 4 1
2 9 0
3 0 3
t 74 37
m0 1 12
1 5 1
2 8 0
3 0 4
t 73 37
m0 1 12
1 4 1
2 9 0
3 0 3
t 72 37
m0 0 12
1 5 1
2 8 0
3 0 4
t 71 37
m0 1 12
1 4 1
2 9 0
3 0 3
t 70 37
m0 0 12
1 5 1
2 8 0
3 0 4
t 69 37
m0 1 12
1 4 1
2 9 0
3 0 3
t 68 37
m0 1 12
1 5 1
2 8 0
3 0 4
t 67 37
m0 2 12
1 4 1
2 9 0
3 0 3
t 66 37
m0 1 12
1 5 1
2 8 0
3 0 4
t 65 37
m0 0 12
1 4 1
2 9 0
3 1 4
t 64 37
m0 1 12
1 5 1
2 8 0
3 0 4
t 63 37
m0 2 12
1 4 1
2 9 0
3 0 3
t 62 37
m0 2 13
1 5 1
2 8 0
3 0 4
t 61 37
m0 2 13
1 4 1
2 9 0
3 0 3
t 60 37
m0 2 13
1 5 1
2 8 0
3 0 4
t 59 37
m0 2 13
1 4 1
2 9 0
3 0 3
t 58 37
m0 2 14
1 5 1
2 8 0
3 0 4
t 57 37
m0 3 14
1 4 1
2 9 0
3 0 3
t 56 37
m0 4 14
1 5 1
2 8 0
3 0 4
t 55 37
m0 3 14
1 4 1
2 9 0
3 0 3
t 54 37
m0 3 14
1 5 1
2 8 0
3 0 4
t 53 37
m0 4 14
1 4 1
2 9 0
3 0 3
t 52 37
m0 3 14
1 5 1
2 8 0
3 0 4
t 51 37
m0 2 14
1 4 1
2 9 0
3 0 3
t 50 37
m0 1 14
1 5 1
2 8 0
3 0 4
t 49 37
m0 2 14
1 4 1
2 9 0
3 0 3
t 48 37
m0 1 14
1 5 1
2 8 0
3 0 4
t 47 37
m0 2 14
1 4 1
2 9 0
3 0 3
t 46 37
m0 2 13
1 5 1
2 8 0
3 0 4
t 45 37
m0 2 13
1 4 1
2 9 0
3 0 3
t 44 37
m0 2 13
1 5 1
2 8 0
3 0 4
t 43 37
m0 2 13
1 4 1
2 9 0
3 0 3
t 42 37
m0 2 14
1 5 1
2 8 0
3 0 4
t 41 37
m0 2 13
1 4 1
2 9 0
3 0 3
t 40 37
m0 2 12
1 5 1
2 8 0
3 0 4
t 39 37
m0 1 12
1 4 1
2 9 0
3 0 3
t 38 37
m0 0 12
1 5 1
2 8 0
3 0 4
t 37 37
m0 0 12
1 4 1
2 9 0
3 1 4
t 36 37
m0 0 13
1 5 1
2 8 0
3 0 4
t 35 37
m0 0 13
1 4 1
2 9 0
3 1 4
t 34 37
m0 0 14
1 5 1
2 8 0
3 0 4
t 33 37
m0 0 14
1 4 1
2 9 0
3 1 4
t 32 37
m0 0 13
1 5 1
2 8 0
3 0 4
t 31 37
m0 0 13
1 4 1
2 9 0
3 1 4
t 30 37
m0 0 12
1 5 1
2 8 0
3 0 4
t 29 37
m0 0 13
1 4 1
2 9 0
3 1 4
t 28 37
m0 0 13
1 5 1
2 8 0
3 0 4
t 27 37
m0 0 14
1 4 1
2 9 0
3 1 4
t 26 37
m0 0 14
1 5 1
2 8 0
3 0 4
t 25 37
m0 1 14
1 4 1
2 9 0
3 0 3
t 24 37
m0 2 14
1 5 1
2 8 0
3 0 4
t 23 37
m0 3 14
1 4 1
2 9 0
3 0 3
t 22 37
m0 3 14
1 5 1
2 8 0
3 0 4
t 21 37
m0 4 14
1 4 1
2 9 0
3 0 3
t 20 37
m0 3 14
1 5 1
2 8 0
3 0 4
t 19 37
m0 4 14
1 4 1
2 9 0
3 0 3
t 18 37
m0 3 14
1 5 1
2 8 0
3 0 4
t 17 37
m0 3 14
1 4 1
2 9 0
3 0 3
t 16 37
m0 3 14
1 5 1
2 8 0
3 0 4
t 15 37
m0 2 14
1 4 1
2 9 0
3 0 3
t 14 37
m0 2 13
1 5 1
2 8 0
3 0 4
t 13 37
m0 2 14
1 4 1
2 9 0
3 0 3
t 12 37
m0 3 14
1 5 1
2 8 0
3 0 4
t 11 37
m0 3 14
1 4 1
2 9 0
3 0 3
t 10 37
m0 2 14
1 5 1
2 8 0
3 0 4
t 9 37
m0 2 13
1 4 1
2 9 0
3 0 3
t 8 37
m0 2 14
1 5 1
2 8 0
3 0 4
t 7 37
m0 3 14
1 4 1
2 9 0
3 0 3
t 6 37
m0 3 14
1 5 1
2 8 0
3 0 4
t 5 37
m0 2 14
1 4 1
2 9 0
3 0 3
t 4 37
m0 2 13
1 5 1
2 8 0
3 0 4
t 3 37
m0 2 12
1 4 1
2 9 0
3 0 3
t 2 37
m0 2 12
1 5 1
2 8 0
3 0 4
t 1 37
m0 3 12
1 5 1
2 8 0
3 0 4
t 0 37
