10
15
w 5 9
w 4 7
w 1 3
w 8 13
w 9 1
w 7 3
w 3 11
w 4 12
w 0 10
w 1 11
w 3 14
w 6 14
w 4 0
w 5 5
w 5 12
w 6 10
w 8 10
w 3 6
w 0 4
w 1 1
w 1 13
w 4 14
w 6 0
w 0 5
w 1 9
w 8 7
w 4 2
w 6 5
w 5 3
w 9 13
w 8 3
w 5 10
w 5 7
w 3 8
w 4 3
w 5 2
w 8 4
p 6 9
p 4 8
p 5 6
p 7 12
p 9 8
p 8 0
p 2 8
p 5 13
p 0 7
p 0 2
p 1 6
p 5 1
p 7 11
p 3 7
p 2 5
p 8 5
p 7 2
p 0 3
p 8 14
p 9 0
p 6 7
p 3 3
p 7 6
p 3 10
p 4 4
p 1 14
p 4 13
p 1 5
p 2 13
p 7 10
p 8 6
p 4 1
p 4 10
p 3 2
p 0 0
p 5 4
p 6 4
p 7 14
p 0 12
p 9 10
p 3 9
p 6 12
p 3 12
p 4 6
p 7 0
p 8 12
p 9 2
p 6 1
p 3 1
p 7 13
p 5 14
p 2 0
p 7 4
p 8 8
p 7 8
p 2 4
m0 0 14
1 9 0
2 9 0
3 9 0
t 300 0
m0 0 13
1 8 0
2 8 0
3 8 0
t 299 0
m0 0 13
1 9 0
2 9 0
3 9 0
t 298 0
m0 0 12
1 8 0
2 8 0
3 8 0
t 297 1
m0 1 12
1 9 0
2 9 0
3 9 0
t 296 1
m0 1 12
1 8 0
2 8 0
3 8 0
t 295 1
m0 1 12
1 9 0
2 9 0
3 9 0
t 294 1
m0 1 12
1 8 0
2 8 0
3 8 0
t 293 1
m0 1 12
1 9 0
2 9 0
3 9 0
t 292 1
m0 1 12
1 8 0
2 8 0
3 8 0
t 291 1
m0 1 12
1 9 0
2 9 0
3 9 0
t 290 1
m0 1 12
1 8 0
2 8 0
3 8 0
t 289 1
m0 1 12
1 9 0
2 9 0
3 9 0
t 288 1
m0 1 12
1 8 0
2 8 0
3 8 0
t 287 1
m0 1 12
1 9 0
2 9 0
3 9 0
t 286 1
m0 1 12
1 8 0
2 8 0
3 8 0
t 285 1
m0 1 12
1 9 0
2 9 0
3 9 0
t 284 1
m0 1 12
1 8 0
2 8 0
3 8 0
t 283 1
m0 1 12
1 9 0
2 9 0
3 9 0
t 282 1
m0 1 12
1 8 0
2 8 0
3 8 0
t 281 1
m0 1 12
1 9 0
2 9 0
3 9 0
t 280 1
m0 0 12
1 8 0
2 8 0
3 8 0
t 279 1
m0 0 11
1 9 0
2 9 0
3 9 0
t 278 1
m0 0 11
1 8 0
2 8 0
3 8 0
t 277 1
m0 0 11
1 9 0
2 9 0
3 9 0
t 276 1
m0 0 11
1 8 0
2 8 0
3 8 0
t 275 1
m0 0 11
1 9 0
2 9 0
3 9 0
t 274 1
m0 0 11
1 8 0
2 8 0
3 8 0
t 273 1
m0 0 11
1 9 0
2 9 0
3 9 0
t 272 1
m0 0 11
1 8 0
2 8 0
3 8 0
t 271 1
m0 0 11
1 9 0
2 9 0
3 9 0
t 270 1
m0 0 11
1 8 0
2 8 0
3 8 0
t 269 1
m0 0 11
1 9 0
2 9 0
3 9 0
t 268 1
m0 0 11
1 8 0
2 8 0
3 8 0
t 267 1
m0 0 11
1 9 0
2 9 0
3 9 0
t 266 1
m0 0 11
1 8 0
2 8 0
3 8 0
t 265 1
m0 0 11
1 9 0
2 9 0
3 9 0
t 264 1
m0 0 11
1 8 0
2 8 0
3 8 0
t 263 1
m0 0 11
1 9 0
2 9 0
3 9 0
t 262 1
m0 0 11
1 8 0
2 8 0
3 8 0
t 261 1
m0 0 11
1 9 0
2 9 0
3 9 0
t 260 1
m0 0 11
1 8 0
2 8 0
3 8 0
t 259 1
m0 0 12
1 9 0
2 9 0
3 9 0
t 258 1
m0 0 11
1 8 0
2 8 0
3 8 0
t 257 1
m0 0 11
1 9 0
2 9 0
3 9 0
t 256 1
m0 0 11
1 8 0
2 8 0
3 8 0
t 255 1
m0 0 12
1 9 0
2 9 0
3 9 0
f 0 13
t 254 1
m0 0 12
1 8 0
2 8 0
3 8 0
t 253 1
m0 0 11
1 9 0
2 9 0
3 9 0
t 252 1
m0 0 12
1 8 0
2 8 0
3 8 0
t 251 1
m0 0 13
1 9 0
2 9 0
3 9 0
t 250 11
m0 0 13
1 8 0
2 8 0
3 8 0
t 249 11
m0 0 13
1 9 0
2 9 0
3 9 0
t 248 11
m0 0 13
1 8 0
2 8 0
3 8 0
t 247 11
m0 0 13
1 9 0
2 9 0
3 9 0
t 246 11
m0 0 13
1 8 0
2 8 0
3 8 0
t 245 11
m0 0 13
1 9 0
2 9 0
3 9 0
t 244 11
m0 0 13
1 8 0
2 8 0
3 8 0
t 243 11
m0 0 12
1 9 0
2 9 0
3 9 0
t 242 11
m0 0 11
1 8 0
2 8 0
3 8 0
t 241 11
m0 0 11
1 9 0
2 9 0
3 9 0
t 240 11
m0 0 11
1 8 0
2 8 0
3 8 0
t 239 11
m0 0 11
1 9 0
2 9 0
3 9 0
t 238 11
m0 0 11
1 8 0
2 8 0
3 8 0
t 237 11
m0 0 11
1 9 0
2 9 0
3 9 0
t 236 11
m0 0 11
1 8 0
2 8 0
3 8 0
t 235 11
m0 0 12
1 9 0
2 9 0
3 9 0
t 234 11
m0 1 12
1 8 0
2 8 0
3 8 0
t 233 11
m0 1 12
1 9 0
2 9 0
3 9 0
t 232 11
m0 1 12
1 8 0
2 8 0
3 8 0
t 231 11
m0 1 12
1 9 0
2 9 0
3 9 0
t 230 11
m0 1 12
1 8 0
2 8 0
3 8 0
t 229 11
m0 0 12
1 9 0
2 9 0
3 9 0
t 228 11
m0 1 12
1 8 0
2 8 0
3 8 0
t 227 11
m0 1 12
1 9 0
2 9 0
3 9 0
t 226 11
m0 1 12
1 8 0
2 8 0
3 8 0
t 225 11
m0 1 12
1 9 0
2 9 0
3 9 0
t 224 11
m0 1 12
1 8 0
2 8 0
3 8 0
t 223 11
m0 1 12
1 9 0
2 9 0
3 9 0
t 222 11
m0 1 12
1 8 0
2 8 0
3 8 0
t 221 11
m0 1 12
1 9 0
2 9 0
3 9 0
t 220 11
m0 1 12
1 8 0
2 8 0
3 8 0
t 219 11
m0 1 12
1 9 0
2 9 0
3 9 0
t 218 11
m0 1 12
1 8 0
2 8 0
3 8 0
t 217 11
m0 1 12
1 9 0
2 9 0
3 9 0
t 216 11
m0 1 12
1 8 0
2 8 0
3 8 0
t 215 11
m0 1 12
1 9 0
2 9 0
3 9 0
t 214 11
m0 2 12
1 8 0
2 8 0
3 8 0
f 6 2
t 213 11
m0 3 12
1 9 0
2 9 0
3 9 0
t 212 12
m0 3 13
1 8 0
2 8 0
3 8 0
t 211 12
m0 2 13
1 9 0
2 9 0
3 9 0
t 210 13
m0 3 13
1 8 0
2 8 0
3 8 0
t 209 13
m0 3 13
1 9 0
2 9 0
3 9 0
t 208 13
m0 4 13
1 8 0
2 8 0
3 8 0
t 207 14
m0 5 13
1 9 0
2 9 0
3 9 0
t 206 15
m0 5 13
1 8 0
2 8 0
3 8 0
t 205 15
m0 6 13
1 9 0
2 9 0
3 9 0
t 204 15
m0 6 12
1 8 0
2 8 0
3 8 0
t 203 16
m0 6 12
1 9 0
2 9 0
3 9 0
t 202 16
m0 6 12
1 8 0
2 8 0
3 8 0
t 201 16
m0 7 12
1 9 0
2 9 0
3 9 0
t 200 17
m0 8 12
1 8 0
2 8 0
3 8 0
t 199 18
m0 8 12
1 9 0
2 7 0
3 9 0
t 198 18
m0 8 12
1 8 0
2 7 1
3 8 0
t 197 18
m0 8 12
1 9 0
2 6 1
3 7 0
t 196 18
m0 8 11
1 8 0
2 5 1
3 7 1
t 195 18
m0 9 11
1 9 0
2 5 0
3 7 0
t 194 18
m0 9 11
1 8 0
2 5 1
3 7 1
t 193 18
m0 9 12
1 9 0
2 5 0
3 7 0
t 192 18
m0 9 12
1 8 0
2 5 1
3 7 1
t 191 18
m0 9 11
1 9 0
2 5 0
3 7 0
t 190 18
m0 9 12
1 8 0
2 5 1
3 7 1
t 189 18
m0 8 12
1 9 0
2 5 0
3 7 0
t 188 18
m0 7 12
1 8 0
2 5 1
3 8 0
t 187 18
m0 7 11
1 9 0
2 4 1
3 9 0
t 186 19
m0 7 11
1 8 0
2 3 1
3 8 0
t 185 19
m0 7 11
1 9 0
2 2 1
3 9 0
t 184 19
m0 7 10
1 8 0
2 2 0
3 8 0
t 183 20
m0 7 11
1 9 0
2 1 0
3 9 0
t 182 20
m0 6 11
1 8 0
2 0 0
3 8 0
t 181 20
m0 6 11
1 9 0
2 0 1
3 9 0
t 180 20
m0 5 11
1 8 0
2 0 0
3 8 0
t 179 20
m0 5 11
1 9 0
2 0 1
3 9 0
t 178 20
m0 6 11
1 8 0
2 0 0
3 8 0
t 177 20
m0 5 11
1 9 0
2 0 1
3 9 0
t 176 20
m0 6 11
1 8 0
2 0 0
3 8 0
t 175 20
m0 6 11
1 9 0
2 0 1
3 9 0
t 174 20
m0 7 11
1 8 0
2 0 0
3 8 0
t 173 20
m0 8 11
1 9 0
2 0 1
3 7 0
t 172 20
m0 9 11
1 8 0
2 0 0
3 7 1
t 171 20
m0 9 10
1 9 0
2 1 0
3 6 1
t 170 21
m0 9 9
1 8 0
2 0 0
3 5 1
t 169 21
m0 8 9
1 9 0
2 1 0
3 5 0
t 168 21
m0 7 9
1 8 0
2 0 0
3 5 1
t 167 21
m0 7 9
1 9 0
2 1 0
3 5 0
t 166 21
m0 7 8
1 8 0
2 0 0
3 5 1
t 165 22
m0 8 8
1 9 0
2 1 0
3 5 0
t 164 23
m0 9 8
1 8 0
2 0 0
3 5 1
t 163 24
m0 9 9
1 9 0
2 1 0
3 5 0
t 162 24
m0 9 9
1 8 0
2 0 0
3 5 1
t 161 24
m0 9 8
1 9 0
2 1 0
3 5 0
t 160 24
m0 8 8
1 8 0
2 0 0
3 5 1
t 159 24
m0 7 8
1 9 0
2 1 0
3 5 0
t 158 24
m0 8 8
1 8 0
2 0 0
3 5 1
t 157 24
m0 9 8
1 9 0
2 1 0
3 5 0
t 156 24
m0 9 7
1 8 0
2 0 0
3 5 1
t 155 24
m0 9 6
1 9 0
2 1 0
3 5 0
t 154 24
m0 9 5
1 8 0
2 0 0
3 5 1
t 153 24
m0 9 5
1 9 0
2 1 0
3 5 0
t 152 24
m0 9 6
1 8 0
2 0 0
3 5 1
t 151 24
m0 9 5
1 9 0
2 1 0
3 5 0
t 150 24
m0 8 5
1 8 0
2 0 0
3 5 1
t 149 25
m0 9 5
1 9 0
2 1 0
3 5 0
t 148 25
m0 9 5
1 8 0
2 0 0
3 5 1
t 147 25
m0 8 5
1 9 0
2 1 0
3 5 0
t 146 25
m0 8 6
1 8 0
2 0 0
3 5 1
t 145 26
m0 7 6
1 9 0
2 1 0
3 5 0
t 144 27
m0 7 5
1 8 0
2 0 0
3 5 1
t 143 27
m0 7 6
1 9 0
2 1 0
3 5 0
t 142 27
m0 8 6
1 8 0
2 0 0
3 5 1
t 141 27
m0 7 6
1 9 0
2 1 0
3 5 0
t 140 27
m0 7 7
1 8 0
2 0 0
3 5 1
t 139 27
m0 7 7
1 9 0
2 1 0
3 5 0
t 138 27
m0 7 8
1 8 0
2 0 0
3 5 1
t 137 27
m0 7 8
1 9 0
2 1 0
3 5 0
t 136 27
m0 7 7
1 8 0
2 0 0
3 5 1
t 135 27
m0 7 8
1 9 0
2 1 0
3 5 0
t 134 27
m0 7 7
1 8 0
2 0 0
3 5 1
t 133 27
m0 7 7
1 9 0
2 1 0
3 5 0
t 132 27
m0 7 7
1 8 0
2 0 0
3 5 1
t 131 27
m0 7 6
1 9 0
2 1 0
3 5 0
t 130 27
m0 6 6
1 8 0
2 0 0
3 5 1
t 129 27
m0 6 6
1 9 0
2 1 0
3 5 0
t 128 27
m0 6 6
1 8 0
2 0 0
3 5 1
t 127 27
m0 7 6
1 9 0
2 1 0
3 5 0
t 126 27
m0 8 6
1 8 0
2 0 0
3 5 1
t 125 27
m0 8 5
1 9 0
2 1 0
3 5 0
t 124 27
m0 8 5
1 8 0
2 0 0
3 5 1
t 123 27
m0 8 6
1 9 0
2 1 0
3 5 0
t 122 27
m0 8 5
1 8 0
2 0 0
3 5 1
t 121 27
m0 7 5
1 9 0
2 1 0
3 5 0
t 120 27
m0 7 4
1 8 0
2 0 0
3 5 1
t 119 28
m0 6 4
1 9 0
2 1 0
3 5 0
t 118 29
m0 7 4
1 8 0
2 0 0
3 5 1
t 117 29
m0 7 4
1 9 0
2 1 0
3 5 0
t 116 29
m0 7 4
1 8 0
2 0 0
3 5 1
t 115 29
m0 7 4
1 9 0
2 1 0
3 5 0
t 114 29
m0 7 5
1 8 0
2 0 0
3 5 1
t 113 29
m0 7 4
1 9 0
2 1 0
3 5 0
t 112 29
m0 7 5
1 8 0
2 0 0
3 5 1
t 111 29
m0 7 5
1 9 0
2 1 0
3 5 0
t 110 29
m0 8 5
1 8 0
2 0 0
3 5 1
t 109 29
m0 9 5
1 9 0
2 1 0
3 5 0
t 108 29
m0 9 5
1 8 0
2 0 0
3 5 1
t 107 29
m0 8 5
1 9 0
2 1 0
3 5 0
t 106 29
m0 8 6
1 8 0
2 0 0
3 5 1
t 105 29
m0 9 6
1 9 0
2 1 0
3 5 0
t 104 29
m0 9 5
1 8 0
2 0 0
3 5 1
t 103 29
m0 9 4
1 9 0
2 1 0
3 5 0
t 102 29
m0 9 3
1 8 0
2 0 0
3 5 1
t 101 29
m0 9 3
1 9 0
2 1 0
3 5 0
t 100 29
m0 9 2
1 8 0
2 0 0
3 5 1
t 99 30
m0 8 2
1 9 0
2 1 0
3 5 0
t 98 30
m0 9 2
1 8 0
2 0 0
3 5 1
t 97 30
m0 9 3
1 9 0
2 1 0
3 5 0
t 96 30
m0 9 4
1 8 0
2 0 0
3 5 1
t 95 30
m0 9 4
1 9 0
2 1 0
3 5 0
t 94 30
m0 9 4
1 8 0
2 0 0
3 5 1
t 93 30
m0 9 5
1 9 0
2 1 0
3 5 0
t 92 30
m0 8 5
1 8 0
2 0 0
3 5 1
t 91 30
m0 7 5
1 9 0
2 1 0
3 5 0
t 90 30
m0 7 6
1 8 0
2 0 0
3 5 1
t 89 30
m0 7 5
1 9 0
2 1 0
3 5 0
t 88 30
m0 7 4
1 8 0
2 0 0
3 5 1
t 87 30
m0 7 5
1 9 0
2 1 0
3 5 0
t 86 30
m0 7 4
1 8 0
2 0 0
3 5 1
t 85 30
m0 6 4
1 9 0
2 1 0
3 5 0
t 84 30
m0 7 4
1 8 0
2 0 0
3 5 1
t 83 30
m0 6 4
1 9 0
2 1 0
3 5 0
t 82 30
m0 6 4
1 8 0
2 0 0
3 5 1
t 81 30
m0 6 3
1 9 0
2 1 0
3 5 0
t 80 30
m0 6 2
1 8 0
2 0 0
3 5 1
t 79 40
m0 6 2
1 9 0
2 1 0
3 5 0
t 78 40
m0 6 3
1 8 0
2 0 0
3 5 1
t 77 40
m0 6 3
1 9 0
2 1 0
3 5 0
t 76 40
m0 6 3
1 8 0
2 0 0
3 5 1
t 75 40
m0 6 4
1 9 0
2 1 0
3 5 0
t 74 40
m0 6 4
1 8 0
2 0 0
3 5 1
f 2 2
t 73 40
m0 6 4
1 9 0
2 1 0
3 5 0
t 72 40
m0 7 4
1 8 0
2 0 0
3 5 1
t 71 40
m0 7 4
1 9 0
2 1 0
3 5 0
t 70 40
m0 7 4
1 8 0
2 0 0
3 5 1
t 69 40
m0 6 4
1 9 0
2 1 0
3 5 0
t 68 40
m0 5 4
1 8 0
2 0 0
3 5 1
t 67 41
m0 6 4
1 9 0
2 1 0
3 5 0
t 66 41
m0 6 3
1 8 0
2 0 0
3 5 1
t 65 41
m0 6 2
1 9 0
2 1 0
3 5 0
t 64 41
m0 6 3
1 8 0
2 0 0
3 5 1
t 63 41
m0 6 4
1 9 0
2 1 0
3 5 0
t 62 41
m0 6 3
1 8 0
2 0 0
3 5 1
t 61 41
m0 6 2
1 9 0
2 1 0
3 5 0
t 60 41
m0 6 3
1 8 0
2 0 0
3 5 1
t 59 41
m0 6 4
1 9 0
2 1 0
3 5 0
t 58 41
m0 7 4
1 8 0
2 0 0
3 5 1
t 57 41
m0 6 4
1 9 0
2 1 0
3 5 0
t 56 41
m0 5 4
1 8 0
2 0 0
3 5 1
t 55 41
m0 6 4
1 9 0
2 1 0
3 5 0
t 54 41
m0 6 4
1 8 0
2 0 0
3 5 1
t 53 41
m0 6 3
1 9 0
2 1 0
3 5 0
t 52 41
m0 6 3
1 8 0
2 0 0
3 5 1
t 51 41
m0 6 4
1 9 0
2 1 0
3 5 0
t 50 41
m0 5 4
1 8 0
2 0 0
3 5 1
t 49 41
m0 6 4
1 9 0
2 1 0
3 5 0
t 48 41
m0 5 4
1 8 0
2 0 0
3 5 1
t 47 41
m0 4 4
1 9 0
2 1 0
3 6 1
t 46 42
m0 4 4
1 8 0
2 0 0
3 7 1
t 45 42
m0 4 5
1 9 0
2 1 0
3 8 1
t 44 42
m0 4 4
1 8 0
2 0 0
3 8 0
t 43 42
m0 5 4
1 9 0
2 0 1
3 9 0
t 42 42
m0 6 4
1 8 0
2 0 0
3 8 0
t 41 42
m0 6 4
1 9 0
2 0 1
3 9 0
t 40 42
m0 5 4
1 8 0
2 0 0
3 8 0
t 39 42
m0 4 4
1 9 0
2 0 1
3 9 0
t 38 42
m0 5 4
1 8 0
2 0 0
3 8 0
t 37 42
m0 4 4
1 9 0
2 0 1
3 9 0
t 36 42
m0 5 4
1 8 0
2 0 0
3 8 0
t 35 42
m0 5 4
1 9 0
2 0 1
3 9 0
t 34 42
m0 4 4
1 8 0
2 0 0
3 8 0
t 33 42
m0 5 4
1 9 0
2 0 1
3 9 0
t 32 42
m0 6 4
1 8 0
2 0 0
3 8 0
t 31 42
m0 6 4
1 9 0
2 0 1
3 9 0
t 30 42
m0 5 4
1 8 0
2 0 0
3 8 0
t 29 42
m0 4 4
1 9 0
2 0 1
3 9 0
t 28 42
m0 5 4
1 8 0
2 0 0
3 8 0
t 27 42
m0 4 4
1 9 0
2 0 1
3 9 0
t 26 42
m0 3 4
1 8 0
2 0 0
3 8 0
t 25 42
m0 4 4
1 9 0
2 0 1
3 9 0
t 24 42
m0 4 4
1 8 0
2 0 0
3 8 0
t 23 42
m0 4 4
1 9 0
2 0 1
3 9 0
t 22 42
m0 3 4
1 8 0
2 0 0
3 8 0
t 21 42
m0 3 3
1 9 0
2 0 1
3 9 0
t 20 43
m0 3 3
1 8 0
2 0 0
3 8 0
t 19 43
m0 3 4
1 9 0
2 0 1
3 9 0
t 18 43
m0 3 4
1 8 0
2 0 0
3 8 0
t 17 43
m0 3 4
1 9 0
2 0 1
3 9 0
t 16 43
m0 3 4
1 8 0
2 0 0
3 8 0
t 15 43
m0 4 4
1 9 0
2 0 1
3 9 0
t 14 43
m0 4 4
1 8 0
2 0 0
3 8 0
t 13 43
m0 3 4
1 9 0
2 0 1
3 9 0
t 12 43
m0 2 4
1 8 0
2 0 0
3 8 0
t 11 44
m0 2 3
1 9 0
2 0 1
3 9 0
t 10 44
m0 3 3
1 8 0
2 0 0
3 8 0
t 9 44
m0 3 3
1 9 0
2 0 1
3 9 0
t 8 44
m0 3 2
1 8 0
2 0 0
3 8 0
t 7 45
m0 2 2
1 9 0
2 0 1
3 9 0
t 6 55
m0 3 2
1 8 0
2 0 0
3 8 0
t 5 55
m0 3 3
1 9 0
2 0 1
3 9 0
t 4 55
m0 3 2
1 8 0
2 0 0
3 8 0
t 3 55
m0 3 3
1 9 0
2 0 1
3 9 0
t 2 55
m0 2 3
1 8 0
2 0 0
3 8 0
f 6 3
t 1 55
m0 3 3
1 8 0
2 0 0
3 8 0
t 0 55
