10
15
w 6 9
w 9 1
w 5 6
w 7 7
w 0 7
w 2 1
w 4 12
w 2 12
w 7 11
w 3 7
w 1 11
w 6 14
w 1 2
w 7 6
w 3 10
w 1 5
w 5 0
w 3 6
w 7 14
w 0 0
w 9 14
w 5 4
w 3 2
w 7 1
w 6 11
w 8 11
w 9 3
w 4 14
w 7 5
w 1 9
w 2 14
w 2 7
w 9 13
w 9 2
w 6 13
w 5 2
w 2 4
p 1 3
p 8 13
p 4 8
p 3 0
p 2 8
p 9 8
p 8 0
p 6 6
p 5 13
p 6 2
p 1 6
p 0 10
p 5 1
p 2 5
p 8 5
p 5 8
p 8 14
p 9 0
p 6 7
p 3 3
p 2 9
p 5 5
p 4 4
p 1 14
p 8 10
p 9 11
p 0 4
p 4 1
p 1 1
p 6 4
p 5 11
p 3 13
p 2 10
p 9 10
p 0 12
p 3 9
p 0 5
p 8 7
p 6 12
p 4 11
p 5 3
p 7 9
p 6 5
p 3 5
p 6 8
p 8 12
p 0 13
p 9 9
p 2 11
p 5 14
p 0 6
p 1 8
p 4 3
p 1 7
p 0 9
p 0 2
m0 0 14
1 9 0
2 9 0
3 9 0
t 300 0
m0 0 14
1 8 0
2 8 0
3 8 0
t 299 0
m0 1 14
1 9 0
2 9 0
3 9 0
t 298 1
m0 1 13
1 8 0
2 8 0
3 8 0
t 297 1
m0 1 12
1 9 0
2 9 0
3 9 0
t 296 1
m0 0 12
1 8 0
2 8 0
3 8 0
t 295 2
m0 0 13
1 9 0
2 9 0
3 9 0
t 294 3
m0 0 14
1 8 0
2 8 0
3 8 0
t 293 3
m0 1 14
1 9 0
2 9 0
3 9 0
t 292 3
m0 1 13
1 8 0
2 8 0
3 8 0
t 291 3
m0 1 14
1 9 0
2 9 0
3 9 0
t 290 3
m0 0 14
1 8 0
2 8 0
3 8 0
t 289 3
m0 1 14
1 9 0
2 9 0
3 9 0
t 288 3
m0 0 14
1 8 0
2 8 0
3 8 0
t 287 3
m0 1 14
1 9 0
2 9 0
3 9 0
t 286 3
m0 0 14
1 8 0
2 8 0
3 8 0
t 285 3
m0 0 14
1 9 0
2 9 0
3 9 0
t 284 3
m0 0 14
1 8 0
2 8 0
3 8 0
t 283 3
m0 0 14
1 9 0
2 9 0
3 9 0
t 282 3
m0 1 14
1 8 0
2 8 0
3 8 0
t 281 3
m0 1 14
1 9 0
2 9 0
3 9 0
t 280 3
m0 1 14
1 8 0
2 8 0
3 8 0
t 279 3
m0 1 13
1 9 0
2 9 0
3 9 0
t 278 3
m0 1 12
1 8 0
2 8 0
3 8 0
t 277 3
m0 1 13
1 9 0
2 9 0
3 9 0
t 276 3
m0 0 13
1 8 0
2 8 0
3 8 0
t 275 3
m0 0 13
1 9 0
2 9 0
3 9 0
t 274 3
m0 1 13
1 8 0
2 8 0
3 8 0
t 273 3
m0 2 13
1 9 0
2 9 0
3 9 0
t 272 3
m0 3 13
1 8 0
2 8 0
3 8 0
t 271 4
m0 3 14
1 9 0
2 9 0
3 9 0
t 270 4
m0 3 13
1 8 0
2 8 0
3 8 0
t 269 4
m0 2 13
1 9 0
2 9 0
3 9 0
t 268 4
m0 1 13
1 8 0
2 8 0
3 8 0
t 267 4
m0 1 14
1 9 0
2 9 0
3 9 0
t 266 4
m0 0 14
1 8 0
2 8 0
3 8 0
t 265 4
m0 0 14
1 9 0
2 9 0
3 9 0
t 264 4
m0 0 13
1 8 0
2 8 0
3 8 0
f 1 10
t 263 4
m0 0 12
1 9 0
2 9 0
3 9 0
t 262 4
m0 0 12
1 8 0
2 8 0
3 8 0
t 261 4
m0 0 11
1 9 0
2 9 0
3 9 0
t 260 4
m0 0 11
1 8 0
2 8 0
3 8 0
t 259 4
m0 0 10
1 9 0
2 9 0
3 9 0
t 258 5
m0 0 9
1 8 0
2 8 0
3 8 0
t 257 6
m0 0 10
1 9 0
2 9 0
3 9 0
t 256 6
m0 0 10
1 8 0
2 8 0
3 8 0
t 255 6
m0 0 11
1 9 0
2 9 0
3 9 0
t 254 6
m0 0 12
1 8 0
2 8 0
3 8 0
t 253 6
m0 0 11
1 9 0
2 9 0
3 9 0
t 252 6
m0 0 11
1 8 0
2 8 0
3 8 0
t 251 6
m0 0 10
1 9 0
2 9 0
3 9 0
t 250 6
m0 0 9
1 8 0
2 8 0
3 8 0
t 249 6
m0 0 10
1 9 0
2 9 0
3 9 0
t 248 6
m0 0 10
1 8 0
2 8 0
3 8 0
t 247 6
m0 0 10
1 9 0
2 9 0
3 9 0
t 246 6
m0 0 11
1 8 0
2 8 0
3 8 0
t 245 6
m0 0 12
1 9 0
2 9 0
3 9 0
t 244 6
m0 0 13
1 8 0
2 8 0
3 8 0
t 243 6
m0 0 13
1 9 0
2 9 0
3 9 0
t 242 6
m0 0 13
1 8 0
2 8 0
3 8 0
t 241 6
m0 0 14
1 9 0
2 9 0
3 9 0
t 240 6
m0 1 14
1 8 0
2 8 0
3 8 0
t 239 6
m0 1 14
1 9 0
2 9 0
3 9 0
t 238 6
m0 1 14
1 8 0
2 8 0
3 8 0
t 237 6
m0 0 14
1 9 0
2 9 0
3 9 0
t 236 6
m0 0 14
1 8 0
2 8 0
3 8 0
t 235 6
m0 0 14
1 9 0
2 9 0
3 9 0
t 234 6
m0 0 14
1 8 0
2 8 0
3 8 0
t 233 6
m0 1 14
1 9 0
2 9 0
3 9 0
t 232 6
m0 1 13
1 8 0
2 8 0
3 8 0
t 231 6
m0 1 12
1 9 0
2 9 0
3 9 0
t 230 6
m0 1 12
1 8 0
2 8 0
3 8 0
t 229 6
m0 1 12
1 9 0
2 9 0
3 9 0
t 228 6
m0 0 12
1 8 0
2 8 0
3 8 0
t 227 6
m0 0 11
1 9 0
2 9 0
3 9 0
t 226 6
m0 0 12
1 8 0
2 8 0
3 8 0
t 225 6
m0 0 13
1 9 0
2 9 0
3 9 0
t 224 6
m0 1 13
1 8 0
2 8 0
3 8 0
t 223 6
m0 1 14
1 9 0
2 9 0
3 9 0
t 222 6
m0 0 14
1 8 0
2 8 0
3 8 0
t 221 6
m0 1 14
1 9 0
2 9 0
3 9 0
t 220 6
m0 1 14
1 8 0
2 8 0
3 8 0
t 219 6
m0 1 14
1 9 0
2 9 0
3 9 0
t 218 6
m0 1 14
1 8 0
2 8 0
3 8 0
t 217 6
m0 1 14
1 9 0
2 9 0
3 9 0
t 216 6
m0 1 14
1 8 0
2 8 0
3 8 0
t 215 6
m0 0 14
1 9 0
2 9 0
3 9 0
t 214 6
m0 0 13
1 8 0
2 8 0
3 8 0
t 213 6
m0 0 12
1 9 0
2 9 0
3 9 0
t 212 6
m0 0 13
1 8 0
2 8 0
3 8 0
t 211 6
m0 1 13
1 9 0
2 9 0
3 9 0
t 210 6
m0 1 12
1 8 0
2 8 0
3 8 0
t 209 6
m0 1 13
1 9 0
2 9 0
3 9 0
t 208 6
m0 1 12
1 8 0
2 8 0
3 8 0
t 207 6
m0 0 12
1 9 0
2 9 0
3 9 0
t 206 6
m0 1 12
1 8 0
2 8 0
3 8 0
t 205 6
m0 0 12
1 9 0
2 9 0
3 9 0
t 204 6
m0 0 12
1 8 0
2 8 0
3 8 0
t 203 6
m0 1 12
1 9 0
2 9 0
3 9 0
t 202 6
m0 0 12
1 8 0
2 8 0
3 8 0
t 201 6
m0 0 11
1 9 0
2 9 0
3 9 0
t 200 6
m0 0 10
1 8 0
2 8 0
3 8 0
t 199 6
m0 0 9
1 9 0
2 9 0
3 9 0
t 198 6
m0 0 10
1 8 0
2 8 0
3 8 0
t 197 6
m0 0 11
1 9 0
2 9 0
3 9 0
t 196 6
m0 0 10
1 8 0
2 8 0
3 8 0
t 195 6
m0 1 10
1 9 0
2 9 0
3 9 0
t 194 16
m0 0 10
1 8 0
2 8 0
3 8 0
t 193 16
m0 0 9
1 9 0
2 9 0
3 9 0
t 192 16
m0 0 9
1 8 0
2 8 0
3 8 0
t 191 16
m0 0 9
1 9 0
2 9 0
3 9 0
t 190 16
m0 0 8
1 8 0
2 8 0
3 8 0
t 189 16
m0 0 8
1 9 0
2 9 0
3 9 0
t 188 16
m0 1 8
1 8 0
2 8 0
3 8 0
t 187 17
m0 1 8
1 9 0
2 9 0
3 9 0
t 186 17
m0 1 7
1 8 0
2 8 0
3 8 0
t 185 18
m0 1 8
1 9 0
2 9 0
3 9 0
t 184 18
m0 1 8
1 8 0
2 8 0
3 8 0
t 183 18
m0 0 8
1 9 0
2 9 0
3 9 0
t 182 18
m0 0 9
1 8 0
2 8 0
3 8 0
t 181 18
m0 0 10
1 9 0
2 9 0
3 9 0
t 180 18
m0 0 10
1 8 0
2 8 0
3 8 0
t 179 18
m0 0 10
1 9 0
2 9 0
3 9 0
t 178 18
m0 0 10
1 8 0
2 8 0
3 8 0
t 177 18
m0 0 11
1 9 0
2 9 0
3 9 0
t 176 18
m0 0 12
1 8 0
2 8 0
3 8 0
t 175 18
m0 0 12
1 9 0
2 9 0
3 9 0
t 174 18
m0 0 12
1 8 0
2 8 0
3 8 0
t 173 18
m0 0 11
1 9 0
2 9 0
3 9 0
t 172 18
m0 0 12
1 8 0
2 8 0
3 8 0
f 1 12
t 171 18
m0 0 13
1 9 0
2 9 0
3 9 0
t 170 18
m0 0 14
1 8 0
2 8 0
3 8 0
t 169 18
m0 0 13
1 9 0
2 9 0
3 9 0
t 168 18
m0 0 14
1 8 0
2 8 0
3 8 0
t 167 18
m0 0 14
1 9 0
2 9 0
3 9 0
t 166 18
m0 1 14
1 8 0
2 8 0
3 8 0
t 165 18
m0 0 14
1 9 0
2 9 0
3 9 0
t 164 18
m0 0 13
1 8 0
2 8 0
3 8 0
t 163 18
m0 0 12
1 9 0
2 9 0
3 9 0
t 162 18
m0 0 13
1 8 0
2 8 0
3 8 0
t 161 18
m0 0 13
1 9 0
2 9 0
3 9 0
t 160 18
m0 0 12
1 8 0
2 8 0
3 8 0
t 159 18
m0 0 12
1 9 0
2 9 0
3 9 0
t 158 18
m0 0 11
1 8 0
2 8 0
3 8 0
t 157 18
m0 0 12
1 9 0
2 9 0
3 9 0
t 156 18
m0 0 13
1 8 0
2 8 0
3 8 0
t 155 18
m0 0 14
1 9 0
2 9 0
3 9 0
t 154 18
m0 1 14
1 8 0
2 8 0
3 8 0
t 153 18
m0 0 14
1 9 0
2 9 0
3 9 0
t 152 18
m0 0 14
1 8 0
2 8 0
3 8 0
t 151 18
m0 0 14
1 9 0
2 9 0
3 9 0
t 150 18
m0 0 14
1 8 0
2 8 0
3 8 0
t 149 18
m0 1 14
1 9 0
2 9 0
3 9 0
t 148 18
m0 1 14
1 8 0
2 8 0
3 8 0
t 147 18
m0 1 14
1 9 0
2 9 0
3 9 0
t 146 18
m0 0 14
1 8 0
2 8 0
3 8 0
t 145 18
m0 1 14
1 9 0
2 9 0
3 9 0
t 144 18
m0 0 14
1 8 0
2 8 0
3 8 0
t 143 18
m0 1 14
1 9 0
2 9 0
3 9 0
t 142 18
m0 1 14
1 8 0
2 8 0
3 8 0
t 141 18
m0 1 14
1 9 0
2 9 0
3 9 0
t 140 18
m0 1 14
1 8 0
2 8 0
3 8 0
t 139 18
m0 0 14
1 9 0
2 9 0
3 9 0
t 138 18
m0 0 14
1 8 0
2 8 0
3 8 0
t 137 18
m0 0 14
1 9 0
2 9 0
3 9 0
t 136 18
m0 0 13
1 8 0
2 8 0
3 8 0
t 135 18
m0 0 14
1 9 0
2 9 0
3 9 0
t 134 18
m0 0 13
1 8 0
2 8 0
3 8 0
t 133 18
m0 0 12
1 9 0
2 9 0
3 9 0
t 132 18
m0 0 11
1 8 0
2 8 0
3 8 0
t 131 18
m0 0 12
1 9 0
2 9 0
3 9 0
t 130 18
m0 0 11
1 8 0
2 8 0
3 8 0
t 129 18
m0 0 11
1 9 0
2 9 0
3 9 0
t 128 18
m0 0 11
1 8 0
2 8 0
3 8 0
t 127 18
m0 0 12
1 9 0
2 9 0
3 9 0
t 126 18
m0 1 12
1 8 0
2 8 0
3 8 0
t 125 28
m0 0 12
1 9 0
2 9 0
3 9 0
t 124 28
m0 0 12
1 8 0
2 8 0
3 8 0
t 123 28
m0 1 12
1 9 0
2 9 0
3 9 0
t 122 28
m0 1 12
1 8 0
2 8 0
3 8 0
t 121 28
m0 1 13
1 9 0
2 9 0
3 9 0
t 120 28
m0 2 13
1 8 0
2 8 0
3 8 0
t 119 28
m0 1 13
1 9 0
2 9 0
3 9 0
t 118 28
m0 1 12
1 8 0
2 8 0
3 8 0
t 117 28
m0 1 12
1 9 0
2 9 0
3 9 0
t 116 28
m0 0 12
1 8 0
2 8 0
3 8 0
t 115 28
m0 0 12
1 9 0
2 9 0
3 9 0
f 2 2
t 114 28
m0 0 12
1 8 0
2 8 0
3 8 0
t 113 28
m0 0 12
1 9 0
2 9 0
3 9 0
t 112 28
m0 0 11
1 8 0
2 8 0
3 8 0
t 111 28
m0 0 12
1 9 0
2 9 0
3 9 0
t 110 28
m0 0 12
1 8 0
2 8 0
3 8 0
t 109 28
m0 0 12
1 9 0
2 9 0
3 9 0
t 108 28
m0 0 12
1 8 0
2 8 0
3 8 0
t 107 28
m0 0 12
1 9 0
2 9 0
3 9 0
t 106 28
m0 0 13
1 8 0
2 8 0
3 8 0
t 105 28
m0 0 13
1 9 0
2 9 0
3 9 0
t 104 28
m0 1 13
1 8 0
2 8 0
3 8 0
t 103 28
m0 0 13
1 9 0
2 9 0
3 9 0
t 102 28
m0 0 13
1 8 0
2 8 0
3 8 0
t 101 28
m0 0 14
1 9 0
2 9 0
3 9 0
t 100 28
m0 0 14
1 8 0
2 8 0
3 8 0
t 99 28
m0 0 14
1 9 0
2 9 0
3 9 0
t 98 28
m0 0 14
1 8 0
2 8 0
3 8 0
t 97 28
m0 0 13
1 9 0
2 9 0
3 9 0
t 96 28
m0 0 14
1 8 0
2 8 0
3 8 0
t 95 28
m0 0 13
1 9 0
2 9 0
3 9 0
t 94 28
m0 1 13
1 8 0
2 8 0
3 8 0
t 93 28
m0 0 13
1 9 0
2 9 0
3 9 0
t 92 28
m0 0 14
1 8 0
2 8 0
3 8 0
t 91 28
m0 0 13
1 9 0
2 9 0
3 9 0
t 90 28
m0 0 14
1 8 0
2 8 0
3 8 0
t 89 28
m0 0 14
1 9 0
2 9 0
3 9 0
t 88 28
m0 1 14
1 8 0
2 8 0
3 8 0
t 87 28
m0 1 14
1 9 0
2 9 0
3 9 0
t 86 28
m0 1 13
1 8 0
2 8 0
3 8 0
t 85 28
m0 1 14
1 9 0
2 9 0
3 9 0
t 84 28
m0 1 13
1 8 0
2 8 0
3 8 0
t 83 28
m0 1 12
1 9 0
2 9 0
3 9 0
t 82 28
m0 1 12
1 8 0
2 8 0
3 8 0
t 81 28
m0 1 13
1 9 0
2 9 0
3 9 0
t 80 28
m0 1 12
1 8 0
2 8 0
3 8 0
t 79 28
m0 0 12
1 9 0
2 9 0
3 9 0
t 78 28
m0 0 12
1 8 0
2 8 0
3 8 0
t 77 28
m0 0 12
1 9 0
2 9 0
3 9 0
t 76 28
m0 0 13
1 8 0
2 8 0
3 8 0
t 75 28
m0 0 14
1 9 0
2 9 0
3 9 0
t 74 28
m0 1 14
1 8 0
2 8 0
3 8 0
t 73 28
m0 0 14
1 9 0
2 9 0
3 9 0
t 72 28
m0 1 14
1 8 0
2 8 0
3 8 0
t 71 28
m0 1 14
1 9 0
2 9 0
3 9 0
t 70 28
m0 1 13
1 8 0
2 8 0
3 8 0
t 69 28
m0 1 12
1 9 0
2 9 0
3 9 0
t 68 28
m0 0 12
1 8 0
2 8 0
3 8 0
t 67 28
m0 0 11
1 9 0
2 9 0
3 9 0
t 66 28
m0 0 12
1 8 0
2 8 0
3 8 0
t 65 28
m0 0 13
1 9 0
2 9 0
3 9 0
t 64 28
m0 0 14
1 8 0
2 8 0
3 8 0
t 63 28
m0 0 14
1 9 0
2 9 0
3 9 0
t 62 28
m0 1 14
1 8 0
2 8 0
3 8 0
t 61 28
m0 1 13
1 9 0
2 9 0
3 9 0
t 60 28
m0 0 13
1 8 0
2 8 0
3 8 0
t 59 28
m0 0 14
1 9 0
2 9 0
3 9 0
t 58 28
m0 1 14
1 8 0
2 8 0
3 8 0
t 57 28
m0 1 13
1 9 0
2 9 0
3 9 0
t 56 28
m0 2 13
1 8 0
2 8 0
3 8 0
t 55 28
m0 1 13
1 9 0
2 9 0
3 9 0
t 54 28
m0 1 14
1 8 0
2 8 0
3 8 0
t 53 28
m0 0 14
1 9 0
2 9 0
3 9 0
t 52 28
m0 1 14
1 8 0
2 8 0
3 8 0
t 51 28
m0 1 14
1 9 0
2 9 0
3 9 0
t 50 28
m0 1 13
1 8 0
2 8 0
3 8 0
t 49 28
m0 0 13
1 9 0
2 9 0
3 9 0
t 48 28
m0 0 12
1 8 0
2 8 0
3 8 0
t 47 28
m0 0 11
1 9 0
2 9 0
3 9 0
t 46 28
m0 0 11
1 8 0
2 8 0
3 8 0
t 45 28
m0 0 12
1 9 0
2 9 0
3 9 0
t 44 28
m0 0 13
1 8 0
2 8 0
3 8 0
t 43 28
m0 0 14
1 9 0
2 9 0
3 9 0
t 42 28
m0 0 14
1 8 0
2 8 0
3 8 0
t 41 28
m0 0 13
1 9 0
2 9 0
3 9 0
t 40 28
m0 1 13
1 8 0
2 8 0
3 8 0
t 39 28
m0 1 13
1 9 0
2 9 0
3 9 0
t 38 28
m0 1 13
1 8 0
2 8 0
3 8 0
t 37 28
m0 0 13
1 9 0
2 9 0
3 9 0
t 36 28
m0 0 12
1 8 0
2 8 0
3 8 0
t 35 28
m0 1 12
1 9 0
2 9 0
3 9 0
t 34 28
m0 1 13
1 8 0
2 8 0
3 8 0
t 33 28
m0 1 13
1 9 0
2 9 0
3 9 0
t 32 28
m0 0 13
1 8 0
2 8 0
3 8 0
t 31 28
m0 0 13
1 9 0
2 9 0
3 9 0
t 30 28
m0 0 14
1 8 0
2 8 0
3 8 0
t 29 28
m0 1 14
1 9 0
2 9 0
3 9 0
t 28 28
m0 0 14
1 8 0
2 8 0
3 8 0
t 27 28
m0 0 13
1 9 0
2 9 0
3 9 0
t 26 28
m0 1 13
1 8 0
2 8 0
3 8 0
t 25 28
m0 1 13
1 9 0
2 9 0
3 9 0
t 24 28
m0 0 13
1 8 0
2 8 0
3 8 0
t 23 28
m0 1 13
1 9 0
2 9 0
3 9 0
t 22 28
m0 1 12
1 8 0
2 8 0
3 8 0
t 21 28
m0 0 12
1 9 0
2 9 0
3 9 0
t 20 28
m0 1 12
1 8 0
2 8 0
3 8 0
t 19 28
m0 1 12
1 9 0
2 9 0
3 9 0
t 18 28
m0 0 12
1 8 0
2 8 0
3 8 0
t 17 28
m0 0 12
1 9 0
2 9 0
3 9 0
t 16 28
m0 0 13
1 8 0
2 8 0
3 8 0
t 15 28
m0 0 13
1 9 0
2 9 0
3 9 0
t 14 28
m0 0 14
1 8 0
2 8 0
3 8 0
t 13 28
m0 0 13
1 9 0
2 9 0
3 9 0
t 12 28
m0 0 14
1 8 0
2 8 0
3 8 0
t 11 28
m0 0 13
1 9 0
2 9 0
3 9 0
t 10 28
m0 0 14
1 8 0
2 8 0
3 8 0
t 9 28
m0 0 14
1 9 0
2 9 0
3 9 0
t 8 28
m0 1 14
1 8 0
2 8 0
3 8 0
t 7 28
m0 1 13
1 9 0
2 9 0
3 9 0
t 6 28
m0 1 12
1 8 0
2 8 0
3 8 0
t 5 28
m0 0 12
1 9 0
2 9 0
3 9 0
t 4 28
m0 0 12
1 8 0
2 8 0
3 8 0
t 3 28
m0 0 11
1 9 0
2 9 0
3 9 0
t 2 28
m0 0 10
1 8 0
2 8 0
3 8 0
t 1 28
m0 1 10
1 8 0
2 8 0
3 8 0
t 0 28
