10
15
w 4 7
w 1 3
w 9 1
w 6 6
w 7 12
w 4 8
w 4 12
w 2 12
w 0 10
w 7 11
w 7 2
w 4 0
w 6 14
w 8 14
w 4 13
w 1 5
w 9 11
w 5 0
w 7 10
w 4 10
w 3 2
w 6 4
w 8 2
w 6 11
w 4 5
w 9 10
w 7 5
w 1 9
w 8 7
w 1 0
w 3 12
w 6 8
w 1 12
w 4 3
w 1 7
w 0 9
w 5 2
p 6 9
p 5 6
p 3 0
p 5 13
p 6 2
p 5 1
p 0 3
p 8 5
p 3 14
p 5 8
p 6 7
p 8 1
p 7 6
p 4 4
p 1 14
p 2 2
p 0 4
p 8 6
p 3 4
p 4 1
p 1 1
p 9 7
p 7 14
p 2 6
p 7 1
p 3 13
p 1 13
p 9 3
p 6 0
p 1 4
p 0 12
p 0 5
p 2 14
p 9 6
p 4 11
p 7 9
p 3 5
p 9 13
p 5 3
p 8 3
p 4 6
p 8 12
p 6 1
p 3 1
p 7 13
p 9 9
p 5 7
p 0 13
p 3 8
p 2 0
p 0 6
p 8 8
p 2 11
p 6 13
p 7 8
p 0 2
m0 0 14
1 9 0
2 9 0
3 9 0
t 300 0
m0 0 14
1 8 0
2 8 0
3 8 0
t 299 0
m0 0 14
1 9 0
2 9 0
3 7 0
t 298 0
m0 0 14
1 8 0
2 8 0
3 7 1
t 297 0
m0 0 14
1 7 0
2 9 0
3 8 1
t 296 0
m0 0 14
1 8 0
2 8 0
3 7 1
t 295 0
m0 0 14
1 7 0
2 8 1
3 6 1
t 294 0
m0 0 14
1 8 0
2 7 1
3 6 0
t 293 0
m0 0 14
1 8 1
2 7 0
3 6 1
t 292 0
m0 0 14
1 8 0
2 7 1
3 6 2
t 291 0
m0 0 14
1 7 0
2 6 1
3 6 1
t 290 0
m0 0 14
1 6 0
2 6 0
3 6 0
t 289 0
m0 0 14
1 7 0
2 6 1
3 7 0
t 288 0
m0 0 14
1 6 0
2 6 2
3 6 0
t 287 0
m0 0 14
1 6 1
2 6 1
3 7 0
t 286 0
m0 0 14
1 6 0
2 5 1
3 7 1
t 285 0
m0 0 14
1 6 1
2 6 1
3 8 1
t 284 0
m0 0 14
1 6 2
2 6 0
3 7 1
t 283 0
m0 0 14
1 6 3
2 6 1
3 8 1
t 282 0
m0 0 14
1 5 3
2 6 0
3 7 1
t 281 0
m0 0 14
1 5 4
2 7 0
3 6 1
t 280 0
m0 0 14
1 5 5
2 6 0
3 6 0
t 279 0
m0 0 14
1 5 6
2 6 1
3 6 1
t 278 0
m0 0 14
1 5 7
2 6 0
3 5 1
t 277 0
m0 0 14
1 5 6
2 7 0
3 4 1
t 276 0
m0 0 14
1 5 7
2 6 0
3 4 2
t 275 0
m0 0 14
1 6 7
2 7 0
3 4 1
f 0 11
t 274 0
m0 0 14
1 5 7
2 6 0
3 3 1
t 273 0
m0 0 14
1 5 8
2 7 0
3 2 1
t 272 0
m0 0 14
1 5 7
2 8 0
3 2 2
t 271 0
m0 0 14
1 5 8
2 8 1
3 2 3
t 270 0
m0 0 14
1 5 9
2 8 0
3 3 3
t 269 0
m0 0 14
1 4 9
2 9 0
3 2 3
t 268 0
m0 0 14
1 5 9
2 8 0
3 2 2
t 267 0
m0 0 14
1 5 10
2 9 0
3 2 3
t 266 0
m0 0 14
1 5 11
2 8 0
3 2 4
t 265 0
m0 0 14
1 5 12
2 7 0
3 3 4
t 264 0
m0 0 14
1 5 13
2 6 0
3 3 5
t 263 0
m0 0 14
1 5 14
2 7 0
3 2 5
t 262 0
m0 0 13
1 5 13
2 6 0
3 2 6
t 261 1
m0 0 12
1 5 14
2 7 0
3 2 7
t 260 2
m0 0 12
1 5 13
2 8 0
3 3 7
t 259 2
m0 0 11
1 5 14
2 8 1
3 2 7
t 258 12
m0 0 12
1 5 13
2 8 0
3 2 8
t 257 12
m0 0 12
1 6 13
2 8 1
3 1 8
t 256 12
m0 0 13
1 7 13
2 8 0
3 0 8
t 255 12
m0 1 13
1 7 14
2 8 1
3 1 8
t 254 13
m0 2 13
1 7 13
2 8 0
3 0 8
t 253 13
m0 1 13
1 7 14
2 8 1
3 0 7
t 252 13
m0 1 13
1 7 13
2 7 1
3 0 6
t 251 13
m0 0 13
1 7 14
2 7 0
3 1 6
t 250 13
m0 0 13
1 7 13
2 8 0
3 0 6
t 249 13
m0 0 14
1 7 14
2 7 0
3 0 7
t 248 13
m0 0 14
1 7 13
2 8 0
3 0 6
t 247 13
m0 0 14
1 8 13
2 7 0
3 1 6
t 246 13
m0 0 14
1 9 13
2 8 0
3 0 6
t 245 13
m0 1 14
1 8 13
2 9 0
3 0 7
t 244 14
m0 1 14
1 9 13
2 8 0
3 0 6
t 243 14
m0 1 14
1 8 13
2 9 0
3 0 5
t 242 14
m0 0 14
1 8 12
2 8 0
3 0 4
t 241 14
m0 0 14
1 8 13
2 7 0
3 0 5
t 240 14
m0 0 14
1 9 13
2 8 0
3 0 4
t 239 14
m0 0 14
1 9 14
2 9 0
3 0 5
t 238 14
m0 0 14
1 9 13
2 8 0
3 0 6
t 237 14
m0 1 14
1 9 12
2 7 0
3 0 5
t 236 14
m0 1 14
1 9 13
2 8 0
3 0 6
t 235 14
m0 1 14
1 9 14
2 8 1
3 0 7
t 234 14
m0 1 14
1 9 13
2 8 0
3 0 6
t 233 14
m0 1 14
1 8 13
2 7 0
3 0 5
t 232 14
m0 0 14
1 7 13
2 8 0
3 0 6
t 231 14
m0 0 14
1 7 14
2 9 0
3 0 7
t 230 14
m0 0 14
1 7 13
2 8 0
3 0 8
t 229 14
m0 1 14
1 7 14
2 8 1
3 0 7
t 228 14
m0 1 13
1 7 13
2 8 0
3 0 8
f 8 9
t 227 14
m0 1 14
1 8 13
2 9 0
3 0 7
t 226 14
m0 1 14
1 7 13
2 8 0
3 0 6
t 225 14
m0 0 14
1 8 13
2 9 0
3 1 6
t 224 14
m0 0 14
1 7 13
2 8 0
3 0 6
t 223 14
m0 0 14
1 7 14
2 9 0
3 0 5
t 222 14
m0 0 13
1 7 13
2 8 0
3 0 4
t 221 14
m0 0 12
1 6 13
2 9 0
3 0 3
t 220 14
m0 0 11
1 6 12
2 8 0
3 0 4
t 219 14
m0 0 11
1 6 13
2 9 0
3 0 5
t 218 14
m0 1 11
1 5 13
2 8 0
3 0 6
t 217 14
m0 1 11
1 6 13
2 8 1
3 0 5
t 216 14
m0 1 11
1 6 12
2 8 0
3 0 4
t 215 14
m0 1 10
1 5 12
2 9 0
3 1 4
t 214 14
m0 1 10
1 6 12
2 8 0
3 0 4
t 213 14
m0 1 10
1 6 13
2 9 0
3 0 3
t 212 14
m0 1 10
1 5 13
2 8 0
3 0 2
t 211 14
m0 1 10
1 5 12
2 8 1
3 0 3
t 210 14
m0 1 10
1 5 11
2 8 0
3 0 2
t 209 14
m0 1 10
1 5 12
2 9 0
3 1 2
t 208 14
m0 1 10
1 5 13
2 8 0
3 2 2
t 207 14
m0 1 10
1 5 14
2 9 0
3 2 3
t 206 14
m0 1 10
1 4 14
2 8 0
3 2 4
t 205 14
m0 1 10
1 5 14
2 9 0
3 2 5
t 204 14
m0 1 11
1 4 14
2 8 0
3 2 6
t 203 14
m0 0 11
1 5 14
2 7 0
3 1 6
t 202 14
m0 0 12
1 4 14
2 8 0
3 0 6
t 201 14
m0 0 12
1 5 14
2 7 0
3 0 5
t 200 14
m0 0 12
1 5 13
2 8 0
3 0 4
t 199 14
m0 0 11
1 5 14
2 8 1
3 0 5
t 198 14
m0 1 11
1 4 14
2 8 0
3 0 6
t 197 14
m0 1 11
1 5 14
2 9 0
3 1 6
t 196 14
m0 2 11
1 4 14
2 8 0
3 0 6
t 195 15
m0 2 10
1 5 14
2 9 0
3 0 5
t 194 15
m0 2 10
1 4 14
2 8 0
3 0 6
t 193 15
m0 2 10
1 5 14
2 7 0
3 1 6
t 192 15
m0 3 10
1 5 13
2 8 0
3 0 6
t 191 15
m0 3 9
1 5 14
2 7 0
3 0 7
t 190 15
m0 4 9
1 4 14
2 8 0
3 0 6
t 189 15
m0 5 9
1 3 14
2 9 0
3 1 6
t 188 15
m0 6 9
1 3 13
2 8 0
3 0 6
t 187 16
m0 7 9
1 3 14
2 7 0
3 0 5
t 186 17
m0 8 9
1 3 13
2 6 0
3 0 4
t 185 27
m0 9 9
1 3 14
2 6 1
3 1 4
t 184 28
m0 9 9
1 2 14
2 7 1
3 0 4
t 183 28
m0 9 9
1 3 14
2 8 1
3 1 4
t 182 28
m0 9 9
1 3 13
2 8 0
3 2 4
t 181 28
m0 9 9
1 2 13
2 9 0
3 3 4
t 180 28
m0 8 9
1 2 14
2 8 0
3 3 5
t 179 28
m0 9 9
1 3 14
2 7 0
3 2 5
t 178 28
m0 9 9
1 4 14
2 8 0
3 2 4
t 177 28
m0 9 9
1 5 14
2 9 0
3 1 4
t 176 28
m0 9 9
1 5 13
2 8 0
3 0 4
t 175 28
m0 9 8
1 5 12
2 9 0
3 1 4
t 174 28
m0 9 8
1 5 13
2 8 0
3 2 4
t 173 28
m0 9 8
1 6 13
2 9 0
3 1 4
t 172 28
m0 9 8
1 7 13
2 8 0
3 2 4
t 171 28
m0 9 7
1 6 13
2 9 0
3 1 4
t 170 29
m0 9 8
1 6 12
2 8 0
3 0 4
t 169 29
m0 9 7
1 5 12
2 9 0
3 0 3
t 168 29
m0 9 8
1 6 12
2 8 0
3 0 4
t 167 29
m0 9 7
1 6 13
2 8 1
3 0 5
t 166 29
m0 9 8
1 7 13
2 7 1
3 0 6
t 165 29
m0 9 7
1 6 13
2 6 1
3 0 5
t 164 29
m0 9 7
1 6 12
2 7 1
3 0 6
t 163 29
m0 9 7
1 6 13
2 7 0
3 1 6
t 162 29
m0 9 7
1 7 13
2 6 0
3 2 6
t 161 29
m0 9 7
1 8 13
2 7 0
3 2 5
t 160 29
m0 9 6
1 9 13
2 6 0
3 3 5
t 159 30
m0 9 6
1 9 12
2 6 1
3 3 6
t 158 30
m0 9 5
1 9 13
2 7 1
3 3 7
t 157 30
m0 9 6
1 9 14
2 7 0
3 3 8
t 156 30
m0 9 6
1 9 13
2 6 0
3 2 8
t 155 30
m0 9 5
1 8 13
2 7 0
3 2 7
f 2 13
t 154 30
m0 9 6
1 9 13
2 6 0
3 2 8
t 153 30
m0 9 5
1 8 13
2 6 1
3 2 9
t 152 30
m0 9 6
1 9 13
2 7 1
3 2 10
t 151 30
m0 9 6
1 9 14
2 7 0
3 2 9
t 150 30
m0 9 6
1 9 13
2 7 1
3 3 9
t 149 30
m0 9 6
1 9 14
2 7 0
3 2 9
t 148 30
m0 9 6
1 9 13
2 8 0
3 2 8
t 147 30
m0 9 6
1 8 13
2 9 0
3 2 7
t 146 30
m0 8 6
1 9 13
2 8 0
3 3 7
t 145 31
m0 9 6
1 8 13
2 8 1
3 2 7
t 144 31
m0 9 7
1 8 12
2 8 0
3 3 7
t 143 31
m0 9 6
1 9 12
2 9 0
3 3 8
t 142 31
m0 8 6
1 9 13
2 8 0
3 3 9
t 141 31
m0 9 6
1 8 13
2 7 0
3 2 9
t 140 31
m0 9 6
1 9 13
2 8 0
3 3 9
t 139 31
m0 9 6
1 9 12
2 7 0
3 3 8
t 138 31
m0 9 5
1 9 13
2 8 0
3 3 7
t 137 31
m0 9 6
1 8 13
2 9 0
3 2 7
t 136 31
m0 8 6
1 9 13
2 8 0
3 2 6
t 135 31
m0 9 6
1 9 14
2 9 0
3 1 6
t 134 31
m0 8 6
1 9 13
2 8 0
3 2 6
t 133 31
m0 9 6
1 9 14
2 9 0
3 1 6
t 132 31
m0 8 6
1 9 13
2 8 0
3 0 6
t 131 31
m0 9 6
1 9 14
2 9 0
3 0 5
t 130 31
m0 8 6
1 9 13
2 8 0
3 0 4
t 129 31
m0 9 6
1 9 12
2 8 1
3 0 5
t 128 31
m0 9 6
1 9 13
2 7 1
3 0 4
t 127 31
m0 9 6
1 8 13
2 7 0
3 0 3
t 126 31
m0 9 6
1 9 13
2 7 1
3 0 2
t 125 31
m0 9 6
1 9 12
2 8 1
3 0 3
t 124 31
m0 9 6
1 9 13
2 8 0
3 0 4
t 123 31
m0 9 6
1 9 12
2 8 1
3 0 5
t 122 31
m0 9 6
1 9 13
2 7 1
3 0 4
t 121 31
m0 9 6
1 8 13
2 7 0
3 0 3
t 120 31
m0 9 6
1 9 13
2 8 0
3 0 4
t 119 31
m0 9 6
1 9 12
2 7 0
3 1 4
t 118 31
m0 9 5
1 9 13
2 6 0
3 0 4
t 117 31
m0 9 5
1 9 12
2 7 0
3 0 5
t 116 31
m0 9 5
1 9 13
2 7 1
3 0 6
t 115 31
m0 9 6
1 9 14
2 6 1
3 1 6
t 114 31
m0 9 6
1 9 13
2 7 1
3 2 6
t 113 31
m0 9 6
1 9 12
2 7 0
3 3 6
t 112 31
m0 9 5
1 8 12
2 8 0
3 3 7
t 111 31
m0 9 6
1 8 13
2 7 0
3 3 8
t 110 31
m0 9 6
1 7 13
2 7 1
3 2 8
t 109 31
m0 9 7
1 7 14
2 8 1
3 1 8
t 108 31
m0 9 8
1 7 13
2 8 0
3 0 8
t 107 31
m0 9 7
1 8 13
2 7 0
3 0 7
t 106 31
m0 9 6
1 9 13
2 6 0
3 0 8
t 105 31
m0 9 5
1 9 14
2 6 1
3 0 7
t 104 31
m0 9 6
1 9 13
2 7 1
3 0 8
t 103 31
m0 9 6
1 9 14
2 7 0
3 1 8
t 102 31
m0 9 6
1 9 13
2 8 0
3 2 8
t 101 31
m0 9 6
1 9 14
2 9 0
3 1 8
t 100 31
m0 8 6
1 9 13
2 8 0
3 0 8
t 99 31
m0 9 6
1 8 13
2 9 0
3 1 8
t 98 31
m0 8 6
1 7 13
2 8 0
3 2 8
t 97 31
m0 9 6
1 7 14
2 7 0
3 2 9
t 96 31
m0 9 7
1 7 13
2 7 1
3 2 8
t 95 31
m0 9 7
1 8 13
2 8 1
3 2 7
t 94 31
m0 9 7
1 8 12
2 8 0
3 3 7
t 93 31
m0 9 6
1 8 13
2 8 1
3 3 8
t 92 31
m0 9 7
1 7 13
2 8 0
3 2 8
t 91 31
m0 9 7
1 7 14
2 9 0
3 2 7
t 90 31
m0 9 8
1 7 13
2 8 0
3 3 7
t 89 31
m0 9 8
1 6 13
2 7 0
3 2 7
t 88 31
m0 9 8
1 6 12
2 8 0
3 2 6
t 87 31
m0 9 7
1 5 12
2 7 0
3 1 6
t 86 31
m0 9 7
1 6 12
2 6 0
3 0 6
t 85 31
m0 9 6
1 5 12
2 7 0
3 1 6
t 84 31
m0 9 7
1 5 13
2 6 0
3 0 6
t 83 31
m0 9 7
1 5 14
2 6 1
3 0 7
t 82 31
m0 9 8
1 5 13
2 7 1
3 0 6
t 81 31
m0 9 8
1 5 14
2 7 0
3 0 7
t 80 31
m0 9 8
1 5 13
2 6 0
3 0 6
t 79 31
m0 9 7
1 5 14
2 6 1
3 0 7
t 78 31
m0 9 8
1 4 14
2 6 0
3 0 6
t 77 31
m0 9 8
1 5 14
2 7 0
3 1 6
t 76 31
m0 9 8
1 4 14
2 6 0
3 2 6
t 75 31
m0 9 9
1 3 14
2 6 1
3 1 6
t 74 31
m0 9 9
1 2 14
2 6 0
3 0 6
t 73 31
m0 9 9
1 3 14
2 7 0
3 0 5
t 72 31
m0 9 9
1 4 14
2 7 1
3 0 4
t 71 31
m0 9 9
1 3 14
2 7 0
3 0 3
t 70 31
m0 9 9
1 2 14
2 8 0
3 0 4
t 69 31
m0 9 9
1 1 14
2 9 0
3 1 4
t 68 31
m0 8 9
1 0 14
2 8 0
3 0 4
t 67 31
m0 9 9
1 1 14
2 9 0
3 0 3
t 66 31
m0 8 9
1 2 14
2 8 0
3 0 4
t 65 31
m0 9 9
1 3 14
2 9 0
3 0 3
t 64 31
m0 8 9
1 4 14
2 8 0
3 0 4
t 63 31
m0 9 9
1 5 14
2 8 1
3 1 4
t 62 31
m0 9 9
1 4 14
2 8 0
3 0 4
t 61 31
m0 9 9
1 5 14
2 7 0
3 1 4
t 60 31
m0 9 8
1 5 13
2 6 0
3 0 4
t 59 31
m0 9 7
1 5 14
2 7 0
3 0 3
t 58 31
m0 9 8
1 4 14
2 8 0
3 0 4
t 57 31
m0 9 9
1 5 14
2 9 0
3 1 4
t 56 31
m0 9 9
1 5 13
2 8 0
3 0 4
t 55 31
m0 9 8
1 6 13
2 7 0
3 1 4
t 54 31
m0 9 7
1 6 12
2 8 0
3 0 4
t 53 31
m0 9 7
1 5 12
2 8 1
3 0 5
t 52 31
m0 9 8
1 5 11
2 7 1
3 0 4
t 51 31
m0 9 7
1 5 12
2 7 0
3 0 5
t 50 31
m0 9 7
1 6 12
2 8 0
3 0 4
t 49 31
m0 9 7
1 6 13
2 9 0
3 0 5
t 48 31
m0 9 8
1 5 13
2 8 0
3 0 4
t 47 31
m0 9 8
1 5 12
2 7 0
3 0 5
t 46 31
m0 9 7
1 6 12
2 8 0
3 0 4
t 45 31
m0 9 7
1 5 12
2 9 0
3 0 5
t 44 31
m0 9 8
1 6 12
2 8 0
3 0 4
t 43 31
m0 9 7
1 6 13
2 7 0
3 0 5
t 42 31
m0 9 7
1 6 12
2 7 1
3 0 4
t 41 31
m0 9 7
1 6 13
2 6 1
3 0 5
t 40 31
m0 9 7
1 5 13
2 6 2
3 0 6
t 39 31
m0 9 8
1 5 14
2 6 1
3 0 7
t 38 31
m0 9 8
1 5 13
2 6 0
3 0 6
t 37 31
m0 9 7
1 6 13
2 7 0
3 0 7
t 36 31
m0 9 7
1 7 13
2 7 1
3 0 8
t 35 31
m0 9 7
1 8 13
2 8 1
3 0 7
t 34 31
m0 9 7
1 7 13
2 8 0
3 0 6
t 33 31
m0 9 7
1 6 13
2 7 0
3 0 7
t 32 31
m0 9 7
1 6 12
2 8 0
3 0 6
t 31 31
m0 9 7
1 6 13
2 9 0
3 1 6
t 30 31
m0 9 8
1 5 13
2 8 0
3 0 6
t 29 31
m0 9 8
1 6 13
2 9 0
3 1 6
t 28 31
m0 9 8
1 7 13
2 8 0
3 2 6
t 27 31
m0 9 7
1 7 14
2 7 0
3 2 7
t 26 31
m0 9 6
1 7 13
2 7 1
3 2 6
t 25 31
m0 9 7
1 8 13
2 8 1
3 2 5
t 24 31
m0 9 7
1 7 13
2 8 0
3 3 5
t 23 31
m0 9 7
1 8 13
2 7 0
3 3 6
t 22 31
m0 9 7
1 7 13
2 8 0
3 3 5
t 21 31
m0 9 7
1 8 13
2 9 0
3 3 6
t 20 31
m0 9 7
1 7 13
2 8 0
3 3 5
t 19 31
m0 9 7
1 7 14
2 9 0
3 2 5
t 18 31
m0 9 8
1 7 13
2 8 0
3 3 5
t 17 31
m0 9 7
1 7 14
2 9 0
3 2 5
t 16 31
m0 9 8
1 7 13
2 8 0
3 3 5
t 15 31
m0 9 7
1 6 13
2 9 0
3 3 6
t 14 31
m0 9 8
1 7 13
2 8 0
3 3 5
t 13 31
m0 9 7
1 7 14
2 7 0
3 3 6
t 12 31
m0 9 8
1 7 13
2 8 0
3 2 6
t 11 31
m0 9 7
1 8 13
2 7 0
3 1 6
t 10 31
m0 9 6
1 8 12
2 7 1
3 0 6
t 9 31
m0 9 6
1 8 11
2 8 1
3 0 7
t 8 31
m0 9 6
1 8 10
2 7 1
3 0 6
t 7 31
m0 9 5
1 8 11
2 6 1
3 0 5
t 6 31
m0 9 5
1 8 12
2 6 2
3 0 6
t 5 31
m0 9 6
1 8 13
2 6 1
3 1 6
t 4 31
m0 9 6
1 7 13
2 5 1
3 0 6
t 3 31
m0 9 6
1 7 14
2 6 1
3 1 6
t 2 31
m0 9 7
1 7 13
2 6 2
3 0 6
t 1 31
m0 9 7
1 7 13
2 6 2
3 0 6
t 0 31
