10
15
w 7 3
w 6 9
w 9 1
w 4 8
w 3 0
w 7 7
w 1 6
w 9 4
w 8 5
w 1 2
w 6 7
w 5 5
w 5 12
w 2 2
w 1 10
w 9 7
w 6 4
w 7 14
w 2 6
w 9 14
w 3 2
w 5 11
w 4 5
w 3 13
w 8 11
w 7 1
w 6 0
w 0 12
w 3 9
w 4 2
w 6 12
w 2 14
w 0 8
w 7 9
w 2 11
w 9 9
w 2 4
p 1 3
p 8 13
p 6 6
p 5 6
p 9 8
p 3 11
p 0 7
p 4 12
p 6 2
p 2 12
p 0 10
p 3 7
p 2 5
p 0 3
p 9 0
p 4 9
p 8 1
p 6 10
p 1 14
p 8 10
p 4 4
p 6 3
p 1 5
p 0 11
p 2 13
p 5 0
p 0 4
p 4 1
p 4 10
p 5 4
p 0 0
p 6 11
p 9 3
p 5 2
p 4 14
p 2 10
p 7 5
p 0 5
p 4 11
p 3 5
p 0 1
p 9 13
p 7 0
p 6 8
p 3 12
p 4 6
p 7 13
p 5 7
p 7 4
p 0 6
p 4 3
p 1 7
p 3 4
p 0 2
p 9 12
p 8 4
m0 0 14
1 9 0
2 9 0
3 9 0
t 300 0
m0 1 14
1 8 0
2 8 0
3 8 0
t 299 1
m0 1 13
1 9 0
2 9 0
3 9 0
t 298 1
m0 2 13
1 8 0
2 8 0
3 8 0
t 297 2
m0 2 12
1 9 0
2 9 0
3 9 0
t 296 3
m0 3 12
1 8 0
2 8 0
3 8 0
t 295 4
m0 4 12
1 9 0
2 9 0
3 9 0
t 294 5
m0 4 11
1 8 0
2 8 0
3 8 0
t 293 6
m0 4 10
1 9 0
2 9 0
3 9 0
t 292 7
m0 5 10
1 8 0
2 8 0
3 8 0
t 291 7
m0 6 10
1 9 0
2 9 0
3 9 0
t 290 8
m0 6 10
1 8 0
2 8 0
3 8 0
f 1 4
t 289 8
m0 5 10
1 9 0
2 9 0
3 9 0
t 288 8
m0 5 10
1 8 0
2 8 0
3 8 0
t 287 8
m0 5 9
1 9 0
2 9 0
3 9 0
t 286 8
m0 5 8
1 8 0
2 8 0
3 8 0
t 285 8
m0 6 8
1 9 0
2 9 0
3 9 0
t 284 9
m0 7 8
1 8 0
2 8 0
3 8 0
t 283 9
m0 8 8
1 9 0
2 9 0
3 9 0
t 282 9
m0 8 8
1 8 0
2 8 0
3 8 0
t 281 9
m0 8 7
1 9 0
2 9 0
3 9 0
t 280 9
m0 8 7
1 8 0
2 8 0
3 8 0
t 279 9
m0 8 7
1 9 0
2 9 0
3 9 0
t 278 9
m0 8 7
1 8 0
2 8 0
3 8 0
t 277 9
m0 8 8
1 9 0
2 9 0
3 9 0
t 276 9
m0 8 8
1 8 0
2 8 0
3 8 0
t 275 9
m0 8 9
1 9 0
2 9 0
3 9 0
t 274 9
m0 8 10
1 8 0
2 8 0
3 8 0
t 273 10
m0 8 10
1 9 0
2 9 0
3 9 0
t 272 10
m0 9 10
1 8 0
2 8 0
3 8 0
t 271 10
m0 8 10
1 9 0
2 9 0
3 9 0
t 270 10
m0 9 10
1 8 0
2 8 0
3 8 0
t 269 10
m0 8 10
1 9 0
2 9 0
3 9 0
t 268 10
m0 9 10
1 8 0
2 8 0
3 8 0
t 267 10
m0 9 11
1 9 0
2 9 0
3 9 0
t 266 10
m0 9 12
1 8 0
2 8 0
3 8 0
t 265 11
m0 9 13
1 9 0
2 9 0
3 9 0
t 264 12
m0 9 13
1 8 0
2 8 0
3 8 0
t 263 12
m0 8 13
1 9 0
2 9 0
3 9 0
t 262 13
m0 8 12
1 8 0
2 8 0
3 8 0
t 261 13
m0 7 12
1 9 0
2 9 0
3 9 0
t 260 13
m0 8 12
1 8 0
2 8 0
3 8 0
t 259 13
m0 7 12
1 9 0
2 9 0
3 9 0
t 258 13
m0 7 13
1 8 0
2 8 0
3 8 0
t 257 14
m0 6 13
1 9 0
2 9 0
3 9 0
t 256 14
m0 5 13
1 8 0
2 8 0
3 8 0
t 255 14
m0 5 13
1 9 0
2 9 0
3 9 0
t 254 14
m0 4 13
1 8 0
2 8 0
3 8 0
t 253 14
m0 4 13
1 9 0
2 9 0
3 9 0
t 252 14
m0 4 12
1 8 0
2 8 0
3 8 0
t 251 14
m0 4 11
1 9 0
2 9 0
3 9 0
t 250 14
m0 4 11
1 8 0
2 8 0
3 8 0
t 249 14
m0 4 12
1 9 0
2 9 0
3 9 0
t 248 14
m0 4 11
1 8 0
2 8 0
3 8 0
t 247 14
m0 4 12
1 9 0
2 9 0
3 9 0
t 246 14
m0 4 11
1 8 0
2 8 0
3 8 0
t 245 14
m0 4 12
1 9 0
2 9 0
3 9 0
t 244 14
m0 4 13
1 8 0
2 8 0
3 8 0
t 243 14
m0 4 13
1 9 0
2 9 0
3 9 0
t 242 14
m0 4 14
1 8 0
2 8 0
3 8 0
t 241 15
m0 4 14
1 9 0
2 9 0
3 9 0
t 240 15
m0 4 14
1 8 0
2 8 0
3 8 0
t 239 15
m0 5 14
1 9 0
2 9 0
3 9 0
t 238 15
m0 4 14
1 8 0
2 8 0
3 8 0
t 237 15
m0 5 14
1 9 0
2 9 0
3 9 0
t 236 15
m0 6 14
1 8 0
2 8 0
3 8 0
t 235 15
m0 6 14
1 9 0
2 9 0
3 9 0
t 234 15
m0 6 13
1 8 0
2 8 0
3 8 0
t 233 15
m0 6 14
1 9 0
2 9 0
3 9 0
t 232 15
m0 6 14
1 8 0
2 8 0
3 8 0
t 231 15
m0 5 14
1 9 0
2 9 0
3 9 0
t 230 15
m0 4 14
1 8 0
2 8 0
3 8 0
t 229 15
m0 4 14
1 9 0
2 9 0
3 9 0
t 228 15
m0 3 14
1 8 0
2 8 0
3 8 0
t 227 15
m0 4 14
1 9 0
2 9 0
3 9 0
t 226 15
m0 3 14
1 8 0
2 8 0
3 8 0
t 225 15
m0 3 14
1 9 0
2 9 0
3 9 0
t 224 15
m0 3 14
1 8 0
2 8 0
3 8 0
t 223 15
m0 3 14
1 9 0
2 9 0
3 9 0
t 222 15
m0 3 14
1 8 0
2 8 0
3 8 0
t 221 15
m0 3 14
1 9 0
2 9 0
3 9 0
t 220 15
m0 3 14
1 8 0
2 8 0
3 8 0
t 219 15
m0 3 14
1 9 0
2 9 0
3 9 0
t 218 15
m0 4 14
1 8 0
2 8 0
3 8 0
t 217 15
m0 4 13
1 9 0
2 9 0
3 9 0
t 216 15
m0 4 12
1 8 0
2 8 0
3 8 0
t 215 15
m0 3 12
1 9 0
2 9 0
3 9 0
t 214 15
m0 2 12
1 8 0
2 8 0
3 8 0
t 213 15
m0 1 12
1 9 0
2 9 0
3 9 0
t 212 15
m0 1 13
1 8 0
2 8 0
3 8 0
t 211 15
m0 1 14
1 9 0
2 9 0
3 9 0
t 210 15
m0 1 14
1 8 0
2 8 0
3 8 0
t 209 15
m0 1 13
1 9 0
2 9 0
3 9 0
t 208 15
m0 1 14
1 8 0
2 8 0
3 8 0
t 207 15
m0 0 14
1 9 0
2 9 0
3 9 0
t 206 15
m0 0 13
1 8 0
2 8 0
3 8 0
t 205 15
m0 0 14
1 9 0
2 9 0
3 9 0
t 204 15
m0 1 14
1 8 0
2 8 0
3 8 0
t 203 15
m0 0 14
1 9 0
2 9 0
3 9 0
t 202 15
m0 0 13
1 8 0
2 8 0
3 8 0
t 201 15
m0 0 13
1 9 0
2 9 0
3 9 0
t 200 15
m0 0 14
1 8 0
2 8 0
3 8 0
t 199 15
m0 0 14
1 9 0
2 9 0
3 9 0
t 198 15
m0 0 13
1 8 0
2 8 0
3 8 0
t 197 15
m0 0 13
1 9 0
2 9 0
3 9 0
t 196 15
m0 0 14
1 8 0
2 8 0
3 8 0
t 195 15
m0 0 13
1 9 0
2 9 0
3 9 0
t 194 15
m0 0 13
1 8 0
2 8 0
3 8 0
t 193 15
m0 0 14
1 9 0
2 9 0
3 9 0
t 192 15
m0 0 13
1 8 0
2 8 0
3 8 0
t 191 15
m0 0 13
1 9 0
2 9 0
3 9 0
t 190 15
m0 0 14
1 8 0
2 8 0
3 8 0
t 189 15
m0 1 14
1 9 0
2 9 0
3 9 0
t 188 15
m0 1 14
1 8 0
2 8 0
3 8 0
t 187 15
m0 1 14
1 9 0
2 9 0
3 9 0
t 186 15
m0 0 14
1 8 0
2 8 0
3 8 0
t 185 15
m0 0 13
1 9 0
2 9 0
3 9 0
t 184 15
m0 1 13
1 8 0
2 8 0
3 8 0
t 183 15
m0 1 13
1 9 0
2 9 0
3 9 0
t 182 15
m0 2 13
1 8 0
2 8 0
3 8 0
t 181 15
m0 2 12
1 9 0
2 9 0
3 9 0
t 180 15
m0 3 12
1 8 0
2 8 0
3 8 0
t 179 15
m0 2 12
1 9 0
2 9 0
3 9 0
t 178 15
m0 1 12
1 8 0
2 8 0
3 8 0
t 177 15
m0 1 13
1 9 0
2 9 0
3 9 0
t 176 15
m0 2 13
1 8 0
2 8 0
3 8 0
t 175 15
m0 2 13
1 9 0
2 9 0
3 9 0
t 174 15
m0 2 13
1 8 0
2 8 0
3 8 0
t 173 15
m0 1 13
1 9 0
2 9 0
3 9 0
t 172 15
m0 2 13
1 8 0
2 8 0
3 8 0
t 171 15
m0 2 13
1 9 0
2 9 0
3 9 0
t 170 15
m0 2 13
1 8 0
2 8 0
3 8 0
t 169 15
m0 2 13
1 9 0
2 9 0
3 9 0
t 168 15
m0 2 13
1 8 0
2 8 0
3 8 0
t 167 15
m0 2 13
1 9 0
2 9 0
3 9 0
t 166 15
m0 2 12
1 8 0
2 8 0
3 8 0
t 165 15
m0 1 12
1 9 0
2 9 0
3 9 0
t 164 15
m0 1 11
1 8 0
2 8 0
3 8 0
t 163 15
m0 1 11
1 9 0
2 9 0
3 9 0
t 162 15
m0 0 11
1 8 0
2 8 0
3 8 0
t 161 16
m0 0 10
1 9 0
2 9 0
3 9 0
t 160 17
m0 0 10
1 8 0
2 8 0
3 8 0
t 159 17
m0 0 11
1 9 0
2 9 0
3 9 0
t 158 17
m0 0 10
1 8 0
2 8 0
3 8 0
t 157 17
m0 0 11
1 9 0
2 9 0
3 9 0
t 156 17
m0 0 10
1 8 0
2 8 0
3 8 0
t 155 17
m0 0 11
1 9 0
2 9 0
3 9 0
t 154 17
m0 0 10
1 8 0
2 8 0
3 8 0
t 153 17
m0 0 10
1 9 0
2 9 0
3 9 0
t 152 17
m0 0 11
1 8 0
2 8 0
3 8 0
t 151 17
m0 1 11
1 9 0
2 9 0
3 9 0
t 150 17
m0 0 11
1 8 0
2 8 0
3 8 0
t 149 17
m0 0 10
1 9 0
2 9 0
3 9 0
t 148 17
m0 0 11
1 8 0
2 8 0
3 8 0
t 147 17
m0 0 10
1 9 0
2 9 0
3 9 0
t 146 17
m0 0 10
1 8 0
2 8 0
3 8 0
t 145 17
m0 0 11
1 9 0
2 9 0
3 9 0
t 144 17
m0 0 10
1 8 0
2 8 0
3 8 0
t 143 17
m0 0 9
1 9 0
2 9 0
3 9 0
t 142 17
m0 1 9
1 8 0
2 8 0
3 8 0
t 141 17
m0 1 8
1 9 0
2 9 0
3 9 0
t 140 17
m0 1 7
1 8 0
2 8 0
3 8 0
t 139 18
m0 2 7
1 9 0
2 9 0
3 9 0
t 138 18
m0 2 8
1 8 0
2 8 0
3 8 0
t 137 18
m0 2 9
1 9 0
2 9 0
3 9 0
t 136 18
m0 2 10
1 8 0
2 8 0
3 8 0
t 135 19
m0 2 10
1 9 0
2 9 0
3 9 0
t 134 19
m0 2 9
1 8 0
2 8 0
3 8 0
t 133 19
m0 1 9
1 9 0
2 9 0
3 9 0
t 132 19
m0 1 8
1 8 0
2 8 0
3 8 0
t 131 19
m0 2 8
1 9 0
2 9 0
3 9 0
t 130 19
m0 3 8
1 8 0
2 8 0
3 8 0
t 129 19
m0 3 7
1 9 0
2 9 0
3 9 0
t 128 20
m0 3 7
1 8 0
2 8 0
3 8 0
t 127 20
m0 3 8
1 9 0
2 9 0
3 9 0
t 126 20
m0 3 7
1 8 0
2 8 0
3 8 0
t 125 20
m0 3 6
1 9 0
2 9 0
3 9 0
t 124 20
m0 3 5
1 8 0
2 8 0
3 8 0
t 123 21
m0 2 5
1 9 0
2 9 0
3 9 0
t 122 22
m0 3 5
1 8 0
2 8 0
3 8 0
t 121 22
m0 3 6
1 9 0
2 9 0
3 9 0
t 120 22
m0 4 6
1 8 0
2 8 0
3 8 0
t 119 23
m0 4 7
1 9 0
2 9 0
3 9 0
t 118 23
m0 3 7
1 8 0
2 8 0
3 8 0
t 117 23
m0 4 7
1 9 0
2 9 0
3 9 0
t 116 23
m0 4 7
1 8 0
2 8 0
3 8 0
t 115 23
m0 4 6
1 9 0
2 9 0
3 9 0
t 114 23
m0 4 7
1 8 0
2 8 0
3 8 0
t 113 23
m0 5 7
1 9 0
2 9 0
3 9 0
t 112 24
m0 5 6
1 8 0
2 8 0
3 8 0
t 111 25
m0 6 6
1 9 0
2 9 0
3 9 0
t 110 26
m0 6 6
1 8 0
2 8 0
3 8 0
t 109 26
m0 6 6
1 9 0
2 9 0
3 9 0
t 108 26
m0 6 5
1 8 0
2 8 0
3 8 0
t 107 26
m0 6 5
1 9 0
2 9 0
3 9 0
t 106 26
m0 6 5
1 8 0
2 8 0
3 8 0
t 105 26
m0 6 5
1 9 0
2 9 0
3 9 0
t 104 26
m0 6 5
1 8 0
2 8 0
3 8 0
t 103 26
m0 7 5
1 9 0
2 9 0
3 9 0
t 102 27
m0 7 6
1 8 0
2 8 0
3 8 0
t 101 27
m0 8 6
1 9 0
2 9 0
3 9 0
t 100 27
m0 9 6
1 8 0
2 8 0
3 8 0
t 99 27
m0 8 6
1 9 0
2 9 0
3 9 0
t 98 27
m0 7 6
1 8 0
2 8 0
3 8 0
t 97 27
m0 7 6
1 9 0
2 9 0
3 9 0
t 96 27
m0 7 5
1 8 0
2 8 0
3 8 0
t 95 27
m0 7 4
1 9 0
2 9 0
3 9 0
t 94 28
m0 8 4
1 8 0
2 8 0
3 8 0
t 93 29
m0 8 4
1 9 0
2 9 0
3 9 0
t 92 29
m0 8 4
1 8 0
2 8 0
3 8 0
t 91 29
m0 8 4
1 9 0
2 9 0
3 9 0
t 90 29
m0 8 4
1 8 0
2 8 0
3 8 0
t 89 29
m0 7 4
1 9 0
2 9 0
3 9 0
t 88 29
m0 8 4
1 8 0
2 8 0
3 8 0
t 87 29
m0 8 4
1 9 0
2 9 0
3 9 0
t 86 29
m0 8 3
1 8 0
2 8 0
3 8 0
t 85 29
m0 8 4
1 9 0
2 9 0
3 9 0
t 84 29
m0 8 3
1 8 0
2 8 0
3 8 0
t 83 29
m0 8 3
1 9 0
2 9 0
3 9 0
t 82 29
m0 8 3
1 8 0
2 8 0
3 8 0
t 81 29
m0 8 2
1 9 0
2 9 0
3 9 0
t 80 29
m0 8 2
1 8 0
2 8 0
3 8 0
t 79 29
m0 9 2
1 9 0
2 9 0
3 9 0
t 78 29
m0 9 2
1 8 0
2 8 0
3 8 0
t 77 29
m0 8 2
1 9 0
2 9 0
3 9 0
t 76 29
m0 7 2
1 8 0
2 8 0
3 8 0
t 75 29
m0 6 2
1 9 0
2 9 0
3 9 0
t 74 30
m0 5 2
1 8 0
2 8 0
3 8 0
t 73 31
m0 5 1
1 9 0
2 9 0
3 9 0
t 72 31
m0 5 1
1 8 0
2 8 0
3 8 0
t 71 31
m0 5 1
1 9 0
2 9 0
3 9 0
t 70 31
m0 5 1
1 8 0
2 8 0
3 8 0
t 69 31
m0 6 1
1 9 0
2 9 0
3 9 0
t 68 31
m0 5 1
1 8 0
2 8 0
3 8 0
t 67 31
m0 4 1
1 9 0
2 9 0
3 9 0
t 66 32
m0 4 1
1 8 0
2 8 0
3 8 0
t 65 32
m0 4 0
1 9 0
2 9 0
3 9 0
t 64 32
m0 4 1
1 8 0
2 8 0
3 8 0
t 63 32
m0 5 1
1 9 0
2 9 0
3 9 0
t 62 32
m0 5 0
1 8 0
2 8 0
3 8 0
t 61 33
m0 5 0
1 9 0
2 9 0
3 9 0
t 60 33
m0 5 1
1 8 0
2 8 0
3 8 0
t 59 33
m0 5 2
1 9 0
2 9 0
3 9 0
t 58 33
m0 5 1
1 8 0
2 8 0
3 8 0
t 57 33
m0 5 0
1 9 0
2 9 0
3 9 0
t 56 33
m0 4 0
1 8 0
2 8 0
3 8 0
t 55 33
m0 5 0
1 9 0
2 9 0
3 9 0
t 54 33
m0 5 1
1 8 0
2 8 0
3 8 0
t 53 33
m0 5 0
1 9 0
2 9 0
3 9 0
t 52 33
m0 4 0
1 8 0
2 8 0
3 8 0
t 51 33
m0 4 0
1 9 0
2 9 0
3 9 0
t 50 33
m0 4 1
1 8 0
2 8 0
3 8 0
t 49 33
m0 3 1
1 9 0
2 9 0
3 9 0
t 48 33
m0 4 1
1 8 0
2 8 0
3 8 0
t 47 33
m0 3 1
1 9 0
2 9 0
3 9 0
t 46 33
m0 4 1
1 8 0
2 8 0
3 8 0
t 45 33
m0 5 1
1 9 0
2 9 0
3 9 0
t 44 33
m0 4 1
1 8 0
2 8 0
3 8 0
t 43 33
m0 5 1
1 9 0
2 9 0
3 9 0
t 42 33
m0 5 0
1 8 0
2 8 0
3 8 0
t 41 33
m0 4 0
1 9 0
2 9 0
3 9 0
t 40 33
m0 4 1
1 8 0
2 8 0
3 8 0
t 39 33
m0 5 1
1 9 0
2 9 0
3 9 0
t 38 33
m0 5 2
1 8 0
2 8 0
3 8 0
t 37 33
m0 5 1
1 9 0
2 9 0
3 9 0
t 36 33
m0 5 2
1 8 0
2 8 0
3 8 0
t 35 33
m0 5 1
1 9 0
2 9 0
3 9 0
t 34 33
m0 5 1
1 8 0
2 8 0
3 8 0
t 33 33
m0 4 1
1 9 0
2 9 0
3 9 0
t 32 33
m0 4 0
1 8 0
2 8 0
3 8 0
t 31 33
m0 4 1
1 9 0
2 9 0
3 9 0
t 30 33
m0 5 1
1 8 0
2 8 0
3 8 0
t 29 33
m0 5 2
1 9 0
2 9 0
3 9 0
t 28 33
m0 5 3
1 8 0
2 8 0
3 8 0
t 27 33
m0 5 4
1 9 0
2 9 0
3 9 0
t 26 34
m0 5 4
1 8 0
2 8 0
3 8 0
t 25 34
m0 5 3
1 9 0
2 9 0
3 9 0
t 24 34
m0 4 3
1 8 0
2 8 0
3 8 0
t 23 35
m0 3 3
1 9 0
2 9 0
3 9 0
t 22 35
m0 3 4
1 8 0
2 8 0
3 8 0
t 21 36
m0 4 4
1 9 0
2 9 0
3 9 0
t 20 37
m0 3 4
1 8 0
2 8 0
3 8 0
t 19 37
m0 3 4
1 9 0
2 9 0
3 9 0
t 18 37
m0 3 4
1 8 0
2 8 0
3 8 0
t 17 37
m0 3 3
1 9 0
2 9 0
3 9 0
t 16 37
m0 4 3
1 8 0
2 8 0
3 8 0
t 15 37
m0 5 3
1 9 0
2 9 0
3 9 0
t 14 37
m0 5 3
1 8 0
2 8 0
3 8 0
t 13 37
m0 5 2
1 9 0
2 9 0
3 9 0
t 12 37
m0 5 2
1 8 0
2 8 0
3 8 0
t 11 37
m0 5 2
1 9 0
2 9 0
3 9 0
t 10 37
m0 5 2
1 8 0
2 8 0
3 8 0
t 9 37
m0 5 2
1 9 0
2 9 0
3 9 0
t 8 37
m0 5 1
1 8 0
2 8 0
3 8 0
t 7 37
m0 5 0
1 9 0
2 9 0
3 9 0
t 6 37
m0 5 1
1 8 0
2 8 0
3 8 0
t 5 37
m0 5 0
1 9 0
2 9 0
3 9 0
t 4 37
m0 4 0
1 8 0
2 8 0
3 8 0
t 3 37
m0 5 0
1 9 0
2 9 0
3 9 0
t 2 37
m0 5 1
1 8 0
2 8 0
3 8 0
t 1 37
m0 4 1
1 8 0
2 8 0
3 8 0
t 0 37
