10
15
w 5 9
w 7 3
w 4 7
w 8 13
w 9 8
w 8 0
w 1 11
w 3 14
w 6 14
w 4 0
w 2 9
w 3 10
w 7 6
w 1 5
w 9 11
w 2 2
w 4 5
w 1 13
w 6 11
w 6 0
w 1 4
w 9 10
w 0 8
w 9 6
w 4 11
w 7 9
w 2 7
w 6 5
w 7 0
w 5 10
w 1 12
w 3 12
w 2 0
w 5 2
w 0 2
w 9 12
w 8 4
p 1 3
p 9 1
p 4 8
p 7 12
p 3 0
p 5 6
p 5 13
p 3 11
p 7 7
p 4 12
p 1 6
p 0 10
p 9 4
p 2 12
p 3 7
p 8 5
p 5 8
p 1 2
p 8 14
p 9 0
p 5 12
p 8 10
p 6 3
p 2 13
p 5 0
p 3 6
p 1 1
p 4 10
p 7 14
p 9 14
p 7 1
p 3 13
p 5 11
p 8 11
p 0 12
p 3 9
p 0 5
p 2 3
p 1 9
p 4 2
p 3 5
p 0 1
p 9 13
p 8 3
p 6 8
p 3 1
p 2 11
p 7 4
p 5 14
p 8 8
p 4 3
p 6 13
p 0 9
p 9 5
p 7 8
p 2 4
m0 0 14
1 9 0
2 9 0
3 9 0
t 300 0
m0 0 14
1 9 1
2 9 1
3 9 1
t 299 0
m0 0 14
1 8 1
2 9 0
3 9 2
t 298 0
m0 0 14
1 9 1
2 9 1
3 9 1
t 297 0
m0 0 14
1 9 0
2 9 2
3 8 1
t 296 0
m0 0 14
1 9 1
2 9 1
3 8 2
t 295 0
m0 0 13
1 9 0
2 9 2
3 9 2
f 5 3
t 294 0
m0 0 12
1 9 1
2 9 1
3 8 2
t 293 1
m0 0 11
1 9 2
2 8 1
3 9 2
t 292 1
m0 0 10
1 9 1
2 9 1
3 9 1
t 291 2
m0 0 9
1 9 0
2 9 0
3 9 0
t 290 3
m0 1 9
1 9 1
2 9 1
3 9 1
t 289 4
m0 1 8
1 9 0
2 9 2
3 8 1
t 288 4
m0 1 7
1 9 1
2 9 3
3 8 2
t 287 4
m0 1 6
1 8 1
2 9 2
3 7 2
t 286 5
m0 2 6
1 9 1
2 9 3
3 8 2
t 285 5
m0 3 6
1 9 0
2 9 2
3 9 2
t 284 6
m0 3 5
1 9 1
2 9 1
3 9 1
t 283 7
m0 3 4
1 9 2
2 9 0
3 9 0
t 282 7
m0 2 4
1 9 1
2 9 1
3 9 1
t 281 8
m0 2 3
1 9 2
2 9 2
3 9 2
t 280 9
m0 1 3
1 9 1
2 9 1
3 9 1
t 279 10
m0 1 2
1 9 0
2 8 1
3 9 0
t 278 11
m0 1 1
1 9 1
2 9 1
3 9 1
t 277 12
m0 0 1
1 8 1
2 9 2
3 9 0
t 276 13
m0 1 1
1 8 2
2 9 3
3 9 1
t 275 13
m0 2 1
1 9 2
2 9 4
3 9 2
t 274 13
m0 3 1
1 9 3
2 9 5
3 9 3
t 273 14
m0 3 0
1 9 4
2 8 5
3 9 4
t 272 15
m0 3 1
1 9 3
2 8 6
3 9 5
t 271 15
m0 4 1
1 9 4
2 8 7
3 8 5
t 270 15
m0 4 2
1 9 3
2 9 7
3 8 6
t 269 16
m0 4 3
1 9 4
2 8 7
3 8 7
t 268 17
m0 5 3
1 9 5
2 9 7
3 8 8
t 267 27
m0 4 3
1 8 5
2 8 7
3 8 9
t 266 27
m0 4 2
1 9 5
2 8 8
3 9 9
t 265 27
m0 4 3
1 8 5
2 8 9
3 8 9
f 5 5
t 264 27
m0 5 3
1 8 6
2 9 9
3 9 9
t 263 27
m0 6 3
1 8 7
2 8 9
3 8 9
t 262 28
m0 6 4
1 9 7
2 8 10
3 8 10
t 261 28
m0 7 4
1 8 7
2 8 9
3 8 11
t 260 29
m0 7 5
1 9 7
2 8 10
3 8 12
t 259 29
m0 8 5
1 8 7
2 7 10
3 7 12
t 258 30
m0 8 6
1 8 8
2 6 10
3 6 12
t 257 30
m0 8 6
1 7 8
2 6 9
3 6 13
t 256 30
m0 8 7
1 6 8
2 6 10
3 5 13
t 255 30
m0 9 7
1 6 9
2 7 10
3 6 13
t 254 30
m0 9 7
1 6 10
2 7 11
3 6 12
t 253 30
m0 8 7
1 7 10
2 7 10
3 5 12
t 252 30
m0 9 7
1 6 10
2 7 11
3 4 12
t 251 30
m0 8 7
1 7 10
2 7 12
3 5 12
t 250 30
m0 9 7
1 7 11
2 6 12
3 5 13
t 249 30
m0 8 7
1 7 12
2 5 12
3 5 12
t 248 30
m0 7 7
1 7 13
2 4 12
3 4 12
t 247 31
m0 7 8
1 6 13
2 5 12
3 4 13
t 246 32
m0 8 8
1 5 13
2 5 13
3 4 14
t 245 33
m0 8 9
1 4 13
2 4 13
3 4 13
t 244 33
m0 8 10
1 3 13
2 3 13
3 4 14
t 243 34
m0 7 10
1 2 13
2 4 13
3 5 14
t 242 34
m0 7 11
1 2 14
2 3 13
3 4 14
t 241 34
m0 7 11
1 2 13
2 2 13
3 4 13
t 240 34
m0 7 11
1 2 14
2 2 14
3 4 14
t 239 34
m0 7 11
1 2 13
2 1 14
3 4 13
t 238 34
m0 7 11
1 2 14
2 0 14
3 3 13
t 237 34
m0 7 11
1 1 14
2 0 13
3 2 13
t 236 34
m0 7 11
1 0 14
2 0 14
3 2 14
t 235 34
m0 8 11
1 0 13
2 1 14
3 1 14
t 234 35
m0 8 12
1 0 14
2 0 14
3 2 14
t 233 35
m0 8 12
1 0 13
2 0 13
3 1 14
t 232 35
m0 8 12
1 0 14
2 0 12
3 0 14
t 231 35
m0 8 12
1 1 14
2 0 11
3 1 14
t 230 35
m0 8 11
1 0 14
2 0 12
3 0 14
t 229 35
m0 8 12
1 0 13
2 0 13
3 0 13
t 228 35
m0 8 12
1 0 14
2 0 14
3 0 14
t 227 35
m0 7 12
1 1 14
2 1 14
3 1 14
t 226 36
m0 7 13
1 0 14
2 0 14
3 0 14
t 225 36
m0 7 13
1 0 13
2 0 13
3 0 13
t 224 36
m0 7 13
1 0 12
2 0 14
3 0 12
t 223 36
m0 7 12
1 0 11
2 0 13
3 0 13
t 222 36
m0 7 13
1 0 10
2 0 14
3 0 14
t 221 36
m0 7 13
1 0 9
2 1 14
3 1 14
t 220 36
m0 7 13
1 0 10
2 0 14
3 0 14
t 219 36
m0 7 13
1 0 9
2 0 13
3 0 13
t 218 36
m0 7 13
1 0 10
2 0 14
3 0 14
t 217 36
m0 7 13
1 0 9
2 0 13
3 1 14
t 216 36
m0 7 13
1 0 10
2 0 14
3 0 14
t 215 36
m0 7 13
1 0 9
2 0 13
3 0 13
t 214 36
m0 7 13
1 0 10
2 0 12
3 0 12
t 213 36
m0 7 12
1 0 9
2 0 11
3 0 11
t 212 36
m0 8 12
1 0 10
2 0 10
3 0 10
t 211 36
m0 8 11
1 0 9
2 0 9
3 0 9
t 210 36
m0 7 11
1 0 10
2 0 10
3 0 10
t 209 36
m0 8 11
1 0 9
2 0 9
3 1 10
t 208 36
m0 8 10
1 1 9
2 0 10
3 0 10
t 207 36
m0 8 9
1 1 10
2 0 9
3 1 10
t 206 36
m0 8 10
1 1 9
2 1 9
3 0 10
t 205 36
m0 8 9
1 0 9
2 0 9
3 0 11
t 204 36
m0 8 9
1 0 10
2 0 10
3 0 12
t 203 36
m0 8 10
1 0 9
2 0 11
3 0 13
t 202 36
m0 8 11
1 0 10
2 0 12
3 0 14
t 201 36
m0 8 12
1 0 9
2 0 13
3 0 13
t 200 36
m0 8 12
1 0 10
2 0 14
3 0 14
t 199 36
m0 8 11
1 0 9
2 1 14
3 1 14
t 198 36
m0 8 12
1 1 9
2 0 14
3 0 14
t 197 36
m0 8 11
1 0 9
2 1 14
3 1 14
t 196 36
m0 8 12
1 0 10
2 0 14
3 0 14
t 195 36
m0 8 11
1 0 9
2 1 14
3 0 13
t 194 36
m0 8 12
1 0 10
2 0 14
3 0 14
t 193 36
m0 8 11
1 0 9
2 1 14
3 1 14
t 192 36
m0 8 12
1 1 9
2 0 14
3 0 14
t 191 36
m0 8 11
1 0 9
2 0 13
3 0 13
t 190 36
m0 8 12
1 1 9
2 0 14
3 0 14
t 189 36
m0 8 11
1 0 9
2 0 13
3 0 13
t 188 36
m0 8 12
1 1 9
2 0 12
3 0 14
t 187 36
m0 8 12
1 1 10
2 0 13
3 1 14
t 186 36
m0 8 11
1 0 10
2 0 12
3 2 14
t 185 36
m0 8 12
1 0 9
2 0 11
3 1 14
t 184 36
m0 8 11
1 0 10
2 0 10
3 0 14
t 183 36
m0 8 10
1 0 11
2 0 9
3 0 13
t 182 36
m0 8 11
1 0 12
2 1 9
3 0 14
t 181 36
m0 8 12
1 0 11
2 0 9
3 0 13
t 180 36
m0 8 11
1 0 10
2 0 10
3 0 12
t 179 36
m0 8 12
1 0 11
2 0 9
3 0 11
t 178 36
m0 8 11
1 0 12
2 1 9
3 0 10
t 177 36
m0 8 12
1 0 13
2 1 8
3 1 10
t 176 36
m0 8 11
1 0 12
2 1 9
3 1 9
t 175 36
m0 8 12
1 0 11
2 1 8
3 1 8
t 174 36
m0 8 11
1 0 10
2 1 9
3 1 7
t 173 36
m0 8 10
1 1 10
2 0 9
3 0 7
t 172 36
m0 8 10
1 2 10
2 0 10
3 1 7
t 171 36
m0 8 10
1 2 11
2 0 9
3 0 7
t 170 36
m0 8 11
1 2 10
2 0 10
3 0 6
t 169 36
m0 8 10
1 2 11
2 0 11
3 0 7
t 168 36
m0 8 11
1 2 12
2 0 12
3 0 6
t 167 36
m0 8 12
1 2 11
2 0 13
3 0 7
t 166 36
m0 8 11
1 2 12
2 0 14
3 0 6
t 165 36
m0 8 12
1 2 13
2 1 14
3 1 6
t 164 36
m0 8 12
1 2 14
2 0 14
3 0 6
t 163 36
m0 8 12
1 1 14
2 0 13
3 0 5
t 162 36
m0 8 12
1 0 14
2 0 12
3 0 4
t 161 36
m0 8 12
1 0 13
2 0 13
3 0 3
t 160 36
m0 8 12
1 0 14
2 0 14
3 0 4
t 159 36
m0 7 12
1 0 13
2 0 13
3 0 5
t 158 36
m0 7 13
1 0 14
2 0 12
3 0 4
t 157 36
m0 7 12
1 0 13
2 0 13
3 0 3
t 156 36
m0 7 13
1 0 12
2 0 14
3 0 4
t 155 36
m0 7 12
1 0 11
2 1 14
3 0 3
t 154 36
m0 7 13
1 0 10
2 0 14
3 0 4
t 153 36
m0 7 13
1 0 9
2 0 13
3 0 3
t 152 36
m0 7 13
1 1 9
2 0 12
3 0 4
t 151 36
m0 7 12
1 1 8
2 0 11
3 0 5
t 150 36
m0 8 12
1 1 7
2 0 10
3 0 4
t 149 36
m0 8 11
1 0 7
2 0 9
3 0 5
t 148 36
m0 7 11
1 0 6
2 0 10
3 0 4
t 147 36
m0 8 11
1 0 5
2 0 9
3 0 5
t 146 36
m0 7 11
1 0 6
2 0 10
3 0 4
t 145 36
m0 8 11
1 0 7
2 0 9
3 0 3
t 144 36
m0 7 11
1 0 6
2 0 10
3 1 3
t 143 36
m0 8 11
1 0 5
2 0 9
3 0 3
t 142 36
m0 7 11
1 0 4
2 1 9
3 1 3
t 141 36
m0 8 11
1 0 3
2 1 8
3 0 3
t 140 36
m0 7 11
1 0 4
2 1 7
3 0 4
t 139 36
m0 7 11
1 0 3
2 1 6
3 0 3
t 138 36
m0 7 11
1 0 4
2 1 7
3 1 3
t 137 36
m0 7 11
1 0 3
2 1 6
3 1 2
t 136 36
m0 7 11
1 1 3
2 1 7
3 1 1
t 135 36
m0 7 11
1 0 3
2 0 7
3 1 0
t 134 36
m0 7 11
1 0 4
2 0 6
3 0 0
t 133 36
m0 7 11
1 0 5
2 0 5
3 1 0
t 132 36
m0 7 11
1 0 4
2 0 6
3 0 0
t 131 36
m0 7 11
1 0 3
2 1 6
3 0 1
t 130 36
m0 7 11
1 1 3
2 0 6
3 0 0
t 129 36
m0 7 11
1 0 3
2 0 5
3 1 0
t 128 36
m0 7 11
1 1 3
2 0 4
3 0 0
t 127 36
m0 7 11
1 1 2
2 0 3
3 1 0
t 126 36
m0 7 11
1 1 1
2 1 3
3 0 0
t 125 36
m0 7 11
1 1 0
2 0 3
3 0 1
t 124 36
m0 7 11
1 1 1
2 0 4
3 0 0
t 123 36
m0 7 11
1 0 1
2 0 3
3 0 1
t 122 36
m0 7 11
1 1 1
2 0 4
3 1 1
t 121 36
m0 7 11
1 0 1
2 0 5
3 0 1
t 120 36
m0 7 11
1 1 1
2 0 6
3 0 0
t 119 36
m0 7 11
1 0 1
2 0 5
3 1 0
t 118 36
m0 7 11
1 0 0
2 0 4
3 0 0
t 117 36
m0 7 11
1 1 0
2 0 5
3 1 0
t 116 36
m0 7 11
1 1 1
2 0 4
3 1 1
t 115 36
m0 7 11
1 1 0
2 0 3
3 2 1
t 114 36
m0 7 11
1 0 0
2 1 3
3 1 1
t 113 36
m0 7 11
1 1 0
2 1 2
3 1 2
t 112 36
m0 7 11
1 0 0
2 1 3
3 1 1
t 111 36
m0 7 11
1 1 0
2 1 2
3 0 1
t 110 36
m0 7 11
1 1 1
2 1 1
3 0 0
t 109 36
m0 7 11
1 0 1
2 1 0
3 1 0
t 108 36
m0 7 11
1 0 0
2 0 0
3 0 0
t 107 36
m0 7 11
1 1 0
2 0 1
3 1 0
t 106 36
m0 7 11
1 0 0
2 1 1
3 0 0
t 105 36
m0 7 11
1 1 0
2 1 0
3 1 0
t 104 36
m0 7 11
1 0 0
2 0 0
3 0 0
t 103 36
m0 7 11
1 1 0
2 0 1
3 0 1
t 102 36
m0 7 11
1 1 1
2 0 0
3 0 0
t 101 36
m0 7 11
1 1 2
2 0 1
3 0 1
t 100 36
m0 7 11
1 1 3
2 1 1
3 1 1
t 99 36
m0 7 11
1 0 3
2 1 2
3 0 1
t 98 36
m0 7 11
1 0 4
2 1 1
3 0 0
t 97 36
m0 7 11
1 0 5
2 1 2
3 0 1
t 96 36
m0 7 11
1 0 4
2 1 1
3 0 0
t 95 36
m0 7 11
1 0 3
2 0 1
3 0 1
t 94 36
m0 7 11
1 0 4
2 0 0
3 1 1
t 93 36
m0 7 11
1 0 5
2 1 0
3 1 2
t 92 36
m0 7 11
1 0 4
2 0 0
3 1 1
t 91 36
m0 7 11
1 0 3
2 1 0
3 0 1
t 90 36
m0 7 11
1 1 3
2 0 0
3 1 1
t 89 36
m0 7 11
1 1 2
2 0 1
3 1 0
t 88 36
m0 7 11
1 1 3
2 1 1
3 1 1
t 87 36
m0 7 11
1 1 2
2 1 2
3 0 1
t 86 36
m0 7 11
1 1 3
2 1 1
3 1 1
t 85 36
m0 7 11
1 1 2
2 1 0
3 1 0
t 84 36
m0 7 11
1 1 3
2 1 1
3 0 0
t 83 36
m0 7 11
1 2 3
2 1 0
3 1 0
t 82 36
m0 7 11
1 3 3
2 1 1
3 0 0
t 81 36
m0 7 11
1 2 3
2 1 0
3 1 0
t 80 36
m0 7 11
1 1 3
2 1 1
3 0 0
t 79 36
m0 7 11
1 0 3
2 1 0
3 1 0
t 78 36
m0 7 11
1 1 3
2 1 1
3 0 0
t 77 36
m0 7 11
1 1 2
2 1 0
3 1 0
t 76 36
m0 7 11
1 1 1
2 0 0
3 0 0
t 75 36
m0 7 11
1 1 0
2 0 1
3 1 0
t 74 36
m0 7 11
1 1 1
2 1 1
3 0 0
t 73 36
m0 7 11
1 1 0
2 1 2
3 0 1
t 72 36
m0 7 11
1 0 0
2 1 1
3 0 0
t 71 36
m0 7 11
1 0 1
2 2 1
3 0 1
t 70 36
m0 7 11
1 1 1
2 3 1
3 1 1
t 69 36
m0 7 11
1 1 0
2 2 1
3 1 0
t 68 36
m0 7 11
1 0 0
2 1 1
3 1 1
t 67 36
m0 7 11
1 0 1
2 1 0
3 1 0
t 66 36
m0 7 11
1 0 0
2 0 0
3 0 0
t 65 36
m0 7 11
1 0 1
2 0 1
3 0 1
t 64 36
m0 7 11
1 0 0
2 0 0
3 0 0
t 63 36
m0 7 11
1 0 1
2 1 0
3 0 1
t 62 36
m0 7 11
1 0 0
2 0 0
3 1 1
t 61 36
m0 7 11
1 0 1
2 1 0
3 0 1
t 60 36
m0 7 11
1 0 0
2 0 0
3 0 0
t 59 36
m0 7 11
1 0 1
2 1 0
3 0 1
t 58 36
m0 7 11
1 1 1
2 1 1
3 0 0
t 57 36
m0 7 11
1 0 1
2 1 0
3 0 1
t 56 36
m0 7 11
1 0 0
2 1 1
3 1 1
t 55 36
m0 7 11
1 1 0
2 1 0
3 2 1
t 54 36
m0 7 11
1 1 1
2 1 1
3 1 1
t 53 36
m0 7 11
1 0 1
2 1 0
3 1 0
t 52 36
m0 7 11
1 1 1
2 0 0
3 0 0
t 51 36
m0 7 11
1 1 0
2 0 1
3 0 1
t 50 36
m0 7 11
1 1 1
2 1 1
3 1 1
t 49 36
m0 7 11
1 0 1
2 0 1
3 1 0
t 48 36
m0 7 11
1 0 0
2 0 0
3 0 0
t 47 36
m0 7 11
1 1 0
2 0 1
3 0 1
t 46 36
m0 7 11
1 1 1
2 0 0
3 0 0
t 45 36
m0 7 11
1 1 0
2 0 1
3 0 1
t 44 36
m0 7 11
1 1 1
2 1 1
3 0 0
t 43 36
m0 7 11
1 2 1
2 1 0
3 0 1
t 42 36
m0 7 11
1 1 1
2 1 1
3 1 1
t 41 36
m0 7 11
1 1 0
2 0 1
3 1 0
t 40 36
m0 7 11
1 1 1
2 1 1
3 0 0
t 39 36
m0 7 11
1 1 0
2 0 1
3 0 1
t 38 36
m0 7 11
1 0 0
2 0 0
3 1 1
t 37 36
m0 7 11
1 0 1
2 0 1
3 1 0
t 36 36
m0 7 11
1 0 0
2 1 1
3 0 0
t 35 36
m0 7 11
1 1 0
2 0 1
3 0 1
t 34 36
m0 7 11
1 1 1
2 0 0
3 0 0
t 33 36
m0 7 11
1 0 1
2 0 1
3 1 0
t 32 36
m0 7 11
1 0 0
2 0 0
3 0 0
t 31 36
m0 7 11
1 0 1
2 0 1
3 0 1
t 30 36
m0 7 11
1 0 0
2 0 0
3 1 1
t 29 36
m0 7 11
1 0 1
2 0 1
3 0 1
t 28 36
m0 7 11
1 0 0
2 1 1
3 0 0
t 27 36
m0 7 11
1 0 1
2 1 0
3 1 0
t 26 36
m0 7 11
1 1 1
2 0 0
3 0 0
t 25 36
m0 7 11
1 1 0
2 1 0
3 1 0
t 24 36
m0 7 11
1 0 0
2 0 0
3 1 1
t 23 36
m0 7 11
1 1 0
2 0 1
3 0 1
t 22 36
m0 7 11
1 0 0
2 0 0
3 1 1
t 21 36
m0 7 11
1 1 0
2 1 0
3 1 0
t 20 36
m0 7 11
1 1 1
2 0 0
3 1 1
t 19 36
m0 7 11
1 1 2
2 0 1
3 1 2
t 18 36
m0 7 11
1 1 1
2 1 1
3 1 1
t 17 36
m0 7 11
1 0 1
2 1 0
3 1 0
t 16 36
m0 7 11
1 1 1
2 0 0
3 0 0
t 15 36
m0 7 11
1 1 0
2 0 1
3 0 1
t 14 36
m0 7 11
1 0 0
2 0 0
3 0 0
t 13 36
m0 7 11
1 1 0
2 1 0
3 1 0
t 12 36
m0 7 11
1 0 0
2 1 1
3 0 0
t 11 36
m0 7 11
1 1 0
2 0 1
3 1 0
t 10 36
m0 7 11
1 1 1
2 0 0
3 1 1
t 9 36
m0 7 11
1 1 2
2 0 1
3 0 1
t 8 36
m0 7 11
1 1 1
2 1 1
3 0 0
t 7 36
m0 7 11
1 1 0
2 0 1
3 1 0
t 6 36
m0 7 11
1 1 1
2 0 0
3 0 0
t 5 36
m0 7 11
1 0 1
2 0 1
3 1 0
t 4 36
m0 7 11
1 1 1
2 1 1
3 0 0
t 3 36
m0 7 11
1 1 0
2 2 1
3 0 1
t 2 36
m0 7 11
1 1 1
2 1 1
3 0 0
t 1 36
m0 7 11
1 1 1
2 1 1
3 0 0
t 0 36
