10
15
w 7 3
w 5 9
w 8 13
w 9 1
w 3 0
w 0 2
w 2 1
w 0 3
w 8 5
w 4 0
w 5 5
w 2 9
w 5 12
w 6 3
w 0 11
w 5 0
w 6 11
w 1 13
w 8 11
w 9 3
w 4 5
w 9 10
w 2 3
w 4 11
w 6 5
w 7 0
w 7 13
w 2 11
w 3 1
w 5 14
w 3 8
w 2 0
w 1 8
w 8 8
w 4 3
w 7 8
w 2 4
p 6 6
p 7 12
p 2 8
p 9 8
p 4 8
p 5 13
p 0 7
p 8 9
p 4 12
p 1 6
p 3 7
p 8 14
p 6 7
p 3 3
p 4 9
p 3 10
p 4 4
p 1 14
p 8 10
p 6 10
p 4 13
p 2 13
p 3 6
p 2 2
p 1 1
p 9 7
p 6 4
p 7 14
p 5 4
p 9 14
p 8 2
p 3 2
p 5 11
p 7 1
p 6 0
p 1 4
p 3 9
p 1 9
p 1 0
p 3 5
p 2 7
p 5 3
p 8 3
p 3 12
p 5 10
p 6 8
p 8 12
p 9 2
p 4 6
p 6 1
p 0 13
p 7 4
p 0 6
p 6 13
p 9 5
p 3 4
m0 0 14
1 9 0
2 9 0
3 9 0
t 300 0
m0 0 13
1 8 0
2 8 0
3 8 0
f 9 6
t 299 1
m0 0 13
1 9 0
2 9 0
3 9 0
t 298 1
m0 0 12
1 8 0
2 8 0
3 8 0
t 297 1
m0 0 12
1 9 0
2 9 0
3 9 0
t 296 1
m0 1 12
1 8 0
2 8 0
3 8 0
t 295 1
m0 2 12
1 9 0
2 9 0
3 9 0
t 294 1
m0 3 12
1 8 0
2 8 0
3 8 0
t 293 2
m0 4 12
1 9 0
2 9 0
3 9 0
t 292 3
m0 4 13
1 8 0
2 8 0
3 8 0
t 291 4
m0 5 13
1 9 0
2 9 0
3 9 0
t 290 5
m0 6 13
1 8 0
2 8 0
3 8 0
t 289 6
m0 6 14
1 9 0
2 9 0
3 9 0
t 288 6
m0 7 14
1 8 0
2 8 0
3 8 0
t 287 7
m0 8 14
1 9 0
2 9 0
3 9 0
t 286 8
m0 9 14
1 8 0
2 8 0
3 8 0
t 285 9
m0 8 14
1 9 0
2 9 0
3 9 0
t 284 9
m0 8 14
1 8 0
2 8 0
3 8 0
t 283 9
m0 9 14
1 9 0
2 9 0
3 9 0
t 282 9
m0 9 13
1 8 0
2 8 0
3 8 0
t 281 9
m0 9 14
1 9 0
2 9 0
3 9 0
t 280 9
m0 8 14
1 8 0
2 8 0
3 8 0
t 279 9
m0 7 14
1 9 0
2 9 0
3 9 0
t 278 9
m0 8 14
1 8 0
2 8 0
3 8 0
t 277 9
m0 7 14
1 9 0
2 9 0
3 9 0
t 276 9
m0 6 14
1 8 0
2 8 0
3 8 0
t 275 9
m0 6 14
1 9 0
2 9 0
3 9 0
t 274 9
m0 6 14
1 8 0
2 8 0
3 8 0
t 273 9
m0 6 14
1 9 0
2 9 0
3 9 0
t 272 9
m0 7 14
1 8 0
2 8 0
3 8 0
t 271 9
m0 6 14
1 9 0
2 9 0
3 9 0
t 270 9
m0 6 14
1 8 0
2 8 0
3 8 0
t 269 9
m0 6 13
1 9 0
2 9 0
3 9 0
t 268 9
m0 5 13
1 8 0
2 8 0
3 8 0
t 267 9
m0 4 13
1 9 0
2 9 0
3 9 0
t 266 9
m0 4 13
1 8 0
2 8 0
3 8 0
t 265 9
m0 4 14
1 9 0
2 9 0
3 9 0
t 264 9
m0 4 13
1 8 0
2 8 0
3 8 0
t 263 9
m0 5 13
1 9 0
2 9 0
3 9 0
t 262 9
m0 4 13
1 8 0
2 8 0
3 8 0
t 261 9
m0 4 12
1 9 0
2 9 0
3 9 0
t 260 9
m0 3 12
1 8 0
2 8 0
3 8 0
t 259 9
m0 3 12
1 9 0
2 9 0
3 9 0
t 258 9
m0 3 13
1 8 0
2 8 0
3 8 0
t 257 9
m0 2 13
1 9 0
2 9 0
3 9 0
t 256 10
m0 2 14
1 8 0
2 8 0
3 8 0
t 255 10
m0 1 14
1 9 0
2 9 0
3 9 0
t 254 11
m0 1 14
1 8 0
2 8 0
3 8 0
t 253 11
m0 1 14
1 9 0
2 9 0
3 9 0
t 252 11
m0 2 14
1 8 0
2 8 0
3 8 0
t 251 11
m0 2 13
1 9 0
2 9 0
3 9 0
t 250 11
m0 3 13
1 8 0
2 8 0
3 8 0
t 249 11
m0 3 14
1 9 0
2 9 0
3 9 0
t 248 11
m0 2 14
1 8 0
2 8 0
3 8 0
t 247 11
m0 2 13
1 9 0
2 9 0
3 9 0
t 246 11
m0 3 13
1 8 0
2 8 0
3 8 0
t 245 11
m0 3 13
1 9 0
2 9 0
3 9 0
t 244 11
m0 3 12
1 8 0
2 8 0
3 8 0
t 243 11
m0 3 11
1 9 0
2 9 0
3 9 0
t 242 11
m0 3 10
1 8 0
2 8 0
3 8 0
t 241 12
m0 3 9
1 9 0
2 9 0
3 9 0
t 240 13
m0 4 9
1 8 0
2 8 0
3 8 0
t 239 14
m0 4 8
1 9 0
2 9 0
3 9 0
t 238 15
m0 5 8
1 8 0
2 8 0
3 8 0
t 237 15
m0 6 8
1 9 0
2 9 0
3 9 0
t 236 16
m0 6 7
1 8 0
2 8 0
3 8 0
t 235 17
m0 6 6
1 9 0
2 9 0
3 9 0
t 234 18
m0 7 6
1 8 0
2 8 0
3 8 0
t 233 18
m0 7 6
1 9 0
2 9 0
3 9 0
t 232 18
m0 6 6
1 8 0
2 8 0
3 8 0
t 231 18
m0 5 6
1 9 0
2 9 0
3 9 0
t 230 18
m0 4 6
1 8 0
2 8 0
3 8 0
t 229 19
m0 3 6
1 9 0
2 9 0
3 9 0
t 228 20
m0 3 7
1 8 0
2 8 0
3 8 0
t 227 21
m0 2 7
1 9 0
2 9 0
3 9 0
t 226 22
m0 2 8
1 8 0
2 8 0
3 8 0
t 225 23
m0 2 7
1 9 0
2 9 0
3 9 0
t 224 23
m0 2 6
1 8 0
2 8 0
3 8 0
t 223 23
m0 1 6
1 9 0
2 9 0
3 9 0
t 222 24
m0 0 6
1 8 0
2 8 0
3 8 0
t 221 25
m0 0 7
1 9 0
2 9 0
3 9 0
t 220 26
m0 1 7
1 8 0
2 8 0
3 8 0
t 219 26
m0 2 7
1 9 0
2 9 0
3 9 0
t 218 26
m0 2 7
1 8 0
2 8 0
3 8 0
t 217 26
m0 1 7
1 9 0
2 9 0
3 9 0
t 216 26
m0 0 7
1 8 0
2 8 0
3 8 0
t 215 26
m0 0 7
1 9 0
2 9 0
3 9 0
t 214 26
m0 0 7
1 8 0
2 8 0
3 8 0
t 213 26
m0 0 6
1 9 0
2 9 0
3 9 0
t 212 26
m0 0 5
1 8 0
2 8 0
3 8 0
t 211 26
m0 0 5
1 9 0
2 9 0
3 9 0
t 210 26
m0 0 6
1 8 0
2 8 0
3 8 0
t 209 26
m0 0 7
1 9 0
2 9 0
3 9 0
t 208 26
m0 1 7
1 8 0
2 8 0
3 8 0
t 207 26
m0 1 6
1 9 0
2 9 0
3 9 0
t 206 26
m0 1 7
1 8 0
2 8 0
3 8 0
t 205 26
m0 2 7
1 9 0
2 9 0
3 9 0
t 204 26
m0 2 6
1 8 0
2 8 0
3 8 0
t 203 26
m0 1 6
1 9 0
2 9 0
3 9 0
t 202 26
m0 2 6
1 8 0
2 8 0
3 8 0
t 201 26
m0 3 6
1 9 0
2 9 0
3 9 0
t 200 26
m0 3 5
1 8 0
2 8 0
3 8 0
t 199 27
m0 3 4
1 9 0
2 9 0
3 9 0
t 198 28
m0 3 3
1 8 0
2 8 0
3 8 0
t 197 29
m0 3 2
1 9 0
2 9 0
3 9 0
t 196 30
m0 2 2
1 8 0
2 8 0
3 8 0
t 195 31
m0 2 2
1 9 0
2 9 0
3 9 0
t 194 31
m0 3 2
1 8 0
2 8 0
3 8 0
t 193 31
m0 3 2
1 9 0
2 9 0
3 9 0
t 192 31
m0 3 2
1 8 0
2 8 0
3 8 0
t 191 31
m0 3 3
1 9 0
2 9 0
3 9 0
t 190 31
m0 3 4
1 8 0
2 8 0
3 8 0
t 189 31
m0 4 4
1 9 0
2 9 0
3 9 0
t 188 32
m0 5 4
1 8 0
2 8 0
3 8 0
t 187 33
m0 5 3
1 9 0
2 9 0
3 9 0
t 186 34
m0 5 2
1 8 0
2 8 0
3 8 0
t 185 34
m0 5 2
1 9 0
2 9 0
3 9 0
t 184 34
m0 5 3
1 8 0
2 8 0
3 8 0
t 183 34
m0 5 4
1 9 0
2 9 0
3 9 0
t 182 34
m0 6 4
1 8 0
2 8 0
3 8 0
t 181 35
m0 7 4
1 9 0
2 9 0
3 9 0
t 180 36
m0 8 4
1 8 0
2 8 0
3 8 0
t 179 36
m0 8 3
1 9 0
2 9 0
3 9 0
t 178 37
m0 8 2
1 8 0
2 8 0
3 8 0
t 177 38
m0 9 2
1 9 0
2 9 0
3 9 0
t 176 39
m0 8 2
1 8 0
2 8 0
3 8 0
t 175 39
m0 7 2
1 9 0
2 9 0
3 9 0
t 174 39
m0 7 1
1 8 0
2 8 0
3 8 0
t 173 40
m0 6 1
1 9 0
2 9 0
3 9 0
t 172 41
m0 6 0
1 8 0
2 8 0
3 8 0
t 171 42
m0 6 0
1 9 0
2 9 0
3 9 0
t 170 42
m0 6 1
1 8 0
2 8 0
3 8 0
t 169 42
m0 6 1
1 9 0
2 9 0
3 9 0
t 168 42
m0 5 1
1 8 0
2 8 0
3 8 0
t 167 42
m0 4 1
1 9 0
2 9 0
3 9 0
t 166 42
m0 4 2
1 8 0
2 8 0
3 8 0
t 165 42
m0 3 2
1 9 0
2 9 0
3 9 0
t 164 42
m0 3 3
1 8 0
2 8 0
3 8 0
t 163 42
m0 3 4
1 9 0
2 9 0
3 9 0
t 162 42
m0 3 3
1 8 0
2 8 0
3 8 0
t 161 42
m0 3 4
1 9 0
2 9 0
3 9 0
t 160 42
m0 4 4
1 8 0
2 8 0
3 8 0
t 159 42
m0 4 4
1 9 0
2 9 0
3 9 0
t 158 42
m0 4 4
1 8 0
2 8 0
3 8 0
t 157 42
m0 5 4
1 9 0
2 9 0
3 9 0
t 156 42
m0 5 3
1 8 0
2 8 0
3 8 0
t 155 42
m0 5 4
1 9 0
2 9 0
3 9 0
t 154 42
m0 5 4
1 8 0
2 8 0
3 8 0
t 153 42
m0 4 4
1 9 0
2 9 0
3 9 0
t 152 42
m0 4 4
1 8 0
2 8 0
3 8 0
t 151 42
m0 5 4
1 9 0
2 9 0
3 9 0
t 150 42
m0 5 4
1 8 0
2 8 0
3 8 0
t 149 42
m0 6 4
1 9 0
2 9 0
3 9 0
t 148 42
m0 7 4
1 8 0
2 8 0
3 8 0
t 147 42
m0 8 4
1 9 0
2 9 0
3 9 0
t 146 42
m0 8 4
1 8 0
2 8 0
3 8 0
t 145 42
m0 7 4
1 9 0
2 9 0
3 9 0
t 144 42
m0 6 4
1 8 0
2 8 0
3 8 0
t 143 42
m0 6 4
1 9 0
2 9 0
3 9 0
t 142 42
m0 6 4
1 8 0
2 8 0
3 8 0
t 141 42
m0 7 4
1 9 0
2 9 0
3 9 0
t 140 42
m0 8 4
1 8 0
2 8 0
3 8 0
t 139 42
m0 7 4
1 9 0
2 9 0
3 9 0
t 138 42
m0 6 4
1 8 0
2 8 0
3 8 0
t 137 42
m0 6 4
1 9 0
2 9 0
3 9 0
t 136 42
m0 6 4
1 8 0
2 8 0
3 8 0
t 135 42
m0 6 4
1 9 0
2 9 0
3 9 0
t 134 42
m0 7 4
1 8 0
2 8 0
3 8 0
t 133 42
m0 8 4
1 9 0
2 9 0
3 9 0
t 132 42
m0 9 4
1 8 0
2 8 0
3 8 0
t 131 42
m0 9 5
1 9 0
2 9 0
3 9 0
t 130 43
m0 9 5
1 8 0
2 8 0
3 8 0
t 129 43
m0 9 5
1 9 0
2 9 0
3 9 0
t 128 43
m0 9 5
1 8 0
2 8 0
3 8 0
t 127 43
m0 9 5
1 9 0
2 9 0
3 9 0
t 126 43
m0 9 6
1 8 0
2 8 0
3 8 0
t 125 53
m0 9 7
1 9 0
2 9 0
3 9 0
t 124 54
m0 9 8
1 8 0
2 8 0
3 8 0
t 123 55
m0 9 7
1 9 0
2 9 0
3 9 0
t 122 55
m0 9 6
1 8 0
2 8 0
3 8 0
t 121 55
m0 9 5
1 9 0
2 9 0
3 9 0
t 120 55
m0 9 4
1 8 0
2 8 0
3 8 0
t 119 55
m0 8 4
1 9 0
2 9 0
3 9 0
t 118 55
m0 9 4
1 8 0
2 8 0
3 8 0
f 3 7
t 117 55
m0 9 4
1 9 0
2 9 0
3 9 0
t 116 55
m0 9 4
1 8 0
2 8 0
3 8 0
t 115 55
m0 9 4
1 9 0
2 9 0
3 9 0
t 114 55
m0 8 4
1 8 0
2 8 0
3 8 0
t 113 55
m0 9 4
1 9 0
2 9 0
3 9 0
t 112 55
m0 8 4
1 8 0
2 8 0
3 8 0
t 111 55
m0 7 4
1 9 0
2 9 0
3 9 0
t 110 55
m0 6 4
1 8 0
2 8 0
3 8 0
t 109 55
m0 5 4
1 9 0
2 9 0
3 9 0
t 108 55
m0 4 4
1 8 0
2 8 0
3 8 0
t 107 55
m0 4 4
1 9 0
2 9 0
3 9 0
t 106 55
m0 5 4
1 8 0
2 8 0
3 8 0
t 105 55
m0 5 4
1 9 0
2 9 0
3 9 0
t 104 55
m0 6 4
1 8 0
2 8 0
3 8 0
t 103 55
m0 5 4
1 9 0
2 9 0
3 9 0
t 102 55
m0 5 3
1 8 0
2 8 0
3 8 0
t 101 55
m0 5 2
1 9 0
2 9 0
3 9 0
t 100 55
m0 5 2
1 8 0
2 8 0
3 8 0
t 99 55
m0 5 3
1 9 0
2 9 0
3 9 0
t 98 55
m0 5 3
1 8 0
2 8 0
3 8 0
t 97 55
m0 5 4
1 9 0
2 9 0
3 9 0
t 96 55
m0 4 4
1 8 0
2 8 0
3 8 0
t 95 55
m0 4 4
1 9 0
2 9 0
3 9 0
t 94 55
m0 3 4
1 8 0
2 8 0
3 8 0
t 93 55
m0 3 3
1 9 0
2 9 0
3 9 0
t 92 55
m0 3 3
1 8 0
2 8 0
3 8 0
t 91 55
m0 3 4
1 9 0
2 9 0
3 9 0
t 90 55
m0 3 5
1 8 0
2 8 0
3 8 0
t 89 55
m0 3 6
1 9 0
2 9 0
3 9 0
t 88 55
m0 2 6
1 8 0
2 8 0
3 8 0
t 87 55
m0 2 7
1 9 0
2 9 0
3 9 0
t 86 55
m0 2 6
1 8 0
2 8 0
3 8 0
t 85 55
m0 2 5
1 9 0
2 9 0
3 9 0
t 84 55
m0 1 5
1 8 0
2 8 0
3 8 0
t 83 55
m0 1 4
1 9 0
2 9 0
3 9 0
t 82 56
m0 1 5
1 8 0
2 8 0
3 8 0
t 81 56
m0 1 6
1 9 0
2 9 0
3 9 0
t 80 56
m0 1 6
1 8 0
2 8 0
3 8 0
t 79 56
m0 0 6
1 9 0
2 9 0
3 9 0
t 78 56
m0 0 6
1 8 0
2 8 0
3 8 0
t 77 56
m0 0 5
1 9 0
2 9 0
3 9 0
t 76 56
m0 1 5
1 8 0
2 8 0
3 8 0
t 75 56
m0 0 5
1 9 0
2 9 0
3 9 0
t 74 56
m0 0 4
1 8 0
2 8 0
3 8 0
t 73 56
m0 0 4
1 9 0
2 9 0
3 9 0
t 72 56
m0 0 4
1 8 0
2 8 0
3 8 0
t 71 56
m0 0 5
1 9 0
2 9 0
3 9 0
t 70 56
m0 0 5
1 8 0
2 8 0
3 8 0
t 69 56
m0 0 5
1 9 0
2 9 0
3 9 0
t 68 56
m0 0 5
1 8 0
2 8 0
3 8 0
t 67 56
m0 0 4
1 9 0
2 9 0
3 9 0
t 66 56
m0 0 5
1 8 0
2 8 0
3 8 0
t 65 56
m0 0 6
1 9 0
2 9 0
3 9 0
t 64 56
m0 0 7
1 8 0
2 8 0
3 8 0
t 63 56
m0 0 6
1 9 0
2 9 0
3 9 0
t 62 56
m0 1 6
1 8 0
2 8 0
3 8 0
t 61 56
m0 2 6
1 9 0
2 9 0
3 9 0
t 60 56
m0 2 5
1 8 0
2 8 0
3 8 0
t 59 56
m0 2 5
1 9 0
2 9 0
3 9 0
t 58 56
m0 1 5
1 8 0
2 8 0
3 8 0
t 57 56
m0 2 5
1 9 0
2 9 0
3 9 0
t 56 56
m0 2 6
1 8 0
2 8 0
3 8 0
t 55 56
m0 1 6
1 9 0
2 9 0
3 9 0
t 54 56
m0 2 6
1 8 0
2 8 0
3 8 0
t 53 56
m0 1 6
1 9 0
2 9 0
3 9 0
t 52 56
m0 1 6
1 8 0
2 8 0
3 8 0
t 51 56
m0 1 6
1 9 0
2 9 0
3 9 0
t 50 56
m0 1 6
1 8 0
2 8 0
3 8 0
t 49 56
m0 1 5
1 9 0
2 9 0
3 9 0
t 48 56
m0 1 5
1 8 0
2 8 0
3 8 0
t 47 56
m0 0 5
1 9 0
2 9 0
3 9 0
t 46 56
m0 0 4
1 8 0
2 8 0
3 8 0
t 45 56
m0 0 5
1 9 0
2 9 0
3 9 0
t 44 56
m0 0 6
1 8 0
2 8 0
3 8 0
t 43 56
m0 0 6
1 9 0
2 9 0
3 9 0
t 42 56
m0 0 6
1 8 0
2 8 0
3 8 0
t 41 56
m0 0 7
1 9 0
2 9 0
3 9 0
t 40 56
m0 1 7
1 8 0
2 8 0
3 8 0
t 39 56
m0 2 7
1 9 0
2 9 0
3 9 0
t 38 56
m0 2 7
1 8 0
2 8 0
3 8 0
t 37 56
m0 2 6
1 9 0
2 9 0
3 9 0
t 36 56
m0 3 6
1 8 0
2 8 0
3 8 0
t 35 56
m0 2 6
1 9 0
2 9 0
3 9 0
t 34 56
m0 3 6
1 8 0
2 8 0
3 8 0
t 33 56
m0 3 6
1 9 0
2 9 0
3 9 0
t 32 56
m0 3 7
1 8 0
2 8 0
3 8 0
t 31 66
m0 4 7
1 9 0
2 9 0
3 9 0
t 30 66
m0 5 7
1 8 0
2 8 0
3 8 0
t 29 66
m0 6 7
1 9 0
2 9 0
3 9 0
t 28 66
m0 7 7
1 8 0
2 8 0
3 8 0
t 27 66
m0 8 7
1 9 0
2 9 0
3 9 0
t 26 66
m0 8 6
1 8 0
2 8 0
3 8 0
f 6 2
t 25 66
m0 8 7
1 9 0
2 9 0
3 9 0
t 24 66
m0 8 6
1 8 0
2 8 0
3 8 0
t 23 66
m0 8 7
1 9 0
2 9 0
3 9 0
t 22 66
m0 8 7
1 8 0
2 8 0
3 8 0
t 21 66
m0 9 7
1 9 0
2 9 0
3 9 0
t 20 66
m0 9 8
1 8 0
2 8 0
3 8 0
t 19 66
m0 9 7
1 9 0
2 9 0
3 9 0
t 18 66
m0 8 7
1 8 0
2 8 0
3 8 0
t 17 66
m0 8 7
1 9 0
2 9 0
3 9 0
t 16 66
m0 8 6
1 8 0
2 8 0
3 8 0
t 15 66
m0 8 7
1 9 0
2 9 0
3 9 0
t 14 66
m0 8 7
1 8 0
2 8 0
3 8 0
t 13 66
m0 8 7
1 9 0
2 9 0
3 9 0
t 12 66
m0 9 7
1 8 0
2 8 0
3 8 0
t 11 66
m0 9 7
1 9 0
2 9 0
3 9 0
t 10 66
m0 9 6
1 8 0
2 8 0
3 8 0
t 9 66
m0 9 6
1 9 0
2 9 0
3 9 0
t 8 66
m0 9 7
1 8 0
2 8 0
3 8 0
t 7 66
m0 9 7
1 9 0
2 9 0
3 9 0
t 6 66
m0 9 8
1 8 0
2 8 0
3 8 0
t 5 66
m0 9 9
1 9 0
2 9 0
3 9 0
t 4 66
m0 8 9
1 8 0
2 8 0
3 8 0
t 3 67
m0 8 10
1 9 0
2 9 0
3 9 0
t 2 68
m0 8 10
1 8 0
2 8 0
3 8 0
t 1 68
m0 8 10
1 8 0
2 8 0
3 8 0
t 0 68
