10
15
w 4 8
w 2 1
w 6 2
w 2 12
w 9 4
w 6 14
w 1 2
w 4 9
w 3 3
w 6 7
w 8 1
w 3 10
w 4 4
w 5 12
w 8 10
w 1 14
w 4 13
w 0 4
w 1 10
w 7 14
w 0 0
w 8 2
w 5 11
w 4 5
w 6 0
w 1 4
w 7 5
w 1 0
w 9 13
w 6 8
w 6 1
w 3 1
w 7 13
w 3 8
w 1 7
w 0 9
w 7 8
p 7 3
p 6 9
p 4 7
p 9 1
p 7 12
p 2 8
p 9 8
p 8 0
p 3 11
p 0 7
p 4 12
p 0 10
p 5 1
p 2 5
p 0 3
p 8 5
p 2 4
p 9 0
p 5 5
p 7 6
p 6 3
p 9 11
p 5 0
p 8 6
p 9 7
p 5 4
p 3 13
p 8 11
p 0 12
p 2 3
p 1 9
p 6 12
p 4 2
p 0 8
p 4 11
p 7 9
p 2 7
p 5 3
p 6 5
p 3 12
p 5 10
p 1 12
p 9 2
p 5 7
p 2 11
p 9 9
p 0 13
p 7 4
p 5 14
p 1 8
p 4 3
p 6 13
p 5 2
p 0 2
p 9 12
p 8 4
m0 0 14
1 9 0
2 9 0
3 9 0
t 300 0
m0 0 13
1 8 0
2 9 1
3 8 0
t 299 1
m0 0 12
1 9 0
2 9 2
3 7 0
t 298 2
m0 1 12
1 8 0
2 9 3
3 7 1
t 297 3
m0 1 11
1 9 0
2 8 3
3 7 0
t 296 3
m0 2 11
1 9 1
2 8 4
3 8 0
t 295 4
m0 3 11
1 9 2
2 7 4
3 7 0
t 294 5
m0 4 11
1 9 1
2 6 4
3 8 0
t 293 6
m0 4 12
1 9 2
2 5 4
3 7 0
t 292 7
m0 3 12
1 9 3
2 5 5
3 8 0
t 291 8
m0 3 13
1 9 2
2 5 6
3 7 0
t 290 9
m0 3 14
1 9 3
2 4 6
3 8 0
t 289 9
m0 4 14
1 9 2
2 3 6
3 7 0
t 288 9
m0 5 14
1 9 3
2 2 6
3 8 0
t 287 10
m0 5 13
1 9 2
2 1 6
3 7 0
t 286 10
m0 6 13
1 9 3
2 0 6
3 8 0
t 285 11
m0 6 12
1 9 2
2 0 7
3 7 0
t 284 12
m0 7 12
1 9 3
2 0 8
3 8 0
t 283 13
m0 8 12
1 9 2
2 1 8
3 7 0
t 282 13
m0 9 12
1 9 3
2 0 8
3 8 0
t 281 14
m0 9 11
1 9 2
2 1 8
3 7 0
t 280 15
m0 8 11
1 9 3
2 0 8
3 8 0
t 279 16
m0 9 11
1 9 2
2 1 8
3 7 0
t 278 16
m0 9 10
1 9 3
2 0 8
3 8 0
t 277 16
m0 9 9
1 9 2
2 1 8
3 7 0
t 276 17
m0 9 8
1 9 3
2 0 8
3 8 0
t 275 18
m0 9 7
1 9 2
2 1 8
3 7 0
t 274 19
m0 9 6
1 9 3
2 0 8
3 8 0
t 273 19
m0 8 6
1 9 2
2 1 8
3 7 0
t 272 20
m0 8 5
1 9 3
2 0 8
3 8 0
t 271 21
m0 8 4
1 9 2
2 1 8
3 7 0
t 270 22
m0 7 4
1 9 3
2 0 8
3 8 0
t 269 23
m0 7 3
1 9 2
2 1 8
3 7 0
t 268 24
m0 6 3
1 9 3
2 0 8
3 8 0
t 267 25
m0 5 3
1 9 2
2 1 8
3 7 0
f 2 14
t 266 26
m0 5 2
1 9 3
2 0 8
3 8 0
t 265 27
m0 5 1
1 9 2
2 1 8
3 7 0
t 264 28
m0 5 0
1 9 3
2 0 8
3 8 0
t 263 29
m0 4 0
1 9 2
2 1 8
3 7 0
t 262 29
m0 4 1
1 9 3
2 0 8
3 8 0
t 261 29
m0 4 2
1 9 2
2 1 8
3 7 0
t 260 30
m0 4 3
1 9 3
2 0 8
3 8 0
t 259 31
m0 5 3
1 9 2
2 1 8
3 7 0
t 258 31
m0 5 4
1 9 3
2 0 8
3 8 0
t 257 32
m0 5 5
1 9 2
2 1 8
3 7 0
t 256 33
m0 6 5
1 9 3
2 0 8
3 8 0
t 255 34
m0 6 6
1 9 2
2 1 8
3 7 0
t 254 34
m0 7 6
1 9 3
2 0 8
3 8 0
t 253 35
m0 6 6
1 9 2
2 1 8
3 7 0
t 252 35
m0 5 6
1 9 3
2 0 8
3 8 0
t 251 35
m0 5 7
1 9 2
2 1 8
3 7 0
t 250 36
m0 4 7
1 9 3
2 0 8
3 8 0
t 249 37
m0 3 7
1 9 2
2 1 8
3 7 0
t 248 37
m0 2 7
1 9 3
2 0 8
3 8 0
t 247 38
m0 2 8
1 9 2
2 1 8
3 7 0
t 246 39
m0 -5 -5
1 9 2
2 1 8
3 7 0
t 245 40
