10
15
w 7 3
w 6 9
w 4 7
w 9 8
w 2 1
w 5 1
w 8 5
w 3 14
w 7 2
w 6 14
w 6 7
w 8 1
w 4 4
w 1 5
w 7 10
w 1 10
w 3 4
w 4 10
w 7 14
w 1 13
w 3 9
w 2 3
w 6 12
w 0 8
w 2 7
w 9 13
w 8 3
w 3 12
w 4 6
w 1 12
w 9 9
w 7 4
w 5 14
w 4 3
w 0 9
w 7 8
w 0 2
p 5 9
p 4 8
p 3 0
p 7 12
p 2 8
p 4 12
p 0 10
p 9 4
p 7 11
p 3 7
p 5 8
p 8 14
p 5 5
p 3 3
p 7 6
p 5 12
p 6 10
p 1 14
p 8 10
p 6 3
p 4 13
p 2 13
p 9 11
p 0 11
p 2 2
p 8 6
p 9 7
p 5 4
p 2 6
p 9 14
p 8 11
p 9 3
p 4 14
p 1 4
p 0 12
p 1 9
p 1 0
p 2 14
p 6 5
p 3 5
p 5 3
p 0 1
p 4 11
p 7 0
p 6 8
p 8 12
p 6 1
p 2 11
p 3 8
p 0 6
p 8 8
p 6 13
p 1 7
p 9 5
p 5 2
p 2 4
m0 0 14
1 9 0
2 9 0
3 9 0
t 300 0
m0 1 14
1 8 0
2 8 0
3 8 0
t 299 1
m0 2 14
1 9 0
2 9 0
3 9 0
t 298 2
m0 2 13
1 8 0
2 8 0
3 8 0
t 297 3
m0 3 13
1 9 0
2 9 0
3 9 0
t 296 3
m0 4 13
1 8 0
2 8 0
3 8 0
t 295 4
m0 4 12
1 9 0
2 9 0
3 9 0
t 294 5
m0 5 12
1 8 0
2 8 0
3 8 0
t 293 6
m0 5 13
1 9 0
2 9 0
3 9 0
t 292 6
m0 6 13
1 8 0
2 8 0
3 8 0
t 291 7
m0 5 13
1 9 0
2 9 0
3 9 0
t 290 7
m0 5 12
1 8 0
2 8 0
3 8 0
t 289 7
m0 5 13
1 9 0
2 9 0
3 9 0
t 288 7
m0 4 13
1 8 0
2 8 0
3 8 0
t 287 7
m0 4 14
1 9 0
2 9 0
3 9 0
t 286 8
m0 4 14
1 8 0
2 8 0
3 8 0
t 285 8
m0 4 14
1 9 0
2 9 0
3 9 0
t 284 8
m0 4 14
1 8 0
2 8 0
3 8 0
t 283 8
m0 4 13
1 9 0
2 9 0
3 9 0
t 282 8
m0 4 12
1 8 0
2 8 0
3 8 0
t 281 8
m0 4 11
1 9 0
2 9 0
3 9 0
t 280 9
m0 3 11
1 8 0
2 8 0
3 8 0
t 279 9
m0 2 11
1 9 0
2 9 0
3 9 0
t 278 10
m0 1 11
1 8 0
2 8 0
3 8 0
t 277 10
m0 0 11
1 9 0
2 9 0
3 9 0
t 276 11
m0 0 10
1 8 0
2 8 0
3 8 0
t 275 12
m0 0 11
1 9 0
2 9 0
3 9 0
t 274 12
m0 0 12
1 8 0
2 8 0
3 8 0
t 273 13
m0 0 11
1 9 0
2 9 0
3 9 0
t 272 13
m0 0 11
1 8 0
2 8 0
3 8 0
t 271 13
m0 0 11
1 9 0
2 9 0
3 9 0
f 3 1
t 270 13
m0 0 11
1 8 0
2 8 0
3 8 0
t 269 13
m0 0 10
1 9 0
2 9 0
3 9 0
t 268 13
m0 0 10
1 8 0
2 8 0
3 8 0
t 267 13
m0 0 11
1 9 0
2 9 0
3 9 0
t 266 13
m0 1 11
1 8 0
2 8 0
3 8 0
t 265 13
m0 1 11
1 9 0
2 9 0
3 9 0
t 264 13
m0 0 11
1 8 0
2 8 0
3 8 0
t 263 13
m0 1 11
1 9 0
2 9 0
3 9 0
t 262 13
m0 2 11
1 8 0
2 8 0
3 8 0
t 261 13
m0 2 11
1 9 0
2 9 0
3 9 0
t 260 13
m0 2 10
1 8 0
2 8 0
3 8 0
t 259 13
m0 2 10
1 9 0
2 9 0
3 9 0
t 258 13
m0 2 10
1 8 0
2 8 0
3 8 0
t 257 13
m0 2 9
1 9 0
2 9 0
3 9 0
t 256 13
m0 2 8
1 8 0
2 8 0
3 8 0
t 255 14
m0 3 8
1 9 0
2 9 0
3 9 0
t 254 15
m0 4 8
1 8 0
2 8 0
3 8 0
t 253 16
m0 5 8
1 9 0
2 9 0
3 9 0
t 252 17
m0 6 8
1 8 0
2 8 0
3 8 0
t 251 18
m0 5 8
1 9 0
2 9 0
3 9 0
t 250 18
m0 5 9
1 8 0
2 8 0
3 8 0
t 249 19
m0 5 10
1 9 0
2 9 0
3 9 0
t 248 19
m0 6 10
1 8 0
2 8 0
3 8 0
t 247 20
m0 6 11
1 9 0
2 9 0
3 9 0
t 246 20
m0 7 11
1 8 0
2 8 0
3 8 0
t 245 21
m0 8 11
1 9 0
2 9 0
3 9 0
t 244 22
m0 9 11
1 8 0
2 8 0
3 8 0
t 243 23
m0 9 10
1 7 0
2 7 0
3 7 0
t 242 23
m0 8 10
1 6 0
2 6 0
3 6 0
t 241 24
m0 8 11
1 5 0
2 5 0
3 5 0
t 240 24
m0 8 12
1 4 0
2 4 0
3 4 0
t 239 25
m0 7 12
1 3 0
2 3 0
3 3 0
t 238 26
m0 7 13
1 2 0
2 2 0
3 2 0
t 237 26
m0 8 13
1 1 0
2 1 0
3 1 0
t 236 26
m0 8 14
1 0 0
2 0 0
3 0 0
t 235 27
m0 9 14
1 1 0
2 1 0
3 1 0
t 234 28
m0 9 14
1 0 0
2 0 0
3 0 0
t 233 28
m0 8 14
1 1 0
2 1 0
3 1 0
t 232 28
m0 8 13
1 0 0
2 0 0
3 0 0
t 231 28
m0 8 12
1 1 0
2 1 0
3 1 0
t 230 28
m0 8 11
1 0 0
2 0 0
3 0 0
t 229 28
m0 8 11
1 1 0
2 1 0
3 1 0
t 228 28
m0 8 10
1 0 0
2 0 0
3 0 0
t 227 28
m0 8 9
1 1 0
2 1 0
3 1 0
t 226 28
m0 8 8
1 0 0
2 0 0
3 0 0
t 225 29
m0 8 7
1 1 0
2 1 0
3 1 0
t 224 29
m0 9 7
1 0 0
2 0 0
3 0 0
t 223 30
m0 9 7
1 1 0
2 1 0
3 1 0
t 222 30
m0 9 6
1 0 0
2 0 0
3 0 0
t 221 30
m0 9 5
1 1 0
2 1 0
3 1 0
t 220 31
m0 9 4
1 0 0
2 0 0
3 0 0
t 219 32
m0 9 3
1 1 0
2 1 0
3 1 0
t 218 33
m0 9 2
1 0 0
2 0 0
3 0 0
t 217 33
m0 9 1
1 1 0
2 1 0
3 1 0
t 216 33
m0 9 0
1 0 0
2 0 0
3 0 0
t 215 33
m0 8 0
1 0 1
2 0 1
3 0 1
t 214 33
m0 7 0
1 1 1
2 1 1
3 1 1
t 213 34
m0 7 1
1 1 0
2 1 0
3 1 0
t 212 34
m0 6 1
1 0 0
2 0 0
3 0 0
t 211 35
m0 6 1
1 1 0
2 1 0
3 1 0
t 210 35
m0 6 0
1 0 0
2 0 0
3 0 0
t 209 35
m0 6 1
1 1 0
2 1 0
3 1 0
t 208 35
m0 6 2
1 0 0
2 0 0
3 0 0
t 207 35
m0 5 2
1 1 0
2 1 0
3 1 0
t 206 36
m0 5 3
1 0 0
2 0 0
3 0 0
t 205 37
m0 6 3
1 1 0
2 1 0
3 1 0
t 204 38
m0 6 4
1 0 0
2 0 0
3 0 0
t 203 38
m0 5 4
1 1 0
2 1 0
3 1 0
t 202 39
m0 5 5
1 0 0
2 0 0
3 0 0
t 201 40
m0 6 5
1 1 0
2 1 0
3 1 0
t 200 41
m0 7 5
1 0 0
2 0 0
3 0 0
t 199 41
m0 7 6
1 1 0
2 1 0
3 1 0
t 198 42
m0 8 6
1 0 0
2 0 0
3 0 0
t 197 43
m0 8 7
1 1 0
2 1 0
3 1 0
t 196 43
m0 7 7
1 0 0
2 0 0
3 0 0
t 195 43
m0 8 7
1 1 0
2 1 0
3 1 0
t 194 43
m0 8 8
1 0 0
2 0 0
3 0 0
t 193 43
m0 8 8
1 1 0
2 1 0
3 1 0
t 192 43
m0 8 7
1 0 0
2 0 0
3 0 0
t 191 43
m0 8 7
1 1 0
2 1 0
3 1 0
t 190 43
m0 8 6
1 0 0
2 0 0
3 0 0
t 189 43
m0 7 6
1 1 0
2 1 0
3 1 0
t 188 43
m0 7 5
1 0 0
2 0 0
3 0 0
t 187 43
m0 6 5
1 1 0
2 1 0
3 1 0
t 186 43
m0 6 5
1 0 0
2 0 0
3 0 0
t 185 43
m0 5 5
1 1 0
2 1 0
3 1 0
t 184 43
m0 4 5
1 0 0
2 0 0
3 0 0
t 183 43
m0 3 5
1 1 0
2 1 0
3 1 0
t 182 44
m0 3 6
1 0 0
2 0 0
3 0 0
t 181 44
m0 2 6
1 1 0
2 1 0
3 1 0
t 180 45
m0 3 6
1 0 0
2 0 0
3 0 0
t 179 45
m0 3 7
1 1 0
2 1 0
3 1 0
t 178 46
m0 3 7
1 0 0
2 0 0
3 0 0
t 177 46
m0 3 7
1 1 0
2 1 0
3 1 0
t 176 46
m0 3 6
1 0 0
2 0 0
3 0 0
t 175 46
m0 2 6
1 1 0
2 1 0
3 1 0
t 174 46
m0 1 6
1 2 0
2 2 0
3 2 0
t 173 46
m0 0 6
1 3 0
2 3 0
3 3 0
t 172 47
m0 0 7
1 4 0
2 4 0
3 4 0
t 171 47
m0 1 7
1 5 0
2 5 0
3 5 0
t 170 48
m0 1 8
1 6 0
2 6 0
3 6 0
t 169 48
m0 1 9
1 7 0
2 7 0
3 7 0
t 168 49
m0 1 8
1 8 0
2 8 0
3 8 0
t 167 49
m0 2 8
1 9 0
2 9 0
3 9 0
t 166 49
m0 1 8
1 8 0
2 8 0
3 8 0
t 165 49
m0 1 7
1 9 0
2 9 0
3 9 0
t 164 49
m0 0 7
1 8 0
2 8 0
3 8 0
t 163 49
m0 1 7
1 9 0
2 9 0
3 9 0
t 162 49
m0 1 6
1 8 0
2 8 0
3 8 0
t 161 49
m0 1 6
1 9 0
2 9 0
3 9 0
t 160 49
m0 1 6
1 8 0
2 8 0
3 8 0
t 159 49
m0 2 6
1 9 0
2 9 0
3 9 0
t 158 49
m0 2 5
1 8 0
2 8 0
3 8 0
t 157 49
m0 2 4
1 9 0
2 9 0
3 9 0
t 156 50
m0 1 4
1 8 0
2 8 0
3 8 0
t 155 51
m0 2 4
1 9 0
2 9 0
3 9 0
t 154 51
m0 2 4
1 8 0
2 8 0
3 8 0
t 153 51
m0 1 4
1 9 0
2 9 0
3 9 0
t 152 51
m0 1 3
1 8 0
2 8 0
3 8 0
t 151 51
m0 1 2
1 9 0
2 9 0
3 9 0
t 150 51
m0 2 2
1 8 0
2 8 0
3 8 0
t 149 52
m0 3 2
1 9 0
2 9 0
3 9 0
t 148 52
m0 3 3
1 8 0
2 8 0
3 8 0
t 147 53
m0 3 3
1 9 0
2 9 0
3 9 0
t 146 53
m0 3 2
1 8 0
2 8 0
3 8 0
t 145 53
m0 3 1
1 9 0
2 9 0
3 9 0
t 144 63
m0 3 0
1 9 1
2 9 1
3 9 1
t 143 64
m0 3 1
1 9 0
2 9 0
3 9 0
t 142 64
m0 3 0
1 9 1
2 9 1
3 9 1
t 141 64
m0 2 0
1 9 2
2 9 2
3 9 2
t 140 64
m0 1 0
1 9 3
2 9 3
3 9 3
t 139 65
m0 1 1
1 9 4
2 9 4
3 9 4
t 138 65
m0 0 1
1 9 4
2 9 4
3 9 4
t 137 111
