10
15
w 5 9
w 7 12
w 5 13
w 0 7
w 7 7
w 9 4
w 2 5
w 0 3
w 3 14
w 4 9
w 6 7
w 7 6
w 3 10
w 5 12
w 8 10
w 6 3
w 5 0
w 1 10
w 9 7
w 8 2
w 0 5
w 2 3
w 0 8
w 6 5
w 0 1
w 2 7
w 7 0
w 3 12
w 1 12
w 8 12
w 3 1
w 7 13
w 5 7
w 0 6
w 4 3
w 2 4
w 8 4
p 7 3
p 4 7
p 1 3
p 4 8
p 6 6
p 2 8
p 2 1
p 8 9
p 6 2
p 1 6
p 0 10
p 3 7
p 7 11
p 5 1
p 1 11
p 8 5
p 6 14
p 1 2
p 8 14
p 9 0
p 3 3
p 2 9
p 4 4
p 6 10
p 1 5
p 9 11
p 0 4
p 8 6
p 4 10
p 3 2
p 9 14
p 5 11
p 4 5
p 6 11
p 3 13
p 1 13
p 1 4
p 0 12
p 9 10
p 7 5
p 4 2
p 1 0
p 4 11
p 7 9
p 8 3
p 4 6
p 6 8
p 6 1
p 2 11
p 0 13
p 3 8
p 5 14
p 1 8
p 1 7
p 9 5
p 5 2
m0 0 14
1 9 0
2 9 0
3 9 0
t 300 0
m0 0 14
1 8 0
2 9 1
3 8 0
t 299 0
m0 1 14
1 9 0
2 9 0
3 9 0
t 298 0
m0 0 14
1 8 0
2 9 1
3 8 0
t 297 0
m0 0 14
1 9 0
2 9 0
3 9 0
t 296 0
m0 0 13
1 8 0
2 9 1
3 8 0
t 295 1
m0 1 13
1 9 0
2 9 0
3 9 0
t 294 2
m0 1 14
1 8 0
2 9 1
3 8 0
t 293 2
m0 0 14
1 9 0
2 9 0
3 9 0
t 292 2
m0 0 13
1 8 0
2 9 1
3 8 0
t 291 2
m0 0 13
1 9 0
2 9 0
3 9 0
t 290 2
m0 0 14
1 8 0
2 9 1
3 8 0
t 289 2
m0 0 13
1 9 0
2 9 0
3 9 0
t 288 2
m0 0 14
1 8 0
2 9 1
3 8 0
t 287 2
m0 0 14
1 9 0
2 9 0
3 9 0
t 286 2
m0 0 13
1 8 0
2 9 1
3 8 0
t 285 2
m0 0 14
1 9 0
2 9 0
3 9 0
t 284 2
m0 0 13
1 8 0
2 9 1
3 8 0
t 283 2
m0 1 13
1 9 0
2 9 0
3 9 0
t 282 2
m0 1 14
1 8 0
2 9 1
3 8 0
t 281 2
m0 0 14
1 9 0
2 9 0
3 9 0
t 280 2
m0 1 14
1 8 0
2 9 1
3 8 0
t 279 2
m0 1 14
1 9 0
2 9 0
3 9 0
t 278 2
m0 1 13
1 8 0
2 9 1
3 8 0
t 277 2
m0 1 14
1 9 0
2 9 0
3 9 0
t 276 2
m0 2 14
1 8 0
2 9 1
3 8 0
t 275 2
m0 1 14
1 9 0
2 9 0
3 9 0
t 274 2
m0 1 14
1 8 0
2 9 1
3 8 0
t 273 2
m0 1 13
1 9 0
2 9 0
3 9 0
t 272 2
m0 1 13
1 8 0
2 9 1
3 8 0
t 271 2
m0 0 13
1 9 0
2 9 0
3 9 0
t 270 2
m0 0 14
1 8 0
2 9 1
3 8 0
t 269 2
m0 0 13
1 9 0
2 9 0
3 9 0
t 268 2
m0 0 12
1 8 0
2 9 1
3 8 0
t 267 3
m0 0 12
1 9 0
2 9 0
3 9 0
t 266 3
m0 0 12
1 8 0
2 9 1
3 8 0
t 265 3
m0 0 12
1 9 0
2 9 0
3 9 0
t 264 3
m0 0 13
1 8 0
2 9 1
3 8 0
t 263 3
m0 0 14
1 9 0
2 9 0
3 9 0
f 1 14
t 262 3
m0 1 14
1 8 0
2 9 1
3 8 0
t 261 13
m0 1 14
1 9 0
2 9 0
3 9 0
t 260 13
m0 0 14
1 8 0
2 9 1
3 8 0
t 259 13
m0 0 14
1 9 0
2 9 0
3 9 0
t 258 13
m0 0 14
1 8 0
2 9 1
3 8 0
t 257 13
m0 0 13
1 9 0
2 9 0
3 9 0
t 256 13
m0 0 12
1 8 0
2 9 1
3 8 0
t 255 13
m0 0 11
1 9 0
2 9 0
3 9 0
t 254 13
m0 0 12
1 8 0
2 9 1
3 8 0
t 253 13
m0 0 12
1 9 0
2 9 0
3 9 0
t 252 13
m0 0 11
1 8 0
2 9 1
3 8 0
t 251 13
m0 0 12
1 9 0
2 9 0
3 9 0
t 250 13
m0 0 12
1 8 0
2 9 1
3 8 0
t 249 13
m0 0 13
1 9 0
2 9 0
3 9 0
t 248 13
m0 0 12
1 8 0
2 9 1
3 8 0
t 247 13
m0 0 12
1 9 0
2 9 0
3 9 0
t 246 13
m0 0 12
1 8 0
2 9 1
3 8 0
t 245 13
m0 0 11
1 9 0
2 9 0
3 9 0
t 244 13
m0 0 11
1 8 0
2 9 1
3 8 0
t 243 13
m0 0 10
1 9 0
2 9 0
3 9 0
t 242 14
m0 0 10
1 8 0
2 9 1
3 8 0
t 241 14
m0 0 10
1 9 0
2 9 0
3 9 0
t 240 14
m0 0 11
1 8 0
2 9 1
3 8 0
t 239 14
m0 0 10
1 9 0
2 9 0
3 9 0
t 238 14
m0 0 11
1 8 0
2 9 1
3 8 0
t 237 14
m0 0 12
1 9 0
2 9 0
3 9 0
t 236 14
m0 0 13
1 8 0
2 9 1
3 8 0
t 235 14
m0 1 13
1 9 0
2 9 0
3 9 0
t 234 14
m0 1 13
1 8 0
2 9 1
3 8 0
t 233 14
m0 2 13
1 9 0
2 9 0
3 9 0
t 232 14
m0 3 13
1 8 0
2 9 1
3 8 0
t 231 15
m0 4 13
1 9 0
2 9 0
3 9 0
t 230 15
m0 3 13
1 8 0
2 9 1
3 8 0
t 229 15
m0 4 13
1 9 0
2 9 0
3 9 0
t 228 15
m0 4 12
1 8 0
2 9 1
3 8 0
t 227 15
m0 4 12
1 9 0
2 9 0
3 9 0
t 226 15
m0 4 12
1 8 0
2 9 1
3 8 0
t 225 15
m0 4 12
1 9 0
2 9 0
3 9 0
t 224 15
m0 4 12
1 8 0
2 9 1
3 8 0
t 223 15
m0 4 13
1 9 0
2 9 0
3 9 0
t 222 15
m0 4 14
1 8 0
2 9 1
3 8 0
t 221 15
m0 5 14
1 9 0
2 9 0
3 9 0
t 220 16
m0 4 14
1 8 0
2 9 1
3 8 0
t 219 16
m0 4 14
1 9 0
2 9 0
3 9 0
t 218 16
m0 4 14
1 8 0
2 9 1
3 8 0
t 217 16
m0 4 13
1 9 0
2 9 0
3 9 0
t 216 16
m0 4 14
1 8 0
2 9 1
3 8 0
f 8 7
t 215 16
m0 5 14
1 9 0
2 9 0
3 9 0
t 214 16
m0 4 14
1 8 0
2 9 1
3 8 0
t 213 16
m0 4 13
1 9 0
2 9 0
3 9 0
t 212 16
m0 4 13
1 8 0
2 9 1
3 8 0
t 211 16
m0 4 13
1 9 0
2 9 0
3 9 0
t 210 16
m0 4 14
1 8 0
2 9 1
3 8 0
t 209 16
m0 4 14
1 9 0
2 9 0
3 9 0
t 208 16
m0 4 14
1 8 0
2 9 1
3 8 0
t 207 16
m0 4 13
1 9 0
2 9 0
3 9 0
t 206 16
m0 4 13
1 8 0
2 9 1
3 8 0
t 205 16
m0 3 13
1 9 0
2 9 0
3 9 0
t 204 16
m0 4 13
1 8 0
2 9 1
3 8 0
t 203 16
m0 4 13
1 9 0
2 9 0
3 9 0
t 202 16
m0 4 13
1 8 0
2 9 1
3 8 0
t 201 16
m0 4 13
1 9 0
2 9 0
3 9 0
t 200 16
m0 4 12
1 8 0
2 9 1
3 8 0
t 199 16
m0 4 11
1 9 0
2 9 0
3 9 0
t 198 17
m0 4 11
1 8 0
2 9 1
3 8 0
t 197 17
m0 5 11
1 9 0
2 9 0
3 9 0
t 196 18
m0 6 11
1 8 0
2 9 1
3 8 0
t 195 19
m0 7 11
1 9 0
2 9 0
3 9 0
t 194 20
m0 8 11
1 8 0
2 9 1
3 8 0
t 193 20
m0 9 11
1 9 0
2 8 1
3 9 0
t 192 21
m0 9 11
1 8 0
2 7 1
3 8 0
t 191 21
m0 9 11
1 9 0
2 6 1
3 8 1
t 190 21
m0 8 11
1 8 0
2 5 1
3 9 1
t 189 21
m0 7 11
1 9 0
2 4 1
3 9 0
t 188 21
m0 8 11
1 8 0
2 4 0
3 9 1
t 187 21
m0 7 11
1 9 0
2 3 0
3 9 0
t 186 21
m0 7 10
1 8 0
2 2 0
3 9 1
t 185 21
m0 7 10
1 9 0
2 1 0
3 9 0
t 184 21
m0 7 11
1 8 0
2 0 0
3 9 1
t 183 21
m0 7 11
1 9 0
2 1 0
3 9 0
t 182 21
m0 7 10
1 8 0
2 0 0
3 9 1
t 181 21
m0 7 11
1 9 0
2 1 0
3 9 0
t 180 21
m0 7 10
1 8 0
2 0 0
3 9 1
t 179 21
m0 7 9
1 9 0
2 1 0
3 9 0
t 178 22
m0 7 8
1 8 0
2 0 0
3 9 1
t 177 22
m0 7 9
1 9 0
2 1 0
3 9 0
t 176 22
m0 7 10
1 8 0
2 0 0
3 9 1
t 175 22
m0 7 10
1 9 0
2 1 0
3 9 0
t 174 22
m0 7 10
1 8 0
2 0 0
3 9 1
t 173 22
m0 7 9
1 9 0
2 1 0
3 9 0
t 172 22
m0 7 8
1 8 0
2 0 0
3 9 1
t 171 22
m0 8 8
1 9 0
2 1 0
3 9 0
t 170 22
m0 8 8
1 8 0
2 0 0
3 9 1
t 169 22
m0 9 8
1 9 0
2 1 0
3 8 1
t 168 22
m0 9 9
1 8 0
2 0 0
3 7 1
t 167 22
m0 9 10
1 9 0
2 1 0
3 6 1
t 166 23
m0 9 11
1 8 0
2 0 0
3 5 1
t 165 23
m0 9 11
1 9 0
2 1 0
3 4 1
t 164 23
m0 9 11
1 8 0
2 0 0
3 4 0
t 163 23
m0 8 11
1 9 0
2 1 0
3 3 0
t 162 23
m0 9 11
1 8 0
2 0 0
3 4 0
t 161 23
m0 9 10
1 9 0
2 1 0
3 3 0
t 160 23
m0 9 11
1 8 0
2 0 0
3 4 0
t 159 23
m0 9 10
1 9 0
2 1 0
3 3 0
t 158 23
m0 9 11
1 8 0
2 0 0
3 4 0
t 157 23
m0 9 10
1 9 0
2 1 0
3 3 0
t 156 23
m0 9 10
1 8 0
2 0 0
3 4 0
t 155 23
m0 9 11
1 9 0
2 1 0
3 3 0
t 154 23
m0 9 10
1 8 0
2 0 0
3 4 0
t 153 23
m0 9 10
1 9 0
2 1 0
3 3 0
t 152 23
m0 9 10
1 8 0
2 0 0
3 4 0
t 151 23
m0 9 9
1 9 0
2 1 0
3 3 0
t 150 23
m0 9 9
1 8 0
2 0 0
3 4 0
t 149 23
m0 8 9
1 9 0
2 1 0
3 3 0
t 148 24
m0 7 9
1 9 1
2 0 0
3 4 0
t 147 24
m0 8 9
1 9 0
2 1 0
3 3 0
t 146 24
m0 7 9
1 9 1
2 0 0
3 4 0
t 145 24
m0 7 10
1 9 0
2 1 0
3 3 0
t 144 24
m0 6 10
1 9 1
2 0 0
3 4 0
t 143 25
m0 6 10
1 9 0
2 1 0
3 3 0
t 142 25
m0 6 9
1 9 1
2 0 0
3 4 0
t 141 25
m0 7 9
1 9 0
2 1 0
3 3 0
t 140 25
m0 7 8
1 9 1
2 0 0
3 4 0
t 139 25
m0 6 8
1 9 0
2 1 0
3 3 0
t 138 26
m0 5 8
1 9 1
2 0 0
3 4 0
t 137 26
m0 5 8
1 9 0
2 1 0
3 3 0
t 136 26
m0 5 8
1 9 1
2 0 0
3 4 0
t 135 26
m0 6 8
1 9 0
2 1 0
3 3 0
t 134 26
m0 7 8
1 9 1
2 0 0
3 4 0
t 133 26
m0 7 8
1 9 0
2 1 0
3 3 0
t 132 26
m0 8 8
1 9 1
2 0 0
3 4 0
t 131 26
m0 8 9
1 9 0
2 1 0
3 3 0
t 130 26
m0 7 9
1 9 1
2 0 0
3 4 0
t 129 26
m0 7 8
1 9 0
2 1 0
3 3 0
t 128 26
m0 6 8
1 9 1
2 0 0
3 4 0
t 127 26
m0 7 8
1 9 0
2 1 0
3 3 0
t 126 26
m0 8 8
1 9 1
2 0 0
3 4 0
t 125 26
m0 8 7
1 9 0
2 1 0
3 3 0
t 124 36
m0 8 8
1 9 1
2 0 0
3 4 0
t 123 36
m0 9 8
1 9 0
2 1 0
3 3 0
t 122 36
m0 9 9
1 8 0
2 0 0
3 4 0
t 121 36
m0 9 8
1 9 0
2 1 0
3 3 0
t 120 36
m0 8 8
1 9 1
2 0 0
3 4 0
t 119 36
m0 8 9
1 9 0
2 1 0
3 3 0
t 118 36
m0 8 9
1 9 1
2 0 0
3 4 0
t 117 36
m0 9 9
1 9 0
2 1 0
3 3 0
t 116 36
m0 9 10
1 8 0
2 0 0
3 4 0
t 115 36
m0 9 9
1 9 0
2 1 0
3 3 0
t 114 36
m0 8 9
1 9 1
2 0 0
3 4 0
t 113 36
m0 8 8
1 9 0
2 1 0
3 3 0
t 112 36
m0 8 8
1 9 1
2 0 0
3 4 0
t 111 36
m0 8 8
1 9 0
2 1 0
3 3 0
t 110 36
m0 8 8
1 9 1
2 0 0
3 4 0
t 109 36
m0 8 7
1 9 0
2 1 0
3 3 0
t 108 36
m0 8 8
1 9 1
2 0 0
3 4 0
t 107 36
m0 7 8
1 9 0
2 1 0
3 3 0
t 106 36
m0 7 9
1 9 1
2 0 0
3 4 0
t 105 36
m0 8 9
1 9 0
2 1 0
3 3 0
f 1 1
t 104 36
m0 7 9
1 9 1
2 0 0
3 4 0
t 103 36
m0 6 9
1 9 0
2 1 0
3 3 0
t 102 36
m0 6 9
1 9 1
2 0 0
3 4 0
t 101 36
m0 6 8
1 9 0
2 1 0
3 3 0
t 100 36
m0 6 9
1 9 1
2 0 0
3 4 0
t 99 36
m0 6 9
1 9 0
2 1 0
3 3 0
t 98 36
m0 6 9
1 9 1
2 0 0
3 4 0
t 97 36
m0 6 8
1 9 0
2 1 0
3 3 0
t 96 36
m0 7 8
1 9 1
2 0 0
3 4 0
t 95 36
m0 6 8
1 9 0
2 1 0
3 3 0
t 94 36
m0 5 8
1 9 1
2 0 0
3 4 0
t 93 36
m0 6 8
1 9 0
2 1 0
3 3 0
t 92 36
m0 7 8
1 9 1
2 0 0
3 4 0
t 91 36
m0 6 8
1 9 0
2 1 0
3 3 0
t 90 36
m0 6 9
1 9 1
2 0 0
3 4 0
t 89 36
m0 7 9
1 9 0
2 1 0
3 3 0
t 88 36
m0 7 8
1 9 1
2 0 0
3 4 0
t 87 36
m0 7 9
1 9 0
2 1 0
3 3 0
t 86 36
m0 8 9
1 9 1
2 0 0
3 4 0
t 85 36
m0 9 9
1 9 0
2 1 0
3 3 0
t 84 36
m0 8 9
1 9 1
2 0 0
3 4 0
t 83 36
m0 9 9
1 9 0
2 1 0
3 3 0
t 82 36
m0 8 9
1 9 1
2 0 0
3 4 0
t 81 36
m0 8 8
1 9 0
2 1 0
3 3 0
t 80 36
m0 8 8
1 9 1
2 0 0
3 4 0
t 79 36
m0 9 8
1 9 0
2 1 0
3 3 0
t 78 36
m0 9 9
1 8 0
2 0 0
3 4 0
t 77 36
m0 8 9
1 9 0
2 1 0
3 3 0
t 76 36
m0 9 9
1 8 0
2 0 0
3 4 0
t 75 36
m0 9 10
1 9 0
2 1 0
3 3 0
t 74 36
m0 9 10
1 8 0
2 0 0
3 4 0
t 73 36
m0 9 10
1 9 0
2 1 0
3 3 0
t 72 36
m0 9 11
1 8 0
2 0 0
3 4 0
t 71 36
m0 9 12
1 9 0
2 1 0
3 3 0
t 70 36
m0 9 11
1 8 0
2 0 0
3 4 0
t 69 36
m0 8 11
1 9 0
2 1 0
3 3 0
t 68 36
m0 7 11
1 9 1
2 0 0
3 4 0
t 67 36
m0 7 11
1 9 0
2 1 0
3 3 0
t 66 36
m0 7 11
1 9 1
2 0 0
3 4 0
t 65 36
m0 7 11
1 9 0
2 1 0
3 3 0
t 64 36
m0 7 11
1 9 1
2 0 0
3 4 0
t 63 36
m0 6 11
1 9 0
2 1 0
3 3 0
t 62 36
m0 6 11
1 9 1
2 0 0
3 4 0
t 61 36
m0 6 11
1 9 0
2 1 0
3 3 0
t 60 36
m0 7 11
1 9 1
2 0 0
3 4 0
t 59 36
m0 8 11
1 9 0
2 1 0
3 3 0
t 58 36
m0 7 11
1 9 1
2 0 0
3 4 0
t 57 36
m0 7 11
1 9 0
2 1 0
3 3 0
t 56 36
m0 7 11
1 9 1
2 0 0
3 4 0
t 55 36
m0 7 11
1 9 0
2 1 0
3 3 0
t 54 36
m0 7 10
1 9 1
2 0 0
3 4 0
t 53 36
m0 7 10
1 9 0
2 1 0
3 3 0
t 52 36
m0 7 11
1 9 1
2 0 0
3 4 0
t 51 36
m0 7 11
1 9 0
2 1 0
3 3 0
t 50 36
m0 7 11
1 9 1
2 0 0
3 4 0
t 49 36
m0 6 11
1 9 0
2 1 0
3 3 0
t 48 36
m0 6 10
1 9 1
2 0 0
3 4 0
t 47 36
m0 5 10
1 9 0
2 1 0
3 3 0
t 46 36
m0 4 10
1 9 1
2 0 0
3 4 0
t 45 37
m0 4 10
1 9 0
2 1 0
3 3 0
t 44 37
m0 5 10
1 9 1
2 0 0
3 4 0
t 43 37
m0 6 10
1 9 0
2 1 0
3 3 0
t 42 37
m0 5 10
1 9 1
2 0 0
3 4 0
t 41 37
m0 4 10
1 9 0
2 1 0
3 3 0
t 40 37
m0 4 11
1 9 1
2 0 0
3 4 0
t 39 37
m0 5 11
1 9 0
2 1 0
3 3 0
t 38 37
m0 5 11
1 9 1
2 0 0
3 4 0
t 37 37
m0 5 11
1 9 0
2 1 0
3 3 0
t 36 37
m0 5 10
1 9 1
2 0 0
3 4 0
t 35 37
m0 5 10
1 9 0
2 1 0
3 3 0
t 34 37
m0 5 10
1 9 1
2 0 0
3 4 0
t 33 37
m0 4 10
1 9 0
2 1 0
3 3 0
t 32 37
m0 4 11
1 9 1
2 0 0
3 4 0
t 31 37
m0 4 12
1 9 0
2 1 0
3 3 0
t 30 37
m0 4 11
1 9 1
2 0 0
3 4 0
t 29 37
m0 4 11
1 9 0
2 1 0
3 3 0
t 28 37
m0 4 10
1 9 1
2 0 0
3 4 0
t 27 37
m0 4 10
1 9 0
2 1 0
3 3 0
t 26 37
m0 4 11
1 9 1
2 0 0
3 4 0
t 25 37
m0 3 11
1 9 0
2 1 0
3 4 1
t 24 37
m0 2 11
1 8 0
2 0 0
3 5 1
t 23 38
m0 2 10
1 9 0
2 1 0
3 6 1
t 22 38
m0 2 10
1 8 0
2 0 0
3 7 1
t 21 38
m0 2 9
1 9 0
2 1 0
3 8 1
t 20 39
m0 2 8
1 8 0
2 0 0
3 9 1
t 19 40
m0 3 8
1 9 0
2 1 0
3 9 0
t 18 41
m0 3 9
1 8 0
2 0 0
3 9 1
t 17 41
m0 3 9
1 9 0
2 1 0
3 9 0
t 16 41
m0 2 9
1 8 0
2 0 0
3 9 1
t 15 41
m0 2 10
1 9 0
2 1 0
3 9 0
t 14 41
m0 2 11
1 8 0
2 0 0
3 9 1
t 13 41
m0 2 11
1 9 0
2 1 0
3 9 0
t 12 41
m0 3 11
1 8 0
2 0 0
3 9 1
t 11 41
m0 2 11
1 9 0
2 1 0
3 9 0
t 10 41
m0 2 10
1 8 0
2 0 0
3 9 1
t 9 41
m0 2 10
1 9 0
2 1 0
3 9 0
t 8 41
m0 2 9
1 8 0
2 0 0
3 9 1
t 7 41
m0 2 8
1 9 0
2 1 0
3 9 0
t 6 41
m0 1 8
1 8 0
2 0 0
3 9 1
t 5 42
m0 2 8
1 9 0
2 1 0
3 9 0
t 4 42
m0 1 8
1 8 0
2 0 0
3 9 1
t 3 42
m0 1 8
1 9 0
2 1 0
3 9 0
t 2 42
m0 1 9
1 8 0
2 0 0
3 9 1
t 1 42
m0 0 9
1 8 0
2 0 0
3 9 1
t 0 42
