10
15
w 5 9
w 4 7
w 7 12
w 5 13
w 7 7
w 4 12
w 1 6
w 7 11
w 2 5
w 1 11
w 7 2
w 1 2
w 6 7
w 8 1
w 4 4
w 5 0
w 1 10
w 3 2
w 9 14
w 8 2
w 7 1
w 4 5
w 3 13
w 5 2
w 7 5
w 4 2
w 9 13
w 8 3
w 5 10
w 7 13
w 9 9
w 3 8
w 1 8
w 9 5
w 7 8
w 0 2
w 9 12
p 6 9
p 9 1
p 6 6
p 5 6
p 8 0
p 2 12
p 9 4
p 0 10
p 0 3
p 5 8
p 4 0
p 6 14
p 8 14
p 9 0
p 5 12
p 6 10
p 3 10
p 8 10
p 1 5
p 0 11
p 2 13
p 2 2
p 8 6
p 4 1
p 1 1
p 4 10
p 7 14
p 2 6
p 5 4
p 1 13
p 8 11
p 9 3
p 1 4
p 0 12
p 2 10
p 3 9
p 0 5
p 2 3
p 1 9
p 1 0
p 0 8
p 2 14
p 5 3
p 0 1
p 3 12
p 6 8
p 1 12
p 9 2
p 5 7
p 3 1
p 7 4
p 0 6
p 8 8
p 6 13
p 3 4
p 8 4
m0 0 14
1 9 0
2 9 0
3 9 0
t 300 0
m0 0 13
1 8 0
2 8 0
3 8 0
t 299 0
m0 1 13
1 9 0
2 9 0
3 9 0
t 298 1
m0 1 13
1 8 0
2 8 0
3 8 0
t 297 1
m0 1 13
1 9 0
2 9 0
3 9 0
t 296 1
m0 2 13
1 8 0
2 8 0
3 8 0
t 295 2
m0 2 13
1 9 0
2 9 0
3 9 0
t 294 2
m0 1 13
1 8 0
2 8 0
3 8 0
t 293 2
m0 0 13
1 9 0
2 9 0
3 9 0
t 292 2
m0 0 12
1 8 0
2 8 0
3 8 0
t 291 3
m0 1 12
1 9 0
2 9 0
3 9 0
t 290 4
m0 1 13
1 8 0
2 8 0
3 8 0
t 289 4
m0 1 12
1 9 0
2 9 0
3 9 0
t 288 4
m0 1 12
1 8 0
2 8 0
3 8 0
t 287 4
m0 1 12
1 9 0
2 9 0
3 9 0
t 286 4
m0 1 13
1 8 0
2 8 0
3 8 0
t 285 4
m0 1 14
1 9 0
2 9 0
3 9 0
t 284 4
m0 1 13
1 8 0
2 8 0
3 8 0
t 283 4
m0 1 12
1 9 0
2 9 0
3 9 0
f 3 11
t 282 4
m0 1 12
1 8 0
2 8 0
3 8 0
t 281 4
m0 0 12
1 9 0
2 9 0
3 9 0
t 280 4
m0 0 13
1 8 0
2 8 0
3 8 0
t 279 4
m0 0 14
1 9 0
2 9 0
3 9 0
t 278 4
m0 0 14
1 8 0
2 8 0
3 8 0
t 277 4
m0 0 13
1 9 0
2 9 0
3 9 0
t 276 4
m0 0 14
1 8 0
2 8 0
3 8 0
t 275 4
m0 1 14
1 9 0
2 9 0
3 9 0
t 274 4
m0 0 14
1 8 0
2 8 0
3 8 0
t 273 4
m0 1 14
1 9 0
2 9 0
3 9 0
t 272 4
m0 1 13
1 8 0
2 8 0
3 8 0
t 271 4
m0 0 13
1 9 0
2 9 0
3 9 0
t 270 4
m0 0 12
1 8 0
2 8 0
3 8 0
t 269 4
m0 0 12
1 9 0
2 9 0
3 9 0
t 268 4
m0 0 12
1 8 0
2 8 0
3 8 0
t 267 4
m0 0 12
1 9 0
2 9 0
3 9 0
t 266 4
m0 0 11
1 8 0
2 8 0
3 8 0
t 265 5
m0 0 10
1 9 0
2 9 0
3 9 0
t 264 6
m0 0 10
1 8 0
2 8 0
3 8 0
t 263 6
m0 0 10
1 9 0
2 9 0
3 9 0
t 262 6
m0 0 10
1 8 0
2 8 0
3 8 0
t 261 6
m0 0 9
1 9 0
2 9 0
3 9 0
t 260 6
m0 0 9
1 8 0
2 8 0
3 8 0
t 259 6
m0 0 10
1 9 0
2 9 0
3 9 0
t 258 6
m0 0 10
1 8 0
2 8 0
3 8 0
t 257 6
m0 0 10
1 9 0
2 9 0
3 9 0
t 256 6
m0 0 9
1 8 0
2 8 0
3 8 0
t 255 6
m0 1 9
1 9 0
2 9 0
3 9 0
t 254 7
m0 2 9
1 8 0
2 8 0
3 8 0
t 253 7
m0 3 9
1 9 0
2 9 0
3 9 0
t 252 8
m0 4 9
1 8 0
2 8 0
3 8 0
t 251 8
m0 3 9
1 9 0
2 9 0
3 9 0
t 250 8
m0 2 9
1 8 0
2 8 0
3 8 0
t 249 8
m0 2 10
1 9 0
2 9 0
3 9 0
t 248 9
m0 2 10
1 8 0
2 8 0
3 8 0
t 247 9
m0 2 9
1 9 0
2 9 0
3 9 0
t 246 9
m0 2 10
1 8 0
2 8 0
3 8 0
t 245 9
m0 2 9
1 9 0
2 9 0
3 9 0
t 244 9
m0 2 10
1 8 0
2 8 0
3 8 0
t 243 9
m0 2 11
1 9 0
2 9 0
3 9 0
t 242 9
m0 3 11
1 8 0
2 8 0
3 8 0
t 241 19
m0 2 11
1 9 0
2 9 0
3 9 0
t 240 19
m0 2 12
1 8 0
2 8 0
3 8 0
f 5 5
t 239 20
m0 3 12
1 9 0
2 9 0
3 9 0
t 238 21
m0 2 12
1 8 0
2 8 0
3 8 0
t 237 21
m0 3 12
1 9 0
2 9 0
3 9 0
t 236 21
m0 3 12
1 8 0
2 8 0
3 8 0
t 235 21
m0 2 12
1 9 0
2 9 0
3 9 0
t 234 21
m0 1 12
1 8 0
2 8 0
3 8 0
t 233 21
m0 1 13
1 9 0
2 9 0
3 9 0
t 232 21
m0 1 14
1 8 0
2 8 0
3 8 0
t 231 21
m0 0 14
1 9 0
2 9 0
3 9 0
t 230 21
m0 0 14
1 8 0
2 8 0
3 8 0
t 229 21
m0 1 14
1 9 0
2 9 0
3 9 0
t 228 21
m0 2 14
1 8 0
2 8 0
3 8 0
t 227 22
m0 2 13
1 9 0
2 9 0
3 9 0
t 226 22
m0 2 12
1 8 0
2 8 0
3 8 0
t 225 22
m0 2 11
1 9 0
2 9 0
3 9 0
t 224 22
m0 2 11
1 8 0
2 8 0
3 8 0
t 223 22
m0 2 10
1 9 0
2 9 0
3 9 0
t 222 22
m0 3 10
1 8 0
2 8 0
3 8 0
t 221 23
m0 4 10
1 9 0
2 9 0
3 9 0
t 220 24
m0 4 9
1 8 0
2 8 0
3 8 0
t 219 24
m0 4 9
1 9 0
2 9 0
3 9 0
t 218 24
m0 4 8
1 8 0
2 8 0
3 8 0
t 217 24
m0 5 8
1 9 0
2 9 0
3 9 0
t 216 25
m0 5 7
1 8 0
2 8 0
3 8 0
t 215 26
m0 5 8
1 9 0
2 9 0
3 9 0
t 214 26
m0 5 7
1 8 0
2 8 0
3 8 0
t 213 26
m0 5 7
1 9 0
2 9 0
3 9 0
t 212 26
m0 5 7
1 8 0
2 8 0
3 8 0
t 211 26
m0 5 7
1 9 0
2 9 0
3 9 0
t 210 26
m0 5 7
1 8 0
2 8 0
3 8 0
t 209 26
m0 5 7
1 9 0
2 9 0
3 9 0
t 208 26
m0 5 8
1 8 0
2 8 0
3 8 0
t 207 26
m0 6 8
1 9 0
2 9 0
3 9 0
t 206 27
m0 6 8
1 8 0
2 8 0
3 8 0
t 205 27
m0 6 9
1 9 0
2 9 0
3 9 0
t 204 28
m0 7 9
1 8 0
2 8 0
3 8 0
t 203 28
m0 7 10
1 9 0
2 9 0
3 9 0
t 202 28
m0 6 10
1 8 0
2 8 0
3 8 0
t 201 29
m0 7 10
1 9 0
2 9 0
3 9 0
t 200 29
m0 6 10
1 8 0
2 8 0
3 8 0
t 199 29
m0 7 10
1 9 0
2 9 0
3 9 0
t 198 29
m0 8 10
1 8 0
2 8 0
3 8 0
t 197 30
m0 7 10
1 9 0
2 9 0
3 9 0
t 196 30
m0 8 10
1 8 0
2 8 0
3 8 0
t 195 30
m0 8 9
1 9 0
2 9 0
3 9 0
t 194 30
m0 8 8
1 8 0
2 8 0
3 8 0
t 193 31
m0 8 8
1 9 0
2 9 0
3 9 0
t 192 31
m0 9 8
1 8 0
2 8 0
3 8 0
t 191 31
m0 8 8
1 9 0
2 9 0
3 9 0
t 190 31
m0 8 9
1 8 0
2 8 0
3 8 0
t 189 31
m0 8 9
1 9 0
2 9 0
3 9 0
t 188 31
m0 8 10
1 8 0
2 8 0
3 8 0
t 187 31
m0 8 9
1 9 0
2 9 0
3 9 0
t 186 31
m0 8 9
1 8 0
2 8 0
3 8 0
t 185 31
m0 8 9
1 9 0
2 9 0
3 9 0
t 184 31
m0 8 10
1 8 0
2 8 0
3 8 0
t 183 31
m0 8 9
1 9 0
2 9 0
3 9 0
t 182 31
m0 8 9
1 8 0
2 8 0
3 8 0
t 181 31
m0 8 9
1 9 0
2 9 0
3 9 0
t 180 31
m0 8 9
1 8 0
2 8 0
3 8 0
t 179 31
m0 8 8
1 9 0
2 9 0
3 9 0
t 178 31
m0 8 7
1 8 0
2 8 0
3 8 0
t 177 31
m0 8 8
1 9 0
2 9 0
3 9 0
t 176 31
m0 8 7
1 8 0
2 8 0
3 8 0
t 175 31
m0 8 7
1 9 0
2 9 0
3 9 0
t 174 31
m0 8 8
1 8 0
2 8 0
3 8 0
t 173 31
m0 8 7
1 9 0
2 9 0
3 9 0
t 172 31
m0 8 8
1 8 0
2 8 0
3 8 0
t 171 31
m0 8 7
1 9 0
2 9 0
3 9 0
t 170 31
m0 9 7
1 8 0
2 8 0
3 8 0
t 169 31
m0 8 7
1 9 0
2 9 0
3 9 0
t 168 31
m0 8 7
1 8 0
2 8 0
3 8 0
t 167 31
m0 8 6
1 9 0
2 9 0
3 9 0
t 166 32
m0 9 6
1 8 0
2 8 0
3 8 0
t 165 32
m0 9 6
1 7 0
2 7 0
3 7 0
t 164 32
m0 9 7
1 6 0
2 6 0
3 6 0
t 163 32
m0 8 7
1 7 0
2 7 0
3 7 0
t 162 32
m0 8 6
1 6 0
2 6 0
3 6 0
t 161 32
m0 7 6
1 7 0
2 7 0
3 7 0
t 160 32
m0 6 6
1 8 0
2 8 0
3 8 0
t 159 33
m0 6 6
1 9 0
2 9 0
3 9 0
t 158 33
m0 6 5
1 8 0
2 8 0
3 8 0
t 157 33
m0 6 6
1 9 0
2 9 0
3 9 0
t 156 33
m0 7 6
1 8 0
2 8 0
3 8 0
t 155 33
m0 8 6
1 9 0
2 9 0
3 9 0
t 154 33
m0 9 6
1 8 0
2 8 0
3 8 0
t 153 33
m0 9 6
1 7 0
2 7 0
3 7 0
t 152 33
m0 9 6
1 6 0
2 6 0
3 6 0
t 151 33
m0 9 6
1 7 0
2 7 0
3 7 0
t 150 33
m0 9 7
1 6 0
2 6 0
3 6 0
t 149 33
m0 9 6
1 7 0
2 7 0
3 7 0
t 148 33
m0 8 6
1 6 0
2 6 0
3 6 0
t 147 33
m0 7 6
1 7 0
2 7 0
3 7 0
t 146 33
m0 8 6
1 6 0
2 6 0
3 6 0
t 145 33
m0 8 5
1 7 0
2 7 0
3 7 0
t 144 33
m0 8 6
1 6 0
2 6 0
3 6 0
t 143 33
m0 8 5
1 7 0
2 7 0
3 7 0
t 142 33
m0 8 6
1 6 0
2 6 0
3 6 0
t 141 33
m0 8 7
1 7 0
2 7 0
3 7 0
t 140 33
m0 9 7
1 6 0
2 6 0
3 6 0
t 139 33
m0 9 8
1 7 0
2 7 0
3 7 0
t 138 33
m0 8 8
1 6 0
2 6 0
3 6 0
t 137 33
m0 9 8
1 7 0
2 7 0
3 7 0
t 136 33
m0 9 7
1 6 0
2 6 0
3 6 0
t 135 33
m0 8 7
1 7 0
2 7 0
3 7 0
t 134 33
m0 8 6
1 6 0
2 6 0
3 6 0
t 133 33
m0 9 6
1 7 0
2 7 0
3 7 0
t 132 33
m0 9 6
1 6 0
2 6 0
3 6 0
t 131 33
m0 8 6
1 7 0
2 7 0
3 7 0
t 130 33
m0 7 6
1 8 0
2 8 0
3 8 0
t 129 33
m0 6 6
1 9 0
2 9 0
3 9 0
t 128 33
m0 5 6
1 8 0
2 8 0
3 8 0
t 127 34
m0 4 6
1 9 0
2 9 0
3 9 0
t 126 34
m0 4 6
1 8 0
2 8 0
3 8 0
t 125 34
m0 5 6
1 9 0
2 9 0
3 9 0
t 124 34
m0 6 6
1 8 0
2 8 0
3 8 0
t 123 34
m0 7 6
1 9 0
2 9 0
3 9 0
t 122 34
m0 8 6
1 8 0
2 8 0
3 8 0
t 121 34
m0 8 7
1 9 0
2 9 0
3 9 0
t 120 34
m0 9 7
1 8 0
2 8 0
3 8 0
t 119 34
m0 9 7
1 7 0
2 7 0
3 7 0
t 118 34
m0 8 7
1 6 0
2 6 0
3 6 0
t 117 34
m0 9 7
1 7 0
2 7 0
3 7 0
t 116 34
m0 9 6
1 6 0
2 6 0
3 6 0
t 115 34
m0 8 6
1 7 0
2 7 0
3 7 0
t 114 34
m0 8 6
1 6 0
2 6 0
3 6 0
t 113 34
m0 7 6
1 7 0
2 7 0
3 7 0
t 112 34
m0 8 6
1 6 0
2 6 0
3 6 0
t 111 34
m0 8 5
1 7 0
2 7 0
3 7 0
t 110 34
m0 8 6
1 6 0
2 6 0
3 6 0
t 109 34
m0 9 6
1 7 0
2 7 0
3 7 0
t 108 34
m0 8 6
1 6 0
2 6 0
3 6 0
t 107 34
m0 7 6
1 7 0
2 7 0
3 7 0
t 106 34
m0 7 6
1 8 0
2 8 0
3 8 0
t 105 34
m0 8 6
1 9 0
2 9 0
3 9 0
t 104 34
m0 9 6
1 8 0
2 8 0
3 8 0
t 103 34
m0 8 6
1 9 0
2 9 0
3 9 0
t 102 34
m0 8 5
1 8 0
2 8 0
3 8 0
t 101 34
m0 8 5
1 9 0
2 9 0
3 9 0
t 100 34
m0 8 5
1 8 0
2 8 0
3 8 0
t 99 34
m0 8 4
1 9 0
2 9 0
3 9 0
t 98 35
m0 8 4
1 8 0
2 8 0
3 8 0
t 97 35
m0 8 5
1 9 0
2 9 0
3 9 0
t 96 35
m0 8 6
1 8 0
2 8 0
3 8 0
t 95 35
m0 8 6
1 9 0
2 9 0
3 9 0
t 94 35
m0 8 5
1 8 0
2 8 0
3 8 0
t 93 35
m0 8 4
1 9 0
2 9 0
3 9 0
t 92 35
m0 8 4
1 8 0
2 8 0
3 8 0
t 91 35
m0 8 4
1 9 0
2 9 0
3 9 0
t 90 35
m0 8 4
1 8 0
2 8 0
3 8 0
t 89 35
m0 7 4
1 9 0
2 9 0
3 9 0
t 88 36
m0 8 4
1 8 0
2 8 0
3 8 0
t 87 36
m0 7 4
1 9 0
2 9 0
3 9 0
t 86 36
m0 7 4
1 8 0
2 8 0
3 8 0
t 85 36
m0 6 4
1 9 0
2 9 0
3 9 0
t 84 36
m0 7 4
1 8 0
2 8 0
3 8 0
t 83 36
m0 7 3
1 9 0
2 9 0
3 9 0
t 82 36
m0 7 4
1 8 0
2 8 0
3 8 0
t 81 36
m0 6 4
1 9 0
2 9 0
3 9 0
t 80 36
m0 6 4
1 8 0
2 8 0
3 8 0
t 79 36
m0 7 4
1 9 0
2 9 0
3 9 0
t 78 36
m0 8 4
1 8 0
2 8 0
3 8 0
t 77 36
m0 7 4
1 9 0
2 9 0
3 9 0
t 76 36
m0 7 4
1 8 0
2 8 0
3 8 0
t 75 36
m0 7 4
1 9 0
2 9 0
3 9 0
t 74 36
m0 6 4
1 8 0
2 8 0
3 8 0
t 73 36
m0 6 5
1 9 0
2 9 0
3 9 0
t 72 36
m0 6 6
1 8 0
2 8 0
3 8 0
t 71 36
m0 5 6
1 9 0
2 9 0
3 9 0
t 70 36
m0 5 5
1 8 0
2 8 0
3 8 0
t 69 46
m0 5 4
1 9 0
2 9 0
3 9 0
t 68 47
m0 5 3
1 8 0
2 8 0
3 8 0
t 67 48
m0 5 4
1 9 0
2 9 0
3 9 0
t 66 48
m0 5 4
1 8 0
2 8 0
3 8 0
t 65 48
m0 5 4
1 9 0
2 9 0
3 9 0
t 64 48
m0 5 4
1 8 0
2 8 0
3 8 0
t 63 48
m0 6 4
1 9 0
2 9 0
3 9 0
t 62 48
m0 6 3
1 8 0
2 8 0
3 8 0
t 61 48
m0 6 3
1 9 0
2 9 0
3 9 0
t 60 48
m0 6 2
1 8 0
2 8 0
3 8 0
t 59 48
m0 6 1
1 9 0
2 9 0
3 9 0
t 58 48
m0 6 1
1 8 0
2 8 0
3 8 0
f 6 8
t 57 48
m0 6 1
1 9 0
2 9 0
3 9 0
t 56 48
m0 6 2
1 8 0
2 8 0
3 8 0
t 55 48
m0 6 1
1 9 0
2 9 0
3 9 0
t 54 48
m0 6 2
1 8 0
2 8 0
3 8 0
t 53 48
m0 6 1
1 9 0
2 9 0
3 9 0
t 52 48
m0 6 1
1 8 0
2 8 0
3 8 0
t 51 48
m0 5 1
1 9 0
2 9 0
3 9 0
t 50 48
m0 6 1
1 8 0
2 8 0
3 8 0
t 49 48
m0 6 2
1 9 0
2 9 0
3 9 0
t 48 48
m0 6 1
1 8 0
2 8 0
3 8 0
t 47 48
m0 6 0
1 9 0
2 9 0
3 9 0
t 46 48
m0 7 0
1 9 1
2 9 1
3 9 1
t 45 48
m0 6 0
1 9 2
2 9 2
3 9 2
t 44 48
m0 6 1
1 9 3
2 9 3
3 9 3
t 43 48
m0 6 0
1 9 4
2 9 4
3 9 4
t 42 48
m0 7 0
1 9 3
2 9 3
3 9 3
t 41 48
m0 8 0
1 9 4
2 9 4
3 9 4
t 40 49
m0 9 0
1 8 4
2 8 4
3 8 4
t 39 50
m0 9 1
1 7 4
2 7 4
3 7 4
t 38 51
m0 9 2
1 6 4
2 6 4
3 6 4
t 37 52
m0 9 1
1 5 4
2 5 4
3 5 4
t 36 52
m0 9 1
1 5 5
2 5 5
3 5 5
t 35 52
m0 9 0
1 5 6
2 5 6
3 5 6
t 34 52
m0 9 1
1 4 6
2 4 6
3 4 6
t 33 52
m0 9 0
1 3 6
2 3 6
3 3 6
t 32 52
m0 8 0
1 2 6
2 2 6
3 2 6
t 31 52
m0 9 0
1 2 7
2 2 7
3 2 7
t 30 52
m0 9 0
1 1 7
2 1 7
3 1 7
t 29 52
m0 9 1
1 0 7
2 0 7
3 0 7
t 28 52
m0 9 1
1 0 8
2 0 8
3 0 8
t 27 52
m0 9 1
1 0 9
2 0 9
3 0 9
t 26 52
m0 9 2
1 0 10
2 0 10
3 0 10
t 25 52
m0 9 2
1 0 11
2 0 11
3 0 11
t 24 52
m0 9 3
1 0 12
2 0 12
3 0 12
t 23 53
m0 9 4
1 0 13
2 0 13
3 0 13
t 22 54
m0 8 4
1 0 14
2 0 14
3 0 14
t 21 54
m0 8 5
1 1 14
2 1 14
3 1 14
t 20 54
m0 8 4
1 0 14
2 0 14
3 0 14
t 19 54
m0 8 4
1 1 14
2 1 14
3 1 14
t 18 54
m0 8 5
1 0 14
2 0 14
3 0 14
t 17 54
m0 8 5
1 1 14
2 1 14
3 1 14
t 16 54
m0 8 6
1 0 14
2 0 14
3 0 14
t 15 54
m0 8 7
1 1 14
2 1 14
3 1 14
t 14 54
m0 9 7
1 0 14
2 0 14
3 0 14
t 13 54
m0 9 6
1 1 14
2 1 14
3 1 14
t 12 54
m0 8 6
1 0 14
2 0 14
3 0 14
t 11 54
m0 8 5
1 1 14
2 1 14
3 1 14
t 10 54
m0 8 5
1 0 14
2 0 14
3 0 14
t 9 54
m0 8 5
1 1 14
2 1 14
3 1 14
t 8 54
m0 8 4
1 0 14
2 0 14
3 0 14
t 7 54
m0 8 5
1 1 14
2 1 14
3 1 14
t 6 54
m0 8 4
1 0 14
2 0 14
3 0 14
t 5 54
m0 9 4
1 1 14
2 1 14
3 1 14
t 4 54
m0 9 3
1 0 14
2 0 14
3 0 14
t 3 54
m0 9 3
1 1 14
2 1 14
3 1 14
t 2 54
m0 9 3
1 0 14
2 0 14
3 0 14
t 1 54
m0 9 4
1 0 14
2 0 14
3 0 14
t 0 54
