10
15
w 6 9
w 6 6
w 3 0
w 2 8
w 5 13
w 7 7
w 8 9
w 4 12
w 6 2
w 2 12
w 9 4
w 7 11
w 2 5
w 5 8
w 3 3
w 6 10
w 2 13
w 7 10
w 0 4
w 1 10
w 4 10
w 5 4
w 8 11
w 9 3
w 0 12
w 7 5
w 1 0
w 3 5
w 2 7
w 9 13
w 4 6
w 6 1
w 3 8
w 0 6
w 1 8
w 9 5
w 0 2
p 5 9
p 7 3
p 1 3
p 9 1
p 4 8
p 3 11
p 0 7
p 1 6
p 0 10
p 5 1
p 3 7
p 0 3
p 8 5
p 6 14
p 4 9
p 6 7
p 2 9
p 5 12
p 7 6
p 3 10
p 8 10
p 4 4
p 6 3
p 1 5
p 0 11
p 2 2
p 8 6
p 1 1
p 6 4
p 3 2
p 0 0
p 7 14
p 9 14
p 7 1
p 3 13
p 6 11
p 1 13
p 5 2
p 4 14
p 6 0
p 1 4
p 6 12
p 9 6
p 6 5
p 0 1
p 8 3
p 5 10
p 3 12
p 8 12
p 7 13
p 7 4
p 2 0
p 5 14
p 4 3
p 7 8
p 2 4
m0 0 14
1 9 0
2 9 0
3 9 0
t 300 0
m0 0 13
1 8 0
2 9 1
3 8 0
t 299 0
m0 0 13
1 9 0
2 9 0
3 9 0
t 298 0
m0 0 13
1 8 0
2 9 1
3 8 0
t 297 0
m0 0 13
1 9 0
2 9 0
3 9 0
t 296 0
m0 0 13
1 8 0
2 9 1
3 8 0
t 295 0
m0 0 13
1 9 0
2 9 0
3 9 0
t 294 0
m0 0 13
1 8 0
2 9 1
3 8 0
t 293 0
m0 0 13
1 9 0
2 9 0
3 9 0
t 292 0
m0 0 13
1 8 0
2 9 1
3 8 0
t 291 0
m0 0 13
1 9 0
2 9 0
3 9 0
t 290 0
m0 0 13
1 8 0
2 9 1
3 8 0
t 289 0
m0 0 13
1 9 0
2 9 0
3 9 0
t 288 0
m0 0 13
1 8 0
2 9 1
3 8 0
t 287 0
m0 0 13
1 9 0
2 9 0
3 9 0
t 286 0
m0 0 13
1 8 0
2 9 1
3 8 0
t 285 0
m0 0 13
1 9 0
2 9 0
3 9 0
t 284 0
m0 0 13
1 8 0
2 9 1
3 8 0
t 283 0
m0 0 13
1 9 0
2 9 0
3 9 0
t 282 0
m0 0 13
1 8 0
2 9 1
3 8 0
t 281 0
m0 0 13
1 9 0
2 9 0
3 9 0
t 280 0
m0 0 13
1 8 0
2 9 1
3 8 0
t 279 0
m0 0 13
1 9 0
2 9 0
3 9 0
t 278 0
m0 0 13
1 8 0
2 9 1
3 8 0
t 277 0
m0 0 13
1 9 0
2 9 0
3 9 0
t 276 0
m0 0 13
1 8 0
2 9 1
3 8 0
t 275 0
m0 0 13
1 9 0
2 9 0
3 9 0
t 274 0
m0 0 13
1 8 0
2 9 1
3 8 0
t 273 0
m0 0 13
1 9 0
2 9 0
3 9 0
t 272 0
m0 0 13
1 8 0
2 9 1
3 8 0
t 271 0
m0 0 13
1 9 0
2 9 0
3 9 0
t 270 0
m0 0 13
1 8 0
2 9 1
3 8 0
t 269 0
m0 0 13
1 9 0
2 9 0
3 9 0
t 268 0
m0 0 13
1 8 0
2 9 1
3 8 0
t 267 0
m0 0 13
1 9 0
2 9 0
3 9 0
t 266 0
m0 1 13
1 8 0
2 9 1
3 8 0
f 7 12
t 265 1
m0 1 12
1 9 0
2 9 0
3 9 0
t 264 1
m0 1 13
1 8 0
2 9 1
3 8 0
t 263 1
m0 1 12
1 9 0
2 9 0
3 9 0
t 262 1
m0 1 12
1 8 0
2 9 1
3 8 0
t 261 1
m0 1 12
1 9 0
2 9 0
3 9 0
t 260 1
m0 1 12
1 8 0
2 9 1
3 8 0
t 259 1
m0 1 11
1 9 0
2 9 0
3 9 0
t 258 1
m0 0 11
1 8 0
2 9 1
3 8 0
t 257 2
m0 0 10
1 9 0
2 9 0
3 9 0
t 256 3
m0 0 10
1 8 0
2 9 1
3 8 0
t 255 3
m0 0 10
1 9 0
2 9 0
3 9 0
t 254 3
m0 0 11
1 8 0
2 9 1
3 8 0
t 253 3
m0 1 11
1 9 0
2 9 0
3 9 0
t 252 3
m0 1 12
1 8 0
2 9 1
3 8 0
t 251 3
m0 1 12
1 9 0
2 9 0
3 9 0
t 250 3
m0 1 12
1 8 0
2 9 1
3 8 0
t 249 3
m0 1 12
1 9 0
2 9 0
3 9 0
t 248 3
m0 1 12
1 8 0
2 9 1
3 8 0
t 247 3
m0 1 11
1 9 0
2 9 0
3 9 0
t 246 3
m0 1 12
1 8 0
2 9 1
3 8 0
t 245 3
m0 1 12
1 9 0
2 9 0
3 9 0
t 244 3
m0 1 13
1 8 0
2 9 1
3 8 0
t 243 3
m0 1 13
1 9 0
2 9 0
3 9 0
t 242 3
m0 1 12
1 8 0
2 9 1
3 8 0
t 241 3
m0 1 12
1 9 0
2 9 0
3 9 0
t 240 3
m0 1 12
1 8 0
2 9 1
3 8 0
t 239 3
m0 1 12
1 9 0
2 9 0
3 9 0
t 238 3
m0 1 12
1 8 0
2 9 1
3 8 0
t 237 3
m0 1 12
1 9 0
2 9 0
3 9 0
t 236 3
m0 1 12
1 8 0
2 9 1
3 8 0
t 235 3
m0 1 12
1 9 0
2 9 0
3 9 0
t 234 3
m0 1 12
1 8 0
2 9 1
3 8 0
t 233 3
m0 1 12
1 9 0
2 9 0
3 9 0
t 232 3
m0 1 12
1 8 0
2 9 1
3 8 0
t 231 3
m0 1 12
1 9 0
2 9 0
3 9 0
t 230 3
m0 1 11
1 8 0
2 9 1
3 8 0
t 229 3
m0 1 12
1 9 0
2 9 0
3 9 0
t 228 3
m0 1 13
1 8 0
2 9 1
3 8 0
t 227 3
m0 1 12
1 9 0
2 9 0
3 9 0
t 226 3
m0 1 11
1 8 0
2 9 1
3 8 0
t 225 3
m0 1 12
1 9 0
2 9 0
3 9 0
t 224 3
m0 1 11
1 8 0
2 9 1
3 8 0
t 223 3
m0 1 11
1 9 0
2 9 0
3 9 0
t 222 3
m0 1 11
1 8 0
2 9 1
3 8 0
t 221 3
m0 2 11
1 9 0
2 9 0
3 9 0
t 220 3
m0 2 10
1 8 0
2 9 1
3 8 0
t 219 3
m0 3 10
1 9 0
2 9 0
3 9 0
t 218 4
m0 2 10
1 8 0
2 9 1
3 8 0
t 217 4
m0 2 9
1 9 0
2 9 0
3 9 0
t 216 5
m0 3 9
1 8 0
2 9 1
3 8 0
t 215 5
m0 4 9
1 9 0
2 9 0
3 9 0
t 214 6
m0 5 9
1 8 0
2 9 1
3 8 0
t 213 7
m0 5 10
1 9 0
2 9 0
3 9 0
t 212 8
m0 5 10
1 8 0
2 9 1
3 8 0
t 211 8
m0 5 10
1 9 0
2 9 0
3 9 0
t 210 8
m0 5 10
1 8 0
2 9 1
3 8 0
t 209 8
m0 5 9
1 9 0
2 9 0
3 9 0
t 208 8
m0 4 9
1 8 0
2 9 1
3 8 0
t 207 8
m0 4 8
1 9 0
2 9 0
3 9 0
t 206 9
m0 4 7
1 8 0
2 9 1
3 8 0
t 205 9
m0 3 7
1 9 0
2 9 0
3 9 0
t 204 10
m0 3 6
1 8 0
2 9 1
3 8 0
t 203 10
m0 3 6
1 9 0
2 9 0
3 9 0
t 202 10
m0 2 6
1 8 0
2 9 1
3 8 0
t 201 10
m0 2 6
1 9 0
2 9 0
3 9 0
t 200 10
m0 2 6
1 8 0
2 9 1
3 8 0
t 199 10
m0 2 6
1 9 0
2 9 0
3 9 0
t 198 10
m0 2 6
1 8 0
2 9 1
3 8 0
t 197 10
m0 2 6
1 9 0
2 9 0
3 9 0
t 196 10
m0 1 6
1 8 0
2 9 1
3 8 0
t 195 11
m0 1 5
1 9 0
2 9 0
3 9 0
t 194 12
m0 1 4
1 8 0
2 9 1
3 8 0
t 193 13
m0 2 4
1 9 0
2 9 0
3 9 0
t 192 14
m0 3 4
1 8 0
2 9 1
3 8 0
t 191 14
m0 4 4
1 9 0
2 9 0
3 9 0
t 190 15
m0 4 3
1 8 0
2 9 1
3 8 0
t 189 16
m0 5 3
1 9 0
2 9 0
3 9 0
t 188 16
m0 6 3
1 8 0
2 9 1
3 8 0
t 187 17
m0 6 4
1 9 0
2 9 0
3 9 0
t 186 18
m0 7 4
1 8 0
2 9 1
3 8 0
t 185 19
m0 8 4
1 9 0
2 9 0
3 7 0
t 184 19
m0 8 3
1 8 0
2 9 1
3 6 0
t 183 20
m0 8 3
1 9 0
2 9 0
3 5 0
t 182 20
m0 8 4
1 8 0
2 9 1
3 4 0
t 181 20
m0 8 5
1 7 0
2 9 0
3 4 1
t 180 21
m0 8 5
1 6 0
2 9 1
3 3 1
t 179 21
m0 8 5
1 5 0
2 9 0
3 2 1
t 178 21
m0 8 5
1 4 0
2 9 1
3 1 1
t 177 21
m0 8 5
1 5 0
2 9 0
3 0 1
t 176 21
m0 8 5
1 4 0
2 9 1
3 0 0
t 175 21
m0 8 5
1 5 0
2 9 0
3 0 1
t 174 21
m0 8 5
1 4 0
2 9 1
3 0 0
t 173 21
m0 8 5
1 5 0
2 9 0
3 0 1
t 172 21
m0 8 5
1 4 0
2 9 1
3 0 0
t 171 21
m0 8 5
1 5 0
2 9 0
3 0 1
t 170 21
m0 8 5
1 4 0
2 9 1
3 0 0
t 169 21
m0 8 5
1 5 0
2 9 0
3 0 1
t 168 21
m0 8 5
1 4 0
2 9 1
3 0 0
t 167 21
m0 8 5
1 5 0
2 9 0
3 0 1
t 166 21
m0 8 5
1 4 0
2 9 1
3 0 0
t 165 21
m0 8 5
1 5 0
2 9 0
3 0 1
t 164 21
m0 8 5
1 4 0
2 9 1
3 0 0
t 163 21
m0 8 5
1 5 0
2 9 0
3 0 1
t 162 21
m0 8 5
1 4 0
2 9 1
3 0 0
t 161 21
m0 8 5
1 5 0
2 9 0
3 0 1
t 160 21
m0 8 4
1 4 0
2 9 1
3 0 0
t 159 21
m0 8 5
1 5 0
2 9 0
3 0 1
t 158 21
m0 8 5
1 4 0
2 9 1
3 0 0
t 157 21
m0 8 5
1 5 0
2 9 0
3 0 1
t 156 21
m0 8 5
1 4 0
2 9 1
3 0 0
t 155 21
m0 8 5
1 5 0
2 9 0
3 0 1
t 154 21
m0 8 5
1 4 0
2 9 1
3 0 0
t 153 21
m0 8 5
1 5 0
2 9 0
3 0 1
t 152 21
m0 8 5
1 4 0
2 9 1
3 0 0
t 151 21
m0 8 4
1 5 0
2 9 0
3 0 1
t 150 21
m0 8 5
1 4 0
2 9 1
3 0 0
t 149 21
m0 8 5
1 5 0
2 9 0
3 0 1
t 148 21
m0 8 4
1 4 0
2 9 1
3 0 0
t 147 21
m0 8 5
1 5 0
2 9 0
3 0 1
t 146 21
m0 8 5
1 4 0
2 9 1
3 0 0
t 145 21
m0 8 5
1 5 0
2 9 0
3 0 1
t 144 21
m0 8 5
1 4 0
2 9 1
3 0 0
t 143 21
m0 8 5
1 5 0
2 9 0
3 0 1
t 142 21
m0 8 5
1 4 0
2 9 1
3 0 0
t 141 21
m0 8 5
1 5 0
2 9 0
3 0 1
t 140 21
m0 8 5
1 4 0
2 9 1
3 0 0
t 139 21
m0 8 5
1 5 0
2 9 0
3 0 1
t 138 21
m0 8 5
1 4 0
2 9 1
3 0 0
t 137 21
m0 8 5
1 5 0
2 9 0
3 0 1
t 136 21
m0 8 5
1 4 0
2 9 1
3 0 0
t 135 21
m0 8 5
1 5 0
2 9 0
3 0 1
t 134 21
m0 8 5
1 4 0
2 9 1
3 0 0
t 133 21
m0 8 5
1 5 0
2 9 0
3 0 1
t 132 21
m0 8 5
1 4 0
2 9 1
3 0 0
t 131 21
m0 8 4
1 5 0
2 9 0
3 0 1
t 130 21
m0 8 5
1 4 0
2 9 1
3 0 0
t 129 21
m0 8 4
1 5 0
2 9 0
3 0 1
t 128 21
m0 8 4
1 4 0
2 9 1
3 0 0
t 127 21
m0 8 5
1 5 0
2 9 0
3 0 1
t 126 21
m0 8 5
1 4 0
2 9 1
3 0 0
t 125 21
m0 8 5
1 5 0
2 9 0
3 0 1
t 124 21
m0 8 5
1 4 0
2 9 1
3 0 0
t 123 21
m0 8 5
1 5 0
2 9 0
3 0 1
t 122 21
m0 8 4
1 4 0
2 9 1
3 0 0
t 121 21
m0 8 3
1 5 0
2 9 0
3 0 1
t 120 21
m0 8 3
1 4 0
2 9 1
3 0 0
t 119 21
m0 8 3
1 5 0
2 9 0
3 0 1
t 118 21
m0 8 4
1 4 0
2 9 1
3 0 0
t 117 21
m0 8 5
1 5 0
2 9 0
3 0 1
t 116 21
m0 8 5
1 4 0
2 9 1
3 0 0
t 115 21
m0 8 5
1 5 0
2 9 0
3 0 1
t 114 21
m0 8 5
1 4 0
2 9 1
3 0 0
t 113 21
m0 8 5
1 5 0
2 9 0
3 0 1
t 112 21
m0 8 5
1 4 0
2 9 1
3 0 0
t 111 21
m0 8 5
1 5 0
2 9 0
3 0 1
t 110 21
m0 8 5
1 4 0
2 9 1
3 0 0
t 109 21
m0 8 5
1 5 0
2 9 0
3 0 1
t 108 21
m0 8 5
1 4 0
2 9 1
3 0 0
t 107 21
m0 8 5
1 5 0
2 9 0
3 0 1
t 106 21
m0 8 5
1 4 0
2 9 1
3 0 0
t 105 21
m0 8 5
1 5 0
2 9 0
3 0 1
t 104 21
m0 8 5
1 4 0
2 9 1
3 0 0
t 103 21
m0 8 5
1 5 0
2 9 0
3 0 1
t 102 21
m0 8 5
1 4 0
2 9 1
3 0 0
t 101 21
m0 8 5
1 5 0
2 9 0
3 0 1
t 100 21
m0 8 5
1 4 0
2 9 1
3 0 0
t 99 21
m0 8 5
1 5 0
2 9 0
3 0 1
t 98 21
m0 8 5
1 4 0
2 9 1
3 0 0
t 97 21
m0 8 5
1 5 0
2 9 0
3 0 1
t 96 21
m0 8 5
1 4 0
2 9 1
3 0 0
t 95 21
m0 8 5
1 5 0
2 9 0
3 0 1
t 94 21
m0 8 5
1 4 0
2 9 1
3 0 0
t 93 21
m0 8 5
1 5 0
2 9 0
3 0 1
t 92 21
m0 8 5
1 4 0
2 9 1
3 0 0
t 91 21
m0 8 4
1 5 0
2 9 0
3 0 1
t 90 21
m0 8 5
1 4 0
2 9 1
3 0 0
t 89 21
m0 8 5
1 5 0
2 9 0
3 0 1
t 88 21
m0 8 5
1 4 0
2 9 1
3 0 0
t 87 21
m0 8 5
1 5 0
2 9 0
3 0 1
t 86 21
m0 8 5
1 4 0
2 9 1
3 0 0
t 85 21
m0 8 5
1 5 0
2 9 0
3 0 1
t 84 21
m0 8 5
1 4 0
2 9 1
3 0 0
t 83 21
m0 8 5
1 5 0
2 9 0
3 0 1
t 82 21
m0 8 5
1 4 0
2 9 1
3 0 0
t 81 21
m0 8 5
1 5 0
2 9 0
3 0 1
t 80 21
m0 8 5
1 4 0
2 9 1
3 0 0
t 79 21
m0 8 5
1 5 0
2 9 0
3 0 1
t 78 21
m0 8 5
1 4 0
2 9 1
3 0 0
t 77 21
m0 8 5
1 5 0
2 9 0
3 0 1
t 76 21
m0 8 5
1 4 0
2 9 1
3 0 0
t 75 21
m0 8 5
1 5 0
2 9 0
3 0 1
t 74 21
m0 8 5
1 4 0
2 9 1
3 0 0
t 73 21
m0 8 5
1 5 0
2 9 0
3 0 1
t 72 21
m0 8 5
1 4 0
2 9 1
3 0 0
t 71 21
m0 8 5
1 5 0
2 9 0
3 0 1
t 70 21
m0 8 4
1 4 0
2 9 1
3 0 0
t 69 21
m0 8 5
1 5 0
2 9 0
3 0 1
t 68 21
m0 8 5
1 4 0
2 9 1
3 0 0
t 67 21
m0 8 5
1 5 0
2 9 0
3 0 1
t 66 21
m0 8 5
1 4 0
2 9 1
3 0 0
t 65 21
m0 8 5
1 5 0
2 9 0
3 0 1
t 64 21
m0 8 5
1 4 0
2 9 1
3 0 0
t 63 21
m0 8 4
1 5 0
2 9 0
3 0 1
t 62 21
m0 7 4
1 4 0
2 9 1
3 0 0
t 61 21
m0 7 4
1 5 0
2 9 0
3 0 1
t 60 21
m0 7 4
1 4 0
2 9 1
3 0 0
t 59 21
m0 8 4
1 5 0
2 9 0
3 0 1
t 58 21
m0 8 5
1 4 0
2 9 1
3 0 0
t 57 21
m0 8 5
1 5 0
2 9 0
3 0 1
t 56 21
m0 8 5
1 4 0
2 9 1
3 0 0
t 55 21
m0 8 5
1 5 0
2 9 0
3 0 1
t 54 21
m0 8 5
1 4 0
2 9 1
3 0 0
t 53 21
m0 8 5
1 5 0
2 9 0
3 0 1
t 52 21
m0 8 5
1 4 0
2 9 1
3 0 0
t 51 21
m0 8 5
1 5 0
2 9 0
3 0 1
t 50 21
m0 8 4
1 4 0
2 9 1
3 0 0
t 49 21
m0 8 5
1 5 0
2 9 0
3 0 1
t 48 21
m0 8 5
1 4 0
2 9 1
3 0 0
t 47 21
m0 8 5
1 5 0
2 9 0
3 0 1
t 46 21
m0 8 5
1 4 0
2 9 1
3 0 0
t 45 21
m0 8 5
1 5 0
2 9 0
3 0 1
t 44 21
m0 8 5
1 4 0
2 9 1
3 0 0
t 43 21
m0 8 5
1 5 0
2 9 0
3 0 1
t 42 21
m0 8 5
1 4 0
2 9 1
3 0 0
t 41 21
m0 8 5
1 5 0
2 9 0
3 0 1
t 40 21
m0 8 5
1 4 0
2 9 1
3 0 0
t 39 21
m0 8 5
1 5 0
2 9 0
3 0 1
t 38 21
m0 8 5
1 4 0
2 9 1
3 0 0
t 37 21
m0 8 5
1 5 0
2 9 0
3 0 1
t 36 21
m0 8 4
1 4 0
2 9 1
3 0 0
t 35 21
m0 8 3
1 5 0
2 9 0
3 0 1
t 34 21
m0 8 4
1 4 0
2 9 1
3 0 0
t 33 21
m0 8 5
1 5 0
2 9 0
3 0 1
t 32 21
m0 8 5
1 4 0
2 9 1
3 0 0
t 31 21
m0 8 5
1 5 0
2 9 0
3 0 1
t 30 21
m0 8 5
1 4 0
2 9 1
3 0 0
t 29 21
m0 8 4
1 5 0
2 9 0
3 0 1
t 28 21
m0 7 4
1 4 0
2 9 1
3 0 0
t 27 21
m0 6 4
1 5 0
2 9 0
3 0 1
t 26 21
m0 6 5
1 4 0
2 9 1
3 0 0
t 25 22
m0 6 5
1 5 0
2 9 0
3 0 1
t 24 22
m0 6 5
1 4 0
2 9 1
3 0 0
t 23 22
m0 6 5
1 5 0
2 9 0
3 0 1
t 22 22
m0 6 5
1 4 0
2 9 1
3 0 0
t 21 22
m0 6 5
1 5 0
2 9 0
3 0 1
t 20 22
m0 6 5
1 4 0
2 9 1
3 0 0
t 19 22
m0 6 5
1 5 0
2 9 0
3 0 1
t 18 22
m0 6 4
1 4 0
2 9 1
3 0 0
t 17 22
m0 7 4
1 5 0
2 9 0
3 0 1
t 16 22
m0 6 4
1 4 0
2 9 1
3 0 0
t 15 22
m0 6 3
1 5 0
2 9 0
3 0 1
t 14 22
m0 6 3
1 4 0
2 9 1
3 0 0
t 13 22
m0 5 3
1 5 0
2 9 0
3 0 1
t 12 22
m0 5 2
1 4 0
2 9 1
3 0 0
t 11 23
m0 5 1
1 5 0
2 9 2
3 0 1
t 10 24
m0 5 1
1 6 0
2 9 1
3 0 0
t 9 24
m0 5 2
1 7 0
2 9 0
3 0 1
t 8 24
m0 5 1
1 8 0
2 9 1
3 0 0
t 7 24
m0 5 2
1 9 0
2 9 0
3 0 1
t 6 24
m0 5 1
1 8 0
2 9 1
3 0 0
t 5 24
m0 5 2
1 9 0
2 9 0
3 0 1
t 4 24
m0 5 3
1 8 0
2 9 1
3 0 0
t 3 24
m0 5 3
1 9 0
2 9 0
3 0 1
t 2 24
m0 6 3
1 8 0
2 9 1
3 0 0
t 1 24
m0 6 3
1 8 0
2 9 1
3 0 0
t 0 24
