10
15
w 7 3
w 5 9
w 5 6
w 5 13
w 2 1
w 4 12
w 6 2
w 1 6
w 9 4
w 0 10
w 3 7
w 7 11
w 2 5
w 8 5
w 7 2
w 8 14
w 3 10
w 8 10
w 7 10
w 0 4
w 4 1
w 5 4
w 7 14
w 3 13
w 2 10
w 0 12
w 3 9
w 2 3
w 8 7
w 6 5
w 7 0
w 6 8
w 8 12
w 0 13
w 2 0
w 1 8
w 4 3
p 6 9
p 8 13
p 9 1
p 7 12
p 9 8
p 7 7
p 2 12
p 5 1
p 2 4
p 3 14
p 6 14
p 1 2
p 5 8
p 9 0
p 4 0
p 4 9
p 3 3
p 2 9
p 5 12
p 4 4
p 6 10
p 6 3
p 5 0
p 8 6
p 1 1
p 6 4
p 3 2
p 0 0
p 9 14
p 8 2
p 4 10
p 5 11
p 4 5
p 9 3
p 4 14
p 7 5
p 0 5
p 6 12
p 1 0
p 0 8
p 7 9
p 3 5
p 3 12
p 5 10
p 1 12
p 9 2
p 6 1
p 5 7
p 7 13
p 9 9
p 5 14
p 3 8
p 8 8
p 1 7
p 0 9
p 0 2
m0 0 14
1 9 0
2 9 0
3 9 0
t 300 0
m0 1 14
1 8 0
2 9 1
3 9 1
t 299 0
m0 1 13
1 8 1
2 9 2
3 9 2
t 298 0
m0 1 12
1 7 1
2 8 2
3 9 3
t 297 1
m0 2 12
1 8 1
2 8 1
3 8 3
t 296 2
m0 1 12
1 9 1
2 7 1
3 8 4
t 295 2
m0 1 12
1 9 2
2 8 1
3 8 3
t 294 2
m0 1 13
1 9 3
2 8 0
3 9 3
t 293 2
m0 2 13
1 9 2
2 9 0
3 8 3
f 1 12
t 292 2
m0 2 13
1 9 1
2 9 1
3 8 2
t 291 2
m0 2 14
1 9 2
2 9 0
3 9 2
t 290 2
m0 2 13
1 8 2
2 9 1
3 8 2
t 289 2
m0 2 14
1 9 2
2 9 2
3 8 1
t 288 2
m0 3 14
1 9 3
2 9 3
3 9 1
t 287 3
m0 4 14
1 8 3
2 9 2
3 9 2
t 286 4
m0 4 13
1 8 2
2 8 2
3 9 1
t 285 4
m0 4 14
1 8 3
2 8 1
3 8 1
t 284 4
m0 4 14
1 9 3
2 7 1
3 8 0
t 283 4
m0 4 14
1 9 2
2 8 1
3 9 0
t 282 4
m0 5 14
1 9 1
2 9 1
3 8 0
t 281 5
m0 6 14
1 9 2
2 9 0
3 9 0
t 280 6
m0 6 13
1 8 2
2 8 0
3 9 1
t 279 6
m0 6 13
1 9 2
2 8 1
3 9 0
t 278 6
m0 7 13
1 8 2
2 7 1
3 9 1
t 277 7
m0 7 13
1 8 1
2 8 1
3 9 2
t 276 7
m0 8 13
1 8 0
2 9 1
3 8 2
t 275 8
m0 9 13
1 8 1
2 8 1
3 8 3
t 274 8
m0 9 14
1 8 0
2 7 1
3 8 2
t 273 9
m0 9 13
1 9 0
2 6 1
3 8 1
t 272 9
m0 9 14
1 8 0
2 5 1
3 8 0
t 271 9
m0 9 13
1 9 0
2 6 1
3 8 1
t 270 9
m0 9 14
1 8 0
2 6 0
3 7 1
t 269 9
m0 9 14
1 8 1
2 6 1
3 6 1
t 268 9
m0 9 14
1 8 0
2 7 1
3 6 0
t 267 9
m0 9 13
1 9 0
2 6 1
3 5 0
t 266 9
m0 9 13
1 8 0
2 5 1
3 4 0
t 265 9
m0 9 14
1 9 0
2 5 2
3 5 0
t 264 9
m0 9 14
1 8 0
2 5 3
3 4 0
t 263 9
m0 9 13
1 8 1
2 5 2
3 3 0
t 262 9
m0 9 13
1 9 1
2 4 2
3 4 0
t 261 9
m0 9 14
1 8 1
2 3 2
3 3 0
t 260 9
m0 9 14
1 8 0
2 3 3
3 4 0
t 259 9
m0 9 13
1 9 0
2 3 2
3 3 0
t 258 9
m0 9 14
1 8 0
2 2 2
3 4 0
t 257 9
m0 9 14
1 8 1
2 1 2
3 5 0
t 256 9
m0 9 13
1 7 1
2 0 2
3 5 1
t 255 9
m0 9 13
1 6 1
2 1 2
3 6 1
t 254 9
m0 9 13
1 5 1
2 1 3
3 5 1
t 253 9
m0 9 13
1 6 1
2 0 3
3 6 1
t 252 9
m0 9 12
1 5 1
2 1 3
3 6 0
t 251 9
m0 9 13
1 5 0
2 1 2
3 5 0
t 250 9
m0 9 14
1 6 0
2 1 1
3 4 0
t 249 9
m0 9 14
1 6 1
2 0 1
3 5 0
t 248 9
m0 9 13
1 5 1
2 0 0
3 6 0
t 247 9
m0 9 13
1 5 0
2 0 1
3 6 1
t 246 9
m0 8 13
1 4 0
2 0 0
3 6 0
t 245 9
m0 8 13
1 3 0
2 0 1
3 5 0
t 244 9
m0 8 13
1 4 0
2 0 2
3 6 0
t 243 9
m0 7 13
1 3 0
2 0 1
3 5 0
t 242 9
m0 8 13
1 3 1
2 0 0
3 6 0
t 241 9
m0 9 13
1 3 2
2 0 1
3 5 0
t 240 9
m0 9 14
1 3 3
2 0 0
3 4 0
t 239 9
m0 9 14
1 3 2
2 1 0
3 3 0
t 238 9
m0 9 13
1 3 3
2 1 1
3 4 0
t 237 9
m0 9 14
1 3 4
2 0 1
3 3 0
t 236 9
m0 9 13
1 2 4
2 0 0
3 4 0
t 235 9
m0 8 13
1 1 4
2 0 1
3 3 0
t 234 9
m0 8 13
1 1 3
2 0 0
3 3 1
t 233 9
m0 8 13
1 1 2
2 1 0
3 3 0
t 232 9
m0 8 13
1 0 2
2 0 0
3 4 0
t 231 9
m0 9 13
1 1 2
2 0 1
3 5 0
t 230 9
m0 9 13
1 0 2
2 0 0
3 4 0
t 229 9
m0 9 14
1 0 1
2 0 1
3 5 0
t 228 9
m0 9 14
1 1 1
2 0 0
3 6 0
t 227 9
m0 9 13
1 0 1
2 1 0
3 5 0
t 226 9
m0 9 13
1 1 1
2 0 0
3 4 0
t 225 9
m0 8 13
1 1 0
2 1 0
3 5 0
t 224 9
m0 8 13
1 1 1
2 0 0
3 6 0
t 223 9
m0 9 13
1 1 0
2 0 1
3 5 0
t 222 9
m0 8 13
1 0 0
2 0 2
3 6 0
t 221 9
m0 8 13
1 0 1
2 0 1
3 5 0
t 220 9
m0 7 13
1 0 2
2 0 0
3 4 0
t 219 9
m0 7 13
1 0 1
2 1 0
3 5 0
t 218 9
m0 8 13
1 1 1
2 0 0
3 6 0
t 217 9
m0 9 13
1 0 1
2 1 0
3 5 0
t 216 9
m0 9 13
1 0 2
2 1 1
3 4 0
t 215 9
m0 9 14
1 0 1
2 1 2
3 3 0
t 214 9
m0 9 13
1 1 1
2 0 2
3 4 0
t 213 9
m0 9 13
1 1 0
2 0 3
3 5 0
t 212 9
m0 9 13
1 0 0
2 1 3
3 4 0
t 211 9
m0 9 14
1 1 0
2 1 2
3 5 0
t 210 9
m0 9 14
1 0 0
2 2 2
3 5 1
t 209 9
m0 9 13
1 0 1
2 1 2
3 6 1
t 208 9
m0 9 12
1 0 2
2 1 1
3 5 1
t 207 9
m0 9 12
1 1 2
2 1 2
3 5 0
t 206 9
m0 9 13
1 1 3
2 0 2
3 4 0
t 205 9
m0 9 12
1 1 2
2 0 1
3 5 0
t 204 9
m0 9 11
1 0 2
2 0 2
3 5 1
t 203 9
m0 9 11
1 1 2
2 0 1
3 5 0
t 202 9
m0 9 11
1 1 1
2 0 0
3 6 0
t 201 9
m0 9 11
1 0 1
2 0 1
3 5 0
t 200 9
m0 9 12
1 1 1
2 0 0
3 4 0
t 199 9
m0 9 13
1 1 0
2 0 1
3 3 0
t 198 9
m0 9 13
1 1 1
2 1 1
3 4 0
t 197 9
m0 9 13
1 1 0
2 0 1
3 5 0
t 196 9
m0 9 14
1 1 1
2 0 0
3 4 0
t 195 9
m0 9 14
1 1 2
2 1 0
3 5 0
t 194 9
m0 9 13
1 1 1
2 1 1
3 6 0
t 193 9
m0 9 14
1 1 0
2 1 0
3 5 0
t 192 9
m0 9 14
1 0 0
2 1 1
3 4 0
t 191 9
m0 9 13
1 1 0
2 0 1
3 5 0
t 190 9
m0 9 14
1 0 0
2 0 0
3 6 0
t 189 9
m0 9 14
1 1 0
2 0 1
3 6 1
t 188 9
m0 9 13
1 0 0
2 0 2
3 5 1
t 187 9
m0 8 13
1 1 0
2 0 3
3 6 1
t 186 9
m0 9 13
1 1 1
2 0 2
3 5 1
t 185 9
m0 9 14
1 1 0
2 1 2
3 6 1
t 184 9
m0 9 13
1 0 0
2 2 2
3 6 0
t 183 9
m0 9 14
1 1 0
2 1 2
3 6 1
t 182 9
m0 9 13
1 0 0
2 1 3
3 6 0
t 181 9
m0 9 12
1 1 0
2 1 4
3 6 1
t 180 9
m0 9 11
1 1 1
2 1 3
3 6 0
t 179 9
m0 9 10
1 1 0
2 0 3
3 6 1
t 178 9
m0 9 10
1 0 0
2 1 3
3 5 1
t 177 9
m0 9 11
1 0 1
2 1 4
3 5 0
t 176 9
m0 9 10
1 0 0
2 1 3
3 4 0
t 175 9
m0 9 10
1 1 0
2 1 2
3 3 0
t 174 9
m0 9 11
1 0 0
2 1 1
3 3 1
t 173 9
m0 9 10
1 0 1
2 1 0
3 3 0
t 172 9
m0 9 11
1 0 0
2 0 0
3 3 1
t 171 9
m0 9 12
1 0 1
2 0 1
3 3 0
t 170 9
m0 9 11
1 1 1
2 0 2
3 3 1
t 169 9
m0 9 10
1 1 0
2 0 1
3 3 0
t 168 9
m0 9 9
1 1 1
2 0 2
3 4 0
t 167 10
m0 9 10
1 1 0
2 0 1
3 3 0
t 166 10
m0 9 9
1 0 0
2 0 2
3 4 0
t 165 10
m0 8 9
1 1 0
2 0 1
3 3 0
t 164 10
m0 7 9
1 0 0
2 0 0
3 4 0
t 163 11
m0 7 9
1 0 1
2 1 0
3 3 0
t 162 11
m0 6 9
1 0 2
2 0 0
3 4 0
t 161 12
m0 6 9
1 1 2
2 0 1
3 3 0
t 160 12
m0 7 9
1 2 2
2 0 0
3 4 0
t 159 12
m0 7 9
1 1 2
2 0 1
3 3 0
t 158 12
m0 7 8
1 1 1
2 0 2
3 3 1
t 157 12
m0 7 7
1 1 0
2 0 1
3 3 0
t 156 13
m0 6 7
1 0 0
2 1 1
3 3 1
t 155 13
m0 5 7
1 1 0
2 0 1
3 3 2
t 154 14
m0 5 7
1 0 0
2 1 1
3 3 1
t 153 14
m0 5 8
1 1 0
2 1 0
3 3 0
t 152 15
m0 5 7
1 1 1
2 0 0
3 4 0
t 151 15
m0 5 8
1 0 1
2 0 1
3 3 0
t 150 15
m0 4 8
1 0 0
2 0 0
3 3 1
t 149 15
m0 4 8
1 0 1
2 0 1
3 3 0
t 148 15
m0 4 8
1 0 0
2 0 2
3 3 1
t 147 15
m0 4 7
1 1 0
2 1 2
3 3 2
t 146 15
m0 4 6
1 0 0
2 1 1
3 3 1
t 145 15
m0 4 6
1 1 0
2 0 1
3 3 0
t 144 15
m0 4 5
1 0 0
2 0 0
3 4 0
t 143 16
m0 5 5
1 1 0
2 1 0
3 3 0
t 142 16
m0 5 5
1 0 0
2 0 0
3 3 1
t 141 16
m0 4 5
1 1 0
2 1 0
3 3 0
t 140 16
m0 4 5
1 0 0
2 0 0
3 3 1
t 139 16
m0 4 5
1 1 0
2 0 1
3 3 0
t 138 16
m0 5 5
1 0 0
2 0 0
3 3 1
t 137 16
m0 4 5
1 0 1
2 1 0
3 3 0
t 136 16
m0 3 5
1 0 2
2 0 0
3 4 0
t 135 17
m0 3 6
1 0 1
2 1 0
3 5 0
t 134 17
m0 2 6
1 0 2
2 0 0
3 6 0
t 133 17
m0 2 6
1 0 3
2 1 0
3 5 0
t 132 17
m0 2 6
1 0 2
2 0 0
3 6 0
t 131 17
m0 2 7
1 0 1
2 0 1
3 5 0
t 130 17
m0 2 7
1 1 1
2 0 0
3 6 0
t 129 17
m0 2 7
1 0 1
2 0 1
3 5 0
t 128 17
m0 2 6
1 0 0
2 0 0
3 6 0
t 127 17
m0 2 7
1 1 0
2 0 1
3 5 0
t 126 17
m0 1 7
1 0 0
2 1 1
3 6 0
t 125 18
m0 1 7
1 0 1
2 1 0
3 6 1
t 124 18
m0 2 7
1 0 0
2 0 0
3 6 0
t 123 18
m0 2 6
1 1 0
2 0 1
3 6 1
t 122 18
m0 2 6
1 0 0
2 0 2
3 6 0
t 121 18
m0 3 6
1 1 0
2 0 1
3 6 1
t 120 18
m0 3 5
1 0 0
2 0 0
3 7 1
t 119 18
m0 4 5
1 0 1
2 1 0
3 8 1
t 118 18
m0 4 6
1 0 0
2 0 0
3 9 1
t 117 18
m0 4 5
1 0 1
2 1 0
3 9 0
t 116 18
m0 5 5
1 0 0
2 1 1
3 8 0
t 115 18
m0 4 5
1 0 1
2 0 1
3 9 0
t 114 18
m0 5 5
1 0 0
2 0 0
3 9 1
t 113 18
m0 4 5
1 1 0
2 0 1
3 9 0
t 112 18
m0 4 4
1 0 0
2 0 2
3 9 1
t 111 19
m0 3 4
1 1 0
2 0 1
3 9 0
t 110 19
m0 3 3
1 0 0
2 0 0
3 9 1
t 109 20
m0 3 3
1 1 0
2 0 1
3 9 0
t 108 20
m0 3 2
1 0 0
2 0 0
3 9 1
t 107 21
m0 3 1
1 0 1
2 1 0
3 9 2
t 106 21
m0 3 0
1 0 2
2 1 1
3 9 3
t 105 21
m0 4 0
1 0 3
2 0 1
3 9 2
t 104 22
m0 5 0
1 1 3
2 0 2
3 9 3
t 103 23
m0 4 0
1 0 3
2 0 3
3 9 2
t 102 23
m0 3 0
1 1 3
2 0 2
3 9 3
t 101 23
m0 3 0
1 0 3
2 0 3
3 9 2
t 100 23
m0 3 0
1 1 3
2 0 2
3 9 3
t 99 23
m0 4 0
1 0 3
2 1 2
3 9 2
t 98 23
m0 4 0
1 0 2
2 1 3
3 9 3
t 97 23
m0 5 0
1 0 3
2 0 3
3 9 2
t 96 23
m0 6 0
1 0 2
2 1 3
3 9 3
t 95 23
m0 6 0
1 0 3
2 1 4
3 9 2
t 94 23
m0 6 0
1 0 2
2 1 5
3 9 3
t 93 23
m0 6 1
1 0 3
2 1 4
3 9 2
t 92 24
m0 7 1
1 0 2
2 1 5
3 9 3
t 91 24
m0 6 1
1 0 3
2 0 5
3 9 2
t 90 24
m0 7 1
1 1 3
2 0 6
3 9 3
t 89 24
m0 8 1
1 0 3
2 0 7
3 9 2
t 88 24
m0 7 1
1 1 3
2 0 8
3 9 3
t 87 24
m0 6 1
1 1 4
2 0 9
3 8 3
t 86 24
m0 6 1
1 1 5
2 0 8
3 8 4
t 85 24
m0 6 0
1 1 4
2 0 9
3 8 3
t 84 24
m0 5 0
1 1 5
2 1 9
3 9 3
t 83 24
m0 4 0
1 0 5
2 0 9
3 9 2
t 82 24
m0 4 0
1 1 5
2 0 8
3 9 3
t 81 24
m0 5 0
1 0 5
2 0 9
3 8 3
t 80 24
m0 6 0
1 0 6
2 0 8
3 9 3
t 79 24
m0 6 1
1 0 7
2 0 9
3 9 2
t 78 24
m0 6 0
1 0 6
2 1 9
3 9 3
t 77 24
m0 5 0
1 0 7
2 1 10
3 9 2
t 76 24
m0 4 0
1 0 8
2 1 11
3 9 3
t 75 24
m0 4 0
1 0 9
2 2 11
3 8 3
t 74 24
m0 4 0
1 0 8
2 1 11
3 9 3
t 73 24
m0 4 0
1 0 9
2 0 11
3 8 3
t 72 24
m0 3 0
1 1 9
2 1 11
3 9 3
t 71 24
m0 3 1
1 0 9
2 1 12
3 9 2
t 70 24
m0 3 0
1 1 9
2 2 12
3 9 1
t 69 24
m0 3 1
1 1 10
2 1 12
3 9 2
t 68 24
m0 3 1
1 1 11
2 2 12
3 9 3
t 67 24
m0 3 1
1 0 11
2 2 13
3 8 3
t 66 24
m0 3 0
1 1 11
2 1 13
3 9 3
t 65 24
m0 4 0
1 0 11
2 1 14
3 9 2
t 64 24
m0 4 0
1 1 11
2 0 14
3 8 2
t 63 24
m0 5 0
1 1 10
2 1 14
3 8 3
t 62 24
m0 5 1
1 1 11
2 0 14
3 9 3
t 61 25
m0 5 1
1 1 12
2 1 14
3 9 2
t 60 25
m0 5 0
1 2 12
2 0 14
3 9 1
t 59 25
m0 5 0
1 2 11
2 1 14
3 9 2
t 58 25
m0 5 0
1 1 11
2 2 14
3 9 3
t 57 25
m0 5 1
1 1 12
2 2 13
3 8 3
t 56 25
m0 6 1
1 1 11
2 2 12
3 8 4
t 55 25
m0 6 1
1 0 11
2 2 13
3 7 4
t 54 25
m0 6 0
1 1 11
2 1 13
3 7 5
t 53 25
m0 6 0
1 0 11
2 1 14
3 7 6
t 52 25
m0 6 0
1 1 11
2 0 14
3 8 6
t 51 25
m0 6 0
1 1 12
2 1 14
3 9 6
t 50 25
m0 6 0
1 1 11
2 0 14
3 9 7
t 49 25
m0 6 1
1 1 12
2 1 14
3 9 8
t 48 25
m0 6 1
1 1 13
2 0 14
3 9 7
t 47 25
m0 6 1
1 1 12
2 1 14
3 9 8
t 46 25
m0 7 1
1 2 12
2 0 14
3 9 9
t 45 25
m0 8 1
1 2 13
2 1 14
3 9 10
t 44 25
m0 7 1
1 2 12
2 0 14
3 9 11
t 43 25
m0 8 1
1 2 13
2 1 14
3 9 12
t 42 25
m0 8 1
1 1 13
2 1 13
3 9 13
t 41 25
m0 8 1
1 2 13
2 1 14
3 9 14
t 40 25
m0 7 1
1 1 13
2 0 14
3 9 13
t 39 25
m0 6 1
1 1 14
2 1 14
3 9 14
t 38 25
m0 6 0
1 0 14
2 2 14
3 9 13
t 37 25
m0 6 1
1 1 14
2 1 14
3 9 14
t 36 25
m0 6 1
1 0 14
2 0 14
3 9 13
t 35 25
m0 7 1
1 1 14
2 1 14
3 9 14
t 34 25
m0 8 1
1 0 14
2 0 14
3 9 13
t 33 25
m0 9 1
1 1 14
2 1 14
3 9 14
t 32 26
m0 8 1
1 0 14
2 2 14
3 9 13
t 31 26
m0 8 0
1 1 14
2 1 14
3 9 14
t 30 26
m0 8 1
1 0 14
2 0 14
3 9 13
t 29 26
m0 8 1
1 1 14
2 1 14
3 9 12
t 28 26
m0 8 2
1 2 14
2 2 14
3 9 13
t 27 27
m0 8 2
1 1 14
2 2 13
3 9 12
t 26 27
m0 8 2
1 2 14
2 1 13
3 9 13
t 25 27
m0 8 1
1 3 14
2 1 12
3 9 14
t 24 27
m0 8 2
1 2 14
2 2 12
3 9 13
t 23 27
m0 8 2
1 1 14
2 1 12
3 9 14
t 22 27
m0 9 2
1 1 13
2 1 13
3 9 13
t 21 28
m0 9 2
1 1 12
2 2 13
3 8 13
t 20 28
m0 8 2
1 1 11
2 2 14
3 9 13
t 19 28
m0 9 2
1 0 11
2 3 14
3 8 13
t 18 28
m0 9 1
1 1 11
2 2 14
3 7 13
t 17 28
m0 9 0
1 0 11
2 1 14
3 6 13
t 16 29
m0 9 1
1 1 11
2 2 14
3 7 13
t 15 29
m0 9 0
1 1 12
2 1 14
3 7 12
t 14 29
m0 8 0
1 1 11
2 2 14
3 7 13
t 13 29
m0 9 0
1 1 12
2 2 13
3 6 13
t 12 29
m0 8 0
1 1 13
2 2 14
3 6 12
t 11 29
m0 8 1
1 2 13
2 1 14
3 6 13
t 10 29
m0 8 1
1 2 14
2 0 14
3 6 14
t 9 29
m0 8 0
1 1 14
2 1 14
3 6 13
t 8 29
m0 8 1
1 0 14
2 2 14
3 6 14
t 7 29
m0 8 0
1 1 14
2 1 14
3 6 13
t 6 29
m0 9 0
1 2 14
2 2 14
3 6 12
t 5 29
m0 9 1
1 2 13
2 1 14
3 5 12
t 4 29
m0 9 2
1 2 12
2 0 14
3 5 11
t 3 29
m0 9 1
1 2 13
2 1 14
3 5 12
t 2 29
m0 9 0
1 2 12
2 1 13
3 6 12
t 1 29
m0 8 0
1 2 12
2 1 13
3 6 12
t 0 29
