10
15
w 3 0
w 8 0
w 5 13
w 7 7
w 8 9
w 3 7
w 1 11
w 8 5
w 5 8
w 3 3
w 6 10
w 8 10
w 3 6
w 2 2
w 4 1
w 4 10
w 0 0
w 9 14
w 3 13
w 4 5
w 3 9
w 2 3
w 6 5
w 0 1
w 8 3
w 7 0
w 6 8
w 1 12
w 6 1
w 7 13
w 2 11
w 5 7
w 7 4
w 2 0
w 1 8
w 1 7
w 0 2
p 5 9
p 4 8
p 5 6
p 7 12
p 2 8
p 9 8
p 6 6
p 0 7
p 6 2
p 9 4
p 7 11
p 2 5
p 0 3
p 3 14
p 6 14
p 1 2
p 8 14
p 9 0
p 6 7
p 2 9
p 8 1
p 3 10
p 4 4
p 1 14
p 5 12
p 0 11
p 2 13
p 9 11
p 7 10
p 5 0
p 0 4
p 8 6
p 3 4
p 1 1
p 6 4
p 3 2
p 7 14
p 8 2
p 6 11
p 4 14
p 0 12
p 0 5
p 6 12
p 1 0
p 2 14
p 9 6
p 3 5
p 2 7
p 9 13
p 3 12
p 0 13
p 0 6
p 6 13
p 0 9
p 5 2
p 9 12
m0 0 14
1 9 0
2 9 0
3 9 0
t 300 0
m0 1 14
1 9 1
2 9 1
3 9 1
t 299 1
m0 2 14
1 8 1
2 8 1
3 8 1
t 298 2
m0 3 14
1 7 1
2 7 1
3 7 1
t 297 3
m0 4 14
1 7 2
2 7 2
3 7 2
t 296 4
m0 5 14
1 6 2
2 6 2
3 6 2
t 295 4
m0 6 14
1 6 3
2 6 3
3 6 3
f 7 6
t 294 5
m0 7 14
1 7 3
2 7 3
3 7 3
t 293 6
m0 8 14
1 7 2
2 7 2
3 7 2
t 292 7
m0 8 13
1 8 2
2 8 2
3 8 2
t 291 7
m0 9 13
1 9 2
2 9 2
3 9 2
t 290 8
m0 9 12
1 9 3
2 9 3
3 9 3
t 289 9
m0 9 11
1 9 4
2 9 4
3 9 4
t 288 10
m0 9 10
1 9 5
2 9 5
3 9 5
t 287 10
m0 9 9
1 9 6
2 9 6
3 9 6
t 286 10
m0 9 8
1 9 7
2 9 7
3 9 7
t 285 11
m0 -5 -5
1 9 7
2 9 7
3 9 7
t 284 11
