10
15
w 7 12
w 3 11
w 7 7
w 8 9
w 9 4
w 8 5
w 3 14
w 7 2
w 6 14
w 4 9
w 6 10
w 1 14
w 2 2
w 7 14
w 0 0
w 8 2
w 5 11
w 1 13
w 5 2
w 3 9
w 2 3
w 1 9
w 4 2
w 1 0
w 2 14
w 9 6
w 6 5
w 5 3
w 0 1
w 9 13
w 7 0
w 6 8
w 4 6
w 1 7
w 9 5
w 3 4
w 9 12
p 4 7
p 1 3
p 8 13
p 3 0
p 5 6
p 9 8
p 8 0
p 5 13
p 2 1
p 0 7
p 4 12
p 2 12
p 4 0
p 8 14
p 9 0
p 6 7
p 5 5
p 2 9
p 8 1
p 5 12
p 3 10
p 8 10
p 4 13
p 2 13
p 9 11
p 0 11
p 5 0
p 0 4
p 3 6
p 8 6
p 4 1
p 1 1
p 6 4
p 3 2
p 5 4
p 4 10
p 7 1
p 8 11
p 9 3
p 9 10
p 7 5
p 8 7
p 6 12
p 0 8
p 4 11
p 5 10
p 3 12
p 1 12
p 9 2
p 6 1
p 2 11
p 7 4
p 5 14
p 0 6
p 2 4
p 8 4
m0 0 14
1 9 0
2 9 0
3 9 0
t 300 0
m0 0 13
1 8 0
2 8 0
3 8 0
t 299 0
m0 0 12
1 9 0
2 9 0
3 9 0
t 298 0
m0 1 12
1 8 0
2 8 0
3 8 0
t 297 1
m0 2 12
1 9 0
2 9 0
3 9 0
t 296 2
m0 3 12
1 8 0
2 8 0
3 8 0
t 295 3
m0 4 12
1 9 0
2 9 0
3 9 0
t 294 4
m0 5 12
1 8 0
2 8 0
3 8 0
t 293 5
m0 6 12
1 9 0
2 9 0
3 9 0
f 6 11
t 292 6
m0 6 11
1 8 0
2 8 0
3 8 0
t 291 16
m0 7 11
1 9 0
2 9 0
3 9 0
t 290 16
m0 8 11
1 8 0
2 8 0
3 8 0
t 289 17
m0 9 11
1 9 0
2 9 0
3 9 0
t 288 18
m0 9 10
1 8 0
2 8 0
3 8 0
t 287 19
m0 8 10
1 9 0
2 9 0
3 9 0
t 286 20
m0 9 10
1 8 0
2 8 0
3 8 0
t 285 20
m0 9 9
1 9 0
2 9 0
3 9 0
t 284 20
m0 9 8
1 8 0
2 8 0
3 8 0
t 283 21
m0 9 7
1 9 0
2 9 0
3 9 0
t 282 21
m0 8 7
1 8 0
2 8 0
3 8 0
t 281 22
m0 8 6
1 9 0
2 9 0
3 9 0
t 280 23
m0 7 6
1 8 0
2 8 0
3 8 0
t 279 23
m0 7 5
1 9 0
2 9 0
3 9 0
t 278 24
m0 7 4
1 8 0
2 8 0
3 8 0
t 277 25
m0 8 4
1 9 0
2 9 0
3 9 0
t 276 26
m0 8 3
1 8 0
2 8 0
3 8 0
t 275 26
m0 9 3
1 9 0
2 9 0
3 9 0
t 274 27
m0 9 2
1 8 0
2 8 0
3 8 0
t 273 28
m0 9 1
1 9 0
2 9 0
3 9 0
t 272 28
m0 -5 -5
1 9 0
2 9 0
3 9 0
t 271 29
