10
15
w 7 3
w 9 1
w 9 8
w 5 13
w 3 11
w 2 12
w 2 5
w 0 3
w 5 8
w 6 14
w 5 5
w 5 12
w 4 13
w 0 11
w 7 10
w 0 4
w 8 6
w 4 1
w 3 2
w 7 1
w 6 0
w 2 10
w 9 10
w 0 5
w 4 2
w 2 14
w 5 3
w 3 5
w 0 1
w 8 12
w 3 1
w 0 13
w 5 14
w 0 6
w 0 9
w 2 4
w 8 4
p 5 9
p 4 7
p 1 3
p 7 12
p 3 0
p 8 0
p 7 7
p 8 9
p 6 2
p 9 4
p 1 11
p 8 5
p 3 14
p 4 0
p 9 0
p 4 9
p 3 3
p 2 9
p 8 1
p 7 6
p 3 10
p 4 4
p 6 3
p 1 5
p 3 6
p 1 10
p 6 4
p 7 14
p 0 0
p 2 6
p 8 2
p 9 14
p 5 11
p 4 5
p 6 11
p 4 14
p 0 12
p 2 3
p 1 9
p 0 8
p 9 6
p 4 11
p 7 9
p 6 5
p 3 12
p 1 12
p 6 1
p 5 7
p 2 11
p 7 13
p 7 4
p 2 0
p 1 8
p 8 8
p 6 13
p 9 5
m0 0 14
1 9 0
2 9 0
3 9 0
t 300 0
m0 0 14
1 8 0
2 8 0
3 8 0
t 299 0
m0 0 14
1 9 0
2 7 0
3 8 1
t 298 0
m0 0 14
1 8 0
2 8 0
3 8 2
t 297 0
m0 0 14
1 9 0
2 7 0
3 8 3
t 296 0
m0 0 14
1 8 0
2 8 0
3 9 3
t 295 0
m0 0 14
1 9 0
2 7 0
3 8 3
t 294 0
m0 1 14
1 8 0
2 8 0
3 9 3
f 4 6
t 293 0
m0 1 13
1 9 0
2 7 0
3 8 3
t 292 0
m0 2 13
1 8 0
2 8 0
3 9 3
t 291 0
m0 3 13
1 9 0
2 7 0
3 8 3
t 290 0
m0 3 12
1 8 0
2 8 0
3 9 3
t 289 1
m0 4 12
1 9 0
2 7 0
3 8 3
t 288 1
m0 4 11
1 8 0
2 8 0
3 9 3
t 287 2
m0 4 10
1 9 0
2 7 0
3 8 3
t 286 2
m0 4 9
1 8 0
2 8 0
3 9 3
t 285 3
m0 4 8
1 9 0
2 7 0
3 8 3
t 284 3
m0 4 7
1 8 0
2 8 0
3 9 3
t 283 4
m0 4 6
1 9 0
2 7 0
3 8 3
t 282 14
m0 3 6
1 8 0
2 8 0
3 9 3
t 281 15
m0 2 6
1 9 0
2 7 0
3 8 3
t 280 16
m0 1 6
1 8 0
2 8 0
3 9 3
t 279 16
m0 1 7
1 9 0
2 7 0
3 8 3
t 278 16
m0 0 7
1 8 0
2 8 0
3 9 3
t 277 16
m0 0 8
1 9 0
2 7 0
3 8 3
t 276 17
m0 0 8
1 8 0
2 8 0
3 9 3
t 275 17
m0 0 8
1 9 0
2 7 0
3 8 3
t 274 17
m0 0 8
1 8 0
2 8 0
3 9 3
t 273 17
m0 0 8
1 9 0
2 7 0
3 8 3
t 272 17
m0 0 8
1 8 0
2 8 0
3 9 3
t 271 17
m0 0 8
1 9 0
2 7 0
3 8 3
t 270 17
m0 0 8
1 8 0
2 8 0
3 9 3
t 269 17
m0 0 8
1 9 0
2 7 0
3 8 3
t 268 17
m0 0 8
1 8 0
2 8 0
3 9 3
t 267 17
m0 0 8
1 9 0
2 7 0
3 8 3
t 266 17
m0 1 8
1 8 0
2 8 0
3 9 3
f 3 4
t 265 18
m0 2 8
1 9 0
2 7 0
3 8 3
t 264 18
m0 3 8
1 8 0
2 8 0
3 9 3
t 263 18
m0 3 7
1 9 0
2 7 0
3 8 3
t 262 18
m0 3 6
1 8 0
2 8 0
3 9 3
t 261 18
m0 2 6
1 9 0
2 7 0
3 8 3
t 260 18
m0 3 6
1 8 0
2 8 0
3 9 3
t 259 18
m0 2 6
1 9 0
2 7 0
3 8 3
t 258 18
m0 3 6
1 8 0
2 8 0
3 9 3
t 257 18
m0 2 6
1 9 0
2 7 0
3 8 3
t 256 18
m0 3 6
1 8 0
2 8 0
3 9 3
t 255 18
m0 2 6
1 9 0
2 7 0
3 8 3
t 254 18
m0 3 6
1 8 0
2 8 0
3 9 3
t 253 18
m0 2 6
1 9 0
2 7 0
3 8 3
t 252 18
m0 3 6
1 8 0
2 8 0
3 9 3
t 251 18
m0 2 6
1 9 0
2 7 0
3 8 3
t 250 18
m0 3 6
1 8 0
2 8 0
3 9 3
t 249 18
m0 2 6
1 9 0
2 7 0
3 8 3
t 248 18
m0 3 6
1 8 0
2 8 0
3 9 3
t 247 18
m0 2 6
1 9 0
2 7 0
3 8 3
t 246 18
m0 3 6
1 8 0
2 8 0
3 9 3
t 245 18
m0 2 6
1 9 0
2 7 0
3 8 3
t 244 18
m0 3 6
1 8 0
2 8 0
3 9 3
t 243 18
m0 2 6
1 9 0
2 7 0
3 8 3
t 242 18
m0 3 6
1 8 0
2 8 0
3 9 3
t 241 18
m0 2 6
1 9 0
2 7 0
3 8 3
t 240 18
m0 3 6
1 8 0
2 8 0
3 9 3
t 239 18
m0 2 6
1 9 0
2 7 0
3 8 3
t 238 18
m0 3 6
1 8 0
2 8 0
3 9 3
t 237 18
m0 2 6
1 9 0
2 7 0
3 8 3
t 236 18
m0 3 6
1 8 0
2 8 0
3 9 3
t 235 18
m0 2 6
1 9 0
2 7 0
3 8 3
t 234 18
m0 3 6
1 8 0
2 8 0
3 9 3
t 233 18
m0 2 6
1 9 0
2 7 0
3 8 3
t 232 18
m0 3 6
1 8 0
2 8 0
3 9 3
t 231 18
m0 2 6
1 9 0
2 7 0
3 8 3
t 230 18
m0 3 6
1 8 0
2 8 0
3 9 3
t 229 18
m0 2 6
1 9 0
2 7 0
3 8 3
t 228 18
m0 3 6
1 8 0
2 8 0
3 9 3
t 227 18
m0 2 6
1 9 0
2 7 0
3 8 3
t 226 18
m0 3 6
1 8 0
2 8 0
3 9 3
t 225 18
m0 2 6
1 9 0
2 7 0
3 8 3
t 224 18
m0 3 6
1 8 0
2 8 0
3 9 3
t 223 18
m0 2 6
1 9 0
2 7 0
3 8 3
t 222 18
m0 3 6
1 8 0
2 8 0
3 9 3
t 221 18
m0 2 6
1 9 0
2 7 0
3 8 3
t 220 18
m0 3 6
1 8 0
2 8 0
3 9 3
t 219 18
m0 2 6
1 9 0
2 7 0
3 8 3
t 218 18
m0 3 6
1 8 0
2 8 0
3 9 3
t 217 18
m0 2 6
1 9 0
2 7 0
3 8 3
t 216 18
m0 3 6
1 8 0
2 8 0
3 9 3
t 215 18
m0 2 6
1 9 0
2 7 0
3 8 3
t 214 18
m0 3 6
1 8 0
2 8 0
3 9 3
t 213 18
m0 2 6
1 9 0
2 7 0
3 8 3
t 212 18
m0 3 6
1 8 0
2 8 0
3 9 3
t 211 18
m0 2 6
1 9 0
2 7 0
3 8 3
t 210 18
m0 3 6
1 8 0
2 8 0
3 9 3
t 209 18
m0 2 6
1 9 0
2 7 0
3 8 3
t 208 18
m0 3 6
1 8 0
2 8 0
3 9 3
t 207 18
m0 2 6
1 9 0
2 7 0
3 8 3
t 206 18
m0 3 6
1 8 0
2 8 0
3 9 3
t 205 18
m0 2 6
1 9 0
2 7 0
3 8 3
t 204 18
m0 3 6
1 8 0
2 8 0
3 9 3
t 203 18
m0 2 6
1 9 0
2 7 0
3 8 3
t 202 18
m0 3 6
1 8 0
2 8 0
3 9 3
t 201 18
m0 2 6
1 9 0
2 7 0
3 8 3
t 200 18
m0 3 6
1 8 0
2 8 0
3 9 3
t 199 18
m0 2 6
1 9 0
2 7 0
3 8 3
t 198 18
m0 3 6
1 8 0
2 8 0
3 9 3
t 197 18
m0 2 6
1 9 0
2 7 0
3 8 3
t 196 18
m0 3 6
1 8 0
2 8 0
3 9 3
t 195 18
m0 2 6
1 9 0
2 7 0
3 8 3
t 194 18
m0 3 6
1 8 0
2 8 0
3 9 3
t 193 18
m0 2 6
1 9 0
2 7 0
3 8 3
t 192 18
m0 3 6
1 8 0
2 8 0
3 9 3
t 191 18
m0 2 6
1 9 0
2 7 0
3 8 3
t 190 18
m0 3 6
1 8 0
2 8 0
3 9 3
t 189 18
m0 2 6
1 9 0
2 7 0
3 8 3
t 188 18
m0 3 6
1 8 0
2 8 0
3 9 3
t 187 18
m0 2 6
1 9 0
2 7 0
3 8 3
t 186 18
m0 3 6
1 8 0
2 8 0
3 9 3
t 185 18
m0 2 6
1 9 0
2 7 0
3 8 3
t 184 18
m0 3 6
1 8 0
2 8 0
3 9 3
t 183 18
m0 2 6
1 9 0
2 7 0
3 8 3
t 182 18
m0 3 6
1 8 0
2 8 0
3 9 3
t 181 18
m0 2 6
1 9 0
2 7 0
3 8 3
t 180 18
m0 3 6
1 8 0
2 8 0
3 9 3
t 179 18
m0 2 6
1 9 0
2 7 0
3 8 3
t 178 18
m0 3 6
1 8 0
2 8 0
3 9 3
t 177 18
m0 2 6
1 9 0
2 7 0
3 8 3
t 176 18
m0 3 6
1 8 0
2 8 0
3 9 3
t 175 18
m0 2 6
1 9 0
2 7 0
3 8 3
t 174 18
m0 3 6
1 8 0
2 8 0
3 9 3
t 173 18
m0 2 6
1 9 0
2 7 0
3 8 3
t 172 18
m0 3 6
1 8 0
2 8 0
3 9 3
t 171 18
m0 2 6
1 9 0
2 7 0
3 8 3
t 170 18
m0 3 6
1 8 0
2 8 0
3 9 3
t 169 18
m0 2 6
1 9 0
2 7 0
3 8 3
t 168 18
m0 3 6
1 8 0
2 8 0
3 9 3
t 167 18
m0 2 6
1 9 0
2 7 0
3 8 3
t 166 18
m0 3 6
1 8 0
2 8 0
3 9 3
t 165 18
m0 2 6
1 9 0
2 7 0
3 8 3
t 164 18
m0 3 6
1 8 0
2 8 0
3 9 3
t 163 18
m0 2 6
1 9 0
2 7 0
3 8 3
t 162 18
m0 3 6
1 8 0
2 8 0
3 9 3
t 161 18
m0 2 6
1 9 0
2 7 0
3 8 3
t 160 18
m0 3 6
1 8 0
2 8 0
3 9 3
t 159 18
m0 2 6
1 9 0
2 7 0
3 8 3
t 158 18
m0 3 6
1 8 0
2 8 0
3 9 3
t 157 18
m0 2 6
1 9 0
2 7 0
3 8 3
t 156 18
m0 3 6
1 8 0
2 8 0
3 9 3
t 155 18
m0 2 6
1 9 0
2 7 0
3 8 3
t 154 18
m0 3 6
1 8 0
2 8 0
3 9 3
t 153 18
m0 2 6
1 9 0
2 7 0
3 8 3
t 152 18
m0 3 6
1 8 0
2 8 0
3 9 3
t 151 18
m0 2 6
1 9 0
2 7 0
3 8 3
t 150 18
m0 3 6
1 8 0
2 8 0
3 9 3
t 149 18
m0 2 6
1 9 0
2 7 0
3 8 3
t 148 18
m0 3 6
1 8 0
2 8 0
3 9 3
t 147 18
m0 2 6
1 9 0
2 7 0
3 8 3
t 146 18
m0 3 6
1 8 0
2 8 0
3 9 3
t 145 18
m0 2 6
1 9 0
2 7 0
3 8 3
t 144 18
m0 3 6
1 8 0
2 8 0
3 9 3
t 143 18
m0 2 6
1 9 0
2 7 0
3 8 3
t 142 18
m0 3 6
1 8 0
2 8 0
3 9 3
t 141 18
m0 2 6
1 9 0
2 7 0
3 8 3
t 140 18
m0 3 6
1 8 0
2 8 0
3 9 3
t 139 18
m0 2 6
1 9 0
2 7 0
3 8 3
t 138 18
m0 3 6
1 8 0
2 8 0
3 9 3
t 137 18
m0 2 6
1 9 0
2 7 0
3 8 3
t 136 18
m0 3 6
1 8 0
2 8 0
3 9 3
t 135 18
m0 2 6
1 9 0
2 7 0
3 8 3
t 134 18
m0 3 6
1 8 0
2 8 0
3 9 3
t 133 18
m0 2 6
1 9 0
2 7 0
3 8 3
t 132 18
m0 3 6
1 8 0
2 8 0
3 9 3
t 131 18
m0 2 6
1 9 0
2 7 0
3 8 3
t 130 18
m0 3 6
1 8 0
2 8 0
3 9 3
t 129 18
m0 2 6
1 9 0
2 7 0
3 8 3
t 128 18
m0 3 6
1 8 0
2 8 0
3 9 3
t 127 18
m0 2 6
1 9 0
2 7 0
3 8 3
t 126 18
m0 3 6
1 8 0
2 8 0
3 9 3
t 125 18
m0 2 6
1 9 0
2 7 0
3 8 3
t 124 18
m0 3 6
1 8 0
2 8 0
3 9 3
t 123 18
m0 2 6
1 9 0
2 7 0
3 8 3
t 122 18
m0 3 6
1 8 0
2 8 0
3 9 3
t 121 18
m0 2 6
1 9 0
2 7 0
3 8 3
t 120 18
m0 3 6
1 8 0
2 8 0
3 9 3
t 119 18
m0 2 6
1 9 0
2 7 0
3 8 3
t 118 18
m0 3 6
1 8 0
2 8 0
3 9 3
t 117 18
m0 2 6
1 9 0
2 7 0
3 8 3
t 116 18
m0 3 6
1 8 0
2 8 0
3 9 3
t 115 18
m0 2 6
1 9 0
2 7 0
3 8 3
t 114 18
m0 3 6
1 8 0
2 8 0
3 9 3
t 113 18
m0 2 6
1 9 0
2 7 0
3 8 3
t 112 18
m0 3 6
1 8 0
2 8 0
3 9 3
t 111 18
m0 2 6
1 9 0
2 7 0
3 8 3
t 110 18
m0 3 6
1 8 0
2 8 0
3 9 3
t 109 18
m0 2 6
1 9 0
2 7 0
3 8 3
t 108 18
m0 3 6
1 8 0
2 8 0
3 9 3
t 107 18
m0 2 6
1 9 0
2 7 0
3 8 3
t 106 18
m0 3 6
1 8 0
2 8 0
3 9 3
t 105 18
m0 2 6
1 9 0
2 7 0
3 8 3
t 104 18
m0 3 6
1 8 0
2 8 0
3 9 3
t 103 18
m0 2 6
1 9 0
2 7 0
3 8 3
t 102 18
m0 3 6
1 8 0
2 8 0
3 9 3
t 101 18
m0 2 6
1 9 0
2 7 0
3 8 3
t 100 18
m0 3 6
1 8 0
2 8 0
3 9 3
t 99 18
m0 2 6
1 9 0
2 7 0
3 8 3
t 98 18
m0 3 6
1 8 0
2 8 0
3 9 3
t 97 18
m0 2 6
1 9 0
2 7 0
3 8 3
t 96 18
m0 3 6
1 8 0
2 8 0
3 9 3
t 95 18
m0 2 6
1 9 0
2 7 0
3 8 3
t 94 18
m0 3 6
1 8 0
2 8 0
3 9 3
t 93 18
m0 2 6
1 9 0
2 7 0
3 8 3
t 92 18
m0 3 6
1 8 0
2 8 0
3 9 3
t 91 18
m0 2 6
1 9 0
2 7 0
3 8 3
t 90 18
m0 3 6
1 8 0
2 8 0
3 9 3
t 89 18
m0 2 6
1 9 0
2 7 0
3 8 3
t 88 18
m0 3 6
1 8 0
2 8 0
3 9 3
t 87 18
m0 2 6
1 9 0
2 7 0
3 8 3
t 86 18
m0 3 6
1 8 0
2 8 0
3 9 3
t 85 18
m0 2 6
1 9 0
2 7 0
3 8 3
t 84 18
m0 3 6
1 8 0
2 8 0
3 9 3
t 83 18
m0 2 6
1 9 0
2 7 0
3 8 3
t 82 18
m0 3 6
1 8 0
2 8 0
3 9 3
t 81 18
m0 2 6
1 9 0
2 7 0
3 8 3
t 80 18
m0 3 6
1 8 0
2 8 0
3 9 3
t 79 18
m0 2 6
1 9 0
2 7 0
3 8 3
t 78 18
m0 3 6
1 8 0
2 8 0
3 9 3
t 77 18
m0 2 6
1 9 0
2 7 0
3 8 3
t 76 18
m0 3 6
1 8 0
2 8 0
3 9 3
t 75 18
m0 2 6
1 9 0
2 7 0
3 8 3
t 74 18
m0 3 6
1 8 0
2 8 0
3 9 3
t 73 18
m0 2 6
1 9 0
2 7 0
3 8 3
t 72 18
m0 3 6
1 8 0
2 8 0
3 9 3
t 71 18
m0 2 6
1 9 0
2 7 0
3 8 3
t 70 18
m0 3 6
1 8 0
2 8 0
3 9 3
t 69 18
m0 2 6
1 9 0
2 7 0
3 8 3
t 68 18
m0 3 6
1 8 0
2 8 0
3 9 3
t 67 18
m0 2 6
1 9 0
2 7 0
3 8 3
t 66 18
m0 3 6
1 8 0
2 8 0
3 9 3
t 65 18
m0 2 6
1 9 0
2 7 0
3 8 3
t 64 18
m0 3 6
1 8 0
2 8 0
3 9 3
t 63 18
m0 2 6
1 9 0
2 7 0
3 8 3
t 62 18
m0 3 6
1 8 0
2 8 0
3 9 3
t 61 18
m0 2 6
1 9 0
2 7 0
3 8 3
t 60 18
m0 3 6
1 8 0
2 8 0
3 9 3
t 59 18
m0 2 6
1 9 0
2 7 0
3 8 3
t 58 18
m0 3 6
1 8 0
2 8 0
3 9 3
t 57 18
m0 2 6
1 9 0
2 7 0
3 8 3
t 56 18
m0 3 6
1 8 0
2 8 0
3 9 3
t 55 18
m0 2 6
1 9 0
2 7 0
3 8 3
t 54 18
m0 3 6
1 8 0
2 8 0
3 9 3
t 53 18
m0 2 6
1 9 0
2 7 0
3 8 3
t 52 18
m0 3 6
1 8 0
2 8 0
3 9 3
t 51 18
m0 2 6
1 9 0
2 7 0
3 8 3
t 50 18
m0 3 6
1 8 0
2 8 0
3 9 3
t 49 18
m0 2 6
1 9 0
2 7 0
3 8 3
t 48 18
m0 3 6
1 8 0
2 8 0
3 9 3
t 47 18
m0 2 6
1 9 0
2 7 0
3 8 3
t 46 18
m0 3 6
1 8 0
2 8 0
3 9 3
t 45 18
m0 2 6
1 9 0
2 7 0
3 8 3
t 44 18
m0 3 6
1 8 0
2 8 0
3 9 3
t 43 18
m0 2 6
1 9 0
2 7 0
3 8 3
t 42 18
m0 3 6
1 8 0
2 8 0
3 9 3
t 41 18
m0 2 6
1 9 0
2 7 0
3 8 3
t 40 18
m0 3 6
1 8 0
2 8 0
3 9 3
t 39 18
m0 2 6
1 9 0
2 7 0
3 8 3
t 38 18
m0 3 6
1 8 0
2 8 0
3 9 3
t 37 18
m0 2 6
1 9 0
2 7 0
3 8 3
t 36 18
m0 3 6
1 8 0
2 8 0
3 9 3
t 35 18
m0 2 6
1 9 0
2 7 0
3 8 3
t 34 18
m0 3 6
1 8 0
2 8 0
3 9 3
t 33 18
m0 2 6
1 9 0
2 7 0
3 8 3
t 32 18
m0 3 6
1 8 0
2 8 0
3 9 3
t 31 18
m0 2 6
1 9 0
2 7 0
3 8 3
t 30 18
m0 3 6
1 8 0
2 8 0
3 9 3
t 29 18
m0 2 6
1 9 0
2 7 0
3 8 3
t 28 18
m0 3 6
1 8 0
2 8 0
3 9 3
t 27 18
m0 2 6
1 9 0
2 7 0
3 8 3
t 26 18
m0 3 6
1 8 0
2 8 0
3 9 3
t 25 18
m0 2 6
1 9 0
2 7 0
3 8 3
t 24 18
m0 3 6
1 8 0
2 8 0
3 9 3
t 23 18
m0 2 6
1 9 0
2 7 0
3 8 3
t 22 18
m0 3 6
1 8 0
2 8 0
3 9 3
t 21 18
m0 2 6
1 9 0
2 7 0
3 8 3
t 20 18
m0 3 6
1 8 0
2 8 0
3 9 3
t 19 18
m0 2 6
1 9 0
2 7 0
3 8 3
t 18 18
m0 3 6
1 8 0
2 8 0
3 9 3
t 17 18
m0 2 6
1 9 0
2 7 0
3 8 3
t 16 18
m0 3 6
1 8 0
2 8 0
3 9 3
t 15 18
m0 2 6
1 9 0
2 7 0
3 8 3
t 14 18
m0 3 6
1 8 0
2 8 0
3 9 3
t 13 18
m0 2 6
1 9 0
2 7 0
3 8 3
t 12 18
m0 3 6
1 8 0
2 8 0
3 9 3
t 11 18
m0 2 6
1 9 0
2 7 0
3 8 3
t 10 18
m0 3 6
1 8 0
2 8 0
3 9 3
t 9 18
m0 2 6
1 9 0
2 7 0
3 8 3
t 8 18
m0 3 6
1 8 0
2 8 0
3 9 3
t 7 18
m0 2 6
1 9 0
2 7 0
3 8 3
t 6 18
m0 3 6
1 8 0
2 8 0
3 9 3
t 5 18
m0 2 6
1 9 0
2 7 0
3 8 3
t 4 18
m0 3 6
1 8 0
2 8 0
3 9 3
t 3 18
m0 2 6
1 9 0
2 7 0
3 8 3
t 2 18
m0 3 6
1 8 0
2 8 0
3 9 3
t 1 18
m0 2 6
1 8 0
2 8 0
3 9 3
t 0 18
