10
15
w 1 3
w 2 8
w 0 7
w 6 2
w 9 4
w 0 3
w 5 5
w 8 1
w 7 6
w 5 12
w 8 10
w 6 3
w 3 6
w 0 4
w 3 2
w 0 0
w 3 13
w 6 11
w 6 0
w 3 9
w 2 3
w 1 9
w 8 7
w 0 5
w 7 9
w 3 5
w 5 3
w 8 3
w 3 12
w 8 12
w 7 13
w 0 13
w 5 7
w 2 11
w 0 6
w 9 5
w 5 2
p 6 9
p 8 13
p 9 1
p 6 6
p 5 6
p 7 12
p 8 0
p 5 13
p 4 12
p 2 5
p 1 11
p 8 5
p 3 14
p 4 0
p 1 2
p 7 2
p 9 0
p 6 14
p 4 9
p 6 7
p 2 9
p 3 10
p 4 4
p 1 14
p 4 13
p 1 5
p 2 13
p 7 10
p 2 2
p 1 10
p 3 4
p 4 1
p 9 7
p 4 10
p 5 4
p 7 14
p 7 1
p 4 5
p 1 13
p 8 11
p 9 3
p 1 4
p 0 12
p 7 5
p 4 2
p 6 12
p 1 0
p 6 5
p 1 12
p 3 1
p 5 14
p 1 8
p 6 13
p 1 7
p 7 8
p 0 2
m0 0 14
1 9 0
2 9 0
3 9 0
t 300 0
m0 1 14
1 8 0
2 9 1
3 8 0
t 299 1
m0 1 14
1 7 0
2 9 2
3 9 0
t 298 1
m0 1 13
1 7 1
2 9 3
3 8 0
t 297 2
m0 1 12
1 6 1
2 9 2
3 7 0
t 296 3
m0 0 12
1 5 1
2 9 3
3 8 0
t 295 4
m0 1 12
1 4 1
2 9 2
3 7 0
t 294 4
m0 1 12
1 3 1
2 9 3
3 7 1
t 293 4
m0 0 12
1 2 1
2 9 2
3 6 1
t 292 4
m0 0 11
1 1 1
2 9 3
3 5 1
t 291 4
m0 1 11
1 1 2
2 9 2
3 5 0
t 290 5
m0 1 12
1 0 2
2 9 3
3 4 0
t 289 5
m0 1 13
1 1 2
2 9 2
3 5 0
t 288 5
m0 1 13
1 0 2
2 9 3
3 4 0
t 287 5
m0 2 13
1 1 2
2 9 2
3 5 0
f 4 8
t 286 6
m0 2 13
1 0 2
2 9 3
3 4 0
t 285 6
m0 2 13
1 1 2
2 9 2
3 5 0
t 284 6
m0 2 14
1 0 2
2 9 3
3 4 0
t 283 6
m0 1 14
1 1 2
2 9 2
3 5 0
t 282 6
m0 0 14
1 0 2
2 9 3
3 4 0
t 281 6
m0 1 14
1 1 2
2 9 2
3 5 0
t 280 6
m0 1 13
1 0 2
2 9 3
3 4 0
t 279 6
m0 2 13
1 1 2
2 9 2
3 5 0
t 278 6
m0 2 12
1 0 2
2 9 3
3 4 0
t 277 6
m0 2 13
1 1 2
2 9 2
3 5 0
t 276 6
m0 2 14
1 0 2
2 9 3
3 4 0
t 275 6
m0 2 13
1 1 2
2 9 2
3 5 0
t 274 6
m0 2 13
1 0 2
2 9 3
3 4 0
t 273 6
m0 2 12
1 1 2
2 9 2
3 5 0
t 272 6
m0 2 13
1 0 2
2 9 3
3 4 0
t 271 6
m0 2 12
1 1 2
2 9 2
3 5 0
t 270 6
m0 1 12
1 0 2
2 9 3
3 4 0
t 269 6
m0 1 12
1 1 2
2 9 2
3 5 0
t 268 6
m0 0 12
1 0 2
2 9 3
3 4 0
t 267 6
m0 1 12
1 1 2
2 9 2
3 5 0
t 266 6
m0 1 11
1 0 2
2 9 3
3 4 0
t 265 6
m0 1 11
1 1 2
2 9 2
3 5 0
t 264 6
m0 0 11
1 0 2
2 9 3
3 4 0
t 263 6
m0 0 11
1 1 2
2 9 2
3 5 0
t 262 6
m0 0 12
1 0 2
2 9 3
3 4 0
t 261 6
m0 1 12
1 1 2
2 9 2
3 5 0
t 260 6
m0 2 12
1 0 2
2 9 3
3 4 0
t 259 6
m0 2 12
1 1 2
2 9 2
3 5 0
t 258 6
m0 2 12
1 0 2
2 9 3
3 4 0
t 257 6
m0 2 13
1 1 2
2 9 2
3 5 0
t 256 6
m0 2 12
1 0 2
2 9 3
3 4 0
t 255 6
m0 2 12
1 1 2
2 9 2
3 5 0
t 254 6
m0 2 13
1 0 2
2 9 3
3 4 0
t 253 6
m0 2 14
1 1 2
2 9 2
3 5 0
t 252 6
m0 3 14
1 0 2
2 9 3
3 4 0
t 251 7
m0 4 14
1 1 2
2 9 2
3 5 0
t 250 7
m0 3 14
1 0 2
2 9 3
3 4 0
t 249 7
m0 2 14
1 1 2
2 9 2
3 5 0
t 248 7
m0 2 13
1 0 2
2 9 3
3 4 0
t 247 7
m0 2 13
1 1 2
2 9 2
3 5 0
t 246 7
m0 1 13
1 0 2
2 9 3
3 4 0
t 245 7
m0 1 13
1 1 2
2 9 2
3 5 0
t 244 7
m0 1 12
1 0 2
2 9 3
3 4 0
t 243 7
m0 2 12
1 1 2
2 9 2
3 5 0
t 242 7
m0 2 12
1 0 2
2 9 3
3 4 0
t 241 7
m0 2 13
1 1 2
2 9 2
3 5 0
t 240 7
m0 2 12
1 0 2
2 9 3
3 4 0
t 239 7
m0 2 12
1 1 2
2 9 2
3 5 0
t 238 7
m0 2 13
1 0 2
2 9 3
3 4 0
t 237 7
m0 2 14
1 1 2
2 9 2
3 5 0
t 236 7
m0 2 14
1 0 2
2 9 3
3 4 0
t 235 7
m0 2 14
1 1 2
2 9 2
3 5 0
t 234 7
m0 3 14
1 0 2
2 9 3
3 4 0
t 233 7
m0 3 14
1 1 2
2 9 2
3 5 0
t 232 7
m0 4 14
1 0 2
2 9 3
3 4 0
t 231 7
m0 3 14
1 1 2
2 9 2
3 5 0
t 230 7
m0 4 14
1 0 2
2 9 3
3 4 0
t 229 7
m0 4 14
1 1 2
2 9 2
3 5 0
t 228 7
m0 4 14
1 0 2
2 9 3
3 4 0
t 227 7
m0 3 14
1 1 2
2 9 2
3 5 0
t 226 7
m0 4 14
1 0 2
2 9 3
3 4 0
t 225 7
m0 4 13
1 1 2
2 9 2
3 5 0
t 224 8
m0 5 13
1 0 2
2 9 3
3 5 1
t 223 9
m0 4 13
1 1 2
2 9 2
3 5 0
t 222 9
m0 4 14
1 0 2
2 9 3
3 4 0
t 221 9
m0 3 14
1 1 2
2 9 2
3 5 0
t 220 9
m0 4 14
1 0 2
2 9 3
3 4 0
t 219 9
m0 5 14
1 1 2
2 9 2
3 5 0
t 218 10
m0 5 13
1 0 2
2 9 3
3 5 1
t 217 10
m0 6 13
1 1 2
2 9 2
3 5 0
t 216 11
m0 5 13
1 0 2
2 9 3
3 5 1
t 215 11
m0 4 13
1 1 2
2 9 2
3 5 0
t 214 11
m0 4 13
1 0 2
2 9 3
3 4 0
t 213 11
m0 5 13
1 1 2
2 9 2
3 5 0
t 212 11
m0 5 13
1 0 2
2 9 3
3 5 1
t 211 11
m0 5 14
1 1 2
2 9 2
3 5 0
t 210 11
m0 5 13
1 0 2
2 9 3
3 5 1
t 209 11
m0 5 14
1 1 2
2 9 2
3 5 0
t 208 11
m0 4 14
1 0 2
2 9 3
3 4 0
t 207 11
m0 5 14
1 1 2
2 9 2
3 5 0
t 206 11
m0 6 14
1 0 2
2 9 3
3 5 1
t 205 12
m0 6 14
1 1 2
2 9 2
3 5 0
t 204 12
m0 6 14
1 0 2
2 9 3
3 5 1
t 203 12
m0 6 13
1 1 2
2 9 2
3 5 0
t 202 12
m0 5 13
1 0 2
2 9 3
3 5 1
t 201 12
m0 5 14
1 1 2
2 9 2
3 5 0
t 200 12
m0 4 14
1 0 2
2 9 3
3 4 0
t 199 12
m0 4 13
1 1 2
2 9 2
3 5 0
t 198 12
m0 5 13
1 0 2
2 9 3
3 5 1
t 197 12
m0 6 13
1 1 2
2 9 2
3 5 0
t 196 12
m0 6 14
1 0 2
2 9 3
3 5 1
t 195 12
m0 6 14
1 1 2
2 9 2
3 5 0
t 194 12
m0 6 14
1 0 2
2 9 3
3 5 1
t 193 12
m0 6 13
1 1 2
2 9 2
3 5 0
t 192 12
m0 6 13
1 0 2
2 9 3
3 5 1
t 191 12
m0 6 12
1 1 2
2 9 2
3 5 0
t 190 13
m0 6 12
1 0 2
2 9 3
3 5 1
t 189 13
m0 7 12
1 1 2
2 9 2
3 5 0
t 188 14
m0 6 12
1 0 2
2 9 3
3 5 1
t 187 14
m0 6 13
1 1 2
2 9 2
3 5 0
t 186 14
m0 6 13
1 0 2
2 9 3
3 5 1
t 185 14
m0 6 12
1 1 2
2 9 2
3 5 0
t 184 14
m0 6 12
1 0 2
2 9 3
3 5 1
t 183 14
m0 7 12
1 1 2
2 9 2
3 5 0
t 182 14
m0 7 12
1 0 2
2 9 3
3 5 1
t 181 14
m0 7 11
1 1 2
2 9 2
3 5 0
t 180 14
m0 7 11
1 0 2
2 9 3
3 5 1
t 179 14
m0 7 10
1 1 2
2 9 2
3 5 0
t 178 15
m0 7 11
1 0 2
2 9 3
3 5 1
t 177 15
m0 7 12
1 1 2
2 9 2
3 5 0
t 176 15
m0 7 12
1 0 2
2 9 3
3 5 1
t 175 15
m0 6 12
1 1 2
2 9 2
3 5 0
t 174 15
m0 6 12
1 0 2
2 9 3
3 5 1
t 173 15
m0 7 12
1 1 2
2 9 2
3 5 0
t 172 15
m0 7 12
1 0 2
2 9 3
3 5 1
t 171 15
m0 7 11
1 1 2
2 9 2
3 5 0
t 170 15
m0 7 10
1 0 2
2 9 3
3 5 1
t 169 15
m0 7 11
1 1 2
2 9 2
3 5 0
t 168 15
m0 7 10
1 0 2
2 9 3
3 5 1
t 167 15
m0 7 10
1 1 2
2 9 2
3 5 0
t 166 15
m0 6 10
1 0 2
2 9 3
3 5 1
t 165 15
m0 5 10
1 1 2
2 9 2
3 5 0
t 164 15
m0 4 10
1 0 2
2 9 3
3 4 0
t 163 16
m0 4 11
1 1 2
2 9 2
3 5 0
t 162 16
m0 5 11
1 0 2
2 9 3
3 5 1
t 161 16
m0 5 10
1 1 2
2 9 2
3 5 0
t 160 16
m0 4 10
1 0 2
2 9 3
3 4 0
t 159 16
m0 3 10
1 1 2
2 9 2
3 5 0
t 158 17
m0 4 10
1 0 2
2 9 3
3 4 0
t 157 17
m0 3 10
1 1 2
2 9 2
3 5 0
t 156 17
m0 2 10
1 0 2
2 9 3
3 4 0
t 155 17
m0 2 9
1 1 2
2 9 2
3 5 0
t 154 18
m0 2 9
1 0 2
2 9 3
3 4 0
t 153 18
m0 2 9
1 1 2
2 9 2
3 5 0
t 152 18
m0 2 10
1 0 2
2 9 3
3 4 0
t 151 18
m0 1 10
1 1 2
2 9 2
3 5 0
t 150 19
m0 1 11
1 0 2
2 9 3
3 4 0
t 149 19
m0 1 11
1 1 2
2 9 2
3 5 0
t 148 19
m0 1 10
1 0 2
2 9 3
3 4 0
t 147 19
m0 1 11
1 1 2
2 9 2
3 5 0
t 146 19
m0 1 10
1 0 2
2 9 3
3 4 0
t 145 19
m0 2 10
1 1 2
2 9 2
3 5 0
t 144 19
m0 2 10
1 0 2
2 9 3
3 4 0
t 143 19
m0 2 9
1 1 2
2 9 2
3 5 0
t 142 19
m0 2 9
1 0 2
2 9 3
3 4 0
t 141 19
m0 2 10
1 1 2
2 9 2
3 5 0
t 140 19
m0 2 9
1 0 2
2 9 3
3 4 0
t 139 19
m0 2 9
1 1 2
2 9 2
3 5 0
t 138 19
m0 2 9
1 0 2
2 9 3
3 4 0
t 137 19
m0 2 10
1 1 2
2 9 2
3 5 0
t 136 19
m0 3 10
1 0 2
2 9 3
3 4 0
t 135 19
m0 4 10
1 1 2
2 9 2
3 5 0
t 134 19
m0 4 9
1 0 2
2 9 3
3 4 0
t 133 20
m0 5 9
1 1 2
2 9 2
3 5 0
t 132 20
m0 5 10
1 0 2
2 9 3
3 5 1
t 131 20
m0 4 10
1 1 2
2 9 2
3 5 0
t 130 20
m0 5 10
1 0 2
2 9 3
3 5 1
t 129 20
m0 5 10
1 1 2
2 9 2
3 5 0
t 128 20
m0 4 10
1 0 2
2 9 3
3 4 0
t 127 20
m0 4 9
1 1 2
2 9 2
3 5 0
t 126 20
m0 5 9
1 0 2
2 9 3
3 5 1
t 125 20
m0 5 8
1 1 2
2 9 2
3 5 0
t 124 20
m0 5 8
1 0 2
2 9 3
3 5 1
t 123 20
m0 4 8
1 1 2
2 9 2
3 5 0
t 122 30
m0 4 7
1 0 2
2 9 3
3 4 0
t 121 30
m0 4 6
1 1 2
2 9 2
3 5 0
t 120 30
m0 5 6
1 0 2
2 9 3
3 5 1
t 119 31
m0 4 6
1 1 2
2 9 2
3 5 0
t 118 31
m0 4 5
1 2 2
2 9 3
3 4 0
t 117 32
m0 4 5
1 1 2
2 9 2
3 5 0
t 116 32
m0 4 4
1 2 2
2 9 3
3 4 0
t 115 33
m0 4 5
1 1 2
2 9 2
3 5 0
t 114 33
m0 4 4
1 2 2
2 9 3
3 4 0
t 113 33
m0 3 4
1 1 2
2 9 2
3 5 0
f 6 12
t 112 34
m0 2 4
1 2 2
2 9 3
3 4 0
t 111 34
m0 1 4
1 1 2
2 9 2
3 5 0
t 110 35
m0 2 4
1 2 2
2 9 3
3 4 0
t 109 35
m0 1 4
1 1 2
2 9 2
3 5 0
t 108 35
m0 1 5
1 0 2
2 9 3
3 4 0
t 107 36
m0 2 5
1 1 2
2 9 2
3 5 0
t 106 37
m0 2 6
1 2 2
2 9 3
3 4 0
t 105 37
m0 1 6
1 1 2
2 9 2
3 5 0
t 104 37
m0 1 5
1 0 2
2 9 3
3 4 0
t 103 37
m0 1 6
1 1 2
2 9 2
3 5 0
t 102 37
m0 1 7
1 0 2
2 9 3
3 4 0
t 101 38
m0 1 8
1 1 2
2 9 2
3 5 0
t 100 39
m0 0 8
1 0 2
2 9 3
3 4 0
t 99 39
m0 1 8
1 1 2
2 9 2
3 5 0
t 98 39
m0 0 8
1 0 2
2 9 3
3 4 0
t 97 39
m0 0 9
1 1 2
2 9 2
3 5 0
t 96 39
m0 0 10
1 0 2
2 9 3
3 4 0
t 95 39
m0 1 10
1 1 2
2 9 2
3 5 0
t 94 39
m0 2 10
1 0 2
2 9 3
3 4 0
t 93 39
m0 2 9
1 1 2
2 9 2
3 5 0
t 92 39
m0 2 9
1 0 2
2 9 3
3 4 0
t 91 39
m0 2 10
1 1 2
2 9 2
3 5 0
t 90 39
m0 2 10
1 0 2
2 9 3
3 4 0
t 89 39
m0 1 10
1 1 2
2 9 2
3 5 0
t 88 39
m0 0 10
1 0 2
2 9 3
3 4 0
t 87 39
m0 1 10
1 1 2
2 9 2
3 5 0
t 86 39
m0 1 10
1 0 2
2 9 3
3 4 0
t 85 39
m0 2 10
1 1 2
2 9 2
3 5 0
t 84 39
m0 2 10
1 0 2
2 9 3
3 4 0
t 83 39
m0 2 9
1 1 2
2 9 2
3 5 0
t 82 39
m0 2 9
1 0 2
2 9 3
3 4 0
t 81 39
m0 2 10
1 1 2
2 9 2
3 5 0
t 80 39
m0 1 10
1 0 2
2 9 3
3 4 0
t 79 39
m0 1 11
1 1 2
2 9 2
3 5 0
t 78 39
m0 0 11
1 0 2
2 9 3
3 4 0
t 77 39
m0 1 11
1 1 2
2 9 2
3 5 0
t 76 39
m0 1 12
1 0 2
2 9 3
3 4 0
t 75 39
m0 2 12
1 1 2
2 9 2
3 5 0
t 74 39
m0 2 12
1 0 2
2 9 3
3 4 0
t 73 39
m0 2 12
1 1 2
2 9 2
3 5 0
t 72 39
m0 1 12
1 0 2
2 9 3
3 4 0
t 71 39
m0 2 12
1 1 2
2 9 2
3 5 0
t 70 39
m0 2 13
1 0 2
2 9 3
3 4 0
t 69 39
m0 2 14
1 1 2
2 9 2
3 5 0
t 68 39
m0 2 14
1 0 2
2 9 3
3 4 0
t 67 39
m0 3 14
1 1 2
2 9 2
3 5 0
t 66 39
m0 4 14
1 0 2
2 9 3
3 4 0
t 65 39
m0 3 14
1 1 2
2 9 2
3 5 0
t 64 39
m0 4 14
1 0 2
2 9 3
3 4 0
t 63 39
m0 4 13
1 1 2
2 9 2
3 5 0
t 62 39
m0 4 14
1 0 2
2 9 3
3 4 0
t 61 39
m0 4 13
1 1 2
2 9 2
3 5 0
t 60 39
m0 4 12
1 0 2
2 9 3
3 4 0
t 59 40
m0 4 12
1 1 2
2 9 2
3 5 0
t 58 40
m0 4 13
1 0 2
2 9 3
3 4 0
t 57 40
m0 4 13
1 1 2
2 9 2
3 5 0
t 56 40
m0 4 12
1 0 2
2 9 3
3 4 0
t 55 40
m0 4 12
1 1 2
2 9 2
3 5 0
t 54 40
m0 4 11
1 0 2
2 9 3
3 4 0
t 53 40
m0 4 10
1 1 2
2 9 2
3 5 0
t 52 40
m0 4 9
1 0 2
2 9 3
3 4 0
t 51 40
m0 5 9
1 1 2
2 9 2
3 5 0
t 50 40
m0 6 9
1 0 2
2 9 3
3 5 1
t 49 41
m0 5 9
1 1 2
2 9 2
3 5 0
t 48 41
m0 5 10
1 0 2
2 9 3
3 5 1
t 47 41
m0 5 9
1 1 2
2 9 2
3 5 0
t 46 41
m0 5 8
1 0 2
2 9 3
3 5 1
t 45 41
m0 5 8
1 1 2
2 9 2
3 5 0
t 44 41
m0 4 8
1 0 2
2 9 3
3 4 0
t 43 41
m0 5 8
1 1 2
2 9 2
3 5 0
t 42 41
m0 5 8
1 0 2
2 9 3
3 5 1
t 41 41
m0 4 8
1 1 2
2 9 2
3 5 0
t 40 41
m0 4 8
1 0 2
2 9 3
3 4 0
t 39 41
m0 4 8
1 1 2
2 9 2
3 5 0
t 38 41
m0 5 8
1 0 2
2 9 3
3 5 1
t 37 41
m0 5 9
1 1 2
2 9 2
3 5 0
t 36 41
m0 6 9
1 0 2
2 9 3
3 5 1
t 35 41
m0 6 9
1 1 2
2 9 2
3 5 0
t 34 41
m0 6 9
1 0 2
2 9 3
3 5 1
t 33 41
m0 6 9
1 1 2
2 9 2
3 5 0
t 32 41
m0 6 8
1 0 2
2 9 3
3 5 1
t 31 41
m0 6 7
1 1 2
2 9 2
3 5 0
t 30 42
m0 6 6
1 0 2
2 9 3
3 5 1
t 29 43
m0 6 6
1 1 2
2 9 2
3 5 0
t 28 43
m0 6 7
1 0 2
2 9 3
3 5 1
t 27 43
m0 6 7
1 1 2
2 9 2
3 5 0
t 26 43
m0 6 8
1 0 2
2 9 3
3 5 1
t 25 43
m0 5 8
1 1 2
2 9 2
3 5 0
t 24 43
m0 6 8
1 0 2
2 9 3
3 5 1
t 23 43
m0 7 8
1 1 2
2 9 2
3 5 0
t 22 44
m0 7 8
1 0 2
2 9 3
3 5 1
t 21 44
m0 8 8
1 1 2
2 9 2
3 5 0
t 20 44
m0 9 8
1 0 2
2 9 3
3 5 1
t 19 44
m0 9 7
1 1 2
2 9 2
3 5 0
t 18 45
m0 9 8
1 0 2
2 9 3
3 5 1
t 17 45
m0 8 8
1 1 2
2 9 2
3 5 0
t 16 45
m0 8 9
1 0 2
2 9 3
3 5 1
t 15 45
m0 9 9
1 1 2
2 9 2
3 5 0
t 14 45
m0 8 9
1 0 2
2 9 3
3 5 1
t 13 45
m0 9 9
1 1 2
2 9 2
3 5 0
t 12 45
m0 9 9
1 0 2
2 9 3
3 5 1
t 11 45
m0 9 9
1 1 2
2 9 2
3 5 0
t 10 45
m0 8 9
1 0 2
2 9 3
3 5 1
t 9 45
m0 8 9
1 1 2
2 9 2
3 5 0
t 8 45
m0 9 9
1 0 2
2 9 3
3 5 1
t 7 45
m0 9 10
1 1 2
2 9 2
3 5 0
t 6 45
m0 9 11
1 0 2
2 9 3
3 5 1
t 5 45
m0 9 11
1 1 2
2 9 2
3 5 0
t 4 45
m0 9 10
1 0 2
2 9 3
3 5 1
t 3 45
m0 9 11
1 1 2
2 9 2
3 5 0
t 2 45
m0 9 12
1 0 2
2 9 3
3 5 1
t 1 45
m0 9 13
1 0 2
2 9 3
3 5 1
t 0 45
