10
15
w 5 9
w 6 9
w 7 3
w 7 12
w 5 6
w 6 2
w 0 10
w 5 1
w 7 11
w 3 7
w 3 14
w 5 8
w 3 3
w 7 6
w 1 1
w 7 14
w 5 4
w 9 14
w 8 2
w 6 11
w 1 4
w 3 9
w 4 11
w 3 5
w 0 1
w 6 8
w 1 12
w 6 1
w 3 1
w 7 4
w 0 6
w 1 8
w 8 8
w 4 3
w 9 5
w 0 2
w 9 12
p 4 7
p 1 3
p 9 1
p 4 8
p 6 6
p 2 8
p 3 0
p 7 7
p 5 13
p 2 1
p 8 9
p 1 6
p 2 12
p 0 3
p 1 2
p 8 14
p 9 0
p 5 5
p 2 9
p 8 1
p 1 14
p 0 11
p 5 0
p 2 2
p 1 10
p 8 6
p 3 6
p 4 10
p 3 2
p 2 6
p 0 0
p 5 11
p 3 13
p 4 5
p 8 11
p 7 1
p 1 13
p 4 14
p 7 5
p 1 9
p 8 7
p 6 12
p 4 2
p 2 14
p 0 8
p 7 9
p 2 7
p 9 13
p 7 13
p 0 13
p 9 9
p 5 14
p 6 13
p 1 7
p 5 2
p 8 4
m0 0 14
1 9 0
2 9 0
3 9 0
t 300 0
m0 0 13
1 8 0
2 8 0
3 8 0
t 299 1
m0 0 14
1 9 0
2 9 0
3 9 0
t 298 1
m0 0 13
1 8 0
2 8 0
3 8 0
t 297 1
m0 0 12
1 9 0
2 9 0
3 9 0
f 9 2
t 296 1
m0 0 11
1 8 0
2 8 0
3 8 0
t 295 2
m0 1 11
1 9 0
2 9 0
3 9 0
t 294 2
m0 0 11
1 8 0
2 8 0
3 8 0
t 293 2
m0 1 11
1 9 0
2 9 0
3 9 0
t 292 2
m0 1 11
1 8 0
2 8 0
3 8 0
t 291 2
m0 2 11
1 9 0
2 9 0
3 9 0
t 290 2
m0 2 11
1 8 0
2 8 0
3 8 0
t 289 2
m0 2 11
1 9 0
2 9 0
3 9 0
t 288 2
m0 3 11
1 8 0
2 8 0
3 8 0
t 287 2
m0 3 10
1 9 0
2 9 0
3 9 0
t 286 2
m0 3 11
1 8 0
2 8 0
3 8 0
t 285 2
m0 3 11
1 9 0
2 9 0
3 9 0
t 284 2
m0 3 10
1 8 0
2 8 0
3 8 0
t 283 2
m0 2 10
1 9 0
2 9 0
3 9 0
t 282 2
m0 2 9
1 8 0
2 8 0
3 8 0
t 281 3
m0 1 9
1 9 0
2 9 0
3 9 0
t 280 4
m0 2 9
1 8 0
2 8 0
3 8 0
t 279 4
m0 2 8
1 9 0
2 9 0
3 9 0
t 278 5
m0 2 7
1 8 0
2 8 0
3 8 0
t 277 6
m0 2 7
1 9 0
2 9 0
3 9 0
t 276 6
m0 2 8
1 8 0
2 8 0
3 8 0
t 275 6
m0 2 8
1 9 0
2 9 0
3 9 0
t 274 6
m0 2 7
1 8 0
2 8 0
3 8 0
t 273 6
m0 2 7
1 9 0
2 9 0
3 9 0
t 272 6
m0 2 6
1 8 0
2 8 0
3 8 0
t 271 7
m0 2 6
1 9 0
2 9 0
3 9 0
t 270 7
m0 3 6
1 8 0
2 8 0
3 8 0
t 269 8
m0 2 6
1 9 0
2 9 0
3 9 0
t 268 8
m0 3 6
1 8 0
2 8 0
3 8 0
t 267 8
m0 4 6
1 9 0
2 9 0
3 9 0
t 266 8
m0 4 7
1 8 0
2 8 0
3 8 0
t 265 9
m0 5 7
1 9 0
2 9 0
3 9 0
t 264 9
m0 4 7
1 8 0
2 8 0
3 8 0
t 263 9
m0 5 7
1 9 0
2 9 0
3 9 0
t 262 9
m0 4 7
1 8 0
2 8 0
3 8 0
t 261 9
m0 4 6
1 9 0
2 9 0
3 9 0
t 260 9
m0 4 6
1 8 0
2 8 0
3 8 0
t 259 9
m0 4 5
1 9 0
2 9 0
3 9 0
t 258 10
m0 4 6
1 8 0
2 8 0
3 8 0
t 257 10
m0 4 5
1 9 0
2 9 0
3 9 0
t 256 10
m0 4 5
1 8 0
2 8 0
3 8 0
t 255 10
m0 5 5
1 9 0
2 9 0
3 9 0
t 254 11
m0 4 5
1 8 0
2 8 0
3 8 0
t 253 11
m0 5 5
1 9 0
2 9 0
3 9 0
t 252 11
m0 5 5
1 8 0
2 8 0
3 8 0
t 251 11
m0 6 5
1 9 0
2 9 0
3 9 0
t 250 11
m0 6 4
1 8 0
2 8 0
3 8 0
t 249 11
m0 6 3
1 9 0
2 9 0
3 9 0
t 248 11
m0 5 3
1 8 0
2 8 0
3 8 0
t 247 11
m0 5 3
1 9 0
2 9 0
3 9 0
t 246 11
m0 5 2
1 8 0
2 8 0
3 8 0
t 245 12
m0 5 2
1 9 0
2 9 0
3 9 0
t 244 12
m0 5 2
1 8 0
2 8 0
3 8 0
t 243 12
m0 5 2
1 9 0
2 9 0
3 9 0
t 242 12
m0 5 2
1 8 0
2 8 0
3 8 0
t 241 12
m0 5 3
1 9 0
2 9 0
3 9 0
t 240 12
m0 5 3
1 8 0
2 8 0
3 8 0
t 239 12
m0 5 3
1 9 0
2 9 0
3 9 0
t 238 12
m0 6 3
1 8 0
2 8 0
3 8 0
t 237 12
m0 5 3
1 9 0
2 9 0
3 9 0
t 236 12
m0 6 3
1 8 0
2 8 0
3 8 0
t 235 12
m0 6 3
1 9 0
2 9 0
3 9 0
t 234 12
m0 6 3
1 8 0
2 8 0
3 8 0
t 233 12
m0 6 3
1 9 0
2 9 0
3 9 0
t 232 12
m0 6 4
1 8 0
2 8 0
3 8 0
t 231 12
m0 6 5
1 9 0
2 9 0
3 9 0
t 230 12
m0 6 6
1 8 0
2 8 0
3 8 0
t 229 13
m0 6 5
1 9 0
2 9 0
3 9 0
t 228 13
m0 7 5
1 8 0
2 8 0
3 8 0
t 227 14
m0 8 5
1 9 0
2 9 0
3 9 0
t 226 14
m0 8 4
1 8 0
2 8 0
3 8 0
t 225 15
m0 8 3
1 9 0
2 9 0
3 9 0
t 224 15
m0 8 3
1 8 0
2 8 0
3 8 0
t 223 15
m0 8 4
1 9 0
2 9 0
3 9 0
t 222 15
m0 8 3
1 8 0
2 8 0
3 8 0
t 221 15
m0 9 3
1 9 0
2 9 0
3 9 0
t 220 15
m0 9 3
1 8 0
2 8 0
3 8 0
t 219 15
m0 9 2
1 9 0
2 9 0
3 9 0
t 218 25
m0 9 3
1 8 0
2 8 0
3 8 0
t 217 25
m0 9 4
1 9 0
2 9 0
3 9 0
t 216 25
m0 9 4
1 8 0
2 8 0
3 8 0
t 215 25
m0 9 4
1 9 0
2 9 0
3 9 0
t 214 25
m0 9 3
1 8 0
2 8 0
3 8 0
t 213 25
m0 9 4
1 9 0
2 9 0
3 9 0
t 212 25
m0 8 4
1 8 0
2 8 0
3 8 0
t 211 25
m0 8 5
1 9 0
2 9 0
3 9 0
t 210 25
m0 8 5
1 8 0
2 8 0
3 8 0
t 209 25
m0 7 5
1 9 0
2 9 0
3 9 0
t 208 25
m0 7 5
1 8 0
2 8 0
3 8 0
t 207 25
m0 8 5
1 9 0
2 9 0
3 9 0
t 206 25
m0 7 5
1 8 0
2 8 0
3 8 0
t 205 25
m0 6 5
1 9 0
2 9 0
3 9 0
t 204 25
m0 6 5
1 8 0
2 8 0
3 8 0
t 203 25
m0 6 4
1 9 0
2 9 0
3 9 0
t 202 25
m0 6 4
1 8 0
2 8 0
3 8 0
t 201 25
m0 6 4
1 9 0
2 9 0
3 9 0
t 200 25
m0 6 5
1 8 0
2 8 0
3 8 0
t 199 25
m0 6 6
1 9 0
2 9 0
3 9 0
t 198 25
m0 6 7
1 8 0
2 8 0
3 8 0
t 197 25
m0 5 7
1 9 0
2 9 0
3 9 0
t 196 25
m0 6 7
1 8 0
2 8 0
3 8 0
t 195 25
m0 6 6
1 9 0
2 9 0
3 9 0
t 194 25
m0 6 7
1 8 0
2 8 0
3 8 0
t 193 25
m0 6 7
1 9 0
2 9 0
3 9 0
t 192 25
m0 6 7
1 8 0
2 8 0
3 8 0
t 191 25
m0 5 7
1 9 0
2 9 0
3 9 0
t 190 25
m0 4 7
1 8 0
2 8 0
3 8 0
t 189 25
m0 5 7
1 9 0
2 9 0
3 9 0
t 188 25
m0 5 7
1 8 0
2 8 0
3 8 0
t 187 25
m0 5 7
1 9 0
2 9 0
3 9 0
t 186 25
m0 6 7
1 8 0
2 8 0
3 8 0
t 185 25
m0 6 6
1 9 0
2 9 0
3 9 0
t 184 25
m0 6 6
1 8 0
2 8 0
3 8 0
t 183 25
m0 6 5
1 9 0
2 9 0
3 9 0
t 182 25
m0 6 5
1 8 0
2 8 0
3 8 0
t 181 25
m0 5 5
1 9 0
2 9 0
3 9 0
t 180 25
m0 5 5
1 8 0
2 8 0
3 8 0
t 179 25
m0 4 5
1 9 0
2 9 0
3 9 0
t 178 25
m0 4 5
1 8 0
2 8 0
3 8 0
t 177 25
m0 4 6
1 9 0
2 9 0
3 9 0
t 176 25
m0 4 7
1 8 0
2 8 0
3 8 0
t 175 25
m0 4 7
1 9 0
2 9 0
3 9 0
t 174 25
m0 4 6
1 8 0
2 8 0
3 8 0
t 173 25
m0 4 6
1 9 0
2 9 0
3 9 0
t 172 25
m0 3 6
1 8 0
2 8 0
3 8 0
t 171 25
m0 2 6
1 9 0
2 9 0
3 9 0
t 170 25
m0 3 6
1 8 0
2 8 0
3 8 0
f 2 3
t 169 25
m0 2 6
1 9 0
2 9 0
3 9 0
t 168 25
m0 2 6
1 8 0
2 8 0
3 8 0
t 167 25
m0 3 6
1 9 0
2 9 0
3 9 0
t 166 25
m0 4 6
1 8 0
2 8 0
3 8 0
t 165 25
m0 4 5
1 9 0
2 9 0
3 9 0
t 164 25
m0 4 4
1 8 0
2 8 0
3 8 0
t 163 25
m0 4 4
1 9 0
2 9 0
3 9 0
t 162 25
m0 4 4
1 8 0
2 8 0
3 8 0
t 161 25
m0 3 4
1 9 0
2 9 0
3 9 0
t 160 25
m0 3 4
1 8 0
2 8 0
3 8 0
t 159 25
m0 3 4
1 9 0
2 9 0
3 9 0
t 158 25
m0 2 4
1 8 0
2 8 0
3 8 0
t 157 25
m0 2 4
1 9 0
2 9 0
3 9 0
t 156 25
m0 2 4
1 8 0
2 8 0
3 8 0
t 155 25
m0 2 3
1 9 0
2 9 0
3 9 0
t 154 35
m0 2 2
1 8 0
2 8 0
3 8 0
t 153 36
m0 2 3
1 9 0
2 9 0
3 9 0
t 152 36
m0 1 3
1 8 0
2 8 0
3 8 0
t 151 37
m0 1 3
1 9 0
2 9 0
3 9 0
t 150 37
m0 0 3
1 8 0
2 8 0
3 8 0
t 149 38
m0 0 3
1 9 0
2 9 0
3 9 0
t 148 38
m0 0 4
1 8 0
2 8 0
3 8 0
t 147 38
m0 0 5
1 9 0
2 9 0
3 9 0
t 146 38
m0 0 5
1 8 0
2 8 0
3 8 0
t 145 38
m0 1 5
1 9 0
2 9 0
3 9 0
t 144 38
m0 1 5
1 8 0
2 8 0
3 8 0
t 143 38
m0 1 6
1 9 0
2 9 0
3 9 0
t 142 39
m0 1 7
1 8 0
2 8 0
3 8 0
t 141 40
m0 1 6
1 9 0
2 9 0
3 9 0
t 140 40
m0 2 6
1 8 0
2 8 0
3 8 0
t 139 40
m0 2 6
1 9 0
2 9 0
3 9 0
t 138 40
m0 3 6
1 8 0
2 8 0
3 8 0
t 137 40
m0 3 6
1 9 0
2 9 0
3 9 0
t 136 40
m0 2 6
1 8 0
2 8 0
3 8 0
t 135 40
m0 1 6
1 9 0
2 9 0
3 9 0
t 134 40
m0 2 6
1 8 0
2 8 0
3 8 0
t 133 40
m0 2 7
1 9 0
2 9 0
3 9 0
t 132 40
m0 2 6
1 8 0
2 8 0
3 8 0
t 131 40
m0 3 6
1 9 0
2 9 0
3 9 0
t 130 40
m0 2 6
1 8 0
2 8 0
3 8 0
t 129 40
m0 3 6
1 9 0
2 9 0
3 9 0
t 128 40
m0 3 6
1 8 0
2 8 0
3 8 0
t 127 40
m0 4 6
1 9 0
2 9 0
3 9 0
t 126 40
m0 4 5
1 8 0
2 8 0
3 8 0
t 125 40
m0 4 4
1 9 0
2 9 0
3 9 0
t 124 40
m0 4 4
1 8 0
2 8 0
3 8 0
t 123 40
m0 4 4
1 9 0
2 9 0
3 9 0
t 122 40
m0 3 4
1 8 0
2 8 0
3 8 0
t 121 40
m0 4 4
1 9 0
2 9 0
3 9 0
t 120 40
m0 4 5
1 8 0
2 8 0
3 8 0
t 119 40
m0 4 4
1 9 0
2 9 0
3 9 0
t 118 40
m0 4 4
1 8 0
2 8 0
3 8 0
t 117 40
m0 4 5
1 9 0
2 9 0
3 9 0
t 116 40
m0 4 4
1 8 0
2 8 0
3 8 0
t 115 40
m0 3 4
1 9 0
2 9 0
3 9 0
t 114 40
m0 2 4
1 8 0
2 8 0
3 8 0
t 113 40
m0 2 5
1 9 0
2 9 0
3 9 0
t 112 40
m0 1 5
1 8 0
2 8 0
3 8 0
t 111 40
m0 2 5
1 9 0
2 9 0
3 9 0
t 110 40
m0 1 5
1 8 0
2 8 0
3 8 0
t 109 40
m0 1 5
1 9 0
2 9 0
3 9 0
t 108 40
m0 0 5
1 8 0
2 8 0
3 8 0
t 107 40
m0 0 4
1 9 0
2 9 0
3 9 0
t 106 40
m0 0 4
1 8 0
2 8 0
3 8 0
t 105 40
m0 0 5
1 9 0
2 9 0
3 9 0
t 104 40
m0 0 5
1 8 0
2 8 0
3 8 0
t 103 40
m0 1 5
1 9 0
2 9 0
3 9 0
t 102 40
m0 1 5
1 8 0
2 8 0
3 8 0
t 101 40
m0 1 5
1 9 0
2 9 0
3 9 0
t 100 40
m0 0 5
1 8 0
2 8 0
3 8 0
t 99 40
m0 0 5
1 9 0
2 9 0
3 9 0
t 98 40
m0 0 4
1 8 0
2 8 0
3 8 0
t 97 40
m0 0 5
1 9 0
2 9 0
3 9 0
t 96 40
m0 1 5
1 8 0
2 8 0
3 8 0
t 95 40
m0 1 6
1 9 0
2 9 0
3 9 0
t 94 40
m0 1 6
1 8 0
2 8 0
3 8 0
t 93 40
m0 1 6
1 9 0
2 9 0
3 9 0
t 92 40
m0 1 7
1 8 0
2 8 0
3 8 0
t 91 40
m0 1 6
1 9 0
2 9 0
3 9 0
t 90 40
m0 1 7
1 8 0
2 8 0
3 8 0
t 89 40
m0 1 7
1 9 0
2 9 0
3 9 0
t 88 40
m0 2 7
1 8 0
2 8 0
3 8 0
t 87 40
m0 2 7
1 9 0
2 9 0
3 9 0
t 86 40
m0 1 7
1 8 0
2 8 0
3 8 0
t 85 40
m0 1 7
1 9 0
2 9 0
3 9 0
t 84 40
m0 1 6
1 8 0
2 8 0
3 8 0
t 83 40
m0 1 6
1 9 0
2 9 0
3 9 0
t 82 40
m0 1 7
1 8 0
2 8 0
3 8 0
t 81 40
m0 0 7
1 9 0
2 9 0
3 9 0
t 80 40
m0 0 8
1 8 0
2 8 0
3 8 0
t 79 41
m0 0 7
1 9 0
2 9 0
3 9 0
t 78 41
m0 0 7
1 8 0
2 8 0
3 8 0
t 77 41
m0 0 7
1 9 0
2 9 0
3 9 0
t 76 41
m0 0 7
1 8 0
2 8 0
3 8 0
t 75 41
m0 0 7
1 9 0
2 9 0
3 9 0
t 74 41
m0 0 8
1 8 0
2 8 0
3 8 0
t 73 41
m0 0 8
1 9 0
2 9 0
3 9 0
t 72 41
m0 0 7
1 8 0
2 8 0
3 8 0
t 71 41
m0 0 8
1 9 0
2 9 0
3 9 0
t 70 41
m0 0 7
1 8 0
2 8 0
3 8 0
t 69 41
m0 0 7
1 9 0
2 9 0
3 9 0
t 68 41
m0 0 7
1 8 0
2 8 0
3 8 0
t 67 41
m0 0 7
1 9 0
2 9 0
3 9 0
t 66 41
m0 0 8
1 8 0
2 8 0
3 8 0
t 65 41
m0 0 9
1 9 0
2 9 0
3 9 0
t 64 41
m0 0 9
1 8 0
2 8 0
3 8 0
t 63 41
m0 0 8
1 9 0
2 9 0
3 9 0
t 62 41
m0 0 8
1 8 0
2 8 0
3 8 0
t 61 41
m0 0 9
1 9 0
2 9 0
3 9 0
t 60 41
m0 0 8
1 8 0
2 8 0
3 8 0
t 59 41
m0 0 7
1 9 0
2 9 0
3 9 0
t 58 41
m0 0 7
1 8 0
2 8 0
3 8 0
t 57 41
m0 0 7
1 9 0
2 9 0
3 9 0
t 56 41
m0 0 7
1 8 0
2 8 0
3 8 0
t 55 41
m0 0 7
1 9 0
2 9 0
3 9 0
t 54 41
m0 0 8
1 8 0
2 8 0
3 8 0
t 53 41
m0 0 8
1 9 0
2 9 0
3 9 0
t 52 41
m0 0 8
1 8 0
2 8 0
3 8 0
t 51 41
m0 0 9
1 9 0
2 9 0
3 9 0
t 50 41
m0 0 8
1 8 0
2 8 0
3 8 0
t 49 41
m0 0 7
1 9 0
2 9 0
3 9 0
t 48 41
m0 0 7
1 8 0
2 8 0
3 8 0
t 47 41
m0 1 7
1 9 0
2 9 0
3 9 0
t 46 41
m0 0 7
1 8 0
2 8 0
3 8 0
t 45 41
m0 0 8
1 9 0
2 9 0
3 9 0
t 44 41
m0 0 9
1 8 0
2 8 0
3 8 0
t 43 41
m0 0 9
1 9 0
2 9 0
3 9 0
t 42 41
m0 0 9
1 8 0
2 8 0
3 8 0
t 41 41
m0 1 9
1 9 0
2 9 0
3 9 0
t 40 41
m0 2 9
1 8 0
2 8 0
3 8 0
t 39 41
m0 1 9
1 9 0
2 9 0
3 9 0
t 38 41
m0 1 10
1 8 0
2 8 0
3 8 0
t 37 42
m0 1 11
1 9 0
2 9 0
3 9 0
t 36 42
m0 2 11
1 8 0
2 8 0
3 8 0
t 35 42
m0 1 11
1 9 0
2 9 0
3 9 0
t 34 42
m0 1 11
1 8 0
2 8 0
3 8 0
t 33 42
m0 0 11
1 9 0
2 9 0
3 9 0
t 32 42
m0 1 11
1 8 0
2 8 0
3 8 0
t 31 42
m0 2 11
1 9 0
2 9 0
3 9 0
t 30 42
m0 2 10
1 8 0
2 8 0
3 8 0
t 29 42
m0 2 9
1 9 0
2 9 0
3 9 0
f 6 10
t 28 42
m0 2 8
1 8 0
2 8 0
3 8 0
t 27 42
m0 3 8
1 9 0
2 9 0
3 9 0
t 26 42
m0 4 8
1 8 0
2 8 0
3 8 0
t 25 43
m0 3 8
1 9 0
2 9 0
3 9 0
t 24 43
m0 4 8
1 8 0
2 8 0
3 8 0
t 23 43
m0 4 7
1 9 0
2 9 0
3 9 0
t 22 43
m0 4 7
1 8 0
2 8 0
3 8 0
t 21 43
m0 4 6
1 9 0
2 9 0
3 9 0
t 20 43
m0 4 6
1 8 0
2 8 0
3 8 0
t 19 43
m0 4 5
1 9 0
2 9 0
3 9 0
t 18 43
m0 4 5
1 8 0
2 8 0
3 8 0
t 17 43
m0 5 5
1 9 0
2 9 0
3 9 0
t 16 43
m0 4 5
1 8 0
2 8 0
3 8 0
t 15 43
m0 4 4
1 9 0
2 9 0
3 9 0
t 14 43
m0 4 5
1 8 0
2 8 0
3 8 0
t 13 43
m0 5 5
1 9 0
2 9 0
3 9 0
t 12 43
m0 6 5
1 8 0
2 8 0
3 8 0
t 11 43
m0 7 5
1 9 0
2 9 0
3 9 0
t 10 43
m0 8 5
1 8 0
2 8 0
3 8 0
t 9 43
m0 8 4
1 9 0
2 9 0
3 9 0
t 8 43
m0 9 4
1 8 0
2 8 0
3 8 0
t 7 43
m0 9 4
1 9 0
2 9 0
3 9 0
t 6 43
m0 9 4
1 8 0
2 8 0
3 8 0
t 5 43
m0 9 4
1 9 0
2 9 0
3 9 0
t 4 43
m0 9 3
1 8 0
2 8 0
3 8 0
t 3 43
m0 9 3
1 9 0
2 9 0
3 9 0
t 2 43
m0 9 2
1 8 0
2 8 0
3 8 0
t 1 43
m0 9 1
1 8 0
2 8 0
3 8 0
t 0 44
