10
15
w 4 7
w 1 3
w 8 13
w 7 12
w 5 6
w 2 8
w 3 11
w 0 10
w 4 0
w 1 2
w 7 6
w 6 10
w 4 13
w 0 0
w 2 6
w 7 1
w 9 3
w 3 9
w 0 5
w 8 7
w 6 12
w 0 8
w 2 14
w 5 3
w 0 1
w 7 9
w 8 3
w 5 10
w 4 6
w 1 12
w 8 12
w 7 0
w 3 1
w 2 11
w 7 4
w 6 13
w 5 2
p 5 9
p 6 9
p 7 3
p 4 8
p 6 6
p 3 0
p 5 13
p 2 1
p 0 7
p 7 7
p 4 12
p 2 12
p 9 4
p 5 1
p 2 5
p 1 11
p 8 5
p 2 4
p 7 2
p 9 0
p 5 5
p 3 10
p 1 14
p 6 3
p 1 5
p 0 11
p 3 6
p 5 0
p 7 10
p 4 1
p 1 1
p 4 10
p 3 2
p 6 4
p 8 2
p 3 13
p 1 13
p 7 5
p 4 2
p 1 0
p 4 11
p 6 5
p 2 7
p 9 13
p 3 5
p 3 12
p 6 8
p 9 2
p 6 1
p 9 9
p 3 8
p 2 0
p 1 8
p 3 4
p 0 2
p 9 12
m0 0 14
1 9 0
2 9 0
3 9 0
t 300 0
m0 1 14
1 8 0
2 9 1
3 8 0
t 299 1
m0 1 13
1 9 0
2 9 2
3 8 1
f 7 11
t 298 2
m0 2 13
1 8 0
2 9 1
3 8 2
t 297 2
m0 3 13
1 9 0
2 8 1
3 9 2
t 296 3
m0 3 12
1 8 0
2 9 1
3 8 2
t 295 4
m0 4 12
1 9 0
2 8 1
3 9 2
t 294 5
m0 5 12
1 8 0
2 9 1
3 8 2
t 293 5
m0 5 11
1 9 0
2 8 1
3 9 2
t 292 5
m0 6 11
1 8 0
2 9 1
3 8 2
t 291 5
m0 7 11
1 9 0
2 8 1
3 9 2
t 290 15
m0 8 11
1 8 0
2 9 1
3 8 2
t 289 15
m0 9 11
1 9 0
2 8 1
3 9 2
t 288 15
m0 9 10
1 8 0
2 9 1
3 8 2
t 287 15
m0 9 9
1 9 0
2 8 1
3 9 2
f 3 7
t 286 16
m0 9 8
1 8 0
2 9 1
3 8 2
t 285 16
m0 9 7
1 9 0
2 8 1
3 9 2
t 284 16
m0 9 6
1 8 0
2 9 1
3 8 2
t 283 16
m0 9 5
1 9 0
2 8 1
3 9 2
t 282 16
m0 9 4
1 8 0
2 9 1
3 8 2
t 281 17
m0 8 4
1 9 0
2 8 1
3 9 2
t 280 17
m0 9 4
1 8 0
2 9 1
3 8 2
t 279 17
m0 8 4
1 9 0
2 8 1
3 9 2
t 278 17
m0 9 4
1 8 0
2 9 1
3 8 2
t 277 17
m0 8 4
1 9 0
2 8 1
3 9 2
t 276 17
m0 9 4
1 8 0
2 9 1
3 8 2
t 275 17
m0 8 4
1 9 0
2 8 1
3 9 2
t 274 17
m0 9 4
1 8 0
2 9 1
3 8 2
t 273 17
m0 8 4
1 9 0
2 8 1
3 9 2
t 272 17
m0 9 4
1 8 0
2 9 1
3 8 2
t 271 17
m0 8 4
1 9 0
2 8 1
3 9 2
t 270 17
m0 9 4
1 8 0
2 9 1
3 8 2
t 269 17
m0 8 4
1 9 0
2 8 1
3 9 2
t 268 17
m0 9 4
1 8 0
2 9 1
3 8 2
t 267 17
m0 8 4
1 9 0
2 8 1
3 9 2
t 266 17
m0 9 4
1 8 0
2 9 1
3 8 2
t 265 17
m0 8 4
1 9 0
2 8 1
3 9 2
t 264 17
m0 9 4
1 8 0
2 9 1
3 8 2
t 263 17
m0 8 4
1 9 0
2 8 1
3 9 2
t 262 17
m0 9 4
1 8 0
2 9 1
3 8 2
t 261 17
m0 8 4
1 9 0
2 8 1
3 9 2
t 260 17
m0 9 4
1 8 0
2 9 1
3 8 2
t 259 17
m0 8 4
1 9 0
2 8 1
3 9 2
t 258 17
m0 9 4
1 8 0
2 9 1
3 8 2
t 257 17
m0 8 4
1 9 0
2 8 1
3 9 2
t 256 17
m0 9 4
1 8 0
2 9 1
3 8 2
t 255 17
m0 8 4
1 9 0
2 8 1
3 9 2
t 254 17
m0 9 4
1 8 0
2 9 1
3 8 2
t 253 17
m0 8 4
1 9 0
2 8 1
3 9 2
t 252 17
m0 9 4
1 8 0
2 9 1
3 8 2
t 251 17
m0 8 4
1 9 0
2 8 1
3 9 2
t 250 17
m0 9 4
1 8 0
2 9 1
3 8 2
t 249 17
m0 8 4
1 9 0
2 8 1
3 9 2
t 248 17
m0 9 4
1 8 0
2 9 1
3 8 2
t 247 17
m0 8 4
1 9 0
2 8 1
3 9 2
t 246 17
m0 9 4
1 8 0
2 9 1
3 8 2
t 245 17
m0 8 4
1 9 0
2 8 1
3 9 2
t 244 17
m0 9 4
1 8 0
2 9 1
3 8 2
t 243 17
m0 8 4
1 9 0
2 8 1
3 9 2
t 242 17
m0 9 4
1 8 0
2 9 1
3 8 2
t 241 17
m0 8 4
1 9 0
2 8 1
3 9 2
t 240 17
m0 9 4
1 8 0
2 9 1
3 8 2
t 239 17
m0 8 4
1 9 0
2 8 1
3 9 2
t 238 17
m0 9 4
1 8 0
2 9 1
3 8 2
t 237 17
m0 8 4
1 9 0
2 8 1
3 9 2
t 236 17
m0 9 4
1 8 0
2 9 1
3 8 2
t 235 17
m0 8 4
1 9 0
2 8 1
3 9 2
t 234 17
m0 9 4
1 8 0
2 9 1
3 8 2
t 233 17
m0 8 4
1 9 0
2 8 1
3 9 2
t 232 17
m0 9 4
1 8 0
2 9 1
3 8 2
t 231 17
m0 8 4
1 9 0
2 8 1
3 9 2
t 230 17
m0 9 4
1 8 0
2 9 1
3 8 2
t 229 17
m0 8 4
1 9 0
2 8 1
3 9 2
t 228 17
m0 9 4
1 8 0
2 9 1
3 8 2
t 227 17
m0 8 4
1 9 0
2 8 1
3 9 2
t 226 17
m0 9 4
1 8 0
2 9 1
3 8 2
t 225 17
m0 8 4
1 9 0
2 8 1
3 9 2
t 224 17
m0 9 4
1 8 0
2 9 1
3 8 2
t 223 17
m0 8 4
1 9 0
2 8 1
3 9 2
t 222 17
m0 9 4
1 8 0
2 9 1
3 8 2
t 221 17
m0 8 4
1 9 0
2 8 1
3 9 2
t 220 17
m0 9 4
1 8 0
2 9 1
3 8 2
t 219 17
m0 8 4
1 9 0
2 8 1
3 9 2
t 218 17
m0 9 4
1 8 0
2 9 1
3 8 2
t 217 17
m0 8 4
1 9 0
2 8 1
3 9 2
t 216 17
m0 9 4
1 8 0
2 9 1
3 8 2
t 215 17
m0 8 4
1 9 0
2 8 1
3 9 2
t 214 17
m0 9 4
1 8 0
2 9 1
3 8 2
t 213 17
m0 8 4
1 9 0
2 8 1
3 9 2
t 212 17
m0 9 4
1 8 0
2 9 1
3 8 2
t 211 17
m0 8 4
1 9 0
2 8 1
3 9 2
t 210 17
m0 9 4
1 8 0
2 9 1
3 8 2
t 209 17
m0 8 4
1 9 0
2 8 1
3 9 2
t 208 17
m0 9 4
1 8 0
2 9 1
3 8 2
t 207 17
m0 8 4
1 9 0
2 8 1
3 9 2
t 206 17
m0 9 4
1 8 0
2 9 1
3 8 2
t 205 17
m0 8 4
1 9 0
2 8 1
3 9 2
t 204 17
m0 9 4
1 8 0
2 9 1
3 8 2
t 203 17
m0 8 4
1 9 0
2 8 1
3 9 2
t 202 17
m0 9 4
1 8 0
2 9 1
3 8 2
t 201 17
m0 8 4
1 9 0
2 8 1
3 9 2
t 200 17
m0 9 4
1 8 0
2 9 1
3 8 2
t 199 17
m0 8 4
1 9 0
2 8 1
3 9 2
t 198 17
m0 9 4
1 8 0
2 9 1
3 8 2
t 197 17
m0 8 4
1 9 0
2 8 1
3 9 2
t 196 17
m0 9 4
1 8 0
2 9 1
3 8 2
t 195 17
m0 8 4
1 9 0
2 8 1
3 9 2
t 194 17
m0 9 4
1 8 0
2 9 1
3 8 2
t 193 17
m0 8 4
1 9 0
2 8 1
3 9 2
t 192 17
m0 9 4
1 8 0
2 9 1
3 8 2
t 191 17
m0 8 4
1 9 0
2 8 1
3 9 2
t 190 17
m0 9 4
1 8 0
2 9 1
3 8 2
t 189 17
m0 8 4
1 9 0
2 8 1
3 9 2
t 188 17
m0 9 4
1 8 0
2 9 1
3 8 2
t 187 17
m0 8 4
1 9 0
2 8 1
3 9 2
t 186 17
m0 9 4
1 8 0
2 9 1
3 8 2
t 185 17
m0 8 4
1 9 0
2 8 1
3 9 2
t 184 17
m0 9 4
1 8 0
2 9 1
3 8 2
t 183 17
m0 8 4
1 9 0
2 8 1
3 9 2
t 182 17
m0 9 4
1 8 0
2 9 1
3 8 2
t 181 17
m0 8 4
1 9 0
2 8 1
3 9 2
t 180 17
m0 9 4
1 8 0
2 9 1
3 8 2
t 179 17
m0 8 4
1 9 0
2 8 1
3 9 2
t 178 17
m0 9 4
1 8 0
2 9 1
3 8 2
t 177 17
m0 8 4
1 9 0
2 8 1
3 9 2
t 176 17
m0 9 4
1 8 0
2 9 1
3 8 2
t 175 17
m0 8 4
1 9 0
2 8 1
3 9 2
t 174 17
m0 9 4
1 8 0
2 9 1
3 8 2
t 173 17
m0 8 4
1 9 0
2 8 1
3 9 2
t 172 17
m0 9 4
1 8 0
2 9 1
3 8 2
t 171 17
m0 8 4
1 9 0
2 8 1
3 9 2
t 170 17
m0 9 4
1 8 0
2 9 1
3 8 2
t 169 17
m0 8 4
1 9 0
2 8 1
3 9 2
t 168 17
m0 9 4
1 8 0
2 9 1
3 8 2
t 167 17
m0 8 4
1 9 0
2 8 1
3 9 2
t 166 17
m0 9 4
1 8 0
2 9 1
3 8 2
t 165 17
m0 8 4
1 9 0
2 8 1
3 9 2
t 164 17
m0 9 4
1 8 0
2 9 1
3 8 2
t 163 17
m0 8 4
1 9 0
2 8 1
3 9 2
t 162 17
m0 9 4
1 8 0
2 9 1
3 8 2
t 161 17
m0 8 4
1 9 0
2 8 1
3 9 2
t 160 17
m0 9 4
1 8 0
2 9 1
3 8 2
t 159 17
m0 8 4
1 9 0
2 8 1
3 9 2
t 158 17
m0 9 4
1 8 0
2 9 1
3 8 2
t 157 17
m0 8 4
1 9 0
2 8 1
3 9 2
t 156 17
m0 9 4
1 8 0
2 9 1
3 8 2
t 155 17
m0 8 4
1 9 0
2 8 1
3 9 2
t 154 17
m0 9 4
1 8 0
2 9 1
3 8 2
t 153 17
m0 8 4
1 9 0
2 8 1
3 9 2
t 152 17
m0 9 4
1 8 0
2 9 1
3 8 2
t 151 17
m0 8 4
1 9 0
2 8 1
3 9 2
t 150 17
m0 9 4
1 8 0
2 9 1
3 8 2
t 149 17
m0 8 4
1 9 0
2 8 1
3 9 2
t 148 17
m0 9 4
1 8 0
2 9 1
3 8 2
t 147 17
m0 8 4
1 9 0
2 8 1
3 9 2
t 146 17
m0 9 4
1 8 0
2 9 1
3 8 2
t 145 17
m0 8 4
1 9 0
2 8 1
3 9 2
t 144 17
m0 9 4
1 8 0
2 9 1
3 8 2
t 143 17
m0 8 4
1 9 0
2 8 1
3 9 2
t 142 17
m0 9 4
1 8 0
2 9 1
3 8 2
t 141 17
m0 8 4
1 9 0
2 8 1
3 9 2
t 140 17
m0 9 4
1 8 0
2 9 1
3 8 2
t 139 17
m0 8 4
1 9 0
2 8 1
3 9 2
t 138 17
m0 9 4
1 8 0
2 9 1
3 8 2
t 137 17
m0 8 4
1 9 0
2 8 1
3 9 2
t 136 17
m0 9 4
1 8 0
2 9 1
3 8 2
t 135 17
m0 8 4
1 9 0
2 8 1
3 9 2
t 134 17
m0 9 4
1 8 0
2 9 1
3 8 2
t 133 17
m0 8 4
1 9 0
2 8 1
3 9 2
t 132 17
m0 9 4
1 8 0
2 9 1
3 8 2
t 131 17
m0 8 4
1 9 0
2 8 1
3 9 2
t 130 17
m0 9 4
1 8 0
2 9 1
3 8 2
t 129 17
m0 8 4
1 9 0
2 8 1
3 9 2
t 128 17
m0 9 4
1 8 0
2 9 1
3 8 2
t 127 17
m0 8 4
1 9 0
2 8 1
3 9 2
t 126 17
m0 9 4
1 8 0
2 9 1
3 8 2
t 125 17
m0 8 4
1 9 0
2 8 1
3 9 2
t 124 17
m0 9 4
1 8 0
2 9 1
3 8 2
t 123 17
m0 8 4
1 9 0
2 8 1
3 9 2
t 122 17
m0 9 4
1 8 0
2 9 1
3 8 2
t 121 17
m0 8 4
1 9 0
2 8 1
3 9 2
t 120 17
m0 9 4
1 8 0
2 9 1
3 8 2
t 119 17
m0 8 4
1 9 0
2 8 1
3 9 2
t 118 17
m0 9 4
1 8 0
2 9 1
3 8 2
t 117 17
m0 8 4
1 9 0
2 8 1
3 9 2
t 116 17
m0 9 4
1 8 0
2 9 1
3 8 2
t 115 17
m0 8 4
1 9 0
2 8 1
3 9 2
t 114 17
m0 9 4
1 8 0
2 9 1
3 8 2
t 113 17
m0 8 4
1 9 0
2 8 1
3 9 2
t 112 17
m0 9 4
1 8 0
2 9 1
3 8 2
t 111 17
m0 8 4
1 9 0
2 8 1
3 9 2
t 110 17
m0 9 4
1 8 0
2 9 1
3 8 2
t 109 17
m0 8 4
1 9 0
2 8 1
3 9 2
t 108 17
m0 9 4
1 8 0
2 9 1
3 8 2
t 107 17
m0 8 4
1 9 0
2 8 1
3 9 2
t 106 17
m0 9 4
1 8 0
2 9 1
3 8 2
t 105 17
m0 8 4
1 9 0
2 8 1
3 9 2
t 104 17
m0 9 4
1 8 0
2 9 1
3 8 2
t 103 17
m0 8 4
1 9 0
2 8 1
3 9 2
t 102 17
m0 9 4
1 8 0
2 9 1
3 8 2
t 101 17
m0 8 4
1 9 0
2 8 1
3 9 2
t 100 17
m0 9 4
1 8 0
2 9 1
3 8 2
t 99 17
m0 8 4
1 9 0
2 8 1
3 9 2
t 98 17
m0 9 4
1 8 0
2 9 1
3 8 2
t 97 17
m0 8 4
1 9 0
2 8 1
3 9 2
t 96 17
m0 9 4
1 8 0
2 9 1
3 8 2
t 95 17
m0 8 4
1 9 0
2 8 1
3 9 2
t 94 17
m0 9 4
1 8 0
2 9 1
3 8 2
t 93 17
m0 8 4
1 9 0
2 8 1
3 9 2
t 92 17
m0 9 4
1 8 0
2 9 1
3 8 2
t 91 17
m0 8 4
1 9 0
2 8 1
3 9 2
t 90 17
m0 9 4
1 8 0
2 9 1
3 8 2
t 89 17
m0 8 4
1 9 0
2 8 1
3 9 2
t 88 17
m0 9 4
1 8 0
2 9 1
3 8 2
t 87 17
m0 8 4
1 9 0
2 8 1
3 9 2
t 86 17
m0 9 4
1 8 0
2 9 1
3 8 2
t 85 17
m0 8 4
1 9 0
2 8 1
3 9 2
t 84 17
m0 9 4
1 8 0
2 9 1
3 8 2
t 83 17
m0 8 4
1 9 0
2 8 1
3 9 2
t 82 17
m0 9 4
1 8 0
2 9 1
3 8 2
t 81 17
m0 8 4
1 9 0
2 8 1
3 9 2
t 80 17
m0 9 4
1 8 0
2 9 1
3 8 2
t 79 17
m0 8 4
1 9 0
2 8 1
3 9 2
t 78 17
m0 9 4
1 8 0
2 9 1
3 8 2
t 77 17
m0 8 4
1 9 0
2 8 1
3 9 2
t 76 17
m0 9 4
1 8 0
2 9 1
3 8 2
t 75 17
m0 8 4
1 9 0
2 8 1
3 9 2
t 74 17
m0 9 4
1 8 0
2 9 1
3 8 2
t 73 17
m0 8 4
1 9 0
2 8 1
3 9 2
t 72 17
m0 9 4
1 8 0
2 9 1
3 8 2
t 71 17
m0 8 4
1 9 0
2 8 1
3 9 2
t 70 17
m0 9 4
1 8 0
2 9 1
3 8 2
t 69 17
m0 8 4
1 9 0
2 8 1
3 9 2
t 68 17
m0 9 4
1 8 0
2 9 1
3 8 2
t 67 17
m0 8 4
1 9 0
2 8 1
3 9 2
t 66 17
m0 9 4
1 8 0
2 9 1
3 8 2
t 65 17
m0 8 4
1 9 0
2 8 1
3 9 2
t 64 17
m0 9 4
1 8 0
2 9 1
3 8 2
t 63 17
m0 8 4
1 9 0
2 8 1
3 9 2
t 62 17
m0 9 4
1 8 0
2 9 1
3 8 2
t 61 17
m0 8 4
1 9 0
2 8 1
3 9 2
t 60 17
m0 9 4
1 8 0
2 9 1
3 8 2
t 59 17
m0 8 4
1 9 0
2 8 1
3 9 2
t 58 17
m0 9 4
1 8 0
2 9 1
3 8 2
t 57 17
m0 8 4
1 9 0
2 8 1
3 9 2
t 56 17
m0 9 4
1 8 0
2 9 1
3 8 2
t 55 17
m0 8 4
1 9 0
2 8 1
3 9 2
t 54 17
m0 9 4
1 8 0
2 9 1
3 8 2
t 53 17
m0 8 4
1 9 0
2 8 1
3 9 2
t 52 17
m0 9 4
1 8 0
2 9 1
3 8 2
t 51 17
m0 8 4
1 9 0
2 8 1
3 9 2
t 50 17
m0 9 4
1 8 0
2 9 1
3 8 2
t 49 17
m0 8 4
1 9 0
2 8 1
3 9 2
t 48 17
m0 9 4
1 8 0
2 9 1
3 8 2
t 47 17
m0 8 4
1 9 0
2 8 1
3 9 2
t 46 17
m0 9 4
1 8 0
2 9 1
3 8 2
t 45 17
m0 8 4
1 9 0
2 8 1
3 9 2
t 44 17
m0 9 4
1 8 0
2 9 1
3 8 2
t 43 17
m0 8 4
1 9 0
2 8 1
3 9 2
t 42 17
m0 9 4
1 8 0
2 9 1
3 8 2
t 41 17
m0 8 4
1 9 0
2 8 1
3 9 2
t 40 17
m0 9 4
1 8 0
2 9 1
3 8 2
t 39 17
m0 8 4
1 9 0
2 8 1
3 9 2
t 38 17
m0 9 4
1 8 0
2 9 1
3 8 2
t 37 17
m0 8 4
1 9 0
2 8 1
3 9 2
t 36 17
m0 9 4
1 8 0
2 9 1
3 8 2
t 35 17
m0 8 4
1 9 0
2 8 1
3 9 2
t 34 17
m0 9 4
1 8 0
2 9 1
3 8 2
t 33 17
m0 8 4
1 9 0
2 8 1
3 9 2
t 32 17
m0 9 4
1 8 0
2 9 1
3 8 2
t 31 17
m0 8 4
1 9 0
2 8 1
3 9 2
t 30 17
m0 9 4
1 8 0
2 9 1
3 8 2
t 29 17
m0 8 4
1 9 0
2 8 1
3 9 2
t 28 17
m0 9 4
1 8 0
2 9 1
3 8 2
t 27 17
m0 8 4
1 9 0
2 8 1
3 9 2
t 26 17
m0 9 4
1 8 0
2 9 1
3 8 2
t 25 17
m0 8 4
1 9 0
2 8 1
3 9 2
t 24 17
m0 9 4
1 8 0
2 9 1
3 8 2
t 23 17
m0 8 4
1 9 0
2 8 1
3 9 2
t 22 17
m0 9 4
1 8 0
2 9 1
3 8 2
t 21 17
m0 8 4
1 9 0
2 8 1
3 9 2
t 20 17
m0 9 4
1 8 0
2 9 1
3 8 2
t 19 17
m0 8 4
1 9 0
2 8 1
3 9 2
t 18 17
m0 9 4
1 8 0
2 9 1
3 8 2
t 17 17
m0 8 4
1 9 0
2 8 1
3 9 2
t 16 17
m0 9 4
1 8 0
2 9 1
3 8 2
t 15 17
m0 8 4
1 9 0
2 8 1
3 9 2
t 14 17
m0 9 4
1 8 0
2 9 1
3 8 2
t 13 17
m0 8 4
1 9 0
2 8 1
3 9 2
t 12 17
m0 9 4
1 8 0
2 9 1
3 8 2
t 11 17
m0 8 4
1 9 0
2 8 1
3 9 2
t 10 17
m0 9 4
1 8 0
2 9 1
3 8 2
t 9 17
m0 8 4
1 9 0
2 8 1
3 9 2
t 8 17
m0 9 4
1 8 0
2 9 1
3 8 2
t 7 17
m0 8 4
1 9 0
2 8 1
3 9 2
t 6 17
m0 9 4
1 8 0
2 9 1
3 8 2
t 5 17
m0 8 4
1 9 0
2 8 1
3 9 2
t 4 17
m0 9 4
1 8 0
2 9 1
3 8 2
t 3 17
m0 8 4
1 9 0
2 8 1
3 9 2
t 2 17
m0 9 4
1 8 0
2 9 1
3 8 2
t 1 17
m0 8 4
1 8 0
2 9 1
3 8 2
t 0 17
