Use the setting in the following lines to re-create this experiment

{'result_folder_name': 'bonus_1', 'plot_file_name': 'bonus_1_plot', 'log_file_name': 'bonus_1_log', 'n_run': 30, 'n_eval': 2000, 'n_pacman': 1, 'n_ghost': 3, 'size_tuple': (10, 15), 'wall_density': 0.25, 'replay_file_name': '0_replay', 'time_multiplier': 2, 'pills_density': 0.5, 'fruit_spawn_probability': 0.05, 'pill_value': 1, 'fruit_score': 10, 'grow_terminal_prob': 0.5, 'over_selection_x': 0.2, 'pacman_max_tree_height': 2, 'pacman_parent_selection': 'os', 'pacman_stable_population': 5, 'pacman_offspring_population': 50, 'n_pacman_parent': 4, 'pacman_survival_selection': 'trunc', 'pacman_survival_k': 15, 'pacman_parsimony_pressure': 2, 'pacman_share_controller': True, 'ghost_max_tree_height': 2, 'ghost_parent_selection': 'os', 'ghost_stable_population': 5, 'ghost_offspring_population': 50, 'n_ghost_parent': 2, 'ghost_survival_selection': 'trunc', 'ghost_survival_k': 15, 'ghost_parsimony_pressure': 2, 'ghost_share_controller': False, 'convergence_n_eval': None, 'seed': '2018-12-03 13:36:34.728622'}

Result Log

Run 0
5	3.6734693877551017	14
55	2.0930612244897957	12
105	0.21061224489795918	19
155	0.24163265306122447	9
205	0.04081632653061225	11
255	0.19755102040816325	10
305	0.3477551020408163	26
355	0.21551020408163266	24
405	0.1959183673469388	13
455	0.2661224489795918	10
505	0.0653061224489796	8
555	0.2514285714285714	22
605	0.2595918367346939	18
655	0.11591836734693876	7
705	0.310204081632653	14
755	0.09142857142857143	13
805	0.07999999999999999	10
855	0.15836734693877552	15
905	0.2155102040816326	25
955	0.19102040816326532	27
1005	0.2661224489795918	7
1055	0.29714285714285715	20
1105	0.36408163265306115	21
1155	0.2497959183673469	27
1205	0.10122448979591836	11
1255	0.3951020408163265	121
1305	0.016326530612244896	10
1355	0.2563265306122448	24
1405	0.0	0
1455	0.5110204081632653	14
1505	0.156734693877551	10
1555	0.23020408163265302	9
1605	0.0	0
1655	0.10612244897959183	14
1705	0.11102040816326532	13
1755	0.11918367346938774	10
1805	0.18612244897959176	20
1855	0.09959183673469388	12
1905	0.1926530612244898	14
1955	0.1877551020408163	11
2005	0.14693877551020407	10

Run 1
5	1.110204081632653	17
55	0.7657142857142855	39
105	0.3689795918367346	20
155	0.14367346938775513	35
205	0.3330612244897959	27
255	0.7477551020408163	19
305	0.5910204081632653	21
355	0.1648979591836735	28
405	0.2612244897959184	52
455	0.10122448979591837	28
505	0.3265306122448979	39
555	0.4	16
605	0.27591836734693875	22
655	0.3183673469387755	20
705	0.21224489795918366	13
755	0.24163265306122444	22
805	0.3036734693877551	20
855	0.2171428571428571	17
905	0.5175510204081633	49
955	0.20081632653061224	17
1005	0.3640816326530612	19
1055	0.5485714285714285	12
1105	0.2481632653061224	16
1155	0.026122448979591834	19
1205	0.4408163265306122	28
1255	0.16816326530612244	22
1305	0.45877551020408164	22
1355	0.16653061224489796	32
1405	0.22530612244897955	31
1455	0.14530612244897959	24
1505	0.07673469387755101	19
1555	0.16163265306122448	21
1605	0.18612244897959182	12
1655	0.2661224489795918	20
1705	0.26775510204081626	20
1755	0.4424489795918366	40
1805	0.32163265306122446	21
1855	0.33959183673469384	13
1905	0.4228571428571427	35
1955	0.34612244897959177	13
2005	0.16653061224489793	28

Run 2
5	0.16326530612244897	19
55	0.33795918367346933	21
105	0.21387755102040815	29
155	0.9469387755102039	51
205	0.9322448979591836	50
255	0.7771428571428569	43
305	0.12408163265306121	31
355	0.34122448979591835	35
405	0.10122448979591837	28
455	0.30693877551020404	21
505	0.23183673469387753	21
555	0.18285714285714286	10
605	0.1910204081632653	28
655	0.2922448979591836	32
705	0.3493877551020408	27
755	0.08816326530612244	39
805	0.1551020408163265	24
855	0.06040816326530612	25
905	0.4	36
955	0.0	22
1005	0.4065306122448979	38
1055	1.023673469387755	60
1105	0.23999999999999996	26
1155	0.2236734693877551	25
1205	0.5240816326530611	40
1255	0.05387755102040815	38
1305	0.4228571428571428	52
1355	0.2612244897959184	42
1405	0.2155102040816326	32
1455	0.18122448979591835	30
1505	0.2922448979591837	31
1555	0.12408163265306121	20
1605	0.1910204081632653	29
1655	0.5061224489795918	51
1705	0.30857142857142855	14
1755	0.5469387755102041	62
1805	0.5322448979591836	31
1855	0.07020408163265306	48
1905	0.15020408163265306	30
1955	0.3999999999999999	34
2005	0.30530612244897953	26

Run 3
5	1.3224489795918366	9
55	0.9714285714285714	21
105	0.18938775510204078	32
155	0.2857142857142857	14
205	0.2808163265306122	29
255	0.43755102040816324	40
305	0.37551020408163266	44
355	0.313469387755102	26
405	0.313469387755102	14
455	0.13714285714285715	29
505	0.38693877551020406	26
555	0.33306122448979586	35
605	0.19918367346938773	23
655	0.4	25
705	0.6253061224489795	51
755	0.4506122448979592	39
805	0.13061224489795917	29
855	0.23999999999999996	35
905	0.25795918367346937	32
955	0.19918367346938773	41
1005	0.2922448979591837	33
1055	0.9191836734693877	54
1105	0.05061224489795918	22
1155	0.4669387755102041	18
1205	0.32816326530612244	19
1255	0.08489795918367346	30
1305	0.21387755102040817	26
1355	0.22693877551020403	31
1405	0.38367346938775504	19
1455	0.4359183673469388	26
1505	0.5159183673469387	65
1555	0.636734693877551	33
1605	0.37387755102040815	45
1655	0.4065306122448979	27
1705	0.27265306122448985	36
1755	0.2824489795918367	88
1805	0.21714285714285717	18
1855	0.37387755102040804	35
1905	0.11102040816326529	27
1955	0.5844897959183674	27
2005	0.2448979591836734	29

Run 4
5	0.0	15
55	0.20571428571428574	41
105	0.5518367346938775	54
155	0.23346938775510204	35
205	0.05061224489795918	46
255	0.2873469387755102	20
305	0.29387755102040813	45
355	0.26938775510204077	38
405	0.1093877551020408	41
455	0.23836734693877554	43
505	0.3918367346938775	53
555	0.16816326530612244	6
605	0.4065306122448979	8
655	0.1257142857142857	33
705	0.37387755102040815	57
755	0.32	10
805	0.4293877551020408	37
855	0.7820408163265304	43
905	0.3004081632653061	31
955	0.16816326530612244	15
1005	0.3853061224489796	41
1055	0.13714285714285712	46
1105	0.6253061224489795	65
1155	0.6040816326530611	39
1205	0.6775510204081633	58
1255	0.6628571428571428	46
1305	0.10448979591836734	57
1355	0.5812244897959183	57
1405	0.2955102040816326	41
1455	0.5893877551020408	48
1505	0.17959183673469387	8
1555	0.3624489795918367	48
1605	0.20897959183673467	8
1655	0.0783673469387755	58
1705	0.566530612244898	44
1755	0.43755102040816324	39
1805	0.3902040816326531	44
1855	0.21061224489795916	30
1905	0.1110204081632653	72
1955	0.44081632653061226	49
2005	0.2204081632653061	34

Run 5
5	1.9918367346938772	15
55	1.3518367346938778	20
105	0.0032653061224489793	2
155	0.053877551020408164	6
205	0.09306122448979591	5
255	0.15999999999999998	11
305	0.016326530612244896	1
355	0.26285714285714284	15
405	0.0979591836734694	7
455	0.0016326530612244896	2
505	0.310204081632653	10
555	0.004897959183673469	2
605	0.11755102040816326	7
655	0.0016326530612244896	1
705	0.20734693877551016	8
755	0.21224489795918366	9
805	0.08816326530612244	3
855	0.20897959183673467	9
905	0.03918367346938775	5
955	0.029387755102040815	8
1005	0.07999999999999999	5
1055	0.21387755102040815	10
1105	0.22204081632653058	12
1155	0.013061224489795917	1
1205	0.4195918367346938	10
1255	0.027755102040816323	3
1305	0.08816326530612244	4
1355	0.1877551020408163	10
1405	0.0	1
1455	0.21224489795918366	8
1505	0.05877551020408163	9
1555	0.10938775510204081	4
1605	0.07183673469387755	10
1655	0.15346938775510202	10
1705	0.11755102040816326	7
1755	0.08653061224489794	10
1805	0.13387755102040816	6
1855	0.28734693877551015	9
1905	0.08979591836734693	6
1955	0.36734693877551017	11
2005	0.21224489795918366	6

Run 6
5	1.6163265306122447	11
55	1.5559183673469383	40
105	0.11755102040816326	19
155	0.5273469387755102	31
205	0.27265306122448973	49
255	0.11918367346938774	66
305	0.3412244897959183	41
355	0.0636734693877551	11
405	0.1420408163265306	26
455	0.40816326530612235	31
505	0.1257142857142857	15
555	0.16816326530612244	40
605	0.40816326530612235	40
655	0.40653061224489795	12
705	0.1273469387755102	57
755	0.3183673469387755	16
805	0.5322448979591837	13
855	0.21061224489795918	40
905	0.15020408163265306	41
955	0.6546938775510204	52
1005	0.13551020408163267	9
1055	0.28244897959183674	52
1105	0.25795918367346937	45
1155	0.4277551020408163	20
1205	0.5583673469387753	33
1255	0.45714285714285713	33
1305	0.2693877551020408	19
1355	0.3575510204081633	27
1405	0.2726530612244898	59
1455	0.16163265306122448	8
1505	0.703673469387755	35
1555	0.41795918367346935	42
1605	0.20571428571428568	38
1655	0.5289795918367346	21
1705	0.1877551020408163	8
1755	0.4277551020408163	46
1805	0.5812244897959183	23
1855	0.41306122448979593	38
1905	0.08653061224489794	37
1955	0.25632653061224486	32
2005	0.2204081632653061	52

Run 7
5	0.0	16
55	0.27591836734693875	44
105	0.10448979591836735	55
155	0.47673469387755096	67
205	0.28734693877551015	65
255	0.5387755102040817	41
305	0.28734693877551015	57
355	0.35918367346938773	60
405	0.233469387755102	38
455	0.4995918367346938	65
505	0.3951020408163265	70
555	0.3657142857142857	72
605	0.5583673469387755	52
655	0.1893877551020408	38
705	0.06693877551020408	36
755	0.1257142857142857	59
805	0.2726530612244898	53
855	0.30530612244897953	43
905	0.0	77
955	0.2971428571428571	143
1005	0.49469387755102034	49
1055	0.8114285714285714	50
1105	0.3510204081632653	66
1155	0.13551020408163264	43
1205	0.27265306122448973	61
1255	0.35265306122448975	49
1305	0.06693877551020408	44
1355	0.18612244897959182	65
1405	0.08653061224489794	41
1455	0.21877551020408162	42
1505	0.16163265306122448	60
1555	0.2236734693877551	58
1605	0.31999999999999995	49
1655	0.06530612244897958	62
1705	0.27755102040816326	39
1755	0.4310204081632652	77
1805	0.2808163265306123	41
1855	0.2481632653061224	45
1905	0.7477551020408163	40
1955	0.12081632653061224	42
2005	0.29387755102040813	37

Run 8
5	3.5265306122448976	22
55	2.073469387755102	43
105	0.4359183673469388	30
155	0.16653061224489796	21
205	0.14204081632653062	42
255	0.2546938775510204	53
305	0.17306122448979588	55
355	0.5518367346938775	72
405	0.17795918367346938	5
455	0.3591836734693878	54
505	0.45224489795918366	48
555	0.5322448979591837	55
605	0.22204081632653064	64
655	0.19918367346938776	48
705	0.2726530612244898	12
755	0.3020408163265306	14
805	0.5697959183673469	53
855	0.243265306122449	7
905	0.6579591836734693	51
955	0.9453061224489793	52
1005	0.5942857142857143	54
1055	0.18285714285714288	64
1105	0.716734693877551	102
1155	0.6628571428571428	65
1205	0.4342857142857142	54
1255	0.16489795918367345	62
1305	0.569795918367347	54
1355	0.5289795918367346	55
1405	0.20571428571428574	51
1455	0.3004081632653061	89
1505	0.5240816326530612	115
1555	0.3004081632653061	14
1605	0.3412244897959183	50
1655	0.20571428571428574	13
1705	0.25142857142857145	38
1755	0.23183673469387756	10
1805	0.21224489795918364	105
1855	0.37551020408163266	49
1905	0.20897959183673467	53
1955	0.7265306122448979	101
2005	0.2204081632653061	46

Run 9
5	0.7346938775510203	6
55	1.1493877551020408	14
105	0.9534693877551023	52
155	0.40816326530612246	17
205	0.5763265306122449	27
255	0.4995918367346938	16
305	0.7624489795918368	47
355	0.7297959183673468	35
405	0.5910204081632653	35
455	0.5387755102040817	34
505	0.36734693877551017	63
555	0.20408163265306123	24
605	0.4473469387755102	14
655	0.6922448979591838	18
705	1.371428571428571	31
755	0.653061224489796	32
805	0.7004081632653061	36
855	0.310204081632653	15
905	0.7853061224489796	45
955	0.4016326530612244	23
1005	0.2955102040816326	15
1055	0.4865306122448979	69
1105	0.49306122448979584	23
1155	0.6612244897959184	24
1205	0.9714285714285714	48
1255	0.860408163265306	24
1305	0.710204081632653	47
1355	0.35918367346938773	45
1405	0.2791836734693877	36
1455	0.34938775510204073	18
1505	0.31673469387755104	34
1555	0.4587755102040816	72
1605	0.6579591836734693	33
1655	0.7983673469387756	46
1705	0.6106122448979591	17
1755	0.5012244897959183	34
1805	0.36244897959183675	17
1855	0.41142857142857137	27
1905	0.5387755102040815	24
1955	0.790204081632653	37
2005	0.2595918367346939	24

Run 10
5	0.0	40
55	0.8114285714285715	70
105	0.6612244897959184	76
155	0.9012244897959182	71
205	0.36408163265306115	89
255	0.5257142857142857	84
305	0.8538775510204082	78
355	0.857142857142857	75
405	0.9077551020408161	81
455	0.636734693877551	64
505	0.5795918367346939	63
555	0.4130612244897959	90
605	0.42122448979591837	72
655	0.47020408163265304	131
705	0.1126530612244898	93
755	0.28897959183673466	60
805	0.2204081632653061	63
855	0.4930612244897958	86
905	0.5175510204081633	64
955	0.20734693877551016	85
1005	0.30204081632653057	66
1055	0.34122448979591835	67
1105	0.4179591836734694	87
1155	0.8963265306122449	75
1205	0.40326530612244904	66
1255	0.9681632653061224	90
1305	0.7183673469387755	89
1355	0.6628571428571428	106
1405	0.48	52
1455	0.2710204081632653	61
1505	0.1746938775510204	63
1555	0.22857142857142854	86
1605	0.7118367346938774	74
1655	0.3918367346938776	62
1705	0.17959183673469387	47
1755	0.6220408163265305	114
1805	0.38530612244897955	72
1855	0.6416326530612244	79
1905	0.7183673469387755	98
1955	0.6987755102040816	79
2005	0.34285714285714286	81

Run 11
5	0.5551020408163264	31
55	0.8473469387755099	39
105	0.20408163265306123	59
155	0.44408163265306116	48
205	0.28734693877551015	44
255	0.1746938775510204	42
305	0.5110204081632653	18
355	0.6889795918367345	46
405	0.34122448979591835	50
455	0.6840816326530611	47
505	0.6857142857142855	20
555	0.15020408163265306	5
605	0.30693877551020404	10
655	0.38857142857142857	36
705	0.7999999999999998	14
755	0.1926530612244898	36
805	0.5142857142857142	49
855	0.537142857142857	23
905	0.3265306122448979	44
955	0.09306122448979591	42
1005	0.11428571428571427	35
1055	0.5681632653061223	41
1105	0.4195918367346938	52
1155	0.7053061224489794	15
1205	0.2644897959183673	6
1255	0.34612244897959177	50
1305	0.38367346938775504	38
1355	0.12408163265306121	60
1405	0.42285714285714276	33
1455	0.5322448979591836	32
1505	0.3314285714285714	34
1555	0.313469387755102	9
1605	1.0253061224489795	16
1655	0.3297959183673469	51
1705	0.6824489795918365	33
1755	0.2546938775510204	50
1805	0.3999999999999999	17
1855	0.6040816326530613	45
1905	0.22530612244897955	47
1955	0.30204081632653057	38
2005	0.4816326530612243	48

Run 12
5	0.26122448979591834	35
55	0.4457142857142858	41
105	0.0930612244897959	46
155	0.1404081632653061	37
205	0.013061224489795917	65
255	0.2710204081632653	32
305	0.23020408163265302	61
355	0.03918367346938775	16
405	0.1893877551020408	42
455	0.053877551020408164	47
505	0.1910204081632653	41
555	0.19755102040816325	36
605	0.31999999999999995	45
655	0.4065306122448979	26
705	0.21551020408163266	43
755	0.09142857142857143	52
805	0.12081632653061225	52
855	0.40489795918367344	45
905	0.1436734693877551	42
955	0.04408163265306122	44
1005	0.10122448979591837	48
1055	0.06204081632653061	61
1105	0.12734693877551018	80
1155	0.057142857142857134	36
1205	0.08653061224489794	15
1255	0.10775510204081633	41
1305	0.22204081632653058	53
1355	0.03591836734693877	43
1405	0.14367346938775508	45
1455	0.8244897959183674	41
1505	0.313469387755102	55
1555	0.24	32
1605	0.08816326530612244	21
1655	0.19918367346938776	38
1705	0.24653061224489792	40
1755	0.016326530612244896	52
1805	0.06204081632653061	50
1855	0.14857142857142858	21
1905	0.3493877551020408	51
1955	0.05061224489795918	20
2005	0.20571428571428568	54

Run 13
5	0.8653061224489795	8
55	1.9640816326530615	46
105	0.809795918367347	19
155	0.09306122448979591	14
205	0.1746938775510204	11
255	0.2122448979591837	17
305	0.13061224489795917	23
355	0.793469387755102	21
405	0.07346938775510203	10
455	0.6057142857142856	17
505	0.20408163265306123	19
555	0.7314285714285714	33
605	0.0979591836734694	21
655	0.9208163265306123	19
705	0.43755102040816324	35
755	0.4310204081632652	15
805	0.41142857142857125	18
855	0.12081632653061224	10
905	0.9861224489795914	22
955	0.7624489795918368	24
1005	0.2236734693877551	5
1055	0.25632653061224486	24
1105	0.7330612244897959	23
1155	0.4555102040816326	21
1205	0.7885714285714286	17
1255	0.23673469387755097	10
1305	0.08653061224489794	19
1355	0.7526530612244896	16
1405	0.46857142857142847	18
1455	0.16979591836734695	22
1505	0.6040816326530611	18
1555	0.6546938775510205	17
1605	1.0367346938775508	20
1655	0.3787755102040816	11
1705	0.7395918367346936	13
1755	0.9355102040816324	25
1805	0.7738775510204081	17
1855	0.4897959183673469	20
1905	0.7216326530612244	21
1955	0.5387755102040817	16
2005	0.9061224489795917	19

Run 14
5	0.0	9
55	0.25469387755102035	27
105	0.2448979591836734	47
155	0.19918367346938773	21
205	0.2987755102040816	13
255	0.303673469387755	20
305	0.1910204081632653	16
355	0.5893877551020408	25
405	0.2661224489795918	16
455	0.03265306122448979	13
505	0.09469387755102039	24
555	0.053877551020408164	13
605	0.2873469387755102	40
655	0.045714285714285714	21
705	0.17795918367346938	17
755	0.5208163265306123	17
805	0.29061224489795917	19
855	0.2171428571428571	52
905	0.2187755102040816	16
955	0.14693877551020407	23
1005	0.39836734693877546	9
1055	0.08	24
1105	0.0473469387755102	11
1155	0.43918367346938775	27
1205	0.43755102040816324	16
1255	0.2448979591836734	17
1305	0.4016326530612245	18
1355	0.0963265306122449	15
1405	0.4473469387755102	24
1455	0.3657142857142857	11
1505	0.1665306122448979	15
1555	0.2808163265306122	22
1605	0.3804081632653061	17
1655	0.3363265306122449	13
1705	0.43428571428571433	24
1755	0.019591836734693877	11
1805	0.23836734693877548	26
1855	0.3265306122448979	16
1905	0.1420408163265306	19
1955	0.09142857142857143	17
2005	0.47183673469387755	12

Run 15
5	0.0	29
55	0.06530612244897958	19
105	0.3820408163265306	11
155	0.7444897959183672	17
205	0.40816326530612246	17
255	0.03918367346938775	22
305	0.47183673469387755	27
355	0.3608163265306122	21
405	0.2922448979591836	22
455	0.12081632653061224	19
505	0.8359183673469388	21
555	0.6514285714285714	20
605	0.6889795918367346	30
655	0.23183673469387753	16
705	0.5077551020408163	16
755	0.4163265306122449	32
805	0.313469387755102	23
855	0.4473469387755102	23
905	0.9159183673469389	21
955	0.18122448979591835	18
1005	0.06367346938775509	26
1055	0.10775510204081633	21
1105	0.20571428571428568	12
1155	0.25469387755102035	21
1205	0.10122448979591836	25
1255	0.40326530612244893	15
1305	0.30040816326530606	23
1355	0.34285714285714275	16
1405	0.3657142857142857	21
1455	0.39346938775510204	33
1505	0.7363265306122448	20
1555	0.4865306122448979	24
1605	0.3444897959183673	25
1655	0.2514285714285714	10
1705	0.3444897959183673	17
1755	0.38857142857142857	24
1805	0.4620408163265306	21
1855	0.027755102040816323	22
1905	0.30857142857142855	17
1955	0.31999999999999995	13
2005	0.7020408163265305	31

Run 16
5	2.6938775510204076	13
55	1.5853061224489795	15
105	0.07999999999999999	14
155	0.3248979591836735	48
205	0.2693877551020408	35
255	0.23020408163265305	15
305	0.40489795918367344	38
355	1.3714285714285714	56
405	0.7722448979591836	54
455	0.4048979591836735	8
505	0.26285714285714284	20
555	0.28897959183673466	24
605	0.2514285714285714	10
655	0.3820408163265306	12
705	0.3624489795918367	15
755	0.5289795918367346	49
805	1.1428571428571426	51
855	0.6171428571428571	19
905	0.703673469387755	33
955	0.48163265306122455	13
1005	0.4555102040816326	28
1055	0.39836734693877546	17
1105	0.39836734693877546	38
1155	0.5942857142857144	25
1205	0.7885714285714285	29
1255	1.0285714285714282	42
1305	0.5942857142857142	21
1355	0.38693877551020406	11
1405	0.36734693877551017	42
1455	0.5844897959183674	32
1505	0.3918367346938775	38
1555	0.5893877551020408	31
1605	0.4767346938775511	23
1655	0.27265306122448973	41
1705	0.42122448979591837	20
1755	1.1395918367346938	65
1805	0.7346938775510203	21
1855	0.8	42
1905	0.3461224489795919	38
1955	0.37224489795918364	28
2005	0.5518367346938775	28

Run 17
5	1.0285714285714285	10
55	1.9477551020408157	17
105	0.3216326530612244	23
155	0.47510204081632645	45
205	1.186938775510204	18
255	0.6726530612244898	51
305	0.2644897959183673	24
355	0.7444897959183672	42
405	0.31346938775510197	25
455	0.39346938775510204	25
505	1.030204081632653	19
555	0.09959183673469386	16
605	0.8522448979591837	15
655	1.0759183673469384	28
705	0.9191836734693877	26
755	1.0546938775510204	39
805	0.4653061224489795	43
855	1.1738775510204078	31
905	0.10612244897959185	60
955	0.2693877551020408	40
1005	0.8130612244897958	21
1055	0.979591836734694	11
1105	1.4530612244897958	41
1155	0.8718367346938775	11
1205	1.2702040816326527	39
1255	1.4873469387755096	19
1305	1.1444897959183675	45
1355	0.19591836734693874	32
1405	0.5910204081632652	16
1455	0.2971428571428571	28
1505	0.7559183673469387	27
1555	0.6253061224489794	49
1605	0.08326530612244898	19
1655	0.9028571428571428	20
1705	1.0416326530612248	16
1755	0.07020408163265307	9
1805	0.7608163265306122	25
1855	0.390204081632653	25
1905	0.11755102040816327	26
1955	1.0612244897959184	32
2005	0.9991836734693877	28

Run 18
5	1.4693877551020407	29
55	0.5061224489795918	20
105	0.4408163265306122	50
155	0.09959183673469386	25
205	0.3314285714285714	26
255	0.5795918367346938	34
305	0.4816326530612245	34
355	0.19428571428571428	29
405	0.4228571428571428	33
455	0.24163265306122447	35
505	0.2220408163265306	54
555	0.30530612244897953	21
605	0.42285714285714276	41
655	0.08163265306122447	25
705	0.13877551020408163	21
755	0.022857142857142857	16
805	0.25142857142857145	33
855	0.8522448979591835	45
905	0.16163265306122448	31
955	0.07183673469387754	27
1005	0.38857142857142846	20
1055	0.48	20
1105	0.5453061224489795	42
1155	0.3118367346938775	34
1205	0.22204081632653058	45
1255	0.10448979591836734	27
1305	0.0946938775510204	30
1355	0.2204081632653061	21
1405	0.2922448979591836	24
1455	0.41795918367346935	29
1505	0.4	21
1555	0.014693877551020407	33
1605	0.49795918367346936	32
1655	0.3444897959183673	35
1705	0.43918367346938775	27
1755	0.6057142857142856	28
1805	0.566530612244898	31
1855	0.6726530612244898	51
1905	0.14857142857142855	31
1955	0.12408163265306121	24
2005	0.35918367346938773	17

Run 19
5	0.0	6
55	0.24489795918367346	32
105	0.47020408163265304	21
155	0.38857142857142857	16
205	0.790204081632653	30
255	0.08816326530612244	15
305	0.5453061224489795	36
355	0.30857142857142855	32
405	0.3951020408163265	29
455	0.23510204081632652	21
505	0.4375510204081632	23
555	0.8391836734693879	20
605	0.6693877551020406	24
655	0.8620408163265304	45
705	0.45551020408163256	22
755	0.19428571428571428	17
805	0.2253061224489796	22
855	0.23999999999999988	18
905	0.653061224489796	40
955	0.33306122448979586	23
1005	0.3608163265306122	29
1055	0.5697959183673469	22
1105	0.2253061224489796	12
1155	0.5208163265306123	23
1205	0.23510204081632646	21
1255	0.533877551020408	28
1305	0.310204081632653	20
1355	0.3444897959183673	24
1405	0.4620408163265305	17
1455	0.06204081632653061	21
1505	0.4914285714285714	18
1555	0.7608163265306125	40
1605	0.25469387755102035	27
1655	0.5910204081632652	23
1705	0.4897959183673468	19
1755	0.46367346938775506	19
1805	0.3216326530612244	44
1855	0.17306122448979588	19
1905	0.7346938775510203	54
1955	0.43918367346938775	42
2005	0.30530612244897953	17

Run 20
5	3.297959183673469	34
55	1.926530612244898	52
105	0.28408163265306124	13
155	0.30857142857142855	10
205	0.14530612244897959	12
255	0.60734693877551	13
305	0.13714285714285715	10
355	0.28571428571428564	12
405	0.2922448979591837	13
455	0.30530612244897953	7
505	0.20081632653061224	4
555	0.25469387755102035	13
605	0.7216326530612244	11
655	0.40489795918367344	12
705	0.16326530612244894	10
755	0.3297959183673469	11
805	0.21061224489795916	13
855	0.13061224489795917	10
905	0.2791836734693877	12
955	0.2253061224489796	11
1005	0.4783673469387755	12
1055	0.20408163265306126	12
1105	0.1746938775510204	4
1155	0.2595918367346938	5
1205	0.2253061224489796	6
1255	0.1861224489795918	12
1305	0.21714285714285717	14
1355	0.2073469387755102	4
1405	0.43428571428571433	10
1455	0.7102040816326529	14
1505	0.31673469387755104	8
1555	0.31510204081632653	13
1605	0.21061224489795918	12
1655	0.39346938775510204	9
1705	0.2693877551020408	11
1755	0.05877551020408163	12
1805	0.4457142857142856	20
1855	0.35591836734693877	7
1905	0.27591836734693875	13
1955	0.9044897959183672	16
2005	0.1746938775510204	7

Run 21
5	0.5224489795918367	41
55	1.0155102040816326	100
105	0.8522448979591835	105
155	1.0497959183673466	90
205	0.4261224489795918	111
255	0.43265306122448977	80
305	1.2848979591836736	104
355	1.160816326530612	90
405	0.7689795918367346	109
455	0.20081632653061224	111
505	1.04	121
555	0.950204081632653	157
605	0.3020408163265306	96
655	0.28734693877551015	97
705	0.8163265306122449	111
755	0.20408163265306123	120
805	0.8391836734693878	88
855	0.5926530612244898	112
905	0.3036734693877551	116
955	0.6448979591836735	118
1005	0.9469387755102041	94
1055	0.726530612244898	90
1105	0.8261224489795918	111
1155	0.19918367346938776	131
1205	0.7363265306122447	106
1255	0.49306122448979584	115
1305	0.569795918367347	116
1355	0.6857142857142855	91
1405	0.8995918367346938	101
1455	1.1085714285714285	130
1505	0.5877551020408164	104
1555	1.000816326530612	108
1605	0.5534693877551021	101
1655	0.6334693877551021	133
1705	0.20244897959183675	95
1755	0.9485714285714285	133
1805	1.0073469387755098	107
1855	0.5126530612244897	137
1905	0.5208163265306122	107
1955	0.16326530612244894	92
2005	0.9877551020408163	103

Run 22
5	0.7346938775510203	45
55	0.8555102040816327	42
105	0.3689795918367346	42
155	0.21877551020408162	51
205	0.4097959183673469	43
255	0.1910204081632653	35
305	0.3248979591836734	43
355	0.8326530612244896	44
405	0.5861224489795918	84
455	0.313469387755102	49
505	0.49795918367346936	44
555	0.7689795918367345	33
605	0.7314285714285714	43
655	0.2236734693877551	33
705	0.19755102040816325	34
755	0.2677551020408163	58
805	0.5093877551020407	37
855	0.24326530612244895	43
905	0.7118367346938775	46
955	0.19755102040816325	46
1005	0.5616326530612245	36
1055	0.7428571428571429	42
1105	0.4571428571428571	46
1155	0.24163265306122447	36
1205	0.8	31
1255	0.623673469387755	57
1305	0.8669387755102039	37
1355	0.546938775510204	41
1405	0.4506122448979591	40
1455	0.20081632653061224	70
1505	0.313469387755102	61
1555	0.27591836734693875	49
1605	0.5485714285714285	23
1655	0.5518367346938775	28
1705	0.03918367346938775	35
1755	0.5795918367346937	40
1805	0.7412244897959183	35
1855	0.6351020408163265	39
1905	0.4946938775510204	38
1955	0.4261224489795918	36
2005	0.3363265306122449	55

Run 23
5	0.6693877551020407	18
55	1.4726530612244897	51
105	0.15020408163265306	25
155	0.27755102040816326	23
205	0.17795918367346936	30
255	0.1551020408163265	20
305	0.0065306122448979586	21
355	0.18612244897959182	17
405	0.34122448979591835	32
455	0.1404081632653061	27
505	0.013061224489795917	21
555	0.03428571428571428	22
605	0.22693877551020405	37
655	0.23346938775510204	35
705	0.1763265306122449	27
755	0.47183673469387755	17
805	0.5126530612244897	46
855	0.035918367346938776	29
905	0.09959183673469386	8
955	0.16489795918367345	27
1005	0.15346938775510205	49
1055	0.4195918367346938	16
1105	0.12897959183673469	13
1155	0.6889795918367346	24
1205	0.28244897959183674	19
1255	0.5110204081632653	34
1305	0.13714285714285712	23
1355	0.037551020408163265	26
1405	0.29061224489795917	19
1455	0.07673469387755101	32
1505	0.06040816326530612	6
1555	0.31999999999999995	16
1605	0.17959183673469387	49
1655	0.15836734693877552	23
1705	0.10938775510204081	5
1755	0.16816326530612244	21
1805	0.10122448979591836	27
1855	0.24816326530612243	12
1905	0.09632653061224489	24
1955	0.21551020408163266	18
2005	0.12734693877551018	30

Run 24
5	0.0	65
55	0.4473469387755102	106
105	0.4816326530612245	71
155	0.13387755102040816	86
205	0.18448979591836737	97
255	0.1469387755102041	88
305	0.20571428571428568	48
355	0.9436734693877549	83
405	0.4342857142857142	68
455	0.5061224489795917	103
505	0.20408163265306123	91
555	0.7559183673469387	90
605	0.2971428571428571	68
655	0.3853061224489796	52
705	0.3493877551020408	71
755	0.33959183673469384	96
805	0.5208163265306122	87
855	0.3053061224489796	84
905	0.31020408163265306	79
955	0.11755102040816326	111
1005	0.11428571428571427	80
1055	0.6040816326530613	108
1105	0.5893877551020408	97
1155	0.3787755102040816	76
1205	0.49469387755102034	80
1255	0.16979591836734692	72
1305	0.13224489795918365	88
1355	1.1493877551020404	67
1405	0.45224489795918366	84
1455	0.4293877551020408	75
1505	0.5126530612244897	99
1555	0.0946938775510204	69
1605	0.2628571428571428	70
1655	0.4587755102040816	71
1705	0.5044897959183673	106
1755	0.3118367346938775	87
1805	0.7493877551020409	74
1855	0.13551020408163264	68
1905	0.5926530612244897	96
1955	0.6955102040816326	74
2005	0.2661224489795918	111

Run 25
5	3.4775510204081628	44
55	2.1681632653061222	30
105	0.9191836734693877	17
155	1.0155102040816326	23
205	1.04	35
255	1.3126530612244898	20
305	0.7281632653061223	27
355	1.1379591836734693	29
405	1.6310204081632655	19
455	1.3534693877551018	29
505	0.47020408163265304	15
555	1.095510204081633	21
605	0.8522448979591836	22
655	0.6187755102040815	31
705	1.6702040816326524	22
755	0.9224489795918367	27
805	1.3093877551020408	38
855	1.0465306122448979	27
905	1.1559183673469386	19
955	0.893061224489796	24
1005	0.7363265306122448	22
1055	0.9942857142857142	20
1105	0.9844897959183672	21
1155	0.6383673469387755	25
1205	0.7608163265306122	12
1255	0.9567346938775511	18
1305	1.1902040816326531	26
1355	0.7477551020408163	28
1405	0.6318367346938775	13
1455	1.0187755102040816	34
1505	1.3551020408163266	21
1555	1.017142857142857	25
1605	0.653061224489796	13
1655	1.1281632653061222	13
1705	1.3028571428571425	36
1755	0.7102040816326529	26
1805	1.0318367346938775	22
1855	0.6955102040816326	22
1905	1.0726530612244896	23
1955	1.1673469387755102	28
2005	1.100408163265306	18

Run 26
5	0.29387755102040813	34
55	0.566530612244898	34
105	0.5355102040816326	26
155	0.42775510204081635	34
205	0.13224489795918365	18
255	0.3444897959183673	20
305	0.8261224489795918	20
355	0.3559183673469387	23
405	0.5110204081632652	21
455	0.2922448979591837	19
505	0.4555102040816326	25
555	0.2236734693877551	28
605	0.20897959183673467	21
655	0.47510204081632645	19
705	0.24	24
755	0.15836734693877552	22
805	0.31999999999999995	37
855	0.23183673469387753	20
905	0.21224489795918364	26
955	0.17959183673469387	31
1005	0.17632653061224488	42
1055	0.3493877551020408	39
1105	0.2726530612244898	25
1155	0.43102040816326515	19
1205	0.24163265306122447	39
1255	0.2236734693877551	25
1305	0.4799999999999999	24
1355	0.24979591836734694	19
1405	0.4228571428571428	27
1455	0.2514285714285714	22
1505	0.3918367346938775	31
1555	0.5061224489795918	33
1605	0.34775510204081633	26
1655	0.5159183673469387	23
1705	0.19591836734693874	20
1755	0.8620408163265306	24
1805	0.3559183673469387	35
1855	0.22857142857142856	50
1905	0.21551020408163266	36
1955	0.03428571428571428	27
2005	0.23020408163265302	22

Run 27
5	0.0	12
55	0.3787755102040816	39
105	0.6726530612244898	28
155	0.5469387755102041	35
205	0.8261224489795918	116
255	0.28244897959183674	37
305	0.22367346938775504	33
355	0.2187755102040816	36
405	0.4555102040816326	23
455	0.2236734693877551	25
505	0.7134693877551018	34
555	0.9420408163265306	58
605	0.703673469387755	44
655	0.7918367346938774	44
705	0.38367346938775504	35
755	0.3951020408163265	30
805	0.5975510204081632	33
855	0.2873469387755102	34
905	0.48653061224489796	23
955	0.7444897959183672	37
1005	0.5910204081632653	46
1055	0.5975510204081632	55
1105	0.6938775510204082	50
1155	0.3657142857142856	24
1205	0.4097959183673469	30
1255	0.17795918367346938	46
1305	0.45551020408163256	27
1355	0.19428571428571428	27
1405	0.41142857142857125	41
1455	0.4816326530612243	37
1505	0.38857142857142846	23
1555	0.7004081632653061	72
1605	0.38530612244897955	29
1655	0.45551020408163256	35
1705	0.7591836734693876	49
1755	0.5485714285714285	46
1805	0.550204081632653	32
1855	0.556734693877551	45
1905	0.3640816326530612	29
1955	0.5420408163265307	31
2005	0.37714285714285706	49

Run 28
5	0.0	9
55	0.313469387755102	55
105	0.053877551020408164	39
155	0.2236734693877551	41
205	0.055510204081632646	15
255	0.13387755102040813	44
305	0.33306122448979586	25
355	0.19591836734693874	59
405	0.26285714285714284	14
455	0.24489795918367346	20
505	0.0473469387755102	29
555	0.037551020408163265	38
605	0.24653061224489792	33
655	0.20244897959183675	22
705	0.16489795918367345	49
755	0.1877551020408163	23
805	0.16979591836734692	18
855	0.1436734693877551	18
905	0.0914285714285714	36
955	0.13551020408163264	22
1005	0.08	18
1055	0.4016326530612245	21
1105	0.10938775510204081	14
1155	0.20897959183673467	16
1205	0.037551020408163265	26
1255	0.02122448979591837	15
1305	0.5420408163265306	19
1355	0.15020408163265306	16
1405	0.07020408163265306	23
1455	0.026122448979591834	21
1505	0.06530612244897958	17
1555	0.0489795918367347	31
1605	0.16489795918367345	18
1655	0.053877551020408164	16
1705	0.3183673469387755	16
1755	0.1926530612244898	24
1805	0.13714285714285712	14
1855	0.019591836734693877	15
1905	0.2840816326530612	34
1955	0.28734693877551015	28
2005	0.17632653061224488	24

Run 29
5	1.6163265306122447	32
55	2.3640816326530607	16
105	0.8081632653061225	52
155	0.23020408163265305	7
205	0.5812244897959183	50
255	0.45714285714285713	42
305	1.186938775510204	45
355	0.5273469387755101	44
405	0.34122448979591835	39
455	0.8065306122448979	41
505	0.5779591836734693	78
555	0.3314285714285714	13
605	0.30857142857142855	15
655	0.32816326530612244	8
705	0.8963265306122448	40
755	0.8	41
805	0.6383673469387756	33
855	1.2832653061224488	54
905	0.6318367346938775	51
955	0.5093877551020408	42
1005	1.026938775510204	106
1055	0.8130612244897958	50
1105	0.6710204081632652	43
1155	0.6595918367346938	15
1205	0.390204081632653	33
1255	0.5616326530612245	29
1305	0.5844897959183674	45
1355	0.5240816326530612	49
1405	0.4604081632653061	51
1455	0.8326530612244899	43
1505	0.9142857142857141	46
1555	0.8473469387755102	42
1605	0.40816326530612246	59
1655	0.5044897959183673	38
1705	0.37714285714285706	42
1755	0.9583673469387756	34
1805	0.28734693877551015	14
1855	0.44734693877551024	57
1905	0.6726530612244898	20
1955	0.5240816326530612	39
2005	1.7028571428571428	46
