10
15
w 6 9
w 8 13
w 5 6
w 2 1
w 0 7
w 8 9
w 2 12
w 0 10
w 0 3
w 8 5
w 7 2
w 4 9
w 6 10
w 2 13
w 3 6
w 7 10
w 4 1
w 4 10
w 2 6
w 9 14
w 6 11
w 9 3
w 6 0
w 0 12
w 1 0
w 7 9
w 9 13
w 7 0
w 8 12
w 9 2
w 6 1
w 5 7
w 0 13
w 2 11
w 7 4
w 4 3
w 2 4
p 5 9
p 4 8
p 2 8
p 4 12
p 9 4
p 7 11
p 5 1
p 1 11
p 6 14
p 4 0
p 8 14
p 9 0
p 3 3
p 5 5
p 8 1
p 7 6
p 4 4
p 1 14
p 5 0
p 1 10
p 1 1
p 9 7
p 6 4
p 7 14
p 5 4
p 8 2
p 7 1
p 3 13
p 1 13
p 8 11
p 4 14
p 1 4
p 9 10
p 7 5
p 1 9
p 6 12
p 2 14
p 0 8
p 5 3
p 0 1
p 3 5
p 8 3
p 5 10
p 6 8
p 1 12
p 3 1
p 7 13
p 3 8
p 2 0
p 5 14
p 6 13
p 1 7
p 0 9
p 7 8
p 0 2
p 9 12
m0 0 14
1 9 0
2 9 0
3 9 0
t 300 0
m0 1 14
1 9 1
2 9 1
3 9 1
t 299 1
m0 2 14
1 8 1
2 8 1
3 8 1
t 298 2
m0 1 14
1 7 1
2 7 1
3 7 1
t 297 2
m0 1 13
1 8 1
2 8 1
3 8 1
t 296 3
m0 1 12
1 9 1
2 9 1
3 9 1
t 295 4
m0 1 11
1 9 0
2 9 0
3 9 0
t 294 5
m0 1 10
1 9 1
2 9 1
3 9 1
t 293 6
m0 1 9
1 9 0
2 9 0
3 9 0
t 292 7
m0 0 9
1 8 0
2 8 0
3 8 0
t 291 8
m0 0 8
1 8 1
2 8 1
3 8 1
t 290 9
m0 1 8
1 9 1
2 9 1
3 9 1
t 289 9
m0 2 8
1 8 1
2 8 1
3 8 1
f 9 1
t 288 10
m0 3 8
1 8 0
2 8 0
3 8 0
t 287 11
m0 4 8
1 9 0
2 9 0
3 9 0
t 286 12
m0 5 8
1 8 0
2 8 0
3 8 0
t 285 12
m0 6 8
1 9 0
2 9 0
3 9 0
t 284 13
m0 7 8
1 9 1
2 9 1
3 9 1
t 283 14
m0 7 7
1 9 0
2 9 0
3 9 0
t 282 14
m0 7 6
1 8 0
2 8 0
3 8 0
t 281 15
m0 7 5
1 9 0
2 9 0
3 9 0
t 280 16
m0 6 5
1 9 1
2 9 1
3 9 1
t 279 16
m0 6 4
1 9 0
2 9 0
3 9 0
t 278 17
m0 5 4
1 8 0
2 8 0
3 8 0
t 277 18
m0 5 3
1 9 0
2 9 0
3 9 0
t 276 19
m0 5 4
1 8 0
2 8 0
3 8 0
t 275 19
m0 4 4
1 9 0
2 9 0
3 9 0
t 274 20
m0 3 4
1 9 1
2 9 1
3 9 1
t 273 20
m0 3 3
1 9 0
2 9 0
3 9 0
t 272 21
m0 3 4
1 9 1
2 9 1
3 9 1
t 271 21
m0 3 5
1 9 0
2 9 0
3 9 0
t 270 22
m0 4 5
1 8 0
2 8 0
3 8 0
t 269 22
m0 5 5
1 9 0
2 9 0
3 9 0
t 268 23
m0 5 4
1 8 0
2 8 0
3 8 0
t 267 23
m0 5 3
1 9 0
2 9 0
3 9 0
t 266 23
m0 5 2
1 9 1
2 9 1
3 9 1
t 265 23
m0 5 1
1 9 0
2 9 0
3 9 0
t 264 24
m0 5 0
1 9 1
2 9 1
3 9 1
t 263 25
m0 4 0
1 8 1
2 8 1
3 8 1
t 262 26
m0 3 0
1 9 1
2 9 1
3 9 1
t 261 26
m0 2 0
1 9 0
2 9 0
3 9 0
t 260 27
m0 3 0
1 9 1
2 9 1
3 9 1
t 259 27
m0 3 1
1 9 0
2 9 0
3 9 0
t 258 28
m0 3 1
1 8 0
2 8 0
3 8 0
t 257 28
m0 3 1
1 9 0
2 9 0
3 9 0
t 256 28
m0 3 1
1 8 0
2 8 0
3 8 0
t 255 28
m0 3 1
1 9 0
2 9 0
3 9 0
t 254 28
m0 3 1
1 9 1
2 9 1
3 9 1
t 253 28
m0 3 1
1 9 0
2 9 0
3 9 0
t 252 28
m0 3 1
1 9 1
2 9 1
3 9 1
t 251 28
m0 3 1
1 9 0
2 9 0
3 9 0
t 250 28
m0 3 1
1 9 1
2 9 1
3 9 1
t 249 28
m0 3 1
1 9 0
2 9 0
3 9 0
t 248 28
m0 3 1
1 8 0
2 8 0
3 8 0
t 247 28
m0 3 1
1 9 0
2 9 0
3 9 0
t 246 28
m0 3 1
1 9 1
2 9 1
3 9 1
t 245 28
m0 3 1
1 8 1
2 8 1
3 8 1
t 244 28
m0 3 1
1 9 1
2 9 1
3 9 1
t 243 28
m0 3 1
1 9 0
2 9 0
3 9 0
t 242 28
m0 3 1
1 8 0
2 8 0
3 8 0
t 241 28
m0 3 1
1 9 0
2 9 0
3 9 0
t 240 28
m0 3 1
1 9 1
2 9 1
3 9 1
t 239 28
m0 3 1
1 9 0
2 9 0
3 9 0
t 238 28
m0 3 1
1 8 0
2 8 0
3 8 0
t 237 28
m0 3 1
1 9 0
2 9 0
3 9 0
t 236 28
m0 3 1
1 8 0
2 8 0
3 8 0
t 235 28
m0 3 1
1 9 0
2 9 0
3 9 0
t 234 28
m0 3 1
1 8 0
2 8 0
3 8 0
t 233 28
m0 3 1
1 9 0
2 9 0
3 9 0
t 232 28
m0 3 1
1 9 1
2 9 1
3 9 1
t 231 28
m0 3 1
1 8 1
2 8 1
3 8 1
t 230 28
m0 3 1
1 8 2
2 8 2
3 8 2
t 229 28
m0 3 1
1 8 3
2 8 3
3 8 3
t 228 28
m0 3 1
1 7 3
2 7 3
3 7 3
t 227 28
m0 3 1
1 8 3
2 8 3
3 8 3
t 226 28
m0 3 1
1 8 4
2 8 4
3 8 4
t 225 28
m0 3 1
1 9 4
2 9 4
3 9 4
t 224 28
m0 3 1
1 8 4
2 8 4
3 8 4
t 223 28
m0 3 1
1 8 3
2 8 3
3 8 3
t 222 28
m0 3 1
1 8 4
2 8 4
3 8 4
t 221 28
m0 3 1
1 9 4
2 9 4
3 9 4
t 220 28
m0 3 1
1 9 5
2 9 5
3 9 5
t 219 28
m0 3 1
1 9 6
2 9 6
3 9 6
t 218 28
m0 3 1
1 9 7
2 9 7
3 9 7
t 217 28
m0 3 1
1 9 6
2 9 6
3 9 6
t 216 28
m0 3 1
1 8 6
2 8 6
3 8 6
t 215 28
m0 3 1
1 8 7
2 8 7
3 8 7
t 214 28
m0 3 1
1 9 7
2 9 7
3 9 7
t 213 28
m0 3 1
1 9 8
2 9 8
3 9 8
t 212 28
m0 3 1
1 9 7
2 9 7
3 9 7
t 211 28
m0 3 1
1 9 8
2 9 8
3 9 8
t 210 28
m0 3 1
1 9 9
2 9 9
3 9 9
t 209 28
m0 3 1
1 9 10
2 9 10
3 9 10
t 208 28
m0 3 1
1 9 11
2 9 11
3 9 11
t 207 28
m0 3 1
1 9 12
2 9 12
3 9 12
t 206 28
m0 3 1
1 9 11
2 9 11
3 9 11
t 205 28
m0 3 1
1 8 11
2 8 11
3 8 11
t 204 28
m0 3 1
1 9 11
2 9 11
3 9 11
t 203 28
m0 3 1
1 9 12
2 9 12
3 9 12
t 202 28
m0 3 1
1 9 11
2 9 11
3 9 11
t 201 28
m0 3 1
1 9 12
2 9 12
3 9 12
t 200 28
m0 3 1
1 9 11
2 9 11
3 9 11
t 199 28
m0 3 1
1 9 12
2 9 12
3 9 12
t 198 28
m0 3 1
1 9 11
2 9 11
3 9 11
t 197 28
m0 3 1
1 9 12
2 9 12
3 9 12
t 196 28
m0 3 1
1 9 11
2 9 11
3 9 11
t 195 28
m0 3 1
1 9 12
2 9 12
3 9 12
t 194 28
m0 3 1
1 9 11
2 9 11
3 9 11
t 193 28
m0 3 1
1 8 11
2 8 11
3 8 11
t 192 28
m0 3 1
1 9 11
2 9 11
3 9 11
t 191 28
m0 3 1
1 9 12
2 9 12
3 9 12
t 190 28
m0 3 1
1 9 11
2 9 11
3 9 11
t 189 28
m0 3 1
1 8 11
2 8 11
3 8 11
t 188 28
m0 3 1
1 9 11
2 9 11
3 9 11
t 187 28
m0 3 1
1 9 10
2 9 10
3 9 10
t 186 28
m0 3 1
1 9 11
2 9 11
3 9 11
t 185 28
m0 3 1
1 9 12
2 9 12
3 9 12
t 184 28
m0 3 1
1 9 11
2 9 11
3 9 11
t 183 28
m0 3 1
1 9 10
2 9 10
3 9 10
t 182 28
m0 3 1
1 9 11
2 9 11
3 9 11
t 181 28
m0 3 1
1 9 12
2 9 12
3 9 12
t 180 28
m0 3 1
1 9 11
2 9 11
3 9 11
t 179 28
m0 3 1
1 9 12
2 9 12
3 9 12
t 178 28
m0 3 1
1 9 11
2 9 11
3 9 11
t 177 28
m0 3 1
1 8 11
2 8 11
3 8 11
t 176 28
m0 3 1
1 9 11
2 9 11
3 9 11
t 175 28
m0 3 1
1 9 12
2 9 12
3 9 12
t 174 28
m0 3 1
1 9 11
2 9 11
3 9 11
t 173 28
m0 3 1
1 9 12
2 9 12
3 9 12
t 172 28
m0 3 1
1 9 11
2 9 11
3 9 11
t 171 28
m0 3 1
1 8 11
2 8 11
3 8 11
t 170 28
m0 3 1
1 8 10
2 8 10
3 8 10
t 169 28
m0 3 1
1 9 10
2 9 10
3 9 10
t 168 28
m0 3 1
1 9 11
2 9 11
3 9 11
t 167 28
m0 3 1
1 8 11
2 8 11
3 8 11
t 166 28
m0 3 1
1 8 10
2 8 10
3 8 10
t 165 28
m0 3 1
1 9 10
2 9 10
3 9 10
t 164 28
m0 3 1
1 9 11
2 9 11
3 9 11
t 163 28
m0 3 1
1 9 12
2 9 12
3 9 12
t 162 28
m0 3 1
1 9 11
2 9 11
3 9 11
t 161 28
m0 3 1
1 8 11
2 8 11
3 8 11
t 160 28
m0 3 1
1 9 11
2 9 11
3 9 11
t 159 28
m0 3 1
1 9 12
2 9 12
3 9 12
t 158 28
m0 3 1
1 9 11
2 9 11
3 9 11
t 157 28
m0 3 1
1 8 11
2 8 11
3 8 11
t 156 28
m0 3 1
1 9 11
2 9 11
3 9 11
t 155 28
m0 3 1
1 9 12
2 9 12
3 9 12
t 154 28
m0 3 1
1 9 11
2 9 11
3 9 11
t 153 28
m0 3 1
1 8 11
2 8 11
3 8 11
t 152 28
m0 3 1
1 8 10
2 8 10
3 8 10
t 151 28
m0 3 1
1 8 11
2 8 11
3 8 11
t 150 28
m0 3 1
1 9 11
2 9 11
3 9 11
t 149 28
m0 3 1
1 9 12
2 9 12
3 9 12
t 148 28
m0 3 1
1 9 11
2 9 11
3 9 11
t 147 28
m0 3 1
1 9 12
2 9 12
3 9 12
t 146 28
m0 3 1
1 9 11
2 9 11
3 9 11
t 145 28
m0 3 1
1 8 11
2 8 11
3 8 11
t 144 28
m0 3 1
1 8 10
2 8 10
3 8 10
t 143 28
m0 3 1
1 8 11
2 8 11
3 8 11
t 142 28
m0 3 1
1 9 11
2 9 11
3 9 11
t 141 28
m0 3 1
1 9 10
2 9 10
3 9 10
t 140 28
m0 3 1
1 8 10
2 8 10
3 8 10
t 139 28
m0 3 1
1 8 11
2 8 11
3 8 11
t 138 28
m0 3 1
1 8 10
2 8 10
3 8 10
t 137 28
m0 3 1
1 8 11
2 8 11
3 8 11
t 136 28
m0 3 1
1 9 11
2 9 11
3 9 11
t 135 28
m0 3 1
1 8 11
2 8 11
3 8 11
t 134 28
m0 3 1
1 8 10
2 8 10
3 8 10
t 133 28
m0 3 1
1 8 11
2 8 11
3 8 11
t 132 28
m0 3 1
1 8 10
2 8 10
3 8 10
t 131 28
m0 3 1
1 9 10
2 9 10
3 9 10
t 130 28
m0 3 1
1 9 11
2 9 11
3 9 11
t 129 28
m0 3 1
1 9 12
2 9 12
3 9 12
t 128 28
m0 3 1
1 9 11
2 9 11
3 9 11
t 127 28
m0 3 1
1 9 12
2 9 12
3 9 12
t 126 28
m0 3 1
1 9 11
2 9 11
3 9 11
t 125 28
m0 3 1
1 8 11
2 8 11
3 8 11
t 124 28
m0 3 1
1 7 11
2 7 11
3 7 11
t 123 28
m0 3 1
1 8 11
2 8 11
3 8 11
t 122 28
m0 3 1
1 8 10
2 8 10
3 8 10
t 121 28
m0 3 1
1 9 10
2 9 10
3 9 10
t 120 28
m0 3 1
1 9 9
2 9 9
3 9 9
t 119 28
m0 3 1
1 9 10
2 9 10
3 9 10
t 118 28
m0 3 1
1 8 10
2 8 10
3 8 10
t 117 28
m0 3 1
1 9 10
2 9 10
3 9 10
t 116 28
m0 3 1
1 8 10
2 8 10
3 8 10
t 115 28
m0 3 1
1 9 10
2 9 10
3 9 10
t 114 28
m0 3 1
1 9 11
2 9 11
3 9 11
t 113 28
m0 3 1
1 8 11
2 8 11
3 8 11
t 112 28
m0 3 1
1 7 11
2 7 11
3 7 11
t 111 28
m0 3 1
1 8 11
2 8 11
3 8 11
t 110 28
m0 3 1
1 9 11
2 9 11
3 9 11
t 109 28
m0 3 1
1 9 12
2 9 12
3 9 12
t 108 28
m0 3 1
1 9 11
2 9 11
3 9 11
t 107 28
m0 3 1
1 9 12
2 9 12
3 9 12
t 106 28
m0 3 1
1 9 11
2 9 11
3 9 11
t 105 28
m0 3 1
1 9 12
2 9 12
3 9 12
t 104 28
m0 3 1
1 9 11
2 9 11
3 9 11
t 103 28
m0 3 1
1 8 11
2 8 11
3 8 11
t 102 28
m0 3 1
1 8 10
2 8 10
3 8 10
t 101 28
m0 3 1
1 9 10
2 9 10
3 9 10
t 100 28
m0 3 1
1 9 9
2 9 9
3 9 9
t 99 28
m0 3 1
1 9 10
2 9 10
3 9 10
t 98 28
m0 3 1
1 8 10
2 8 10
3 8 10
t 97 28
m0 3 1
1 9 10
2 9 10
3 9 10
t 96 28
m0 3 1
1 9 9
2 9 9
3 9 9
t 95 28
m0 3 1
1 9 10
2 9 10
3 9 10
t 94 28
m0 3 1
1 9 11
2 9 11
3 9 11
t 93 28
m0 3 1
1 9 10
2 9 10
3 9 10
t 92 28
m0 3 1
1 9 9
2 9 9
3 9 9
t 91 28
m0 3 1
1 9 10
2 9 10
3 9 10
t 90 28
m0 3 1
1 9 9
2 9 9
3 9 9
t 89 28
m0 3 1
1 9 8
2 9 8
3 9 8
t 88 28
m0 3 1
1 9 9
2 9 9
3 9 9
t 87 28
m0 3 1
1 9 10
2 9 10
3 9 10
t 86 28
m0 3 1
1 9 11
2 9 11
3 9 11
t 85 28
m0 3 1
1 9 12
2 9 12
3 9 12
t 84 28
m0 3 1
1 9 11
2 9 11
3 9 11
t 83 28
m0 3 1
1 9 12
2 9 12
3 9 12
t 82 28
m0 3 1
1 9 11
2 9 11
3 9 11
t 81 28
m0 3 1
1 8 11
2 8 11
3 8 11
t 80 28
m0 3 1
1 9 11
2 9 11
3 9 11
t 79 28
m0 3 1
1 9 12
2 9 12
3 9 12
t 78 28
m0 3 1
1 9 11
2 9 11
3 9 11
t 77 28
m0 3 1
1 9 10
2 9 10
3 9 10
t 76 28
m0 3 1
1 9 11
2 9 11
3 9 11
t 75 28
m0 3 1
1 9 12
2 9 12
3 9 12
t 74 28
m0 3 1
1 9 11
2 9 11
3 9 11
t 73 28
m0 3 1
1 9 12
2 9 12
3 9 12
t 72 28
m0 3 1
1 9 11
2 9 11
3 9 11
t 71 28
m0 3 1
1 9 12
2 9 12
3 9 12
t 70 28
m0 3 1
1 9 11
2 9 11
3 9 11
t 69 28
m0 3 1
1 9 12
2 9 12
3 9 12
t 68 28
m0 3 1
1 9 11
2 9 11
3 9 11
t 67 28
m0 3 1
1 9 12
2 9 12
3 9 12
t 66 28
m0 3 1
1 9 11
2 9 11
3 9 11
t 65 28
m0 3 1
1 9 12
2 9 12
3 9 12
t 64 28
m0 3 1
1 9 11
2 9 11
3 9 11
t 63 28
m0 3 1
1 8 11
2 8 11
3 8 11
t 62 28
m0 3 1
1 9 11
2 9 11
3 9 11
t 61 28
m0 3 1
1 8 11
2 8 11
3 8 11
t 60 28
m0 3 1
1 9 11
2 9 11
3 9 11
t 59 28
m0 3 1
1 9 12
2 9 12
3 9 12
t 58 28
m0 3 1
1 9 11
2 9 11
3 9 11
t 57 28
m0 3 1
1 9 10
2 9 10
3 9 10
t 56 28
m0 3 1
1 9 11
2 9 11
3 9 11
t 55 28
m0 3 1
1 9 12
2 9 12
3 9 12
t 54 28
m0 3 1
1 9 11
2 9 11
3 9 11
t 53 28
m0 3 1
1 9 12
2 9 12
3 9 12
t 52 28
m0 3 1
1 9 11
2 9 11
3 9 11
t 51 28
m0 3 1
1 8 11
2 8 11
3 8 11
t 50 28
m0 3 1
1 8 10
2 8 10
3 8 10
t 49 28
m0 3 1
1 9 10
2 9 10
3 9 10
t 48 28
m0 3 1
1 9 11
2 9 11
3 9 11
t 47 28
m0 3 1
1 9 10
2 9 10
3 9 10
t 46 28
m0 3 1
1 9 11
2 9 11
3 9 11
t 45 28
m0 3 1
1 9 10
2 9 10
3 9 10
t 44 28
m0 3 1
1 9 11
2 9 11
3 9 11
t 43 28
m0 3 1
1 8 11
2 8 11
3 8 11
t 42 28
m0 3 1
1 9 11
2 9 11
3 9 11
t 41 28
m0 3 1
1 9 12
2 9 12
3 9 12
t 40 28
m0 3 1
1 9 11
2 9 11
3 9 11
t 39 28
m0 3 1
1 8 11
2 8 11
3 8 11
t 38 28
m0 3 1
1 8 10
2 8 10
3 8 10
t 37 28
m0 3 1
1 9 10
2 9 10
3 9 10
t 36 28
m0 3 1
1 9 11
2 9 11
3 9 11
t 35 28
m0 3 1
1 8 11
2 8 11
3 8 11
t 34 28
m0 3 1
1 9 11
2 9 11
3 9 11
t 33 28
m0 3 1
1 9 10
2 9 10
3 9 10
t 32 28
m0 3 1
1 9 11
2 9 11
3 9 11
t 31 28
m0 3 1
1 8 11
2 8 11
3 8 11
t 30 28
m0 3 1
1 9 11
2 9 11
3 9 11
t 29 28
m0 3 1
1 9 12
2 9 12
3 9 12
t 28 28
m0 3 1
1 9 11
2 9 11
3 9 11
t 27 28
m0 3 1
1 9 12
2 9 12
3 9 12
t 26 28
m0 3 1
1 9 11
2 9 11
3 9 11
t 25 28
m0 3 1
1 9 12
2 9 12
3 9 12
t 24 28
m0 3 1
1 9 11
2 9 11
3 9 11
t 23 28
m0 3 1
1 9 12
2 9 12
3 9 12
t 22 28
m0 3 1
1 9 11
2 9 11
3 9 11
t 21 28
m0 3 1
1 9 10
2 9 10
3 9 10
t 20 28
m0 3 1
1 8 10
2 8 10
3 8 10
t 19 28
m0 3 1
1 8 11
2 8 11
3 8 11
t 18 28
m0 3 1
1 8 10
2 8 10
3 8 10
t 17 28
m0 3 1
1 8 11
2 8 11
3 8 11
t 16 28
m0 3 1
1 8 10
2 8 10
3 8 10
t 15 28
m0 3 1
1 9 10
2 9 10
3 9 10
t 14 28
m0 3 1
1 9 9
2 9 9
3 9 9
t 13 28
m0 3 1
1 9 10
2 9 10
3 9 10
t 12 28
m0 3 1
1 8 10
2 8 10
3 8 10
t 11 28
m0 3 1
1 9 10
2 9 10
3 9 10
t 10 28
m0 3 1
1 9 11
2 9 11
3 9 11
t 9 28
m0 3 1
1 9 10
2 9 10
3 9 10
t 8 28
m0 3 1
1 8 10
2 8 10
3 8 10
t 7 28
m0 3 1
1 8 11
2 8 11
3 8 11
t 6 28
m0 3 1
1 9 11
2 9 11
3 9 11
t 5 28
m0 3 1
1 9 12
2 9 12
3 9 12
t 4 28
m0 3 1
1 9 11
2 9 11
3 9 11
t 3 28
m0 3 1
1 8 11
2 8 11
3 8 11
t 2 28
m0 3 1
1 8 10
2 8 10
3 8 10
t 1 28
m0 3 1
1 8 10
2 8 10
3 8 10
t 0 28
