10
15
w 7 3
w 5 9
w 7 12
w 8 0
w 3 11
w 1 6
w 0 10
w 5 1
w 6 14
w 1 2
w 8 14
w 6 7
w 6 10
w 4 13
w 2 13
w 8 6
w 4 1
w 9 14
w 7 1
w 8 11
w 1 4
w 7 5
w 3 9
w 8 7
w 6 12
w 4 11
w 7 9
w 9 13
w 8 3
w 5 10
w 1 12
w 5 7
w 0 6
w 1 8
w 2 0
w 4 3
w 5 2
p 1 3
p 9 1
p 3 0
p 0 2
p 9 8
p 7 7
p 6 2
p 4 12
p 9 4
p 0 3
p 1 11
p 8 5
p 7 2
p 5 8
p 4 0
p 9 0
p 7 6
p 4 4
p 5 12
p 8 10
p 1 14
p 0 11
p 9 11
p 7 10
p 5 0
p 0 4
p 9 7
p 4 10
p 7 14
p 5 4
p 2 6
p 3 2
p 5 11
p 3 13
p 9 3
p 2 10
p 0 12
p 4 2
p 1 0
p 2 14
p 0 8
p 3 5
p 3 12
p 6 8
p 4 6
p 7 0
p 6 1
p 2 11
p 9 9
p 0 13
p 5 14
p 3 8
p 1 7
p 3 4
p 2 4
p 8 4
m0 0 14
1 9 0
2 9 0
3 9 0
t 300 0
m0 0 14
1 9 1
2 9 1
3 9 1
t 299 0
m0 0 13
1 9 0
2 9 0
3 8 1
t 298 1
m0 0 14
1 9 1
2 9 1
3 8 2
t 297 1
m0 0 13
1 9 0
2 9 0
3 7 2
t 296 1
m0 0 12
1 9 1
2 9 1
3 6 2
t 295 2
m0 0 12
1 9 0
2 9 0
3 6 3
t 294 2
m0 0 12
1 9 1
2 9 1
3 5 3
t 293 2
m0 0 12
1 9 0
2 9 0
3 5 4
t 292 2
m0 0 13
1 9 1
2 9 1
3 4 4
f 4 14
t 291 2
m0 0 14
1 9 0
2 9 0
3 3 4
t 290 2
m0 0 13
1 9 1
2 9 1
3 2 4
t 289 2
m0 0 12
1 9 0
2 9 0
3 2 5
t 288 2
m0 0 12
1 9 1
2 9 1
3 1 5
t 287 2
m0 0 13
1 9 0
2 9 0
3 0 5
t 286 2
m0 0 12
1 9 1
2 9 1
3 1 5
t 285 2
m0 0 13
1 9 0
2 9 0
3 0 5
t 284 2
m0 0 14
1 9 1
2 9 1
3 1 5
t 283 2
m0 1 14
1 9 0
2 9 0
3 0 5
t 282 3
m0 2 14
1 9 1
2 9 1
3 1 5
t 281 4
m0 3 14
1 9 0
2 9 0
3 0 5
t 280 4
m0 3 14
1 9 1
2 9 1
3 1 5
t 279 4
m0 4 14
1 9 0
2 9 0
3 0 5
t 278 14
m0 3 14
1 9 1
2 9 1
3 1 5
t 277 14
m0 4 14
1 9 0
2 9 0
3 0 5
t 276 14
m0 3 14
1 9 1
2 9 1
3 1 5
t 275 14
m0 3 13
1 9 0
2 9 0
3 0 5
t 274 15
m0 3 13
1 9 1
2 9 1
3 1 5
t 273 15
m0 3 14
1 9 0
2 9 0
3 0 5
t 272 15
m0 4 14
1 9 1
2 9 1
3 1 5
t 271 15
m0 5 14
1 9 0
2 9 0
3 0 5
f 1 10
t 270 16
m0 5 13
1 9 1
2 9 1
3 1 5
t 269 16
m0 5 12
1 9 0
2 9 0
3 0 5
t 268 17
m0 5 12
1 9 1
2 9 1
3 1 5
t 267 17
m0 4 12
1 9 0
2 9 0
3 0 5
t 266 18
m0 4 12
1 9 1
2 9 1
3 1 5
t 265 18
m0 3 12
1 9 0
2 9 0
3 0 5
t 264 19
m0 3 12
1 9 1
2 9 1
3 1 5
t 263 19
m0 3 12
1 9 0
2 9 0
3 0 5
t 262 19
m0 3 12
1 9 1
2 9 1
3 1 5
t 261 19
m0 4 12
1 9 0
2 9 0
3 0 5
t 260 19
m0 5 12
1 9 1
2 9 1
3 1 5
t 259 19
m0 5 13
1 9 0
2 9 0
3 0 5
t 258 19
m0 5 14
1 9 1
2 9 1
3 1 5
t 257 19
m0 5 13
1 9 0
2 9 0
3 0 5
t 256 19
m0 5 12
1 9 1
2 9 1
3 1 5
t 255 19
m0 5 13
1 9 0
2 9 0
3 0 5
t 254 19
m0 5 12
1 9 1
2 9 1
3 1 5
t 253 19
m0 5 12
1 9 0
2 9 0
3 0 5
t 252 19
m0 5 12
1 9 1
2 9 1
3 1 5
t 251 19
m0 5 11
1 9 0
2 9 0
3 0 5
t 250 20
m0 5 11
1 9 1
2 9 1
3 1 5
t 249 20
m0 5 12
1 9 0
2 9 0
3 0 5
t 248 20
m0 5 13
1 9 1
2 9 1
3 1 5
t 247 20
m0 5 13
1 9 0
2 9 0
3 0 5
t 246 20
m0 6 13
1 9 1
2 9 1
3 1 5
t 245 20
m0 5 13
1 9 0
2 9 0
3 0 5
t 244 20
m0 5 14
1 9 1
2 9 1
3 1 5
t 243 20
m0 5 14
1 9 0
2 9 0
3 0 5
t 242 20
m0 5 13
1 9 1
2 9 1
3 1 5
t 241 20
m0 5 14
1 9 0
2 9 0
3 0 5
t 240 20
m0 5 13
1 9 1
2 9 1
3 1 5
t 239 20
m0 5 13
1 9 0
2 9 0
3 0 5
t 238 20
m0 5 14
1 9 1
2 9 1
3 1 5
t 237 20
m0 5 14
1 9 0
2 9 0
3 0 5
t 236 20
m0 5 14
1 9 1
2 9 1
3 1 5
t 235 20
m0 5 13
1 9 0
2 9 0
3 0 5
t 234 20
m0 5 12
1 9 1
2 9 1
3 1 5
t 233 20
m0 5 12
1 9 0
2 9 0
3 0 5
t 232 20
m0 5 11
1 9 1
2 9 1
3 1 5
t 231 20
m0 5 11
1 9 0
2 9 0
3 0 5
t 230 20
m0 5 12
1 9 1
2 9 1
3 1 5
t 229 20
m0 5 11
1 9 0
2 9 0
3 0 5
t 228 20
m0 5 12
1 9 1
2 9 1
3 1 5
t 227 20
m0 5 11
1 9 0
2 9 0
3 0 5
t 226 20
m0 5 12
1 9 1
2 9 1
3 1 5
t 225 20
m0 5 13
1 9 0
2 9 0
3 0 5
t 224 20
m0 5 14
1 9 1
2 9 1
3 1 5
t 223 20
m0 5 14
1 9 0
2 9 0
3 0 5
t 222 20
m0 5 13
1 9 1
2 9 1
3 1 5
t 221 20
m0 6 13
1 9 0
2 9 0
3 0 5
t 220 20
m0 7 13
1 9 1
2 9 1
3 1 5
t 219 20
m0 7 13
1 9 0
2 9 0
3 0 5
t 218 20
m0 7 13
1 9 1
2 9 1
3 1 5
t 217 20
m0 6 13
1 9 0
2 9 0
3 0 5
t 216 20
m0 5 13
1 9 1
2 9 1
3 1 5
t 215 20
m0 5 12
1 9 0
2 9 0
3 0 5
t 214 20
m0 5 13
1 9 1
2 9 1
3 1 5
t 213 20
m0 5 14
1 9 0
2 9 0
3 0 5
t 212 20
m0 5 14
1 9 1
2 9 1
3 1 5
t 211 20
m0 5 13
1 9 0
2 9 0
3 0 5
t 210 20
m0 5 12
1 9 1
2 9 1
3 1 5
t 209 20
m0 5 12
1 9 0
2 9 0
3 0 5
t 208 20
m0 4 12
1 9 1
2 9 1
3 1 5
t 207 20
m0 5 12
1 9 0
2 9 0
3 0 5
t 206 20
m0 5 11
1 9 1
2 9 1
3 1 5
t 205 20
m0 5 12
1 9 0
2 9 0
3 0 5
t 204 20
m0 5 11
1 9 1
2 9 1
3 1 5
t 203 20
m0 5 11
1 9 0
2 9 0
3 0 5
t 202 20
m0 5 12
1 9 1
2 9 1
3 1 5
t 201 20
m0 5 13
1 9 0
2 9 0
3 0 5
t 200 20
m0 6 13
1 9 1
2 9 1
3 1 5
t 199 20
m0 6 13
1 9 0
2 9 0
3 0 5
t 198 20
m0 6 13
1 9 1
2 9 1
3 1 5
t 197 20
m0 5 13
1 9 0
2 9 0
3 0 5
t 196 20
m0 5 12
1 9 1
2 9 1
3 1 5
t 195 20
m0 5 11
1 9 0
2 9 0
3 0 5
t 194 20
m0 5 12
1 9 1
2 9 1
3 1 5
t 193 20
m0 5 12
1 9 0
2 9 0
3 0 5
t 192 20
m0 5 11
1 9 1
2 9 1
3 1 5
t 191 20
m0 6 11
1 9 0
2 9 0
3 0 5
t 190 20
m0 6 11
1 9 1
2 9 1
3 1 5
t 189 20
m0 6 11
1 9 0
2 9 0
3 0 5
t 188 20
m0 6 11
1 9 1
2 9 1
3 1 5
t 187 20
m0 5 11
1 9 0
2 9 0
3 0 5
t 186 20
m0 5 12
1 9 1
2 9 1
3 1 5
t 185 20
m0 5 13
1 9 0
2 9 0
3 0 5
t 184 20
m0 5 12
1 9 1
2 9 1
3 1 5
t 183 20
m0 5 11
1 9 0
2 9 0
3 0 5
t 182 20
m0 5 11
1 9 1
2 9 1
3 1 5
t 181 20
m0 5 11
1 9 0
2 9 0
3 0 5
t 180 20
m0 5 12
1 9 1
2 9 1
3 1 5
t 179 20
m0 4 12
1 9 0
2 9 0
3 0 5
t 178 20
m0 3 12
1 9 1
2 9 1
3 1 5
t 177 20
m0 3 12
1 9 0
2 9 0
3 0 5
t 176 20
m0 3 12
1 9 1
2 9 1
3 1 5
t 175 20
m0 2 12
1 9 0
2 9 0
3 0 5
t 174 20
m0 2 11
1 9 1
2 9 1
3 1 5
t 173 21
m0 2 10
1 9 0
2 9 0
3 0 5
t 172 22
m0 1 10
1 9 1
2 9 1
3 1 5
t 171 32
m0 1 10
1 9 0
2 9 0
3 0 5
t 170 32
m0 1 9
1 9 1
2 9 1
3 1 5
t 169 32
m0 0 9
1 9 0
2 9 0
3 0 5
t 168 32
m0 0 8
1 9 1
2 9 1
3 1 5
t 167 33
m0 0 8
1 9 0
2 9 0
3 0 5
t 166 33
m0 0 9
1 9 1
2 9 1
3 1 5
t 165 33
m0 0 9
1 9 0
2 9 0
3 0 5
t 164 33
m0 1 9
1 9 1
2 9 1
3 1 5
t 163 33
m0 1 10
1 9 0
2 9 0
3 0 5
t 162 33
m0 2 10
1 9 1
2 9 1
3 1 5
t 161 33
m0 2 10
1 9 0
2 9 0
3 0 5
t 160 33
m0 1 10
1 9 1
2 9 1
3 1 5
t 159 33
m0 1 9
1 9 0
2 9 0
3 0 5
t 158 33
m0 2 9
1 9 1
2 9 1
3 1 5
t 157 33
m0 2 9
1 9 0
2 9 0
3 0 5
t 156 33
m0 2 9
1 9 1
2 9 1
3 1 5
t 155 33
m0 2 9
1 9 0
2 9 0
3 0 5
t 154 33
m0 1 9
1 9 1
2 9 1
3 1 5
t 153 33
m0 2 9
1 9 0
2 9 0
3 0 5
t 152 33
m0 2 10
1 9 1
2 9 1
3 1 5
t 151 33
m0 2 11
1 9 0
2 9 0
3 0 5
t 150 33
m0 1 11
1 9 1
2 9 1
3 1 5
t 149 34
m0 1 11
1 9 0
2 9 0
3 0 5
t 148 34
m0 1 10
1 9 1
2 9 1
3 1 5
t 147 34
m0 1 10
1 9 0
2 9 0
3 0 5
t 146 34
m0 1 9
1 9 1
2 9 1
3 1 5
t 145 34
m0 1 10
1 9 0
2 9 0
3 0 5
t 144 34
m0 2 10
1 9 1
2 9 1
3 1 5
t 143 34
m0 3 10
1 9 0
2 9 0
3 0 5
t 142 34
m0 3 10
1 9 1
2 9 1
3 1 5
t 141 34
m0 4 10
1 9 0
2 9 0
3 0 5
t 140 35
m0 4 9
1 9 1
2 9 1
3 1 5
t 139 35
m0 4 8
1 9 0
2 9 0
3 0 5
t 138 35
m0 4 8
1 9 1
2 9 1
3 1 5
t 137 35
m0 4 7
1 9 0
2 9 0
3 0 5
t 136 35
m0 4 6
1 9 1
2 9 1
3 1 5
t 135 36
m0 4 6
1 9 0
2 9 0
3 0 5
t 134 36
m0 5 6
1 9 1
2 9 1
3 1 5
t 133 36
m0 5 6
1 9 0
2 9 0
3 0 5
t 132 36
m0 4 6
1 9 1
2 9 1
3 1 5
t 131 36
m0 4 5
1 9 0
2 9 0
3 0 5
t 130 36
m0 4 4
1 9 1
2 9 1
3 1 5
t 129 37
m0 3 4
1 9 0
2 9 0
3 0 5
t 128 38
m0 3 3
1 9 1
2 9 1
3 1 5
t 127 38
m0 3 2
1 9 0
2 9 0
3 0 5
t 126 39
m0 3 3
1 9 1
2 9 1
3 1 5
t 125 39
m0 3 2
1 9 0
2 9 0
3 0 5
t 124 39
m0 2 2
1 9 1
2 9 1
3 1 5
t 123 39
m0 2 1
1 9 0
2 9 0
3 0 5
t 122 39
m0 2 1
1 9 1
2 9 1
3 1 5
t 121 39
m0 2 1
1 9 0
2 9 0
3 0 5
t 120 39
m0 1 1
1 9 1
2 9 1
3 1 5
t 119 39
m0 1 0
1 9 0
2 9 0
3 0 5
t 118 40
m0 1 1
1 9 1
2 9 1
3 1 5
t 117 40
m0 2 1
1 9 0
2 9 0
3 0 5
f 5 5
t 116 40
m0 2 2
1 9 1
2 9 1
3 1 5
t 115 40
m0 3 2
1 9 0
2 9 0
3 0 5
t 114 40
m0 3 3
1 9 1
2 9 1
3 1 5
t 113 40
m0 3 4
1 9 0
2 9 0
3 0 5
t 112 40
m0 3 5
1 9 1
2 9 1
3 1 5
t 111 41
m0 3 5
1 9 0
2 9 0
3 0 5
t 110 41
m0 4 5
1 9 1
2 9 1
3 1 5
t 109 41
m0 5 5
1 9 0
2 9 0
3 0 5
t 108 51
m0 5 6
1 9 1
2 9 1
3 1 5
t 107 51
m0 4 6
1 9 0
2 9 0
3 0 5
t 106 51
m0 4 5
1 9 1
2 9 1
3 1 5
t 105 51
m0 3 5
1 9 0
2 9 0
3 0 5
t 104 51
m0 3 5
1 9 1
2 9 1
3 1 5
t 103 51
m0 2 5
1 9 0
2 9 0
3 0 5
f 4 8
t 102 51
m0 3 5
1 9 1
2 9 1
3 1 5
t 101 51
m0 2 5
1 9 0
2 9 0
3 0 5
t 100 51
m0 2 6
1 9 1
2 9 1
3 1 5
t 99 52
m0 2 7
1 9 0
2 9 0
3 0 5
t 98 52
m0 3 7
1 9 1
2 9 1
3 1 5
t 97 52
m0 2 7
1 9 0
2 9 0
3 0 5
t 96 52
m0 3 7
1 9 1
2 9 1
3 1 5
t 95 52
m0 3 6
1 9 0
2 9 0
3 0 5
t 94 52
m0 3 7
1 9 1
2 9 1
3 1 5
t 93 52
m0 3 6
1 9 0
2 9 0
3 0 5
t 92 52
m0 4 6
1 9 1
2 9 1
3 1 5
t 91 52
m0 4 7
1 9 0
2 9 0
3 0 5
t 90 52
m0 4 8
1 9 1
2 9 1
3 1 5
t 89 62
m0 4 9
1 9 0
2 9 0
3 0 5
t 88 62
m0 4 8
1 9 1
2 9 1
3 1 5
t 87 62
m0 3 8
1 9 0
2 9 0
3 0 5
t 86 63
m0 2 8
1 9 1
2 9 1
3 1 5
t 85 63
m0 2 8
1 9 0
2 9 0
3 0 5
t 84 63
m0 2 7
1 9 1
2 9 1
3 1 5
t 83 63
m0 2 6
1 9 0
2 9 0
3 0 5
t 82 63
m0 2 7
1 9 1
2 9 1
3 1 5
t 81 63
m0 3 7
1 9 0
2 9 0
3 0 5
t 80 63
m0 4 7
1 9 1
2 9 1
3 1 5
t 79 63
m0 4 6
1 9 0
2 9 0
3 0 5
t 78 63
m0 4 5
1 9 1
2 9 1
3 1 5
t 77 63
m0 4 4
1 9 0
2 9 0
3 0 5
t 76 63
m0 5 4
1 9 1
2 9 1
3 1 5
t 75 64
m0 6 4
1 9 0
2 9 0
3 0 5
t 74 64
m0 6 4
1 9 1
2 9 1
3 1 5
t 73 64
m0 5 4
1 9 0
2 9 0
3 0 5
t 72 64
m0 4 4
1 9 1
2 9 1
3 1 5
t 71 64
m0 5 4
1 9 0
2 9 0
3 0 5
t 70 64
m0 5 3
1 9 1
2 9 1
3 1 5
t 69 64
m0 5 4
1 9 0
2 9 0
3 0 5
t 68 64
m0 6 4
1 9 1
2 9 1
3 1 5
t 67 64
m0 6 5
1 9 0
2 9 0
3 0 5
t 66 64
m0 5 5
1 9 1
2 9 1
3 1 5
t 65 64
m0 4 5
1 9 0
2 9 0
3 0 5
f 3 6
t 64 64
m0 4 6
1 9 1
2 9 1
3 1 5
t 63 64
m0 3 6
1 9 0
2 9 0
3 0 5
t 62 74
m0 3 7
1 9 1
2 9 1
3 1 5
t 61 74
m0 4 7
1 9 0
2 9 0
3 0 5
t 60 74
m0 4 6
1 9 1
2 9 1
3 1 5
t 59 74
m0 4 7
1 9 0
2 9 0
3 0 5
t 58 74
m0 4 7
1 9 1
2 9 1
3 1 5
t 57 74
m0 4 7
1 9 0
2 9 0
3 0 5
t 56 74
m0 4 7
1 9 1
2 9 1
3 1 5
t 55 74
m0 4 6
1 9 0
2 9 0
3 0 5
t 54 74
m0 4 5
1 9 1
2 9 1
3 1 5
t 53 74
m0 5 5
1 9 0
2 9 0
3 0 5
t 52 74
m0 5 4
1 9 1
2 9 1
3 1 5
t 51 74
m0 5 5
1 9 0
2 9 0
3 0 5
t 50 74
m0 6 5
1 9 1
2 9 1
3 1 5
t 49 74
m0 6 6
1 9 0
2 9 0
3 0 5
t 48 74
m0 7 6
1 9 1
2 9 1
3 1 5
t 47 75
m0 7 6
1 9 0
2 9 0
3 0 5
t 46 75
m0 7 7
1 9 1
2 9 1
3 1 5
t 45 76
m0 7 7
1 9 0
2 9 0
3 0 5
t 44 76
m0 7 8
1 9 1
2 9 1
3 1 5
t 43 76
m0 8 8
1 9 0
2 9 0
3 0 5
f 6 3
t 42 76
m0 9 8
1 9 1
2 9 1
3 1 5
t 41 77
m0 9 9
1 9 0
2 9 0
3 0 5
t 40 78
m0 9 10
1 9 1
2 9 1
3 1 5
t 39 78
m0 8 10
1 9 0
2 9 0
3 0 5
t 38 79
m0 8 9
1 9 1
2 9 1
3 1 5
t 37 79
m0 8 9
1 9 0
2 9 0
3 0 5
t 36 79
m0 8 10
1 9 1
2 9 1
3 1 5
t 35 79
m0 9 10
1 9 0
2 9 0
3 0 5
t 34 79
m0 9 11
1 9 1
2 9 1
3 1 5
t 33 80
m0 9 12
1 9 0
2 9 0
3 0 5
t 32 80
m0 9 12
1 9 1
2 9 1
3 1 5
t 31 80
m0 9 11
1 9 0
2 9 0
3 0 5
t 30 80
m0 9 10
1 9 1
2 9 1
3 1 5
t 29 80
m0 9 11
1 9 0
2 9 0
3 0 5
t 28 80
m0 9 12
1 9 1
2 9 1
3 1 5
t 27 80
m0 9 11
1 9 0
2 9 0
3 0 5
t 26 80
m0 9 12
1 9 1
2 9 1
3 1 5
t 25 80
m0 9 11
1 9 0
2 9 0
3 0 5
t 24 80
m0 9 12
1 9 1
2 9 1
3 1 5
t 23 80
m0 9 11
1 9 0
2 9 0
3 0 5
t 22 80
m0 9 10
1 9 1
2 9 1
3 1 5
t 21 80
m0 8 10
1 9 0
2 9 0
3 0 5
t 20 80
m0 8 10
1 9 1
2 9 1
3 1 5
t 19 80
m0 8 10
1 9 0
2 9 0
3 0 5
t 18 80
m0 9 10
1 9 1
2 9 1
3 1 5
t 17 80
m0 9 9
1 9 0
2 9 0
3 0 5
t 16 80
m0 9 10
1 9 1
2 9 1
3 1 5
t 15 80
m0 9 10
1 9 0
2 9 0
3 0 5
t 14 80
m0 9 9
1 9 1
2 9 1
3 1 5
t 13 80
m0 9 9
1 9 0
2 9 0
3 0 5
t 12 80
m0 9 10
1 9 1
2 9 1
3 1 5
t 11 80
m0 8 10
1 9 0
2 9 0
3 0 5
t 10 80
m0 7 10
1 9 1
2 9 1
3 1 5
t 9 81
m0 7 10
1 9 0
2 9 0
3 0 5
t 8 81
m0 7 10
1 9 1
2 9 1
3 1 5
t 7 81
m0 7 10
1 9 0
2 9 0
3 0 5
t 6 81
m0 8 10
1 9 1
2 9 1
3 1 5
t 5 81
m0 8 10
1 9 0
2 9 0
3 0 5
t 4 81
m0 8 9
1 9 1
2 9 1
3 1 5
t 3 81
m0 9 9
1 9 0
2 9 0
3 0 5
t 2 81
m0 8 9
1 9 1
2 9 1
3 1 5
t 1 81
m0 8 10
1 9 1
2 9 1
3 1 5
t 0 81
