10
15
w 6 9
w 7 12
w 3 0
w 5 6
w 7 7
w 5 13
w 2 5
w 0 3
w 4 0
w 4 9
w 6 7
w 4 4
w 6 3
w 5 0
w 0 4
w 1 1
w 6 4
w 4 10
w 3 2
w 9 14
w 8 2
w 3 13
w 8 11
w 6 0
w 8 7
w 3 5
w 2 7
w 7 9
w 9 13
w 3 12
w 1 12
w 7 13
w 5 7
w 9 9
w 1 7
w 0 9
w 8 4
p 4 7
p 1 3
p 9 1
p 2 8
p 0 2
p 3 11
p 0 7
p 8 9
p 4 12
p 1 6
p 6 2
p 9 4
p 3 7
p 8 5
p 5 8
p 6 14
p 1 2
p 3 3
p 2 9
p 3 10
p 6 10
p 1 14
p 8 10
p 7 6
p 1 5
p 0 11
p 3 6
p 2 2
p 9 7
p 7 14
p 0 0
p 6 11
p 1 4
p 0 12
p 2 10
p 7 5
p 0 5
p 4 2
p 1 0
p 0 8
p 9 6
p 4 11
p 0 1
p 8 3
p 5 10
p 6 8
p 0 13
p 2 11
p 7 4
p 3 8
p 1 8
p 0 6
p 8 8
p 4 3
p 2 4
p 9 12
m0 0 14
1 9 0
2 9 0
3 9 0
t 300 0
m0 1 14
1 8 0
2 8 0
3 8 0
t 299 1
m0 2 14
1 9 0
2 9 0
3 9 0
t 298 1
m0 2 13
1 8 0
2 8 0
3 8 0
f 8 1
t 297 1
m0 2 13
1 9 0
2 9 0
3 9 0
t 296 1
m0 1 13
1 8 0
2 8 0
3 8 0
t 295 1
m0 2 13
1 9 0
2 9 0
3 9 0
t 294 1
m0 1 13
1 8 0
2 8 0
3 8 0
t 293 1
m0 1 13
1 9 0
2 9 0
3 9 0
t 292 1
m0 0 13
1 8 0
2 8 0
3 8 0
t 291 2
m0 0 13
1 9 0
2 9 0
3 9 0
t 290 2
m0 0 12
1 8 0
2 8 0
3 8 0
t 289 3
m0 0 11
1 9 0
2 9 0
3 9 0
t 288 4
m0 0 10
1 8 0
2 8 0
3 8 0
t 287 4
m0 1 10
1 9 0
2 9 0
3 9 0
t 286 4
m0 0 10
1 8 0
2 8 0
3 8 0
t 285 4
m0 1 10
1 9 0
2 9 0
3 9 0
t 284 4
m0 2 10
1 8 0
2 8 0
3 8 0
t 283 5
m0 2 10
1 9 0
2 9 0
3 9 0
t 282 5
m0 2 11
1 8 0
2 8 0
3 8 0
t 281 6
m0 1 11
1 9 0
2 9 0
3 9 0
t 280 6
m0 1 11
1 8 0
2 8 0
3 8 0
t 279 6
m0 2 11
1 9 0
2 9 0
3 9 0
t 278 6
m0 2 12
1 8 0
2 8 0
3 8 0
t 277 6
m0 2 12
1 9 0
2 9 0
3 9 0
t 276 6
m0 2 13
1 8 0
2 8 0
3 8 0
t 275 6
m0 2 12
1 9 0
2 9 0
3 9 0
t 274 6
m0 2 12
1 8 0
2 8 0
3 8 0
t 273 6
m0 2 12
1 9 0
2 9 0
3 9 0
t 272 6
m0 2 13
1 8 0
2 8 0
3 8 0
t 271 6
m0 2 13
1 9 0
2 9 0
3 9 0
t 270 6
m0 2 13
1 8 0
2 8 0
3 8 0
t 269 6
m0 2 14
1 9 0
2 9 0
3 9 0
t 268 6
m0 2 13
1 8 0
2 8 0
3 8 0
t 267 6
m0 2 12
1 9 0
2 9 0
3 9 0
t 266 6
m0 2 11
1 8 0
2 8 0
3 8 0
t 265 6
m0 2 11
1 9 0
2 9 0
3 9 0
t 264 6
m0 3 11
1 8 0
2 8 0
3 8 0
t 263 7
m0 3 11
1 9 0
2 9 0
3 9 0
t 262 7
m0 4 11
1 8 0
2 8 0
3 8 0
t 261 8
m0 4 11
1 9 0
2 9 0
3 9 0
t 260 8
m0 4 11
1 8 0
2 8 0
3 8 0
t 259 8
m0 4 11
1 9 0
2 9 0
3 9 0
t 258 8
m0 5 11
1 8 0
2 8 0
3 8 0
t 257 8
m0 5 12
1 9 0
2 9 0
3 9 0
t 256 8
m0 6 12
1 8 0
2 8 0
3 8 0
t 255 8
m0 6 12
1 9 0
2 9 0
3 9 0
t 254 8
m0 6 12
1 8 0
2 8 0
3 8 0
t 253 8
m0 6 11
1 9 0
2 9 0
3 9 0
t 252 9
m0 6 12
1 8 0
2 8 0
3 8 0
t 251 9
m0 6 13
1 9 0
2 9 0
3 9 0
t 250 9
m0 6 13
1 8 0
2 8 0
3 8 0
t 249 9
m0 6 13
1 9 0
2 9 0
3 9 0
t 248 9
m0 6 13
1 8 0
2 8 0
3 8 0
t 247 9
m0 6 14
1 9 0
2 9 0
3 9 0
t 246 10
m0 7 14
1 8 0
2 8 0
3 8 0
t 245 11
m0 6 14
1 9 0
2 9 0
3 9 0
t 244 11
m0 6 13
1 8 0
2 8 0
3 8 0
t 243 11
m0 6 14
1 9 0
2 9 0
3 9 0
t 242 11
m0 7 14
1 8 0
2 8 0
3 8 0
t 241 11
m0 6 14
1 9 0
2 9 0
3 9 0
t 240 11
m0 6 13
1 8 0
2 8 0
3 8 0
t 239 11
m0 6 14
1 9 0
2 9 0
3 9 0
t 238 11
m0 6 13
1 8 0
2 8 0
3 8 0
t 237 11
m0 6 12
1 9 0
2 9 0
3 9 0
t 236 11
m0 6 11
1 8 0
2 8 0
3 8 0
t 235 11
m0 5 11
1 9 0
2 9 0
3 9 0
t 234 11
m0 5 11
1 8 0
2 8 0
3 8 0
t 233 11
m0 5 11
1 9 0
2 9 0
3 9 0
t 232 11
m0 4 11
1 8 0
2 8 0
3 8 0
t 231 11
m0 4 11
1 9 0
2 9 0
3 9 0
t 230 11
m0 4 11
1 8 0
2 8 0
3 8 0
t 229 11
m0 5 11
1 9 0
2 9 0
3 9 0
t 228 11
m0 4 11
1 8 0
2 8 0
3 8 0
t 227 11
m0 3 11
1 9 0
2 9 0
3 9 0
t 226 11
m0 3 11
1 8 0
2 8 0
3 8 0
t 225 11
m0 3 10
1 9 0
2 9 0
3 9 0
t 224 12
m0 3 11
1 8 0
2 8 0
3 8 0
t 223 12
m0 4 11
1 9 0
2 9 0
3 9 0
t 222 12
m0 5 11
1 8 0
2 8 0
3 8 0
t 221 12
m0 5 11
1 9 0
2 9 0
3 9 0
t 220 12
m0 4 11
1 8 0
2 8 0
3 8 0
t 219 12
m0 4 11
1 9 0
2 9 0
3 9 0
t 218 12
m0 4 11
1 8 0
2 8 0
3 8 0
t 217 12
m0 5 11
1 9 0
2 9 0
3 9 0
t 216 12
m0 5 10
1 8 0
2 8 0
3 8 0
t 215 13
m0 5 9
1 9 0
2 9 0
3 9 0
t 214 13
m0 5 10
1 8 0
2 8 0
3 8 0
t 213 13
m0 6 10
1 9 0
2 9 0
3 9 0
t 212 14
m0 5 10
1 8 0
2 8 0
3 8 0
t 211 14
m0 5 10
1 9 0
2 9 0
3 9 0
t 210 14
m0 5 9
1 8 0
2 8 0
3 8 0
t 209 14
m0 5 9
1 9 0
2 9 0
3 9 0
t 208 14
m0 5 10
1 8 0
2 8 0
3 8 0
t 207 14
m0 6 10
1 9 0
2 9 0
3 9 0
t 206 14
m0 7 10
1 8 0
2 8 0
3 8 0
t 205 14
m0 7 11
1 9 0
2 9 0
3 9 0
t 204 14
m0 7 10
1 8 0
2 8 0
3 8 0
t 203 14
m0 7 10
1 9 0
2 9 0
3 9 0
t 202 14
m0 8 10
1 8 0
2 8 0
3 8 0
t 201 15
m0 8 9
1 9 0
2 9 0
3 9 0
t 200 16
m0 8 8
1 8 0
2 8 0
3 8 0
t 199 17
m0 8 9
1 9 0
2 9 0
3 9 0
t 198 17
m0 8 8
1 8 0
2 8 0
3 8 0
t 197 17
m0 8 8
1 9 0
2 9 0
3 9 0
t 196 17
m0 7 8
1 8 0
2 8 0
3 8 0
t 195 17
m0 6 8
1 9 0
2 9 0
3 9 0
t 194 18
m0 7 8
1 8 0
2 8 0
3 8 0
t 193 18
m0 6 8
1 9 0
2 9 0
3 9 0
t 192 18
m0 6 8
1 8 0
2 8 0
3 8 0
t 191 18
m0 7 8
1 9 0
2 9 0
3 9 0
t 190 18
m0 7 8
1 8 0
2 8 0
3 8 0
t 189 18
m0 8 8
1 9 0
2 9 0
3 9 0
t 188 18
m0 8 8
1 8 0
2 8 0
3 8 0
t 187 18
m0 9 8
1 7 0
2 7 0
3 7 0
t 186 18
m0 8 8
1 8 0
2 8 0
3 8 0
t 185 18
m0 9 8
1 7 0
2 7 0
3 7 0
t 184 18
m0 9 7
1 8 0
2 8 0
3 8 0
t 183 19
m0 9 7
1 7 0
2 7 0
3 7 0
t 182 19
m0 9 6
1 8 0
2 8 0
3 8 0
t 181 20
m0 9 5
1 7 0
2 7 0
3 7 0
t 180 20
m0 9 4
1 8 0
2 8 0
3 8 0
t 179 21
m0 9 3
1 7 0
2 7 0
3 7 0
t 178 21
m0 9 3
1 8 0
2 8 0
3 8 0
t 177 21
m0 8 3
1 9 0
2 9 0
3 9 0
t 176 22
m0 7 3
1 8 0
2 8 0
3 8 0
t 175 22
m0 8 3
1 9 0
2 9 0
3 9 0
t 174 22
m0 7 3
1 8 0
2 8 0
3 8 0
t 173 22
m0 7 4
1 9 0
2 9 0
3 9 0
t 172 23
m0 7 3
1 8 0
2 8 0
3 8 0
t 171 23
m0 8 3
1 9 0
2 9 0
3 9 0
t 170 23
m0 8 3
1 8 0
2 8 0
3 8 0
t 169 23
m0 8 3
1 9 0
2 9 0
3 9 0
t 168 23
m0 9 3
1 8 0
2 8 0
3 8 0
t 167 23
m0 9 4
1 7 0
2 7 0
3 7 0
t 166 23
m0 9 4
1 8 0
2 8 0
3 8 0
t 165 23
m0 9 5
1 7 0
2 7 0
3 7 0
t 164 23
m0 9 4
1 8 0
2 8 0
3 8 0
t 163 23
m0 9 5
1 7 0
2 7 0
3 7 0
t 162 23
m0 9 4
1 8 0
2 8 0
3 8 0
t 161 23
m0 9 4
1 7 0
2 7 0
3 7 0
t 160 23
m0 9 3
1 8 0
2 8 0
3 8 0
t 159 23
m0 9 3
1 7 0
2 7 0
3 7 0
t 158 23
m0 9 4
1 8 0
2 8 0
3 8 0
t 157 23
m0 9 4
1 7 0
2 7 0
3 7 0
t 156 23
m0 9 4
1 8 0
2 8 0
3 8 0
t 155 23
m0 9 5
1 7 0
2 7 0
3 7 0
t 154 23
m0 9 6
1 8 0
2 8 0
3 8 0
t 153 23
m0 9 7
1 7 0
2 7 0
3 7 0
t 152 23
m0 9 8
1 8 0
2 8 0
3 8 0
t 151 23
m0 9 8
1 7 0
2 7 0
3 7 0
t 150 23
m0 9 7
1 8 0
2 8 0
3 8 0
t 149 23
m0 9 7
1 7 0
2 7 0
3 7 0
t 148 23
m0 9 8
1 8 0
2 8 0
3 8 0
t 147 23
m0 9 8
1 7 0
2 7 0
3 7 0
t 146 23
m0 8 8
1 8 0
2 8 0
3 8 0
t 145 23
m0 7 8
1 9 0
2 9 0
3 9 0
t 144 23
m0 6 8
1 8 0
2 8 0
3 8 0
t 143 23
m0 7 8
1 9 0
2 9 0
3 9 0
t 142 23
m0 7 8
1 8 0
2 8 0
3 8 0
t 141 23
m0 6 8
1 9 0
2 9 0
3 9 0
t 140 23
m0 5 8
1 8 0
2 8 0
3 8 0
t 139 24
m0 6 8
1 9 0
2 9 0
3 9 0
t 138 24
m0 7 8
1 8 0
2 8 0
3 8 0
t 137 24
m0 8 8
1 9 0
2 9 0
3 9 0
t 136 24
m0 8 9
1 8 0
2 8 0
3 8 0
t 135 24
m0 8 9
1 9 0
2 9 0
3 9 0
t 134 24
m0 8 10
1 8 0
2 8 0
3 8 0
t 133 24
m0 7 10
1 9 0
2 9 0
3 9 0
t 132 24
m0 7 10
1 8 0
2 8 0
3 8 0
t 131 24
m0 7 11
1 9 0
2 9 0
3 9 0
t 130 24
m0 7 10
1 8 0
2 8 0
3 8 0
t 129 24
m0 6 10
1 9 0
2 9 0
3 9 0
t 128 24
m0 7 10
1 8 0
2 8 0
3 8 0
t 127 24
m0 8 10
1 9 0
2 9 0
3 9 0
t 126 24
m0 9 10
1 8 0
2 8 0
3 8 0
t 125 24
m0 9 10
1 7 0
2 7 0
3 7 0
t 124 24
m0 9 10
1 8 0
2 8 0
3 8 0
t 123 24
m0 8 10
1 9 0
2 9 0
3 9 0
t 122 24
m0 8 10
1 8 0
2 8 0
3 8 0
t 121 24
m0 8 9
1 9 0
2 9 0
3 9 0
t 120 24
m0 8 8
1 8 0
2 8 0
3 8 0
t 119 24
m0 7 8
1 9 0
2 9 0
3 9 0
t 118 24
m0 8 8
1 8 0
2 8 0
3 8 0
t 117 24
m0 7 8
1 9 0
2 9 0
3 9 0
t 116 24
m0 6 8
1 8 0
2 8 0
3 8 0
t 115 24
m0 5 8
1 9 0
2 9 0
3 9 0
t 114 24
m0 6 8
1 8 0
2 8 0
3 8 0
t 113 24
m0 7 8
1 9 0
2 9 0
3 9 0
t 112 24
m0 7 8
1 8 0
2 8 0
3 8 0
t 111 24
m0 8 8
1 9 0
2 9 0
3 9 0
t 110 24
m0 8 9
1 8 0
2 8 0
3 8 0
t 109 24
m0 8 9
1 9 0
2 9 0
3 9 0
t 108 24
m0 8 8
1 8 0
2 8 0
3 8 0
t 107 24
m0 7 8
1 9 0
2 9 0
3 9 0
t 106 24
m0 6 8
1 8 0
2 8 0
3 8 0
t 105 24
m0 5 8
1 9 0
2 9 0
3 9 0
t 104 24
m0 6 8
1 8 0
2 8 0
3 8 0
t 103 24
m0 6 8
1 9 0
2 9 0
3 9 0
t 102 24
m0 5 8
1 8 0
2 8 0
3 8 0
t 101 24
m0 5 8
1 9 0
2 9 0
3 9 0
t 100 24
m0 4 8
1 8 0
2 8 0
3 8 0
t 99 24
m0 5 8
1 9 0
2 9 0
3 9 0
t 98 24
m0 4 8
1 8 0
2 8 0
3 8 0
t 97 24
m0 5 8
1 9 0
2 9 0
3 9 0
t 96 24
m0 4 8
1 8 0
2 8 0
3 8 0
t 95 24
m0 4 7
1 9 0
2 9 0
3 9 0
t 94 25
m0 4 8
1 8 0
2 8 0
3 8 0
t 93 25
m0 4 8
1 9 0
2 9 0
3 9 0
t 92 25
m0 3 8
1 8 0
2 8 0
3 8 0
t 91 26
m0 3 9
1 9 0
2 9 0
3 9 0
t 90 26
m0 2 9
1 8 0
2 8 0
3 8 0
t 89 27
m0 3 9
1 9 0
2 9 0
3 9 0
t 88 27
m0 2 9
1 8 0
2 8 0
3 8 0
t 87 27
m0 2 10
1 9 0
2 9 0
3 9 0
t 86 27
m0 2 9
1 8 0
2 8 0
3 8 0
t 85 27
m0 1 9
1 9 0
2 9 0
3 9 0
t 84 27
m0 1 8
1 8 0
2 8 0
3 8 0
t 83 28
m0 1 8
1 9 0
2 9 0
3 9 0
t 82 28
m0 2 8
1 8 0
2 8 0
3 8 0
t 81 29
m0 1 8
1 9 0
2 9 0
3 9 0
t 80 29
m0 1 8
1 8 0
2 8 0
3 8 0
t 79 29
m0 2 8
1 9 0
2 9 0
3 9 0
t 78 29
m0 2 9
1 8 0
2 8 0
3 8 0
t 77 29
m0 2 8
1 9 0
2 9 0
3 9 0
t 76 29
m0 2 8
1 8 0
2 8 0
3 8 0
t 75 29
m0 1 8
1 9 0
2 9 0
3 9 0
t 74 29
m0 0 8
1 8 0
2 8 0
3 8 0
t 73 30
m0 0 7
1 9 0
2 9 0
3 9 0
t 72 31
m0 0 6
1 8 0
2 8 0
3 8 0
t 71 32
m0 0 6
1 9 0
2 9 0
3 9 0
t 70 32
m0 1 6
1 8 0
2 8 0
3 8 0
t 69 33
m0 2 6
1 9 0
2 9 0
3 9 0
t 68 33
m0 2 6
1 8 0
2 8 0
3 8 0
t 67 33
m0 2 6
1 9 0
2 9 0
3 9 0
t 66 33
m0 3 6
1 8 0
2 8 0
3 8 0
t 65 34
m0 3 7
1 9 0
2 9 0
3 9 0
t 64 35
m0 3 7
1 8 0
2 8 0
3 8 0
t 63 35
m0 3 6
1 9 0
2 9 0
3 9 0
t 62 35
m0 2 6
1 8 0
2 8 0
3 8 0
t 61 35
m0 2 6
1 9 0
2 9 0
3 9 0
t 60 35
m0 3 6
1 8 0
2 8 0
3 8 0
t 59 35
m0 4 6
1 9 0
2 9 0
3 9 0
t 58 35
m0 4 5
1 8 0
2 8 0
3 8 0
t 57 35
m0 4 6
1 9 0
2 9 0
3 9 0
t 56 35
m0 4 5
1 8 0
2 8 0
3 8 0
t 55 35
m0 4 5
1 9 0
2 9 0
3 9 0
t 54 35
m0 5 5
1 8 0
2 8 0
3 8 0
t 53 35
m0 4 5
1 9 0
2 9 0
3 9 0
t 52 35
m0 5 5
1 8 0
2 8 0
3 8 0
t 51 35
m0 4 5
1 9 0
2 9 0
3 9 0
t 50 35
m0 4 5
1 8 0
2 8 0
3 8 0
t 49 35
m0 4 5
1 9 0
2 9 0
3 9 0
t 48 35
m0 5 5
1 8 0
2 8 0
3 8 0
t 47 35
m0 5 4
1 9 0
2 9 0
3 9 0
t 46 35
m0 5 3
1 8 0
2 8 0
3 8 0
t 45 35
m0 5 4
1 9 0
2 9 0
3 9 0
t 44 35
m0 5 3
1 8 0
2 8 0
3 8 0
t 43 35
m0 5 3
1 9 0
2 9 0
3 9 0
t 42 35
m0 5 3
1 8 0
2 8 0
3 8 0
t 41 35
m0 4 3
1 9 0
2 9 0
3 9 0
t 40 36
m0 3 3
1 8 0
2 8 0
3 8 0
t 39 37
m0 3 4
1 9 0
2 9 0
3 9 0
t 38 37
m0 3 3
1 8 0
2 8 0
3 8 0
t 37 37
m0 2 3
1 9 0
2 9 0
3 9 0
t 36 37
m0 2 3
1 8 0
2 8 0
3 8 0
t 35 37
m0 2 4
1 9 0
2 9 0
3 9 0
t 34 38
m0 2 3
1 8 0
2 8 0
3 8 0
t 33 38
m0 2 4
1 9 0
2 9 0
3 9 0
t 32 38
m0 1 4
1 8 0
2 8 0
3 8 0
t 31 39
m0 2 4
1 9 0
2 9 0
3 9 0
t 30 39
m0 1 4
1 8 0
2 8 0
3 8 0
t 29 39
m0 1 3
1 9 0
2 9 0
3 9 0
t 28 40
m0 1 3
1 8 0
2 8 0
3 8 0
t 27 40
m0 2 3
1 9 0
2 9 0
3 9 0
t 26 40
m0 2 3
1 8 0
2 8 0
3 8 0
t 25 40
m0 2 3
1 9 0
2 9 0
3 9 0
t 24 40
m0 3 3
1 8 0
2 8 0
3 8 0
t 23 40
m0 2 3
1 9 0
2 9 0
3 9 0
t 22 40
m0 2 3
1 8 0
2 8 0
3 8 0
t 21 40
m0 1 3
1 9 0
2 9 0
3 9 0
t 20 40
m0 1 2
1 8 0
2 8 0
3 8 0
t 19 41
m0 1 2
1 9 0
2 9 0
3 9 0
t 18 41
m0 2 2
1 8 0
2 8 0
3 8 0
t 17 42
m0 1 2
1 9 0
2 9 0
3 9 0
t 16 42
m0 1 2
1 8 0
2 8 0
3 8 0
t 15 42
m0 0 2
1 9 0
2 9 0
3 9 0
t 14 43
m0 0 2
1 8 0
2 8 0
3 8 0
t 13 43
m0 0 2
1 9 0
2 9 0
3 9 0
t 12 43
m0 0 1
1 8 0
2 8 0
3 8 0
t 11 44
m0 0 1
1 9 0
2 9 0
3 9 0
t 10 44
m0 0 1
1 8 0
2 8 0
3 8 0
t 9 44
m0 0 0
1 9 0
2 9 0
3 9 0
t 8 45
m0 0 1
1 8 0
2 8 0
3 8 0
t 7 45
m0 0 0
1 9 0
2 9 0
3 9 0
t 6 45
m0 1 0
1 9 1
2 9 1
3 9 1
t 5 46
m0 1 0
1 9 2
2 9 2
3 9 2
t 4 46
m0 0 0
1 9 3
2 9 3
3 9 3
t 3 46
m0 1 0
1 9 4
2 9 4
3 9 4
t 2 46
m0 1 0
1 9 5
2 9 5
3 9 5
t 1 46
m0 0 0
1 9 5
2 9 5
3 9 5
t 0 46
