10
15
w 7 3
w 4 7
w 1 3
w 9 1
w 7 12
w 9 8
w 5 13
w 7 7
w 0 7
w 2 12
w 5 1
w 2 5
w 6 10
w 2 13
w 2 2
w 8 6
w 5 4
w 7 14
w 0 0
w 9 14
w 2 10
w 3 9
w 2 3
w 0 5
w 7 5
w 4 2
w 1 0
w 4 11
w 0 1
w 9 13
w 8 3
w 7 8
w 1 12
w 9 9
w 2 0
w 0 9
w 3 4
p 5 9
p 4 8
p 3 0
p 8 0
p 3 11
p 2 1
p 6 2
p 1 6
p 9 4
p 7 11
p 0 3
p 1 11
p 8 5
p 4 0
p 1 2
p 8 14
p 6 7
p 4 9
p 3 3
p 7 6
p 8 10
p 4 13
p 0 11
p 4 1
p 9 7
p 4 10
p 3 2
p 2 6
p 3 13
p 6 11
p 1 13
p 8 11
p 4 14
p 1 4
p 0 12
p 2 14
p 0 8
p 9 6
p 6 5
p 7 9
p 2 7
p 3 5
p 5 10
p 4 6
p 9 2
p 3 1
p 0 13
p 5 7
p 5 14
p 6 13
p 1 7
p 4 3
p 5 2
p 2 4
p 9 12
p 8 4
m0 0 14
1 9 0
2 9 0
3 9 0
t 300 0
m0 0 13
1 8 0
2 8 0
3 8 0
t 299 1
m0 1 13
1 7 0
2 7 0
3 7 0
t 298 2
m0 0 13
1 6 0
2 6 0
3 6 0
t 297 2
m0 0 12
1 5 0
2 5 0
3 5 0
t 296 3
m0 0 11
1 4 0
2 4 0
3 4 0
t 295 4
m0 1 11
1 3 0
2 3 0
3 3 0
t 294 5
m0 2 11
1 3 1
2 3 1
3 3 1
t 293 5
m0 3 11
1 3 2
2 3 2
3 3 2
t 292 6
m0 3 12
1 3 3
2 3 3
3 3 3
t 291 6
m0 3 13
1 4 3
2 4 3
3 4 3
t 290 7
m0 3 14
1 3 3
2 3 3
3 3 3
t 289 7
m0 4 14
1 4 3
2 4 3
3 4 3
t 288 8
m0 5 14
1 5 3
2 5 3
3 5 3
t 287 9
m0 6 14
1 6 3
2 6 3
3 6 3
t 286 9
m0 6 13
1 6 4
2 6 4
3 6 4
t 285 10
m0 7 13
1 7 4
2 7 4
3 7 4
t 284 10
m0 8 13
1 8 4
2 8 4
3 8 4
t 283 10
m0 8 14
1 8 5
2 8 5
3 8 5
f 9 5
t 282 11
m0 8 13
1 9 5
2 9 5
3 9 5
t 281 11
m0 7 13
1 8 5
2 8 5
3 8 5
t 280 11
m0 6 13
1 9 5
2 9 5
3 9 5
t 279 11
m0 6 12
1 8 5
2 8 5
3 8 5
t 278 11
m0 6 11
1 9 5
2 9 5
3 9 5
t 277 12
m0 5 11
1 8 5
2 8 5
3 8 5
t 276 12
m0 5 10
1 9 5
2 9 5
3 9 5
t 275 13
m0 4 10
1 8 5
2 8 5
3 8 5
t 274 14
m0 4 9
1 9 5
2 9 5
3 9 5
t 273 15
m0 5 9
1 8 5
2 8 5
3 8 5
t 272 16
m0 4 9
1 9 5
2 9 5
3 9 5
t 271 16
m0 4 8
1 8 5
2 8 5
3 8 5
t 270 17
m0 3 8
1 9 5
2 9 5
3 9 5
t 269 17
m0 2 8
1 8 5
2 8 5
3 8 5
t 268 17
m0 1 8
1 9 5
2 9 5
3 9 5
t 267 17
m0 0 8
1 8 5
2 8 5
3 8 5
t 266 18
m0 1 8
1 9 5
2 9 5
3 9 5
t 265 18
m0 1 7
1 8 5
2 8 5
3 8 5
t 264 19
m0 2 7
1 9 5
2 9 5
3 9 5
t 263 20
m0 1 7
1 8 5
2 8 5
3 8 5
t 262 20
m0 1 6
1 9 5
2 9 5
3 9 5
t 261 21
m0 2 6
1 8 5
2 8 5
3 8 5
t 260 22
m0 1 6
1 9 5
2 9 5
3 9 5
t 259 22
m0 1 5
1 8 5
2 8 5
3 8 5
t 258 22
m0 1 4
1 8 4
2 8 4
3 8 4
t 257 23
m0 0 4
1 7 4
2 7 4
3 7 4
t 256 23
m0 0 3
1 6 4
2 6 4
3 6 4
t 255 24
m0 0 2
1 6 3
2 6 3
3 6 3
t 254 24
m0 1 2
1 6 2
2 6 2
3 6 2
t 253 25
m0 1 1
1 6 1
2 6 1
3 6 1
t 252 25
m0 2 1
1 7 1
2 7 1
3 7 1
t 251 26
m0 3 1
1 6 1
2 6 1
3 6 1
t 250 27
m0 3 0
1 6 0
2 6 0
3 6 0
t 249 28
m0 3 1
1 5 0
2 5 0
3 5 0
t 248 28
m0 3 2
1 4 0
2 4 0
3 4 0
t 247 29
m0 3 3
1 3 0
2 3 0
3 3 0
t 246 30
m0 4 3
1 4 0
2 4 0
3 4 0
t 245 31
m0 5 3
1 5 0
2 5 0
3 5 0
t 244 31
m0 6 3
1 6 0
2 6 0
3 6 0
t 243 31
m0 5 3
1 5 0
2 5 0
3 5 0
t 242 31
m0 6 3
1 6 0
2 6 0
3 6 0
t 241 31
m0 5 3
1 5 0
2 5 0
3 5 0
t 240 31
m0 6 3
1 6 0
2 6 0
3 6 0
t 239 31
m0 5 3
1 5 0
2 5 0
3 5 0
t 238 31
m0 6 3
1 6 0
2 6 0
3 6 0
t 237 31
m0 5 3
1 5 0
2 5 0
3 5 0
t 236 31
m0 6 3
1 6 0
2 6 0
3 6 0
t 235 31
m0 5 3
1 5 0
2 5 0
3 5 0
t 234 31
m0 6 3
1 6 0
2 6 0
3 6 0
t 233 31
m0 5 3
1 5 0
2 5 0
3 5 0
t 232 31
m0 6 3
1 6 0
2 6 0
3 6 0
t 231 31
m0 5 3
1 5 0
2 5 0
3 5 0
t 230 31
m0 6 3
1 6 0
2 6 0
3 6 0
t 229 31
m0 5 3
1 5 0
2 5 0
3 5 0
t 228 31
m0 6 3
1 6 0
2 6 0
3 6 0
t 227 31
m0 5 3
1 5 0
2 5 0
3 5 0
t 226 31
m0 6 3
1 6 0
2 6 0
3 6 0
t 225 31
m0 5 3
1 5 0
2 5 0
3 5 0
t 224 31
m0 6 3
1 6 0
2 6 0
3 6 0
t 223 31
m0 5 3
1 5 0
2 5 0
3 5 0
t 222 31
m0 6 3
1 6 0
2 6 0
3 6 0
t 221 31
m0 5 3
1 5 0
2 5 0
3 5 0
t 220 31
m0 6 3
1 6 0
2 6 0
3 6 0
t 219 31
m0 5 3
1 5 0
2 5 0
3 5 0
t 218 31
m0 6 3
1 6 0
2 6 0
3 6 0
t 217 31
m0 5 3
1 5 0
2 5 0
3 5 0
t 216 31
m0 6 3
1 6 0
2 6 0
3 6 0
t 215 31
m0 5 3
1 5 0
2 5 0
3 5 0
t 214 31
m0 6 3
1 6 0
2 6 0
3 6 0
t 213 31
m0 5 3
1 5 0
2 5 0
3 5 0
t 212 31
m0 6 3
1 6 0
2 6 0
3 6 0
t 211 31
m0 5 3
1 5 0
2 5 0
3 5 0
t 210 31
m0 6 3
1 6 0
2 6 0
3 6 0
t 209 31
m0 5 3
1 5 0
2 5 0
3 5 0
t 208 31
m0 6 3
1 6 0
2 6 0
3 6 0
t 207 31
m0 5 3
1 5 0
2 5 0
3 5 0
t 206 31
m0 6 3
1 6 0
2 6 0
3 6 0
t 205 31
m0 5 3
1 5 0
2 5 0
3 5 0
t 204 31
m0 6 3
1 6 0
2 6 0
3 6 0
t 203 31
m0 5 3
1 5 0
2 5 0
3 5 0
t 202 31
m0 6 3
1 6 0
2 6 0
3 6 0
t 201 31
m0 5 3
1 5 0
2 5 0
3 5 0
t 200 31
m0 6 3
1 6 0
2 6 0
3 6 0
t 199 31
m0 5 3
1 5 0
2 5 0
3 5 0
t 198 31
m0 6 3
1 6 0
2 6 0
3 6 0
t 197 31
m0 5 3
1 5 0
2 5 0
3 5 0
t 196 31
m0 6 3
1 6 0
2 6 0
3 6 0
t 195 31
m0 5 3
1 5 0
2 5 0
3 5 0
t 194 31
m0 6 3
1 6 0
2 6 0
3 6 0
t 193 31
m0 5 3
1 5 0
2 5 0
3 5 0
t 192 31
m0 6 3
1 6 0
2 6 0
3 6 0
t 191 31
m0 5 3
1 5 0
2 5 0
3 5 0
t 190 31
m0 6 3
1 6 0
2 6 0
3 6 0
t 189 31
m0 5 3
1 5 0
2 5 0
3 5 0
t 188 31
m0 6 3
1 6 0
2 6 0
3 6 0
t 187 31
m0 5 3
1 5 0
2 5 0
3 5 0
t 186 31
m0 6 3
1 6 0
2 6 0
3 6 0
t 185 31
m0 5 3
1 5 0
2 5 0
3 5 0
t 184 31
m0 6 3
1 6 0
2 6 0
3 6 0
t 183 31
m0 5 3
1 5 0
2 5 0
3 5 0
t 182 31
m0 6 3
1 6 0
2 6 0
3 6 0
t 181 31
m0 5 3
1 5 0
2 5 0
3 5 0
t 180 31
m0 6 3
1 6 0
2 6 0
3 6 0
t 179 31
m0 5 3
1 5 0
2 5 0
3 5 0
t 178 31
m0 6 3
1 6 0
2 6 0
3 6 0
t 177 31
m0 5 3
1 5 0
2 5 0
3 5 0
t 176 31
m0 6 3
1 6 0
2 6 0
3 6 0
t 175 31
m0 5 3
1 5 0
2 5 0
3 5 0
t 174 31
m0 6 3
1 6 0
2 6 0
3 6 0
t 173 31
m0 5 3
1 5 0
2 5 0
3 5 0
t 172 31
m0 6 3
1 6 0
2 6 0
3 6 0
t 171 31
m0 5 3
1 5 0
2 5 0
3 5 0
t 170 31
m0 6 3
1 6 0
2 6 0
3 6 0
t 169 31
m0 5 3
1 5 0
2 5 0
3 5 0
t 168 31
m0 6 3
1 6 0
2 6 0
3 6 0
t 167 31
m0 5 3
1 5 0
2 5 0
3 5 0
t 166 31
m0 6 3
1 6 0
2 6 0
3 6 0
t 165 31
m0 5 3
1 5 0
2 5 0
3 5 0
t 164 31
m0 6 3
1 6 0
2 6 0
3 6 0
t 163 31
m0 5 3
1 5 0
2 5 0
3 5 0
t 162 31
m0 6 3
1 6 0
2 6 0
3 6 0
t 161 31
m0 5 3
1 5 0
2 5 0
3 5 0
t 160 31
m0 6 3
1 6 0
2 6 0
3 6 0
t 159 31
m0 5 3
1 5 0
2 5 0
3 5 0
t 158 31
m0 6 3
1 6 0
2 6 0
3 6 0
t 157 31
m0 5 3
1 5 0
2 5 0
3 5 0
t 156 31
m0 6 3
1 6 0
2 6 0
3 6 0
t 155 31
m0 5 3
1 5 0
2 5 0
3 5 0
t 154 31
m0 6 3
1 6 0
2 6 0
3 6 0
t 153 31
m0 5 3
1 5 0
2 5 0
3 5 0
t 152 31
m0 6 3
1 6 0
2 6 0
3 6 0
t 151 31
m0 5 3
1 5 0
2 5 0
3 5 0
t 150 31
m0 6 3
1 6 0
2 6 0
3 6 0
t 149 31
m0 5 3
1 5 0
2 5 0
3 5 0
t 148 31
m0 6 3
1 6 0
2 6 0
3 6 0
t 147 31
m0 5 3
1 5 0
2 5 0
3 5 0
t 146 31
m0 6 3
1 6 0
2 6 0
3 6 0
t 145 31
m0 5 3
1 5 0
2 5 0
3 5 0
t 144 31
m0 6 3
1 6 0
2 6 0
3 6 0
t 143 31
m0 5 3
1 5 0
2 5 0
3 5 0
t 142 31
m0 6 3
1 6 0
2 6 0
3 6 0
t 141 31
m0 5 3
1 5 0
2 5 0
3 5 0
t 140 31
m0 6 3
1 6 0
2 6 0
3 6 0
t 139 31
m0 5 3
1 5 0
2 5 0
3 5 0
t 138 31
m0 6 3
1 6 0
2 6 0
3 6 0
t 137 31
m0 5 3
1 5 0
2 5 0
3 5 0
t 136 31
m0 6 3
1 6 0
2 6 0
3 6 0
t 135 31
m0 5 3
1 5 0
2 5 0
3 5 0
t 134 31
m0 6 3
1 6 0
2 6 0
3 6 0
t 133 31
m0 5 3
1 5 0
2 5 0
3 5 0
t 132 31
m0 6 3
1 6 0
2 6 0
3 6 0
t 131 31
m0 5 3
1 5 0
2 5 0
3 5 0
t 130 31
m0 6 3
1 6 0
2 6 0
3 6 0
t 129 31
m0 5 3
1 5 0
2 5 0
3 5 0
t 128 31
m0 6 3
1 6 0
2 6 0
3 6 0
t 127 31
m0 5 3
1 5 0
2 5 0
3 5 0
t 126 31
m0 6 3
1 6 0
2 6 0
3 6 0
t 125 31
m0 5 3
1 5 0
2 5 0
3 5 0
t 124 31
m0 6 3
1 6 0
2 6 0
3 6 0
t 123 31
m0 5 3
1 5 0
2 5 0
3 5 0
t 122 31
m0 6 3
1 6 0
2 6 0
3 6 0
t 121 31
m0 5 3
1 5 0
2 5 0
3 5 0
t 120 31
m0 6 3
1 6 0
2 6 0
3 6 0
t 119 31
m0 5 3
1 5 0
2 5 0
3 5 0
t 118 31
m0 6 3
1 6 0
2 6 0
3 6 0
t 117 31
m0 5 3
1 5 0
2 5 0
3 5 0
t 116 31
m0 6 3
1 6 0
2 6 0
3 6 0
t 115 31
m0 5 3
1 5 0
2 5 0
3 5 0
t 114 31
m0 6 3
1 6 0
2 6 0
3 6 0
t 113 31
m0 5 3
1 5 0
2 5 0
3 5 0
t 112 31
m0 6 3
1 6 0
2 6 0
3 6 0
t 111 31
m0 5 3
1 5 0
2 5 0
3 5 0
t 110 31
m0 6 3
1 6 0
2 6 0
3 6 0
t 109 31
m0 5 3
1 5 0
2 5 0
3 5 0
t 108 31
m0 6 3
1 6 0
2 6 0
3 6 0
t 107 31
m0 5 3
1 5 0
2 5 0
3 5 0
t 106 31
m0 6 3
1 6 0
2 6 0
3 6 0
t 105 31
m0 5 3
1 5 0
2 5 0
3 5 0
t 104 31
m0 6 3
1 6 0
2 6 0
3 6 0
t 103 31
m0 5 3
1 5 0
2 5 0
3 5 0
t 102 31
m0 6 3
1 6 0
2 6 0
3 6 0
t 101 31
m0 5 3
1 5 0
2 5 0
3 5 0
t 100 31
m0 6 3
1 6 0
2 6 0
3 6 0
t 99 31
m0 5 3
1 5 0
2 5 0
3 5 0
t 98 31
m0 6 3
1 6 0
2 6 0
3 6 0
t 97 31
m0 5 3
1 5 0
2 5 0
3 5 0
t 96 31
m0 6 3
1 6 0
2 6 0
3 6 0
t 95 31
m0 5 3
1 5 0
2 5 0
3 5 0
t 94 31
m0 6 3
1 6 0
2 6 0
3 6 0
t 93 31
m0 5 3
1 5 0
2 5 0
3 5 0
t 92 31
m0 6 3
1 6 0
2 6 0
3 6 0
t 91 31
m0 5 3
1 5 0
2 5 0
3 5 0
t 90 31
m0 6 3
1 6 0
2 6 0
3 6 0
t 89 31
m0 5 3
1 5 0
2 5 0
3 5 0
t 88 31
m0 6 3
1 6 0
2 6 0
3 6 0
t 87 31
m0 5 3
1 5 0
2 5 0
3 5 0
t 86 31
m0 6 3
1 6 0
2 6 0
3 6 0
t 85 31
m0 5 3
1 5 0
2 5 0
3 5 0
t 84 31
m0 6 3
1 6 0
2 6 0
3 6 0
t 83 31
m0 5 3
1 5 0
2 5 0
3 5 0
t 82 31
m0 6 3
1 6 0
2 6 0
3 6 0
t 81 31
m0 5 3
1 5 0
2 5 0
3 5 0
t 80 31
m0 6 3
1 6 0
2 6 0
3 6 0
t 79 31
m0 5 3
1 5 0
2 5 0
3 5 0
t 78 31
m0 6 3
1 6 0
2 6 0
3 6 0
t 77 31
m0 5 3
1 5 0
2 5 0
3 5 0
t 76 31
m0 6 3
1 6 0
2 6 0
3 6 0
t 75 31
m0 5 3
1 5 0
2 5 0
3 5 0
t 74 31
m0 6 3
1 6 0
2 6 0
3 6 0
t 73 31
m0 5 3
1 5 0
2 5 0
3 5 0
t 72 31
m0 6 3
1 6 0
2 6 0
3 6 0
t 71 31
m0 5 3
1 5 0
2 5 0
3 5 0
t 70 31
m0 6 3
1 6 0
2 6 0
3 6 0
t 69 31
m0 5 3
1 5 0
2 5 0
3 5 0
t 68 31
m0 6 3
1 6 0
2 6 0
3 6 0
t 67 31
m0 5 3
1 5 0
2 5 0
3 5 0
t 66 31
m0 6 3
1 6 0
2 6 0
3 6 0
t 65 31
m0 5 3
1 5 0
2 5 0
3 5 0
t 64 31
m0 6 3
1 6 0
2 6 0
3 6 0
t 63 31
m0 5 3
1 5 0
2 5 0
3 5 0
t 62 31
m0 6 3
1 6 0
2 6 0
3 6 0
t 61 31
m0 5 3
1 5 0
2 5 0
3 5 0
t 60 31
m0 6 3
1 6 0
2 6 0
3 6 0
t 59 31
m0 5 3
1 5 0
2 5 0
3 5 0
t 58 31
m0 6 3
1 6 0
2 6 0
3 6 0
t 57 31
m0 5 3
1 5 0
2 5 0
3 5 0
t 56 31
m0 6 3
1 6 0
2 6 0
3 6 0
t 55 31
m0 5 3
1 5 0
2 5 0
3 5 0
t 54 31
m0 6 3
1 6 0
2 6 0
3 6 0
t 53 31
m0 5 3
1 5 0
2 5 0
3 5 0
t 52 31
m0 6 3
1 6 0
2 6 0
3 6 0
t 51 31
m0 5 3
1 5 0
2 5 0
3 5 0
t 50 31
m0 6 3
1 6 0
2 6 0
3 6 0
t 49 31
m0 5 3
1 5 0
2 5 0
3 5 0
t 48 31
m0 6 3
1 6 0
2 6 0
3 6 0
t 47 31
m0 5 3
1 5 0
2 5 0
3 5 0
t 46 31
m0 6 3
1 6 0
2 6 0
3 6 0
t 45 31
m0 5 3
1 5 0
2 5 0
3 5 0
t 44 31
m0 6 3
1 6 0
2 6 0
3 6 0
t 43 31
m0 5 3
1 5 0
2 5 0
3 5 0
t 42 31
m0 6 3
1 6 0
2 6 0
3 6 0
t 41 31
m0 5 3
1 5 0
2 5 0
3 5 0
t 40 31
m0 6 3
1 6 0
2 6 0
3 6 0
t 39 31
m0 5 3
1 5 0
2 5 0
3 5 0
t 38 31
m0 6 3
1 6 0
2 6 0
3 6 0
t 37 31
m0 5 3
1 5 0
2 5 0
3 5 0
t 36 31
m0 6 3
1 6 0
2 6 0
3 6 0
t 35 31
m0 5 3
1 5 0
2 5 0
3 5 0
t 34 31
m0 6 3
1 6 0
2 6 0
3 6 0
t 33 31
m0 5 3
1 5 0
2 5 0
3 5 0
t 32 31
m0 6 3
1 6 0
2 6 0
3 6 0
t 31 31
m0 5 3
1 5 0
2 5 0
3 5 0
t 30 31
m0 6 3
1 6 0
2 6 0
3 6 0
t 29 31
m0 5 3
1 5 0
2 5 0
3 5 0
t 28 31
m0 6 3
1 6 0
2 6 0
3 6 0
t 27 31
m0 5 3
1 5 0
2 5 0
3 5 0
t 26 31
m0 6 3
1 6 0
2 6 0
3 6 0
t 25 31
m0 5 3
1 5 0
2 5 0
3 5 0
t 24 31
m0 6 3
1 6 0
2 6 0
3 6 0
t 23 31
m0 5 3
1 5 0
2 5 0
3 5 0
t 22 31
m0 6 3
1 6 0
2 6 0
3 6 0
t 21 31
m0 5 3
1 5 0
2 5 0
3 5 0
t 20 31
m0 6 3
1 6 0
2 6 0
3 6 0
t 19 31
m0 5 3
1 5 0
2 5 0
3 5 0
t 18 31
m0 6 3
1 6 0
2 6 0
3 6 0
t 17 31
m0 5 3
1 5 0
2 5 0
3 5 0
t 16 31
m0 6 3
1 6 0
2 6 0
3 6 0
t 15 31
m0 5 3
1 5 0
2 5 0
3 5 0
t 14 31
m0 6 3
1 6 0
2 6 0
3 6 0
t 13 31
m0 5 3
1 5 0
2 5 0
3 5 0
t 12 31
m0 6 3
1 6 0
2 6 0
3 6 0
t 11 31
m0 5 3
1 5 0
2 5 0
3 5 0
t 10 31
m0 6 3
1 6 0
2 6 0
3 6 0
t 9 31
m0 5 3
1 5 0
2 5 0
3 5 0
t 8 31
m0 6 3
1 6 0
2 6 0
3 6 0
t 7 31
m0 5 3
1 5 0
2 5 0
3 5 0
t 6 31
m0 6 3
1 6 0
2 6 0
3 6 0
t 5 31
m0 5 3
1 5 0
2 5 0
3 5 0
t 4 31
m0 6 3
1 6 0
2 6 0
3 6 0
t 3 31
m0 5 3
1 5 0
2 5 0
3 5 0
t 2 31
m0 6 3
1 6 0
2 6 0
3 6 0
t 1 31
m0 5 3
1 6 0
2 6 0
3 6 0
t 0 31
