10
15
w 4 7
w 1 3
w 8 13
w 9 1
w 7 12
w 2 8
w 0 7
w 0 10
w 1 11
w 5 8
w 6 7
w 3 3
w 5 12
w 3 10
w 4 4
w 1 5
w 2 13
w 0 11
w 7 10
w 3 6
w 1 10
w 1 1
w 6 4
w 4 10
w 1 13
w 4 14
w 6 0
w 2 3
w 4 2
w 6 5
w 0 1
w 9 13
w 3 12
w 9 2
w 3 1
w 7 13
w 9 12
p 7 3
p 6 6
p 5 6
p 4 8
p 9 8
p 5 13
p 2 1
p 7 7
p 3 11
p 6 2
p 2 12
p 9 4
p 5 1
p 2 5
p 0 3
p 8 5
p 3 14
p 1 2
p 4 9
p 5 5
p 8 1
p 6 10
p 6 3
p 2 2
p 0 4
p 8 6
p 4 1
p 3 2
p 2 6
p 0 0
p 7 1
p 4 5
p 9 3
p 1 4
p 8 7
p 6 12
p 1 0
p 2 14
p 9 6
p 4 11
p 3 5
p 7 9
p 7 0
p 6 8
p 4 6
p 6 1
p 0 13
p 2 11
p 7 4
p 0 6
p 8 8
p 6 13
p 1 7
p 0 9
p 9 5
p 0 2
m0 0 14
1 9 0
2 9 0
3 9 0
t 300 0
m0 1 14
1 8 0
2 8 0
3 8 0
t 299 0
m0 2 14
1 9 0
2 9 0
3 7 0
t 298 1
m0 3 14
1 8 0
2 8 0
3 7 1
t 297 2
m0 3 13
1 7 0
2 9 0
3 7 0
t 296 2
m0 4 13
1 7 1
2 8 0
3 8 0
t 295 2
m0 5 13
1 6 1
2 9 0
3 7 0
t 294 3
m0 6 13
1 6 2
2 8 0
3 7 1
t 293 4
m0 6 12
1 7 2
2 9 0
3 6 1
t 292 5
m0 6 11
1 8 2
2 8 0
3 7 1
t 291 5
m0 7 11
1 7 2
2 8 1
3 7 0
t 290 5
m0 8 11
1 7 3
2 7 1
3 8 0
t 289 5
m0 9 11
1 7 2
2 6 1
3 7 0
t 288 5
m0 9 10
1 7 1
2 5 1
3 7 1
t 287 5
m0 9 9
1 7 0
2 5 0
3 6 1
t 286 5
m0 9 8
1 7 1
2 4 0
3 5 1
t 285 6
m0 9 7
1 7 0
2 3 0
3 4 1
t 284 6
m0 9 6
1 8 0
2 2 0
3 5 1
t 283 7
m0 9 5
1 9 0
2 2 1
3 4 1
t 282 8
m0 9 4
1 8 0
2 2 2
3 4 0
t 281 9
m0 9 3
1 9 0
2 2 1
3 5 0
t 280 10
m0 8 3
1 8 0
2 2 0
3 4 0
t 279 10
m0 9 3
1 7 0
2 1 0
3 3 0
t 278 10
m0 8 3
1 8 0
2 0 0
3 2 0
t 277 10
m0 9 3
1 8 1
2 1 0
3 1 0
t 276 10
m0 8 3
1 8 0
2 0 0
3 2 0
t 275 10
m0 9 3
1 7 0
2 1 0
3 3 0
t 274 10
m0 8 3
1 8 0
2 0 0
3 2 0
t 273 10
m0 9 3
1 9 0
2 1 0
3 1 0
t 272 10
m0 9 3
1 8 0
2 2 0
3 2 0
f 2 7
t 271 10
m0 9 3
1 9 0
2 1 0
3 3 0
t 270 10
m0 9 3
1 8 0
2 0 0
3 2 0
t 269 10
m0 9 3
1 8 1
2 1 0
3 1 0
t 268 10
m0 9 3
1 8 2
2 0 0
3 0 0
t 267 10
m0 9 3
1 8 3
2 1 0
3 1 0
t 266 10
m0 -5 -5
1 9 3
2 2 0
3 0 0
t 265 10
