10
15
w 7 3
w 6 9
w 4 8
w 7 12
w 2 8
w 8 0
w 7 7
w 2 1
w 8 9
w 1 6
w 1 11
w 7 2
w 6 14
w 3 3
w 5 0
w 2 2
w 3 4
w 4 1
w 4 10
w 2 6
w 1 4
w 9 10
w 7 5
w 6 12
w 2 14
w 0 8
w 4 11
w 3 5
w 0 1
w 7 0
w 3 12
w 0 13
w 7 4
w 5 14
w 0 9
w 9 5
w 5 2
p 6 6
p 5 6
p 9 8
p 2 12
p 5 8
p 1 2
p 8 14
p 9 0
p 4 9
p 6 7
p 5 5
p 4 4
p 1 14
p 6 10
p 0 11
p 2 13
p 9 11
p 3 6
p 0 4
p 1 10
p 7 10
p 8 6
p 6 4
p 3 2
p 7 14
p 5 4
p 8 2
p 3 13
p 6 11
p 1 13
p 8 11
p 6 0
p 4 14
p 0 12
p 2 3
p 1 9
p 1 0
p 9 6
p 6 5
p 7 9
p 5 3
p 9 13
p 8 3
p 8 12
p 9 2
p 7 13
p 5 7
p 9 9
p 0 6
p 1 8
p 2 0
p 6 13
p 4 3
p 7 8
p 9 12
p 8 4
m0 0 14
1 9 0
2 9 0
3 9 0
t 300 0
m0 0 14
1 9 1
2 9 1
3 9 1
t 299 0
m0 1 14
1 9 0
2 9 0
3 9 0
t 298 1
m0 1 14
1 9 1
2 9 1
3 9 1
t 297 1
m0 0 14
1 9 0
2 9 0
3 9 0
t 296 1
m0 1 14
1 9 1
2 9 1
3 9 1
t 295 1
m0 1 13
1 9 0
2 9 0
3 9 0
t 294 2
m0 1 12
1 9 1
2 9 1
3 9 1
t 293 2
m0 2 12
1 9 0
2 9 0
3 9 0
t 292 3
m0 1 12
1 9 1
2 9 1
3 9 1
t 291 3
m0 1 13
1 9 0
2 9 0
3 9 0
t 290 3
m0 1 14
1 9 1
2 9 1
3 9 1
t 289 3
m0 0 14
1 9 0
2 9 0
3 9 0
t 288 3
m0 0 14
1 9 1
2 9 1
3 9 1
t 287 3
m0 1 14
1 9 0
2 9 0
3 9 0
t 286 3
m0 1 13
1 9 1
2 9 1
3 9 1
t 285 3
m0 1 12
1 9 0
2 9 0
3 9 0
t 284 3
m0 2 12
1 9 1
2 9 1
3 9 1
t 283 3
m0 2 11
1 9 0
2 9 0
3 9 0
t 282 3
m0 3 11
1 9 1
2 9 1
3 9 1
f 9 3
t 281 3
m0 3 10
1 9 0
2 9 0
3 9 0
t 280 3
m0 2 10
1 9 1
2 9 1
3 9 1
t 279 3
m0 2 10
1 9 0
2 9 0
3 9 0
t 278 3
m0 2 9
1 9 1
2 9 1
3 9 1
t 277 3
m0 2 10
1 9 0
2 9 0
3 9 0
t 276 3
m0 2 10
1 9 1
2 9 1
3 9 1
t 275 3
m0 1 10
1 9 0
2 9 0
3 9 0
t 274 4
m0 2 10
1 9 1
2 9 1
3 9 1
t 273 4
m0 2 10
1 9 0
2 9 0
3 9 0
t 272 4
m0 1 10
1 9 1
2 9 1
3 9 1
t 271 4
m0 2 10
1 9 0
2 9 0
3 9 0
t 270 4
m0 3 10
1 9 1
2 9 1
3 9 1
t 269 4
m0 3 10
1 9 0
2 9 0
3 9 0
t 268 4
m0 3 9
1 9 1
2 9 1
3 9 1
t 267 4
m0 3 10
1 9 0
2 9 0
3 9 0
t 266 4
m0 3 10
1 9 1
2 9 1
3 9 1
t 265 4
m0 3 9
1 9 0
2 9 0
3 9 0
t 264 4
m0 4 9
1 9 1
2 9 1
3 9 1
t 263 5
m0 3 9
1 9 0
2 9 0
3 9 0
t 262 5
m0 3 9
1 9 1
2 9 1
3 9 1
t 261 5
m0 4 9
1 9 0
2 9 0
3 9 0
t 260 5
m0 4 9
1 9 1
2 9 1
3 9 1
t 259 5
m0 5 9
1 9 0
2 9 0
3 9 0
t 258 5
m0 5 10
1 9 1
2 9 1
3 9 1
t 257 5
m0 5 11
1 9 0
2 9 0
3 9 0
t 256 5
m0 6 11
1 9 1
2 9 1
3 9 1
t 255 6
m0 6 11
1 9 0
2 9 0
3 9 0
t 254 6
m0 5 11
1 9 1
2 9 1
3 9 1
t 253 6
m0 6 11
1 9 0
2 9 0
3 9 0
t 252 6
m0 7 11
1 9 1
2 9 1
3 9 1
t 251 6
m0 6 11
1 9 0
2 9 0
3 9 0
t 250 6
m0 7 11
1 9 1
2 9 1
3 9 1
t 249 6
m0 7 10
1 9 0
2 9 0
3 9 0
t 248 7
m0 7 9
1 9 1
2 9 1
3 9 1
t 247 8
m0 7 10
1 9 0
2 9 0
3 9 0
t 246 8
m0 7 9
1 9 1
2 9 1
3 9 1
t 245 8
m0 7 8
1 9 0
2 9 0
3 9 0
t 244 9
m0 7 8
1 9 1
2 9 1
3 9 1
t 243 9
m0 7 8
1 9 0
2 9 0
3 9 0
t 242 9
m0 7 9
1 9 1
2 9 1
3 9 1
t 241 9
m0 7 10
1 9 0
2 9 0
3 9 0
t 240 9
m0 7 9
1 9 1
2 9 1
3 9 1
t 239 9
m0 7 8
1 9 0
2 9 0
3 9 0
t 238 9
m0 6 8
1 9 1
2 9 1
3 9 1
t 237 9
m0 5 8
1 9 0
2 9 0
3 9 0
t 236 10
m0 6 8
1 9 1
2 9 1
3 9 1
t 235 10
m0 6 8
1 9 0
2 9 0
3 9 0
t 234 10
m0 6 7
1 9 1
2 9 1
3 9 1
t 233 11
m0 6 6
1 9 0
2 9 0
3 9 0
t 232 12
m0 6 7
1 9 1
2 9 1
3 9 1
t 231 12
m0 6 8
1 9 0
2 9 0
3 9 0
t 230 12
m0 6 8
1 9 1
2 9 1
3 9 1
t 229 12
m0 7 8
1 9 0
2 9 0
3 9 0
t 228 12
m0 6 8
1 9 1
2 9 1
3 9 1
t 227 12
m0 7 8
1 9 0
2 9 0
3 9 0
t 226 12
m0 6 8
1 9 1
2 9 1
3 9 1
t 225 12
m0 7 8
1 9 0
2 9 0
3 9 0
t 224 12
m0 8 8
1 9 1
2 9 1
3 9 1
t 223 12
m0 7 8
1 9 0
2 9 0
3 9 0
t 222 12
m0 7 9
1 9 1
2 9 1
3 9 1
t 221 12
m0 7 10
1 9 0
2 9 0
3 9 0
t 220 12
m0 7 11
1 9 1
2 9 1
3 9 1
t 219 12
m0 7 11
1 9 0
2 9 0
3 9 0
t 218 12
m0 6 11
1 9 1
2 9 1
3 9 1
t 217 12
m0 6 10
1 9 0
2 9 0
3 9 0
t 216 13
m0 6 10
1 9 1
2 9 1
3 9 1
t 215 13
m0 6 10
1 9 0
2 9 0
3 9 0
t 214 13
m0 6 10
1 9 1
2 9 1
3 9 1
t 213 13
m0 6 11
1 9 0
2 9 0
3 9 0
t 212 13
m0 6 10
1 9 1
2 9 1
3 9 1
t 211 13
m0 6 10
1 9 0
2 9 0
3 9 0
t 210 13
m0 6 11
1 9 1
2 9 1
3 9 1
t 209 13
m0 6 11
1 9 0
2 9 0
3 9 0
t 208 13
m0 6 10
1 9 1
2 9 1
3 9 1
t 207 13
m0 6 11
1 9 0
2 9 0
3 9 0
t 206 13
m0 6 11
1 9 1
2 9 1
3 9 1
t 205 13
m0 5 11
1 9 0
2 9 0
3 9 0
t 204 13
m0 5 11
1 9 1
2 9 1
3 9 1
t 203 13
m0 6 11
1 9 0
2 9 0
3 9 0
t 202 13
m0 6 10
1 9 1
2 9 1
3 9 1
t 201 13
m0 6 10
1 9 0
2 9 0
3 9 0
t 200 13
m0 6 10
1 9 1
2 9 1
3 9 1
t 199 13
m0 7 10
1 9 0
2 9 0
3 9 0
t 198 13
m0 7 9
1 9 1
2 9 1
3 9 1
t 197 13
m0 7 8
1 9 0
2 9 0
3 9 0
t 196 13
m0 8 8
1 9 1
2 9 1
3 9 1
t 195 13
m0 9 8
1 9 0
2 9 0
3 9 0
t 194 14
m0 9 7
1 9 1
2 9 1
3 9 1
t 193 14
m0 9 6
1 9 0
2 9 0
3 9 0
t 192 15
m0 8 6
1 9 1
2 9 1
3 9 1
t 191 16
m0 8 5
1 9 0
2 9 0
3 9 0
t 190 16
m0 8 5
1 9 1
2 9 1
3 9 1
t 189 16
m0 8 4
1 9 0
2 9 0
3 9 0
t 188 17
m0 8 5
1 9 1
2 9 1
3 9 1
t 187 17
m0 8 6
1 9 0
2 9 0
3 9 0
t 186 17
m0 8 7
1 9 1
2 9 1
3 9 1
t 185 17
m0 8 8
1 9 0
2 9 0
3 9 0
t 184 17
m0 9 8
1 9 1
2 9 1
3 9 1
t 183 17
m0 9 8
1 9 0
2 9 0
3 9 0
t 182 17
m0 9 7
1 9 1
2 9 1
3 9 1
t 181 17
m0 9 7
1 9 0
2 9 0
3 9 0
t 180 17
m0 9 7
1 9 1
2 9 1
3 9 1
t 179 17
m0 9 8
1 9 0
2 9 0
3 9 0
t 178 17
m0 8 8
1 9 1
2 9 1
3 9 1
t 177 17
m0 9 8
1 9 0
2 9 0
3 9 0
t 176 17
m0 8 8
1 9 1
2 9 1
3 9 1
t 175 17
m0 8 8
1 9 0
2 9 0
3 9 0
t 174 17
m0 7 8
1 9 1
2 9 1
3 9 1
t 173 17
m0 8 8
1 9 0
2 9 0
3 9 0
t 172 17
m0 8 8
1 9 1
2 9 1
3 9 1
t 171 17
m0 8 8
1 9 0
2 9 0
3 9 0
t 170 17
m0 8 7
1 9 1
2 9 1
3 9 1
t 169 17
m0 8 6
1 9 0
2 9 0
3 9 0
t 168 17
m0 8 5
1 9 1
2 9 1
3 9 1
t 167 17
m0 8 4
1 9 0
2 9 0
3 9 0
t 166 17
m0 8 4
1 9 1
2 9 1
3 9 1
t 165 17
m0 8 4
1 9 0
2 9 0
3 9 0
t 164 17
m0 9 4
1 9 1
2 9 1
3 9 1
t 163 17
m0 9 4
1 9 0
2 9 0
3 9 0
t 162 17
m0 9 4
1 9 1
2 9 1
3 9 1
t 161 17
m0 9 4
1 9 0
2 9 0
3 9 0
t 160 17
m0 8 4
1 9 1
2 9 1
3 9 1
t 159 17
m0 9 4
1 9 0
2 9 0
3 9 0
t 158 17
m0 8 4
1 9 1
2 9 1
3 9 1
t 157 17
m0 8 3
1 9 0
2 9 0
3 9 0
t 156 18
m0 8 2
1 9 1
2 9 1
3 9 1
t 155 19
m0 9 2
1 9 0
2 9 0
3 9 0
t 154 20
m0 9 3
1 9 1
2 9 1
3 9 1
t 153 30
m0 9 2
1 9 0
2 9 0
3 9 0
t 152 30
m0 8 2
1 9 1
2 9 1
3 9 1
f 8 5
t 151 30
m0 8 2
1 9 0
2 9 0
3 9 0
t 150 30
m0 8 3
1 9 1
2 9 1
3 9 1
t 149 30
m0 9 3
1 9 0
2 9 0
3 9 0
t 148 30
m0 8 3
1 9 1
2 9 1
3 9 1
t 147 30
m0 9 3
1 9 0
2 9 0
3 9 0
t 146 30
m0 8 3
1 9 1
2 9 1
3 9 1
t 145 30
m0 9 3
1 9 0
2 9 0
3 9 0
t 144 30
m0 9 2
1 9 1
2 9 1
3 9 1
t 143 30
m0 8 2
1 9 0
2 9 0
3 9 0
t 142 30
m0 8 2
1 9 1
2 9 1
3 9 1
t 141 30
m0 9 2
1 9 0
2 9 0
3 9 0
t 140 30
m0 9 2
1 9 1
2 9 1
3 9 1
t 139 30
m0 9 3
1 9 0
2 9 0
3 9 0
t 138 30
m0 9 2
1 9 1
2 9 1
3 9 1
t 137 30
m0 8 2
1 9 0
2 9 0
3 9 0
t 136 30
m0 8 2
1 9 1
2 9 1
3 9 1
t 135 30
m0 8 1
1 9 0
2 9 0
3 9 0
t 134 30
m0 8 1
1 9 1
2 9 1
3 9 1
t 133 30
m0 8 2
1 9 0
2 9 0
3 9 0
t 132 30
m0 8 3
1 9 1
2 9 1
3 9 1
t 131 30
m0 8 4
1 9 0
2 9 0
3 9 0
t 130 30
m0 8 5
1 9 1
2 9 1
3 9 1
t 129 40
m0 8 4
1 9 0
2 9 0
3 9 0
t 128 40
m0 8 4
1 9 1
2 9 1
3 9 1
t 127 40
m0 8 4
1 9 0
2 9 0
3 9 0
t 126 40
m0 8 4
1 9 1
2 9 1
3 9 1
t 125 40
m0 8 5
1 9 0
2 9 0
3 9 0
t 124 40
m0 8 6
1 9 1
2 9 1
3 9 1
t 123 40
m0 9 6
1 9 0
2 9 0
3 9 0
t 122 40
m0 9 6
1 9 1
2 9 1
3 9 1
t 121 40
m0 8 6
1 9 0
2 9 0
3 9 0
t 120 40
m0 8 6
1 9 1
2 9 1
3 9 1
t 119 40
m0 8 6
1 9 0
2 9 0
3 9 0
t 118 40
m0 8 5
1 9 1
2 9 1
3 9 1
t 117 40
m0 8 5
1 9 0
2 9 0
3 9 0
t 116 40
m0 8 6
1 9 1
2 9 1
3 9 1
t 115 40
m0 8 7
1 9 0
2 9 0
3 9 0
t 114 40
m0 9 7
1 9 1
2 9 1
3 9 1
t 113 40
m0 9 6
1 9 0
2 9 0
3 9 0
f 3 10
t 112 40
m0 9 6
1 9 1
2 9 1
3 9 1
t 111 40
m0 9 6
1 9 0
2 9 0
3 9 0
t 110 40
m0 8 6
1 9 1
2 9 1
3 9 1
t 109 40
m0 9 6
1 9 0
2 9 0
3 9 0
t 108 40
m0 9 7
1 9 1
2 9 1
3 9 1
t 107 40
m0 9 8
1 9 0
2 9 0
3 9 0
t 106 40
m0 8 8
1 9 1
2 9 1
3 9 1
t 105 40
m0 7 8
1 9 0
2 9 0
3 9 0
t 104 40
m0 6 8
1 9 1
2 9 1
3 9 1
t 103 40
m0 6 7
1 9 0
2 9 0
3 9 0
t 102 40
m0 5 7
1 9 1
2 9 1
3 9 1
t 101 41
m0 5 6
1 9 0
2 9 0
3 9 0
t 100 42
m0 5 7
1 9 1
2 9 1
3 9 1
t 99 42
m0 5 7
1 9 0
2 9 0
3 9 0
t 98 42
m0 5 7
1 9 1
2 9 1
3 9 1
t 97 42
m0 4 7
1 9 0
2 9 0
3 9 0
t 96 42
m0 3 7
1 9 1
2 9 1
3 9 1
t 95 42
m0 4 7
1 9 0
2 9 0
3 9 0
t 94 42
m0 5 7
1 9 1
2 9 1
3 9 1
t 93 42
m0 5 7
1 9 0
2 9 0
3 9 0
t 92 42
m0 5 8
1 9 1
2 9 1
3 9 1
t 91 42
m0 5 7
1 9 0
2 9 0
3 9 0
t 90 42
m0 5 8
1 9 1
2 9 1
3 9 1
t 89 42
m0 5 7
1 9 0
2 9 0
3 9 0
t 88 42
m0 4 7
1 9 1
2 9 1
3 9 1
t 87 42
m0 4 7
1 9 0
2 9 0
3 9 0
t 86 42
m0 4 6
1 9 1
2 9 1
3 9 1
t 85 42
m0 4 5
1 9 0
2 9 0
3 9 0
t 84 42
m0 4 6
1 9 1
2 9 1
3 9 1
t 83 42
m0 4 7
1 9 0
2 9 0
3 9 0
t 82 42
m0 5 7
1 9 1
2 9 1
3 9 1
t 81 42
m0 5 8
1 9 0
2 9 0
3 9 0
t 80 42
m0 5 8
1 9 1
2 9 1
3 9 1
t 79 42
m0 6 8
1 9 0
2 9 0
3 9 0
t 78 42
m0 7 8
1 9 1
2 9 1
3 9 1
t 77 42
m0 7 8
1 9 0
2 9 0
3 9 0
t 76 42
m0 6 8
1 9 1
2 9 1
3 9 1
t 75 42
m0 5 8
1 9 0
2 9 0
3 9 0
t 74 42
m0 6 8
1 9 1
2 9 1
3 9 1
t 73 42
m0 6 7
1 9 0
2 9 0
3 9 0
t 72 42
m0 6 6
1 9 1
2 9 1
3 9 1
t 71 42
m0 6 5
1 9 0
2 9 0
3 9 0
t 70 43
m0 6 4
1 9 1
2 9 1
3 9 1
t 69 44
m0 6 4
1 9 0
2 9 0
3 9 0
t 68 44
m0 5 4
1 9 1
2 9 1
3 9 1
t 67 45
m0 5 3
1 9 0
2 9 0
3 9 0
t 66 46
m0 5 4
1 9 1
2 9 1
3 9 1
t 65 46
m0 5 5
1 9 0
2 9 0
3 9 0
t 64 47
m0 5 4
1 9 1
2 9 1
3 9 1
t 63 47
m0 4 4
1 9 0
2 9 0
3 9 0
t 62 48
m0 4 3
1 9 1
2 9 1
3 9 1
t 61 49
m0 5 3
1 9 0
2 9 0
3 9 0
t 60 49
m0 5 3
1 9 1
2 9 1
3 9 1
t 59 49
m0 4 3
1 9 0
2 9 0
3 9 0
t 58 49
m0 4 3
1 9 1
2 9 1
3 9 1
t 57 49
m0 4 3
1 9 0
2 9 0
3 9 0
t 56 49
m0 5 3
1 9 1
2 9 1
3 9 1
t 55 49
m0 4 3
1 9 0
2 9 0
3 9 0
t 54 49
m0 4 4
1 9 1
2 9 1
3 9 1
t 53 49
m0 5 4
1 9 0
2 9 0
3 9 0
t 52 49
m0 5 3
1 9 1
2 9 1
3 9 1
t 51 49
m0 6 3
1 9 0
2 9 0
3 9 0
t 50 49
m0 6 2
1 9 1
2 9 1
3 9 1
t 49 49
m0 6 1
1 9 0
2 9 0
3 9 0
t 48 49
m0 5 1
1 9 1
2 9 1
3 9 1
t 47 49
m0 5 1
1 9 0
2 9 0
3 9 0
t 46 49
m0 6 1
1 9 1
2 9 1
3 9 1
t 45 49
m0 7 1
1 9 0
2 9 0
3 9 0
t 44 49
m0 6 1
1 9 1
2 9 1
3 9 1
t 43 49
m0 6 2
1 9 0
2 9 0
3 9 0
t 42 49
m0 6 3
1 9 1
2 9 1
3 9 1
t 41 49
m0 6 3
1 9 0
2 9 0
3 9 0
t 40 49
m0 6 4
1 9 1
2 9 1
3 9 1
t 39 49
m0 6 4
1 9 0
2 9 0
3 9 0
t 38 49
m0 6 3
1 9 1
2 9 1
3 9 1
t 37 49
m0 5 3
1 9 0
2 9 0
3 9 0
t 36 49
m0 4 3
1 9 1
2 9 1
3 9 1
t 35 49
m0 4 2
1 9 0
2 9 0
3 9 0
t 34 49
m0 3 2
1 9 1
2 9 1
3 9 1
t 33 50
m0 3 1
1 9 0
2 9 0
3 9 0
t 32 50
m0 3 0
1 9 1
2 9 1
3 9 1
t 31 50
m0 2 0
1 9 0
2 9 0
3 9 0
t 30 51
m0 2 0
1 9 1
2 9 1
3 9 1
t 29 51
m0 3 0
1 9 0
2 9 0
3 9 0
t 28 51
m0 3 0
1 9 1
2 9 1
3 9 1
t 27 51
m0 3 0
1 9 0
2 9 0
3 9 0
t 26 51
m0 3 1
1 9 1
2 9 1
3 9 1
t 25 51
m0 3 1
1 9 0
2 9 0
3 9 0
t 24 51
m0 3 0
1 9 1
2 9 1
3 9 1
t 23 51
m0 3 0
1 9 0
2 9 0
3 9 0
t 22 51
m0 2 0
1 9 1
2 9 1
3 9 1
t 21 51
m0 1 0
1 9 0
2 9 0
3 9 0
t 20 52
m0 0 0
1 9 1
2 9 1
3 9 1
t 19 52
m0 1 0
1 9 0
2 9 0
3 9 0
t 18 52
m0 1 0
1 9 1
2 9 1
3 9 1
t 17 52
m0 0 0
1 9 0
2 9 0
3 9 0
t 16 52
m0 0 0
1 9 1
2 9 1
3 9 1
t 15 52
m0 0 0
1 9 0
2 9 0
3 9 0
t 14 52
m0 1 0
1 9 1
2 9 1
3 9 1
t 13 52
m0 1 1
1 9 0
2 9 0
3 9 0
t 12 52
m0 1 1
1 9 1
2 9 1
3 9 1
t 11 52
m0 1 2
1 9 0
2 9 0
3 9 0
t 10 53
m0 1 3
1 9 1
2 9 1
3 9 1
t 9 53
m0 2 3
1 9 0
2 9 0
3 9 0
t 8 54
m0 2 4
1 9 1
2 9 1
3 9 1
t 7 54
m0 2 4
1 9 0
2 9 0
3 9 0
t 6 54
m0 2 4
1 9 1
2 9 1
3 9 1
t 5 54
m0 2 4
1 9 0
2 9 0
3 9 0
t 4 54
m0 2 3
1 9 1
2 9 1
3 9 1
t 3 54
m0 2 3
1 9 0
2 9 0
3 9 0
t 2 54
m0 2 3
1 9 1
2 9 1
3 9 1
t 1 54
m0 2 4
1 9 1
2 9 1
3 9 1
t 0 54
