10
15
w 6 9
w 4 7
w 1 3
w 6 6
w 3 11
w 2 1
w 2 5
w 1 11
w 4 0
w 6 7
w 6 10
w 5 0
w 7 10
w 3 4
w 4 10
w 7 14
w 0 0
w 6 4
w 9 14
w 3 2
w 3 13
w 7 1
w 1 13
w 8 7
w 6 12
w 7 9
w 0 1
w 8 3
w 8 12
w 9 2
w 9 9
w 5 14
w 2 0
w 1 8
w 0 9
w 5 2
w 8 4
p 9 1
p 5 6
p 2 8
p 0 7
p 8 9
p 4 12
p 1 6
p 9 4
p 3 7
p 7 11
p 5 1
p 0 3
p 8 5
p 5 8
p 7 2
p 1 2
p 8 14
p 6 14
p 4 9
p 3 3
p 2 9
p 7 6
p 5 12
p 8 10
p 0 11
p 2 13
p 2 2
p 0 4
p 8 6
p 1 10
p 5 4
p 2 6
p 8 2
p 4 5
p 6 11
p 8 11
p 4 14
p 1 4
p 3 9
p 2 3
p 0 5
p 1 0
p 0 8
p 2 14
p 4 11
p 5 3
p 5 10
p 6 8
p 2 11
p 0 13
p 0 6
p 8 8
p 4 3
p 1 7
p 0 2
p 9 12
m0 0 14
1 9 0
2 9 0
3 9 0
t 300 0
m0 0 13
1 8 0
2 8 0
3 9 1
t 299 1
m0 0 12
1 7 0
2 7 0
3 9 0
t 298 1
m0 0 11
1 6 0
2 6 0
3 9 1
t 297 2
m0 0 10
1 6 1
2 6 1
3 9 0
t 296 2
m0 1 10
1 5 1
2 5 1
3 8 0
t 295 3
m0 2 10
1 4 1
2 4 1
3 9 0
t 294 3
m0 2 11
1 3 1
2 3 1
3 8 0
t 293 4
m0 2 10
1 4 1
2 4 1
3 9 0
t 292 4
m0 2 9
1 3 1
2 3 1
3 8 0
t 291 5
m0 3 9
1 4 1
2 4 1
3 9 0
t 290 6
m0 4 9
1 4 2
2 4 2
3 8 0
t 289 7
m0 5 9
1 4 3
2 4 3
3 9 0
t 288 7
m0 5 10
1 5 3
2 5 3
3 8 0
t 287 8
m0 5 9
1 5 4
2 5 4
3 9 0
t 286 8
m0 5 8
1 5 5
2 5 5
3 8 0
t 285 9
m0 6 8
1 6 5
2 6 5
3 9 0
t 284 10
m0 7 8
1 7 5
2 7 5
3 8 0
t 283 10
m0 8 8
1 8 5
2 8 5
3 9 0
t 282 11
m0 8 9
1 8 6
2 8 6
3 8 0
t 281 12
m0 8 10
1 9 6
2 9 6
3 7 0
t 280 13
m0 8 11
1 8 6
2 8 6
3 6 0
t 279 14
m0 7 11
1 7 6
2 7 6
3 7 0
t 278 15
m0 6 11
1 7 7
2 7 7
3 8 0
t 277 16
m0 7 11
1 7 8
2 7 8
3 9 0
t 276 16
m0 8 11
1 8 8
2 8 8
3 8 0
t 275 16
m0 9 11
1 9 8
2 9 8
3 7 0
t 274 16
m0 9 12
1 9 7
2 9 7
3 6 0
t 273 17
m0 9 11
1 9 8
2 9 8
3 7 0
t 272 17
m0 9 10
1 9 7
2 9 7
3 6 0
t 271 17
m0 8 10
1 9 8
2 9 8
3 7 0
t 270 17
m0 9 10
1 9 7
2 9 7
3 6 0
t 269 17
m0 8 10
1 9 8
2 9 8
3 7 0
t 268 17
m0 9 10
1 9 7
2 9 7
3 6 0
t 267 17
m0 8 10
1 9 8
2 9 8
3 7 0
t 266 17
m0 9 10
1 9 7
2 9 7
3 6 0
t 265 17
m0 8 10
1 9 8
2 9 8
3 7 0
t 264 17
m0 9 10
1 9 7
2 9 7
3 6 0
t 263 17
m0 8 10
1 9 8
2 9 8
3 7 0
t 262 17
m0 9 10
1 9 7
2 9 7
3 6 0
t 261 17
m0 8 10
1 9 8
2 9 8
3 7 0
t 260 17
m0 8 11
1 8 8
2 8 8
3 6 0
f 9 10
t 259 17
m0 7 11
1 7 8
2 7 8
3 7 0
t 258 17
m0 6 11
1 6 8
2 6 8
3 8 0
t 257 17
m0 5 11
1 5 8
2 5 8
3 9 0
t 256 17
m0 4 11
1 4 8
2 4 8
3 8 0
t 255 18
m0 4 12
1 4 9
2 4 9
3 9 0
t 254 19
m0 5 12
1 5 9
2 5 9
3 8 0
t 253 20
m0 4 12
1 4 9
2 4 9
3 9 0
t 252 20
m0 3 12
1 3 9
2 3 9
3 8 0
t 251 20
m0 2 12
1 2 9
2 2 9
3 9 0
t 250 20
m0 2 13
1 2 10
2 2 10
3 8 0
t 249 21
m0 2 14
1 2 11
2 2 11
3 9 0
t 248 22
m0 1 14
1 2 12
2 2 12
3 8 0
t 247 22
m0 0 14
1 1 12
2 1 12
3 9 0
t 246 22
m0 0 14
1 0 12
2 0 12
3 8 0
t 245 22
m0 1 14
1 1 12
2 1 12
3 9 0
t 244 22
m0 0 14
1 0 12
2 0 12
3 8 0
t 243 22
m0 1 14
1 1 12
2 1 12
3 9 0
t 242 22
m0 0 14
1 0 12
2 0 12
3 8 0
t 241 22
m0 1 14
1 1 12
2 1 12
3 9 0
t 240 22
m0 0 14
1 0 12
2 0 12
3 8 0
t 239 22
m0 1 14
1 1 12
2 1 12
3 9 0
t 238 22
m0 0 14
1 0 12
2 0 12
3 8 0
t 237 22
m0 1 14
1 1 12
2 1 12
3 9 0
t 236 22
m0 0 14
1 0 12
2 0 12
3 8 0
t 235 22
m0 1 14
1 1 12
2 1 12
3 9 0
t 234 22
m0 0 14
1 0 12
2 0 12
3 8 0
t 233 22
m0 1 14
1 1 12
2 1 12
3 9 0
t 232 22
m0 0 14
1 0 12
2 0 12
3 8 0
t 231 22
m0 1 14
1 1 12
2 1 12
3 9 0
t 230 22
m0 0 14
1 0 12
2 0 12
3 8 0
t 229 22
m0 1 14
1 1 12
2 1 12
3 9 0
t 228 22
m0 0 14
1 0 12
2 0 12
3 8 0
t 227 22
m0 1 14
1 1 12
2 1 12
3 9 0
t 226 22
m0 0 14
1 0 12
2 0 12
3 8 0
t 225 22
m0 1 14
1 1 12
2 1 12
3 9 0
t 224 22
m0 0 14
1 0 12
2 0 12
3 8 0
t 223 22
m0 1 14
1 1 12
2 1 12
3 9 0
t 222 22
m0 0 14
1 0 12
2 0 12
3 8 0
t 221 22
m0 1 14
1 1 12
2 1 12
3 9 0
t 220 22
m0 0 14
1 0 12
2 0 12
3 8 0
t 219 22
m0 1 14
1 1 12
2 1 12
3 9 0
t 218 22
m0 0 14
1 0 12
2 0 12
3 8 0
t 217 22
m0 1 14
1 1 12
2 1 12
3 9 0
t 216 22
m0 0 14
1 0 12
2 0 12
3 8 0
t 215 22
m0 1 14
1 1 12
2 1 12
3 9 0
t 214 22
m0 0 14
1 0 12
2 0 12
3 8 0
t 213 22
m0 1 14
1 1 12
2 1 12
3 9 0
t 212 22
m0 0 14
1 0 12
2 0 12
3 8 0
t 211 22
m0 1 14
1 1 12
2 1 12
3 9 0
t 210 22
m0 0 14
1 0 12
2 0 12
3 8 0
t 209 22
m0 1 14
1 1 12
2 1 12
3 9 0
t 208 22
m0 0 14
1 0 12
2 0 12
3 8 0
t 207 22
m0 1 14
1 1 12
2 1 12
3 9 0
t 206 22
m0 0 14
1 0 12
2 0 12
3 8 0
t 205 22
m0 1 14
1 1 12
2 1 12
3 9 0
t 204 22
m0 0 14
1 0 12
2 0 12
3 8 0
t 203 22
m0 1 14
1 1 12
2 1 12
3 9 0
t 202 22
m0 0 14
1 0 12
2 0 12
3 8 0
t 201 22
m0 1 14
1 1 12
2 1 12
3 9 0
t 200 22
m0 0 14
1 0 12
2 0 12
3 8 0
t 199 22
m0 1 14
1 1 12
2 1 12
3 9 0
t 198 22
m0 0 14
1 0 12
2 0 12
3 8 0
t 197 22
m0 1 14
1 1 12
2 1 12
3 9 0
t 196 22
m0 0 14
1 0 12
2 0 12
3 8 0
t 195 22
m0 1 14
1 1 12
2 1 12
3 9 0
t 194 22
m0 0 14
1 0 12
2 0 12
3 8 0
t 193 22
m0 1 14
1 1 12
2 1 12
3 9 0
t 192 22
m0 0 14
1 0 12
2 0 12
3 8 0
t 191 22
m0 1 14
1 1 12
2 1 12
3 9 0
t 190 22
m0 0 14
1 0 12
2 0 12
3 8 0
t 189 22
m0 1 14
1 1 12
2 1 12
3 9 0
t 188 22
m0 0 14
1 0 12
2 0 12
3 8 0
t 187 22
m0 1 14
1 1 12
2 1 12
3 9 0
t 186 22
m0 0 14
1 0 12
2 0 12
3 8 0
t 185 22
m0 1 14
1 1 12
2 1 12
3 9 0
t 184 22
m0 0 14
1 0 12
2 0 12
3 8 0
t 183 22
m0 1 14
1 1 12
2 1 12
3 9 0
t 182 22
m0 0 14
1 0 12
2 0 12
3 8 0
t 181 22
m0 1 14
1 1 12
2 1 12
3 9 0
t 180 22
m0 0 14
1 0 12
2 0 12
3 8 0
t 179 22
m0 1 14
1 1 12
2 1 12
3 9 0
t 178 22
m0 0 14
1 0 12
2 0 12
3 8 0
t 177 22
m0 1 14
1 1 12
2 1 12
3 9 0
t 176 22
m0 0 14
1 0 12
2 0 12
3 8 0
t 175 22
m0 1 14
1 1 12
2 1 12
3 9 0
t 174 22
m0 0 14
1 0 12
2 0 12
3 8 0
t 173 22
m0 1 14
1 1 12
2 1 12
3 9 0
t 172 22
m0 0 14
1 0 12
2 0 12
3 8 0
t 171 22
m0 1 14
1 1 12
2 1 12
3 9 0
t 170 22
m0 0 14
1 0 12
2 0 12
3 8 0
t 169 22
m0 1 14
1 1 12
2 1 12
3 9 0
t 168 22
m0 0 14
1 0 12
2 0 12
3 8 0
t 167 22
m0 1 14
1 1 12
2 1 12
3 9 0
t 166 22
m0 0 14
1 0 12
2 0 12
3 8 0
t 165 22
m0 1 14
1 1 12
2 1 12
3 9 0
t 164 22
m0 0 14
1 0 12
2 0 12
3 8 0
t 163 22
m0 1 14
1 1 12
2 1 12
3 9 0
t 162 22
m0 0 14
1 0 12
2 0 12
3 8 0
t 161 22
m0 1 14
1 1 12
2 1 12
3 9 0
t 160 22
m0 0 14
1 0 12
2 0 12
3 8 0
t 159 22
m0 1 14
1 1 12
2 1 12
3 9 0
t 158 22
m0 0 14
1 0 12
2 0 12
3 8 0
t 157 22
m0 1 14
1 1 12
2 1 12
3 9 0
t 156 22
m0 0 14
1 0 12
2 0 12
3 8 0
t 155 22
m0 1 14
1 1 12
2 1 12
3 9 0
t 154 22
m0 0 14
1 0 12
2 0 12
3 8 0
t 153 22
m0 1 14
1 1 12
2 1 12
3 9 0
t 152 22
m0 0 14
1 0 12
2 0 12
3 8 0
t 151 22
m0 1 14
1 1 12
2 1 12
3 9 0
t 150 22
m0 0 14
1 0 12
2 0 12
3 8 0
t 149 22
m0 1 14
1 1 12
2 1 12
3 9 0
t 148 22
m0 0 14
1 0 12
2 0 12
3 8 0
t 147 22
m0 1 14
1 1 12
2 1 12
3 9 0
t 146 22
m0 0 14
1 0 12
2 0 12
3 8 0
t 145 22
m0 1 14
1 1 12
2 1 12
3 9 0
t 144 22
m0 0 14
1 0 12
2 0 12
3 8 0
t 143 22
m0 1 14
1 1 12
2 1 12
3 9 0
t 142 22
m0 0 14
1 0 12
2 0 12
3 8 0
t 141 22
m0 1 14
1 1 12
2 1 12
3 9 0
t 140 22
m0 0 14
1 0 12
2 0 12
3 8 0
t 139 22
m0 1 14
1 1 12
2 1 12
3 9 0
t 138 22
m0 0 14
1 0 12
2 0 12
3 8 0
t 137 22
m0 1 14
1 1 12
2 1 12
3 9 0
t 136 22
m0 0 14
1 0 12
2 0 12
3 8 0
t 135 22
m0 1 14
1 1 12
2 1 12
3 9 0
t 134 22
m0 0 14
1 0 12
2 0 12
3 8 0
t 133 22
m0 1 14
1 1 12
2 1 12
3 9 0
t 132 22
m0 0 14
1 0 12
2 0 12
3 8 0
t 131 22
m0 1 14
1 1 12
2 1 12
3 9 0
t 130 22
m0 0 14
1 0 12
2 0 12
3 8 0
t 129 22
m0 1 14
1 1 12
2 1 12
3 9 0
t 128 22
m0 0 14
1 0 12
2 0 12
3 8 0
t 127 22
m0 1 14
1 1 12
2 1 12
3 9 0
t 126 22
m0 0 14
1 0 12
2 0 12
3 8 0
t 125 22
m0 1 14
1 1 12
2 1 12
3 9 0
t 124 22
m0 0 14
1 0 12
2 0 12
3 8 0
t 123 22
m0 1 14
1 1 12
2 1 12
3 9 0
t 122 22
m0 0 14
1 0 12
2 0 12
3 8 0
t 121 22
m0 1 14
1 1 12
2 1 12
3 9 0
t 120 22
m0 0 14
1 0 12
2 0 12
3 8 0
t 119 22
m0 1 14
1 1 12
2 1 12
3 9 0
t 118 22
m0 0 14
1 0 12
2 0 12
3 8 0
t 117 22
m0 1 14
1 1 12
2 1 12
3 9 0
t 116 22
m0 0 14
1 0 12
2 0 12
3 8 0
t 115 22
m0 1 14
1 1 12
2 1 12
3 9 0
t 114 22
m0 0 14
1 0 12
2 0 12
3 8 0
t 113 22
m0 1 14
1 1 12
2 1 12
3 9 0
t 112 22
m0 0 14
1 0 12
2 0 12
3 8 0
t 111 22
m0 1 14
1 1 12
2 1 12
3 9 0
t 110 22
m0 0 14
1 0 12
2 0 12
3 8 0
t 109 22
m0 1 14
1 1 12
2 1 12
3 9 0
t 108 22
m0 0 14
1 0 12
2 0 12
3 8 0
t 107 22
m0 1 14
1 1 12
2 1 12
3 9 0
t 106 22
m0 0 14
1 0 12
2 0 12
3 8 0
t 105 22
m0 1 14
1 1 12
2 1 12
3 9 0
t 104 22
m0 0 14
1 0 12
2 0 12
3 8 0
t 103 22
m0 1 14
1 1 12
2 1 12
3 9 0
t 102 22
m0 0 14
1 0 12
2 0 12
3 8 0
t 101 22
m0 1 14
1 1 12
2 1 12
3 9 0
t 100 22
m0 0 14
1 0 12
2 0 12
3 8 0
t 99 22
m0 1 14
1 1 12
2 1 12
3 9 0
t 98 22
m0 0 14
1 0 12
2 0 12
3 8 0
t 97 22
m0 1 14
1 1 12
2 1 12
3 9 0
t 96 22
m0 0 14
1 0 12
2 0 12
3 8 0
t 95 22
m0 1 14
1 1 12
2 1 12
3 9 0
t 94 22
m0 0 14
1 0 12
2 0 12
3 8 0
t 93 22
m0 1 14
1 1 12
2 1 12
3 9 0
t 92 22
m0 0 14
1 0 12
2 0 12
3 8 0
t 91 22
m0 1 14
1 1 12
2 1 12
3 9 0
t 90 22
m0 0 14
1 0 12
2 0 12
3 8 0
t 89 22
m0 1 14
1 1 12
2 1 12
3 9 0
t 88 22
m0 0 14
1 0 12
2 0 12
3 8 0
t 87 22
m0 1 14
1 1 12
2 1 12
3 9 0
t 86 22
m0 0 14
1 0 12
2 0 12
3 8 0
t 85 22
m0 1 14
1 1 12
2 1 12
3 9 0
t 84 22
m0 0 14
1 0 12
2 0 12
3 8 0
t 83 22
m0 1 14
1 1 12
2 1 12
3 9 0
t 82 22
m0 0 14
1 0 12
2 0 12
3 8 0
t 81 22
m0 1 14
1 1 12
2 1 12
3 9 0
t 80 22
m0 0 14
1 0 12
2 0 12
3 8 0
t 79 22
m0 1 14
1 1 12
2 1 12
3 9 0
t 78 22
m0 0 14
1 0 12
2 0 12
3 8 0
t 77 22
m0 1 14
1 1 12
2 1 12
3 9 0
t 76 22
m0 0 14
1 0 12
2 0 12
3 8 0
t 75 22
m0 1 14
1 1 12
2 1 12
3 9 0
t 74 22
m0 0 14
1 0 12
2 0 12
3 8 0
t 73 22
m0 1 14
1 1 12
2 1 12
3 9 0
t 72 22
m0 0 14
1 0 12
2 0 12
3 8 0
t 71 22
m0 1 14
1 1 12
2 1 12
3 9 0
t 70 22
m0 0 14
1 0 12
2 0 12
3 8 0
t 69 22
m0 1 14
1 1 12
2 1 12
3 9 0
t 68 22
m0 0 14
1 0 12
2 0 12
3 8 0
t 67 22
m0 1 14
1 1 12
2 1 12
3 9 0
t 66 22
m0 0 14
1 0 12
2 0 12
3 8 0
t 65 22
m0 1 14
1 1 12
2 1 12
3 9 0
t 64 22
m0 0 14
1 0 12
2 0 12
3 8 0
t 63 22
m0 1 14
1 1 12
2 1 12
3 9 0
t 62 22
m0 0 14
1 0 12
2 0 12
3 8 0
t 61 22
m0 1 14
1 1 12
2 1 12
3 9 0
t 60 22
m0 0 14
1 0 12
2 0 12
3 8 0
t 59 22
m0 1 14
1 1 12
2 1 12
3 9 0
t 58 22
m0 0 14
1 0 12
2 0 12
3 8 0
t 57 22
m0 1 14
1 1 12
2 1 12
3 9 0
t 56 22
m0 0 14
1 0 12
2 0 12
3 8 0
t 55 22
m0 1 14
1 1 12
2 1 12
3 9 0
t 54 22
m0 0 14
1 0 12
2 0 12
3 8 0
t 53 22
m0 1 14
1 1 12
2 1 12
3 9 0
t 52 22
m0 0 14
1 0 12
2 0 12
3 8 0
t 51 22
m0 1 14
1 1 12
2 1 12
3 9 0
t 50 22
m0 0 14
1 0 12
2 0 12
3 8 0
t 49 22
m0 1 14
1 1 12
2 1 12
3 9 0
t 48 22
m0 0 14
1 0 12
2 0 12
3 8 0
t 47 22
m0 1 14
1 1 12
2 1 12
3 9 0
t 46 22
m0 0 14
1 0 12
2 0 12
3 8 0
t 45 22
m0 1 14
1 1 12
2 1 12
3 9 0
t 44 22
m0 0 14
1 0 12
2 0 12
3 8 0
t 43 22
m0 1 14
1 1 12
2 1 12
3 9 0
t 42 22
m0 0 14
1 0 12
2 0 12
3 8 0
t 41 22
m0 1 14
1 1 12
2 1 12
3 9 0
t 40 22
m0 0 14
1 0 12
2 0 12
3 8 0
t 39 22
m0 1 14
1 1 12
2 1 12
3 9 0
t 38 22
m0 0 14
1 0 12
2 0 12
3 8 0
t 37 22
m0 1 14
1 1 12
2 1 12
3 9 0
t 36 22
m0 0 14
1 0 12
2 0 12
3 8 0
t 35 22
m0 1 14
1 1 12
2 1 12
3 9 0
t 34 22
m0 0 14
1 0 12
2 0 12
3 8 0
t 33 22
m0 1 14
1 1 12
2 1 12
3 9 0
t 32 22
m0 0 14
1 0 12
2 0 12
3 8 0
t 31 22
m0 1 14
1 1 12
2 1 12
3 9 0
t 30 22
m0 0 14
1 0 12
2 0 12
3 8 0
t 29 22
m0 1 14
1 1 12
2 1 12
3 9 0
t 28 22
m0 0 14
1 0 12
2 0 12
3 8 0
t 27 22
m0 1 14
1 1 12
2 1 12
3 9 0
t 26 22
m0 0 14
1 0 12
2 0 12
3 8 0
t 25 22
m0 1 14
1 1 12
2 1 12
3 9 0
t 24 22
m0 0 14
1 0 12
2 0 12
3 8 0
t 23 22
m0 1 14
1 1 12
2 1 12
3 9 0
t 22 22
m0 0 14
1 0 12
2 0 12
3 8 0
t 21 22
m0 1 14
1 1 12
2 1 12
3 9 0
t 20 22
m0 0 14
1 0 12
2 0 12
3 8 0
t 19 22
m0 1 14
1 1 12
2 1 12
3 9 0
t 18 22
m0 0 14
1 0 12
2 0 12
3 8 0
t 17 22
m0 1 14
1 1 12
2 1 12
3 9 0
t 16 22
m0 0 14
1 0 12
2 0 12
3 8 0
t 15 22
m0 1 14
1 1 12
2 1 12
3 9 0
t 14 22
m0 0 14
1 0 12
2 0 12
3 8 0
t 13 22
m0 1 14
1 1 12
2 1 12
3 9 0
t 12 22
m0 0 14
1 0 12
2 0 12
3 8 0
t 11 22
m0 1 14
1 1 12
2 1 12
3 9 0
t 10 22
m0 0 14
1 0 12
2 0 12
3 8 0
t 9 22
m0 1 14
1 1 12
2 1 12
3 9 0
t 8 22
m0 0 14
1 0 12
2 0 12
3 8 0
t 7 22
m0 1 14
1 1 12
2 1 12
3 9 0
t 6 22
m0 0 14
1 0 12
2 0 12
3 8 0
t 5 22
m0 1 14
1 1 12
2 1 12
3 9 0
t 4 22
m0 0 14
1 0 12
2 0 12
3 8 0
t 3 22
m0 1 14
1 1 12
2 1 12
3 9 0
t 2 22
m0 0 14
1 0 12
2 0 12
3 8 0
t 1 22
m0 1 14
1 0 12
2 0 12
3 8 0
t 0 22
