10
15
w 6 9
w 6 6
w 7 12
w 8 0
w 3 11
w 5 13
w 0 10
w 9 4
w 5 8
w 3 3
w 1 5
w 2 13
w 3 6
w 2 2
w 4 1
w 7 14
w 8 2
w 5 11
w 4 5
w 9 3
w 2 10
w 0 12
w 3 9
w 9 6
w 6 5
w 5 3
w 7 0
w 4 6
w 6 8
w 9 2
w 1 8
w 8 8
w 1 7
w 9 5
w 2 4
w 9 12
w 8 4
p 7 3
p 4 7
p 1 3
p 8 13
p 5 6
p 9 8
p 6 2
p 4 12
p 2 12
p 7 11
p 3 7
p 8 5
p 3 14
p 1 2
p 8 14
p 9 0
p 4 9
p 2 9
p 8 1
p 5 12
p 6 10
p 3 10
p 4 4
p 6 3
p 7 10
p 0 4
p 3 4
p 1 1
p 6 4
p 3 2
p 0 0
p 4 10
p 7 1
p 6 11
p 1 13
p 6 0
p 1 4
p 7 5
p 4 2
p 1 0
p 4 11
p 3 5
p 0 1
p 5 10
p 3 12
p 1 12
p 8 12
p 6 1
p 7 13
p 0 13
p 9 9
p 3 8
p 7 4
p 4 3
p 0 9
p 7 8
m0 0 14
1 9 0
2 9 0
3 9 0
t 300 0
m0 0 13
1 9 1
2 9 1
3 9 1
t 299 1
m0 0 14
1 9 0
2 9 0
3 9 0
t 298 1
m0 0 13
1 9 1
2 9 1
3 9 1
t 297 1
m0 1 13
1 9 0
2 9 0
3 9 0
f 8 7
t 296 2
m0 1 12
1 9 1
2 9 1
3 9 1
t 295 3
m0 2 12
1 9 0
2 9 0
3 9 0
t 294 4
m0 3 12
1 9 1
2 9 1
3 9 1
t 293 5
m0 4 12
1 9 0
2 9 0
3 9 0
t 292 6
m0 4 11
1 9 1
2 9 1
3 9 1
t 291 7
m0 4 10
1 9 0
2 9 0
3 9 0
t 290 8
m0 3 10
1 9 1
2 9 1
3 9 1
t 289 9
m0 4 10
1 9 0
2 9 0
3 9 0
t 288 9
m0 4 9
1 9 1
2 9 1
3 9 1
t 287 10
m0 4 10
1 9 0
2 9 0
3 9 0
t 286 10
m0 5 10
1 9 1
2 9 1
3 9 1
t 285 11
m0 6 10
1 9 0
2 9 0
3 9 0
t 284 12
m0 7 10
1 9 1
2 9 1
3 9 1
t 283 13
m0 7 11
1 9 0
2 9 0
3 9 0
t 282 14
m0 6 11
1 9 1
2 9 1
3 9 1
t 281 15
m0 6 12
1 9 0
2 9 0
3 9 0
t 280 15
m0 5 12
1 9 1
2 9 1
3 9 1
t 279 16
m0 4 12
1 9 0
2 9 0
3 9 0
t 278 16
m0 3 12
1 9 1
2 9 1
3 9 1
t 277 16
m0 3 12
1 9 0
2 9 0
3 9 0
t 276 16
m0 3 12
1 9 1
2 9 1
3 9 1
t 275 16
m0 3 13
1 9 0
2 9 0
3 9 0
t 274 16
m0 3 14
1 9 1
2 9 1
3 9 1
t 273 17
m0 3 13
1 9 0
2 9 0
3 9 0
t 272 17
m0 3 12
1 9 1
2 9 1
3 9 1
t 271 17
m0 2 12
1 9 0
2 9 0
3 9 0
t 270 17
m0 2 11
1 9 1
2 9 1
3 9 1
t 269 17
m0 2 12
1 9 0
2 9 0
3 9 0
t 268 17
m0 2 12
1 9 1
2 9 1
3 9 1
t 267 17
m0 1 12
1 9 0
2 9 0
3 9 0
t 266 17
m0 1 12
1 9 1
2 9 1
3 9 1
t 265 17
m0 2 12
1 9 0
2 9 0
3 9 0
t 264 17
m0 2 11
1 9 1
2 9 1
3 9 1
t 263 17
m0 2 11
1 9 0
2 9 0
3 9 0
t 262 17
m0 2 12
1 9 1
2 9 1
3 9 1
t 261 17
m0 2 11
1 9 0
2 9 0
3 9 0
t 260 17
m0 2 11
1 9 1
2 9 1
3 9 1
t 259 17
m0 2 12
1 9 0
2 9 0
3 9 0
t 258 17
m0 2 11
1 9 1
2 9 1
3 9 1
t 257 17
m0 2 11
1 9 0
2 9 0
3 9 0
t 256 17
m0 2 11
1 9 1
2 9 1
3 9 1
t 255 17
m0 1 11
1 9 0
2 9 0
3 9 0
t 254 17
m0 0 11
1 9 1
2 9 1
3 9 1
t 253 17
m0 0 11
1 9 0
2 9 0
3 9 0
t 252 17
m0 0 11
1 9 1
2 9 1
3 9 1
t 251 17
m0 0 11
1 9 0
2 9 0
3 9 0
t 250 17
m0 1 11
1 9 1
2 9 1
3 9 1
t 249 17
m0 1 10
1 9 0
2 9 0
3 9 0
t 248 17
m0 1 9
1 9 1
2 9 1
3 9 1
t 247 17
m0 2 9
1 9 0
2 9 0
3 9 0
t 246 18
m0 1 9
1 9 1
2 9 1
3 9 1
t 245 18
m0 0 9
1 9 0
2 9 0
3 9 0
t 244 19
m0 0 8
1 9 1
2 9 1
3 9 1
t 243 19
m0 0 9
1 9 0
2 9 0
3 9 0
t 242 19
m0 0 9
1 9 1
2 9 1
3 9 1
t 241 19
m0 1 9
1 9 0
2 9 0
3 9 0
t 240 19
m0 1 9
1 9 1
2 9 1
3 9 1
t 239 19
m0 1 9
1 9 0
2 9 0
3 9 0
t 238 19
m0 2 9
1 9 1
2 9 1
3 9 1
t 237 19
m0 2 9
1 9 0
2 9 0
3 9 0
t 236 19
m0 2 8
1 9 1
2 9 1
3 9 1
t 235 19
m0 3 8
1 9 0
2 9 0
3 9 0
t 234 20
m0 3 7
1 9 1
2 9 1
3 9 1
t 233 21
m0 4 7
1 9 0
2 9 0
3 9 0
t 232 22
m0 5 7
1 9 1
2 9 1
3 9 1
t 231 22
m0 5 6
1 9 0
2 9 0
3 9 0
t 230 23
m0 5 5
1 9 1
2 9 1
3 9 1
t 229 23
m0 5 4
1 9 0
2 9 0
3 9 0
t 228 23
m0 4 4
1 9 1
2 9 1
3 9 1
t 227 24
m0 4 3
1 9 0
2 9 0
3 9 0
t 226 25
m0 4 2
1 9 1
2 9 1
3 9 1
t 225 26
m0 3 2
1 9 0
2 9 0
3 9 0
t 224 27
m0 3 1
1 9 1
2 9 1
3 9 1
t 223 27
m0 2 1
1 9 0
2 9 0
3 9 0
t 222 27
m0 1 1
1 9 1
2 9 1
3 9 1
t 221 28
m0 1 0
1 9 0
2 9 0
3 9 0
t 220 29
m0 0 0
1 9 1
2 9 1
3 9 1
t 219 30
m0 0 1
1 9 0
2 9 0
3 9 0
t 218 31
m0 1 1
1 9 1
2 9 1
3 9 1
t 217 31
m0 1 2
1 9 0
2 9 0
3 9 0
t 216 32
m0 1 3
1 9 1
2 9 1
3 9 1
t 215 33
m0 1 4
1 9 0
2 9 0
3 9 0
t 214 34
m0 0 4
1 9 1
2 9 1
3 9 1
t 213 35
m0 1 4
1 9 0
2 9 0
3 9 0
t 212 35
m0 1 4
1 9 1
2 9 1
3 9 1
t 211 35
m0 0 4
1 9 0
2 9 0
3 9 0
t 210 35
m0 1 4
1 9 1
2 9 1
3 9 1
t 209 35
m0 1 4
1 9 0
2 9 0
3 9 0
t 208 35
m0 0 4
1 9 1
2 9 1
3 9 1
t 207 35
m0 1 4
1 9 0
2 9 0
3 9 0
t 206 35
m0 0 4
1 9 1
2 9 1
3 9 1
t 205 35
m0 1 4
1 9 0
2 9 0
3 9 0
t 204 35
m0 1 3
1 9 1
2 9 1
3 9 1
t 203 35
m0 1 4
1 9 0
2 9 0
3 9 0
t 202 35
m0 1 4
1 9 1
2 9 1
3 9 1
t 201 35
m0 0 4
1 9 0
2 9 0
3 9 0
t 200 35
m0 1 4
1 9 1
2 9 1
3 9 1
t 199 35
m0 1 4
1 9 0
2 9 0
3 9 0
t 198 35
m0 1 4
1 9 1
2 9 1
3 9 1
t 197 35
m0 1 4
1 9 0
2 9 0
3 9 0
t 196 35
m0 0 4
1 9 1
2 9 1
3 9 1
t 195 35
m0 0 3
1 9 0
2 9 0
3 9 0
t 194 35
m0 0 4
1 9 1
2 9 1
3 9 1
t 193 35
m0 0 5
1 9 0
2 9 0
3 9 0
t 192 35
m0 0 6
1 9 1
2 9 1
3 9 1
t 191 35
m0 0 6
1 9 0
2 9 0
3 9 0
t 190 35
m0 0 5
1 9 1
2 9 1
3 9 1
t 189 35
m0 0 4
1 9 0
2 9 0
3 9 0
t 188 35
m0 1 4
1 9 1
2 9 1
3 9 1
t 187 35
m0 1 4
1 9 0
2 9 0
3 9 0
t 186 35
m0 1 4
1 9 1
2 9 1
3 9 1
t 185 35
m0 1 4
1 9 0
2 9 0
3 9 0
t 184 35
m0 1 4
1 9 1
2 9 1
3 9 1
t 183 35
m0 1 4
1 9 0
2 9 0
3 9 0
t 182 35
m0 1 4
1 9 1
2 9 1
3 9 1
t 181 35
m0 1 4
1 9 0
2 9 0
3 9 0
t 180 35
m0 1 3
1 9 1
2 9 1
3 9 1
t 179 35
m0 2 3
1 9 0
2 9 0
3 9 0
t 178 35
m0 1 3
1 9 1
2 9 1
3 9 1
t 177 35
m0 2 3
1 9 0
2 9 0
3 9 0
t 176 35
m0 2 3
1 9 1
2 9 1
3 9 1
t 175 35
m0 2 3
1 9 0
2 9 0
3 9 0
t 174 35
m0 1 3
1 9 1
2 9 1
3 9 1
t 173 35
m0 1 4
1 9 0
2 9 0
3 9 0
t 172 35
m0 1 3
1 9 1
2 9 1
3 9 1
t 171 35
m0 2 3
1 9 0
2 9 0
3 9 0
t 170 35
m0 2 3
1 9 1
2 9 1
3 9 1
t 169 35
m0 1 3
1 9 0
2 9 0
3 9 0
t 168 35
m0 1 4
1 9 1
2 9 1
3 9 1
t 167 35
m0 0 4
1 9 0
2 9 0
3 9 0
t 166 35
m0 0 4
1 9 1
2 9 1
3 9 1
t 165 35
m0 1 4
1 9 0
2 9 0
3 9 0
t 164 35
m0 1 4
1 9 1
2 9 1
3 9 1
t 163 35
m0 1 3
1 9 0
2 9 0
3 9 0
t 162 35
m0 2 3
1 9 1
2 9 1
3 9 1
t 161 35
m0 2 3
1 9 0
2 9 0
3 9 0
t 160 35
m0 2 3
1 9 1
2 9 1
3 9 1
t 159 35
m0 2 3
1 9 0
2 9 0
3 9 0
t 158 35
m0 2 3
1 9 1
2 9 1
3 9 1
t 157 35
m0 2 3
1 9 0
2 9 0
3 9 0
t 156 35
m0 2 3
1 9 1
2 9 1
3 9 1
t 155 35
m0 1 3
1 9 0
2 9 0
3 9 0
t 154 35
m0 2 3
1 9 1
2 9 1
3 9 1
t 153 35
m0 2 3
1 9 0
2 9 0
3 9 0
t 152 35
m0 1 3
1 9 1
2 9 1
3 9 1
t 151 35
m0 1 2
1 9 0
2 9 0
3 9 0
t 150 35
m0 1 3
1 9 1
2 9 1
3 9 1
t 149 35
m0 1 4
1 9 0
2 9 0
3 9 0
t 148 35
m0 0 4
1 9 1
2 9 1
3 9 1
t 147 35
m0 1 4
1 9 0
2 9 0
3 9 0
t 146 35
m0 1 3
1 9 1
2 9 1
3 9 1
t 145 35
m0 2 3
1 9 0
2 9 0
3 9 0
t 144 35
m0 2 3
1 9 1
2 9 1
3 9 1
t 143 35
m0 2 3
1 9 0
2 9 0
3 9 0
t 142 35
m0 1 3
1 9 1
2 9 1
3 9 1
t 141 35
m0 1 3
1 9 0
2 9 0
3 9 0
t 140 35
m0 1 3
1 9 1
2 9 1
3 9 1
t 139 35
m0 1 4
1 9 0
2 9 0
3 9 0
t 138 35
m0 1 4
1 9 1
2 9 1
3 9 1
t 137 35
m0 1 3
1 9 0
2 9 0
3 9 0
t 136 35
m0 1 3
1 9 1
2 9 1
3 9 1
t 135 35
m0 1 3
1 9 0
2 9 0
3 9 0
t 134 35
m0 1 4
1 9 1
2 9 1
3 9 1
t 133 35
m0 0 4
1 9 0
2 9 0
3 9 0
t 132 35
m0 0 5
1 9 1
2 9 1
3 9 1
t 131 35
m0 0 4
1 9 0
2 9 0
3 9 0
t 130 35
m0 1 4
1 9 1
2 9 1
3 9 1
t 129 35
m0 1 4
1 9 0
2 9 0
3 9 0
t 128 35
m0 1 4
1 9 1
2 9 1
3 9 1
t 127 35
m0 1 4
1 9 0
2 9 0
3 9 0
t 126 35
m0 1 3
1 9 1
2 9 1
3 9 1
t 125 35
m0 0 3
1 9 0
2 9 0
3 9 0
t 124 35
m0 0 4
1 9 1
2 9 1
3 9 1
t 123 35
m0 1 4
1 9 0
2 9 0
3 9 0
t 122 35
m0 1 3
1 9 1
2 9 1
3 9 1
t 121 35
m0 2 3
1 9 0
2 9 0
3 9 0
t 120 35
m0 2 3
1 9 1
2 9 1
3 9 1
t 119 35
m0 2 3
1 9 0
2 9 0
3 9 0
t 118 35
m0 1 3
1 9 1
2 9 1
3 9 1
t 117 35
m0 1 2
1 9 0
2 9 0
3 9 0
t 116 35
m0 0 2
1 9 1
2 9 1
3 9 1
t 115 35
m0 0 1
1 9 0
2 9 0
3 9 0
t 114 35
m0 0 1
1 9 1
2 9 1
3 9 1
t 113 35
m0 1 1
1 9 0
2 9 0
3 9 0
t 112 35
m0 1 0
1 9 1
2 9 1
3 9 1
t 111 35
m0 2 0
1 9 0
2 9 0
3 9 0
t 110 35
m0 2 0
1 9 1
2 9 1
3 9 1
t 109 35
m0 3 0
1 9 0
2 9 0
3 9 0
t 108 35
m0 4 0
1 9 1
2 9 1
3 9 1
t 107 35
m0 4 0
1 9 0
2 9 0
3 9 0
t 106 35
m0 5 0
1 9 1
2 9 1
3 9 1
t 105 35
m0 6 0
1 9 0
2 9 0
3 9 0
t 104 36
m0 6 1
1 9 1
2 9 1
3 9 1
t 103 37
m0 6 2
1 9 0
2 9 0
3 9 0
t 102 38
m0 6 3
1 9 1
2 9 1
3 9 1
t 101 39
m0 6 4
1 9 0
2 9 0
3 9 0
t 100 40
m0 7 4
1 9 1
2 9 1
3 9 1
t 99 41
m0 7 5
1 9 0
2 9 0
3 9 0
t 98 42
m0 8 5
1 9 1
2 9 1
3 9 1
t 97 43
m0 7 5
1 9 0
2 9 0
3 9 0
t 96 43
m0 7 4
1 9 1
2 9 1
3 9 1
t 95 43
m0 7 3
1 9 0
2 9 0
3 9 0
t 94 44
m0 7 2
1 9 1
2 9 1
3 9 1
t 93 44
m0 7 1
1 9 0
2 9 0
3 9 0
t 92 45
m0 8 1
1 9 1
2 9 1
3 9 1
t 91 46
m0 -5 -5
1 9 1
2 9 1
3 9 1
t 90 46
