10
15
w 7 3
w 6 9
w 7 7
w 1 6
w 2 12
w 0 10
w 0 3
w 7 2
w 8 14
w 3 3
w 5 12
w 2 13
w 3 6
w 4 1
w 9 7
w 5 4
w 7 14
w 9 14
w 4 14
w 6 0
w 7 5
w 6 12
w 1 0
w 0 8
w 6 5
w 7 9
w 3 12
w 4 6
w 1 12
w 8 12
w 7 0
w 5 14
w 2 0
w 0 9
w 9 5
w 3 4
w 2 4
p 5 9
p 1 3
p 8 13
p 9 1
p 4 8
p 5 6
p 3 0
p 9 8
p 6 6
p 2 8
p 3 11
p 2 1
p 8 9
p 6 2
p 9 4
p 7 11
p 5 1
p 8 5
p 3 14
p 6 14
p 1 2
p 9 0
p 6 7
p 8 1
p 3 10
p 6 10
p 6 3
p 4 13
p 0 11
p 1 10
p 8 6
p 6 4
p 0 0
p 7 1
p 5 11
p 1 13
p 4 5
p 9 3
p 0 12
p 2 10
p 2 3
p 1 9
p 8 7
p 4 11
p 3 5
p 9 13
p 5 10
p 6 8
p 9 2
p 6 1
p 5 7
p 0 13
p 2 11
p 8 8
p 6 13
p 1 7
m0 0 14
1 9 0
2 9 0
3 9 0
t 300 0
m0 0 13
1 8 0
2 9 1
3 8 0
t 299 1
m0 1 13
1 9 0
2 9 2
3 8 1
t 298 2
m0 0 13
1 8 0
2 9 3
3 9 1
f 4 3
t 297 2
m0 0 12
1 9 0
2 8 3
3 8 1
t 296 3
m0 0 12
1 8 0
2 9 3
3 9 1
t 295 3
m0 0 13
1 9 0
2 8 3
3 8 1
t 294 3
m0 0 13
1 8 0
2 9 3
3 9 1
t 293 3
m0 0 13
1 9 0
2 8 3
3 8 1
t 292 3
m0 0 13
1 8 0
2 9 3
3 9 1
t 291 3
m0 0 14
1 9 0
2 8 3
3 8 1
t 290 3
m0 1 14
1 8 0
2 9 3
3 9 1
t 289 3
m0 0 14
1 9 0
2 8 3
3 8 1
t 288 3
m0 0 13
1 8 0
2 9 3
3 9 1
t 287 3
m0 0 14
1 9 0
2 8 3
3 8 1
t 286 3
m0 0 13
1 8 0
2 9 3
3 9 1
t 285 3
m0 0 14
1 9 0
2 8 3
3 8 1
t 284 3
m0 0 13
1 8 0
2 9 3
3 9 1
t 283 3
m0 0 13
1 9 0
2 8 3
3 8 1
t 282 3
m0 0 12
1 8 0
2 9 3
3 9 1
t 281 3
m0 0 13
1 9 0
2 8 3
3 8 1
t 280 3
m0 0 13
1 8 0
2 9 3
3 9 1
t 279 3
m0 1 13
1 9 0
2 8 3
3 8 1
t 278 3
m0 0 13
1 8 0
2 9 3
3 9 1
t 277 3
m0 0 14
1 9 0
2 8 3
3 8 1
t 276 3
m0 0 13
1 8 0
2 9 3
3 9 1
t 275 3
m0 0 13
1 9 0
2 8 3
3 8 1
t 274 3
m0 0 14
1 8 0
2 9 3
3 9 1
t 273 3
m0 1 14
1 9 0
2 8 3
3 8 1
t 272 3
m0 2 14
1 8 0
2 9 3
3 9 1
t 271 3
m0 3 14
1 9 0
2 8 3
3 8 1
t 270 4
m0 3 13
1 8 0
2 9 3
3 9 1
t 269 4
m0 3 14
1 9 0
2 8 3
3 8 1
t 268 4
m0 3 13
1 8 0
2 9 3
3 9 1
t 267 4
m0 3 14
1 9 0
2 8 3
3 8 1
t 266 4
m0 3 13
1 8 0
2 9 3
3 9 1
t 265 4
m0 3 13
1 9 0
2 8 3
3 8 1
t 264 4
m0 4 13
1 8 0
2 9 3
3 9 1
t 263 5
m0 4 12
1 9 0
2 8 3
3 8 1
t 262 5
m0 4 12
1 8 0
2 9 3
3 9 1
t 261 5
m0 4 12
1 9 0
2 8 3
3 8 1
t 260 5
m0 4 13
1 8 0
2 9 3
3 9 1
t 259 5
m0 4 13
1 9 0
2 8 3
3 8 1
t 258 5
m0 3 13
1 8 0
2 9 3
3 9 1
t 257 5
m0 3 13
1 9 0
2 8 3
3 8 1
t 256 5
m0 4 13
1 8 0
2 9 3
3 9 1
t 255 5
m0 5 13
1 9 0
2 8 3
3 8 1
t 254 5
m0 6 13
1 8 0
2 9 3
3 9 1
t 253 6
m0 7 13
1 9 0
2 8 3
3 8 1
t 252 6
m0 7 12
1 8 0
2 9 3
3 9 1
t 251 6
m0 7 11
1 9 0
2 8 3
3 8 1
t 250 7
m0 7 10
1 8 0
2 9 3
3 9 1
t 249 7
m0 7 10
1 9 0
2 8 3
3 8 1
t 248 7
m0 6 10
1 8 0
2 9 3
3 9 1
t 247 8
m0 7 10
1 9 0
2 8 3
3 8 1
t 246 8
m0 8 10
1 8 0
2 9 3
3 9 1
t 245 8
m0 8 9
1 9 0
2 8 3
3 8 1
t 244 9
m0 8 9
1 8 0
2 9 3
3 9 1
t 243 9
m0 9 9
1 9 0
2 8 3
3 8 1
t 242 9
m0 9 9
1 8 0
2 9 3
3 9 1
t 241 9
m0 9 9
1 9 0
2 8 3
3 8 1
t 240 9
m0 9 9
1 8 0
2 9 3
3 9 1
t 239 9
m0 8 9
1 9 0
2 8 3
3 8 1
t 238 9
m0 9 9
1 8 0
2 9 3
3 9 1
t 237 9
m0 9 10
1 9 0
2 8 3
3 8 1
t 236 9
m0 9 9
1 8 0
2 9 3
3 9 1
t 235 9
m0 8 9
1 9 0
2 8 3
3 8 1
t 234 9
m0 8 9
1 8 0
2 9 3
3 9 1
t 233 9
m0 8 8
1 9 0
2 8 3
3 8 1
t 232 10
m0 8 7
1 8 0
2 9 3
3 9 1
t 231 11
m0 8 7
1 9 0
2 8 3
3 8 1
t 230 11
m0 8 8
1 8 0
2 9 3
3 9 1
t 229 11
m0 8 8
1 9 0
2 8 3
3 8 1
t 228 11
m0 8 8
1 8 0
2 9 3
3 9 1
t 227 11
m0 8 8
1 9 0
2 8 3
3 8 1
t 226 11
m0 8 7
1 8 0
2 9 3
3 9 1
t 225 11
m0 8 7
1 9 0
2 8 3
3 8 1
t 224 11
m0 8 6
1 8 0
2 9 3
3 9 1
t 223 12
m0 9 6
1 9 0
2 8 3
3 8 1
t 222 12
m0 8 6
1 8 0
2 9 3
3 9 1
t 221 12
m0 8 5
1 9 0
2 8 3
3 8 1
t 220 13
m0 8 5
1 8 0
2 9 3
3 9 1
t 219 13
m0 8 6
1 9 0
2 8 3
3 8 1
t 218 13
m0 8 7
1 8 0
2 9 3
3 9 1
t 217 13
m0 8 7
1 9 0
2 8 3
3 8 1
t 216 13
m0 8 7
1 8 0
2 9 3
3 9 1
t 215 13
m0 8 6
1 9 0
2 8 3
3 8 1
t 214 13
m0 7 6
1 8 0
2 9 3
3 9 1
t 213 13
m0 6 6
1 9 0
2 8 3
3 8 1
t 212 14
m0 6 7
1 8 0
2 9 3
3 9 1
t 211 15
m0 5 7
1 9 0
2 8 3
3 8 1
t 210 16
m0 5 7
1 8 0
2 9 3
3 9 1
t 209 16
m0 6 7
1 9 0
2 8 3
3 8 1
t 208 16
m0 5 7
1 8 0
2 9 3
3 9 1
t 207 16
m0 6 7
1 9 0
2 8 3
3 8 1
t 206 16
m0 6 8
1 8 0
2 9 3
3 9 1
t 205 17
m0 6 8
1 9 0
2 8 3
3 8 1
t 204 17
m0 6 7
1 8 0
2 9 3
3 9 1
t 203 17
m0 5 7
1 9 0
2 8 3
3 8 1
t 202 17
m0 5 6
1 8 0
2 9 3
3 9 1
t 201 18
m0 5 5
1 9 0
2 8 3
3 8 1
t 200 18
m0 4 5
1 8 0
2 9 3
3 9 1
t 199 19
m0 3 5
1 9 0
2 8 3
3 8 1
t 198 20
m0 3 5
1 8 0
2 9 3
3 9 1
t 197 20
m0 2 5
1 9 0
2 8 3
3 8 1
t 196 20
m0 1 5
1 8 0
2 9 3
3 9 1
t 195 20
m0 1 4
1 9 0
2 8 3
3 8 1
t 194 20
m0 1 3
1 8 0
2 9 3
3 9 1
t 193 21
m0 2 3
1 9 0
2 9 4
3 8 1
t 192 22
m0 2 3
1 8 0
2 9 3
3 9 1
t 191 22
m0 2 3
1 9 0
2 9 4
3 8 1
t 190 22
m0 1 3
1 8 0
2 9 3
3 9 1
t 189 22
m0 1 3
1 9 0
2 9 4
3 8 1
t 188 22
m0 1 4
1 8 0
2 9 3
3 9 1
t 187 22
m0 1 5
1 9 0
2 8 3
3 8 1
t 186 22
m0 1 4
1 8 0
2 9 3
3 9 1
t 185 22
m0 1 3
1 9 0
2 9 4
3 8 1
t 184 22
m0 2 3
1 8 0
2 9 3
3 9 1
t 183 22
m0 2 2
1 9 0
2 9 4
3 8 1
t 182 22
m0 2 3
1 8 0
2 9 3
3 9 1
t 181 22
m0 2 2
1 9 0
2 9 4
3 8 1
t 180 22
m0 3 2
1 8 0
2 9 3
3 9 1
t 179 22
m0 3 1
1 9 0
2 9 4
3 8 1
t 178 22
m0 2 1
1 8 0
2 9 3
3 9 1
t 177 23
m0 1 1
1 9 0
2 9 4
3 8 1
t 176 23
m0 1 2
1 8 0
2 9 3
3 9 1
t 175 24
m0 1 3
1 9 0
2 9 4
3 8 1
t 174 24
m0 1 2
1 8 0
2 9 3
3 9 1
t 173 24
m0 1 3
1 9 0
2 9 4
3 8 1
t 172 24
m0 1 3
1 8 0
2 9 3
3 9 1
t 171 24
m0 2 3
1 9 0
2 9 4
3 8 1
t 170 24
m0 2 2
1 8 0
2 9 3
3 9 1
t 169 24
m0 2 3
1 9 0
2 9 4
3 8 1
t 168 24
m0 2 2
1 8 0
2 9 3
3 9 1
t 167 24
m0 2 3
1 9 0
2 9 4
3 8 1
t 166 24
m0 1 3
1 8 0
2 9 3
3 9 1
t 165 24
m0 1 2
1 9 0
2 9 4
3 8 1
t 164 24
m0 1 1
1 8 0
2 9 3
3 9 1
t 163 24
m0 1 1
1 9 0
2 9 4
3 8 1
t 162 24
m0 2 1
1 8 0
2 9 3
3 9 1
t 161 24
m0 3 1
1 9 0
2 9 4
3 8 1
t 160 24
m0 3 1
1 8 0
2 9 3
3 9 1
t 159 24
m0 3 1
1 9 0
2 9 4
3 8 1
t 158 24
m0 3 0
1 9 1
2 8 4
3 8 0
t 157 25
m0 3 0
1 9 2
2 8 5
3 9 0
t 156 25
m0 3 0
1 9 3
2 8 6
3 8 0
t 155 25
m0 3 0
1 9 4
2 8 7
3 9 0
t 154 25
m0 3 1
1 9 3
2 8 8
3 8 0
t 153 25
m0 2 1
1 9 4
2 8 9
3 9 0
t 152 25
m0 2 2
1 8 4
2 9 9
3 8 0
t 151 25
m0 2 1
1 9 4
2 9 10
3 9 0
t 150 25
m0 3 1
1 8 4
2 9 11
3 8 0
t 149 25
m0 3 0
1 9 4
2 9 12
3 9 0
t 148 25
m0 3 1
1 8 4
2 9 13
3 8 0
t 147 25
m0 3 2
1 9 4
2 8 13
3 9 0
t 146 25
m0 4 2
1 8 4
2 9 13
3 8 0
t 145 25
m0 4 3
1 9 4
2 8 13
3 9 0
t 144 35
m0 4 3
1 8 4
2 9 13
3 8 0
t 143 35
m0 4 2
1 9 4
2 8 13
3 9 0
t 142 35
m0 3 2
1 8 4
2 9 13
3 8 0
t 141 35
m0 4 2
1 9 4
2 8 13
3 9 0
t 140 35
m0 4 3
1 8 4
2 9 13
3 8 0
t 139 35
m0 4 4
1 9 4
2 8 13
3 9 0
t 138 35
m0 4 5
1 8 4
2 9 13
3 8 0
t 137 35
m0 4 5
1 9 4
2 8 13
3 9 0
t 136 35
m0 5 5
1 8 4
2 9 13
3 8 0
t 135 35
m0 5 6
1 9 4
2 8 13
3 9 0
t 134 35
m0 5 6
1 8 4
2 9 13
3 8 0
f 3 5
t 133 35
m0 5 5
1 9 4
2 8 13
3 9 0
t 132 35
m0 5 6
1 8 4
2 9 13
3 8 0
t 131 35
m0 5 7
1 9 4
2 8 13
3 9 0
t 130 35
m0 5 6
1 8 4
2 9 13
3 8 0
t 129 35
m0 5 5
1 9 4
2 8 13
3 9 0
t 128 35
m0 5 5
1 8 4
2 9 13
3 8 0
t 127 35
m0 5 6
1 9 4
2 8 13
3 9 0
t 126 35
m0 6 6
1 8 4
2 9 13
3 8 0
t 125 35
m0 6 7
1 9 4
2 8 13
3 9 0
t 124 35
m0 6 8
1 8 4
2 9 13
3 8 0
t 123 35
m0 5 8
1 9 4
2 8 13
3 9 0
t 122 35
m0 6 8
1 8 4
2 9 13
3 8 0
t 121 35
m0 5 8
1 9 4
2 8 13
3 9 0
t 120 35
m0 5 7
1 8 4
2 9 13
3 8 0
t 119 35
m0 5 8
1 9 4
2 8 13
3 9 0
t 118 35
m0 5 9
1 8 4
2 9 13
3 8 0
t 117 36
m0 4 9
1 9 4
2 8 13
3 9 0
t 116 36
m0 4 9
1 8 4
2 9 13
3 8 0
t 115 36
m0 4 8
1 9 4
2 8 13
3 9 0
t 114 37
m0 4 7
1 8 4
2 9 13
3 8 0
t 113 37
m0 3 7
1 9 4
2 8 13
3 9 0
t 112 37
m0 3 7
1 8 4
2 9 13
3 8 0
t 111 37
m0 3 8
1 9 4
2 8 13
3 9 0
t 110 37
m0 2 8
1 8 4
2 9 13
3 8 0
t 109 38
m0 1 8
1 9 4
2 8 13
3 9 0
t 108 38
m0 1 8
1 8 4
2 9 13
3 8 0
t 107 38
m0 2 8
1 9 4
2 8 13
3 9 0
t 106 38
m0 2 8
1 8 4
2 9 13
3 8 0
t 105 38
m0 3 8
1 9 4
2 8 13
3 9 0
t 104 38
m0 3 7
1 8 4
2 9 13
3 8 0
t 103 38
m0 3 7
1 9 4
2 8 13
3 9 0
t 102 38
m0 2 7
1 8 4
2 9 13
3 8 0
t 101 38
m0 3 7
1 9 4
2 8 13
3 9 0
t 100 38
m0 3 7
1 8 4
2 9 13
3 8 0
t 99 38
m0 2 7
1 9 4
2 8 13
3 9 0
t 98 38
m0 2 6
1 8 4
2 9 13
3 8 0
t 97 38
m0 2 6
1 9 4
2 8 13
3 9 0
t 96 38
m0 2 5
1 8 4
2 9 13
3 8 0
t 95 38
m0 2 5
1 9 4
2 8 13
3 9 0
t 94 38
m0 2 5
1 8 4
2 9 13
3 8 0
t 93 38
m0 2 5
1 9 4
2 8 13
3 9 0
t 92 38
m0 3 5
1 8 4
2 9 13
3 8 0
t 91 48
m0 4 5
1 9 4
2 8 13
3 9 0
t 90 48
m0 4 4
1 8 4
2 9 13
3 8 0
t 89 48
m0 4 3
1 9 4
2 8 13
3 9 0
t 88 48
m0 4 2
1 8 4
2 9 13
3 8 0
t 87 48
m0 3 2
1 9 4
2 8 13
3 9 0
t 86 48
m0 3 2
1 8 4
2 9 13
3 8 0
t 85 48
m0 3 1
1 9 4
2 8 13
3 9 0
t 84 48
m0 2 1
1 8 4
2 9 13
3 8 0
t 83 48
m0 3 1
1 9 4
2 8 13
3 9 0
t 82 48
m0 3 2
1 8 4
2 9 13
3 8 0
t 81 48
m0 3 1
1 9 4
2 8 13
3 9 0
t 80 48
m0 2 1
1 8 4
2 9 13
3 8 0
t 79 48
m0 2 1
1 9 4
2 8 13
3 9 0
t 78 48
m0 2 2
1 8 4
2 9 13
3 8 0
t 77 48
m0 2 1
1 9 4
2 8 13
3 9 0
t 76 48
m0 2 1
1 8 4
2 9 13
3 8 0
t 75 48
m0 2 1
1 9 4
2 8 13
3 9 0
t 74 48
m0 1 1
1 8 4
2 9 13
3 8 0
t 73 48
m0 1 1
1 9 4
2 8 13
3 9 0
t 72 48
m0 1 1
1 8 4
2 9 13
3 8 0
t 71 48
m0 1 2
1 9 4
2 8 13
3 9 0
t 70 48
m0 1 1
1 8 4
2 9 13
3 8 0
t 69 48
m0 1 2
1 9 4
2 8 13
3 9 0
t 68 48
m0 2 2
1 8 4
2 9 13
3 8 0
t 67 48
m0 2 2
1 9 4
2 8 13
3 9 0
t 66 48
m0 2 3
1 8 4
2 9 13
3 8 0
t 65 48
m0 2 3
1 9 4
2 8 13
3 9 0
t 64 48
m0 2 3
1 8 4
2 9 13
3 8 0
t 63 48
m0 2 2
1 9 4
2 8 13
3 9 0
t 62 48
m0 2 3
1 8 4
2 9 13
3 8 0
t 61 48
m0 1 3
1 9 4
2 8 13
3 9 0
t 60 48
m0 1 4
1 8 4
2 9 13
3 8 0
t 59 48
m0 1 3
1 9 4
2 8 13
3 9 0
t 58 48
m0 2 3
1 8 4
2 9 13
3 8 0
t 57 48
m0 2 2
1 9 4
2 8 13
3 9 0
t 56 48
m0 2 3
1 8 4
2 9 13
3 8 0
t 55 48
m0 1 3
1 9 4
2 8 13
3 9 0
t 54 48
m0 1 4
1 8 4
2 9 13
3 8 0
t 53 48
m0 1 5
1 9 4
2 8 13
3 9 0
t 52 48
m0 0 5
1 8 4
2 9 13
3 8 0
t 51 48
m0 0 5
1 9 4
2 8 13
3 9 0
t 50 48
m0 0 4
1 8 4
2 9 13
3 8 0
t 49 48
m0 1 4
1 9 4
2 8 13
3 9 0
t 48 48
m0 1 4
1 8 4
2 9 13
3 8 0
t 47 48
m0 1 5
1 9 4
2 8 13
3 9 0
t 46 48
m0 0 5
1 8 4
2 9 13
3 8 0
t 45 48
m0 0 4
1 9 4
2 8 13
3 9 0
t 44 48
m0 0 5
1 8 4
2 9 13
3 8 0
t 43 48
m0 1 5
1 9 4
2 8 13
3 9 0
t 42 48
m0 2 5
1 8 4
2 9 13
3 8 0
t 41 48
m0 2 6
1 9 4
2 8 13
3 9 0
t 40 48
m0 2 6
1 8 4
2 9 13
3 8 0
t 39 48
m0 2 5
1 9 4
2 8 13
3 9 0
t 38 48
m0 2 6
1 8 4
2 9 13
3 8 0
t 37 48
m0 2 7
1 9 4
2 8 13
3 9 0
t 36 48
m0 2 6
1 8 4
2 9 13
3 8 0
t 35 48
m0 2 5
1 9 4
2 8 13
3 9 0
t 34 48
m0 2 6
1 8 4
2 9 13
3 8 0
t 33 48
m0 2 7
1 9 4
2 8 13
3 9 0
t 32 48
m0 2 7
1 8 4
2 9 13
3 8 0
t 31 48
m0 2 7
1 9 4
2 8 13
3 9 0
t 30 48
m0 3 7
1 8 4
2 9 13
3 8 0
t 29 48
m0 2 7
1 9 4
2 8 13
3 9 0
t 28 48
m0 2 6
1 8 4
2 9 13
3 8 0
t 27 48
m0 2 6
1 9 4
2 8 13
3 9 0
t 26 48
m0 2 6
1 8 4
2 9 13
3 8 0
t 25 48
m0 2 6
1 9 4
2 8 13
3 9 0
t 24 48
m0 2 5
1 8 4
2 9 13
3 8 0
t 23 48
m0 2 5
1 9 4
2 8 13
3 9 0
t 22 48
m0 1 5
1 8 4
2 9 13
3 8 0
f 6 11
t 21 48
m0 1 5
1 9 4
2 8 13
3 9 0
t 20 48
m0 1 5
1 8 4
2 9 13
3 8 0
t 19 48
m0 1 5
1 9 4
2 8 13
3 9 0
t 18 48
m0 0 5
1 8 4
2 9 13
3 8 0
t 17 48
m0 0 6
1 9 4
2 8 13
3 9 0
t 16 48
m0 0 7
1 8 4
2 9 13
3 8 0
t 15 48
m0 0 6
1 9 4
2 8 13
3 9 0
t 14 48
m0 0 5
1 8 4
2 9 13
3 8 0
t 13 48
m0 0 4
1 9 4
2 8 13
3 9 0
t 12 48
m0 0 4
1 8 4
2 9 13
3 8 0
t 11 48
m0 0 4
1 9 4
2 8 13
3 9 0
t 10 48
m0 1 4
1 8 4
2 9 13
3 8 0
t 9 48
m0 0 4
1 9 4
2 8 13
3 9 0
t 8 48
m0 1 4
1 8 4
2 9 13
3 8 0
t 7 48
m0 1 3
1 9 4
2 8 13
3 9 0
t 6 48
m0 1 2
1 8 4
2 9 13
3 8 0
t 5 48
m0 1 2
1 9 4
2 8 13
3 9 0
t 4 48
m0 0 2
1 8 4
2 9 13
3 8 0
t 3 48
m0 1 2
1 9 4
2 8 13
3 9 0
t 2 48
m0 1 2
1 8 4
2 9 13
3 8 0
t 1 48
m0 1 1
1 8 4
2 9 13
3 8 0
t 0 48
