10
15
w 6 9
w 7 12
w 9 8
w 8 0
w 3 11
w 1 6
w 2 12
w 9 4
w 1 11
w 1 2
w 8 14
w 4 9
w 7 6
w 6 3
w 9 11
w 5 0
w 8 6
w 5 4
w 8 2
w 7 1
w 6 11
w 4 14
w 2 10
w 1 9
w 1 0
w 2 14
w 6 5
w 3 5
w 4 6
w 1 12
w 6 8
w 2 11
w 9 9
w 3 8
w 7 8
w 2 4
w 9 12
p 1 3
p 6 6
p 3 0
p 2 8
p 4 8
p 7 7
p 5 13
p 8 9
p 6 2
p 4 12
p 0 10
p 5 1
p 6 7
p 3 3
p 8 1
p 4 4
p 1 5
p 0 11
p 3 6
p 4 1
p 6 4
p 0 0
p 9 14
p 5 11
p 3 13
p 1 13
p 9 3
p 6 0
p 1 4
p 0 12
p 7 5
p 2 3
p 3 9
p 0 8
p 9 6
p 4 11
p 7 9
p 0 1
p 3 12
p 7 0
p 5 10
p 6 1
p 3 1
p 5 7
p 7 13
p 0 13
p 7 4
p 2 0
p 1 8
p 6 13
p 1 7
p 0 9
p 9 5
p 4 3
p 0 2
p 8 4
m0 0 14
1 9 0
2 9 0
3 9 0
t 300 0
m0 0 13
1 9 1
2 9 1
3 9 1
t 299 1
m0 0 14
1 9 0
2 9 0
3 9 0
f 3 14
t 298 1
m0 0 13
1 9 1
2 9 1
3 9 1
t 297 1
m0 1 13
1 9 0
2 9 0
3 9 0
t 296 2
m0 2 13
1 9 1
2 9 1
3 9 1
t 295 2
m0 3 13
1 9 0
2 9 0
3 9 0
t 294 3
m0 3 14
1 9 1
2 9 1
3 9 1
t 293 13
m0 3 14
1 9 0
2 9 0
3 9 0
t 292 13
m0 3 14
1 9 1
2 9 1
3 9 1
t 291 13
m0 3 14
1 9 0
2 9 0
3 9 0
t 290 13
m0 3 14
1 9 1
2 9 1
3 9 1
t 289 13
m0 3 14
1 9 0
2 9 0
3 9 0
t 288 13
m0 3 14
1 9 1
2 9 1
3 9 1
t 287 13
m0 3 13
1 9 0
2 9 0
3 9 0
t 286 13
m0 2 13
1 9 1
2 9 1
3 9 1
t 285 13
m0 2 13
1 9 0
2 9 0
3 9 0
f 0 4
t 284 13
m0 1 13
1 9 1
2 9 1
3 9 1
t 283 13
m0 2 13
1 9 0
2 9 0
3 9 0
t 282 13
m0 2 13
1 9 1
2 9 1
3 9 1
t 281 13
m0 1 13
1 9 0
2 9 0
3 9 0
t 280 13
m0 0 13
1 9 1
2 9 1
3 9 1
t 279 13
m0 0 13
1 9 0
2 9 0
3 9 0
t 278 13
m0 0 14
1 9 1
2 9 1
3 9 1
t 277 13
m0 0 14
1 9 0
2 9 0
3 9 0
t 276 13
m0 0 13
1 9 1
2 9 1
3 9 1
t 275 13
m0 0 12
1 9 0
2 9 0
3 9 0
t 274 14
m0 0 12
1 9 1
2 9 1
3 9 1
t 273 14
m0 0 11
1 9 0
2 9 0
3 9 0
t 272 15
m0 0 11
1 9 1
2 9 1
3 9 1
t 271 15
m0 0 12
1 9 0
2 9 0
3 9 0
t 270 15
m0 0 12
1 9 1
2 9 1
3 9 1
t 269 15
m0 0 13
1 9 0
2 9 0
3 9 0
t 268 15
m0 0 12
1 9 1
2 9 1
3 9 1
t 267 15
m0 0 11
1 9 0
2 9 0
3 9 0
t 266 15
m0 0 12
1 9 1
2 9 1
3 9 1
t 265 15
m0 0 11
1 9 0
2 9 0
3 9 0
t 264 15
m0 0 10
1 9 1
2 9 1
3 9 1
t 263 16
m0 0 9
1 9 0
2 9 0
3 9 0
t 262 17
m0 0 8
1 9 1
2 9 1
3 9 1
t 261 18
m0 0 9
1 9 0
2 9 0
3 9 0
t 260 18
m0 0 9
1 9 1
2 9 1
3 9 1
t 259 18
m0 0 9
1 9 0
2 9 0
3 9 0
t 258 18
m0 0 10
1 9 1
2 9 1
3 9 1
t 257 18
m0 0 10
1 9 0
2 9 0
3 9 0
t 256 18
m0 0 10
1 9 1
2 9 1
3 9 1
t 255 18
m0 0 9
1 9 0
2 9 0
3 9 0
t 254 18
m0 0 8
1 9 1
2 9 1
3 9 1
t 253 18
m0 1 8
1 9 0
2 9 0
3 9 0
t 252 19
m0 0 8
1 9 1
2 9 1
3 9 1
t 251 19
m0 0 9
1 9 0
2 9 0
3 9 0
t 250 19
m0 0 8
1 9 1
2 9 1
3 9 1
t 249 19
m0 0 8
1 9 0
2 9 0
3 9 0
t 248 19
m0 0 7
1 9 1
2 9 1
3 9 1
t 247 19
m0 0 7
1 9 0
2 9 0
3 9 0
t 246 19
m0 0 6
1 9 1
2 9 1
3 9 1
t 245 19
m0 0 5
1 9 0
2 9 0
3 9 0
t 244 19
m0 0 4
1 9 1
2 9 1
3 9 1
t 243 29
m0 1 4
1 9 0
2 9 0
3 9 0
t 242 30
m0 0 4
1 9 1
2 9 1
3 9 1
t 241 30
m0 0 4
1 9 0
2 9 0
3 9 0
t 240 30
m0 1 4
1 9 1
2 9 1
3 9 1
t 239 30
m0 1 4
1 9 0
2 9 0
3 9 0
f 1 14
t 238 30
m0 1 5
1 9 1
2 9 1
3 9 1
t 237 31
m0 1 5
1 9 0
2 9 0
3 9 0
t 236 31
m0 1 5
1 9 1
2 9 1
3 9 1
t 235 31
m0 1 5
1 9 0
2 9 0
3 9 0
t 234 31
m0 1 5
1 9 1
2 9 1
3 9 1
t 233 31
m0 1 5
1 9 0
2 9 0
3 9 0
t 232 31
m0 1 5
1 9 1
2 9 1
3 9 1
t 231 31
m0 0 5
1 9 0
2 9 0
3 9 0
t 230 31
m0 0 6
1 9 1
2 9 1
3 9 1
t 229 31
m0 0 6
1 9 0
2 9 0
3 9 0
t 228 31
m0 0 6
1 9 1
2 9 1
3 9 1
t 227 31
m0 0 6
1 9 0
2 9 0
3 9 0
t 226 31
m0 0 7
1 9 1
2 9 1
3 9 1
t 225 31
m0 0 8
1 9 0
2 9 0
3 9 0
t 224 31
m0 0 8
1 9 1
2 9 1
3 9 1
t 223 31
m0 0 8
1 9 0
2 9 0
3 9 0
t 222 31
m0 0 9
1 9 1
2 9 1
3 9 1
t 221 31
m0 0 10
1 9 0
2 9 0
3 9 0
t 220 31
m0 1 10
1 9 1
2 9 1
3 9 1
t 219 31
m0 1 10
1 9 0
2 9 0
3 9 0
t 218 31
m0 1 10
1 9 1
2 9 1
3 9 1
t 217 31
m0 0 10
1 9 0
2 9 0
3 9 0
t 216 31
m0 0 11
1 9 1
2 9 1
3 9 1
t 215 31
m0 0 12
1 9 0
2 9 0
3 9 0
t 214 31
m0 0 13
1 9 1
2 9 1
3 9 1
t 213 31
m0 0 14
1 9 0
2 9 0
3 9 0
t 212 31
m0 1 14
1 9 1
2 9 1
3 9 1
t 211 41
m0 0 14
1 9 0
2 9 0
3 9 0
f 9 10
t 210 41
m0 1 14
1 9 1
2 9 1
3 9 1
t 209 41
m0 1 13
1 9 0
2 9 0
3 9 0
t 208 41
m0 1 13
1 9 1
2 9 1
3 9 1
t 207 41
m0 1 14
1 9 0
2 9 0
3 9 0
t 206 41
m0 1 14
1 9 1
2 9 1
3 9 1
t 205 41
m0 1 13
1 9 0
2 9 0
3 9 0
t 204 41
m0 0 13
1 9 1
2 9 1
3 9 1
t 203 41
m0 0 14
1 9 0
2 9 0
3 9 0
t 202 41
m0 0 13
1 9 1
2 9 1
3 9 1
t 201 41
m0 1 13
1 9 0
2 9 0
3 9 0
t 200 41
m0 2 13
1 9 1
2 9 1
3 9 1
t 199 41
m0 1 13
1 9 0
2 9 0
3 9 0
t 198 41
m0 2 13
1 9 1
2 9 1
3 9 1
t 197 41
m0 2 13
1 9 0
2 9 0
3 9 0
t 196 41
m0 1 13
1 9 1
2 9 1
3 9 1
t 195 41
m0 1 13
1 9 0
2 9 0
3 9 0
t 194 41
m0 1 14
1 9 1
2 9 1
3 9 1
t 193 41
m0 1 13
1 9 0
2 9 0
3 9 0
t 192 41
m0 1 13
1 9 1
2 9 1
3 9 1
t 191 41
m0 2 13
1 9 0
2 9 0
3 9 0
t 190 41
m0 3 13
1 9 1
2 9 1
3 9 1
t 189 41
m0 3 12
1 9 0
2 9 0
3 9 0
t 188 42
m0 3 12
1 9 1
2 9 1
3 9 1
t 187 42
m0 3 13
1 9 0
2 9 0
3 9 0
t 186 42
m0 2 13
1 9 1
2 9 1
3 9 1
t 185 42
m0 3 13
1 9 0
2 9 0
3 9 0
t 184 42
m0 3 13
1 9 1
2 9 1
3 9 1
t 183 42
m0 3 13
1 9 0
2 9 0
3 9 0
t 182 42
m0 4 13
1 9 1
2 9 1
3 9 1
t 181 42
m0 4 12
1 9 0
2 9 0
3 9 0
t 180 43
m0 4 12
1 9 1
2 9 1
3 9 1
t 179 43
m0 3 12
1 9 0
2 9 0
3 9 0
t 178 43
m0 4 12
1 9 1
2 9 1
3 9 1
t 177 43
m0 4 12
1 9 0
2 9 0
3 9 0
t 176 43
m0 5 12
1 9 1
2 9 1
3 9 1
t 175 43
m0 5 12
1 9 0
2 9 0
3 9 0
t 174 43
m0 5 12
1 9 1
2 9 1
3 9 1
t 173 43
m0 4 12
1 9 0
2 9 0
3 9 0
t 172 43
m0 4 11
1 9 1
2 9 1
3 9 1
t 171 44
m0 4 10
1 9 0
2 9 0
3 9 0
t 170 44
m0 4 10
1 9 1
2 9 1
3 9 1
t 169 44
m0 3 10
1 9 0
2 9 0
3 9 0
t 168 44
m0 4 10
1 9 1
2 9 1
3 9 1
t 167 44
m0 4 10
1 9 0
2 9 0
3 9 0
t 166 44
m0 5 10
1 9 1
2 9 1
3 9 1
t 165 45
m0 6 10
1 9 0
2 9 0
3 9 0
t 164 45
m0 5 10
1 9 1
2 9 1
3 9 1
t 163 45
m0 4 10
1 9 0
2 9 0
3 9 0
t 162 45
m0 5 10
1 9 1
2 9 1
3 9 1
t 161 45
m0 5 10
1 9 0
2 9 0
3 9 0
t 160 45
m0 6 10
1 9 1
2 9 1
3 9 1
t 159 45
m0 7 10
1 9 0
2 9 0
3 9 0
t 158 45
m0 8 10
1 9 1
2 9 1
3 9 1
t 157 45
m0 9 10
1 9 0
2 9 0
3 9 0
t 156 55
m0 8 10
1 9 1
2 9 1
3 9 1
t 155 55
m0 9 10
1 9 0
2 9 0
3 9 0
t 154 55
m0 9 10
1 9 1
2 9 1
3 9 1
t 153 55
m0 9 10
1 9 0
2 9 0
3 9 0
t 152 55
m0 9 10
1 9 1
2 9 1
3 9 1
t 151 55
m0 8 10
1 9 0
2 9 0
3 9 0
t 150 55
m0 8 10
1 9 1
2 9 1
3 9 1
t 149 55
m0 9 10
1 9 0
2 9 0
3 9 0
t 148 55
m0 9 10
1 9 1
2 9 1
3 9 1
t 147 55
m0 9 10
1 9 0
2 9 0
3 9 0
t 146 55
m0 8 10
1 9 1
2 9 1
3 9 1
t 145 55
m0 8 9
1 9 0
2 9 0
3 9 0
t 144 56
m0 7 9
1 9 1
2 9 1
3 9 1
t 143 57
m0 7 10
1 9 0
2 9 0
3 9 0
t 142 57
m0 7 9
1 9 1
2 9 1
3 9 1
t 141 57
m0 7 10
1 9 0
2 9 0
3 9 0
f 0 6
t 140 57
m0 6 10
1 9 1
2 9 1
3 9 1
t 139 57
m0 6 10
1 9 0
2 9 0
3 9 0
t 138 57
m0 5 10
1 9 1
2 9 1
3 9 1
t 137 57
m0 4 10
1 9 0
2 9 0
3 9 0
t 136 57
m0 4 10
1 9 1
2 9 1
3 9 1
t 135 57
m0 3 10
1 9 0
2 9 0
3 9 0
t 134 57
m0 3 9
1 9 1
2 9 1
3 9 1
t 133 58
m0 3 9
1 9 0
2 9 0
3 9 0
t 132 58
m0 2 9
1 9 1
2 9 1
3 9 1
t 131 58
m0 2 9
1 9 0
2 9 0
3 9 0
t 130 58
m0 2 9
1 9 1
2 9 1
3 9 1
t 129 58
m0 2 9
1 9 0
2 9 0
3 9 0
t 128 58
m0 2 9
1 9 1
2 9 1
3 9 1
t 127 58
m0 3 9
1 9 0
2 9 0
3 9 0
t 126 58
m0 2 9
1 9 1
2 9 1
3 9 1
t 125 58
m0 2 9
1 9 0
2 9 0
3 9 0
t 124 58
m0 2 9
1 9 1
2 9 1
3 9 1
t 123 58
m0 2 9
1 9 0
2 9 0
3 9 0
t 122 58
m0 2 9
1 9 1
2 9 1
3 9 1
t 121 58
m0 2 9
1 9 0
2 9 0
3 9 0
t 120 58
m0 2 8
1 9 1
2 9 1
3 9 1
t 119 59
m0 2 8
1 9 0
2 9 0
3 9 0
t 118 59
m0 2 8
1 9 1
2 9 1
3 9 1
t 117 59
m0 1 8
1 9 0
2 9 0
3 9 0
t 116 59
m0 0 8
1 9 1
2 9 1
3 9 1
t 115 59
m0 0 8
1 9 0
2 9 0
3 9 0
t 114 59
m0 0 7
1 9 1
2 9 1
3 9 1
t 113 59
m0 0 6
1 9 0
2 9 0
3 9 0
t 112 69
m0 0 5
1 9 1
2 9 1
3 9 1
t 111 69
m0 0 5
1 9 0
2 9 0
3 9 0
t 110 69
m0 1 5
1 9 1
2 9 1
3 9 1
t 109 69
m0 2 5
1 9 0
2 9 0
3 9 0
t 108 69
m0 1 5
1 9 1
2 9 1
3 9 1
t 107 69
m0 1 4
1 9 0
2 9 0
3 9 0
t 106 69
m0 1 5
1 9 1
2 9 1
3 9 1
t 105 69
m0 0 5
1 9 0
2 9 0
3 9 0
t 104 69
m0 1 5
1 9 1
2 9 1
3 9 1
t 103 69
m0 1 4
1 9 0
2 9 0
3 9 0
t 102 69
m0 1 4
1 9 1
2 9 1
3 9 1
t 101 69
m0 1 4
1 9 0
2 9 0
3 9 0
t 100 69
m0 1 3
1 9 1
2 9 1
3 9 1
t 99 70
m0 1 4
1 9 0
2 9 0
3 9 0
t 98 70
m0 1 5
1 9 1
2 9 1
3 9 1
t 97 70
m0 2 5
1 9 0
2 9 0
3 9 0
t 96 70
m0 1 5
1 9 1
2 9 1
3 9 1
t 95 70
m0 1 5
1 9 0
2 9 0
3 9 0
t 94 70
m0 2 5
1 9 1
2 9 1
3 9 1
t 93 70
m0 2 6
1 9 0
2 9 0
3 9 0
t 92 70
m0 2 5
1 9 1
2 9 1
3 9 1
t 91 70
m0 1 5
1 9 0
2 9 0
3 9 0
t 90 70
m0 2 5
1 9 1
2 9 1
3 9 1
t 89 70
m0 2 5
1 9 0
2 9 0
3 9 0
t 88 70
m0 2 6
1 9 1
2 9 1
3 9 1
t 87 70
m0 2 5
1 9 0
2 9 0
3 9 0
t 86 70
m0 2 6
1 9 1
2 9 1
3 9 1
t 85 70
m0 3 6
1 9 0
2 9 0
3 9 0
t 84 71
m0 3 6
1 9 1
2 9 1
3 9 1
t 83 71
m0 3 7
1 9 0
2 9 0
3 9 0
t 82 71
m0 3 7
1 9 1
2 9 1
3 9 1
f 1 3
t 81 71
m0 3 7
1 9 0
2 9 0
3 9 0
t 80 71
m0 2 7
1 9 1
2 9 1
3 9 1
t 79 71
m0 1 7
1 9 0
2 9 0
3 9 0
t 78 72
m0 0 7
1 9 1
2 9 1
3 9 1
t 77 72
m0 0 6
1 9 0
2 9 0
3 9 0
t 76 72
m0 0 5
1 9 1
2 9 1
3 9 1
t 75 72
m0 1 5
1 9 0
2 9 0
3 9 0
t 74 72
m0 0 5
1 9 1
2 9 1
3 9 1
t 73 72
m0 0 4
1 9 0
2 9 0
3 9 0
t 72 72
m0 0 3
1 9 1
2 9 1
3 9 1
t 71 72
m0 1 3
1 9 0
2 9 0
3 9 0
t 70 82
m0 1 4
1 9 1
2 9 1
3 9 1
t 69 82
m0 1 3
1 9 0
2 9 0
3 9 0
t 68 82
m0 1 4
1 9 1
2 9 1
3 9 1
t 67 92
m0 0 4
1 9 0
2 9 0
3 9 0
t 66 92
m0 0 4
1 9 1
2 9 1
3 9 1
t 65 92
m0 0 3
1 9 0
2 9 0
3 9 0
t 64 92
m0 0 4
1 9 1
2 9 1
3 9 1
t 63 92
m0 1 4
1 9 0
2 9 0
3 9 0
t 62 92
m0 1 3
1 9 1
2 9 1
3 9 1
t 61 92
m0 2 3
1 9 0
2 9 0
3 9 0
t 60 93
m0 1 3
1 9 1
2 9 1
3 9 1
f 1 13
t 59 93
m0 1 4
1 9 0
2 9 0
3 9 0
t 58 93
m0 0 4
1 9 1
2 9 1
3 9 1
t 57 93
m0 0 5
1 9 0
2 9 0
3 9 0
t 56 93
m0 0 5
1 9 1
2 9 1
3 9 1
t 55 93
m0 0 6
1 9 0
2 9 0
3 9 0
t 54 93
m0 0 7
1 9 1
2 9 1
3 9 1
t 53 93
m0 0 8
1 9 0
2 9 0
3 9 0
t 52 93
m0 1 8
1 9 1
2 9 1
3 9 1
t 51 93
m0 1 8
1 9 0
2 9 0
3 9 0
t 50 93
m0 2 8
1 9 1
2 9 1
3 9 1
t 49 93
m0 2 9
1 9 0
2 9 0
3 9 0
t 48 93
m0 2 9
1 9 1
2 9 1
3 9 1
t 47 93
m0 2 8
1 9 0
2 9 0
3 9 0
t 46 93
m0 1 8
1 9 1
2 9 1
3 9 1
t 45 93
m0 1 8
1 9 0
2 9 0
3 9 0
t 44 93
m0 1 8
1 9 1
2 9 1
3 9 1
t 43 93
m0 2 8
1 9 0
2 9 0
3 9 0
t 42 93
m0 1 8
1 9 1
2 9 1
3 9 1
t 41 93
m0 1 7
1 9 0
2 9 0
3 9 0
t 40 93
m0 0 7
1 9 1
2 9 1
3 9 1
t 39 93
m0 0 8
1 9 0
2 9 0
3 9 0
t 38 93
m0 0 9
1 9 1
2 9 1
3 9 1
t 37 93
m0 0 10
1 9 0
2 9 0
3 9 0
t 36 93
m0 0 11
1 9 1
2 9 1
3 9 1
t 35 93
m0 0 11
1 9 0
2 9 0
3 9 0
t 34 93
m0 0 12
1 9 1
2 9 1
3 9 1
t 33 93
m0 0 13
1 9 0
2 9 0
3 9 0
t 32 93
m0 1 13
1 9 1
2 9 1
3 9 1
t 31 103
m0 0 13
1 9 0
2 9 0
3 9 0
t 30 103
m0 0 12
1 9 1
2 9 1
3 9 1
t 29 103
m0 0 12
1 9 0
2 9 0
3 9 0
t 28 103
m0 0 11
1 9 1
2 9 1
3 9 1
t 27 103
m0 0 12
1 9 0
2 9 0
3 9 0
t 26 103
m0 0 12
1 9 1
2 9 1
3 9 1
t 25 103
m0 0 13
1 9 0
2 9 0
3 9 0
t 24 103
m0 0 12
1 9 1
2 9 1
3 9 1
t 23 103
m0 0 12
1 9 0
2 9 0
3 9 0
t 22 103
m0 0 13
1 9 1
2 9 1
3 9 1
t 21 103
m0 0 13
1 9 0
2 9 0
3 9 0
t 20 103
m0 0 13
1 9 1
2 9 1
3 9 1
t 19 103
m0 0 13
1 9 0
2 9 0
3 9 0
t 18 103
m0 0 14
1 9 1
2 9 1
3 9 1
t 17 103
m0 0 13
1 9 0
2 9 0
3 9 0
t 16 103
m0 0 14
1 9 1
2 9 1
3 9 1
t 15 103
m0 1 14
1 9 0
2 9 0
3 9 0
f 2 5
t 14 103
m0 1 13
1 9 1
2 9 1
3 9 1
t 13 103
m0 2 13
1 9 0
2 9 0
3 9 0
t 12 103
m0 3 13
1 9 1
2 9 1
3 9 1
t 11 103
m0 3 12
1 9 0
2 9 0
3 9 0
t 10 103
m0 3 12
1 9 1
2 9 1
3 9 1
t 9 103
m0 3 13
1 9 0
2 9 0
3 9 0
t 8 103
m0 2 13
1 9 1
2 9 1
3 9 1
t 7 103
m0 2 13
1 9 0
2 9 0
3 9 0
t 6 103
m0 2 13
1 9 1
2 9 1
3 9 1
t 5 103
m0 2 13
1 9 0
2 9 0
3 9 0
t 4 103
m0 1 13
1 9 1
2 9 1
3 9 1
t 3 103
m0 1 13
1 9 0
2 9 0
3 9 0
t 2 103
m0 2 13
1 9 1
2 9 1
3 9 1
t 1 103
m0 1 13
1 9 1
2 9 1
3 9 1
t 0 103
