10
15
w 7 3
w 3 0
w 8 0
w 8 9
w 3 7
w 5 1
w 1 11
w 3 14
w 5 8
w 1 2
w 4 9
w 3 3
w 5 5
w 8 1
w 5 12
w 7 6
w 1 14
w 6 3
w 9 11
w 2 6
w 9 14
w 9 3
w 0 5
w 6 12
w 1 0
w 2 14
w 9 6
w 4 11
w 3 5
w 3 12
w 6 1
w 3 1
w 7 4
w 8 8
w 0 9
w 0 2
w 9 12
p 5 9
p 6 9
p 1 3
p 4 7
p 9 1
p 5 6
p 5 13
p 7 7
p 3 11
p 0 7
p 6 2
p 4 12
p 0 10
p 7 11
p 2 5
p 7 2
p 4 0
p 8 14
p 9 0
p 6 7
p 2 13
p 3 6
p 0 4
p 7 10
p 8 6
p 4 1
p 6 4
p 0 0
p 8 2
p 3 13
p 4 5
p 1 13
p 8 11
p 4 14
p 0 12
p 9 10
p 1 9
p 7 9
p 5 3
p 9 13
p 2 7
p 5 10
p 4 6
p 6 8
p 5 7
p 7 13
p 9 9
p 3 8
p 5 14
p 1 8
p 2 0
p 4 3
p 1 7
p 6 13
p 9 5
p 2 4
m0 0 14
1 9 0
2 9 0
3 9 0
t 300 0
m0 0 13
1 9 1
2 9 1
3 9 1
t 299 0
m0 1 13
1 9 0
2 9 0
3 9 2
t 298 1
m0 2 13
1 9 1
2 9 1
3 8 2
t 297 2
m0 1 13
1 9 0
2 9 0
3 7 2
t 296 2
m0 1 13
1 9 1
2 9 1
3 6 2
t 295 2
m0 0 13
1 9 0
2 9 0
3 5 2
t 294 2
m0 0 14
1 9 1
2 9 1
3 4 2
t 293 2
m0 0 13
1 9 0
2 9 0
3 3 2
t 292 2
m0 0 12
1 9 1
2 9 1
3 2 2
t 291 3
m0 0 11
1 9 0
2 9 0
3 2 3
t 290 3
m0 0 12
1 9 1
2 9 1
3 1 3
t 289 3
m0 0 13
1 9 0
2 9 0
3 0 3
t 288 3
m0 0 14
1 9 1
2 9 1
3 0 4
t 287 3
m0 0 13
1 9 0
2 9 0
3 1 4
t 286 3
m0 0 14
1 9 1
2 9 1
3 0 4
t 285 3
m0 0 13
1 9 0
2 9 0
3 1 4
t 284 3
m0 0 12
1 9 1
2 9 1
3 0 4
t 283 3
m0 1 12
1 9 0
2 9 0
3 0 3
t 282 3
m0 0 12
1 9 1
2 9 1
3 0 4
t 281 3
m0 0 11
1 9 0
2 9 0
3 1 4
t 280 3
m0 0 12
1 9 1
2 9 1
3 0 4
f 2 11
t 279 3
m0 0 11
1 9 0
2 9 0
3 1 4
t 278 3
m0 0 10
1 9 1
2 9 1
3 0 4
t 277 4
m0 0 11
1 9 0
2 9 0
3 1 4
t 276 4
m0 0 12
1 9 1
2 9 1
3 0 4
t 275 4
m0 0 11
1 9 0
2 9 0
3 1 4
t 274 4
m0 0 12
1 9 1
2 9 1
3 0 4
t 273 4
m0 0 13
1 9 0
2 9 0
3 1 4
t 272 4
m0 1 13
1 9 1
2 9 1
3 0 4
t 271 4
m0 2 13
1 9 0
2 9 0
3 0 3
t 270 4
m0 3 13
1 9 1
2 9 1
3 0 4
t 269 5
m0 3 13
1 9 0
2 9 0
3 0 3
t 268 5
m0 2 13
1 9 1
2 9 1
3 0 4
t 267 5
m0 1 13
1 9 0
2 9 0
3 0 3
t 266 5
m0 1 13
1 9 1
2 9 1
3 0 4
t 265 5
m0 1 13
1 9 0
2 9 0
3 0 3
t 264 5
m0 1 12
1 9 1
2 9 1
3 0 4
t 263 5
m0 1 13
1 9 0
2 9 0
3 0 3
t 262 5
m0 1 12
1 9 1
2 9 1
3 0 4
t 261 5
m0 2 12
1 9 0
2 9 0
3 0 3
t 260 5
m0 2 13
1 9 1
2 9 1
3 0 4
t 259 5
m0 1 13
1 9 0
2 9 0
3 0 3
t 258 5
m0 1 13
1 9 1
2 9 1
3 0 4
t 257 5
m0 0 13
1 9 0
2 9 0
3 1 4
t 256 5
m0 0 14
1 9 1
2 9 1
3 0 4
t 255 5
m0 0 13
1 9 0
2 9 0
3 1 4
t 254 5
m0 0 13
1 9 1
2 9 1
3 0 4
t 253 5
m0 0 14
1 9 0
2 9 0
3 1 4
t 252 5
m0 0 13
1 9 1
2 9 1
3 0 4
t 251 5
m0 1 13
1 9 0
2 9 0
3 0 3
t 250 5
m0 1 13
1 9 1
2 9 1
3 0 4
t 249 5
m0 1 13
1 9 0
2 9 0
3 0 3
t 248 5
m0 2 13
1 9 1
2 9 1
3 0 4
t 247 5
m0 3 13
1 9 0
2 9 0
3 0 3
t 246 5
m0 3 13
1 9 1
2 9 1
3 0 4
t 245 5
m0 2 13
1 9 0
2 9 0
3 0 3
t 244 5
m0 2 12
1 9 1
2 9 1
3 0 4
t 243 5
m0 2 13
1 9 0
2 9 0
3 0 3
t 242 5
m0 2 13
1 9 1
2 9 1
3 0 4
t 241 5
m0 2 12
1 9 0
2 9 0
3 0 3
t 240 5
m0 1 12
1 9 1
2 9 1
3 0 4
t 239 5
m0 1 13
1 9 0
2 9 0
3 0 3
t 238 5
m0 1 12
1 9 1
2 9 1
3 0 4
t 237 5
m0 1 13
1 9 0
2 9 0
3 0 3
t 236 5
m0 2 13
1 9 1
2 9 1
3 0 4
t 235 5
m0 2 13
1 9 0
2 9 0
3 0 3
t 234 5
m0 1 13
1 9 1
2 9 1
3 0 4
t 233 5
m0 1 13
1 9 0
2 9 0
3 0 3
t 232 5
m0 0 13
1 9 1
2 9 1
3 0 4
t 231 5
m0 0 12
1 9 0
2 9 0
3 1 4
t 230 5
m0 0 13
1 9 1
2 9 1
3 0 4
t 229 5
m0 0 14
1 9 0
2 9 0
3 1 4
t 228 5
m0 0 13
1 9 1
2 9 1
3 0 4
t 227 5
m0 0 14
1 9 0
2 9 0
3 1 4
t 226 5
m0 0 13
1 9 1
2 9 1
3 0 4
t 225 5
m0 0 13
1 9 0
2 9 0
3 1 4
t 224 5
m0 0 13
1 9 1
2 9 1
3 0 4
t 223 5
m0 0 14
1 9 0
2 9 0
3 1 4
t 222 5
m0 0 13
1 9 1
2 9 1
3 0 4
t 221 5
m0 0 12
1 9 0
2 9 0
3 1 4
t 220 5
m0 1 12
1 9 1
2 9 1
3 0 4
t 219 5
m0 1 12
1 9 0
2 9 0
3 0 3
t 218 5
m0 0 12
1 9 1
2 9 1
3 0 4
t 217 5
m0 0 13
1 9 0
2 9 0
3 1 4
t 216 5
m0 0 12
1 9 1
2 9 1
3 0 4
t 215 5
m0 0 12
1 9 0
2 9 0
3 1 4
t 214 5
m0 0 13
1 9 1
2 9 1
3 0 4
t 213 5
m0 1 13
1 9 0
2 9 0
3 0 3
t 212 5
m0 1 13
1 9 1
2 9 1
3 0 4
t 211 5
m0 1 12
1 9 0
2 9 0
3 0 3
t 210 5
m0 1 13
1 9 1
2 9 1
3 0 4
t 209 5
m0 1 12
1 9 0
2 9 0
3 0 3
t 208 5
m0 1 13
1 9 1
2 9 1
3 0 4
t 207 5
m0 1 12
1 9 0
2 9 0
3 0 3
t 206 5
m0 1 12
1 9 1
2 9 1
3 0 4
t 205 5
m0 1 13
1 9 0
2 9 0
3 0 3
t 204 5
m0 1 12
1 9 1
2 9 1
3 0 4
t 203 5
m0 1 12
1 9 0
2 9 0
3 0 3
t 202 5
m0 0 12
1 9 1
2 9 1
3 0 4
t 201 5
m0 1 12
1 9 0
2 9 0
3 0 3
t 200 5
m0 1 13
1 9 1
2 9 1
3 0 4
t 199 5
m0 1 13
1 9 0
2 9 0
3 0 3
t 198 5
m0 1 12
1 9 1
2 9 1
3 0 4
t 197 5
m0 1 13
1 9 0
2 9 0
3 0 3
t 196 5
m0 1 12
1 9 1
2 9 1
3 0 4
t 195 5
m0 2 12
1 9 0
2 9 0
3 0 3
t 194 5
m0 2 11
1 9 1
2 9 1
3 0 4
t 193 15
m0 2 11
1 9 0
2 9 0
3 0 3
t 192 15
m0 2 10
1 9 1
2 9 1
3 0 4
t 191 15
m0 1 10
1 9 0
2 9 0
3 0 3
t 190 15
m0 1 10
1 9 1
2 9 1
3 0 4
t 189 15
m0 1 10
1 9 0
2 9 0
3 0 3
t 188 15
m0 1 9
1 9 1
2 9 1
3 0 4
t 187 16
m0 1 9
1 9 0
2 9 0
3 0 3
t 186 16
m0 1 9
1 9 1
2 9 1
3 0 4
t 185 16
m0 1 9
1 9 0
2 9 0
3 0 3
t 184 16
m0 2 9
1 9 1
2 9 1
3 0 4
t 183 16
m0 3 9
1 9 0
2 9 0
3 0 3
t 182 16
m0 3 9
1 9 1
2 9 1
3 0 4
t 181 16
m0 3 10
1 9 0
2 9 0
3 0 3
t 180 16
m0 3 11
1 9 1
2 9 1
3 0 4
t 179 17
m0 2 11
1 9 0
2 9 0
3 0 3
t 178 27
m0 2 10
1 9 1
2 9 1
3 0 4
t 177 27
m0 2 10
1 9 0
2 9 0
3 0 3
t 176 27
m0 1 10
1 9 1
2 9 1
3 0 4
t 175 27
m0 0 10
1 9 0
2 9 0
3 1 4
t 174 27
m0 0 11
1 9 1
2 9 1
3 0 4
t 173 27
m0 0 12
1 9 0
2 9 0
3 1 4
t 172 27
m0 0 13
1 9 1
2 9 1
3 0 4
t 171 27
m0 0 12
1 9 0
2 9 0
3 1 4
t 170 27
m0 0 12
1 9 1
2 9 1
3 0 4
t 169 27
m0 1 12
1 9 0
2 9 0
3 0 3
t 168 27
m0 2 12
1 9 1
2 9 1
3 0 4
t 167 27
m0 1 12
1 9 0
2 9 0
3 0 3
f 7 8
t 166 27
m0 1 12
1 9 1
2 9 1
3 0 4
t 165 27
m0 1 13
1 9 0
2 9 0
3 0 3
t 164 27
m0 2 13
1 9 1
2 9 1
3 0 4
t 163 27
m0 1 13
1 9 0
2 9 0
3 0 3
t 162 27
m0 0 13
1 9 1
2 9 1
3 0 4
t 161 27
m0 1 13
1 9 0
2 9 0
3 0 3
t 160 27
m0 0 13
1 9 1
2 9 1
3 0 4
t 159 27
m0 0 12
1 9 0
2 9 0
3 1 4
t 158 27
m0 0 11
1 9 1
2 9 1
3 0 4
t 157 27
m0 0 11
1 9 0
2 9 0
3 1 4
t 156 27
m0 0 11
1 9 1
2 9 1
3 0 4
t 155 27
m0 0 10
1 9 0
2 9 0
3 1 4
t 154 27
m0 1 10
1 9 1
2 9 1
3 0 4
t 153 27
m0 2 10
1 9 0
2 9 0
3 0 3
t 152 27
m0 3 10
1 9 1
2 9 1
3 0 4
t 151 27
m0 3 11
1 9 0
2 9 0
3 0 3
t 150 27
m0 2 11
1 9 1
2 9 1
3 0 4
t 149 27
m0 2 11
1 9 0
2 9 0
3 0 3
t 148 27
m0 2 11
1 9 1
2 9 1
3 0 4
t 147 27
m0 2 11
1 9 0
2 9 0
3 0 3
t 146 27
m0 2 11
1 9 1
2 9 1
3 0 4
t 145 27
m0 3 11
1 9 0
2 9 0
3 0 3
t 144 27
m0 3 11
1 9 1
2 9 1
3 0 4
t 143 27
m0 3 11
1 9 0
2 9 0
3 0 3
t 142 27
m0 3 11
1 9 1
2 9 1
3 0 4
t 141 27
m0 3 10
1 9 0
2 9 0
3 0 3
t 140 27
m0 2 10
1 9 1
2 9 1
3 0 4
t 139 27
m0 3 10
1 9 0
2 9 0
3 0 3
t 138 27
m0 3 11
1 9 1
2 9 1
3 0 4
t 137 27
m0 3 11
1 9 0
2 9 0
3 0 3
t 136 27
m0 3 10
1 9 1
2 9 1
3 0 4
t 135 27
m0 3 9
1 9 0
2 9 0
3 0 3
t 134 27
m0 3 9
1 9 1
2 9 1
3 0 4
t 133 27
m0 3 8
1 9 0
2 9 0
3 0 3
t 132 28
m0 3 8
1 9 1
2 9 1
3 0 4
t 131 28
m0 4 8
1 9 0
2 9 0
3 0 3
t 130 28
m0 4 8
1 9 1
2 9 1
3 0 4
t 129 28
m0 4 8
1 9 0
2 9 0
3 0 3
t 128 28
m0 3 8
1 9 1
2 9 1
3 0 4
t 127 28
m0 4 8
1 9 0
2 9 0
3 0 3
t 126 28
m0 3 8
1 9 1
2 9 1
3 0 4
t 125 28
m0 3 8
1 9 0
2 9 0
3 0 3
t 124 28
m0 3 9
1 9 1
2 9 1
3 0 4
t 123 28
m0 3 10
1 9 0
2 9 0
3 0 3
t 122 28
m0 3 10
1 9 1
2 9 1
3 0 4
t 121 28
m0 4 10
1 9 0
2 9 0
3 0 3
t 120 28
m0 4 10
1 9 1
2 9 1
3 0 4
t 119 28
m0 3 10
1 9 0
2 9 0
3 0 3
t 118 28
m0 3 10
1 9 1
2 9 1
3 0 4
t 117 28
m0 4 10
1 9 0
2 9 0
3 0 3
t 116 28
m0 4 10
1 9 1
2 9 1
3 0 4
t 115 28
m0 4 10
1 9 0
2 9 0
3 0 3
t 114 28
m0 5 10
1 9 1
2 9 1
3 0 4
t 113 29
m0 6 10
1 9 0
2 9 0
3 0 3
t 112 29
m0 6 10
1 9 1
2 9 1
3 0 4
t 111 29
m0 7 10
1 9 0
2 9 0
3 0 3
t 110 30
m0 8 10
1 9 1
2 9 1
3 0 4
t 109 30
m0 9 10
1 9 0
2 9 0
3 0 3
t 108 31
m0 9 10
1 9 1
2 9 1
3 0 4
t 107 31
m0 9 10
1 9 0
2 9 0
3 0 3
t 106 31
m0 9 9
1 9 1
2 9 1
3 0 4
t 105 32
m0 9 8
1 9 0
2 9 0
3 0 3
t 104 32
m0 9 7
1 9 1
2 9 1
3 0 4
t 103 32
m0 9 8
1 9 0
2 9 0
3 0 3
t 102 32
m0 9 7
1 9 1
2 9 1
3 0 4
t 101 32
m0 9 7
1 9 0
2 9 0
3 0 3
t 100 32
m0 9 7
1 9 1
2 9 1
3 0 4
t 99 32
m0 9 8
1 9 0
2 9 0
3 0 3
t 98 32
m0 9 7
1 9 1
2 9 1
3 0 4
t 97 32
m0 9 8
1 9 0
2 9 0
3 0 3
t 96 32
m0 9 9
1 9 1
2 9 1
3 0 4
t 95 32
m0 9 10
1 9 0
2 9 0
3 0 3
t 94 32
m0 9 9
1 9 1
2 9 1
3 0 4
t 93 32
m0 9 8
1 9 0
2 9 0
3 0 3
t 92 32
m0 9 7
1 9 1
2 9 1
3 0 4
t 91 32
m0 8 7
1 9 0
2 9 0
3 0 3
t 90 32
m0 7 7
1 9 1
2 9 1
3 0 4
t 89 33
m0 7 7
1 9 0
2 9 0
3 0 3
t 88 33
m0 7 7
1 9 1
2 9 1
3 0 4
t 87 33
m0 7 7
1 9 0
2 9 0
3 0 3
t 86 33
m0 8 7
1 9 1
2 9 1
3 0 4
t 85 33
m0 7 7
1 9 0
2 9 0
3 0 3
t 84 33
m0 8 7
1 9 1
2 9 1
3 0 4
t 83 33
m0 8 6
1 9 0
2 9 0
3 0 3
t 82 34
m0 8 5
1 9 1
2 9 1
3 0 4
t 81 34
m0 8 4
1 9 0
2 9 0
3 0 3
t 80 34
m0 9 4
1 9 1
2 9 1
3 0 4
t 79 34
m0 9 5
1 9 0
2 9 0
3 0 3
t 78 35
m0 9 5
1 9 1
2 9 1
3 0 4
t 77 35
m0 9 5
1 9 0
2 9 0
3 0 3
t 76 35
m0 9 4
1 9 1
2 9 1
3 0 4
t 75 35
m0 9 4
1 9 0
2 9 0
3 0 3
t 74 35
m0 9 5
1 9 1
2 9 1
3 0 4
t 73 35
m0 9 4
1 9 0
2 9 0
3 0 3
t 72 35
m0 9 4
1 9 1
2 9 1
3 0 4
t 71 35
m0 9 4
1 9 0
2 9 0
3 0 3
t 70 35
m0 9 4
1 9 1
2 9 1
3 0 4
t 69 35
m0 9 4
1 9 0
2 9 0
3 0 3
t 68 35
m0 8 4
1 9 1
2 9 1
3 0 4
t 67 35
m0 9 4
1 9 0
2 9 0
3 0 3
t 66 35
m0 9 4
1 9 1
2 9 1
3 0 4
t 65 35
m0 8 4
1 9 0
2 9 0
3 0 3
t 64 35
m0 8 4
1 9 1
2 9 1
3 0 4
t 63 35
m0 8 3
1 9 0
2 9 0
3 1 4
t 62 35
m0 8 2
1 9 1
2 9 1
3 0 4
t 61 36
m0 9 2
1 9 0
2 9 0
3 1 4
t 60 36
m0 -5 -5
1 9 1
2 9 1
3 0 4
t 59 37
