10
15
w 8 13
w 9 1
w 6 6
w 3 11
w 2 1
w 0 10
w 3 7
w 2 5
w 1 11
w 8 5
w 7 2
w 5 8
w 5 12
w 8 10
w 2 13
w 9 11
w 0 4
w 3 4
w 4 1
w 5 4
w 7 1
w 6 0
w 1 9
w 8 7
w 2 7
w 7 8
w 0 1
w 5 10
w 7 0
w 6 1
w 0 13
w 7 4
w 0 6
w 5 14
w 6 13
w 5 2
w 0 2
p 5 9
p 6 9
p 7 3
p 4 7
p 3 0
p 9 8
p 8 0
p 7 7
p 5 13
p 8 9
p 1 6
p 2 12
p 9 4
p 5 1
p 7 11
p 0 3
p 8 14
p 9 0
p 4 9
p 6 7
p 3 3
p 7 6
p 3 10
p 1 14
p 6 3
p 4 13
p 0 11
p 7 10
p 2 2
p 1 10
p 1 1
p 9 7
p 6 4
p 3 2
p 8 2
p 4 5
p 7 5
p 0 5
p 1 0
p 0 8
p 2 14
p 9 6
p 4 11
p 5 3
p 7 9
p 9 13
p 3 12
p 4 6
p 9 2
p 5 7
p 2 11
p 9 9
p 1 8
p 4 3
p 1 7
p 2 4
m0 0 14
1 9 0
2 9 0
3 9 0
t 300 0
m0 1 14
1 8 0
2 8 0
3 8 0
t 299 1
m0 2 14
1 8 1
2 9 0
3 9 0
t 298 2
m0 3 14
1 8 2
2 8 0
3 8 0
t 297 2
m0 4 14
1 8 3
2 8 1
3 9 0
t 296 2
m0 4 13
1 7 3
2 8 2
3 8 0
t 295 3
m0 5 13
1 6 3
2 9 2
3 9 0
t 294 4
m0 4 13
1 5 3
2 8 2
3 8 0
t 293 4
m0 4 12
1 4 3
2 8 3
3 9 0
t 292 4
m0 4 11
1 4 4
2 7 3
3 8 0
t 291 5
m0 4 10
1 4 5
2 6 3
3 9 0
t 290 5
m0 4 9
1 4 6
2 5 3
3 8 0
t 289 6
m0 5 9
1 4 7
2 6 3
3 9 0
t 288 7
m0 6 9
1 4 8
2 5 3
3 8 0
t 287 8
m0 7 9
1 4 9
2 6 3
3 9 0
t 286 9
m0 8 9
1 5 9
2 6 4
3 8 0
t 285 10
m0 9 9
1 6 9
2 6 5
3 9 0
t 284 11
m0 9 8
1 7 9
2 6 4
3 8 0
t 283 12
m0 9 7
1 8 9
2 6 3
3 9 0
t 282 13
m0 9 6
1 9 9
2 7 3
3 8 0
t 281 14
m0 9 5
1 9 8
2 8 3
3 9 0
t 280 14
m0 9 4
1 9 7
2 8 2
3 8 0
f 6 5
t 279 15
m0 9 3
1 9 6
2 8 1
3 9 0
t 278 15
m0 9 2
1 9 5
2 8 0
3 8 0
t 277 16
m0 8 2
1 9 4
2 8 1
3 9 0
t 276 17
m0 -5 -5
1 9 4
2 8 1
3 9 0
t 275 17
