10
15
w 5 9
w 1 3
w 9 8
w 7 7
w 0 10
w 5 8
w 5 12
w 1 5
w 0 11
w 4 1
w 9 7
w 5 4
w 3 2
w 7 14
w 7 1
w 6 11
w 3 13
w 8 11
w 7 5
w 6 12
w 5 3
w 0 1
w 7 9
w 8 3
w 7 8
w 3 12
w 4 6
w 6 1
w 0 13
w 2 11
w 9 9
w 3 8
w 5 14
w 7 4
w 1 7
w 9 5
w 3 4
p 7 3
p 4 7
p 8 13
p 3 0
p 2 8
p 7 12
p 8 0
p 5 6
p 3 11
p 0 7
p 5 13
p 0 2
p 1 6
p 2 12
p 3 7
p 7 11
p 1 11
p 8 5
p 7 2
p 8 14
p 4 9
p 2 9
p 3 10
p 7 6
p 6 3
p 2 13
p 7 10
p 0 4
p 1 10
p 8 6
p 6 4
p 2 6
p 8 2
p 4 5
p 9 3
p 4 14
p 1 4
p 0 12
p 3 9
p 2 3
p 1 9
p 8 7
p 1 0
p 2 14
p 4 11
p 6 5
p 5 10
p 7 0
p 9 2
p 5 7
p 2 0
p 1 8
p 8 8
p 5 2
p 2 4
p 9 12
m0 0 14
1 9 0
2 9 0
3 9 0
t 300 0
m0 0 14
1 8 0
2 8 0
3 8 0
t 299 0
m0 0 14
1 9 0
2 9 0
3 9 0
t 298 0
m0 0 14
1 8 0
2 8 0
3 8 0
t 297 0
m0 0 14
1 9 0
2 9 0
3 9 0
t 296 0
m0 0 14
1 8 0
2 8 0
3 8 0
t 295 0
m0 1 14
1 9 0
2 9 0
3 9 0
t 294 0
m0 1 14
1 8 0
2 8 0
3 8 0
t 293 0
m0 1 14
1 9 0
2 9 0
3 9 0
t 292 0
m0 0 14
1 8 0
2 8 0
3 8 0
t 291 0
m0 1 14
1 9 0
2 9 0
3 9 0
t 290 0
m0 2 14
1 8 0
2 8 0
3 8 0
t 289 1
m0 3 14
1 9 0
2 9 0
3 9 0
t 288 1
m0 3 14
1 8 0
2 8 0
3 8 0
t 287 1
m0 3 14
1 9 0
2 9 0
3 9 0
t 286 1
m0 4 14
1 8 0
2 8 0
3 8 0
t 285 2
m0 4 13
1 9 0
2 9 0
3 9 0
t 284 2
m0 4 12
1 8 0
2 8 0
3 8 0
t 283 2
m0 4 11
1 9 0
2 9 0
3 9 0
t 282 3
m0 3 11
1 8 0
2 8 0
3 8 0
t 281 4
m0 4 11
1 9 0
2 9 0
3 9 0
t 280 4
m0 4 11
1 8 0
2 8 0
3 8 0
t 279 4
m0 4 12
1 9 0
2 9 0
3 9 0
t 278 4
m0 4 12
1 8 0
2 8 0
3 8 0
t 277 4
m0 4 13
1 9 0
2 9 0
3 9 0
t 276 4
m0 5 13
1 8 0
2 8 0
3 8 0
t 275 5
m0 5 13
1 9 0
2 9 0
3 9 0
t 274 5
m0 6 13
1 8 0
2 8 0
3 8 0
t 273 5
m0 5 13
1 9 0
2 9 0
3 9 0
t 272 5
m0 5 13
1 8 0
2 8 0
3 8 0
t 271 5
m0 5 13
1 9 0
2 9 0
3 9 0
t 270 5
m0 6 13
1 8 0
2 8 0
3 8 0
t 269 5
m0 5 13
1 9 0
2 9 0
3 9 0
t 268 5
m0 6 13
1 8 0
2 8 0
3 8 0
t 267 5
m0 6 14
1 9 0
2 9 0
3 9 0
t 266 5
m0 6 14
1 8 0
2 8 0
3 8 0
t 265 5
m0 6 13
1 9 0
2 9 0
3 9 0
t 264 5
m0 5 13
1 8 0
2 8 0
3 8 0
t 263 5
m0 5 13
1 9 0
2 9 0
3 9 0
t 262 5
m0 4 13
1 8 0
2 8 0
3 8 0
t 261 5
m0 4 14
1 9 0
2 9 0
3 9 0
t 260 5
m0 3 14
1 8 0
2 8 0
3 8 0
t 259 5
m0 3 14
1 9 0
2 9 0
3 9 0
t 258 5
m0 2 14
1 8 0
2 8 0
3 8 0
f 4 13
t 257 5
m0 3 14
1 9 0
2 9 0
3 9 0
t 256 5
m0 4 14
1 8 0
2 8 0
3 8 0
t 255 5
m0 3 14
1 9 0
2 9 0
3 9 0
t 254 5
m0 3 14
1 8 0
2 8 0
3 8 0
t 253 5
m0 2 14
1 9 0
2 9 0
3 9 0
t 252 5
m0 2 13
1 8 0
2 8 0
3 8 0
t 251 6
m0 1 13
1 9 0
2 9 0
3 9 0
t 250 6
m0 1 14
1 8 0
2 8 0
3 8 0
t 249 6
m0 0 14
1 9 0
2 9 0
3 9 0
t 248 6
m0 1 14
1 8 0
2 8 0
3 8 0
t 247 6
m0 0 14
1 9 0
2 9 0
3 9 0
t 246 6
m0 1 14
1 8 0
2 8 0
3 8 0
t 245 6
m0 1 14
1 9 0
2 9 0
3 9 0
t 244 6
m0 0 14
1 8 0
2 8 0
3 8 0
t 243 6
m0 0 14
1 9 0
2 9 0
3 9 0
t 242 6
m0 1 14
1 8 0
2 8 0
3 8 0
t 241 6
m0 1 13
1 9 0
2 9 0
3 9 0
t 240 6
m0 2 13
1 8 0
2 8 0
3 8 0
t 239 6
m0 2 12
1 9 0
2 9 0
3 9 0
t 238 7
m0 2 12
1 8 0
2 8 0
3 8 0
t 237 7
m0 2 12
1 9 0
2 9 0
3 9 0
t 236 7
m0 2 13
1 8 0
2 8 0
3 8 0
t 235 7
m0 1 13
1 9 0
2 9 0
3 9 0
t 234 7
m0 2 13
1 8 0
2 8 0
3 8 0
t 233 7
m0 1 13
1 9 0
2 9 0
3 9 0
t 232 7
m0 1 14
1 8 0
2 8 0
3 8 0
t 231 7
m0 0 14
1 9 0
2 9 0
3 9 0
t 230 7
m0 1 14
1 8 0
2 8 0
3 8 0
t 229 7
m0 0 14
1 9 0
2 9 0
3 9 0
t 228 7
m0 0 14
1 8 0
2 8 0
3 8 0
t 227 7
m0 0 14
1 9 0
2 9 0
3 9 0
t 226 7
m0 0 14
1 8 0
2 8 0
3 8 0
t 225 7
m0 0 14
1 9 0
2 9 0
3 9 0
t 224 7
m0 0 14
1 8 0
2 8 0
3 8 0
t 223 7
m0 0 14
1 9 0
2 9 0
3 9 0
t 222 7
m0 1 14
1 8 0
2 8 0
3 8 0
t 221 7
m0 1 14
1 9 0
2 9 0
3 9 0
t 220 7
m0 0 14
1 8 0
2 8 0
3 8 0
t 219 7
m0 0 14
1 9 0
2 9 0
3 9 0
t 218 7
m0 0 14
1 8 0
2 8 0
3 8 0
t 217 7
m0 0 14
1 9 0
2 9 0
3 9 0
t 216 7
m0 1 14
1 8 0
2 8 0
3 8 0
t 215 7
m0 0 14
1 9 0
2 9 0
3 9 0
t 214 7
m0 0 14
1 8 0
2 8 0
3 8 0
t 213 7
m0 0 14
1 9 0
2 9 0
3 9 0
t 212 7
m0 1 14
1 8 0
2 8 0
3 8 0
t 211 7
m0 1 13
1 9 0
2 9 0
3 9 0
t 210 7
m0 2 13
1 8 0
2 8 0
3 8 0
t 209 7
m0 2 13
1 9 0
2 9 0
3 9 0
t 208 7
m0 2 12
1 8 0
2 8 0
3 8 0
t 207 7
m0 1 12
1 9 0
2 9 0
3 9 0
t 206 7
m0 1 13
1 8 0
2 8 0
3 8 0
t 205 7
m0 1 14
1 9 0
2 9 0
3 9 0
t 204 7
m0 0 14
1 8 0
2 8 0
3 8 0
t 203 7
m0 0 14
1 9 0
2 9 0
3 9 0
t 202 7
m0 0 14
1 8 0
2 8 0
3 8 0
t 201 7
m0 0 14
1 9 0
2 9 0
3 9 0
t 200 7
m0 1 14
1 8 0
2 8 0
3 8 0
t 199 7
m0 1 13
1 9 0
2 9 0
3 9 0
t 198 7
m0 1 14
1 8 0
2 8 0
3 8 0
t 197 7
m0 0 14
1 9 0
2 9 0
3 9 0
t 196 7
m0 1 14
1 8 0
2 8 0
3 8 0
t 195 7
m0 1 14
1 9 0
2 9 0
3 9 0
t 194 7
m0 1 13
1 8 0
2 8 0
3 8 0
t 193 7
m0 1 13
1 9 0
2 9 0
3 9 0
t 192 7
m0 1 12
1 8 0
2 8 0
3 8 0
t 191 7
m0 1 13
1 9 0
2 9 0
3 9 0
t 190 7
m0 1 14
1 8 0
2 8 0
3 8 0
t 189 7
m0 2 14
1 9 0
2 9 0
3 9 0
t 188 7
m0 2 14
1 8 0
2 8 0
3 8 0
t 187 7
m0 2 13
1 9 0
2 9 0
3 9 0
t 186 7
m0 2 14
1 8 0
2 8 0
3 8 0
t 185 7
m0 3 14
1 9 0
2 9 0
3 9 0
t 184 7
m0 4 14
1 8 0
2 8 0
3 8 0
t 183 7
m0 4 13
1 9 0
2 9 0
3 9 0
t 182 17
m0 4 12
1 8 0
2 8 0
3 8 0
t 181 17
m0 4 11
1 9 0
2 9 0
3 9 0
t 180 17
m0 3 11
1 8 0
2 8 0
3 8 0
t 179 17
m0 4 11
1 9 0
2 9 0
3 9 0
t 178 17
m0 4 12
1 8 0
2 8 0
3 8 0
t 177 17
m0 4 12
1 9 0
2 9 0
3 9 0
t 176 17
m0 4 12
1 8 0
2 8 0
3 8 0
t 175 17
m0 4 12
1 9 0
2 9 0
3 9 0
t 174 17
m0 4 13
1 8 0
2 8 0
3 8 0
t 173 17
m0 5 13
1 9 0
2 9 0
3 9 0
t 172 17
m0 4 13
1 8 0
2 8 0
3 8 0
t 171 17
m0 4 13
1 9 0
2 9 0
3 9 0
t 170 17
m0 4 14
1 8 0
2 8 0
3 8 0
t 169 17
m0 4 14
1 9 0
2 9 0
3 9 0
t 168 17
m0 3 14
1 8 0
2 8 0
3 8 0
t 167 17
m0 4 14
1 9 0
2 9 0
3 9 0
t 166 17
m0 3 14
1 8 0
2 8 0
3 8 0
t 165 17
m0 2 14
1 9 0
2 9 0
3 9 0
t 164 17
m0 1 14
1 8 0
2 8 0
3 8 0
t 163 17
m0 2 14
1 9 0
2 9 0
3 9 0
t 162 17
m0 1 14
1 8 0
2 8 0
3 8 0
t 161 17
m0 0 14
1 9 0
2 9 0
3 9 0
t 160 17
m0 1 14
1 8 0
2 8 0
3 8 0
t 159 17
m0 1 14
1 9 0
2 9 0
3 9 0
t 158 17
m0 1 14
1 8 0
2 8 0
3 8 0
t 157 17
m0 1 14
1 9 0
2 9 0
3 9 0
t 156 17
m0 0 14
1 8 0
2 8 0
3 8 0
t 155 17
m0 0 14
1 9 0
2 9 0
3 9 0
t 154 17
m0 0 14
1 8 0
2 8 0
3 8 0
t 153 17
m0 0 14
1 9 0
2 9 0
3 9 0
t 152 17
m0 0 14
1 8 0
2 8 0
3 8 0
t 151 17
m0 0 14
1 9 0
2 9 0
3 9 0
t 150 17
m0 0 14
1 8 0
2 8 0
3 8 0
t 149 17
m0 1 14
1 9 0
2 9 0
3 9 0
t 148 17
m0 1 14
1 8 0
2 8 0
3 8 0
t 147 17
m0 1 14
1 9 0
2 9 0
3 9 0
t 146 17
m0 2 14
1 8 0
2 8 0
3 8 0
t 145 17
m0 2 14
1 9 0
2 9 0
3 9 0
t 144 17
m0 3 14
1 8 0
2 8 0
3 8 0
t 143 17
m0 4 14
1 9 0
2 9 0
3 9 0
t 142 17
m0 3 14
1 8 0
2 8 0
3 8 0
f 5 11
t 141 17
m0 3 14
1 9 0
2 9 0
3 9 0
t 140 17
m0 2 14
1 8 0
2 8 0
3 8 0
t 139 17
m0 3 14
1 9 0
2 9 0
3 9 0
t 138 17
m0 3 14
1 8 0
2 8 0
3 8 0
t 137 17
m0 3 14
1 9 0
2 9 0
3 9 0
t 136 17
m0 4 14
1 8 0
2 8 0
3 8 0
t 135 17
m0 4 14
1 9 0
2 9 0
3 9 0
t 134 17
m0 3 14
1 8 0
2 8 0
3 8 0
t 133 17
m0 4 14
1 9 0
2 9 0
3 9 0
t 132 17
m0 4 14
1 8 0
2 8 0
3 8 0
t 131 17
m0 3 14
1 9 0
2 9 0
3 9 0
t 130 17
m0 4 14
1 8 0
2 8 0
3 8 0
t 129 17
m0 3 14
1 9 0
2 9 0
3 9 0
t 128 17
m0 4 14
1 8 0
2 8 0
3 8 0
t 127 17
m0 4 14
1 9 0
2 9 0
3 9 0
t 126 17
m0 3 14
1 8 0
2 8 0
3 8 0
t 125 17
m0 3 14
1 9 0
2 9 0
3 9 0
t 124 17
m0 3 14
1 8 0
2 8 0
3 8 0
t 123 17
m0 2 14
1 9 0
2 9 0
3 9 0
t 122 17
m0 1 14
1 8 0
2 8 0
3 8 0
t 121 17
m0 1 13
1 9 0
2 9 0
3 9 0
t 120 17
m0 1 14
1 8 0
2 8 0
3 8 0
t 119 17
m0 1 14
1 9 0
2 9 0
3 9 0
t 118 17
m0 1 13
1 8 0
2 8 0
3 8 0
t 117 17
m0 1 14
1 9 0
2 9 0
3 9 0
t 116 17
m0 2 14
1 8 0
2 8 0
3 8 0
t 115 17
m0 2 13
1 9 0
2 9 0
3 9 0
t 114 17
m0 2 13
1 8 0
2 8 0
3 8 0
t 113 17
m0 2 13
1 9 0
2 9 0
3 9 0
t 112 17
m0 2 14
1 8 0
2 8 0
3 8 0
t 111 17
m0 3 14
1 9 0
2 9 0
3 9 0
t 110 17
m0 3 14
1 8 0
2 8 0
3 8 0
t 109 17
m0 2 14
1 9 0
2 9 0
3 9 0
t 108 17
m0 1 14
1 8 0
2 8 0
3 8 0
t 107 17
m0 0 14
1 9 0
2 9 0
3 9 0
t 106 17
m0 0 14
1 8 0
2 8 0
3 8 0
t 105 17
m0 0 14
1 9 0
2 9 0
3 9 0
t 104 17
m0 0 14
1 8 0
2 8 0
3 8 0
t 103 17
m0 1 14
1 9 0
2 9 0
3 9 0
t 102 17
m0 0 14
1 8 0
2 8 0
3 8 0
t 101 17
m0 0 14
1 9 0
2 9 0
3 9 0
t 100 17
m0 1 14
1 8 0
2 8 0
3 8 0
t 99 17
m0 0 14
1 9 0
2 9 0
3 9 0
t 98 17
m0 0 14
1 8 0
2 8 0
3 8 0
t 97 17
m0 1 14
1 9 0
2 9 0
3 9 0
t 96 17
m0 1 14
1 8 0
2 8 0
3 8 0
t 95 17
m0 2 14
1 9 0
2 9 0
3 9 0
t 94 17
m0 2 14
1 8 0
2 8 0
3 8 0
t 93 17
m0 1 14
1 9 0
2 9 0
3 9 0
t 92 17
m0 1 14
1 8 0
2 8 0
3 8 0
t 91 17
m0 0 14
1 9 0
2 9 0
3 9 0
t 90 17
m0 1 14
1 8 0
2 8 0
3 8 0
t 89 17
m0 2 14
1 9 0
2 9 0
3 9 0
t 88 17
m0 1 14
1 8 0
2 8 0
3 8 0
t 87 17
m0 0 14
1 9 0
2 9 0
3 9 0
t 86 17
m0 1 14
1 8 0
2 8 0
3 8 0
t 85 17
m0 1 14
1 9 0
2 9 0
3 9 0
t 84 17
m0 0 14
1 8 0
2 8 0
3 8 0
t 83 17
m0 1 14
1 9 0
2 9 0
3 9 0
t 82 17
m0 2 14
1 8 0
2 8 0
3 8 0
t 81 17
m0 2 14
1 9 0
2 9 0
3 9 0
t 80 17
m0 1 14
1 8 0
2 8 0
3 8 0
t 79 17
m0 0 14
1 9 0
2 9 0
3 9 0
t 78 17
m0 0 14
1 8 0
2 8 0
3 8 0
t 77 17
m0 1 14
1 9 0
2 9 0
3 9 0
t 76 17
m0 1 13
1 8 0
2 8 0
3 8 0
t 75 17
m0 1 12
1 9 0
2 9 0
3 9 0
t 74 17
m0 0 12
1 8 0
2 8 0
3 8 0
t 73 18
m0 0 12
1 9 0
2 9 0
3 9 0
t 72 18
m0 1 12
1 8 0
2 8 0
3 8 0
t 71 18
m0 1 12
1 9 0
2 9 0
3 9 0
t 70 18
m0 0 12
1 8 0
2 8 0
3 8 0
t 69 18
m0 0 12
1 9 0
2 9 0
3 9 0
t 68 18
m0 0 12
1 8 0
2 8 0
3 8 0
t 67 18
m0 1 12
1 9 0
2 9 0
3 9 0
t 66 18
m0 1 12
1 8 0
2 8 0
3 8 0
t 65 18
m0 1 13
1 9 0
2 9 0
3 9 0
t 64 18
m0 1 14
1 8 0
2 8 0
3 8 0
t 63 18
m0 1 14
1 9 0
2 9 0
3 9 0
t 62 18
m0 0 14
1 8 0
2 8 0
3 8 0
t 61 18
m0 1 14
1 9 0
2 9 0
3 9 0
t 60 18
m0 1 14
1 8 0
2 8 0
3 8 0
t 59 18
m0 2 14
1 9 0
2 9 0
3 9 0
t 58 18
m0 1 14
1 8 0
2 8 0
3 8 0
t 57 18
m0 1 14
1 9 0
2 9 0
3 9 0
t 56 18
m0 1 14
1 8 0
2 8 0
3 8 0
t 55 18
m0 1 14
1 9 0
2 9 0
3 9 0
t 54 18
m0 0 14
1 8 0
2 8 0
3 8 0
t 53 18
m0 1 14
1 9 0
2 9 0
3 9 0
t 52 18
m0 0 14
1 8 0
2 8 0
3 8 0
t 51 18
m0 0 14
1 9 0
2 9 0
3 9 0
t 50 18
m0 0 14
1 8 0
2 8 0
3 8 0
t 49 18
m0 0 14
1 9 0
2 9 0
3 9 0
t 48 18
m0 0 14
1 8 0
2 8 0
3 8 0
t 47 18
m0 1 14
1 9 0
2 9 0
3 9 0
t 46 18
m0 1 13
1 8 0
2 8 0
3 8 0
t 45 18
m0 1 13
1 9 0
2 9 0
3 9 0
t 44 18
m0 1 14
1 8 0
2 8 0
3 8 0
t 43 18
m0 0 14
1 9 0
2 9 0
3 9 0
t 42 18
m0 1 14
1 8 0
2 8 0
3 8 0
t 41 18
m0 1 14
1 9 0
2 9 0
3 9 0
t 40 18
m0 1 14
1 8 0
2 8 0
3 8 0
t 39 18
m0 1 14
1 9 0
2 9 0
3 9 0
t 38 18
m0 0 14
1 8 0
2 8 0
3 8 0
t 37 18
m0 0 14
1 9 0
2 9 0
3 9 0
t 36 18
m0 0 14
1 8 0
2 8 0
3 8 0
t 35 18
m0 0 14
1 9 0
2 9 0
3 9 0
t 34 18
m0 1 14
1 8 0
2 8 0
3 8 0
t 33 18
m0 2 14
1 9 0
2 9 0
3 9 0
t 32 18
m0 3 14
1 8 0
2 8 0
3 8 0
t 31 18
m0 2 14
1 9 0
2 9 0
3 9 0
t 30 18
m0 2 13
1 8 0
2 8 0
3 8 0
t 29 18
m0 2 13
1 9 0
2 9 0
3 9 0
t 28 18
m0 2 13
1 8 0
2 8 0
3 8 0
t 27 18
m0 2 12
1 9 0
2 9 0
3 9 0
t 26 18
m0 1 12
1 8 0
2 8 0
3 8 0
t 25 18
m0 1 12
1 9 0
2 9 0
3 9 0
t 24 18
m0 1 13
1 8 0
2 8 0
3 8 0
t 23 18
m0 1 14
1 9 0
2 9 0
3 9 0
t 22 18
m0 1 14
1 8 0
2 8 0
3 8 0
t 21 18
m0 1 14
1 9 0
2 9 0
3 9 0
t 20 18
m0 1 13
1 8 0
2 8 0
3 8 0
t 19 18
m0 1 14
1 9 0
2 9 0
3 9 0
t 18 18
m0 0 14
1 8 0
2 8 0
3 8 0
t 17 18
m0 0 14
1 9 0
2 9 0
3 9 0
t 16 18
m0 1 14
1 8 0
2 8 0
3 8 0
t 15 18
m0 0 14
1 9 0
2 9 0
3 9 0
t 14 18
m0 1 14
1 8 0
2 8 0
3 8 0
t 13 18
m0 1 14
1 9 0
2 9 0
3 9 0
t 12 18
m0 0 14
1 8 0
2 8 0
3 8 0
t 11 18
m0 1 14
1 9 0
2 9 0
3 9 0
t 10 18
m0 0 14
1 8 0
2 8 0
3 8 0
t 9 18
m0 1 14
1 9 0
2 9 0
3 9 0
t 8 18
m0 0 14
1 8 0
2 8 0
3 8 0
t 7 18
m0 1 14
1 9 0
2 9 0
3 9 0
t 6 18
m0 0 14
1 8 0
2 8 0
3 8 0
t 5 18
m0 0 14
1 9 0
2 9 0
3 9 0
t 4 18
m0 0 14
1 8 0
2 8 0
3 8 0
t 3 18
m0 0 14
1 9 0
2 9 0
3 9 0
t 2 18
m0 0 14
1 8 0
2 8 0
3 8 0
t 1 18
m0 1 14
1 8 0
2 8 0
3 8 0
t 0 18
