10
15
w 7 3
w 7 12
w 6 2
w 1 6
w 7 11
w 8 5
w 5 8
w 6 7
w 8 1
w 1 14
w 4 13
w 1 5
w 9 11
w 5 0
w 3 6
w 8 6
w 6 4
w 7 14
w 4 10
w 9 14
w 5 4
w 5 11
w 9 3
w 7 5
w 1 9
w 4 2
w 0 1
w 7 0
w 4 6
w 3 1
w 2 11
w 3 8
w 1 8
w 8 8
w 3 4
w 0 2
w 9 12
p 5 9
p 4 7
p 3 0
p 2 8
p 8 0
p 3 11
p 0 7
p 7 7
p 5 13
p 2 1
p 8 9
p 4 12
p 9 4
p 5 1
p 0 3
p 3 14
p 6 14
p 8 14
p 2 9
p 3 10
p 6 10
p 4 4
p 2 13
p 7 10
p 0 4
p 1 10
p 4 1
p 1 1
p 9 7
p 7 1
p 6 11
p 4 5
p 4 14
p 6 0
p 2 10
p 9 10
p 3 9
p 0 5
p 8 7
p 6 12
p 1 0
p 5 3
p 2 7
p 7 9
p 5 10
p 6 8
p 9 2
p 5 7
p 0 13
p 5 14
p 0 6
p 7 4
p 4 3
p 6 13
p 9 5
p 8 4
m0 0 14
1 9 0
2 9 0
3 9 0
t 300 0
m0 0 14
1 8 0
2 8 0
3 9 1
t 299 0
m0 0 13
1 9 0
2 9 0
3 9 2
t 298 1
m0 1 13
1 8 0
2 8 0
3 9 1
t 297 1
m0 1 12
1 9 0
2 9 0
3 9 2
t 296 1
m0 1 11
1 8 0
2 8 0
3 9 1
t 295 1
m0 1 12
1 9 0
2 9 0
3 9 2
t 294 1
m0 1 12
1 8 0
2 8 0
3 9 1
t 293 1
m0 1 13
1 9 0
2 9 0
3 9 2
t 292 1
m0 1 12
1 8 0
2 8 0
3 9 1
t 291 1
m0 1 11
1 9 0
2 9 0
3 9 2
t 290 1
m0 1 12
1 8 0
2 8 0
3 9 1
t 289 1
m0 0 12
1 9 0
2 9 0
3 9 2
t 288 1
m0 0 12
1 8 0
2 8 0
3 9 1
t 287 1
m0 0 13
1 9 0
2 9 0
3 9 2
t 286 1
m0 0 12
1 8 0
2 8 0
3 9 1
t 285 1
m0 0 13
1 9 0
2 9 0
3 9 2
t 284 1
m0 1 13
1 8 0
2 8 0
3 9 1
t 283 1
m0 1 12
1 9 0
2 9 0
3 9 2
t 282 1
m0 1 12
1 8 0
2 8 0
3 9 1
t 281 1
m0 1 12
1 9 0
2 9 0
3 9 2
t 280 1
m0 2 12
1 8 0
2 8 0
3 9 1
t 279 1
m0 2 12
1 9 0
2 9 0
3 9 2
t 278 1
m0 1 12
1 8 0
2 8 0
3 9 1
t 277 1
m0 1 11
1 9 0
2 9 0
3 9 2
t 276 1
m0 1 11
1 8 0
2 8 0
3 9 1
t 275 1
m0 1 12
1 9 0
2 9 0
3 9 2
t 274 1
m0 2 12
1 8 0
2 8 0
3 9 1
t 273 1
m0 2 13
1 9 0
2 9 0
3 9 2
t 272 2
m0 2 13
1 8 0
2 8 0
3 9 1
t 271 2
m0 2 13
1 9 0
2 9 0
3 9 2
t 270 2
m0 3 13
1 8 0
2 8 0
3 9 1
t 269 2
m0 3 13
1 9 0
2 9 0
3 9 2
t 268 2
m0 3 13
1 8 0
2 8 0
3 9 1
t 267 2
m0 3 13
1 9 0
2 9 0
3 9 2
t 266 2
m0 3 14
1 8 0
2 8 0
3 9 1
t 265 3
m0 2 14
1 9 0
2 9 0
3 9 2
t 264 3
m0 2 14
1 8 0
2 8 0
3 9 1
t 263 3
m0 2 13
1 9 0
2 9 0
3 9 2
t 262 3
m0 3 13
1 8 0
2 8 0
3 9 1
t 261 3
m0 3 12
1 9 0
2 9 0
3 9 2
t 260 3
m0 3 13
1 8 0
2 8 0
3 9 1
t 259 3
m0 2 13
1 9 0
2 9 0
3 9 2
t 258 3
m0 2 12
1 8 0
2 8 0
3 9 1
t 257 3
m0 2 12
1 9 0
2 9 0
3 9 2
t 256 3
m0 2 13
1 8 0
2 8 0
3 9 1
t 255 3
m0 3 13
1 9 0
2 9 0
3 9 2
t 254 3
m0 2 13
1 8 0
2 8 0
3 9 1
t 253 3
m0 2 13
1 9 0
2 9 0
3 9 2
t 252 3
m0 2 14
1 8 0
2 8 0
3 9 1
t 251 3
m0 2 13
1 9 0
2 9 0
3 9 2
t 250 3
m0 2 13
1 8 0
2 8 0
3 9 1
f 2 4
t 249 3
m0 3 13
1 9 0
2 9 0
3 9 2
t 248 3
m0 2 13
1 8 0
2 8 0
3 9 1
t 247 3
m0 2 13
1 9 0
2 9 0
3 9 2
t 246 3
m0 3 13
1 8 0
2 8 0
3 9 1
t 245 3
m0 3 14
1 9 0
2 9 0
3 9 2
t 244 3
m0 2 14
1 8 0
2 8 0
3 9 1
t 243 3
m0 3 14
1 9 0
2 9 0
3 9 2
t 242 3
m0 3 14
1 8 0
2 8 0
3 9 1
t 241 3
m0 4 14
1 9 0
2 9 0
3 9 2
t 240 4
m0 5 14
1 8 0
2 8 0
3 9 1
t 239 5
m0 6 14
1 9 0
2 9 0
3 9 2
t 238 6
m0 6 13
1 8 0
2 8 0
3 9 1
t 237 7
m0 6 13
1 9 0
2 9 0
3 9 2
t 236 7
m0 6 14
1 8 0
2 8 0
3 9 1
t 235 7
m0 6 14
1 9 0
2 9 0
3 9 2
t 234 7
m0 5 14
1 8 0
2 8 0
3 9 1
t 233 7
m0 5 13
1 9 0
2 9 0
3 9 2
t 232 8
m0 5 13
1 8 0
2 8 0
3 9 1
t 231 8
m0 5 14
1 9 0
2 9 0
3 9 2
t 230 8
m0 4 14
1 8 0
2 8 0
3 9 1
t 229 8
m0 4 14
1 9 0
2 9 0
3 9 2
t 228 8
m0 5 14
1 8 0
2 8 0
3 9 1
t 227 8
m0 6 14
1 9 0
2 9 0
3 9 2
t 226 8
m0 6 13
1 8 0
2 8 0
3 9 1
t 225 8
m0 6 12
1 9 0
2 9 0
3 9 2
t 224 9
m0 6 12
1 8 0
2 8 0
3 9 1
t 223 9
m0 6 13
1 9 0
2 9 0
3 9 2
t 222 9
m0 6 14
1 8 0
2 8 0
3 9 1
t 221 9
m0 5 14
1 9 0
2 9 0
3 9 2
t 220 9
m0 4 14
1 8 0
2 8 0
3 9 1
t 219 9
m0 5 14
1 9 0
2 9 0
3 9 2
t 218 9
m0 6 14
1 8 0
2 8 0
3 9 1
t 217 9
m0 6 13
1 9 0
2 9 0
3 9 2
t 216 9
m0 5 13
1 8 0
2 8 0
3 9 1
t 215 9
m0 5 14
1 9 0
2 9 0
3 9 2
t 214 9
m0 6 14
1 8 0
2 8 0
3 9 1
t 213 9
m0 6 13
1 9 0
2 9 0
3 9 2
t 212 9
m0 6 14
1 8 0
2 8 0
3 9 1
t 211 9
m0 5 14
1 9 0
2 9 0
3 9 2
t 210 9
m0 6 14
1 8 0
2 8 0
3 9 1
t 209 9
m0 6 13
1 9 0
2 9 0
3 9 2
t 208 9
m0 6 13
1 8 0
2 8 0
3 9 1
t 207 9
m0 5 13
1 9 0
2 9 0
3 9 2
t 206 9
m0 5 14
1 8 0
2 8 0
3 9 1
t 205 9
m0 5 14
1 9 0
2 9 0
3 9 2
t 204 9
m0 6 14
1 8 0
2 8 0
3 9 1
t 203 9
m0 6 13
1 9 0
2 9 0
3 9 2
t 202 9
m0 6 12
1 8 0
2 8 0
3 9 1
t 201 9
m0 6 11
1 9 0
2 9 0
3 9 2
t 200 10
m0 6 12
1 8 0
2 8 0
3 9 1
t 199 10
m0 6 12
1 9 0
2 9 0
3 9 2
t 198 10
m0 5 12
1 8 0
2 8 0
3 9 1
t 197 10
m0 5 13
1 9 0
2 9 0
3 9 2
t 196 10
m0 5 12
1 8 0
2 8 0
3 9 1
t 195 10
m0 4 12
1 9 0
2 9 0
3 9 2
t 194 11
m0 3 12
1 8 0
2 8 0
3 9 1
t 193 11
m0 3 13
1 9 0
2 9 0
3 9 2
t 192 11
m0 3 13
1 8 0
2 8 0
3 9 1
t 191 11
m0 2 13
1 9 0
2 9 0
3 9 2
t 190 11
m0 2 12
1 8 0
2 8 0
3 9 1
t 189 11
m0 1 12
1 9 0
2 9 0
3 9 2
t 188 11
m0 1 11
1 8 0
2 8 0
3 9 1
t 187 11
m0 1 10
1 9 0
2 9 0
3 9 2
t 186 12
m0 2 10
1 8 0
2 8 0
3 9 1
t 185 13
m0 2 10
1 9 0
2 9 0
3 9 2
t 184 13
m0 2 10
1 8 0
2 8 0
3 9 1
t 183 13
m0 3 10
1 9 0
2 9 0
3 9 2
t 182 14
m0 2 10
1 8 0
2 8 0
3 9 1
t 181 14
m0 2 9
1 9 0
2 9 0
3 9 2
t 180 15
m0 2 8
1 8 0
2 8 0
3 9 1
t 179 16
m0 2 8
1 9 0
2 9 0
3 9 2
t 178 16
m0 2 8
1 8 0
2 8 0
3 9 1
t 177 16
m0 2 9
1 9 0
2 9 0
3 9 2
t 176 16
m0 2 9
1 8 0
2 8 0
3 9 1
t 175 16
m0 2 8
1 9 0
2 9 0
3 9 2
t 174 16
m0 2 8
1 8 0
2 8 0
3 9 1
t 173 16
m0 2 7
1 9 0
2 9 0
3 9 2
t 172 17
m0 2 7
1 8 0
2 8 0
3 9 1
t 171 17
m0 2 7
1 9 0
2 9 0
3 9 2
t 170 17
m0 2 7
1 8 0
2 8 0
3 9 1
t 169 17
m0 2 6
1 9 0
2 9 0
3 9 2
t 168 17
m0 2 5
1 8 0
2 8 0
3 9 1
t 167 17
m0 2 4
1 9 0
2 9 0
3 9 2
t 166 27
m0 1 4
1 8 0
2 8 0
3 9 1
t 165 27
m0 0 4
1 9 0
2 9 0
3 9 2
t 164 28
m0 1 4
1 8 0
2 8 0
3 9 1
t 163 28
m0 0 4
1 9 0
2 9 0
3 9 2
t 162 28
m0 0 3
1 8 0
2 8 0
3 9 1
t 161 29
m0 0 3
1 9 0
2 9 0
3 9 2
t 160 29
m0 0 3
1 8 0
2 8 0
3 9 1
t 159 29
m0 0 3
1 9 0
2 9 0
3 9 2
t 158 29
m0 1 3
1 8 0
2 8 0
3 9 1
t 157 29
m0 0 3
1 9 0
2 9 0
3 9 2
t 156 29
m0 0 3
1 8 0
2 8 0
3 9 1
t 155 29
m0 0 3
1 9 0
2 9 0
3 9 2
t 154 29
m0 0 4
1 8 0
2 8 0
3 9 1
t 153 29
m0 0 3
1 9 0
2 9 0
3 9 2
t 152 29
m0 0 4
1 8 0
2 8 0
3 9 1
t 151 29
m0 0 4
1 9 0
2 9 0
3 9 2
t 150 29
m0 1 4
1 8 0
2 8 0
3 9 1
t 149 29
m0 1 4
1 9 0
2 9 0
3 9 2
t 148 29
m0 2 4
1 8 0
2 8 0
3 9 1
t 147 29
m0 2 3
1 9 0
2 9 0
3 9 2
f 2 2
t 146 29
m0 2 3
1 8 0
2 8 0
3 9 1
t 145 29
m0 2 4
1 9 0
2 9 0
3 9 2
t 144 29
m0 2 4
1 8 0
2 8 0
3 9 1
t 143 29
m0 2 5
1 9 0
2 9 0
3 9 2
t 142 29
m0 2 4
1 8 0
2 8 0
3 9 1
t 141 29
m0 2 5
1 9 0
2 9 0
3 9 2
t 140 29
m0 2 6
1 8 0
2 8 0
3 9 1
t 139 29
m0 2 5
1 9 0
2 9 0
3 9 2
t 138 29
m0 2 4
1 8 0
2 8 0
3 9 1
t 137 29
m0 2 3
1 9 0
2 9 0
3 9 2
t 136 29
m0 1 3
1 8 0
2 8 0
3 9 1
t 135 29
m0 0 3
1 9 0
2 9 0
3 9 2
t 134 29
m0 1 3
1 8 0
2 8 0
3 9 1
t 133 29
m0 1 4
1 9 0
2 9 0
3 9 2
t 132 29
m0 1 3
1 8 0
2 8 0
3 9 1
t 131 29
m0 1 4
1 9 0
2 9 0
3 9 2
t 130 29
m0 1 4
1 8 0
2 8 0
3 9 1
t 129 29
m0 1 4
1 9 0
2 9 0
3 9 2
t 128 29
m0 1 4
1 8 0
2 8 0
3 9 1
t 127 29
m0 0 4
1 9 0
2 9 0
3 9 2
t 126 29
m0 0 4
1 8 0
2 8 0
3 9 1
t 125 29
m0 0 3
1 9 0
2 9 0
3 9 2
t 124 29
m0 0 4
1 8 0
2 8 0
3 9 1
t 123 29
m0 1 4
1 9 0
2 9 0
3 9 2
t 122 29
m0 0 4
1 8 0
2 8 0
3 9 1
t 121 29
m0 0 5
1 9 0
2 9 0
3 9 2
t 120 30
m0 0 5
1 8 0
2 8 0
3 9 1
t 119 30
m0 0 5
1 9 0
2 9 0
3 9 2
t 118 30
m0 0 6
1 8 0
2 8 0
3 9 1
t 117 31
m0 0 6
1 9 0
2 9 0
3 9 2
t 116 31
m0 0 6
1 8 0
2 8 0
3 9 1
t 115 31
m0 0 6
1 9 0
2 9 0
3 9 2
t 114 31
m0 0 5
1 8 0
2 8 0
3 9 1
t 113 31
m0 0 6
1 9 0
2 9 0
3 9 2
t 112 31
m0 0 5
1 8 0
2 8 0
3 9 1
t 111 31
m0 0 6
1 9 0
2 9 0
3 9 2
t 110 31
m0 0 7
1 8 0
2 8 0
3 9 1
t 109 32
m0 1 7
1 9 0
2 9 0
3 9 2
t 108 32
m0 0 7
1 8 0
2 8 0
3 9 1
t 107 32
m0 0 7
1 9 0
2 9 0
3 9 2
t 106 32
m0 0 8
1 8 0
2 8 0
3 9 1
t 105 32
m0 0 9
1 9 0
2 9 0
3 9 2
t 104 32
m0 0 9
1 8 0
2 8 0
3 9 1
t 103 32
m0 0 10
1 9 0
2 9 0
3 9 2
t 102 32
m0 0 11
1 8 0
2 8 0
3 9 1
t 101 32
m0 0 12
1 9 0
2 9 0
3 9 2
t 100 32
m0 0 13
1 8 0
2 8 0
3 9 1
t 99 32
m0 0 13
1 9 0
2 9 0
3 9 2
t 98 32
m0 0 12
1 8 0
2 8 0
3 9 1
t 97 32
m0 1 12
1 9 0
2 9 0
3 9 2
t 96 32
m0 1 13
1 8 0
2 8 0
3 9 1
t 95 32
m0 1 12
1 9 0
2 9 0
3 9 2
t 94 32
m0 0 12
1 8 0
2 8 0
3 9 1
t 93 32
m0 0 12
1 9 0
2 9 0
3 9 2
t 92 32
m0 0 13
1 8 0
2 8 0
3 9 1
t 91 32
m0 1 13
1 9 0
2 9 0
3 9 2
t 90 32
m0 0 13
1 8 0
2 8 0
3 9 1
t 89 32
m0 1 13
1 9 0
2 9 0
3 9 2
t 88 32
m0 1 12
1 8 0
2 8 0
3 9 1
t 87 32
m0 0 12
1 9 0
2 9 0
3 9 2
t 86 32
m0 0 12
1 8 0
2 8 0
3 9 1
t 85 32
m0 0 11
1 9 0
2 9 0
3 9 2
t 84 32
m0 0 11
1 8 0
2 8 0
3 9 1
t 83 32
m0 0 11
1 9 0
2 9 0
3 9 2
t 82 32
m0 0 12
1 8 0
2 8 0
3 9 1
t 81 32
m0 0 12
1 9 0
2 9 0
3 9 2
t 80 32
m0 0 11
1 8 0
2 8 0
3 9 1
t 79 32
m0 1 11
1 9 0
2 9 0
3 9 2
t 78 32
m0 1 10
1 8 0
2 8 0
3 9 1
t 77 32
m0 1 10
1 9 0
2 9 0
3 9 2
t 76 32
m0 2 10
1 8 0
2 8 0
3 9 1
t 75 32
m0 3 10
1 9 0
2 9 0
3 9 2
t 74 32
m0 3 9
1 8 0
2 8 0
3 9 1
t 73 33
m0 3 10
1 9 0
2 9 0
3 9 2
t 72 33
m0 3 11
1 8 0
2 8 0
3 9 1
t 71 34
m0 3 10
1 9 0
2 9 0
3 9 2
t 70 34
m0 2 10
1 8 0
2 8 0
3 9 1
t 69 34
m0 1 10
1 9 0
2 9 0
3 9 2
t 68 34
m0 2 10
1 8 0
2 8 0
3 9 1
t 67 34
m0 2 9
1 9 0
2 9 0
3 9 2
t 66 34
m0 3 9
1 8 0
2 8 0
3 9 1
t 65 34
m0 3 10
1 9 0
2 9 0
3 9 2
t 64 34
m0 3 9
1 8 0
2 8 0
3 9 1
t 63 34
m0 2 9
1 9 0
2 9 0
3 9 2
t 62 34
m0 2 8
1 8 0
2 8 0
3 9 1
t 61 34
m0 2 7
1 9 0
2 9 0
3 9 2
t 60 34
m0 1 7
1 8 0
2 8 0
3 9 1
t 59 34
m0 0 7
1 9 0
2 9 0
3 9 2
t 58 34
m0 1 7
1 8 0
2 8 0
3 9 1
t 57 34
m0 2 7
1 9 0
2 9 0
3 9 2
t 56 34
m0 2 8
1 8 0
2 8 0
3 9 1
t 55 34
m0 2 8
1 9 0
2 9 0
3 9 2
t 54 34
m0 2 8
1 8 0
2 8 0
3 9 1
t 53 34
m0 2 9
1 9 0
2 9 0
3 9 2
t 52 34
m0 2 10
1 8 0
2 8 0
3 9 1
t 51 34
m0 2 9
1 9 0
2 9 0
3 9 2
t 50 34
m0 2 9
1 8 0
2 8 0
3 9 1
t 49 34
m0 2 8
1 9 0
2 9 0
3 9 2
t 48 34
m0 2 8
1 8 0
2 8 0
3 9 1
t 47 34
m0 2 9
1 9 0
2 9 0
3 9 2
t 46 34
m0 2 9
1 8 0
2 8 0
3 9 1
t 45 34
m0 2 9
1 9 0
2 9 0
3 9 2
t 44 34
m0 3 9
1 8 0
2 8 0
3 9 1
t 43 34
m0 2 9
1 9 0
2 9 0
3 9 2
t 42 34
m0 2 9
1 8 0
2 8 0
3 9 1
t 41 34
m0 2 8
1 9 0
2 9 0
3 9 2
t 40 34
m0 2 9
1 8 0
2 8 0
3 9 1
t 39 34
m0 2 10
1 9 0
2 9 0
3 9 2
t 38 34
m0 2 9
1 8 0
2 8 0
3 9 1
t 37 34
m0 2 10
1 9 0
2 9 0
3 9 2
t 36 34
m0 2 10
1 8 0
2 8 0
3 9 1
t 35 34
m0 1 10
1 9 0
2 9 0
3 9 2
t 34 34
m0 1 10
1 8 0
2 8 0
3 9 1
t 33 34
m0 1 10
1 9 0
2 9 0
3 9 2
t 32 34
m0 1 10
1 8 0
2 8 0
3 9 1
t 31 34
m0 1 10
1 9 0
2 9 0
3 9 2
t 30 34
m0 0 10
1 8 0
2 8 0
3 9 1
t 29 34
m0 0 11
1 9 0
2 9 0
3 9 2
t 28 34
m0 0 10
1 8 0
2 8 0
3 9 1
t 27 34
m0 0 9
1 9 0
2 9 0
3 9 2
t 26 34
m0 0 8
1 8 0
2 8 0
3 9 1
t 25 34
m0 0 9
1 9 0
2 9 0
3 9 2
t 24 34
m0 0 10
1 8 0
2 8 0
3 9 1
t 23 34
m0 0 9
1 9 0
2 9 0
3 9 2
t 22 34
m0 0 10
1 8 0
2 8 0
3 9 1
t 21 34
m0 0 9
1 9 0
2 9 0
3 9 2
t 20 34
m0 0 9
1 8 0
2 8 0
3 9 1
t 19 34
m0 0 10
1 9 0
2 9 0
3 9 2
t 18 34
m0 0 9
1 8 0
2 8 0
3 9 1
t 17 34
m0 0 8
1 9 0
2 9 0
3 9 2
t 16 34
m0 0 8
1 8 0
2 8 0
3 9 1
t 15 34
m0 0 9
1 9 0
2 9 0
3 9 2
t 14 34
m0 0 8
1 8 0
2 8 0
3 9 1
t 13 34
m0 0 9
1 9 0
2 9 0
3 9 2
t 12 34
m0 0 8
1 8 0
2 8 0
3 9 1
t 11 34
m0 0 8
1 9 0
2 9 0
3 9 2
t 10 34
m0 0 7
1 8 0
2 8 0
3 9 1
t 9 34
m0 0 6
1 9 0
2 9 0
3 9 2
t 8 34
m0 0 7
1 8 0
2 8 0
3 9 1
t 7 34
m0 0 8
1 9 0
2 9 0
3 9 2
t 6 34
m0 0 7
1 8 0
2 8 0
3 9 1
t 5 34
m0 1 7
1 9 0
2 9 0
3 9 2
t 4 34
m0 2 7
1 8 0
2 8 0
3 9 1
t 3 34
m0 2 6
1 9 0
2 9 0
3 9 2
t 2 34
m0 2 7
1 8 0
2 8 0
3 9 1
t 1 34
m0 3 7
1 8 0
2 8 0
3 9 1
t 0 34
