10
15
w 6 9
w 7 12
w 3 11
w 0 7
w 4 12
w 6 2
w 7 11
w 3 14
w 5 5
w 2 9
w 7 6
w 4 4
w 0 11
w 0 4
w 4 1
w 1 1
w 0 0
w 2 6
w 8 2
w 1 13
w 4 14
w 9 10
w 2 3
w 0 5
w 0 8
w 9 6
w 2 7
w 8 3
w 7 0
w 6 8
w 7 13
w 0 13
w 2 11
w 7 4
w 3 8
w 9 5
w 5 2
p 5 9
p 7 3
p 2 8
p 9 8
p 8 0
p 5 13
p 8 9
p 0 10
p 5 1
p 2 5
p 1 11
p 0 3
p 6 14
p 4 0
p 8 14
p 9 0
p 6 7
p 8 1
p 5 12
p 6 10
p 8 10
p 6 3
p 2 13
p 9 11
p 5 0
p 1 10
p 3 2
p 7 1
p 4 5
p 8 11
p 9 3
p 6 0
p 2 10
p 3 9
p 1 9
p 4 2
p 6 12
p 1 0
p 6 5
p 3 5
p 5 3
p 9 13
p 7 9
p 5 10
p 4 6
p 1 12
p 8 12
p 6 1
p 5 7
p 3 1
p 5 14
p 0 6
p 2 0
p 1 7
p 0 9
p 9 12
m0 0 14
1 9 0
2 9 0
3 9 0
t 300 0
m0 1 14
1 8 0
2 9 1
3 8 0
t 299 0
m0 0 14
1 9 0
2 9 2
3 8 1
t 298 0
m0 1 14
1 8 0
2 9 3
3 7 1
t 297 0
m0 0 14
1 9 0
2 9 4
3 6 1
t 296 0
m0 1 14
1 8 0
2 9 3
3 5 1
t 295 0
m0 0 14
1 9 0
2 9 4
3 6 1
f 2 2
t 294 0
m0 1 14
1 8 0
2 9 3
3 5 1
t 293 0
m0 2 14
1 9 0
2 9 4
3 6 1
t 292 0
m0 2 13
1 8 0
2 9 3
3 5 1
t 291 1
m0 2 12
1 9 0
2 9 4
3 6 1
t 290 1
m0 3 12
1 8 0
2 9 3
3 5 1
t 289 1
m0 2 12
1 9 0
2 9 4
3 6 1
t 288 1
m0 1 12
1 8 0
2 9 3
3 5 1
t 287 2
m0 0 12
1 9 0
2 9 4
3 6 1
t 286 2
m0 0 12
1 8 0
2 9 3
3 5 1
t 285 2
m0 0 12
1 9 0
2 9 4
3 6 1
t 284 2
m0 0 12
1 8 0
2 9 3
3 5 1
t 283 2
m0 1 12
1 9 0
2 9 4
3 6 1
t 282 2
m0 1 11
1 8 0
2 9 3
3 5 1
t 281 3
m0 1 11
1 9 0
2 9 4
3 6 1
t 280 3
m0 1 12
1 8 0
2 9 3
3 5 1
t 279 3
m0 1 12
1 9 0
2 9 4
3 6 1
t 278 3
m0 0 12
1 8 0
2 9 3
3 5 1
t 277 3
m0 1 12
1 9 0
2 9 4
3 6 1
t 276 3
m0 0 12
1 8 0
2 9 3
3 5 1
t 275 3
m0 1 12
1 9 0
2 9 4
3 6 1
t 274 3
m0 1 12
1 8 0
2 9 3
3 5 1
t 273 3
m0 0 12
1 9 0
2 9 4
3 6 1
t 272 3
m0 0 12
1 8 0
2 9 3
3 5 1
t 271 3
m0 1 12
1 9 0
2 9 4
3 6 1
t 270 3
m0 0 12
1 8 0
2 9 3
3 5 1
t 269 3
m0 1 12
1 9 0
2 9 4
3 6 1
t 268 3
m0 1 11
1 8 0
2 9 3
3 5 1
t 267 3
m0 1 11
1 9 0
2 9 4
3 6 1
t 266 3
m0 1 10
1 8 0
2 9 3
3 5 1
t 265 4
m0 0 10
1 9 0
2 9 4
3 6 1
t 264 5
m0 1 10
1 8 0
2 9 3
3 5 1
t 263 5
m0 1 11
1 9 0
2 9 4
3 6 1
t 262 5
m0 1 10
1 8 0
2 9 3
3 5 1
t 261 5
m0 0 10
1 9 0
2 9 4
3 6 1
t 260 5
m0 0 10
1 8 0
2 9 3
3 5 1
t 259 5
m0 1 10
1 9 0
2 9 4
3 6 1
t 258 5
m0 1 10
1 8 0
2 9 3
3 5 1
t 257 5
m0 1 9
1 9 0
2 9 4
3 6 1
t 256 6
m0 1 10
1 8 0
2 9 3
3 5 1
t 255 6
m0 0 10
1 9 0
2 9 4
3 6 1
t 254 6
m0 0 9
1 8 0
2 9 3
3 5 1
t 253 7
m0 0 10
1 9 0
2 9 4
3 6 1
t 252 7
m0 1 10
1 8 0
2 9 3
3 5 1
t 251 7
m0 1 10
1 9 0
2 9 4
3 6 1
t 250 7
m0 1 11
1 8 0
2 9 3
3 5 1
t 249 7
m0 1 10
1 9 0
2 9 4
3 6 1
t 248 7
m0 1 11
1 8 0
2 9 3
3 5 1
t 247 7
m0 1 12
1 9 0
2 9 4
3 6 1
t 246 7
m0 0 12
1 8 0
2 9 3
3 5 1
t 245 7
m0 0 12
1 9 0
2 9 4
3 6 1
t 244 7
m0 1 12
1 8 0
2 9 3
3 5 1
t 243 7
m0 0 12
1 9 0
2 9 4
3 6 1
t 242 7
m0 0 12
1 8 0
2 9 3
3 5 1
t 241 7
m0 1 12
1 9 0
2 9 4
3 6 1
t 240 7
m0 0 12
1 8 0
2 9 3
3 5 1
t 239 7
m0 0 12
1 9 0
2 9 4
3 6 1
t 238 7
m0 1 12
1 8 0
2 9 3
3 5 1
t 237 7
m0 1 12
1 9 0
2 9 4
3 6 1
t 236 7
m0 0 12
1 8 0
2 9 3
3 5 1
t 235 7
m0 0 12
1 9 0
2 9 4
3 6 1
t 234 7
m0 1 12
1 8 0
2 9 3
3 5 1
t 233 7
m0 2 12
1 9 0
2 9 4
3 6 1
t 232 7
m0 2 12
1 8 0
2 9 3
3 5 1
t 231 7
m0 1 12
1 9 0
2 9 4
3 6 1
t 230 7
m0 1 12
1 8 0
2 9 3
3 5 1
t 229 7
m0 2 12
1 9 0
2 9 4
3 6 1
t 228 7
m0 2 12
1 8 0
2 9 3
3 5 1
t 227 7
m0 3 12
1 9 0
2 9 4
3 6 1
t 226 7
m0 3 12
1 8 0
2 9 3
3 5 1
t 225 7
m0 2 12
1 9 0
2 9 4
3 6 1
t 224 7
m0 2 13
1 8 0
2 9 3
3 5 1
t 223 7
m0 3 13
1 9 0
2 9 4
3 6 1
t 222 7
m0 3 12
1 8 0
2 9 3
3 5 1
t 221 7
m0 3 12
1 9 0
2 9 4
3 6 1
t 220 7
m0 3 12
1 8 0
2 9 3
3 5 1
t 219 7
m0 3 12
1 9 0
2 9 4
3 6 1
t 218 7
m0 3 13
1 8 0
2 9 3
3 5 1
t 217 7
m0 3 13
1 9 0
2 9 4
3 6 1
t 216 7
m0 2 13
1 8 0
2 9 3
3 5 1
t 215 7
m0 2 14
1 9 0
2 9 4
3 6 1
t 214 7
m0 1 14
1 8 0
2 9 3
3 5 1
t 213 7
m0 1 14
1 9 0
2 9 4
3 6 1
t 212 7
m0 1 14
1 8 0
2 9 3
3 5 1
t 211 7
m0 0 14
1 9 0
2 9 4
3 6 1
t 210 7
m0 1 14
1 8 0
2 9 3
3 5 1
t 209 7
m0 1 14
1 9 0
2 9 4
3 6 1
t 208 7
m0 0 14
1 8 0
2 9 3
3 5 1
t 207 7
m0 1 14
1 9 0
2 9 4
3 6 1
t 206 7
m0 2 14
1 8 0
2 9 3
3 5 1
t 205 7
m0 2 13
1 9 0
2 9 4
3 6 1
t 204 7
m0 2 14
1 8 0
2 9 3
3 5 1
t 203 7
m0 2 13
1 9 0
2 9 4
3 6 1
t 202 7
m0 2 14
1 8 0
2 9 3
3 5 1
t 201 7
m0 2 13
1 9 0
2 9 4
3 6 1
t 200 7
m0 3 13
1 8 0
2 9 3
3 5 1
t 199 7
m0 2 13
1 9 0
2 9 4
3 6 1
t 198 7
m0 2 14
1 8 0
2 9 3
3 5 1
t 197 7
m0 1 14
1 9 0
2 9 4
3 6 1
t 196 7
m0 2 14
1 8 0
2 9 3
3 5 1
t 195 7
m0 1 14
1 9 0
2 9 4
3 6 1
t 194 7
m0 2 14
1 8 0
2 9 3
3 5 1
t 193 7
m0 2 14
1 9 0
2 9 4
3 6 1
t 192 7
m0 2 14
1 8 0
2 9 3
3 5 1
t 191 7
m0 2 13
1 9 0
2 9 4
3 6 1
t 190 7
m0 3 13
1 8 0
2 9 3
3 5 1
t 189 7
m0 2 13
1 9 0
2 9 4
3 6 1
t 188 7
m0 3 13
1 8 0
2 9 3
3 5 1
t 187 7
m0 2 13
1 9 0
2 9 4
3 6 1
t 186 7
m0 3 13
1 8 0
2 9 3
3 5 1
t 185 7
m0 3 13
1 9 0
2 9 4
3 6 1
t 184 7
m0 4 13
1 8 0
2 9 3
3 5 1
t 183 7
m0 5 13
1 9 0
2 9 4
3 6 1
t 182 8
m0 4 13
1 8 0
2 9 3
3 5 1
t 181 8
m0 4 13
1 9 0
2 9 4
3 6 1
t 180 8
m0 5 13
1 8 0
2 9 3
3 5 1
t 179 8
m0 5 13
1 9 0
2 9 4
3 6 1
t 178 8
m0 6 13
1 8 0
2 9 3
3 5 1
t 177 8
m0 6 14
1 9 0
2 9 4
3 6 1
t 176 9
m0 7 14
1 8 0
2 9 3
3 5 1
t 175 9
m0 6 14
1 9 0
2 9 4
3 6 1
t 174 9
m0 5 14
1 8 0
2 9 3
3 5 1
t 173 10
m0 5 13
1 9 0
2 9 4
3 6 1
t 172 10
m0 6 13
1 8 0
2 9 3
3 5 1
t 171 10
m0 6 12
1 9 0
2 9 4
3 6 1
t 170 11
m0 6 11
1 8 0
2 9 3
3 5 1
t 169 11
m0 6 12
1 9 0
2 9 4
3 6 1
t 168 11
m0 6 12
1 8 0
2 9 3
3 5 1
t 167 11
m0 6 11
1 9 0
2 9 4
3 6 1
t 166 11
m0 6 12
1 8 0
2 9 3
3 5 1
t 165 11
m0 5 12
1 9 0
2 9 4
3 6 1
t 164 12
m0 5 12
1 8 0
2 9 3
3 5 1
t 163 12
m0 6 12
1 9 0
2 9 4
3 6 1
t 162 12
m0 5 12
1 8 0
2 9 3
3 5 1
t 161 12
m0 6 12
1 9 0
2 9 4
3 6 1
t 160 12
m0 5 12
1 8 0
2 9 3
3 5 1
t 159 12
m0 5 11
1 9 0
2 9 4
3 6 1
t 158 12
m0 6 11
1 8 0
2 9 3
3 5 1
t 157 12
m0 6 10
1 9 0
2 9 4
3 6 1
t 156 13
m0 7 10
1 8 0
2 9 3
3 5 1
t 155 13
m0 7 9
1 9 0
2 9 4
3 6 1
t 154 14
m0 7 8
1 8 0
2 9 3
3 5 1
t 153 14
m0 8 8
1 9 0
2 9 4
3 6 1
t 152 14
m0 8 9
1 8 0
2 9 3
3 5 1
t 151 15
m0 9 9
1 9 0
2 9 4
3 6 1
t 150 15
m0 8 9
1 8 0
2 9 3
3 5 1
t 149 15
m0 8 8
1 9 0
2 9 4
3 6 1
t 148 15
m0 8 9
1 8 0
2 9 3
3 5 1
t 147 15
m0 7 9
1 9 0
2 9 4
3 6 1
t 146 15
m0 7 9
1 8 0
2 9 3
3 5 1
t 145 15
m0 7 9
1 9 0
2 9 4
3 6 1
t 144 15
m0 8 9
1 8 0
2 9 3
3 5 1
t 143 15
m0 8 8
1 9 0
2 9 4
3 6 1
t 142 15
m0 8 7
1 8 0
2 9 3
3 5 1
t 141 15
m0 8 8
1 9 0
2 9 4
3 6 1
t 140 15
m0 8 8
1 8 0
2 9 3
3 5 1
t 139 15
m0 8 7
1 9 0
2 9 4
3 6 1
t 138 15
m0 8 7
1 8 0
2 9 3
3 5 1
t 137 15
m0 7 7
1 9 0
2 9 4
3 6 1
t 136 15
m0 7 7
1 8 0
2 9 3
3 5 1
t 135 15
m0 6 7
1 9 0
2 9 4
3 6 1
t 134 16
m0 6 6
1 8 0
2 9 3
3 5 1
t 133 16
m0 6 7
1 9 0
2 9 4
3 6 1
t 132 16
m0 7 7
1 8 0
2 9 3
3 5 1
t 131 16
m0 7 8
1 9 0
2 9 4
3 6 1
t 130 16
m0 7 8
1 8 0
2 9 3
3 5 1
t 129 16
m0 7 8
1 9 0
2 9 4
3 6 1
t 128 16
m0 8 8
1 8 0
2 9 3
3 5 1
t 127 16
m0 8 8
1 9 0
2 9 4
3 6 1
t 126 16
m0 8 9
1 8 0
2 9 3
3 5 1
t 125 16
m0 9 9
1 9 0
2 9 4
3 6 1
t 124 16
m0 9 8
1 8 0
2 9 3
3 5 1
t 123 17
m0 9 8
1 9 0
2 9 4
3 6 1
t 122 17
m0 9 9
1 8 0
2 9 3
3 5 1
t 121 17
m0 9 9
1 9 0
2 9 4
3 6 1
t 120 17
m0 8 9
1 8 0
2 9 3
3 5 1
t 119 17
m0 8 9
1 9 0
2 9 4
3 6 1
t 118 17
m0 7 9
1 8 0
2 9 3
3 5 1
t 117 17
m0 7 9
1 9 0
2 9 4
3 6 1
t 116 17
m0 7 9
1 8 0
2 9 3
3 5 1
t 115 17
m0 7 9
1 9 0
2 9 4
3 6 1
t 114 17
m0 8 9
1 8 0
2 9 3
3 5 1
t 113 17
m0 8 10
1 9 0
2 9 4
3 6 1
t 112 18
m0 8 10
1 8 0
2 9 3
3 5 1
t 111 18
m0 7 10
1 9 0
2 9 4
3 6 1
t 110 18
m0 8 10
1 8 0
2 9 3
3 5 1
t 109 18
m0 7 10
1 9 0
2 9 4
3 6 1
t 108 18
m0 7 9
1 8 0
2 9 3
3 5 1
t 107 18
m0 7 8
1 9 0
2 9 4
3 6 1
t 106 18
m0 8 8
1 8 0
2 9 3
3 5 1
t 105 18
m0 7 8
1 9 0
2 9 4
3 6 1
t 104 18
m0 7 9
1 8 0
2 9 3
3 5 1
t 103 18
m0 7 9
1 9 0
2 9 4
3 6 1
t 102 18
m0 7 9
1 8 0
2 9 3
3 5 1
t 101 18
m0 7 9
1 9 0
2 9 4
3 6 1
t 100 18
m0 7 9
1 8 0
2 9 3
3 5 1
t 99 18
m0 7 10
1 9 0
2 9 4
3 6 1
t 98 18
m0 7 10
1 8 0
2 9 3
3 5 1
t 97 18
m0 7 10
1 9 0
2 9 4
3 6 1
t 96 18
m0 7 9
1 8 0
2 9 3
3 5 1
t 95 18
m0 7 10
1 9 0
2 9 4
3 6 1
t 94 18
m0 8 10
1 8 0
2 9 3
3 5 1
t 93 18
m0 8 11
1 9 0
2 9 4
3 6 1
t 92 19
m0 9 11
1 8 0
2 9 3
3 5 1
t 91 20
m0 8 11
1 9 0
2 9 4
3 6 1
t 90 20
m0 8 11
1 8 0
2 9 3
3 5 1
t 89 20
m0 8 12
1 9 0
2 9 4
3 6 1
t 88 21
m0 9 12
1 8 0
2 9 3
3 5 1
t 87 22
m0 9 13
1 9 0
2 9 4
3 6 1
t 86 23
m0 8 13
1 8 0
2 9 3
3 5 1
t 85 23
m0 8 14
1 9 0
2 9 4
3 6 1
t 84 24
m0 9 14
1 8 0
2 9 3
3 5 1
t 83 24
m0 9 14
1 9 0
2 9 4
3 6 1
t 82 24
m0 8 14
1 8 0
2 9 3
3 5 1
t 81 24
m0 9 14
1 9 0
2 9 4
3 6 1
t 80 24
m0 9 13
1 8 0
2 9 3
3 5 1
t 79 24
m0 9 12
1 9 0
2 9 4
3 6 1
t 78 24
m0 9 12
1 8 0
2 9 3
3 5 1
t 77 24
m0 9 13
1 9 0
2 9 4
3 6 1
t 76 24
m0 8 13
1 8 0
2 9 3
3 5 1
t 75 24
m0 8 12
1 9 0
2 9 4
3 6 1
t 74 24
m0 8 13
1 8 0
2 9 3
3 5 1
t 73 24
m0 8 13
1 9 0
2 9 4
3 6 1
t 72 24
m0 8 14
1 8 0
2 9 3
3 5 1
t 71 24
m0 7 14
1 9 0
2 9 4
3 6 1
t 70 24
m0 7 14
1 8 0
2 9 3
3 5 1
t 69 24
m0 7 14
1 9 0
2 9 4
3 6 1
t 68 24
m0 7 14
1 8 0
2 9 3
3 5 1
t 67 24
m0 6 14
1 9 0
2 9 4
3 6 1
t 66 24
m0 6 13
1 8 0
2 9 3
3 5 1
t 65 24
m0 5 13
1 9 0
2 9 4
3 6 1
t 64 24
m0 4 13
1 8 0
2 9 3
3 5 1
t 63 24
m0 5 13
1 9 0
2 9 4
3 6 1
t 62 24
m0 6 13
1 8 0
2 9 3
3 5 1
t 61 24
m0 5 13
1 9 0
2 9 4
3 6 1
t 60 24
m0 5 14
1 8 0
2 9 3
3 5 1
t 59 24
m0 5 13
1 9 0
2 9 4
3 6 1
t 58 24
m0 5 13
1 8 0
2 9 3
3 5 1
t 57 24
m0 5 12
1 9 0
2 9 4
3 6 1
t 56 24
m0 5 12
1 8 0
2 9 3
3 5 1
t 55 24
m0 5 13
1 9 0
2 9 4
3 6 1
t 54 24
m0 4 13
1 8 0
2 9 3
3 5 1
t 53 24
m0 5 13
1 9 0
2 9 4
3 6 1
t 52 24
m0 5 14
1 8 0
2 9 3
3 5 1
t 51 24
m0 5 13
1 9 0
2 9 4
3 6 1
t 50 24
m0 5 13
1 8 0
2 9 3
3 5 1
t 49 24
m0 4 13
1 9 0
2 9 4
3 6 1
t 48 24
m0 4 13
1 8 0
2 9 3
3 5 1
t 47 24
m0 5 13
1 9 0
2 9 4
3 6 1
t 46 24
m0 5 14
1 8 0
2 9 3
3 5 1
t 45 24
m0 5 14
1 9 0
2 9 4
3 6 1
t 44 24
m0 5 14
1 8 0
2 9 3
3 5 1
t 43 24
m0 5 14
1 9 0
2 9 4
3 6 1
t 42 24
m0 5 13
1 8 0
2 9 3
3 5 1
t 41 24
m0 4 13
1 9 0
2 9 4
3 6 1
t 40 24
m0 4 13
1 8 0
2 9 3
3 5 1
t 39 24
m0 3 13
1 9 0
2 9 4
3 6 1
t 38 24
m0 2 13
1 8 0
2 9 3
3 5 1
t 37 24
m0 2 13
1 9 0
2 9 4
3 6 1
t 36 24
m0 2 13
1 8 0
2 9 3
3 5 1
t 35 24
m0 2 14
1 9 0
2 9 4
3 6 1
t 34 24
m0 2 14
1 8 0
2 9 3
3 5 1
t 33 24
m0 2 13
1 9 0
2 9 4
3 6 1
t 32 24
m0 2 12
1 8 0
2 9 3
3 5 1
t 31 24
m0 3 12
1 9 0
2 9 4
3 6 1
t 30 24
m0 3 12
1 8 0
2 9 3
3 5 1
t 29 24
m0 3 13
1 9 0
2 9 4
3 6 1
t 28 24
m0 3 12
1 8 0
2 9 3
3 5 1
t 27 24
m0 2 12
1 9 0
2 9 4
3 6 1
t 26 24
m0 2 13
1 8 0
2 9 3
3 5 1
t 25 24
m0 2 14
1 9 0
2 9 4
3 6 1
t 24 24
m0 2 13
1 8 0
2 9 3
3 5 1
t 23 24
m0 2 14
1 9 0
2 9 4
3 6 1
t 22 24
m0 2 14
1 8 0
2 9 3
3 5 1
t 21 24
m0 1 14
1 9 0
2 9 4
3 6 1
t 20 24
m0 2 14
1 8 0
2 9 3
3 5 1
t 19 24
m0 2 14
1 9 0
2 9 4
3 6 1
t 18 24
m0 1 14
1 8 0
2 9 3
3 5 1
t 17 24
m0 0 14
1 9 0
2 9 4
3 6 1
t 16 24
m0 0 14
1 8 0
2 9 3
3 5 1
t 15 24
m0 1 14
1 9 0
2 9 4
3 6 1
t 14 24
m0 2 14
1 8 0
2 9 3
3 5 1
t 13 24
m0 2 14
1 9 0
2 9 4
3 6 1
t 12 24
m0 2 14
1 8 0
2 9 3
3 5 1
t 11 24
m0 1 14
1 9 0
2 9 4
3 6 1
t 10 24
m0 2 14
1 8 0
2 9 3
3 5 1
t 9 24
m0 1 14
1 9 0
2 9 4
3 6 1
t 8 24
m0 2 14
1 8 0
2 9 3
3 5 1
t 7 24
m0 1 14
1 9 0
2 9 4
3 6 1
t 6 24
m0 0 14
1 8 0
2 9 3
3 5 1
t 5 24
m0 1 14
1 9 0
2 9 4
3 6 1
t 4 24
m0 0 14
1 8 0
2 9 3
3 5 1
t 3 24
m0 1 14
1 9 0
2 9 4
3 6 1
t 2 24
m0 0 14
1 8 0
2 9 3
3 5 1
t 1 24
m0 1 14
1 8 0
2 9 3
3 5 1
t 0 24
