10
15
w 5 9
w 6 9
w 4 8
w 3 11
w 8 9
w 6 2
w 4 0
w 1 2
w 6 7
w 3 3
w 2 9
w 8 1
w 7 6
w 5 12
w 4 13
w 6 3
w 0 4
w 1 10
w 8 6
w 4 1
w 9 14
w 7 1
w 4 5
w 8 11
w 1 4
w 6 5
w 3 5
w 2 7
w 9 13
w 0 1
w 1 12
w 7 13
w 2 11
w 2 0
w 1 7
w 0 2
w 8 4
p 1 3
p 8 13
p 5 6
p 3 0
p 9 8
p 8 0
p 0 7
p 2 1
p 1 6
p 0 10
p 9 4
p 2 12
p 7 11
p 5 1
p 2 5
p 8 5
p 7 2
p 6 14
p 4 9
p 5 5
p 6 10
p 1 14
p 4 4
p 1 5
p 2 13
p 9 11
p 0 11
p 5 0
p 1 1
p 9 7
p 5 4
p 3 2
p 3 13
p 6 11
p 5 2
p 2 10
p 9 10
p 3 9
p 0 5
p 1 9
p 8 7
p 4 2
p 2 14
p 9 6
p 7 9
p 5 3
p 8 3
p 6 8
p 3 1
p 0 13
p 5 7
p 7 4
p 1 8
p 4 3
p 3 4
p 9 12
m0 0 14
1 9 0
2 9 0
3 9 0
t 300 0
m0 0 14
1 9 1
2 9 1
3 8 0
t 299 0
m0 0 14
1 9 0
2 9 2
3 7 0
t 298 0
m0 0 14
1 8 0
2 9 1
3 6 0
t 297 0
m0 0 14
1 9 0
2 9 0
3 6 1
t 296 0
m0 0 14
1 9 1
2 8 0
3 5 1
t 295 0
m0 0 14
1 9 2
2 9 0
3 5 0
t 294 0
m0 0 14
1 9 3
2 9 1
3 6 0
t 293 0
m0 0 14
1 9 4
2 9 2
3 5 0
t 292 0
m0 0 14
1 9 5
2 8 2
3 6 0
t 291 0
m0 0 14
1 9 6
2 9 2
3 6 1
t 290 0
m0 0 14
1 9 7
2 9 3
3 6 0
t 289 0
m0 0 14
1 8 7
2 9 2
3 7 0
t 288 0
m0 0 14
1 7 7
2 8 2
3 8 0
t 287 0
m0 0 14
1 8 7
2 9 2
3 7 0
t 286 0
m0 0 14
1 8 8
2 9 3
3 8 0
t 285 0
m0 0 14
1 7 8
2 9 4
3 9 0
t 284 0
m0 0 14
1 6 8
2 9 3
3 8 0
t 283 0
m0 0 14
1 5 8
2 8 3
3 9 0
t 282 0
m0 0 14
1 5 7
2 7 3
3 8 0
t 281 0
m0 0 14
1 5 8
2 7 2
3 7 0
t 280 0
m0 0 14
1 6 8
2 8 2
3 8 0
t 279 0
m0 0 14
1 5 8
2 9 2
3 7 0
t 278 0
m0 0 14
1 5 7
2 9 3
3 8 0
t 277 0
m0 0 14
1 4 7
2 9 4
3 9 0
t 276 0
m0 0 14
1 3 7
2 9 3
3 8 0
t 275 0
m0 0 14
1 3 8
2 9 4
3 7 0
t 274 0
m0 0 14
1 3 9
2 9 5
3 8 0
t 273 0
m0 0 14
1 3 10
2 9 6
3 7 0
t 272 0
m0 0 14
1 3 9
2 9 5
3 8 0
t 271 0
m0 0 14
1 4 9
2 9 6
3 7 0
t 270 0
m0 0 14
1 3 9
2 9 5
3 8 0
t 269 0
m0 0 14
1 3 10
2 9 6
3 9 0
t 268 0
m0 0 14
1 2 10
2 9 5
3 9 1
t 267 0
m0 0 14
1 3 10
2 8 5
3 9 0
t 266 0
m0 0 14
1 3 9
2 7 5
3 8 0
t 265 0
m0 0 14
1 3 10
2 8 5
3 9 0
t 264 0
m0 0 14
1 3 9
2 7 5
3 9 1
t 263 0
m0 0 14
1 3 10
2 7 4
3 9 0
t 262 0
m0 0 14
1 2 10
2 6 4
3 8 0
t 261 0
m0 0 14
1 3 10
2 7 4
3 9 0
t 260 0
m0 0 14
1 2 10
2 7 5
3 8 0
t 259 0
m0 0 14
1 3 10
2 8 5
3 7 0
t 258 0
m0 0 14
1 3 9
2 9 5
3 8 0
t 257 0
m0 0 14
1 3 10
2 9 6
3 7 0
t 256 0
m0 0 14
1 2 10
2 9 5
3 8 0
t 255 0
m0 0 14
1 3 10
2 8 5
3 7 0
t 254 0
m0 0 14
1 2 10
2 9 5
3 8 0
t 253 0
m0 0 14
1 3 10
2 8 5
3 7 0
t 252 0
m0 0 14
1 2 10
2 9 5
3 8 0
t 251 0
m0 0 14
1 3 10
2 9 6
3 9 0
t 250 0
m0 0 14
1 2 10
2 9 7
3 9 1
t 249 0
m0 0 14
1 3 10
2 9 8
3 9 2
t 248 0
m0 0 14
1 2 10
2 9 9
3 9 3
t 247 0
m0 0 14
1 3 10
2 9 10
3 9 2
t 246 0
m0 0 14
1 2 10
2 9 11
3 9 1
f 5 11
t 245 0
m0 0 14
1 3 10
2 9 12
3 9 0
t 244 0
m0 0 14
1 2 10
2 8 12
3 8 0
t 243 0
m0 0 14
1 3 10
2 8 13
3 7 0
t 242 0
m0 0 14
1 3 9
2 8 14
3 8 0
t 241 0
m0 0 14
1 3 8
2 8 13
3 9 0
t 240 0
m0 0 14
1 2 8
2 8 14
3 8 0
t 239 0
m0 0 14
1 1 8
2 8 13
3 9 0
t 238 0
m0 0 14
1 0 8
2 8 14
3 8 0
t 237 0
m0 1 14
1 0 7
2 7 14
3 9 0
t 236 1
m0 1 13
1 0 8
2 8 14
3 8 0
t 235 1
m0 2 13
1 0 7
2 8 13
3 9 0
t 234 2
m0 2 12
1 0 6
2 8 14
3 8 0
t 233 3
m0 2 12
1 0 7
2 8 13
3 9 0
t 232 3
m0 2 12
1 0 8
2 8 14
3 9 1
t 231 3
m0 3 12
1 0 7
2 7 14
3 9 0
t 230 3
m0 2 12
1 0 6
2 8 14
3 8 0
t 229 3
m0 2 12
1 0 7
2 7 14
3 9 0
t 228 3
m0 2 12
1 0 6
2 6 14
3 8 0
t 227 3
m0 2 12
1 0 7
2 7 14
3 9 0
t 226 3
m0 2 12
1 0 6
2 8 14
3 8 0
t 225 3
m0 2 12
1 0 7
2 7 14
3 9 0
t 224 3
m0 2 12
1 0 6
2 8 14
3 8 0
t 223 3
m0 2 12
1 0 5
2 8 13
3 9 0
t 222 3
m0 2 12
1 0 6
2 8 14
3 9 1
t 221 3
m0 2 12
1 0 7
2 8 13
3 9 2
t 220 3
m0 2 12
1 0 8
2 8 14
3 9 1
t 219 3
m0 3 12
1 0 7
2 7 14
3 9 0
t 218 3
m0 2 12
1 0 6
2 8 14
3 9 1
t 217 3
m0 2 12
1 0 7
2 7 14
3 9 0
t 216 3
m0 2 12
1 0 6
2 8 14
3 8 0
t 215 3
m0 2 12
1 0 7
2 7 14
3 9 0
t 214 3
m0 2 12
1 0 6
2 8 14
3 9 1
t 213 3
m0 2 12
1 0 5
2 7 14
3 9 0
t 212 3
m0 2 12
1 0 6
2 8 14
3 9 1
t 211 3
m0 2 12
1 0 5
2 8 13
3 9 0
t 210 3
m0 2 12
1 0 6
2 8 14
3 9 1
t 209 3
m0 2 12
1 0 5
2 8 13
3 9 2
t 208 3
m0 2 12
1 1 5
2 8 14
3 9 1
t 207 3
m0 2 12
1 2 5
2 7 14
3 9 2
t 206 3
m0 2 12
1 2 6
2 8 14
3 9 3
t 205 3
m0 3 12
1 1 6
2 7 14
3 9 2
t 204 3
m0 2 12
1 0 6
2 8 14
3 9 1
t 203 3
m0 2 12
1 0 7
2 7 14
3 9 0
t 202 3
m0 2 12
1 0 6
2 8 14
3 8 0
t 201 3
m0 2 12
1 0 7
2 7 14
3 9 0
t 200 3
m0 2 12
1 0 6
2 8 14
3 9 1
t 199 3
m0 2 12
1 0 7
2 7 14
3 9 2
t 198 3
m0 2 12
1 0 6
2 6 14
3 9 3
t 197 3
m0 2 12
1 0 5
2 5 14
3 9 2
t 196 3
m0 2 12
1 0 6
2 6 14
3 9 1
t 195 3
m0 2 12
1 1 6
2 7 14
3 9 0
t 194 3
m0 2 12
1 0 6
2 6 14
3 8 0
t 193 3
m0 2 12
1 0 5
2 6 13
3 9 0
t 192 3
m0 2 12
1 0 6
2 6 14
3 8 0
t 191 3
m0 2 12
1 1 6
2 6 13
3 9 0
t 190 3
m0 2 12
1 0 6
2 6 14
3 8 0
t 189 3
m0 2 12
1 0 5
2 5 14
3 7 0
t 188 3
m0 2 12
1 0 6
2 5 13
3 8 0
t 187 3
m0 2 12
1 0 5
2 6 13
3 7 0
t 186 3
m0 2 12
1 1 5
2 6 14
3 8 0
t 185 3
m0 2 12
1 0 5
2 7 14
3 9 0
t 184 3
m0 2 12
1 0 6
2 6 14
3 8 0
t 183 3
m0 2 12
1 1 6
2 7 14
3 9 0
t 182 3
m0 2 12
1 0 6
2 8 14
3 8 0
t 181 3
m0 2 12
1 0 7
2 7 14
3 7 0
t 180 3
m0 2 12
1 0 8
2 8 14
3 8 0
t 179 3
m0 3 12
1 0 7
2 8 13
3 9 0
t 178 3
m0 2 12
1 0 6
2 8 14
3 9 1
t 177 3
m0 2 12
1 0 5
2 7 14
3 9 2
t 176 3
m0 2 12
1 0 6
2 8 14
3 9 1
t 175 3
m0 2 12
1 0 7
2 8 13
3 9 0
t 174 3
m0 2 12
1 0 8
2 8 14
3 8 0
t 173 3
m0 3 12
1 0 7
2 7 14
3 9 0
t 172 3
m0 2 12
1 0 6
2 8 14
3 8 0
t 171 3
m0 2 12
1 0 7
2 7 14
3 9 0
t 170 3
m0 2 12
1 0 8
2 8 14
3 9 1
t 169 3
m0 3 12
1 0 7
2 7 14
3 9 0
t 168 3
m0 2 12
1 0 8
2 8 14
3 9 1
t 167 3
m0 3 12
1 1 8
2 8 13
3 9 0
t 166 3
m0 3 12
1 0 8
2 8 14
3 8 0
t 165 3
m0 3 12
1 0 7
2 7 14
3 9 0
t 164 3
m0 2 12
1 0 8
2 8 14
3 8 0
t 163 3
m0 3 12
1 0 7
2 7 14
3 9 0
t 162 3
m0 2 12
1 0 6
2 6 14
3 8 0
t 161 3
m0 2 12
1 0 7
2 7 14
3 7 0
t 160 3
m0 2 12
1 0 6
2 6 14
3 8 0
t 159 3
m0 2 12
1 1 6
2 7 14
3 9 0
t 158 3
m0 2 12
1 1 5
2 8 14
3 9 1
t 157 3
m0 2 12
1 0 5
2 7 14
3 9 0
t 156 3
m0 2 12
1 1 5
2 8 14
3 8 0
t 155 3
m0 2 12
1 1 6
2 7 14
3 7 0
t 154 3
m0 2 12
1 2 6
2 8 14
3 8 0
t 153 3
m0 3 12
1 1 6
2 7 14
3 9 0
t 152 3
m0 2 12
1 0 6
2 8 14
3 8 0
t 151 3
m0 2 12
1 1 6
2 8 13
3 9 0
t 150 3
m0 2 12
1 0 6
2 8 14
3 8 0
t 149 3
m0 2 12
1 1 6
2 7 14
3 9 0
t 148 3
m0 2 12
1 0 6
2 6 14
3 8 0
t 147 3
m0 2 12
1 1 6
2 7 14
3 7 0
t 146 3
m0 2 12
1 0 6
2 8 14
3 8 0
t 145 3
m0 2 12
1 0 7
2 7 14
3 9 0
t 144 3
m0 2 12
1 0 6
2 6 14
3 8 0
t 143 3
m0 2 12
1 0 7
2 7 14
3 9 0
t 142 3
m0 2 12
1 0 6
2 8 14
3 8 0
t 141 3
m0 2 12
1 0 7
2 7 14
3 9 0
t 140 3
m0 2 12
1 0 6
2 8 14
3 9 1
t 139 3
m0 2 12
1 0 5
2 7 14
3 9 0
t 138 3
m0 2 12
1 0 6
2 8 14
3 9 1
t 137 3
m0 2 12
1 1 6
2 7 14
3 9 0
t 136 3
m0 2 12
1 0 6
2 8 14
3 8 0
t 135 3
m0 2 12
1 0 7
2 7 14
3 9 0
t 134 3
m0 2 12
1 0 6
2 8 14
3 8 0
t 133 3
m0 2 12
1 1 6
2 7 14
3 9 0
t 132 3
m0 2 12
1 2 6
2 8 14
3 9 1
t 131 3
m0 3 12
1 3 6
2 8 13
3 9 0
t 130 3
m0 2 12
1 2 6
2 8 14
3 8 0
t 129 3
m0 3 12
1 1 6
2 8 13
3 9 0
t 128 3
m0 2 12
1 0 6
2 8 14
3 9 1
t 127 3
m0 2 12
1 0 7
2 7 14
3 9 2
t 126 3
m0 2 12
1 0 8
2 8 14
3 9 1
t 125 3
m0 3 12
1 0 9
2 8 13
3 9 0
t 124 3
m0 3 12
1 0 8
2 8 14
3 8 0
t 123 3
m0 3 12
1 0 7
2 7 14
3 9 0
t 122 3
m0 2 12
1 0 8
2 8 14
3 8 0
t 121 3
m0 3 12
1 1 8
2 8 13
3 9 0
t 120 3
m0 3 12
1 0 8
2 8 14
3 8 0
t 119 3
m0 3 12
1 0 7
2 7 14
3 9 0
t 118 3
m0 2 12
1 0 6
2 8 14
3 9 1
t 117 3
m0 2 12
1 0 7
2 7 14
3 9 0
t 116 3
m0 2 12
1 0 6
2 6 14
3 8 0
t 115 3
m0 2 12
1 0 7
2 7 14
3 9 0
t 114 3
m0 2 12
1 0 8
2 8 14
3 9 1
t 113 3
m0 3 12
1 1 8
2 7 14
3 9 0
t 112 3
m0 3 12
1 0 8
2 8 14
3 8 0
t 111 3
m0 3 12
1 0 7
2 7 14
3 9 0
t 110 3
m0 2 12
1 0 8
2 8 14
3 8 0
t 109 3
m0 3 12
1 0 7
2 7 14
3 9 0
t 108 3
m0 2 12
1 0 6
2 8 14
3 9 1
t 107 3
m0 2 12
1 0 7
2 7 14
3 9 2
t 106 3
m0 2 12
1 0 6
2 6 14
3 8 2
t 105 3
m0 2 12
1 0 7
2 7 14
3 8 3
t 104 3
m0 2 12
1 0 8
2 6 14
3 9 3
t 103 3
m0 2 12
1 0 7
2 7 14
3 9 2
t 102 3
m0 2 12
1 0 8
2 8 14
3 9 1
t 101 3
m0 3 12
1 0 7
2 8 13
3 9 0
t 100 3
m0 2 12
1 0 6
2 8 14
3 9 1
t 99 3
m0 2 12
1 0 5
2 7 14
3 9 0
t 98 3
m0 2 12
1 0 6
2 8 14
3 9 1
t 97 3
m0 2 12
1 0 7
2 8 13
3 9 0
t 96 3
m0 2 12
1 0 6
2 8 14
3 9 1
t 95 3
m0 2 12
1 0 7
2 7 14
3 9 0
t 94 3
m0 2 12
1 0 8
2 8 14
3 9 1
t 93 3
m0 3 12
1 0 9
2 7 14
3 9 0
t 92 3
m0 3 12
1 1 9
2 8 14
3 8 0
t 91 3
m0 4 12
1 1 8
2 8 13
3 9 0
t 90 3
m0 4 11
1 2 8
2 8 14
3 8 0
t 89 3
m0 5 11
1 1 8
2 8 13
3 9 0
t 88 13
m0 5 10
1 1 9
2 8 14
3 9 1
t 87 13
m0 6 10
1 0 9
2 7 14
3 9 2
t 86 14
m0 5 10
1 0 8
2 8 14
3 9 1
t 85 14
m0 5 10
1 0 7
2 8 13
3 9 0
t 84 14
m0 4 10
1 0 6
2 8 14
3 8 0
t 83 14
m0 4 10
1 0 7
2 7 14
3 9 0
t 82 14
m0 4 10
1 0 6
2 8 14
3 8 0
t 81 14
m0 4 10
1 0 5
2 8 13
3 9 0
t 80 14
m0 4 9
1 0 6
2 8 14
3 9 1
t 79 15
m0 4 10
1 0 7
2 7 14
3 9 0
t 78 15
m0 4 10
1 0 6
2 6 14
3 8 0
t 77 15
m0 4 9
1 0 7
2 6 13
3 9 0
t 76 15
m0 4 9
1 0 6
2 6 14
3 9 1
t 75 15
m0 4 9
1 1 6
2 7 14
3 9 0
t 74 15
m0 4 10
1 1 5
2 8 14
3 8 0
t 73 15
m0 4 10
1 0 5
2 7 14
3 9 0
t 72 15
m0 4 9
1 1 5
2 8 14
3 9 1
t 71 15
m0 4 10
1 0 5
2 7 14
3 9 0
t 70 15
m0 4 9
1 1 5
2 8 14
3 9 1
t 69 15
m0 4 10
1 1 6
2 7 14
3 9 0
t 68 15
m0 4 10
1 2 6
2 8 14
3 8 0
t 67 15
m0 5 10
1 2 5
2 7 14
3 9 0
t 66 15
m0 4 10
1 2 6
2 8 14
3 8 0
t 65 15
m0 5 10
1 2 5
2 8 13
3 9 0
t 64 15
m0 4 10
1 2 6
2 8 14
3 9 1
t 63 15
m0 5 10
1 1 6
2 7 14
3 9 0
t 62 15
m0 4 10
1 0 6
2 8 14
3 8 0
t 61 15
m0 4 10
1 0 7
2 7 14
3 9 0
t 60 15
m0 4 10
1 0 6
2 8 14
3 8 0
t 59 15
m0 4 10
1 0 7
2 7 14
3 9 0
t 58 15
m0 4 10
1 0 8
2 8 14
3 8 0
t 57 15
m0 5 10
1 0 7
2 7 14
3 9 0
f 0 3
t 56 15
m0 4 10
1 0 8
2 8 14
3 8 0
t 55 15
m0 5 10
1 0 7
2 7 14
3 9 0
t 54 15
m0 4 10
1 0 6
2 8 14
3 8 0
t 53 15
m0 4 10
1 1 6
2 7 14
3 9 0
t 52 15
m0 4 10
1 0 6
2 8 14
3 8 0
t 51 15
m0 4 10
1 0 5
2 7 14
3 9 0
t 50 15
m0 4 9
1 1 5
2 8 14
3 8 0
t 49 15
m0 4 10
1 1 6
2 7 14
3 9 0
t 48 15
m0 4 10
1 1 5
2 8 14
3 9 1
t 47 15
m0 4 10
1 0 5
2 7 14
3 9 0
t 46 15
m0 4 9
1 0 6
2 8 14
3 8 0
t 45 15
m0 4 10
1 1 6
2 8 13
3 9 0
t 44 15
m0 4 10
1 0 6
2 8 14
3 8 0
t 43 15
m0 4 10
1 0 7
2 8 13
3 9 0
t 42 15
m0 4 10
1 0 6
2 8 12
3 9 1
t 41 15
m0 4 9
1 1 6
2 8 13
3 9 0
t 40 15
m0 4 10
1 0 6
2 8 14
3 8 0
t 39 15
m0 4 10
1 1 6
2 8 13
3 9 0
t 38 15
m0 4 10
1 0 6
2 8 14
3 8 0
t 37 15
m0 4 10
1 0 5
2 7 14
3 9 0
t 36 15
m0 4 9
1 0 6
2 6 14
3 8 0
t 35 15
m0 4 9
1 1 6
2 7 14
3 9 0
t 34 15
m0 4 10
1 2 6
2 8 14
3 8 0
t 33 15
m0 5 10
1 1 6
2 7 14
3 9 0
t 32 15
m0 4 10
1 2 6
2 8 14
3 8 0
t 31 15
m0 5 10
1 2 5
2 8 13
3 9 0
t 30 15
m0 4 10
1 2 6
2 8 14
3 8 0
t 29 15
m0 5 10
1 2 5
2 7 14
3 9 0
t 28 15
m0 4 10
1 2 6
2 8 14
3 9 1
t 27 15
m0 5 10
1 3 6
2 8 13
3 9 0
t 26 15
m0 5 10
1 3 7
2 8 14
3 8 0
t 25 15
m0 6 10
1 4 7
2 7 14
3 9 0
t 24 15
m0 6 10
1 4 6
2 8 14
3 8 0
t 23 15
m0 6 10
1 3 6
2 7 14
3 9 0
t 22 15
m0 5 10
1 4 6
2 8 14
3 8 0
t 21 15
m0 6 10
1 4 7
2 8 13
3 9 0
t 20 15
m0 6 10
1 3 7
2 8 14
3 8 0
t 19 15
m0 6 10
1 3 6
2 7 14
3 9 0
t 18 15
m0 5 10
1 4 6
2 8 14
3 8 0
t 17 15
m0 6 10
1 4 7
2 7 14
3 9 0
t 16 15
m0 6 10
1 3 7
2 6 14
3 8 0
t 15 15
m0 7 10
1 4 7
2 7 14
3 9 0
t 14 15
m0 8 10
1 3 7
2 6 14
3 9 1
t 13 15
m0 9 10
1 3 6
2 7 14
3 9 0
t 12 16
m0 9 9
1 2 6
2 6 14
3 8 0
t 11 16
m0 9 8
1 1 6
2 7 14
3 7 0
t 10 17
m0 9 7
1 0 6
2 8 14
3 6 0
t 9 18
m0 9 6
1 1 6
2 8 13
3 5 0
t 8 19
m0 9 5
1 0 6
2 8 14
3 6 0
t 7 19
m0 9 6
1 0 7
2 7 14
3 7 0
t 6 19
m0 9 7
1 0 6
2 6 14
3 8 0
t 5 19
m0 9 8
1 0 5
2 6 13
3 9 0
t 4 19
m0 9 8
1 1 5
2 6 14
3 8 0
t 3 19
m0 9 8
1 0 5
2 5 14
3 7 0
t 2 19
m0 9 8
1 0 6
2 6 14
3 8 0
t 1 19
m0 9 8
1 0 6
2 6 14
3 8 0
t 0 19
