10
15
w 6 9
w 1 3
w 4 8
w 7 12
w 5 6
w 7 7
w 8 9
w 6 2
w 3 7
w 7 11
w 2 5
w 1 11
w 5 8
w 4 0
w 2 9
w 8 1
w 5 12
w 9 11
w 2 2
w 8 6
w 3 2
w 3 13
w 4 5
w 0 5
w 1 0
w 0 8
w 6 5
w 5 3
w 8 3
w 7 0
w 1 12
w 2 11
w 6 13
w 0 9
w 9 5
w 3 4
w 9 12
p 4 7
p 8 13
p 9 1
p 6 6
p 3 11
p 2 1
p 0 7
p 4 12
p 5 1
p 3 14
p 9 0
p 6 7
p 4 9
p 3 3
p 3 10
p 7 6
p 6 10
p 6 3
p 1 5
p 0 11
p 5 0
p 0 4
p 1 10
p 7 10
p 9 7
p 6 4
p 5 4
p 7 14
p 9 14
p 5 11
p 7 1
p 1 13
p 9 3
p 4 14
p 9 10
p 7 5
p 1 9
p 8 7
p 4 2
p 2 14
p 7 9
p 7 8
p 5 10
p 6 8
p 9 2
p 5 7
p 0 13
p 9 9
p 7 13
p 3 8
p 2 0
p 5 14
p 1 7
p 5 2
p 2 4
p 8 4
m0 0 14
1 9 0
2 9 0
3 9 0
t 300 0
m0 1 14
1 8 0
2 9 1
3 8 0
t 299 0
m0 2 14
1 9 0
2 9 2
3 9 0
t 298 1
m0 3 14
1 8 0
2 9 3
3 9 1
t 297 2
m0 4 14
1 9 0
2 9 4
3 9 2
t 296 3
m0 5 14
1 8 0
2 8 4
3 9 1
t 295 4
m0 6 14
1 9 0
2 7 4
3 9 2
t 294 4
m0 7 14
1 8 0
2 6 4
3 9 3
t 293 5
m0 8 14
1 9 0
2 5 4
3 9 4
t 292 5
m0 9 14
1 8 0
2 4 4
3 9 3
t 291 6
m0 9 13
1 9 0
2 4 3
3 9 4
t 290 6
m0 8 13
1 8 0
2 3 3
3 9 3
t 289 7
m0 9 13
1 9 0
2 2 3
3 9 4
t 288 7
m0 8 13
1 8 0
2 3 3
3 9 3
t 287 7
m0 9 13
1 9 0
2 2 3
3 9 4
t 286 7
m0 8 13
1 8 0
2 3 3
3 9 3
t 285 7
m0 9 13
1 9 0
2 2 3
3 9 4
t 284 7
m0 8 13
1 8 0
2 3 3
3 9 3
t 283 7
m0 9 13
1 9 0
2 2 3
3 9 4
t 282 7
m0 8 13
1 8 0
2 3 3
3 9 3
t 281 7
m0 9 13
1 9 0
2 2 3
3 9 4
t 280 7
m0 8 13
1 8 0
2 3 3
3 9 3
t 279 7
m0 9 13
1 9 0
2 2 3
3 9 4
t 278 7
m0 8 13
1 8 0
2 3 3
3 9 3
t 277 7
m0 9 13
1 9 0
2 2 3
3 9 4
t 276 7
m0 8 13
1 8 0
2 3 3
3 9 3
t 275 7
m0 9 13
1 9 0
2 2 3
3 9 4
t 274 7
m0 8 13
1 8 0
2 3 3
3 9 3
t 273 7
m0 9 13
1 9 0
2 2 3
3 9 4
t 272 7
m0 8 13
1 8 0
2 3 3
3 9 3
t 271 7
m0 9 13
1 9 0
2 2 3
3 9 4
t 270 7
m0 8 13
1 8 0
2 3 3
3 9 3
t 269 7
m0 9 13
1 9 0
2 2 3
3 9 4
t 268 7
m0 8 13
1 8 0
2 3 3
3 9 3
t 267 7
m0 9 13
1 9 0
2 2 3
3 9 4
t 266 7
m0 8 13
1 8 0
2 3 3
3 9 3
t 265 7
m0 9 13
1 9 0
2 2 3
3 9 4
t 264 7
m0 8 13
1 8 0
2 3 3
3 9 3
t 263 7
m0 9 13
1 9 0
2 2 3
3 9 4
t 262 7
m0 8 13
1 8 0
2 3 3
3 9 3
t 261 7
m0 9 13
1 9 0
2 2 3
3 9 4
t 260 7
m0 8 13
1 8 0
2 3 3
3 9 3
t 259 7
m0 9 13
1 9 0
2 2 3
3 9 4
t 258 7
m0 8 13
1 8 0
2 3 3
3 9 3
t 257 7
m0 9 13
1 9 0
2 2 3
3 9 4
t 256 7
m0 8 13
1 8 0
2 3 3
3 9 3
t 255 7
m0 9 13
1 9 0
2 2 3
3 9 4
t 254 7
m0 8 13
1 8 0
2 3 3
3 9 3
t 253 7
m0 9 13
1 9 0
2 2 3
3 9 4
t 252 7
m0 8 13
1 8 0
2 3 3
3 9 3
t 251 7
m0 9 13
1 9 0
2 2 3
3 9 4
t 250 7
m0 8 13
1 8 0
2 3 3
3 9 3
t 249 7
m0 9 13
1 9 0
2 2 3
3 9 4
t 248 7
m0 8 13
1 8 0
2 3 3
3 9 3
t 247 7
m0 9 13
1 9 0
2 2 3
3 9 4
t 246 7
m0 9 14
1 8 0
2 3 3
3 9 3
f 3 5
t 245 7
m0 9 14
1 9 0
2 2 3
3 9 4
t 244 7
m0 9 14
1 8 0
2 3 3
3 9 3
t 243 7
m0 9 14
1 9 0
2 2 3
3 9 4
t 242 7
m0 9 14
1 8 0
2 3 3
3 9 3
t 241 7
m0 9 14
1 9 0
2 2 3
3 9 4
t 240 7
m0 9 14
1 8 0
2 3 3
3 9 3
t 239 7
m0 9 14
1 9 0
2 2 3
3 9 4
t 238 7
m0 9 14
1 8 0
2 3 3
3 9 3
t 237 7
m0 9 14
1 9 0
2 2 3
3 9 4
t 236 7
m0 9 14
1 8 0
2 3 3
3 9 3
t 235 7
m0 9 14
1 9 0
2 2 3
3 9 4
t 234 7
m0 9 14
1 8 0
2 3 3
3 9 3
t 233 7
m0 9 14
1 9 0
2 2 3
3 9 4
t 232 7
m0 9 14
1 8 0
2 3 3
3 9 3
t 231 7
m0 9 14
1 9 0
2 2 3
3 9 4
t 230 7
m0 9 14
1 8 0
2 3 3
3 9 3
t 229 7
m0 9 14
1 9 0
2 2 3
3 9 4
t 228 7
m0 9 14
1 8 0
2 3 3
3 9 3
t 227 7
m0 9 14
1 9 0
2 2 3
3 9 4
t 226 7
m0 9 14
1 8 0
2 3 3
3 9 3
t 225 7
m0 9 14
1 9 0
2 2 3
3 9 4
t 224 7
m0 9 14
1 8 0
2 3 3
3 9 3
t 223 7
m0 9 14
1 9 0
2 2 3
3 9 4
t 222 7
m0 9 14
1 8 0
2 3 3
3 9 3
t 221 7
m0 9 14
1 9 0
2 2 3
3 9 4
t 220 7
m0 9 14
1 8 0
2 3 3
3 9 3
t 219 7
m0 9 14
1 9 0
2 2 3
3 9 4
t 218 7
m0 9 14
1 8 0
2 3 3
3 9 3
t 217 7
m0 9 14
1 9 0
2 2 3
3 9 4
t 216 7
m0 9 14
1 8 0
2 3 3
3 9 3
t 215 7
m0 9 14
1 9 0
2 2 3
3 9 4
t 214 7
m0 9 14
1 8 0
2 3 3
3 9 3
t 213 7
m0 9 14
1 9 0
2 2 3
3 9 4
t 212 7
m0 9 14
1 8 0
2 3 3
3 9 3
t 211 7
m0 9 14
1 9 0
2 2 3
3 9 4
t 210 7
m0 9 14
1 8 0
2 3 3
3 9 3
t 209 7
m0 9 14
1 9 0
2 2 3
3 9 4
t 208 7
m0 9 14
1 8 0
2 3 3
3 9 3
t 207 7
m0 9 14
1 9 0
2 2 3
3 9 4
t 206 7
m0 9 14
1 8 0
2 3 3
3 9 3
t 205 7
m0 9 14
1 9 0
2 2 3
3 9 4
t 204 7
m0 9 14
1 8 0
2 3 3
3 9 3
t 203 7
m0 9 14
1 9 0
2 2 3
3 9 4
t 202 7
m0 9 14
1 8 0
2 3 3
3 9 3
t 201 7
m0 9 14
1 9 0
2 2 3
3 9 4
t 200 7
m0 9 14
1 8 0
2 3 3
3 9 3
t 199 7
m0 9 14
1 9 0
2 2 3
3 9 4
t 198 7
m0 9 14
1 8 0
2 3 3
3 9 3
t 197 7
m0 9 14
1 9 0
2 2 3
3 9 4
t 196 7
m0 9 14
1 8 0
2 3 3
3 9 3
t 195 7
m0 9 14
1 9 0
2 2 3
3 9 4
t 194 7
m0 9 14
1 8 0
2 3 3
3 9 3
t 193 7
m0 9 14
1 9 0
2 2 3
3 9 4
t 192 7
m0 9 14
1 8 0
2 3 3
3 9 3
t 191 7
m0 9 14
1 9 0
2 2 3
3 9 4
t 190 7
m0 9 14
1 8 0
2 3 3
3 9 3
t 189 7
m0 9 14
1 9 0
2 2 3
3 9 4
t 188 7
m0 9 14
1 8 0
2 3 3
3 9 3
t 187 7
m0 9 14
1 9 0
2 2 3
3 9 4
t 186 7
m0 9 14
1 8 0
2 3 3
3 9 3
t 185 7
m0 9 14
1 9 0
2 2 3
3 9 4
t 184 7
m0 9 14
1 8 0
2 3 3
3 9 3
t 183 7
m0 9 14
1 9 0
2 2 3
3 9 4
t 182 7
m0 9 14
1 8 0
2 3 3
3 9 3
t 181 7
m0 9 14
1 9 0
2 2 3
3 9 4
t 180 7
m0 9 14
1 8 0
2 3 3
3 9 3
t 179 7
m0 9 14
1 9 0
2 2 3
3 9 4
t 178 7
m0 9 14
1 8 0
2 3 3
3 9 3
t 177 7
m0 9 14
1 9 0
2 2 3
3 9 4
t 176 7
m0 9 14
1 8 0
2 3 3
3 9 3
t 175 7
m0 9 14
1 9 0
2 2 3
3 9 4
t 174 7
m0 9 14
1 8 0
2 3 3
3 9 3
t 173 7
m0 9 14
1 9 0
2 2 3
3 9 4
t 172 7
m0 9 14
1 8 0
2 3 3
3 9 3
t 171 7
m0 9 14
1 9 0
2 2 3
3 9 4
t 170 7
m0 9 14
1 8 0
2 3 3
3 9 3
t 169 7
m0 9 14
1 9 0
2 2 3
3 9 4
t 168 7
m0 9 14
1 8 0
2 3 3
3 9 3
t 167 7
m0 9 14
1 9 0
2 2 3
3 9 4
t 166 7
m0 9 14
1 8 0
2 3 3
3 9 3
t 165 7
m0 9 14
1 9 0
2 2 3
3 9 4
t 164 7
m0 9 14
1 8 0
2 3 3
3 9 3
t 163 7
m0 9 14
1 9 0
2 2 3
3 9 4
t 162 7
m0 9 14
1 8 0
2 3 3
3 9 3
t 161 7
m0 9 14
1 9 0
2 2 3
3 9 4
t 160 7
m0 9 14
1 8 0
2 3 3
3 9 3
t 159 7
m0 9 14
1 9 0
2 2 3
3 9 4
t 158 7
m0 9 14
1 8 0
2 3 3
3 9 3
t 157 7
m0 9 14
1 9 0
2 2 3
3 9 4
t 156 7
m0 9 14
1 8 0
2 3 3
3 9 3
t 155 7
m0 9 14
1 9 0
2 2 3
3 9 4
t 154 7
m0 9 14
1 8 0
2 3 3
3 9 3
t 153 7
m0 9 14
1 9 0
2 2 3
3 9 4
t 152 7
m0 9 14
1 8 0
2 3 3
3 9 3
t 151 7
m0 9 14
1 9 0
2 2 3
3 9 4
t 150 7
m0 9 14
1 8 0
2 3 3
3 9 3
t 149 7
m0 9 14
1 9 0
2 2 3
3 9 4
t 148 7
m0 9 14
1 8 0
2 3 3
3 9 3
t 147 7
m0 9 14
1 9 0
2 2 3
3 9 4
t 146 7
m0 9 14
1 8 0
2 3 3
3 9 3
t 145 7
m0 9 14
1 9 0
2 2 3
3 9 4
t 144 7
m0 9 14
1 8 0
2 3 3
3 9 3
t 143 7
m0 9 14
1 9 0
2 2 3
3 9 4
t 142 7
m0 9 14
1 8 0
2 3 3
3 9 3
t 141 7
m0 9 14
1 9 0
2 2 3
3 9 4
t 140 7
m0 9 14
1 8 0
2 3 3
3 9 3
t 139 7
m0 9 14
1 9 0
2 2 3
3 9 4
t 138 7
m0 9 14
1 8 0
2 3 3
3 9 3
t 137 7
m0 9 14
1 9 0
2 2 3
3 9 4
t 136 7
m0 9 14
1 8 0
2 3 3
3 9 3
t 135 7
m0 9 14
1 9 0
2 2 3
3 9 4
t 134 7
m0 9 14
1 8 0
2 3 3
3 9 3
t 133 7
m0 9 14
1 9 0
2 2 3
3 9 4
t 132 7
m0 9 14
1 8 0
2 3 3
3 9 3
t 131 7
m0 9 14
1 9 0
2 2 3
3 9 4
t 130 7
m0 9 14
1 8 0
2 3 3
3 9 3
t 129 7
m0 9 14
1 9 0
2 2 3
3 9 4
t 128 7
m0 9 14
1 8 0
2 3 3
3 9 3
t 127 7
m0 9 14
1 9 0
2 2 3
3 9 4
t 126 7
m0 9 14
1 8 0
2 3 3
3 9 3
t 125 7
m0 9 14
1 9 0
2 2 3
3 9 4
t 124 7
m0 9 14
1 8 0
2 3 3
3 9 3
t 123 7
m0 9 14
1 9 0
2 2 3
3 9 4
t 122 7
m0 9 14
1 8 0
2 3 3
3 9 3
t 121 7
m0 9 14
1 9 0
2 2 3
3 9 4
t 120 7
m0 9 14
1 8 0
2 3 3
3 9 3
t 119 7
m0 9 14
1 9 0
2 2 3
3 9 4
t 118 7
m0 9 14
1 8 0
2 3 3
3 9 3
t 117 7
m0 9 14
1 9 0
2 2 3
3 9 4
t 116 7
m0 9 14
1 8 0
2 3 3
3 9 3
t 115 7
m0 9 14
1 9 0
2 2 3
3 9 4
t 114 7
m0 9 14
1 8 0
2 3 3
3 9 3
t 113 7
m0 9 14
1 9 0
2 2 3
3 9 4
t 112 7
m0 9 14
1 8 0
2 3 3
3 9 3
t 111 7
m0 9 14
1 9 0
2 2 3
3 9 4
t 110 7
m0 9 14
1 8 0
2 3 3
3 9 3
t 109 7
m0 9 14
1 9 0
2 2 3
3 9 4
t 108 7
m0 9 14
1 8 0
2 3 3
3 9 3
t 107 7
m0 9 14
1 9 0
2 2 3
3 9 4
t 106 7
m0 9 14
1 8 0
2 3 3
3 9 3
t 105 7
m0 9 14
1 9 0
2 2 3
3 9 4
t 104 7
m0 9 14
1 8 0
2 3 3
3 9 3
t 103 7
m0 9 14
1 9 0
2 2 3
3 9 4
t 102 7
m0 9 14
1 8 0
2 3 3
3 9 3
t 101 7
m0 9 14
1 9 0
2 2 3
3 9 4
t 100 7
m0 9 14
1 8 0
2 3 3
3 9 3
t 99 7
m0 9 14
1 9 0
2 2 3
3 9 4
t 98 7
m0 9 14
1 8 0
2 3 3
3 9 3
t 97 7
m0 9 14
1 9 0
2 2 3
3 9 4
t 96 7
m0 9 14
1 8 0
2 3 3
3 9 3
t 95 7
m0 9 14
1 9 0
2 2 3
3 9 4
t 94 7
m0 9 14
1 8 0
2 3 3
3 9 3
t 93 7
m0 9 14
1 9 0
2 2 3
3 9 4
t 92 7
m0 9 14
1 8 0
2 3 3
3 9 3
t 91 7
m0 9 14
1 9 0
2 2 3
3 9 4
t 90 7
m0 9 14
1 8 0
2 3 3
3 9 3
t 89 7
m0 9 14
1 9 0
2 2 3
3 9 4
t 88 7
m0 9 14
1 8 0
2 3 3
3 9 3
t 87 7
m0 9 14
1 9 0
2 2 3
3 9 4
t 86 7
m0 9 14
1 8 0
2 3 3
3 9 3
t 85 7
m0 9 14
1 9 0
2 2 3
3 9 4
t 84 7
m0 9 14
1 8 0
2 3 3
3 9 3
t 83 7
m0 9 14
1 9 0
2 2 3
3 9 4
t 82 7
m0 9 14
1 8 0
2 3 3
3 9 3
t 81 7
m0 9 14
1 9 0
2 2 3
3 9 4
t 80 7
m0 9 14
1 8 0
2 3 3
3 9 3
t 79 7
m0 9 14
1 9 0
2 2 3
3 9 4
t 78 7
m0 9 14
1 8 0
2 3 3
3 9 3
t 77 7
m0 9 14
1 9 0
2 2 3
3 9 4
t 76 7
m0 9 14
1 8 0
2 3 3
3 9 3
t 75 7
m0 9 14
1 9 0
2 2 3
3 9 4
t 74 7
m0 9 14
1 8 0
2 3 3
3 9 3
t 73 7
m0 9 14
1 9 0
2 2 3
3 9 4
t 72 7
m0 9 14
1 8 0
2 3 3
3 9 3
t 71 7
m0 9 14
1 9 0
2 2 3
3 9 4
t 70 7
m0 9 14
1 8 0
2 3 3
3 9 3
t 69 7
m0 9 14
1 9 0
2 2 3
3 9 4
t 68 7
m0 9 14
1 8 0
2 3 3
3 9 3
t 67 7
m0 9 14
1 9 0
2 2 3
3 9 4
t 66 7
m0 9 14
1 8 0
2 3 3
3 9 3
t 65 7
m0 9 14
1 9 0
2 2 3
3 9 4
t 64 7
m0 9 14
1 8 0
2 3 3
3 9 3
t 63 7
m0 9 14
1 9 0
2 2 3
3 9 4
t 62 7
m0 9 14
1 8 0
2 3 3
3 9 3
t 61 7
m0 9 14
1 9 0
2 2 3
3 9 4
t 60 7
m0 9 14
1 8 0
2 3 3
3 9 3
t 59 7
m0 9 14
1 9 0
2 2 3
3 9 4
t 58 7
m0 9 14
1 8 0
2 3 3
3 9 3
t 57 7
m0 9 14
1 9 0
2 2 3
3 9 4
t 56 7
m0 9 14
1 8 0
2 3 3
3 9 3
t 55 7
m0 9 14
1 9 0
2 2 3
3 9 4
t 54 7
m0 9 14
1 8 0
2 3 3
3 9 3
t 53 7
m0 9 14
1 9 0
2 2 3
3 9 4
t 52 7
m0 9 14
1 8 0
2 3 3
3 9 3
t 51 7
m0 9 14
1 9 0
2 2 3
3 9 4
t 50 7
m0 9 14
1 8 0
2 3 3
3 9 3
t 49 7
m0 9 14
1 9 0
2 2 3
3 9 4
t 48 7
m0 9 14
1 8 0
2 3 3
3 9 3
t 47 7
m0 9 14
1 9 0
2 2 3
3 9 4
t 46 7
m0 9 14
1 8 0
2 3 3
3 9 3
t 45 7
m0 9 14
1 9 0
2 2 3
3 9 4
t 44 7
m0 9 14
1 8 0
2 3 3
3 9 3
t 43 7
m0 9 14
1 9 0
2 2 3
3 9 4
t 42 7
m0 9 14
1 8 0
2 3 3
3 9 3
t 41 7
m0 9 14
1 9 0
2 2 3
3 9 4
t 40 7
m0 9 14
1 8 0
2 3 3
3 9 3
t 39 7
m0 9 14
1 9 0
2 2 3
3 9 4
t 38 7
m0 9 14
1 8 0
2 3 3
3 9 3
t 37 7
m0 9 14
1 9 0
2 2 3
3 9 4
t 36 7
m0 9 14
1 8 0
2 3 3
3 9 3
t 35 7
m0 9 14
1 9 0
2 2 3
3 9 4
t 34 7
m0 9 14
1 8 0
2 3 3
3 9 3
t 33 7
m0 9 14
1 9 0
2 2 3
3 9 4
t 32 7
m0 9 14
1 8 0
2 3 3
3 9 3
t 31 7
m0 9 14
1 9 0
2 2 3
3 9 4
t 30 7
m0 9 14
1 8 0
2 3 3
3 9 3
t 29 7
m0 9 14
1 9 0
2 2 3
3 9 4
t 28 7
m0 9 14
1 8 0
2 3 3
3 9 3
t 27 7
m0 9 14
1 9 0
2 2 3
3 9 4
t 26 7
m0 9 14
1 8 0
2 3 3
3 9 3
t 25 7
m0 9 14
1 9 0
2 2 3
3 9 4
t 24 7
m0 9 14
1 8 0
2 3 3
3 9 3
t 23 7
m0 9 14
1 9 0
2 2 3
3 9 4
t 22 7
m0 9 14
1 8 0
2 3 3
3 9 3
t 21 7
m0 9 14
1 9 0
2 2 3
3 9 4
t 20 7
m0 9 14
1 8 0
2 3 3
3 9 3
t 19 7
m0 9 14
1 9 0
2 2 3
3 9 4
t 18 7
m0 9 14
1 8 0
2 3 3
3 9 3
t 17 7
m0 9 14
1 9 0
2 2 3
3 9 4
t 16 7
m0 9 14
1 8 0
2 3 3
3 9 3
t 15 7
m0 9 14
1 9 0
2 2 3
3 9 4
t 14 7
m0 9 14
1 8 0
2 3 3
3 9 3
t 13 7
m0 9 14
1 9 0
2 2 3
3 9 4
t 12 7
m0 9 14
1 8 0
2 3 3
3 9 3
t 11 7
m0 9 14
1 9 0
2 2 3
3 9 4
t 10 7
m0 9 14
1 8 0
2 3 3
3 9 3
t 9 7
m0 9 14
1 9 0
2 2 3
3 9 4
t 8 7
m0 9 14
1 8 0
2 3 3
3 9 3
t 7 7
m0 9 14
1 9 0
2 2 3
3 9 4
t 6 7
m0 9 14
1 8 0
2 3 3
3 9 3
t 5 7
m0 9 14
1 9 0
2 2 3
3 9 4
t 4 7
m0 9 14
1 8 0
2 3 3
3 9 3
t 3 7
m0 9 14
1 9 0
2 2 3
3 9 4
t 2 7
m0 9 14
1 8 0
2 3 3
3 9 3
t 1 7
m0 9 14
1 8 0
2 3 3
3 9 3
t 0 7
