10
15
w 7 3
w 6 9
w 9 1
w 7 12
w 2 1
w 0 7
w 8 9
w 2 5
w 0 3
w 1 11
w 8 5
w 8 14
w 4 9
w 3 3
w 5 5
w 7 10
w 3 6
w 4 1
w 1 1
w 2 6
w 7 1
w 5 11
w 6 0
w 4 14
w 0 12
w 3 9
w 0 5
w 1 9
w 8 7
w 2 14
w 6 5
w 5 3
w 8 3
w 7 0
w 6 8
w 8 12
w 4 3
p 4 7
p 4 8
p 5 13
p 3 11
p 4 12
p 1 6
p 2 12
p 9 4
p 6 2
p 3 7
p 7 11
p 2 4
p 5 8
p 7 2
p 4 0
p 9 0
p 6 7
p 8 1
p 7 6
p 8 10
p 4 13
p 1 5
p 2 13
p 9 11
p 6 3
p 0 11
p 5 0
p 5 4
p 7 14
p 3 2
p 8 2
p 4 5
p 1 13
p 6 11
p 1 4
p 9 10
p 6 12
p 9 6
p 2 7
p 0 1
p 7 8
p 1 12
p 3 1
p 2 11
p 9 9
p 5 14
p 2 0
p 1 8
p 7 4
p 3 8
p 6 13
p 1 7
p 0 9
p 5 2
p 0 2
p 9 12
m0 0 14
1 9 0
2 9 0
3 9 0
t 300 0
m0 0 14
1 8 0
2 8 0
3 8 0
t 299 0
m0 1 14
1 8 1
2 9 0
3 8 1
t 298 0
m0 1 13
1 8 2
2 8 0
3 8 2
t 297 1
m0 2 13
1 7 2
2 9 0
3 7 2
t 296 2
m0 3 13
1 6 2
2 8 0
3 8 2
t 295 2
m0 4 13
1 5 2
2 9 0
3 8 1
t 294 3
m0 4 12
1 4 2
2 8 0
3 8 0
t 293 4
m0 4 12
1 3 2
2 9 0
3 9 0
t 292 4
m0 4 12
1 4 2
2 8 0
3 8 0
t 291 4
m0 4 13
1 3 2
2 9 0
3 9 0
t 290 4
m0 5 13
1 2 2
2 8 0
3 8 0
t 289 5
m0 6 13
1 2 3
2 9 0
3 8 1
t 288 6
m0 7 13
1 2 4
2 8 0
3 8 0
t 287 6
m0 8 13
1 3 4
2 9 0
3 8 1
t 286 6
m0 7 13
1 2 4
2 8 0
3 8 0
t 285 6
m0 6 13
1 1 4
2 9 0
3 8 1
t 284 6
m0 6 14
1 1 5
2 8 0
3 8 2
t 283 6
m0 6 14
1 1 6
2 9 0
3 7 2
t 282 6
m0 6 13
1 1 7
2 8 0
3 6 2
t 281 6
m0 6 12
1 1 8
2 9 0
3 6 3
t 280 7
m0 6 13
1 0 8
2 8 0
3 6 4
t 279 7
m0 6 12
1 0 9
2 9 0
3 5 4
t 278 7
m0 6 13
1 0 10
2 8 0
3 4 4
t 277 7
m0 6 13
1 0 11
2 9 0
3 4 5
t 276 7
m0 5 13
1 0 10
2 8 0
3 4 6
t 275 7
m0 5 13
1 0 11
2 9 0
3 5 6
t 274 7
m0 5 12
1 0 10
2 8 0
3 5 7
t 273 7
m0 5 12
1 0 11
2 9 0
3 6 7
t 272 7
m0 6 12
1 0 10
2 8 0
3 5 7
t 271 7
m0 5 12
1 0 11
2 9 0
3 6 7
t 270 7
m0 6 12
1 0 10
2 8 0
3 5 7
t 269 7
m0 6 11
1 0 11
2 9 0
3 5 6
t 268 8
m0 6 12
1 0 10
2 8 0
3 5 7
t 267 8
m0 6 12
1 0 11
2 9 0
3 5 6
t 266 8
m0 5 12
1 0 10
2 8 0
3 5 7
t 265 8
m0 6 12
1 0 11
2 9 0
3 6 7
t 264 8
m0 6 12
1 0 10
2 8 0
3 5 7
t 263 8
m0 6 13
1 0 11
2 9 0
3 6 7
t 262 8
m0 6 14
1 0 10
2 8 0
3 7 7
t 261 8
m0 5 14
1 0 11
2 9 0
3 6 7
t 260 9
m0 6 14
1 0 10
2 8 0
3 7 7
t 259 9
m0 6 13
1 0 11
2 9 0
3 7 8
t 258 9
m0 6 13
1 0 10
2 8 0
3 7 7
t 257 9
m0 6 14
1 0 11
2 9 0
3 7 8
f 5 13
t 256 9
m0 6 13
1 0 10
2 8 0
3 7 7
t 255 9
m0 5 13
1 0 11
2 9 0
3 7 8
t 254 19
m0 5 12
1 0 10
2 8 0
3 7 9
t 253 19
m0 6 12
1 0 11
2 9 0
3 7 8
t 252 19
m0 5 12
1 0 10
2 8 0
3 7 9
t 251 19
m0 6 12
1 0 11
2 9 0
3 7 8
t 250 19
m0 6 11
1 0 10
2 8 0
3 7 7
t 249 19
m0 6 12
1 0 11
2 9 0
3 6 7
t 248 19
m0 6 13
1 0 10
2 8 0
3 6 6
t 247 19
m0 6 12
1 0 11
2 9 0
3 5 6
t 246 19
m0 5 12
1 0 10
2 8 0
3 5 7
t 245 19
m0 5 12
1 0 11
2 9 0
3 6 7
t 244 19
m0 5 13
1 0 10
2 8 0
3 5 7
t 243 19
m0 5 13
1 0 11
2 9 0
3 5 6
t 242 19
m0 5 14
1 0 10
2 8 0
3 5 7
t 241 19
m0 5 14
1 0 11
2 9 0
3 6 7
t 240 19
m0 5 14
1 0 10
2 8 0
3 5 7
t 239 19
m0 5 14
1 0 11
2 9 0
3 6 7
t 238 19
m0 5 14
1 0 10
2 8 0
3 5 7
t 237 19
m0 5 14
1 0 11
2 9 0
3 5 6
t 236 19
m0 6 14
1 0 10
2 8 0
3 6 6
t 235 19
m0 6 14
1 0 11
2 9 0
3 5 6
t 234 19
m0 6 13
1 0 10
2 8 0
3 6 6
t 233 19
m0 6 13
1 0 11
2 9 0
3 6 7
t 232 19
m0 6 14
1 0 10
2 8 0
3 7 7
t 231 19
m0 6 14
1 0 11
2 9 0
3 7 8
t 230 19
m0 7 14
1 0 10
2 8 0
3 8 8
t 229 20
m0 7 14
1 0 11
2 9 0
3 7 8
t 228 20
m0 7 14
1 0 10
2 8 0
3 7 9
t 227 20
m0 6 14
1 0 11
2 9 0
3 7 8
t 226 20
m0 5 14
1 0 10
2 8 0
3 7 9
t 225 20
m0 5 14
1 0 11
2 9 0
3 7 8
t 224 20
m0 6 14
1 0 10
2 8 0
3 7 9
t 223 20
m0 7 14
1 0 11
2 9 0
3 7 8
t 222 20
m0 7 14
1 0 10
2 8 0
3 7 9
t 221 20
m0 6 14
1 0 11
2 9 0
3 7 8
t 220 20
m0 6 13
1 0 10
2 8 0
3 7 9
t 219 20
m0 6 13
1 0 11
2 9 0
3 7 8
t 218 20
m0 6 14
1 0 10
2 8 0
3 7 9
t 217 20
m0 7 14
1 0 11
2 9 0
3 7 8
t 216 20
m0 7 14
1 0 10
2 8 0
3 7 9
t 215 20
m0 7 14
1 0 11
2 9 0
3 7 8
t 214 20
m0 7 14
1 0 10
2 8 0
3 7 9
t 213 20
m0 7 13
1 0 11
2 9 0
3 7 8
t 212 20
m0 6 13
1 0 10
2 8 0
3 7 9
t 211 20
m0 6 13
1 0 11
2 9 0
3 7 8
t 210 20
m0 6 14
1 0 10
2 8 0
3 7 9
t 209 20
m0 5 14
1 0 11
2 9 0
3 7 8
t 208 20
m0 6 14
1 0 10
2 8 0
3 7 9
t 207 20
m0 6 14
1 0 11
2 9 0
3 7 8
t 206 20
m0 6 13
1 0 10
2 8 0
3 7 9
t 205 20
m0 7 13
1 0 11
2 9 0
3 7 8
t 204 20
m0 8 13
1 0 10
2 8 0
3 8 8
t 203 20
m0 7 13
1 0 11
2 9 0
3 7 8
t 202 20
m0 7 14
1 0 10
2 8 0
3 7 9
t 201 20
m0 7 13
1 0 11
2 9 0
3 7 8
t 200 20
m0 7 13
1 0 10
2 8 0
3 8 8
t 199 20
m0 7 14
1 0 11
2 9 0
3 7 8
t 198 20
m0 7 14
1 0 10
2 8 0
3 7 9
t 197 20
m0 7 14
1 0 11
2 9 0
3 7 8
t 196 20
m0 7 14
1 0 10
2 8 0
3 7 9
t 195 20
m0 7 14
1 0 11
2 9 0
3 7 8
t 194 20
m0 7 13
1 0 10
2 8 0
3 7 9
t 193 20
m0 6 13
1 0 11
2 9 0
3 7 8
t 192 20
m0 6 14
1 0 10
2 8 0
3 7 9
t 191 20
m0 5 14
1 0 11
2 9 0
3 7 8
t 190 20
m0 6 14
1 0 10
2 8 0
3 7 9
t 189 20
m0 6 14
1 0 11
2 9 0
3 7 8
t 188 20
m0 6 13
1 0 10
2 8 0
3 7 9
t 187 20
m0 6 12
1 0 11
2 9 0
3 7 8
t 186 20
m0 5 12
1 0 10
2 8 0
3 7 9
t 185 20
m0 6 12
1 0 11
2 9 0
3 7 8
t 184 20
m0 5 12
1 0 10
2 8 0
3 7 7
t 183 20
m0 6 12
1 0 11
2 9 0
3 6 7
t 182 20
m0 6 13
1 0 10
2 8 0
3 7 7
t 181 20
m0 6 14
1 0 11
2 9 0
3 6 7
t 180 20
m0 6 14
1 0 10
2 8 0
3 7 7
t 179 20
m0 5 14
1 0 11
2 9 0
3 6 7
t 178 20
m0 5 14
1 0 10
2 8 0
3 5 7
t 177 20
m0 6 14
1 0 11
2 9 0
3 6 7
t 176 20
m0 7 14
1 0 10
2 8 0
3 7 7
t 175 20
m0 6 14
1 0 11
2 9 0
3 7 8
t 174 20
m0 6 13
1 0 10
2 8 0
3 7 7
t 173 20
m0 6 12
1 0 11
2 9 0
3 6 7
t 172 20
m0 6 12
1 0 10
2 8 0
3 5 7
t 171 20
m0 6 13
1 0 11
2 9 0
3 6 7
t 170 20
m0 6 14
1 0 10
2 8 0
3 7 7
t 169 20
m0 5 14
1 0 11
2 9 0
3 7 8
t 168 20
m0 5 14
1 0 10
2 8 0
3 7 9
t 167 20
m0 5 14
1 0 11
2 9 0
3 7 8
t 166 20
m0 5 14
1 0 10
2 8 0
3 7 9
t 165 20
m0 5 13
1 0 11
2 9 0
3 7 8
t 164 20
m0 5 13
1 0 10
2 8 0
3 7 9
t 163 20
m0 5 14
1 0 11
2 9 0
3 7 8
t 162 20
m0 5 13
1 0 10
2 8 0
3 7 9
t 161 20
m0 6 13
1 0 11
2 9 0
3 7 8
t 160 20
m0 6 14
1 0 10
2 8 0
3 7 9
t 159 20
m0 6 14
1 0 11
2 9 0
3 7 8
t 158 20
m0 6 14
1 0 10
2 8 0
3 7 9
t 157 20
m0 5 14
1 0 11
2 9 0
3 7 8
t 156 20
m0 5 14
1 0 10
2 8 0
3 7 9
t 155 20
m0 5 13
1 0 11
2 9 0
3 7 8
t 154 20
m0 5 12
1 0 10
2 8 0
3 8 8
t 153 20
m0 5 12
1 0 11
2 9 0
3 7 8
t 152 20
m0 6 12
1 0 10
2 8 0
3 7 9
t 151 20
m0 6 12
1 0 11
2 9 0
3 7 8
t 150 20
m0 6 13
1 0 10
2 8 0
3 8 8
t 149 20
m0 7 13
1 0 11
2 9 0
3 7 8
t 148 20
m0 7 14
1 0 10
2 8 0
3 7 9
t 147 20
m0 7 14
1 0 11
2 9 0
3 7 8
t 146 20
m0 7 13
1 0 10
2 8 0
3 8 8
t 145 20
m0 6 13
1 0 11
2 9 0
3 7 8
t 144 20
m0 5 13
1 0 10
2 8 0
3 7 9
t 143 20
m0 5 13
1 0 11
2 9 0
3 7 8
t 142 20
m0 5 13
1 0 10
2 8 0
3 7 9
t 141 20
m0 4 13
1 0 11
2 9 0
3 7 8
f 7 7
t 140 20
m0 4 12
1 0 10
2 8 0
3 7 9
t 139 20
m0 4 11
1 0 11
2 9 0
3 7 8
t 138 20
m0 3 11
1 0 10
2 8 0
3 7 9
t 137 21
m0 3 12
1 1 10
2 9 0
3 7 8
t 136 21
m0 4 12
1 0 10
2 8 0
3 7 9
t 135 21
m0 5 12
1 0 11
2 9 0
3 7 8
t 134 21
m0 4 12
1 0 10
2 8 0
3 7 9
t 133 21
m0 4 13
1 0 11
2 9 0
3 7 8
t 132 21
m0 4 12
1 0 10
2 8 0
3 7 9
t 131 21
m0 5 12
1 0 11
2 9 0
3 7 8
t 130 21
m0 5 13
1 0 10
2 8 0
3 7 9
t 129 21
m0 4 13
1 0 11
2 9 0
3 7 8
t 128 21
m0 4 12
1 0 10
2 8 0
3 7 9
t 127 21
m0 5 12
1 0 11
2 9 0
3 7 8
t 126 21
m0 5 12
1 0 10
2 8 0
3 7 9
t 125 21
m0 5 13
1 0 11
2 9 0
3 7 8
t 124 21
m0 5 13
1 0 10
2 8 0
3 7 9
t 123 21
m0 5 12
1 0 11
2 9 0
3 7 8
t 122 21
m0 5 12
1 0 10
2 8 0
3 7 9
t 121 21
m0 6 12
1 0 11
2 9 0
3 7 8
t 120 21
m0 6 11
1 0 10
2 8 0
3 7 9
t 119 21
m0 6 10
1 0 11
2 9 0
3 7 8
t 118 21
m0 6 11
1 0 10
2 8 0
3 7 7
t 117 21
m0 6 10
1 0 11
2 9 0
3 6 7
t 116 21
m0 6 11
1 0 10
2 8 0
3 6 6
t 115 21
m0 6 12
1 0 11
2 9 0
3 6 7
t 114 21
m0 6 13
1 0 10
2 8 0
3 6 6
t 113 21
m0 5 13
1 0 11
2 9 0
3 6 7
t 112 21
m0 6 13
1 0 10
2 8 0
3 6 6
t 111 21
m0 5 13
1 0 11
2 9 0
3 5 6
t 110 21
m0 6 13
1 0 10
2 8 0
3 5 7
t 109 21
m0 6 12
1 0 11
2 9 0
3 5 6
t 108 21
m0 6 12
1 0 10
2 8 0
3 5 7
t 107 21
m0 6 11
1 0 11
2 9 0
3 6 7
t 106 21
m0 6 11
1 0 10
2 8 0
3 6 6
t 105 21
m0 6 10
1 1 10
2 9 0
3 6 7
t 104 21
m0 6 11
1 0 10
2 8 0
3 5 7
t 103 21
m0 6 10
1 0 11
2 9 0
3 6 7
t 102 21
m0 5 10
1 0 10
2 8 0
3 5 7
t 101 21
m0 5 10
1 0 11
2 9 0
3 5 6
t 100 21
m0 5 10
1 0 10
2 8 0
3 4 6
t 99 21
m0 5 10
1 0 11
2 9 0
3 5 6
t 98 21
m0 4 10
1 0 10
2 8 0
3 5 7
t 97 21
m0 4 11
1 0 11
2 9 0
3 5 8
t 96 21
m0 4 10
1 0 10
2 8 0
3 5 7
t 95 21
m0 4 11
1 0 11
2 9 0
3 6 7
t 94 21
m0 3 11
1 0 10
2 8 0
3 5 7
t 93 21
m0 2 11
1 0 11
2 9 0
3 5 6
t 92 22
m0 3 11
1 0 10
2 8 0
3 5 7
t 91 22
m0 3 10
1 0 11
2 9 0
3 5 6
t 90 22
m0 3 10
1 0 10
2 8 0
3 4 6
t 89 22
m0 3 11
1 0 11
2 9 0
3 5 6
t 88 22
m0 3 11
1 0 10
2 8 0
3 5 7
t 87 22
m0 3 11
1 1 10
2 9 0
3 5 6
t 86 22
m0 3 11
1 0 10
2 8 0
3 4 6
t 85 22
m0 2 11
1 0 11
2 9 0
3 4 5
t 84 22
m0 2 12
1 0 10
2 8 0
3 3 5
t 83 23
m0 1 12
1 0 11
2 9 0
3 4 5
t 82 24
m0 2 12
1 0 10
2 8 0
3 3 5
t 81 24
m0 2 13
1 0 11
2 9 0
3 4 5
t 80 24
m0 2 12
1 0 10
2 8 0
3 3 5
t 79 24
m0 2 12
1 0 11
2 9 0
3 3 4
t 78 24
m0 2 12
1 0 10
2 8 0
3 2 4
t 77 24
m0 2 13
1 0 11
2 9 0
3 3 4
t 76 24
m0 2 13
1 0 10
2 8 0
3 3 5
t 75 24
m0 2 13
1 0 11
2 9 0
3 4 5
t 74 24
m0 2 13
1 0 10
2 8 0
3 4 6
t 73 24
m0 1 13
1 0 11
2 9 0
3 4 5
t 72 24
m0 1 12
1 0 10
2 8 0
3 4 6
t 71 24
m0 2 12
1 0 11
2 9 0
3 4 5
t 70 24
m0 2 12
1 0 10
2 8 0
3 3 5
t 69 24
m0 2 11
1 1 10
2 9 0
3 4 5
t 68 24
m0 2 10
1 0 10
2 8 0
3 4 6
t 67 24
m0 2 10
1 1 10
2 9 0
3 4 5
t 66 24
m0 -5 -5
1 2 10
2 8 0
3 4 4
t 65 24
