10
15
w 7 3
w 6 9
w 4 7
w 8 13
w 3 0
w 2 8
w 9 8
w 8 0
w 3 11
w 5 13
w 6 2
w 9 4
w 3 14
w 6 7
w 3 3
w 6 10
w 1 14
w 8 10
w 4 13
w 1 10
w 1 1
w 3 2
w 5 4
w 9 14
w 4 5
w 1 13
w 4 14
w 0 5
w 8 7
w 3 5
w 5 10
w 5 7
w 5 14
w 7 4
w 0 6
w 1 8
w 9 5
p 1 3
p 7 12
p 7 7
p 8 9
p 0 10
p 7 11
p 3 7
p 2 5
p 1 11
p 8 5
p 5 8
p 6 14
p 0 3
p 9 0
p 2 9
p 8 1
p 5 12
p 6 3
p 2 13
p 5 0
p 0 4
p 3 6
p 6 4
p 4 10
p 2 6
p 8 2
p 7 1
p 8 11
p 9 3
p 5 2
p 2 10
p 9 10
p 0 12
p 3 9
p 2 3
p 7 5
p 4 2
p 9 6
p 6 5
p 5 3
p 2 7
p 0 1
p 9 13
p 7 0
p 6 8
p 3 12
p 4 6
p 9 2
p 7 13
p 2 11
p 3 8
p 6 13
p 1 7
p 3 4
p 2 4
p 8 4
m0 0 14
1 9 0
2 9 0
3 9 0
t 300 0
m0 0 14
1 9 1
2 9 1
3 9 1
t 299 0
m0 0 14
1 9 0
2 9 0
3 9 0
t 298 0
m0 0 14
1 9 1
2 9 1
3 9 1
t 297 0
m0 0 13
1 9 0
2 9 0
3 9 0
t 296 0
m0 0 13
1 9 1
2 9 1
3 9 1
t 295 0
m0 0 12
1 9 0
2 9 0
3 9 0
t 294 1
m0 0 11
1 9 1
2 9 1
3 9 1
t 293 1
m0 0 12
1 9 0
2 9 0
3 9 0
t 292 1
m0 1 12
1 9 1
2 9 1
3 9 1
t 291 1
m0 1 11
1 9 0
2 9 0
3 9 0
f 0 12
t 290 2
m0 0 11
1 9 1
2 9 1
3 9 1
t 289 2
m0 0 11
1 9 0
2 9 0
3 9 0
t 288 2
m0 0 10
1 9 1
2 9 1
3 9 1
t 287 3
m0 0 11
1 9 0
2 9 0
3 9 0
t 286 3
m0 0 12
1 9 1
2 9 1
3 9 1
t 285 13
m0 0 13
1 9 0
2 9 0
3 9 0
t 284 13
m0 0 13
1 9 1
2 9 1
3 9 1
t 283 13
m0 0 12
1 9 0
2 9 0
3 9 0
t 282 13
m0 0 12
1 9 1
2 9 1
3 9 1
t 281 13
m0 0 13
1 9 0
2 9 0
3 9 0
t 280 13
m0 0 12
1 9 1
2 9 1
3 9 1
t 279 13
m0 0 12
1 9 0
2 9 0
3 9 0
t 278 13
m0 1 12
1 9 1
2 9 1
3 9 1
t 277 13
m0 1 12
1 9 0
2 9 0
3 9 0
t 276 13
m0 1 11
1 9 1
2 9 1
3 9 1
t 275 13
m0 1 11
1 9 0
2 9 0
3 9 0
t 274 13
m0 1 11
1 9 1
2 9 1
3 9 1
t 273 13
m0 2 11
1 9 0
2 9 0
3 9 0
f 8 8
t 272 14
m0 2 12
1 9 1
2 9 1
3 9 1
t 271 14
m0 2 11
1 9 0
2 9 0
3 9 0
t 270 14
m0 2 10
1 9 1
2 9 1
3 9 1
t 269 15
m0 3 10
1 9 0
2 9 0
3 9 0
t 268 15
m0 3 10
1 9 1
2 9 1
3 9 1
t 267 15
m0 3 9
1 9 0
2 9 0
3 9 0
t 266 16
m0 3 8
1 9 1
2 9 1
3 9 1
t 265 17
m0 3 7
1 9 0
2 9 0
3 9 0
t 264 18
m0 2 7
1 9 1
2 9 1
3 9 1
t 263 19
m0 2 7
1 9 0
2 9 0
3 9 0
t 262 19
m0 1 7
1 9 1
2 9 1
3 9 1
t 261 20
m0 1 7
1 9 0
2 9 0
3 9 0
t 260 20
m0 2 7
1 9 1
2 9 1
3 9 1
t 259 20
m0 3 7
1 9 0
2 9 0
3 9 0
t 258 20
m0 3 7
1 9 1
2 9 1
3 9 1
t 257 20
m0 2 7
1 9 0
2 9 0
3 9 0
t 256 20
m0 3 7
1 9 1
2 9 1
3 9 1
t 255 20
m0 3 6
1 9 0
2 9 0
3 9 0
t 254 21
m0 4 6
1 9 1
2 9 1
3 9 1
t 253 22
m0 5 6
1 9 0
2 9 0
3 9 0
t 252 22
m0 5 6
1 9 1
2 9 1
3 9 1
t 251 22
m0 5 6
1 9 0
2 9 0
3 9 0
t 250 22
m0 6 6
1 9 1
2 9 1
3 9 1
t 249 22
m0 6 5
1 9 0
2 9 0
3 9 0
t 248 23
m0 5 5
1 9 1
2 9 1
3 9 1
t 247 23
m0 6 5
1 9 0
2 9 0
3 9 0
t 246 23
m0 6 5
1 9 1
2 9 1
3 9 1
t 245 23
m0 7 5
1 9 0
2 9 0
3 9 0
t 244 24
m0 8 5
1 9 1
2 9 1
3 9 1
t 243 25
m0 8 4
1 9 0
2 9 0
3 9 0
t 242 26
m0 8 3
1 9 1
2 9 1
3 9 1
t 241 26
m0 8 2
1 9 0
2 9 0
3 9 0
t 240 27
m0 9 2
1 9 1
2 9 1
3 9 1
t 239 28
m0 9 2
1 9 0
2 9 0
3 9 0
t 238 28
m0 9 3
1 9 1
2 9 1
3 9 1
t 237 29
m0 8 3
1 9 0
2 9 0
3 9 0
t 236 29
m0 8 4
1 9 1
2 9 1
3 9 1
t 235 29
m0 8 5
1 9 0
2 9 0
3 9 0
t 234 29
m0 8 6
1 9 1
2 9 1
3 9 1
t 233 29
m0 9 6
1 9 0
2 9 0
3 9 0
t 232 30
m0 8 6
1 9 1
2 9 1
3 9 1
t 231 30
m0 8 6
1 9 0
2 9 0
3 9 0
t 230 30
m0 8 6
1 9 1
2 9 1
3 9 1
t 229 30
m0 7 6
1 9 0
2 9 0
3 9 0
t 228 30
m0 7 7
1 9 1
2 9 1
3 9 1
t 227 31
m0 7 8
1 9 0
2 9 0
3 9 0
t 226 31
m0 8 8
1 9 1
2 9 1
3 9 1
t 225 41
m0 7 8
1 9 0
2 9 0
3 9 0
t 224 41
m0 8 8
1 9 1
2 9 1
3 9 1
t 223 41
m0 8 9
1 9 0
2 9 0
3 9 0
t 222 42
m0 7 9
1 9 1
2 9 1
3 9 1
t 221 42
m0 8 9
1 9 0
2 9 0
3 9 0
t 220 42
m0 9 9
1 9 1
2 9 1
3 9 1
t 219 42
m0 8 9
1 9 0
2 9 0
3 9 0
t 218 42
m0 8 8
1 9 1
2 9 1
3 9 1
t 217 42
m0 7 8
1 9 0
2 9 0
3 9 0
t 216 42
m0 6 8
1 9 1
2 9 1
3 9 1
t 215 43
m0 5 8
1 9 0
2 9 0
3 9 0
t 214 44
m0 5 8
1 9 1
2 9 1
3 9 1
t 213 44
m0 5 8
1 9 0
2 9 0
3 9 0
t 212 44
m0 5 9
1 9 1
2 9 1
3 9 1
t 211 44
m0 5 8
1 9 0
2 9 0
3 9 0
t 210 44
m0 4 8
1 9 1
2 9 1
3 9 1
t 209 44
m0 4 9
1 9 0
2 9 0
3 9 0
t 208 44
m0 4 10
1 9 1
2 9 1
3 9 1
f 6 11
t 207 45
m0 4 11
1 9 0
2 9 0
3 9 0
t 206 45
m0 5 11
1 9 1
2 9 1
3 9 1
t 205 45
m0 5 12
1 9 0
2 9 0
3 9 0
t 204 46
m0 6 12
1 9 1
2 9 1
3 9 1
t 203 46
m0 7 12
1 9 0
2 9 0
3 9 0
t 202 47
m0 7 11
1 9 1
2 9 1
3 9 1
t 201 48
m0 6 11
1 9 0
2 9 0
3 9 0
t 200 58
m0 7 11
1 9 1
2 9 1
3 9 1
t 199 58
m0 8 11
1 9 0
2 9 0
3 9 0
t 198 59
m0 9 11
1 9 1
2 9 1
3 9 1
t 197 59
m0 9 12
1 9 0
2 9 0
3 9 0
t 196 59
m0 8 12
1 9 1
2 9 1
3 9 1
t 195 59
m0 7 12
1 9 0
2 9 0
3 9 0
t 194 59
m0 7 11
1 9 1
2 9 1
3 9 1
t 193 59
m0 7 12
1 9 0
2 9 0
3 9 0
t 192 59
m0 8 12
1 9 1
2 9 1
3 9 1
t 191 59
m0 8 11
1 9 0
2 9 0
3 9 0
t 190 59
m0 7 11
1 9 1
2 9 1
3 9 1
t 189 59
m0 8 11
1 9 0
2 9 0
3 9 0
t 188 59
m0 7 11
1 9 1
2 9 1
3 9 1
t 187 59
m0 7 10
1 9 0
2 9 0
3 9 0
t 186 59
m0 7 9
1 9 1
2 9 1
3 9 1
t 185 59
m0 7 8
1 9 0
2 9 0
3 9 0
t 184 59
m0 8 8
1 9 1
2 9 1
3 9 1
t 183 59
m0 7 8
1 9 0
2 9 0
3 9 0
t 182 59
m0 7 9
1 9 1
2 9 1
3 9 1
t 181 59
m0 8 9
1 9 0
2 9 0
3 9 0
t 180 59
m0 7 9
1 9 1
2 9 1
3 9 1
t 179 59
m0 7 10
1 9 0
2 9 0
3 9 0
t 178 59
m0 7 11
1 9 1
2 9 1
3 9 1
t 177 59
m0 7 12
1 9 0
2 9 0
3 9 0
t 176 59
m0 6 12
1 9 1
2 9 1
3 9 1
t 175 59
m0 6 12
1 9 0
2 9 0
3 9 0
t 174 59
m0 6 11
1 9 1
2 9 1
3 9 1
t 173 59
m0 6 12
1 9 0
2 9 0
3 9 0
t 172 59
m0 6 11
1 9 1
2 9 1
3 9 1
t 171 59
m0 7 11
1 9 0
2 9 0
3 9 0
t 170 59
m0 6 11
1 9 1
2 9 1
3 9 1
t 169 59
m0 6 12
1 9 0
2 9 0
3 9 0
t 168 59
m0 5 12
1 9 1
2 9 1
3 9 1
t 167 59
m0 4 12
1 9 0
2 9 0
3 9 0
t 166 59
m0 5 12
1 9 1
2 9 1
3 9 1
t 165 59
m0 5 11
1 9 0
2 9 0
3 9 0
t 164 59
m0 5 12
1 9 1
2 9 1
3 9 1
t 163 59
m0 4 12
1 9 0
2 9 0
3 9 0
t 162 59
m0 3 12
1 9 1
2 9 1
3 9 1
t 161 60
m0 3 12
1 9 0
2 9 0
3 9 0
t 160 60
m0 3 13
1 9 1
2 9 1
3 9 1
t 159 60
m0 3 12
1 9 0
2 9 0
3 9 0
t 158 70
m0 2 12
1 9 1
2 9 1
3 9 1
t 157 70
m0 2 12
1 9 0
2 9 0
3 9 0
t 156 70
m0 2 13
1 9 1
2 9 1
3 9 1
t 155 71
m0 2 12
1 9 0
2 9 0
3 9 0
t 154 71
m0 2 13
1 9 1
2 9 1
3 9 1
t 153 71
m0 3 13
1 9 0
2 9 0
3 9 0
t 152 71
m0 3 13
1 9 1
2 9 1
3 9 1
t 151 71
m0 3 12
1 9 0
2 9 0
3 9 0
t 150 71
m0 3 13
1 9 1
2 9 1
3 9 1
t 149 71
m0 3 13
1 9 0
2 9 0
3 9 0
f 1 9
t 148 71
m0 3 13
1 9 1
2 9 1
3 9 1
t 147 71
m0 3 13
1 9 0
2 9 0
3 9 0
t 146 71
m0 3 12
1 9 1
2 9 1
3 9 1
t 145 71
m0 3 13
1 9 0
2 9 0
3 9 0
t 144 71
m0 2 13
1 9 1
2 9 1
3 9 1
t 143 71
m0 2 12
1 9 0
2 9 0
3 9 0
t 142 71
m0 2 11
1 9 1
2 9 1
3 9 1
t 141 71
m0 2 10
1 9 0
2 9 0
3 9 0
t 140 71
m0 2 9
1 9 1
2 9 1
3 9 1
t 139 72
m0 1 9
1 9 0
2 9 0
3 9 0
t 138 82
m0 2 9
1 9 1
2 9 1
3 9 1
t 137 82
m0 3 9
1 9 0
2 9 0
3 9 0
t 136 82
m0 3 10
1 9 1
2 9 1
3 9 1
t 135 82
m0 2 10
1 9 0
2 9 0
3 9 0
t 134 82
m0 2 9
1 9 1
2 9 1
3 9 1
t 133 82
m0 2 9
1 9 0
2 9 0
3 9 0
t 132 82
m0 1 9
1 9 1
2 9 1
3 9 1
t 131 82
m0 1 9
1 9 0
2 9 0
3 9 0
t 130 82
m0 1 9
1 9 1
2 9 1
3 9 1
t 129 82
m0 0 9
1 9 0
2 9 0
3 9 0
t 128 82
m0 0 9
1 9 1
2 9 1
3 9 1
t 127 82
m0 0 10
1 9 0
2 9 0
3 9 0
t 126 82
m0 0 11
1 9 1
2 9 1
3 9 1
t 125 82
m0 0 12
1 9 0
2 9 0
3 9 0
t 124 82
m0 1 12
1 9 1
2 9 1
3 9 1
t 123 82
m0 1 12
1 9 0
2 9 0
3 9 0
t 122 82
m0 0 12
1 9 1
2 9 1
3 9 1
t 121 82
m0 0 12
1 9 0
2 9 0
3 9 0
t 120 82
m0 0 11
1 9 1
2 9 1
3 9 1
t 119 82
m0 0 10
1 9 0
2 9 0
3 9 0
t 118 82
m0 0 11
1 9 1
2 9 1
3 9 1
t 117 82
m0 0 12
1 9 0
2 9 0
3 9 0
t 116 82
m0 0 12
1 9 1
2 9 1
3 9 1
t 115 82
m0 0 12
1 9 0
2 9 0
3 9 0
t 114 82
m0 0 11
1 9 1
2 9 1
3 9 1
t 113 82
m0 1 11
1 9 0
2 9 0
3 9 0
t 112 82
m0 0 11
1 9 1
2 9 1
3 9 1
t 111 82
m0 1 11
1 9 0
2 9 0
3 9 0
t 110 82
m0 2 11
1 9 1
2 9 1
3 9 1
t 109 82
m0 1 11
1 9 0
2 9 0
3 9 0
t 108 82
m0 1 12
1 9 1
2 9 1
3 9 1
t 107 82
m0 2 12
1 9 0
2 9 0
3 9 0
t 106 82
m0 3 12
1 9 1
2 9 1
3 9 1
f 5 6
t 105 82
m0 4 12
1 9 0
2 9 0
3 9 0
t 104 82
m0 3 12
1 9 1
2 9 1
3 9 1
t 103 82
m0 3 13
1 9 0
2 9 0
3 9 0
t 102 82
m0 2 13
1 9 1
2 9 1
3 9 1
t 101 82
m0 2 13
1 9 0
2 9 0
3 9 0
t 100 82
m0 3 13
1 9 1
2 9 1
3 9 1
t 99 82
m0 3 12
1 9 0
2 9 0
3 9 0
t 98 82
m0 3 12
1 9 1
2 9 1
3 9 1
t 97 82
m0 2 12
1 9 0
2 9 0
3 9 0
t 96 82
m0 2 13
1 9 1
2 9 1
3 9 1
t 95 82
m0 2 13
1 9 0
2 9 0
3 9 0
t 94 82
m0 3 13
1 9 1
2 9 1
3 9 1
t 93 82
m0 3 12
1 9 0
2 9 0
3 9 0
t 92 82
m0 4 12
1 9 1
2 9 1
3 9 1
t 91 82
m0 5 12
1 9 0
2 9 0
3 9 0
t 90 82
m0 5 12
1 9 1
2 9 1
3 9 1
t 89 82
m0 5 11
1 9 0
2 9 0
3 9 0
t 88 82
m0 6 11
1 9 1
2 9 1
3 9 1
t 87 82
m0 6 12
1 9 0
2 9 0
3 9 0
t 86 82
m0 6 13
1 9 1
2 9 1
3 9 1
t 85 83
m0 7 13
1 9 0
2 9 0
3 9 0
t 84 84
m0 7 14
1 9 1
2 9 1
3 9 1
t 83 84
m0 8 14
1 9 0
2 9 0
3 9 0
t 82 84
m0 8 14
1 9 1
2 9 1
3 9 1
t 81 84
m0 8 14
1 9 0
2 9 0
3 9 0
t 80 84
m0 8 14
1 9 1
2 9 1
3 9 1
t 79 84
m0 7 14
1 9 0
2 9 0
3 9 0
t 78 84
m0 7 14
1 9 1
2 9 1
3 9 1
t 77 84
m0 7 13
1 9 0
2 9 0
3 9 0
t 76 84
m0 7 13
1 9 1
2 9 1
3 9 1
t 75 84
m0 6 13
1 9 0
2 9 0
3 9 0
t 74 84
m0 6 14
1 9 1
2 9 1
3 9 1
t 73 85
m0 6 13
1 9 0
2 9 0
3 9 0
t 72 85
m0 6 13
1 9 1
2 9 1
3 9 1
t 71 85
m0 7 13
1 9 0
2 9 0
3 9 0
t 70 85
m0 7 12
1 9 1
2 9 1
3 9 1
t 69 85
m0 7 13
1 9 0
2 9 0
3 9 0
t 68 85
m0 7 13
1 9 1
2 9 1
3 9 1
t 67 85
m0 7 12
1 9 0
2 9 0
3 9 0
t 66 85
m0 7 11
1 9 1
2 9 1
3 9 1
t 65 85
m0 7 10
1 9 0
2 9 0
3 9 0
t 64 85
m0 7 9
1 9 1
2 9 1
3 9 1
t 63 85
m0 8 9
1 9 0
2 9 0
3 9 0
t 62 85
m0 9 9
1 9 1
2 9 1
3 9 1
t 61 85
m0 9 10
1 9 0
2 9 0
3 9 0
t 60 86
m0 9 10
1 9 1
2 9 1
3 9 1
t 59 86
m0 9 11
1 9 0
2 9 0
3 9 0
t 58 86
m0 9 12
1 9 1
2 9 1
3 9 1
t 57 86
m0 8 12
1 9 0
2 9 0
3 9 0
t 56 86
m0 9 12
1 9 1
2 9 1
3 9 1
t 55 86
m0 9 11
1 9 0
2 9 0
3 9 0
t 54 86
m0 8 11
1 9 1
2 9 1
3 9 1
t 53 86
m0 8 11
1 9 0
2 9 0
3 9 0
t 52 86
m0 8 12
1 9 1
2 9 1
3 9 1
t 51 86
m0 8 12
1 9 0
2 9 0
3 9 0
t 50 86
m0 8 12
1 9 1
2 9 1
3 9 1
t 49 86
m0 9 12
1 9 0
2 9 0
3 9 0
t 48 86
m0 9 12
1 9 1
2 9 1
3 9 1
t 47 86
m0 9 12
1 9 0
2 9 0
3 9 0
t 46 86
m0 9 13
1 9 1
2 9 1
3 9 1
t 45 87
m0 9 12
1 9 0
2 9 0
3 9 0
t 44 87
m0 9 11
1 9 1
2 9 1
3 9 1
t 43 87
m0 9 10
1 9 0
2 9 0
3 9 0
t 42 87
m0 9 9
1 9 1
2 9 1
3 9 1
t 41 87
m0 8 9
1 9 0
2 9 0
3 9 0
t 40 87
m0 8 8
1 9 1
2 9 1
3 9 1
t 39 87
m0 7 8
1 9 0
2 9 0
3 9 0
t 38 87
m0 6 8
1 9 1
2 9 1
3 9 1
t 37 87
m0 6 8
1 9 0
2 9 0
3 9 0
t 36 87
m0 6 8
1 9 1
2 9 1
3 9 1
t 35 87
m0 6 8
1 9 0
2 9 0
3 9 0
t 34 87
m0 6 8
1 9 1
2 9 1
3 9 1
t 33 87
m0 5 8
1 9 0
2 9 0
3 9 0
t 32 87
m0 5 8
1 9 1
2 9 1
3 9 1
t 31 87
m0 5 9
1 9 0
2 9 0
3 9 0
t 30 87
m0 5 9
1 9 1
2 9 1
3 9 1
t 29 87
m0 5 8
1 9 0
2 9 0
3 9 0
t 28 87
m0 5 8
1 9 1
2 9 1
3 9 1
t 27 87
m0 5 8
1 9 0
2 9 0
3 9 0
t 26 87
m0 5 8
1 9 1
2 9 1
3 9 1
t 25 87
m0 4 8
1 9 0
2 9 0
3 9 0
t 24 87
m0 5 8
1 9 1
2 9 1
3 9 1
t 23 87
m0 4 8
1 9 0
2 9 0
3 9 0
t 22 87
m0 3 8
1 9 1
2 9 1
3 9 1
t 21 87
m0 3 7
1 9 0
2 9 0
3 9 0
t 20 87
m0 3 6
1 9 1
2 9 1
3 9 1
t 19 87
m0 2 6
1 9 0
2 9 0
3 9 0
t 18 88
m0 3 6
1 9 1
2 9 1
3 9 1
t 17 88
m0 4 6
1 9 0
2 9 0
3 9 0
t 16 88
m0 4 6
1 9 1
2 9 1
3 9 1
t 15 88
m0 5 6
1 9 0
2 9 0
3 9 0
t 14 98
m0 4 6
1 9 1
2 9 1
3 9 1
f 3 6
t 13 98
m0 3 6
1 9 0
2 9 0
3 9 0
t 12 108
m0 4 6
1 9 1
2 9 1
3 9 1
t 11 108
m0 3 6
1 9 0
2 9 0
3 9 0
t 10 108
m0 3 6
1 9 1
2 9 1
3 9 1
t 9 108
m0 3 7
1 9 0
2 9 0
3 9 0
t 8 108
m0 3 7
1 9 1
2 9 1
3 9 1
t 7 108
m0 2 7
1 9 0
2 9 0
3 9 0
t 6 108
m0 2 7
1 9 1
2 9 1
3 9 1
t 5 108
m0 2 6
1 9 0
2 9 0
3 9 0
t 4 108
m0 2 6
1 9 1
2 9 1
3 9 1
t 3 108
m0 2 5
1 9 0
2 9 0
3 9 0
t 2 109
m0 2 4
1 9 1
2 9 1
3 9 1
t 1 110
m0 3 4
1 9 1
2 9 1
3 9 1
t 0 111
