10
15
w 5 9
w 9 1
w 5 6
w 7 12
w 9 8
w 3 0
w 5 13
w 7 7
w 6 2
w 2 12
w 2 5
w 5 8
w 7 6
w 8 10
w 2 13
w 5 0
w 0 4
w 7 10
w 9 7
w 9 14
w 4 14
w 3 9
w 2 3
w 0 5
w 1 0
w 4 11
w 5 3
w 3 12
w 4 6
w 0 13
w 2 11
w 3 8
w 7 4
w 4 3
w 1 7
w 7 8
w 8 4
p 7 3
p 1 3
p 6 6
p 8 0
p 0 7
p 2 1
p 4 12
p 0 10
p 1 11
p 8 5
p 6 14
p 8 14
p 4 9
p 6 7
p 3 3
p 8 1
p 4 4
p 1 14
p 6 3
p 1 5
p 0 11
p 9 11
p 2 2
p 1 10
p 4 1
p 1 1
p 7 14
p 0 0
p 2 6
p 7 1
p 6 11
p 4 5
p 8 11
p 6 0
p 1 4
p 0 12
p 9 10
p 7 5
p 8 7
p 4 2
p 9 6
p 6 5
p 0 1
p 2 7
p 8 3
p 5 10
p 8 12
p 6 1
p 5 14
p 2 0
p 0 6
p 8 8
p 6 13
p 0 9
p 0 2
p 9 12
m0 0 14
1 9 0
2 9 0
3 9 0
t 300 0
m0 1 14
1 8 0
2 8 0
3 8 0
t 299 1
m0 2 14
1 9 0
2 9 0
3 9 0
t 298 1
m0 3 14
1 8 0
2 8 0
3 8 0
t 297 1
m0 3 13
1 9 0
2 9 0
3 9 0
t 296 1
m0 4 13
1 8 0
2 8 0
3 8 0
t 295 1
m0 4 12
1 9 0
2 9 0
3 9 0
t 294 2
m0 5 12
1 8 0
2 8 0
3 8 0
t 293 2
m0 6 12
1 9 0
2 9 0
3 9 0
t 292 2
m0 6 11
1 8 0
2 8 0
3 8 0
t 291 3
m0 7 11
1 9 0
2 9 0
3 9 0
t 290 3
m0 8 11
1 8 0
2 8 0
3 8 0
t 289 4
m0 9 11
1 9 0
2 9 0
3 9 0
t 288 5
m0 9 10
1 8 0
2 8 0
3 8 0
t 287 6
m0 9 9
1 9 0
2 9 0
3 9 0
f 3 6
t 286 6
m0 8 9
1 8 0
2 8 0
3 8 0
t 285 6
m0 9 9
1 9 0
2 9 0
3 9 0
t 284 6
m0 8 9
1 8 0
2 8 0
3 8 0
t 283 6
m0 9 9
1 9 0
2 9 0
3 9 0
t 282 6
m0 8 9
1 8 0
2 8 0
3 8 0
t 281 6
m0 9 9
1 9 0
2 9 0
3 9 0
t 280 6
m0 8 9
1 8 0
2 8 0
3 8 0
t 279 6
m0 9 9
1 9 0
2 9 0
3 9 0
t 278 6
m0 8 9
1 8 0
2 8 0
3 8 0
t 277 6
m0 9 9
1 9 0
2 9 0
3 9 0
t 276 6
m0 8 9
1 8 0
2 8 0
3 8 0
t 275 6
m0 9 9
1 9 0
2 9 0
3 9 0
t 274 6
m0 8 9
1 8 0
2 8 0
3 8 0
t 273 6
m0 9 9
1 9 0
2 9 0
3 9 0
t 272 6
m0 8 9
1 8 0
2 8 0
3 8 0
t 271 6
m0 9 9
1 9 0
2 9 0
3 9 0
t 270 6
m0 8 9
1 8 0
2 8 0
3 8 0
t 269 6
m0 9 9
1 9 0
2 9 0
3 9 0
t 268 6
m0 8 9
1 8 0
2 8 0
3 8 0
t 267 6
m0 9 9
1 9 0
2 9 0
3 9 0
t 266 6
m0 8 9
1 8 0
2 8 0
3 8 0
t 265 6
m0 9 9
1 9 0
2 9 0
3 9 0
t 264 6
m0 8 9
1 8 0
2 8 0
3 8 0
t 263 6
m0 9 9
1 9 0
2 9 0
3 9 0
t 262 6
m0 8 9
1 8 0
2 8 0
3 8 0
t 261 6
m0 9 9
1 9 0
2 9 0
3 9 0
t 260 6
m0 8 9
1 8 0
2 8 0
3 8 0
t 259 6
m0 9 9
1 9 0
2 9 0
3 9 0
t 258 6
m0 8 9
1 8 0
2 8 0
3 8 0
t 257 6
m0 9 9
1 9 0
2 9 0
3 9 0
t 256 6
m0 8 9
1 8 0
2 8 0
3 8 0
t 255 6
m0 9 9
1 9 0
2 9 0
3 9 0
t 254 6
m0 8 9
1 8 0
2 8 0
3 8 0
t 253 6
m0 9 9
1 9 0
2 9 0
3 9 0
t 252 6
m0 8 9
1 8 0
2 8 0
3 8 0
t 251 6
m0 9 9
1 9 0
2 9 0
3 9 0
t 250 6
m0 8 9
1 8 0
2 8 0
3 8 0
t 249 6
m0 9 9
1 9 0
2 9 0
3 9 0
t 248 6
m0 8 9
1 8 0
2 8 0
3 8 0
t 247 6
m0 9 9
1 9 0
2 9 0
3 9 0
t 246 6
m0 8 9
1 8 0
2 8 0
3 8 0
t 245 6
m0 9 9
1 9 0
2 9 0
3 9 0
t 244 6
m0 8 9
1 8 0
2 8 0
3 8 0
t 243 6
m0 9 9
1 9 0
2 9 0
3 9 0
t 242 6
m0 8 9
1 8 0
2 8 0
3 8 0
t 241 6
m0 9 9
1 9 0
2 9 0
3 9 0
t 240 6
m0 8 9
1 8 0
2 8 0
3 8 0
t 239 6
m0 9 9
1 9 0
2 9 0
3 9 0
t 238 6
m0 8 9
1 8 0
2 8 0
3 8 0
t 237 6
m0 9 9
1 9 0
2 9 0
3 9 0
t 236 6
m0 8 9
1 8 0
2 8 0
3 8 0
t 235 6
m0 9 9
1 9 0
2 9 0
3 9 0
t 234 6
m0 8 9
1 8 0
2 8 0
3 8 0
t 233 6
m0 9 9
1 9 0
2 9 0
3 9 0
t 232 6
m0 8 9
1 8 0
2 8 0
3 8 0
t 231 6
m0 9 9
1 9 0
2 9 0
3 9 0
t 230 6
m0 8 9
1 8 0
2 8 0
3 8 0
t 229 6
m0 9 9
1 9 0
2 9 0
3 9 0
t 228 6
m0 8 9
1 8 0
2 8 0
3 8 0
t 227 6
m0 9 9
1 9 0
2 9 0
3 9 0
t 226 6
m0 8 9
1 8 0
2 8 0
3 8 0
t 225 6
m0 9 9
1 9 0
2 9 0
3 9 0
t 224 6
m0 8 9
1 8 0
2 8 0
3 8 0
t 223 6
m0 9 9
1 9 0
2 9 0
3 9 0
t 222 6
m0 8 9
1 8 0
2 8 0
3 8 0
t 221 6
m0 9 9
1 9 0
2 9 0
3 9 0
t 220 6
m0 8 9
1 8 0
2 8 0
3 8 0
t 219 6
m0 9 9
1 9 0
2 9 0
3 9 0
t 218 6
m0 8 9
1 8 0
2 8 0
3 8 0
t 217 6
m0 9 9
1 9 0
2 9 0
3 9 0
t 216 6
m0 8 9
1 8 0
2 8 0
3 8 0
t 215 6
m0 9 9
1 9 0
2 9 0
3 9 0
t 214 6
m0 8 9
1 8 0
2 8 0
3 8 0
t 213 6
m0 9 9
1 9 0
2 9 0
3 9 0
t 212 6
m0 8 9
1 8 0
2 8 0
3 8 0
t 211 6
m0 9 9
1 9 0
2 9 0
3 9 0
t 210 6
m0 8 9
1 8 0
2 8 0
3 8 0
t 209 6
m0 9 9
1 9 0
2 9 0
3 9 0
t 208 6
m0 8 9
1 8 0
2 8 0
3 8 0
t 207 6
m0 9 9
1 9 0
2 9 0
3 9 0
t 206 6
m0 8 9
1 8 0
2 8 0
3 8 0
t 205 6
m0 9 9
1 9 0
2 9 0
3 9 0
t 204 6
m0 8 9
1 8 0
2 8 0
3 8 0
t 203 6
m0 9 9
1 9 0
2 9 0
3 9 0
t 202 6
m0 8 9
1 8 0
2 8 0
3 8 0
t 201 6
m0 9 9
1 9 0
2 9 0
3 9 0
t 200 6
m0 8 9
1 8 0
2 8 0
3 8 0
t 199 6
m0 9 9
1 9 0
2 9 0
3 9 0
t 198 6
m0 8 9
1 8 0
2 8 0
3 8 0
t 197 6
m0 9 9
1 9 0
2 9 0
3 9 0
t 196 6
m0 8 9
1 8 0
2 8 0
3 8 0
t 195 6
m0 9 9
1 9 0
2 9 0
3 9 0
t 194 6
m0 8 9
1 8 0
2 8 0
3 8 0
t 193 6
m0 9 9
1 9 0
2 9 0
3 9 0
t 192 6
m0 8 9
1 8 0
2 8 0
3 8 0
t 191 6
m0 9 9
1 9 0
2 9 0
3 9 0
t 190 6
m0 8 9
1 8 0
2 8 0
3 8 0
t 189 6
m0 9 9
1 9 0
2 9 0
3 9 0
t 188 6
m0 8 9
1 8 0
2 8 0
3 8 0
t 187 6
m0 9 9
1 9 0
2 9 0
3 9 0
t 186 6
m0 8 9
1 8 0
2 8 0
3 8 0
t 185 6
m0 9 9
1 9 0
2 9 0
3 9 0
t 184 6
m0 8 9
1 8 0
2 8 0
3 8 0
t 183 6
m0 9 9
1 9 0
2 9 0
3 9 0
t 182 6
m0 8 9
1 8 0
2 8 0
3 8 0
t 181 6
m0 9 9
1 9 0
2 9 0
3 9 0
t 180 6
m0 8 9
1 8 0
2 8 0
3 8 0
t 179 6
m0 9 9
1 9 0
2 9 0
3 9 0
t 178 6
m0 8 9
1 8 0
2 8 0
3 8 0
t 177 6
m0 9 9
1 9 0
2 9 0
3 9 0
t 176 6
m0 8 9
1 8 0
2 8 0
3 8 0
t 175 6
m0 9 9
1 9 0
2 9 0
3 9 0
t 174 6
m0 8 9
1 8 0
2 8 0
3 8 0
t 173 6
m0 9 9
1 9 0
2 9 0
3 9 0
t 172 6
m0 8 9
1 8 0
2 8 0
3 8 0
t 171 6
m0 9 9
1 9 0
2 9 0
3 9 0
t 170 6
m0 8 9
1 8 0
2 8 0
3 8 0
t 169 6
m0 9 9
1 9 0
2 9 0
3 9 0
t 168 6
m0 8 9
1 8 0
2 8 0
3 8 0
t 167 6
m0 9 9
1 9 0
2 9 0
3 9 0
t 166 6
m0 8 9
1 8 0
2 8 0
3 8 0
t 165 6
m0 9 9
1 9 0
2 9 0
3 9 0
t 164 6
m0 8 9
1 8 0
2 8 0
3 8 0
t 163 6
m0 9 9
1 9 0
2 9 0
3 9 0
t 162 6
m0 8 9
1 8 0
2 8 0
3 8 0
t 161 6
m0 9 9
1 9 0
2 9 0
3 9 0
t 160 6
m0 8 9
1 8 0
2 8 0
3 8 0
t 159 6
m0 9 9
1 9 0
2 9 0
3 9 0
t 158 6
m0 8 9
1 8 0
2 8 0
3 8 0
t 157 6
m0 9 9
1 9 0
2 9 0
3 9 0
t 156 6
m0 8 9
1 8 0
2 8 0
3 8 0
t 155 6
m0 9 9
1 9 0
2 9 0
3 9 0
t 154 6
m0 8 9
1 8 0
2 8 0
3 8 0
t 153 6
m0 9 9
1 9 0
2 9 0
3 9 0
t 152 6
m0 8 9
1 8 0
2 8 0
3 8 0
t 151 6
m0 9 9
1 9 0
2 9 0
3 9 0
t 150 6
m0 8 9
1 8 0
2 8 0
3 8 0
t 149 6
m0 9 9
1 9 0
2 9 0
3 9 0
t 148 6
m0 8 9
1 8 0
2 8 0
3 8 0
t 147 6
m0 9 9
1 9 0
2 9 0
3 9 0
t 146 6
m0 8 9
1 8 0
2 8 0
3 8 0
t 145 6
m0 9 9
1 9 0
2 9 0
3 9 0
t 144 6
m0 8 9
1 8 0
2 8 0
3 8 0
t 143 6
m0 9 9
1 9 0
2 9 0
3 9 0
t 142 6
m0 8 9
1 8 0
2 8 0
3 8 0
t 141 6
m0 9 9
1 9 0
2 9 0
3 9 0
t 140 6
m0 8 9
1 8 0
2 8 0
3 8 0
t 139 6
m0 9 9
1 9 0
2 9 0
3 9 0
t 138 6
m0 8 9
1 8 0
2 8 0
3 8 0
t 137 6
m0 9 9
1 9 0
2 9 0
3 9 0
t 136 6
m0 8 9
1 8 0
2 8 0
3 8 0
t 135 6
m0 9 9
1 9 0
2 9 0
3 9 0
t 134 6
m0 8 9
1 8 0
2 8 0
3 8 0
t 133 6
m0 9 9
1 9 0
2 9 0
3 9 0
t 132 6
m0 8 9
1 8 0
2 8 0
3 8 0
t 131 6
m0 9 9
1 9 0
2 9 0
3 9 0
t 130 6
m0 8 9
1 8 0
2 8 0
3 8 0
t 129 6
m0 9 9
1 9 0
2 9 0
3 9 0
t 128 6
m0 8 9
1 8 0
2 8 0
3 8 0
t 127 6
m0 9 9
1 9 0
2 9 0
3 9 0
t 126 6
m0 8 9
1 8 0
2 8 0
3 8 0
t 125 6
m0 9 9
1 9 0
2 9 0
3 9 0
t 124 6
m0 8 9
1 8 0
2 8 0
3 8 0
t 123 6
m0 9 9
1 9 0
2 9 0
3 9 0
t 122 6
m0 8 9
1 8 0
2 8 0
3 8 0
t 121 6
m0 9 9
1 9 0
2 9 0
3 9 0
t 120 6
m0 8 9
1 8 0
2 8 0
3 8 0
t 119 6
m0 9 9
1 9 0
2 9 0
3 9 0
t 118 6
m0 8 9
1 8 0
2 8 0
3 8 0
t 117 6
m0 9 9
1 9 0
2 9 0
3 9 0
t 116 6
m0 8 9
1 8 0
2 8 0
3 8 0
t 115 6
m0 9 9
1 9 0
2 9 0
3 9 0
t 114 6
m0 8 9
1 8 0
2 8 0
3 8 0
t 113 6
m0 9 9
1 9 0
2 9 0
3 9 0
t 112 6
m0 8 9
1 8 0
2 8 0
3 8 0
t 111 6
m0 9 9
1 9 0
2 9 0
3 9 0
t 110 6
m0 8 9
1 8 0
2 8 0
3 8 0
t 109 6
m0 9 9
1 9 0
2 9 0
3 9 0
t 108 6
m0 8 9
1 8 0
2 8 0
3 8 0
t 107 6
m0 9 9
1 9 0
2 9 0
3 9 0
t 106 6
m0 8 9
1 8 0
2 8 0
3 8 0
t 105 6
m0 9 9
1 9 0
2 9 0
3 9 0
t 104 6
m0 8 9
1 8 0
2 8 0
3 8 0
t 103 6
m0 9 9
1 9 0
2 9 0
3 9 0
t 102 6
m0 8 9
1 8 0
2 8 0
3 8 0
t 101 6
m0 9 9
1 9 0
2 9 0
3 9 0
t 100 6
m0 8 9
1 8 0
2 8 0
3 8 0
t 99 6
m0 9 9
1 9 0
2 9 0
3 9 0
t 98 6
m0 8 9
1 8 0
2 8 0
3 8 0
t 97 6
m0 9 9
1 9 0
2 9 0
3 9 0
t 96 6
m0 8 9
1 8 0
2 8 0
3 8 0
t 95 6
m0 9 9
1 9 0
2 9 0
3 9 0
t 94 6
m0 8 9
1 8 0
2 8 0
3 8 0
t 93 6
m0 9 9
1 9 0
2 9 0
3 9 0
t 92 6
m0 8 9
1 8 0
2 8 0
3 8 0
t 91 6
m0 9 9
1 9 0
2 9 0
3 9 0
t 90 6
m0 8 9
1 8 0
2 8 0
3 8 0
t 89 6
m0 9 9
1 9 0
2 9 0
3 9 0
t 88 6
m0 8 9
1 8 0
2 8 0
3 8 0
t 87 6
m0 9 9
1 9 0
2 9 0
3 9 0
t 86 6
m0 8 9
1 8 0
2 8 0
3 8 0
t 85 6
m0 9 9
1 9 0
2 9 0
3 9 0
t 84 6
m0 8 9
1 8 0
2 8 0
3 8 0
t 83 6
m0 9 9
1 9 0
2 9 0
3 9 0
t 82 6
m0 8 9
1 8 0
2 8 0
3 8 0
t 81 6
m0 9 9
1 9 0
2 9 0
3 9 0
t 80 6
m0 8 9
1 8 0
2 8 0
3 8 0
t 79 6
m0 9 9
1 9 0
2 9 0
3 9 0
t 78 6
m0 8 9
1 8 0
2 8 0
3 8 0
t 77 6
m0 9 9
1 9 0
2 9 0
3 9 0
t 76 6
m0 8 9
1 8 0
2 8 0
3 8 0
t 75 6
m0 9 9
1 9 0
2 9 0
3 9 0
t 74 6
m0 8 9
1 8 0
2 8 0
3 8 0
t 73 6
m0 9 9
1 9 0
2 9 0
3 9 0
t 72 6
m0 8 9
1 8 0
2 8 0
3 8 0
t 71 6
m0 9 9
1 9 0
2 9 0
3 9 0
t 70 6
m0 8 9
1 8 0
2 8 0
3 8 0
t 69 6
m0 9 9
1 9 0
2 9 0
3 9 0
t 68 6
m0 8 9
1 8 0
2 8 0
3 8 0
t 67 6
m0 9 9
1 9 0
2 9 0
3 9 0
t 66 6
m0 8 9
1 8 0
2 8 0
3 8 0
t 65 6
m0 9 9
1 9 0
2 9 0
3 9 0
t 64 6
m0 8 9
1 8 0
2 8 0
3 8 0
t 63 6
m0 9 9
1 9 0
2 9 0
3 9 0
t 62 6
m0 8 9
1 8 0
2 8 0
3 8 0
t 61 6
m0 9 9
1 9 0
2 9 0
3 9 0
t 60 6
m0 8 9
1 8 0
2 8 0
3 8 0
t 59 6
m0 9 9
1 9 0
2 9 0
3 9 0
t 58 6
m0 8 9
1 8 0
2 8 0
3 8 0
t 57 6
m0 9 9
1 9 0
2 9 0
3 9 0
t 56 6
m0 8 9
1 8 0
2 8 0
3 8 0
t 55 6
m0 9 9
1 9 0
2 9 0
3 9 0
t 54 6
m0 8 9
1 8 0
2 8 0
3 8 0
t 53 6
m0 9 9
1 9 0
2 9 0
3 9 0
t 52 6
m0 8 9
1 8 0
2 8 0
3 8 0
t 51 6
m0 9 9
1 9 0
2 9 0
3 9 0
t 50 6
m0 8 9
1 8 0
2 8 0
3 8 0
t 49 6
m0 9 9
1 9 0
2 9 0
3 9 0
t 48 6
m0 8 9
1 8 0
2 8 0
3 8 0
t 47 6
m0 9 9
1 9 0
2 9 0
3 9 0
t 46 6
m0 8 9
1 8 0
2 8 0
3 8 0
t 45 6
m0 9 9
1 9 0
2 9 0
3 9 0
t 44 6
m0 8 9
1 8 0
2 8 0
3 8 0
t 43 6
m0 9 9
1 9 0
2 9 0
3 9 0
t 42 6
m0 8 9
1 8 0
2 8 0
3 8 0
t 41 6
m0 9 9
1 9 0
2 9 0
3 9 0
t 40 6
m0 8 9
1 8 0
2 8 0
3 8 0
t 39 6
m0 9 9
1 9 0
2 9 0
3 9 0
t 38 6
m0 8 9
1 8 0
2 8 0
3 8 0
t 37 6
m0 9 9
1 9 0
2 9 0
3 9 0
t 36 6
m0 8 9
1 8 0
2 8 0
3 8 0
t 35 6
m0 9 9
1 9 0
2 9 0
3 9 0
t 34 6
m0 8 9
1 8 0
2 8 0
3 8 0
t 33 6
m0 9 9
1 9 0
2 9 0
3 9 0
t 32 6
m0 8 9
1 8 0
2 8 0
3 8 0
t 31 6
m0 9 9
1 9 0
2 9 0
3 9 0
t 30 6
m0 8 9
1 8 0
2 8 0
3 8 0
t 29 6
m0 9 9
1 9 0
2 9 0
3 9 0
t 28 6
m0 8 9
1 8 0
2 8 0
3 8 0
t 27 6
m0 9 9
1 9 0
2 9 0
3 9 0
t 26 6
m0 8 9
1 8 0
2 8 0
3 8 0
t 25 6
m0 9 9
1 9 0
2 9 0
3 9 0
t 24 6
m0 8 9
1 8 0
2 8 0
3 8 0
t 23 6
m0 9 9
1 9 0
2 9 0
3 9 0
t 22 6
m0 8 9
1 8 0
2 8 0
3 8 0
t 21 6
m0 9 9
1 9 0
2 9 0
3 9 0
t 20 6
m0 8 9
1 8 0
2 8 0
3 8 0
t 19 6
m0 9 9
1 9 0
2 9 0
3 9 0
t 18 6
m0 8 9
1 8 0
2 8 0
3 8 0
t 17 6
m0 9 9
1 9 0
2 9 0
3 9 0
t 16 6
m0 8 9
1 8 0
2 8 0
3 8 0
t 15 6
m0 9 9
1 9 0
2 9 0
3 9 0
t 14 6
m0 8 9
1 8 0
2 8 0
3 8 0
t 13 6
m0 9 9
1 9 0
2 9 0
3 9 0
t 12 6
m0 8 9
1 8 0
2 8 0
3 8 0
t 11 6
m0 9 9
1 9 0
2 9 0
3 9 0
t 10 6
m0 8 9
1 8 0
2 8 0
3 8 0
t 9 6
m0 9 9
1 9 0
2 9 0
3 9 0
t 8 6
m0 8 9
1 8 0
2 8 0
3 8 0
t 7 6
m0 9 9
1 9 0
2 9 0
3 9 0
t 6 6
m0 8 9
1 8 0
2 8 0
3 8 0
t 5 6
m0 9 9
1 9 0
2 9 0
3 9 0
t 4 6
m0 8 9
1 8 0
2 8 0
3 8 0
t 3 6
m0 9 9
1 9 0
2 9 0
3 9 0
t 2 6
m0 8 9
1 8 0
2 8 0
3 8 0
t 1 6
m0 9 9
1 8 0
2 8 0
3 8 0
t 0 6
