10
15
w 6 6
w 5 6
w 2 8
w 8 0
w 0 7
w 2 1
w 4 12
w 1 6
w 2 12
w 6 2
w 9 4
w 7 11
w 1 11
w 4 0
w 6 7
w 2 9
w 1 5
w 2 13
w 5 0
w 3 6
w 4 1
w 9 7
w 6 4
w 5 4
w 2 6
w 8 2
w 6 11
w 9 10
w 3 9
w 1 9
w 7 9
w 5 10
w 5 7
w 0 13
w 3 8
w 8 8
w 2 4
p 7 3
p 4 7
p 8 13
p 9 1
p 3 0
p 7 12
p 9 8
p 3 11
p 3 7
p 2 5
p 0 3
p 8 5
p 5 8
p 6 14
p 1 2
p 8 14
p 9 0
p 3 14
p 4 9
p 5 5
p 5 12
p 6 10
p 1 14
p 6 3
p 9 11
p 2 2
p 1 10
p 0 4
p 8 6
p 3 2
p 0 0
p 7 1
p 8 11
p 4 14
p 0 12
p 7 5
p 8 7
p 6 12
p 4 2
p 0 8
p 9 6
p 4 11
p 3 5
p 5 3
p 8 3
p 1 12
p 8 12
p 3 1
p 2 11
p 9 9
p 0 6
p 0 9
p 9 5
p 0 2
p 9 12
p 8 4
m0 0 14
1 9 0
2 9 0
3 9 0
t 300 0
m0 1 14
1 9 1
2 9 1
3 9 1
t 299 1
m0 2 14
1 9 0
2 9 0
3 8 1
t 298 1
m0 3 14
1 9 1
2 9 1
3 7 1
t 297 2
m0 2 14
1 9 0
2 9 0
3 8 1
t 296 2
m0 1 14
1 9 1
2 9 1
3 7 1
t 295 2
m0 0 14
1 8 1
2 9 2
3 7 0
t 294 2
m0 0 14
1 9 1
2 9 1
3 6 0
t 293 2
m0 1 14
1 9 0
2 8 1
3 7 0
t 292 2
m0 2 14
1 9 1
2 7 1
3 6 0
t 291 2
m0 1 14
1 9 0
2 7 0
3 6 1
t 290 2
m0 2 14
1 9 1
2 6 0
3 7 1
t 289 2
m0 1 14
1 9 2
2 7 0
3 8 1
t 288 2
m0 2 14
1 9 1
2 6 0
3 7 1
t 287 2
m0 2 14
1 9 2
2 6 1
3 8 1
t 286 2
m0 2 14
1 9 3
2 7 1
3 9 1
f 1 7
t 285 2
m0 1 14
1 8 3
2 8 1
3 9 0
t 284 2
m0 2 14
1 9 3
2 7 1
3 9 1
t 283 2
m0 1 14
1 8 3
2 7 2
3 9 0
t 282 2
m0 1 13
1 7 3
2 7 3
3 9 1
t 281 2
m0 1 13
1 7 4
2 7 2
3 9 0
t 280 2
m0 1 12
1 8 4
2 7 1
3 9 1
t 279 3
m0 0 12
1 8 3
2 7 2
3 9 0
t 278 4
m0 0 11
1 8 4
2 7 1
3 9 1
t 277 4
m0 0 10
1 8 3
2 7 2
3 9 0
t 276 4
m0 0 9
1 8 4
2 7 3
3 9 1
t 275 5
m0 0 8
1 8 3
2 7 2
3 9 0
t 274 6
m0 1 8
1 8 4
2 7 3
3 9 1
t 273 6
m0 0 8
1 8 3
2 7 2
3 9 0
t 272 6
m0 0 8
1 9 3
2 7 1
3 9 1
t 271 6
m0 0 8
1 8 3
2 7 0
3 9 0
t 270 6
m0 0 9
1 9 3
2 7 1
3 9 1
t 269 6
m0 0 9
1 8 3
2 6 1
3 9 0
t 268 6
m0 0 8
1 8 4
2 7 1
3 9 1
t 267 6
m0 0 8
1 7 4
2 7 2
3 9 0
t 266 6
m0 1 8
1 7 3
2 7 3
3 9 1
t 265 6
m0 1 8
1 7 2
2 7 4
3 9 0
t 264 6
m0 1 8
1 7 1
2 7 5
3 9 1
t 263 6
m0 1 8
1 6 1
2 8 5
3 9 0
t 262 6
m0 1 8
1 7 1
2 7 5
3 9 1
t 261 6
m0 1 7
1 7 2
2 8 5
3 9 0
t 260 16
m0 2 7
1 7 1
2 9 5
3 9 1
t 259 16
m0 2 7
1 8 1
2 9 6
3 9 0
t 258 16
m0 1 7
1 7 1
2 9 5
3 9 1
t 257 16
m0 1 7
1 7 2
2 8 5
3 9 0
t 256 16
m0 2 7
1 7 1
2 8 4
3 9 1
t 255 16
m0 2 7
1 7 0
2 8 5
3 9 0
t 254 16
m0 3 7
1 7 1
2 8 4
3 9 1
t 253 17
m0 3 7
1 7 0
2 8 5
3 9 0
t 252 17
m0 2 7
1 7 1
2 7 5
3 9 1
t 251 17
m0 3 7
1 8 1
2 6 5
3 9 0
t 250 17
m0 3 7
1 9 1
2 7 5
3 9 1
t 249 17
m0 4 7
1 9 2
2 7 6
3 9 0
t 248 18
m0 4 7
1 9 3
2 7 7
3 9 1
t 247 18
m0 3 7
1 8 3
2 7 6
3 9 0
t 246 18
m0 3 7
1 8 4
2 8 6
3 9 1
t 245 18
m0 2 7
1 8 3
2 8 5
3 9 0
t 244 18
m0 1 7
1 9 3
2 8 4
3 9 1
t 243 18
m0 1 7
1 9 2
2 8 3
3 9 0
t 242 18
m0 2 7
1 9 1
2 7 3
3 9 1
t 241 18
m0 3 7
1 9 2
2 7 4
3 9 0
t 240 18
m0 3 7
1 9 1
2 8 4
3 9 1
t 239 18
m0 3 7
1 8 1
2 7 4
3 9 0
t 238 18
m0 4 7
1 9 1
2 8 4
3 9 1
t 237 18
m0 4 8
1 9 2
2 8 3
3 9 0
t 236 18
m0 4 8
1 9 3
2 7 3
3 9 1
t 235 18
m0 4 9
1 9 2
2 7 2
3 9 0
t 234 19
m0 5 9
1 9 3
2 7 3
3 9 1
t 233 19
m0 6 9
1 8 3
2 7 4
3 9 0
f 9 13
t 232 19
m0 5 9
1 9 3
2 7 3
3 9 1
t 231 19
m0 6 9
1 9 2
2 6 3
3 9 0
t 230 19
m0 6 9
1 9 1
2 5 3
3 9 1
t 229 19
m0 5 9
1 9 2
2 6 3
3 9 0
t 228 19
m0 5 9
1 9 1
2 5 3
3 9 1
t 227 19
m0 5 8
1 9 2
2 5 2
3 9 0
t 226 20
m0 4 8
1 9 3
2 5 3
3 9 1
t 225 20
m0 4 8
1 8 3
2 6 3
3 9 0
t 224 20
m0 4 9
1 7 3
2 5 3
3 9 1
t 223 20
m0 4 10
1 7 2
2 5 2
3 9 0
t 222 20
m0 4 9
1 7 1
2 5 1
3 9 1
t 221 20
m0 5 9
1 7 2
2 6 1
3 9 0
t 220 20
m0 4 9
1 7 1
2 7 1
3 9 1
t 219 20
m0 4 9
1 7 0
2 7 0
3 9 0
t 218 20
m0 4 8
1 7 1
2 7 1
3 9 1
t 217 20
m0 4 9
1 6 1
2 6 1
3 9 0
t 216 20
m0 5 9
1 6 0
2 5 1
3 9 1
t 215 20
m0 5 8
1 7 0
2 5 2
3 9 0
t 214 20
m0 4 8
1 6 0
2 5 1
3 9 1
t 213 20
m0 4 9
1 7 0
2 5 2
3 9 0
t 212 20
m0 5 9
1 7 1
2 5 1
3 9 1
t 211 20
m0 5 9
1 7 2
2 6 1
3 9 0
t 210 20
m0 4 9
1 7 1
2 6 0
3 9 1
t 209 20
m0 4 9
1 7 2
2 7 0
3 9 0
t 208 20
m0 5 9
1 7 1
2 7 1
3 9 1
t 207 20
m0 5 8
1 7 0
2 7 2
3 9 0
t 206 20
m0 6 8
1 6 0
2 7 3
3 9 1
t 205 20
m0 5 8
1 6 1
2 7 2
3 9 0
t 204 20
m0 4 8
1 6 0
2 7 3
3 9 1
t 203 20
m0 4 9
1 7 0
2 7 4
3 9 0
t 202 20
m0 5 9
1 6 0
2 8 4
3 9 1
t 201 20
m0 4 9
1 6 1
2 8 3
3 9 0
t 200 20
m0 4 9
1 6 0
2 7 3
3 9 1
t 199 20
m0 4 10
1 6 1
2 7 2
3 9 0
t 198 20
m0 4 9
1 6 0
2 7 3
3 9 1
t 197 20
m0 5 9
1 7 0
2 7 2
3 9 0
t 196 20
m0 6 9
1 7 1
2 7 1
3 9 1
t 195 20
m0 6 10
1 7 2
2 7 2
3 9 0
t 194 21
m0 6 10
1 7 1
2 7 3
3 9 1
t 193 21
m0 6 10
1 7 2
2 7 2
3 9 0
t 192 21
m0 6 9
1 7 3
2 7 1
3 9 1
t 191 21
m0 6 10
1 8 3
2 6 1
3 9 0
t 190 21
m0 6 9
1 9 3
2 6 0
3 9 1
t 189 21
m0 6 8
1 9 2
2 7 0
3 9 0
t 188 21
m0 5 8
1 9 1
2 7 1
3 9 1
t 187 21
m0 5 9
1 9 0
2 7 2
3 8 1
t 186 21
m0 5 8
1 9 1
2 7 1
3 9 1
t 185 21
m0 5 9
1 8 1
2 8 1
3 9 0
t 184 21
m0 5 9
1 9 1
2 9 1
3 9 1
t 183 21
m0 4 9
1 9 2
2 9 2
3 9 0
t 182 21
m0 4 9
1 9 1
2 9 3
3 9 1
t 181 21
m0 4 10
1 8 1
2 9 2
3 9 0
t 180 21
m0 4 11
1 7 1
2 9 1
3 9 1
t 179 22
m0 4 10
1 7 0
2 9 0
3 8 1
t 178 22
m0 3 10
1 7 1
2 9 1
3 9 1
t 177 22
m0 3 11
1 8 1
2 9 0
3 9 2
t 176 23
m0 3 11
1 9 1
2 9 1
3 9 3
t 175 23
m0 4 11
1 9 2
2 9 0
3 8 3
t 174 23
m0 4 11
1 9 1
2 9 1
3 9 3
t 173 23
m0 4 11
1 9 2
2 9 2
3 8 3
t 172 23
m0 4 10
1 9 1
2 9 3
3 7 3
t 171 23
m0 4 9
1 9 0
2 8 3
3 7 2
t 170 23
m0 5 9
1 9 1
2 8 4
3 7 1
t 169 23
m0 5 8
1 9 0
2 8 3
3 8 1
t 168 23
m0 6 8
1 9 1
2 8 4
3 7 1
t 167 23
m0 5 8
1 9 0
2 7 4
3 8 1
t 166 23
m0 5 8
1 9 1
2 7 3
3 7 1
t 165 23
m0 4 8
1 9 2
2 7 4
3 7 0
t 164 23
m0 4 7
1 9 1
2 7 5
3 6 0
t 163 23
m0 3 7
1 9 0
2 7 4
3 7 0
t 162 23
m0 3 7
1 9 1
2 7 5
3 6 0
t 161 23
m0 3 7
1 9 0
2 6 5
3 7 0
t 160 23
m0 3 7
1 9 1
2 7 5
3 6 0
t 159 23
m0 2 7
1 9 0
2 6 5
3 7 0
t 158 23
m0 2 7
1 9 1
2 7 5
3 6 0
t 157 23
m0 2 7
1 9 0
2 7 4
3 7 0
t 156 23
m0 2 7
1 9 1
2 7 5
3 6 0
t 155 23
m0 2 7
1 9 2
2 7 4
3 7 0
t 154 23
m0 3 7
1 9 3
2 7 3
3 6 0
t 153 23
m0 2 7
1 9 2
2 8 3
3 7 0
t 152 23
m0 2 7
1 9 1
2 9 3
3 6 0
t 151 23
m0 3 7
1 9 0
2 9 2
3 7 0
t 150 23
m0 2 7
1 9 1
2 9 3
3 6 0
t 149 23
m0 3 7
1 9 0
2 9 2
3 7 0
t 148 23
m0 2 7
1 9 1
2 9 3
3 6 0
t 147 23
m0 3 7
1 8 1
2 9 2
3 7 0
t 146 23
m0 4 7
1 9 1
2 9 1
3 6 0
t 145 23
m0 4 6
1 9 2
2 8 1
3 7 0
t 144 23
m0 4 6
1 9 3
2 7 1
3 6 0
t 143 23
m0 4 7
1 9 2
2 7 2
3 7 0
t 142 23
m0 3 7
1 9 1
2 7 1
3 6 0
t 141 23
m0 4 7
1 9 0
2 8 1
3 7 0
t 140 23
m0 4 8
1 9 1
2 7 1
3 6 0
t 139 23
m0 5 8
1 9 0
2 7 2
3 7 0
t 138 23
m0 5 9
1 9 1
2 7 3
3 6 0
t 137 23
m0 5 9
1 9 0
2 7 2
3 7 0
t 136 23
m0 5 8
1 9 1
2 7 1
3 6 0
t 135 23
m0 5 8
1 8 1
2 6 1
3 7 0
t 134 23
m0 6 8
1 9 1
2 7 1
3 6 0
t 133 23
m0 5 8
1 9 0
2 7 2
3 7 0
t 132 23
m0 5 9
1 9 1
2 7 3
3 6 0
t 131 23
m0 6 9
1 9 2
2 7 2
3 7 0
t 130 23
m0 5 9
1 9 3
2 7 1
3 6 0
t 129 23
m0 5 9
1 8 3
2 7 0
3 6 1
t 128 23
m0 6 9
1 9 3
2 6 0
3 7 1
t 127 23
m0 6 9
1 9 2
2 6 1
3 8 1
t 126 23
m0 6 8
1 9 3
2 7 1
3 9 1
t 125 23
m0 6 9
1 9 2
2 8 1
3 9 0
t 124 23
m0 6 10
1 9 1
2 7 1
3 9 1
t 123 23
m0 6 10
1 9 2
2 7 0
3 9 0
t 122 23
m0 6 9
1 9 1
2 6 0
3 9 1
t 121 23
m0 6 8
1 9 0
2 7 0
3 8 1
t 120 23
m0 7 8
1 9 1
2 7 1
3 9 1
t 119 23
m0 7 8
1 9 0
2 6 1
3 8 1
t 118 23
m0 6 8
1 9 1
2 5 1
3 7 1
t 117 23
m0 7 8
1 9 0
2 6 1
3 8 1
t 116 23
m0 6 8
1 9 1
2 7 1
3 9 1
t 115 23
m0 6 8
1 9 0
2 8 1
3 9 2
t 114 23
m0 5 8
1 9 1
2 7 1
3 9 3
t 113 23
m0 6 8
1 9 2
2 7 2
3 8 3
t 112 23
m0 6 8
1 9 1
2 7 3
3 9 3
t 111 23
m0 6 9
1 9 0
2 7 2
3 9 2
t 110 23
m0 6 8
1 9 1
2 7 1
3 9 3
t 109 23
m0 5 8
1 9 0
2 6 1
3 9 2
t 108 23
m0 6 8
1 9 1
2 6 0
3 9 3
t 107 23
m0 6 9
1 8 1
2 6 1
3 9 2
t 106 23
m0 5 9
1 9 1
2 6 0
3 9 3
t 105 23
m0 5 8
1 9 2
2 7 0
3 8 3
t 104 23
m0 6 8
1 9 1
2 7 1
3 9 3
t 103 23
m0 7 8
1 9 0
2 6 1
3 9 2
t 102 23
m0 7 7
1 9 1
2 6 0
3 9 3
t 101 23
m0 8 7
1 9 2
2 6 1
3 8 3
t 100 24
m0 8 7
1 9 1
2 5 1
3 7 3
t 99 24
m0 8 6
1 9 0
2 5 2
3 8 3
t 98 25
m0 8 5
1 9 1
2 5 3
3 9 3
t 97 26
m0 8 4
1 9 0
2 6 3
3 9 2
t 96 27
m0 7 4
1 9 1
2 5 3
3 9 3
t 95 27
m0 8 4
1 9 0
2 6 3
3 9 2
t 94 27
m0 8 3
1 9 1
2 5 3
3 9 3
t 93 28
m0 -5 -5
1 9 1
2 5 3
3 9 3
t 92 28
