10
15
w 5 9
w 6 9
w 7 3
w 8 13
w 9 1
w 2 8
w 9 8
w 7 7
w 2 1
w 1 6
w 0 10
w 9 4
w 2 12
w 5 1
w 3 14
w 4 0
w 6 14
w 7 6
w 4 4
w 0 11
w 0 4
w 9 7
w 5 4
w 1 13
w 8 11
w 2 10
w 6 12
w 9 6
w 4 11
w 5 3
w 7 9
w 9 13
w 4 6
w 5 7
w 0 13
w 3 8
w 7 4
p 4 8
p 5 6
p 3 0
p 7 12
p 3 11
p 0 7
p 4 12
p 3 7
p 0 3
p 1 2
p 8 14
p 9 0
p 4 9
p 5 5
p 2 9
p 3 10
p 6 10
p 1 14
p 6 3
p 1 5
p 3 6
p 2 2
p 1 10
p 7 10
p 4 1
p 6 4
p 0 0
p 9 14
p 8 2
p 3 13
p 6 11
p 5 11
p 4 5
p 5 2
p 6 0
p 1 4
p 9 10
p 7 5
p 3 9
p 8 7
p 4 2
p 6 5
p 2 7
p 8 3
p 5 10
p 1 12
p 8 12
p 9 2
p 3 1
p 2 11
p 4 3
p 0 9
p 9 5
p 3 4
p 2 4
p 8 4
m0 0 14
1 9 0
2 9 0
3 9 0
t 300 0
m0 0 14
1 8 0
2 8 0
3 8 0
f 7 11
t 299 0
m0 1 14
1 9 0
2 9 0
3 9 0
t 298 1
m0 1 14
1 8 0
2 8 0
3 8 0
t 297 1
m0 2 14
1 9 0
2 9 0
3 9 0
t 296 1
m0 1 14
1 8 0
2 8 0
3 8 0
t 295 1
m0 2 14
1 9 0
2 9 0
3 9 0
t 294 1
m0 2 13
1 8 0
2 8 0
3 8 0
t 293 1
m0 2 13
1 9 0
2 9 0
3 9 0
t 292 1
m0 2 14
1 8 0
2 8 0
3 8 0
t 291 1
m0 1 14
1 9 0
2 9 0
3 9 0
t 290 1
m0 1 14
1 8 0
2 8 0
3 8 0
t 289 1
m0 1 14
1 9 0
2 9 0
3 9 0
t 288 1
m0 2 14
1 8 0
2 8 0
3 8 0
t 287 1
m0 2 14
1 9 0
2 9 0
3 9 0
t 286 1
m0 2 14
1 8 0
2 8 0
3 8 0
t 285 1
m0 1 14
1 9 0
2 9 0
3 9 0
t 284 1
m0 2 14
1 8 0
2 8 0
3 8 0
t 283 1
m0 2 14
1 9 0
2 9 0
3 9 0
t 282 1
m0 2 13
1 8 0
2 8 0
3 8 0
t 281 1
m0 2 13
1 9 0
2 9 0
3 9 0
t 280 1
m0 3 13
1 8 0
2 8 0
3 8 0
t 279 2
m0 4 13
1 9 0
2 9 0
3 9 0
t 278 2
m0 4 14
1 8 0
2 8 0
3 8 0
t 277 2
m0 4 14
1 9 0
2 9 0
3 9 0
t 276 2
m0 4 13
1 8 0
2 8 0
3 8 0
t 275 2
m0 4 13
1 9 0
2 9 0
3 9 0
t 274 2
m0 4 13
1 8 0
2 8 0
3 8 0
t 273 2
m0 5 13
1 9 0
2 9 0
3 9 0
t 272 2
m0 5 12
1 8 0
2 8 0
3 8 0
t 271 2
m0 5 12
1 9 0
2 9 0
3 9 0
t 270 2
m0 4 12
1 8 0
2 8 0
3 8 0
t 269 3
m0 5 12
1 9 0
2 9 0
3 9 0
t 268 3
m0 5 11
1 8 0
2 8 0
3 8 0
t 267 4
m0 5 11
1 9 0
2 9 0
3 9 0
t 266 4
m0 5 11
1 8 0
2 8 0
3 8 0
t 265 4
m0 6 11
1 9 0
2 9 0
3 9 0
t 264 5
m0 7 11
1 8 0
2 8 0
3 8 0
t 263 15
m0 6 11
1 9 0
2 9 0
3 9 0
t 262 15
m0 5 11
1 8 0
2 8 0
3 8 0
t 261 15
m0 5 11
1 9 0
2 9 0
3 9 0
f 1 1
t 260 15
m0 5 11
1 8 0
2 8 0
3 8 0
t 259 15
m0 5 11
1 9 0
2 9 0
3 9 0
t 258 15
m0 5 11
1 8 0
2 8 0
3 8 0
t 257 15
m0 5 10
1 9 0
2 9 0
3 9 0
t 256 16
m0 5 11
1 8 0
2 8 0
3 8 0
t 255 16
m0 5 12
1 9 0
2 9 0
3 9 0
t 254 16
m0 5 11
1 8 0
2 8 0
3 8 0
t 253 16
m0 6 11
1 9 0
2 9 0
3 9 0
t 252 16
m0 5 11
1 8 0
2 8 0
3 8 0
t 251 16
m0 5 12
1 9 0
2 9 0
3 9 0
t 250 16
m0 5 13
1 8 0
2 8 0
3 8 0
t 249 16
m0 4 13
1 9 0
2 9 0
3 9 0
t 248 16
m0 4 14
1 8 0
2 8 0
3 8 0
t 247 16
m0 5 14
1 9 0
2 9 0
3 9 0
t 246 16
m0 4 14
1 8 0
2 8 0
3 8 0
t 245 16
m0 5 14
1 9 0
2 9 0
3 9 0
t 244 16
m0 5 14
1 8 0
2 8 0
3 8 0
t 243 16
m0 5 13
1 9 0
2 9 0
3 9 0
t 242 16
m0 5 13
1 8 0
2 8 0
3 8 0
t 241 16
m0 4 13
1 9 0
2 9 0
3 9 0
t 240 16
m0 3 13
1 8 0
2 8 0
3 8 0
t 239 16
m0 3 12
1 9 0
2 9 0
3 9 0
t 238 16
m0 4 12
1 8 0
2 8 0
3 8 0
t 237 16
m0 4 12
1 9 0
2 9 0
3 9 0
t 236 16
m0 3 12
1 8 0
2 8 0
3 8 0
t 235 16
m0 4 12
1 9 0
2 9 0
3 9 0
t 234 16
m0 4 12
1 8 0
2 8 0
3 8 0
t 233 16
m0 5 12
1 9 0
2 9 0
3 9 0
t 232 16
m0 4 12
1 8 0
2 8 0
3 8 0
t 231 16
m0 4 12
1 9 0
2 9 0
3 9 0
t 230 16
m0 4 13
1 8 0
2 8 0
3 8 0
t 229 16
m0 3 13
1 9 0
2 9 0
3 9 0
t 228 16
m0 2 13
1 8 0
2 8 0
3 8 0
t 227 16
m0 2 14
1 9 0
2 9 0
3 9 0
t 226 16
m0 2 13
1 8 0
2 8 0
3 8 0
t 225 16
m0 2 13
1 9 0
2 9 0
3 9 0
t 224 16
m0 3 13
1 8 0
2 8 0
3 8 0
t 223 16
m0 3 13
1 9 0
2 9 0
3 9 0
t 222 16
m0 3 13
1 8 0
2 8 0
3 8 0
t 221 16
m0 2 13
1 9 0
2 9 0
3 9 0
t 220 16
m0 2 13
1 8 0
2 8 0
3 8 0
t 219 16
m0 2 14
1 9 0
2 9 0
3 9 0
t 218 16
m0 1 14
1 8 0
2 8 0
3 8 0
t 217 16
m0 0 14
1 9 0
2 9 0
3 9 0
t 216 16
m0 1 14
1 8 0
2 8 0
3 8 0
t 215 16
m0 2 14
1 9 0
2 9 0
3 9 0
t 214 16
m0 1 14
1 8 0
2 8 0
3 8 0
t 213 16
m0 1 14
1 9 0
2 9 0
3 9 0
t 212 16
m0 1 14
1 8 0
2 8 0
3 8 0
t 211 16
m0 0 14
1 9 0
2 9 0
3 9 0
t 210 16
m0 1 14
1 8 0
2 8 0
3 8 0
t 209 16
m0 0 14
1 9 0
2 9 0
3 9 0
t 208 16
m0 0 14
1 8 0
2 8 0
3 8 0
t 207 16
m0 0 14
1 9 0
2 9 0
3 9 0
t 206 16
m0 0 14
1 8 0
2 8 0
3 8 0
t 205 16
m0 1 14
1 9 0
2 9 0
3 9 0
t 204 16
m0 1 14
1 8 0
2 8 0
3 8 0
t 203 16
m0 0 14
1 9 0
2 9 0
3 9 0
t 202 16
m0 1 14
1 8 0
2 8 0
3 8 0
t 201 16
m0 0 14
1 9 0
2 9 0
3 9 0
t 200 16
m0 0 14
1 8 0
2 8 0
3 8 0
t 199 16
m0 0 14
1 9 0
2 9 0
3 9 0
t 198 16
m0 1 14
1 8 0
2 8 0
3 8 0
t 197 16
m0 0 14
1 9 0
2 9 0
3 9 0
t 196 16
m0 1 14
1 8 0
2 8 0
3 8 0
t 195 16
m0 2 14
1 9 0
2 9 0
3 9 0
t 194 16
m0 2 13
1 8 0
2 8 0
3 8 0
t 193 16
m0 3 13
1 9 0
2 9 0
3 9 0
t 192 16
m0 3 13
1 8 0
2 8 0
3 8 0
t 191 16
m0 3 12
1 9 0
2 9 0
3 9 0
t 190 16
m0 3 13
1 8 0
2 8 0
3 8 0
t 189 16
m0 2 13
1 9 0
2 9 0
3 9 0
t 188 16
m0 2 13
1 8 0
2 8 0
3 8 0
t 187 16
m0 3 13
1 9 0
2 9 0
3 9 0
t 186 16
m0 3 12
1 8 0
2 8 0
3 8 0
t 185 16
m0 4 12
1 9 0
2 9 0
3 9 0
t 184 16
m0 4 12
1 8 0
2 8 0
3 8 0
t 183 16
m0 3 12
1 9 0
2 9 0
3 9 0
t 182 16
m0 4 12
1 8 0
2 8 0
3 8 0
t 181 16
m0 4 12
1 9 0
2 9 0
3 9 0
t 180 16
m0 4 13
1 8 0
2 8 0
3 8 0
t 179 16
m0 3 13
1 9 0
2 9 0
3 9 0
t 178 16
m0 3 13
1 8 0
2 8 0
3 8 0
t 177 16
m0 3 13
1 9 0
2 9 0
3 9 0
t 176 16
m0 2 13
1 8 0
2 8 0
3 8 0
t 175 16
m0 2 14
1 9 0
2 9 0
3 9 0
t 174 16
m0 2 13
1 8 0
2 8 0
3 8 0
t 173 16
m0 2 13
1 9 0
2 9 0
3 9 0
t 172 16
m0 3 13
1 8 0
2 8 0
3 8 0
t 171 16
m0 4 13
1 9 0
2 9 0
3 9 0
t 170 16
m0 3 13
1 8 0
2 8 0
3 8 0
t 169 16
m0 2 13
1 9 0
2 9 0
3 9 0
t 168 16
m0 2 14
1 8 0
2 8 0
3 8 0
t 167 16
m0 2 14
1 9 0
2 9 0
3 9 0
t 166 16
m0 2 14
1 8 0
2 8 0
3 8 0
t 165 16
m0 1 14
1 9 0
2 9 0
3 9 0
t 164 16
m0 0 14
1 8 0
2 8 0
3 8 0
t 163 16
m0 0 14
1 9 0
2 9 0
3 9 0
t 162 16
m0 0 14
1 8 0
2 8 0
3 8 0
t 161 16
m0 0 14
1 9 0
2 9 0
3 9 0
t 160 16
m0 1 14
1 8 0
2 8 0
3 8 0
t 159 16
m0 0 14
1 9 0
2 9 0
3 9 0
t 158 16
m0 1 14
1 8 0
2 8 0
3 8 0
t 157 16
m0 2 14
1 9 0
2 9 0
3 9 0
t 156 16
m0 2 13
1 8 0
2 8 0
3 8 0
t 155 16
m0 2 13
1 9 0
2 9 0
3 9 0
t 154 16
m0 2 14
1 8 0
2 8 0
3 8 0
t 153 16
m0 2 14
1 9 0
2 9 0
3 9 0
t 152 16
m0 1 14
1 8 0
2 8 0
3 8 0
t 151 16
m0 2 14
1 9 0
2 9 0
3 9 0
t 150 16
m0 2 14
1 8 0
2 8 0
3 8 0
t 149 16
m0 1 14
1 9 0
2 9 0
3 9 0
t 148 16
m0 1 14
1 8 0
2 8 0
3 8 0
t 147 16
m0 2 14
1 9 0
2 9 0
3 9 0
t 146 16
m0 1 14
1 8 0
2 8 0
3 8 0
t 145 16
m0 2 14
1 9 0
2 9 0
3 9 0
t 144 16
m0 1 14
1 8 0
2 8 0
3 8 0
t 143 16
m0 0 14
1 9 0
2 9 0
3 9 0
t 142 16
m0 0 14
1 8 0
2 8 0
3 8 0
t 141 16
m0 0 14
1 9 0
2 9 0
3 9 0
t 140 16
m0 0 14
1 8 0
2 8 0
3 8 0
t 139 16
m0 0 14
1 9 0
2 9 0
3 9 0
t 138 16
m0 1 14
1 8 0
2 8 0
3 8 0
t 137 16
m0 1 14
1 9 0
2 9 0
3 9 0
t 136 16
m0 2 14
1 8 0
2 8 0
3 8 0
t 135 16
m0 2 13
1 9 0
2 9 0
3 9 0
t 134 16
m0 2 13
1 8 0
2 8 0
3 8 0
t 133 16
m0 2 13
1 9 0
2 9 0
3 9 0
t 132 16
m0 2 14
1 8 0
2 8 0
3 8 0
t 131 16
m0 2 14
1 9 0
2 9 0
3 9 0
t 130 16
m0 2 14
1 8 0
2 8 0
3 8 0
t 129 16
m0 1 14
1 9 0
2 9 0
3 9 0
t 128 16
m0 2 14
1 8 0
2 8 0
3 8 0
t 127 16
m0 1 14
1 9 0
2 9 0
3 9 0
t 126 16
m0 1 14
1 8 0
2 8 0
3 8 0
t 125 16
m0 1 14
1 9 0
2 9 0
3 9 0
t 124 16
m0 1 14
1 8 0
2 8 0
3 8 0
t 123 16
m0 0 14
1 9 0
2 9 0
3 9 0
t 122 16
m0 0 14
1 8 0
2 8 0
3 8 0
t 121 16
m0 0 14
1 9 0
2 9 0
3 9 0
t 120 16
m0 0 14
1 8 0
2 8 0
3 8 0
t 119 16
m0 0 14
1 9 0
2 9 0
3 9 0
t 118 16
m0 0 14
1 8 0
2 8 0
3 8 0
t 117 16
m0 1 14
1 9 0
2 9 0
3 9 0
t 116 16
m0 2 14
1 8 0
2 8 0
3 8 0
t 115 16
m0 2 13
1 9 0
2 9 0
3 9 0
t 114 16
m0 2 14
1 8 0
2 8 0
3 8 0
t 113 16
m0 2 13
1 9 0
2 9 0
3 9 0
t 112 16
m0 2 13
1 8 0
2 8 0
3 8 0
t 111 16
m0 2 13
1 9 0
2 9 0
3 9 0
t 110 16
m0 3 13
1 8 0
2 8 0
3 8 0
t 109 16
m0 2 13
1 9 0
2 9 0
3 9 0
t 108 16
m0 3 13
1 8 0
2 8 0
3 8 0
t 107 16
m0 2 13
1 9 0
2 9 0
3 9 0
t 106 16
m0 2 13
1 8 0
2 8 0
3 8 0
t 105 16
m0 2 13
1 9 0
2 9 0
3 9 0
t 104 16
m0 3 13
1 8 0
2 8 0
3 8 0
t 103 16
m0 3 12
1 9 0
2 9 0
3 9 0
t 102 16
m0 3 11
1 8 0
2 8 0
3 8 0
t 101 17
m0 3 11
1 9 0
2 9 0
3 9 0
t 100 17
m0 3 10
1 8 0
2 8 0
3 8 0
t 99 18
m0 3 10
1 9 0
2 9 0
3 9 0
t 98 18
m0 4 10
1 8 0
2 8 0
3 8 0
t 97 18
m0 5 10
1 9 0
2 9 0
3 9 0
t 96 18
m0 5 10
1 8 0
2 8 0
3 8 0
t 95 18
m0 5 11
1 9 0
2 9 0
3 9 0
t 94 18
m0 5 11
1 8 0
2 8 0
3 8 0
t 93 18
m0 5 11
1 9 0
2 9 0
3 9 0
t 92 18
m0 5 10
1 8 0
2 8 0
3 8 0
t 91 18
m0 5 11
1 9 0
2 9 0
3 9 0
t 90 18
m0 6 11
1 8 0
2 8 0
3 8 0
t 89 18
m0 5 11
1 9 0
2 9 0
3 9 0
t 88 18
m0 5 10
1 8 0
2 8 0
3 8 0
t 87 18
m0 4 10
1 9 0
2 9 0
3 9 0
t 86 18
m0 4 9
1 8 0
2 8 0
3 8 0
t 85 19
m0 4 10
1 9 0
2 9 0
3 9 0
t 84 19
m0 4 9
1 8 0
2 8 0
3 8 0
t 83 19
m0 4 9
1 9 0
2 9 0
3 9 0
t 82 19
m0 3 9
1 8 0
2 8 0
3 8 0
t 81 20
m0 4 9
1 9 0
2 9 0
3 9 0
t 80 20
m0 4 8
1 8 0
2 8 0
3 8 0
t 79 21
m0 4 7
1 9 0
2 9 0
3 9 0
t 78 21
m0 3 7
1 8 0
2 8 0
3 8 0
t 77 22
m0 2 7
1 9 0
2 9 0
3 9 0
t 76 23
m0 1 7
1 8 0
2 8 0
3 8 0
t 75 23
m0 1 7
1 9 0
2 9 0
3 9 0
t 74 23
m0 1 7
1 8 0
2 8 0
3 8 0
t 73 23
m0 0 7
1 9 0
2 9 0
3 9 0
t 72 24
m0 0 6
1 8 0
2 8 0
3 8 0
t 71 24
m0 0 6
1 9 0
2 9 0
3 9 0
t 70 24
m0 0 5
1 8 0
2 8 0
3 8 0
t 69 24
m0 0 5
1 9 0
2 9 0
3 9 0
t 68 24
m0 0 5
1 8 0
2 8 0
3 8 0
t 67 24
m0 1 5
1 9 0
2 9 0
3 9 0
t 66 25
m0 1 4
1 8 0
2 8 0
3 8 0
t 65 26
m0 1 3
1 9 0
2 9 0
3 9 0
t 64 26
m0 1 2
1 8 0
2 8 0
3 8 0
t 63 27
m0 1 1
1 9 0
2 9 0
3 9 0
t 62 37
m0 0 1
1 8 0
2 8 0
3 8 0
t 61 37
m0 0 2
1 9 0
2 9 0
3 9 0
t 60 37
m0 0 3
1 8 0
2 8 0
3 8 0
t 59 38
m0 0 3
1 9 0
2 9 0
3 9 0
f 3 10
t 58 38
m0 0 3
1 8 0
2 8 0
3 8 0
t 57 38
m0 0 2
1 9 0
2 9 0
3 9 0
t 56 38
m0 0 3
1 8 0
2 8 0
3 8 0
t 55 38
m0 0 3
1 9 0
2 9 0
3 9 0
t 54 38
m0 0 3
1 8 0
2 8 0
3 8 0
t 53 38
m0 1 3
1 9 0
2 9 0
3 9 0
t 52 38
m0 2 3
1 8 0
2 8 0
3 8 0
t 51 38
m0 2 4
1 9 0
2 9 0
3 9 0
t 50 39
m0 1 4
1 8 0
2 8 0
3 8 0
t 49 39
m0 1 5
1 9 0
2 9 0
3 9 0
t 48 39
m0 2 5
1 8 0
2 8 0
3 8 0
t 47 39
m0 1 5
1 9 0
2 9 0
3 9 0
t 46 39
m0 1 5
1 8 0
2 8 0
3 8 0
t 45 39
m0 2 5
1 9 0
2 9 0
3 9 0
t 44 39
m0 2 6
1 8 0
2 8 0
3 8 0
t 43 39
m0 2 7
1 9 0
2 9 0
3 9 0
t 42 39
m0 2 7
1 8 0
2 8 0
3 8 0
t 41 39
m0 2 7
1 9 0
2 9 0
3 9 0
t 40 39
m0 3 7
1 8 0
2 8 0
3 8 0
t 39 39
m0 3 7
1 9 0
2 9 0
3 9 0
t 38 39
m0 2 7
1 8 0
2 8 0
3 8 0
t 37 39
m0 3 7
1 9 0
2 9 0
3 9 0
t 36 39
m0 3 7
1 8 0
2 8 0
3 8 0
t 35 39
m0 3 7
1 9 0
2 9 0
3 9 0
t 34 39
m0 4 7
1 8 0
2 8 0
3 8 0
t 33 39
m0 3 7
1 9 0
2 9 0
3 9 0
t 32 39
m0 4 7
1 8 0
2 8 0
3 8 0
t 31 39
m0 3 7
1 9 0
2 9 0
3 9 0
t 30 39
m0 4 7
1 8 0
2 8 0
3 8 0
t 29 39
m0 4 7
1 9 0
2 9 0
3 9 0
t 28 39
m0 3 7
1 8 0
2 8 0
3 8 0
t 27 39
m0 2 7
1 9 0
2 9 0
3 9 0
t 26 39
m0 3 7
1 8 0
2 8 0
3 8 0
t 25 39
m0 2 7
1 9 0
2 9 0
3 9 0
t 24 39
m0 3 7
1 8 0
2 8 0
3 8 0
t 23 39
m0 3 7
1 9 0
2 9 0
3 9 0
t 22 39
m0 2 7
1 8 0
2 8 0
3 8 0
t 21 39
m0 3 7
1 9 0
2 9 0
3 9 0
t 20 39
m0 3 7
1 8 0
2 8 0
3 8 0
t 19 39
m0 3 7
1 9 0
2 9 0
3 9 0
t 18 39
m0 4 7
1 8 0
2 8 0
3 8 0
t 17 39
m0 3 7
1 9 0
2 9 0
3 9 0
t 16 39
m0 4 7
1 8 0
2 8 0
3 8 0
t 15 39
m0 4 8
1 9 0
2 9 0
3 9 0
t 14 39
m0 5 8
1 8 0
2 8 0
3 8 0
t 13 39
m0 6 8
1 9 0
2 9 0
3 9 0
t 12 39
m0 7 8
1 8 0
2 8 0
3 8 0
t 11 39
m0 6 8
1 9 0
2 9 0
3 9 0
t 10 39
m0 7 8
1 8 0
2 8 0
3 8 0
t 9 39
m0 6 8
1 9 0
2 9 0
3 9 0
t 8 39
m0 6 8
1 8 0
2 8 0
3 8 0
t 7 39
m0 5 8
1 9 0
2 9 0
3 9 0
t 6 39
m0 5 8
1 8 0
2 8 0
3 8 0
t 5 39
m0 4 8
1 9 0
2 9 0
3 9 0
t 4 39
m0 4 8
1 8 0
2 8 0
3 8 0
t 3 39
m0 4 9
1 9 0
2 9 0
3 9 0
t 2 39
m0 4 10
1 8 0
2 8 0
3 8 0
t 1 39
m0 3 10
1 8 0
2 8 0
3 8 0
t 0 49
