10
15
w 6 9
w 4 8
w 3 0
w 2 8
w 5 6
w 4 12
w 2 12
w 5 1
w 1 2
w 8 14
w 5 5
w 3 3
w 7 6
w 6 10
w 5 12
w 6 3
w 2 2
w 0 4
w 3 4
w 9 7
w 3 2
w 2 6
w 7 14
w 0 0
w 7 1
w 8 11
w 4 2
w 8 3
w 0 13
w 5 14
w 2 0
w 4 3
w 1 7
w 0 9
w 7 8
w 9 12
w 8 4
p 4 7
p 1 3
p 8 13
p 0 2
p 9 8
p 8 0
p 7 7
p 0 7
p 3 11
p 8 9
p 1 6
p 0 10
p 9 4
p 3 7
p 2 5
p 3 14
p 5 8
p 6 14
p 9 0
p 4 9
p 8 1
p 3 10
p 4 4
p 1 14
p 8 10
p 4 13
p 5 0
p 1 1
p 4 10
p 5 4
p 4 5
p 4 14
p 6 0
p 0 12
p 9 10
p 3 9
p 2 3
p 7 5
p 8 7
p 6 12
p 1 0
p 4 11
p 5 3
p 2 7
p 9 13
p 5 10
p 8 12
p 6 1
p 5 7
p 9 9
p 7 4
p 3 8
p 1 8
p 6 13
p 5 2
p 2 4
m0 0 14
1 9 0
2 9 0
3 9 0
t 300 0
m0 1 14
1 8 0
2 8 0
3 8 0
t 299 1
m0 1 13
1 9 0
2 9 0
3 9 0
t 298 1
m0 1 14
1 8 0
2 8 0
3 8 0
t 297 1
m0 2 14
1 9 0
2 9 0
3 9 0
t 296 1
m0 1 14
1 8 0
2 8 0
3 8 0
t 295 1
m0 1 14
1 9 0
2 9 0
3 9 0
t 294 1
m0 0 14
1 8 0
2 8 0
3 8 0
t 293 1
m0 0 14
1 9 0
2 9 0
3 9 0
t 292 1
m0 1 14
1 8 0
2 8 0
3 8 0
t 291 1
m0 0 14
1 9 0
2 9 0
3 9 0
t 290 1
m0 1 14
1 8 0
2 8 0
3 8 0
t 289 1
m0 1 13
1 9 0
2 9 0
3 9 0
t 288 1
m0 1 12
1 8 0
2 8 0
3 8 0
t 287 1
m0 1 12
1 9 0
2 9 0
3 9 0
t 286 1
m0 0 12
1 8 0
2 8 0
3 8 0
t 285 2
m0 1 12
1 9 0
2 9 0
3 9 0
t 284 2
m0 1 12
1 8 0
2 8 0
3 8 0
t 283 2
m0 1 12
1 9 0
2 9 0
3 9 0
t 282 2
m0 1 11
1 8 0
2 8 0
3 8 0
t 281 2
m0 1 12
1 9 0
2 9 0
3 9 0
t 280 2
m0 1 11
1 8 0
2 8 0
3 8 0
t 279 2
m0 1 10
1 9 0
2 9 0
3 9 0
t 278 2
m0 2 10
1 8 0
2 8 0
3 8 0
t 277 2
m0 2 10
1 9 0
2 9 0
3 9 0
t 276 2
m0 2 9
1 8 0
2 8 0
3 8 0
t 275 2
m0 1 9
1 9 0
2 9 0
3 9 0
t 274 2
m0 1 9
1 8 0
2 8 0
3 8 0
t 273 2
m0 1 10
1 9 0
2 9 0
3 9 0
t 272 2
m0 1 9
1 8 0
2 8 0
3 8 0
t 271 2
m0 1 9
1 9 0
2 9 0
3 9 0
t 270 2
m0 1 10
1 8 0
2 8 0
3 8 0
t 269 2
m0 1 9
1 9 0
2 9 0
3 9 0
t 268 2
m0 1 8
1 8 0
2 8 0
3 8 0
t 267 3
m0 1 9
1 9 0
2 9 0
3 9 0
t 266 3
m0 1 10
1 8 0
2 8 0
3 8 0
t 265 3
m0 1 10
1 9 0
2 9 0
3 9 0
t 264 3
m0 1 11
1 8 0
2 8 0
3 8 0
t 263 3
m0 1 11
1 9 0
2 9 0
3 9 0
t 262 3
m0 2 11
1 8 0
2 8 0
3 8 0
t 261 3
m0 1 11
1 9 0
2 9 0
3 9 0
t 260 3
m0 2 11
1 8 0
2 8 0
3 8 0
t 259 3
m0 3 11
1 9 0
2 9 0
3 9 0
t 258 4
m0 3 11
1 8 0
2 8 0
3 8 0
t 257 4
m0 2 11
1 9 0
2 9 0
3 9 0
t 256 4
m0 3 11
1 8 0
2 8 0
3 8 0
t 255 4
m0 3 10
1 9 0
2 9 0
3 9 0
t 254 5
m0 4 10
1 8 0
2 8 0
3 8 0
t 253 6
m0 4 11
1 9 0
2 9 0
3 9 0
t 252 7
m0 5 11
1 8 0
2 8 0
3 8 0
t 251 7
m0 5 11
1 9 0
2 9 0
3 9 0
t 250 7
m0 5 10
1 8 0
2 8 0
3 8 0
t 249 8
m0 5 10
1 9 0
2 9 0
3 9 0
t 248 8
m0 5 10
1 8 0
2 8 0
3 8 0
t 247 8
m0 5 10
1 9 0
2 9 0
3 9 0
t 246 8
m0 5 9
1 8 0
2 8 0
3 8 0
t 245 8
m0 4 9
1 9 0
2 9 0
3 9 0
t 244 9
m0 5 9
1 8 0
2 8 0
3 8 0
t 243 9
m0 5 10
1 9 0
2 9 0
3 9 0
t 242 9
m0 4 10
1 8 0
2 8 0
3 8 0
t 241 9
m0 3 10
1 9 0
2 9 0
3 9 0
t 240 9
m0 3 9
1 8 0
2 8 0
3 8 0
t 239 10
m0 4 9
1 9 0
2 9 0
3 9 0
t 238 10
m0 4 9
1 8 0
2 8 0
3 8 0
t 237 10
m0 4 10
1 9 0
2 9 0
3 9 0
t 236 10
m0 5 10
1 8 0
2 8 0
3 8 0
t 235 10
m0 5 9
1 9 0
2 9 0
3 9 0
t 234 10
m0 5 10
1 8 0
2 8 0
3 8 0
t 233 10
m0 5 9
1 9 0
2 9 0
3 9 0
t 232 10
m0 4 9
1 8 0
2 8 0
3 8 0
t 231 10
m0 4 9
1 9 0
2 9 0
3 9 0
t 230 10
m0 3 9
1 8 0
2 8 0
3 8 0
t 229 10
m0 3 8
1 9 0
2 9 0
3 9 0
t 228 11
m0 3 7
1 8 0
2 8 0
3 8 0
t 227 12
m0 3 7
1 9 0
2 9 0
3 9 0
t 226 12
m0 3 8
1 8 0
2 8 0
3 8 0
t 225 12
m0 3 9
1 9 0
2 9 0
3 9 0
t 224 12
m0 4 9
1 8 0
2 8 0
3 8 0
t 223 12
m0 5 9
1 9 0
2 9 0
3 9 0
t 222 12
m0 5 9
1 8 0
2 8 0
3 8 0
t 221 12
m0 5 8
1 9 0
2 9 0
3 9 0
t 220 13
m0 5 9
1 8 0
2 8 0
3 8 0
t 219 13
m0 5 9
1 9 0
2 9 0
3 9 0
t 218 13
m0 5 9
1 8 0
2 8 0
3 8 0
t 217 13
m0 5 8
1 9 0
2 9 0
3 9 0
t 216 13
m0 5 7
1 8 0
2 8 0
3 8 0
t 215 14
m0 5 7
1 9 0
2 9 0
3 9 0
t 214 14
m0 4 7
1 8 0
2 8 0
3 8 0
t 213 15
m0 3 7
1 9 0
2 9 0
3 9 0
t 212 15
m0 3 6
1 8 0
2 8 0
3 8 0
t 211 15
m0 3 5
1 9 0
2 9 0
3 9 0
t 210 15
m0 2 5
1 8 0
2 8 0
3 8 0
t 209 16
m0 1 5
1 9 0
2 9 0
3 9 0
t 208 16
m0 1 6
1 8 0
2 8 0
3 8 0
t 207 17
m0 1 6
1 9 0
2 9 0
3 9 0
t 206 17
m0 1 5
1 8 0
2 8 0
3 8 0
t 205 17
m0 1 4
1 9 0
2 9 0
3 9 0
t 204 17
m0 2 4
1 8 0
2 8 0
3 8 0
t 203 18
m0 2 3
1 9 0
2 9 0
3 9 0
t 202 19
m0 2 4
1 8 0
2 8 0
3 8 0
t 201 19
m0 2 4
1 9 0
2 9 0
3 9 0
t 200 19
m0 2 3
1 8 0
2 8 0
3 8 0
t 199 19
m0 1 3
1 9 0
2 9 0
3 9 0
t 198 20
m0 1 3
1 8 0
2 8 0
3 8 0
t 197 20
m0 1 3
1 9 0
2 9 0
3 9 0
t 196 20
m0 1 3
1 8 0
2 8 0
3 8 0
t 195 20
m0 1 4
1 9 0
2 9 0
3 9 0
t 194 20
m0 1 3
1 8 0
2 8 0
3 8 0
t 193 20
m0 0 3
1 9 0
2 9 0
3 9 0
t 192 20
m0 0 2
1 8 0
2 8 0
3 8 0
t 191 21
m0 0 1
1 9 0
2 9 0
3 9 0
t 190 21
m0 0 2
1 8 0
2 8 0
3 8 0
t 189 21
m0 0 1
1 9 0
2 9 0
3 9 0
t 188 21
m0 1 1
1 8 0
2 8 0
3 8 0
t 187 22
m0 1 1
1 9 0
2 9 0
3 9 0
t 186 22
m0 0 1
1 8 0
2 8 0
3 8 0
t 185 22
m0 0 2
1 9 0
2 9 0
3 9 0
t 184 22
m0 0 1
1 8 0
2 8 0
3 8 0
t 183 22
m0 1 1
1 9 0
2 9 0
3 9 0
t 182 22
m0 1 1
1 8 0
2 8 0
3 8 0
t 181 22
m0 1 1
1 9 0
2 9 0
3 9 0
t 180 22
m0 2 1
1 8 0
2 8 0
3 8 0
t 179 22
m0 3 1
1 9 0
2 9 0
3 9 0
t 178 22
m0 2 1
1 8 0
2 8 0
3 8 0
t 177 22
m0 1 1
1 9 0
2 9 0
3 9 0
t 176 22
m0 1 1
1 8 0
2 8 0
3 8 0
t 175 22
m0 2 1
1 9 0
2 9 0
3 9 0
t 174 22
m0 1 1
1 8 0
2 8 0
3 8 0
t 173 22
m0 1 0
1 9 0
2 9 0
3 9 0
t 172 23
m0 1 1
1 8 0
2 8 0
3 8 0
t 171 23
m0 1 1
1 9 0
2 9 0
3 9 0
t 170 23
m0 0 1
1 8 0
2 8 0
3 8 0
t 169 23
m0 1 1
1 9 0
2 9 0
3 9 0
t 168 23
m0 2 1
1 8 0
2 8 0
3 8 0
t 167 23
m0 2 1
1 9 0
2 9 0
3 9 0
t 166 23
m0 3 1
1 8 0
2 8 0
3 8 0
t 165 23
m0 2 1
1 9 0
2 9 0
3 9 0
t 164 23
m0 3 1
1 8 0
2 8 0
3 8 0
t 163 23
m0 3 1
1 9 0
2 9 0
3 9 0
t 162 23
m0 3 1
1 8 0
2 8 0
3 8 0
t 161 23
m0 2 1
1 9 0
2 9 0
3 9 0
t 160 23
m0 1 1
1 8 0
2 8 0
3 8 0
t 159 23
m0 1 1
1 9 0
2 9 0
3 9 0
t 158 23
m0 2 1
1 8 0
2 8 0
3 8 0
t 157 23
m0 1 1
1 9 0
2 9 0
3 9 0
t 156 23
m0 2 1
1 8 0
2 8 0
3 8 0
t 155 23
m0 1 1
1 9 0
2 9 0
3 9 0
t 154 23
m0 1 0
1 8 0
2 8 0
3 8 0
f 6 5
t 153 23
m0 1 0
1 9 0
2 9 0
3 9 0
t 152 23
m0 1 1
1 8 0
2 8 0
3 8 0
t 151 23
m0 1 0
1 9 0
2 9 0
3 9 0
t 150 23
m0 1 0
1 8 0
2 8 0
3 8 0
t 149 23
m0 1 0
1 9 0
2 9 0
3 9 0
t 148 23
m0 1 0
1 8 0
2 8 0
3 8 0
t 147 23
m0 1 0
1 9 0
2 9 0
3 9 0
t 146 23
m0 1 0
1 8 0
2 8 0
3 8 0
t 145 23
m0 1 0
1 9 0
2 9 0
3 9 0
t 144 23
m0 1 1
1 8 0
2 8 0
3 8 0
t 143 23
m0 1 1
1 9 0
2 9 0
3 9 0
t 142 23
m0 0 1
1 8 0
2 8 0
3 8 0
t 141 23
m0 1 1
1 9 0
2 9 0
3 9 0
t 140 23
m0 1 0
1 8 0
2 8 0
3 8 0
t 139 23
m0 1 1
1 9 0
2 9 0
3 9 0
t 138 23
m0 1 0
1 8 0
2 8 0
3 8 0
t 137 23
m0 1 0
1 9 0
2 9 0
3 9 0
t 136 23
m0 1 0
1 8 0
2 8 0
3 8 0
t 135 23
m0 1 1
1 9 0
2 9 0
3 9 0
t 134 23
m0 0 1
1 8 0
2 8 0
3 8 0
t 133 23
m0 0 1
1 9 0
2 9 0
3 9 0
t 132 23
m0 0 1
1 8 0
2 8 0
3 8 0
t 131 23
m0 1 1
1 9 0
2 9 0
3 9 0
t 130 23
m0 1 0
1 8 0
2 8 0
3 8 0
t 129 23
m0 1 0
1 9 0
2 9 0
3 9 0
t 128 23
m0 1 0
1 8 0
2 8 0
3 8 0
t 127 23
m0 1 1
1 9 0
2 9 0
3 9 0
t 126 23
m0 2 1
1 8 0
2 8 0
3 8 0
t 125 23
m0 3 1
1 9 0
2 9 0
3 9 0
t 124 23
m0 3 1
1 8 0
2 8 0
3 8 0
t 123 23
m0 2 1
1 9 0
2 9 0
3 9 0
t 122 23
m0 3 1
1 8 0
2 8 0
3 8 0
t 121 23
m0 2 1
1 9 0
2 9 0
3 9 0
t 120 23
m0 3 1
1 8 0
2 8 0
3 8 0
t 119 23
m0 2 1
1 9 0
2 9 0
3 9 0
t 118 23
m0 3 1
1 8 0
2 8 0
3 8 0
t 117 23
m0 3 1
1 9 0
2 9 0
3 9 0
t 116 23
m0 4 1
1 8 0
2 8 0
3 8 0
t 115 23
m0 4 0
1 9 0
2 9 0
3 9 0
t 114 23
m0 4 1
1 8 0
2 8 0
3 8 0
t 113 23
m0 4 0
1 9 0
2 9 0
3 9 0
t 112 23
m0 4 0
1 8 0
2 8 0
3 8 0
t 111 23
m0 5 0
1 9 0
2 9 0
3 9 0
t 110 24
m0 5 0
1 8 0
2 8 0
3 8 0
t 109 24
m0 4 0
1 9 0
2 9 0
3 9 0
t 108 24
m0 4 1
1 8 0
2 8 0
3 8 0
t 107 24
m0 4 0
1 9 0
2 9 0
3 9 0
t 106 24
m0 4 0
1 8 0
2 8 0
3 8 0
t 105 24
m0 5 0
1 9 0
2 9 0
3 9 0
t 104 24
m0 6 0
1 8 0
2 8 0
3 8 0
t 103 25
m0 7 0
1 9 0
2 9 0
3 9 0
t 102 25
m0 -5 -5
1 8 0
2 8 0
3 8 0
t 101 26
