10
15
w 7 3
w 8 13
w 2 8
w 0 2
w 5 13
w 2 1
w 9 4
w 5 8
w 3 14
w 6 7
w 5 5
w 8 1
w 7 6
w 5 12
w 8 10
w 5 0
w 1 10
w 4 10
w 0 0
w 2 6
w 4 5
w 6 11
w 2 10
w 2 3
w 4 2
w 0 1
w 3 12
w 9 2
w 0 13
w 2 0
w 1 8
w 8 8
w 6 13
w 4 3
w 5 2
w 2 4
w 9 12
p 5 9
p 6 9
p 9 1
p 4 8
p 3 0
p 5 6
p 7 7
p 4 12
p 6 2
p 3 7
p 0 3
p 1 11
p 8 5
p 7 2
p 6 10
p 1 14
p 2 13
p 9 11
p 3 6
p 0 4
p 8 6
p 1 1
p 6 4
p 7 14
p 8 2
p 3 13
p 1 13
p 8 11
p 9 3
p 6 0
p 0 12
p 7 5
p 3 9
p 1 9
p 0 5
p 6 12
p 9 6
p 4 11
p 7 9
p 6 5
p 3 5
p 5 3
p 9 13
p 7 0
p 6 8
p 4 6
p 8 12
p 1 12
p 7 8
p 6 1
p 5 7
p 7 13
p 0 9
p 9 5
p 3 4
p 8 4
m0 0 14
1 9 0
2 9 0
3 9 0
t 300 0
m0 1 14
1 8 0
2 8 0
3 8 0
t 299 1
m0 1 13
1 9 0
2 9 0
3 9 0
t 298 2
m0 1 14
1 8 0
2 8 0
3 8 0
t 297 2
m0 0 14
1 9 0
2 9 0
3 9 0
t 296 2
m0 0 14
1 8 0
2 8 0
3 8 0
t 295 2
m0 1 14
1 9 0
2 9 0
3 9 0
t 294 2
m0 1 14
1 8 0
2 8 0
3 8 0
t 293 2
m0 1 14
1 9 0
2 9 0
3 9 0
t 292 2
m0 1 13
1 8 0
2 8 0
3 8 0
t 291 2
m0 1 13
1 9 0
2 9 0
3 9 0
t 290 2
m0 1 13
1 8 0
2 8 0
3 8 0
t 289 2
m0 1 14
1 9 0
2 9 0
3 9 0
t 288 2
m0 1 13
1 8 0
2 8 0
3 8 0
t 287 2
m0 1 13
1 9 0
2 9 0
3 9 0
t 286 2
m0 1 13
1 8 0
2 8 0
3 8 0
t 285 2
m0 1 14
1 9 0
2 9 0
3 9 0
t 284 2
m0 1 14
1 8 0
2 8 0
3 8 0
t 283 2
m0 1 14
1 9 0
2 9 0
3 9 0
t 282 2
m0 1 14
1 8 0
2 8 0
3 8 0
t 281 2
m0 1 13
1 9 0
2 9 0
3 9 0
t 280 2
m0 2 13
1 8 0
2 8 0
3 8 0
t 279 3
m0 2 13
1 9 0
2 9 0
3 9 0
t 278 3
m0 3 13
1 8 0
2 8 0
3 8 0
t 277 4
m0 2 13
1 9 0
2 9 0
3 9 0
t 276 4
m0 3 13
1 8 0
2 8 0
3 8 0
t 275 4
m0 3 13
1 9 0
2 9 0
3 9 0
t 274 4
m0 3 13
1 8 0
2 8 0
3 8 0
t 273 4
m0 4 13
1 9 0
2 9 0
3 9 0
t 272 4
m0 4 12
1 8 0
2 8 0
3 8 0
t 271 5
m0 4 13
1 9 0
2 9 0
3 9 0
t 270 5
m0 3 13
1 8 0
2 8 0
3 8 0
t 269 5
m0 3 13
1 9 0
2 9 0
3 9 0
t 268 5
m0 2 13
1 8 0
2 8 0
3 8 0
t 267 5
m0 2 13
1 9 0
2 9 0
3 9 0
t 266 5
m0 3 13
1 8 0
2 8 0
3 8 0
t 265 5
m0 3 13
1 9 0
2 9 0
3 9 0
t 264 5
m0 4 13
1 8 0
2 8 0
3 8 0
f 2 13
t 263 5
m0 4 13
1 9 0
2 9 0
3 9 0
t 262 5
m0 4 13
1 8 0
2 8 0
3 8 0
t 261 5
m0 4 12
1 9 0
2 9 0
3 9 0
t 260 5
m0 4 12
1 8 0
2 8 0
3 8 0
t 259 5
m0 4 12
1 9 0
2 9 0
3 9 0
t 258 5
m0 4 11
1 8 0
2 8 0
3 8 0
t 257 6
m0 4 12
1 9 0
2 9 0
3 9 0
t 256 6
m0 4 11
1 8 0
2 8 0
3 8 0
t 255 6
m0 4 11
1 9 0
2 9 0
3 9 0
t 254 6
m0 4 11
1 8 0
2 8 0
3 8 0
t 253 6
m0 3 11
1 9 0
2 9 0
3 9 0
t 252 6
m0 3 11
1 8 0
2 8 0
3 8 0
t 251 6
m0 2 11
1 9 0
2 9 0
3 9 0
t 250 6
m0 3 11
1 8 0
2 8 0
3 8 0
t 249 6
m0 3 10
1 9 0
2 9 0
3 9 0
t 248 6
m0 3 10
1 8 0
2 8 0
3 8 0
t 247 6
m0 3 10
1 9 0
2 9 0
3 9 0
t 246 6
m0 3 9
1 8 0
2 8 0
3 8 0
t 245 7
m0 4 9
1 9 0
2 9 0
3 9 0
t 244 7
m0 5 9
1 8 0
2 8 0
3 8 0
t 243 8
m0 6 9
1 9 0
2 9 0
3 9 0
t 242 9
m0 6 9
1 8 0
2 8 0
3 8 0
t 241 9
m0 6 9
1 9 0
2 9 0
3 9 0
t 240 9
m0 5 9
1 8 0
2 8 0
3 8 0
t 239 9
m0 4 9
1 9 0
2 9 0
3 9 0
t 238 9
m0 5 9
1 8 0
2 8 0
3 8 0
t 237 9
m0 6 9
1 9 0
2 9 0
3 9 0
t 236 9
m0 7 9
1 8 0
2 8 0
3 8 0
t 235 10
m0 7 9
1 9 0
2 9 0
3 9 0
t 234 10
m0 8 9
1 8 0
2 8 0
3 8 0
t 233 10
m0 8 9
1 9 0
2 9 0
3 9 0
t 232 10
m0 8 9
1 8 0
2 8 0
3 8 0
t 231 10
m0 9 9
1 7 0
2 7 0
3 7 0
t 230 10
m0 8 9
1 6 0
2 6 0
3 6 0
t 229 10
m0 8 9
1 7 0
2 7 0
3 7 0
t 228 10
m0 9 9
1 6 0
2 6 0
3 6 0
t 227 10
m0 8 9
1 7 0
2 7 0
3 7 0
t 226 10
m0 9 9
1 6 0
2 6 0
3 6 0
t 225 10
m0 9 10
1 7 0
2 7 0
3 7 0
t 224 10
m0 9 9
1 6 0
2 6 0
3 6 0
t 223 10
m0 9 9
1 7 0
2 7 0
3 7 0
t 222 10
m0 8 9
1 6 0
2 6 0
3 6 0
t 221 10
m0 9 9
1 7 0
2 7 0
3 7 0
t 220 10
m0 9 10
1 6 0
2 6 0
3 6 0
t 219 10
m0 9 10
1 7 0
2 7 0
3 7 0
t 218 10
m0 9 10
1 6 0
2 6 0
3 6 0
t 217 10
m0 9 10
1 7 0
2 7 0
3 7 0
t 216 10
m0 9 10
1 6 0
2 6 0
3 6 0
t 215 10
m0 9 9
1 7 0
2 7 0
3 7 0
t 214 10
m0 8 9
1 6 0
2 6 0
3 6 0
t 213 10
m0 9 9
1 7 0
2 7 0
3 7 0
t 212 10
m0 9 8
1 6 0
2 6 0
3 6 0
t 211 10
m0 9 9
1 7 0
2 7 0
3 7 0
t 210 10
m0 8 9
1 6 0
2 6 0
3 6 0
t 209 10
m0 7 9
1 7 0
2 7 0
3 7 0
t 208 10
m0 8 9
1 6 0
2 6 0
3 6 0
t 207 10
m0 8 9
1 7 0
2 7 0
3 7 0
t 206 10
m0 9 9
1 6 0
2 6 0
3 6 0
t 205 10
m0 9 9
1 7 0
2 7 0
3 7 0
t 204 10
m0 9 8
1 6 0
2 6 0
3 6 0
t 203 10
m0 9 9
1 7 0
2 7 0
3 7 0
t 202 10
m0 9 8
1 6 0
2 6 0
3 6 0
t 201 10
m0 9 7
1 7 0
2 7 0
3 7 0
t 200 10
m0 9 8
1 6 0
2 6 0
3 6 0
t 199 10
m0 9 7
1 7 0
2 7 0
3 7 0
t 198 10
m0 9 7
1 6 0
2 6 0
3 6 0
t 197 10
m0 8 7
1 7 0
2 7 0
3 7 0
t 196 10
m0 9 7
1 6 0
2 6 0
3 6 0
t 195 10
m0 9 8
1 7 0
2 7 0
3 7 0
t 194 10
m0 9 7
1 6 0
2 6 0
3 6 0
t 193 10
m0 8 7
1 7 0
2 7 0
3 7 0
t 192 10
m0 8 6
1 6 0
2 6 0
3 6 0
t 191 11
m0 8 6
1 7 0
2 7 0
3 7 0
t 190 11
m0 9 6
1 6 0
2 6 0
3 6 0
t 189 12
m0 9 7
1 7 0
2 7 0
3 7 0
t 188 12
m0 9 6
1 6 0
2 6 0
3 6 0
t 187 12
m0 9 5
1 7 0
2 7 0
3 7 0
t 186 13
m0 9 5
1 6 0
2 6 0
3 6 0
t 185 13
m0 9 6
1 7 0
2 7 0
3 7 0
t 184 13
m0 9 7
1 6 0
2 6 0
3 6 0
t 183 13
m0 9 8
1 7 0
2 7 0
3 7 0
t 182 13
m0 9 8
1 6 0
2 6 0
3 6 0
t 181 13
m0 9 9
1 7 0
2 7 0
3 7 0
t 180 13
m0 9 9
1 6 0
2 6 0
3 6 0
t 179 13
m0 9 9
1 7 0
2 7 0
3 7 0
t 178 13
m0 9 10
1 6 0
2 6 0
3 6 0
t 177 13
m0 9 10
1 7 0
2 7 0
3 7 0
t 176 13
m0 9 9
1 6 0
2 6 0
3 6 0
t 175 13
m0 8 9
1 7 0
2 7 0
3 7 0
t 174 13
m0 9 9
1 6 0
2 6 0
3 6 0
t 173 13
m0 9 8
1 7 0
2 7 0
3 7 0
t 172 13
m0 9 9
1 6 0
2 6 0
3 6 0
t 171 13
m0 8 9
1 7 0
2 7 0
3 7 0
t 170 13
m0 9 9
1 6 0
2 6 0
3 6 0
t 169 13
m0 8 9
1 7 0
2 7 0
3 7 0
t 168 13
m0 7 9
1 8 0
2 8 0
3 8 0
t 167 13
m0 7 10
1 9 0
2 9 0
3 9 0
t 166 13
m0 7 11
1 8 0
2 8 0
3 8 0
t 165 13
m0 8 11
1 9 0
2 9 0
3 9 0
t 164 14
m0 8 12
1 8 0
2 8 0
3 8 0
t 163 15
m0 8 12
1 9 0
2 9 0
3 9 0
t 162 15
m0 8 12
1 8 0
2 8 0
3 8 0
t 161 15
m0 8 12
1 9 0
2 9 0
3 9 0
t 160 15
m0 8 11
1 8 0
2 8 0
3 8 0
t 159 15
m0 8 12
1 9 0
2 9 0
3 9 0
t 158 15
m0 8 12
1 8 0
2 8 0
3 8 0
t 157 15
m0 8 11
1 9 0
2 9 0
3 9 0
t 156 15
m0 8 11
1 8 0
2 8 0
3 8 0
t 155 15
m0 7 11
1 9 0
2 9 0
3 9 0
t 154 15
m0 8 11
1 8 0
2 8 0
3 8 0
t 153 15
m0 8 11
1 9 0
2 9 0
3 9 0
t 152 15
m0 8 11
1 8 0
2 8 0
3 8 0
t 151 15
m0 7 11
1 9 0
2 9 0
3 9 0
t 150 15
m0 8 11
1 8 0
2 8 0
3 8 0
t 149 15
m0 9 11
1 7 0
2 7 0
3 7 0
t 148 16
m0 8 11
1 6 0
2 6 0
3 6 0
t 147 16
m0 9 11
1 7 0
2 7 0
3 7 0
t 146 16
m0 8 11
1 6 0
2 6 0
3 6 0
t 145 16
m0 8 12
1 7 0
2 7 0
3 7 0
t 144 16
m0 8 11
1 6 0
2 6 0
3 6 0
t 143 16
m0 9 11
1 7 0
2 7 0
3 7 0
t 142 16
m0 9 11
1 6 0
2 6 0
3 6 0
t 141 16
m0 9 10
1 7 0
2 7 0
3 7 0
t 140 16
m0 9 10
1 6 0
2 6 0
3 6 0
t 139 16
m0 9 11
1 7 0
2 7 0
3 7 0
t 138 16
m0 9 11
1 6 0
2 6 0
3 6 0
t 137 16
m0 9 10
1 7 0
2 7 0
3 7 0
t 136 16
m0 9 10
1 6 0
2 6 0
3 6 0
t 135 16
m0 9 11
1 7 0
2 7 0
3 7 0
t 134 16
m0 9 11
1 6 0
2 6 0
3 6 0
t 133 16
m0 9 11
1 7 0
2 7 0
3 7 0
t 132 16
m0 9 11
1 6 0
2 6 0
3 6 0
t 131 16
m0 9 10
1 7 0
2 7 0
3 7 0
t 130 16
m0 9 10
1 6 0
2 6 0
3 6 0
t 129 16
m0 9 10
1 7 0
2 7 0
3 7 0
t 128 16
m0 9 10
1 6 0
2 6 0
3 6 0
t 127 16
m0 9 11
1 7 0
2 7 0
3 7 0
t 126 16
m0 9 11
1 6 0
2 6 0
3 6 0
t 125 16
m0 9 11
1 7 0
2 7 0
3 7 0
t 124 16
m0 9 10
1 6 0
2 6 0
3 6 0
t 123 16
m0 9 9
1 7 0
2 7 0
3 7 0
t 122 16
m0 9 9
1 6 0
2 6 0
3 6 0
t 121 16
m0 9 10
1 7 0
2 7 0
3 7 0
t 120 16
m0 9 10
1 6 0
2 6 0
3 6 0
t 119 16
m0 9 9
1 7 0
2 7 0
3 7 0
t 118 16
m0 9 10
1 6 0
2 6 0
3 6 0
t 117 16
m0 9 11
1 7 0
2 7 0
3 7 0
t 116 16
m0 9 10
1 6 0
2 6 0
3 6 0
t 115 16
m0 9 9
1 7 0
2 7 0
3 7 0
t 114 16
m0 9 8
1 6 0
2 6 0
3 6 0
t 113 16
m0 9 9
1 7 0
2 7 0
3 7 0
t 112 16
m0 8 9
1 6 0
2 6 0
3 6 0
t 111 16
m0 8 9
1 7 0
2 7 0
3 7 0
t 110 16
m0 9 9
1 6 0
2 6 0
3 6 0
t 109 16
m0 8 9
1 7 0
2 7 0
3 7 0
t 108 16
m0 7 9
1 8 0
2 8 0
3 8 0
t 107 16
m0 7 9
1 9 0
2 9 0
3 9 0
t 106 16
m0 7 8
1 8 0
2 8 0
3 8 0
t 105 17
m0 7 8
1 9 0
2 9 0
3 9 0
t 104 17
m0 7 7
1 8 0
2 8 0
3 8 0
t 103 18
m0 7 8
1 9 0
2 9 0
3 9 0
t 102 18
m0 6 8
1 8 0
2 8 0
3 8 0
t 101 19
m0 7 8
1 9 0
2 9 0
3 9 0
t 100 19
m0 6 8
1 8 0
2 8 0
3 8 0
t 99 19
m0 6 9
1 9 0
2 9 0
3 9 0
t 98 19
m0 7 9
1 8 0
2 8 0
3 8 0
t 97 19
m0 7 8
1 9 0
2 9 0
3 9 0
t 96 19
m0 7 7
1 8 0
2 8 0
3 8 0
t 95 19
m0 8 7
1 9 0
2 9 0
3 9 0
t 94 19
m0 8 7
1 8 0
2 8 0
3 8 0
t 93 19
m0 8 6
1 9 0
2 9 0
3 9 0
t 92 19
m0 9 6
1 8 0
2 8 0
3 8 0
t 91 19
m0 9 6
1 7 0
2 7 0
3 7 0
t 90 19
m0 9 6
1 6 0
2 6 0
3 6 0
t 89 19
m0 9 7
1 7 0
2 7 0
3 7 0
t 88 19
m0 9 6
1 6 0
2 6 0
3 6 0
t 87 19
m0 9 6
1 7 0
2 7 0
3 7 0
t 86 19
m0 9 7
1 6 0
2 6 0
3 6 0
t 85 19
m0 9 7
1 7 0
2 7 0
3 7 0
t 84 19
m0 9 6
1 6 0
2 6 0
3 6 0
t 83 19
m0 8 6
1 7 0
2 7 0
3 7 0
t 82 19
m0 8 5
1 6 0
2 6 0
3 6 0
t 81 20
m0 8 4
1 7 0
2 7 0
3 7 0
t 80 21
m0 8 4
1 6 0
2 6 0
3 6 0
t 79 21
m0 8 4
1 7 0
2 7 0
3 7 0
t 78 21
m0 8 3
1 6 0
2 6 0
3 6 0
t 77 21
m0 8 2
1 7 0
2 7 0
3 7 0
t 76 22
m0 7 2
1 8 0
2 8 0
3 8 0
t 75 23
m0 6 2
1 9 0
2 9 0
3 9 0
t 74 24
m0 7 2
1 8 0
2 8 0
3 8 0
t 73 24
m0 8 2
1 9 0
2 9 0
3 9 0
t 72 24
m0 8 2
1 8 0
2 8 0
3 8 0
t 71 24
m0 8 2
1 9 0
2 9 0
3 9 0
t 70 24
m0 8 3
1 8 0
2 8 0
3 8 0
t 69 24
m0 8 2
1 9 0
2 9 0
3 9 0
t 68 24
m0 8 3
1 8 0
2 8 0
3 8 0
t 67 24
m0 8 2
1 9 0
2 9 0
3 9 0
t 66 24
m0 7 2
1 8 0
2 8 0
3 8 0
t 65 24
m0 8 2
1 9 0
2 9 0
3 9 0
t 64 24
m0 8 2
1 8 0
2 8 0
3 8 0
t 63 24
m0 8 2
1 9 0
2 9 0
3 9 0
t 62 24
m0 8 3
1 8 0
2 8 0
3 8 0
t 61 24
m0 9 3
1 7 0
2 7 0
3 7 0
t 60 25
m0 8 3
1 6 0
2 6 0
3 6 0
t 59 25
m0 8 4
1 7 0
2 7 0
3 7 0
t 58 25
m0 8 3
1 6 0
2 6 0
3 6 0
t 57 25
m0 8 4
1 7 0
2 7 0
3 7 0
t 56 25
m0 8 4
1 6 0
2 6 0
3 6 0
t 55 25
m0 8 5
1 7 0
2 7 0
3 7 0
t 54 25
m0 8 5
1 6 0
2 6 0
3 6 0
t 53 25
m0 8 6
1 7 0
2 7 0
3 7 0
t 52 25
m0 8 5
1 6 0
2 6 0
3 6 0
t 51 25
m0 8 4
1 7 0
2 7 0
3 7 0
t 50 25
m0 8 3
1 6 0
2 6 0
3 6 0
t 49 25
m0 8 2
1 7 0
2 7 0
3 7 0
t 48 25
m0 8 2
1 6 0
2 6 0
3 6 0
t 47 25
m0 8 2
1 7 0
2 7 0
3 7 0
t 46 25
m0 7 2
1 8 0
2 8 0
3 8 0
t 45 25
m0 8 2
1 9 0
2 9 0
3 9 0
t 44 25
m0 8 3
1 8 0
2 8 0
3 8 0
t 43 25
m0 9 3
1 7 0
2 7 0
3 7 0
t 42 25
m0 8 3
1 6 0
2 6 0
3 6 0
t 41 25
m0 8 4
1 7 0
2 7 0
3 7 0
t 40 25
m0 8 5
1 6 0
2 6 0
3 6 0
t 39 25
m0 8 4
1 7 0
2 7 0
3 7 0
t 38 25
m0 8 4
1 6 0
2 6 0
3 6 0
t 37 25
m0 7 4
1 7 0
2 7 0
3 7 0
t 36 25
m0 8 4
1 6 0
2 6 0
3 6 0
t 35 25
m0 7 4
1 7 0
2 7 0
3 7 0
t 34 25
m0 7 5
1 8 0
2 8 0
3 8 0
t 33 26
m0 6 5
1 9 0
2 9 0
3 9 0
t 32 27
m0 6 6
1 8 0
2 8 0
3 8 0
t 31 27
m0 6 5
1 9 0
2 9 0
3 9 0
t 30 27
m0 7 5
1 8 0
2 8 0
3 8 0
t 29 27
m0 7 5
1 9 0
2 9 0
3 9 0
t 28 27
m0 7 5
1 8 0
2 8 0
3 8 0
t 27 27
m0 8 5
1 9 0
2 9 0
3 9 0
t 26 27
m0 9 5
1 8 0
2 8 0
3 8 0
t 25 27
m0 8 5
1 9 0
2 9 0
3 9 0
t 24 27
m0 8 4
1 8 0
2 8 0
3 8 0
t 23 27
m0 8 3
1 9 0
2 9 0
3 9 0
t 22 27
m0 8 2
1 8 0
2 8 0
3 8 0
t 21 27
m0 8 3
1 9 0
2 9 0
3 9 0
t 20 27
m0 8 2
1 8 0
2 8 0
3 8 0
t 19 27
m0 7 2
1 9 0
2 9 0
3 9 0
t 18 27
m0 7 1
1 8 0
2 8 0
3 8 0
t 17 27
m0 7 1
1 9 0
2 9 0
3 9 0
t 16 27
m0 7 0
1 9 1
2 9 1
3 9 1
t 15 28
m0 7 1
1 9 0
2 9 0
3 9 0
t 14 28
m0 6 1
1 8 0
2 8 0
3 8 0
t 13 29
m0 6 0
1 9 0
2 9 0
3 9 0
t 12 30
m0 7 0
1 9 1
2 9 1
3 9 1
t 11 30
m0 7 1
1 9 0
2 9 0
3 9 0
t 10 30
m0 6 1
1 8 0
2 8 0
3 8 0
t 9 30
m0 5 1
1 9 0
2 9 0
3 9 0
t 8 30
m0 5 1
1 8 0
2 8 0
3 8 0
t 7 30
m0 6 1
1 9 0
2 9 0
3 9 0
t 6 30
m0 7 1
1 8 0
2 8 0
3 8 0
t 5 30
m0 7 1
1 9 0
2 9 0
3 9 0
t 4 30
m0 7 2
1 8 0
2 8 0
3 8 0
t 3 30
m0 6 2
1 9 0
2 9 0
3 9 0
t 2 30
m0 7 2
1 8 0
2 8 0
3 8 0
t 1 30
m0 6 2
1 8 0
2 8 0
3 8 0
t 0 30
