10
15
w 5 9
w 9 1
w 4 8
w 2 8
w 9 8
w 3 11
w 7 7
w 0 7
w 6 2
w 7 11
w 8 5
w 7 2
w 5 8
w 6 14
w 4 9
w 3 3
w 7 6
w 8 10
w 4 13
w 3 6
w 2 2
w 8 6
w 0 0
w 9 14
w 1 13
w 9 3
w 2 10
w 7 5
w 0 5
w 1 9
w 4 2
w 3 12
w 4 6
w 7 13
w 7 4
w 3 4
w 2 4
p 7 3
p 4 7
p 1 3
p 6 9
p 6 6
p 8 0
p 2 1
p 8 9
p 4 12
p 1 6
p 2 12
p 5 1
p 3 7
p 2 5
p 1 11
p 1 2
p 6 7
p 5 5
p 2 9
p 5 12
p 6 10
p 1 5
p 2 13
p 9 11
p 5 0
p 1 10
p 4 10
p 5 4
p 7 14
p 3 13
p 6 11
p 8 11
p 5 2
p 6 0
p 1 4
p 8 7
p 1 0
p 0 8
p 6 5
p 3 5
p 0 1
p 9 13
p 8 3
p 4 11
p 5 10
p 6 8
p 1 12
p 9 2
p 6 1
p 5 7
p 2 11
p 0 6
p 1 8
p 8 8
p 7 8
p 0 2
m0 0 14
1 9 0
2 9 0
3 9 0
t 300 0
m0 1 14
1 8 0
2 8 0
3 8 0
t 299 0
m0 2 14
1 9 0
2 9 0
3 9 0
t 298 0
m0 2 14
1 8 0
2 8 0
3 8 0
t 297 0
m0 1 14
1 9 0
2 9 0
3 9 0
t 296 0
m0 0 14
1 8 0
2 8 0
3 8 0
t 295 0
m0 0 14
1 9 0
2 9 0
3 9 0
t 294 0
m0 1 14
1 8 0
2 8 0
3 8 0
t 293 0
m0 1 14
1 9 0
2 9 0
3 9 0
t 292 0
m0 2 14
1 8 0
2 8 0
3 8 0
t 291 0
m0 2 13
1 9 0
2 9 0
3 9 0
t 290 1
m0 2 13
1 8 0
2 8 0
3 8 0
t 289 1
m0 2 14
1 9 0
2 9 0
3 9 0
t 288 1
m0 2 13
1 8 0
2 8 0
3 8 0
t 287 1
m0 2 12
1 9 0
2 9 0
3 9 0
t 286 2
m0 2 12
1 8 0
2 8 0
3 8 0
t 285 2
m0 2 11
1 9 0
2 9 0
3 9 0
t 284 3
m0 1 11
1 8 0
2 8 0
3 8 0
f 0 13
t 283 4
m0 1 12
1 9 0
2 9 0
3 9 0
t 282 5
m0 0 12
1 8 0
2 8 0
3 8 0
t 281 5
m0 0 12
1 9 0
2 9 0
3 9 0
t 280 5
m0 0 11
1 8 0
2 8 0
3 8 0
t 279 5
m0 1 11
1 9 0
2 9 0
3 9 0
t 278 5
m0 0 11
1 8 0
2 8 0
3 8 0
t 277 5
m0 0 12
1 9 0
2 9 0
3 9 0
t 276 5
m0 0 11
1 8 0
2 8 0
3 8 0
t 275 5
m0 0 12
1 9 0
2 9 0
3 9 0
t 274 5
m0 0 11
1 8 0
2 8 0
3 8 0
t 273 5
m0 0 11
1 9 0
2 9 0
3 9 0
t 272 5
m0 0 12
1 8 0
2 8 0
3 8 0
t 271 5
m0 0 13
1 9 0
2 9 0
3 9 0
t 270 15
m0 0 12
1 8 0
2 8 0
3 8 0
t 269 15
m0 0 12
1 9 0
2 9 0
3 9 0
t 268 15
m0 1 12
1 8 0
2 8 0
3 8 0
t 267 15
m0 0 12
1 9 0
2 9 0
3 9 0
t 266 15
m0 0 11
1 8 0
2 8 0
3 8 0
t 265 15
m0 0 11
1 9 0
2 9 0
3 9 0
t 264 15
m0 0 11
1 8 0
2 8 0
3 8 0
t 263 15
m0 0 10
1 9 0
2 9 0
3 9 0
t 262 15
m0 0 9
1 8 0
2 8 0
3 8 0
t 261 15
m0 0 8
1 9 0
2 9 0
3 9 0
t 260 16
m0 0 8
1 8 0
2 8 0
3 8 0
t 259 16
m0 0 8
1 9 0
2 9 0
3 9 0
t 258 16
m0 0 8
1 8 0
2 8 0
3 8 0
t 257 16
m0 0 8
1 9 0
2 9 0
3 9 0
t 256 16
m0 0 9
1 8 0
2 8 0
3 8 0
t 255 16
m0 0 9
1 9 0
2 9 0
3 9 0
t 254 16
m0 0 10
1 8 0
2 8 0
3 8 0
t 253 16
m0 0 9
1 9 0
2 9 0
3 9 0
t 252 16
m0 0 9
1 8 0
2 8 0
3 8 0
t 251 16
m0 0 10
1 9 0
2 9 0
3 9 0
t 250 16
m0 1 10
1 8 0
2 8 0
3 8 0
t 249 17
m0 0 10
1 9 0
2 9 0
3 9 0
t 248 17
m0 0 11
1 8 0
2 8 0
3 8 0
t 247 17
m0 0 11
1 9 0
2 9 0
3 9 0
t 246 17
m0 0 11
1 8 0
2 8 0
3 8 0
t 245 17
m0 0 11
1 9 0
2 9 0
3 9 0
t 244 17
m0 0 10
1 8 0
2 8 0
3 8 0
t 243 17
m0 0 10
1 9 0
2 9 0
3 9 0
t 242 17
m0 0 9
1 8 0
2 8 0
3 8 0
t 241 17
m0 0 10
1 9 0
2 9 0
3 9 0
t 240 17
m0 0 11
1 8 0
2 8 0
3 8 0
t 239 17
m0 0 11
1 9 0
2 9 0
3 9 0
t 238 17
m0 0 11
1 8 0
2 8 0
3 8 0
t 237 17
m0 1 11
1 9 0
2 9 0
3 9 0
t 236 17
m0 1 11
1 8 0
2 8 0
3 8 0
t 235 17
m0 1 11
1 9 0
2 9 0
3 9 0
t 234 17
m0 0 11
1 8 0
2 8 0
3 8 0
t 233 17
m0 0 12
1 9 0
2 9 0
3 9 0
t 232 17
m0 0 12
1 8 0
2 8 0
3 8 0
t 231 17
m0 0 11
1 9 0
2 9 0
3 9 0
t 230 17
m0 0 10
1 8 0
2 8 0
3 8 0
t 229 17
m0 0 9
1 9 0
2 9 0
3 9 0
t 228 17
m0 0 10
1 8 0
2 8 0
3 8 0
t 227 17
m0 0 9
1 9 0
2 9 0
3 9 0
t 226 17
m0 0 10
1 8 0
2 8 0
3 8 0
t 225 17
m0 0 11
1 9 0
2 9 0
3 9 0
t 224 17
m0 0 11
1 8 0
2 8 0
3 8 0
t 223 17
m0 0 10
1 9 0
2 9 0
3 9 0
t 222 17
m0 0 9
1 8 0
2 8 0
3 8 0
t 221 17
m0 0 9
1 9 0
2 9 0
3 9 0
t 220 17
m0 0 9
1 8 0
2 8 0
3 8 0
t 219 17
m0 0 8
1 9 0
2 9 0
3 9 0
t 218 17
m0 0 9
1 8 0
2 8 0
3 8 0
t 217 17
m0 0 9
1 9 0
2 9 0
3 9 0
t 216 17
m0 0 8
1 8 0
2 8 0
3 8 0
t 215 17
m0 1 8
1 9 0
2 9 0
3 9 0
t 214 18
m0 0 8
1 8 0
2 8 0
3 8 0
t 213 18
m0 0 8
1 9 0
2 9 0
3 9 0
t 212 18
m0 0 9
1 8 0
2 8 0
3 8 0
t 211 18
m0 0 9
1 9 0
2 9 0
3 9 0
t 210 18
m0 0 10
1 8 0
2 8 0
3 8 0
t 209 18
m0 0 10
1 9 0
2 9 0
3 9 0
t 208 18
m0 0 9
1 8 0
2 8 0
3 8 0
t 207 18
m0 0 10
1 9 0
2 9 0
3 9 0
t 206 18
m0 0 9
1 8 0
2 8 0
3 8 0
t 205 18
m0 0 8
1 9 0
2 9 0
3 9 0
t 204 18
m0 0 9
1 8 0
2 8 0
3 8 0
t 203 18
m0 0 8
1 9 0
2 9 0
3 9 0
t 202 18
m0 0 9
1 8 0
2 8 0
3 8 0
t 201 18
m0 0 8
1 9 0
2 9 0
3 9 0
t 200 18
m0 0 9
1 8 0
2 8 0
3 8 0
t 199 18
m0 0 8
1 9 0
2 9 0
3 9 0
t 198 18
m0 0 8
1 8 0
2 8 0
3 8 0
t 197 18
m0 0 9
1 9 0
2 9 0
3 9 0
t 196 18
m0 0 8
1 8 0
2 8 0
3 8 0
t 195 18
m0 0 9
1 9 0
2 9 0
3 9 0
t 194 18
m0 0 10
1 8 0
2 8 0
3 8 0
t 193 18
m0 0 11
1 9 0
2 9 0
3 9 0
t 192 18
m0 0 12
1 8 0
2 8 0
3 8 0
t 191 18
m0 0 11
1 9 0
2 9 0
3 9 0
t 190 18
m0 1 11
1 8 0
2 8 0
3 8 0
t 189 28
m0 1 11
1 9 0
2 9 0
3 9 0
t 188 28
m0 1 12
1 8 0
2 8 0
3 8 0
t 187 28
m0 1 12
1 9 0
2 9 0
3 9 0
f 6 12
t 186 28
m0 1 12
1 8 0
2 8 0
3 8 0
t 185 28
m0 0 12
1 9 0
2 9 0
3 9 0
t 184 28
m0 0 13
1 8 0
2 8 0
3 8 0
t 183 28
m0 0 12
1 9 0
2 9 0
3 9 0
t 182 28
m0 0 12
1 8 0
2 8 0
3 8 0
t 181 28
m0 1 12
1 9 0
2 9 0
3 9 0
t 180 28
m0 0 12
1 8 0
2 8 0
3 8 0
t 179 28
m0 0 11
1 9 0
2 9 0
3 9 0
t 178 28
m0 0 12
1 8 0
2 8 0
3 8 0
t 177 28
m0 1 12
1 9 0
2 9 0
3 9 0
t 176 28
m0 1 11
1 8 0
2 8 0
3 8 0
t 175 28
m0 0 11
1 9 0
2 9 0
3 9 0
t 174 28
m0 0 12
1 8 0
2 8 0
3 8 0
t 173 28
m0 0 13
1 9 0
2 9 0
3 9 0
t 172 28
m0 0 13
1 8 0
2 8 0
3 8 0
t 171 28
m0 0 13
1 9 0
2 9 0
3 9 0
t 170 28
m0 0 14
1 8 0
2 8 0
3 8 0
t 169 28
m0 0 13
1 9 0
2 9 0
3 9 0
t 168 28
m0 0 14
1 8 0
2 8 0
3 8 0
t 167 28
m0 0 13
1 9 0
2 9 0
3 9 0
t 166 28
m0 0 14
1 8 0
2 8 0
3 8 0
t 165 28
m0 1 14
1 9 0
2 9 0
3 9 0
t 164 28
m0 1 14
1 8 0
2 8 0
3 8 0
t 163 28
m0 2 14
1 9 0
2 9 0
3 9 0
t 162 28
m0 2 14
1 8 0
2 8 0
3 8 0
t 161 28
m0 3 14
1 9 0
2 9 0
3 9 0
t 160 28
m0 2 14
1 8 0
2 8 0
3 8 0
t 159 28
m0 2 13
1 9 0
2 9 0
3 9 0
t 158 28
m0 2 13
1 8 0
2 8 0
3 8 0
t 157 28
m0 2 14
1 9 0
2 9 0
3 9 0
t 156 28
m0 3 14
1 8 0
2 8 0
3 8 0
t 155 28
m0 3 14
1 9 0
2 9 0
3 9 0
t 154 28
m0 4 14
1 8 0
2 8 0
3 8 0
t 153 28
m0 5 14
1 9 0
2 9 0
3 9 0
t 152 28
m0 4 14
1 8 0
2 8 0
3 8 0
t 151 28
m0 4 14
1 9 0
2 9 0
3 9 0
t 150 28
m0 4 14
1 8 0
2 8 0
3 8 0
t 149 28
m0 4 14
1 9 0
2 9 0
3 9 0
t 148 28
m0 4 14
1 8 0
2 8 0
3 8 0
t 147 28
m0 4 14
1 9 0
2 9 0
3 9 0
t 146 28
m0 5 14
1 8 0
2 8 0
3 8 0
t 145 28
m0 5 14
1 9 0
2 9 0
3 9 0
t 144 28
m0 4 14
1 8 0
2 8 0
3 8 0
t 143 28
m0 4 14
1 9 0
2 9 0
3 9 0
t 142 28
m0 4 14
1 8 0
2 8 0
3 8 0
t 141 28
m0 5 14
1 9 0
2 9 0
3 9 0
t 140 28
m0 5 13
1 8 0
2 8 0
3 8 0
t 139 28
m0 5 12
1 9 0
2 9 0
3 9 0
t 138 29
m0 6 12
1 8 0
2 8 0
3 8 0
t 137 39
m0 6 11
1 9 0
2 9 0
3 9 0
t 136 40
m0 6 10
1 8 0
2 8 0
3 8 0
t 135 41
m0 5 10
1 9 0
2 9 0
3 9 0
t 134 42
m0 5 11
1 8 0
2 8 0
3 8 0
t 133 42
m0 4 11
1 9 0
2 9 0
3 9 0
t 132 43
m0 4 11
1 8 0
2 8 0
3 8 0
t 131 43
m0 5 11
1 9 0
2 9 0
3 9 0
t 130 43
m0 5 10
1 8 0
2 8 0
3 8 0
t 129 43
m0 6 10
1 9 0
2 9 0
3 9 0
t 128 43
m0 6 10
1 8 0
2 8 0
3 8 0
t 127 43
m0 5 10
1 9 0
2 9 0
3 9 0
t 126 43
m0 5 10
1 8 0
2 8 0
3 8 0
t 125 43
m0 5 10
1 9 0
2 9 0
3 9 0
t 124 43
m0 6 10
1 8 0
2 8 0
3 8 0
t 123 43
m0 6 10
1 9 0
2 9 0
3 9 0
t 122 43
m0 6 11
1 8 0
2 8 0
3 8 0
t 121 43
m0 5 11
1 9 0
2 9 0
3 9 0
t 120 43
m0 6 11
1 8 0
2 8 0
3 8 0
t 119 43
m0 6 11
1 9 0
2 9 0
3 9 0
t 118 43
m0 6 10
1 8 0
2 8 0
3 8 0
t 117 43
m0 6 11
1 9 0
2 9 0
3 9 0
t 116 43
m0 5 11
1 8 0
2 8 0
3 8 0
f 6 13
t 115 43
m0 5 11
1 9 0
2 9 0
3 9 0
t 114 43
m0 5 11
1 8 0
2 8 0
3 8 0
t 113 43
m0 4 11
1 9 0
2 9 0
3 9 0
t 112 43
m0 4 10
1 8 0
2 8 0
3 8 0
t 111 44
m0 5 10
1 9 0
2 9 0
3 9 0
t 110 44
m0 5 10
1 8 0
2 8 0
3 8 0
t 109 44
m0 6 10
1 9 0
2 9 0
3 9 0
t 108 44
m0 5 10
1 8 0
2 8 0
3 8 0
t 107 44
m0 4 10
1 9 0
2 9 0
3 9 0
t 106 44
m0 4 10
1 8 0
2 8 0
3 8 0
t 105 44
m0 4 10
1 9 0
2 9 0
3 9 0
t 104 44
m0 4 10
1 8 0
2 8 0
3 8 0
t 103 44
m0 4 10
1 9 0
2 9 0
3 9 0
t 102 44
m0 4 11
1 8 0
2 8 0
3 8 0
t 101 44
m0 5 11
1 9 0
2 9 0
3 9 0
t 100 44
m0 6 11
1 8 0
2 8 0
3 8 0
t 99 44
m0 6 10
1 9 0
2 9 0
3 9 0
t 98 44
m0 5 10
1 8 0
2 8 0
3 8 0
t 97 44
m0 5 11
1 9 0
2 9 0
3 9 0
t 96 44
m0 5 10
1 8 0
2 8 0
3 8 0
t 95 44
m0 5 10
1 9 0
2 9 0
3 9 0
t 94 44
m0 6 10
1 8 0
2 8 0
3 8 0
t 93 44
m0 6 11
1 9 0
2 9 0
3 9 0
t 92 44
m0 6 10
1 8 0
2 8 0
3 8 0
t 91 44
m0 5 10
1 9 0
2 9 0
3 9 0
t 90 44
m0 6 10
1 8 0
2 8 0
3 8 0
t 89 44
m0 6 11
1 9 0
2 9 0
3 9 0
t 88 44
m0 6 12
1 8 0
2 8 0
3 8 0
t 87 44
m0 5 12
1 9 0
2 9 0
3 9 0
t 86 44
m0 6 12
1 8 0
2 8 0
3 8 0
t 85 44
m0 5 12
1 9 0
2 9 0
3 9 0
t 84 44
m0 5 11
1 8 0
2 8 0
3 8 0
t 83 44
m0 5 12
1 9 0
2 9 0
3 9 0
t 82 44
m0 6 12
1 8 0
2 8 0
3 8 0
t 81 44
m0 5 12
1 9 0
2 9 0
3 9 0
t 80 44
m0 5 13
1 8 0
2 8 0
3 8 0
t 79 44
m0 5 13
1 9 0
2 9 0
3 9 0
t 78 44
m0 5 14
1 8 0
2 8 0
3 8 0
t 77 44
m0 5 14
1 9 0
2 9 0
3 9 0
t 76 44
m0 5 13
1 8 0
2 8 0
3 8 0
t 75 44
m0 5 14
1 9 0
2 9 0
3 9 0
t 74 44
m0 5 14
1 8 0
2 8 0
3 8 0
t 73 44
m0 5 13
1 9 0
2 9 0
3 9 0
t 72 44
m0 5 13
1 8 0
2 8 0
3 8 0
t 71 44
m0 5 13
1 9 0
2 9 0
3 9 0
t 70 44
m0 5 14
1 8 0
2 8 0
3 8 0
t 69 44
m0 5 13
1 9 0
2 9 0
3 9 0
t 68 44
m0 5 12
1 8 0
2 8 0
3 8 0
t 67 44
m0 6 12
1 9 0
2 9 0
3 9 0
t 66 44
m0 6 11
1 8 0
2 8 0
3 8 0
t 65 44
m0 6 11
1 9 0
2 9 0
3 9 0
t 64 44
m0 5 11
1 8 0
2 8 0
3 8 0
t 63 44
m0 5 11
1 9 0
2 9 0
3 9 0
t 62 44
m0 5 12
1 8 0
2 8 0
3 8 0
t 61 44
m0 5 13
1 9 0
2 9 0
3 9 0
t 60 44
m0 6 13
1 8 0
2 8 0
3 8 0
t 59 54
m0 5 13
1 9 0
2 9 0
3 9 0
t 58 54
m0 5 13
1 8 0
2 8 0
3 8 0
t 57 54
m0 5 13
1 9 0
2 9 0
3 9 0
t 56 54
m0 5 12
1 8 0
2 8 0
3 8 0
t 55 54
m0 5 11
1 9 0
2 9 0
3 9 0
t 54 54
m0 5 11
1 8 0
2 8 0
3 8 0
t 53 54
m0 5 11
1 9 0
2 9 0
3 9 0
t 52 54
m0 6 11
1 8 0
2 8 0
3 8 0
t 51 54
m0 6 11
1 9 0
2 9 0
3 9 0
t 50 54
m0 6 11
1 8 0
2 8 0
3 8 0
t 49 54
m0 6 11
1 9 0
2 9 0
3 9 0
t 48 54
m0 6 10
1 8 0
2 8 0
3 8 0
t 47 54
m0 6 10
1 9 0
2 9 0
3 9 0
t 46 54
m0 5 10
1 8 0
2 8 0
3 8 0
t 45 54
m0 5 10
1 9 0
2 9 0
3 9 0
t 44 54
m0 4 10
1 8 0
2 8 0
3 8 0
t 43 54
m0 5 10
1 9 0
2 9 0
3 9 0
t 42 54
m0 5 11
1 8 0
2 8 0
3 8 0
t 41 54
m0 5 12
1 9 0
2 9 0
3 9 0
t 40 54
m0 5 12
1 8 0
2 8 0
3 8 0
t 39 54
m0 5 12
1 9 0
2 9 0
3 9 0
t 38 54
m0 6 12
1 8 0
2 8 0
3 8 0
f 1 12
t 37 54
m0 6 12
1 9 0
2 9 0
3 9 0
t 36 54
m0 6 12
1 8 0
2 8 0
3 8 0
t 35 54
m0 5 12
1 9 0
2 9 0
3 9 0
t 34 54
m0 5 12
1 8 0
2 8 0
3 8 0
t 33 54
m0 5 11
1 9 0
2 9 0
3 9 0
t 32 54
m0 4 11
1 8 0
2 8 0
3 8 0
t 31 54
m0 4 11
1 9 0
2 9 0
3 9 0
t 30 54
m0 4 10
1 8 0
2 8 0
3 8 0
t 29 54
m0 4 11
1 9 0
2 9 0
3 9 0
t 28 54
m0 4 10
1 8 0
2 8 0
3 8 0
t 27 54
m0 5 10
1 9 0
2 9 0
3 9 0
t 26 54
m0 5 11
1 8 0
2 8 0
3 8 0
t 25 54
m0 5 12
1 9 0
2 9 0
3 9 0
t 24 54
m0 6 12
1 8 0
2 8 0
3 8 0
t 23 54
m0 6 11
1 9 0
2 9 0
3 9 0
t 22 54
m0 6 10
1 8 0
2 8 0
3 8 0
t 21 54
m0 5 10
1 9 0
2 9 0
3 9 0
t 20 54
m0 4 10
1 8 0
2 8 0
3 8 0
t 19 54
m0 5 10
1 9 0
2 9 0
3 9 0
t 18 54
m0 4 10
1 8 0
2 8 0
3 8 0
t 17 54
m0 5 10
1 9 0
2 9 0
3 9 0
t 16 54
m0 6 10
1 8 0
2 8 0
3 8 0
t 15 54
m0 6 9
1 9 0
2 9 0
3 9 0
t 14 55
m0 6 9
1 8 0
2 8 0
3 8 0
t 13 55
m0 6 10
1 9 0
2 9 0
3 9 0
t 12 55
m0 5 10
1 8 0
2 8 0
3 8 0
t 11 55
m0 6 10
1 9 0
2 9 0
3 9 0
t 10 55
m0 6 10
1 8 0
2 8 0
3 8 0
t 9 55
m0 6 11
1 9 0
2 9 0
3 9 0
t 8 55
m0 6 11
1 8 0
2 8 0
3 8 0
t 7 55
m0 6 11
1 9 0
2 9 0
3 9 0
t 6 55
m0 5 11
1 8 0
2 8 0
3 8 0
t 5 55
m0 4 11
1 9 0
2 9 0
3 9 0
t 4 55
m0 4 10
1 8 0
2 8 0
3 8 0
t 3 55
m0 4 11
1 9 0
2 9 0
3 9 0
t 2 55
m0 5 11
1 8 0
2 8 0
3 8 0
t 1 55
m0 5 12
1 8 0
2 8 0
3 8 0
t 0 55
