10
15
w 5 9
w 9 8
w 4 12
w 0 10
w 2 12
w 9 4
w 3 7
w 6 14
w 8 14
w 4 9
w 5 5
w 8 1
w 7 6
w 6 10
w 6 3
w 3 6
w 0 4
w 7 10
w 1 1
w 7 14
w 9 14
w 7 5
w 0 5
w 1 9
w 2 3
w 5 3
w 8 12
w 9 2
w 6 1
w 5 7
w 2 11
w 3 1
w 0 6
w 8 8
w 7 8
w 2 4
w 9 12
p 7 3
p 4 7
p 1 3
p 6 9
p 4 8
p 5 6
p 7 12
p 6 6
p 2 8
p 3 0
p 3 11
p 2 1
p 6 2
p 7 11
p 2 5
p 0 3
p 5 8
p 4 0
p 3 14
p 6 7
p 3 3
p 5 12
p 3 10
p 4 4
p 8 10
p 1 14
p 1 5
p 2 13
p 9 11
p 5 0
p 1 10
p 4 10
p 5 4
p 3 2
p 8 2
p 1 13
p 8 11
p 4 14
p 1 4
p 6 0
p 3 9
p 6 12
p 4 11
p 7 9
p 3 5
p 2 7
p 5 10
p 4 6
p 1 12
p 0 13
p 9 9
p 2 0
p 1 8
p 6 13
p 3 4
p 8 4
m0 0 14
1 9 0
2 9 0
3 9 0
t 300 0
m0 0 14
1 8 0
2 8 0
3 8 0
t 299 0
m0 1 14
1 9 0
2 9 0
3 9 0
t 298 1
m0 1 14
1 8 0
2 8 0
3 8 0
t 297 1
m0 2 14
1 9 0
2 9 0
3 9 0
t 296 1
m0 2 13
1 8 0
2 8 0
3 8 0
t 295 2
m0 2 14
1 9 0
2 9 0
3 9 0
t 294 2
m0 1 14
1 8 0
2 8 0
3 8 0
t 293 2
m0 1 13
1 9 0
2 9 0
3 9 0
t 292 3
m0 1 14
1 8 0
2 8 0
3 8 0
t 291 3
m0 1 13
1 9 0
2 9 0
3 9 0
t 290 3
m0 0 13
1 8 0
2 8 0
3 8 0
t 289 4
m0 0 14
1 9 0
2 9 0
3 9 0
t 288 4
m0 1 14
1 8 0
2 8 0
3 8 0
t 287 4
m0 1 13
1 9 0
2 9 0
3 9 0
t 286 4
m0 1 14
1 8 0
2 8 0
3 8 0
t 285 4
m0 2 14
1 9 0
2 9 0
3 9 0
t 284 4
m0 2 13
1 8 0
2 8 0
3 8 0
t 283 4
m0 1 13
1 9 0
2 9 0
3 9 0
t 282 4
m0 1 12
1 8 0
2 8 0
3 8 0
t 281 5
m0 1 11
1 9 0
2 9 0
3 9 0
t 280 5
m0 1 10
1 8 0
2 8 0
3 8 0
f 6 8
t 279 6
m0 2 10
1 9 0
2 9 0
3 9 0
t 278 6
m0 1 10
1 8 0
2 8 0
3 8 0
t 277 6
m0 2 10
1 9 0
2 9 0
3 9 0
t 276 6
m0 2 9
1 8 0
2 8 0
3 8 0
t 275 6
m0 3 9
1 9 0
2 9 0
3 9 0
t 274 7
m0 3 8
1 8 0
2 8 0
3 8 0
t 273 7
m0 4 8
1 9 0
2 9 0
3 9 0
t 272 8
m0 5 8
1 8 0
2 8 0
3 8 0
t 271 9
m0 6 8
1 9 0
2 9 0
3 9 0
t 270 19
m0 6 9
1 8 0
2 8 0
3 8 0
t 269 20
m0 6 9
1 9 0
2 9 0
3 9 0
t 268 20
m0 6 9
1 8 0
2 8 0
3 8 0
t 267 20
m0 7 9
1 9 0
2 9 0
3 9 0
t 266 21
m0 6 9
1 8 0
2 8 0
3 8 0
t 265 21
m0 6 9
1 9 0
2 9 0
3 9 0
t 264 21
m0 7 9
1 8 0
2 8 0
3 8 0
f 1 0
t 263 21
m0 8 9
1 9 0
2 9 0
3 9 0
t 262 21
m0 7 9
1 8 0
2 8 0
3 8 0
t 261 21
m0 6 9
1 9 0
2 9 0
3 9 0
t 260 21
m0 7 9
1 8 0
2 8 0
3 8 0
t 259 21
m0 6 9
1 9 0
2 9 0
3 9 0
t 258 21
m0 7 9
1 8 0
2 8 0
3 8 0
t 257 21
m0 7 9
1 9 0
2 9 0
3 9 0
t 256 21
m0 6 9
1 8 0
2 8 0
3 8 0
t 255 21
m0 6 9
1 9 0
2 9 0
3 9 0
t 254 21
m0 6 9
1 8 0
2 8 0
3 8 0
t 253 21
m0 6 8
1 9 0
2 9 0
3 9 0
t 252 21
m0 5 8
1 8 0
2 8 0
3 8 0
t 251 21
m0 5 8
1 9 0
2 9 0
3 9 0
t 250 21
m0 5 8
1 8 0
2 8 0
3 8 0
t 249 21
m0 5 8
1 9 0
2 9 0
3 9 0
t 248 21
m0 5 8
1 8 0
2 8 0
3 8 0
t 247 21
m0 5 8
1 9 0
2 9 0
3 9 0
t 246 21
m0 5 8
1 8 0
2 8 0
3 8 0
t 245 21
m0 5 8
1 9 0
2 9 0
3 9 0
t 244 21
m0 4 8
1 8 0
2 8 0
3 8 0
t 243 21
m0 5 8
1 9 0
2 9 0
3 9 0
t 242 21
m0 4 8
1 8 0
2 8 0
3 8 0
t 241 21
m0 3 8
1 9 0
2 9 0
3 9 0
t 240 21
m0 4 8
1 8 0
2 8 0
3 8 0
t 239 21
m0 5 8
1 9 0
2 9 0
3 9 0
t 238 21
m0 5 8
1 8 0
2 8 0
3 8 0
t 237 21
m0 4 8
1 9 0
2 9 0
3 9 0
t 236 21
m0 5 8
1 8 0
2 8 0
3 8 0
t 235 21
m0 5 8
1 9 0
2 9 0
3 9 0
t 234 21
m0 5 8
1 8 0
2 8 0
3 8 0
t 233 21
m0 5 8
1 9 0
2 9 0
3 9 0
t 232 21
m0 4 8
1 8 0
2 8 0
3 8 0
t 231 21
m0 4 7
1 9 0
2 9 0
3 9 0
t 230 22
m0 4 7
1 8 0
2 8 0
3 8 0
t 229 22
m0 4 7
1 9 0
2 9 0
3 9 0
t 228 22
m0 4 7
1 8 0
2 8 0
3 8 0
t 227 22
m0 4 6
1 9 0
2 9 0
3 9 0
t 226 23
m0 5 6
1 8 0
2 8 0
3 8 0
t 225 24
m0 5 6
1 9 0
2 9 0
3 9 0
t 224 24
m0 4 6
1 8 0
2 8 0
3 8 0
t 223 24
m0 5 6
1 9 0
2 9 0
3 9 0
t 222 24
m0 5 6
1 8 0
2 8 0
3 8 0
t 221 24
m0 5 6
1 9 0
2 9 0
3 9 0
t 220 24
m0 5 6
1 8 0
2 8 0
3 8 0
t 219 24
m0 5 6
1 9 0
2 9 0
3 9 0
t 218 24
m0 5 6
1 8 0
2 8 0
3 8 0
t 217 24
m0 5 6
1 9 0
2 9 0
3 9 0
t 216 24
m0 5 6
1 8 0
2 8 0
3 8 0
t 215 24
m0 5 6
1 9 0
2 9 0
3 9 0
t 214 24
m0 5 6
1 8 0
2 8 0
3 8 0
t 213 24
m0 5 6
1 9 0
2 9 0
3 9 0
t 212 24
m0 4 6
1 8 0
2 8 0
3 8 0
t 211 24
m0 5 6
1 9 0
2 9 0
3 9 0
t 210 24
m0 5 6
1 8 0
2 8 0
3 8 0
t 209 24
m0 5 6
1 9 0
2 9 0
3 9 0
t 208 24
m0 5 6
1 8 0
2 8 0
3 8 0
t 207 24
m0 5 6
1 9 0
2 9 0
3 9 0
t 206 24
m0 5 6
1 8 0
2 8 0
3 8 0
t 205 24
m0 5 6
1 9 0
2 9 0
3 9 0
t 204 24
m0 5 6
1 8 0
2 8 0
3 8 0
t 203 24
m0 5 6
1 9 0
2 9 0
3 9 0
t 202 24
m0 5 6
1 8 0
2 8 0
3 8 0
t 201 24
m0 4 6
1 9 0
2 9 0
3 9 0
t 200 24
m0 4 7
1 8 0
2 8 0
3 8 0
t 199 24
m0 4 7
1 9 0
2 9 0
3 9 0
t 198 24
m0 4 7
1 8 0
2 8 0
3 8 0
t 197 24
m0 4 7
1 9 0
2 9 0
3 9 0
t 196 24
m0 4 7
1 8 0
2 8 0
3 8 0
t 195 24
m0 4 7
1 9 0
2 9 0
3 9 0
t 194 24
m0 4 7
1 8 0
2 8 0
3 8 0
t 193 24
m0 4 7
1 9 0
2 9 0
3 9 0
t 192 24
m0 4 7
1 8 0
2 8 0
3 8 0
t 191 24
m0 4 7
1 9 0
2 9 0
3 9 0
t 190 24
m0 4 7
1 8 0
2 8 0
3 8 0
t 189 24
m0 4 7
1 9 0
2 9 0
3 9 0
t 188 24
m0 4 7
1 8 0
2 8 0
3 8 0
t 187 24
m0 4 7
1 9 0
2 9 0
3 9 0
t 186 24
m0 4 7
1 8 0
2 8 0
3 8 0
t 185 24
m0 4 7
1 9 0
2 9 0
3 9 0
t 184 24
m0 4 7
1 8 0
2 8 0
3 8 0
t 183 24
m0 4 6
1 9 0
2 9 0
3 9 0
t 182 24
m0 4 7
1 8 0
2 8 0
3 8 0
t 181 24
m0 4 7
1 9 0
2 9 0
3 9 0
t 180 24
m0 4 7
1 8 0
2 8 0
3 8 0
t 179 24
m0 4 7
1 9 0
2 9 0
3 9 0
t 178 24
m0 4 8
1 8 0
2 8 0
3 8 0
t 177 24
m0 4 7
1 9 0
2 9 0
3 9 0
t 176 24
m0 4 6
1 8 0
2 8 0
3 8 0
t 175 24
m0 4 7
1 9 0
2 9 0
3 9 0
t 174 24
m0 4 7
1 8 0
2 8 0
3 8 0
t 173 24
m0 4 7
1 9 0
2 9 0
3 9 0
t 172 24
m0 4 7
1 8 0
2 8 0
3 8 0
t 171 24
m0 4 7
1 9 0
2 9 0
3 9 0
t 170 24
m0 4 7
1 8 0
2 8 0
3 8 0
t 169 24
m0 4 7
1 9 0
2 9 0
3 9 0
t 168 24
m0 4 7
1 8 0
2 8 0
3 8 0
t 167 24
m0 4 7
1 9 0
2 9 0
3 9 0
t 166 24
m0 4 7
1 8 0
2 8 0
3 8 0
t 165 24
m0 4 7
1 9 0
2 9 0
3 9 0
t 164 24
m0 4 7
1 8 0
2 8 0
3 8 0
t 163 24
m0 4 7
1 9 0
2 9 0
3 9 0
t 162 24
m0 4 6
1 8 0
2 8 0
3 8 0
t 161 24
m0 4 7
1 9 0
2 9 0
3 9 0
t 160 24
m0 4 7
1 8 0
2 8 0
3 8 0
t 159 24
m0 4 7
1 9 0
2 9 0
3 9 0
t 158 24
m0 4 8
1 8 0
2 8 0
3 8 0
t 157 24
m0 4 7
1 9 0
2 9 0
3 9 0
t 156 24
m0 4 7
1 8 0
2 8 0
3 8 0
t 155 24
m0 4 7
1 9 0
2 9 0
3 9 0
t 154 24
m0 4 7
1 8 0
2 8 0
3 8 0
t 153 24
m0 4 7
1 9 0
2 9 0
3 9 0
t 152 24
m0 4 7
1 8 0
2 8 0
3 8 0
t 151 24
m0 4 7
1 9 0
2 9 0
3 9 0
t 150 24
m0 4 7
1 8 0
2 8 0
3 8 0
t 149 24
m0 4 7
1 9 0
2 9 0
3 9 0
t 148 24
m0 4 7
1 8 0
2 8 0
3 8 0
t 147 24
m0 4 7
1 9 0
2 9 0
3 9 0
t 146 24
m0 4 7
1 8 0
2 8 0
3 8 0
t 145 24
m0 4 6
1 9 0
2 9 0
3 9 0
t 144 24
m0 4 7
1 8 0
2 8 0
3 8 0
t 143 24
m0 4 7
1 9 0
2 9 0
3 9 0
t 142 24
m0 4 6
1 8 0
2 8 0
3 8 0
t 141 24
m0 5 6
1 9 0
2 9 0
3 9 0
t 140 24
m0 4 6
1 8 0
2 8 0
3 8 0
t 139 24
m0 4 7
1 9 0
2 9 0
3 9 0
t 138 24
m0 4 7
1 8 0
2 8 0
3 8 0
t 137 24
m0 4 7
1 9 0
2 9 0
3 9 0
t 136 24
m0 4 8
1 8 0
2 8 0
3 8 0
t 135 24
m0 4 7
1 9 0
2 9 0
3 9 0
t 134 24
m0 4 7
1 8 0
2 8 0
3 8 0
t 133 24
m0 4 8
1 9 0
2 9 0
3 9 0
t 132 24
m0 4 7
1 8 0
2 8 0
3 8 0
t 131 24
m0 4 7
1 9 0
2 9 0
3 9 0
t 130 24
m0 4 7
1 8 0
2 8 0
3 8 0
t 129 24
m0 4 7
1 9 0
2 9 0
3 9 0
t 128 24
m0 4 7
1 8 0
2 8 0
3 8 0
t 127 24
m0 4 7
1 9 0
2 9 0
3 9 0
t 126 24
m0 4 6
1 8 0
2 8 0
3 8 0
t 125 24
m0 4 7
1 9 0
2 9 0
3 9 0
t 124 24
m0 4 7
1 8 0
2 8 0
3 8 0
t 123 24
m0 4 7
1 9 0
2 9 0
3 9 0
t 122 24
m0 4 7
1 8 0
2 8 0
3 8 0
t 121 24
m0 4 7
1 9 0
2 9 0
3 9 0
t 120 24
m0 4 7
1 8 0
2 8 0
3 8 0
t 119 24
m0 4 8
1 9 0
2 9 0
3 9 0
t 118 24
m0 3 8
1 8 0
2 8 0
3 8 0
t 117 24
m0 3 9
1 9 0
2 9 0
3 9 0
t 116 24
m0 3 9
1 8 0
2 8 0
3 8 0
t 115 24
m0 3 8
1 9 0
2 9 0
3 9 0
t 114 24
m0 3 9
1 8 0
2 8 0
3 8 0
t 113 24
m0 3 9
1 9 0
2 9 0
3 9 0
t 112 24
m0 3 8
1 8 0
2 8 0
3 8 0
t 111 24
m0 4 8
1 9 0
2 9 0
3 9 0
t 110 24
m0 4 7
1 8 0
2 8 0
3 8 0
t 109 24
m0 4 7
1 9 0
2 9 0
3 9 0
t 108 24
m0 4 7
1 8 0
2 8 0
3 8 0
t 107 24
m0 4 7
1 9 0
2 9 0
3 9 0
t 106 24
m0 4 8
1 8 0
2 8 0
3 8 0
t 105 24
m0 5 8
1 9 0
2 9 0
3 9 0
t 104 24
m0 4 8
1 8 0
2 8 0
3 8 0
t 103 24
m0 5 8
1 9 0
2 9 0
3 9 0
t 102 24
m0 4 8
1 8 0
2 8 0
3 8 0
t 101 24
m0 4 7
1 9 0
2 9 0
3 9 0
t 100 24
m0 4 7
1 8 0
2 8 0
3 8 0
t 99 24
m0 4 7
1 9 0
2 9 0
3 9 0
t 98 24
m0 4 7
1 8 0
2 8 0
3 8 0
t 97 24
m0 4 7
1 9 0
2 9 0
3 9 0
t 96 24
m0 4 6
1 8 0
2 8 0
3 8 0
t 95 24
m0 4 7
1 9 0
2 9 0
3 9 0
t 94 24
m0 4 6
1 8 0
2 8 0
3 8 0
t 93 24
m0 4 7
1 9 0
2 9 0
3 9 0
t 92 24
m0 4 7
1 8 0
2 8 0
3 8 0
t 91 24
m0 4 8
1 9 0
2 9 0
3 9 0
t 90 24
m0 5 8
1 8 0
2 8 0
3 8 0
t 89 24
m0 5 8
1 9 0
2 9 0
3 9 0
t 88 24
m0 5 8
1 8 0
2 8 0
3 8 0
t 87 24
m0 5 8
1 9 0
2 9 0
3 9 0
t 86 24
m0 5 8
1 8 0
2 8 0
3 8 0
t 85 24
m0 5 8
1 9 0
2 9 0
3 9 0
t 84 24
m0 5 8
1 8 0
2 8 0
3 8 0
t 83 24
m0 5 8
1 9 0
2 9 0
3 9 0
t 82 24
m0 5 8
1 8 0
2 8 0
3 8 0
t 81 24
m0 6 8
1 9 0
2 9 0
3 9 0
t 80 24
m0 5 8
1 8 0
2 8 0
3 8 0
t 79 24
m0 5 8
1 9 0
2 9 0
3 9 0
t 78 24
m0 5 8
1 8 0
2 8 0
3 8 0
t 77 24
m0 5 8
1 9 0
2 9 0
3 9 0
t 76 24
m0 5 8
1 8 0
2 8 0
3 8 0
t 75 24
m0 5 8
1 9 0
2 9 0
3 9 0
t 74 24
m0 5 8
1 8 0
2 8 0
3 8 0
t 73 24
m0 5 8
1 9 0
2 9 0
3 9 0
t 72 24
m0 5 8
1 8 0
2 8 0
3 8 0
t 71 24
m0 4 8
1 9 0
2 9 0
3 9 0
t 70 24
m0 4 7
1 8 0
2 8 0
3 8 0
t 69 24
m0 4 8
1 9 0
2 9 0
3 9 0
t 68 24
m0 4 7
1 8 0
2 8 0
3 8 0
t 67 24
m0 4 7
1 9 0
2 9 0
3 9 0
t 66 24
m0 4 7
1 8 0
2 8 0
3 8 0
t 65 24
m0 4 7
1 9 0
2 9 0
3 9 0
t 64 24
m0 4 7
1 8 0
2 8 0
3 8 0
t 63 24
m0 4 7
1 9 0
2 9 0
3 9 0
t 62 24
m0 4 7
1 8 0
2 8 0
3 8 0
t 61 24
m0 4 7
1 9 0
2 9 0
3 9 0
t 60 24
m0 4 8
1 8 0
2 8 0
3 8 0
t 59 24
m0 4 7
1 9 0
2 9 0
3 9 0
t 58 24
m0 4 7
1 8 0
2 8 0
3 8 0
t 57 24
m0 4 7
1 9 0
2 9 0
3 9 0
t 56 24
m0 4 6
1 8 0
2 8 0
3 8 0
t 55 24
m0 5 6
1 9 0
2 9 0
3 9 0
t 54 24
m0 4 6
1 8 0
2 8 0
3 8 0
t 53 24
m0 4 7
1 9 0
2 9 0
3 9 0
t 52 24
m0 4 7
1 8 0
2 8 0
3 8 0
t 51 24
m0 4 7
1 9 0
2 9 0
3 9 0
t 50 24
m0 4 7
1 8 0
2 8 0
3 8 0
t 49 24
m0 4 7
1 9 0
2 9 0
3 9 0
t 48 24
m0 4 7
1 8 0
2 8 0
3 8 0
t 47 24
m0 4 7
1 9 0
2 9 0
3 9 0
t 46 24
m0 4 7
1 8 0
2 8 0
3 8 0
t 45 24
m0 4 6
1 9 0
2 9 0
3 9 0
t 44 24
m0 4 5
1 8 0
2 8 0
3 8 0
t 43 24
m0 4 5
1 9 0
2 9 0
3 9 0
t 42 24
m0 3 5
1 8 0
2 8 0
3 8 0
t 41 25
m0 3 4
1 9 0
2 9 0
3 9 0
t 40 26
m0 3 3
1 8 0
2 8 0
3 8 0
t 39 27
m0 3 2
1 9 0
2 9 0
3 9 0
t 38 28
m0 2 2
1 8 0
2 8 0
3 8 0
t 37 28
m0 2 1
1 9 0
2 9 0
3 9 0
t 36 29
m0 2 1
1 8 0
2 8 0
3 8 0
t 35 29
m0 2 1
1 9 0
2 9 0
3 9 0
t 34 29
m0 2 1
1 8 0
2 8 0
3 8 0
t 33 29
m0 2 1
1 9 0
2 9 0
3 9 0
t 32 29
m0 2 1
1 8 0
2 8 0
3 8 0
t 31 29
m0 2 1
1 9 0
2 9 0
3 9 0
t 30 29
m0 2 1
1 8 0
2 8 0
3 8 0
t 29 29
m0 2 1
1 9 0
2 9 0
3 9 0
t 28 29
m0 2 1
1 8 0
2 8 0
3 8 0
t 27 29
m0 2 1
1 9 0
2 9 0
3 9 0
t 26 29
m0 2 1
1 8 0
2 8 0
3 8 0
t 25 29
m0 2 1
1 9 0
2 9 0
3 9 0
t 24 29
m0 2 1
1 8 0
2 8 0
3 8 0
t 23 29
m0 2 1
1 9 0
2 9 0
3 9 0
t 22 29
m0 2 1
1 8 0
2 8 0
3 8 0
t 21 29
m0 2 1
1 9 0
2 9 0
3 9 0
t 20 29
m0 2 1
1 8 0
2 8 0
3 8 0
t 19 29
m0 2 1
1 9 0
2 9 0
3 9 0
t 18 29
m0 2 1
1 8 0
2 8 0
3 8 0
t 17 29
m0 2 1
1 9 0
2 9 0
3 9 0
t 16 29
m0 2 1
1 8 0
2 8 0
3 8 0
t 15 29
m0 2 1
1 9 0
2 9 0
3 9 0
t 14 29
m0 2 1
1 8 0
2 8 0
3 8 0
t 13 29
m0 2 1
1 9 0
2 9 0
3 9 0
t 12 29
m0 2 1
1 8 0
2 8 0
3 8 0
t 11 29
m0 2 1
1 9 0
2 9 0
3 9 0
t 10 29
m0 2 1
1 8 0
2 8 0
3 8 0
t 9 29
m0 2 1
1 9 0
2 9 0
3 9 0
t 8 29
m0 2 1
1 8 0
2 8 0
3 8 0
t 7 29
m0 2 1
1 9 0
2 9 0
3 9 0
t 6 29
m0 2 1
1 8 0
2 8 0
3 8 0
t 5 29
m0 2 1
1 9 0
2 9 0
3 9 0
t 4 29
m0 2 1
1 8 0
2 8 0
3 8 0
t 3 29
m0 2 1
1 9 0
2 9 0
3 9 0
t 2 29
m0 2 1
1 8 0
2 8 0
3 8 0
t 1 29
m0 2 1
1 8 0
2 8 0
3 8 0
t 0 29
