10
15
w 7 3
w 5 9
w 1 3
w 3 0
w 8 0
w 3 11
w 0 7
w 6 2
w 1 6
w 2 12
w 5 8
w 7 2
w 4 0
w 8 14
w 3 3
w 4 13
w 1 10
w 8 6
w 4 1
w 7 14
w 9 14
w 5 11
w 4 5
w 8 11
w 9 3
w 1 9
w 6 12
w 3 5
w 7 0
w 8 12
w 9 2
w 0 13
w 9 9
w 7 4
w 2 0
w 8 8
w 2 4
p 6 9
p 8 13
p 4 8
p 7 12
p 5 6
p 5 13
p 9 4
p 5 1
p 7 11
p 8 5
p 3 14
p 6 14
p 1 2
p 6 7
p 4 9
p 3 10
p 1 14
p 6 3
p 1 5
p 2 13
p 9 11
p 3 6
p 7 10
p 1 1
p 9 7
p 6 4
p 2 6
p 0 0
p 8 2
p 1 13
p 2 10
p 3 9
p 0 5
p 7 5
p 2 3
p 4 2
p 4 11
p 5 3
p 2 7
p 6 5
p 8 3
p 3 12
p 6 8
p 1 12
p 4 6
p 5 10
p 3 1
p 7 13
p 5 14
p 0 6
p 3 8
p 4 3
p 1 7
p 6 13
p 7 8
p 8 4
m0 0 14
1 9 0
2 9 0
3 9 0
t 300 0
m0 1 14
1 9 1
2 9 1
3 9 1
t 299 1
m0 1 13
1 9 0
2 9 0
3 8 1
t 298 2
m0 2 13
1 9 1
2 9 1
3 7 1
t 297 3
m0 1 13
1 9 0
2 9 0
3 6 1
t 296 3
m0 1 12
1 9 1
2 9 1
3 6 0
t 295 4
m0 1 12
1 9 0
2 9 0
3 5 0
t 294 4
m0 1 12
1 9 1
2 9 1
3 6 0
t 293 4
m0 1 12
1 9 0
2 9 0
3 5 0
t 292 4
m0 1 12
1 9 1
2 9 1
3 6 0
t 291 4
m0 1 12
1 9 0
2 9 0
3 5 0
t 290 4
m0 1 12
1 9 1
2 9 1
3 6 0
t 289 4
m0 1 12
1 9 0
2 9 0
3 5 0
t 288 4
m0 1 12
1 9 1
2 9 1
3 6 0
t 287 4
m0 1 12
1 9 0
2 9 0
3 5 0
t 286 4
m0 1 12
1 9 1
2 9 1
3 6 0
t 285 4
m0 1 12
1 9 0
2 9 0
3 5 0
t 284 4
m0 1 12
1 9 1
2 9 1
3 6 0
t 283 4
m0 1 12
1 9 0
2 9 0
3 5 0
t 282 4
m0 1 12
1 9 1
2 9 1
3 6 0
t 281 4
m0 1 12
1 9 0
2 9 0
3 5 0
t 280 4
m0 1 12
1 9 1
2 9 1
3 6 0
t 279 4
m0 1 12
1 9 0
2 9 0
3 5 0
t 278 4
m0 1 12
1 9 1
2 9 1
3 6 0
t 277 4
m0 1 12
1 9 0
2 9 0
3 5 0
t 276 4
m0 1 12
1 9 1
2 9 1
3 6 0
t 275 4
m0 1 12
1 9 0
2 9 0
3 5 0
t 274 4
m0 1 12
1 9 1
2 9 1
3 6 0
t 273 4
m0 1 11
1 9 0
2 9 0
3 5 0
f 0 11
t 272 4
m0 2 11
1 9 1
2 9 1
3 6 0
t 271 4
m0 2 10
1 9 0
2 9 0
3 5 0
t 270 5
m0 3 10
1 9 1
2 9 1
3 6 0
t 269 6
m0 3 9
1 9 0
2 9 0
3 5 0
t 268 7
m0 4 9
1 9 1
2 9 1
3 6 0
t 267 8
m0 4 8
1 9 0
2 9 0
3 5 0
t 266 9
m0 3 8
1 9 1
2 9 1
3 6 0
t 265 10
m0 4 8
1 9 0
2 9 0
3 5 0
t 264 10
m0 4 7
1 9 1
2 9 1
3 6 0
t 263 10
m0 4 6
1 9 0
2 9 0
3 5 0
t 262 11
m0 3 6
1 9 1
2 9 1
3 6 0
t 261 12
m0 2 6
1 9 0
2 9 0
3 5 0
t 260 13
m0 2 7
1 9 1
2 9 1
3 6 0
t 259 14
m0 1 7
1 9 0
2 9 0
3 5 0
t 258 15
m0 2 7
1 9 1
2 9 1
3 6 0
t 257 15
m0 3 7
1 9 0
2 9 0
3 5 0
t 256 15
m0 4 7
1 9 1
2 9 1
3 6 0
t 255 15
m0 5 7
1 9 0
2 9 0
3 5 0
t 254 15
m0 6 7
1 9 1
2 9 1
3 6 0
t 253 16
m0 6 8
1 9 0
2 9 0
3 5 0
t 252 17
m0 6 9
1 9 1
2 9 1
3 6 0
t 251 18
m0 7 9
1 9 0
2 9 0
3 5 0
t 250 18
m0 7 10
1 9 1
2 9 1
3 6 0
t 249 19
m0 7 11
1 9 0
2 9 0
3 5 0
t 248 20
m0 7 12
1 9 1
2 9 1
3 6 0
t 247 21
m0 7 13
1 9 0
2 9 0
3 5 0
t 246 22
m0 6 13
1 9 1
2 9 1
3 6 0
t 245 23
m0 5 13
1 9 0
2 9 0
3 5 0
t 244 24
m0 5 14
1 9 1
2 9 1
3 6 0
t 243 25
m0 6 14
1 9 0
2 9 0
3 5 0
t 242 26
m0 6 13
1 9 1
2 9 1
3 6 0
t 241 26
m0 7 13
1 9 0
2 9 0
3 5 0
t 240 26
m0 8 13
1 9 1
2 9 1
3 6 0
t 239 27
m0 9 13
1 9 0
2 9 0
3 5 0
t 238 27
m0 9 12
1 9 1
2 9 1
3 6 0
t 237 27
m0 9 11
1 9 0
2 9 0
3 5 0
t 236 28
m0 9 10
1 9 1
2 9 1
3 6 0
t 235 28
m0 8 10
1 9 0
2 9 0
3 5 0
t 234 28
m0 9 10
1 9 1
2 9 1
3 6 0
t 233 28
m0 8 10
1 9 0
2 9 0
3 5 0
t 232 28
m0 9 10
1 9 1
2 9 1
3 6 0
t 231 28
m0 8 10
1 9 0
2 9 0
3 5 0
t 230 28
m0 9 10
1 9 1
2 9 1
3 6 0
t 229 28
m0 8 10
1 9 0
2 9 0
3 5 0
t 228 28
m0 9 10
1 9 1
2 9 1
3 6 0
t 227 28
m0 8 10
1 9 0
2 9 0
3 5 0
t 226 28
m0 9 10
1 9 1
2 9 1
3 6 0
t 225 28
m0 8 10
1 9 0
2 9 0
3 5 0
t 224 28
m0 9 10
1 9 1
2 9 1
3 6 0
t 223 28
m0 8 10
1 9 0
2 9 0
3 5 0
t 222 28
m0 9 10
1 9 1
2 9 1
3 6 0
t 221 28
m0 8 10
1 9 0
2 9 0
3 5 0
t 220 28
m0 9 10
1 9 1
2 9 1
3 6 0
t 219 28
m0 8 10
1 9 0
2 9 0
3 5 0
t 218 28
m0 9 10
1 9 1
2 9 1
3 6 0
t 217 28
m0 8 10
1 9 0
2 9 0
3 5 0
t 216 28
m0 9 10
1 9 1
2 9 1
3 6 0
t 215 28
m0 8 10
1 9 0
2 9 0
3 5 0
t 214 28
m0 9 10
1 9 1
2 9 1
3 6 0
t 213 28
m0 8 10
1 9 0
2 9 0
3 5 0
t 212 28
m0 9 10
1 9 1
2 9 1
3 6 0
t 211 28
m0 8 10
1 9 0
2 9 0
3 5 0
t 210 28
m0 9 10
1 9 1
2 9 1
3 6 0
t 209 28
m0 8 10
1 9 0
2 9 0
3 5 0
t 208 28
m0 9 10
1 9 1
2 9 1
3 6 0
t 207 28
m0 8 10
1 9 0
2 9 0
3 5 0
t 206 28
m0 9 10
1 9 1
2 9 1
3 6 0
t 205 28
m0 8 10
1 9 0
2 9 0
3 5 0
t 204 28
m0 9 10
1 9 1
2 9 1
3 6 0
t 203 28
m0 8 10
1 9 0
2 9 0
3 5 0
t 202 28
m0 9 10
1 9 1
2 9 1
3 6 0
t 201 28
m0 8 10
1 9 0
2 9 0
3 5 0
t 200 28
m0 9 10
1 9 1
2 9 1
3 6 0
t 199 28
m0 8 10
1 9 0
2 9 0
3 5 0
t 198 28
m0 9 10
1 9 1
2 9 1
3 6 0
t 197 28
m0 8 10
1 9 0
2 9 0
3 5 0
t 196 28
m0 9 10
1 9 1
2 9 1
3 6 0
t 195 28
m0 8 10
1 9 0
2 9 0
3 5 0
t 194 28
m0 9 10
1 9 1
2 9 1
3 6 0
t 193 28
m0 8 10
1 9 0
2 9 0
3 5 0
t 192 28
m0 9 10
1 9 1
2 9 1
3 6 0
t 191 28
m0 8 10
1 9 0
2 9 0
3 5 0
t 190 28
m0 9 10
1 9 1
2 9 1
3 6 0
t 189 28
m0 8 10
1 9 0
2 9 0
3 5 0
t 188 28
m0 9 10
1 9 1
2 9 1
3 6 0
t 187 28
m0 8 10
1 9 0
2 9 0
3 5 0
t 186 28
m0 9 10
1 9 1
2 9 1
3 6 0
t 185 28
m0 8 10
1 9 0
2 9 0
3 5 0
t 184 28
m0 9 10
1 9 1
2 9 1
3 6 0
t 183 28
m0 8 10
1 9 0
2 9 0
3 5 0
t 182 28
m0 9 10
1 9 1
2 9 1
3 6 0
t 181 28
m0 8 10
1 9 0
2 9 0
3 5 0
t 180 28
m0 9 10
1 9 1
2 9 1
3 6 0
t 179 28
m0 8 10
1 9 0
2 9 0
3 5 0
t 178 28
m0 9 10
1 9 1
2 9 1
3 6 0
t 177 28
m0 8 10
1 9 0
2 9 0
3 5 0
t 176 28
m0 9 10
1 9 1
2 9 1
3 6 0
t 175 28
m0 8 10
1 9 0
2 9 0
3 5 0
t 174 28
m0 9 10
1 9 1
2 9 1
3 6 0
t 173 28
m0 8 10
1 9 0
2 9 0
3 5 0
t 172 28
m0 9 10
1 9 1
2 9 1
3 6 0
t 171 28
m0 8 10
1 9 0
2 9 0
3 5 0
t 170 28
m0 9 10
1 9 1
2 9 1
3 6 0
t 169 28
m0 8 10
1 9 0
2 9 0
3 5 0
t 168 28
m0 9 10
1 9 1
2 9 1
3 6 0
t 167 28
m0 8 10
1 9 0
2 9 0
3 5 0
t 166 28
m0 9 10
1 9 1
2 9 1
3 6 0
t 165 28
m0 8 10
1 9 0
2 9 0
3 5 0
t 164 28
m0 9 10
1 9 1
2 9 1
3 6 0
t 163 28
m0 8 10
1 9 0
2 9 0
3 5 0
t 162 28
m0 9 10
1 9 1
2 9 1
3 6 0
t 161 28
m0 8 10
1 9 0
2 9 0
3 5 0
t 160 28
m0 9 10
1 9 1
2 9 1
3 6 0
t 159 28
m0 8 10
1 9 0
2 9 0
3 5 0
t 158 28
m0 9 10
1 9 1
2 9 1
3 6 0
t 157 28
m0 8 10
1 9 0
2 9 0
3 5 0
t 156 28
m0 9 10
1 9 1
2 9 1
3 6 0
t 155 28
m0 8 10
1 9 0
2 9 0
3 5 0
t 154 28
m0 9 10
1 9 1
2 9 1
3 6 0
t 153 28
m0 8 10
1 9 0
2 9 0
3 5 0
t 152 28
m0 9 10
1 9 1
2 9 1
3 6 0
t 151 28
m0 8 10
1 9 0
2 9 0
3 5 0
t 150 28
m0 9 10
1 9 1
2 9 1
3 6 0
t 149 28
m0 8 10
1 9 0
2 9 0
3 5 0
t 148 28
m0 9 10
1 9 1
2 9 1
3 6 0
t 147 28
m0 8 10
1 9 0
2 9 0
3 5 0
t 146 28
m0 9 10
1 9 1
2 9 1
3 6 0
t 145 28
m0 8 10
1 9 0
2 9 0
3 5 0
t 144 28
m0 9 10
1 9 1
2 9 1
3 6 0
t 143 28
m0 8 10
1 9 0
2 9 0
3 5 0
t 142 28
m0 9 10
1 9 1
2 9 1
3 6 0
t 141 28
m0 8 10
1 9 0
2 9 0
3 5 0
t 140 28
m0 9 10
1 9 1
2 9 1
3 6 0
t 139 28
m0 8 10
1 9 0
2 9 0
3 5 0
t 138 28
m0 9 10
1 9 1
2 9 1
3 6 0
t 137 28
m0 8 10
1 9 0
2 9 0
3 5 0
t 136 28
m0 9 10
1 9 1
2 9 1
3 6 0
t 135 28
m0 8 10
1 9 0
2 9 0
3 5 0
t 134 28
m0 9 10
1 9 1
2 9 1
3 6 0
t 133 28
m0 8 10
1 9 0
2 9 0
3 5 0
t 132 28
m0 9 10
1 9 1
2 9 1
3 6 0
t 131 28
m0 8 10
1 9 0
2 9 0
3 5 0
t 130 28
m0 9 10
1 9 1
2 9 1
3 6 0
t 129 28
m0 8 10
1 9 0
2 9 0
3 5 0
t 128 28
m0 9 10
1 9 1
2 9 1
3 6 0
t 127 28
m0 8 10
1 9 0
2 9 0
3 5 0
t 126 28
m0 9 10
1 9 1
2 9 1
3 6 0
t 125 28
m0 8 10
1 9 0
2 9 0
3 5 0
t 124 28
m0 9 10
1 9 1
2 9 1
3 6 0
t 123 28
m0 8 10
1 9 0
2 9 0
3 5 0
t 122 28
m0 9 10
1 9 1
2 9 1
3 6 0
t 121 28
m0 8 10
1 9 0
2 9 0
3 5 0
t 120 28
m0 9 10
1 9 1
2 9 1
3 6 0
t 119 28
m0 8 10
1 9 0
2 9 0
3 5 0
t 118 28
m0 9 10
1 9 1
2 9 1
3 6 0
t 117 28
m0 8 10
1 9 0
2 9 0
3 5 0
t 116 28
m0 9 10
1 9 1
2 9 1
3 6 0
t 115 28
m0 8 10
1 9 0
2 9 0
3 5 0
t 114 28
m0 9 10
1 9 1
2 9 1
3 6 0
t 113 28
m0 8 10
1 9 0
2 9 0
3 5 0
t 112 28
m0 9 10
1 9 1
2 9 1
3 6 0
t 111 28
m0 8 10
1 9 0
2 9 0
3 5 0
t 110 28
m0 9 10
1 9 1
2 9 1
3 6 0
t 109 28
m0 8 10
1 9 0
2 9 0
3 5 0
t 108 28
m0 9 10
1 9 1
2 9 1
3 6 0
t 107 28
m0 8 10
1 9 0
2 9 0
3 5 0
t 106 28
m0 9 10
1 9 1
2 9 1
3 6 0
t 105 28
m0 8 10
1 9 0
2 9 0
3 5 0
t 104 28
m0 9 10
1 9 1
2 9 1
3 6 0
t 103 28
m0 8 10
1 9 0
2 9 0
3 5 0
t 102 28
m0 9 10
1 9 1
2 9 1
3 6 0
t 101 28
m0 8 10
1 9 0
2 9 0
3 5 0
t 100 28
m0 9 10
1 9 1
2 9 1
3 6 0
t 99 28
m0 8 10
1 9 0
2 9 0
3 5 0
t 98 28
m0 9 10
1 9 1
2 9 1
3 6 0
t 97 28
m0 8 10
1 9 0
2 9 0
3 5 0
t 96 28
m0 9 10
1 9 1
2 9 1
3 6 0
t 95 28
m0 8 10
1 9 0
2 9 0
3 5 0
t 94 28
m0 9 10
1 9 1
2 9 1
3 6 0
t 93 28
m0 8 10
1 9 0
2 9 0
3 5 0
t 92 28
m0 9 10
1 9 1
2 9 1
3 6 0
t 91 28
m0 8 10
1 9 0
2 9 0
3 5 0
t 90 28
m0 9 10
1 9 1
2 9 1
3 6 0
t 89 28
m0 8 10
1 9 0
2 9 0
3 5 0
t 88 28
m0 9 10
1 9 1
2 9 1
3 6 0
t 87 28
m0 8 10
1 9 0
2 9 0
3 5 0
t 86 28
m0 9 10
1 9 1
2 9 1
3 6 0
t 85 28
m0 8 10
1 9 0
2 9 0
3 5 0
t 84 28
m0 9 10
1 9 1
2 9 1
3 6 0
t 83 28
m0 8 10
1 9 0
2 9 0
3 5 0
t 82 28
m0 9 10
1 9 1
2 9 1
3 6 0
t 81 28
m0 8 10
1 9 0
2 9 0
3 5 0
t 80 28
m0 9 10
1 9 1
2 9 1
3 6 0
t 79 28
m0 8 10
1 9 0
2 9 0
3 5 0
t 78 28
m0 9 10
1 9 1
2 9 1
3 6 0
t 77 28
m0 8 10
1 9 0
2 9 0
3 5 0
t 76 28
m0 9 10
1 9 1
2 9 1
3 6 0
t 75 28
m0 8 10
1 9 0
2 9 0
3 5 0
t 74 28
m0 9 10
1 9 1
2 9 1
3 6 0
t 73 28
m0 8 10
1 9 0
2 9 0
3 5 0
t 72 28
m0 9 10
1 9 1
2 9 1
3 6 0
t 71 28
m0 8 10
1 9 0
2 9 0
3 5 0
t 70 28
m0 9 10
1 9 1
2 9 1
3 6 0
t 69 28
m0 8 10
1 9 0
2 9 0
3 5 0
t 68 28
m0 9 10
1 9 1
2 9 1
3 6 0
t 67 28
m0 8 10
1 9 0
2 9 0
3 5 0
t 66 28
m0 9 10
1 9 1
2 9 1
3 6 0
t 65 28
m0 8 10
1 9 0
2 9 0
3 5 0
t 64 28
m0 9 10
1 9 1
2 9 1
3 6 0
t 63 28
m0 8 10
1 9 0
2 9 0
3 5 0
t 62 28
m0 9 10
1 9 1
2 9 1
3 6 0
t 61 28
m0 8 10
1 9 0
2 9 0
3 5 0
t 60 28
m0 9 10
1 9 1
2 9 1
3 6 0
t 59 28
m0 8 10
1 9 0
2 9 0
3 5 0
t 58 28
m0 9 10
1 9 1
2 9 1
3 6 0
t 57 28
m0 8 10
1 9 0
2 9 0
3 5 0
t 56 28
m0 9 10
1 9 1
2 9 1
3 6 0
t 55 28
m0 8 10
1 9 0
2 9 0
3 5 0
t 54 28
m0 9 10
1 9 1
2 9 1
3 6 0
t 53 28
m0 8 10
1 9 0
2 9 0
3 5 0
t 52 28
m0 9 10
1 9 1
2 9 1
3 6 0
t 51 28
m0 8 10
1 9 0
2 9 0
3 5 0
t 50 28
m0 9 10
1 9 1
2 9 1
3 6 0
t 49 28
m0 8 10
1 9 0
2 9 0
3 5 0
t 48 28
m0 9 10
1 9 1
2 9 1
3 6 0
t 47 28
m0 8 10
1 9 0
2 9 0
3 5 0
t 46 28
m0 9 10
1 9 1
2 9 1
3 6 0
t 45 28
m0 8 10
1 9 0
2 9 0
3 5 0
t 44 28
m0 9 10
1 9 1
2 9 1
3 6 0
t 43 28
m0 8 10
1 9 0
2 9 0
3 5 0
t 42 28
m0 9 10
1 9 1
2 9 1
3 6 0
t 41 28
m0 8 10
1 9 0
2 9 0
3 5 0
t 40 28
m0 9 10
1 9 1
2 9 1
3 6 0
t 39 28
m0 8 10
1 9 0
2 9 0
3 5 0
t 38 28
m0 9 10
1 9 1
2 9 1
3 6 0
t 37 28
m0 8 10
1 9 0
2 9 0
3 5 0
t 36 28
m0 9 10
1 9 1
2 9 1
3 6 0
t 35 28
m0 8 10
1 9 0
2 9 0
3 5 0
t 34 28
m0 9 10
1 9 1
2 9 1
3 6 0
t 33 28
m0 8 10
1 9 0
2 9 0
3 5 0
t 32 28
m0 9 10
1 9 1
2 9 1
3 6 0
t 31 28
m0 8 10
1 9 0
2 9 0
3 5 0
t 30 28
m0 9 10
1 9 1
2 9 1
3 6 0
t 29 28
m0 8 10
1 9 0
2 9 0
3 5 0
t 28 28
m0 9 10
1 9 1
2 9 1
3 6 0
t 27 28
m0 8 10
1 9 0
2 9 0
3 5 0
t 26 28
m0 9 10
1 9 1
2 9 1
3 6 0
t 25 28
m0 8 10
1 9 0
2 9 0
3 5 0
t 24 28
m0 9 10
1 9 1
2 9 1
3 6 0
t 23 28
m0 8 10
1 9 0
2 9 0
3 5 0
t 22 28
m0 9 10
1 9 1
2 9 1
3 6 0
t 21 28
m0 8 10
1 9 0
2 9 0
3 5 0
t 20 28
m0 9 10
1 9 1
2 9 1
3 6 0
t 19 28
m0 8 10
1 9 0
2 9 0
3 5 0
t 18 28
m0 9 10
1 9 1
2 9 1
3 6 0
t 17 28
m0 8 10
1 9 0
2 9 0
3 5 0
t 16 28
m0 9 10
1 9 1
2 9 1
3 6 0
t 15 28
m0 8 10
1 9 0
2 9 0
3 5 0
t 14 28
m0 9 10
1 9 1
2 9 1
3 6 0
t 13 28
m0 8 10
1 9 0
2 9 0
3 5 0
t 12 28
m0 9 10
1 9 1
2 9 1
3 6 0
t 11 28
m0 8 10
1 9 0
2 9 0
3 5 0
t 10 28
m0 9 10
1 9 1
2 9 1
3 6 0
t 9 28
m0 8 10
1 9 0
2 9 0
3 5 0
t 8 28
m0 9 10
1 9 1
2 9 1
3 6 0
t 7 28
m0 8 10
1 9 0
2 9 0
3 5 0
t 6 28
m0 9 10
1 9 1
2 9 1
3 6 0
t 5 28
m0 8 10
1 9 0
2 9 0
3 5 0
t 4 28
m0 9 10
1 9 1
2 9 1
3 6 0
t 3 28
m0 8 10
1 9 0
2 9 0
3 5 0
t 2 28
m0 9 10
1 9 1
2 9 1
3 6 0
t 1 28
m0 8 10
1 9 1
2 9 1
3 6 0
t 0 28
