10
15
w 7 3
w 4 7
w 1 3
w 8 0
w 5 13
w 1 6
w 2 12
w 2 5
w 3 14
w 1 2
w 5 5
w 2 9
w 8 1
w 7 6
w 1 14
w 7 10
w 4 1
w 4 10
w 5 4
w 0 0
w 3 2
w 6 11
w 8 11
w 6 0
w 0 12
w 8 7
w 9 13
w 3 12
w 6 8
w 2 11
w 9 9
w 7 4
w 2 0
w 6 13
w 7 8
w 2 4
w 8 4
p 5 9
p 6 9
p 8 13
p 9 1
p 4 8
p 3 0
p 2 8
p 9 8
p 7 7
p 0 7
p 2 1
p 8 9
p 4 12
p 7 11
p 3 7
p 1 11
p 8 5
p 7 2
p 5 8
p 8 14
p 9 0
p 6 7
p 3 3
p 5 12
p 6 10
p 3 10
p 8 10
p 4 13
p 1 5
p 2 13
p 0 11
p 3 6
p 2 2
p 1 10
p 5 0
p 6 4
p 2 6
p 8 2
p 3 13
p 5 11
p 1 13
p 9 3
p 9 10
p 3 9
p 0 5
p 1 9
p 1 0
p 0 1
p 7 0
p 4 6
p 9 2
p 0 13
p 0 6
p 8 8
p 1 7
p 3 4
m0 0 14
1 9 0
2 9 0
3 9 0
t 300 0
m0 0 13
1 9 1
2 9 1
3 9 1
t 299 1
m0 1 13
1 9 0
2 9 0
3 9 2
t 298 2
m0 2 13
1 9 1
2 9 1
3 8 2
t 297 3
m0 3 13
1 9 0
2 9 0
3 7 2
t 296 4
m0 4 13
1 9 1
2 9 1
3 6 2
f 9 6
t 295 5
m0 4 12
1 9 0
2 9 0
3 5 2
t 294 6
m0 5 12
1 9 1
2 9 1
3 4 2
t 293 7
m0 5 11
1 9 0
2 9 0
3 4 3
t 292 8
m0 5 10
1 9 1
2 9 1
3 3 3
t 291 8
m0 6 10
1 9 0
2 9 0
3 2 3
t 290 9
m0 6 9
1 9 1
2 9 1
3 3 3
t 289 10
m0 7 9
1 9 0
2 9 0
3 2 3
t 288 10
m0 8 9
1 9 1
2 9 1
3 3 3
t 287 11
m0 8 8
1 9 0
2 9 0
3 2 3
t 286 12
m0 9 8
1 9 1
2 9 1
3 3 3
t 285 13
m0 9 7
1 9 0
2 9 0
3 2 3
t 284 13
m0 9 6
1 9 1
2 9 1
3 3 3
t 283 23
m0 9 5
1 9 0
2 9 0
3 2 3
t 282 23
m0 8 5
1 9 1
2 9 1
3 3 3
t 281 24
m0 7 5
1 9 0
2 9 0
3 2 3
f 4 0
t 280 24
m0 6 5
1 9 1
2 9 1
3 3 3
t 279 24
m0 6 4
1 9 0
2 9 0
3 2 3
t 278 25
m0 6 3
1 9 1
2 9 1
3 3 3
t 277 25
m0 6 2
1 9 0
2 9 0
3 2 3
t 276 25
m0 6 1
1 9 1
2 9 1
3 3 3
t 275 25
m0 5 1
1 9 0
2 9 2
3 2 3
t 274 25
m0 5 0
1 9 1
2 9 3
3 2 2
t 273 26
m0 4 0
1 9 0
2 9 4
3 2 1
t 272 36
m0 3 0
1 9 1
2 9 5
3 1 1
t 271 37
m0 4 0
1 9 0
2 9 6
3 0 1
t 270 37
m0 5 0
1 9 1
2 9 7
3 0 2
t 269 37
m0 4 0
1 9 0
2 9 8
3 0 3
t 268 37
m0 5 0
1 9 1
2 8 8
3 0 4
t 267 37
m0 4 0
1 9 0
2 8 9
3 1 4
t 266 37
m0 5 0
1 9 1
2 8 10
3 0 4
t 265 37
m0 4 0
1 9 0
2 9 10
3 0 5
t 264 37
m0 5 0
1 9 1
2 9 11
3 0 6
t 263 37
m0 4 0
1 9 0
2 9 12
3 0 7
t 262 37
m0 5 0
1 9 1
2 8 12
3 0 6
t 261 37
m0 4 0
1 9 0
2 8 13
3 0 7
t 260 37
m0 5 0
1 9 1
2 8 14
3 1 7
t 259 37
m0 4 0
1 9 0
2 9 14
3 0 7
t 258 37
m0 5 0
1 9 1
2 8 14
3 1 7
t 257 37
m0 4 0
1 9 0
2 9 14
3 0 7
t 256 37
m0 5 0
1 9 1
2 8 14
3 1 7
t 255 37
m0 4 0
1 9 0
2 9 14
3 0 7
t 254 37
m0 5 0
1 9 1
2 8 14
3 1 7
t 253 37
m0 4 0
1 9 0
2 9 14
3 0 7
t 252 37
m0 5 0
1 9 1
2 8 14
3 1 7
t 251 37
m0 4 0
1 9 0
2 9 14
3 0 7
t 250 37
m0 5 0
1 9 1
2 8 14
3 1 7
t 249 37
m0 4 0
1 9 0
2 9 14
3 0 7
t 248 37
m0 5 0
1 9 1
2 8 14
3 1 7
t 247 37
m0 4 0
1 9 0
2 9 14
3 0 7
t 246 37
m0 5 0
1 9 1
2 8 14
3 1 7
t 245 37
m0 4 0
1 9 0
2 9 14
3 0 7
t 244 37
m0 5 0
1 9 1
2 8 14
3 1 7
t 243 37
m0 4 0
1 9 0
2 9 14
3 0 7
t 242 37
m0 5 0
1 9 1
2 8 14
3 1 7
t 241 37
m0 4 0
1 9 0
2 9 14
3 0 7
t 240 37
m0 5 0
1 9 1
2 8 14
3 1 7
t 239 37
m0 4 0
1 9 0
2 9 14
3 0 7
t 238 37
m0 5 0
1 9 1
2 8 14
3 1 7
t 237 37
m0 4 0
1 9 0
2 9 14
3 0 7
t 236 37
m0 5 0
1 9 1
2 8 14
3 1 7
t 235 37
m0 4 0
1 9 0
2 9 14
3 0 7
t 234 37
m0 5 0
1 9 1
2 8 14
3 1 7
t 233 37
m0 4 0
1 9 0
2 9 14
3 0 7
t 232 37
m0 5 0
1 9 1
2 8 14
3 1 7
t 231 37
m0 4 0
1 9 0
2 9 14
3 0 7
t 230 37
m0 5 0
1 9 1
2 8 14
3 1 7
f 9 5
t 229 37
m0 5 1
1 9 0
2 9 14
3 0 7
t 228 37
m0 6 1
1 9 1
2 8 14
3 1 7
t 227 37
m0 7 1
1 9 0
2 9 14
3 0 7
t 226 37
m0 7 2
1 9 1
2 8 14
3 1 7
t 225 38
m0 8 2
1 9 0
2 9 14
3 0 7
t 224 39
m0 9 2
1 9 1
2 8 14
3 1 7
t 223 40
m0 9 3
1 9 0
2 7 14
3 0 7
t 222 41
m0 9 4
1 9 1
2 6 14
3 0 6
t 221 41
m0 9 5
1 9 0
2 7 14
3 0 7
t 220 51
m0 9 4
1 9 1
2 6 14
3 0 6
t 219 51
m0 9 3
1 9 0
2 7 14
3 0 5
t 218 51
m0 9 2
1 9 1
2 6 14
3 0 6
t 217 51
m0 -5 -5
1 9 1
2 6 14
3 0 6
t 216 52
