Use the setting in the following lines to re-create this experiment

{'result_folder_name': 'bonus_2a', 'plot_file_name': '', 'log_file_name': 'bonus_2a_log', 'n_run': 30, 'n_eval': 2000, 'n_pacman': 3, 'n_ghost': 3, 'size_tuple': (10, 15), 'wall_density': 0.25, 'replay_file_name': '0_replay', 'time_multiplier': 2, 'pills_density': 0.5, 'fruit_spawn_probability': 0.05, 'pill_value': 1, 'fruit_score': 10, 'grow_terminal_prob': 0.5, 'over_selection_x': 0.2, 'pacman_max_tree_height': 2, 'pacman_parent_selection': 'os', 'pacman_stable_population': 5, 'pacman_offspring_population': 50, 'n_pacman_parent': 4, 'pacman_survival_selection': 'trunc', 'pacman_survival_k': 15, 'pacman_parsimony_pressure': 2, 'pacman_share_controller': True, 'ghost_max_tree_height': 2, 'ghost_parent_selection': 'os', 'ghost_stable_population': 5, 'ghost_offspring_population': 50, 'n_ghost_parent': 2, 'ghost_survival_selection': 'trunc', 'ghost_survival_k': 15, 'ghost_parsimony_pressure': 2, 'ghost_share_controller': True, 'convergence_n_eval': None, 'seed': '2018-12-03 13:36:34.728622'}

Result Log

Run 0
5	3.8204081632653057	18
55	2.693877551020408	20
105	0.21224489795918366	11
155	0.5028571428571428	10
205	0.21224489795918366	18
255	0.6465306122448979	24
305	0.3983673469387755	34
355	0.17632653061224488	12
405	0.20734693877551016	19
455	0.30530612244897953	16
505	0.13877551020408163	28
555	0.5812244897959183	20
605	0.17795918367346936	15
655	0.4522448979591836	25
705	0.6465306122448979	25
755	0.5681632653061225	24
805	0.47673469387755096	29
855	0.6612244897959184	22
905	0.9828571428571429	59
955	0.6726530612244898	37
1005	0.2677551020408163	24
1055	0.27755102040816326	18
1105	0.623673469387755	21
1155	0.31836734693877555	12
1205	0.35265306122448975	19
1255	0.41469387755102033	24
1305	0.390204081632653	16
1355	0.14204081632653062	7
1405	0.49469387755102034	23
1455	0.21387755102040815	16
1505	0.24326530612244895	18
1555	0.11918367346938774	9
1605	0.4277551020408162	19
1655	0.1387755102040816	9
1705	0.2546938775510204	11
1755	0.14530612244897959	12
1805	0.3395918367346939	17
1855	0.2595918367346939	20
1905	0.1583673469387755	9
1955	0.33306122448979586	29
2005	0.34285714285714275	10

Run 1
5	0.0	49
55	1.16734693877551	136
105	0.863673469387755	135
155	0.3053061224489796	123
205	0.21551020408163266	108
255	0.550204081632653	130
305	0.5240816326530612	128
355	0.7624489795918368	116
405	0.556734693877551	97
455	0.2710204081632653	112
505	0.2710204081632652	128
555	0.38367346938775504	127
605	0.5681632653061225	136
655	0.35265306122448975	130
705	0.30857142857142855	129
755	0.38693877551020406	137
805	0.27591836734693875	126
855	0.7412244897959184	135
905	1.320816326530612	138
955	0.5599999999999999	132
1005	0.4620408163265306	54
1055	0.40979591836734686	107
1105	0.3689795918367346	129
1155	0.620408163265306	120
1205	0.5991836734693876	133
1255	0.15183673469387754	136
1305	0.3820408163265306	128
1355	0.4473469387755102	96
1405	0.6122448979591837	124
1455	0.310204081632653	132
1505	0.41142857142857137	123
1555	0.2824489795918367	123
1605	0.05877551020408164	140
1655	0.7036734693877551	138
1705	1.2228571428571429	61
1755	0.6628571428571428	132
1805	0.3346938775510204	113
1855	0.40326530612244893	130
1905	0.3853061224489796	72
1955	0.44897959183673464	115
2005	0.7346938775510203	133

Run 2
5	1.7632653061224488	36
55	2.045714285714286	81
105	0.16	67
155	0.36408163265306115	138
205	0.13877551020408163	91
255	0.09306122448979591	33
305	0.5485714285714286	38
355	0.3510204081632653	113
405	0.5142857142857142	94
455	0.19918367346938773	92
505	0.8799999999999999	81
555	0.23673469387755097	72
605	0.5453061224489795	63
655	0.15020408163265306	79
705	0.18612244897959182	57
755	0.4065306122448979	96
805	0.12408163265306121	118
855	0.23836734693877548	46
905	0.7640816326530612	48
955	0.10938775510204081	30
1005	0.31999999999999995	98
1055	0.7477551020408163	123
1105	0.1551020408163265	154
1155	0.0653061224489796	109
1205	0.4881632653061224	83
1255	0.5322448979591836	90
1305	0.6563265306122449	81
1355	0.21551020408163268	85
1405	1.080816326530612	65
1455	0.19265306122448977	41
1505	0.1893877551020408	99
1555	0.7657142857142857	91
1605	0.396734693877551	65
1655	0.9093877551020408	143
1705	0.3346938775510204	114
1755	0.4669387755102041	87
1805	0.2089795918367347	78
1855	0.8799999999999999	112
1905	0.048979591836734684	158
1955	0.12897959183673469	65
2005	0.4261224489795918	70

Run 3
5	0.27755102040816326	17
55	1.1216326530612242	42
105	0.710204081632653	39
155	0.5012244897959183	35
205	0.0816326530612245	21
255	2.0799999999999996	37
305	1.619591836734694	26
355	1.5134693877551022	28
405	0.5991836734693877	48
455	1.2522448979591834	37
505	0.6024489795918366	56
555	1.8628571428571425	24
605	2.373877551020408	38
655	1.3110204081632653	29
705	0.09959183673469386	26
755	0.64	68
805	1.7828571428571431	29
855	2.768979591836734	42
905	1.2963265306122447	45
955	2.5534693877551016	39
1005	1.3730612244897957	108
1055	1.0465306122448979	30
1105	2.3395918367346926	22
1155	1.9085714285714284	52
1205	2.021224489795918	25
1255	0.32979591836734684	46
1305	2.804897959183673	103
1355	1.8938775510204073	41
1405	1.4661224489795917	28
1455	2.2922448979591836	44
1505	2.7395918367346934	59
1555	1.0742857142857145	48
1605	2.1632653061224487	41
1655	2.223673469387755	37
1705	1.480816326530612	27
1755	0.45877551020408164	28
1805	0.6938775510204082	47
1855	0.690612244897959	48
1905	1.4612244897959181	28
1955	0.7314285714285714	40
2005	1.7012244897959181	24

Run 4
5	4.310204081632652	64
55	5.3567346938775495	133
105	0.9730612244897959	144
155	0.4897959183673469	143
205	0.6693877551020406	139
255	0.6955102040816326	157
305	0.8016326530612246	145
355	1.8057142857142858	145
405	1.2734693877551018	142
455	0.49469387755102034	145
505	0.9322448979591837	152
555	0.8048979591836735	140
605	0.6155102040816325	131
655	0.35591836734693877	151
705	0.3722448979591836	145
755	1.1820408163265306	148
805	0.5420408163265306	151
855	0.41142857142857137	147
905	0.8946938775510204	150
955	0.633469387755102	139
1005	0.6399999999999999	133
1055	0.07183673469387755	139
1105	0.47183673469387755	145
1155	0.4620408163265306	157
1205	0.6465306122448979	149
1255	0.9861224489795916	156
1305	0.11755102040816326	142
1355	0.7265306122448979	145
1405	0.29387755102040813	157
1455	0.40489795918367344	150
1505	1.1216326530612242	138
1555	1.2653061224489794	147
1605	1.244081632653061	148
1655	0.6726530612244898	157
1705	1.337142857142857	143
1755	0.44408163265306116	139
1805	2.210612244897959	140
1855	0.7608163265306124	140
1905	0.7967346938775509	150
1955	0.623673469387755	149
2005	1.467755102040816	143

Run 5
5	0.34285714285714286	21
55	1.0775510204081633	79
105	0.5926530612244898	53
155	1.3371428571428572	48
205	0.4310204081632653	61
255	0.8897959183673467	52
305	0.14693877551020407	33
355	0.7085714285714285	59
405	0.6171428571428571	37
455	0.9665306122448979	40
505	1.0710204081632653	40
555	0.17142857142857143	35
605	0.6987755102040816	40
655	0.7167346938775511	38
705	0.6987755102040815	38
755	0.06367346938775512	36
805	0.3036734693877551	50
855	0.5942857142857143	53
905	0.4963265306122448	39
955	0.4848979591836734	50
1005	0.7134693877551019	34
1055	0.41142857142857137	55
1105	0.3477551020408163	59
1155	1.3044897959183674	55
1205	0.29061224489795917	32
1255	0.7853061224489793	42
1305	0.4897959183673468	39
1355	0.18285714285714286	65
1405	0.2497959183673469	42
1455	0.7608163265306122	53
1505	0.41795918367346935	42
1555	0.8065306122448979	50
1605	0.6514285714285714	68
1655	0.979591836734694	40
1705	0.7836734693877552	61
1755	0.29387755102040813	34
1805	0.48	38
1855	0.4097959183673469	56
1905	0.22693877551020403	37
1955	0.24653061224489792	42
2005	1.0873469387755101	50

Run 6
5	0.08163265306122448	15
55	0.5289795918367346	38
105	0.13877551020408163	55
155	0.20897959183673467	23
205	0.06204081632653061	27
255	0.22693877551020405	70
305	0.4979591836734693	56
355	0.2171428571428571	43
405	0.06204081632653061	11
455	0.06040816326530611	71
505	0.029387755102040815	5
555	0.6057142857142856	57
605	0.4195918367346938	73
655	0.34612244897959177	65
705	0.18122448979591835	59
755	0.07346938775510203	59
805	0.03428571428571429	61
855	0.07673469387755104	11
905	0.20244897959183672	67
955	0.1404081632653061	68
1005	0.33795918367346933	55
1055	0.5142857142857141	88
1105	0.29061224489795917	74
1155	0.3526530612244897	54
1205	0.10612244897959185	63
1255	0.3248979591836735	57
1305	0.15183673469387754	75
1355	0.1485714285714286	31
1405	0.4261224489795918	43
1455	0.2677551020408162	56
1505	0.17795918367346936	12
1555	0.04408163265306122	16
1605	0.14857142857142858	16
1655	0.040816326530612235	73
1705	0.27918367346938766	78
1755	0.12408163265306124	74
1805	0.07183673469387755	13
1855	0.03918367346938777	11
1905	0.3804081632653061	68
1955	0.0636734693877551	55
2005	0.08653061224489797	17

Run 7
5	0.04897959183673469	12
55	1.0318367346938775	45
105	0.18122448979591838	41
155	0.07346938775510203	59
205	0.5289795918367346	46
255	0.2595918367346939	62
305	0.35918367346938773	11
355	0.16163265306122448	7
405	0.2187755102040816	59
455	0.41142857142857137	53
505	0.40163265306122453	58
555	0.045714285714285714	63
605	0.3836734693877551	51
655	0.5632653061224488	46
705	0.5159183673469387	44
755	0.3248979591836735	69
805	0.5028571428571429	12
855	0.8179591836734693	52
905	0.3444897959183673	53
955	0.899591836734694	59
1005	0.9322448979591834	64
1055	0.24326530612244895	56
1105	0.5926530612244897	52
1155	0.10775510204081633	54
1205	0.6302040816326531	47
1255	0.44897959183673464	58
1305	0.6073469387755102	65
1355	0.3951020408163265	41
1405	0.3951020408163266	39
1455	0.18285714285714286	36
1505	0.3820408163265306	60
1555	0.14530612244897959	8
1605	0.5061224489795918	42
1655	0.8326530612244896	35
1705	0.3657142857142857	58
1755	0.6351020408163265	57
1805	0.3346938775510204	53
1855	0.30857142857142855	13
1905	0.49306122448979584	65
1955	0.5453061224489795	37
2005	0.2726530612244898	138

Run 8
5	0.0	4
55	0.21714285714285708	8
105	0.3967346938775509	22
155	0.4195918367346939	38
205	0.33795918367346933	17
255	0.23510204081632652	28
305	0.7787755102040816	17
355	0.12897959183673469	25
405	0.39673469387755106	14
455	0.2840816326530612	15
505	0.07999999999999999	15
555	0.3004081632653061	17
605	0.40653061224489795	45
655	0.316734693877551	14
705	0.6253061224489795	21
755	0.23673469387755097	27
805	0.16653061224489796	12
855	0.6024489795918366	22
905	0.1893877551020408	18
955	0.4097959183673469	34
1005	0.4244897959183673	20
1055	0.2497959183673469	41
1105	0.20571428571428568	19
1155	0.46367346938775506	48
1205	0.07183673469387754	21
1255	0.23020408163265305	21
1305	0.10938775510204081	24
1355	0.47346938775510206	31
1405	0.0	26
1455	0.4	30
1505	0.24326530612244895	11
1555	0.6187755102040816	18
1605	0.2808163265306122	10
1655	0.13551020408163264	68
1705	0.6318367346938776	20
1755	0.5142857142857143	17
1805	0.5518367346938775	20
1855	0.3689795918367346	18
1905	0.43265306122448977	13
1955	0.10775510204081633	80
2005	0.37387755102040815	18

Run 9
5	0.19591836734693877	14
55	0.4685714285714285	39
105	0.6432653061224489	79
155	0.05224489795918366	49
205	0.17306122448979588	37
255	0.11755102040816326	42
305	0.18122448979591838	37
355	0.390204081632653	47
405	0.0065306122448979586	30
455	0.0914285714285714	15
505	0.0489795918367347	32
555	0.2710204081632653	39
605	0.2253061224489796	25
655	0.23999999999999996	38
705	0.29551020408163264	43
755	0.0473469387755102	29
805	0.2236734693877551	42
855	0.21061224489795916	37
905	0.06204081632653061	45
955	0.1877551020408163	46
1005	0.4767346938775511	43
1055	0.4310204081632653	25
1105	0.04244897959183673	42
1155	0.23510204081632652	29
1205	0.24326530612244895	21
1255	0.29061224489795917	30
1305	0.11591836734693878	30
1355	0.5485714285714285	22
1405	0.29551020408163264	33
1455	0.3640816326530612	31
1505	0.25795918367346937	120
1555	0.15346938775510202	51
1605	0.5142857142857142	43
1655	0.20571428571428568	46
1705	0.1910204081632653	39
1755	0.1404081632653061	39
1805	0.3657142857142857	30
1855	0.23346938775510204	36
1905	0.09959183673469388	37
1955	0.5240816326530612	50
2005	0.21061224489795916	29

Run 10
5	0.3755102040816326	23
55	1.1330612244897953	51
105	0.4228571428571428	26
155	0.7134693877551019	12
205	0.4538775510204081	11
255	0.3657142857142857	12
305	0.23020408163265302	4
355	0.3444897959183673	11
405	0.16489795918367345	13
455	0.3591836734693878	13
505	0.6057142857142858	11
555	0.39346938775510204	12
605	0.6351020408163265	23
655	0.540408163265306	22
705	0.25469387755102035	12
755	0.33306122448979586	14
805	0.5387755102040817	11
855	0.24489795918367346	7
905	0.3951020408163265	12
955	0.3248979591836735	10
1005	0.19428571428571428	11
1055	0.5991836734693877	20
1105	0.15183673469387754	27
1155	0.4669387755102041	21
1205	0.3787755102040816	18
1255	0.3657142857142857	7
1305	0.07673469387755102	11
1355	0.4832653061224489	17
1405	0.28571428571428564	19
1455	0.3787755102040816	12
1505	0.24653061224489797	14
1555	0.3363265306122449	18
1605	0.27918367346938777	16
1655	0.21551020408163268	9
1705	0.18612244897959182	2
1755	0.2497959183673469	6
1805	0.27591836734693875	12
1855	0.4	13
1905	0.5763265306122449	25
1955	0.4636734693877551	18
2005	0.7575510204081631	13

Run 11
5	0.39183673469387753	6
55	0.8032653061224488	57
105	0.1893877551020408	47
155	0.2661224489795918	46
205	0.6922448979591835	50
255	0.8391836734693875	40
305	1.0155102040816326	52
355	0.6857142857142857	50
405	1.017142857142857	63
455	0.5355102040816326	26
505	0.1844897959183673	43
555	0.22204081632653058	43
605	0.4163265306122449	45
655	0.2726530612244898	43
705	0.23020408163265305	61
755	0.5583673469387754	60
805	0.6334693877551021	49
855	0.2644897959183673	49
905	0.2791836734693877	43
955	0.28734693877551015	38
1005	1.1608163265306124	85
1055	0.32163265306122446	63
1105	0.40489795918367333	80
1155	0.27918367346938777	66
1205	0.30530612244897953	26
1255	0.4146938775510204	53
1305	0.9208163265306121	48
1355	0.7248979591836732	46
1405	0.18448979591836737	65
1455	0.8375510204081631	56
1505	0.3314285714285714	40
1555	0.4881632653061224	64
1605	0.8424489795918367	61
1655	0.04244897959183673	4
1705	0.5681632653061225	60
1755	0.5926530612244898	18
1805	0.6644897959183673	64
1855	0.8212244897959183	114
1905	0.17632653061224488	49
1955	0.4277551020408163	59
2005	0.11755102040816327	47

Run 12
5	1.4693877551020407	29
55	2.496326530612244	40
105	0.11918367346938774	21
155	1.077551020408163	78
205	0.6236734693877551	44
255	0.2661224489795918	16
305	0.4359183673469388	20
355	0.14857142857142855	25
405	0.4685714285714285	33
455	0.3069387755102041	38
505	0.3036734693877551	63
555	0.05877551020408163	3
605	0.8734693877551019	76
655	1.0171428571428571	81
705	0.30693877551020404	31
755	0.5126530612244897	22
805	0.6726530612244894	95
855	0.4342857142857142	92
905	0.5812244897959183	56
955	1.3420408163265305	46
1005	0.46204081632653066	22
1055	1.606530612244898	61
1105	1.2244897959183674	43
1155	0.4473469387755102	82
1205	0.8767346938775509	55
1255	0.5616326530612246	26
1305	0.11591836734693876	93
1355	0.07673469387755101	71
1405	0.6971428571428571	99
1455	0.8832653061224487	40
1505	1.1428571428571428	62
1555	0.36244897959183675	27
1605	0.4163265306122449	39
1655	0.21551020408163268	33
1705	0.33795918367346933	19
1755	0.1404081632653061	49
1805	0.303673469387755	35
1855	0.40326530612244893	62
1905	0.34612244897959177	28
1955	0.31510204081632653	67
2005	0.2595918367346939	73

Run 13
5	0.7510204081632652	46
55	0.8391836734693878	72
105	0.055510204081632646	71
155	0.016326530612244896	67
205	0.15183673469387754	77
255	0.048979591836734684	103
305	0.7379591836734692	44
355	0.35918367346938773	61
405	0.35265306122448975	60
455	0.8587755102040816	66
505	0.3248979591836734	55
555	0.380408163265306	62
605	0.05877551020408163	79
655	0.7053061224489795	83
705	0.5322448979591836	68
755	0.4848979591836734	73
805	1.1216326530612244	70
855	0.780408163265306	85
905	0.5436734693877551	70
955	0.24	63
1005	0.3804081632653061	74
1055	0.20408163265306117	56
1105	0.20734693877551016	56
1155	0.32326530612244897	71
1205	0.7591836734693878	87
1255	0.3722448979591836	61
1305	0.7281632653061224	72
1355	0.5110204081632653	96
1405	0.3053061224489796	119
1455	0.8538775510204082	73
1505	1.4122448979591837	68
1555	0.24653061224489792	71
1605	0.37387755102040815	46
1655	0.7085714285714285	62
1705	0.2530612244897959	139
1755	0.5485714285714285	59
1805	0.4636734693877551	67
1855	0.1746938775510204	81
1905	0.3297959183673469	46
1955	0.316734693877551	81
2005	0.24326530612244895	95

Run 14
5	0.35918367346938773	31
55	2.4685714285714284	72
105	0.3248979591836734	33
155	0.5224489795918367	31
205	0.13551020408163264	21
255	0.20897959183673467	32
305	0.5273469387755101	31
355	0.35755102040816317	23
405	0.27265306122448973	30
455	0.17306122448979588	29
505	0.21714285714285708	26
555	0.35755102040816333	26
605	0.6726530612244896	27
655	0.33306122448979586	37
705	0.2253061224489796	36
755	0.2253061224489796	24
805	0.20734693877551016	28
855	0.4555102040816326	26
905	0.43755102040816324	27
955	0.27755102040816326	22
1005	0.0032653061224489793	23
1055	0.3265306122448979	21
1105	0.27265306122448973	27
1155	0.4604081632653061	41
1205	0.4636734693877551	27
1255	0.4620408163265305	22
1305	0.43591836734693873	22
1355	0.31999999999999995	31
1405	0.5812244897959183	29
1455	0.3330612244897959	24
1505	0.25632653061224486	35
1555	0.6383673469387755	34
1605	0.15510204081632653	29
1655	0.3836734693877551	28
1705	0.3787755102040816	21
1755	0.5697959183673469	24
1805	0.4783673469387755	29
1855	0.15020408163265306	26
1905	0.027755102040816326	33
1955	0.310204081632653	24
2005	0.3395918367346939	21

Run 15
5	2.204081632653061	8
55	2.261224489795918	83
105	0.2808163265306122	63
155	0.5273469387755102	57
205	0.08979591836734693	49
255	0.9534693877551019	66
305	0.04244897959183673	60
355	0.24326530612244895	51
405	0.24653061224489792	49
455	0.6677551020408162	70
505	0.790204081632653	67
555	0.7461224489795917	49
605	0.4799999999999999	46
655	0.35591836734693877	43
705	1.1461224489795918	72
755	0.37714285714285717	73
805	0.27755102040816326	55
855	0.2612244897959183	62
905	0.31836734693877555	81
955	0.41142857142857137	60
1005	0.38857142857142846	35
1055	0.46857142857142864	25
1105	0.15020408163265306	42
1155	0.28244897959183674	50
1205	0.553469387755102	46
1255	0.2808163265306122	92
1305	0.3706122448979592	56
1355	1.40734693877551	57
1405	0.0489795918367347	46
1455	0.2546938775510204	76
1505	0.22040816326530613	55
1555	0.4473469387755102	54
1605	0.13714285714285712	66
1655	0.43918367346938775	51
1705	0.23836734693877545	28
1755	0.4408163265306122	49
1805	0.13224489795918365	71
1855	0.38204081632653064	62
1905	0.04244897959183673	85
1955	1.1412244897959183	71
2005	0.2122448979591837	63

Run 16
5	0.0	113
55	0.0816326530612245	119
105	0.14857142857142855	128
155	0.1583673469387755	122
205	0.6448979591836733	39
255	0.12897959183673469	140
305	0.05224489795918367	125
355	0.2938775510204081	140
405	0.41142857142857137	145
455	0.316734693877551	82
505	0.14857142857142858	139
555	0.26285714285714284	118
605	0.34285714285714275	124
655	0.6938775510204082	29
705	0.33306122448979586	107
755	0.41142857142857137	101
805	0.6399999999999999	100
855	0.18775510204081633	131
905	0.5763265306122449	137
955	0.30857142857142855	136
1005	0.5028571428571429	30
1055	0.18612244897959182	122
1105	0.27265306122448973	139
1155	0.15020408163265306	21
1205	0.20081632653061224	124
1255	0.5910204081632652	128
1305	0.11755102040816326	137
1355	0.4130612244897959	138
1405	0.2775510204081632	135
1455	0.14693877551020407	111
1505	0.3330612244897959	25
1555	0.18122448979591838	142
1605	0.23020408163265302	28
1655	0.4587755102040816	21
1705	0.3363265306122448	112
1755	0.08653061224489794	132
1805	0.5044897959183673	127
1855	0.25795918367346937	121
1905	0.07510204081632653	133
1955	0.20571428571428566	115
2005	0.2253061224489796	119

Run 17
5	0.5877551020408163	29
55	1.3077551020408162	47
105	0.489795918367347	86
155	0.9812244897959184	26
205	0.556734693877551	33
255	0.7869387755102041	70
305	0.2971428571428571	83
355	1.0367346938775508	42
405	0.08	19
455	0.5061224489795919	24
505	0.5551020408163265	104
555	1.0628571428571425	61
605	0.4130612244897959	115
655	0.556734693877551	105
705	0.9926530612244895	62
755	0.6922448979591834	31
805	0.32	94
855	0.233469387755102	19
905	0.4897959183673469	77
955	0.41142857142857137	129
1005	0.6546938775510205	88
1055	0.9208163265306121	93
1105	0.5436734693877551	84
1155	0.7510204081632653	105
1205	0.8914285714285712	50
1255	0.2253061224489796	75
1305	0.17632653061224488	56
1355	0.2220408163265306	84
1405	0.6661224489795916	74
1455	0.6285714285714286	34
1505	0.3787755102040816	15
1555	0.4114285714285715	83
1605	1.1591836734693877	90
1655	0.5077551020408163	88
1705	0.32979591836734684	65
1755	0.4473469387755102	102
1805	0.636734693877551	27
1855	0.29877551020408166	21
1905	0.06857142857142856	97
1955	0.4489795918367346	65
2005	0.7575510204081632	75

Run 18
5	0.19591836734693877	58
55	0.710204081632653	100
105	0.5044897959183673	100
155	0.9632653061224488	62
205	0.3183673469387755	90
255	0.23020408163265305	107
305	0.41469387755102033	37
355	0.36408163265306115	114
405	0.4342857142857142	102
455	0.7657142857142856	88
505	0.4685714285714285	16
555	0.1877551020408163	92
605	0.2677551020408163	12
655	0.2171428571428571	96
705	0.4244897959183673	109
755	0.3575510204081633	95
805	0.3657142857142857	79
855	0.4375510204081632	91
905	0.14204081632653062	94
955	0.3918367346938776	90
1005	0.24653061224489792	17
1055	0.27428571428571424	89
1105	0.6530612244897958	72
1155	0.45224489795918366	81
1205	0.4097959183673469	17
1255	0.3999999999999999	117
1305	0.27755102040816326	81
1355	0.47510204081632645	72
1405	0.4016326530612245	32
1455	0.08163265306122447	128
1505	0.6253061224489795	73
1555	0.6677551020408162	80
1605	0.2857142857142857	76
1655	0.396734693877551	20
1705	0.12734693877551018	13
1755	0.38693877551020406	86
1805	0.34612244897959177	90
1855	0.5893877551020408	88
1905	0.2791836734693877	23
1955	0.6122448979591837	84
2005	0.3363265306122449	104

Run 19
5	0.0	6
55	0.2514285714285714	44
105	0.3542857142857143	38
155	0.15510204081632653	31
205	0.6057142857142856	31
255	0.32326530612244897	30
305	0.055510204081632646	48
355	0.2122448979591837	38
405	0.3885714285714286	26
455	0.5991836734693878	46
505	0.6448979591836735	29
555	0.37224489795918364	25
605	0.31999999999999995	20
655	0.5453061224489795	30
705	0.4897959183673469	29
755	0.30693877551020404	76
805	0.4293877551020408	46
855	0.5714285714285715	21
905	0.5257142857142857	26
955	0.46367346938775506	32
1005	0.6661224489795916	41
1055	0.5779591836734693	28
1105	0.19428571428571428	19
1155	0.3461224489795919	27
1205	0.6514285714285714	25
1255	0.3624489795918367	36
1305	0.34775510204081633	34
1355	0.2644897959183673	55
1405	0.563265306122449	33
1455	0.44244897959183666	40
1505	0.3346938775510203	38
1555	0.6008163265306122	27
1605	0.6171428571428571	29
1655	0.5306122448979591	32
1705	0.24326530612244895	25
1755	0.4408163265306122	34
1805	0.6122448979591837	28
1855	0.4440816326530612	32
1905	1.0024489795918365	26
1955	0.29714285714285715	31
2005	0.36897959183673473	26

Run 20
5	0.0	6
55	0.3363265306122449	16
105	0.30367346938775513	17
155	0.35918367346938773	14
205	0.34612244897959177	17
255	0.39836734693877546	13
305	0.14367346938775508	15
355	0.4457142857142857	16
405	0.0783673469387755	22
455	0.5208163265306122	21
505	0.35265306122448975	14
555	0.026122448979591834	10
605	0.27591836734693875	28
655	0.690612244897959	28
705	0.5257142857142856	19
755	0.23510204081632652	32
805	0.10448979591836735	10
855	0.15020408163265306	20
905	0.13877551020408163	41
955	0.2204081632653061	15
1005	0.2938775510204081	15
1055	0.34612244897959177	16
1105	0.28897959183673466	19
1155	0.3542857142857143	14
1205	0.08489795918367346	22
1255	0.6971428571428572	20
1305	0.32489795918367337	12
1355	0.5240816326530612	20
1405	0.13224489795918365	17
1455	0.017959183673469385	16
1505	0.2253061224489796	19
1555	0.25795918367346937	21
1605	0.16326530612244894	14
1655	0.3575510204081633	10
1705	0.2693877551020408	18
1755	0.5126530612244897	29
1805	0.6481632653061224	23
1855	0.20734693877551016	16
1905	0.22367346938775504	18
1955	0.3053061224489796	19
2005	0.3951020408163265	27

Run 21
5	2.057142857142857	11
55	2.445714285714285	39
105	0.20571428571428568	35
155	0.9061224489795917	41
205	0.3281632653061224	49
255	0.3706122448979592	61
305	0.39346938775510204	44
355	0.4130612244897959	28
405	0.0473469387755102	40
455	0.31836734693877544	41
505	0.3624489795918367	44
555	0.48816326530612236	51
605	0.11755102040816326	42
655	0.13387755102040816	29
705	0.09306122448979591	43
755	0.7151020408163267	57
805	0.30530612244897953	69
855	0.16163265306122448	58
905	0.19918367346938773	48
955	0.38857142857142857	31
1005	0.3265306122448979	44
1055	0.6138775510204081	59
1105	0.0	31
1155	0.23673469387755097	54
1205	0.37387755102040815	49
1255	0.10285714285714284	30
1305	0.3951020408163265	71
1355	0.4146938775510204	30
1405	0.6530612244897958	36
1455	0.2563265306122449	29
1505	0.29551020408163264	42
1555	0.4751020408163265	56
1605	0.2775510204081632	49
1655	0.48489795918367334	42
1705	0.07020408163265306	32
1755	0.1583673469387755	39
1805	0.11755102040816326	45
1855	0.06857142857142856	17
1905	0.8163265306122449	37
1955	0.11265306122448977	16
2005	0.26938775510204077	29

Run 22
5	4.751020408163265	21
55	3.0269387755102035	35
105	1.030204081632653	54
155	0.653061224489796	48
205	0.3265306122448979	28
255	0.9648979591836735	62
305	0.630204081632653	78
355	0.303673469387755	77
405	0.9795918367346936	58
455	0.2465306122448979	56
505	0.37061224489795913	33
555	0.38367346938775504	50
605	0.6106122448979591	106
655	0.60734693877551	48
705	1.3240816326530611	57
755	0.0783673469387755	24
805	1.58204081632653	71
855	0.7755102040816325	55
905	0.2938775510204081	33
955	0.4391836734693878	38
1005	1.237551020408163	32
1055	0.7559183673469385	40
1105	0.24489795918367346	10
1155	1.084081632653061	71
1205	0.2530612244897959	88
1255	0.3346938775510203	41
1305	0.5648979591836735	42
1355	0.7951020408163265	47
1405	0.7020408163265306	70
1455	0.4310204081632653	42
1505	0.28897959183673466	66
1555	1.2114285714285713	74
1605	0.4995918367346939	53
1655	0.3118367346938775	79
1705	0.6546938775510204	52
1755	0.537142857142857	72
1805	0.5714285714285715	69
1855	0.27265306122448973	48
1905	0.3363265306122449	24
1955	0.21714285714285717	64
2005	0.4195918367346938	37

Run 23
5	2.9387755102040813	67
55	2.295510204081632	94
105	0.5746938775510203	134
155	0.6351020408163265	104
205	1.5967346938775506	127
255	0.9534693877551021	87
305	0.36408163265306115	142
355	0.17795918367346936	112
405	1.0938775510204082	101
455	0.21061224489795916	95
505	0.44244897959183666	86
555	1.6620408163265308	100
605	0.9861224489795916	126
655	0.47836734693877536	121
705	0.9273469387755103	92
755	0.2546938775510204	123
805	1.0008163265306123	95
855	0.7885714285714285	81
905	0.19265306122448977	85
955	0.873469387755102	121
1005	0.29387755102040813	94
1055	0.9648979591836732	131
1105	0.31510204081632653	121
1155	0.7428571428571428	97
1205	0.5599999999999999	165
1255	0.8702040816326531	83
1305	0.9648979591836734	106
1355	1.3534693877551018	132
1405	0.9812244897959184	107
1455	1.2457142857142856	119
1505	1.9183673469387754	140
1555	1.3551020408163261	112
1605	1.469387755102041	145
1655	0.6514285714285714	106
1705	0.8	104
1755	0.7444897959183675	119
1805	0.7559183673469388	110
1855	0.4669387755102041	130
1905	0.17959183673469387	119
1955	1.2244897959183674	125
2005	0.5583673469387754	85

Run 24
5	0.0	1
55	0.13224489795918365	47
105	0.057142857142857134	2
155	0.12897959183673469	25
205	0.08816326530612244	6
255	0.38857142857142857	18
305	0.42122448979591837	53
355	0.15020408163265306	27
405	0.1893877551020408	35
455	0.0	6
505	0.10775510204081633	11
555	0.4506122448979591	14
605	0.1877551020408163	30
655	0.14367346938775508	33
705	0.053877551020408164	18
755	0.05877551020408163	10
805	0.022857142857142857	13
855	0.16816326530612244	61
905	0.156734693877551	11
955	0.4538775510204081	47
1005	0.021224489795918365	4
1055	0.25795918367346937	16
1105	0.5616326530612245	19
1155	0.3183673469387755	14
1205	0.3493877551020408	54
1255	0.12408163265306121	14
1305	0.49306122448979584	51
1355	0.14693877551020407	13
1405	0.08653061224489794	16
1455	0.0	10
1505	0.013061224489795917	35
1555	0.045714285714285714	7
1605	0.004897959183673469	12
1655	0.008163265306122448	4
1705	0.1257142857142857	62
1755	0.48	56
1805	0.0032653061224489793	7
1855	0.022857142857142857	40
1905	0.019591836734693877	3
1955	0.2791836734693877	72
2005	0.014693877551020407	13

Run 25
5	0.14693877551020407	5
55	0.5518367346938775	22
105	0.23020408163265302	23
155	0.008163265306122448	16
205	0.33795918367346933	14
255	0.14530612244897959	23
305	0.28408163265306124	32
355	0.15183673469387754	16
405	0.4522448979591836	21
455	0.13224489795918365	26
505	0.40326530612244893	15
555	0.21061224489795916	21
605	0.3918367346938776	40
655	0.13387755102040816	15
705	0.2595918367346939	17
755	0.16979591836734695	46
805	0.26122448979591834	35
855	0.310204081632653	24
905	0.17795918367346936	59
955	0.29387755102040813	43
1005	0.3640816326530612	24
1055	0.17795918367346936	27
1105	0.2661224489795918	20
1155	0.08326530612244898	20
1205	0.35265306122448975	21
1255	0.2808163265306122	13
1305	0.28734693877551015	16
1355	0.43591836734693873	16
1405	0.0620408163265306	21
1455	0.014693877551020407	24
1505	0.17795918367346936	17
1555	0.17632653061224488	40
1605	0.3542857142857143	16
1655	0.29551020408163264	27
1705	0.07673469387755101	19
1755	0.27428571428571424	28
1805	0.11265306122448977	18
1855	0.10612244897959183	16
1905	0.22857142857142854	37
1955	0.22367346938775504	16
2005	0.25469387755102035	15

Run 26
5	1.6163265306122447	29
55	1.826938775510204	39
105	0.3118367346938775	66
155	0.44244897959183666	60
205	0.6955102040816326	60
255	0.5991836734693876	69
305	0.7314285714285714	60
355	0.2644897959183673	75
405	0.2824489795918366	27
455	0.4734693877551019	68
505	0.8032653061224488	51
555	0.21551020408163266	35
605	0.14530612244897959	72
655	0.13551020408163264	35
705	0.156734693877551	26
755	0.4718367346938775	58
805	0.2595918367346938	35
855	0.23510204081632652	49
905	0.2791836734693877	59
955	0.2906122448979591	43
1005	0.41142857142857137	57
1055	0.15346938775510202	31
1105	0.4522448979591836	42
1155	0.34285714285714275	59
1205	0.34612244897959177	27
1255	0.05387755102040815	45
1305	0.2644897959183673	64
1355	0.10285714285714284	56
1405	0.1746938775510204	56
1455	0.23183673469387756	35
1505	0.07510204081632653	49
1555	0.5877551020408163	57
1605	0.42285714285714276	38
1655	1.0220408163265307	41
1705	0.12081632653061224	50
1755	0.18285714285714286	37
1805	0.5387755102040815	43
1855	0.3297959183673469	67
1905	0.49469387755102034	50
1955	0.11755102040816326	33
2005	0.3575510204081633	48

Run 27
5	1.7632653061224488	46
55	2.4391836734693877	67
105	0.23510204081632652	75
155	0.30204081632653057	69
205	0.2808163265306122	85
255	0.4636734693877551	88
305	0.7559183673469387	80
355	1.020408163265306	69
405	0.2922448979591837	109
455	0.5322448979591836	119
505	0.6971428571428571	59
555	0.4097959183673469	62
605	1.103673469387755	64
655	0.4865306122448979	73
705	0.8587755102040815	61
755	0.21877551020408162	89
805	0.49469387755102034	81
855	0.5224489795918367	79
905	1.3077551020408162	134
955	0.6432653061224489	96
1005	0.4097959183673469	71
1055	0.4751020408163265	82
1105	0.07346938775510203	57
1155	0.6285714285714286	62
1205	0.6351020408163265	76
1255	0.45224489795918366	67
1305	0.3640816326530612	63
1355	0.0653061224489796	74
1405	0.8865306122448979	60
1455	0.6612244897959184	88
1505	0.9779591836734692	80
1555	0.893061224489796	77
1605	0.18122448979591835	67
1655	0.8702040816326532	92
1705	1.1379591836734695	71
1755	0.7444897959183672	67
1805	0.29387755102040813	73
1855	1.160816326530612	112
1905	0.17142857142857143	69
1955	0.5583673469387755	75
2005	0.7379591836734692	116

Run 28
5	2.351020408163265	16
55	1.769795918367347	20
105	0.14693877551020407	10
155	0.029387755102040815	1
205	0.0	0
255	0.0	1
305	0.0	0
355	0.016326530612244896	2
405	0.23510204081632652	10
455	0.07346938775510203	5
505	0.027755102040816323	1
555	0.07346938775510203	4
605	0.4097959183673469	10
655	0.14693877551020407	16
705	0.06857142857142856	6
755	0.027755102040816323	2
805	0.05061224489795918	10
855	0.0	0
905	0.06530612244897958	4
955	0.11591836734693876	3
1005	0.013061224489795917	6
1055	0.15346938775510202	7
1105	0.05714285714285714	11
1155	0.15183673469387754	10
1205	0.0065306122448979586	1
1255	0.1910204081632653	10
1305	0.3624489795918367	17
1355	0.013061224489795917	2
1405	0.029387755102040815	1
1455	0.10775510204081633	6
1505	0.0	2
1555	0.019591836734693877	1
1605	0.13877551020408163	7
1655	0.026122448979591834	5
1705	0.15999999999999998	6
1755	0.0	0
1805	0.0	0
1855	0.0	0
1905	0.019591836734693877	3
1955	0.0065306122448979586	3
2005	0.026122448979591834	2

Run 29
5	0.03265306122448979	95
55	0.3804081632653061	96
105	0.873469387755102	135
155	0.6334693877551021	100
205	0.2808163265306122	80
255	0.48816326530612253	115
305	0.3657142857142857	99
355	0.5828571428571429	41
405	0.28408163265306124	120
455	0.623673469387755	74
505	0.22367346938775512	98
555	0.11591836734693876	112
605	0.5240816326530612	60
655	0.34285714285714275	102
705	0.3820408163265306	119
755	0.6791836734693877	117
805	0.5730612244897959	96
855	0.23673469387755103	90
905	1.0775510204081633	71
955	0.533877551020408	76
1005	0.20408163265306126	91
1055	1.1248979591836734	77
1105	0.4130612244897959	91
1155	0.27755102040816326	102
1205	0.8799999999999999	106
1255	0.3804081632653061	73
1305	0.8702040816326528	68
1355	0.729795918367347	103
1405	0.40326530612244904	63
1455	0.3151020408163265	99
1505	0.17632653061224488	61
1555	0.303673469387755	102
1605	0.9648979591836735	74
1655	0.1469387755102041	87
1705	0.5257142857142857	115
1755	0.8065306122448979	90
1805	0.3542857142857143	115
1855	0.7004081632653062	109
1905	0.27428571428571424	88
1955	0.4489795918367346	113
2005	0.32163265306122446	84
