10
15
w 4 7
w 9 1
w 3 0
w 9 8
w 5 13
w 0 7
w 0 10
w 8 5
w 3 14
w 4 0
w 8 14
w 4 9
w 3 3
w 8 10
w 1 5
w 0 11
w 7 10
w 1 1
w 9 7
w 4 10
w 7 14
w 8 2
w 5 11
w 4 5
w 9 3
w 3 9
w 2 3
w 8 7
w 6 5
w 5 3
w 6 8
w 8 12
w 9 2
w 2 11
w 1 8
w 8 8
w 3 4
p 7 3
p 5 9
p 1 3
p 6 6
p 7 12
p 8 0
p 8 9
p 6 2
p 3 7
p 7 11
p 5 1
p 0 3
p 1 11
p 5 8
p 7 2
p 6 14
p 9 0
p 5 5
p 2 9
p 8 1
p 5 12
p 4 4
p 3 10
p 7 6
p 6 10
p 1 14
p 5 0
p 0 4
p 3 6
p 1 10
p 2 2
p 4 1
p 5 4
p 0 0
p 1 13
p 4 14
p 0 12
p 9 10
p 0 5
p 1 9
p 6 12
p 1 0
p 0 8
p 4 11
p 0 1
p 9 13
p 3 12
p 4 6
p 3 1
p 0 13
p 5 7
p 2 0
p 4 3
p 1 7
p 5 2
p 8 4
m0 0 14
m1 0 14
m2 0 14
1 9 0
2 9 0
3 9 0
t 300 0
m0 0 14
m1 0 14
m2 0 14
1 8 0
2 8 0
3 8 0
t 299 0
m0 0 14
m1 0 14
m2 0 14
1 7 0
2 7 0
3 7 0
f 2 12
t 298 0
m0 0 14
m1 0 14
m2 0 14
1 6 0
2 6 0
3 6 0
t 297 0
m0 0 14
m1 0 14
m2 0 14
1 5 0
2 5 0
3 5 0
t 296 0
m0 0 14
m1 0 13
m2 0 14
1 5 1
2 5 1
3 5 1
t 295 1
m0 0 14
m1 0 13
m2 0 14
1 4 1
2 4 1
3 4 1
t 294 1
m0 0 14
m1 0 13
m2 0 14
1 3 1
2 3 1
3 3 1
t 293 1
m0 0 13
m1 0 13
m2 0 13
1 2 1
2 2 1
3 2 1
t 292 1
m0 0 14
m1 0 13
m2 0 13
1 2 2
2 2 2
3 2 2
t 291 1
m0 0 13
m1 0 14
m2 0 14
1 1 2
2 1 2
3 1 2
t 290 1
m0 0 14
m1 0 14
m2 0 14
1 0 2
2 0 2
3 0 2
t 289 1
m0 0 13
m1 0 13
m2 0 14
1 0 3
2 0 3
3 0 3
t 288 1
m0 0 13
m1 0 13
m2 0 14
1 0 4
2 0 4
3 0 4
t 287 1
m0 0 14
m1 0 14
m2 0 13
1 0 5
2 0 5
3 0 5
t 286 1
m0 0 13
m1 0 14
m2 0 13
1 0 6
2 0 6
3 0 6
t 285 1
m0 0 14
m1 0 14
m2 0 14
1 1 6
2 1 6
3 1 6
t 284 1
m0 0 13
m1 0 13
m2 0 14
1 0 6
2 0 6
3 0 6
t 283 1
m0 0 14
m1 0 14
m2 0 13
1 1 6
2 1 6
3 1 6
t 282 1
m0 0 14
m1 0 14
m2 0 13
1 0 6
2 0 6
3 0 6
t 281 1
m0 0 13
m1 0 13
m2 0 14
1 1 6
2 1 6
3 1 6
t 280 1
m0 0 14
m1 0 14
m2 0 13
1 0 6
2 0 6
3 0 6
t 279 1
m0 0 14
m1 0 13
m2 0 14
1 1 6
2 1 6
3 1 6
t 278 1
m0 0 14
m1 0 12
m2 0 14
1 0 6
2 0 6
3 0 6
t 277 2
m0 0 14
m1 1 12
m2 0 13
1 1 6
2 1 6
3 1 6
t 276 2
m0 0 13
m1 0 12
m2 0 13
1 0 6
2 0 6
3 0 6
t 275 2
m0 0 12
m1 0 12
m2 0 14
1 1 6
2 1 6
3 1 6
t 274 2
m0 0 12
m1 0 12
m2 0 14
1 0 6
2 0 6
3 0 6
t 273 2
m0 0 12
m1 0 12
m2 0 14
1 1 6
2 1 6
3 1 6
t 272 2
m0 0 12
m1 0 12
m2 0 14
1 0 6
2 0 6
3 0 6
t 271 2
m0 0 13
m1 0 12
m2 0 14
1 1 6
2 1 6
3 1 6
t 270 2
m0 0 13
m1 0 13
m2 0 14
1 0 6
2 0 6
3 0 6
t 269 2
m0 0 14
m1 0 14
m2 0 13
1 1 6
2 1 6
3 1 6
t 268 2
m0 0 14
m1 0 14
m2 0 14
1 0 6
2 0 6
3 0 6
t 267 2
m0 0 14
m1 0 13
m2 0 13
1 1 6
2 1 6
3 1 6
t 266 2
m0 0 14
m1 0 12
m2 0 13
1 0 6
2 0 6
3 0 6
t 265 2
m0 0 14
m1 0 12
m2 0 12
1 1 6
2 1 6
3 1 6
t 264 2
m0 0 14
m1 0 12
m2 1 12
1 1 7
2 1 7
3 1 7
t 263 2
m0 0 14
m1 0 12
m2 0 12
1 2 7
2 2 7
3 2 7
t 262 2
m0 0 14
m1 0 13
m2 1 12
1 1 7
2 1 7
3 1 7
t 261 2
m0 0 13
m1 0 12
m2 1 12
1 2 7
2 2 7
3 2 7
t 260 2
m0 0 14
m1 0 12
m2 0 12
1 1 7
2 1 7
3 1 7
t 259 2
m0 0 14
m1 0 12
m2 0 12
1 2 7
2 2 7
3 2 7
t 258 2
m0 0 13
m1 0 12
m2 0 12
1 1 7
2 1 7
3 1 7
t 257 2
m0 0 13
m1 0 13
m2 0 12
1 2 7
2 2 7
3 2 7
t 256 2
m0 0 14
m1 0 12
m2 0 13
1 1 7
2 1 7
3 1 7
t 255 2
m0 0 14
m1 0 12
m2 0 13
1 2 7
2 2 7
3 2 7
t 254 2
m0 0 14
m1 0 12
m2 0 12
1 1 7
2 1 7
3 1 7
t 253 2
m0 0 13
m1 0 12
m2 0 12
1 2 7
2 2 7
3 2 7
t 252 2
m0 0 12
m1 1 12
m2 0 12
1 1 7
2 1 7
3 1 7
t 251 2
m0 0 12
m1 0 12
m2 0 13
1 2 7
2 2 7
3 2 7
t 250 2
m0 0 12
m1 0 12
m2 0 14
1 1 7
2 1 7
3 1 7
t 249 2
m0 0 12
m1 0 13
m2 0 14
1 2 7
2 2 7
3 2 7
t 248 2
m0 0 12
m1 0 13
m2 0 14
1 1 7
2 1 7
3 1 7
t 247 2
m0 0 12
m1 0 12
m2 0 14
1 2 7
2 2 7
3 2 7
t 246 2
m0 0 12
m1 0 13
m2 0 14
1 1 7
2 1 7
3 1 7
t 245 2
m0 0 12
m1 0 13
m2 0 13
1 2 7
2 2 7
3 2 7
t 244 2
m0 0 12
m1 0 12
m2 0 12
1 1 7
2 1 7
3 1 7
t 243 2
m0 0 12
m1 0 13
m2 0 12
1 2 7
2 2 7
3 2 7
t 242 2
m0 1 12
m1 0 12
m2 0 12
1 1 7
2 1 7
3 1 7
t 241 2
m0 0 12
m1 0 12
m2 0 12
1 2 7
2 2 7
3 2 7
t 240 2
m0 0 12
m1 0 12
m2 1 12
1 1 7
2 1 7
3 1 7
t 239 2
m0 0 12
m1 0 13
m2 0 12
1 2 7
2 2 7
3 2 7
t 238 2
m0 1 12
m1 0 13
m2 0 12
1 1 7
2 1 7
3 1 7
t 237 2
m0 0 12
m1 0 12
m2 0 12
1 2 7
2 2 7
3 2 7
t 236 2
m0 0 12
m1 0 12
m2 1 12
1 1 7
2 1 7
3 1 7
t 235 2
m0 0 12
m1 1 12
m2 0 12
1 2 7
2 2 7
3 2 7
t 234 2
m0 0 12
m1 1 12
m2 0 13
1 1 7
2 1 7
3 1 7
t 233 2
m0 0 12
m1 2 12
m2 0 13
1 2 7
2 2 7
3 2 7
t 232 12
m0 1 12
m1 1 12
m2 0 12
1 1 7
2 1 7
3 1 7
t 231 12
m0 2 12
m1 2 12
m2 0 12
1 2 7
2 2 7
3 2 7
t 230 12
m0 1 12
m1 2 12
m2 0 12
1 2 8
2 2 8
3 2 8
t 229 12
m0 1 12
m1 1 12
m2 0 12
1 2 9
2 2 9
3 2 9
t 228 12
m0 0 12
m1 0 12
m2 0 12
1 1 9
2 1 9
3 1 9
t 227 12
m0 0 12
m1 1 12
m2 0 12
1 1 10
2 1 10
3 1 10
t 226 12
m0 0 12
m1 0 12
m2 0 12
1 1 11
2 1 11
3 1 11
t 225 12
m0 0 13
m1 0 12
m2 0 13
1 1 12
2 1 12
3 1 12
t 224 12
m0 0 13
m1 -5 -5
m2 0 14
1 0 12
2 0 12
3 0 12
t 223 12
m0 1 13
m1 -5 -5
m2 0 14
1 1 12
2 1 12
3 1 12
t 222 13
m0 2 13
m1 -5 -5
m2 0 13
1 2 12
2 2 12
3 2 12
t 221 13
m0 3 13
m1 -5 -5
m2 0 12
1 3 12
2 3 12
3 3 12
t 220 13
m0 -5 -5
m1 -5 -5
m2 0 12
1 3 13
2 3 13
3 3 13
t 219 13
m0 -5 -5
m1 -5 -5
m2 0 13
1 2 13
2 2 13
3 2 13
t 218 13
m0 -5 -5
m1 -5 -5
m2 0 13
1 1 13
2 1 13
3 1 13
t 217 13
m0 -5 -5
m1 -5 -5
m2 0 14
1 0 13
2 0 13
3 0 13
t 216 13
m0 -5 -5
m1 -5 -5
m2 -5 -5
1 0 14
2 0 14
3 0 14
t 215 13
