10
15
w 5 9
w 6 9
w 8 13
w 6 6
w 5 6
w 3 0
w 6 2
w 2 12
w 1 11
w 7 2
w 3 14
w 4 0
w 3 3
w 8 1
w 6 10
w 4 4
w 6 3
w 4 13
w 8 6
w 3 2
w 0 0
w 2 6
w 4 14
w 1 9
w 0 8
w 2 14
w 6 5
w 5 10
w 4 6
w 8 12
w 6 1
w 0 13
w 5 14
w 1 8
w 0 9
w 2 4
w 8 4
p 2 8
p 5 13
p 2 1
p 3 11
p 9 4
p 5 1
p 7 11
p 2 5
p 0 3
p 5 8
p 9 0
p 5 5
p 3 10
p 7 6
p 1 5
p 0 11
p 9 11
p 3 6
p 5 0
p 1 10
p 3 4
p 4 1
p 1 1
p 4 10
p 8 2
p 5 11
p 4 5
p 1 13
p 8 11
p 9 3
p 3 13
p 1 4
p 2 10
p 0 12
p 9 10
p 2 3
p 9 6
p 4 11
p 5 3
p 2 7
p 9 13
p 8 3
p 7 0
p 6 8
p 3 12
p 9 2
p 7 13
p 9 9
p 3 8
p 2 0
p 0 6
p 8 8
p 7 4
p 6 13
p 9 5
p 7 8
m0 0 14
m1 0 14
m2 0 14
1 9 0
2 9 0
3 9 0
t 300 0
m0 0 14
m1 0 14
m2 1 14
1 8 0
2 9 1
3 8 0
t 299 0
m0 1 14
m1 0 14
m2 0 14
1 9 0
2 9 0
3 9 0
t 298 0
m0 0 14
m1 0 14
m2 0 14
1 8 0
2 9 1
3 8 0
t 297 0
m0 0 14
m1 0 14
m2 0 14
1 9 0
2 9 0
3 9 0
t 296 0
m0 1 14
m1 0 14
m2 1 14
1 8 0
2 9 1
3 8 0
t 295 0
m0 1 13
m1 1 14
m2 1 13
1 9 0
2 9 0
3 9 0
t 294 1
m0 2 13
m1 1 14
m2 1 12
1 8 0
2 9 1
3 8 0
t 293 1
m0 1 13
m1 1 13
m2 1 13
1 9 0
2 9 0
3 9 0
t 292 1
m0 1 12
m1 2 13
m2 1 14
1 8 0
2 9 1
3 8 0
t 291 1
m0 0 12
m1 1 13
m2 1 13
1 9 0
2 9 0
3 9 0
t 290 2
m0 0 12
m1 2 13
m2 2 13
1 8 0
2 9 1
3 8 0
t 289 2
m0 0 11
m1 3 13
m2 1 13
1 9 0
2 9 0
3 9 0
t 288 4
m0 0 12
m1 3 13
m2 1 12
1 8 0
2 9 1
3 8 0
t 287 4
m0 1 12
m1 3 13
m2 1 13
1 9 0
2 9 0
3 9 0
t 286 4
m0 0 12
m1 3 12
m2 1 13
1 8 0
2 9 1
3 8 0
f 6 11
t 285 5
m0 0 11
m1 3 12
m2 1 13
1 9 0
2 9 0
3 9 0
t 284 5
m0 0 10
m1 3 12
m2 1 13
1 8 0
2 9 1
3 8 0
t 283 5
m0 0 10
m1 3 12
m2 1 14
1 9 0
2 9 0
3 9 0
t 282 5
m0 0 10
m1 3 12
m2 0 14
1 8 0
2 9 1
3 8 0
t 281 5
m0 0 10
m1 4 12
m2 1 14
1 9 0
2 9 0
3 9 0
t 280 5
m0 0 10
m1 4 11
m2 0 14
1 8 0
2 9 1
3 8 0
t 279 6
m0 0 10
m1 5 11
m2 1 14
1 9 0
2 9 0
3 9 0
t 278 7
m0 0 11
m1 6 11
m2 0 14
1 8 0
2 9 1
3 8 0
t 277 17
m0 0 12
m1 5 11
m2 0 14
1 9 0
2 9 0
3 9 0
t 276 17
m0 0 11
m1 5 11
m2 0 14
1 8 0
2 9 1
3 8 0
t 275 17
m0 0 10
m1 5 11
m2 0 14
1 9 0
2 9 0
3 9 0
t 274 17
m0 1 10
m1 5 12
m2 0 14
1 8 0
2 9 1
3 8 0
t 273 18
m0 2 10
m1 5 13
m2 1 14
1 9 0
2 9 0
3 9 0
t 272 20
m0 2 11
m1 5 13
m2 0 14
1 8 0
2 9 1
3 8 0
t 271 20
m0 3 11
m1 6 13
m2 1 14
1 9 0
2 9 0
3 9 0
t 270 22
m0 3 12
m1 5 13
m2 1 13
1 8 0
2 9 1
3 8 0
t 269 22
m0 3 12
m1 6 13
m2 2 13
1 9 0
2 9 0
3 9 0
t 268 22
m0 3 11
m1 5 13
m2 1 13
1 8 0
2 9 1
3 8 0
t 267 22
m0 3 12
m1 5 12
m2 1 13
1 9 0
2 9 0
3 9 0
t 266 22
m0 3 13
m1 5 13
m2 1 13
1 8 0
2 9 1
3 8 0
t 265 22
m0 3 12
m1 5 12
m2 1 13
1 9 0
2 9 0
3 9 0
t 264 22
m0 3 12
m1 5 13
m2 1 13
1 8 0
2 9 1
3 8 0
t 263 22
m0 3 12
m1 5 13
m2 1 12
1 9 0
2 9 0
3 9 0
t 262 22
m0 3 11
m1 6 13
m2 1 12
1 8 0
2 9 1
3 8 0
t 261 22
m0 3 11
m1 6 14
m2 0 12
1 9 0
2 9 0
3 9 0
t 260 22
m0 3 12
m1 7 14
m2 1 12
1 8 0
2 9 1
3 8 0
t 259 22
m0 3 11
m1 7 14
m2 1 12
1 9 0
2 9 0
3 9 0
t 258 22
m0 4 11
m1 7 13
m2 1 12
1 8 0
2 9 1
3 8 0
t 257 23
m0 4 10
m1 6 13
m2 1 13
1 9 0
2 9 0
3 9 0
t 256 24
m0 4 9
m1 6 13
m2 1 12
1 8 0
2 9 1
3 8 0
t 255 24
m0 4 9
m1 7 13
m2 0 12
1 9 0
2 9 0
3 9 0
t 254 24
m0 4 8
m1 6 13
m2 1 12
1 8 0
2 9 1
3 8 0
t 253 24
m0 3 8
m1 6 14
m2 0 12
1 9 0
2 9 0
3 9 0
t 252 25
m0 3 8
m1 6 13
m2 0 11
1 8 0
2 9 1
3 8 0
t 251 25
m0 4 8
m1 7 13
m2 0 12
1 9 0
2 9 0
3 9 0
t 250 25
m0 4 9
m1 7 14
m2 0 11
1 8 0
2 9 1
3 8 0
t 249 25
m0 4 10
m1 7 14
m2 0 10
1 9 0
2 9 0
3 9 0
t 248 25
m0 4 10
m1 8 14
m2 0 10
1 8 0
2 9 1
3 8 0
t 247 25
m0 4 9
m1 8 14
m2 0 10
1 9 0
2 9 0
3 9 0
t 246 25
m0 4 10
m1 9 14
m2 1 10
1 8 0
2 8 0
3 9 1
t 245 25
m0 4 11
m1 9 14
m2 0 10
1 9 0
2 7 0
3 9 0
t 244 25
m0 4 12
m1 9 13
m2 0 11
1 8 0
2 6 0
3 8 0
f 7 7
t 243 26
m0 4 12
m1 9 13
m2 0 12
1 7 0
2 7 0
3 9 0
t 242 26
m0 5 12
m1 9 14
m2 0 12
1 8 0
2 8 0
3 8 0
t 241 26
m0 4 12
m1 9 14
m2 0 11
1 7 0
2 9 0
3 7 0
t 240 26
m0 4 12
m1 9 14
m2 0 12
1 8 0
2 8 0
3 6 0
t 239 26
m0 3 12
m1 9 14
m2 0 12
1 7 0
2 9 0
3 7 0
t 238 26
m0 3 13
m1 9 14
m2 1 12
1 6 0
2 8 0
3 7 1
t 237 26
m0 3 12
m1 9 14
m2 1 13
1 7 0
2 9 0
3 7 0
t 236 26
m0 3 11
m1 9 14
m2 1 14
1 8 0
2 8 0
3 6 0
t 235 26
m0 3 12
m1 9 14
m2 1 13
1 7 0
2 9 0
3 7 0
t 234 26
m0 3 11
m1 9 14
m2 1 13
1 8 0
2 8 0
3 6 0
t 233 26
m0 2 11
m1 9 14
m2 1 13
1 7 0
2 9 0
3 7 0
t 232 26
m0 3 11
m1 9 14
m2 1 13
1 8 0
2 8 0
3 6 0
t 231 26
m0 2 11
m1 9 14
m2 1 14
1 7 0
2 9 0
3 7 0
t 230 26
m0 2 10
m1 9 13
m2 1 13
1 8 0
2 8 0
3 6 0
t 229 26
m0 2 11
m1 9 14
m2 1 14
1 7 0
2 9 0
3 7 0
t 228 26
m0 2 10
m1 9 14
m2 1 13
1 8 0
2 8 0
3 6 0
t 227 26
m0 2 11
m1 9 14
m2 1 14
1 7 0
2 9 0
3 7 0
t 226 26
m0 2 10
m1 9 14
m2 1 13
1 8 0
2 8 0
3 6 0
t 225 26
m0 2 9
m1 9 14
m2 1 12
1 9 0
2 7 0
3 7 0
t 224 26
m0 2 8
m1 9 14
m2 1 13
1 9 1
2 8 0
3 8 0
t 223 27
m0 2 8
m1 9 14
m2 1 14
1 9 0
2 9 0
3 7 0
t 222 27
m0 3 8
m1 9 13
m2 1 14
1 8 0
2 9 1
3 8 0
t 221 27
m0 3 8
m1 9 12
m2 0 14
1 9 0
2 9 0
3 7 0
t 220 27
m0 3 7
m1 9 12
m2 1 14
1 8 0
2 9 1
3 8 0
t 219 27
m0 4 7
m1 9 13
m2 0 14
1 9 0
2 9 0
3 9 0
t 218 27
m0 3 7
m1 9 12
m2 1 14
1 8 0
2 8 0
3 9 1
t 217 27
m0 4 7
m1 9 13
m2 1 14
1 9 0
2 9 0
3 9 0
t 216 27
m0 5 7
m1 9 14
m2 0 14
1 8 0
2 9 1
3 8 0
t 215 27
m0 5 7
m1 9 14
m2 0 14
1 9 0
2 9 0
3 9 0
t 214 27
m0 6 7
m1 9 14
m2 0 14
1 8 0
2 9 1
3 8 0
t 213 27
m0 7 7
m1 9 14
m2 1 14
1 9 0
2 9 0
3 9 0
t 212 37
m0 8 7
m1 8 14
m2 1 13
1 8 0
2 9 1
3 8 0
t 211 37
m0 7 7
m1 7 14
m2 1 12
1 9 0
2 9 0
3 9 0
t 210 37
m0 7 6
m1 7 13
m2 1 13
1 8 0
2 9 1
3 8 0
t 209 38
m0 7 6
m1 7 13
m2 2 13
1 9 0
2 9 0
3 9 0
t 208 38
m0 7 6
m1 7 12
m2 2 13
1 8 0
2 9 1
3 8 0
t 207 38
m0 7 5
m1 7 12
m2 1 13
1 9 0
2 9 0
3 9 0
f 6 13
t 206 38
m0 8 5
m1 7 11
m2 1 14
1 8 0
2 9 1
3 8 0
t 205 39
m0 9 5
m1 7 12
m2 0 14
1 7 0
2 9 0
3 7 0
t 204 40
m0 9 4
m1 6 12
m2 0 14
1 6 0
2 8 0
3 6 0
t 203 41
m0 9 3
m1 6 13
m2 0 14
1 5 0
2 9 0
3 7 0
t 202 52
m0 9 2
m1 6 13
m2 1 14
1 5 1
2 8 0
3 6 0
t 201 53
m0 9 2
m1 6 14
m2 1 13
1 4 1
2 9 0
3 5 0
t 200 53
m0 9 3
m1 7 14
m2 1 12
1 3 1
2 8 0
3 6 0
t 199 53
m0 9 4
m1 8 14
m2 1 12
1 2 1
2 9 0
3 5 0
t 198 53
m0 9 4
m1 9 14
m2 1 12
1 1 1
2 8 0
3 5 1
t 197 53
m0 9 3
m1 9 13
m2 1 12
1 1 0
2 9 0
3 5 0
t 196 53
m0 8 3
m1 9 13
m2 1 13
1 1 1
2 9 1
3 6 0
t 195 54
m0 8 3
m1 9 13
m2 2 13
1 0 1
2 9 0
3 5 0
t 194 54
m0 8 3
m1 9 13
m2 3 13
1 0 2
2 9 1
3 6 0
t 193 54
m0 7 3
m1 9 12
m2 2 13
1 0 1
2 9 0
3 5 0
t 192 54
m0 7 4
m1 9 13
m2 3 13
1 0 2
2 9 1
3 6 0
t 191 55
m0 7 3
m1 9 14
m2 2 13
1 0 1
2 9 0
3 5 0
t 190 55
m0 7 4
m1 9 14
m2 1 13
1 0 2
2 9 1
3 6 0
t 189 55
m0 7 5
m1 9 13
m2 1 13
1 0 1
2 9 0
3 5 0
t 188 55
m0 7 6
m1 9 14
m2 2 13
1 0 2
2 9 1
3 6 0
t 187 55
m0 7 5
m1 9 14
m2 1 13
1 0 1
2 9 0
3 5 0
t 186 55
m0 7 5
m1 8 14
m2 1 13
1 0 2
2 9 1
3 6 0
t 185 55
m0 7 5
m1 9 14
m2 1 14
1 0 1
2 9 0
3 5 0
t 184 55
m0 7 5
m1 9 14
m2 0 14
1 0 2
2 9 1
3 6 0
t 183 55
m0 7 4
m1 9 14
m2 0 14
1 0 1
2 9 0
3 5 0
t 182 55
m0 7 4
m1 9 13
m2 1 14
1 0 2
2 9 1
3 6 0
t 181 55
m0 7 4
m1 9 14
m2 1 14
1 0 1
2 9 0
3 5 0
t 180 55
m0 7 5
m1 9 14
m2 0 14
1 0 2
2 9 1
3 6 0
t 179 55
m0 8 5
m1 9 13
m2 0 14
1 0 1
2 9 0
3 5 0
t 178 55
m0 8 5
m1 9 14
m2 0 14
1 0 2
2 9 1
3 6 0
t 177 55
m0 8 5
m1 8 14
m2 0 14
1 0 1
2 9 0
3 5 0
t 176 55
m0 8 5
m1 9 14
m2 1 14
1 0 2
2 9 1
3 6 0
t 175 55
m0 9 5
m1 8 14
m2 0 14
1 0 1
2 9 0
3 5 0
t 174 55
m0 9 4
m1 8 14
m2 0 14
1 0 2
2 8 0
3 5 1
t 173 55
m0 9 5
m1 7 14
m2 1 14
1 0 1
2 9 0
3 5 0
t 172 55
m0 9 5
m1 7 13
m2 1 14
1 0 2
2 8 0
3 5 1
t 171 55
m0 9 5
m1 7 14
m2 0 14
1 0 1
2 9 0
3 5 0
t 170 55
m0 8 5
m1 6 14
m2 1 14
1 0 2
2 9 1
3 6 0
t 169 55
m0 7 5
m1 6 14
m2 1 14
1 0 1
2 9 0
3 5 0
t 168 55
m0 7 5
m1 7 14
m2 1 13
1 0 2
2 9 1
3 6 0
t 167 55
m0 7 5
m1 7 13
m2 1 14
1 0 1
2 9 0
3 5 0
t 166 55
m0 7 4
m1 7 14
m2 1 13
1 0 2
2 9 1
3 6 0
t 165 55
m0 7 5
m1 7 14
m2 1 12
1 0 1
2 9 0
3 5 0
t 164 55
m0 7 6
m1 8 14
m2 0 12
1 0 2
2 9 1
3 6 0
f 7 3
t 163 55
m0 7 5
m1 8 14
m2 0 11
1 0 1
2 9 0
3 5 0
t 162 55
m0 8 5
m1 7 14
m2 0 10
1 1 1
2 9 1
3 6 0
t 161 55
m0 8 5
m1 7 14
m2 0 10
1 1 0
2 9 0
3 5 0
t 160 55
m0 9 5
m1 6 14
m2 0 11
1 1 1
2 8 0
3 5 1
t 159 55
m0 9 4
m1 7 14
m2 0 11
1 1 0
2 9 0
3 5 0
t 158 55
m0 9 5
m1 6 14
m2 0 11
1 1 1
2 8 0
3 5 1
t 157 55
m0 9 5
m1 6 14
m2 0 12
1 1 0
2 9 0
3 5 0
t 156 55
m0 9 6
m1 6 14
m2 0 11
1 2 0
2 8 0
3 5 1
t 155 56
m0 9 6
m1 7 14
m2 0 12
1 1 0
2 9 0
3 5 0
t 154 56
m0 9 6
m1 8 14
m2 0 12
1 1 1
2 8 0
3 5 1
t 153 56
m0 9 6
m1 8 14
m2 0 11
1 1 0
2 9 0
3 5 0
t 152 56
m0 9 6
m1 7 14
m2 0 10
1 2 0
2 8 0
3 5 1
t 151 56
m0 9 6
m1 6 14
m2 0 10
1 1 0
2 9 0
3 5 0
t 150 56
m0 9 7
m1 7 14
m2 0 11
1 2 0
2 8 0
3 5 1
t 149 56
m0 9 6
m1 8 14
m2 0 10
1 1 0
2 9 0
3 5 0
t 148 56
m0 9 5
m1 7 14
m2 0 11
1 1 1
2 8 0
3 5 1
t 147 56
m0 9 6
m1 6 14
m2 0 11
1 1 0
2 9 0
3 5 0
t 146 56
m0 9 7
m1 6 14
m2 0 11
1 2 0
2 8 0
3 5 1
t 145 56
m0 9 6
m1 6 14
m2 0 12
1 1 0
2 9 0
3 5 0
t 144 56
m0 9 5
m1 6 13
m2 0 11
1 1 1
2 8 0
3 5 1
t 143 56
m0 9 4
m1 5 13
m2 0 11
1 1 0
2 9 0
3 5 0
t 142 56
m0 9 3
m1 6 13
m2 0 12
1 1 1
2 8 0
3 5 1
t 141 56
m0 9 2
m1 5 13
m2 0 11
1 1 0
2 9 0
3 5 0
t 140 56
m0 9 2
m1 6 13
m2 0 12
1 1 1
2 8 0
3 5 1
t 139 56
m0 9 1
m1 6 14
m2 0 11
1 1 0
2 9 0
3 5 2
t 138 56
m0 9 1
m1 6 14
m2 0 10
1 2 0
2 8 0
3 5 3
t 137 56
m0 9 2
m1 7 14
m2 0 11
1 1 0
2 9 0
3 5 4
t 136 56
m0 9 2
m1 8 14
m2 0 12
1 2 0
2 8 0
3 5 5
t 135 56
m0 9 1
m1 8 14
m2 0 12
1 1 0
2 9 0
3 4 5
t 134 56
m0 9 2
m1 9 14
m2 1 12
1 2 0
2 8 0
3 5 5
t 133 56
m0 8 2
m1 9 13
m2 0 12
1 1 0
2 9 0
3 4 5
t 132 57
m0 9 2
m1 9 13
m2 1 12
1 2 0
2 8 0
3 5 5
t 131 57
m0 9 3
m1 9 14
m2 0 12
1 1 0
2 9 0
3 4 5
t 130 57
m0 9 3
m1 9 13
m2 0 11
1 2 0
2 8 0
3 5 5
t 129 57
m0 9 4
m1 9 14
m2 0 11
1 1 0
2 9 0
3 4 5
t 128 57
m0 9 3
m1 8 14
m2 0 11
1 2 0
2 8 0
3 5 5
t 127 57
m0 9 4
m1 9 14
m2 0 11
1 1 0
2 9 0
3 4 5
t 126 57
m0 9 4
m1 8 14
m2 0 10
1 2 0
2 8 0
3 5 5
t 125 57
m0 9 5
m1 7 14
m2 0 11
1 1 0
2 9 0
3 5 4
t 124 57
m0 8 5
m1 6 14
m2 0 11
1 2 0
2 9 1
3 5 3
t 123 57
m0 9 5
m1 7 14
m2 0 10
1 1 0
2 9 0
3 5 2
t 122 57
m0 8 5
m1 8 14
m2 0 11
1 2 0
2 8 0
3 5 1
t 121 57
m0 9 5
m1 9 14
m2 0 11
1 1 0
2 9 0
3 5 0
t 120 57
m0 8 5
m1 9 13
m2 0 10
1 1 1
2 9 1
3 6 0
t 119 57
m0 9 5
m1 9 14
m2 0 10
1 2 1
2 9 0
3 5 0
t 118 57
m0 9 5
m1 8 14
m2 0 11
1 1 1
2 8 0
3 5 1
t 117 57
m0 8 5
m1 8 14
m2 0 10
1 1 0
2 9 0
3 5 0
t 116 57
m0 9 5
m1 8 14
m2 0 10
1 2 0
2 8 0
3 5 1
t 115 57
m0 8 5
m1 9 14
m2 0 11
1 1 0
2 9 0
3 5 0
t 114 57
m0 7 5
m1 9 14
m2 0 12
1 1 1
2 9 1
3 6 0
t 113 57
m0 7 5
m1 9 14
m2 0 12
1 0 1
2 9 0
3 5 0
t 112 57
m0 7 4
m1 9 14
m2 1 12
1 0 2
2 9 1
3 6 0
t 111 57
m0 7 3
m1 9 14
m2 1 13
1 0 1
2 9 0
3 5 0
t 110 67
m0 7 4
m1 8 14
m2 2 13
1 0 2
2 9 1
3 6 0
t 109 67
m0 7 3
m1 7 14
m2 3 13
1 0 1
2 9 0
3 5 0
t 108 67
m0 8 3
m1 8 14
m2 3 12
1 0 2
2 9 1
3 6 0
t 107 67
m0 8 3
m1 7 14
m2 3 13
1 0 1
2 9 0
3 5 0
t 106 67
m0 8 3
m1 6 14
m2 3 12
1 0 2
2 9 1
3 6 0
t 105 67
m0 8 2
m1 7 14
m2 3 13
1 0 3
2 9 0
3 5 0
t 104 67
m0 8 3
m1 6 14
m2 3 12
1 0 4
2 9 1
3 6 0
t 103 67
m0 8 3
m1 7 14
m2 3 13
1 0 5
2 9 0
3 5 0
t 102 67
m0 8 3
m1 7 13
m2 3 13
1 0 6
2 9 1
3 6 0
t 101 67
m0 7 3
m1 7 13
m2 3 12
1 0 7
2 9 0
3 5 0
t 100 67
m0 7 4
m1 7 13
m2 3 11
1 0 6
2 9 1
3 6 0
t 99 67
m0 7 3
m1 7 13
m2 3 12
1 0 7
2 9 0
3 5 0
t 98 67
m0 7 4
m1 7 12
m2 3 11
1 0 6
2 9 1
3 6 0
t 97 67
m0 7 4
m1 7 13
m2 3 10
1 0 5
2 9 0
3 5 0
f 6 0
t 96 68
m0 7 4
m1 7 14
m2 3 9
1 0 6
2 9 1
3 6 0
t 95 68
m0 7 5
m1 7 14
m2 2 9
1 0 5
2 9 0
3 5 0
t 94 68
m0 7 6
m1 8 14
m2 2 10
1 0 4
2 9 1
3 6 0
t 93 68
m0 7 7
m1 9 14
m2 2 9
1 0 3
2 9 0
3 5 0
t 92 68
m0 8 7
m1 8 14
m2 2 9
1 0 2
2 9 1
3 6 0
t 91 68
m0 8 7
m1 7 14
m2 2 10
1 0 1
2 9 0
3 5 0
t 90 68
m0 9 7
m1 7 14
m2 3 10
1 0 2
2 8 0
3 5 1
t 89 68
m0 9 8
m1 8 14
m2 4 10
1 0 1
2 9 0
3 5 0
t 88 68
m0 9 9
m1 7 14
m2 4 10
1 0 2
2 8 0
3 6 0
t 87 69
m0 9 9
m1 8 14
m2 3 10
1 0 1
2 9 0
3 5 0
t 86 69
m0 8 9
m1 8 14
m2 2 10
1 0 2
2 9 1
3 6 0
t 85 69
m0 9 9
m1 9 14
m2 2 11
1 0 1
2 9 0
3 5 0
t 84 69
m0 9 9
m1 9 14
m2 3 11
1 0 2
2 8 0
3 5 1
t 83 69
m0 8 9
m1 9 13
m2 3 10
1 0 1
2 9 0
3 5 0
t 82 69
m0 8 8
m1 9 12
m2 3 11
1 0 2
2 9 1
3 6 0
t 81 70
m0 9 8
m1 9 12
m2 3 10
1 0 1
2 9 0
3 5 0
t 80 70
m0 9 9
m1 9 11
m2 2 10
1 0 2
2 8 0
3 5 1
t 79 71
m0 9 9
m1 8 11
m2 2 9
1 0 1
2 9 0
3 5 0
t 78 72
m0 9 9
m1 9 11
m2 2 9
1 0 2
2 8 0
3 5 1
t 77 72
m0 9 10
m1 8 11
m2 2 9
1 0 1
2 9 0
3 5 0
t 76 73
m0 9 9
m1 9 11
m2 2 10
1 0 2
2 8 0
3 5 1
t 75 73
m0 9 10
m1 9 11
m2 2 11
1 0 1
2 9 0
3 5 0
t 74 73
m0 8 10
m1 9 10
m2 2 11
1 0 2
2 9 1
3 6 0
t 73 73
m0 8 11
m1 9 9
m2 2 10
1 0 1
2 9 0
3 5 0
t 72 73
m0 9 11
m1 8 9
m2 1 10
1 0 2
2 9 1
3 6 0
t 71 73
m0 9 11
m1 9 9
m2 0 10
1 1 2
2 9 0
3 5 0
t 70 73
m0 8 11
m1 9 10
m2 0 10
1 2 2
2 8 0
3 5 1
t 69 73
m0 7 11
m1 9 9
m2 0 11
1 2 1
2 9 0
3 5 0
t 68 73
m0 7 12
m1 9 8
m2 0 12
1 2 0
2 8 0
3 5 1
t 67 73
m0 7 13
m1 9 9
m2 1 12
1 1 0
2 9 0
3 5 0
t 66 73
m0 7 13
m1 9 10
m2 1 12
1 2 0
2 8 0
3 5 1
t 65 73
m0 6 13
m1 9 11
m2 1 13
1 1 0
2 9 0
3 5 0
t 64 73
m0 6 13
m1 9 11
m2 1 14
1 2 0
2 8 0
3 5 1
t 63 73
m0 7 13
m1 9 11
m2 0 14
1 1 0
2 9 0
3 5 0
t 62 73
m0 7 14
m1 9 12
m2 0 14
1 2 0
2 8 0
3 5 1
t 61 73
m0 7 14
m1 9 11
m2 0 14
1 1 0
2 9 0
3 5 0
t 60 73
m0 7 14
m1 9 10
m2 1 14
1 2 0
2 8 0
3 5 1
t 59 73
m0 8 14
m1 9 11
m2 0 14
1 1 0
2 9 0
3 5 0
t 58 73
m0 8 14
m1 9 12
m2 0 14
1 2 0
2 8 0
3 5 1
t 57 73
m0 7 14
m1 9 13
m2 0 14
1 1 0
2 9 0
3 5 0
t 56 73
m0 8 14
m1 9 14
m2 1 14
1 2 0
2 9 1
3 6 0
t 55 73
m0 7 14
m1 9 14
m2 0 14
1 1 0
2 9 0
3 5 0
t 54 73
m0 6 14
m1 9 14
m2 1 14
1 2 0
2 8 0
3 5 1
t 53 73
m0 6 14
m1 8 14
m2 0 14
1 1 0
2 9 0
3 5 0
t 52 73
m0 6 13
m1 7 14
m2 0 14
1 2 0
2 9 1
3 6 0
t 51 73
m0 6 14
m1 8 14
m2 0 14
1 1 0
2 9 0
3 5 0
t 50 73
m0 6 14
m1 9 14
m2 0 14
1 2 0
2 8 0
3 5 1
t 49 73
m0 7 14
m1 9 13
m2 0 14
1 1 0
2 9 0
3 5 0
t 48 73
m0 6 14
m1 9 13
m2 1 14
1 2 0
2 8 0
3 5 1
t 47 73
m0 6 14
m1 9 14
m2 0 14
1 1 0
2 9 0
3 5 0
t 46 73
m0 7 14
m1 8 14
m2 1 14
1 2 0
2 9 1
3 6 0
t 45 73
m0 7 14
m1 9 14
m2 1 14
1 1 0
2 9 0
3 5 0
t 44 73
m0 7 13
m1 8 14
m2 1 14
1 2 0
2 9 1
3 6 0
t 43 73
m0 7 13
m1 7 14
m2 1 14
1 1 0
2 9 0
3 5 0
t 42 73
m0 6 13
m1 6 14
m2 0 14
1 2 0
2 9 1
3 6 0
t 41 73
m0 6 13
m1 6 13
m2 1 14
1 1 0
2 9 0
3 5 0
t 40 73
m0 6 12
m1 7 13
m2 1 14
1 2 0
2 9 1
3 6 0
t 39 73
m0 5 12
m1 7 14
m2 1 14
1 1 0
2 9 0
3 7 0
t 38 73
m0 4 12
m1 7 14
m2 0 14
1 1 1
2 9 1
3 6 0
t 37 73
m0 5 12
m1 8 14
m2 0 14
1 1 0
2 9 0
3 7 0
t 36 73
m0 5 13
m1 9 14
m2 0 14
1 2 0
2 8 0
3 6 0
t 35 73
m0 6 13
m1 9 14
m2 0 14
1 1 0
2 9 0
3 5 0
t 34 73
m0 6 13
m1 9 14
m2 0 14
1 2 0
2 8 0
3 5 1
t 33 73
m0 6 14
m1 9 13
m2 0 14
1 1 0
2 9 0
3 5 0
t 32 73
m0 6 13
m1 9 13
m2 0 14
1 2 0
2 8 0
3 5 1
t 31 73
m0 5 13
m1 9 13
m2 1 14
1 1 0
2 9 0
3 5 0
t 30 73
m0 5 12
m1 9 14
m2 1 14
1 2 0
2 8 0
3 6 0
t 29 73
m0 5 12
m1 9 13
m2 0 14
1 1 0
2 9 0
3 7 0
t 28 73
m0 5 12
m1 9 13
m2 1 14
1 2 0
2 8 0
3 6 0
t 27 73
m0 5 11
m1 9 14
m2 0 14
1 1 0
2 9 0
3 7 0
t 26 73
m0 4 11
m1 9 14
m2 1 14
1 1 1
2 8 0
3 8 0
t 25 73
m0 3 11
m1 9 13
m2 0 14
1 0 1
2 7 0
3 9 0
t 24 73
m0 3 12
m1 9 13
m2 0 14
1 0 2
2 6 0
3 8 0
t 23 73
m0 3 13
m1 9 14
m2 1 14
1 0 1
2 5 0
3 9 0
t 22 73
m0 3 12
m1 8 14
m2 1 14
1 0 2
2 6 0
3 9 1
t 21 73
m0 3 13
m1 9 14
m2 1 14
1 0 1
2 5 0
3 9 0
t 20 73
m0 2 13
m1 9 14
m2 1 14
1 0 2
2 6 0
3 8 0
t 19 73
m0 1 13
m1 9 13
m2 0 14
1 0 1
2 5 0
3 9 0
t 18 73
m0 2 13
m1 9 14
m2 0 14
1 0 2
2 6 0
3 8 0
t 17 73
m0 1 13
m1 9 13
m2 1 14
1 0 1
2 5 0
3 9 0
t 16 73
m0 1 13
m1 9 13
m2 0 14
1 0 2
2 5 1
3 8 0
t 15 73
m0 2 13
m1 9 13
m2 0 14
1 0 1
2 5 0
3 9 0
t 14 73
m0 2 13
m1 9 14
m2 1 14
1 0 2
2 6 0
3 8 0
t 13 73
m0 3 13
m1 8 14
m2 0 14
1 1 2
2 5 0
3 9 0
t 12 73
m0 2 13
m1 9 14
m2 0 14
1 0 2
2 6 0
3 8 0
t 11 73
m0 2 13
m1 9 14
m2 0 14
1 0 1
2 5 0
3 9 0
t 10 73
m0 3 13
m1 9 14
m2 0 14
1 1 1
2 6 0
3 8 0
t 9 73
m0 2 13
m1 8 14
m2 0 14
1 0 1
2 5 0
3 9 0
t 8 73
m0 2 13
m1 9 14
m2 1 14
1 0 2
2 6 0
3 8 0
t 7 73
m0 2 13
m1 9 13
m2 1 14
1 0 1
2 5 0
3 9 0
t 6 73
m0 3 13
m1 9 14
m2 1 14
1 0 2
2 6 0
3 8 0
t 5 73
m0 3 13
m1 9 14
m2 0 14
1 1 2
2 5 0
3 9 0
t 4 73
m0 2 13
m1 9 14
m2 1 14
1 0 2
2 6 0
3 8 0
t 3 73
m0 2 13
m1 9 14
m2 0 14
1 0 1
2 5 0
3 9 0
t 2 73
m0 1 13
m1 9 13
m2 0 14
1 0 2
2 5 1
3 8 0
t 1 73
m0 1 13
m1 9 14
m2 0 14
1 0 2
2 5 1
3 8 0
t 0 73
