10
15
w 6 9
w 9 1
w 3 0
w 5 13
w 3 11
w 7 11
w 7 2
w 6 14
w 4 9
w 6 7
w 5 5
w 3 3
w 8 10
w 5 0
w 9 7
w 5 4
w 0 0
w 5 11
w 7 1
w 1 13
w 4 14
w 1 4
w 7 5
w 4 2
w 0 8
w 9 6
w 3 5
w 2 7
w 3 12
w 9 2
w 5 7
w 3 8
w 5 14
w 2 0
w 6 13
w 0 9
w 0 2
p 5 9
p 1 3
p 8 13
p 7 12
p 5 6
p 8 0
p 2 1
p 8 9
p 9 4
p 5 1
p 2 5
p 1 11
p 8 5
p 5 8
p 1 2
p 8 14
p 8 1
p 7 6
p 6 10
p 1 14
p 1 5
p 2 13
p 0 11
p 2 2
p 8 6
p 6 4
p 7 14
p 2 6
p 9 14
p 3 2
p 3 13
p 8 11
p 9 3
p 6 0
p 2 10
p 9 10
p 3 9
p 8 7
p 6 12
p 2 14
p 4 11
p 6 5
p 7 8
p 8 3
p 6 8
p 1 12
p 8 12
p 3 1
p 2 11
p 9 9
p 7 13
p 7 4
p 0 6
p 4 3
p 9 5
p 3 4
m0 0 14
m1 0 14
m2 0 14
1 9 0
2 9 0
3 9 0
t 300 0
m0 0 14
m1 0 13
m2 0 14
1 8 0
2 8 0
3 8 0
t 299 0
m0 1 14
m1 0 12
m2 0 13
1 9 0
2 9 0
3 9 0
t 298 1
m0 1 14
m1 0 12
m2 0 14
1 8 0
2 8 0
3 8 0
t 297 1
m0 1 14
m1 1 12
m2 1 14
1 9 0
2 9 0
3 9 0
t 296 2
m0 2 14
m1 0 12
m2 0 14
1 8 0
2 8 0
3 8 0
t 295 3
m0 2 13
m1 0 11
m2 0 13
1 9 0
2 9 0
3 9 0
t 294 5
m0 2 13
m1 0 10
m2 0 13
1 8 0
2 8 0
3 8 0
t 293 5
m0 2 12
m1 1 10
m2 0 12
1 9 0
2 9 0
3 9 0
t 292 5
m0 2 12
m1 2 10
m2 0 11
1 8 0
2 8 0
3 8 0
t 291 6
m0 1 12
m1 2 11
m2 1 11
1 9 0
2 9 0
3 9 0
t 290 8
m0 1 12
m1 2 10
m2 2 11
1 8 0
2 8 0
3 8 0
t 289 8
m0 2 12
m1 3 10
m2 1 11
1 9 0
2 9 0
3 9 0
f 0 7
t 288 8
m0 2 13
m1 3 9
m2 1 10
1 8 0
2 8 0
3 8 0
t 287 9
m0 3 13
m1 3 9
m2 1 11
1 9 0
2 9 0
3 9 0
t 286 10
m0 3 13
m1 3 10
m2 1 11
1 8 0
2 8 0
3 8 0
t 285 10
m0 3 13
m1 4 10
m2 2 11
1 9 0
2 9 0
3 9 0
t 284 10
m0 3 14
m1 4 11
m2 2 12
1 8 0
2 8 0
3 8 0
t 283 11
m0 2 14
m1 4 12
m2 2 13
1 9 0
2 9 0
3 9 0
t 282 11
m0 3 14
m1 5 12
m2 3 13
1 8 0
2 8 0
3 8 0
t 281 11
m0 3 14
m1 6 12
m2 3 14
1 9 0
2 9 0
3 9 0
t 280 12
m0 3 13
m1 7 12
m2 3 13
1 8 0
2 8 0
3 8 0
t 279 13
m0 4 13
m1 8 12
m2 3 13
1 9 0
2 7 0
3 9 0
t 278 14
m0 4 13
m1 8 13
m2 4 13
1 8 0
2 6 0
3 8 0
t 277 15
m0 4 13
m1 7 13
m2 4 12
1 9 0
2 6 1
3 9 0
t 276 16
m0 4 13
m1 7 14
m2 5 12
1 8 0
2 6 0
3 8 0
t 275 17
m0 4 12
m1 8 14
m2 5 12
1 9 0
2 7 0
3 9 0
t 274 18
m0 5 12
m1 9 14
m2 6 12
1 8 0
2 8 0
3 8 0
t 273 19
m0 6 12
m1 9 14
m2 6 12
1 9 0
2 9 0
3 7 0
t 272 19
m0 6 12
m1 8 14
m2 7 12
1 8 0
2 8 0
3 6 0
t 271 19
m0 6 11
m1 8 13
m2 8 12
1 9 0
2 9 0
3 7 0
t 270 19
m0 6 10
m1 8 12
m2 8 11
1 8 0
2 8 0
3 6 0
t 269 21
m0 5 10
m1 9 12
m2 9 11
1 7 0
2 9 0
3 7 0
t 268 21
m0 5 9
m1 9 11
m2 9 10
1 8 0
2 8 0
3 6 0
t 267 23
m0 5 8
m1 9 10
m2 9 9
1 7 0
2 9 0
3 7 0
t 266 25
m0 6 8
m1 9 9
m2 8 9
1 8 0
2 8 0
3 6 0
t 265 27
m0 7 8
m1 9 8
m2 8 8
1 9 0
2 7 0
3 6 1
t 264 28
m0 7 7
m1 8 8
m2 8 7
1 8 0
2 6 0
3 5 1
t 263 29
m0 7 6
m1 8 7
m2 8 6
1 9 0
2 7 0
3 4 1
t 262 31
m0 8 6
m1 8 6
m2 8 5
1 8 0
2 6 0
3 3 1
t 261 32
m0 8 5
m1 8 5
m2 9 5
1 9 0
2 6 1
3 2 1
t 260 33
m0 9 5
m1 8 4
m2 9 4
1 8 0
2 5 1
3 1 1
t 259 34
m0 9 4
m1 8 3
m2 9 3
1 9 0
2 4 1
3 1 0
t 258 36
m0 9 4
m1 8 2
m2 9 4
1 8 0
2 4 0
3 1 1
t 257 36
m0 8 4
m1 8 1
m2 8 4
1 9 0
2 4 1
3 1 0
t 256 37
m0 7 4
m1 -5 -5
m2 7 4
1 8 0
2 3 1
3 1 1
t 255 39
m0 6 4
m1 -5 -5
m2 6 4
1 9 0
2 4 1
3 1 0
t 254 40
m0 6 5
m1 -5 -5
m2 6 5
1 8 0
2 4 0
3 1 1
t 253 41
m0 6 6
m1 -5 -5
m2 6 6
1 9 0
2 4 1
3 1 0
t 252 41
m0 5 6
m1 -5 -5
m2 5 6
1 8 0
2 4 0
3 1 1
t 251 42
m0 4 6
m1 -5 -5
m2 4 6
1 9 0
2 4 1
3 1 0
t 250 42
m0 3 6
m1 -5 -5
m2 3 6
1 8 0
2 5 1
3 1 1
t 249 42
m0 2 6
m1 -5 -5
m2 2 6
1 9 0
2 6 1
3 1 0
t 248 43
m0 2 5
m1 -5 -5
m2 2 5
1 8 0
2 6 0
3 1 1
t 247 44
m0 1 5
m1 -5 -5
m2 1 5
1 9 0
2 7 0
3 0 1
t 246 45
m0 1 6
m1 -5 -5
m2 0 5
1 8 0
2 8 0
3 1 1
t 245 45
m0 0 6
m1 -5 -5
m2 0 6
1 9 0
2 9 0
3 2 1
t 244 46
m0 0 5
m1 -5 -5
m2 1 6
1 8 0
2 8 0
3 3 1
t 243 46
m0 1 5
m1 -5 -5
m2 1 5
1 9 0
2 9 0
3 4 1
t 242 46
m0 1 5
m1 -5 -5
m2 2 5
1 8 0
2 8 0
3 5 1
t 241 46
m0 2 5
m1 -5 -5
m2 2 4
1 9 0
2 9 0
3 6 1
t 240 46
m0 2 4
m1 -5 -5
m2 3 4
1 8 0
2 8 0
3 6 0
t 239 47
m0 2 3
m1 -5 -5
m2 4 4
1 9 0
2 9 0
3 7 0
t 238 47
m0 2 2
m1 -5 -5
m2 4 3
1 8 0
2 8 0
3 8 0
t 237 49
m0 3 2
m1 -5 -5
m2 5 3
1 9 0
2 9 0
3 9 0
t 236 50
m0 3 1
m1 -5 -5
m2 5 2
1 8 0
2 8 0
3 8 0
t 235 51
m0 2 1
m1 -5 -5
m2 5 1
1 9 0
2 9 0
3 9 0
t 234 53
m0 2 2
m1 -5 -5
m2 6 1
1 8 0
2 8 0
3 8 0
t 233 53
m0 1 2
m1 -5 -5
m2 6 0
1 9 0
2 8 1
3 9 0
t 232 55
m0 1 3
m1 -5 -5
m2 7 0
1 9 0
2 8 1
3 9 0
t 231 133
