10
15
w 4 8
w 7 12
w 3 0
w 5 1
w 3 7
w 0 3
w 1 2
w 8 14
w 2 9
w 8 1
w 8 10
w 2 13
w 0 11
w 0 4
w 4 10
w 7 14
w 5 4
w 3 2
w 8 2
w 7 1
w 4 5
w 5 11
w 4 14
w 0 12
w 7 5
w 8 7
w 1 0
w 0 8
w 7 9
w 2 7
w 8 3
w 5 10
w 0 6
w 4 3
w 9 5
w 2 4
w 9 12
p 7 3
p 1 3
p 9 1
p 6 6
p 5 6
p 8 0
p 8 9
p 6 2
p 4 12
p 7 11
p 2 5
p 1 11
p 7 2
p 4 0
p 6 14
p 9 0
p 6 7
p 5 5
p 4 9
p 3 3
p 5 12
p 4 4
p 1 14
p 3 10
p 4 13
p 9 11
p 7 10
p 3 6
p 1 10
p 1 1
p 0 0
p 9 14
p 2 6
p 3 13
p 9 3
p 5 2
p 6 0
p 9 10
p 2 3
p 1 9
p 9 6
p 4 11
p 5 3
p 0 1
p 3 12
p 7 0
p 4 6
p 1 12
p 9 2
p 3 1
p 7 4
p 8 8
p 6 13
p 7 8
p 0 2
p 8 4
m0 0 14
m1 0 14
m2 0 14
1 9 0
2 9 0
3 9 0
t 300 0
m0 0 13
m1 0 14
m2 0 13
1 8 0
2 9 1
3 8 0
f 2 14
t 299 0
m0 1 13
m1 0 14
m2 0 14
1 9 0
2 9 2
3 7 0
t 298 0
m0 1 12
m1 0 13
m2 0 14
1 8 0
2 9 3
3 6 0
t 297 1
m0 1 11
m1 1 13
m2 0 13
1 9 0
2 9 4
3 5 0
t 296 2
m0 1 11
m1 1 14
m2 0 13
1 8 0
2 9 3
3 4 0
t 295 3
m0 1 10
m1 1 13
m2 0 14
1 9 0
2 9 4
3 4 1
t 294 4
m0 1 9
m1 1 12
m2 0 14
1 8 0
2 9 3
3 3 1
t 293 5
m0 0 9
m1 2 12
m2 0 14
1 7 0
2 9 4
3 2 1
t 292 5
m0 0 9
m1 3 12
m2 0 14
1 8 0
2 9 3
3 1 1
t 291 6
m0 0 9
m1 4 12
m2 0 13
1 7 0
2 9 4
3 0 1
t 290 7
m0 1 9
m1 5 12
m2 0 13
1 6 0
2 9 3
3 0 2
t 289 8
m0 1 8
m1 6 12
m2 0 14
1 5 0
2 9 4
3 0 1
t 288 8
m0 2 8
m1 6 12
m2 0 13
1 6 0
2 9 3
3 0 2
t 287 8
m0 3 8
m1 6 12
m2 1 13
1 5 0
2 9 4
3 0 1
t 286 8
m0 3 8
m1 6 12
m2 1 13
1 6 0
2 9 3
3 0 2
t 285 8
m0 3 8
m1 6 11
m2 0 13
1 5 0
2 9 4
3 0 1
t 284 8
m0 3 8
m1 6 12
m2 1 13
1 6 0
2 9 3
3 0 2
t 283 8
m0 3 8
m1 6 12
m2 0 13
1 5 0
2 9 4
3 0 1
t 282 8
m0 3 8
m1 6 12
m2 0 14
1 6 0
2 9 3
3 0 2
t 281 8
m0 3 8
m1 6 11
m2 0 14
1 5 0
2 9 4
3 0 1
t 280 8
m0 3 8
m1 6 12
m2 0 13
1 6 0
2 9 3
3 0 2
t 279 8
m0 3 8
m1 6 12
m2 0 14
1 5 0
2 9 4
3 0 1
t 278 8
m0 3 8
m1 6 13
m2 0 14
1 6 0
2 9 3
3 0 2
t 277 9
m0 3 8
m1 7 13
m2 1 14
1 5 0
2 9 4
3 0 1
t 276 9
m0 3 8
m1 8 13
m2 1 14
1 6 0
2 9 3
3 0 2
t 275 9
m0 3 9
m1 9 13
m2 2 14
1 5 0
2 9 4
3 0 1
t 274 19
m0 3 9
m1 9 13
m2 2 14
1 6 0
2 9 3
3 0 2
t 273 19
m0 3 8
m1 9 14
m2 2 14
1 5 0
2 9 4
3 0 1
t 272 20
m0 3 9
m1 9 14
m2 2 14
1 6 0
2 9 3
3 0 2
t 271 20
m0 4 9
m1 9 14
m2 1 14
1 5 0
2 9 4
3 0 1
t 270 21
m0 3 9
m1 9 13
m2 1 14
1 6 0
2 9 3
3 0 2
t 269 21
m0 4 9
m1 9 14
m2 2 14
1 5 0
2 9 4
3 0 1
t 268 21
m0 4 9
m1 9 14
m2 1 14
1 6 0
2 9 3
3 0 2
t 267 21
m0 3 9
m1 9 14
m2 1 14
1 5 0
2 9 4
3 0 1
t 266 21
m0 4 9
m1 9 13
m2 2 14
1 6 0
2 9 3
3 0 2
t 265 21
m0 3 9
m1 8 13
m2 1 14
1 5 0
2 9 4
3 0 1
t 264 21
m0 3 8
m1 8 12
m2 2 14
1 6 0
2 9 3
3 0 2
t 263 21
m0 3 8
m1 8 13
m2 1 14
1 5 0
2 9 4
3 0 1
f 1 11
t 262 21
m0 3 8
m1 9 13
m2 0 14
1 6 0
2 9 3
3 0 2
t 261 21
m0 3 8
m1 9 14
m2 1 14
1 5 0
2 9 4
3 0 1
t 260 21
m0 3 8
m1 9 14
m2 0 14
1 6 0
2 9 3
3 0 2
t 259 21
m0 3 8
m1 9 13
m2 0 13
1 5 0
2 9 4
3 0 1
t 258 21
m0 3 8
m1 9 14
m2 0 14
1 6 0
2 9 3
3 0 2
t 257 21
m0 3 9
m1 9 14
m2 1 14
1 5 0
2 9 4
3 0 1
t 256 21
m0 3 10
m1 9 14
m2 0 14
1 6 0
2 9 3
3 0 2
t 255 22
m0 3 11
m1 9 14
m2 0 14
1 5 0
2 9 4
3 0 1
t 254 22
m0 3 10
m1 9 14
m2 1 14
1 6 0
2 9 3
3 0 2
t 253 22
m0 3 9
m1 9 14
m2 2 14
1 5 0
2 9 4
3 0 1
t 252 22
m0 3 8
m1 9 14
m2 1 14
1 6 0
2 9 3
3 0 2
t 251 22
m0 3 8
m1 9 14
m2 0 14
1 5 0
2 9 4
3 0 1
t 250 22
m0 3 8
m1 9 14
m2 0 14
1 6 0
2 9 3
3 0 2
t 249 22
m0 3 9
m1 9 14
m2 0 14
1 5 0
2 9 4
3 0 1
t 248 22
m0 4 9
m1 9 14
m2 1 14
1 6 0
2 9 3
3 0 2
t 247 22
m0 4 9
m1 9 14
m2 0 14
1 5 0
2 9 4
3 0 1
t 246 22
m0 3 9
m1 9 14
m2 0 14
1 6 0
2 9 3
3 0 2
t 245 22
m0 3 8
m1 9 14
m2 0 14
1 5 0
2 9 4
3 0 1
t 244 22
m0 3 8
m1 9 14
m2 0 14
1 6 0
2 9 3
3 0 2
t 243 22
m0 3 9
m1 9 14
m2 0 13
1 5 0
2 9 4
3 0 1
t 242 22
m0 4 9
m1 9 14
m2 0 14
1 6 0
2 9 3
3 0 2
t 241 22
m0 4 9
m1 9 14
m2 0 14
1 5 0
2 9 4
3 0 1
t 240 22
m0 5 9
m1 9 14
m2 1 14
1 6 0
2 9 3
3 0 2
t 239 22
m0 4 9
m1 9 14
m2 2 14
1 5 0
2 9 4
3 0 1
t 238 22
m0 4 9
m1 9 13
m2 3 14
1 6 0
2 9 3
3 0 2
t 237 22
m0 5 9
m1 8 13
m2 3 14
1 5 0
2 9 4
3 0 1
t 236 22
m0 5 9
m1 9 13
m2 3 14
1 6 0
2 9 3
3 0 2
t 235 22
m0 5 8
m1 9 14
m2 3 13
1 5 0
2 9 4
3 0 1
t 234 23
m0 6 8
m1 9 13
m2 3 14
1 6 0
2 9 3
3 0 2
t 233 23
m0 6 8
m1 9 14
m2 3 13
1 5 0
2 9 4
3 0 1
t 232 23
m0 5 8
m1 9 14
m2 3 13
1 6 0
2 9 3
3 0 2
t 231 23
m0 6 8
m1 9 14
m2 3 12
1 5 0
2 9 4
3 0 1
t 230 23
m0 6 9
m1 9 14
m2 3 13
1 6 0
2 9 3
3 0 2
t 229 23
m0 6 8
m1 9 14
m2 3 14
1 5 0
2 9 4
3 0 1
t 228 23
m0 6 8
m1 9 13
m2 2 14
1 6 0
2 9 3
3 0 2
t 227 23
m0 5 8
m1 9 14
m2 2 14
1 5 0
2 9 4
3 0 1
t 226 23
m0 5 9
m1 9 13
m2 2 14
1 6 0
2 9 3
3 0 2
t 225 23
m0 5 9
m1 9 14
m2 3 14
1 5 0
2 9 4
3 0 1
t 224 23
m0 6 9
m1 9 13
m2 3 14
1 6 0
2 9 3
3 0 2
t 223 23
m0 5 9
m1 9 13
m2 3 14
1 5 0
2 9 4
3 0 1
t 222 23
m0 4 9
m1 9 13
m2 2 14
1 6 0
2 9 3
3 0 2
t 221 23
m0 5 9
m1 9 14
m2 3 14
1 5 0
2 9 4
3 0 1
t 220 23
m0 5 8
m1 9 14
m2 3 14
1 6 0
2 9 3
3 0 2
t 219 23
m0 6 8
m1 9 13
m2 2 14
1 5 0
2 9 4
3 0 1
t 218 23
m0 5 8
m1 9 14
m2 2 14
1 6 0
2 9 3
3 0 2
t 217 23
m0 5 7
m1 9 14
m2 3 14
1 5 0
2 9 4
3 0 1
t 216 23
m0 5 7
m1 9 13
m2 2 14
1 6 0
2 9 3
3 0 2
t 215 23
m0 5 6
m1 9 14
m2 3 14
1 5 0
2 9 4
3 0 1
t 214 24
m0 4 6
m1 9 14
m2 2 14
1 6 0
2 9 3
3 0 2
t 213 25
m0 4 6
m1 9 13
m2 1 14
1 5 0
2 9 4
3 0 1
t 212 25
m0 3 6
m1 8 13
m2 2 14
1 6 0
2 9 3
3 0 2
t 211 26
m0 4 6
m1 9 13
m2 1 14
1 5 0
2 9 4
3 0 1
t 210 26
m0 3 6
m1 8 13
m2 1 14
1 6 0
2 9 3
3 0 2
t 209 26
m0 4 6
m1 8 13
m2 2 14
1 5 0
2 9 4
3 0 1
t 208 26
m0 3 6
m1 9 13
m2 2 14
1 6 0
2 9 3
3 0 2
t 207 26
m0 4 6
m1 8 13
m2 3 14
1 5 0
2 9 4
3 0 1
t 206 26
m0 3 6
m1 8 13
m2 2 14
1 6 0
2 9 3
3 0 2
t 205 26
m0 4 6
m1 8 13
m2 2 14
1 5 0
2 9 4
3 0 1
t 204 26
m0 3 6
m1 9 13
m2 2 14
1 6 0
2 9 3
3 0 2
t 203 26
m0 4 6
m1 9 13
m2 3 14
1 5 0
2 9 4
3 0 1
t 202 26
m0 3 6
m1 9 14
m2 2 14
1 6 0
2 9 3
3 0 2
t 201 26
m0 4 6
m1 9 13
m2 1 14
1 5 0
2 9 4
3 0 1
t 200 26
m0 3 6
m1 8 13
m2 2 14
1 6 0
2 9 3
3 0 2
t 199 26
m0 4 6
m1 9 13
m2 1 14
1 5 0
2 9 4
3 0 1
t 198 26
m0 4 6
m1 9 14
m2 0 14
1 6 0
2 9 3
3 0 2
t 197 26
m0 4 6
m1 9 14
m2 0 14
1 5 0
2 9 4
3 0 1
t 196 26
m0 4 6
m1 9 14
m2 0 13
1 6 0
2 9 3
3 0 2
t 195 26
m0 4 7
m1 9 14
m2 1 13
1 5 0
2 9 4
3 0 1
t 194 26
m0 4 7
m1 9 14
m2 1 14
1 6 0
2 9 3
3 0 2
t 193 26
m0 4 7
m1 9 14
m2 2 14
1 5 0
2 9 4
3 0 1
t 192 26
m0 5 7
m1 9 14
m2 3 14
1 6 0
2 9 3
3 0 2
t 191 26
m0 5 8
m1 9 13
m2 3 14
1 5 0
2 9 4
3 0 1
t 190 26
m0 5 8
m1 9 14
m2 2 14
1 6 0
2 9 3
3 0 2
t 189 26
m0 5 9
m1 9 13
m2 3 14
1 5 0
2 9 4
3 0 1
t 188 26
m0 5 8
m1 8 13
m2 2 14
1 6 0
2 9 3
3 0 2
t 187 26
m0 5 8
m1 9 13
m2 3 14
1 5 0
2 9 4
3 0 1
t 186 26
m0 5 9
m1 9 13
m2 3 14
1 6 0
2 9 3
3 0 2
t 185 26
m0 5 8
m1 8 13
m2 2 14
1 5 0
2 9 4
3 0 1
t 184 26
m0 5 8
m1 8 13
m2 3 14
1 6 0
2 9 3
3 0 2
t 183 26
m0 5 8
m1 8 13
m2 2 14
1 5 0
2 9 4
3 0 1
t 182 26
m0 5 7
m1 9 13
m2 1 14
1 6 0
2 9 3
3 0 2
t 181 26
m0 5 7
m1 8 13
m2 2 14
1 5 0
2 9 4
3 0 1
t 180 26
m0 4 7
m1 8 13
m2 3 14
1 6 0
2 9 3
3 0 2
t 179 26
m0 4 6
m1 7 13
m2 2 14
1 5 0
2 9 4
3 0 1
t 178 26
m0 3 6
m1 6 13
m2 1 14
1 6 0
2 9 3
3 0 2
t 177 26
m0 4 6
m1 6 14
m2 0 14
1 5 0
2 9 4
3 0 1
t 176 27
m0 4 7
m1 6 14
m2 0 14
1 6 0
2 9 3
3 0 2
t 175 27
m0 4 6
m1 6 14
m2 0 14
1 5 0
2 9 4
3 0 1
t 174 27
m0 3 6
m1 5 14
m2 0 14
1 6 0
2 9 3
3 0 2
t 173 27
m0 3 6
m1 6 14
m2 0 14
1 5 0
2 9 4
3 0 1
t 172 27
m0 3 6
m1 6 14
m2 0 14
1 6 0
2 9 3
3 0 2
t 171 27
m0 4 6
m1 6 13
m2 0 14
1 5 0
2 9 4
3 0 1
t 170 27
m0 3 6
m1 7 13
m2 0 14
1 6 0
2 9 3
3 0 2
t 169 27
m0 3 6
m1 8 13
m2 0 14
1 5 0
2 9 4
3 0 1
t 168 27
m0 4 6
m1 9 13
m2 1 14
1 6 0
2 9 3
3 0 2
t 167 27
m0 4 6
m1 9 14
m2 2 14
1 5 0
2 9 4
3 0 1
t 166 27
m0 3 6
m1 9 14
m2 3 14
1 6 0
2 9 3
3 0 2
t 165 27
m0 4 6
m1 9 14
m2 2 14
1 5 0
2 9 4
3 0 1
t 164 27
m0 4 7
m1 9 14
m2 3 14
1 6 0
2 9 3
3 0 2
t 163 27
m0 4 7
m1 9 14
m2 3 14
1 5 0
2 9 4
3 0 1
t 162 27
m0 4 7
m1 9 13
m2 2 14
1 6 0
2 9 3
3 0 2
t 161 27
m0 4 7
m1 9 14
m2 3 14
1 5 0
2 9 4
3 0 1
t 160 27
m0 4 7
m1 9 14
m2 3 14
1 6 0
2 9 3
3 0 2
t 159 27
m0 4 6
m1 9 14
m2 3 13
1 5 0
2 9 4
3 0 1
t 158 27
m0 3 6
m1 9 14
m2 3 14
1 6 0
2 9 3
3 0 2
t 157 27
m0 4 6
m1 9 14
m2 2 14
1 5 0
2 9 4
3 0 1
t 156 27
m0 4 6
m1 9 14
m2 1 14
1 6 0
2 9 3
3 0 2
t 155 27
m0 4 6
m1 9 14
m2 0 14
1 5 0
2 9 4
3 0 1
t 154 27
m0 4 6
m1 9 14
m2 0 14
1 6 0
2 9 3
3 0 2
t 153 27
m0 4 6
m1 9 14
m2 1 14
1 5 0
2 9 4
3 0 1
t 152 27
m0 4 6
m1 9 13
m2 2 14
1 6 0
2 9 3
3 0 2
t 151 27
m0 5 6
m1 9 14
m2 3 14
1 5 0
2 9 4
3 0 1
t 150 27
m0 5 7
m1 9 14
m2 3 14
1 6 0
2 9 3
3 0 2
t 149 27
m0 5 8
m1 9 13
m2 2 14
1 5 0
2 9 4
3 0 1
t 148 27
m0 5 8
m1 9 14
m2 3 14
1 6 0
2 9 3
3 0 2
t 147 27
m0 5 7
m1 9 14
m2 3 14
1 5 0
2 9 4
3 0 1
t 146 27
m0 5 7
m1 9 14
m2 3 14
1 6 0
2 9 3
3 0 2
t 145 27
m0 4 7
m1 9 14
m2 3 13
1 5 0
2 9 4
3 0 1
t 144 27
m0 5 7
m1 9 14
m2 3 12
1 6 0
2 9 3
3 0 2
t 143 27
m0 5 7
m1 9 14
m2 3 13
1 5 0
2 9 4
3 0 1
t 142 27
m0 4 7
m1 9 14
m2 3 13
1 6 0
2 9 3
3 0 2
t 141 27
m0 5 7
m1 9 14
m2 3 14
1 5 0
2 9 4
3 0 1
t 140 27
m0 5 8
m1 9 13
m2 3 14
1 6 0
2 9 3
3 0 2
t 139 27
m0 5 7
m1 9 14
m2 3 13
1 5 0
2 9 4
3 0 1
t 138 27
m0 4 7
m1 9 14
m2 3 14
1 6 0
2 9 3
3 0 2
t 137 27
m0 4 6
m1 9 14
m2 3 13
1 5 0
2 9 4
3 0 1
t 136 27
m0 3 6
m1 9 14
m2 3 14
1 6 0
2 9 3
3 0 2
t 135 27
m0 4 6
m1 9 14
m2 3 14
1 5 0
2 9 4
3 0 1
t 134 27
m0 3 6
m1 9 14
m2 2 14
1 6 0
2 9 3
3 0 2
t 133 27
m0 4 6
m1 9 14
m2 2 14
1 5 0
2 9 4
3 0 1
t 132 27
m0 3 6
m1 9 14
m2 3 14
1 6 0
2 9 3
3 0 2
t 131 27
m0 4 6
m1 9 14
m2 3 13
1 5 0
2 9 4
3 0 1
t 130 27
m0 3 6
m1 9 14
m2 3 13
1 6 0
2 9 3
3 0 2
t 129 27
m0 4 6
m1 9 14
m2 3 12
1 5 0
2 9 4
3 0 1
t 128 27
m0 4 6
m1 9 14
m2 3 12
1 6 0
2 9 3
3 0 2
t 127 27
m0 4 7
m1 9 14
m2 3 13
1 5 0
2 9 4
3 0 1
t 126 27
m0 5 7
m1 9 14
m2 3 14
1 6 0
2 9 3
3 0 2
t 125 27
m0 4 7
m1 9 14
m2 2 14
1 5 0
2 9 4
3 0 1
t 124 27
m0 5 7
m1 9 13
m2 3 14
1 6 0
2 9 3
3 0 2
t 123 27
m0 4 7
m1 9 14
m2 2 14
1 5 0
2 9 4
3 0 1
t 122 27
m0 5 7
m1 9 14
m2 1 14
1 6 0
2 9 3
3 0 2
t 121 27
m0 5 8
m1 9 14
m2 2 14
1 5 0
2 9 4
3 0 1
t 120 27
m0 5 9
m1 9 13
m2 3 14
1 6 0
2 9 3
3 0 2
t 119 27
m0 5 8
m1 8 13
m2 3 14
1 5 0
2 9 4
3 0 1
t 118 27
m0 5 8
m1 7 13
m2 2 14
1 6 0
2 9 3
3 0 2
t 117 27
m0 5 7
m1 8 13
m2 1 14
1 5 0
2 9 4
3 0 1
t 116 27
m0 4 7
m1 9 13
m2 1 14
1 6 0
2 9 3
3 0 2
t 115 27
m0 4 6
m1 9 13
m2 2 14
1 5 0
2 9 4
3 0 1
t 114 27
m0 4 7
m1 9 14
m2 2 14
1 6 0
2 9 3
3 0 2
t 113 27
m0 5 7
m1 9 13
m2 2 14
1 5 0
2 9 4
3 0 1
t 112 27
m0 5 8
m1 9 13
m2 1 14
1 6 0
2 9 3
3 0 2
t 111 27
m0 5 8
m1 9 14
m2 0 14
1 5 0
2 9 4
3 0 1
t 110 27
m0 5 7
m1 9 14
m2 0 13
1 6 0
2 9 3
3 0 2
t 109 27
m0 5 7
m1 9 14
m2 1 13
1 5 0
2 9 4
3 0 1
t 108 27
m0 4 7
m1 9 14
m2 1 14
1 6 0
2 9 3
3 0 2
t 107 27
m0 5 7
m1 9 13
m2 0 14
1 5 0
2 9 4
3 0 1
t 106 27
m0 5 8
m1 9 14
m2 0 13
1 6 0
2 9 3
3 0 2
t 105 27
m0 5 7
m1 9 14
m2 0 14
1 5 0
2 9 4
3 0 1
t 104 27
m0 4 7
m1 9 14
m2 1 14
1 6 0
2 9 3
3 0 2
t 103 27
m0 5 7
m1 9 14
m2 1 13
1 5 0
2 9 4
3 0 1
t 102 27
m0 5 8
m1 9 14
m2 1 14
1 6 0
2 9 3
3 0 2
t 101 27
m0 5 8
m1 9 14
m2 1 14
1 5 0
2 9 4
3 0 1
t 100 27
m0 5 8
m1 9 14
m2 1 13
1 6 0
2 9 3
3 0 2
t 99 27
m0 5 8
m1 9 14
m2 0 13
1 5 0
2 9 4
3 0 1
t 98 27
m0 5 9
m1 9 14
m2 0 14
1 6 0
2 9 3
3 0 2
t 97 27
m0 5 8
m1 9 14
m2 0 14
1 5 0
2 9 4
3 0 1
t 96 27
m0 5 8
m1 9 14
m2 1 14
1 6 0
2 9 3
3 0 2
t 95 27
m0 5 7
m1 9 14
m2 1 13
1 5 0
2 9 4
3 0 1
t 94 27
m0 4 7
m1 9 14
m2 1 13
1 6 0
2 9 3
3 0 2
t 93 27
m0 4 7
m1 9 14
m2 1 13
1 5 0
2 9 4
3 0 1
t 92 27
m0 4 7
m1 9 14
m2 0 13
1 6 0
2 9 3
3 0 2
t 91 27
m0 4 7
m1 9 14
m2 0 14
1 5 0
2 9 4
3 0 1
t 90 27
m0 5 7
m1 9 14
m2 0 14
1 6 0
2 9 3
3 0 2
t 89 27
m0 5 7
m1 9 14
m2 0 13
1 5 0
2 9 4
3 0 1
t 88 27
m0 5 6
m1 9 14
m2 1 13
1 6 0
2 9 3
3 0 2
t 87 27
m0 4 6
m1 9 14
m2 1 12
1 5 0
2 9 4
3 0 1
t 86 27
m0 4 6
m1 9 14
m2 1 13
1 6 0
2 9 3
3 0 2
t 85 27
m0 4 6
m1 9 14
m2 1 13
1 5 0
2 9 4
3 0 1
t 84 27
m0 3 6
m1 9 14
m2 1 13
1 6 0
2 9 3
3 0 2
t 83 27
m0 4 6
m1 9 14
m2 1 13
1 5 0
2 9 4
3 0 1
t 82 27
m0 4 6
m1 9 14
m2 0 13
1 6 0
2 9 3
3 0 2
t 81 27
m0 5 6
m1 9 14
m2 0 13
1 5 0
2 9 4
3 0 1
t 80 27
m0 5 7
m1 9 14
m2 0 14
1 6 0
2 9 3
3 0 2
t 79 27
m0 4 7
m1 9 14
m2 1 14
1 5 0
2 9 4
3 0 1
t 78 27
m0 4 6
m1 9 14
m2 0 14
1 6 0
2 9 3
3 0 2
t 77 27
m0 5 6
m1 9 14
m2 1 14
1 5 0
2 9 4
3 0 1
t 76 27
m0 4 6
m1 9 14
m2 2 14
1 6 0
2 9 3
3 0 2
t 75 27
m0 4 7
m1 9 14
m2 3 14
1 5 0
2 9 4
3 0 1
t 74 27
m0 4 7
m1 9 14
m2 3 13
1 6 0
2 9 3
3 0 2
t 73 27
m0 5 7
m1 9 14
m2 4 13
1 5 0
2 9 4
3 0 1
t 72 28
m0 6 7
m1 9 13
m2 3 13
1 6 0
2 9 3
3 0 2
t 71 29
m0 5 7
m1 9 14
m2 4 13
1 5 0
2 9 4
3 0 1
t 70 29
m0 5 7
m1 9 14
m2 3 13
1 6 0
2 9 3
3 0 2
t 69 29
m0 5 7
m1 9 14
m2 4 13
1 5 0
2 9 4
3 0 1
t 68 29
m0 5 6
m1 9 14
m2 3 13
1 6 0
2 9 3
3 0 2
t 67 29
m0 4 6
m1 9 13
m2 3 14
1 5 0
2 9 4
3 0 1
t 66 29
m0 4 7
m1 9 13
m2 3 14
1 6 0
2 9 3
3 0 2
t 65 29
m0 4 6
m1 9 14
m2 2 14
1 5 0
2 9 4
3 0 1
t 64 29
m0 4 7
m1 9 14
m2 3 14
1 6 0
2 9 3
3 0 2
t 63 29
m0 4 6
m1 9 14
m2 3 13
1 5 0
2 9 4
3 0 1
t 62 29
m0 3 6
m1 9 14
m2 3 14
1 6 0
2 9 3
3 0 2
t 61 29
m0 4 6
m1 9 14
m2 3 14
1 5 0
2 9 4
3 0 1
t 60 29
m0 3 6
m1 9 13
m2 3 14
1 6 0
2 9 3
3 0 2
t 59 29
m0 4 6
m1 9 14
m2 3 14
1 5 0
2 9 4
3 0 1
t 58 29
m0 4 7
m1 9 13
m2 3 14
1 6 0
2 9 3
3 0 2
t 57 29
m0 4 7
m1 9 14
m2 3 13
1 5 0
2 9 4
3 0 1
t 56 29
m0 5 7
m1 9 14
m2 3 12
1 6 0
2 9 3
3 0 2
t 55 29
m0 5 6
m1 9 14
m2 3 11
1 5 0
2 9 4
3 0 1
t 54 29
m0 4 6
m1 9 14
m2 3 11
1 6 0
2 9 3
3 0 2
t 53 29
m0 4 7
m1 9 14
m2 3 12
1 5 0
2 9 4
3 0 1
t 52 29
m0 5 7
m1 9 14
m2 3 13
1 6 0
2 9 3
3 0 2
t 51 29
m0 5 7
m1 9 14
m2 3 13
1 5 0
2 9 4
3 0 1
t 50 29
m0 4 7
m1 9 14
m2 3 14
1 6 0
2 9 3
3 0 2
t 49 29
m0 5 7
m1 9 13
m2 3 14
1 5 0
2 9 4
3 0 1
t 48 29
m0 4 7
m1 9 13
m2 2 14
1 6 0
2 9 3
3 0 2
t 47 29
m0 5 7
m1 9 14
m2 3 14
1 5 0
2 9 4
3 0 1
t 46 29
m0 5 7
m1 9 14
m2 3 14
1 6 0
2 9 3
3 0 2
t 45 29
m0 5 7
m1 9 13
m2 3 14
1 5 0
2 9 4
3 0 1
t 44 29
m0 5 8
m1 9 14
m2 2 14
1 6 0
2 9 3
3 0 2
t 43 29
m0 5 7
m1 9 14
m2 1 14
1 5 0
2 9 4
3 0 1
t 42 29
m0 5 8
m1 9 14
m2 2 14
1 6 0
2 9 3
3 0 2
t 41 29
m0 5 7
m1 9 14
m2 3 14
1 5 0
2 9 4
3 0 1
t 40 29
m0 5 8
m1 9 13
m2 3 14
1 6 0
2 9 3
3 0 2
t 39 29
m0 5 8
m1 9 13
m2 2 14
1 5 0
2 9 4
3 0 1
t 38 29
m0 5 7
m1 9 14
m2 3 14
1 6 0
2 9 3
3 0 2
t 37 29
m0 4 7
m1 9 13
m2 3 14
1 5 0
2 9 4
3 0 1
t 36 29
m0 4 7
m1 8 13
m2 2 14
1 6 0
2 9 3
3 0 2
t 35 29
m0 5 7
m1 9 13
m2 2 14
1 5 0
2 9 4
3 0 1
t 34 29
m0 4 7
m1 9 13
m2 2 14
1 6 0
2 9 3
3 0 2
t 33 29
m0 4 6
m1 9 14
m2 2 14
1 5 0
2 9 4
3 0 1
t 32 29
m0 5 6
m1 9 13
m2 2 14
1 6 0
2 9 3
3 0 2
t 31 29
m0 5 7
m1 8 13
m2 2 14
1 5 0
2 9 4
3 0 1
t 30 29
m0 5 7
m1 7 13
m2 2 14
1 6 0
2 9 3
3 0 2
t 29 29
m0 4 7
m1 8 13
m2 2 14
1 5 0
2 9 4
3 0 1
t 28 29
m0 4 7
m1 9 13
m2 2 14
1 6 0
2 9 3
3 0 2
t 27 29
m0 4 7
m1 9 14
m2 2 14
1 5 0
2 9 4
3 0 1
t 26 29
m0 4 6
m1 9 14
m2 2 14
1 6 0
2 9 3
3 0 2
t 25 29
m0 4 7
m1 9 13
m2 1 14
1 5 0
2 9 4
3 0 1
t 24 29
m0 4 7
m1 9 14
m2 1 13
1 6 0
2 9 3
3 0 2
t 23 29
m0 4 7
m1 9 14
m2 0 13
1 5 0
2 9 4
3 0 1
t 22 29
m0 4 7
m1 9 14
m2 1 13
1 6 0
2 9 3
3 0 2
t 21 29
m0 4 6
m1 9 14
m2 1 12
1 5 0
2 9 4
3 0 1
t 20 29
m0 4 7
m1 9 14
m2 1 13
1 6 0
2 9 3
3 0 2
t 19 29
m0 5 7
m1 9 14
m2 1 13
1 5 0
2 9 4
3 0 1
t 18 29
m0 5 7
m1 9 14
m2 1 12
1 6 0
2 9 3
3 0 2
t 17 29
m0 5 8
m1 9 14
m2 1 13
1 5 0
2 9 4
3 0 1
t 16 29
m0 5 7
m1 9 14
m2 1 14
1 6 0
2 9 3
3 0 2
t 15 29
m0 5 7
m1 9 14
m2 0 14
1 5 0
2 9 4
3 0 1
t 14 29
m0 5 7
m1 9 14
m2 1 14
1 6 0
2 9 3
3 0 2
t 13 29
m0 5 7
m1 9 14
m2 1 13
1 5 0
2 9 4
3 0 1
t 12 29
m0 5 7
m1 9 14
m2 0 13
1 6 0
2 9 3
3 0 2
t 11 29
m0 5 8
m1 9 14
m2 0 14
1 5 0
2 9 4
3 0 1
t 10 29
m0 5 7
m1 9 14
m2 0 13
1 6 0
2 9 3
3 0 2
t 9 29
m0 5 7
m1 9 14
m2 0 13
1 5 0
2 9 4
3 0 1
t 8 29
m0 5 8
m1 9 14
m2 0 14
1 6 0
2 9 3
3 0 2
t 7 29
m0 5 7
m1 9 14
m2 0 13
1 5 0
2 9 4
3 0 1
t 6 29
m0 5 8
m1 9 14
m2 0 14
1 6 0
2 9 3
3 0 2
t 5 29
m0 5 8
m1 9 14
m2 0 14
1 5 0
2 9 4
3 0 1
t 4 29
m0 5 9
m1 9 14
m2 1 14
1 6 0
2 9 3
3 0 2
t 3 29
m0 5 8
m1 9 14
m2 1 14
1 5 0
2 9 4
3 0 1
t 2 29
m0 5 9
m1 9 14
m2 1 14
1 6 0
2 9 3
3 0 2
t 1 29
m0 5 8
m1 9 14
m2 0 14
1 6 0
2 9 3
3 0 2
t 0 29
