10
15
w 4 8
w 2 8
w 7 7
w 0 7
w 2 1
w 6 2
w 0 10
w 2 5
w 1 2
w 4 9
w 5 5
w 8 1
w 4 13
w 0 11
w 5 0
w 0 4
w 2 6
w 9 14
w 3 13
w 1 13
w 8 11
w 6 0
w 2 10
w 2 3
w 0 5
w 6 12
w 0 8
w 6 5
w 7 9
w 3 5
w 8 3
w 7 13
w 2 11
w 0 6
w 6 13
w 4 3
w 0 9
p 5 9
p 1 3
p 8 13
p 9 1
p 6 6
p 3 0
p 4 12
p 1 6
p 5 1
p 7 11
p 0 3
p 1 11
p 4 0
p 9 0
p 3 3
p 7 6
p 1 14
p 8 10
p 1 5
p 3 6
p 2 2
p 1 10
p 8 6
p 4 1
p 1 1
p 4 10
p 7 14
p 5 4
p 5 11
p 9 3
p 5 2
p 1 4
p 9 10
p 7 5
p 1 9
p 1 0
p 2 14
p 9 6
p 7 8
p 9 13
p 5 10
p 6 8
p 3 12
p 1 12
p 9 2
p 7 0
p 6 1
p 3 1
p 0 13
p 7 4
p 1 8
p 8 8
p 1 7
p 3 4
p 9 12
p 8 4
m0 0 14
m1 0 14
m2 0 14
1 9 0
2 9 0
3 9 0
t 300 0
m0 0 13
m1 0 13
m2 0 13
1 8 0
2 8 0
3 8 0
t 299 1
m0 0 12
m1 0 12
m2 0 12
1 9 0
2 9 0
3 9 0
t 298 1
m0 1 12
m1 1 12
m2 1 12
1 8 0
2 8 0
3 8 0
t 297 2
m0 1 11
m1 1 11
m2 1 11
1 9 0
2 9 0
3 9 0
t 296 3
m0 1 10
m1 1 10
m2 1 10
1 8 0
2 8 0
3 8 0
t 295 4
m0 1 9
m1 1 9
m2 1 9
1 9 0
2 9 0
3 9 0
t 294 5
m0 1 8
m1 1 8
m2 1 8
1 8 0
2 8 0
3 8 0
t 293 6
m0 1 7
m1 1 7
m2 1 7
1 9 0
2 9 0
3 9 0
t 292 7
m0 1 6
m1 1 6
m2 1 6
1 8 0
2 8 0
3 8 0
t 291 8
m0 1 5
m1 1 5
m2 1 5
1 9 0
2 9 0
3 9 0
t 290 9
m0 1 4
m1 1 4
m2 1 4
1 8 0
2 8 0
3 8 0
t 289 10
m0 1 3
m1 1 3
m2 1 3
1 9 0
2 9 0
3 9 0
t 288 11
m0 0 3
m1 0 3
m2 0 3
1 8 0
2 8 0
3 8 0
t 287 12
m0 1 3
m1 0 3
m2 0 3
1 9 0
2 9 0
3 9 0
t 286 12
m0 1 3
m1 0 3
m2 0 2
1 8 0
2 8 0
3 8 0
t 285 12
m0 0 3
m1 1 3
m2 0 3
1 9 0
2 9 0
3 9 0
t 284 12
m0 0 3
m1 1 4
m2 1 3
1 8 0
2 8 0
3 8 0
t 283 12
m0 0 2
m1 1 5
m2 1 3
1 9 0
2 9 0
3 9 0
t 282 12
m0 0 1
m1 1 6
m2 0 3
1 8 0
2 8 0
3 8 0
t 281 12
m0 1 1
m1 1 6
m2 0 2
1 9 0
2 9 0
3 9 0
t 280 13
m0 1 0
m1 1 5
m2 0 2
1 9 1
2 9 1
3 9 1
t 279 14
m0 1 0
m1 1 4
m2 0 3
1 9 2
2 9 2
3 9 2
t 278 14
m0 0 0
m1 1 4
m2 0 3
1 9 1
2 9 1
3 9 1
t 277 14
m0 0 0
m1 2 4
m2 0 3
1 9 0
2 9 0
3 9 0
t 276 14
m0 0 1
m1 3 4
m2 1 3
1 8 0
2 8 0
3 8 0
t 275 15
m0 0 2
m1 3 3
m2 1 3
1 9 0
2 9 0
3 9 0
t 274 16
m0 0 2
m1 3 4
m2 1 3
1 8 0
2 8 0
3 8 0
t 273 16
m0 0 3
m1 2 4
m2 1 4
1 9 0
2 9 0
3 9 0
t 272 16
m0 1 3
m1 2 4
m2 2 4
1 8 0
2 8 0
3 8 0
t 271 16
m0 1 3
m1 3 4
m2 1 4
1 9 0
2 9 0
3 9 0
t 270 16
m0 1 3
m1 2 4
m2 1 3
1 8 0
2 8 0
3 8 0
t 269 16
m0 0 3
m1 3 4
m2 1 4
1 9 0
2 9 0
3 9 0
t 268 16
m0 1 3
m1 2 4
m2 1 3
1 8 0
2 8 0
3 8 0
t 267 16
m0 0 3
m1 3 4
m2 1 4
1 9 0
2 9 0
3 9 0
f 6 14
t 266 16
m0 0 2
m1 3 3
m2 1 3
1 8 0
2 8 0
3 8 0
t 265 16
m0 0 2
m1 3 4
m2 0 3
1 9 0
2 9 0
3 9 0
t 264 16
m0 0 3
m1 2 4
m2 0 3
1 8 0
2 8 0
3 8 0
t 263 16
m0 1 3
m1 3 4
m2 0 2
1 9 0
2 9 0
3 9 0
t 262 16
m0 0 3
m1 3 4
m2 0 1
1 8 0
2 8 0
3 8 0
t 261 16
m0 0 2
m1 4 4
m2 0 2
1 9 0
2 9 0
3 9 0
t 260 16
m0 0 3
m1 5 4
m2 0 1
1 8 0
2 8 0
3 8 0
t 259 17
m0 1 3
m1 4 4
m2 0 2
1 9 0
2 9 0
3 9 0
t 258 17
m0 0 3
m1 4 5
m2 0 2
1 8 0
2 8 0
3 8 0
t 257 17
m0 0 3
m1 4 6
m2 0 2
1 9 0
2 9 0
3 9 0
t 256 17
m0 0 2
m1 3 6
m2 0 3
1 8 0
2 8 0
3 8 0
t 255 18
m0 0 2
m1 4 6
m2 0 3
1 9 0
2 9 0
3 9 0
t 254 18
m0 0 2
m1 4 7
m2 0 3
1 8 0
2 8 0
3 8 0
t 253 18
m0 0 2
m1 3 7
m2 1 3
1 9 0
2 9 0
3 9 0
t 252 18
m0 0 1
m1 3 6
m2 0 3
1 8 0
2 8 0
3 8 0
t 251 18
m0 1 1
m1 3 7
m2 1 3
1 9 0
2 9 0
3 9 0
t 250 18
m0 0 1
m1 3 6
m2 1 3
1 8 0
2 8 0
3 8 0
t 249 18
m0 0 1
m1 3 6
m2 0 3
1 9 0
2 9 0
3 9 0
t 248 18
m0 0 1
m1 3 6
m2 0 2
1 8 0
2 8 0
3 8 0
t 247 18
m0 0 2
m1 3 7
m2 0 1
1 9 0
2 9 0
3 9 0
t 246 18
m0 0 2
m1 3 8
m2 0 1
1 8 0
2 8 0
3 8 0
t 245 18
m0 0 2
m1 3 9
m2 1 1
1 9 0
2 9 0
3 9 0
t 244 18
m0 0 2
m1 3 10
m2 1 0
1 9 1
2 9 1
3 9 1
t 243 18
m0 0 3
m1 4 10
m2 0 0
1 9 2
2 9 2
3 9 2
t 242 19
m0 0 3
m1 5 10
m2 1 0
1 9 1
2 9 1
3 9 1
t 241 20
m0 0 2
m1 5 9
m2 0 0
1 9 0
2 9 0
3 9 0
t 240 21
m0 0 2
m1 5 10
m2 0 0
1 9 1
2 9 1
3 9 1
t 239 21
m0 0 1
m1 5 11
m2 1 0
1 9 2
2 9 2
3 9 2
t 238 22
m0 0 1
m1 5 12
m2 2 0
1 9 3
2 9 3
3 9 3
t 237 22
m0 0 2
m1 4 12
m2 3 0
1 9 4
2 9 4
3 9 4
t 236 24
m0 0 2
m1 3 12
m2 3 1
1 9 5
2 9 5
3 9 5
t 235 26
m0 0 1
m1 4 12
m2 4 1
1 9 6
2 9 6
3 9 6
t 234 27
m0 0 0
m1 4 12
m2 4 0
1 9 5
2 9 5
3 9 5
t 233 28
m0 0 0
m1 3 12
m2 4 1
1 9 6
2 9 6
3 9 6
t 232 28
m0 1 0
m1 2 12
m2 5 1
1 9 7
2 9 7
3 9 7
t 231 29
m0 0 0
m1 2 13
m2 6 1
1 9 8
2 9 8
3 9 8
t 230 30
m0 0 0
m1 2 14
m2 6 1
1 9 9
2 9 9
3 9 9
t 229 31
m0 1 0
m1 1 14
m2 7 1
1 9 10
2 9 10
3 9 10
t 228 32
m0 1 0
m1 0 14
m2 7 0
1 9 11
2 9 11
3 9 11
t 227 33
m0 1 0
m1 0 13
m2 8 0
1 9 10
2 9 10
3 9 10
t 226 33
m0 0 0
m1 0 14
m2 9 0
1 8 10
2 8 10
3 8 10
t 225 34
m0 1 0
m1 0 14
m2 9 1
1 7 10
2 7 10
3 7 10
t 224 35
m0 0 0
m1 0 14
m2 9 2
1 6 10
2 6 10
3 6 10
t 223 36
m0 1 0
m1 1 14
m2 9 3
1 7 10
2 7 10
3 7 10
t 222 37
m0 0 0
m1 2 14
m2 9 4
1 6 10
2 6 10
3 6 10
t 221 37
m0 0 0
m1 2 14
m2 8 4
1 7 10
2 7 10
3 7 10
t 220 38
m0 0 0
m1 1 14
m2 7 4
1 8 10
2 8 10
3 8 10
t 219 39
m0 0 1
m1 0 14
m2 7 5
1 9 10
2 9 10
3 9 10
t 218 40
m0 0 1
m1 0 14
m2 7 6
1 9 11
2 9 11
3 9 11
t 217 41
m0 0 1
m1 0 14
m2 6 6
1 9 12
2 9 12
3 9 12
t 216 42
m0 0 0
m1 0 13
m2 6 7
1 9 13
2 9 13
3 9 13
t 215 42
m0 0 0
m1 0 14
m2 6 8
1 9 12
2 9 12
3 9 12
t 214 43
m0 0 0
m1 1 14
m2 7 8
1 9 13
2 9 13
3 9 13
t 213 44
m0 0 1
m1 0 14
m2 8 8
1 9 12
2 9 12
3 9 12
t 212 45
m0 0 0
m1 0 14
m2 8 7
1 9 13
2 9 13
3 9 13
t 211 45
m0 1 0
m1 0 13
m2 8 6
1 9 12
2 9 12
3 9 12
t 210 46
m0 0 0
m1 0 12
m2 9 6
1 8 12
2 8 12
3 8 12
t 209 47
m0 0 1
m1 1 12
m2 9 6
1 8 13
2 8 13
3 8 13
t 208 47
m0 1 1
m1 1 11
m2 9 6
1 8 14
2 8 14
3 8 14
t 207 47
m0 1 1
m1 1 12
m2 9 6
1 8 13
2 8 13
3 8 13
t 206 47
m0 0 1
m1 1 12
m2 9 6
1 8 14
2 8 14
3 8 14
t 205 47
m0 0 0
m1 1 11
m2 9 7
1 7 14
2 7 14
3 7 14
t 204 47
m0 1 0
m1 1 11
m2 9 6
1 8 14
2 8 14
3 8 14
t 203 47
m0 1 0
m1 1 12
m2 9 6
1 8 13
2 8 13
3 8 13
t 202 47
m0 2 0
m1 1 12
m2 9 5
1 8 14
2 8 14
3 8 14
t 201 47
m0 1 0
m1 1 12
m2 9 4
1 8 13
2 8 13
3 8 13
t 200 47
m0 1 0
m1 1 11
m2 9 4
1 8 14
2 8 14
3 8 14
t 199 47
m0 1 1
m1 1 12
m2 9 3
1 8 13
2 8 13
3 8 13
t 198 47
m0 0 1
m1 0 12
m2 9 2
1 9 13
2 9 13
3 9 13
t 197 47
m0 0 2
m1 0 13
m2 8 2
1 9 12
2 9 12
3 9 12
t 196 47
m0 0 3
m1 0 14
m2 7 2
1 9 11
2 9 11
3 9 11
t 195 47
m0 0 2
m1 1 14
m2 7 2
1 9 10
2 9 10
3 9 10
t 194 47
m0 0 1
m1 0 14
m2 8 2
1 9 11
2 9 11
3 9 11
t 193 47
m0 0 1
m1 0 14
m2 8 2
1 9 12
2 9 12
3 9 12
t 192 47
m0 0 0
m1 0 14
m2 7 2
1 9 11
2 9 11
3 9 11
t 191 47
m0 1 0
m1 0 13
m2 7 2
1 9 10
2 9 10
3 9 10
t 190 47
m0 1 0
m1 0 14
m2 7 2
1 9 11
2 9 11
3 9 11
t 189 47
m0 0 0
m1 1 14
m2 7 2
1 9 10
2 9 10
3 9 10
t 188 47
m0 0 0
m1 1 14
m2 7 1
1 9 11
2 9 11
3 9 11
t 187 47
m0 0 0
m1 2 14
m2 6 1
1 9 10
2 9 10
3 9 10
t 186 47
m0 1 0
m1 1 14
m2 5 1
1 9 9
2 9 9
3 9 9
t 185 47
m0 0 0
m1 1 14
m2 5 2
1 9 10
2 9 10
3 9 10
t 184 48
m0 0 0
m1 1 14
m2 5 2
1 9 9
2 9 9
3 9 9
t 183 48
m0 0 1
m1 0 14
m2 5 1
1 9 10
2 9 10
3 9 10
t 182 48
m0 0 0
m1 0 14
m2 5 1
1 9 9
2 9 9
3 9 9
t 181 48
m0 1 0
m1 0 13
m2 5 2
1 9 10
2 9 10
3 9 10
t 180 48
m0 1 1
m1 0 12
m2 5 3
1 9 9
2 9 9
3 9 9
t 179 48
m0 1 0
m1 0 12
m2 5 3
1 9 10
2 9 10
3 9 10
t 178 48
m0 2 0
m1 0 12
m2 6 3
1 9 11
2 9 11
3 9 11
t 177 48
m0 1 0
m1 1 12
m2 6 3
1 9 10
2 9 10
3 9 10
t 176 48
m0 1 0
m1 1 12
m2 5 3
1 9 9
2 9 9
3 9 9
t 175 48
m0 2 0
m1 0 12
m2 5 2
1 9 10
2 9 10
3 9 10
t 174 48
m0 3 0
m1 0 12
m2 5 3
1 9 9
2 9 9
3 9 9
t 173 48
m0 2 0
m1 0 13
m2 6 3
1 9 10
2 9 10
3 9 10
t 172 48
m0 1 0
m1 0 12
m2 7 3
1 9 11
2 9 11
3 9 11
t 171 48
m0 1 1
m1 0 12
m2 6 3
1 9 10
2 9 10
3 9 10
t 170 48
m0 1 1
m1 0 12
m2 6 4
1 9 11
2 9 11
3 9 11
t 169 48
m0 1 1
m1 1 12
m2 5 4
1 9 10
2 9 10
3 9 10
t 168 48
m0 0 1
m1 1 12
m2 5 4
1 9 9
2 9 9
3 9 9
t 167 48
m0 1 1
m1 1 12
m2 6 4
1 9 10
2 9 10
3 9 10
t 166 48
m0 0 1
m1 0 12
m2 5 4
1 9 11
2 9 11
3 9 11
t 165 48
m0 0 2
m1 0 13
m2 4 4
1 9 10
2 9 10
3 9 10
t 164 48
m0 0 3
m1 0 12
m2 5 4
1 9 11
2 9 11
3 9 11
t 163 48
m0 0 3
m1 0 13
m2 5 4
1 9 10
2 9 10
3 9 10
t 162 48
m0 0 3
m1 0 13
m2 5 3
1 9 11
2 9 11
3 9 11
t 161 48
m0 0 3
m1 0 12
m2 5 3
1 9 10
2 9 10
3 9 10
t 160 48
m0 0 2
m1 1 12
m2 5 2
1 9 9
2 9 9
3 9 9
t 159 48
m0 0 1
m1 2 12
m2 4 2
1 9 8
2 9 8
3 9 8
t 158 48
m0 1 1
m1 1 12
m2 5 2
1 9 9
2 9 9
3 9 9
t 157 48
m0 1 0
m1 1 12
m2 5 2
1 9 8
2 9 8
3 9 8
t 156 48
m0 2 0
m1 1 12
m2 4 2
1 9 9
2 9 9
3 9 9
t 155 48
m0 1 0
m1 1 12
m2 4 2
1 9 8
2 9 8
3 9 8
t 154 48
m0 1 1
m1 0 12
m2 5 2
1 9 9
2 9 9
3 9 9
t 153 48
m0 0 1
m1 0 13
m2 5 3
1 9 10
2 9 10
3 9 10
t 152 48
m0 0 0
m1 0 14
m2 5 4
1 9 11
2 9 11
3 9 11
t 151 48
m0 1 0
m1 0 14
m2 4 4
1 9 10
2 9 10
3 9 10
t 150 48
m0 2 0
m1 0 14
m2 3 4
1 9 11
2 9 11
3 9 11
t 149 48
m0 2 0
m1 0 14
m2 2 4
1 9 10
2 9 10
3 9 10
t 148 48
m0 3 0
m1 0 14
m2 2 4
1 9 9
2 9 9
3 9 9
t 147 48
m0 3 0
m1 0 13
m2 2 4
1 9 10
2 9 10
3 9 10
t 146 48
m0 3 0
m1 0 14
m2 2 4
1 9 9
2 9 9
3 9 9
t 145 48
m0 4 0
m1 0 13
m2 1 4
1 9 8
2 9 8
3 9 8
t 144 48
m0 4 0
m1 0 12
m2 2 4
1 9 9
2 9 9
3 9 9
t 143 48
m0 3 0
m1 0 12
m2 2 4
1 9 8
2 9 8
3 9 8
t 142 48
m0 4 0
m1 0 12
m2 1 4
1 9 9
2 9 9
3 9 9
t 141 48
m0 3 0
m1 0 13
m2 1 3
1 9 8
2 9 8
3 9 8
t 140 48
m0 4 0
m1 0 12
m2 0 3
1 9 7
2 9 7
3 9 7
t 139 48
m0 4 1
m1 0 12
m2 0 2
1 9 8
2 9 8
3 9 8
t 138 48
m0 4 0
m1 0 13
m2 0 2
1 9 9
2 9 9
3 9 9
t 137 48
m0 4 0
m1 0 14
m2 0 1
1 9 8
2 9 8
3 9 8
t 136 48
m0 4 1
m1 1 14
m2 0 2
1 9 9
2 9 9
3 9 9
t 135 48
m0 4 0
m1 0 14
m2 0 2
1 9 8
2 9 8
3 9 8
t 134 48
m0 4 0
m1 0 13
m2 0 3
1 9 9
2 9 9
3 9 9
t 133 48
m0 4 0
m1 0 13
m2 0 3
1 9 8
2 9 8
3 9 8
t 132 48
m0 3 0
m1 0 12
m2 0 2
1 9 7
2 9 7
3 9 7
t 131 48
m0 2 0
m1 0 12
m2 0 2
1 9 6
2 9 6
3 9 6
t 130 48
m0 2 0
m1 1 12
m2 0 2
1 9 7
2 9 7
3 9 7
t 129 48
m0 2 0
m1 1 12
m2 0 2
1 9 6
2 9 6
3 9 6
t 128 48
m0 1 0
m1 2 12
m2 0 1
1 9 5
2 9 5
3 9 5
t 127 48
m0 1 1
m1 1 12
m2 1 1
1 9 6
2 9 6
3 9 6
t 126 48
m0 1 0
m1 2 12
m2 1 0
1 9 5
2 9 5
3 9 5
t 125 48
m0 0 0
m1 1 12
m2 1 0
1 9 6
2 9 6
3 9 6
t 124 48
m0 0 1
m1 0 12
m2 0 0
1 9 7
2 9 7
3 9 7
t 123 48
m0 0 2
m1 0 12
m2 0 0
1 9 6
2 9 6
3 9 6
t 122 48
m0 0 1
m1 0 13
m2 0 0
1 9 7
2 9 7
3 9 7
t 121 48
m0 0 1
m1 0 12
m2 1 0
1 9 6
2 9 6
3 9 6
t 120 48
m0 0 2
m1 0 12
m2 1 1
1 9 7
2 9 7
3 9 7
t 119 48
m0 0 1
m1 1 12
m2 1 1
1 9 6
2 9 6
3 9 6
t 118 48
m0 0 1
m1 2 12
m2 0 1
1 9 5
2 9 5
3 9 5
t 117 48
m0 1 1
m1 2 13
m2 1 1
1 9 6
2 9 6
3 9 6
t 116 48
m0 1 1
m1 2 13
m2 1 1
1 9 7
2 9 7
3 9 7
t 115 48
m0 1 1
m1 2 13
m2 0 1
1 9 6
2 9 6
3 9 6
t 114 48
m0 1 1
m1 2 14
m2 1 1
1 9 7
2 9 7
3 9 7
t 113 48
m0 1 1
m1 1 14
m2 1 0
1 9 8
2 9 8
3 9 8
t 112 48
m0 1 0
m1 0 14
m2 1 0
1 9 7
2 9 7
3 9 7
t 111 48
m0 2 0
m1 1 14
m2 0 0
1 9 8
2 9 8
3 9 8
t 110 48
m0 1 0
m1 0 14
m2 1 0
1 9 7
2 9 7
3 9 7
t 109 48
m0 0 0
m1 0 13
m2 1 0
1 9 6
2 9 6
3 9 6
t 108 48
m0 1 0
m1 0 14
m2 2 0
1 9 7
2 9 7
3 9 7
t 107 48
m0 0 0
m1 0 13
m2 1 0
1 9 6
2 9 6
3 9 6
t 106 48
m0 1 0
m1 0 14
m2 1 1
1 9 7
2 9 7
3 9 7
t 105 48
m0 0 0
m1 0 14
m2 1 1
1 9 8
2 9 8
3 9 8
t 104 48
m0 0 1
m1 0 14
m2 1 0
1 9 7
2 9 7
3 9 7
t 103 48
m0 0 1
m1 0 14
m2 1 1
1 9 8
2 9 8
3 9 8
t 102 48
m0 0 1
m1 0 14
m2 1 0
1 9 7
2 9 7
3 9 7
t 101 48
m0 0 0
m1 1 14
m2 1 0
1 9 6
2 9 6
3 9 6
t 100 48
m0 0 0
m1 1 14
m2 0 0
1 9 7
2 9 7
3 9 7
t 99 48
m0 1 0
m1 2 14
m2 0 0
1 9 6
2 9 6
3 9 6
t 98 48
m0 1 1
m1 2 13
m2 0 0
1 9 7
2 9 7
3 9 7
t 97 48
m0 1 0
m1 2 13
m2 0 0
1 9 6
2 9 6
3 9 6
t 96 48
m0 1 1
m1 2 14
m2 0 1
1 9 7
2 9 7
3 9 7
t 95 48
m0 1 1
m1 2 14
m2 0 1
1 9 6
2 9 6
3 9 6
t 94 48
m0 1 0
m1 1 14
m2 0 0
1 9 7
2 9 7
3 9 7
t 93 48
m0 0 0
m1 2 14
m2 0 1
1 9 6
2 9 6
3 9 6
t 92 48
m0 1 0
m1 2 14
m2 0 0
1 9 7
2 9 7
3 9 7
t 91 48
m0 0 0
m1 1 14
m2 0 0
1 9 6
2 9 6
3 9 6
t 90 48
m0 0 1
m1 2 14
m2 1 0
1 9 7
2 9 7
3 9 7
t 89 48
m0 0 2
m1 2 13
m2 0 0
1 9 6
2 9 6
3 9 6
t 88 48
m0 0 3
m1 2 14
m2 1 0
1 9 7
2 9 7
3 9 7
t 87 48
m0 0 3
m1 3 14
m2 2 0
1 9 6
2 9 6
3 9 6
t 86 48
m0 0 2
m1 3 14
m2 3 0
1 9 7
2 9 7
3 9 7
t 85 48
m0 0 1
m1 3 14
m2 3 0
1 9 6
2 9 6
3 9 6
t 84 48
m0 0 1
m1 3 14
m2 2 0
1 9 7
2 9 7
3 9 7
t 83 48
m0 0 2
m1 4 14
m2 2 0
1 9 6
2 9 6
3 9 6
t 82 48
m0 0 3
m1 4 14
m2 2 0
1 9 7
2 9 7
3 9 7
t 81 48
m0 1 3
m1 4 14
m2 2 0
1 9 6
2 9 6
3 9 6
t 80 48
m0 0 3
m1 3 14
m2 3 0
1 9 7
2 9 7
3 9 7
t 79 48
m0 0 3
m1 4 14
m2 3 0
1 9 6
2 9 6
3 9 6
t 78 48
m0 0 3
m1 4 14
m2 3 0
1 9 7
2 9 7
3 9 7
t 77 48
m0 0 3
m1 5 14
m2 2 0
1 9 6
2 9 6
3 9 6
t 76 48
m0 0 2
m1 6 14
m2 2 0
1 9 5
2 9 5
3 9 5
t 75 58
m0 0 2
m1 7 14
m2 2 0
1 9 4
2 9 4
3 9 4
t 74 59
m0 0 1
m1 8 14
m2 2 0
1 9 3
2 9 3
3 9 3
t 73 59
m0 1 1
m1 8 13
m2 2 0
1 9 4
2 9 4
3 9 4
f 4 2
t 72 60
m0 1 1
m1 9 13
m2 3 0
1 9 3
2 9 3
3 9 3
t 71 61
m0 1 0
m1 9 12
m2 3 1
1 9 4
2 9 4
3 9 4
t 70 62
m0 0 0
m1 8 12
m2 3 2
1 9 5
2 9 5
3 9 5
t 69 62
m0 0 1
m1 7 12
m2 2 2
1 9 4
2 9 4
3 9 4
t 68 63
m0 0 0
m1 7 11
m2 3 2
1 9 5
2 9 5
3 9 5
t 67 64
m0 0 0
m1 7 12
m2 3 2
1 9 4
2 9 4
3 9 4
t 66 64
m0 0 0
m1 7 12
m2 2 2
1 9 5
2 9 5
3 9 5
t 65 64
m0 0 1
m1 7 12
m2 3 2
1 9 4
2 9 4
3 9 4
t 64 64
m0 0 1
m1 8 12
m2 3 2
1 9 5
2 9 5
3 9 5
t 63 64
m0 0 0
m1 9 12
m2 3 1
1 9 4
2 9 4
3 9 4
t 62 64
m0 1 0
m1 9 11
m2 3 1
1 9 3
2 9 3
3 9 3
t 61 64
m0 0 0
m1 9 10
m2 3 1
1 9 2
2 9 2
3 9 2
t 60 65
m0 0 1
m1 8 10
m2 3 0
1 9 2
2 9 2
3 9 2
t 59 85
