10
15
w 5 9
w 4 7
w 6 6
w 2 8
w 9 8
w 8 0
w 5 13
w 1 6
w 2 12
w 7 2
w 4 0
w 2 9
w 6 10
w 1 5
w 0 11
w 5 0
w 1 1
w 4 10
w 5 4
w 4 5
w 1 13
w 8 11
w 6 0
w 2 3
w 1 9
w 4 2
w 4 11
w 3 5
w 2 7
w 9 13
w 7 0
w 5 7
w 7 13
w 9 9
w 7 4
w 8 8
w 8 4
p 6 9
p 1 3
p 7 12
p 3 0
p 3 11
p 8 9
p 4 12
p 7 11
p 5 1
p 1 11
p 8 5
p 5 8
p 3 14
p 8 14
p 9 0
p 6 7
p 5 5
p 3 3
p 8 1
p 3 10
p 5 12
p 1 14
p 7 6
p 6 3
p 9 11
p 3 6
p 0 4
p 8 6
p 4 1
p 6 4
p 2 6
p 9 14
p 8 2
p 3 13
p 0 5
p 8 7
p 1 0
p 2 14
p 6 5
p 0 1
p 8 3
p 4 6
p 1 12
p 6 8
p 9 2
p 8 12
p 3 1
p 2 11
p 0 6
p 1 8
p 6 13
p 1 7
p 0 9
p 3 4
p 0 2
p 9 12
m0 0 14
m1 0 14
m2 0 14
1 9 0
2 9 0
3 9 0
t 300 0
m0 1 14
m1 1 14
m2 1 14
1 9 1
2 9 1
3 9 1
t 299 1
m0 1 14
m1 2 14
m2 0 14
1 9 2
2 9 2
3 9 2
t 298 2
m0 0 14
m1 1 14
m2 0 13
1 9 1
2 9 1
3 9 1
t 297 2
m0 0 14
m1 2 14
m2 0 12
1 9 2
2 9 2
3 9 2
t 296 2
m0 0 13
m1 2 14
m2 1 12
1 9 3
2 9 3
3 9 3
t 295 3
m0 0 14
m1 3 14
m2 1 11
1 9 2
2 9 2
3 9 2
t 294 5
m0 0 14
m1 3 14
m2 1 11
1 9 1
2 9 1
3 9 1
t 293 5
m0 1 14
m1 3 14
m2 2 11
1 9 0
2 9 0
3 9 0
t 292 6
m0 0 14
m1 3 14
m2 1 11
1 9 1
2 9 1
3 9 1
t 291 6
m0 0 14
m1 3 14
m2 2 11
1 9 0
2 9 0
3 9 0
t 290 6
m0 0 14
m1 3 13
m2 2 10
1 9 1
2 9 1
3 9 1
t 289 7
m0 0 13
m1 3 14
m2 3 10
1 9 0
2 9 0
3 9 0
t 288 8
m0 0 14
m1 3 13
m2 3 9
1 9 1
2 9 1
3 9 1
t 287 8
m0 1 14
m1 3 14
m2 3 9
1 9 2
2 9 2
3 9 2
t 286 8
m0 2 14
m1 4 14
m2 3 8
1 9 1
2 9 1
3 9 1
t 285 8
m0 3 14
m1 4 14
m2 3 8
1 9 2
2 9 2
3 9 2
t 284 8
m0 4 14
m1 5 14
m2 3 9
1 8 2
2 8 2
3 8 2
t 283 8
m0 4 14
m1 5 14
m2 3 10
1 9 2
2 9 2
3 9 2
t 282 8
m0 3 14
m1 6 14
m2 3 11
1 9 1
2 9 1
3 9 1
t 281 9
m0 3 14
m1 7 14
m2 3 12
1 9 2
2 9 2
3 9 2
t 280 9
m0 4 14
m1 8 14
m2 3 13
1 9 1
2 9 1
3 9 1
t 279 10
m0 3 14
m1 8 14
m2 3 13
1 9 2
2 9 2
3 9 2
t 278 10
m0 3 14
m1 7 14
m2 4 13
1 8 2
2 8 2
3 8 2
t 277 10
m0 2 14
m1 7 14
m2 3 13
1 9 2
2 9 2
3 9 2
t 276 10
m0 3 14
m1 8 14
m2 2 13
1 9 3
2 9 3
3 9 3
t 275 10
m0 2 14
m1 9 14
m2 3 13
1 9 2
2 9 2
3 9 2
t 274 11
m0 1 14
m1 9 14
m2 3 12
1 9 3
2 9 3
3 9 3
t 273 11
m0 1 14
m1 8 14
m2 3 11
1 9 4
2 9 4
3 9 4
t 272 11
m0 0 14
m1 9 14
m2 3 11
1 9 3
2 9 3
3 9 3
t 271 11
m0 0 13
m1 9 14
m2 3 12
1 9 4
2 9 4
3 9 4
t 270 11
m0 0 14
m1 8 14
m2 4 12
1 9 5
2 9 5
3 9 5
t 269 12
m0 1 14
m1 8 13
m2 4 12
1 9 4
2 9 4
3 9 4
t 268 12
m0 2 14
m1 8 13
m2 3 12
1 9 3
2 9 3
3 9 3
t 267 12
m0 2 13
m1 8 12
m2 4 12
1 8 3
2 8 3
3 8 3
t 266 13
m0 2 14
m1 8 12
m2 3 12
1 9 3
2 9 3
3 9 3
t 265 13
m0 2 13
m1 8 12
m2 3 11
1 9 4
2 9 4
3 9 4
t 264 13
m0 3 13
m1 9 12
m2 3 12
1 9 3
2 9 3
3 9 3
t 263 14
m0 4 13
m1 9 11
m2 4 12
1 9 2
2 9 2
3 9 2
t 262 15
m0 4 13
m1 9 11
m2 4 13
1 9 3
2 9 3
3 9 3
t 261 15
m0 4 12
m1 9 12
m2 4 12
1 8 3
2 8 3
3 8 3
t 260 15
m0 4 12
m1 8 12
m2 4 13
1 8 2
2 8 2
3 8 2
t 259 15
m0 5 12
m1 9 12
m2 3 13
1 8 1
2 8 1
3 8 1
t 258 16
m0 4 12
m1 9 11
m2 3 13
1 9 1
2 9 1
3 9 1
t 257 16
m0 5 12
m1 9 12
m2 3 14
1 9 2
2 9 2
3 9 2
t 256 16
m0 5 12
m1 8 12
m2 3 13
1 9 1
2 9 1
3 9 1
t 255 16
m0 4 12
m1 8 13
m2 3 14
1 9 0
2 9 0
3 9 0
t 254 16
m0 3 12
m1 8 12
m2 4 14
1 9 1
2 9 1
3 9 1
t 253 16
m0 3 11
m1 9 12
m2 4 13
1 8 1
2 8 1
3 8 1
t 252 16
m0 3 11
m1 9 11
m2 4 13
1 9 1
2 9 1
3 9 1
t 251 16
m0 3 10
m1 9 10
m2 3 13
1 8 1
2 8 1
3 8 1
t 250 16
m0 3 9
m1 9 11
m2 3 13
1 9 1
2 9 1
3 9 1
t 249 16
m0 3 9
m1 9 10
m2 2 13
1 9 2
2 9 2
3 9 2
t 248 16
m0 4 9
m1 9 10
m2 3 13
1 9 3
2 9 3
3 9 3
t 247 16
m0 4 9
m1 9 11
m2 3 12
1 8 3
2 8 3
3 8 3
t 246 16
m0 3 9
m1 9 12
m2 4 12
1 7 3
2 7 3
3 7 3
t 245 16
m0 4 9
m1 8 12
m2 3 12
1 8 3
2 8 3
3 8 3
t 244 16
m0 4 8
m1 7 12
m2 3 11
1 9 3
2 9 3
3 9 3
t 243 17
m0 4 9
m1 7 11
m2 3 12
1 9 4
2 9 4
3 9 4
t 242 18
m0 3 9
m1 7 10
m2 3 11
1 9 3
2 9 3
3 9 3
t 241 18
m0 4 9
m1 7 9
m2 3 12
1 9 2
2 9 2
3 9 2
t 240 18
m0 3 9
m1 7 8
m2 3 13
1 8 2
2 8 2
3 8 2
f 1 12
t 239 18
m0 3 10
m1 7 7
m2 2 13
1 9 2
2 9 2
3 9 2
t 238 18
m0 3 11
m1 6 7
m2 2 14
1 9 1
2 9 1
3 9 1
t 237 19
m0 3 10
m1 7 7
m2 1 14
1 9 2
2 9 2
3 9 2
t 236 19
m0 3 10
m1 8 7
m2 1 14
1 9 1
2 9 1
3 9 1
t 235 20
m0 2 10
m1 7 7
m2 1 14
1 8 1
2 8 1
3 8 1
t 234 20
m0 3 10
m1 7 8
m2 1 14
1 8 2
2 8 2
3 8 2
t 233 20
m0 2 10
m1 7 7
m2 0 14
1 9 2
2 9 2
3 9 2
t 232 20
m0 1 10
m1 6 7
m2 1 14
1 9 3
2 9 3
3 9 3
t 231 20
m0 2 10
m1 6 7
m2 1 14
1 9 4
2 9 4
3 9 4
t 230 20
m0 3 10
m1 7 7
m2 1 14
1 9 5
2 9 5
3 9 5
t 229 20
m0 3 9
m1 6 7
m2 2 14
1 9 6
2 9 6
3 9 6
t 228 20
m0 3 10
m1 6 8
m2 1 14
1 9 5
2 9 5
3 9 5
t 227 21
m0 3 11
m1 7 8
m2 1 14
1 9 4
2 9 4
3 9 4
t 226 21
m0 3 11
m1 7 7
m2 1 14
1 9 3
2 9 3
3 9 3
t 225 21
m0 3 10
m1 8 7
m2 0 14
1 9 4
2 9 4
3 9 4
t 224 21
m0 2 10
m1 8 6
m2 1 14
1 9 3
2 9 3
3 9 3
t 223 22
m0 2 10
m1 8 7
m2 1 14
1 9 4
2 9 4
3 9 4
t 222 22
m0 3 10
m1 8 6
m2 0 14
1 9 3
2 9 3
3 9 3
t 221 22
m0 3 11
m1 8 7
m2 1 14
1 9 2
2 9 2
3 9 2
t 220 22
m0 3 10
m1 7 7
m2 0 14
1 9 1
2 9 1
3 9 1
t 219 22
m0 3 10
m1 6 7
m2 0 14
1 9 2
2 9 2
3 9 2
t 218 22
m0 3 11
m1 7 7
m2 1 14
1 8 2
2 8 2
3 8 2
t 217 22
m0 3 10
m1 8 7
m2 0 14
1 8 3
2 8 3
3 8 3
t 216 22
m0 2 10
m1 7 7
m2 1 14
1 7 3
2 7 3
3 7 3
t 215 22
m0 2 10
m1 6 7
m2 1 14
1 8 3
2 8 3
3 8 3
t 214 22
m0 1 10
m1 7 7
m2 1 14
1 9 3
2 9 3
3 9 3
t 213 22
m0 0 10
m1 7 7
m2 1 14
1 9 2
2 9 2
3 9 2
t 212 22
m0 0 10
m1 8 7
m2 1 14
1 9 1
2 9 1
3 9 1
t 211 22
m0 0 10
m1 8 6
m2 1 14
1 9 0
2 9 0
3 9 0
t 210 22
m0 0 10
m1 8 5
m2 2 14
1 9 1
2 9 1
3 9 1
t 209 23
m0 1 10
m1 9 5
m2 2 14
1 8 1
2 8 1
3 8 1
t 208 23
m0 0 10
m1 9 5
m2 3 14
1 7 1
2 7 1
3 7 1
t 207 23
m0 1 10
m1 9 5
m2 2 14
1 6 1
2 6 1
3 6 1
t 206 23
m0 1 10
m1 9 4
m2 3 14
1 6 2
2 6 2
3 6 2
t 205 23
m0 1 11
m1 9 5
m2 2 14
1 5 2
2 5 2
3 5 2
t 204 23
m0 1 12
m1 9 6
m2 1 14
1 6 2
2 6 2
3 6 2
t 203 33
m0 0 12
m1 9 7
m2 1 14
1 6 1
2 6 1
3 6 1
t 202 33
m0 1 12
m1 9 7
m2 2 14
1 6 2
2 6 2
3 6 2
t 201 33
m0 0 12
m1 9 6
m2 2 13
1 6 1
2 6 1
3 6 1
t 200 33
m0 0 12
m1 8 6
m2 3 13
1 6 2
2 6 2
3 6 2
t 199 33
m0 1 12
m1 8 5
m2 3 14
1 6 1
2 6 1
3 6 1
t 198 33
m0 1 11
m1 8 5
m2 3 14
1 5 1
2 5 1
3 5 1
t 197 33
m0 1 11
m1 8 5
m2 4 14
1 4 1
2 4 1
3 4 1
t 196 33
m0 2 11
m1 8 6
m2 4 14
1 3 1
2 3 1
3 3 1
t 195 33
m0 2 11
m1 8 7
m2 4 13
1 3 2
2 3 2
3 3 2
t 194 33
m0 1 11
m1 7 7
m2 4 13
1 2 2
2 2 2
3 2 2
t 193 33
m0 1 12
m1 6 7
m2 4 14
1 2 1
2 2 1
3 2 1
t 192 33
m0 1 11
m1 6 8
m2 5 14
1 2 0
2 2 0
3 2 0
t 191 33
m0 1 10
m1 6 9
m2 6 14
1 3 0
2 3 0
3 3 0
t 190 34
m0 1 10
m1 6 8
m2 5 14
1 2 0
2 2 0
3 2 0
t 189 34
m0 1 10
m1 6 9
m2 5 14
1 3 0
2 3 0
3 3 0
t 188 34
m0 1 10
m1 6 8
m2 5 14
1 3 1
2 3 1
3 3 1
t 187 34
m0 0 10
m1 6 9
m2 6 14
1 3 0
2 3 0
3 3 0
t 186 34
m0 1 10
m1 6 8
m2 6 13
1 2 0
2 2 0
3 2 0
t 185 35
m0 0 10
m1 7 8
m2 6 12
1 1 0
2 1 0
3 1 0
f 8 7
t 184 35
m0 0 9
m1 7 8
m2 6 13
1 2 0
2 2 0
3 2 0
t 183 36
m0 0 8
m1 7 7
m2 6 13
1 1 0
2 1 0
3 1 0
t 182 36
m0 0 7
m1 7 7
m2 6 13
1 2 0
2 2 0
3 2 0
t 181 36
m0 0 8
m1 8 7
m2 6 13
1 2 1
2 2 1
3 2 1
t 180 46
m0 1 8
m1 9 7
m2 6 13
1 2 2
2 2 2
3 2 2
t 179 47
m0 1 7
m1 8 7
m2 6 13
1 3 2
2 3 2
3 3 2
t 178 48
m0 0 7
m1 9 7
m2 6 13
1 3 1
2 3 1
3 3 1
t 177 48
m0 0 8
m1 8 7
m2 6 14
1 3 0
2 3 0
3 3 0
t 176 48
m0 0 7
m1 7 7
m2 7 14
1 3 1
2 3 1
3 3 1
t 175 48
m0 0 6
m1 8 7
m2 8 14
1 4 1
2 4 1
3 4 1
t 174 49
m0 0 5
m1 8 7
m2 8 14
1 3 1
2 3 1
3 3 1
t 173 50
m0 0 5
m1 7 7
m2 8 13
1 3 0
2 3 0
3 3 0
t 172 50
m0 0 6
m1 7 7
m2 8 13
1 3 1
2 3 1
3 3 1
t 171 50
m0 0 7
m1 8 7
m2 8 12
1 3 0
2 3 0
3 3 0
t 170 50
m0 0 8
m1 8 6
m2 9 12
1 3 1
2 3 1
3 3 1
t 169 50
m0 0 8
m1 8 5
m2 9 12
1 4 1
2 4 1
3 4 1
f 0 6
t 168 50
m0 0 8
m1 7 5
m2 9 12
1 5 1
2 5 1
3 5 1
t 167 50
m0 0 9
m1 8 5
m2 9 12
1 4 1
2 4 1
3 4 1
t 166 50
m0 0 8
m1 7 5
m2 9 11
1 3 1
2 3 1
3 3 1
t 165 50
m0 0 9
m1 7 6
m2 9 10
1 3 2
2 3 2
3 3 2
t 164 51
m0 0 10
m1 7 7
m2 9 10
1 3 1
2 3 1
3 3 1
t 163 51
m0 1 10
m1 7 8
m2 9 11
1 4 1
2 4 1
3 4 1
t 162 51
m0 1 11
m1 7 7
m2 9 11
1 3 1
2 3 1
3 3 1
t 161 51
m0 1 10
m1 7 6
m2 9 11
1 2 1
2 2 1
3 2 1
t 160 51
m0 0 10
m1 8 6
m2 9 10
1 2 2
2 2 2
3 2 2
t 159 51
m0 0 9
m1 8 6
m2 9 11
1 1 2
2 1 2
3 1 2
t 158 51
m0 0 9
m1 7 6
m2 9 10
1 2 2
2 2 2
3 2 2
t 157 51
m0 0 8
m1 7 5
m2 9 10
1 2 1
2 2 1
3 2 1
t 156 51
m0 0 7
m1 7 5
m2 9 10
1 3 1
2 3 1
3 3 1
t 155 51
m0 0 7
m1 7 5
m2 8 10
1 3 2
2 3 2
3 3 2
t 154 51
m0 0 8
m1 6 5
m2 9 10
1 3 3
2 3 3
3 3 3
t 153 52
m0 0 7
m1 6 4
m2 8 10
1 3 2
2 3 2
3 3 2
t 152 53
m0 0 8
m1 6 4
m2 7 10
1 3 1
2 3 1
3 3 1
t 151 53
m0 0 8
m1 6 4
m2 7 10
1 3 0
2 3 0
3 3 0
t 150 53
m0 0 9
m1 6 4
m2 7 11
1 3 1
2 3 1
3 3 1
t 149 53
m0 0 9
m1 6 5
m2 7 11
1 3 0
2 3 0
3 3 0
t 148 53
m0 0 9
m1 6 4
m2 7 12
1 2 0
2 2 0
3 2 0
t 147 53
m0 0 9
m1 6 5
m2 8 12
1 2 1
2 2 1
3 2 1
t 146 53
m0 0 10
m1 5 5
m2 7 12
1 3 1
2 3 1
3 3 1
t 145 54
m0 0 9
m1 5 6
m2 6 12
1 3 2
2 3 2
3 3 2
t 144 54
m0 0 10
m1 4 6
m2 6 12
1 2 2
2 2 2
3 2 2
t 143 55
m0 0 9
m1 4 6
m2 7 12
1 3 2
2 3 2
3 3 2
t 142 55
m0 0 10
m1 5 6
m2 7 11
1 3 1
2 3 1
3 3 1
t 141 55
m0 0 10
m1 5 5
m2 7 11
1 2 1
2 2 1
3 2 1
t 140 55
m0 0 9
m1 5 5
m2 7 10
1 2 2
2 2 2
3 2 2
t 139 55
m0 0 9
m1 5 6
m2 7 11
1 2 1
2 2 1
3 2 1
t 138 55
m0 0 10
m1 5 6
m2 6 11
1 2 0
2 2 0
3 2 0
t 137 55
m0 1 10
m1 4 6
m2 6 12
1 1 0
2 1 0
3 1 0
t 136 55
m0 2 10
m1 4 6
m2 6 12
1 2 0
2 2 0
3 2 0
t 135 55
m0 1 10
m1 4 6
m2 6 12
1 3 0
2 3 0
3 3 0
t 134 55
m0 0 10
m1 3 6
m2 7 12
1 3 1
2 3 1
3 3 1
t 133 56
m0 0 10
m1 3 7
m2 6 12
1 4 1
2 4 1
3 4 1
t 132 56
m0 0 9
m1 3 8
m2 6 11
1 3 1
2 3 1
3 3 1
t 131 56
m0 0 10
m1 3 9
m2 7 11
1 2 1
2 2 1
3 2 1
t 130 56
m0 0 10
m1 4 9
m2 7 11
1 2 2
2 2 2
3 2 2
t 129 56
m0 0 10
m1 3 9
m2 7 10
1 1 2
2 1 2
3 1 2
t 128 56
m0 0 9
m1 3 10
m2 7 10
1 1 3
2 1 3
3 1 3
t 127 56
m0 0 9
m1 2 10
m2 7 9
1 1 2
2 1 2
3 1 2
t 126 56
m0 0 8
m1 1 10
m2 6 9
1 2 2
2 2 2
3 2 2
t 125 56
m0 0 7
m1 1 10
m2 6 9
1 2 1
2 2 1
3 2 1
t 124 56
m0 0 6
m1 1 11
m2 6 8
1 3 1
2 3 1
3 3 1
t 123 66
m0 0 6
m1 1 12
m2 6 7
1 4 1
2 4 1
3 4 1
f 0 0
t 122 66
m0 0 6
m1 1 11
m2 6 8
1 5 1
2 5 1
3 5 1
t 121 66
m0 0 5
m1 1 10
m2 5 8
1 6 1
2 6 1
3 6 1
t 120 67
m0 0 5
m1 0 10
m2 6 8
1 7 1
2 7 1
3 7 1
t 119 67
m0 0 4
m1 0 10
m2 7 8
1 6 1
2 6 1
3 6 1
t 118 68
m0 1 4
m1 0 10
m2 7 9
1 5 1
2 5 1
3 5 1
t 117 68
m0 0 4
m1 1 10
m2 7 10
1 4 1
2 4 1
3 4 1
t 116 68
m0 0 3
m1 1 11
m2 7 11
1 5 1
2 5 1
3 5 1
t 115 68
m0 0 2
m1 1 12
m2 7 10
1 6 1
2 6 1
3 6 1
t 114 69
m0 1 2
m1 0 12
m2 8 10
1 7 1
2 7 1
3 7 1
t 113 69
m0 2 2
m1 0 12
m2 8 10
1 6 1
2 6 1
3 6 1
t 112 69
m0 3 2
m1 1 12
m2 7 10
1 7 1
2 7 1
3 7 1
t 111 69
m0 2 2
m1 0 12
m2 7 11
1 8 1
2 8 1
3 8 1
t 110 69
m0 3 2
m1 0 12
m2 7 10
1 9 1
2 9 1
3 9 1
t 109 69
m0 2 2
m1 0 12
m2 7 10
1 9 0
2 9 0
3 9 0
t 108 69
m0 2 1
m1 0 13
m2 7 11
1 9 1
2 9 1
3 9 1
t 107 69
m0 3 1
m1 0 14
m2 7 12
1 9 0
2 9 0
3 9 0
t 106 70
m0 3 2
m1 0 13
m2 8 12
1 9 1
2 9 1
3 9 1
t 105 70
m0 2 2
m1 0 13
m2 9 12
1 8 1
2 8 1
3 8 1
t 104 70
m0 3 2
m1 0 13
m2 8 12
1 7 1
2 7 1
3 7 1
t 103 70
m0 3 1
m1 0 12
m2 8 13
1 6 1
2 6 1
3 6 1
t 102 70
m0 3 0
m1 1 12
m2 8 13
1 6 2
2 6 2
3 6 2
t 101 71
m0 2 0
m1 0 12
m2 8 13
1 6 3
2 6 3
3 6 3
t 100 71
m0 3 0
m1 0 12
m2 8 12
1 6 2
2 6 2
3 6 2
t 99 71
m0 3 1
m1 0 12
m2 9 12
1 6 3
2 6 3
3 6 3
t 98 71
m0 2 1
m1 0 13
m2 8 12
1 6 4
2 6 4
3 6 4
t 97 71
m0 3 1
m1 0 12
m2 8 12
1 6 5
2 6 5
3 6 5
t 96 71
m0 3 0
m1 0 12
m2 9 12
1 5 5
2 5 5
3 5 5
t 95 71
m0 2 0
m1 1 12
m2 8 12
1 6 5
2 6 5
3 6 5
t 94 71
m0 3 0
m1 1 12
m2 8 13
1 5 5
2 5 5
3 5 5
t 93 71
m0 2 0
m1 0 12
m2 8 12
1 5 6
2 5 6
3 5 6
t 92 71
m0 3 0
m1 0 13
m2 7 12
1 5 5
2 5 5
3 5 5
t 91 71
m0 3 1
m1 0 14
m2 8 12
1 6 5
2 6 5
3 6 5
t 90 71
m0 3 2
m1 1 14
m2 7 12
1 5 5
2 5 5
3 5 5
t 89 71
m0 2 2
m1 0 14
m2 7 11
1 5 6
2 5 6
3 5 6
t 88 71
m0 2 1
m1 0 14
m2 7 11
1 5 5
2 5 5
3 5 5
t 87 71
m0 2 1
m1 0 14
m2 6 11
1 6 5
2 6 5
3 6 5
t 86 71
m0 2 1
m1 0 14
m2 7 11
1 5 5
2 5 5
3 5 5
t 85 71
m0 2 1
m1 0 13
m2 7 10
1 6 5
2 6 5
3 6 5
t 84 71
m0 2 2
m1 0 13
m2 7 11
1 7 5
2 7 5
3 7 5
t 83 71
m0 2 2
m1 0 14
m2 7 11
1 6 5
2 6 5
3 6 5
t 82 71
m0 1 2
m1 0 13
m2 6 11
1 5 5
2 5 5
3 5 5
t 81 71
m0 0 2
m1 0 13
m2 7 11
1 6 5
2 6 5
3 6 5
t 80 71
m0 0 1
m1 0 14
m2 7 12
1 6 4
2 6 4
3 6 4
t 79 72
m0 0 2
m1 0 14
m2 8 12
1 6 5
2 6 5
3 6 5
t 78 72
m0 0 2
m1 1 14
m2 8 12
1 6 4
2 6 4
3 6 4
t 77 72
m0 0 1
m1 0 14
m2 8 12
1 6 5
2 6 5
3 6 5
t 76 72
m0 0 2
m1 0 14
m2 8 13
1 6 4
2 6 4
3 6 4
t 75 72
m0 0 2
m1 1 14
m2 8 13
1 6 5
2 6 5
3 6 5
t 74 72
m0 0 2
m1 2 14
m2 8 14
1 5 5
2 5 5
3 5 5
t 73 72
m0 0 2
m1 2 13
m2 9 14
1 5 6
2 5 6
3 5 6
t 72 72
m0 0 3
m1 3 13
m2 8 14
1 5 5
2 5 5
3 5 5
t 71 72
m0 0 4
m1 3 13
m2 8 13
1 6 5
2 6 5
3 6 5
t 70 72
m0 1 4
m1 2 13
m2 8 12
1 7 5
2 7 5
3 7 5
t 69 72
m0 1 3
m1 2 13
m2 8 13
1 6 5
2 6 5
3 6 5
t 68 73
m0 1 4
m1 3 13
m2 8 14
1 7 5
2 7 5
3 7 5
t 67 73
m0 1 3
m1 3 12
m2 7 14
1 8 5
2 8 5
3 8 5
t 66 73
m0 1 2
m1 3 11
m2 6 14
1 7 5
2 7 5
3 7 5
t 65 73
m0 1 3
m1 2 11
m2 5 14
1 7 6
2 7 6
3 7 6
t 64 73
m0 0 3
m1 1 11
m2 6 14
1 7 5
2 7 5
3 7 5
t 63 73
m0 0 2
m1 1 10
m2 6 13
1 6 5
2 6 5
3 6 5
t 62 73
m0 0 1
m1 0 10
m2 6 14
1 7 5
2 7 5
3 7 5
t 61 73
m0 0 2
m1 1 10
m2 5 14
1 7 6
2 7 6
3 7 6
t 60 73
m0 0 1
m1 0 10
m2 6 14
1 8 6
2 8 6
3 8 6
t 59 73
m0 0 2
m1 0 10
m2 6 14
1 8 5
2 8 5
3 8 5
t 58 73
m0 1 2
m1 0 9
m2 5 14
1 8 6
2 8 6
3 8 6
t 57 73
m0 1 2
m1 0 10
m2 5 14
1 8 7
2 8 7
3 8 7
t 56 73
m0 1 3
m1 0 9
m2 6 14
1 9 7
2 9 7
3 9 7
t 55 73
m0 1 2
m1 0 9
m2 5 14
1 8 7
2 8 7
3 8 7
t 54 73
m0 2 2
m1 0 9
m2 5 14
1 7 7
2 7 7
3 7 7
t 53 73
m0 2 1
m1 0 9
m2 6 14
1 6 7
2 6 7
3 6 7
t 52 73
m0 2 1
m1 0 8
m2 6 14
1 6 8
2 6 8
3 6 8
t 51 73
m0 2 0
m1 0 7
m2 6 14
1 7 8
2 7 8
3 7 8
t 50 73
m0 2 1
m1 0 8
m2 6 13
1 7 7
2 7 7
3 7 7
t 49 73
m0 2 0
m1 0 8
m2 6 12
1 8 7
2 8 7
3 8 7
t 48 73
m0 1 0
m1 1 8
m2 6 11
1 9 7
2 9 7
3 9 7
t 47 74
m0 0 0
m1 1 8
m2 7 11
1 9 6
2 9 6
3 9 6
t 46 84
m0 1 0
m1 0 8
m2 7 12
1 9 5
2 9 5
3 9 5
t 45 84
m0 2 0
m1 0 9
m2 7 12
1 9 4
2 9 4
3 9 4
t 44 84
m0 2 1
m1 0 8
m2 7 12
1 9 5
2 9 5
3 9 5
t 43 94
m0 2 1
m1 0 8
m2 7 11
1 8 5
2 8 5
3 8 5
t 42 94
m0 2 0
m1 0 7
m2 6 11
1 9 5
2 9 5
3 9 5
t 41 94
m0 3 0
m1 1 7
m2 7 11
1 9 4
2 9 4
3 9 4
t 40 94
m0 3 1
m1 1 8
m2 6 11
1 9 3
2 9 3
3 9 3
t 39 94
m0 3 0
m1 0 8
m2 7 11
1 9 2
2 9 2
3 9 2
t 38 94
m0 3 1
m1 0 9
m2 7 10
1 8 2
2 8 2
3 8 2
t 37 94
m0 3 1
m1 0 9
m2 7 10
1 8 3
2 8 3
3 8 3
t 36 94
m0 3 0
m1 0 8
m2 8 10
1 7 3
2 7 3
3 7 3
t 35 94
m0 3 0
m1 0 7
m2 7 10
1 8 3
2 8 3
3 8 3
t 34 94
m0 2 0
m1 1 7
m2 7 11
1 7 3
2 7 3
3 7 3
t 33 94
m0 1 0
m1 1 8
m2 7 10
1 8 3
2 8 3
3 8 3
t 32 94
m0 1 0
m1 1 7
m2 7 9
1 9 3
2 9 3
3 9 3
t 31 94
m0 1 0
m1 1 8
m2 7 8
1 9 2
2 9 2
3 9 2
t 30 94
m0 2 0
m1 1 7
m2 7 8
1 8 2
2 8 2
3 8 2
f 9 14
t 29 94
m0 2 0
m1 1 7
m2 6 8
1 9 2
2 9 2
3 9 2
t 28 94
m0 2 0
m1 1 7
m2 6 8
1 8 2
2 8 2
3 8 2
t 27 94
m0 3 0
m1 1 7
m2 6 7
1 8 3
2 8 3
3 8 3
t 26 94
m0 2 0
m1 1 7
m2 6 7
1 9 3
2 9 3
3 9 3
t 25 94
m0 1 0
m1 1 8
m2 6 8
1 9 4
2 9 4
3 9 4
t 24 94
m0 2 0
m1 0 8
m2 6 8
1 9 3
2 9 3
3 9 3
t 23 94
m0 2 1
m1 0 7
m2 7 8
1 9 2
2 9 2
3 9 2
t 22 94
m0 2 1
m1 0 8
m2 7 9
1 9 1
2 9 1
3 9 1
t 21 94
m0 2 2
m1 0 8
m2 7 10
1 8 1
2 8 1
3 8 1
t 20 94
m0 2 1
m1 0 9
m2 8 10
1 8 2
2 8 2
3 8 2
t 19 94
m0 2 1
m1 0 9
m2 9 10
1 9 2
2 9 2
3 9 2
t 18 94
m0 2 2
m1 0 8
m2 9 11
1 9 3
2 9 3
3 9 3
t 17 94
m0 3 2
m1 0 9
m2 9 11
1 9 2
2 9 2
3 9 2
t 16 94
m0 2 2
m1 0 8
m2 9 11
1 9 3
2 9 3
3 9 3
t 15 94
m0 1 2
m1 0 7
m2 9 10
1 8 3
2 8 3
3 8 3
t 14 94
m0 1 2
m1 0 8
m2 9 11
1 7 3
2 7 3
3 7 3
t 13 94
m0 2 2
m1 0 7
m2 9 11
1 8 3
2 8 3
3 8 3
t 12 94
m0 2 2
m1 0 7
m2 9 12
1 7 3
2 7 3
3 7 3
t 11 94
m0 2 1
m1 0 6
m2 8 12
1 8 3
2 8 3
3 8 3
t 10 94
m0 2 2
m1 0 5
m2 8 13
1 7 3
2 7 3
3 7 3
t 9 94
m0 2 1
m1 0 5
m2 8 14
1 8 3
2 8 3
3 8 3
t 8 94
m0 2 0
m1 0 5
m2 9 14
1 7 3
2 7 3
3 7 3
t 7 104
m0 1 0
m1 0 6
m2 9 14
1 6 3
2 6 3
3 6 3
t 6 104
m0 2 0
m1 0 7
m2 8 14
1 7 3
2 7 3
3 7 3
t 5 104
m0 1 0
m1 0 8
m2 9 14
1 6 3
2 6 3
3 6 3
t 4 104
m0 1 0
m1 0 7
m2 9 14
1 6 2
2 6 2
3 6 2
t 3 104
m0 0 0
m1 0 7
m2 9 14
1 5 2
2 5 2
3 5 2
t 2 104
m0 1 0
m1 1 7
m2 8 14
1 5 1
2 5 1
3 5 1
t 1 104
m0 1 0
m1 1 7
m2 8 14
1 5 1
2 5 1
3 5 1
t 0 104
