10
15
w 5 9
w 6 9
w 8 13
w 4 8
w 6 6
w 0 7
w 1 6
w 7 11
w 4 0
w 4 9
w 3 3
w 4 13
w 6 3
w 8 6
w 4 1
w 4 10
w 2 6
w 7 1
w 4 5
w 8 11
w 9 3
w 0 12
w 3 9
w 2 3
w 1 9
w 5 3
w 0 1
w 5 10
w 4 6
w 6 8
w 1 12
w 6 1
w 7 4
w 8 8
w 6 13
w 3 4
w 2 4
p 4 7
p 1 3
p 9 1
p 3 0
p 7 12
p 7 7
p 5 13
p 3 11
p 4 12
p 6 2
p 0 10
p 9 4
p 3 7
p 0 3
p 3 14
p 8 14
p 9 0
p 2 9
p 8 1
p 3 10
p 6 10
p 4 4
p 5 12
p 8 10
p 1 5
p 7 10
p 5 0
p 1 10
p 9 7
p 3 2
p 7 14
p 5 4
p 3 13
p 6 11
p 6 0
p 1 4
p 9 10
p 0 5
p 8 7
p 0 8
p 9 6
p 4 11
p 3 5
p 3 12
p 7 0
p 8 12
p 9 2
p 0 13
p 2 11
p 3 8
p 5 14
p 0 6
p 1 7
p 7 8
p 9 12
p 8 4
m0 0 14
m1 0 14
m2 0 14
1 9 0
2 9 0
3 9 0
t 300 0
m0 0 13
m1 0 13
m2 0 13
1 8 0
2 8 0
3 8 0
t 299 1
m0 1 13
m1 1 13
m2 1 13
1 9 0
2 9 0
3 9 0
t 298 1
m0 2 13
m1 2 13
m2 2 13
1 8 0
2 8 0
3 8 0
t 297 1
m0 3 13
m1 3 13
m2 3 13
1 9 0
2 9 0
3 9 0
t 296 2
m0 3 12
m1 3 12
m2 3 12
1 8 0
2 8 0
3 8 0
t 295 3
m0 4 12
m1 4 12
m2 4 12
1 9 0
2 9 0
3 9 0
t 294 4
m0 5 12
m1 5 12
m2 5 12
1 8 0
2 8 0
3 8 0
f 2 1
t 293 5
m0 5 13
m1 5 13
m2 5 13
1 9 0
2 9 0
3 9 0
t 292 6
m0 5 14
m1 5 14
m2 5 14
1 8 0
2 8 0
3 8 0
t 291 7
m0 6 14
m1 6 14
m2 6 14
1 9 0
2 9 0
3 9 0
t 290 7
m0 7 14
m1 7 14
m2 7 14
1 8 0
2 8 0
3 8 0
t 289 8
m0 8 14
m1 8 14
m2 8 14
1 9 0
2 9 0
3 9 0
t 288 9
m0 9 14
m1 9 14
m2 9 14
1 8 0
2 8 0
3 8 0
t 287 9
m0 9 13
m1 9 13
m2 9 13
1 9 0
2 9 0
3 9 0
t 286 9
m0 9 12
m1 9 12
m2 9 12
1 8 0
2 8 0
3 8 0
t 285 10
m0 8 12
m1 8 12
m2 8 12
1 9 0
2 9 0
3 9 0
t 284 11
m0 7 12
m1 7 12
m2 7 12
1 8 0
2 8 0
3 8 0
t 283 12
m0 8 12
m1 8 12
m2 8 12
1 9 0
2 9 0
3 9 0
t 282 12
m0 9 12
m1 9 12
m2 9 12
1 8 0
2 8 0
3 8 0
t 281 12
m0 9 11
m1 9 11
m2 9 11
1 9 0
2 9 0
3 9 0
t 280 12
m0 9 10
m1 9 10
m2 9 10
1 8 0
2 8 0
3 8 0
t 279 13
m0 8 10
m1 8 10
m2 8 10
1 9 0
2 9 0
3 9 0
t 278 14
m0 7 10
m1 7 10
m2 7 10
1 8 0
2 8 0
3 8 0
t 277 15
m0 6 10
m1 6 10
m2 6 10
1 9 0
2 9 0
3 9 0
t 276 16
m0 6 11
m1 6 11
m2 6 11
1 8 0
2 8 0
3 8 0
t 275 17
m0 6 10
m1 6 10
m2 6 10
1 9 0
2 9 0
3 9 0
t 274 17
m0 7 10
m1 7 10
m2 7 10
1 8 0
2 8 0
3 8 0
t 273 17
m0 8 10
m1 8 10
m2 8 10
1 9 0
2 9 0
3 9 0
t 272 17
m0 9 10
m1 9 10
m2 9 10
1 8 0
2 8 0
3 8 0
t 271 17
m0 9 9
m1 9 9
m2 9 9
1 9 0
2 9 0
3 9 0
t 270 17
m0 9 8
m1 9 8
m2 9 8
1 8 0
2 8 0
3 8 0
t 269 17
m0 9 7
m1 9 7
m2 9 7
1 9 0
2 9 0
3 9 0
t 268 18
m0 9 6
m1 9 6
m2 9 6
1 8 0
2 8 0
3 8 0
t 267 19
m0 9 5
m1 9 5
m2 9 5
1 9 0
2 9 0
3 9 0
t 266 19
m0 9 4
m1 9 4
m2 9 4
1 8 0
2 8 0
3 8 0
t 265 20
m0 8 4
m1 8 4
m2 8 4
1 9 0
2 9 0
3 9 0
t 264 21
m0 9 4
m1 9 4
m2 9 4
1 8 0
2 8 0
3 8 0
t 263 21
m0 8 4
m1 8 4
m2 8 4
1 9 0
2 9 0
3 9 0
t 262 21
m0 9 4
m1 9 4
m2 9 4
1 8 0
2 8 0
3 8 0
t 261 21
m0 8 4
m1 8 4
m2 8 4
1 9 0
2 9 0
3 9 0
t 260 21
m0 9 4
m1 9 4
m2 9 4
1 8 0
2 8 0
3 8 0
t 259 21
m0 8 4
m1 8 4
m2 8 4
1 9 0
2 9 0
3 9 0
t 258 21
m0 9 4
m1 9 4
m2 9 4
1 8 0
2 8 0
3 8 0
t 257 21
m0 8 4
m1 8 4
m2 8 4
1 9 0
2 9 0
3 9 0
t 256 21
m0 9 4
m1 9 4
m2 9 4
1 8 0
2 8 0
3 8 0
t 255 21
m0 8 4
m1 8 4
m2 8 4
1 9 0
2 9 0
3 9 0
t 254 21
m0 9 4
m1 9 4
m2 9 4
1 8 0
2 8 0
3 8 0
t 253 21
m0 8 4
m1 8 4
m2 8 4
1 9 0
2 9 0
3 9 0
t 252 21
m0 9 4
m1 9 4
m2 9 4
1 8 0
2 8 0
3 8 0
t 251 21
m0 8 4
m1 8 4
m2 8 4
1 9 0
2 9 0
3 9 0
t 250 21
m0 9 4
m1 9 4
m2 9 4
1 8 0
2 8 0
3 8 0
t 249 21
m0 8 4
m1 8 4
m2 8 4
1 9 0
2 9 0
3 9 0
t 248 21
m0 9 4
m1 9 4
m2 9 4
1 8 0
2 8 0
3 8 0
t 247 21
m0 8 4
m1 8 4
m2 8 4
1 9 0
2 9 0
3 9 0
t 246 21
m0 9 4
m1 9 4
m2 9 4
1 8 0
2 8 0
3 8 0
t 245 21
m0 8 4
m1 8 4
m2 8 4
1 9 0
2 9 0
3 9 0
t 244 21
m0 9 4
m1 9 4
m2 9 4
1 8 0
2 8 0
3 8 0
t 243 21
m0 8 4
m1 8 4
m2 8 4
1 9 0
2 9 0
3 9 0
t 242 21
m0 9 4
m1 9 4
m2 9 4
1 8 0
2 8 0
3 8 0
t 241 21
m0 8 4
m1 8 4
m2 8 4
1 9 0
2 9 0
3 9 0
t 240 21
m0 9 4
m1 9 4
m2 9 4
1 8 0
2 8 0
3 8 0
t 239 21
m0 8 4
m1 8 4
m2 8 4
1 9 0
2 9 0
3 9 0
t 238 21
m0 9 4
m1 9 4
m2 9 4
1 8 0
2 8 0
3 8 0
t 237 21
m0 8 4
m1 8 4
m2 8 4
1 9 0
2 9 0
3 9 0
t 236 21
m0 9 4
m1 9 4
m2 9 4
1 8 0
2 8 0
3 8 0
t 235 21
m0 8 4
m1 8 4
m2 8 4
1 9 0
2 9 0
3 9 0
t 234 21
m0 9 4
m1 9 4
m2 9 4
1 8 0
2 8 0
3 8 0
t 233 21
m0 8 4
m1 8 4
m2 8 4
1 9 0
2 9 0
3 9 0
t 232 21
m0 9 4
m1 9 4
m2 9 4
1 8 0
2 8 0
3 8 0
t 231 21
m0 8 4
m1 8 4
m2 8 4
1 9 0
2 9 0
3 9 0
t 230 21
m0 9 4
m1 9 4
m2 9 4
1 8 0
2 8 0
3 8 0
t 229 21
m0 8 4
m1 8 4
m2 8 4
1 9 0
2 9 0
3 9 0
t 228 21
m0 9 4
m1 9 4
m2 9 4
1 8 0
2 8 0
3 8 0
t 227 21
m0 8 4
m1 8 4
m2 8 4
1 9 0
2 9 0
3 9 0
t 226 21
m0 9 4
m1 9 4
m2 9 4
1 8 0
2 8 0
3 8 0
t 225 21
m0 8 4
m1 8 4
m2 8 4
1 9 0
2 9 0
3 9 0
t 224 21
m0 9 4
m1 9 4
m2 9 4
1 8 0
2 8 0
3 8 0
t 223 21
m0 8 4
m1 8 4
m2 8 4
1 9 0
2 9 0
3 9 0
t 222 21
m0 9 4
m1 9 4
m2 9 4
1 8 0
2 8 0
3 8 0
t 221 21
m0 8 4
m1 8 4
m2 8 4
1 9 0
2 9 0
3 9 0
t 220 21
m0 9 4
m1 9 4
m2 9 4
1 8 0
2 8 0
3 8 0
t 219 21
m0 8 4
m1 8 4
m2 8 4
1 9 0
2 9 0
3 9 0
t 218 21
m0 9 4
m1 9 4
m2 9 4
1 8 0
2 8 0
3 8 0
t 217 21
m0 8 4
m1 8 4
m2 8 4
1 9 0
2 9 0
3 9 0
t 216 21
m0 9 4
m1 9 4
m2 9 4
1 8 0
2 8 0
3 8 0
t 215 21
m0 8 4
m1 8 4
m2 8 4
1 9 0
2 9 0
3 9 0
t 214 21
m0 9 4
m1 9 4
m2 9 4
1 8 0
2 8 0
3 8 0
t 213 21
m0 8 4
m1 8 4
m2 8 4
1 9 0
2 9 0
3 9 0
t 212 21
m0 9 4
m1 9 4
m2 9 4
1 8 0
2 8 0
3 8 0
t 211 21
m0 8 4
m1 8 4
m2 8 4
1 9 0
2 9 0
3 9 0
t 210 21
m0 9 4
m1 9 4
m2 9 4
1 8 0
2 8 0
3 8 0
t 209 21
m0 8 4
m1 8 4
m2 8 4
1 9 0
2 9 0
3 9 0
t 208 21
m0 9 4
m1 9 4
m2 9 4
1 8 0
2 8 0
3 8 0
t 207 21
m0 8 4
m1 8 4
m2 8 4
1 9 0
2 9 0
3 9 0
t 206 21
m0 9 4
m1 9 4
m2 9 4
1 8 0
2 8 0
3 8 0
t 205 21
m0 8 4
m1 8 4
m2 8 4
1 9 0
2 9 0
3 9 0
t 204 21
m0 9 4
m1 9 4
m2 9 4
1 8 0
2 8 0
3 8 0
t 203 21
m0 8 4
m1 8 4
m2 8 4
1 9 0
2 9 0
3 9 0
t 202 21
m0 9 4
m1 9 4
m2 9 4
1 8 0
2 8 0
3 8 0
t 201 21
m0 8 4
m1 8 4
m2 8 4
1 9 0
2 9 0
3 9 0
t 200 21
m0 9 4
m1 9 4
m2 9 4
1 8 0
2 8 0
3 8 0
t 199 21
m0 8 4
m1 8 4
m2 8 4
1 9 0
2 9 0
3 9 0
t 198 21
m0 9 4
m1 9 4
m2 9 4
1 8 0
2 8 0
3 8 0
t 197 21
m0 8 4
m1 8 4
m2 8 4
1 9 0
2 9 0
3 9 0
t 196 21
m0 9 4
m1 9 4
m2 9 4
1 8 0
2 8 0
3 8 0
t 195 21
m0 8 4
m1 8 4
m2 8 4
1 9 0
2 9 0
3 9 0
t 194 21
m0 9 4
m1 9 4
m2 9 4
1 8 0
2 8 0
3 8 0
t 193 21
m0 8 4
m1 8 4
m2 8 4
1 9 0
2 9 0
3 9 0
t 192 21
m0 9 4
m1 9 4
m2 9 4
1 8 0
2 8 0
3 8 0
t 191 21
m0 8 4
m1 8 4
m2 8 4
1 9 0
2 9 0
3 9 0
t 190 21
m0 9 4
m1 9 4
m2 9 4
1 8 0
2 8 0
3 8 0
t 189 21
m0 8 4
m1 8 4
m2 8 4
1 9 0
2 9 0
3 9 0
t 188 21
m0 9 4
m1 9 4
m2 9 4
1 8 0
2 8 0
3 8 0
t 187 21
m0 8 4
m1 8 4
m2 8 4
1 9 0
2 9 0
3 9 0
t 186 21
m0 9 4
m1 9 4
m2 9 4
1 8 0
2 8 0
3 8 0
t 185 21
m0 8 4
m1 8 4
m2 8 4
1 9 0
2 9 0
3 9 0
t 184 21
m0 9 4
m1 9 4
m2 9 4
1 8 0
2 8 0
3 8 0
t 183 21
m0 8 4
m1 8 4
m2 8 4
1 9 0
2 9 0
3 9 0
t 182 21
m0 9 4
m1 9 4
m2 9 4
1 8 0
2 8 0
3 8 0
t 181 21
m0 8 4
m1 8 4
m2 8 4
1 9 0
2 9 0
3 9 0
t 180 21
m0 9 4
m1 9 4
m2 9 4
1 8 0
2 8 0
3 8 0
t 179 21
m0 8 4
m1 8 4
m2 8 4
1 9 0
2 9 0
3 9 0
t 178 21
m0 9 4
m1 9 4
m2 9 4
1 8 0
2 8 0
3 8 0
t 177 21
m0 8 4
m1 8 4
m2 8 4
1 9 0
2 9 0
3 9 0
t 176 21
m0 9 4
m1 9 4
m2 9 4
1 8 0
2 8 0
3 8 0
t 175 21
m0 8 4
m1 8 4
m2 8 4
1 9 0
2 9 0
3 9 0
t 174 21
m0 9 4
m1 9 4
m2 9 4
1 8 0
2 8 0
3 8 0
t 173 21
m0 8 4
m1 8 4
m2 8 4
1 9 0
2 9 0
3 9 0
t 172 21
m0 9 4
m1 9 4
m2 9 4
1 8 0
2 8 0
3 8 0
t 171 21
m0 8 4
m1 8 4
m2 8 4
1 9 0
2 9 0
3 9 0
t 170 21
m0 9 4
m1 9 4
m2 9 4
1 8 0
2 8 0
3 8 0
t 169 21
m0 8 4
m1 8 4
m2 8 4
1 9 0
2 9 0
3 9 0
t 168 21
m0 9 4
m1 9 4
m2 9 4
1 8 0
2 8 0
3 8 0
t 167 21
m0 8 4
m1 8 4
m2 8 4
1 9 0
2 9 0
3 9 0
t 166 21
m0 9 4
m1 9 4
m2 9 4
1 8 0
2 8 0
3 8 0
t 165 21
m0 8 4
m1 8 4
m2 8 4
1 9 0
2 9 0
3 9 0
t 164 21
m0 9 4
m1 9 4
m2 9 4
1 8 0
2 8 0
3 8 0
t 163 21
m0 8 4
m1 8 4
m2 8 4
1 9 0
2 9 0
3 9 0
t 162 21
m0 9 4
m1 9 4
m2 9 4
1 8 0
2 8 0
3 8 0
t 161 21
m0 8 4
m1 8 4
m2 8 4
1 9 0
2 9 0
3 9 0
t 160 21
m0 9 4
m1 9 4
m2 9 4
1 8 0
2 8 0
3 8 0
t 159 21
m0 8 4
m1 8 4
m2 8 4
1 9 0
2 9 0
3 9 0
t 158 21
m0 9 4
m1 9 4
m2 9 4
1 8 0
2 8 0
3 8 0
t 157 21
m0 8 4
m1 8 4
m2 8 4
1 9 0
2 9 0
3 9 0
t 156 21
m0 9 4
m1 9 4
m2 9 4
1 8 0
2 8 0
3 8 0
t 155 21
m0 8 4
m1 8 4
m2 8 4
1 9 0
2 9 0
3 9 0
t 154 21
m0 9 4
m1 9 4
m2 9 4
1 8 0
2 8 0
3 8 0
t 153 21
m0 8 4
m1 8 4
m2 8 4
1 9 0
2 9 0
3 9 0
t 152 21
m0 9 4
m1 9 4
m2 9 4
1 8 0
2 8 0
3 8 0
t 151 21
m0 8 4
m1 8 4
m2 8 4
1 9 0
2 9 0
3 9 0
t 150 21
m0 9 4
m1 9 4
m2 9 4
1 8 0
2 8 0
3 8 0
t 149 21
m0 8 4
m1 8 4
m2 8 4
1 9 0
2 9 0
3 9 0
t 148 21
m0 9 4
m1 9 4
m2 9 4
1 8 0
2 8 0
3 8 0
t 147 21
m0 8 4
m1 8 4
m2 8 4
1 9 0
2 9 0
3 9 0
t 146 21
m0 9 4
m1 9 4
m2 9 4
1 8 0
2 8 0
3 8 0
t 145 21
m0 8 4
m1 8 4
m2 8 4
1 9 0
2 9 0
3 9 0
t 144 21
m0 9 4
m1 9 4
m2 9 4
1 8 0
2 8 0
3 8 0
t 143 21
m0 8 4
m1 8 4
m2 8 4
1 9 0
2 9 0
3 9 0
t 142 21
m0 9 4
m1 9 4
m2 9 4
1 8 0
2 8 0
3 8 0
t 141 21
m0 8 4
m1 8 4
m2 8 4
1 9 0
2 9 0
3 9 0
t 140 21
m0 9 4
m1 9 4
m2 9 4
1 8 0
2 8 0
3 8 0
t 139 21
m0 8 4
m1 8 4
m2 8 4
1 9 0
2 9 0
3 9 0
t 138 21
m0 9 4
m1 9 4
m2 9 4
1 8 0
2 8 0
3 8 0
t 137 21
m0 8 4
m1 8 4
m2 8 4
1 9 0
2 9 0
3 9 0
t 136 21
m0 9 4
m1 9 4
m2 9 4
1 8 0
2 8 0
3 8 0
t 135 21
m0 8 4
m1 8 4
m2 8 4
1 9 0
2 9 0
3 9 0
t 134 21
m0 9 4
m1 9 4
m2 9 4
1 8 0
2 8 0
3 8 0
t 133 21
m0 8 4
m1 8 4
m2 8 4
1 9 0
2 9 0
3 9 0
t 132 21
m0 9 4
m1 9 4
m2 9 4
1 8 0
2 8 0
3 8 0
t 131 21
m0 8 4
m1 8 4
m2 8 4
1 9 0
2 9 0
3 9 0
t 130 21
m0 9 4
m1 9 4
m2 9 4
1 8 0
2 8 0
3 8 0
t 129 21
m0 8 4
m1 8 4
m2 8 4
1 9 0
2 9 0
3 9 0
t 128 21
m0 9 4
m1 9 4
m2 9 4
1 8 0
2 8 0
3 8 0
t 127 21
m0 8 4
m1 8 4
m2 8 4
1 9 0
2 9 0
3 9 0
t 126 21
m0 9 4
m1 9 4
m2 9 4
1 8 0
2 8 0
3 8 0
t 125 21
m0 8 4
m1 8 4
m2 8 4
1 9 0
2 9 0
3 9 0
t 124 21
m0 9 4
m1 9 4
m2 9 4
1 8 0
2 8 0
3 8 0
t 123 21
m0 8 4
m1 8 4
m2 8 4
1 9 0
2 9 0
3 9 0
t 122 21
m0 9 4
m1 9 4
m2 9 4
1 8 0
2 8 0
3 8 0
t 121 21
m0 8 4
m1 8 4
m2 8 4
1 9 0
2 9 0
3 9 0
t 120 21
m0 9 4
m1 9 4
m2 9 4
1 8 0
2 8 0
3 8 0
t 119 21
m0 8 4
m1 8 4
m2 8 4
1 9 0
2 9 0
3 9 0
t 118 21
m0 9 4
m1 9 4
m2 9 4
1 8 0
2 8 0
3 8 0
t 117 21
m0 8 4
m1 8 4
m2 8 4
1 9 0
2 9 0
3 9 0
t 116 21
m0 9 4
m1 9 4
m2 9 4
1 8 0
2 8 0
3 8 0
t 115 21
m0 8 4
m1 8 4
m2 8 4
1 9 0
2 9 0
3 9 0
t 114 21
m0 9 4
m1 9 4
m2 9 4
1 8 0
2 8 0
3 8 0
t 113 21
m0 8 4
m1 8 4
m2 8 4
1 9 0
2 9 0
3 9 0
t 112 21
m0 9 4
m1 9 4
m2 9 4
1 8 0
2 8 0
3 8 0
t 111 21
m0 8 4
m1 8 4
m2 8 4
1 9 0
2 9 0
3 9 0
t 110 21
m0 9 4
m1 9 4
m2 9 4
1 8 0
2 8 0
3 8 0
t 109 21
m0 8 4
m1 8 4
m2 8 4
1 9 0
2 9 0
3 9 0
t 108 21
m0 9 4
m1 9 4
m2 9 4
1 8 0
2 8 0
3 8 0
t 107 21
m0 8 4
m1 8 4
m2 8 4
1 9 0
2 9 0
3 9 0
t 106 21
m0 9 4
m1 9 4
m2 9 4
1 8 0
2 8 0
3 8 0
t 105 21
m0 8 4
m1 8 4
m2 8 4
1 9 0
2 9 0
3 9 0
t 104 21
m0 9 4
m1 9 4
m2 9 4
1 8 0
2 8 0
3 8 0
t 103 21
m0 8 4
m1 8 4
m2 8 4
1 9 0
2 9 0
3 9 0
t 102 21
m0 9 4
m1 9 4
m2 9 4
1 8 0
2 8 0
3 8 0
t 101 21
m0 8 4
m1 8 4
m2 8 4
1 9 0
2 9 0
3 9 0
t 100 21
m0 9 4
m1 9 4
m2 9 4
1 8 0
2 8 0
3 8 0
t 99 21
m0 8 4
m1 8 4
m2 8 4
1 9 0
2 9 0
3 9 0
t 98 21
m0 9 4
m1 9 4
m2 9 4
1 8 0
2 8 0
3 8 0
t 97 21
m0 8 4
m1 8 4
m2 8 4
1 9 0
2 9 0
3 9 0
t 96 21
m0 9 4
m1 9 4
m2 9 4
1 8 0
2 8 0
3 8 0
t 95 21
m0 8 4
m1 8 4
m2 8 4
1 9 0
2 9 0
3 9 0
t 94 21
m0 9 4
m1 9 4
m2 9 4
1 8 0
2 8 0
3 8 0
t 93 21
m0 8 4
m1 8 4
m2 8 4
1 9 0
2 9 0
3 9 0
t 92 21
m0 9 4
m1 9 4
m2 9 4
1 8 0
2 8 0
3 8 0
t 91 21
m0 8 4
m1 8 4
m2 8 4
1 9 0
2 9 0
3 9 0
t 90 21
m0 9 4
m1 9 4
m2 9 4
1 8 0
2 8 0
3 8 0
t 89 21
m0 8 4
m1 8 4
m2 8 4
1 9 0
2 9 0
3 9 0
t 88 21
m0 9 4
m1 9 4
m2 9 4
1 8 0
2 8 0
3 8 0
t 87 21
m0 8 4
m1 8 4
m2 8 4
1 9 0
2 9 0
3 9 0
t 86 21
m0 9 4
m1 9 4
m2 9 4
1 8 0
2 8 0
3 8 0
t 85 21
m0 8 4
m1 8 4
m2 8 4
1 9 0
2 9 0
3 9 0
t 84 21
m0 9 4
m1 9 4
m2 9 4
1 8 0
2 8 0
3 8 0
t 83 21
m0 8 4
m1 8 4
m2 8 4
1 9 0
2 9 0
3 9 0
t 82 21
m0 9 4
m1 9 4
m2 9 4
1 8 0
2 8 0
3 8 0
t 81 21
m0 8 4
m1 8 4
m2 8 4
1 9 0
2 9 0
3 9 0
t 80 21
m0 9 4
m1 9 4
m2 9 4
1 8 0
2 8 0
3 8 0
t 79 21
m0 8 4
m1 8 4
m2 8 4
1 9 0
2 9 0
3 9 0
t 78 21
m0 9 4
m1 9 4
m2 9 4
1 8 0
2 8 0
3 8 0
t 77 21
m0 8 4
m1 8 4
m2 8 4
1 9 0
2 9 0
3 9 0
t 76 21
m0 9 4
m1 9 4
m2 9 4
1 8 0
2 8 0
3 8 0
t 75 21
m0 8 4
m1 8 4
m2 8 4
1 9 0
2 9 0
3 9 0
t 74 21
m0 9 4
m1 9 4
m2 9 4
1 8 0
2 8 0
3 8 0
t 73 21
m0 8 4
m1 8 4
m2 8 4
1 9 0
2 9 0
3 9 0
t 72 21
m0 9 4
m1 9 4
m2 9 4
1 8 0
2 8 0
3 8 0
t 71 21
m0 8 4
m1 8 4
m2 8 4
1 9 0
2 9 0
3 9 0
t 70 21
m0 9 4
m1 9 4
m2 9 4
1 8 0
2 8 0
3 8 0
t 69 21
m0 8 4
m1 8 4
m2 8 4
1 9 0
2 9 0
3 9 0
t 68 21
m0 9 4
m1 9 4
m2 9 4
1 8 0
2 8 0
3 8 0
t 67 21
m0 8 4
m1 8 4
m2 8 4
1 9 0
2 9 0
3 9 0
t 66 21
m0 9 4
m1 9 4
m2 9 4
1 8 0
2 8 0
3 8 0
t 65 21
m0 8 4
m1 8 4
m2 8 4
1 9 0
2 9 0
3 9 0
t 64 21
m0 9 4
m1 9 4
m2 9 4
1 8 0
2 8 0
3 8 0
t 63 21
m0 8 4
m1 8 4
m2 8 4
1 9 0
2 9 0
3 9 0
t 62 21
m0 9 4
m1 9 4
m2 9 4
1 8 0
2 8 0
3 8 0
t 61 21
m0 8 4
m1 8 4
m2 8 4
1 9 0
2 9 0
3 9 0
t 60 21
m0 9 4
m1 9 4
m2 9 4
1 8 0
2 8 0
3 8 0
t 59 21
m0 8 4
m1 8 4
m2 8 4
1 9 0
2 9 0
3 9 0
t 58 21
m0 9 4
m1 9 4
m2 9 4
1 8 0
2 8 0
3 8 0
t 57 21
m0 8 4
m1 8 4
m2 8 4
1 9 0
2 9 0
3 9 0
t 56 21
m0 9 4
m1 9 4
m2 9 4
1 8 0
2 8 0
3 8 0
t 55 21
m0 8 4
m1 8 4
m2 8 4
1 9 0
2 9 0
3 9 0
t 54 21
m0 9 4
m1 9 4
m2 9 4
1 8 0
2 8 0
3 8 0
t 53 21
m0 8 4
m1 8 4
m2 8 4
1 9 0
2 9 0
3 9 0
t 52 21
m0 9 4
m1 9 4
m2 9 4
1 8 0
2 8 0
3 8 0
t 51 21
m0 8 4
m1 8 4
m2 8 4
1 9 0
2 9 0
3 9 0
t 50 21
m0 9 4
m1 9 4
m2 9 4
1 8 0
2 8 0
3 8 0
t 49 21
m0 8 4
m1 8 4
m2 8 4
1 9 0
2 9 0
3 9 0
t 48 21
m0 9 4
m1 9 4
m2 9 4
1 8 0
2 8 0
3 8 0
t 47 21
m0 8 4
m1 8 4
m2 8 4
1 9 0
2 9 0
3 9 0
t 46 21
m0 9 4
m1 9 4
m2 9 4
1 8 0
2 8 0
3 8 0
t 45 21
m0 8 4
m1 8 4
m2 8 4
1 9 0
2 9 0
3 9 0
t 44 21
m0 9 4
m1 9 4
m2 9 4
1 8 0
2 8 0
3 8 0
t 43 21
m0 8 4
m1 8 4
m2 8 4
1 9 0
2 9 0
3 9 0
t 42 21
m0 9 4
m1 9 4
m2 9 4
1 8 0
2 8 0
3 8 0
t 41 21
m0 8 4
m1 8 4
m2 8 4
1 9 0
2 9 0
3 9 0
t 40 21
m0 9 4
m1 9 4
m2 9 4
1 8 0
2 8 0
3 8 0
t 39 21
m0 8 4
m1 8 4
m2 8 4
1 9 0
2 9 0
3 9 0
t 38 21
m0 9 4
m1 9 4
m2 9 4
1 8 0
2 8 0
3 8 0
t 37 21
m0 8 4
m1 8 4
m2 8 4
1 9 0
2 9 0
3 9 0
t 36 21
m0 9 4
m1 9 4
m2 9 4
1 8 0
2 8 0
3 8 0
t 35 21
m0 8 4
m1 8 4
m2 8 4
1 9 0
2 9 0
3 9 0
t 34 21
m0 9 4
m1 9 4
m2 9 4
1 8 0
2 8 0
3 8 0
t 33 21
m0 8 4
m1 8 4
m2 8 4
1 9 0
2 9 0
3 9 0
t 32 21
m0 9 4
m1 9 4
m2 9 4
1 8 0
2 8 0
3 8 0
t 31 21
m0 8 4
m1 8 4
m2 8 4
1 9 0
2 9 0
3 9 0
t 30 21
m0 9 4
m1 9 4
m2 9 4
1 8 0
2 8 0
3 8 0
t 29 21
m0 8 4
m1 8 4
m2 8 4
1 9 0
2 9 0
3 9 0
t 28 21
m0 9 4
m1 9 4
m2 9 4
1 8 0
2 8 0
3 8 0
t 27 21
m0 8 4
m1 8 4
m2 8 4
1 9 0
2 9 0
3 9 0
t 26 21
m0 9 4
m1 9 4
m2 9 4
1 8 0
2 8 0
3 8 0
t 25 21
m0 8 4
m1 8 4
m2 8 4
1 9 0
2 9 0
3 9 0
t 24 21
m0 9 4
m1 9 4
m2 9 4
1 8 0
2 8 0
3 8 0
t 23 21
m0 8 4
m1 8 4
m2 8 4
1 9 0
2 9 0
3 9 0
t 22 21
m0 9 4
m1 9 4
m2 9 4
1 8 0
2 8 0
3 8 0
t 21 21
m0 8 4
m1 8 4
m2 8 4
1 9 0
2 9 0
3 9 0
t 20 21
m0 9 4
m1 9 4
m2 9 4
1 8 0
2 8 0
3 8 0
t 19 21
m0 8 4
m1 8 4
m2 8 4
1 9 0
2 9 0
3 9 0
t 18 21
m0 9 4
m1 9 4
m2 9 4
1 8 0
2 8 0
3 8 0
t 17 21
m0 8 4
m1 8 4
m2 8 4
1 9 0
2 9 0
3 9 0
t 16 21
m0 9 4
m1 9 4
m2 9 4
1 8 0
2 8 0
3 8 0
t 15 21
m0 8 4
m1 8 4
m2 8 4
1 9 0
2 9 0
3 9 0
t 14 21
m0 9 4
m1 9 4
m2 9 4
1 8 0
2 8 0
3 8 0
t 13 21
m0 8 4
m1 8 4
m2 8 4
1 9 0
2 9 0
3 9 0
t 12 21
m0 9 4
m1 9 4
m2 9 4
1 8 0
2 8 0
3 8 0
t 11 21
m0 8 4
m1 8 4
m2 8 4
1 9 0
2 9 0
3 9 0
t 10 21
m0 9 4
m1 9 4
m2 9 4
1 8 0
2 8 0
3 8 0
t 9 21
m0 8 4
m1 8 4
m2 8 4
1 9 0
2 9 0
3 9 0
t 8 21
m0 9 4
m1 9 4
m2 9 4
1 8 0
2 8 0
3 8 0
t 7 21
m0 8 4
m1 8 4
m2 8 4
1 9 0
2 9 0
3 9 0
t 6 21
m0 9 4
m1 9 4
m2 9 4
1 8 0
2 8 0
3 8 0
t 5 21
m0 8 4
m1 8 4
m2 8 4
1 9 0
2 9 0
3 9 0
t 4 21
m0 9 4
m1 9 4
m2 9 4
1 8 0
2 8 0
3 8 0
t 3 21
m0 8 4
m1 8 4
m2 8 4
1 9 0
2 9 0
3 9 0
t 2 21
m0 9 4
m1 9 4
m2 9 4
1 8 0
2 8 0
3 8 0
t 1 21
m0 8 4
m1 8 4
m2 8 4
1 8 0
2 8 0
3 8 0
t 0 21
