10
15
w 6 9
w 6 6
w 9 8
w 2 1
w 2 12
w 3 7
w 1 11
w 3 14
w 7 2
w 4 0
w 8 14
w 6 7
w 8 1
w 5 12
w 1 5
w 5 0
w 7 10
w 1 1
w 7 14
w 9 3
w 6 0
w 1 4
w 9 10
w 7 5
w 2 3
w 6 12
w 0 8
w 9 6
w 2 14
w 4 11
w 4 6
w 8 12
w 9 9
w 3 8
w 4 3
w 0 9
w 2 4
p 5 9
p 1 3
p 8 13
p 9 1
p 3 0
p 7 12
p 8 0
p 7 7
p 0 7
p 3 11
p 8 9
p 6 2
p 4 12
p 9 4
p 5 1
p 2 5
p 0 3
p 8 5
p 9 0
p 5 5
p 3 10
p 6 10
p 6 3
p 2 13
p 1 10
p 8 6
p 3 2
p 5 4
p 2 6
p 8 2
p 7 1
p 6 11
p 1 13
p 4 5
p 5 11
p 5 2
p 3 9
p 1 9
p 8 7
p 4 2
p 3 5
p 2 7
p 0 1
p 7 9
p 3 12
p 5 10
p 7 0
p 6 8
p 9 2
p 3 1
p 7 4
p 8 8
p 6 13
p 1 7
p 3 4
p 9 12
m0 0 14
m1 0 14
m2 0 14
1 9 0
2 9 0
3 9 0
t 300 0
m0 0 13
m1 0 14
m2 1 14
1 8 0
2 9 1
3 8 0
t 299 0
m0 0 12
m1 1 14
m2 0 14
1 9 0
2 9 0
3 9 0
t 298 0
m0 0 11
m1 1 13
m2 0 14
1 8 0
2 9 1
3 8 0
t 297 1
m0 0 10
m1 2 13
m2 1 14
1 9 0
2 9 0
3 9 0
t 296 2
m0 0 10
m1 1 13
m2 1 14
1 8 0
2 9 1
3 8 0
t 295 2
m0 1 10
m1 2 13
m2 0 14
1 9 0
2 9 0
3 9 0
t 294 3
m0 2 10
m1 3 13
m2 1 14
1 8 0
2 9 1
3 8 0
t 293 3
m0 3 10
m1 2 13
m2 1 13
1 9 0
2 9 0
3 9 0
t 292 4
m0 3 9
m1 3 13
m2 1 12
1 8 0
2 9 1
3 8 0
t 291 5
m0 4 9
m1 3 13
m2 1 13
1 9 0
2 9 0
3 9 0
t 290 5
m0 4 8
m1 3 12
m2 1 14
1 8 0
2 9 1
3 8 0
t 289 6
m0 4 8
m1 3 13
m2 0 14
1 9 0
2 9 0
3 9 0
t 288 6
m0 4 7
m1 4 13
m2 0 14
1 8 0
2 9 1
3 8 0
t 287 6
m0 5 7
m1 4 14
m2 0 13
1 9 0
2 9 0
3 9 0
t 286 6
m0 5 8
m1 4 14
m2 1 13
1 8 0
2 9 1
3 8 0
t 285 6
m0 6 8
m1 4 13
m2 2 13
1 9 0
2 9 0
3 9 0
t 284 7
m0 5 8
m1 4 14
m2 3 13
1 8 0
2 9 1
3 8 0
t 283 7
m0 5 9
m1 4 14
m2 3 13
1 9 0
2 9 0
3 9 0
t 282 8
m0 4 9
m1 4 13
m2 2 13
1 8 0
2 9 1
3 8 0
f 0 6
t 281 8
m0 4 9
m1 4 13
m2 2 13
1 9 0
2 9 0
3 9 0
t 280 8
m0 4 8
m1 4 13
m2 1 13
1 8 0
2 9 1
3 8 0
t 279 8
m0 4 8
m1 5 13
m2 1 12
1 9 0
2 9 0
3 9 0
t 278 8
m0 4 8
m1 5 14
m2 1 12
1 8 0
2 9 1
3 8 0
t 277 8
m0 4 7
m1 6 14
m2 1 12
1 9 0
2 9 0
3 9 0
t 276 8
m0 4 7
m1 6 13
m2 1 12
1 8 0
2 9 1
3 8 0
t 275 9
m0 4 8
m1 5 13
m2 1 13
1 9 0
2 9 0
3 9 0
t 274 9
m0 4 9
m1 6 13
m2 1 14
1 8 0
2 9 1
3 8 0
t 273 9
m0 5 9
m1 7 13
m2 1 14
1 9 0
2 9 0
3 9 0
t 272 9
m0 5 10
m1 8 13
m2 1 13
1 8 0
2 9 1
3 8 0
t 271 11
m0 5 10
m1 8 13
m2 1 14
1 9 0
2 9 0
3 9 0
t 270 11
m0 5 11
m1 9 13
m2 1 14
1 8 0
2 8 0
3 8 0
t 269 12
m0 6 11
m1 9 13
m2 0 14
1 9 0
2 9 0
3 9 0
t 268 13
m0 5 11
m1 9 13
m2 0 13
1 8 0
2 8 0
3 8 0
t 267 13
m0 6 11
m1 9 12
m2 1 13
1 9 0
2 7 0
3 9 0
t 266 14
m0 6 10
m1 9 11
m2 1 13
1 8 0
2 8 0
3 8 0
t 265 15
m0 6 11
m1 9 11
m2 1 14
1 7 0
2 7 0
3 9 0
t 264 15
m0 6 11
m1 8 11
m2 1 14
1 8 0
2 7 1
3 9 1
t 263 15
m0 5 11
m1 7 11
m2 0 14
1 9 0
2 6 1
3 9 0
t 262 15
m0 5 10
m1 7 11
m2 0 13
1 8 0
2 7 1
3 9 1
t 261 15
m0 6 10
m1 8 11
m2 0 12
1 9 0
2 7 0
3 9 0
t 260 15
m0 5 10
m1 9 11
m2 0 11
1 8 0
2 8 0
3 8 0
t 259 15
m0 5 11
m1 8 11
m2 0 10
1 9 0
2 7 0
3 9 0
t 258 15
m0 5 10
m1 8 10
m2 0 10
1 8 0
2 7 1
3 9 1
t 257 15
m0 5 10
m1 8 10
m2 0 11
1 9 0
2 7 0
3 9 0
t 256 15
m0 5 11
m1 8 11
m2 0 12
1 8 0
2 7 1
3 9 1
t 255 15
m0 5 11
m1 8 11
m2 0 13
1 9 0
2 7 0
3 9 0
t 254 15
m0 5 11
m1 7 11
m2 1 13
1 8 0
2 8 0
3 9 1
t 253 15
m0 6 11
m1 7 12
m2 1 13
1 9 0
2 9 0
3 9 0
t 252 16
m0 6 11
m1 7 12
m2 1 13
1 8 0
2 9 1
3 8 0
t 251 16
m0 6 11
m1 7 11
m2 2 13
1 9 0
2 9 0
3 9 0
t 250 16
m0 5 11
m1 7 11
m2 3 13
1 8 0
2 9 1
3 8 0
t 249 16
m0 5 10
m1 8 11
m2 3 12
1 9 0
2 9 0
3 7 0
t 248 16
m0 5 11
m1 7 11
m2 4 12
1 8 0
2 9 1
3 8 0
t 247 17
m0 5 11
m1 7 11
m2 4 12
1 9 0
2 9 0
3 9 0
t 246 17
m0 6 11
m1 7 11
m2 4 12
1 8 0
2 9 1
3 8 0
t 245 17
m0 7 11
m1 8 11
m2 3 12
1 9 0
2 9 0
3 9 0
t 244 17
m0 7 11
m1 9 11
m2 3 12
1 8 0
2 8 0
3 8 0
t 243 17
m0 6 11
m1 9 12
m2 3 11
1 9 0
2 7 0
3 9 0
t 242 18
m0 7 11
m1 9 12
m2 2 11
1 8 0
2 8 0
3 8 0
t 241 18
m0 6 11
m1 9 13
m2 3 11
1 9 0
2 9 0
3 9 0
t 240 18
m0 5 11
m1 9 14
m2 3 12
1 8 0
2 8 0
3 8 0
t 239 18
m0 5 10
m1 9 14
m2 3 11
1 9 0
2 9 0
3 9 0
t 238 18
m0 6 10
m1 9 14
m2 2 11
1 8 0
2 9 1
3 8 0
t 237 18
m0 6 10
m1 9 14
m2 3 11
1 9 0
2 9 0
3 9 0
t 236 18
m0 6 10
m1 9 13
m2 3 10
1 8 0
2 9 1
3 8 0
t 235 18
m0 6 10
m1 9 14
m2 3 10
1 9 0
2 9 0
3 9 0
t 234 18
m0 6 10
m1 9 13
m2 2 10
1 8 0
2 9 1
3 8 0
t 233 18
m0 5 10
m1 8 13
m2 2 10
1 9 0
2 9 0
3 9 0
t 232 18
m0 5 9
m1 8 13
m2 1 10
1 8 0
2 9 1
3 8 0
t 231 18
m0 5 10
m1 9 13
m2 0 10
1 9 0
2 9 0
3 9 0
t 230 18
m0 6 10
m1 9 12
m2 0 11
1 8 0
2 8 0
3 8 0
t 229 18
m0 6 10
m1 9 11
m2 0 11
1 9 0
2 7 0
3 9 0
t 228 18
m0 6 10
m1 9 11
m2 0 10
1 8 0
2 8 0
3 8 0
t 227 18
m0 6 10
m1 9 11
m2 1 10
1 9 0
2 7 0
3 9 0
t 226 18
m0 6 10
m1 8 11
m2 2 10
1 8 0
2 8 0
3 9 1
t 225 18
m0 5 10
m1 8 10
m2 1 10
1 9 0
2 7 0
3 9 0
t 224 18
m0 6 10
m1 8 10
m2 1 9
1 8 0
2 7 1
3 9 1
t 223 19
m0 6 10
m1 8 11
m2 1 9
1 9 0
2 7 0
3 9 0
t 222 19
m0 6 11
m1 8 10
m2 1 9
1 8 0
2 7 1
3 9 1
t 221 19
m0 6 11
m1 8 10
m2 2 9
1 9 0
2 7 0
3 9 0
t 220 19
m0 7 11
m1 8 11
m2 3 9
1 8 0
2 8 0
3 9 1
t 219 19
m0 7 11
m1 8 10
m2 2 9
1 9 0
2 7 0
3 9 0
t 218 19
m0 7 11
m1 8 9
m2 2 8
1 8 0
2 7 1
3 9 1
t 217 20
m0 8 11
m1 8 8
m2 2 7
1 9 0
2 6 1
3 9 0
t 216 22
m0 8 10
m1 8 7
m2 2 7
1 8 0
2 5 1
3 9 1
t 215 23
m0 8 9
m1 8 6
m2 2 6
1 7 0
2 4 1
3 9 0
t 214 25
m0 8 10
m1 8 7
m2 2 5
1 7 1
2 5 1
3 8 0
t 213 26
m0 8 11
m1 7 7
m2 2 5
1 7 0
2 6 1
3 9 0
t 212 27
m0 8 11
m1 7 6
m2 3 5
1 8 0
2 5 1
3 9 1
t 211 28
m0 8 10
m1 8 6
m2 3 6
1 7 0
2 6 1
3 9 0
t 210 28
m0 8 11
m1 7 6
m2 3 6
1 8 0
2 5 1
3 9 1
t 209 28
m0 9 11
m1 8 6
m2 3 5
1 7 0
2 6 1
3 9 0
t 208 28
m0 9 11
m1 8 6
m2 3 4
1 8 0
2 7 1
3 9 1
t 207 29
m0 9 12
m1 8 6
m2 4 4
1 9 0
2 7 0
3 9 0
t 206 29
m0 9 11
m1 8 6
m2 4 4
1 8 0
2 7 1
3 9 1
t 205 29
m0 8 11
m1 8 6
m2 4 5
1 9 0
2 7 0
3 9 0
t 204 30
m0 7 11
m1 8 5
m2 3 5
1 8 0
2 7 1
3 9 1
t 203 31
m0 7 11
m1 8 5
m2 4 5
1 9 0
2 6 1
3 9 0
t 202 31
m0 6 11
m1 9 5
m2 4 4
1 8 0
2 7 1
3 8 0
t 201 31
m0 6 10
m1 9 4
m2 4 4
1 7 0
2 7 0
3 7 0
t 200 32
m0 6 10
m1 9 5
m2 5 4
1 8 0
2 8 0
3 8 0
t 199 33
m0 6 10
m1 9 4
m2 5 5
1 7 0
2 7 0
3 7 0
t 198 34
m0 6 10
m1 9 5
m2 5 4
1 8 0
2 8 0
3 8 0
t 197 34
m0 6 10
m1 8 5
m2 5 3
1 9 0
2 9 0
3 9 0
t 196 34
m0 6 10
m1 8 6
m2 5 2
1 8 0
2 9 1
3 8 0
t 195 35
m0 6 11
m1 8 7
m2 4 2
1 9 0
2 9 0
3 9 0
t 194 36
m0 6 10
m1 7 7
m2 3 2
1 8 0
2 9 1
3 8 0
t 193 37
m0 6 10
m1 8 7
m2 2 2
1 9 0
2 9 0
3 9 0
t 192 37
m0 6 11
m1 8 7
m2 3 2
1 8 0
2 9 1
3 8 0
t 191 37
m0 5 11
m1 8 8
m2 3 2
1 9 0
2 9 0
3 9 0
t 190 37
m0 5 10
m1 7 8
m2 3 2
1 8 0
2 9 1
3 8 0
t 189 37
m0 5 9
m1 7 9
m2 3 3
1 9 0
2 9 0
3 9 0
t 188 38
m0 5 8
m1 8 9
m2 3 3
1 8 0
2 9 1
3 8 0
t 187 38
m0 4 8
m1 8 9
m2 3 3
1 9 0
2 9 0
3 9 0
t 186 38
m0 4 7
m1 7 9
m2 3 4
1 8 0
2 9 1
3 8 0
t 185 38
m0 4 8
m1 7 8
m2 4 4
1 9 0
2 9 0
3 9 0
t 184 38
m0 4 8
m1 7 7
m2 4 4
1 8 0
2 9 1
3 8 0
t 183 38
m0 5 8
m1 7 6
m2 4 5
1 9 0
2 9 0
3 9 0
t 182 38
m0 5 9
m1 7 6
m2 4 4
1 8 0
2 9 1
3 8 0
t 181 38
m0 5 9
m1 7 6
m2 4 4
1 9 0
2 9 0
3 9 0
t 180 38
m0 5 9
m1 8 6
m2 5 4
1 8 0
2 9 1
3 8 0
t 179 38
m0 4 9
m1 8 6
m2 5 5
1 9 0
2 9 0
3 7 0
t 178 38
m0 3 9
m1 8 6
m2 6 5
1 8 0
2 9 1
3 8 0
t 177 38
m0 2 9
m1 7 6
m2 6 5
1 9 0
2 9 0
3 9 0
t 176 38
m0 1 9
m1 7 7
m2 6 4
1 8 0
2 9 1
3 8 0
t 175 38
m0 1 9
m1 7 6
m2 7 4
1 9 0
2 9 0
3 9 0
t 174 39
m0 1 8
m1 7 6
m2 6 4
1 8 0
2 9 1
3 8 0
t 173 39
m0 1 8
m1 7 6
m2 6 5
1 9 0
2 9 0
3 9 0
t 172 39
m0 1 7
m1 8 6
m2 6 5
1 8 0
2 9 1
3 8 0
t 171 40
m0 0 7
m1 8 5
m2 6 5
1 9 0
2 9 0
3 7 0
t 170 41
m0 1 7
m1 8 5
m2 6 4
1 8 0
2 9 1
3 8 0
t 169 41
m0 1 6
m1 8 4
m2 5 4
1 9 0
2 9 0
3 7 0
t 168 41
m0 0 6
m1 8 3
m2 5 5
1 8 0
2 9 1
3 7 1
t 167 51
m0 1 6
m1 8 2
m2 5 4
1 9 0
2 9 0
3 6 1
t 166 52
m0 1 7
m1 9 2
m2 5 3
1 8 0
2 8 0
3 7 1
t 165 53
m0 0 7
m1 9 1
m2 5 3
1 7 0
2 7 0
3 6 1
t 164 54
m0 0 6
m1 9 2
m2 5 4
1 8 0
2 7 1
3 5 1
t 163 54
m0 0 6
m1 9 2
m2 6 4
1 7 0
2 7 0
3 4 1
t 162 54
m0 0 5
m1 9 2
m2 6 3
1 8 0
2 7 1
3 3 1
t 161 55
m0 0 5
m1 9 2
m2 6 2
1 9 0
2 7 0
3 3 0
t 160 56
m0 0 5
m1 9 1
m2 5 2
1 8 0
2 7 1
3 2 0
t 159 56
m0 0 5
m1 9 1
m2 5 2
1 7 0
2 7 0
3 1 0
t 158 56
m0 0 4
m1 9 1
m2 5 1
1 8 0
2 7 1
3 0 0
t 157 57
m0 0 3
m1 9 1
m2 4 1
1 7 0
2 7 0
3 1 0
t 156 58
m0 1 3
m1 9 0
m2 3 1
1 7 1
2 7 1
3 0 0
t 155 61
m0 1 2
m1 8 0
m2 3 0
1 6 1
2 6 1
3 1 0
t 154 63
m0 1 3
m1 7 0
m2 3 1
1 6 2
2 5 1
3 0 0
t 153 64
m0 0 3
m1 7 1
m2 3 2
1 6 3
2 4 1
3 1 0
t 152 65
m0 0 2
m1 6 1
m2 2 2
1 7 3
2 4 2
3 0 0
t 151 65
m0 0 1
m1 5 1
m2 2 2
1 7 3
2 4 2
3 0 0
t 150 116
