10
15
w 6 9
w 6 6
w 7 12
w 3 11
w 4 12
w 1 6
w 2 4
w 5 8
w 6 14
w 1 2
w 5 5
w 7 6
w 6 10
w 6 3
w 7 10
w 4 1
w 9 7
w 7 14
w 3 2
w 9 14
w 1 13
w 8 11
w 1 4
w 3 9
w 4 2
w 1 0
w 6 12
w 9 6
w 4 11
w 3 5
w 2 7
w 7 0
w 1 12
w 9 2
w 9 9
w 9 5
w 0 2
p 5 9
p 4 7
p 1 3
p 8 13
p 7 3
p 5 6
p 8 0
p 7 7
p 2 1
p 8 9
p 9 4
p 5 1
p 7 11
p 0 3
p 1 11
p 8 5
p 3 14
p 7 2
p 9 0
p 3 3
p 8 1
p 5 12
p 4 4
p 1 14
p 8 10
p 0 11
p 9 11
p 0 4
p 1 10
p 5 4
p 0 0
p 7 1
p 3 13
p 6 11
p 5 11
p 9 3
p 4 5
p 4 14
p 9 10
p 7 5
p 2 3
p 1 9
p 8 7
p 0 8
p 2 14
p 9 13
p 8 3
p 8 12
p 6 1
p 5 14
p 0 6
p 1 8
p 4 3
p 6 13
p 0 9
p 3 4
m0 0 14
m1 0 14
m2 0 14
1 9 0
2 9 0
3 9 0
t 300 0
m0 1 14
m1 1 14
m2 1 14
1 9 1
2 8 0
3 8 0
t 299 1
m0 2 14
m1 2 14
m2 2 14
1 8 1
2 8 1
3 9 0
t 298 2
m0 3 14
m1 3 14
m2 3 14
1 9 1
2 9 1
3 9 1
t 297 3
m0 4 14
m1 4 14
m2 4 14
1 8 1
2 9 0
3 9 0
t 296 4
m0 5 14
m1 5 14
m2 5 14
1 8 2
2 9 1
3 9 1
t 295 5
m0 5 13
m1 5 13
m2 5 13
1 7 2
2 9 0
3 9 0
t 294 5
m0 6 13
m1 6 13
m2 6 13
1 6 2
2 8 0
3 8 0
t 293 6
m0 7 13
m1 7 13
m2 7 13
1 5 2
2 8 1
3 8 1
t 292 6
m0 8 13
m1 8 13
m2 8 13
1 5 1
2 8 0
3 9 1
t 291 7
m0 9 13
m1 9 13
m2 9 13
1 5 0
2 9 0
3 8 1
t 290 8
m0 9 12
m1 9 12
m2 9 12
1 4 0
2 8 0
3 9 1
f 0 7
t 289 8
m0 8 12
m1 8 12
m2 8 12
1 3 0
2 9 0
3 9 0
t 288 9
m0 9 12
m1 9 12
m2 9 12
1 2 0
2 8 0
3 9 1
t 287 9
m0 9 11
m1 9 11
m2 9 11
1 3 0
2 9 0
3 9 0
t 286 10
m0 9 10
m1 9 10
m2 9 10
1 2 0
2 9 1
3 8 0
t 285 11
m0 8 10
m1 8 10
m2 8 10
1 3 0
2 8 1
3 8 1
t 284 12
m0 8 9
m1 8 9
m2 8 9
1 2 0
2 7 1
3 9 1
t 283 13
m0 8 8
m1 8 8
m2 8 8
1 2 1
2 8 1
3 9 0
t 282 13
m0 8 7
m1 8 7
m2 8 7
1 2 0
2 7 1
3 9 1
t 281 14
m0 7 7
m1 7 7
m2 7 7
1 2 1
2 6 1
3 9 0
t 280 15
m0 6 7
m1 6 7
m2 6 7
1 1 1
2 6 0
3 9 1
t 279 15
m0 5 7
m1 5 7
m2 5 7
1 2 1
2 6 1
3 9 0
t 278 15
m0 4 7
m1 4 7
m2 4 7
1 3 1
2 5 1
3 8 0
t 277 16
m0 5 7
m1 5 7
m2 5 7
1 3 0
2 5 0
3 8 1
t 276 16
m0 5 6
m1 5 6
m2 5 6
1 2 0
2 4 0
3 9 1
t 275 17
m0 4 6
m1 4 6
m2 4 6
1 2 1
2 5 0
3 8 1
t 274 17
m0 4 5
m1 4 5
m2 4 5
1 2 0
2 6 0
3 8 2
t 273 18
m0 4 4
m1 4 4
m2 4 4
1 2 1
2 6 1
3 8 3
t 272 19
m0 5 4
m1 5 4
m2 5 4
1 1 1
2 6 0
3 9 3
t 271 20
m0 5 3
m1 5 3
m2 5 3
1 0 1
2 5 0
3 9 4
t 270 20
m0 4 3
m1 4 3
m2 4 3
1 0 0
2 6 0
3 8 4
t 269 21
m0 3 3
m1 3 3
m2 3 3
1 0 1
2 5 0
3 8 5
t 268 22
m0 3 4
m1 3 4
m2 3 4
1 0 0
2 6 0
3 8 6
t 267 23
m0 3 3
m1 3 3
m2 3 3
1 0 1
2 6 1
3 8 7
t 266 23
m0 2 3
m1 2 3
m2 2 3
1 0 0
2 7 1
3 8 8
t 265 24
m0 1 3
m1 1 3
m2 1 3
1 0 1
2 8 1
3 8 9
t 264 25
m0 0 3
m1 0 3
m2 0 3
1 1 1
2 9 1
3 8 10
t 263 26
m0 0 4
m1 0 4
m2 0 4
1 0 1
2 9 0
3 8 9
t 262 27
m0 0 5
m1 0 5
m2 0 5
1 1 1
2 8 0
3 8 10
t 261 27
m0 0 6
m1 0 6
m2 0 6
1 2 1
2 9 0
3 9 10
t 260 28
m0 0 7
m1 0 7
m2 0 7
1 2 0
2 8 0
3 9 11
t 259 38
m0 0 8
m1 0 8
m2 0 8
1 2 1
2 9 0
3 9 12
t 258 39
m0 0 9
m1 0 9
m2 0 9
1 1 1
2 9 1
3 9 13
t 257 40
m0 1 9
m1 1 9
m2 1 9
1 0 1
2 9 0
3 8 13
t 256 41
m0 1 10
m1 1 10
m2 1 10
1 0 0
2 8 0
3 9 13
t 255 42
m0 1 11
m1 1 11
m2 1 11
1 0 1
2 9 0
3 8 13
t 254 43
m0 0 11
m1 0 11
m2 0 11
1 0 0
2 9 1
3 9 13
t 253 44
m0 1 11
m1 1 11
m2 1 11
1 0 1
2 8 1
3 8 13
t 252 44
m0 1 10
m1 1 10
m2 1 10
1 0 0
2 9 1
3 9 13
t 251 44
m0 1 9
m1 1 9
m2 1 9
1 0 1
2 9 0
3 8 13
t 250 44
m0 1 8
m1 1 8
m2 1 8
1 0 0
2 9 1
3 8 14
t 249 45
m0 2 8
m1 2 8
m2 2 8
1 0 1
2 9 0
3 8 13
t 248 45
m0 3 8
m1 3 8
m2 3 8
1 0 0
2 9 1
3 7 13
t 247 45
m0 4 8
m1 4 8
m2 4 8
1 0 1
2 9 0
3 6 13
t 246 45
m0 4 9
m1 4 9
m2 4 9
1 0 0
2 9 1
3 5 13
t 245 45
m0 5 9
m1 5 9
m2 5 9
1 0 1
2 9 0
3 4 13
t 244 46
m0 5 10
m1 5 10
m2 5 10
1 0 0
2 8 0
3 4 14
t 243 46
m0 5 11
m1 5 11
m2 5 11
1 0 1
2 9 0
3 3 14
t 242 47
m0 6 11
m1 6 11
m2 6 11
1 0 0
2 9 1
3 2 14
t 241 48
m0 7 11
m1 7 11
m2 7 11
1 0 1
2 9 0
3 2 13
t 240 49
m0 6 11
m1 6 11
m2 6 11
1 0 0
2 8 0
3 2 12
t 239 49
m0 5 11
m1 5 11
m2 5 11
1 0 1
2 9 0
3 2 13
t 238 49
m0 5 12
m1 5 12
m2 5 12
1 0 0
2 9 1
3 3 13
t 237 50
m0 5 13
m1 5 13
m2 5 13
1 0 1
2 8 1
3 4 13
t 236 50
m0 -5 -5
m1 -5 -5
m2 -5 -5
1 0 1
2 8 1
3 4 13
t 235 50
