10
15
w 6 9
w 8 13
w 9 8
w 8 0
w 0 7
w 2 1
w 1 6
w 9 4
w 5 1
w 0 3
w 3 14
w 6 14
w 8 14
w 3 3
w 6 10
w 0 11
w 0 4
w 8 6
w 4 1
w 5 4
w 8 2
w 4 5
w 1 13
w 8 11
w 9 3
w 1 4
w 2 10
w 7 5
w 0 8
w 4 11
w 7 9
w 2 7
w 3 12
w 6 1
w 5 7
w 2 11
w 6 13
p 4 7
p 1 3
p 4 8
p 5 13
p 7 7
p 3 11
p 3 7
p 2 5
p 1 11
p 7 2
p 4 0
p 1 2
p 4 9
p 3 10
p 1 14
p 2 13
p 9 11
p 1 10
p 1 1
p 9 7
p 4 10
p 7 14
p 3 2
p 9 14
p 0 0
p 5 11
p 3 13
p 6 11
p 0 12
p 3 9
p 0 5
p 1 9
p 6 12
p 1 0
p 2 14
p 4 2
p 6 5
p 5 3
p 0 1
p 9 13
p 7 8
p 7 0
p 6 8
p 1 12
p 8 12
p 9 2
p 3 1
p 0 13
p 9 9
p 3 8
p 0 6
p 1 8
p 5 14
p 2 0
p 3 4
p 0 2
m0 0 14
m1 0 14
m2 0 14
1 9 0
2 9 0
3 9 0
t 300 0
m0 1 14
m1 0 13
m2 0 14
1 9 1
2 9 1
3 9 1
t 299 2
m0 2 14
m1 0 12
m2 1 14
1 8 1
2 9 2
3 9 0
t 298 4
m0 2 13
m1 0 12
m2 1 14
1 7 1
2 9 1
3 9 1
t 297 5
m0 3 13
m1 0 12
m2 1 14
1 7 2
2 8 1
3 9 2
t 296 6
m0 4 13
m1 0 13
m2 0 14
1 6 2
2 7 1
3 9 1
t 295 6
m0 4 13
m1 0 12
m2 1 14
1 5 2
2 7 0
3 9 2
t 294 6
m0 5 13
m1 0 12
m2 2 14
1 5 3
2 6 0
3 9 1
t 293 7
m0 5 13
m1 1 12
m2 2 14
1 4 3
2 5 0
3 9 2
t 292 8
m0 5 13
m1 1 12
m2 2 14
1 4 4
2 6 0
3 9 1
t 291 8
m0 5 13
m1 0 12
m2 2 14
1 3 4
2 5 0
3 9 2
t 290 8
m0 5 12
m1 0 13
m2 1 14
1 3 5
2 4 0
3 9 1
t 289 8
m0 6 12
m1 0 12
m2 2 14
1 2 5
2 3 0
3 9 2
t 288 9
m0 6 12
m1 1 12
m2 2 13
1 1 5
2 4 0
3 9 1
t 287 9
m0 6 11
m1 1 11
m2 2 14
1 0 5
2 3 0
3 9 2
t 286 11
m0 6 11
m1 1 11
m2 2 14
1 0 6
2 2 0
3 9 1
t 285 11
m0 6 12
m1 1 11
m2 2 13
1 0 5
2 3 0
3 9 2
t 284 11
m0 6 12
m1 1 10
m2 2 14
1 0 6
2 2 0
3 9 1
t 283 12
m0 5 12
m1 1 9
m2 2 14
1 0 5
2 3 0
3 9 2
t 282 13
m0 5 12
m1 0 9
m2 1 14
1 0 6
2 2 0
3 9 1
t 281 13
m0 5 12
m1 0 10
m2 2 14
1 0 5
2 3 0
3 9 2
t 280 13
m0 4 12
m1 0 10
m2 2 14
1 0 6
2 2 0
3 9 1
t 279 13
m0 5 12
m1 0 10
m2 2 14
1 0 5
2 3 0
3 9 2
t 278 13
m0 5 12
m1 0 10
m2 2 14
1 0 6
2 2 0
3 9 1
t 277 13
m0 6 12
m1 0 10
m2 1 14
1 0 5
2 3 0
3 9 2
t 276 13
m0 7 12
m1 1 10
m2 0 14
1 0 6
2 2 0
3 9 1
t 275 13
m0 8 12
m1 1 10
m2 0 14
1 0 5
2 3 0
3 9 2
t 274 14
m0 8 12
m1 1 11
m2 0 14
1 0 6
2 2 0
3 9 1
t 273 14
m0 8 12
m1 1 11
m2 0 13
1 0 5
2 3 0
3 9 2
t 272 14
m0 7 12
m1 1 10
m2 0 12
1 0 6
2 2 0
3 9 1
t 271 14
m0 7 11
m1 0 10
m2 0 13
1 0 5
2 3 0
3 9 2
t 270 14
m0 7 11
m1 1 10
m2 0 13
1 0 6
2 2 0
3 9 1
t 269 14
m0 7 12
m1 1 9
m2 0 13
1 0 5
2 3 0
3 9 2
t 268 14
m0 7 11
m1 1 9
m2 0 12
1 0 6
2 2 0
3 9 1
t 267 14
m0 7 11
m1 1 9
m2 1 12
1 0 5
2 3 0
3 9 2
t 266 14
m0 7 11
m1 1 9
m2 2 12
1 0 6
2 2 0
3 9 1
t 265 14
m0 7 10
m1 1 8
m2 2 12
1 0 5
2 3 0
3 9 2
t 264 15
m0 8 10
m1 1 8
m2 1 12
1 0 6
2 2 0
3 9 1
t 263 15
m0 7 10
m1 2 8
m2 1 11
1 0 5
2 3 0
3 9 2
t 262 15
m0 8 10
m1 2 9
m2 1 12
1 0 6
2 2 0
3 9 1
t 261 15
m0 9 10
m1 2 8
m2 1 12
1 0 5
2 3 0
3 9 2
t 260 15
m0 9 9
m1 3 8
m2 0 12
1 0 6
2 2 0
3 9 1
t 259 17
m0 9 10
m1 4 8
m2 0 13
1 0 5
2 3 0
3 9 2
f 3 5
t 258 18
m0 9 11
m1 5 8
m2 0 14
1 0 6
2 2 0
3 9 1
t 257 19
m0 9 12
m1 5 8
m2 0 14
1 0 5
2 3 0
3 9 2
t 256 19
m0 9 13
m1 5 8
m2 0 14
1 0 6
2 2 0
3 9 1
t 255 20
m0 9 14
m1 5 9
m2 0 14
1 0 5
2 3 0
3 9 2
t 254 21
m0 9 14
m1 5 10
m2 0 14
1 0 6
2 2 0
3 9 1
t 253 21
m0 9 14
m1 5 11
m2 1 14
1 0 5
2 3 0
3 9 2
t 252 22
m0 9 14
m1 6 11
m2 0 14
1 0 6
2 2 0
3 9 1
t 251 22
m0 9 14
m1 5 11
m2 0 13
1 0 5
2 3 0
3 9 2
t 250 22
m0 9 14
m1 5 12
m2 0 14
1 0 6
2 2 0
3 9 1
t 249 22
m0 9 14
m1 5 12
m2 0 14
1 0 5
2 3 0
3 9 2
t 248 22
m0 9 14
m1 5 11
m2 0 14
1 0 6
2 2 0
3 9 1
t 247 22
m0 9 14
m1 5 11
m2 0 13
1 0 5
2 3 0
3 9 2
t 246 22
m0 9 14
m1 5 12
m2 0 14
1 0 6
2 2 0
3 9 1
t 245 22
m0 9 14
m1 5 11
m2 0 14
1 0 5
2 3 0
3 9 2
t 244 22
m0 9 14
m1 5 11
m2 0 14
1 0 6
2 2 0
3 9 1
t 243 22
m0 9 14
m1 5 10
m2 0 14
1 0 5
2 3 0
3 9 2
t 242 22
m0 9 14
m1 5 10
m2 0 14
1 0 6
2 2 0
3 9 1
t 241 22
m0 9 14
m1 5 9
m2 0 14
1 0 5
2 3 0
3 9 2
t 240 22
m0 9 14
m1 5 8
m2 0 14
1 0 6
2 2 0
3 9 1
t 239 22
m0 9 14
m1 5 8
m2 0 13
1 0 5
2 3 0
3 9 2
t 238 22
m0 9 14
m1 6 8
m2 0 13
1 0 6
2 2 0
3 9 1
t 237 23
m0 9 14
m1 6 8
m2 0 12
1 0 5
2 3 0
3 9 2
t 236 23
m0 9 14
m1 6 8
m2 0 13
1 0 6
2 2 0
3 9 1
t 235 23
m0 9 14
m1 5 8
m2 0 13
1 0 5
2 3 0
3 9 2
t 234 23
m0 9 14
m1 5 9
m2 0 13
1 0 6
2 2 0
3 9 1
t 233 23
m0 9 14
m1 5 9
m2 0 14
1 0 5
2 3 0
3 9 2
t 232 23
m0 9 14
m1 5 10
m2 0 13
1 0 6
2 2 0
3 9 1
t 231 23
m0 9 14
m1 5 9
m2 0 14
1 0 5
2 3 0
3 9 2
t 230 23
m0 9 14
m1 5 10
m2 0 14
1 0 6
2 2 0
3 9 1
t 229 23
m0 9 14
m1 5 10
m2 1 14
1 0 5
2 3 0
3 9 2
t 228 23
m0 9 14
m1 5 11
m2 0 14
1 0 6
2 2 0
3 9 1
t 227 23
m0 9 14
m1 5 10
m2 0 14
1 0 5
2 3 0
3 9 2
t 226 23
m0 9 14
m1 5 10
m2 0 14
1 0 6
2 2 0
3 9 1
t 225 23
m0 9 14
m1 5 11
m2 0 14
1 0 5
2 3 0
3 9 2
t 224 23
m0 9 14
m1 5 10
m2 0 14
1 0 6
2 2 0
3 9 1
t 223 23
m0 9 14
m1 5 11
m2 0 14
1 0 5
2 3 0
3 9 2
t 222 23
m0 9 14
m1 5 12
m2 0 14
1 0 6
2 2 0
3 9 1
t 221 23
m0 9 14
m1 5 11
m2 0 14
1 0 5
2 3 0
3 9 2
t 220 23
m0 9 14
m1 5 11
m2 0 14
1 0 6
2 2 0
3 9 1
t 219 23
m0 9 14
m1 5 11
m2 0 14
1 0 5
2 3 0
3 9 2
t 218 23
m0 9 14
m1 5 12
m2 0 13
1 0 6
2 2 0
3 9 1
t 217 23
m0 9 14
m1 5 12
m2 0 14
1 0 5
2 3 0
3 9 2
t 216 23
m0 9 14
m1 5 12
m2 0 14
1 0 6
2 2 0
3 9 1
t 215 23
m0 9 14
m1 5 12
m2 0 13
1 0 5
2 3 0
3 9 2
t 214 23
m0 9 14
m1 5 11
m2 0 14
1 0 6
2 2 0
3 9 1
t 213 23
m0 9 14
m1 5 11
m2 1 14
1 0 5
2 3 0
3 9 2
t 212 23
m0 9 14
m1 5 11
m2 0 14
1 0 6
2 2 0
3 9 1
t 211 23
m0 9 14
m1 5 10
m2 0 14
1 0 5
2 3 0
3 9 2
t 210 23
m0 9 14
m1 4 10
m2 0 14
1 0 6
2 2 0
3 9 1
t 209 24
m0 9 14
m1 5 10
m2 1 14
1 0 5
2 3 0
3 9 2
t 208 24
m0 9 14
m1 5 11
m2 0 14
1 0 6
2 2 0
3 9 1
t 207 24
m0 9 14
m1 5 11
m2 0 14
1 0 5
2 3 0
3 9 2
t 206 24
m0 9 14
m1 5 10
m2 0 14
1 0 6
2 2 0
3 9 1
t 205 24
m0 9 14
m1 5 10
m2 0 14
1 0 5
2 3 0
3 9 2
t 204 24
m0 9 14
m1 5 11
m2 0 14
1 0 6
2 2 0
3 9 1
t 203 24
m0 9 14
m1 5 10
m2 0 14
1 0 5
2 3 0
3 9 2
t 202 24
m0 9 14
m1 5 11
m2 0 14
1 0 6
2 2 0
3 9 1
t 201 24
m0 9 14
m1 5 10
m2 0 14
1 0 5
2 3 0
3 9 2
t 200 24
m0 9 14
m1 5 9
m2 0 13
1 0 6
2 2 0
3 9 1
t 199 24
m0 9 14
m1 5 8
m2 0 13
1 0 5
2 3 0
3 9 2
t 198 24
m0 9 14
m1 6 8
m2 0 13
1 0 6
2 2 0
3 9 1
t 197 24
m0 9 14
m1 6 8
m2 0 14
1 0 5
2 3 0
3 9 2
t 196 24
m0 9 14
m1 5 8
m2 0 14
1 0 6
2 2 0
3 9 1
t 195 24
m0 9 14
m1 5 8
m2 0 14
1 0 5
2 3 0
3 9 2
t 194 24
m0 9 14
m1 6 8
m2 0 14
1 0 6
2 2 0
3 9 1
t 193 24
m0 9 14
m1 7 8
m2 0 13
1 0 5
2 3 0
3 9 2
t 192 25
m0 9 14
m1 6 8
m2 0 13
1 0 6
2 2 0
3 9 1
t 191 25
m0 9 14
m1 6 7
m2 0 12
1 0 5
2 3 0
3 9 2
t 190 25
m0 9 14
m1 6 8
m2 0 13
1 0 6
2 2 0
3 9 1
t 189 25
m0 9 14
m1 5 8
m2 0 13
1 0 5
2 3 0
3 9 2
t 188 25
m0 9 14
m1 5 8
m2 0 13
1 0 6
2 2 0
3 9 1
t 187 25
m0 9 14
m1 6 8
m2 0 13
1 0 5
2 3 0
3 9 2
t 186 25
m0 9 14
m1 5 8
m2 0 14
1 0 6
2 2 0
3 9 1
t 185 25
m0 9 14
m1 6 8
m2 0 13
1 0 5
2 3 0
3 9 2
t 184 25
m0 9 14
m1 6 7
m2 0 14
1 0 6
2 2 0
3 9 1
t 183 25
m0 9 14
m1 6 7
m2 0 13
1 0 5
2 3 0
3 9 2
t 182 25
m0 9 14
m1 6 6
m2 0 13
1 0 6
2 2 0
3 9 1
t 181 25
m0 9 14
m1 6 7
m2 0 12
1 0 5
2 3 0
3 9 2
t 180 25
m0 9 14
m1 6 8
m2 0 13
1 0 6
2 2 0
3 9 1
t 179 25
m0 9 14
m1 6 7
m2 0 13
1 0 5
2 3 0
3 9 2
t 178 25
m0 9 14
m1 6 6
m2 0 14
1 0 6
2 2 0
3 9 1
t 177 25
m0 9 13
m1 6 6
m2 0 14
1 0 5
2 3 0
3 9 2
t 176 25
m0 9 14
m1 6 7
m2 0 14
1 0 6
2 2 0
3 9 1
t 175 25
m0 9 14
m1 7 7
m2 1 14
1 0 5
2 3 0
3 9 2
t 174 26
m0 9 14
m1 6 7
m2 0 14
1 0 6
2 2 0
3 9 1
t 173 26
m0 9 14
m1 6 8
m2 1 14
1 0 5
2 3 0
3 9 2
t 172 26
m0 9 14
m1 6 7
m2 0 14
1 0 6
2 2 0
3 9 1
t 171 26
m0 9 14
m1 7 7
m2 0 13
1 0 5
2 3 0
3 9 2
t 170 26
m0 9 14
m1 7 8
m2 0 14
1 0 6
2 2 0
3 9 1
t 169 26
m0 9 14
m1 6 8
m2 0 14
1 0 5
2 3 0
3 9 2
t 168 26
m0 9 14
m1 6 7
m2 0 14
1 0 6
2 2 0
3 9 1
t 167 26
m0 9 14
m1 7 7
m2 0 13
1 0 5
2 3 0
3 9 2
t 166 26
m0 9 14
m1 7 8
m2 0 12
1 0 6
2 2 0
3 9 1
t 165 26
m0 9 14
m1 7 7
m2 0 13
1 0 5
2 3 0
3 9 2
t 164 26
m0 9 14
m1 7 8
m2 0 14
1 0 6
2 2 0
3 9 1
t 163 26
m0 9 14
m1 7 8
m2 0 14
1 0 5
2 3 0
3 9 2
t 162 26
m0 9 14
m1 6 8
m2 0 14
1 0 6
2 2 0
3 9 1
t 161 26
m0 9 14
m1 6 8
m2 0 14
1 0 5
2 3 0
3 9 2
t 160 26
m0 9 14
m1 6 7
m2 0 13
1 0 6
2 2 0
3 9 1
t 159 26
m0 9 14
m1 6 8
m2 0 13
1 0 5
2 3 0
3 9 2
t 158 26
m0 9 14
m1 6 8
m2 0 13
1 0 6
2 2 0
3 9 1
t 157 26
m0 9 14
m1 7 8
m2 0 13
1 0 5
2 3 0
3 9 2
t 156 26
m0 9 14
m1 6 8
m2 0 14
1 0 6
2 2 0
3 9 1
t 155 26
m0 9 14
m1 7 8
m2 0 14
1 0 5
2 3 0
3 9 2
t 154 26
m0 9 14
m1 6 8
m2 0 13
1 0 6
2 2 0
3 9 1
t 153 26
m0 9 14
m1 6 7
m2 0 13
1 0 5
2 3 0
3 9 2
t 152 26
m0 9 14
m1 6 8
m2 0 14
1 0 6
2 2 0
3 9 1
t 151 26
m0 9 14
m1 6 8
m2 0 13
1 0 5
2 3 0
3 9 2
t 150 26
m0 9 14
m1 6 7
m2 0 13
1 0 6
2 2 0
3 9 1
t 149 26
m0 9 14
m1 7 7
m2 0 14
1 0 5
2 3 0
3 9 2
t 148 26
m0 9 14
m1 6 7
m2 0 13
1 0 6
2 2 0
3 9 1
t 147 26
m0 9 14
m1 7 7
m2 0 13
1 0 5
2 3 0
3 9 2
t 146 26
m0 9 14
m1 6 7
m2 0 13
1 0 6
2 2 0
3 9 1
t 145 26
m0 9 14
m1 6 7
m2 0 13
1 0 5
2 3 0
3 9 2
t 144 26
m0 9 14
m1 6 7
m2 0 13
1 0 6
2 2 0
3 9 1
t 143 26
m0 9 14
m1 6 8
m2 0 13
1 0 5
2 3 0
3 9 2
t 142 26
m0 9 14
m1 6 7
m2 0 12
1 0 6
2 2 0
3 9 1
t 141 26
m0 9 14
m1 6 8
m2 0 12
1 0 5
2 3 0
3 9 2
t 140 26
m0 9 14
m1 6 7
m2 0 12
1 0 6
2 2 0
3 9 1
t 139 26
m0 9 14
m1 6 8
m2 0 12
1 0 5
2 3 0
3 9 2
t 138 26
m0 9 14
m1 6 8
m2 0 13
1 0 6
2 2 0
3 9 1
t 137 26
m0 9 14
m1 6 8
m2 0 13
1 0 5
2 3 0
3 9 2
t 136 26
m0 9 14
m1 6 7
m2 0 12
1 0 6
2 2 0
3 9 1
t 135 26
m0 9 14
m1 7 7
m2 0 12
1 0 5
2 3 0
3 9 2
t 134 26
m0 9 14
m1 6 7
m2 0 13
1 0 6
2 2 0
3 9 1
t 133 26
m0 9 14
m1 7 7
m2 0 13
1 0 5
2 3 0
3 9 2
t 132 26
m0 9 14
m1 6 7
m2 0 12
1 0 6
2 2 0
3 9 1
t 131 26
m0 9 14
m1 6 7
m2 0 13
1 0 5
2 3 0
3 9 2
t 130 26
m0 9 14
m1 6 8
m2 0 14
1 0 6
2 2 0
3 9 1
t 129 26
m0 9 14
m1 6 7
m2 0 14
1 0 5
2 3 0
3 9 2
t 128 26
m0 9 14
m1 6 8
m2 0 14
1 0 6
2 2 0
3 9 1
t 127 26
m0 9 14
m1 5 8
m2 0 14
1 0 5
2 3 0
3 9 2
t 126 26
m0 9 13
m1 6 8
m2 0 14
1 0 6
2 2 0
3 9 1
t 125 26
m0 9 14
m1 5 8
m2 1 14
1 0 5
2 3 0
3 9 2
t 124 26
m0 9 13
m1 5 8
m2 0 14
1 0 6
2 2 0
3 9 1
t 123 26
m0 9 13
m1 5 9
m2 1 14
1 0 5
2 3 0
3 9 2
t 122 26
m0 9 14
m1 5 10
m2 0 14
1 0 6
2 2 0
3 9 1
t 121 26
m0 9 14
m1 5 10
m2 0 14
1 0 5
2 3 0
3 9 2
t 120 26
m0 9 14
m1 5 11
m2 1 14
1 0 6
2 2 0
3 9 1
t 119 26
m0 9 14
m1 5 10
m2 0 14
1 0 5
2 3 0
3 9 2
t 118 26
m0 9 14
m1 5 11
m2 0 14
1 0 6
2 2 0
3 9 1
t 117 26
m0 9 14
m1 5 10
m2 0 14
1 0 5
2 3 0
3 9 2
t 116 26
m0 9 14
m1 4 10
m2 0 14
1 0 6
2 2 0
3 9 1
t 115 26
m0 9 14
m1 5 10
m2 0 14
1 0 5
2 3 0
3 9 2
t 114 26
m0 9 14
m1 5 10
m2 0 14
1 0 6
2 2 0
3 9 1
t 113 26
m0 9 14
m1 5 10
m2 0 14
1 0 5
2 3 0
3 9 2
t 112 26
m0 9 14
m1 5 10
m2 0 14
1 0 6
2 2 0
3 9 1
t 111 26
m0 9 14
m1 5 10
m2 0 14
1 0 5
2 3 0
3 9 2
t 110 26
m0 9 14
m1 5 9
m2 0 14
1 0 6
2 2 0
3 9 1
t 109 26
m0 9 14
m1 5 10
m2 0 14
1 0 5
2 3 0
3 9 2
t 108 26
m0 9 14
m1 5 9
m2 0 14
1 0 6
2 2 0
3 9 1
t 107 26
m0 9 14
m1 5 10
m2 0 14
1 0 5
2 3 0
3 9 2
t 106 26
m0 9 14
m1 5 9
m2 0 13
1 0 6
2 2 0
3 9 1
t 105 26
m0 9 14
m1 5 9
m2 0 13
1 0 5
2 3 0
3 9 2
t 104 26
m0 9 14
m1 5 10
m2 0 14
1 0 6
2 2 0
3 9 1
t 103 26
m0 9 14
m1 5 9
m2 0 13
1 0 5
2 3 0
3 9 2
t 102 26
m0 9 14
m1 5 9
m2 0 13
1 0 6
2 2 0
3 9 1
t 101 26
m0 9 14
m1 5 9
m2 0 14
1 0 5
2 3 0
3 9 2
t 100 26
m0 9 14
m1 5 10
m2 0 14
1 0 6
2 2 0
3 9 1
t 99 26
m0 9 14
m1 5 10
m2 0 14
1 0 5
2 3 0
3 9 2
t 98 26
m0 9 14
m1 5 10
m2 1 14
1 0 6
2 2 0
3 9 1
t 97 26
m0 9 14
m1 5 10
m2 0 14
1 0 5
2 3 0
3 9 2
t 96 26
m0 9 14
m1 5 10
m2 0 14
1 0 6
2 2 0
3 9 1
t 95 26
m0 9 14
m1 5 9
m2 0 13
1 0 5
2 3 0
3 9 2
t 94 26
m0 9 14
m1 5 8
m2 0 13
1 0 6
2 2 0
3 9 1
t 93 26
m0 9 14
m1 5 8
m2 0 14
1 0 5
2 3 0
3 9 2
t 92 26
m0 9 14
m1 6 8
m2 0 14
1 0 6
2 2 0
3 9 1
t 91 26
m0 9 14
m1 5 8
m2 0 14
1 0 5
2 3 0
3 9 2
t 90 26
m0 9 13
m1 4 8
m2 0 14
1 0 6
2 2 0
3 9 1
t 89 26
m0 9 14
m1 5 8
m2 0 14
1 0 5
2 3 0
3 9 2
t 88 26
m0 9 14
m1 5 9
m2 0 14
1 0 6
2 2 0
3 9 1
t 87 26
m0 9 14
m1 5 8
m2 0 13
1 0 5
2 3 0
3 9 2
t 86 26
m0 9 14
m1 5 9
m2 0 14
1 0 6
2 2 0
3 9 1
t 85 26
m0 9 14
m1 5 8
m2 0 14
1 0 5
2 3 0
3 9 2
t 84 26
m0 9 14
m1 6 8
m2 0 14
1 0 6
2 2 0
3 9 1
t 83 26
m0 9 14
m1 6 7
m2 0 13
1 0 5
2 3 0
3 9 2
t 82 26
m0 9 14
m1 6 8
m2 0 13
1 0 6
2 2 0
3 9 1
t 81 26
m0 9 14
m1 7 8
m2 0 13
1 0 5
2 3 0
3 9 2
t 80 26
m0 9 14
m1 6 8
m2 0 14
1 0 6
2 2 0
3 9 1
t 79 26
m0 9 14
m1 7 8
m2 1 14
1 0 5
2 3 0
3 9 2
t 78 26
m0 9 14
m1 6 8
m2 0 14
1 0 6
2 2 0
3 9 1
t 77 26
m0 9 14
m1 6 8
m2 0 13
1 0 5
2 3 0
3 9 2
t 76 26
m0 9 14
m1 5 8
m2 0 14
1 0 6
2 2 0
3 9 1
t 75 26
m0 9 13
m1 5 8
m2 0 14
1 0 5
2 3 0
3 9 2
t 74 26
m0 9 14
m1 6 8
m2 0 13
1 0 6
2 2 0
3 9 1
t 73 26
m0 9 14
m1 6 8
m2 0 14
1 0 5
2 3 0
3 9 2
t 72 26
m0 9 14
m1 6 7
m2 0 13
1 0 6
2 2 0
3 9 1
t 71 26
m0 9 14
m1 6 8
m2 0 14
1 0 5
2 3 0
3 9 2
t 70 26
m0 9 14
m1 7 8
m2 0 14
1 0 6
2 2 0
3 9 1
t 69 26
m0 9 14
m1 7 8
m2 0 13
1 0 5
2 3 0
3 9 2
t 68 26
m0 9 14
m1 6 8
m2 0 13
1 0 6
2 2 0
3 9 1
t 67 26
m0 9 14
m1 5 8
m2 0 13
1 0 5
2 3 0
3 9 2
t 66 26
m0 9 14
m1 5 8
m2 0 14
1 0 6
2 2 0
3 9 1
t 65 26
m0 9 14
m1 5 9
m2 1 14
1 0 5
2 3 0
3 9 2
t 64 26
m0 9 14
m1 5 9
m2 0 14
1 0 6
2 2 0
3 9 1
t 63 26
m0 9 14
m1 5 10
m2 0 14
1 0 5
2 3 0
3 9 2
t 62 26
m0 9 14
m1 5 9
m2 0 14
1 0 6
2 2 0
3 9 1
t 61 26
m0 9 14
m1 5 10
m2 1 14
1 0 5
2 3 0
3 9 2
t 60 26
m0 9 14
m1 5 9
m2 0 14
1 0 6
2 2 0
3 9 1
t 59 26
m0 9 14
m1 5 10
m2 1 14
1 0 5
2 3 0
3 9 2
t 58 26
m0 9 14
m1 5 11
m2 0 14
1 0 6
2 2 0
3 9 1
t 57 26
m0 9 14
m1 5 11
m2 0 14
1 0 5
2 3 0
3 9 2
t 56 26
m0 9 14
m1 6 11
m2 0 14
1 0 6
2 2 0
3 9 1
t 55 26
m0 9 14
m1 5 11
m2 0 14
1 0 5
2 3 0
3 9 2
t 54 26
m0 9 14
m1 5 10
m2 0 14
1 0 6
2 2 0
3 9 1
t 53 26
m0 9 14
m1 5 9
m2 0 14
1 0 5
2 3 0
3 9 2
t 52 26
m0 9 14
m1 5 10
m2 0 14
1 0 6
2 2 0
3 9 1
t 51 26
m0 9 14
m1 5 10
m2 0 13
1 0 5
2 3 0
3 9 2
t 50 26
m0 9 14
m1 5 9
m2 0 13
1 0 6
2 2 0
3 9 1
t 49 26
m0 9 14
m1 5 9
m2 0 14
1 0 5
2 3 0
3 9 2
t 48 26
m0 9 14
m1 5 9
m2 0 14
1 0 6
2 2 0
3 9 1
t 47 26
m0 9 14
m1 5 10
m2 0 14
1 0 5
2 3 0
3 9 2
t 46 26
m0 9 14
m1 5 10
m2 1 14
1 0 6
2 2 0
3 9 1
t 45 26
m0 9 14
m1 5 11
m2 0 14
1 0 5
2 3 0
3 9 2
t 44 26
m0 9 14
m1 5 10
m2 0 14
1 0 6
2 2 0
3 9 1
t 43 26
m0 9 14
m1 5 11
m2 0 14
1 0 5
2 3 0
3 9 2
t 42 26
m0 9 14
m1 5 11
m2 0 14
1 0 6
2 2 0
3 9 1
t 41 26
m0 9 14
m1 5 10
m2 0 14
1 0 5
2 3 0
3 9 2
t 40 26
m0 9 14
m1 5 10
m2 0 14
1 0 6
2 2 0
3 9 1
t 39 26
m0 9 14
m1 5 11
m2 1 14
1 0 5
2 3 0
3 9 2
t 38 26
m0 9 14
m1 5 11
m2 0 14
1 0 6
2 2 0
3 9 1
t 37 26
m0 9 14
m1 5 10
m2 0 14
1 0 5
2 3 0
3 9 2
t 36 26
m0 9 14
m1 5 11
m2 0 14
1 0 6
2 2 0
3 9 1
t 35 26
m0 9 14
m1 5 10
m2 0 14
1 0 5
2 3 0
3 9 2
t 34 26
m0 9 14
m1 5 11
m2 0 14
1 0 6
2 2 0
3 9 1
t 33 26
m0 9 14
m1 5 11
m2 0 14
1 0 5
2 3 0
3 9 2
t 32 26
m0 9 14
m1 5 11
m2 0 14
1 0 6
2 2 0
3 9 1
t 31 26
m0 9 14
m1 5 11
m2 1 14
1 0 5
2 3 0
3 9 2
t 30 26
m0 9 14
m1 5 10
m2 0 14
1 0 6
2 2 0
3 9 1
t 29 26
m0 9 14
m1 5 11
m2 0 14
1 0 5
2 3 0
3 9 2
t 28 26
m0 9 14
m1 5 10
m2 1 14
1 0 6
2 2 0
3 9 1
t 27 26
m0 9 14
m1 5 10
m2 0 14
1 0 5
2 3 0
3 9 2
t 26 26
m0 9 14
m1 5 10
m2 0 14
1 0 6
2 2 0
3 9 1
t 25 26
m0 9 14
m1 5 9
m2 0 14
1 0 5
2 3 0
3 9 2
t 24 26
m0 9 14
m1 4 9
m2 0 14
1 0 6
2 2 0
3 9 1
t 23 27
m0 9 14
m1 4 10
m2 0 14
1 0 5
2 3 0
3 9 2
t 22 27
m0 9 14
m1 5 10
m2 0 14
1 0 6
2 2 0
3 9 1
t 21 27
m0 9 14
m1 5 11
m2 0 14
1 0 5
2 3 0
3 9 2
t 20 27
m0 9 14
m1 5 11
m2 0 14
1 0 6
2 2 0
3 9 1
t 19 27
m0 9 14
m1 5 10
m2 1 14
1 0 5
2 3 0
3 9 2
t 18 27
m0 9 14
m1 5 11
m2 0 14
1 0 6
2 2 0
3 9 1
t 17 27
m0 9 14
m1 5 11
m2 0 14
1 0 5
2 3 0
3 9 2
t 16 27
m0 9 14
m1 5 10
m2 1 14
1 0 6
2 2 0
3 9 1
t 15 27
m0 9 14
m1 5 9
m2 1 14
1 0 5
2 3 0
3 9 2
t 14 27
m0 9 14
m1 5 10
m2 0 14
1 0 6
2 2 0
3 9 1
t 13 27
m0 9 14
m1 5 11
m2 0 14
1 0 5
2 3 0
3 9 2
t 12 27
m0 9 14
m1 5 11
m2 0 14
1 0 6
2 2 0
3 9 1
t 11 27
m0 9 14
m1 5 10
m2 0 13
1 0 5
2 3 0
3 9 2
t 10 27
m0 9 14
m1 5 10
m2 0 14
1 0 6
2 2 0
3 9 1
t 9 27
m0 9 14
m1 5 10
m2 0 14
1 0 5
2 3 0
3 9 2
t 8 27
m0 9 14
m1 5 10
m2 0 14
1 0 6
2 2 0
3 9 1
t 7 27
m0 9 14
m1 5 10
m2 0 14
1 0 5
2 3 0
3 9 2
t 6 27
m0 9 14
m1 4 10
m2 0 14
1 0 6
2 2 0
3 9 1
t 5 27
m0 9 14
m1 5 10
m2 0 14
1 0 5
2 3 0
3 9 2
t 4 27
m0 9 14
m1 5 9
m2 0 14
1 0 6
2 2 0
3 9 1
t 3 27
m0 9 14
m1 5 10
m2 0 14
1 0 5
2 3 0
3 9 2
t 2 27
m0 9 14
m1 5 9
m2 0 14
1 0 6
2 2 0
3 9 1
t 1 27
m0 9 14
m1 5 10
m2 0 13
1 0 6
2 2 0
3 9 1
t 0 27
