10
15
w 5 9
w 8 13
w 3 0
w 3 11
w 8 9
w 1 11
w 7 2
w 6 14
w 6 10
w 1 14
w 8 10
w 1 5
w 2 2
w 1 10
w 6 4
w 5 4
w 0 0
w 3 13
w 4 5
w 1 13
w 4 14
w 1 4
w 8 7
w 4 2
w 1 0
w 0 8
w 4 11
w 3 5
w 7 0
w 8 12
w 5 7
w 3 8
w 2 0
w 8 8
w 1 7
w 9 5
w 5 2
p 7 3
p 6 9
p 1 3
p 4 7
p 6 6
p 7 12
p 9 8
p 8 0
p 5 13
p 2 1
p 6 2
p 4 12
p 0 10
p 9 4
p 1 6
p 3 7
p 7 11
p 8 5
p 3 14
p 1 2
p 9 0
p 3 3
p 2 9
p 7 6
p 6 3
p 0 11
p 9 11
p 5 0
p 9 7
p 4 10
p 2 6
p 9 14
p 7 1
p 6 11
p 5 11
p 8 11
p 6 0
p 9 10
p 7 5
p 0 5
p 2 3
p 2 14
p 5 3
p 0 1
p 2 7
p 9 13
p 7 9
p 1 12
p 6 1
p 7 13
p 0 13
p 9 9
p 4 3
p 6 13
p 7 8
p 9 12
m0 0 14
m1 0 14
m2 0 14
1 9 0
2 9 0
3 9 0
t 300 0
m0 0 13
m1 0 13
m2 0 13
1 8 0
2 8 0
3 8 0
t 299 1
m0 0 12
m1 0 12
m2 0 12
1 9 0
2 9 0
3 9 0
t 298 1
m0 0 11
m1 0 12
m2 0 12
1 8 0
2 8 0
3 8 0
t 297 2
m0 0 12
m1 0 12
m2 1 12
1 9 0
2 9 0
3 9 0
t 296 3
m0 0 12
m1 0 12
m2 2 12
1 8 0
2 8 0
3 8 0
t 295 3
m0 0 11
m1 0 12
m2 2 12
1 9 0
2 9 0
3 9 0
t 294 3
m0 0 12
m1 0 11
m2 2 12
1 8 0
2 8 0
3 8 0
t 293 3
m0 0 11
m1 0 10
m2 3 12
1 9 0
2 9 0
3 9 0
t 292 4
m0 0 12
m1 0 10
m2 2 12
1 8 0
2 8 0
3 8 0
t 291 4
m0 0 12
m1 0 11
m2 2 12
1 9 0
2 9 0
3 9 0
t 290 4
m0 0 13
m1 0 10
m2 2 12
1 8 0
2 8 0
3 8 0
t 289 4
m0 0 13
m1 0 9
m2 2 12
1 9 0
2 9 0
3 9 0
t 288 4
m0 0 13
m1 1 9
m2 2 12
1 8 0
2 8 0
3 8 0
t 287 4
m0 0 12
m1 2 9
m2 2 12
1 9 0
2 9 0
3 9 0
t 286 5
m0 0 12
m1 2 8
m2 3 12
1 8 0
2 8 0
3 8 0
t 285 5
m0 0 12
m1 2 7
m2 4 12
1 9 0
2 9 0
3 9 0
t 284 7
m0 0 13
m1 2 6
m2 5 12
1 8 0
2 8 0
3 8 0
t 283 8
m0 0 13
m1 2 6
m2 5 13
1 9 0
2 9 0
3 9 0
t 282 9
m0 0 12
m1 2 6
m2 5 12
1 8 0
2 8 0
3 8 0
t 281 9
m0 0 11
m1 1 6
m2 5 12
1 9 0
2 9 0
3 9 0
t 280 10
m0 0 10
m1 0 6
m2 5 12
1 8 0
2 8 0
3 8 0
t 279 10
m0 0 11
m1 0 5
m2 5 11
1 9 0
2 9 0
3 9 0
f 0 7
t 278 12
m0 0 12
m1 0 4
m2 6 11
1 8 0
2 8 0
3 8 0
t 277 13
m0 0 12
m1 0 3
m2 7 11
1 9 0
2 9 0
3 9 0
t 276 14
m0 0 13
m1 0 2
m2 7 11
1 8 0
2 8 0
3 8 0
t 275 14
m0 0 12
m1 0 1
m2 8 11
1 9 0
2 9 0
3 9 0
t 274 16
m0 0 11
m1 0 2
m2 9 11
1 8 0
2 8 0
3 8 0
t 273 17
m0 0 12
m1 1 2
m2 9 12
1 9 0
2 9 0
3 9 0
t 272 19
m0 0 11
m1 1 3
m2 9 13
1 8 0
2 8 0
3 8 0
t 271 21
m0 0 12
m1 2 3
m2 9 14
1 9 0
2 9 0
3 9 0
t 270 23
m0 0 11
m1 3 3
m2 9 14
1 8 0
2 8 0
3 8 0
t 269 24
m0 0 12
m1 3 3
m2 9 14
1 9 0
2 9 0
3 9 0
t 268 24
m0 0 12
m1 4 3
m2 9 14
1 8 0
2 8 0
3 8 0
t 267 25
m0 1 12
m1 5 3
m2 9 14
1 9 0
2 9 0
3 9 0
t 266 26
m0 2 12
m1 6 3
m2 9 14
1 8 0
2 8 0
3 8 0
t 265 27
m0 2 13
m1 7 3
m2 8 14
1 9 0
2 9 0
3 9 0
t 264 28
m0 2 14
m1 6 3
m2 7 14
1 8 0
2 8 0
3 8 0
t 263 29
m0 2 14
m1 6 3
m2 7 13
1 9 0
2 9 0
3 9 0
t 262 30
m0 2 14
m1 6 3
m2 6 13
1 8 0
2 8 0
3 8 0
t 261 31
m0 3 14
m1 6 3
m2 6 12
1 9 0
2 9 0
3 9 0
t 260 32
m0 3 14
m1 6 3
m2 6 12
1 8 0
2 8 0
3 8 0
t 259 32
m0 2 14
m1 6 2
m2 7 12
1 9 0
2 9 0
3 9 0
t 258 34
m0 2 13
m1 6 1
m2 7 11
1 8 0
2 8 0
3 8 0
t 257 35
m0 2 12
m1 6 0
m2 7 11
1 9 0
2 9 0
3 9 0
t 256 36
m0 3 12
m1 5 0
m2 7 11
1 9 1
2 9 1
3 9 1
t 255 37
m0 2 12
m1 4 0
m2 6 11
1 9 2
2 9 2
3 9 2
t 254 37
m0 2 11
m1 5 0
m2 6 12
1 9 3
2 9 3
3 9 3
t 253 37
m0 2 10
m1 4 0
m2 6 11
1 9 4
2 9 4
3 9 4
t 252 37
m0 3 10
m1 4 1
m2 7 11
1 9 3
2 9 3
3 9 3
t 251 37
m0 4 10
m1 3 1
m2 7 11
1 9 4
2 9 4
3 9 4
t 250 38
m0 4 10
m1 2 1
m2 6 11
1 9 3
2 9 3
3 9 3
t 249 39
m0 3 10
m1 3 1
m2 7 11
1 9 4
2 9 4
3 9 4
t 248 39
m0 4 10
m1 4 1
m2 7 11
1 9 3
2 9 3
3 9 3
t 247 39
m0 4 10
m1 5 1
m2 6 11
1 9 4
2 9 4
3 9 4
t 246 39
m0 3 10
m1 6 1
m2 6 11
1 9 3
2 9 3
3 9 3
t 245 39
m0 4 10
m1 7 1
m2 6 12
1 9 4
2 9 4
3 9 4
t 244 40
m0 3 10
m1 8 1
m2 6 11
1 9 3
2 9 3
3 9 3
t 243 40
m0 3 9
m1 8 0
m2 7 11
1 9 4
2 9 4
3 9 4
t 242 41
m0 2 9
m1 9 0
m2 7 10
1 8 4
2 8 4
3 8 4
t 241 42
m0 2 8
m1 9 1
m2 7 9
1 7 4
2 7 4
3 7 4
t 240 43
m0 2 7
m1 9 2
m2 7 8
1 8 4
2 8 4
3 8 4
t 239 44
m0 2 6
m1 9 2
m2 6 8
1 7 4
2 7 4
3 7 4
t 238 44
m0 3 6
m1 9 1
m2 6 9
1 7 5
2 7 5
3 7 5
t 237 45
m0 2 6
m1 9 2
m2 6 8
1 8 5
2 8 5
3 8 5
t 236 45
m0 3 6
m1 9 3
m2 6 7
1 7 5
2 7 5
3 7 5
t 235 45
m0 2 6
m1 9 2
m2 6 6
1 8 5
2 8 5
3 8 5
t 234 46
m0 2 6
m1 9 3
m2 7 6
1 8 4
2 8 4
3 8 4
t 233 47
m0 2 6
m1 9 4
m2 7 5
1 8 3
2 8 3
3 8 3
t 232 49
m0 3 6
m1 8 4
m2 7 5
1 9 3
2 9 3
3 9 3
t 231 49
m0 3 7
m1 8 5
m2 7 5
1 9 2
2 9 2
3 9 2
t 230 51
m0 4 7
m1 8 6
m2 8 5
1 9 1
2 9 1
3 9 1
t 229 52
m0 4 6
m1 7 6
m2 8 6
1 9 0
2 9 0
3 9 0
t 228 52
m0 5 6
m1 7 6
m2 7 6
1 8 0
2 8 0
3 8 0
t 227 52
m0 6 6
m1 6 6
m2 6 6
1 9 0
2 9 0
3 9 0
t 226 52
m0 7 6
m1 6 6
m2 7 6
1 8 0
2 8 0
3 8 0
t 225 52
m0 7 7
m1 7 6
m2 7 6
1 9 0
2 9 0
3 9 0
t 224 52
m0 7 6
m1 7 6
m2 6 6
1 8 0
2 8 0
3 8 0
t 223 52
m0 7 6
m1 7 7
m2 6 7
1 9 0
2 9 0
3 9 0
t 222 52
m0 7 6
m1 7 6
m2 6 7
1 8 0
2 8 0
3 8 0
t 221 52
m0 6 6
m1 6 6
m2 7 7
1 9 0
2 9 0
3 9 0
t 220 52
m0 7 6
m1 7 6
m2 7 6
1 8 0
2 8 0
3 8 0
t 219 52
m0 7 6
m1 6 6
m2 6 6
1 9 0
2 9 0
3 9 0
t 218 52
m0 7 6
m1 7 6
m2 7 6
1 8 0
2 8 0
3 8 0
t 217 52
m0 7 5
m1 7 5
m2 7 6
1 9 0
2 9 0
3 9 0
t 216 52
m0 7 6
m1 7 5
m2 7 5
1 8 0
2 8 0
3 8 0
t 215 52
m0 7 6
m1 7 5
m2 7 6
1 9 0
2 9 0
3 9 0
t 214 52
m0 7 7
m1 7 6
m2 6 6
1 8 0
2 8 0
3 8 0
t 213 52
m0 7 6
m1 8 6
m2 6 5
1 9 0
2 9 0
3 9 0
t 212 52
m0 7 5
m1 7 6
m2 6 6
1 8 0
2 8 0
3 8 0
t 211 52
m0 7 5
m1 7 5
m2 6 7
1 9 0
2 9 0
3 9 0
t 210 52
m0 8 5
m1 8 5
m2 6 8
1 8 0
2 8 0
3 8 0
t 209 52
m0 8 4
m1 8 4
m2 7 8
1 9 0
2 9 0
3 9 0
t 208 52
m0 8 4
m1 8 4
m2 7 9
1 8 0
2 8 0
3 8 0
t 207 52
m0 8 4
m1 8 3
m2 7 8
1 9 0
2 9 0
3 9 0
t 206 52
m0 9 4
m1 9 3
m2 7 8
1 8 0
2 8 0
3 8 0
t 205 52
m0 9 3
m1 9 2
m2 7 9
1 9 0
2 9 0
3 9 0
t 204 52
m0 9 3
m1 9 1
m2 7 8
1 8 0
2 8 0
3 8 0
t 203 52
m0 8 3
m1 9 1
m2 6 8
1 9 0
2 9 0
3 9 0
t 202 52
m0 9 3
m1 -5 -5
m2 6 8
1 8 0
2 8 0
3 8 0
t 201 52
m0 9 2
m1 -5 -5
m2 7 8
1 9 0
2 9 0
3 9 0
t 200 52
m0 9 1
m1 -5 -5
m2 7 7
1 8 0
2 8 0
3 8 0
t 199 52
m0 9 1
m1 -5 -5
m2 7 6
1 9 0
2 9 0
3 9 0
t 198 52
m0 -5 -5
m1 -5 -5
m2 7 6
1 8 0
2 8 0
3 8 0
t 197 52
m0 -5 -5
m1 -5 -5
m2 8 6
1 9 0
2 9 0
3 9 0
t 196 52
m0 -5 -5
m1 -5 -5
m2 9 6
1 8 0
2 8 0
3 8 0
t 195 52
m0 -5 -5
m1 -5 -5
m2 9 7
1 9 0
2 9 0
3 9 0
t 194 53
m0 -5 -5
m1 -5 -5
m2 9 8
1 8 0
2 8 0
3 8 0
t 193 54
m0 -5 -5
m1 -5 -5
m2 9 9
1 9 0
2 9 0
3 9 0
t 192 55
m0 -5 -5
m1 -5 -5
m2 9 10
1 9 0
2 9 0
3 9 0
t 191 119
