10
15
w 5 9
w 4 7
w 8 13
w 5 6
w 3 11
w 1 6
w 7 11
w 5 1
w 2 5
w 7 2
w 1 2
w 8 14
w 4 9
w 7 6
w 8 10
w 1 5
w 0 11
w 2 13
w 2 2
w 1 10
w 4 1
w 6 4
w 0 0
w 5 11
w 0 12
w 0 8
w 9 6
w 5 3
w 0 1
w 7 9
w 8 3
w 3 12
w 4 6
w 5 7
w 8 8
w 6 13
w 8 4
p 7 3
p 1 3
p 9 1
p 6 6
p 3 0
p 2 8
p 5 13
p 2 1
p 0 10
p 1 11
p 5 8
p 6 7
p 3 3
p 2 9
p 8 1
p 5 12
p 4 4
p 1 14
p 6 10
p 3 10
p 6 3
p 9 11
p 7 10
p 3 4
p 8 6
p 9 7
p 2 6
p 8 2
p 7 1
p 3 13
p 4 5
p 8 11
p 6 0
p 2 10
p 0 5
p 1 9
p 4 2
p 1 0
p 6 5
p 3 5
p 5 10
p 7 0
p 8 12
p 9 2
p 3 1
p 2 11
p 7 13
p 7 4
p 5 14
p 1 8
p 4 3
p 1 7
p 9 5
p 5 2
p 0 2
p 9 12
m0 0 14
m1 0 14
m2 0 14
1 9 0
2 9 0
3 9 0
t 300 0
m0 1 14
m1 0 14
m2 1 14
1 8 0
2 8 0
3 8 0
t 299 1
m0 1 14
m1 1 14
m2 1 13
1 9 0
2 9 0
3 9 0
t 298 1
m0 1 14
m1 1 14
m2 1 13
1 8 0
2 8 0
3 8 0
t 297 1
m0 2 14
m1 2 14
m2 1 14
1 9 0
2 9 0
3 9 0
t 296 1
m0 3 14
m1 1 14
m2 1 13
1 8 0
2 8 0
3 8 0
t 295 1
m0 2 14
m1 0 14
m2 0 13
1 9 0
2 9 0
3 9 0
t 294 1
m0 2 14
m1 0 13
m2 0 14
1 8 0
2 8 0
3 8 0
t 293 1
m0 3 14
m1 0 14
m2 1 14
1 9 0
2 9 0
3 9 0
t 292 1
m0 4 14
m1 0 14
m2 1 14
1 8 0
2 8 0
3 8 0
t 291 1
m0 4 14
m1 1 14
m2 1 14
1 9 0
2 9 0
3 9 0
t 290 1
m0 3 14
m1 1 14
m2 0 14
1 8 0
2 8 0
3 8 0
t 289 1
m0 3 13
m1 1 14
m2 1 14
1 9 0
2 9 0
3 9 0
t 288 2
m0 3 14
m1 2 14
m2 1 14
1 8 0
2 8 0
3 8 0
t 287 2
m0 4 14
m1 2 14
m2 0 14
1 9 0
2 9 0
3 9 0
t 286 2
m0 4 14
m1 3 14
m2 1 14
1 8 0
2 8 0
3 8 0
t 285 2
m0 4 14
m1 4 14
m2 2 14
1 9 0
2 9 0
3 9 0
t 284 2
m0 4 14
m1 5 14
m2 3 14
1 8 0
2 8 0
3 8 0
t 283 3
m0 5 14
m1 4 14
m2 3 13
1 9 0
2 9 0
3 9 0
t 282 3
m0 6 14
m1 4 13
m2 3 13
1 8 0
2 8 0
3 8 0
t 281 3
m0 6 14
m1 5 13
m2 4 13
1 9 0
2 9 0
3 9 0
t 280 4
m0 6 14
m1 4 13
m2 5 13
1 8 0
2 8 0
3 8 0
t 279 4
m0 6 14
m1 4 14
m2 4 13
1 9 0
2 9 0
3 9 0
t 278 4
m0 5 14
m1 4 14
m2 4 13
1 8 0
2 8 0
3 8 0
t 277 4
m0 5 13
m1 5 14
m2 5 13
1 9 0
2 9 0
3 9 0
t 276 4
m0 5 14
m1 5 13
m2 5 14
1 8 0
2 8 0
3 8 0
t 275 4
m0 5 13
m1 4 13
m2 4 14
1 9 0
2 9 0
3 9 0
t 274 4
m0 5 14
m1 3 13
m2 3 14
1 8 0
2 8 0
3 8 0
t 273 4
m0 4 14
m1 3 13
m2 2 14
1 9 0
2 9 0
3 9 0
t 272 4
m0 5 14
m1 3 13
m2 3 14
1 8 0
2 8 0
3 8 0
t 271 4
m0 6 14
m1 3 14
m2 4 14
1 9 0
2 9 0
3 9 0
t 270 4
m0 6 14
m1 4 14
m2 4 13
1 8 0
2 8 0
3 8 0
t 269 4
m0 6 14
m1 4 13
m2 3 13
1 9 0
2 9 0
3 9 0
t 268 4
m0 6 14
m1 5 13
m2 3 13
1 8 0
2 8 0
3 8 0
t 267 4
m0 7 14
m1 5 14
m2 3 14
1 9 0
2 9 0
3 9 0
t 266 4
m0 7 13
m1 6 14
m2 3 13
1 8 0
2 8 0
3 8 0
t 265 5
m0 7 13
m1 6 14
m2 3 14
1 9 0
2 9 0
3 9 0
t 264 5
m0 7 12
m1 7 14
m2 3 13
1 8 0
2 8 0
3 8 0
t 263 5
m0 7 13
m1 6 14
m2 3 13
1 9 0
2 9 0
3 9 0
t 262 5
m0 7 14
m1 5 14
m2 3 13
1 8 0
2 8 0
3 8 0
t 261 5
m0 6 14
m1 4 14
m2 4 13
1 9 0
2 9 0
3 9 0
t 260 5
m0 7 14
m1 4 13
m2 5 13
1 8 0
2 8 0
3 8 0
t 259 5
m0 7 14
m1 4 14
m2 4 13
1 9 0
2 9 0
3 9 0
t 258 5
m0 6 14
m1 5 14
m2 4 14
1 8 0
2 8 0
3 8 0
t 257 5
m0 7 14
m1 4 14
m2 4 13
1 9 0
2 9 0
3 9 0
t 256 5
m0 7 14
m1 4 13
m2 4 14
1 8 0
2 8 0
3 8 0
t 255 5
m0 6 14
m1 5 13
m2 4 14
1 9 0
2 9 0
3 9 0
t 254 5
m0 5 14
m1 5 12
m2 4 13
1 8 0
2 8 0
3 8 0
t 253 6
m0 5 13
m1 5 13
m2 5 13
1 9 0
2 9 0
3 9 0
t 252 6
m0 5 14
m1 5 14
m2 5 13
1 8 0
2 8 0
3 8 0
t 251 6
m0 5 13
m1 4 14
m2 5 13
1 9 0
2 9 0
3 9 0
t 250 6
m0 4 13
m1 4 13
m2 5 12
1 8 0
2 8 0
3 8 0
t 249 6
m0 4 14
m1 5 13
m2 5 12
1 9 0
2 9 0
3 9 0
t 248 6
m0 5 14
m1 5 13
m2 5 13
1 8 0
2 8 0
3 8 0
t 247 6
m0 5 14
m1 5 14
m2 5 14
1 9 0
2 9 0
3 9 0
t 246 6
m0 5 13
m1 6 14
m2 4 14
1 8 0
2 8 0
3 8 0
t 245 6
m0 5 12
m1 6 14
m2 3 14
1 9 0
2 9 0
3 9 0
t 244 6
m0 5 13
m1 6 14
m2 3 14
1 8 0
2 8 0
3 8 0
t 243 6
m0 5 13
m1 5 14
m2 4 14
1 9 0
2 9 0
3 9 0
t 242 6
m0 4 13
m1 6 14
m2 3 14
1 8 0
2 8 0
3 8 0
t 241 6
m0 4 13
m1 6 14
m2 3 13
1 9 0
2 9 0
3 9 0
t 240 6
m0 4 13
m1 7 14
m2 4 13
1 8 0
2 8 0
3 8 0
f 6 1
t 239 6
m0 3 13
m1 7 14
m2 4 13
1 9 0
2 9 0
3 9 0
t 238 6
m0 4 13
m1 7 13
m2 4 14
1 8 0
2 8 0
3 8 0
t 237 6
m0 4 13
m1 7 13
m2 5 14
1 9 0
2 9 0
3 9 0
t 236 6
m0 4 13
m1 7 14
m2 5 14
1 8 0
2 8 0
3 8 0
t 235 6
m0 4 13
m1 6 14
m2 5 14
1 9 0
2 9 0
3 9 0
t 234 6
m0 4 13
m1 5 14
m2 6 14
1 8 0
2 8 0
3 8 0
t 233 6
m0 4 13
m1 5 13
m2 6 14
1 9 0
2 9 0
3 9 0
t 232 6
m0 3 13
m1 4 13
m2 7 14
1 8 0
2 8 0
3 8 0
t 231 6
m0 4 13
m1 4 13
m2 7 14
1 9 0
2 9 0
3 9 0
t 230 6
m0 4 13
m1 5 13
m2 6 14
1 8 0
2 8 0
3 8 0
t 229 6
m0 5 13
m1 5 12
m2 7 14
1 9 0
2 9 0
3 9 0
t 228 6
m0 5 13
m1 6 12
m2 7 13
1 8 0
2 8 0
3 8 0
t 227 6
m0 5 12
m1 6 12
m2 7 14
1 9 0
2 9 0
3 9 0
t 226 6
m0 5 12
m1 5 12
m2 7 14
1 8 0
2 8 0
3 8 0
t 225 6
m0 5 13
m1 5 12
m2 7 13
1 9 0
2 9 0
3 9 0
t 224 6
m0 5 12
m1 6 12
m2 7 14
1 8 0
2 8 0
3 8 0
t 223 6
m0 4 12
m1 5 12
m2 7 13
1 9 0
2 9 0
3 9 0
t 222 6
m0 4 11
m1 6 12
m2 7 14
1 8 0
2 8 0
3 8 0
t 221 6
m0 4 11
m1 6 11
m2 7 14
1 9 0
2 9 0
3 9 0
t 220 6
m0 4 10
m1 6 11
m2 6 14
1 8 0
2 8 0
3 8 0
t 219 6
m0 4 10
m1 6 11
m2 5 14
1 9 0
2 9 0
3 9 0
t 218 6
m0 4 11
m1 6 10
m2 4 14
1 8 0
2 8 0
3 8 0
t 217 7
m0 4 10
m1 6 9
m2 4 13
1 9 0
2 9 0
3 9 0
t 216 7
m0 4 11
m1 6 8
m2 4 12
1 8 0
2 8 0
3 8 0
t 215 7
m0 4 10
m1 6 7
m2 5 12
1 9 0
2 9 0
3 9 0
t 214 8
m0 5 10
m1 7 7
m2 5 13
1 8 0
2 8 0
3 8 0
t 213 9
m0 5 10
m1 6 7
m2 4 13
1 9 0
2 9 0
3 9 0
t 212 9
m0 5 10
m1 6 7
m2 3 13
1 8 0
2 8 0
3 8 0
t 211 9
m0 4 10
m1 6 7
m2 4 13
1 9 0
2 9 0
3 9 0
t 210 9
m0 4 11
m1 6 8
m2 4 12
1 8 0
2 8 0
3 8 0
t 209 9
m0 4 10
m1 6 7
m2 4 13
1 9 0
2 9 0
3 9 0
t 208 9
m0 3 10
m1 6 6
m2 3 13
1 8 0
2 8 0
3 8 0
t 207 11
m0 2 10
m1 6 5
m2 3 13
1 9 0
2 9 0
3 9 0
t 206 13
m0 2 11
m1 6 5
m2 3 13
1 8 0
2 8 0
3 8 0
t 205 14
m0 2 12
m1 6 5
m2 4 13
1 9 0
2 9 0
3 9 0
t 204 14
m0 2 11
m1 5 5
m2 4 14
1 8 0
2 8 0
3 8 0
t 203 14
m0 2 10
m1 5 5
m2 3 14
1 9 0
2 9 0
3 9 0
t 202 14
m0 2 10
m1 5 5
m2 3 13
1 8 0
2 8 0
3 8 0
t 201 14
m0 2 9
m1 4 5
m2 4 13
1 9 0
2 9 0
3 9 0
t 200 16
m0 2 8
m1 5 5
m2 4 14
1 8 0
2 8 0
3 8 0
t 199 17
m0 2 7
m1 6 5
m2 3 14
1 9 0
2 9 0
3 9 0
t 198 17
m0 3 7
m1 6 6
m2 3 13
1 8 0
2 8 0
3 8 0
t 197 17
m0 3 8
m1 6 5
m2 4 13
1 9 0
2 9 0
3 9 0
t 196 17
m0 3 9
m1 7 5
m2 3 13
1 8 0
2 8 0
3 8 0
t 195 17
m0 3 9
m1 7 5
m2 3 13
1 9 0
2 9 0
3 9 0
t 194 17
m0 2 9
m1 8 5
m2 3 14
1 8 0
2 8 0
3 8 0
t 193 17
m0 3 9
m1 7 5
m2 3 14
1 9 0
2 9 0
3 9 0
t 192 17
m0 3 8
m1 7 4
m2 4 14
1 8 0
2 8 0
3 8 0
t 191 18
m0 2 8
m1 7 3
m2 4 14
1 9 0
2 9 0
3 9 0
t 190 19
m0 2 9
m1 7 3
m2 4 14
1 8 0
2 8 0
3 8 0
t 189 19
m0 1 9
m1 7 4
m2 3 14
1 9 0
2 9 0
3 9 0
t 188 20
m0 2 9
m1 7 4
m2 3 14
1 8 0
2 8 0
3 8 0
t 187 20
m0 2 9
m1 7 4
m2 3 13
1 9 0
2 9 0
3 9 0
t 186 20
m0 1 9
m1 7 3
m2 3 14
1 8 0
2 8 0
3 8 0
t 185 20
m0 2 9
m1 7 4
m2 3 14
1 9 0
2 9 0
3 9 0
t 184 20
m0 1 9
m1 7 4
m2 4 14
1 8 0
2 8 0
3 8 0
t 183 20
m0 2 9
m1 7 5
m2 4 14
1 9 0
2 9 0
3 9 0
t 182 20
m0 1 9
m1 6 5
m2 3 14
1 8 0
2 8 0
3 8 0
t 181 20
m0 1 8
m1 5 5
m2 2 14
1 9 0
2 9 0
3 9 0
t 180 21
m0 1 9
m1 6 5
m2 3 14
1 8 0
2 8 0
3 8 0
t 179 21
m0 0 9
m1 6 5
m2 3 14
1 9 0
2 9 0
3 9 0
t 178 21
m0 0 9
m1 6 6
m2 2 14
1 8 0
2 8 0
3 8 0
t 177 21
m0 0 10
m1 6 6
m2 3 14
1 9 0
2 9 0
3 9 0
t 176 22
m0 0 9
m1 6 6
m2 4 14
1 8 0
2 8 0
3 8 0
t 175 22
m0 1 9
m1 6 5
m2 4 13
1 9 0
2 9 0
3 9 0
t 174 22
m0 1 9
m1 5 5
m2 4 12
1 8 0
2 8 0
3 8 0
t 173 22
m0 1 9
m1 6 5
m2 4 13
1 9 0
2 9 0
3 9 0
t 172 22
m0 1 8
m1 5 5
m2 4 14
1 8 0
2 8 0
3 8 0
t 171 22
m0 2 8
m1 5 4
m2 4 13
1 9 0
2 9 0
3 9 0
t 170 22
m0 2 8
m1 5 4
m2 4 14
1 8 0
2 8 0
3 8 0
t 169 22
m0 3 8
m1 4 4
m2 4 14
1 9 0
2 9 0
3 9 0
t 168 23
m0 4 8
m1 3 4
m2 4 14
1 8 0
2 8 0
3 8 0
t 167 24
m0 5 8
m1 4 4
m2 5 14
1 9 0
2 9 0
3 9 0
t 166 25
m0 6 8
m1 3 4
m2 5 13
1 8 0
2 8 0
3 8 0
t 165 25
m0 6 8
m1 3 3
m2 4 13
1 9 0
2 9 0
3 9 0
t 164 26
m0 6 9
m1 2 3
m2 4 14
1 8 0
2 8 0
3 8 0
t 163 26
m0 6 9
m1 3 3
m2 4 14
1 9 0
2 9 0
3 9 0
t 162 26
m0 6 10
m1 3 3
m2 3 14
1 8 0
2 8 0
3 8 0
t 161 26
m0 6 11
m1 3 2
m2 3 13
1 9 0
2 9 0
3 9 0
t 160 26
m0 6 12
m1 4 2
m2 4 13
1 8 0
2 8 0
3 8 0
t 159 27
m0 7 12
m1 5 2
m2 4 13
1 9 0
2 9 0
3 9 0
t 158 28
m0 6 12
m1 5 2
m2 4 14
1 8 0
2 8 0
3 8 0
t 157 28
m0 5 12
m1 6 2
m2 4 14
1 9 0
2 9 0
3 9 0
t 156 28
m0 5 12
m1 6 1
m2 4 14
1 8 0
2 8 0
3 8 0
t 155 38
m0 4 12
m1 7 1
m2 4 13
1 9 0
2 9 0
3 9 0
t 154 39
m0 4 12
m1 7 0
m2 3 13
1 8 0
2 8 0
3 8 0
t 153 40
m0 5 12
m1 -5 -5
m2 3 13
1 9 0
2 9 0
3 9 0
t 152 40
m0 6 12
m1 -5 -5
m2 3 14
1 8 0
2 8 0
3 8 0
t 151 40
m0 6 12
m1 -5 -5
m2 3 14
1 9 0
2 9 0
3 9 0
t 150 40
m0 6 12
m1 -5 -5
m2 3 14
1 8 0
2 8 0
3 8 0
t 149 40
m0 6 12
m1 -5 -5
m2 3 14
1 9 0
2 9 0
3 9 0
t 148 40
m0 7 12
m1 -5 -5
m2 3 13
1 8 0
2 8 0
3 8 0
t 147 40
m0 7 12
m1 -5 -5
m2 3 14
1 9 0
2 9 0
3 9 0
t 146 40
m0 6 12
m1 -5 -5
m2 2 14
1 8 0
2 8 0
3 8 0
t 145 40
m0 6 11
m1 -5 -5
m2 1 14
1 9 0
2 9 0
3 9 0
t 144 40
m0 6 12
m1 -5 -5
m2 1 14
1 8 0
2 8 0
3 8 0
t 143 40
m0 6 12
m1 -5 -5
m2 1 14
1 9 0
2 9 0
3 9 0
t 142 40
m0 5 12
m1 -5 -5
m2 1 14
1 8 0
2 8 0
3 8 0
t 141 40
m0 4 12
m1 -5 -5
m2 1 13
1 9 0
2 9 0
3 9 0
t 140 40
m0 4 13
m1 -5 -5
m2 0 13
1 8 0
2 8 0
3 8 0
t 139 40
m0 4 13
m1 -5 -5
m2 1 13
1 9 0
2 9 0
3 9 0
t 138 40
m0 3 13
m1 -5 -5
m2 1 14
1 8 0
2 8 0
3 8 0
t 137 40
m0 3 13
m1 -5 -5
m2 1 14
1 9 0
2 9 0
3 9 0
t 136 40
m0 3 14
m1 -5 -5
m2 1 13
1 8 0
2 8 0
3 8 0
f 3 7
t 135 40
m0 4 14
m1 -5 -5
m2 1 14
1 9 0
2 9 0
3 9 0
t 134 40
m0 5 14
m1 -5 -5
m2 1 14
1 8 0
2 8 0
3 8 0
t 133 40
m0 5 13
m1 -5 -5
m2 0 14
1 9 0
2 9 0
3 9 0
t 132 40
m0 5 12
m1 -5 -5
m2 1 14
1 8 0
2 8 0
3 8 0
t 131 40
m0 5 13
m1 -5 -5
m2 0 14
1 9 0
2 9 0
3 9 0
t 130 40
m0 4 13
m1 -5 -5
m2 0 14
1 8 0
2 8 0
3 8 0
t 129 40
m0 4 13
m1 -5 -5
m2 0 14
1 9 0
2 9 0
3 9 0
t 128 40
m0 4 14
m1 -5 -5
m2 0 13
1 8 0
2 8 0
3 8 0
t 127 40
m0 3 14
m1 -5 -5
m2 0 14
1 9 0
2 9 0
3 9 0
t 126 40
m0 4 14
m1 -5 -5
m2 1 14
1 8 0
2 8 0
3 8 0
t 125 40
m0 3 14
m1 -5 -5
m2 2 14
1 9 0
2 9 0
3 9 0
t 124 40
m0 2 14
m1 -5 -5
m2 1 14
1 8 0
2 8 0
3 8 0
t 123 40
m0 1 14
m1 -5 -5
m2 1 14
1 9 0
2 9 0
3 9 0
t 122 40
m0 0 14
m1 -5 -5
m2 2 14
1 8 0
2 8 0
3 8 0
t 121 40
m0 0 13
m1 -5 -5
m2 1 14
1 9 0
2 9 0
3 9 0
t 120 40
m0 0 13
m1 -5 -5
m2 1 14
1 8 0
2 8 0
3 8 0
t 119 40
m0 0 13
m1 -5 -5
m2 1 14
1 9 0
2 9 0
3 9 0
t 118 40
m0 0 14
m1 -5 -5
m2 2 14
1 8 0
2 8 0
3 8 0
t 117 40
m0 1 14
m1 -5 -5
m2 1 14
1 9 0
2 9 0
3 9 0
t 116 40
m0 0 14
m1 -5 -5
m2 1 13
1 8 0
2 8 0
3 8 0
t 115 40
m0 0 14
m1 -5 -5
m2 1 12
1 9 0
2 9 0
3 9 0
t 114 40
m0 0 14
m1 -5 -5
m2 1 13
1 8 0
2 8 0
3 8 0
t 113 40
m0 0 13
m1 -5 -5
m2 1 12
1 9 0
2 9 0
3 9 0
t 112 40
m0 0 13
m1 -5 -5
m2 1 13
1 8 0
2 8 0
3 8 0
t 111 40
m0 0 14
m1 -5 -5
m2 1 12
1 9 0
2 9 0
3 9 0
t 110 40
m0 0 13
m1 -5 -5
m2 1 12
1 8 0
2 8 0
3 8 0
t 109 40
m0 0 14
m1 -5 -5
m2 2 12
1 9 0
2 9 0
3 9 0
t 108 40
m0 0 13
m1 -5 -5
m2 1 12
1 8 0
2 8 0
3 8 0
t 107 40
m0 0 14
m1 -5 -5
m2 1 12
1 9 0
2 9 0
3 9 0
t 106 40
m0 0 14
m1 -5 -5
m2 1 13
1 8 0
2 8 0
3 8 0
t 105 40
m0 1 14
m1 -5 -5
m2 0 13
1 9 0
2 9 0
3 9 0
t 104 40
m0 1 13
m1 -5 -5
m2 0 13
1 8 0
2 8 0
3 8 0
t 103 40
m0 1 14
m1 -5 -5
m2 0 14
1 9 0
2 9 0
3 9 0
t 102 40
m0 2 14
m1 -5 -5
m2 0 14
1 8 0
2 8 0
3 8 0
t 101 40
m0 3 14
m1 -5 -5
m2 0 14
1 9 0
2 9 0
3 9 0
t 100 40
m0 3 14
m1 -5 -5
m2 0 13
1 8 0
2 8 0
3 8 0
t 99 40
m0 2 14
m1 -5 -5
m2 0 13
1 9 0
2 9 0
3 9 0
t 98 40
m0 1 14
m1 -5 -5
m2 1 13
1 8 0
2 8 0
3 8 0
t 97 40
m0 0 14
m1 -5 -5
m2 1 12
1 9 0
2 9 0
3 9 0
t 96 40
m0 0 13
m1 -5 -5
m2 2 12
1 8 0
2 8 0
3 8 0
t 95 40
m0 1 13
m1 -5 -5
m2 1 12
1 9 0
2 9 0
3 9 0
t 94 40
m0 1 13
m1 -5 -5
m2 1 12
1 8 0
2 8 0
3 8 0
t 93 40
m0 1 13
m1 -5 -5
m2 1 11
1 9 0
2 9 0
3 9 0
t 92 41
m0 1 13
m1 -5 -5
m2 1 11
1 8 0
2 8 0
3 8 0
t 91 41
m0 1 12
m1 -5 -5
m2 1 11
1 9 0
2 9 0
3 9 0
t 90 41
m0 1 11
m1 -5 -5
m2 1 11
1 8 0
2 8 0
3 8 0
t 89 41
m0 2 11
m1 -5 -5
m2 2 11
1 9 0
2 9 0
3 9 0
t 88 41
m0 2 11
m1 -5 -5
m2 2 10
1 8 0
2 8 0
3 8 0
t 87 41
m0 1 11
m1 -5 -5
m2 2 9
1 9 0
2 9 0
3 9 0
t 86 41
m0 2 11
m1 -5 -5
m2 2 8
1 8 0
2 8 0
3 8 0
t 85 41
m0 2 12
m1 -5 -5
m2 2 7
1 9 0
2 9 0
3 9 0
t 84 41
m0 2 12
m1 -5 -5
m2 3 7
1 8 0
2 8 0
3 8 0
t 83 51
m0 1 12
m1 -5 -5
m2 2 7
1 9 0
2 9 0
3 9 0
t 82 51
m0 1 13
m1 -5 -5
m2 3 7
1 8 0
2 8 0
3 8 0
t 81 51
m0 0 13
m1 -5 -5
m2 2 7
1 9 0
2 9 0
3 9 0
t 80 51
m0 0 14
m1 -5 -5
m2 2 8
1 8 0
2 8 0
3 8 0
t 79 51
m0 1 14
m1 -5 -5
m2 2 8
1 9 0
2 9 0
3 9 0
t 78 51
m0 1 13
m1 -5 -5
m2 2 7
1 8 0
2 8 0
3 8 0
t 77 51
m0 1 14
m1 -5 -5
m2 2 7
1 9 0
2 9 0
3 9 0
t 76 51
m0 1 14
m1 -5 -5
m2 1 7
1 8 0
2 8 0
3 8 0
t 75 52
m0 1 14
m1 -5 -5
m2 1 7
1 9 0
2 9 0
3 9 0
t 74 52
m0 1 13
m1 -5 -5
m2 2 7
1 8 0
2 8 0
3 8 0
t 73 52
m0 1 12
m1 -5 -5
m2 3 7
1 9 0
2 9 0
3 9 0
t 72 52
m0 2 12
m1 -5 -5
m2 3 6
1 8 0
2 8 0
3 8 0
t 71 52
m0 1 12
m1 -5 -5
m2 2 6
1 9 0
2 9 0
3 9 0
t 70 53
m0 1 13
m1 -5 -5
m2 2 7
1 8 0
2 8 0
3 8 0
t 69 53
m0 1 14
m1 -5 -5
m2 2 8
1 9 0
2 9 0
3 9 0
t 68 53
m0 0 14
m1 -5 -5
m2 2 7
1 8 0
2 8 0
3 8 0
f 4 14
t 67 53
m0 1 14
m1 -5 -5
m2 2 7
1 9 0
2 9 0
3 9 0
t 66 53
m0 1 14
m1 -5 -5
m2 2 7
1 8 0
2 8 0
3 8 0
t 65 53
m0 2 14
m1 -5 -5
m2 2 8
1 9 0
2 9 0
3 9 0
t 64 53
m0 1 14
m1 -5 -5
m2 3 8
1 8 0
2 8 0
3 8 0
t 63 53
m0 1 13
m1 -5 -5
m2 3 8
1 9 0
2 9 0
3 9 0
t 62 53
m0 1 13
m1 -5 -5
m2 3 7
1 8 0
2 8 0
3 8 0
t 61 53
m0 1 14
m1 -5 -5
m2 3 8
1 9 0
2 9 0
3 9 0
t 60 53
m0 0 14
m1 -5 -5
m2 2 8
1 8 0
2 8 0
3 8 0
t 59 53
m0 1 14
m1 -5 -5
m2 1 8
1 9 0
2 9 0
3 9 0
t 58 53
m0 2 14
m1 -5 -5
m2 1 9
1 8 0
2 8 0
3 8 0
t 57 53
m0 1 14
m1 -5 -5
m2 1 9
1 9 0
2 9 0
3 9 0
t 56 53
m0 0 14
m1 -5 -5
m2 1 9
1 8 0
2 8 0
3 8 0
t 55 53
m0 0 14
m1 -5 -5
m2 1 9
1 9 0
2 9 0
3 9 0
t 54 53
m0 0 14
m1 -5 -5
m2 2 9
1 8 0
2 8 0
3 8 0
t 53 53
m0 0 14
m1 -5 -5
m2 2 9
1 9 0
2 9 0
3 9 0
t 52 53
m0 1 14
m1 -5 -5
m2 2 9
1 8 0
2 8 0
3 8 0
t 51 53
m0 2 14
m1 -5 -5
m2 2 8
1 9 0
2 9 0
3 9 0
t 50 53
m0 3 14
m1 -5 -5
m2 3 8
1 8 0
2 8 0
3 8 0
t 49 53
m0 3 14
m1 -5 -5
m2 3 8
1 9 0
2 9 0
3 9 0
t 48 53
m0 2 14
m1 -5 -5
m2 3 9
1 8 0
2 8 0
3 8 0
t 47 53
m0 3 14
m1 -5 -5
m2 3 8
1 9 0
2 9 0
3 9 0
t 46 53
m0 3 13
m1 -5 -5
m2 2 8
1 8 0
2 8 0
3 8 0
t 45 53
m0 3 13
m1 -5 -5
m2 3 8
1 9 0
2 9 0
3 9 0
t 44 53
m0 3 13
m1 -5 -5
m2 2 8
1 8 0
2 8 0
3 8 0
t 43 53
m0 3 13
m1 -5 -5
m2 2 7
1 9 0
2 9 0
3 9 0
t 42 53
m0 3 14
m1 -5 -5
m2 2 7
1 8 0
2 8 0
3 8 0
t 41 53
m0 2 14
m1 -5 -5
m2 2 8
1 9 0
2 9 0
3 9 0
t 40 53
m0 2 14
m1 -5 -5
m2 3 8
1 8 0
2 8 0
3 8 0
t 39 53
m0 2 14
m1 -5 -5
m2 2 8
1 9 0
2 9 0
3 9 0
t 38 53
m0 3 14
m1 -5 -5
m2 2 7
1 8 0
2 8 0
3 8 0
t 37 53
m0 3 13
m1 -5 -5
m2 1 7
1 9 0
2 9 0
3 9 0
t 36 53
m0 4 13
m1 -5 -5
m2 1 8
1 8 0
2 8 0
3 8 0
t 35 53
m0 4 14
m1 -5 -5
m2 2 8
1 9 0
2 9 0
3 9 0
t 34 63
m0 4 13
m1 -5 -5
m2 2 9
1 8 0
2 8 0
3 8 0
t 33 63
m0 5 13
m1 -5 -5
m2 2 9
1 9 0
2 9 0
3 9 0
t 32 63
m0 5 14
m1 -5 -5
m2 2 9
1 8 0
2 8 0
3 8 0
t 31 63
m0 4 14
m1 -5 -5
m2 3 9
1 9 0
2 9 0
3 9 0
t 30 63
m0 5 14
m1 -5 -5
m2 2 9
1 8 0
2 8 0
3 8 0
t 29 63
m0 5 14
m1 -5 -5
m2 3 9
1 9 0
2 9 0
3 9 0
t 28 63
m0 6 14
m1 -5 -5
m2 2 9
1 8 0
2 8 0
3 8 0
t 27 63
m0 6 14
m1 -5 -5
m2 1 9
1 9 0
2 9 0
3 9 0
t 26 63
m0 7 14
m1 -5 -5
m2 1 8
1 8 0
2 8 0
3 8 0
t 25 63
m0 7 14
m1 -5 -5
m2 1 9
1 9 0
2 9 0
3 9 0
t 24 63
m0 7 14
m1 -5 -5
m2 1 9
1 8 0
2 8 0
3 8 0
t 23 63
m0 7 13
m1 -5 -5
m2 1 8
1 9 0
2 9 0
3 9 0
t 22 63
m0 7 12
m1 -5 -5
m2 1 7
1 8 0
2 8 0
3 8 0
t 21 63
m0 6 12
m1 -5 -5
m2 1 7
1 9 0
2 9 0
3 9 0
t 20 63
m0 6 11
m1 -5 -5
m2 1 8
1 8 0
2 8 0
3 8 0
t 19 63
m0 6 12
m1 -5 -5
m2 1 9
1 9 0
2 9 0
3 9 0
t 18 63
m0 5 12
m1 -5 -5
m2 1 9
1 8 0
2 8 0
3 8 0
t 17 63
m0 5 13
m1 -5 -5
m2 1 9
1 9 0
2 9 0
3 9 0
t 16 63
m0 5 13
m1 -5 -5
m2 2 9
1 8 0
2 8 0
3 8 0
t 15 63
m0 5 14
m1 -5 -5
m2 2 9
1 9 0
2 9 0
3 9 0
t 14 63
m0 6 14
m1 -5 -5
m2 1 9
1 8 0
2 8 0
3 8 0
t 13 63
m0 5 14
m1 -5 -5
m2 1 9
1 9 0
2 9 0
3 9 0
t 12 63
m0 6 14
m1 -5 -5
m2 2 9
1 8 0
2 8 0
3 8 0
t 11 63
m0 5 14
m1 -5 -5
m2 2 10
1 9 0
2 9 0
3 9 0
t 10 63
m0 4 14
m1 -5 -5
m2 2 10
1 8 0
2 8 0
3 8 0
t 9 63
m0 4 14
m1 -5 -5
m2 2 11
1 9 0
2 9 0
3 9 0
t 8 63
m0 3 14
m1 -5 -5
m2 2 11
1 8 0
2 8 0
3 8 0
t 7 63
m0 3 14
m1 -5 -5
m2 2 12
1 9 0
2 9 0
3 9 0
t 6 63
m0 3 13
m1 -5 -5
m2 2 11
1 8 0
2 8 0
3 8 0
f 8 5
t 5 63
m0 3 14
m1 -5 -5
m2 1 11
1 9 0
2 9 0
3 9 0
t 4 63
m0 4 14
m1 -5 -5
m2 1 12
1 8 0
2 8 0
3 8 0
t 3 63
m0 3 14
m1 -5 -5
m2 1 11
1 9 0
2 9 0
3 9 0
t 2 63
m0 2 14
m1 -5 -5
m2 1 11
1 8 0
2 8 0
3 8 0
t 1 63
m0 1 14
m1 -5 -5
m2 1 11
1 8 0
2 8 0
3 8 0
t 0 63
