10
15
w 5 9
w 6 9
w 7 3
w 8 0
w 3 11
w 7 7
w 2 1
w 5 1
w 1 2
w 4 9
w 6 7
w 8 1
w 5 12
w 1 5
w 0 11
w 2 13
w 7 10
w 3 2
w 0 0
w 8 2
w 3 13
w 4 5
w 1 13
w 1 9
w 9 6
w 5 3
w 2 7
w 9 13
w 3 12
w 5 10
w 8 12
w 7 13
w 5 7
w 9 9
w 1 7
w 9 5
w 2 4
p 4 8
p 5 6
p 2 8
p 9 8
p 7 12
p 5 13
p 8 9
p 6 2
p 1 6
p 2 12
p 0 10
p 2 5
p 1 11
p 8 5
p 0 3
p 3 14
p 6 14
p 8 14
p 9 0
p 8 10
p 9 11
p 3 6
p 0 4
p 5 0
p 6 4
p 5 4
p 2 6
p 4 10
p 7 14
p 7 1
p 6 0
p 2 10
p 9 10
p 7 5
p 0 5
p 8 7
p 4 2
p 1 0
p 6 12
p 2 14
p 0 8
p 7 9
p 0 1
p 8 3
p 7 0
p 4 6
p 1 12
p 3 1
p 0 13
p 7 4
p 2 0
p 1 8
p 8 8
p 4 3
p 6 13
p 3 4
m0 0 14
m1 0 14
m2 0 14
1 9 0
2 9 0
3 9 0
t 300 0
m0 0 14
m1 0 13
m2 1 14
1 9 1
2 9 1
3 9 1
t 299 1
m0 0 14
m1 0 13
m2 2 14
1 9 0
2 9 2
3 9 0
t 298 2
m0 0 14
m1 0 13
m2 1 14
1 9 1
2 9 3
3 9 1
t 297 2
m0 0 13
m1 0 12
m2 2 14
1 9 0
2 9 4
3 9 2
t 296 2
m0 0 14
m1 1 12
m2 2 14
1 9 1
2 8 4
3 9 3
t 295 3
m0 0 13
m1 1 11
m2 2 14
1 9 0
2 8 5
3 9 2
t 294 4
m0 0 13
m1 2 11
m2 2 14
1 9 1
2 8 6
3 9 3
t 293 4
m0 0 14
m1 1 11
m2 2 14
1 9 0
2 8 7
3 9 4
t 292 4
m0 0 13
m1 1 10
m2 3 14
1 9 1
2 8 6
3 8 4
t 291 5
m0 0 12
m1 2 10
m2 2 14
1 9 0
2 8 7
3 7 4
t 290 6
m0 0 12
m1 1 10
m2 1 14
1 9 1
2 9 7
3 6 4
t 289 6
m0 0 13
m1 0 10
m2 0 14
1 9 2
2 9 8
3 6 5
t 288 7
m0 0 14
m1 0 9
m2 1 14
1 9 3
2 9 7
3 5 5
t 287 7
m0 0 13
m1 0 10
m2 0 14
1 8 3
2 8 7
3 5 4
t 286 7
m0 0 12
m1 0 9
m2 0 14
1 9 3
2 8 8
3 4 4
t 285 17
m0 0 12
m1 0 9
m2 0 14
1 9 2
2 8 9
3 3 4
t 284 17
m0 0 13
m1 0 8
m2 1 14
1 9 1
2 8 10
3 3 5
t 283 18
m0 0 13
m1 0 9
m2 0 14
1 9 0
2 8 11
3 2 5
f 4 1
t 282 18
m0 0 14
m1 0 10
m2 0 14
1 9 1
2 7 11
3 3 5
t 281 18
m0 1 14
m1 0 10
m2 0 14
1 9 0
2 8 11
3 3 4
t 280 18
m0 1 14
m1 0 10
m2 0 14
1 9 1
2 7 11
3 3 5
t 279 18
m0 0 14
m1 1 10
m2 1 14
1 9 0
2 7 12
3 2 5
t 278 18
m0 0 14
m1 2 10
m2 0 14
1 9 1
2 6 12
3 2 6
t 277 18
m0 0 14
m1 2 10
m2 1 14
1 9 0
2 6 13
3 2 5
t 276 18
m0 1 14
m1 2 9
m2 1 14
1 9 1
2 6 14
3 2 6
t 275 18
m0 0 14
m1 2 8
m2 0 14
1 9 0
2 7 14
3 2 5
t 274 19
m0 0 13
m1 2 8
m2 0 14
1 9 1
2 8 14
3 2 6
t 273 19
m0 0 14
m1 2 9
m2 0 14
1 9 0
2 9 14
3 1 6
t 272 19
m0 0 13
m1 3 9
m2 0 13
1 9 1
2 8 14
3 0 6
t 271 19
m0 0 14
m1 3 8
m2 0 13
1 9 0
2 7 14
3 0 5
t 270 19
m0 0 14
m1 3 9
m2 0 14
1 9 1
2 6 14
3 0 6
t 269 19
m0 1 14
m1 2 9
m2 1 14
1 9 0
2 6 13
3 0 5
t 268 19
m0 0 14
m1 3 9
m2 1 14
1 9 1
2 6 14
3 0 4
t 267 19
m0 1 14
m1 3 9
m2 0 14
1 9 0
2 7 14
3 0 5
t 266 19
m0 1 14
m1 2 9
m2 0 14
1 9 1
2 6 14
3 0 4
t 265 19
m0 0 14
m1 2 10
m2 0 13
1 9 0
2 7 14
3 0 5
t 264 19
m0 1 14
m1 3 10
m2 0 13
1 9 1
2 6 14
3 0 6
t 263 19
m0 0 14
m1 3 9
m2 0 13
1 9 0
2 7 14
3 0 7
t 262 19
m0 0 13
m1 3 9
m2 0 14
1 9 1
2 8 14
3 0 6
t 261 19
m0 0 13
m1 2 9
m2 1 14
1 9 0
2 7 14
3 0 5
t 260 19
m0 0 13
m1 3 9
m2 0 14
1 9 1
2 8 14
3 0 6
t 259 19
m0 0 14
m1 3 8
m2 0 14
1 9 0
2 7 14
3 0 7
t 258 19
m0 0 13
m1 3 7
m2 0 13
1 9 1
2 8 14
3 0 8
t 257 19
m0 0 14
m1 4 7
m2 0 14
1 9 0
2 9 14
3 1 8
t 256 19
m0 0 14
m1 4 7
m2 0 13
1 9 1
2 8 14
3 0 8
t 255 19
m0 1 14
m1 4 6
m2 0 12
1 9 0
2 8 13
3 0 9
t 254 20
m0 2 14
m1 5 6
m2 0 12
1 9 1
2 8 14
3 0 10
t 253 21
m0 3 14
m1 5 6
m2 0 13
1 9 0
2 9 14
3 0 9
t 252 21
m0 2 14
m1 6 6
m2 0 14
1 9 1
2 8 14
3 0 8
t 251 21
m0 3 14
m1 7 6
m2 0 13
1 9 0
2 8 13
3 0 7
t 250 21
m0 3 14
m1 8 6
m2 0 13
1 9 1
2 8 14
3 0 6
t 249 21
m0 2 14
m1 8 6
m2 0 12
1 9 2
2 7 14
3 1 6
t 248 21
m0 3 14
m1 8 6
m2 0 13
1 9 1
2 8 14
3 0 6
t 247 21
m0 3 14
m1 8 6
m2 0 13
1 9 0
2 8 13
3 0 5
t 246 21
m0 3 14
m1 8 6
m2 0 12
1 9 1
2 8 14
3 0 6
t 245 21
m0 4 14
m1 8 6
m2 0 13
1 9 0
2 7 14
3 1 6
t 244 21
m0 3 14
m1 8 6
m2 0 13
1 9 1
2 8 14
3 0 6
t 243 21
m0 2 14
m1 8 5
m2 0 14
1 9 0
2 7 14
3 0 5
t 242 22
m0 1 14
m1 8 5
m2 0 13
1 9 1
2 6 14
3 0 4
t 241 22
m0 0 14
m1 8 6
m2 0 13
1 9 0
2 7 14
3 0 5
t 240 22
m0 0 14
m1 8 6
m2 0 13
1 9 1
2 8 14
3 0 4
t 239 22
m0 1 14
m1 8 6
m2 0 12
1 9 0
2 7 14
3 1 4
t 238 22
m0 0 14
m1 8 7
m2 0 12
1 9 1
2 8 14
3 0 4
t 237 23
m0 0 14
m1 9 7
m2 0 12
1 9 0
2 7 14
3 0 5
t 236 23
m0 1 14
m1 9 7
m2 0 12
1 9 1
2 6 14
3 0 4
t 235 23
m0 0 14
m1 9 7
m2 0 13
1 9 0
2 7 14
3 0 5
t 234 23
m0 0 14
m1 9 7
m2 0 12
1 9 1
2 8 14
3 0 6
t 233 23
m0 0 13
m1 8 7
m2 0 13
1 9 0
2 9 14
3 0 7
t 232 23
m0 0 14
m1 8 6
m2 0 13
1 9 1
2 8 14
3 0 6
t 231 23
m0 0 13
m1 8 6
m2 0 13
1 9 0
2 7 14
3 0 5
t 230 23
m0 0 14
m1 8 6
m2 0 14
1 9 1
2 8 14
3 0 4
t 229 23
m0 1 14
m1 8 5
m2 0 13
1 9 0
2 7 14
3 0 5
t 228 23
m0 0 14
m1 8 4
m2 0 14
1 9 1
2 6 14
3 0 6
t 227 23
m0 0 13
m1 9 4
m2 0 14
1 9 0
2 6 13
3 0 7
t 226 23
m0 0 14
m1 9 4
m2 0 14
1 9 1
2 6 14
3 0 6
t 225 23
m0 0 14
m1 8 4
m2 0 14
1 9 0
2 7 14
3 1 6
t 224 23
m0 0 14
m1 9 4
m2 1 14
1 9 1
2 8 14
3 0 6
t 223 23
m0 0 13
m1 9 3
m2 2 14
1 9 0
2 7 14
3 0 5
t 222 23
m0 0 13
m1 9 2
m2 3 14
1 9 1
2 6 14
3 0 6
t 221 23
m0 0 14
m1 9 2
m2 4 14
1 9 0
2 6 13
3 0 5
t 220 23
m0 0 14
m1 -5 -5
m2 5 14
1 9 1
2 6 14
3 0 4
t 219 23
m0 0 13
m1 -5 -5
m2 -5 -5
1 9 0
2 5 14
3 1 4
t 218 24
m0 0 12
m1 -5 -5
m2 -5 -5
1 9 1
2 6 14
3 0 4
t 217 24
m0 1 12
m1 -5 -5
m2 -5 -5
1 9 0
2 7 14
3 0 5
t 216 24
m0 2 12
m1 -5 -5
m2 -5 -5
1 9 1
2 6 14
3 0 6
t 215 25
m0 2 11
m1 -5 -5
m2 -5 -5
1 9 0
2 7 14
3 0 5
t 214 25
m0 2 10
m1 -5 -5
m2 -5 -5
1 9 1
2 8 14
3 0 4
t 213 25
m0 3 10
m1 -5 -5
m2 -5 -5
1 9 0
2 9 14
3 0 5
t 212 25
m0 4 10
m1 -5 -5
m2 -5 -5
1 9 1
2 8 14
3 0 6
t 211 26
m0 3 10
m1 -5 -5
m2 -5 -5
1 9 0
2 7 14
3 0 5
t 210 26
m0 4 10
m1 -5 -5
m2 -5 -5
1 9 1
2 6 14
3 0 6
t 209 26
m0 3 10
m1 -5 -5
m2 -5 -5
1 9 0
2 7 14
3 0 5
t 208 26
m0 4 10
m1 -5 -5
m2 -5 -5
1 9 1
2 6 14
3 0 6
t 207 26
m0 3 10
m1 -5 -5
m2 -5 -5
1 9 0
2 7 14
3 1 6
t 206 26
m0 4 10
m1 -5 -5
m2 -5 -5
1 9 1
2 8 14
3 0 6
t 205 26
m0 3 10
m1 -5 -5
m2 -5 -5
1 9 0
2 8 13
3 0 5
t 204 26
m0 4 10
m1 -5 -5
m2 -5 -5
1 9 1
2 8 14
3 0 6
t 203 26
m0 3 10
m1 -5 -5
m2 -5 -5
1 9 0
2 7 14
3 0 7
t 202 26
m0 4 10
m1 -5 -5
m2 -5 -5
1 9 1
2 8 14
3 0 6
t 201 26
m0 3 10
m1 -5 -5
m2 -5 -5
1 9 0
2 7 14
3 1 6
t 200 26
m0 4 10
m1 -5 -5
m2 -5 -5
1 9 1
2 8 14
3 0 6
t 199 26
m0 3 10
m1 -5 -5
m2 -5 -5
1 9 0
2 9 14
3 0 7
t 198 26
m0 4 10
m1 -5 -5
m2 -5 -5
1 9 1
2 8 14
3 0 8
t 197 26
m0 3 10
m1 -5 -5
m2 -5 -5
1 9 0
2 9 14
3 0 7
t 196 26
m0 4 10
m1 -5 -5
m2 -5 -5
1 9 1
2 8 14
3 0 6
t 195 26
m0 3 10
m1 -5 -5
m2 -5 -5
1 9 0
2 7 14
3 0 5
t 194 26
m0 4 10
m1 -5 -5
m2 -5 -5
1 9 1
2 8 14
3 0 6
t 193 26
m0 3 10
m1 -5 -5
m2 -5 -5
1 9 0
2 7 14
3 0 7
t 192 26
m0 4 10
m1 -5 -5
m2 -5 -5
1 9 1
2 8 14
3 0 6
t 191 26
m0 3 10
m1 -5 -5
m2 -5 -5
1 9 0
2 9 14
3 0 7
t 190 26
m0 4 10
m1 -5 -5
m2 -5 -5
1 9 1
2 8 14
3 0 6
t 189 26
m0 3 10
m1 -5 -5
m2 -5 -5
1 9 0
2 9 14
3 0 7
t 188 26
m0 4 10
m1 -5 -5
m2 -5 -5
1 9 1
2 8 14
3 0 8
t 187 26
m0 3 10
m1 -5 -5
m2 -5 -5
1 9 0
2 7 14
3 0 7
t 186 26
m0 4 10
m1 -5 -5
m2 -5 -5
1 9 1
2 6 14
3 0 6
t 185 26
m0 3 10
m1 -5 -5
m2 -5 -5
1 9 0
2 7 14
3 0 5
t 184 26
m0 4 10
m1 -5 -5
m2 -5 -5
1 9 1
2 8 14
3 0 4
t 183 26
m0 3 10
m1 -5 -5
m2 -5 -5
1 9 0
2 7 14
3 1 4
t 182 26
m0 4 10
m1 -5 -5
m2 -5 -5
1 9 1
2 8 14
3 0 4
t 181 26
m0 3 10
m1 -5 -5
m2 -5 -5
1 9 0
2 7 14
3 0 5
t 180 26
m0 4 10
m1 -5 -5
m2 -5 -5
1 9 1
2 8 14
3 0 6
t 179 26
m0 3 10
m1 -5 -5
m2 -5 -5
1 9 0
2 7 14
3 0 5
t 178 26
m0 4 10
m1 -5 -5
m2 -5 -5
1 9 1
2 6 14
3 0 6
t 177 26
m0 3 10
m1 -5 -5
m2 -5 -5
1 9 0
2 6 13
3 0 5
t 176 26
m0 4 10
m1 -5 -5
m2 -5 -5
1 9 1
2 6 14
3 0 6
t 175 26
m0 3 10
m1 -5 -5
m2 -5 -5
1 9 0
2 7 14
3 1 6
t 174 26
m0 4 10
m1 -5 -5
m2 -5 -5
1 9 1
2 6 14
3 0 6
t 173 26
m0 3 10
m1 -5 -5
m2 -5 -5
1 9 0
2 7 14
3 0 7
t 172 26
m0 4 10
m1 -5 -5
m2 -5 -5
1 9 1
2 6 14
3 0 6
t 171 26
m0 3 10
m1 -5 -5
m2 -5 -5
1 9 0
2 7 14
3 0 5
t 170 26
m0 4 10
m1 -5 -5
m2 -5 -5
1 9 1
2 8 14
3 0 6
t 169 26
m0 3 10
m1 -5 -5
m2 -5 -5
1 9 0
2 7 14
3 0 7
t 168 26
m0 4 10
m1 -5 -5
m2 -5 -5
1 9 1
2 8 14
3 0 6
t 167 26
m0 3 10
m1 -5 -5
m2 -5 -5
1 9 0
2 7 14
3 0 5
t 166 26
m0 4 10
m1 -5 -5
m2 -5 -5
1 9 1
2 6 14
3 0 4
t 165 26
m0 3 10
m1 -5 -5
m2 -5 -5
1 9 0
2 5 14
3 0 5
t 164 26
m0 4 10
m1 -5 -5
m2 -5 -5
1 9 1
2 6 14
3 0 6
t 163 26
m0 3 10
m1 -5 -5
m2 -5 -5
1 9 0
2 7 14
3 0 5
t 162 26
m0 4 10
m1 -5 -5
m2 -5 -5
1 9 1
2 6 14
3 0 4
t 161 26
m0 3 10
m1 -5 -5
m2 -5 -5
1 9 0
2 7 14
3 0 3
t 160 26
m0 4 10
m1 -5 -5
m2 -5 -5
1 9 1
2 6 14
3 0 4
t 159 26
m0 3 10
m1 -5 -5
m2 -5 -5
1 9 0
2 6 13
3 0 5
t 158 26
m0 4 10
m1 -5 -5
m2 -5 -5
1 9 1
2 6 14
3 0 6
t 157 26
m0 3 10
m1 -5 -5
m2 -5 -5
1 9 0
2 7 14
3 1 6
t 156 26
m0 4 10
m1 -5 -5
m2 -5 -5
1 9 1
2 8 14
3 0 6
t 155 26
m0 3 10
m1 -5 -5
m2 -5 -5
1 9 0
2 7 14
3 0 5
t 154 26
m0 4 10
m1 -5 -5
m2 -5 -5
1 9 1
2 8 14
3 0 4
t 153 26
m0 3 10
m1 -5 -5
m2 -5 -5
1 9 0
2 8 13
3 0 3
t 152 26
m0 4 10
m1 -5 -5
m2 -5 -5
1 9 1
2 8 14
3 0 4
t 151 26
m0 3 10
m1 -5 -5
m2 -5 -5
1 9 0
2 7 14
3 0 5
t 150 26
m0 4 10
m1 -5 -5
m2 -5 -5
1 9 1
2 6 14
3 0 6
t 149 26
m0 3 10
m1 -5 -5
m2 -5 -5
1 9 0
2 7 14
3 0 5
t 148 26
m0 4 10
m1 -5 -5
m2 -5 -5
1 9 1
2 8 14
3 0 6
t 147 26
m0 3 10
m1 -5 -5
m2 -5 -5
1 9 0
2 7 14
3 0 5
t 146 26
m0 4 10
m1 -5 -5
m2 -5 -5
1 9 1
2 8 14
3 0 4
t 145 26
m0 3 10
m1 -5 -5
m2 -5 -5
1 9 0
2 7 14
3 0 5
t 144 26
m0 4 10
m1 -5 -5
m2 -5 -5
1 9 1
2 8 14
3 0 4
t 143 26
m0 3 10
m1 -5 -5
m2 -5 -5
1 9 0
2 9 14
3 0 5
t 142 26
m0 4 10
m1 -5 -5
m2 -5 -5
1 9 1
2 8 14
3 0 6
t 141 26
m0 3 10
m1 -5 -5
m2 -5 -5
1 9 0
2 8 13
3 0 7
t 140 26
m0 4 10
m1 -5 -5
m2 -5 -5
1 9 1
2 8 14
3 0 8
t 139 26
m0 3 10
m1 -5 -5
m2 -5 -5
1 9 0
2 9 14
3 1 8
t 138 26
m0 4 10
m1 -5 -5
m2 -5 -5
1 9 1
2 8 14
3 0 8
t 137 26
m0 3 10
m1 -5 -5
m2 -5 -5
1 9 0
2 9 14
3 0 9
t 136 26
m0 4 10
m1 -5 -5
m2 -5 -5
1 9 1
2 8 14
3 0 8
t 135 26
m0 3 10
m1 -5 -5
m2 -5 -5
1 9 0
2 9 14
3 0 7
t 134 26
m0 4 10
m1 -5 -5
m2 -5 -5
1 9 1
2 8 14
3 0 8
t 133 26
m0 3 10
m1 -5 -5
m2 -5 -5
1 9 0
2 9 14
3 0 7
t 132 26
m0 4 10
m1 -5 -5
m2 -5 -5
1 9 1
2 8 14
3 0 6
t 131 26
m0 3 10
m1 -5 -5
m2 -5 -5
1 9 0
2 7 14
3 1 6
t 130 26
m0 4 10
m1 -5 -5
m2 -5 -5
1 9 1
2 8 14
3 0 6
t 129 26
m0 3 10
m1 -5 -5
m2 -5 -5
1 9 0
2 7 14
3 1 6
t 128 26
m0 4 10
m1 -5 -5
m2 -5 -5
1 9 1
2 8 14
3 0 6
t 127 26
m0 3 10
m1 -5 -5
m2 -5 -5
1 9 0
2 9 14
3 0 7
t 126 26
m0 4 10
m1 -5 -5
m2 -5 -5
1 9 1
2 8 14
3 0 8
t 125 26
m0 3 10
m1 -5 -5
m2 -5 -5
1 9 0
2 9 14
3 0 7
t 124 26
m0 4 10
m1 -5 -5
m2 -5 -5
1 9 1
2 8 14
3 0 6
t 123 26
m0 3 10
m1 -5 -5
m2 -5 -5
1 9 0
2 9 14
3 0 7
t 122 26
m0 4 10
m1 -5 -5
m2 -5 -5
1 9 1
2 8 14
3 0 6
t 121 26
m0 3 10
m1 -5 -5
m2 -5 -5
1 9 0
2 9 14
3 0 7
t 120 26
m0 4 10
m1 -5 -5
m2 -5 -5
1 9 1
2 8 14
3 0 6
t 119 26
m0 3 10
m1 -5 -5
m2 -5 -5
1 9 0
2 7 14
3 1 6
t 118 26
m0 4 10
m1 -5 -5
m2 -5 -5
1 9 1
2 8 14
3 0 6
t 117 26
m0 3 10
m1 -5 -5
m2 -5 -5
1 9 0
2 7 14
3 0 5
t 116 26
m0 4 10
m1 -5 -5
m2 -5 -5
1 9 1
2 8 14
3 0 6
t 115 26
m0 3 10
m1 -5 -5
m2 -5 -5
1 9 0
2 7 14
3 0 5
t 114 26
m0 4 10
m1 -5 -5
m2 -5 -5
1 9 1
2 8 14
3 0 6
t 113 26
m0 3 10
m1 -5 -5
m2 -5 -5
1 9 0
2 7 14
3 0 5
t 112 26
m0 4 10
m1 -5 -5
m2 -5 -5
1 9 1
2 8 14
3 0 4
t 111 26
m0 3 10
m1 -5 -5
m2 -5 -5
1 9 0
2 8 13
3 0 3
t 110 26
m0 4 10
m1 -5 -5
m2 -5 -5
1 9 1
2 8 14
3 0 4
t 109 26
m0 3 10
m1 -5 -5
m2 -5 -5
1 9 0
2 7 14
3 0 3
t 108 26
m0 4 10
m1 -5 -5
m2 -5 -5
1 9 1
2 8 14
3 0 4
t 107 26
m0 3 10
m1 -5 -5
m2 -5 -5
1 9 0
2 7 14
3 0 5
t 106 26
m0 4 10
m1 -5 -5
m2 -5 -5
1 9 1
2 6 14
3 0 6
t 105 26
m0 3 10
m1 -5 -5
m2 -5 -5
1 9 0
2 6 13
3 0 5
t 104 26
m0 4 10
m1 -5 -5
m2 -5 -5
1 9 1
2 5 13
3 0 4
t 103 26
m0 3 10
m1 -5 -5
m2 -5 -5
1 9 0
2 5 14
3 0 5
t 102 26
m0 4 10
m1 -5 -5
m2 -5 -5
1 9 1
2 6 14
3 0 6
t 101 26
m0 3 10
m1 -5 -5
m2 -5 -5
1 9 0
2 7 14
3 0 7
t 100 26
m0 4 10
m1 -5 -5
m2 -5 -5
1 9 1
2 6 14
3 0 6
t 99 26
m0 3 10
m1 -5 -5
m2 -5 -5
1 9 0
2 7 14
3 0 7
t 98 26
m0 4 10
m1 -5 -5
m2 -5 -5
1 9 1
2 8 14
3 0 6
t 97 26
m0 3 10
m1 -5 -5
m2 -5 -5
1 9 0
2 9 14
3 0 7
t 96 26
m0 4 10
m1 -5 -5
m2 -5 -5
1 9 1
2 8 14
3 0 6
t 95 26
m0 3 10
m1 -5 -5
m2 -5 -5
1 9 0
2 9 14
3 0 5
t 94 26
m0 4 10
m1 -5 -5
m2 -5 -5
1 9 1
2 8 14
3 0 6
t 93 26
m0 3 10
m1 -5 -5
m2 -5 -5
1 9 0
2 7 14
3 0 7
t 92 26
m0 4 10
m1 -5 -5
m2 -5 -5
1 9 1
2 8 14
3 0 8
t 91 26
m0 3 10
m1 -5 -5
m2 -5 -5
1 9 0
2 7 14
3 1 8
t 90 26
m0 4 10
m1 -5 -5
m2 -5 -5
1 9 1
2 8 14
3 0 8
t 89 26
m0 3 10
m1 -5 -5
m2 -5 -5
1 9 0
2 9 14
3 0 7
t 88 26
m0 4 10
m1 -5 -5
m2 -5 -5
1 9 1
2 8 14
3 0 6
t 87 26
m0 3 10
m1 -5 -5
m2 -5 -5
1 9 0
2 7 14
3 0 5
t 86 26
m0 4 10
m1 -5 -5
m2 -5 -5
1 9 1
2 8 14
3 0 6
t 85 26
m0 3 10
m1 -5 -5
m2 -5 -5
1 9 0
2 7 14
3 0 7
t 84 26
m0 4 10
m1 -5 -5
m2 -5 -5
1 9 1
2 8 14
3 0 6
t 83 26
m0 3 10
m1 -5 -5
m2 -5 -5
1 9 0
2 7 14
3 0 5
t 82 26
m0 4 10
m1 -5 -5
m2 -5 -5
1 9 1
2 6 14
3 0 6
t 81 26
m0 3 10
m1 -5 -5
m2 -5 -5
1 9 0
2 7 14
3 0 7
t 80 26
m0 4 10
m1 -5 -5
m2 -5 -5
1 9 1
2 8 14
3 0 8
t 79 26
m0 3 10
m1 -5 -5
m2 -5 -5
1 9 0
2 7 14
3 0 7
t 78 26
m0 4 10
m1 -5 -5
m2 -5 -5
1 9 1
2 8 14
3 0 8
t 77 26
m0 3 10
m1 -5 -5
m2 -5 -5
1 9 0
2 9 14
3 0 7
t 76 26
m0 4 10
m1 -5 -5
m2 -5 -5
1 9 1
2 8 14
3 0 6
t 75 26
m0 3 10
m1 -5 -5
m2 -5 -5
1 9 0
2 9 14
3 0 7
t 74 26
m0 4 10
m1 -5 -5
m2 -5 -5
1 9 1
2 8 14
3 0 8
t 73 26
m0 3 10
m1 -5 -5
m2 -5 -5
1 9 0
2 9 14
3 0 7
t 72 26
m0 4 10
m1 -5 -5
m2 -5 -5
1 9 1
2 8 14
3 0 8
t 71 26
m0 3 10
m1 -5 -5
m2 -5 -5
1 9 0
2 9 14
3 0 9
t 70 26
m0 4 10
m1 -5 -5
m2 -5 -5
1 9 1
2 8 14
3 0 8
t 69 26
m0 3 10
m1 -5 -5
m2 -5 -5
1 9 0
2 8 13
3 0 7
t 68 26
m0 4 10
m1 -5 -5
m2 -5 -5
1 9 1
2 8 14
3 0 6
t 67 26
m0 3 10
m1 -5 -5
m2 -5 -5
1 9 0
2 7 14
3 1 6
t 66 26
m0 4 10
m1 -5 -5
m2 -5 -5
1 9 1
2 8 14
3 0 6
t 65 26
m0 3 10
m1 -5 -5
m2 -5 -5
1 9 0
2 9 14
3 1 6
t 64 26
m0 4 10
m1 -5 -5
m2 -5 -5
1 9 1
2 8 14
3 0 6
t 63 26
m0 3 10
m1 -5 -5
m2 -5 -5
1 9 0
2 8 13
3 0 7
t 62 26
m0 4 10
m1 -5 -5
m2 -5 -5
1 9 1
2 8 14
3 0 6
t 61 26
m0 3 10
m1 -5 -5
m2 -5 -5
1 9 0
2 7 14
3 0 5
t 60 26
m0 4 10
m1 -5 -5
m2 -5 -5
1 9 1
2 6 14
3 0 6
t 59 26
m0 3 10
m1 -5 -5
m2 -5 -5
1 9 0
2 6 13
3 0 5
t 58 26
m0 4 10
m1 -5 -5
m2 -5 -5
1 9 1
2 6 14
3 0 6
t 57 26
m0 3 10
m1 -5 -5
m2 -5 -5
1 9 0
2 7 14
3 0 7
t 56 26
m0 4 10
m1 -5 -5
m2 -5 -5
1 9 1
2 8 14
3 0 6
t 55 26
m0 3 10
m1 -5 -5
m2 -5 -5
1 9 0
2 9 14
3 0 7
t 54 26
m0 4 10
m1 -5 -5
m2 -5 -5
1 9 1
2 8 14
3 0 6
t 53 26
m0 3 10
m1 -5 -5
m2 -5 -5
1 9 0
2 8 13
3 0 7
t 52 26
m0 4 10
m1 -5 -5
m2 -5 -5
1 9 1
2 8 14
3 0 6
t 51 26
m0 3 10
m1 -5 -5
m2 -5 -5
1 9 0
2 8 13
3 1 6
t 50 26
m0 4 10
m1 -5 -5
m2 -5 -5
1 9 1
2 8 14
3 0 6
t 49 26
m0 3 10
m1 -5 -5
m2 -5 -5
1 9 0
2 8 13
3 0 7
t 48 26
m0 4 10
m1 -5 -5
m2 -5 -5
1 9 1
2 8 14
3 0 6
t 47 26
m0 3 10
m1 -5 -5
m2 -5 -5
1 9 0
2 8 13
3 1 6
t 46 26
m0 4 10
m1 -5 -5
m2 -5 -5
1 9 1
2 8 14
3 0 6
t 45 26
m0 3 10
m1 -5 -5
m2 -5 -5
1 9 0
2 7 14
3 1 6
t 44 26
m0 4 10
m1 -5 -5
m2 -5 -5
1 9 1
2 8 14
3 0 6
t 43 26
m0 3 10
m1 -5 -5
m2 -5 -5
1 9 0
2 8 13
3 0 5
t 42 26
m0 4 10
m1 -5 -5
m2 -5 -5
1 9 1
2 8 14
3 0 6
t 41 26
m0 3 10
m1 -5 -5
m2 -5 -5
1 9 0
2 8 13
3 1 6
t 40 26
m0 4 10
m1 -5 -5
m2 -5 -5
1 9 1
2 8 14
3 0 6
t 39 26
m0 3 10
m1 -5 -5
m2 -5 -5
1 9 0
2 7 14
3 0 7
t 38 26
m0 4 10
m1 -5 -5
m2 -5 -5
1 9 1
2 8 14
3 0 6
t 37 26
m0 3 10
m1 -5 -5
m2 -5 -5
1 9 0
2 8 13
3 0 5
t 36 26
m0 4 10
m1 -5 -5
m2 -5 -5
1 9 1
2 8 14
3 0 6
t 35 26
m0 3 10
m1 -5 -5
m2 -5 -5
1 9 0
2 9 14
3 0 7
t 34 26
m0 4 10
m1 -5 -5
m2 -5 -5
1 9 1
2 8 14
3 0 8
t 33 26
m0 3 10
m1 -5 -5
m2 -5 -5
1 9 0
2 9 14
3 0 7
t 32 26
m0 4 10
m1 -5 -5
m2 -5 -5
1 9 1
2 8 14
3 0 6
t 31 26
m0 3 10
m1 -5 -5
m2 -5 -5
1 9 0
2 7 14
3 0 7
t 30 26
m0 4 10
m1 -5 -5
m2 -5 -5
1 9 1
2 8 14
3 0 6
t 29 26
m0 3 10
m1 -5 -5
m2 -5 -5
1 9 0
2 7 14
3 0 5
t 28 26
m0 4 10
m1 -5 -5
m2 -5 -5
1 9 1
2 6 14
3 0 6
t 27 26
m0 3 10
m1 -5 -5
m2 -5 -5
1 9 0
2 7 14
3 1 6
t 26 26
m0 4 10
m1 -5 -5
m2 -5 -5
1 9 1
2 8 14
3 0 6
t 25 26
m0 3 10
m1 -5 -5
m2 -5 -5
1 9 0
2 9 14
3 0 5
t 24 26
m0 4 10
m1 -5 -5
m2 -5 -5
1 9 1
2 8 14
3 0 6
t 23 26
m0 3 10
m1 -5 -5
m2 -5 -5
1 9 0
2 7 14
3 0 7
t 22 26
m0 4 10
m1 -5 -5
m2 -5 -5
1 9 1
2 8 14
3 0 6
t 21 26
m0 3 10
m1 -5 -5
m2 -5 -5
1 9 0
2 7 14
3 1 6
t 20 26
m0 4 10
m1 -5 -5
m2 -5 -5
1 9 1
2 8 14
3 0 6
t 19 26
m0 3 10
m1 -5 -5
m2 -5 -5
1 9 0
2 8 13
3 0 7
t 18 26
m0 4 10
m1 -5 -5
m2 -5 -5
1 9 1
2 8 14
3 0 6
t 17 26
m0 3 10
m1 -5 -5
m2 -5 -5
1 9 0
2 7 14
3 1 6
t 16 26
m0 4 10
m1 -5 -5
m2 -5 -5
1 9 1
2 8 14
3 0 6
t 15 26
m0 3 10
m1 -5 -5
m2 -5 -5
1 9 0
2 8 13
3 0 5
t 14 26
m0 4 10
m1 -5 -5
m2 -5 -5
1 9 1
2 8 14
3 0 6
t 13 26
m0 3 10
m1 -5 -5
m2 -5 -5
1 9 0
2 7 14
3 1 6
t 12 26
m0 4 10
m1 -5 -5
m2 -5 -5
1 9 1
2 8 14
3 0 6
t 11 26
m0 3 10
m1 -5 -5
m2 -5 -5
1 9 0
2 8 13
3 0 7
t 10 26
m0 4 10
m1 -5 -5
m2 -5 -5
1 9 1
2 8 14
3 0 6
t 9 26
m0 3 10
m1 -5 -5
m2 -5 -5
1 9 0
2 7 14
3 1 6
t 8 26
m0 4 10
m1 -5 -5
m2 -5 -5
1 9 1
2 6 14
3 0 6
t 7 26
m0 3 10
m1 -5 -5
m2 -5 -5
1 9 0
2 7 14
3 0 5
t 6 26
m0 4 10
m1 -5 -5
m2 -5 -5
1 9 1
2 8 14
3 0 6
t 5 26
m0 3 10
m1 -5 -5
m2 -5 -5
1 9 0
2 7 14
3 0 5
t 4 26
m0 4 10
m1 -5 -5
m2 -5 -5
1 9 1
2 6 14
3 0 6
t 3 26
m0 3 10
m1 -5 -5
m2 -5 -5
1 9 0
2 7 14
3 1 6
t 2 26
m0 4 10
m1 -5 -5
m2 -5 -5
1 9 1
2 8 14
3 0 6
t 1 26
m0 3 10
m1 -5 -5
m2 -5 -5
1 9 1
2 8 14
3 0 6
t 0 26
