10
15
w 7 3
w 5 9
w 8 13
w 9 1
w 3 0
w 2 8
w 8 9
w 9 4
w 5 1
w 0 3
w 1 11
w 3 14
w 5 5
w 5 12
w 2 13
w 3 6
w 0 4
w 1 10
w 7 1
w 8 11
w 9 3
w 5 2
w 1 4
w 3 9
w 7 5
w 0 5
w 8 7
w 1 0
w 4 11
w 7 8
w 9 2
w 5 7
w 2 11
w 7 13
w 2 0
w 1 8
w 3 4
p 4 7
p 7 12
p 8 0
p 3 11
p 2 1
p 7 7
p 4 12
p 1 6
p 2 12
p 0 10
p 2 5
p 8 5
p 2 4
p 5 8
p 7 2
p 6 14
p 9 0
p 6 7
p 2 9
p 7 6
p 6 10
p 3 10
p 0 11
p 9 11
p 7 10
p 2 2
p 8 6
p 4 1
p 9 7
p 5 4
p 3 2
p 9 14
p 0 0
p 8 2
p 7 14
p 4 5
p 6 0
p 9 10
p 4 2
p 2 14
p 9 6
p 0 8
p 5 3
p 2 7
p 9 13
p 8 3
p 3 12
p 4 6
p 1 12
p 3 1
p 0 13
p 7 4
p 6 13
p 0 9
p 0 2
p 9 12
m0 0 14
m1 0 14
m2 0 14
1 9 0
2 9 0
3 9 0
t 300 0
m0 0 13
m1 0 14
m2 0 13
1 8 0
2 8 0
3 8 0
t 299 1
m0 1 13
m1 1 14
m2 0 14
1 9 0
2 9 0
3 9 0
t 298 1
m0 0 13
m1 1 14
m2 0 14
1 8 0
2 8 0
3 8 0
t 297 1
m0 1 13
m1 1 14
m2 0 13
1 9 0
2 9 0
3 9 0
t 296 1
m0 1 12
m1 1 13
m2 0 12
1 8 0
2 8 0
3 8 0
t 295 2
m0 1 13
m1 1 13
m2 0 13
1 9 0
2 9 0
3 9 0
t 294 2
m0 1 12
m1 0 13
m2 0 12
1 8 0
2 8 0
3 8 0
t 293 2
m0 1 12
m1 0 13
m2 0 11
1 9 0
2 9 0
3 9 0
t 292 3
m0 0 12
m1 1 13
m2 0 11
1 8 0
2 8 0
3 8 0
t 291 3
m0 0 13
m1 0 13
m2 0 10
1 9 0
2 9 0
3 9 0
t 290 4
m0 0 13
m1 0 12
m2 0 10
1 8 0
2 8 0
3 8 0
t 289 4
m0 1 13
m1 0 13
m2 0 11
1 9 0
2 9 0
3 9 0
t 288 4
m0 0 13
m1 0 12
m2 0 10
1 8 0
2 8 0
3 8 0
t 287 4
m0 1 13
m1 0 11
m2 0 10
1 9 0
2 9 0
3 9 0
t 286 4
m0 0 13
m1 0 12
m2 0 10
1 8 0
2 8 0
3 8 0
t 285 4
m0 0 12
m1 1 12
m2 0 11
1 9 0
2 9 0
3 9 0
t 284 4
m0 0 13
m1 1 12
m2 0 11
1 8 0
2 8 0
3 8 0
t 283 4
m0 0 12
m1 1 12
m2 0 11
1 9 0
2 9 0
3 9 0
t 282 4
m0 1 12
m1 1 13
m2 0 10
1 8 0
2 8 0
3 8 0
t 281 4
m0 2 12
m1 0 13
m2 0 10
1 9 0
2 9 0
3 9 0
t 280 5
m0 1 12
m1 0 12
m2 0 9
1 8 0
2 8 0
3 8 0
t 279 6
m0 0 12
m1 0 13
m2 0 8
1 9 0
2 9 0
3 9 0
t 278 7
m0 0 13
m1 0 12
m2 0 9
1 8 0
2 8 0
3 8 0
t 277 7
m0 0 14
m1 0 12
m2 1 9
1 9 0
2 9 0
3 9 0
t 276 7
m0 0 14
m1 0 11
m2 1 9
1 8 0
2 8 0
3 8 0
t 275 7
m0 1 14
m1 0 11
m2 2 9
1 9 0
2 9 0
3 9 0
t 274 8
m0 1 14
m1 0 11
m2 2 9
1 8 0
2 8 0
3 8 0
t 273 8
m0 2 14
m1 0 12
m2 1 9
1 9 0
2 9 0
3 9 0
t 272 9
m0 1 14
m1 1 12
m2 1 9
1 8 0
2 8 0
3 8 0
t 271 9
m0 1 14
m1 2 12
m2 0 9
1 9 0
2 9 0
3 9 0
t 270 9
m0 2 14
m1 3 12
m2 0 8
1 8 0
2 8 0
3 8 0
t 269 20
m0 1 14
m1 3 12
m2 0 7
1 9 0
2 9 0
3 9 0
t 268 20
m0 1 14
m1 3 12
m2 1 7
1 8 0
2 8 0
3 8 0
t 267 20
m0 0 14
m1 3 11
m2 1 7
1 9 0
2 9 0
3 9 0
t 266 21
m0 0 13
m1 3 12
m2 2 7
1 8 0
2 8 0
3 8 0
t 265 22
m0 0 13
m1 3 13
m2 1 7
1 9 0
2 9 0
3 9 0
t 264 22
m0 0 12
m1 3 13
m2 2 7
1 8 0
2 8 0
3 8 0
t 263 22
m0 1 12
m1 3 12
m2 3 7
1 9 0
2 9 0
3 9 0
t 262 22
m0 1 12
m1 2 12
m2 3 7
1 8 0
2 8 0
3 8 0
t 261 22
m0 1 13
m1 3 12
m2 2 7
1 9 0
2 9 0
3 9 0
t 260 22
m0 0 13
m1 3 12
m2 2 7
1 8 0
2 8 0
3 8 0
t 259 22
m0 0 14
m1 3 12
m2 2 6
1 9 0
2 9 0
3 9 0
t 258 22
m0 0 14
m1 3 11
m2 2 5
1 8 0
2 8 0
3 8 0
t 257 23
m0 0 14
m1 3 12
m2 2 4
1 9 0
2 9 0
3 9 0
t 256 24
m0 1 14
m1 3 11
m2 2 5
1 8 0
2 8 0
3 8 0
t 255 24
m0 1 13
m1 3 11
m2 3 5
1 9 0
2 9 0
3 9 0
t 254 24
m0 1 14
m1 3 12
m2 3 5
1 8 0
2 8 0
3 8 0
t 253 24
m0 2 14
m1 4 12
m2 2 5
1 9 0
2 9 0
3 9 0
t 252 25
m0 2 14
m1 3 12
m2 3 5
1 8 0
2 8 0
3 8 0
t 251 25
m0 1 14
m1 3 11
m2 2 5
1 9 0
2 9 0
3 9 0
t 250 25
m0 0 14
m1 3 11
m2 2 6
1 8 0
2 8 0
3 8 0
t 249 25
m0 0 13
m1 3 10
m2 2 6
1 9 0
2 9 0
3 9 0
t 248 26
m0 0 13
m1 4 10
m2 2 7
1 8 0
2 8 0
3 8 0
t 247 26
m0 0 14
m1 4 10
m2 3 7
1 9 0
2 9 0
3 9 0
t 246 26
m0 0 14
m1 3 10
m2 4 7
1 8 0
2 8 0
3 8 0
t 245 27
m0 0 13
m1 3 10
m2 4 7
1 9 0
2 9 0
3 9 0
t 244 27
m0 1 13
m1 3 10
m2 4 6
1 8 0
2 8 0
3 8 0
t 243 28
m0 1 13
m1 2 10
m2 5 6
1 9 0
2 9 0
3 9 0
t 242 28
m0 1 12
m1 2 10
m2 5 6
1 8 0
2 8 0
3 8 0
t 241 28
m0 2 12
m1 2 9
m2 6 6
1 9 0
2 9 0
3 9 0
t 240 28
m0 3 12
m1 2 9
m2 6 6
1 8 0
2 8 0
3 8 0
t 239 28
m0 3 13
m1 2 10
m2 6 5
1 9 0
2 9 0
3 9 0
t 238 28
m0 4 13
m1 2 9
m2 6 5
1 8 0
2 8 0
3 8 0
t 237 28
m0 4 13
m1 2 10
m2 6 5
1 9 0
2 9 0
3 9 0
t 236 28
m0 4 13
m1 2 10
m2 6 5
1 8 0
2 8 0
3 8 0
t 235 28
m0 5 13
m1 3 10
m2 6 6
1 9 0
2 9 0
3 9 0
t 234 28
m0 4 13
m1 4 10
m2 7 6
1 8 0
2 8 0
3 8 0
t 233 29
m0 5 13
m1 4 9
m2 8 6
1 9 0
2 9 0
3 9 0
t 232 30
m0 5 14
m1 4 9
m2 7 6
1 8 0
2 8 0
3 8 0
t 231 30
m0 5 13
m1 4 10
m2 8 6
1 9 0
2 9 0
3 9 0
t 230 30
m0 5 13
m1 5 10
m2 8 5
1 8 0
2 8 0
3 8 0
t 229 31
m0 5 13
m1 6 10
m2 8 5
1 9 0
2 9 0
3 9 0
t 228 32
m0 5 13
m1 7 10
m2 8 4
1 8 0
2 8 0
3 8 0
t 227 33
m0 4 13
m1 6 10
m2 8 4
1 9 0
2 9 0
3 9 0
t 226 33
m0 4 13
m1 5 10
m2 8 3
1 8 0
2 8 0
3 8 0
f 4 12
t 225 34
m0 4 13
m1 5 11
m2 8 4
1 9 0
2 9 0
3 9 0
t 224 34
m0 4 12
m1 6 11
m2 8 4
1 8 0
2 8 0
3 8 0
t 223 44
m0 4 12
m1 5 11
m2 8 3
1 9 0
2 9 0
3 9 0
t 222 44
m0 4 12
m1 6 11
m2 8 2
1 8 0
2 8 0
3 8 0
t 221 45
m0 3 12
m1 6 10
m2 8 3
1 9 0
2 9 0
3 9 0
t 220 45
m0 4 12
m1 7 10
m2 8 4
1 8 0
2 8 0
3 8 0
t 219 45
m0 4 12
m1 7 11
m2 7 4
1 9 0
2 9 0
3 9 0
t 218 46
m0 3 12
m1 6 11
m2 6 4
1 8 0
2 8 0
3 8 0
t 217 46
m0 3 13
m1 7 11
m2 7 4
1 9 0
2 9 0
3 9 0
t 216 46
m0 4 13
m1 6 11
m2 8 4
1 8 0
2 8 0
3 8 0
t 215 46
m0 3 13
m1 5 11
m2 8 5
1 9 0
2 9 0
3 9 0
t 214 46
m0 3 13
m1 5 10
m2 8 4
1 8 0
2 8 0
3 8 0
t 213 46
m0 4 13
m1 6 10
m2 8 5
1 9 0
2 9 0
3 9 0
t 212 46
m0 4 12
m1 5 10
m2 8 4
1 8 0
2 8 0
3 8 0
t 211 46
m0 4 13
m1 5 10
m2 8 5
1 9 0
2 9 0
3 9 0
t 210 46
m0 5 13
m1 5 11
m2 8 5
1 8 0
2 8 0
3 8 0
t 209 46
m0 5 13
m1 6 11
m2 8 6
1 9 0
2 9 0
3 9 0
t 208 46
m0 6 13
m1 7 11
m2 8 5
1 8 0
2 8 0
3 8 0
t 207 47
m0 5 13
m1 6 11
m2 9 5
1 9 0
2 9 0
3 9 0
t 206 47
m0 5 14
m1 6 10
m2 9 6
1 8 0
2 8 0
3 8 0
t 205 48
m0 4 14
m1 6 9
m2 9 7
1 9 0
2 9 0
3 9 0
t 204 49
m0 5 14
m1 7 9
m2 9 7
1 8 0
2 8 0
3 8 0
t 203 49
m0 5 13
m1 7 10
m2 9 7
1 9 0
2 9 0
3 9 0
t 202 49
m0 5 14
m1 7 9
m2 9 8
1 8 0
2 8 0
3 8 0
t 201 49
m0 5 14
m1 7 10
m2 9 7
1 9 0
2 9 0
3 9 0
t 200 49
m0 4 14
m1 8 10
m2 9 8
1 8 0
2 8 0
3 8 0
t 199 49
m0 4 14
m1 9 10
m2 8 8
1 9 0
2 9 0
3 9 0
t 198 50
m0 4 14
m1 9 11
m2 8 8
1 8 0
2 8 0
3 8 0
t 197 51
m0 4 14
m1 9 12
m2 9 8
1 9 0
2 9 0
3 9 0
t 196 52
m0 4 13
m1 9 12
m2 9 7
1 8 0
2 8 0
3 8 0
t 195 52
m0 4 13
m1 9 12
m2 9 8
1 9 0
2 9 0
3 9 0
t 194 52
m0 3 13
m1 9 13
m2 8 8
1 8 0
2 8 0
3 8 0
t 193 53
m0 4 13
m1 9 14
m2 8 8
1 9 0
2 9 0
3 9 0
t 192 54
m0 3 13
m1 9 13
m2 9 8
1 8 0
2 8 0
3 8 0
t 191 54
m0 3 12
m1 9 13
m2 8 8
1 9 0
2 9 0
3 9 0
t 190 54
m0 4 12
m1 9 12
m2 9 8
1 8 0
2 8 0
3 8 0
t 189 54
m0 4 13
m1 8 12
m2 9 9
1 9 0
2 9 0
3 9 0
t 188 54
m0 4 14
m1 9 12
m2 9 8
1 8 0
2 8 0
3 8 0
t 187 54
m0 4 14
m1 8 12
m2 9 7
1 9 0
2 9 0
3 9 0
t 186 54
m0 5 14
m1 9 12
m2 9 8
1 8 0
2 8 0
3 8 0
f 8 10
t 185 54
m0 4 14
m1 9 11
m2 9 7
1 9 0
2 9 0
3 9 0
t 184 54
m0 5 14
m1 9 12
m2 9 6
1 8 0
2 8 0
3 8 0
t 183 54
m0 4 14
m1 9 12
m2 8 6
1 9 0
2 9 0
3 9 0
t 182 54
m0 5 14
m1 9 13
m2 7 6
1 8 0
2 8 0
3 8 0
t 181 54
m0 4 14
m1 9 14
m2 7 7
1 9 0
2 9 0
3 9 0
t 180 55
m0 4 14
m1 9 13
m2 7 7
1 8 0
2 8 0
3 8 0
t 179 55
m0 5 14
m1 9 12
m2 7 6
1 9 0
2 9 0
3 9 0
t 178 55
m0 4 14
m1 9 11
m2 7 7
1 8 0
2 8 0
3 8 0
t 177 55
m0 5 14
m1 9 12
m2 6 7
1 9 0
2 9 0
3 9 0
t 176 56
m0 4 14
m1 9 11
m2 6 7
1 8 0
2 8 0
3 8 0
t 175 56
m0 5 14
m1 9 11
m2 7 7
1 9 0
2 9 0
3 9 0
t 174 56
m0 6 14
m1 9 10
m2 7 6
1 8 0
2 8 0
3 8 0
t 173 57
m0 6 13
m1 9 11
m2 7 6
1 9 0
2 9 0
3 9 0
t 172 57
m0 6 12
m1 9 12
m2 7 6
1 8 0
2 8 0
3 8 0
t 171 57
m0 7 12
m1 9 12
m2 8 6
1 9 0
2 9 0
3 9 0
t 170 58
m0 7 11
m1 9 11
m2 8 5
1 8 0
2 8 0
3 8 0
t 169 58
m0 6 11
m1 9 10
m2 9 5
1 9 0
2 9 0
3 9 0
t 168 58
m0 6 11
m1 9 11
m2 9 6
1 8 0
2 8 0
3 8 0
t 167 58
m0 7 11
m1 9 12
m2 8 6
1 9 0
2 9 0
3 9 0
t 166 58
m0 7 12
m1 9 11
m2 8 6
1 8 0
2 8 0
3 8 0
t 165 58
m0 8 12
m1 9 10
m2 9 6
1 9 0
2 9 0
3 9 0
t 164 58
m0 8 12
m1 8 10
m2 9 5
1 8 0
2 8 0
3 8 0
t 163 68
m0 8 12
m1 9 10
m2 9 5
1 9 0
2 9 0
3 9 0
t 162 68
m0 9 12
m1 8 10
m2 9 6
1 8 0
2 8 0
3 8 0
t 161 68
m0 9 13
m1 7 10
m2 9 5
1 9 0
2 9 0
3 9 0
t 160 68
m0 9 13
m1 8 10
m2 8 5
1 8 0
2 8 0
3 8 0
t 159 68
m0 9 14
m1 7 10
m2 8 5
1 9 0
2 9 0
3 9 0
t 158 68
m0 9 14
m1 7 9
m2 8 6
1 8 0
2 8 0
3 8 0
t 157 68
m0 9 13
m1 7 10
m2 9 6
1 9 0
2 9 0
3 9 0
t 156 68
m0 9 12
m1 7 11
m2 9 6
1 8 0
2 8 0
3 8 0
t 155 68
m0 9 12
m1 7 11
m2 9 6
1 9 0
2 9 0
3 9 0
t 154 68
m0 9 13
m1 6 11
m2 8 6
1 8 0
2 8 0
3 8 0
t 153 68
m0 9 13
m1 6 10
m2 9 6
1 9 0
2 9 0
3 9 0
t 152 68
m0 9 14
m1 5 10
m2 9 5
1 8 0
2 8 0
3 8 0
t 151 68
m0 8 14
m1 6 10
m2 8 5
1 9 0
2 9 0
3 9 0
t 150 68
m0 8 14
m1 6 9
m2 9 5
1 8 0
2 8 0
3 8 0
t 149 68
m0 9 14
m1 7 9
m2 8 5
1 9 0
2 9 0
3 9 0
t 148 68
m0 8 14
m1 7 10
m2 8 5
1 8 0
2 8 0
3 8 0
t 147 68
m0 7 14
m1 7 9
m2 8 4
1 9 0
2 9 0
3 9 0
t 146 69
m0 7 14
m1 7 10
m2 8 3
1 8 0
2 8 0
3 8 0
t 145 69
m0 7 14
m1 8 10
m2 8 2
1 9 0
2 9 0
3 9 0
t 144 69
m0 8 14
m1 9 10
m2 8 3
1 8 0
2 8 0
3 8 0
t 143 69
m0 7 14
m1 9 9
m2 8 4
1 9 0
2 9 0
3 9 0
t 142 69
m0 8 14
m1 9 8
m2 7 4
1 8 0
2 8 0
3 8 0
t 141 69
m0 9 14
m1 9 7
m2 8 4
1 9 0
2 9 0
3 9 0
t 140 69
m0 9 13
m1 9 8
m2 8 3
1 8 0
2 8 0
3 8 0
t 139 69
m0 9 12
m1 9 7
m2 8 4
1 9 0
2 9 0
3 9 0
t 138 69
m0 9 11
m1 9 6
m2 8 5
1 8 0
2 8 0
3 8 0
t 137 69
m0 9 10
m1 9 7
m2 8 6
1 9 0
2 9 0
3 9 0
t 136 69
m0 9 9
m1 9 6
m2 8 6
1 8 0
2 8 0
3 8 0
t 135 69
m0 9 10
m1 8 6
m2 9 6
1 9 0
2 9 0
3 9 0
t 134 69
m0 9 10
m1 8 5
m2 9 7
1 8 0
2 8 0
3 8 0
t 133 69
m0 9 11
m1 9 5
m2 9 6
1 9 0
2 9 0
3 9 0
t 132 69
m0 9 12
m1 8 5
m2 8 6
1 8 0
2 8 0
3 8 0
t 131 69
m0 9 12
m1 8 4
m2 9 6
1 9 0
2 9 0
3 9 0
t 130 69
m0 9 13
m1 8 3
m2 9 6
1 8 0
2 8 0
3 8 0
t 129 69
m0 9 13
m1 8 4
m2 9 7
1 9 0
2 9 0
3 9 0
f 9 14
t 128 69
m0 9 12
m1 8 4
m2 9 6
1 8 0
2 8 0
3 8 0
t 127 69
m0 9 13
m1 8 4
m2 8 6
1 9 0
2 9 0
3 9 0
t 126 69
m0 9 13
m1 8 3
m2 8 5
1 8 0
2 8 0
3 8 0
t 125 69
m0 9 12
m1 8 2
m2 8 4
1 9 0
2 9 0
3 9 0
t 124 69
m0 9 13
m1 8 3
m2 8 3
1 8 0
2 8 0
3 8 0
t 123 69
m0 9 12
m1 8 2
m2 8 2
1 9 0
2 9 0
3 9 0
t 122 69
m0 9 13
m1 8 3
m2 8 3
1 8 0
2 8 0
3 8 0
t 121 69
m0 9 13
m1 8 4
m2 8 3
1 9 0
2 9 0
3 9 0
t 120 69
m0 9 13
m1 8 3
m2 8 3
1 8 0
2 8 0
3 8 0
t 119 69
m0 9 13
m1 8 3
m2 8 2
1 9 0
2 9 0
3 9 0
t 118 69
m0 9 14
m1 8 2
m2 8 3
1 8 0
2 8 0
3 8 0
t 117 79
m0 9 13
m1 7 2
m2 8 2
1 9 0
2 9 0
3 9 0
t 116 80
m0 9 12
m1 7 2
m2 8 1
1 8 0
2 8 0
3 8 0
t 115 80
m0 9 12
m1 8 2
m2 8 1
1 9 0
2 9 0
3 9 0
t 114 80
m0 8 12
m1 8 1
m2 8 2
1 8 0
2 8 0
3 8 0
t 113 80
m0 8 12
m1 -5 -5
m2 8 3
1 9 0
2 9 0
3 9 0
t 112 81
m0 7 12
m1 -5 -5
m2 8 3
1 8 0
2 8 0
3 8 0
t 111 81
m0 6 12
m1 -5 -5
m2 8 3
1 9 0
2 9 0
3 9 0
t 110 81
m0 6 12
m1 -5 -5
m2 8 2
1 8 0
2 8 0
3 8 0
t 109 81
m0 6 12
m1 -5 -5
m2 8 1
1 9 0
2 9 0
3 9 0
t 108 81
m0 6 11
m1 -5 -5
m2 -5 -5
1 8 0
2 8 0
3 8 0
t 107 81
m0 7 11
m1 -5 -5
m2 -5 -5
1 9 0
2 9 0
3 9 0
t 106 81
m0 7 10
m1 -5 -5
m2 -5 -5
1 8 0
2 8 0
3 8 0
t 105 81
m0 8 10
m1 -5 -5
m2 -5 -5
1 9 0
2 9 0
3 9 0
t 104 81
m0 9 10
m1 -5 -5
m2 -5 -5
1 8 0
2 8 0
3 8 0
t 103 81
m0 9 9
m1 -5 -5
m2 -5 -5
1 9 0
2 9 0
3 9 0
t 102 81
m0 9 8
m1 -5 -5
m2 -5 -5
1 8 0
2 8 0
3 8 0
t 101 81
m0 9 7
m1 -5 -5
m2 -5 -5
1 9 0
2 9 0
3 9 0
t 100 81
m0 9 6
m1 -5 -5
m2 -5 -5
1 8 0
2 8 0
3 8 0
t 99 81
m0 9 5
m1 -5 -5
m2 -5 -5
1 9 0
2 9 0
3 9 0
t 98 81
m0 8 5
m1 -5 -5
m2 -5 -5
1 8 0
2 8 0
3 8 0
t 97 81
m0 9 5
m1 -5 -5
m2 -5 -5
1 9 0
2 9 0
3 9 0
t 96 81
m0 8 5
m1 -5 -5
m2 -5 -5
1 8 0
2 8 0
3 8 0
t 95 81
m0 9 5
m1 -5 -5
m2 -5 -5
1 9 0
2 9 0
3 9 0
t 94 81
m0 8 5
m1 -5 -5
m2 -5 -5
1 8 0
2 8 0
3 8 0
t 93 81
m0 9 5
m1 -5 -5
m2 -5 -5
1 9 0
2 9 0
3 9 0
t 92 81
m0 8 5
m1 -5 -5
m2 -5 -5
1 8 0
2 8 0
3 8 0
t 91 81
m0 9 5
m1 -5 -5
m2 -5 -5
1 9 0
2 9 0
3 9 0
t 90 81
m0 8 5
m1 -5 -5
m2 -5 -5
1 8 0
2 8 0
3 8 0
t 89 81
m0 9 5
m1 -5 -5
m2 -5 -5
1 9 0
2 9 0
3 9 0
t 88 81
m0 8 5
m1 -5 -5
m2 -5 -5
1 8 0
2 8 0
3 8 0
t 87 81
m0 9 5
m1 -5 -5
m2 -5 -5
1 9 0
2 9 0
3 9 0
t 86 81
m0 9 6
m1 -5 -5
m2 -5 -5
1 8 0
2 8 0
3 8 0
f 4 3
t 85 81
m0 9 7
m1 -5 -5
m2 -5 -5
1 9 0
2 9 0
3 9 0
t 84 81
m0 9 7
m1 -5 -5
m2 -5 -5
1 8 0
2 8 0
3 8 0
t 83 81
m0 9 7
m1 -5 -5
m2 -5 -5
1 9 0
2 9 0
3 9 0
t 82 81
m0 9 7
m1 -5 -5
m2 -5 -5
1 8 0
2 8 0
3 8 0
t 81 81
m0 9 7
m1 -5 -5
m2 -5 -5
1 9 0
2 9 0
3 9 0
t 80 81
m0 9 6
m1 -5 -5
m2 -5 -5
1 8 0
2 8 0
3 8 0
t 79 81
m0 9 5
m1 -5 -5
m2 -5 -5
1 9 0
2 9 0
3 9 0
t 78 81
m0 8 5
m1 -5 -5
m2 -5 -5
1 8 0
2 8 0
3 8 0
t 77 81
m0 8 4
m1 -5 -5
m2 -5 -5
1 9 0
2 9 0
3 9 0
t 76 81
m0 8 4
m1 -5 -5
m2 -5 -5
1 8 0
2 8 0
3 8 0
t 75 81
m0 8 5
m1 -5 -5
m2 -5 -5
1 9 0
2 9 0
3 9 0
t 74 81
m0 8 6
m1 -5 -5
m2 -5 -5
1 8 0
2 8 0
3 8 0
t 73 81
m0 8 5
m1 -5 -5
m2 -5 -5
1 9 0
2 9 0
3 9 0
t 72 81
m0 9 5
m1 -5 -5
m2 -5 -5
1 8 0
2 8 0
3 8 0
t 71 81
m0 9 5
m1 -5 -5
m2 -5 -5
1 9 0
2 9 0
3 9 0
t 70 81
m0 9 5
m1 -5 -5
m2 -5 -5
1 8 0
2 8 0
3 8 0
t 69 81
m0 8 5
m1 -5 -5
m2 -5 -5
1 9 0
2 9 0
3 9 0
t 68 81
m0 8 4
m1 -5 -5
m2 -5 -5
1 8 0
2 8 0
3 8 0
t 67 81
m0 8 5
m1 -5 -5
m2 -5 -5
1 9 0
2 9 0
3 9 0
t 66 81
m0 8 5
m1 -5 -5
m2 -5 -5
1 8 0
2 8 0
3 8 0
t 65 81
m0 9 5
m1 -5 -5
m2 -5 -5
1 9 0
2 9 0
3 9 0
t 64 81
m0 9 5
m1 -5 -5
m2 -5 -5
1 8 0
2 8 0
3 8 0
t 63 81
m0 9 6
m1 -5 -5
m2 -5 -5
1 9 0
2 9 0
3 9 0
t 62 81
m0 8 6
m1 -5 -5
m2 -5 -5
1 8 0
2 8 0
3 8 0
t 61 81
m0 7 6
m1 -5 -5
m2 -5 -5
1 9 0
2 9 0
3 9 0
t 60 81
m0 6 6
m1 -5 -5
m2 -5 -5
1 8 0
2 8 0
3 8 0
t 59 81
m0 6 6
m1 -5 -5
m2 -5 -5
1 9 0
2 9 0
3 9 0
t 58 81
m0 6 5
m1 -5 -5
m2 -5 -5
1 8 0
2 8 0
3 8 0
t 57 81
m0 6 6
m1 -5 -5
m2 -5 -5
1 9 0
2 9 0
3 9 0
t 56 81
m0 6 6
m1 -5 -5
m2 -5 -5
1 8 0
2 8 0
3 8 0
t 55 81
m0 5 6
m1 -5 -5
m2 -5 -5
1 9 0
2 9 0
3 9 0
t 54 81
m0 5 6
m1 -5 -5
m2 -5 -5
1 8 0
2 8 0
3 8 0
t 53 81
m0 5 6
m1 -5 -5
m2 -5 -5
1 9 0
2 9 0
3 9 0
t 52 81
m0 5 6
m1 -5 -5
m2 -5 -5
1 8 0
2 8 0
3 8 0
t 51 81
m0 5 6
m1 -5 -5
m2 -5 -5
1 9 0
2 9 0
3 9 0
t 50 81
m0 4 6
m1 -5 -5
m2 -5 -5
1 8 0
2 8 0
3 8 0
t 49 81
m0 5 6
m1 -5 -5
m2 -5 -5
1 9 0
2 9 0
3 9 0
t 48 81
m0 4 6
m1 -5 -5
m2 -5 -5
1 8 0
2 8 0
3 8 0
t 47 81
m0 4 5
m1 -5 -5
m2 -5 -5
1 9 0
2 9 0
3 9 0
t 46 82
m0 3 5
m1 -5 -5
m2 -5 -5
1 8 0
2 8 0
3 8 0
t 45 82
m0 3 5
m1 -5 -5
m2 -5 -5
1 9 0
2 9 0
3 9 0
t 44 82
m0 2 5
m1 -5 -5
m2 -5 -5
1 8 0
2 8 0
3 8 0
t 43 82
m0 2 5
m1 -5 -5
m2 -5 -5
1 9 0
2 9 0
3 9 0
t 42 82
m0 2 6
m1 -5 -5
m2 -5 -5
1 8 0
2 8 0
3 8 0
t 41 82
m0 1 6
m1 -5 -5
m2 -5 -5
1 9 0
2 9 0
3 9 0
t 40 83
m0 1 5
m1 -5 -5
m2 -5 -5
1 8 0
2 8 0
3 8 0
t 39 83
m0 1 5
m1 -5 -5
m2 -5 -5
1 9 0
2 9 0
3 9 0
t 38 83
m0 2 5
m1 -5 -5
m2 -5 -5
1 8 0
2 8 0
3 8 0
t 37 83
m0 3 5
m1 -5 -5
m2 -5 -5
1 9 0
2 9 0
3 9 0
t 36 83
m0 4 5
m1 -5 -5
m2 -5 -5
1 8 0
2 8 0
3 8 0
t 35 83
m0 4 6
m1 -5 -5
m2 -5 -5
1 9 0
2 9 0
3 9 0
t 34 83
m0 5 6
m1 -5 -5
m2 -5 -5
1 8 0
2 8 0
3 8 0
t 33 83
m0 5 6
m1 -5 -5
m2 -5 -5
1 9 0
2 9 0
3 9 0
t 32 83
m0 5 6
m1 -5 -5
m2 -5 -5
1 8 0
2 8 0
3 8 0
t 31 83
m0 4 6
m1 -5 -5
m2 -5 -5
1 9 0
2 9 0
3 9 0
t 30 83
m0 4 5
m1 -5 -5
m2 -5 -5
1 8 0
2 8 0
3 8 0
t 29 83
m0 3 5
m1 -5 -5
m2 -5 -5
1 9 0
2 9 0
3 9 0
t 28 83
m0 2 5
m1 -5 -5
m2 -5 -5
1 8 0
2 8 0
3 8 0
t 27 83
m0 2 6
m1 -5 -5
m2 -5 -5
1 9 0
2 9 0
3 9 0
t 26 83
m0 1 6
m1 -5 -5
m2 -5 -5
1 8 0
2 8 0
3 8 0
t 25 83
m0 0 6
m1 -5 -5
m2 -5 -5
1 9 0
2 9 0
3 9 0
t 24 83
m0 0 6
m1 -5 -5
m2 -5 -5
1 8 0
2 8 0
3 8 0
t 23 83
m0 1 6
m1 -5 -5
m2 -5 -5
1 9 0
2 9 0
3 9 0
t 22 83
m0 2 6
m1 -5 -5
m2 -5 -5
1 8 0
2 8 0
3 8 0
t 21 83
m0 2 7
m1 -5 -5
m2 -5 -5
1 9 0
2 9 0
3 9 0
t 20 83
m0 3 7
m1 -5 -5
m2 -5 -5
1 8 0
2 8 0
3 8 0
t 19 83
m0 4 7
m1 -5 -5
m2 -5 -5
1 9 0
2 9 0
3 9 0
t 18 83
m0 3 7
m1 -5 -5
m2 -5 -5
1 8 0
2 8 0
3 8 0
t 17 83
m0 2 7
m1 -5 -5
m2 -5 -5
1 9 0
2 9 0
3 9 0
t 16 83
m0 3 7
m1 -5 -5
m2 -5 -5
1 8 0
2 8 0
3 8 0
t 15 83
m0 2 7
m1 -5 -5
m2 -5 -5
1 9 0
2 9 0
3 9 0
t 14 83
m0 3 7
m1 -5 -5
m2 -5 -5
1 8 0
2 8 0
3 8 0
t 13 83
m0 4 7
m1 -5 -5
m2 -5 -5
1 9 0
2 9 0
3 9 0
t 12 83
m0 4 7
m1 -5 -5
m2 -5 -5
1 8 0
2 8 0
3 8 0
t 11 83
m0 4 7
m1 -5 -5
m2 -5 -5
1 9 0
2 9 0
3 9 0
t 10 83
m0 4 7
m1 -5 -5
m2 -5 -5
1 8 0
2 8 0
3 8 0
t 9 83
m0 3 7
m1 -5 -5
m2 -5 -5
1 9 0
2 9 0
3 9 0
t 8 83
m0 4 7
m1 -5 -5
m2 -5 -5
1 8 0
2 8 0
3 8 0
t 7 83
m0 4 8
m1 -5 -5
m2 -5 -5
1 9 0
2 9 0
3 9 0
t 6 83
m0 5 8
m1 -5 -5
m2 -5 -5
1 8 0
2 8 0
3 8 0
t 5 84
m0 4 8
m1 -5 -5
m2 -5 -5
1 9 0
2 9 0
3 9 0
t 4 84
m0 3 8
m1 -5 -5
m2 -5 -5
1 8 0
2 8 0
3 8 0
t 3 84
m0 3 7
m1 -5 -5
m2 -5 -5
1 9 0
2 9 0
3 9 0
t 2 84
m0 2 7
m1 -5 -5
m2 -5 -5
1 8 0
2 8 0
3 8 0
t 1 84
m0 3 7
m1 -5 -5
m2 -5 -5
1 8 0
2 8 0
3 8 0
t 0 84
