10
15
w 5 9
w 6 6
w 3 0
w 8 0
w 7 7
w 1 6
w 0 10
w 2 12
w 8 5
w 4 0
w 6 14
w 2 9
w 5 12
w 6 3
w 0 11
w 7 10
w 5 0
w 1 1
w 0 0
w 8 2
w 5 11
w 3 13
w 1 13
w 6 0
w 9 10
w 6 12
w 1 0
w 0 8
w 4 11
w 3 5
w 2 7
w 7 0
w 2 11
w 5 14
w 3 8
w 8 8
w 5 2
p 7 3
p 4 7
p 9 1
p 4 8
p 9 8
p 3 11
p 2 1
p 8 9
p 6 2
p 4 12
p 2 5
p 2 4
p 7 2
p 3 14
p 1 2
p 6 7
p 5 5
p 4 9
p 3 10
p 7 6
p 4 4
p 4 13
p 1 5
p 3 6
p 0 4
p 1 10
p 8 6
p 4 1
p 4 10
p 7 14
p 2 6
p 7 1
p 4 5
p 4 14
p 0 5
p 2 3
p 4 2
p 9 6
p 6 5
p 5 3
p 8 3
p 3 12
p 6 8
p 1 12
p 9 2
p 6 1
p 5 7
p 3 1
p 9 9
p 7 13
p 0 6
p 1 8
p 0 9
p 9 5
p 0 2
p 9 12
m0 0 14
m1 0 14
m2 0 14
1 9 0
2 9 0
3 9 0
t 300 0
m0 0 13
m1 0 14
m2 1 14
1 9 1
2 9 1
3 9 1
t 299 0
m0 0 13
m1 0 13
m2 0 14
1 9 0
2 9 0
3 9 0
t 298 0
m0 0 12
m1 0 14
m2 0 14
1 9 1
2 9 1
3 9 1
t 297 0
m0 1 12
m1 0 14
m2 0 14
1 9 0
2 9 0
3 9 0
t 296 1
m0 1 11
m1 1 14
m2 0 14
1 9 1
2 9 1
3 9 1
f 7 9
t 295 1
m0 1 10
m1 0 14
m2 1 14
1 9 0
2 9 0
3 9 0
t 294 2
m0 1 11
m1 0 14
m2 2 14
1 9 1
2 9 1
3 9 1
t 293 2
m0 1 11
m1 1 14
m2 3 14
1 9 0
2 9 0
3 9 0
t 292 3
m0 1 12
m1 1 14
m2 4 14
1 9 1
2 9 1
3 9 1
t 291 4
m0 0 12
m1 0 14
m2 4 13
1 9 0
2 9 0
3 9 0
t 290 5
m0 1 12
m1 0 13
m2 4 12
1 9 1
2 9 1
3 9 1
t 289 6
m0 0 12
m1 0 12
m2 3 12
1 9 0
2 9 0
3 9 0
t 288 7
m0 0 13
m1 1 12
m2 3 11
1 9 1
2 9 1
3 9 1
t 287 8
m0 0 14
m1 1 12
m2 3 10
1 9 0
2 9 0
3 9 0
t 286 9
m0 0 14
m1 1 11
m2 4 10
1 9 1
2 9 1
3 9 1
t 285 10
m0 0 14
m1 1 11
m2 4 9
1 9 0
2 9 0
3 9 0
t 284 11
m0 0 14
m1 1 10
m2 4 8
1 9 1
2 9 1
3 9 1
t 283 12
m0 0 13
m1 1 11
m2 4 7
1 9 0
2 9 0
3 9 0
t 282 13
m0 0 12
m1 1 11
m2 5 7
1 9 1
2 9 1
3 9 1
t 281 14
m0 0 12
m1 1 12
m2 6 7
1 9 0
2 9 0
3 9 0
t 280 15
m0 0 12
m1 1 11
m2 6 8
1 9 1
2 9 1
3 9 1
t 279 16
m0 0 13
m1 1 12
m2 7 8
1 9 0
2 9 0
3 9 0
t 278 16
m0 0 13
m1 1 11
m2 7 9
1 9 1
2 9 1
3 9 1
t 277 26
m0 0 14
m1 1 11
m2 8 9
1 9 0
2 9 0
3 9 0
t 276 27
m0 0 13
m1 1 10
m2 9 9
1 9 1
2 9 1
3 9 1
t 275 28
m0 0 12
m1 1 11
m2 9 8
1 9 0
2 9 0
3 9 0
t 274 29
m0 0 12
m1 1 10
m2 9 7
1 9 1
2 9 1
3 9 1
f 4 3
t 273 29
m0 0 12
m1 1 9
m2 9 6
1 9 0
2 9 0
3 9 0
t 272 30
m0 0 13
m1 1 8
m2 9 5
1 9 1
2 9 1
3 9 1
t 271 32
m0 0 12
m1 2 8
m2 9 6
1 9 0
2 9 0
3 9 0
t 270 32
m0 1 12
m1 2 8
m2 8 6
1 9 1
2 9 1
3 9 1
t 269 33
m0 0 12
m1 2 8
m2 7 6
1 9 0
2 9 0
3 9 0
t 268 34
m0 0 12
m1 2 8
m2 7 5
1 9 1
2 9 1
3 9 1
t 267 34
m0 0 12
m1 1 8
m2 6 5
1 9 0
2 9 0
3 9 0
t 266 35
m0 0 12
m1 1 9
m2 5 5
1 9 1
2 9 1
3 9 1
t 265 36
m0 0 13
m1 0 9
m2 4 5
1 9 0
2 9 0
3 9 0
t 264 38
m0 0 14
m1 0 9
m2 4 4
1 9 1
2 9 1
3 9 1
t 263 39
m0 0 14
m1 0 9
m2 3 4
1 9 0
2 9 0
3 9 0
t 262 39
m0 0 13
m1 0 9
m2 2 4
1 9 1
2 9 1
3 9 1
t 261 40
m0 0 12
m1 0 9
m2 2 3
1 9 0
2 9 0
3 9 0
t 260 41
m0 0 13
m1 0 9
m2 2 3
1 9 1
2 9 1
3 9 1
t 259 41
m0 0 12
m1 0 9
m2 3 3
1 9 0
2 9 0
3 9 0
t 258 41
m0 1 12
m1 0 9
m2 4 3
1 9 1
2 9 1
3 9 1
t 257 51
m0 1 11
m1 1 9
m2 5 3
1 9 0
2 9 0
3 9 0
t 256 52
m0 1 11
m1 1 10
m2 5 4
1 9 1
2 9 1
3 9 1
t 255 52
m0 1 12
m1 1 9
m2 5 5
1 9 0
2 9 0
3 9 0
t 254 52
m0 1 12
m1 1 10
m2 5 4
1 9 1
2 9 1
3 9 1
t 253 52
m0 1 12
m1 2 10
m2 5 5
1 9 0
2 9 0
3 9 0
t 252 52
m0 1 12
m1 1 10
m2 5 6
1 9 1
2 9 1
3 9 1
t 251 52
m0 0 12
m1 1 10
m2 4 6
1 9 0
2 9 0
3 9 0
t 250 52
m0 1 12
m1 2 10
m2 3 6
1 9 1
2 9 1
3 9 1
t 249 53
m0 0 12
m1 1 10
m2 2 6
1 9 0
2 9 0
3 9 0
t 248 54
m0 0 12
m1 1 11
m2 2 5
1 9 1
2 9 1
3 9 1
t 247 55
m0 1 12
m1 1 10
m2 1 5
1 9 0
2 9 0
3 9 0
t 246 56
m0 1 12
m1 1 11
m2 0 5
1 9 1
2 9 1
3 9 1
t 245 57
m0 1 11
m1 1 10
m2 0 6
1 9 0
2 9 0
3 9 0
t 244 58
m0 1 12
m1 1 10
m2 0 7
1 9 1
2 9 1
3 9 1
t 243 58
m0 1 12
m1 1 9
m2 0 7
1 9 0
2 9 0
3 9 0
t 242 58
m0 1 11
m1 1 9
m2 1 7
1 9 1
2 9 1
3 9 1
t 241 58
m0 1 10
m1 1 8
m2 0 7
1 9 0
2 9 0
3 9 0
t 240 58
m0 2 10
m1 1 9
m2 1 7
1 9 1
2 9 1
3 9 1
t 239 58
m0 1 10
m1 0 9
m2 1 8
1 9 0
2 9 0
3 9 0
f 6 9
t 238 58
m0 1 11
m1 0 9
m2 1 7
1 9 1
2 9 1
3 9 1
t 237 58
m0 1 12
m1 0 9
m2 1 7
1 9 0
2 9 0
3 9 0
t 236 58
m0 0 12
m1 1 9
m2 0 7
1 9 1
2 9 1
3 9 1
t 235 58
m0 0 13
m1 1 10
m2 0 7
1 9 0
2 9 0
3 9 0
t 234 58
m0 0 14
m1 2 10
m2 0 6
1 9 1
2 9 1
3 9 1
t 233 58
m0 1 14
m1 2 10
m2 0 5
1 9 0
2 9 0
3 9 0
t 232 58
m0 1 14
m1 3 10
m2 0 4
1 9 1
2 9 1
3 9 1
t 231 59
m0 1 14
m1 2 10
m2 0 3
1 9 0
2 9 0
3 9 0
t 230 59
m0 2 14
m1 1 10
m2 0 2
1 9 1
2 9 1
3 9 1
t 229 60
m0 3 14
m1 1 9
m2 1 2
1 9 0
2 9 0
3 9 0
t 228 61
m0 2 14
m1 0 9
m2 1 3
1 9 1
2 9 1
3 9 1
t 227 61
m0 3 14
m1 0 9
m2 1 3
1 9 0
2 9 0
3 9 0
t 226 61
m0 4 14
m1 0 9
m2 1 3
1 9 1
2 9 1
3 9 1
t 225 61
m0 4 14
m1 0 9
m2 1 3
1 9 0
2 9 0
3 9 0
t 224 61
m0 4 14
m1 0 9
m2 0 3
1 9 1
2 9 1
3 9 1
t 223 61
m0 4 14
m1 0 9
m2 0 4
1 9 0
2 9 0
3 9 0
t 222 61
m0 4 14
m1 0 9
m2 0 3
1 9 1
2 9 1
3 9 1
t 221 61
m0 4 14
m1 0 9
m2 0 2
1 9 0
2 9 0
3 9 0
t 220 61
m0 4 14
m1 0 9
m2 0 1
1 9 1
2 9 1
3 9 1
t 219 61
m0 3 14
m1 0 9
m2 0 1
1 9 0
2 9 0
3 9 0
t 218 61
m0 4 14
m1 0 9
m2 0 1
1 9 1
2 9 1
3 9 1
t 217 61
m0 3 14
m1 0 9
m2 0 1
1 9 0
2 9 0
3 9 0
t 216 61
m0 4 14
m1 1 9
m2 0 2
1 9 1
2 9 1
3 9 1
t 215 61
m0 4 14
m1 1 10
m2 0 1
1 9 0
2 9 0
3 9 0
t 214 61
m0 4 14
m1 1 10
m2 0 1
1 9 1
2 9 1
3 9 1
t 213 61
m0 3 14
m1 1 10
m2 0 1
1 9 0
2 9 0
3 9 0
t 212 61
m0 4 14
m1 1 9
m2 0 1
1 9 1
2 9 1
3 9 1
t 211 61
m0 4 14
m1 0 9
m2 0 1
1 9 0
2 9 0
3 9 0
t 210 61
m0 4 14
m1 0 9
m2 0 1
1 9 1
2 9 1
3 9 1
t 209 61
m0 3 14
m1 1 9
m2 0 1
1 9 0
2 9 0
3 9 0
t 208 61
m0 2 14
m1 1 8
m2 0 1
1 9 1
2 9 1
3 9 1
t 207 61
m0 3 14
m1 1 7
m2 0 2
1 9 0
2 9 0
3 9 0
t 206 61
m0 4 14
m1 1 8
m2 0 1
1 9 1
2 9 1
3 9 1
t 205 61
m0 4 14
m1 1 8
m2 0 1
1 9 0
2 9 0
3 9 0
t 204 61
m0 4 14
m1 1 8
m2 0 2
1 9 1
2 9 1
3 9 1
t 203 61
m0 4 14
m1 2 8
m2 0 2
1 9 0
2 9 0
3 9 0
t 202 61
m0 3 14
m1 1 8
m2 1 2
1 9 1
2 9 1
3 9 1
t 201 61
m0 4 14
m1 2 8
m2 2 2
1 9 0
2 9 0
3 9 0
t 200 61
m0 3 14
m1 1 8
m2 2 1
1 9 1
2 9 1
3 9 1
t 199 62
m0 3 14
m1 1 8
m2 3 1
1 9 0
2 9 0
3 9 0
t 198 63
m0 3 14
m1 1 8
m2 4 1
1 9 1
2 9 1
3 9 1
t 197 64
m0 4 14
m1 1 7
m2 4 2
1 9 0
2 9 0
3 9 0
t 196 65
m0 4 14
m1 0 7
m2 4 1
1 9 1
2 9 1
3 9 1
t 195 65
m0 3 14
m1 0 6
m2 3 1
1 9 0
2 9 0
3 9 0
t 194 65
m0 3 14
m1 0 5
m2 2 1
1 9 1
2 9 1
3 9 1
t 193 65
m0 4 14
m1 0 5
m2 2 2
1 9 0
2 9 0
3 9 0
t 192 65
m0 4 14
m1 0 4
m2 2 1
1 9 1
2 9 1
3 9 1
t 191 65
m0 4 14
m1 0 5
m2 3 1
1 9 0
2 9 0
3 9 0
t 190 65
m0 3 14
m1 0 6
m2 2 1
1 9 1
2 9 1
3 9 1
t 189 65
m0 2 14
m1 0 6
m2 2 0
1 9 2
2 9 2
3 9 2
t 188 65
m0 3 14
m1 0 7
m2 2 0
1 9 3
2 9 3
3 9 3
t 187 65
m0 2 14
m1 0 7
m2 2 1
1 9 4
2 9 4
3 9 4
t 186 65
m0 3 14
m1 0 6
m2 2 0
1 9 3
2 9 3
3 9 3
t 185 65
m0 4 14
m1 0 6
m2 2 0
1 9 4
2 9 4
3 9 4
t 184 65
m0 4 13
m1 0 5
m2 2 0
1 9 3
2 9 3
3 9 3
t 183 65
m0 4 14
m1 0 4
m2 2 0
1 9 2
2 9 2
3 9 2
t 182 65
m0 3 14
m1 0 4
m2 2 1
1 9 3
2 9 3
3 9 3
t 181 65
m0 2 14
m1 0 3
m2 2 2
1 9 4
2 9 4
3 9 4
t 180 65
m0 1 14
m1 0 2
m2 3 2
1 9 5
2 9 5
3 9 5
t 179 65
m0 2 14
m1 1 2
m2 3 1
1 9 6
2 9 6
3 9 6
t 178 65
m0 3 14
m1 0 2
m2 4 1
1 9 7
2 9 7
3 9 7
t 177 65
m0 4 14
m1 0 2
m2 5 1
1 9 8
2 9 8
3 9 8
t 176 65
m0 3 14
m1 0 1
m2 6 1
1 9 9
2 9 9
3 9 9
t 175 66
m0 2 14
m1 0 2
m2 7 1
1 9 8
2 9 8
3 9 8
t 174 67
m0 3 14
m1 1 2
m2 7 2
1 9 9
2 9 9
3 9 9
t 173 68
m0 3 14
m1 2 2
m2 6 2
1 9 8
2 9 8
3 9 8
t 172 69
m0 3 14
m1 1 2
m2 7 2
1 9 9
2 9 9
3 9 9
t 171 69
m0 4 14
m1 0 2
m2 7 3
1 9 8
2 9 8
3 9 8
t 170 70
m0 4 13
m1 0 2
m2 8 3
1 9 9
2 9 9
3 9 9
t 169 71
m0 4 14
m1 0 2
m2 9 3
1 8 9
2 8 9
3 8 9
t 168 71
m0 4 14
m1 0 1
m2 9 2
1 7 9
2 7 9
3 7 9
t 167 72
m0 4 13
m1 0 1
m2 9 1
1 8 9
2 8 9
3 8 9
t 166 73
m0 4 14
m1 0 1
m2 9 1
1 9 9
2 9 9
3 9 9
t 165 73
m0 4 14
m1 0 2
m2 9 0
1 8 9
2 8 9
3 8 9
t 164 73
m0 4 14
m1 0 2
m2 9 0
1 9 9
2 9 9
3 9 9
t 163 73
m0 4 13
m1 0 3
m2 9 0
1 9 8
2 9 8
3 9 8
t 162 73
m0 5 13
m1 0 3
m2 9 0
1 9 9
2 9 9
3 9 9
t 161 73
m0 4 13
m1 0 2
m2 9 0
1 9 8
2 9 8
3 9 8
t 160 73
m0 4 14
m1 0 1
m2 9 1
1 9 9
2 9 9
3 9 9
t 159 73
m0 4 13
m1 0 1
m2 9 0
1 9 8
2 9 8
3 9 8
t 158 73
m0 5 13
m1 0 2
m2 9 0
1 9 9
2 9 9
3 9 9
t 157 73
m0 4 13
m1 0 1
m2 9 0
1 9 8
2 9 8
3 9 8
t 156 73
m0 5 13
m1 0 2
m2 9 0
1 9 9
2 9 9
3 9 9
t 155 73
m0 5 13
m1 0 3
m2 9 0
1 9 8
2 9 8
3 9 8
t 154 73
m0 6 13
m1 0 2
m2 9 0
1 9 7
2 9 7
3 9 7
t 153 73
m0 7 13
m1 0 1
m2 9 0
1 8 7
2 8 7
3 8 7
t 152 74
m0 7 14
m1 0 1
m2 9 0
1 9 7
2 9 7
3 9 7
t 151 75
m0 8 14
m1 0 2
m2 9 0
1 8 7
2 8 7
3 8 7
t 150 75
m0 7 14
m1 0 2
m2 9 0
1 9 7
2 9 7
3 9 7
t 149 75
m0 7 14
m1 0 2
m2 9 0
1 8 7
2 8 7
3 8 7
t 148 75
m0 8 14
m1 0 3
m2 9 0
1 9 7
2 9 7
3 9 7
t 147 75
m0 8 14
m1 0 4
m2 9 0
1 8 7
2 8 7
3 8 7
t 146 75
m0 8 14
m1 0 4
m2 9 0
1 9 7
2 9 7
3 9 7
t 145 75
m0 7 14
m1 0 3
m2 9 0
1 8 7
2 8 7
3 8 7
t 144 75
m0 7 14
m1 0 4
m2 9 0
1 9 7
2 9 7
3 9 7
t 143 75
m0 7 14
m1 0 5
m2 9 1
1 8 7
2 8 7
3 8 7
t 142 75
m0 7 13
m1 0 6
m2 9 1
1 9 7
2 9 7
3 9 7
t 141 75
m0 7 14
m1 0 7
m2 9 0
1 8 7
2 8 7
3 8 7
t 140 75
m0 7 13
m1 0 7
m2 9 0
1 9 7
2 9 7
3 9 7
t 139 75
m0 7 13
m1 0 7
m2 9 0
1 8 7
2 8 7
3 8 7
t 138 75
m0 7 14
m1 0 7
m2 9 1
1 9 7
2 9 7
3 9 7
t 137 75
m0 7 14
m1 1 7
m2 9 0
1 9 8
2 9 8
3 9 8
t 136 75
m0 8 14
m1 0 7
m2 9 0
1 9 7
2 9 7
3 9 7
t 135 75
m0 8 13
m1 0 6
m2 9 0
1 9 6
2 9 6
3 9 6
t 134 75
m0 8 14
m1 0 7
m2 9 0
1 8 6
2 8 6
3 8 6
t 133 75
m0 8 14
m1 0 6
m2 9 0
1 7 6
2 7 6
3 7 6
t 132 75
m0 7 14
m1 0 6
m2 9 0
1 8 6
2 8 6
3 8 6
t 131 75
m0 7 13
m1 0 5
m2 9 0
1 7 6
2 7 6
3 7 6
t 130 75
m0 7 13
m1 0 5
m2 9 0
1 8 6
2 8 6
3 8 6
t 129 75
m0 6 13
m1 0 6
m2 9 1
1 7 6
2 7 6
3 7 6
t 128 75
m0 5 13
m1 0 5
m2 9 0
1 8 6
2 8 6
3 8 6
t 127 75
m0 4 13
m1 0 4
m2 9 0
1 7 6
2 7 6
3 7 6
t 126 75
m0 4 12
m1 0 3
m2 9 0
1 8 6
2 8 6
3 8 6
t 125 75
m0 3 12
m1 0 3
m2 9 0
1 7 6
2 7 6
3 7 6
t 124 75
m0 3 12
m1 0 3
m2 9 0
1 8 6
2 8 6
3 8 6
t 123 75
m0 4 12
m1 0 3
m2 9 0
1 7 6
2 7 6
3 7 6
t 122 75
m0 4 13
m1 0 4
m2 9 0
1 8 6
2 8 6
3 8 6
t 121 75
m0 4 14
m1 0 3
m2 9 0
1 7 6
2 7 6
3 7 6
t 120 75
m0 3 14
m1 0 3
m2 9 0
1 8 6
2 8 6
3 8 6
t 119 75
m0 3 14
m1 0 4
m2 9 0
1 7 6
2 7 6
3 7 6
t 118 75
m0 2 14
m1 0 3
m2 9 0
1 8 6
2 8 6
3 8 6
t 117 75
m0 1 14
m1 0 2
m2 9 0
1 7 6
2 7 6
3 7 6
t 116 75
m0 2 14
m1 0 1
m2 9 0
1 8 6
2 8 6
3 8 6
t 115 75
m0 3 14
m1 0 1
m2 9 0
1 7 6
2 7 6
3 7 6
t 114 75
m0 4 14
m1 0 2
m2 9 0
1 8 6
2 8 6
3 8 6
t 113 75
m0 4 13
m1 0 2
m2 9 0
1 7 6
2 7 6
3 7 6
t 112 75
m0 4 13
m1 0 3
m2 9 0
1 8 6
2 8 6
3 8 6
t 111 75
m0 5 13
m1 0 2
m2 9 0
1 7 6
2 7 6
3 7 6
t 110 75
m0 6 13
m1 0 2
m2 9 0
1 8 6
2 8 6
3 8 6
t 109 75
m0 5 13
m1 0 1
m2 9 0
1 7 6
2 7 6
3 7 6
t 108 75
m0 6 13
m1 0 2
m2 9 0
1 8 6
2 8 6
3 8 6
t 107 75
m0 6 13
m1 0 1
m2 9 0
1 7 6
2 7 6
3 7 6
t 106 75
m0 6 13
m1 0 2
m2 9 0
1 8 6
2 8 6
3 8 6
t 105 75
m0 6 13
m1 0 3
m2 9 0
1 7 6
2 7 6
3 7 6
t 104 75
m0 5 13
m1 0 2
m2 9 0
1 8 6
2 8 6
3 8 6
t 103 75
m0 5 13
m1 0 2
m2 9 0
1 7 6
2 7 6
3 7 6
t 102 75
m0 4 13
m1 0 2
m2 9 0
1 8 6
2 8 6
3 8 6
t 101 75
m0 4 13
m1 0 1
m2 9 0
1 7 6
2 7 6
3 7 6
t 100 75
m0 4 14
m1 0 2
m2 9 0
1 8 6
2 8 6
3 8 6
t 99 75
m0 4 14
m1 0 1
m2 9 0
1 7 6
2 7 6
3 7 6
t 98 75
m0 4 13
m1 0 2
m2 9 0
1 8 6
2 8 6
3 8 6
t 97 75
m0 5 13
m1 0 1
m2 9 0
1 7 6
2 7 6
3 7 6
t 96 75
m0 4 13
m1 0 2
m2 9 0
1 8 6
2 8 6
3 8 6
t 95 75
m0 4 14
m1 0 3
m2 9 0
1 7 6
2 7 6
3 7 6
t 94 75
m0 4 14
m1 0 2
m2 9 0
1 8 6
2 8 6
3 8 6
t 93 75
m0 3 14
m1 0 1
m2 9 0
1 7 6
2 7 6
3 7 6
t 92 75
m0 4 14
m1 0 1
m2 9 1
1 8 6
2 8 6
3 8 6
t 91 75
m0 4 13
m1 0 1
m2 9 0
1 7 6
2 7 6
3 7 6
t 90 75
m0 4 12
m1 0 2
m2 9 0
1 8 6
2 8 6
3 8 6
t 89 75
m0 4 13
m1 0 3
m2 9 0
1 7 6
2 7 6
3 7 6
t 88 75
m0 4 14
m1 0 2
m2 9 0
1 8 6
2 8 6
3 8 6
t 87 75
m0 4 13
m1 0 2
m2 9 0
1 7 6
2 7 6
3 7 6
t 86 75
m0 4 13
m1 0 2
m2 9 0
1 8 6
2 8 6
3 8 6
t 85 75
m0 5 13
m1 0 2
m2 9 0
1 7 6
2 7 6
3 7 6
t 84 75
m0 6 13
m1 0 1
m2 9 0
1 8 6
2 8 6
3 8 6
t 83 75
m0 7 13
m1 0 1
m2 9 0
1 7 6
2 7 6
3 7 6
t 82 75
m0 8 13
m1 0 2
m2 9 0
1 8 6
2 8 6
3 8 6
t 81 75
m0 8 13
m1 0 2
m2 9 0
1 7 6
2 7 6
3 7 6
t 80 75
m0 7 13
m1 0 1
m2 9 0
1 8 6
2 8 6
3 8 6
t 79 75
m0 7 14
m1 0 2
m2 9 0
1 7 6
2 7 6
3 7 6
t 78 75
m0 7 13
m1 0 1
m2 9 0
1 8 6
2 8 6
3 8 6
t 77 75
m0 7 14
m1 0 2
m2 9 0
1 7 6
2 7 6
3 7 6
t 76 75
m0 7 14
m1 0 1
m2 9 0
1 8 6
2 8 6
3 8 6
t 75 75
m0 8 14
m1 0 2
m2 9 0
1 7 6
2 7 6
3 7 6
t 74 75
m0 7 14
m1 0 1
m2 9 1
1 8 6
2 8 6
3 8 6
t 73 75
m0 8 14
m1 0 1
m2 9 0
1 7 6
2 7 6
3 7 6
t 72 75
m0 9 14
m1 0 2
m2 9 0
1 8 6
2 8 6
3 8 6
t 71 75
m0 8 14
m1 0 1
m2 9 0
1 7 6
2 7 6
3 7 6
t 70 75
m0 7 14
m1 0 2
m2 9 0
1 8 6
2 8 6
3 8 6
t 69 75
m0 7 13
m1 0 2
m2 9 0
1 7 6
2 7 6
3 7 6
t 68 75
m0 6 13
m1 0 3
m2 9 0
1 8 6
2 8 6
3 8 6
t 67 75
m0 7 13
m1 0 3
m2 9 0
1 7 6
2 7 6
3 7 6
t 66 75
m0 7 12
m1 0 4
m2 9 0
1 8 6
2 8 6
3 8 6
t 65 75
m0 7 12
m1 0 4
m2 9 0
1 9 6
2 9 6
3 9 6
t 64 75
m0 7 11
m1 0 5
m2 9 0
1 8 6
2 8 6
3 8 6
t 63 75
m0 7 11
m1 0 4
m2 9 0
1 9 6
2 9 6
3 9 6
t 62 75
m0 7 11
m1 0 3
m2 9 0
1 8 6
2 8 6
3 8 6
t 61 75
m0 8 11
m1 0 3
m2 9 0
1 9 6
2 9 6
3 9 6
t 60 75
m0 9 11
m1 0 2
m2 9 0
1 8 6
2 8 6
3 8 6
t 59 75
m0 9 12
m1 0 1
m2 9 0
1 8 6
2 8 6
3 8 6
t 58 95
