10
15
w 1 3
w 6 6
w 2 1
w 8 9
w 6 2
w 1 11
w 1 2
w 3 3
w 2 9
w 5 12
w 6 10
w 6 3
w 5 0
w 8 6
w 9 7
w 6 4
w 7 14
w 9 14
w 8 2
w 3 13
w 1 13
w 8 11
w 9 10
w 8 7
w 9 6
w 4 11
w 2 7
w 9 13
w 7 0
w 4 6
w 3 1
w 9 9
w 5 14
w 1 7
w 0 9
w 3 4
w 8 4
p 7 3
p 5 9
p 8 13
p 9 1
p 5 6
p 7 12
p 0 7
p 2 12
p 9 4
p 7 11
p 2 5
p 0 3
p 8 5
p 3 14
p 6 14
p 4 0
p 7 2
p 9 0
p 5 8
p 6 7
p 5 5
p 7 6
p 8 10
p 1 5
p 0 11
p 9 11
p 2 13
p 3 6
p 2 2
p 7 10
p 1 1
p 3 2
p 4 5
p 6 0
p 1 4
p 4 14
p 3 9
p 0 5
p 1 9
p 1 0
p 2 14
p 6 5
p 8 3
p 3 12
p 6 8
p 5 10
p 1 12
p 3 8
p 7 4
p 0 6
p 4 3
p 6 13
p 9 5
p 7 8
p 0 2
p 9 12
m0 0 14
m1 0 14
m2 0 14
1 9 0
2 9 0
3 9 0
t 300 0
m0 0 13
m1 1 14
m2 0 13
1 8 0
2 9 1
3 8 0
t 299 0
m0 0 13
m1 2 14
m2 0 13
1 9 0
2 9 2
3 8 1
t 298 1
m0 0 14
m1 1 14
m2 0 14
1 8 0
2 9 3
3 9 1
t 297 1
m0 0 14
m1 2 14
m2 0 13
1 9 0
2 8 3
3 8 1
t 296 1
m0 0 13
m1 2 13
m2 0 13
1 8 0
2 9 3
3 9 1
t 295 2
m0 0 12
m1 2 13
m2 0 12
1 9 0
2 8 3
3 8 1
t 294 2
m0 0 11
m1 2 14
m2 0 13
1 8 0
2 9 3
3 9 1
t 293 3
m0 0 12
m1 1 14
m2 0 14
1 9 0
2 8 3
3 8 1
t 292 3
m0 0 13
m1 0 14
m2 1 14
1 8 0
2 9 3
3 9 1
t 291 3
m0 0 14
m1 0 14
m2 2 14
1 9 0
2 8 3
3 8 1
t 290 3
m0 0 14
m1 0 13
m2 1 14
1 8 0
2 9 3
3 9 1
t 289 3
m0 0 14
m1 0 14
m2 0 14
1 9 0
2 8 3
3 8 1
t 288 3
m0 0 13
m1 1 14
m2 0 14
1 8 0
2 9 3
3 9 1
t 287 3
m0 0 14
m1 0 14
m2 0 13
1 9 0
2 8 3
3 8 1
t 286 3
m0 0 14
m1 0 13
m2 0 12
1 8 0
2 9 3
3 9 1
t 285 3
m0 0 14
m1 0 14
m2 0 11
1 9 0
2 8 3
3 8 1
t 284 3
m0 1 14
m1 1 14
m2 0 11
1 8 0
2 9 3
3 9 1
t 283 3
m0 0 14
m1 1 14
m2 0 11
1 9 0
2 8 3
3 8 1
f 0 4
t 282 3
m0 0 13
m1 1 14
m2 0 12
1 8 0
2 9 3
3 9 1
t 281 3
m0 0 14
m1 0 14
m2 0 11
1 9 0
2 8 3
3 8 1
t 280 3
m0 0 14
m1 1 14
m2 0 12
1 8 0
2 9 3
3 9 1
t 279 3
m0 1 14
m1 1 14
m2 0 13
1 9 0
2 8 3
3 8 1
t 278 3
m0 0 14
m1 1 14
m2 0 12
1 8 0
2 9 3
3 9 1
t 277 3
m0 0 13
m1 2 14
m2 0 13
1 9 0
2 8 3
3 8 1
t 276 3
m0 0 14
m1 2 14
m2 0 12
1 8 0
2 9 3
3 9 1
t 275 3
m0 0 14
m1 1 14
m2 0 13
1 9 0
2 8 3
3 8 1
t 274 3
m0 0 13
m1 1 14
m2 0 12
1 8 0
2 9 3
3 9 1
t 273 3
m0 0 14
m1 1 14
m2 0 13
1 9 0
2 8 3
3 8 1
t 272 3
m0 0 14
m1 1 14
m2 0 12
1 8 0
2 9 3
3 9 1
t 271 3
m0 1 14
m1 1 14
m2 0 13
1 9 0
2 8 3
3 8 1
t 270 3
m0 1 14
m1 0 14
m2 0 12
1 8 0
2 9 3
3 9 1
t 269 3
m0 2 14
m1 0 13
m2 0 12
1 9 0
2 8 3
3 8 1
t 268 3
m0 2 13
m1 0 12
m2 0 12
1 8 0
2 9 3
3 9 1
t 267 3
m0 2 13
m1 0 13
m2 0 13
1 9 0
2 8 3
3 8 1
t 266 3
m0 2 12
m1 0 13
m2 0 13
1 8 0
2 9 3
3 9 1
t 265 4
m0 2 13
m1 0 12
m2 0 14
1 9 0
2 8 3
3 8 1
t 264 4
m0 2 14
m1 0 11
m2 0 14
1 8 0
2 9 3
3 9 1
t 263 4
m0 1 14
m1 0 12
m2 1 14
1 9 0
2 8 3
3 8 1
t 262 4
m0 0 14
m1 0 12
m2 1 14
1 8 0
2 9 3
3 9 1
t 261 4
m0 0 14
m1 0 12
m2 1 14
1 9 0
2 8 3
3 8 1
t 260 4
m0 1 14
m1 0 12
m2 0 14
1 8 0
2 9 3
3 9 1
t 259 4
m0 1 14
m1 0 11
m2 1 14
1 9 0
2 8 3
3 8 1
t 258 4
m0 1 14
m1 0 11
m2 1 14
1 8 0
2 9 3
3 9 1
t 257 4
m0 0 14
m1 0 11
m2 1 14
1 9 0
2 8 3
3 8 1
t 256 4
m0 1 14
m1 0 10
m2 1 14
1 8 0
2 9 3
3 9 1
t 255 4
m0 2 14
m1 0 11
m2 1 14
1 9 0
2 8 3
3 8 1
t 254 4
m0 2 14
m1 0 12
m2 2 14
1 8 0
2 9 3
3 9 1
t 253 4
m0 2 14
m1 1 12
m2 3 14
1 9 0
2 8 3
3 8 1
t 252 6
m0 1 14
m1 1 12
m2 3 14
1 8 0
2 9 3
3 9 1
t 251 6
m0 2 14
m1 0 12
m2 2 14
1 9 0
2 8 3
3 8 1
t 250 6
m0 2 14
m1 0 12
m2 1 14
1 8 0
2 9 3
3 9 1
t 249 6
m0 2 14
m1 0 13
m2 0 14
1 9 0
2 8 3
3 8 1
t 248 6
m0 3 14
m1 0 14
m2 0 13
1 8 0
2 9 3
3 9 1
t 247 6
m0 2 14
m1 0 13
m2 0 13
1 9 0
2 8 3
3 8 1
t 246 6
m0 2 13
m1 0 14
m2 0 13
1 8 0
2 9 3
3 9 1
t 245 6
m0 2 13
m1 0 14
m2 0 13
1 9 0
2 8 3
3 8 1
t 244 6
m0 2 12
m1 0 14
m2 0 12
1 8 0
2 9 3
3 9 1
t 243 6
m0 2 12
m1 0 14
m2 0 11
1 9 0
2 8 3
3 8 1
t 242 6
m0 2 12
m1 0 14
m2 0 11
1 8 0
2 9 3
3 9 1
t 241 6
m0 2 11
m1 1 14
m2 0 12
1 9 0
2 8 3
3 8 1
t 240 6
m0 2 11
m1 0 14
m2 0 13
1 8 0
2 9 3
3 9 1
t 239 6
m0 2 11
m1 0 13
m2 0 14
1 9 0
2 8 3
3 8 1
t 238 6
m0 2 10
m1 0 12
m2 0 13
1 8 0
2 9 3
3 9 1
t 237 6
m0 2 11
m1 0 11
m2 0 12
1 9 0
2 8 3
3 8 1
t 236 6
m0 2 10
m1 0 12
m2 0 12
1 8 0
2 9 3
3 9 1
t 235 6
m0 2 11
m1 0 13
m2 0 13
1 9 0
2 8 3
3 8 1
t 234 6
m0 2 11
m1 0 13
m2 0 13
1 8 0
2 9 3
3 9 1
t 233 6
m0 2 10
m1 0 14
m2 0 14
1 9 0
2 8 3
3 8 1
t 232 6
m0 2 10
m1 0 14
m2 0 13
1 8 0
2 9 3
3 9 1
t 231 6
m0 2 11
m1 0 13
m2 0 13
1 9 0
2 8 3
3 8 1
t 230 6
m0 2 11
m1 0 14
m2 0 13
1 8 0
2 9 3
3 9 1
t 229 6
m0 2 11
m1 0 13
m2 0 13
1 9 0
2 8 3
3 8 1
t 228 6
m0 2 12
m1 0 14
m2 0 13
1 8 0
2 9 3
3 9 1
t 227 6
m0 2 12
m1 0 13
m2 0 13
1 9 0
2 8 3
3 8 1
t 226 6
m0 1 12
m1 0 12
m2 0 13
1 8 0
2 9 3
3 9 1
t 225 6
m0 2 12
m1 0 11
m2 0 13
1 9 0
2 8 3
3 8 1
t 224 6
m0 2 11
m1 0 10
m2 0 14
1 8 0
2 9 3
3 9 1
t 223 6
m0 2 10
m1 1 10
m2 1 14
1 9 0
2 8 3
3 8 1
t 222 6
m0 1 10
m1 0 10
m2 0 14
1 8 0
2 9 3
3 9 1
t 221 6
m0 1 10
m1 1 10
m2 1 14
1 9 0
2 8 3
3 8 1
t 220 6
m0 2 10
m1 2 10
m2 0 14
1 8 0
2 9 3
3 9 1
t 219 6
m0 1 10
m1 1 10
m2 1 14
1 9 0
2 8 3
3 8 1
t 218 6
m0 2 10
m1 1 9
m2 0 14
1 8 0
2 9 3
3 9 1
t 217 7
m0 2 10
m1 1 10
m2 0 13
1 9 0
2 8 3
3 8 1
t 216 7
m0 2 11
m1 2 10
m2 0 14
1 8 0
2 9 3
3 9 1
t 215 7
m0 2 10
m1 2 10
m2 0 14
1 9 0
2 8 3
3 8 1
t 214 7
m0 2 10
m1 3 10
m2 1 14
1 8 0
2 9 3
3 9 1
t 213 7
m0 3 10
m1 3 10
m2 2 14
1 9 0
2 8 3
3 8 1
t 212 7
m0 4 10
m1 2 10
m2 2 13
1 8 0
2 9 3
3 9 1
t 211 7
m0 4 10
m1 2 11
m2 2 12
1 9 0
2 8 3
3 8 1
t 210 7
m0 3 10
m1 2 11
m2 2 12
1 8 0
2 9 3
3 9 1
t 209 7
m0 3 11
m1 3 11
m2 3 12
1 9 0
2 8 3
3 8 1
t 208 8
m0 3 10
m1 3 10
m2 3 12
1 8 0
2 9 3
3 9 1
t 207 8
m0 2 10
m1 2 10
m2 2 12
1 9 0
2 8 3
3 8 1
t 206 8
m0 2 11
m1 2 11
m2 2 13
1 8 0
2 9 3
3 9 1
t 205 8
m0 2 12
m1 2 11
m2 2 12
1 9 0
2 8 3
3 8 1
t 204 8
m0 2 12
m1 2 11
m2 3 12
1 8 0
2 9 3
3 9 1
t 203 8
m0 2 13
m1 2 10
m2 2 12
1 9 0
2 8 3
3 8 1
t 202 8
m0 2 14
m1 2 10
m2 2 13
1 8 0
2 9 3
3 9 1
t 201 8
m0 2 14
m1 3 10
m2 2 14
1 9 0
2 8 3
3 8 1
t 200 8
m0 2 14
m1 2 10
m2 2 14
1 8 0
2 9 3
3 9 1
t 199 8
m0 1 14
m1 1 10
m2 2 13
1 9 0
2 8 3
3 8 1
t 198 8
m0 1 14
m1 1 10
m2 2 14
1 8 0
2 9 3
3 9 1
t 197 8
m0 0 14
m1 0 10
m2 2 13
1 9 0
2 8 3
3 8 1
t 196 8
m0 1 14
m1 0 11
m2 2 14
1 8 0
2 9 3
3 9 1
t 195 8
m0 0 14
m1 0 11
m2 2 14
1 9 0
2 8 3
3 8 1
t 194 8
m0 1 14
m1 0 12
m2 2 13
1 8 0
2 9 3
3 9 1
t 193 8
m0 1 14
m1 0 12
m2 2 12
1 9 0
2 8 3
3 8 1
t 192 8
m0 0 14
m1 0 11
m2 2 12
1 8 0
2 9 3
3 9 1
t 191 8
m0 0 14
m1 0 12
m2 3 12
1 9 0
2 8 3
3 8 1
t 190 8
m0 0 14
m1 0 13
m2 3 12
1 8 0
2 9 3
3 9 1
t 189 8
m0 0 13
m1 0 14
m2 4 12
1 9 0
2 8 3
3 8 1
t 188 8
m0 0 14
m1 0 13
m2 3 12
1 8 0
2 9 3
3 9 1
t 187 8
m0 0 14
m1 0 12
m2 3 12
1 9 0
2 8 3
3 8 1
t 186 8
m0 0 13
m1 0 12
m2 3 12
1 8 0
2 9 3
3 9 1
t 185 8
m0 0 12
m1 1 12
m2 2 12
1 9 0
2 8 3
3 8 1
t 184 8
m0 0 11
m1 2 12
m2 3 12
1 8 0
2 9 3
3 9 1
t 183 8
m0 0 10
m1 2 11
m2 2 12
1 9 0
2 8 3
3 8 1
t 182 8
m0 1 10
m1 2 11
m2 2 12
1 8 0
2 9 3
3 9 1
t 181 8
m0 1 10
m1 2 12
m2 1 12
1 9 0
2 8 3
3 8 1
t 180 8
m0 1 10
m1 1 12
m2 0 12
1 8 0
2 9 3
3 9 1
t 179 8
m0 1 10
m1 0 12
m2 1 12
1 9 0
2 8 3
3 8 1
t 178 8
m0 1 10
m1 1 12
m2 2 12
1 8 0
2 9 3
3 9 1
t 177 8
m0 2 10
m1 0 12
m2 1 12
1 9 0
2 8 3
3 8 1
t 176 8
m0 2 11
m1 1 12
m2 2 12
1 8 0
2 9 3
3 9 1
t 175 8
m0 2 12
m1 1 12
m2 2 12
1 9 0
2 8 3
3 8 1
t 174 8
m0 2 12
m1 2 12
m2 3 12
1 8 0
2 9 3
3 9 1
t 173 8
m0 2 12
m1 2 12
m2 2 12
1 9 0
2 8 3
3 8 1
t 172 8
m0 1 12
m1 3 12
m2 2 12
1 8 0
2 9 3
3 9 1
t 171 8
m0 1 12
m1 3 12
m2 2 12
1 9 0
2 8 3
3 8 1
t 170 8
m0 2 12
m1 3 11
m2 1 12
1 8 0
2 9 3
3 9 1
t 169 8
m0 1 12
m1 2 11
m2 1 12
1 9 0
2 8 3
3 8 1
t 168 8
m0 1 12
m1 2 12
m2 2 12
1 8 0
2 9 3
3 9 1
t 167 8
m0 1 12
m1 2 12
m2 1 12
1 9 0
2 8 3
3 8 1
t 166 8
m0 0 12
m1 2 11
m2 0 12
1 8 0
2 9 3
3 9 1
t 165 8
m0 0 13
m1 2 12
m2 0 11
1 9 0
2 8 3
3 8 1
t 164 8
m0 0 12
m1 1 12
m2 0 12
1 8 0
2 9 3
3 9 1
t 163 8
m0 1 12
m1 1 12
m2 0 13
1 9 0
2 8 3
3 8 1
t 162 8
m0 0 12
m1 1 12
m2 0 12
1 8 0
2 9 3
3 9 1
t 161 8
m0 1 12
m1 1 12
m2 0 12
1 9 0
2 8 3
3 8 1
t 160 8
m0 2 12
m1 2 12
m2 1 12
1 8 0
2 9 3
3 9 1
t 159 8
m0 1 12
m1 3 12
m2 2 12
1 9 0
2 8 3
3 8 1
t 158 8
m0 1 12
m1 3 12
m2 2 13
1 8 0
2 9 3
3 9 1
t 157 8
m0 2 12
m1 2 12
m2 2 14
1 9 0
2 8 3
3 8 1
t 156 8
m0 1 12
m1 2 12
m2 1 14
1 8 0
2 9 3
3 9 1
t 155 8
m0 2 12
m1 1 12
m2 2 14
1 9 0
2 8 3
3 8 1
t 154 8
m0 1 12
m1 0 12
m2 2 14
1 8 0
2 9 3
3 9 1
t 153 8
m0 1 12
m1 0 13
m2 1 14
1 9 0
2 8 3
3 8 1
t 152 8
m0 0 12
m1 0 14
m2 0 14
1 8 0
2 9 3
3 9 1
t 151 8
m0 0 13
m1 0 13
m2 0 14
1 9 0
2 8 3
3 8 1
t 150 8
m0 0 13
m1 0 12
m2 1 14
1 8 0
2 9 3
3 9 1
t 149 8
m0 0 12
m1 1 12
m2 2 14
1 9 0
2 8 3
3 8 1
t 148 8
m0 0 11
m1 0 12
m2 2 14
1 8 0
2 9 3
3 9 1
t 147 8
m0 0 12
m1 0 13
m2 1 14
1 9 0
2 8 3
3 8 1
t 146 8
m0 0 13
m1 0 14
m2 0 14
1 8 0
2 9 3
3 9 1
t 145 8
m0 0 14
m1 0 14
m2 0 13
1 9 0
2 8 3
3 8 1
t 144 8
m0 0 14
m1 0 13
m2 0 13
1 8 0
2 9 3
3 9 1
t 143 8
m0 0 13
m1 0 12
m2 0 14
1 9 0
2 8 3
3 8 1
t 142 8
m0 0 12
m1 0 12
m2 0 14
1 8 0
2 9 3
3 9 1
t 141 8
m0 0 12
m1 1 12
m2 1 14
1 9 0
2 8 3
3 8 1
t 140 8
m0 0 13
m1 2 12
m2 0 14
1 8 0
2 9 3
3 9 1
t 139 8
m0 0 12
m1 2 12
m2 0 13
1 9 0
2 8 3
3 8 1
t 138 8
m0 0 13
m1 2 13
m2 0 13
1 8 0
2 9 3
3 9 1
t 137 8
m0 0 12
m1 2 14
m2 0 13
1 9 0
2 8 3
3 8 1
t 136 8
m0 0 13
m1 1 14
m2 0 14
1 8 0
2 9 3
3 9 1
t 135 8
m0 0 12
m1 0 14
m2 0 13
1 9 0
2 8 3
3 8 1
t 134 8
m0 0 13
m1 1 14
m2 0 14
1 8 0
2 9 3
3 9 1
t 133 8
m0 0 12
m1 0 14
m2 0 13
1 9 0
2 8 3
3 8 1
t 132 8
m0 1 12
m1 1 14
m2 0 12
1 8 0
2 9 3
3 9 1
t 131 8
m0 0 12
m1 0 14
m2 0 12
1 9 0
2 8 3
3 8 1
t 130 8
m0 0 12
m1 0 13
m2 1 12
1 8 0
2 9 3
3 9 1
t 129 8
m0 0 12
m1 0 12
m2 2 12
1 9 0
2 8 3
3 8 1
t 128 8
m0 1 12
m1 0 13
m2 1 12
1 8 0
2 9 3
3 9 1
t 127 8
m0 2 12
m1 0 12
m2 1 12
1 9 0
2 8 3
3 8 1
t 126 8
m0 2 11
m1 0 11
m2 2 12
1 8 0
2 9 3
3 9 1
t 125 8
m0 2 10
m1 0 12
m2 2 11
1 9 0
2 8 3
3 8 1
t 124 8
m0 1 10
m1 1 12
m2 2 12
1 8 0
2 9 3
3 9 1
t 123 8
m0 0 10
m1 2 12
m2 3 12
1 9 0
2 8 3
3 8 1
t 122 8
m0 1 10
m1 2 12
m2 2 12
1 8 0
2 9 3
3 9 1
t 121 8
m0 1 9
m1 3 12
m2 2 13
1 9 0
2 8 3
3 8 1
t 120 8
m0 1 10
m1 3 11
m2 2 13
1 8 0
2 9 3
3 9 1
t 119 8
m0 1 10
m1 3 10
m2 2 14
1 9 0
2 8 3
3 8 1
t 118 8
m0 2 10
m1 2 10
m2 1 14
1 8 0
2 9 3
3 9 1
t 117 8
m0 1 10
m1 2 10
m2 0 14
1 9 0
2 8 3
3 8 1
t 116 8
m0 2 10
m1 2 10
m2 0 13
1 8 0
2 9 3
3 9 1
t 115 8
m0 3 10
m1 2 10
m2 0 14
1 9 0
2 8 3
3 8 1
t 114 8
m0 4 10
m1 2 11
m2 0 13
1 8 0
2 9 3
3 9 1
t 113 8
m0 4 9
m1 2 12
m2 0 14
1 9 0
2 8 3
3 8 1
t 112 8
m0 4 9
m1 2 12
m2 0 13
1 8 0
2 9 3
3 9 1
t 111 8
m0 4 8
m1 1 12
m2 0 12
1 9 0
2 8 3
3 8 1
t 110 8
m0 4 7
m1 2 12
m2 0 12
1 8 0
2 9 3
3 9 1
t 109 8
m0 4 8
m1 1 12
m2 0 12
1 9 0
2 8 3
3 8 1
t 108 8
m0 4 9
m1 0 12
m2 0 12
1 8 0
2 9 3
3 9 1
t 107 8
m0 4 9
m1 0 12
m2 0 12
1 9 0
2 8 3
3 8 1
t 106 8
m0 3 9
m1 0 13
m2 0 11
1 8 0
2 9 3
3 9 1
t 105 9
m0 3 10
m1 0 12
m2 0 11
1 9 0
2 8 3
3 8 1
t 104 9
m0 3 10
m1 0 11
m2 0 12
1 8 0
2 9 3
3 9 1
t 103 9
m0 3 10
m1 0 11
m2 0 13
1 9 0
2 8 3
3 8 1
t 102 9
m0 3 11
m1 0 12
m2 0 12
1 8 0
2 9 3
3 9 1
t 101 9
m0 3 12
m1 0 13
m2 0 13
1 9 0
2 8 3
3 8 1
t 100 9
m0 3 11
m1 0 12
m2 0 12
1 8 0
2 9 3
3 9 1
t 99 9
m0 2 11
m1 1 12
m2 0 12
1 9 0
2 8 3
3 8 1
t 98 9
m0 2 11
m1 0 12
m2 0 12
1 8 0
2 9 3
3 9 1
t 97 9
m0 2 12
m1 1 12
m2 1 12
1 9 0
2 8 3
3 8 1
t 96 9
m0 2 11
m1 2 12
m2 2 12
1 8 0
2 9 3
3 9 1
t 95 9
m0 2 11
m1 2 11
m2 1 12
1 9 0
2 8 3
3 8 1
t 94 9
m0 2 12
m1 2 12
m2 2 12
1 8 0
2 9 3
3 9 1
t 93 9
m0 2 12
m1 2 12
m2 1 12
1 9 0
2 8 3
3 8 1
t 92 9
m0 3 12
m1 1 12
m2 2 12
1 8 0
2 9 3
3 9 1
t 91 9
m0 4 12
m1 1 12
m2 3 12
1 9 0
2 8 3
3 8 1
t 90 9
m0 3 12
m1 2 12
m2 3 11
1 8 0
2 9 3
3 9 1
t 89 9
m0 3 11
m1 2 13
m2 3 11
1 9 0
2 8 3
3 8 1
t 88 9
m0 3 12
m1 2 14
m2 3 11
1 8 0
2 9 3
3 9 1
t 87 9
m0 2 12
m1 1 14
m2 3 10
1 9 0
2 8 3
3 8 1
t 86 9
m0 2 12
m1 1 14
m2 3 10
1 8 0
2 9 3
3 9 1
t 85 9
m0 3 12
m1 2 14
m2 3 11
1 9 0
2 8 3
3 8 1
t 84 9
m0 3 11
m1 2 14
m2 2 11
1 8 0
2 9 3
3 9 1
t 83 9
m0 3 10
m1 2 13
m2 2 10
1 9 0
2 8 3
3 8 1
t 82 9
m0 2 10
m1 2 12
m2 3 10
1 8 0
2 9 3
3 9 1
t 81 9
m0 1 10
m1 2 11
m2 3 10
1 9 0
2 8 3
3 8 1
t 80 9
m0 2 10
m1 2 10
m2 2 10
1 8 0
2 9 3
3 9 1
t 79 9
m0 2 10
m1 2 11
m2 2 10
1 9 0
2 8 3
3 8 1
t 78 9
m0 2 11
m1 2 10
m2 2 11
1 8 0
2 9 3
3 9 1
t 77 9
m0 2 12
m1 3 10
m2 2 12
1 9 0
2 8 3
3 8 1
t 76 9
m0 3 12
m1 2 10
m2 2 12
1 8 0
2 9 3
3 9 1
t 75 9
m0 3 12
m1 1 10
m2 1 12
1 9 0
2 8 3
3 8 1
t 74 9
m0 3 12
m1 1 10
m2 0 12
1 8 0
2 9 3
3 9 1
t 73 9
m0 2 12
m1 1 10
m2 0 12
1 9 0
2 8 3
3 8 1
t 72 9
m0 2 12
m1 0 10
m2 0 13
1 8 0
2 9 3
3 9 1
t 71 9
m0 2 11
m1 1 10
m2 0 14
1 9 0
2 8 3
3 8 1
t 70 9
m0 2 11
m1 0 10
m2 1 14
1 8 0
2 9 3
3 9 1
t 69 9
m0 3 11
m1 0 10
m2 2 14
1 9 0
2 8 3
3 8 1
t 68 9
m0 2 11
m1 1 10
m2 2 13
1 8 0
2 9 3
3 9 1
t 67 9
m0 2 10
m1 1 10
m2 2 14
1 9 0
2 8 3
3 8 1
t 66 9
m0 2 11
m1 1 10
m2 2 13
1 8 0
2 9 3
3 9 1
t 65 9
m0 3 11
m1 2 10
m2 2 12
1 9 0
2 8 3
3 8 1
t 64 9
m0 2 11
m1 2 10
m2 2 12
1 8 0
2 9 3
3 9 1
t 63 9
m0 2 10
m1 3 10
m2 2 12
1 9 0
2 8 3
3 8 1
t 62 9
m0 2 10
m1 2 10
m2 1 12
1 8 0
2 9 3
3 9 1
t 61 9
m0 2 10
m1 3 10
m2 2 12
1 9 0
2 8 3
3 8 1
t 60 9
m0 1 10
m1 2 10
m2 1 12
1 8 0
2 9 3
3 9 1
t 59 9
m0 1 9
m1 2 10
m2 2 12
1 9 0
2 8 3
3 8 1
t 58 9
m0 1 8
m1 1 10
m2 2 12
1 8 0
2 9 3
3 9 1
t 57 9
m0 1 9
m1 1 10
m2 1 12
1 9 0
2 8 3
3 8 1
t 56 9
m0 1 10
m1 0 10
m2 2 12
1 8 0
2 9 3
3 9 1
t 55 9
m0 2 10
m1 0 11
m2 2 13
1 9 0
2 8 3
3 8 1
t 54 9
m0 1 10
m1 0 10
m2 2 12
1 8 0
2 9 3
3 9 1
t 53 9
m0 0 10
m1 0 11
m2 3 12
1 9 0
2 8 3
3 8 1
t 52 9
m0 1 10
m1 0 11
m2 3 11
1 8 0
2 9 3
3 9 1
t 51 9
m0 1 10
m1 0 10
m2 3 10
1 9 0
2 8 3
3 8 1
t 50 9
m0 1 9
m1 1 10
m2 3 10
1 8 0
2 9 3
3 9 1
t 49 9
m0 1 10
m1 1 9
m2 2 10
1 9 0
2 8 3
3 8 1
t 48 9
m0 1 9
m1 1 9
m2 3 10
1 8 0
2 9 3
3 9 1
t 47 9
m0 1 8
m1 1 8
m2 3 9
1 9 0
2 8 3
3 8 1
t 46 9
m0 0 8
m1 1 8
m2 3 10
1 8 0
2 9 3
3 9 1
t 45 9
m0 0 8
m1 1 8
m2 3 10
1 9 0
2 8 3
3 8 1
t 44 9
m0 0 8
m1 1 8
m2 3 10
1 8 0
2 9 3
3 9 1
t 43 9
m0 1 8
m1 0 8
m2 3 9
1 9 0
2 8 3
3 8 1
t 42 9
m0 1 9
m1 0 7
m2 3 10
1 8 0
2 9 3
3 9 1
t 41 10
m0 1 8
m1 0 8
m2 3 9
1 9 0
2 8 3
3 8 1
t 40 10
m0 1 8
m1 1 8
m2 3 8
1 8 0
2 9 3
3 9 1
t 39 11
m0 0 8
m1 1 8
m2 3 7
1 9 0
2 8 3
3 8 1
t 38 11
m0 0 7
m1 2 8
m2 4 7
1 8 0
2 9 3
3 9 1
t 37 11
m0 0 6
m1 2 8
m2 4 8
1 9 0
2 8 3
3 8 1
t 36 12
m0 0 5
m1 3 8
m2 4 8
1 8 0
2 9 3
3 9 1
t 35 13
m0 0 4
m1 3 8
m2 4 9
1 9 0
2 8 3
3 8 1
t 34 23
m0 0 5
m1 3 8
m2 4 8
1 8 0
2 9 3
3 9 1
t 33 23
m0 0 6
m1 4 8
m2 4 9
1 9 0
2 8 3
3 8 1
t 32 23
m0 1 6
m1 4 8
m2 4 9
1 8 0
2 9 3
3 9 1
t 31 23
m0 1 6
m1 3 8
m2 3 9
1 9 0
2 8 3
3 8 1
t 30 23
m0 1 6
m1 3 8
m2 3 8
1 8 0
2 9 3
3 9 1
t 29 23
m0 0 6
m1 3 7
m2 3 7
1 9 0
2 8 3
3 8 1
t 28 23
m0 0 7
m1 3 8
m2 3 8
1 8 0
2 9 3
3 9 1
t 27 23
m0 0 8
m1 3 7
m2 2 8
1 9 0
2 8 3
3 8 1
t 26 23
m0 0 8
m1 4 7
m2 1 8
1 8 0
2 9 3
3 9 1
t 25 23
m0 0 8
m1 3 7
m2 1 8
1 9 0
2 8 3
3 8 1
t 24 23
m0 0 7
m1 3 8
m2 0 8
1 8 0
2 9 3
3 9 1
t 23 23
m0 0 8
m1 3 8
m2 1 8
1 9 0
2 8 3
3 8 1
t 22 23
m0 1 8
m1 4 8
m2 0 8
1 8 0
2 9 3
3 9 1
t 21 23
m0 1 9
m1 3 8
m2 0 8
1 9 0
2 8 3
3 8 1
t 20 23
m0 1 10
m1 3 8
m2 0 7
1 8 0
2 9 3
3 9 1
t 19 23
m0 2 10
m1 3 9
m2 0 8
1 9 0
2 8 3
3 8 1
t 18 23
m0 2 10
m1 3 9
m2 0 8
1 8 0
2 9 3
3 9 1
t 17 23
m0 2 10
m1 4 9
m2 0 7
1 9 0
2 8 3
3 8 1
t 16 23
m0 2 11
m1 5 9
m2 0 7
1 8 0
2 9 3
3 9 1
t 15 24
m0 3 11
m1 5 9
m2 0 6
1 9 0
2 8 3
3 8 1
t 14 24
m0 2 11
m1 4 9
m2 0 7
1 8 0
2 9 3
3 9 1
t 13 24
m0 2 10
m1 4 8
m2 0 8
1 9 0
2 8 3
3 8 1
t 12 24
m0 1 10
m1 4 8
m2 1 8
1 8 0
2 9 3
3 9 1
t 11 24
m0 0 10
m1 3 8
m2 0 8
1 9 0
2 8 3
3 8 1
f 0 1
t 10 24
m0 0 10
m1 3 9
m2 0 7
1 8 0
2 9 3
3 9 1
t 9 24
m0 1 10
m1 3 10
m2 0 8
1 9 0
2 8 3
3 8 1
t 8 24
m0 1 9
m1 2 10
m2 0 7
1 8 0
2 9 3
3 9 1
t 7 24
m0 1 10
m1 1 10
m2 0 8
1 9 0
2 8 3
3 8 1
t 6 24
m0 1 10
m1 0 10
m2 0 8
1 8 0
2 9 3
3 9 1
t 5 24
m0 2 10
m1 0 10
m2 0 7
1 9 0
2 8 3
3 8 1
t 4 24
m0 2 11
m1 0 10
m2 0 8
1 8 0
2 9 3
3 9 1
t 3 24
m0 2 11
m1 1 10
m2 0 8
1 9 0
2 8 3
3 8 1
t 2 24
m0 2 11
m1 1 10
m2 0 8
1 8 0
2 9 3
3 9 1
t 1 24
m0 2 12
m1 2 10
m2 1 8
1 8 0
2 9 3
3 9 1
t 0 24
