10
15
w 5 9
w 7 12
w 8 0
w 2 1
w 1 6
w 2 12
w 5 1
w 3 7
w 0 3
w 5 8
w 7 2
w 2 9
w 1 14
w 8 10
w 4 13
w 2 2
w 9 14
w 4 5
w 6 11
w 4 14
w 1 4
w 0 12
w 7 5
w 1 9
w 8 7
w 5 3
w 2 7
w 7 9
w 0 1
w 9 2
w 3 1
w 7 13
w 2 11
w 5 14
w 9 5
w 3 4
w 9 12
p 1 3
p 8 13
p 9 1
p 5 6
p 2 8
p 3 0
p 9 8
p 3 11
p 0 10
p 1 11
p 8 5
p 2 4
p 6 14
p 1 2
p 4 0
p 9 0
p 4 9
p 5 5
p 6 7
p 5 12
p 6 3
p 7 10
p 8 6
p 1 1
p 9 7
p 3 2
p 2 6
p 7 14
p 5 11
p 7 1
p 8 11
p 6 0
p 2 10
p 2 3
p 0 5
p 1 0
p 2 14
p 0 8
p 6 5
p 9 13
p 3 12
p 5 10
p 6 8
p 8 12
p 0 13
p 7 4
p 2 0
p 0 6
p 8 8
p 1 8
p 4 3
p 1 7
p 6 13
p 7 8
p 0 2
p 8 4
m0 0 14
m1 0 14
m2 0 14
1 9 0
2 9 0
3 9 0
t 300 0
m0 0 13
m1 0 14
m2 0 14
1 9 1
2 9 1
3 9 1
t 299 1
m0 0 13
m1 0 14
m2 0 14
1 8 1
2 9 0
3 9 0
t 298 1
m0 1 13
m1 0 13
m2 0 13
1 7 1
2 9 1
3 9 1
t 297 1
m0 0 13
m1 0 13
m2 0 14
1 7 0
2 8 1
3 9 0
t 296 1
m0 1 13
m1 0 13
m2 0 13
1 6 0
2 8 2
3 9 1
t 295 1
m0 0 13
m1 0 14
m2 0 13
1 5 0
2 8 3
3 9 0
t 294 1
m0 0 13
m1 0 13
m2 0 13
1 4 0
2 7 3
3 9 1
t 293 1
m0 1 13
m1 0 13
m2 0 13
1 3 0
2 7 4
3 9 0
t 292 1
m0 1 13
m1 0 14
m2 0 13
1 2 0
2 6 4
3 9 1
t 291 1
m0 0 13
m1 0 14
m2 0 14
1 1 0
2 5 4
3 9 0
t 290 1
m0 0 13
m1 0 14
m2 0 13
1 0 0
2 5 5
3 9 1
f 3 10
t 289 1
m0 1 13
m1 0 13
m2 0 14
1 1 0
2 5 6
3 9 0
t 288 1
m0 0 13
m1 0 14
m2 0 13
1 0 0
2 5 7
3 9 1
t 287 1
m0 0 13
m1 0 14
m2 1 13
1 1 0
2 4 7
3 8 1
t 286 1
m0 0 13
m1 0 14
m2 0 13
1 0 0
2 4 8
3 8 2
t 285 1
m0 1 13
m1 0 13
m2 0 13
1 1 0
2 4 9
3 8 3
t 284 1
m0 1 13
m1 0 14
m2 0 13
1 0 0
2 4 10
3 9 3
t 283 1
m0 0 13
m1 0 13
m2 0 13
1 1 0
2 4 11
3 9 4
t 282 1
m0 0 13
m1 0 13
m2 1 13
1 0 0
2 4 12
3 8 4
t 281 1
m0 0 14
m1 0 13
m2 1 13
1 1 0
2 3 12
3 9 4
t 280 1
m0 0 14
m1 0 13
m2 1 13
1 0 0
2 3 13
3 8 4
t 279 1
m0 0 14
m1 0 13
m2 0 13
1 1 0
2 3 14
3 8 5
t 278 1
m0 0 14
m1 0 13
m2 0 13
1 0 0
2 2 14
3 8 6
t 277 1
m0 0 14
m1 0 13
m2 0 13
1 1 0
2 2 13
3 9 6
t 276 1
m0 0 13
m1 0 13
m2 0 14
1 0 0
2 2 14
3 9 7
t 275 1
m0 0 14
m1 1 13
m2 0 13
1 1 0
2 3 14
3 9 6
t 274 1
m0 0 13
m1 1 12
m2 1 13
1 0 0
2 2 14
3 9 7
t 273 1
m0 0 14
m1 1 11
m2 -5 -5
1 1 0
2 2 13
3 9 6
t 272 2
m0 0 14
m1 1 11
m2 -5 -5
1 0 0
2 2 14
3 8 6
t 271 2
m0 0 13
m1 1 10
m2 -5 -5
1 1 0
2 3 14
3 9 6
t 270 2
m0 0 13
m1 1 10
m2 -5 -5
1 0 0
2 2 14
3 9 7
t 269 2
m0 0 13
m1 2 10
m2 -5 -5
1 1 0
2 3 14
3 9 6
t 268 3
m0 0 13
m1 2 10
m2 -5 -5
1 0 0
2 2 14
3 9 7
t 267 3
m0 0 13
m1 2 10
m2 -5 -5
1 1 0
2 3 14
3 9 6
t 266 3
m0 0 14
m1 2 10
m2 -5 -5
1 0 0
2 2 14
3 9 7
t 265 3
m0 0 14
m1 2 10
m2 -5 -5
1 1 0
2 2 13
3 9 6
t 264 3
m0 0 13
m1 2 10
m2 -5 -5
1 0 0
2 2 14
3 9 7
t 263 3
m0 0 13
m1 2 10
m2 -5 -5
1 1 0
2 2 13
3 9 6
t 262 3
m0 0 14
m1 3 10
m2 -5 -5
1 0 0
2 2 14
3 8 6
t 261 13
m0 0 14
m1 3 10
m2 -5 -5
1 1 0
2 3 14
3 9 6
t 260 13
m0 0 14
m1 3 10
m2 -5 -5
1 0 0
2 2 14
3 8 6
t 259 13
m0 0 14
m1 3 9
m2 -5 -5
1 1 0
2 2 13
3 9 6
t 258 13
m0 0 14
m1 3 8
m2 -5 -5
1 0 0
2 2 14
3 9 7
t 257 13
m0 0 13
m1 3 8
m2 -5 -5
1 1 0
2 3 14
3 9 6
t 256 13
m0 0 13
m1 3 8
m2 -5 -5
1 0 0
2 2 14
3 8 6
t 255 13
m0 0 13
m1 4 8
m2 -5 -5
1 1 0
2 3 14
3 9 6
t 254 13
m0 1 13
m1 4 9
m2 -5 -5
1 0 0
2 2 14
3 9 7
t 253 14
m0 0 13
m1 4 8
m2 -5 -5
1 1 0
2 3 14
3 9 6
t 252 14
m0 1 13
m1 4 7
m2 -5 -5
1 0 0
2 2 14
3 8 6
t 251 14
m0 0 13
m1 4 6
m2 -5 -5
1 1 0
2 3 14
3 9 6
t 250 14
m0 0 13
m1 5 6
m2 -5 -5
1 0 0
2 2 14
3 9 7
f 4 8
t 249 15
m0 0 13
m1 5 5
m2 -5 -5
1 1 0
2 2 13
3 9 6
t 248 16
m0 0 14
m1 5 5
m2 -5 -5
1 0 0
2 2 14
3 9 7
t 247 16
m0 0 14
m1 5 4
m2 -5 -5
1 1 0
2 2 13
3 9 6
t 246 16
m0 0 13
m1 5 4
m2 -5 -5
1 0 0
2 2 14
3 8 6
t 245 16
m0 0 13
m1 6 4
m2 -5 -5
1 1 0
2 2 13
3 9 6
t 244 16
m0 1 13
m1 5 4
m2 -5 -5
1 0 0
2 2 14
3 9 7
t 243 16
m0 1 13
m1 6 4
m2 -5 -5
1 1 0
2 3 14
3 9 6
t 242 16
m0 2 13
m1 7 4
m2 -5 -5
1 0 0
2 2 14
3 8 6
t 241 17
m0 -5 -5
m1 6 4
m2 -5 -5
1 1 0
2 3 14
3 9 6
t 240 18
m0 -5 -5
m1 6 4
m2 -5 -5
1 0 0
2 2 14
3 8 6
t 239 18
m0 -5 -5
m1 6 5
m2 -5 -5
1 1 0
2 3 14
3 9 6
t 238 19
m0 -5 -5
m1 6 6
m2 -5 -5
1 0 0
2 2 14
3 9 7
t 237 19
m0 -5 -5
m1 6 7
m2 -5 -5
1 1 0
2 2 13
3 9 6
t 236 20
m0 -5 -5
m1 6 7
m2 -5 -5
1 0 0
2 2 14
3 9 7
t 235 20
m0 -5 -5
m1 6 8
m2 -5 -5
1 1 0
2 2 13
3 9 6
t 234 21
m0 -5 -5
m1 6 8
m2 -5 -5
1 0 0
2 2 14
3 9 7
t 233 21
m0 -5 -5
m1 6 8
m2 -5 -5
1 1 0
2 3 14
3 9 6
t 232 21
m0 -5 -5
m1 6 8
m2 -5 -5
1 0 0
2 2 14
3 8 6
t 231 21
m0 -5 -5
m1 6 9
m2 -5 -5
1 1 0
2 3 14
3 9 6
t 230 21
m0 -5 -5
m1 6 10
m2 -5 -5
1 0 0
2 2 14
3 9 7
t 229 21
m0 -5 -5
m1 7 10
m2 -5 -5
1 1 0
2 3 14
3 9 6
t 228 22
m0 -5 -5
m1 7 10
m2 -5 -5
1 0 0
2 2 14
3 9 7
t 227 22
m0 -5 -5
m1 7 11
m2 -5 -5
1 1 0
2 3 14
3 9 6
t 226 22
m0 -5 -5
m1 7 11
m2 -5 -5
1 0 0
2 2 14
3 8 6
t 225 22
m0 -5 -5
m1 7 10
m2 -5 -5
1 1 0
2 3 14
3 9 6
t 224 22
m0 -5 -5
m1 7 10
m2 -5 -5
1 0 0
2 2 14
3 8 6
t 223 22
m0 -5 -5
m1 7 10
m2 -5 -5
1 1 0
2 3 14
3 9 6
t 222 22
m0 -5 -5
m1 6 10
m2 -5 -5
1 0 0
2 2 14
3 8 6
t 221 22
m0 -5 -5
m1 7 10
m2 -5 -5
1 1 0
2 3 14
3 9 6
t 220 22
m0 -5 -5
m1 7 11
m2 -5 -5
1 0 0
2 2 14
3 9 7
t 219 22
m0 -5 -5
m1 8 11
m2 -5 -5
1 1 0
2 3 14
3 9 6
t 218 23
m0 -5 -5
m1 7 11
m2 -5 -5
1 0 0
2 2 14
3 9 7
t 217 23
m0 -5 -5
m1 7 10
m2 -5 -5
1 1 0
2 2 13
3 9 6
t 216 23
m0 -5 -5
m1 7 10
m2 -5 -5
1 0 0
2 2 14
3 8 6
t 215 23
m0 -5 -5
m1 7 10
m2 -5 -5
1 1 0
2 3 14
3 9 6
t 214 23
m0 -5 -5
m1 7 11
m2 -5 -5
1 0 0
2 2 14
3 9 7
t 213 23
m0 -5 -5
m1 7 11
m2 -5 -5
1 1 0
2 3 14
3 9 6
t 212 23
m0 -5 -5
m1 7 11
m2 -5 -5
1 0 0
2 2 14
3 8 6
t 211 23
m0 -5 -5
m1 8 11
m2 -5 -5
1 1 0
2 3 14
3 9 6
t 210 23
m0 -5 -5
m1 7 11
m2 -5 -5
1 0 0
2 2 14
3 9 7
t 209 23
m0 -5 -5
m1 7 10
m2 -5 -5
1 1 0
2 2 13
3 9 6
t 208 23
m0 -5 -5
m1 7 10
m2 -5 -5
1 0 0
2 2 14
3 8 6
t 207 23
m0 -5 -5
m1 7 11
m2 -5 -5
1 1 0
2 2 13
3 9 6
t 206 23
m0 -5 -5
m1 7 10
m2 -5 -5
1 0 0
2 2 14
3 8 6
t 205 23
m0 -5 -5
m1 6 10
m2 -5 -5
1 1 0
2 3 14
3 9 6
t 204 23
m0 -5 -5
m1 6 10
m2 -5 -5
1 0 0
2 2 14
3 8 6
t 203 23
m0 -5 -5
m1 6 9
m2 -5 -5
1 1 0
2 2 13
3 9 6
t 202 23
m0 -5 -5
m1 6 9
m2 -5 -5
1 0 0
2 2 14
3 8 6
t 201 23
m0 -5 -5
m1 6 8
m2 -5 -5
1 1 0
2 2 13
3 9 6
t 200 23
m0 -5 -5
m1 7 8
m2 -5 -5
1 0 0
2 2 14
3 9 7
t 199 24
m0 -5 -5
m1 7 8
m2 -5 -5
1 1 0
2 3 14
3 9 6
t 198 24
m0 -5 -5
m1 8 8
m2 -5 -5
1 0 0
2 2 14
3 8 6
t 197 25
m0 -5 -5
m1 9 8
m2 -5 -5
1 1 0
2 2 13
3 9 6
t 196 26
m0 -5 -5
m1 9 9
m2 -5 -5
1 0 0
2 2 14
3 9 7
t 195 26
m0 -5 -5
m1 9 9
m2 -5 -5
1 1 0
2 3 14
3 9 6
t 194 26
m0 -5 -5
m1 9 9
m2 -5 -5
1 0 0
2 2 14
3 8 6
t 193 26
m0 -5 -5
m1 9 9
m2 -5 -5
1 1 0
2 2 13
3 9 6
t 192 26
m0 -5 -5
m1 9 10
m2 -5 -5
1 0 0
2 2 14
3 8 6
t 191 26
m0 -5 -5
m1 9 9
m2 -5 -5
1 1 0
2 2 13
3 9 6
t 190 26
m0 -5 -5
m1 8 9
m2 -5 -5
1 0 0
2 2 14
3 8 6
t 189 26
m0 -5 -5
m1 8 8
m2 -5 -5
1 1 0
2 2 13
3 9 6
t 188 26
m0 -5 -5
m1 8 9
m2 -5 -5
1 0 0
2 2 14
3 9 7
t 187 26
m0 -5 -5
m1 8 8
m2 -5 -5
1 1 0
2 2 13
3 9 6
t 186 26
m0 -5 -5
m1 8 8
m2 -5 -5
1 0 0
2 2 14
3 8 6
t 185 26
m0 -5 -5
m1 8 8
m2 -5 -5
1 1 0
2 3 14
3 9 6
t 184 26
m0 -5 -5
m1 8 9
m2 -5 -5
1 0 0
2 2 14
3 9 7
t 183 26
m0 -5 -5
m1 8 9
m2 -5 -5
1 1 0
2 3 14
3 9 6
t 182 26
m0 -5 -5
m1 9 9
m2 -5 -5
1 0 0
2 2 14
3 8 6
t 181 26
m0 -5 -5
m1 9 9
m2 -5 -5
1 1 0
2 2 13
3 9 6
t 180 26
m0 -5 -5
m1 9 9
m2 -5 -5
1 0 0
2 2 14
3 8 6
t 179 26
m0 -5 -5
m1 9 8
m2 -5 -5
1 1 0
2 3 14
3 9 6
t 178 26
m0 -5 -5
m1 9 9
m2 -5 -5
1 0 0
2 2 14
3 9 7
t 177 26
m0 -5 -5
m1 9 8
m2 -5 -5
1 1 0
2 2 13
3 9 6
t 176 26
m0 -5 -5
m1 9 8
m2 -5 -5
1 0 0
2 2 14
3 8 6
t 175 26
m0 -5 -5
m1 8 8
m2 -5 -5
1 1 0
2 3 14
3 9 6
t 174 26
m0 -5 -5
m1 9 8
m2 -5 -5
1 0 0
2 2 14
3 9 7
t 173 26
m0 -5 -5
m1 9 8
m2 -5 -5
1 1 0
2 3 14
3 9 6
t 172 26
m0 -5 -5
m1 9 8
m2 -5 -5
1 0 0
2 2 14
3 8 6
t 171 26
m0 -5 -5
m1 9 9
m2 -5 -5
1 1 0
2 3 14
3 9 6
t 170 26
m0 -5 -5
m1 8 9
m2 -5 -5
1 0 0
2 2 14
3 9 7
t 169 26
m0 -5 -5
m1 9 9
m2 -5 -5
1 1 0
2 2 13
3 9 6
t 168 26
m0 -5 -5
m1 9 8
m2 -5 -5
1 0 0
2 2 14
3 9 7
t 167 26
m0 -5 -5
m1 9 9
m2 -5 -5
1 1 0
2 3 14
3 9 6
t 166 26
m0 -5 -5
m1 8 9
m2 -5 -5
1 0 0
2 2 14
3 9 7
t 165 26
m0 -5 -5
m1 8 8
m2 -5 -5
1 1 0
2 2 13
3 9 6
t 164 26
m0 -5 -5
m1 8 8
m2 -5 -5
1 0 0
2 2 14
3 9 7
t 163 26
m0 -5 -5
m1 8 9
m2 -5 -5
1 1 0
2 2 13
3 9 6
t 162 26
m0 -5 -5
m1 9 9
m2 -5 -5
1 0 0
2 2 14
3 9 7
t 161 26
m0 -5 -5
m1 9 10
m2 -5 -5
1 1 0
2 3 14
3 9 6
t 160 26
m0 -5 -5
m1 9 11
m2 -5 -5
1 0 0
2 2 14
3 8 6
t 159 26
m0 -5 -5
m1 9 10
m2 -5 -5
1 1 0
2 3 14
3 9 6
t 158 26
m0 -5 -5
m1 9 10
m2 -5 -5
1 0 0
2 2 14
3 8 6
t 157 26
m0 -5 -5
m1 9 10
m2 -5 -5
1 1 0
2 2 13
3 9 6
t 156 26
m0 -5 -5
m1 9 10
m2 -5 -5
1 0 0
2 2 14
3 8 6
t 155 26
m0 -5 -5
m1 9 11
m2 -5 -5
1 1 0
2 3 14
3 9 6
t 154 26
m0 -5 -5
m1 9 11
m2 -5 -5
1 0 0
2 2 14
3 9 7
t 153 26
m0 -5 -5
m1 8 11
m2 -5 -5
1 1 0
2 2 13
3 9 6
t 152 26
m0 -5 -5
m1 9 11
m2 -5 -5
1 0 0
2 2 14
3 8 6
t 151 26
m0 -5 -5
m1 8 11
m2 -5 -5
1 1 0
2 3 14
3 9 6
t 150 26
m0 -5 -5
m1 7 11
m2 -5 -5
1 0 0
2 2 14
3 8 6
t 149 26
m0 -5 -5
m1 7 10
m2 -5 -5
1 1 0
2 2 13
3 9 6
t 148 26
m0 -5 -5
m1 7 11
m2 -5 -5
1 0 0
2 2 14
3 9 7
t 147 26
m0 -5 -5
m1 7 11
m2 -5 -5
1 1 0
2 3 14
3 9 6
t 146 26
m0 -5 -5
m1 7 11
m2 -5 -5
1 0 0
2 2 14
3 9 7
t 145 26
m0 -5 -5
m1 7 11
m2 -5 -5
1 1 0
2 2 13
3 9 6
t 144 26
m0 -5 -5
m1 7 11
m2 -5 -5
1 0 0
2 2 14
3 9 7
t 143 26
m0 -5 -5
m1 8 11
m2 -5 -5
1 1 0
2 2 13
3 9 6
t 142 26
m0 -5 -5
m1 8 11
m2 -5 -5
1 0 0
2 2 14
3 8 6
t 141 26
m0 -5 -5
m1 9 11
m2 -5 -5
1 1 0
2 3 14
3 9 6
t 140 26
m0 -5 -5
m1 9 10
m2 -5 -5
1 0 0
2 2 14
3 8 6
t 139 26
m0 -5 -5
m1 9 10
m2 -5 -5
1 1 0
2 2 13
3 9 6
t 138 26
m0 -5 -5
m1 9 9
m2 -5 -5
1 0 0
2 2 14
3 9 7
t 137 26
m0 -5 -5
m1 8 9
m2 -5 -5
1 1 0
2 2 13
3 9 6
t 136 26
m0 -5 -5
m1 8 8
m2 -5 -5
1 0 0
2 2 14
3 8 6
t 135 26
m0 -5 -5
m1 9 8
m2 -5 -5
1 1 0
2 2 13
3 9 6
t 134 26
m0 -5 -5
m1 9 9
m2 -5 -5
1 0 0
2 2 14
3 8 6
t 133 26
m0 -5 -5
m1 9 10
m2 -5 -5
1 1 0
2 3 14
3 9 6
t 132 26
m0 -5 -5
m1 9 11
m2 -5 -5
1 0 0
2 2 14
3 8 6
t 131 26
m0 -5 -5
m1 8 11
m2 -5 -5
1 1 0
2 3 14
3 9 6
t 130 26
m0 -5 -5
m1 9 11
m2 -5 -5
1 0 0
2 2 14
3 8 6
t 129 26
m0 -5 -5
m1 8 11
m2 -5 -5
1 1 0
2 2 13
3 9 6
t 128 26
m0 -5 -5
m1 8 12
m2 -5 -5
1 0 0
2 2 14
3 9 7
t 127 27
m0 -5 -5
m1 8 13
m2 -5 -5
1 1 0
2 2 13
3 9 6
t 126 28
m0 -5 -5
m1 8 12
m2 -5 -5
1 0 0
2 2 14
3 8 6
t 125 28
m0 -5 -5
m1 8 13
m2 -5 -5
1 1 0
2 3 14
3 9 6
t 124 28
m0 -5 -5
m1 8 12
m2 -5 -5
1 0 0
2 2 14
3 8 6
t 123 28
m0 -5 -5
m1 8 13
m2 -5 -5
1 1 0
2 3 14
3 9 6
t 122 28
m0 -5 -5
m1 8 12
m2 -5 -5
1 0 0
2 2 14
3 8 6
t 121 28
m0 -5 -5
m1 8 12
m2 -5 -5
1 1 0
2 3 14
3 9 6
t 120 28
m0 -5 -5
m1 8 12
m2 -5 -5
1 0 0
2 2 14
3 9 7
t 119 28
m0 -5 -5
m1 8 12
m2 -5 -5
1 1 0
2 3 14
3 9 6
t 118 28
m0 -5 -5
m1 8 12
m2 -5 -5
1 0 0
2 2 14
3 9 7
t 117 28
m0 -5 -5
m1 8 11
m2 -5 -5
1 1 0
2 2 13
3 9 6
t 116 28
m0 -5 -5
m1 9 11
m2 -5 -5
1 0 0
2 2 14
3 9 7
t 115 28
m0 -5 -5
m1 8 11
m2 -5 -5
1 1 0
2 3 14
3 9 6
t 114 28
m0 -5 -5
m1 8 11
m2 -5 -5
1 0 0
2 2 14
3 9 7
t 113 28
m0 -5 -5
m1 9 11
m2 -5 -5
1 1 0
2 3 14
3 9 6
t 112 28
m0 -5 -5
m1 9 10
m2 -5 -5
1 0 0
2 2 14
3 8 6
t 111 28
m0 -5 -5
m1 9 10
m2 -5 -5
1 1 0
2 2 13
3 9 6
t 110 28
m0 -5 -5
m1 9 11
m2 -5 -5
1 0 0
2 2 14
3 9 7
t 109 28
m0 -5 -5
m1 9 11
m2 -5 -5
1 1 0
2 2 13
3 9 6
t 108 28
m0 -5 -5
m1 9 10
m2 -5 -5
1 0 0
2 2 14
3 8 6
t 107 28
m0 -5 -5
m1 9 9
m2 -5 -5
1 1 0
2 3 14
3 9 6
t 106 28
m0 -5 -5
m1 9 10
m2 -5 -5
1 0 0
2 2 14
3 9 7
t 105 28
m0 -5 -5
m1 9 11
m2 -5 -5
1 1 0
2 3 14
3 9 6
t 104 28
m0 -5 -5
m1 9 11
m2 -5 -5
1 0 0
2 2 14
3 9 7
t 103 28
m0 -5 -5
m1 9 11
m2 -5 -5
1 1 0
2 3 14
3 9 6
t 102 28
m0 -5 -5
m1 8 11
m2 -5 -5
1 0 0
2 2 14
3 9 7
t 101 28
m0 -5 -5
m1 8 12
m2 -5 -5
1 1 0
2 3 14
3 9 6
t 100 28
m0 -5 -5
m1 8 13
m2 -5 -5
1 0 0
2 2 14
3 8 6
t 99 28
m0 -5 -5
m1 8 13
m2 -5 -5
1 1 0
2 2 13
3 9 6
t 98 28
m0 -5 -5
m1 9 13
m2 -5 -5
1 0 0
2 2 14
3 8 6
t 97 29
m0 -5 -5
m1 9 13
m2 -5 -5
1 1 0
2 3 14
3 9 6
t 96 29
m0 -5 -5
m1 9 13
m2 -5 -5
1 0 0
2 2 14
3 9 7
t 95 29
m0 -5 -5
m1 8 13
m2 -5 -5
1 1 0
2 3 14
3 9 6
t 94 29
m0 -5 -5
m1 8 13
m2 -5 -5
1 0 0
2 2 14
3 9 7
t 93 29
m0 -5 -5
m1 9 13
m2 -5 -5
1 1 0
2 2 13
3 9 6
t 92 29
m0 -5 -5
m1 8 13
m2 -5 -5
1 0 0
2 2 14
3 8 6
t 91 29
m0 -5 -5
m1 8 12
m2 -5 -5
1 1 0
2 2 13
3 9 6
t 90 29
m0 -5 -5
m1 8 12
m2 -5 -5
1 0 0
2 2 14
3 9 7
t 89 29
m0 -5 -5
m1 8 13
m2 -5 -5
1 1 0
2 3 14
3 9 6
t 88 29
m0 -5 -5
m1 9 13
m2 -5 -5
1 0 0
2 2 14
3 9 7
t 87 29
m0 -5 -5
m1 9 13
m2 -5 -5
1 1 0
2 3 14
3 9 6
t 86 29
m0 -5 -5
m1 9 13
m2 -5 -5
1 0 0
2 2 14
3 8 6
t 85 29
m0 -5 -5
m1 8 13
m2 -5 -5
1 1 0
2 2 13
3 9 6
t 84 29
m0 -5 -5
m1 8 14
m2 -5 -5
1 0 0
2 2 14
3 9 7
t 83 29
m0 -5 -5
m1 8 14
m2 -5 -5
1 1 0
2 2 13
3 9 6
t 82 29
m0 -5 -5
m1 7 14
m2 -5 -5
1 0 0
2 2 14
3 9 7
t 81 30
m0 -5 -5
m1 8 14
m2 -5 -5
1 1 0
2 2 13
3 9 6
t 80 30
m0 -5 -5
m1 8 13
m2 -5 -5
1 0 0
2 2 14
3 8 6
t 79 30
m0 -5 -5
m1 9 13
m2 -5 -5
1 1 0
2 2 13
3 9 6
t 78 30
m0 -5 -5
m1 9 13
m2 -5 -5
1 0 0
2 2 14
3 8 6
t 77 30
m0 -5 -5
m1 8 13
m2 -5 -5
1 1 0
2 2 13
3 9 6
t 76 30
m0 -5 -5
m1 8 12
m2 -5 -5
1 0 0
2 2 14
3 8 6
t 75 30
m0 -5 -5
m1 8 11
m2 -5 -5
1 1 0
2 3 14
3 9 6
t 74 30
m0 -5 -5
m1 8 11
m2 -5 -5
1 0 0
2 2 14
3 9 7
t 73 30
m0 -5 -5
m1 8 11
m2 -5 -5
1 1 0
2 3 14
3 9 6
t 72 30
m0 -5 -5
m1 8 12
m2 -5 -5
1 0 0
2 2 14
3 8 6
t 71 30
m0 -5 -5
m1 8 11
m2 -5 -5
1 1 0
2 3 14
3 9 6
t 70 30
m0 -5 -5
m1 7 11
m2 -5 -5
1 0 0
2 2 14
3 8 6
t 69 30
m0 -5 -5
m1 7 10
m2 -5 -5
1 1 0
2 3 14
3 9 6
t 68 30
m0 -5 -5
m1 6 10
m2 -5 -5
1 0 0
2 2 14
3 8 6
t 67 30
m0 -5 -5
m1 7 10
m2 -5 -5
1 1 0
2 3 14
3 9 6
t 66 30
m0 -5 -5
m1 7 10
m2 -5 -5
1 0 0
2 2 14
3 9 7
t 65 30
m0 -5 -5
m1 6 10
m2 -5 -5
1 1 0
2 2 13
3 9 6
t 64 30
m0 -5 -5
m1 5 10
m2 -5 -5
1 0 0
2 2 14
3 8 6
t 63 31
m0 -5 -5
m1 4 10
m2 -5 -5
1 1 0
2 3 14
3 9 6
t 62 31
m0 -5 -5
m1 4 11
m2 -5 -5
1 0 0
2 2 14
3 8 6
t 61 31
m0 -5 -5
m1 4 10
m2 -5 -5
1 1 0
2 3 14
3 9 6
t 60 31
m0 -5 -5
m1 3 10
m2 -5 -5
1 0 0
2 2 14
3 9 7
t 59 31
m0 -5 -5
m1 3 9
m2 -5 -5
1 1 0
2 2 13
3 9 6
t 58 31
m0 -5 -5
m1 3 9
m2 -5 -5
1 0 0
2 2 14
3 8 6
t 57 31
m0 -5 -5
m1 4 9
m2 -5 -5
1 1 0
2 2 13
3 9 6
t 56 31
m0 -5 -5
m1 4 9
m2 -5 -5
1 0 0
2 2 14
3 9 7
t 55 31
m0 -5 -5
m1 4 8
m2 -5 -5
1 1 0
2 2 13
3 9 6
t 54 41
m0 -5 -5
m1 3 8
m2 -5 -5
1 0 0
2 2 14
3 9 7
t 53 41
m0 -5 -5
m1 3 8
m2 -5 -5
1 1 0
2 3 14
3 9 6
t 52 41
m0 -5 -5
m1 3 9
m2 -5 -5
1 0 0
2 2 14
3 8 6
t 51 41
m0 -5 -5
m1 3 8
m2 -5 -5
1 1 0
2 3 14
3 9 6
t 50 41
m0 -5 -5
m1 3 9
m2 -5 -5
1 0 0
2 2 14
3 8 6
t 49 41
m0 -5 -5
m1 3 10
m2 -5 -5
1 1 0
2 2 13
3 9 6
t 48 41
m0 -5 -5
m1 3 10
m2 -5 -5
1 0 0
2 2 14
3 8 6
t 47 41
m0 -5 -5
m1 3 10
m2 -5 -5
1 1 0
2 2 13
3 9 6
t 46 41
m0 -5 -5
m1 4 10
m2 -5 -5
1 0 0
2 2 14
3 9 7
t 45 41
m0 -5 -5
m1 3 10
m2 -5 -5
1 1 0
2 3 14
3 9 6
t 44 41
m0 -5 -5
m1 2 10
m2 -5 -5
1 0 0
2 2 14
3 8 6
t 43 41
m0 -5 -5
m1 3 10
m2 -5 -5
1 1 0
2 2 13
3 9 6
t 42 41
m0 -5 -5
m1 2 10
m2 -5 -5
1 0 0
2 2 14
3 9 7
t 41 41
m0 -5 -5
m1 1 10
m2 -5 -5
1 1 0
2 3 14
3 9 6
t 40 41
m0 -5 -5
m1 0 10
m2 -5 -5
1 0 0
2 2 14
3 9 7
t 39 42
m0 -5 -5
m1 1 10
m2 -5 -5
1 1 0
2 2 13
3 9 6
t 38 42
m0 -5 -5
m1 0 10
m2 -5 -5
1 0 0
2 2 14
3 8 6
t 37 42
m0 -5 -5
m1 1 10
m2 -5 -5
1 1 0
2 2 13
3 9 6
t 36 42
m0 -5 -5
m1 1 10
m2 -5 -5
1 0 0
2 2 14
3 8 6
t 35 42
m0 -5 -5
m1 1 10
m2 -5 -5
1 1 0
2 3 14
3 9 6
t 34 42
m0 -5 -5
m1 1 10
m2 -5 -5
1 0 0
2 2 14
3 9 7
t 33 42
m0 -5 -5
m1 1 11
m2 -5 -5
1 1 0
2 2 13
3 9 6
t 32 42
m0 -5 -5
m1 1 10
m2 -5 -5
1 0 0
2 2 14
3 8 6
t 31 42
m0 -5 -5
m1 2 10
m2 -5 -5
1 1 0
2 3 14
3 9 6
t 30 42
m0 -5 -5
m1 2 10
m2 -5 -5
1 0 0
2 2 14
3 9 7
t 29 42
m0 -5 -5
m1 1 10
m2 -5 -5
1 1 0
2 3 14
3 9 6
t 28 42
m0 -5 -5
m1 1 11
m2 -5 -5
1 0 0
2 2 14
3 8 6
t 27 42
m0 -5 -5
m1 1 10
m2 -5 -5
1 1 0
2 2 13
3 9 6
t 26 42
m0 -5 -5
m1 0 10
m2 -5 -5
1 0 0
2 2 14
3 8 6
t 25 42
m0 -5 -5
m1 0 10
m2 -5 -5
1 1 0
2 2 13
3 9 6
t 24 42
m0 -5 -5
m1 0 10
m2 -5 -5
1 0 0
2 2 14
3 8 6
t 23 42
m0 -5 -5
m1 0 11
m2 -5 -5
1 1 0
2 3 14
3 9 6
t 22 42
m0 -5 -5
m1 1 11
m2 -5 -5
1 0 0
2 2 14
3 8 6
f 7 6
t 21 42
m0 -5 -5
m1 1 10
m2 -5 -5
1 1 0
2 2 13
3 9 6
t 20 42
m0 -5 -5
m1 0 10
m2 -5 -5
1 0 0
2 2 14
3 8 6
t 19 42
m0 -5 -5
m1 0 10
m2 -5 -5
1 1 0
2 3 14
3 9 6
t 18 42
m0 -5 -5
m1 0 10
m2 -5 -5
1 0 0
2 2 14
3 8 6
t 17 42
m0 -5 -5
m1 0 10
m2 -5 -5
1 1 0
2 3 14
3 9 6
t 16 42
m0 -5 -5
m1 0 10
m2 -5 -5
1 0 0
2 2 14
3 8 6
t 15 42
m0 -5 -5
m1 0 9
m2 -5 -5
1 1 0
2 3 14
3 9 6
t 14 42
m0 -5 -5
m1 0 8
m2 -5 -5
1 0 0
2 2 14
3 8 6
t 13 43
m0 -5 -5
m1 0 7
m2 -5 -5
1 1 0
2 3 14
3 9 6
t 12 43
m0 -5 -5
m1 1 7
m2 -5 -5
1 0 0
2 2 14
3 8 6
t 11 44
m0 -5 -5
m1 1 8
m2 -5 -5
1 1 0
2 3 14
3 9 6
t 10 45
m0 -5 -5
m1 1 7
m2 -5 -5
1 0 0
2 2 14
3 8 6
t 9 45
m0 -5 -5
m1 1 7
m2 -5 -5
1 1 0
2 3 14
3 9 6
t 8 45
m0 -5 -5
m1 0 7
m2 -5 -5
1 0 0
2 2 14
3 9 7
t 7 45
m0 -5 -5
m1 0 7
m2 -5 -5
1 1 0
2 3 14
3 9 6
t 6 45
m0 -5 -5
m1 0 7
m2 -5 -5
1 0 0
2 2 14
3 8 6
t 5 45
m0 -5 -5
m1 0 8
m2 -5 -5
1 1 0
2 2 13
3 9 6
t 4 45
m0 -5 -5
m1 0 7
m2 -5 -5
1 0 0
2 2 14
3 9 7
t 3 45
m0 -5 -5
m1 0 6
m2 -5 -5
1 1 0
2 2 13
3 9 6
t 2 46
m0 -5 -5
m1 0 5
m2 -5 -5
1 0 0
2 2 14
3 9 7
t 1 47
m0 -5 -5
m1 1 5
m2 -5 -5
1 0 0
2 2 14
3 9 7
t 0 47
