10
15
w 4 7
w 6 6
w 3 0
w 8 0
w 5 13
w 0 7
w 0 10
w 3 7
w 0 3
w 3 14
w 4 0
w 8 14
w 4 9
w 3 10
w 6 10
w 1 14
w 6 3
w 0 4
w 2 2
w 4 10
w 2 6
w 3 13
w 8 11
w 0 12
w 9 10
w 3 9
w 2 3
w 1 9
w 6 12
w 9 6
w 2 7
w 0 1
w 6 1
w 2 11
w 7 4
w 2 0
w 8 8
p 7 3
p 6 9
p 1 3
p 8 13
p 7 12
p 9 8
p 3 11
p 7 7
p 6 2
p 4 12
p 8 5
p 7 2
p 5 8
p 1 2
p 6 14
p 6 7
p 5 5
p 2 9
p 8 1
p 7 6
p 5 12
p 4 13
p 0 11
p 9 11
p 2 13
p 3 6
p 1 10
p 8 6
p 6 4
p 9 14
p 5 11
p 6 11
p 1 13
p 4 5
p 7 1
p 6 0
p 7 5
p 8 7
p 1 0
p 0 8
p 4 11
p 6 5
p 9 13
p 3 12
p 6 8
p 1 12
p 8 12
p 9 2
p 7 0
p 0 13
p 3 8
p 0 6
p 0 9
p 9 5
p 7 8
p 0 2
m0 0 14
m1 0 14
m2 0 14
1 9 0
2 9 0
3 9 0
t 300 0
m0 0 13
m1 0 14
m2 0 14
1 9 1
2 9 1
3 9 1
t 299 1
m0 1 13
m1 0 14
m2 0 14
1 9 0
2 8 1
3 9 2
f 8 3
t 298 2
m0 1 13
m1 0 13
m2 0 14
1 9 1
2 7 1
3 8 2
t 297 2
m0 2 13
m1 0 13
m2 0 14
1 9 0
2 7 0
3 8 3
t 296 3
m0 2 14
m1 0 14
m2 0 14
1 9 1
2 6 0
3 7 3
t 295 3
m0 2 13
m1 0 14
m2 0 13
1 9 0
2 5 0
3 8 3
t 294 3
m0 2 14
m1 0 14
m2 0 14
1 9 1
2 6 0
3 7 3
t 293 3
m0 2 13
m1 0 14
m2 0 14
1 9 0
2 5 0
3 8 3
t 292 3
m0 2 14
m1 0 14
m2 0 13
1 9 1
2 6 0
3 7 3
t 291 3
m0 2 14
m1 0 14
m2 0 14
1 9 0
2 5 0
3 8 3
t 290 3
m0 2 13
m1 0 13
m2 0 14
1 9 1
2 6 0
3 7 3
t 289 3
m0 2 14
m1 0 14
m2 0 13
1 9 0
2 5 0
3 8 3
t 288 3
m0 2 14
m1 0 14
m2 0 14
1 9 1
2 6 0
3 7 3
t 287 3
m0 2 14
m1 0 14
m2 0 14
1 9 0
2 5 0
3 8 3
t 286 3
m0 2 13
m1 0 13
m2 0 14
1 9 1
2 6 0
3 7 3
t 285 3
m0 2 12
m1 1 13
m2 0 14
1 9 0
2 5 0
3 8 3
t 284 3
m0 3 12
m1 2 13
m2 0 14
1 9 1
2 6 0
3 7 3
t 283 4
m0 3 12
m1 2 14
m2 0 13
1 9 0
2 5 0
3 8 3
t 282 4
m0 3 12
m1 2 14
m2 0 14
1 9 1
2 6 0
3 7 3
t 281 4
m0 3 11
m1 2 13
m2 0 14
1 9 0
2 5 0
3 8 3
t 280 5
m0 3 11
m1 2 13
m2 0 14
1 9 1
2 6 0
3 7 3
t 279 5
m0 3 11
m1 2 13
m2 0 14
1 9 0
2 5 0
3 8 3
t 278 5
m0 3 11
m1 2 13
m2 0 14
1 9 1
2 6 0
3 7 3
t 277 5
m0 3 11
m1 2 14
m2 0 13
1 9 0
2 5 0
3 8 3
t 276 5
m0 3 12
m1 2 14
m2 0 13
1 9 1
2 6 0
3 7 3
t 275 5
m0 3 12
m1 2 14
m2 0 13
1 9 0
2 5 0
3 8 3
t 274 5
m0 4 12
m1 2 14
m2 0 13
1 9 1
2 6 0
3 7 3
t 273 6
m0 4 12
m1 2 14
m2 0 13
1 9 0
2 5 0
3 8 3
t 272 6
m0 5 12
m1 2 14
m2 0 13
1 9 1
2 6 0
3 7 3
t 271 7
m0 5 12
m1 2 14
m2 0 13
1 9 0
2 5 0
3 8 3
t 270 7
m0 5 11
m1 2 14
m2 0 13
1 9 1
2 6 0
3 7 3
t 269 8
m0 5 10
m1 2 14
m2 0 13
1 9 0
2 5 0
3 8 3
t 268 8
m0 5 9
m1 2 14
m2 0 14
1 9 1
2 6 0
3 7 3
t 267 8
m0 5 10
m1 2 14
m2 0 14
1 9 0
2 5 0
3 8 3
t 266 8
m0 5 10
m1 2 13
m2 0 14
1 9 1
2 6 0
3 7 3
t 265 8
m0 5 10
m1 2 13
m2 0 14
1 9 0
2 5 0
3 8 3
t 264 8
m0 5 10
m1 2 13
m2 0 14
1 9 1
2 6 0
3 7 3
t 263 8
m0 5 9
m1 2 13
m2 0 14
1 9 0
2 5 0
3 8 3
t 262 8
m0 5 10
m1 2 14
m2 0 14
1 9 1
2 6 0
3 7 3
t 261 8
m0 5 9
m1 2 13
m2 0 14
1 9 0
2 5 0
3 8 3
t 260 8
m0 5 9
m1 2 14
m2 0 13
1 9 1
2 6 0
3 7 3
t 259 8
m0 6 9
m1 2 14
m2 0 13
1 9 0
2 5 0
3 8 3
t 258 9
m0 7 9
m1 2 14
m2 0 14
1 9 1
2 6 0
3 7 3
t 257 9
m0 7 10
m1 2 14
m2 0 13
1 9 0
2 5 0
3 8 3
t 256 9
m0 7 11
m1 2 14
m2 0 13
1 9 1
2 6 0
3 7 3
t 255 9
m0 7 10
m1 2 14
m2 0 13
1 9 0
2 5 0
3 8 3
t 254 9
m0 8 10
m1 2 14
m2 0 13
1 9 1
2 6 0
3 7 3
t 253 9
m0 8 9
m1 2 14
m2 0 14
1 9 0
2 5 0
3 8 3
t 252 9
m0 7 9
m1 2 14
m2 0 13
1 9 1
2 6 0
3 7 3
t 251 9
m0 8 9
m1 2 14
m2 0 14
1 9 0
2 5 0
3 8 3
t 250 9
m0 8 9
m1 2 13
m2 0 14
1 9 1
2 6 0
3 7 3
t 249 9
m0 8 10
m1 2 12
m2 0 14
1 9 0
2 5 0
3 8 3
t 248 9
m0 8 9
m1 3 12
m2 0 14
1 9 1
2 6 0
3 7 3
t 247 9
m0 9 9
m1 3 12
m2 0 14
1 9 0
2 5 0
3 8 3
t 246 9
m0 9 8
m1 3 11
m2 0 14
1 9 1
2 6 0
3 7 3
t 245 10
m0 9 9
m1 3 11
m2 0 13
1 9 0
2 5 0
3 8 3
t 244 10
m0 9 9
m1 4 11
m2 0 13
1 9 1
2 6 0
3 7 3
t 243 11
m0 9 8
m1 4 12
m2 0 14
1 9 0
2 5 0
3 8 3
t 242 11
m0 9 7
m1 4 11
m2 0 13
1 9 1
2 6 0
3 7 3
t 241 11
m0 8 7
m1 4 11
m2 0 14
1 9 0
2 5 0
3 8 3
t 240 12
m0 8 7
m1 4 11
m2 0 14
1 9 1
2 6 0
3 7 3
t 239 12
m0 8 7
m1 3 11
m2 0 14
1 9 0
2 5 0
3 8 3
t 238 12
m0 9 7
m1 4 11
m2 0 14
1 9 1
2 6 0
3 7 3
t 237 12
m0 9 7
m1 4 11
m2 0 13
1 9 0
2 5 0
3 8 3
t 236 12
m0 8 7
m1 4 11
m2 1 13
1 9 1
2 6 0
3 7 3
t 235 12
m0 8 6
m1 5 11
m2 0 13
1 9 0
2 5 0
3 8 3
t 234 13
m0 7 6
m1 4 11
m2 0 13
1 9 1
2 6 0
3 7 3
t 233 14
m0 8 6
m1 5 11
m2 0 13
1 9 0
2 5 0
3 8 3
t 232 14
m0 7 6
m1 5 10
m2 0 14
1 9 1
2 6 0
3 7 3
t 231 14
m0 8 6
m1 5 10
m2 0 14
1 9 0
2 5 0
3 8 3
t 230 14
m0 8 5
m1 5 9
m2 0 14
1 9 1
2 6 0
3 7 3
t 229 15
m0 8 5
m1 5 10
m2 0 13
1 9 0
2 5 0
3 8 3
t 228 15
m0 8 6
m1 5 11
m2 0 13
1 9 1
2 6 0
3 7 3
t 227 15
m0 8 6
m1 5 12
m2 0 13
1 9 0
2 5 0
3 8 3
t 226 15
m0 8 6
m1 5 11
m2 0 14
1 9 1
2 6 0
3 7 3
t 225 15
m0 8 5
m1 6 11
m2 0 14
1 9 0
2 5 0
3 8 3
t 224 16
m0 8 6
m1 5 11
m2 0 14
1 9 1
2 6 0
3 7 3
t 223 16
m0 8 6
m1 5 12
m2 0 14
1 9 0
2 5 0
3 8 3
t 222 16
m0 8 5
m1 5 11
m2 0 13
1 9 1
2 6 0
3 7 3
t 221 16
m0 9 5
m1 5 11
m2 0 14
1 9 0
2 5 0
3 8 3
t 220 17
m0 9 4
m1 5 11
m2 0 14
1 9 1
2 6 0
3 7 3
t 219 17
m0 8 4
m1 6 11
m2 0 14
1 9 0
2 5 0
3 8 3
t 218 17
m0 -5 -5
m1 7 11
m2 0 13
1 9 1
2 6 0
3 7 3
t 217 27
m0 -5 -5
m1 7 10
m2 0 14
1 9 0
2 5 0
3 8 3
t 216 27
m0 -5 -5
m1 7 9
m2 0 14
1 9 1
2 6 0
3 7 3
t 215 27
m0 -5 -5
m1 7 8
m2 0 13
1 9 0
2 5 0
3 8 3
t 214 28
m0 -5 -5
m1 6 8
m2 0 14
1 9 1
2 6 0
3 7 3
t 213 29
m0 -5 -5
m1 7 8
m2 0 13
1 9 0
2 5 0
3 8 3
t 212 29
m0 -5 -5
m1 7 8
m2 0 14
1 9 1
2 6 0
3 7 3
f 9 9
t 211 29
m0 -5 -5
m1 7 9
m2 0 14
1 9 0
2 5 0
3 8 3
t 210 29
m0 -5 -5
m1 7 9
m2 0 14
1 9 1
2 6 0
3 7 3
t 209 29
m0 -5 -5
m1 7 8
m2 0 14
1 9 0
2 5 0
3 8 3
t 208 29
m0 -5 -5
m1 7 7
m2 0 13
1 9 1
2 6 0
3 7 3
t 207 30
m0 -5 -5
m1 7 6
m2 0 14
1 9 0
2 5 0
3 8 3
t 206 30
m0 -5 -5
m1 8 6
m2 0 13
1 9 1
2 6 0
3 7 3
t 205 30
m0 -5 -5
m1 8 6
m2 0 14
1 9 0
2 5 0
3 8 3
t 204 30
m0 -5 -5
m1 8 6
m2 0 13
1 9 1
2 6 0
3 7 3
t 203 30
m0 -5 -5
m1 7 6
m2 1 13
1 9 0
2 5 0
3 8 3
t 202 30
m0 -5 -5
m1 7 5
m2 0 13
1 9 1
2 6 0
3 7 3
t 201 31
m0 -5 -5
m1 8 5
m2 0 13
1 9 0
2 5 0
3 8 3
t 200 31
m0 -5 -5
m1 9 5
m2 0 14
1 9 1
2 6 0
3 7 3
t 199 31
m0 -5 -5
m1 9 4
m2 0 14
1 9 0
2 5 0
3 8 3
t 198 31
m0 -5 -5
m1 8 4
m2 0 13
1 9 1
2 6 0
3 7 3
t 197 31
m0 -5 -5
m1 8 4
m2 1 13
1 9 0
2 5 0
3 8 3
t 196 31
m0 -5 -5
m1 8 5
m2 1 13
1 9 1
2 6 0
3 7 3
t 195 31
m0 -5 -5
m1 9 5
m2 0 13
1 9 0
2 5 0
3 8 3
t 194 31
m0 -5 -5
m1 9 5
m2 1 13
1 9 1
2 6 0
3 7 3
t 193 31
m0 -5 -5
m1 9 4
m2 0 13
1 9 0
2 5 0
3 8 3
t 192 31
m0 -5 -5
m1 8 4
m2 0 13
1 9 1
2 6 0
3 7 3
t 191 31
m0 -5 -5
m1 8 4
m2 0 13
1 9 0
2 5 0
3 8 3
t 190 31
m0 -5 -5
m1 -5 -5
m2 0 14
1 9 1
2 6 0
3 7 3
t 189 31
m0 -5 -5
m1 -5 -5
m2 0 13
1 9 0
2 5 0
3 8 3
t 188 31
m0 -5 -5
m1 -5 -5
m2 0 14
1 9 1
2 6 0
3 7 3
t 187 31
m0 -5 -5
m1 -5 -5
m2 0 13
1 9 0
2 5 0
3 8 3
t 186 31
m0 -5 -5
m1 -5 -5
m2 1 13
1 9 1
2 6 0
3 7 3
t 185 31
m0 -5 -5
m1 -5 -5
m2 1 13
1 9 0
2 5 0
3 8 3
t 184 31
m0 -5 -5
m1 -5 -5
m2 0 13
1 9 1
2 6 0
3 7 3
t 183 31
m0 -5 -5
m1 -5 -5
m2 1 13
1 9 0
2 5 0
3 8 3
t 182 31
m0 -5 -5
m1 -5 -5
m2 1 12
1 9 1
2 6 0
3 7 3
t 181 32
m0 -5 -5
m1 -5 -5
m2 2 12
1 9 0
2 5 0
3 8 3
t 180 32
m0 -5 -5
m1 -5 -5
m2 2 12
1 9 1
2 6 0
3 7 3
t 179 32
m0 -5 -5
m1 -5 -5
m2 3 12
1 9 0
2 5 0
3 8 3
t 178 32
m0 -5 -5
m1 -5 -5
m2 2 12
1 9 1
2 6 0
3 7 3
t 177 32
m0 -5 -5
m1 -5 -5
m2 3 12
1 9 0
2 5 0
3 8 3
t 176 32
m0 -5 -5
m1 -5 -5
m2 3 12
1 9 1
2 6 0
3 7 3
t 175 32
m0 -5 -5
m1 -5 -5
m2 3 11
1 9 0
2 5 0
3 8 3
t 174 32
m0 -5 -5
m1 -5 -5
m2 3 12
1 9 1
2 6 0
3 7 3
t 173 32
m0 -5 -5
m1 -5 -5
m2 3 12
1 9 0
2 5 0
3 8 3
t 172 32
m0 -5 -5
m1 -5 -5
m2 4 12
1 9 1
2 6 0
3 7 3
t 171 32
m0 -5 -5
m1 -5 -5
m2 5 12
1 9 0
2 5 0
3 8 3
t 170 32
m0 -5 -5
m1 -5 -5
m2 5 11
1 9 1
2 6 0
3 7 3
t 169 32
m0 -5 -5
m1 -5 -5
m2 5 11
1 9 0
2 5 0
3 8 3
t 168 32
m0 -5 -5
m1 -5 -5
m2 6 11
1 9 1
2 6 0
3 7 3
t 167 32
m0 -5 -5
m1 -5 -5
m2 5 11
1 9 0
2 5 0
3 8 3
t 166 32
m0 -5 -5
m1 -5 -5
m2 6 11
1 9 1
2 6 0
3 7 3
t 165 32
m0 -5 -5
m1 -5 -5
m2 5 11
1 9 0
2 5 0
3 8 3
t 164 32
m0 -5 -5
m1 -5 -5
m2 4 11
1 9 1
2 6 0
3 7 3
t 163 32
m0 -5 -5
m1 -5 -5
m2 4 12
1 9 0
2 5 0
3 8 3
t 162 32
m0 -5 -5
m1 -5 -5
m2 3 12
1 9 1
2 6 0
3 7 3
t 161 32
m0 -5 -5
m1 -5 -5
m2 2 12
1 9 0
2 5 0
3 8 3
t 160 32
m0 -5 -5
m1 -5 -5
m2 2 13
1 9 1
2 6 0
3 7 3
t 159 32
m0 -5 -5
m1 -5 -5
m2 2 12
1 9 0
2 5 0
3 8 3
t 158 32
m0 -5 -5
m1 -5 -5
m2 3 12
1 9 1
2 6 0
3 7 3
t 157 32
m0 -5 -5
m1 -5 -5
m2 4 12
1 9 0
2 5 0
3 8 3
t 156 32
m0 -5 -5
m1 -5 -5
m2 4 12
1 9 1
2 6 0
3 7 3
t 155 32
m0 -5 -5
m1 -5 -5
m2 4 11
1 9 0
2 5 0
3 8 3
t 154 32
m0 -5 -5
m1 -5 -5
m2 5 11
1 9 1
2 6 0
3 7 3
t 153 32
m0 -5 -5
m1 -5 -5
m2 5 10
1 9 0
2 5 0
3 8 3
t 152 32
m0 -5 -5
m1 -5 -5
m2 5 9
1 9 1
2 6 0
3 7 3
t 151 32
m0 -5 -5
m1 -5 -5
m2 5 9
1 9 0
2 5 0
3 8 3
t 150 32
m0 -5 -5
m1 -5 -5
m2 5 8
1 9 1
2 6 0
3 7 3
t 149 33
m0 -5 -5
m1 -5 -5
m2 5 9
1 9 0
2 5 0
3 8 3
t 148 33
m0 -5 -5
m1 -5 -5
m2 5 8
1 9 1
2 6 0
3 7 3
t 147 33
m0 -5 -5
m1 -5 -5
m2 5 9
1 9 0
2 5 0
3 8 3
t 146 33
m0 -5 -5
m1 -5 -5
m2 5 9
1 9 1
2 6 0
3 7 3
t 145 33
m0 -5 -5
m1 -5 -5
m2 6 9
1 9 0
2 5 0
3 8 3
t 144 33
m0 -5 -5
m1 -5 -5
m2 6 8
1 9 1
2 6 0
3 7 3
t 143 33
m0 -5 -5
m1 -5 -5
m2 6 8
1 9 0
2 5 0
3 8 3
t 142 33
m0 -5 -5
m1 -5 -5
m2 6 7
1 9 1
2 6 0
3 7 3
t 141 34
m0 -5 -5
m1 -5 -5
m2 7 7
1 9 0
2 5 0
3 8 3
t 140 34
m0 -5 -5
m1 -5 -5
m2 6 7
1 9 1
2 6 0
3 7 3
t 139 34
m0 -5 -5
m1 -5 -5
m2 5 7
1 9 0
2 5 0
3 8 3
t 138 34
m0 -5 -5
m1 -5 -5
m2 5 6
1 9 1
2 6 0
3 7 3
t 137 34
m0 -5 -5
m1 -5 -5
m2 5 5
1 9 0
2 5 0
3 8 3
t 136 35
m0 -5 -5
m1 -5 -5
m2 5 6
1 9 1
2 6 0
3 7 3
t 135 35
m0 -5 -5
m1 -5 -5
m2 5 5
1 9 0
2 5 0
3 8 3
t 134 35
m0 -5 -5
m1 -5 -5
m2 5 5
1 9 1
2 6 0
3 7 3
t 133 35
m0 -5 -5
m1 -5 -5
m2 6 5
1 9 0
2 5 0
3 8 3
t 132 36
m0 -5 -5
m1 -5 -5
m2 5 5
1 9 1
2 6 0
3 7 3
t 131 36
m0 -5 -5
m1 -5 -5
m2 5 6
1 9 0
2 5 0
3 8 3
t 130 36
m0 -5 -5
m1 -5 -5
m2 5 5
1 9 1
2 6 0
3 7 3
t 129 36
m0 -5 -5
m1 -5 -5
m2 6 5
1 9 0
2 5 0
3 8 3
t 128 36
m0 -5 -5
m1 -5 -5
m2 6 5
1 9 1
2 6 0
3 7 3
t 127 36
m0 -5 -5
m1 -5 -5
m2 5 5
1 9 0
2 5 0
3 8 3
t 126 36
m0 -5 -5
m1 -5 -5
m2 5 5
1 9 1
2 6 0
3 7 3
t 125 36
m0 -5 -5
m1 -5 -5
m2 6 5
1 9 0
2 5 0
3 8 3
t 124 36
m0 -5 -5
m1 -5 -5
m2 6 4
1 9 1
2 6 0
3 7 3
t 123 37
m0 -5 -5
m1 -5 -5
m2 5 4
1 9 0
2 5 0
3 8 3
t 122 37
m0 -5 -5
m1 -5 -5
m2 5 5
1 9 1
2 6 0
3 7 3
t 121 37
m0 -5 -5
m1 -5 -5
m2 6 5
1 9 0
2 5 0
3 8 3
t 120 37
m0 -5 -5
m1 -5 -5
m2 7 5
1 9 1
2 6 0
3 7 3
t 119 37
m0 -5 -5
m1 -5 -5
m2 7 5
1 9 0
2 5 0
3 8 3
t 118 37
m0 -5 -5
m1 -5 -5
m2 6 5
1 9 1
2 6 0
3 7 3
t 117 37
m0 -5 -5
m1 -5 -5
m2 6 5
1 9 0
2 5 0
3 8 3
t 116 37
m0 -5 -5
m1 -5 -5
m2 5 5
1 9 1
2 6 0
3 7 3
t 115 37
m0 -5 -5
m1 -5 -5
m2 5 4
1 9 0
2 5 0
3 8 3
t 114 37
m0 -5 -5
m1 -5 -5
m2 5 4
1 9 1
2 6 0
3 7 3
t 113 37
m0 -5 -5
m1 -5 -5
m2 4 4
1 9 0
2 5 0
3 8 3
t 112 37
m0 -5 -5
m1 -5 -5
m2 4 3
1 9 1
2 6 0
3 7 3
t 111 37
m0 -5 -5
m1 -5 -5
m2 4 2
1 9 0
2 5 0
3 8 3
t 110 37
m0 -5 -5
m1 -5 -5
m2 5 2
1 9 1
2 6 0
3 7 3
t 109 37
m0 -5 -5
m1 -5 -5
m2 5 3
1 9 0
2 5 0
3 8 3
t 108 37
m0 -5 -5
m1 -5 -5
m2 5 4
1 9 1
2 6 0
3 7 3
t 107 37
m0 -5 -5
m1 -5 -5
m2 5 5
1 9 0
2 5 0
3 8 3
t 106 37
m0 -5 -5
m1 -5 -5
m2 5 4
1 9 1
2 6 0
3 7 3
t 105 37
m0 -5 -5
m1 -5 -5
m2 5 3
1 9 0
2 5 0
3 8 3
t 104 37
m0 -5 -5
m1 -5 -5
m2 5 3
1 9 1
2 6 0
3 7 3
t 103 37
m0 -5 -5
m1 -5 -5
m2 4 3
1 9 0
2 5 0
3 8 3
t 102 37
m0 -5 -5
m1 -5 -5
m2 3 3
1 9 1
2 6 0
3 7 3
t 101 37
m0 -5 -5
m1 -5 -5
m2 3 2
1 9 0
2 5 0
3 8 3
t 100 37
m0 -5 -5
m1 -5 -5
m2 3 2
1 9 1
2 6 0
3 7 3
t 99 37
m0 -5 -5
m1 -5 -5
m2 4 2
1 9 0
2 5 0
3 8 3
t 98 37
m0 -5 -5
m1 -5 -5
m2 4 1
1 9 1
2 6 0
3 7 3
t 97 37
m0 -5 -5
m1 -5 -5
m2 5 1
1 9 0
2 5 0
3 8 3
t 96 37
m0 -5 -5
m1 -5 -5
m2 -5 -5
1 9 0
2 5 0
3 8 3
t 95 37
