10
15
w 5 9
w 9 1
w 6 2
w 4 12
w 2 12
w 3 7
w 8 5
w 1 2
w 8 14
w 6 7
w 5 5
w 7 6
w 5 12
w 8 10
w 0 11
w 0 4
w 8 6
w 2 6
w 9 14
w 7 1
w 6 11
w 4 5
w 8 11
w 9 3
w 3 9
w 0 5
w 7 5
w 6 12
w 1 0
w 2 14
w 4 11
w 5 3
w 6 1
w 5 14
w 7 4
w 8 8
w 3 4
p 1 3
p 8 13
p 4 8
p 7 12
p 3 0
p 9 8
p 8 0
p 3 11
p 7 7
p 0 10
p 5 1
p 7 11
p 2 5
p 1 11
p 3 14
p 7 2
p 4 0
p 9 0
p 8 1
p 3 10
p 4 4
p 6 10
p 2 13
p 9 11
p 3 6
p 2 2
p 4 1
p 6 4
p 3 2
p 5 4
p 0 0
p 8 2
p 3 13
p 5 11
p 1 13
p 0 12
p 9 10
p 2 3
p 0 1
p 9 13
p 7 8
p 5 10
p 6 8
p 4 6
p 5 7
p 3 1
p 9 9
p 0 13
p 3 8
p 0 6
p 1 8
p 2 0
p 4 3
p 1 7
p 5 2
p 9 12
m0 0 14
m1 0 14
m2 0 14
1 9 0
2 9 0
3 9 0
t 300 0
m0 0 13
m1 0 13
m2 1 14
1 8 0
2 8 0
3 8 0
t 299 1
m0 1 13
m1 0 12
m2 1 14
1 7 0
2 7 0
3 7 0
t 298 3
m0 1 14
m1 0 13
m2 1 14
1 6 0
2 6 0
3 6 0
t 297 3
m0 0 14
m1 0 14
m2 1 13
1 5 0
2 5 0
3 5 0
t 296 3
m0 1 14
m1 0 13
m2 0 13
1 4 0
2 4 0
3 4 0
t 295 3
m0 1 13
m1 0 13
m2 1 13
1 3 0
2 3 0
3 3 0
t 294 3
m0 1 14
m1 0 13
m2 0 13
1 2 0
2 2 0
3 2 0
t 293 3
m0 1 13
m1 0 14
m2 0 12
1 2 1
2 2 1
3 2 1
t 292 3
m0 0 13
m1 0 14
m2 0 12
1 1 1
2 1 1
3 1 1
t 291 3
m0 0 12
m1 1 14
m2 0 13
1 0 1
2 0 1
3 0 1
t 290 3
m0 1 12
m1 1 14
m2 1 13
1 1 1
2 1 1
3 1 1
t 289 3
m0 0 12
m1 1 13
m2 1 14
1 0 1
2 0 1
3 0 1
t 288 3
m0 0 12
m1 1 12
m2 0 14
1 0 2
2 0 2
3 0 2
t 287 3
m0 1 12
m1 1 11
m2 0 14
1 0 3
2 0 3
3 0 3
t 286 4
m0 1 13
m1 2 11
m2 1 14
1 1 3
2 1 3
3 1 3
t 285 4
m0 0 13
m1 3 11
m2 1 13
1 2 3
2 2 3
3 2 3
t 284 5
m0 1 13
m1 3 12
m2 0 13
1 3 3
2 3 3
3 3 3
t 283 5
m0 1 14
m1 3 13
m2 0 13
1 4 3
2 4 3
3 4 3
t 282 6
m0 0 14
m1 3 14
m2 0 13
1 3 3
2 3 3
3 3 3
t 281 7
m0 0 14
m1 4 14
m2 0 14
1 4 3
2 4 3
3 4 3
t 280 7
m0 0 13
m1 3 14
m2 0 14
1 3 3
2 3 3
3 3 3
t 279 7
m0 0 14
m1 4 14
m2 0 14
1 4 3
2 4 3
3 4 3
t 278 7
m0 0 14
m1 4 14
m2 1 14
1 4 4
2 4 4
3 4 4
f 3 13
t 277 7
m0 0 14
m1 4 13
m2 0 14
1 5 4
2 5 4
3 5 4
t 276 7
m0 0 14
m1 3 13
m2 0 13
1 4 4
2 4 4
3 4 4
t 275 17
m0 1 14
m1 3 13
m2 0 12
1 5 4
2 5 4
3 5 4
t 274 17
m0 0 14
m1 3 14
m2 0 13
1 4 4
2 4 4
3 4 4
t 273 17
m0 0 13
m1 3 13
m2 0 13
1 5 4
2 5 4
3 5 4
t 272 17
m0 1 13
m1 2 13
m2 1 13
1 4 4
2 4 4
3 4 4
t 271 18
m0 1 12
m1 3 13
m2 0 13
1 5 4
2 5 4
3 5 4
t 270 18
m0 1 12
m1 3 14
m2 1 13
1 4 4
2 4 4
3 4 4
t 269 18
m0 1 13
m1 3 14
m2 1 14
1 5 4
2 5 4
3 5 4
t 268 18
m0 0 13
m1 3 14
m2 1 13
1 4 4
2 4 4
3 4 4
t 267 18
m0 1 13
m1 4 14
m2 0 13
1 5 4
2 5 4
3 5 4
t 266 18
m0 1 13
m1 4 14
m2 0 14
1 4 4
2 4 4
3 4 4
t 265 18
m0 1 14
m1 3 14
m2 1 14
1 5 4
2 5 4
3 5 4
t 264 18
m0 1 14
m1 3 14
m2 0 14
1 4 4
2 4 4
3 4 4
t 263 18
m0 1 14
m1 4 14
m2 0 14
1 5 4
2 5 4
3 5 4
t 262 18
m0 1 14
m1 4 14
m2 0 13
1 4 4
2 4 4
3 4 4
t 261 18
m0 1 14
m1 4 13
m2 0 13
1 5 4
2 5 4
3 5 4
t 260 18
m0 1 14
m1 4 14
m2 0 13
1 4 4
2 4 4
3 4 4
t 259 18
m0 0 14
m1 4 14
m2 0 14
1 5 4
2 5 4
3 5 4
t 258 18
m0 0 13
m1 4 14
m2 0 14
1 4 4
2 4 4
3 4 4
t 257 18
m0 0 14
m1 3 14
m2 0 14
1 5 4
2 5 4
3 5 4
t 256 18
m0 1 14
m1 4 14
m2 1 14
1 4 4
2 4 4
3 4 4
t 255 18
m0 0 14
m1 3 14
m2 0 14
1 5 4
2 5 4
3 5 4
f 0 8
t 254 18
m0 1 14
m1 3 14
m2 0 14
1 4 4
2 4 4
3 4 4
t 253 18
m0 0 14
m1 3 13
m2 0 14
1 5 4
2 5 4
3 5 4
t 252 18
m0 0 14
m1 3 13
m2 0 13
1 4 4
2 4 4
3 4 4
t 251 18
m0 0 14
m1 3 14
m2 0 14
1 5 4
2 5 4
3 5 4
t 250 18
m0 0 13
m1 3 14
m2 0 14
1 4 4
2 4 4
3 4 4
t 249 18
m0 0 14
m1 3 13
m2 0 13
1 5 4
2 5 4
3 5 4
t 248 18
m0 1 14
m1 4 13
m2 0 13
1 4 4
2 4 4
3 4 4
t 247 18
m0 1 14
m1 3 13
m2 0 14
1 5 4
2 5 4
3 5 4
t 246 18
m0 0 14
m1 3 14
m2 0 14
1 4 4
2 4 4
3 4 4
t 245 18
m0 0 13
m1 3 14
m2 1 14
1 5 4
2 5 4
3 5 4
t 244 18
m0 0 14
m1 3 13
m2 1 13
1 4 4
2 4 4
3 4 4
t 243 18
m0 0 13
m1 3 14
m2 0 13
1 5 4
2 5 4
3 5 4
t 242 18
m0 0 12
m1 3 14
m2 0 14
1 4 4
2 4 4
3 4 4
t 241 18
m0 0 13
m1 3 14
m2 1 14
1 5 4
2 5 4
3 5 4
t 240 18
m0 0 14
m1 3 14
m2 0 14
1 4 4
2 4 4
3 4 4
t 239 18
m0 0 14
m1 3 13
m2 0 13
1 5 4
2 5 4
3 5 4
t 238 18
m0 1 14
m1 2 13
m2 0 13
1 4 4
2 4 4
3 4 4
t 237 18
m0 0 14
m1 1 13
m2 0 12
1 5 4
2 5 4
3 5 4
t 236 18
m0 0 14
m1 1 13
m2 0 12
1 4 4
2 4 4
3 4 4
t 235 18
m0 0 13
m1 1 12
m2 0 13
1 5 4
2 5 4
3 5 4
t 234 18
m0 0 12
m1 1 12
m2 0 13
1 4 4
2 4 4
3 4 4
t 233 18
m0 0 12
m1 0 12
m2 0 13
1 5 4
2 5 4
3 5 4
t 232 18
m0 1 12
m1 0 12
m2 0 14
1 4 4
2 4 4
3 4 4
t 231 18
m0 1 13
m1 0 12
m2 0 13
1 5 4
2 5 4
3 5 4
t 230 18
m0 0 13
m1 0 13
m2 1 13
1 4 4
2 4 4
3 4 4
t 229 18
m0 0 14
m1 0 14
m2 0 13
1 5 4
2 5 4
3 5 4
t 228 18
m0 1 14
m1 0 14
m2 0 14
1 4 4
2 4 4
3 4 4
t 227 18
m0 0 14
m1 0 14
m2 1 14
1 5 4
2 5 4
3 5 4
t 226 18
m0 0 13
m1 0 14
m2 0 14
1 4 4
2 4 4
3 4 4
t 225 18
m0 1 13
m1 0 14
m2 1 14
1 5 4
2 5 4
3 5 4
t 224 18
m0 1 13
m1 0 14
m2 0 14
1 4 4
2 4 4
3 4 4
t 223 18
m0 0 13
m1 1 14
m2 0 14
1 5 4
2 5 4
3 5 4
t 222 18
m0 1 13
m1 0 14
m2 1 14
1 4 4
2 4 4
3 4 4
t 221 18
m0 1 14
m1 0 13
m2 1 14
1 5 4
2 5 4
3 5 4
t 220 18
m0 1 14
m1 0 14
m2 1 13
1 4 4
2 4 4
3 4 4
t 219 18
m0 1 14
m1 0 14
m2 1 14
1 5 4
2 5 4
3 5 4
t 218 18
m0 1 14
m1 0 14
m2 1 14
1 4 4
2 4 4
3 4 4
t 217 18
m0 1 13
m1 0 13
m2 0 14
1 5 4
2 5 4
3 5 4
t 216 18
m0 1 13
m1 0 14
m2 1 14
1 4 4
2 4 4
3 4 4
t 215 18
m0 0 13
m1 0 14
m2 1 13
1 5 4
2 5 4
3 5 4
t 214 18
m0 0 14
m1 1 14
m2 1 14
1 4 4
2 4 4
3 4 4
t 213 18
m0 0 14
m1 1 13
m2 0 14
1 5 4
2 5 4
3 5 4
t 212 18
m0 0 14
m1 0 13
m2 0 13
1 4 4
2 4 4
3 4 4
t 211 18
m0 0 13
m1 0 14
m2 0 14
1 5 4
2 5 4
3 5 4
t 210 18
m0 0 14
m1 1 14
m2 0 14
1 4 4
2 4 4
3 4 4
t 209 18
m0 1 14
m1 1 14
m2 0 13
1 5 4
2 5 4
3 5 4
t 208 18
m0 0 14
m1 0 14
m2 1 13
1 4 4
2 4 4
3 4 4
t 207 18
m0 1 14
m1 1 14
m2 0 13
1 5 4
2 5 4
3 5 4
t 206 18
m0 1 13
m1 0 14
m2 0 13
1 4 4
2 4 4
3 4 4
t 205 18
m0 1 14
m1 1 14
m2 0 14
1 5 4
2 5 4
3 5 4
t 204 18
m0 0 14
m1 1 14
m2 1 14
1 4 4
2 4 4
3 4 4
t 203 18
m0 0 14
m1 0 14
m2 1 13
1 5 4
2 5 4
3 5 4
t 202 18
m0 0 13
m1 1 14
m2 1 13
1 4 4
2 4 4
3 4 4
t 201 18
m0 0 14
m1 1 14
m2 1 13
1 5 4
2 5 4
3 5 4
t 200 18
m0 0 14
m1 1 13
m2 0 13
1 4 4
2 4 4
3 4 4
t 199 18
m0 0 13
m1 0 13
m2 0 14
1 5 4
2 5 4
3 5 4
t 198 18
m0 0 13
m1 0 14
m2 1 14
1 4 4
2 4 4
3 4 4
t 197 18
m0 0 14
m1 0 14
m2 0 14
1 5 4
2 5 4
3 5 4
t 196 18
m0 0 14
m1 0 13
m2 0 14
1 4 4
2 4 4
3 4 4
t 195 18
m0 0 13
m1 0 14
m2 0 13
1 5 4
2 5 4
3 5 4
t 194 18
m0 0 14
m1 1 14
m2 1 13
1 4 4
2 4 4
3 4 4
t 193 18
m0 0 13
m1 0 14
m2 1 14
1 5 4
2 5 4
3 5 4
t 192 18
m0 1 13
m1 0 13
m2 0 14
1 4 4
2 4 4
3 4 4
t 191 18
m0 1 14
m1 0 12
m2 0 13
1 5 4
2 5 4
3 5 4
t 190 18
m0 1 14
m1 1 12
m2 0 13
1 4 4
2 4 4
3 4 4
t 189 18
m0 1 14
m1 1 11
m2 0 14
1 5 4
2 5 4
3 5 4
t 188 18
m0 0 14
m1 1 11
m2 0 14
1 4 4
2 4 4
3 4 4
t 187 18
m0 0 14
m1 1 12
m2 0 13
1 5 4
2 5 4
3 5 4
t 186 18
m0 0 14
m1 1 12
m2 0 13
1 4 4
2 4 4
3 4 4
t 185 18
m0 0 13
m1 1 13
m2 0 13
1 5 4
2 5 4
3 5 4
t 184 18
m0 0 14
m1 1 14
m2 0 14
1 4 4
2 4 4
3 4 4
t 183 18
m0 1 14
m1 0 14
m2 1 14
1 5 4
2 5 4
3 5 4
t 182 18
m0 1 13
m1 0 13
m2 0 14
1 4 4
2 4 4
3 4 4
t 181 18
m0 1 14
m1 1 13
m2 1 14
1 5 4
2 5 4
3 5 4
t 180 18
m0 0 14
m1 1 13
m2 1 13
1 4 4
2 4 4
3 4 4
t 179 18
m0 0 14
m1 0 13
m2 1 13
1 5 4
2 5 4
3 5 4
t 178 18
m0 0 13
m1 0 13
m2 0 13
1 4 4
2 4 4
3 4 4
t 177 18
m0 0 14
m1 0 14
m2 0 13
1 5 4
2 5 4
3 5 4
t 176 18
m0 0 13
m1 1 14
m2 0 12
1 4 4
2 4 4
3 4 4
t 175 18
m0 0 13
m1 0 14
m2 0 13
1 5 4
2 5 4
3 5 4
t 174 18
m0 0 13
m1 0 13
m2 0 12
1 4 4
2 4 4
3 4 4
t 173 18
m0 0 13
m1 0 13
m2 1 12
1 5 4
2 5 4
3 5 4
t 172 18
m0 0 13
m1 0 14
m2 1 13
1 4 4
2 4 4
3 4 4
t 171 18
m0 0 14
m1 0 14
m2 0 13
1 5 4
2 5 4
3 5 4
t 170 18
m0 1 14
m1 0 14
m2 0 13
1 4 4
2 4 4
3 4 4
t 169 18
m0 1 13
m1 1 14
m2 0 14
1 5 4
2 5 4
3 5 4
t 168 18
m0 1 13
m1 0 14
m2 1 14
1 4 4
2 4 4
3 4 4
t 167 18
m0 1 14
m1 0 14
m2 1 14
1 5 4
2 5 4
3 5 4
t 166 18
m0 1 14
m1 0 14
m2 1 14
1 4 4
2 4 4
3 4 4
t 165 18
m0 1 14
m1 1 14
m2 0 14
1 5 4
2 5 4
3 5 4
t 164 18
m0 0 14
m1 1 14
m2 0 13
1 4 4
2 4 4
3 4 4
t 163 18
m0 1 14
m1 0 14
m2 0 12
1 5 4
2 5 4
3 5 4
t 162 18
m0 0 14
m1 0 14
m2 0 12
1 4 4
2 4 4
3 4 4
t 161 18
m0 0 13
m1 0 14
m2 0 13
1 5 4
2 5 4
3 5 4
t 160 18
m0 0 14
m1 0 14
m2 0 14
1 4 4
2 4 4
3 4 4
t 159 18
m0 0 13
m1 0 13
m2 1 14
1 5 4
2 5 4
3 5 4
t 158 18
m0 0 12
m1 1 13
m2 0 14
1 4 4
2 4 4
3 4 4
t 157 18
m0 1 12
m1 1 14
m2 0 13
1 5 4
2 5 4
3 5 4
t 156 18
m0 1 11
m1 0 14
m2 0 13
1 4 4
2 4 4
3 4 4
t 155 18
m0 2 11
m1 0 14
m2 0 12
1 5 4
2 5 4
3 5 4
t 154 18
m0 2 11
m1 1 14
m2 0 13
1 4 4
2 4 4
3 4 4
t 153 18
m0 1 11
m1 0 14
m2 1 13
1 5 4
2 5 4
3 5 4
t 152 18
m0 1 12
m1 0 14
m2 1 14
1 4 4
2 4 4
3 4 4
t 151 18
m0 1 12
m1 0 14
m2 0 14
1 5 4
2 5 4
3 5 4
t 150 18
m0 0 12
m1 0 14
m2 1 14
1 4 4
2 4 4
3 4 4
t 149 18
m0 0 12
m1 1 14
m2 0 14
1 5 4
2 5 4
3 5 4
t 148 18
m0 0 13
m1 1 13
m2 0 14
1 4 4
2 4 4
3 4 4
t 147 18
m0 0 14
m1 1 13
m2 0 14
1 5 4
2 5 4
3 5 4
t 146 18
m0 1 14
m1 1 13
m2 0 14
1 4 4
2 4 4
3 4 4
t 145 18
m0 0 14
m1 1 14
m2 1 14
1 5 4
2 5 4
3 5 4
t 144 18
m0 0 14
m1 1 14
m2 1 14
1 4 4
2 4 4
3 4 4
t 143 18
m0 0 14
m1 1 14
m2 1 14
1 5 4
2 5 4
3 5 4
t 142 18
m0 1 14
m1 0 14
m2 1 13
1 4 4
2 4 4
3 4 4
t 141 18
m0 0 14
m1 0 13
m2 1 12
1 5 4
2 5 4
3 5 4
t 140 18
m0 1 14
m1 0 14
m2 0 12
1 4 4
2 4 4
3 4 4
t 139 18
m0 1 13
m1 0 14
m2 0 13
1 5 4
2 5 4
3 5 4
t 138 18
m0 1 13
m1 0 14
m2 0 12
1 4 4
2 4 4
3 4 4
t 137 18
m0 1 14
m1 1 14
m2 1 12
1 5 4
2 5 4
3 5 4
t 136 18
m0 0 14
m1 1 14
m2 0 12
1 4 4
2 4 4
3 4 4
t 135 18
m0 1 14
m1 1 13
m2 0 12
1 5 4
2 5 4
3 5 4
t 134 18
m0 1 14
m1 0 13
m2 1 12
1 4 4
2 4 4
3 4 4
t 133 18
m0 1 13
m1 0 14
m2 1 12
1 5 4
2 5 4
3 5 4
t 132 18
m0 0 13
m1 0 14
m2 0 12
1 4 4
2 4 4
3 4 4
t 131 18
m0 1 13
m1 0 13
m2 0 13
1 5 4
2 5 4
3 5 4
t 130 18
m0 0 13
m1 0 13
m2 1 13
1 4 4
2 4 4
3 4 4
t 129 18
m0 0 13
m1 0 13
m2 1 13
1 5 4
2 5 4
3 5 4
t 128 18
m0 0 13
m1 0 12
m2 1 13
1 4 4
2 4 4
3 4 4
t 127 18
m0 1 13
m1 0 13
m2 0 13
1 5 4
2 5 4
3 5 4
t 126 18
m0 1 13
m1 1 13
m2 0 13
1 4 4
2 4 4
3 4 4
t 125 18
m0 1 13
m1 1 13
m2 0 14
1 5 4
2 5 4
3 5 4
t 124 18
m0 1 14
m1 1 13
m2 0 13
1 4 4
2 4 4
3 4 4
t 123 18
m0 0 14
m1 0 13
m2 0 14
1 5 4
2 5 4
3 5 4
t 122 18
m0 0 13
m1 0 14
m2 0 13
1 4 4
2 4 4
3 4 4
t 121 18
m0 0 14
m1 1 14
m2 1 13
1 5 4
2 5 4
3 5 4
t 120 18
m0 0 14
m1 1 13
m2 0 13
1 4 4
2 4 4
3 4 4
t 119 18
m0 0 13
m1 1 13
m2 0 13
1 5 4
2 5 4
3 5 4
t 118 18
m0 0 14
m1 1 12
m2 0 14
1 4 4
2 4 4
3 4 4
t 117 18
m0 1 14
m1 1 12
m2 0 14
1 5 4
2 5 4
3 5 4
t 116 18
m0 0 14
m1 1 13
m2 0 13
1 4 4
2 4 4
3 4 4
t 115 18
m0 0 13
m1 0 13
m2 0 13
1 5 4
2 5 4
3 5 4
t 114 18
m0 1 13
m1 0 13
m2 0 13
1 4 4
2 4 4
3 4 4
t 113 18
m0 1 13
m1 0 13
m2 0 12
1 5 4
2 5 4
3 5 4
t 112 18
m0 0 13
m1 0 13
m2 0 13
1 4 4
2 4 4
3 4 4
t 111 18
m0 0 14
m1 1 13
m2 0 14
1 5 4
2 5 4
3 5 4
t 110 18
m0 0 14
m1 1 14
m2 0 14
1 4 4
2 4 4
3 4 4
t 109 18
m0 0 14
m1 0 14
m2 0 14
1 5 4
2 5 4
3 5 4
t 108 18
m0 0 14
m1 1 14
m2 0 13
1 4 4
2 4 4
3 4 4
t 107 18
m0 1 14
m1 0 14
m2 0 12
1 5 4
2 5 4
3 5 4
t 106 18
m0 0 14
m1 1 14
m2 1 12
1 4 4
2 4 4
3 4 4
t 105 18
m0 0 14
m1 0 14
m2 0 12
1 5 4
2 5 4
3 5 4
t 104 18
m0 0 14
m1 0 14
m2 0 13
1 4 4
2 4 4
3 4 4
t 103 18
m0 1 14
m1 0 13
m2 1 13
1 5 4
2 5 4
3 5 4
t 102 18
m0 0 14
m1 0 14
m2 0 13
1 4 4
2 4 4
3 4 4
t 101 18
m0 0 13
m1 0 14
m2 0 12
1 5 4
2 5 4
3 5 4
t 100 18
m0 0 13
m1 1 14
m2 0 13
1 4 4
2 4 4
3 4 4
t 99 18
m0 0 14
m1 0 14
m2 0 13
1 5 4
2 5 4
3 5 4
t 98 18
m0 1 14
m1 0 13
m2 0 12
1 4 4
2 4 4
3 4 4
t 97 18
m0 1 14
m1 0 14
m2 1 12
1 5 4
2 5 4
3 5 4
t 96 18
m0 1 13
m1 1 14
m2 0 12
1 4 4
2 4 4
3 4 4
t 95 18
m0 1 13
m1 1 14
m2 0 13
1 5 4
2 5 4
3 5 4
t 94 18
m0 0 13
m1 0 14
m2 1 13
1 4 4
2 4 4
3 4 4
t 93 18
m0 0 13
m1 0 14
m2 0 13
1 5 4
2 5 4
3 5 4
t 92 18
m0 0 13
m1 0 13
m2 0 14
1 4 4
2 4 4
3 4 4
t 91 18
m0 0 12
m1 0 12
m2 0 13
1 5 4
2 5 4
3 5 4
t 90 18
m0 1 12
m1 1 12
m2 0 14
1 4 4
2 4 4
3 4 4
t 89 18
m0 1 11
m1 0 12
m2 1 14
1 5 4
2 5 4
3 5 4
t 88 18
m0 1 10
m1 0 13
m2 0 14
1 4 4
2 4 4
3 4 4
t 87 18
m0 1 9
m1 0 14
m2 0 13
1 5 4
2 5 4
3 5 4
t 86 18
m0 1 10
m1 0 13
m2 0 14
1 4 4
2 4 4
3 4 4
t 85 18
m0 1 11
m1 0 14
m2 0 13
1 5 4
2 5 4
3 5 4
t 84 18
m0 1 12
m1 0 13
m2 0 13
1 4 4
2 4 4
3 4 4
t 83 18
m0 1 11
m1 0 14
m2 0 13
1 5 4
2 5 4
3 5 4
t 82 18
m0 1 10
m1 0 14
m2 1 13
1 4 4
2 4 4
3 4 4
t 81 18
m0 0 10
m1 0 13
m2 0 13
1 5 4
2 5 4
3 5 4
t 80 19
m0 1 10
m1 1 13
m2 0 14
1 4 4
2 4 4
3 4 4
t 79 19
m0 0 10
m1 1 14
m2 0 14
1 5 4
2 5 4
3 5 4
t 78 19
m0 0 10
m1 1 14
m2 0 14
1 4 4
2 4 4
3 4 4
t 77 19
m0 0 10
m1 0 14
m2 1 14
1 5 4
2 5 4
3 5 4
t 76 19
m0 0 10
m1 1 14
m2 1 14
1 4 4
2 4 4
3 4 4
t 75 19
m0 0 10
m1 1 14
m2 0 14
1 5 4
2 5 4
3 5 4
t 74 19
m0 0 10
m1 1 14
m2 1 14
1 4 4
2 4 4
3 4 4
t 73 19
m0 0 9
m1 1 14
m2 0 14
1 5 4
2 5 4
3 5 4
t 72 19
m0 0 8
m1 0 14
m2 0 14
1 4 4
2 4 4
3 4 4
t 71 29
m0 0 8
m1 0 14
m2 0 14
1 5 4
2 5 4
3 5 4
t 70 29
m0 0 9
m1 0 14
m2 0 13
1 4 4
2 4 4
3 4 4
t 69 29
m0 0 10
m1 1 14
m2 0 14
1 5 4
2 5 4
3 5 4
t 68 29
m0 1 10
m1 1 13
m2 0 13
1 4 4
2 4 4
3 4 4
t 67 29
m0 1 11
m1 0 13
m2 0 14
1 5 4
2 5 4
3 5 4
t 66 29
m0 1 11
m1 0 14
m2 0 13
1 4 4
2 4 4
3 4 4
t 65 29
m0 1 10
m1 0 13
m2 0 14
1 5 4
2 5 4
3 5 4
t 64 29
m0 2 10
m1 0 13
m2 1 14
1 4 4
2 4 4
3 4 4
t 63 29
m0 2 10
m1 0 13
m2 1 13
1 5 4
2 5 4
3 5 4
t 62 29
m0 1 10
m1 0 14
m2 0 13
1 4 4
2 4 4
3 4 4
t 61 29
m0 0 10
m1 0 13
m2 0 14
1 5 4
2 5 4
3 5 4
t 60 29
m0 0 9
m1 1 13
m2 0 14
1 4 4
2 4 4
3 4 4
t 59 29
m0 0 9
m1 0 13
m2 0 14
1 5 4
2 5 4
3 5 4
t 58 29
m0 0 9
m1 0 14
m2 1 14
1 4 4
2 4 4
3 4 4
t 57 29
m0 0 9
m1 0 14
m2 0 14
1 5 4
2 5 4
3 5 4
t 56 29
m0 0 10
m1 0 13
m2 0 14
1 4 4
2 4 4
3 4 4
t 55 29
m0 0 10
m1 1 13
m2 0 14
1 5 4
2 5 4
3 5 4
t 54 29
m0 0 9
m1 0 13
m2 0 13
1 4 4
2 4 4
3 4 4
t 53 29
m0 0 10
m1 0 14
m2 0 12
1 5 4
2 5 4
3 5 4
t 52 29
m0 0 10
m1 0 13
m2 0 12
1 4 4
2 4 4
3 4 4
t 51 29
m0 0 9
m1 0 12
m2 1 12
1 5 4
2 5 4
3 5 4
t 50 29
m0 0 10
m1 1 12
m2 1 13
1 4 4
2 4 4
3 4 4
t 49 29
m0 0 9
m1 1 11
m2 1 13
1 5 4
2 5 4
3 5 4
t 48 29
m0 0 9
m1 1 12
m2 1 14
1 4 4
2 4 4
3 4 4
t 47 29
m0 0 10
m1 1 13
m2 0 14
1 5 4
2 5 4
3 5 4
t 46 29
m0 0 9
m1 1 13
m2 1 14
1 4 4
2 4 4
3 4 4
t 45 29
m0 0 10
m1 1 14
m2 1 14
1 5 4
2 5 4
3 5 4
t 44 29
m0 0 9
m1 0 14
m2 0 14
1 4 4
2 4 4
3 4 4
t 43 29
m0 0 8
m1 1 14
m2 0 13
1 5 4
2 5 4
3 5 4
t 42 29
m0 0 9
m1 0 14
m2 0 13
1 4 4
2 4 4
3 4 4
t 41 29
m0 0 9
m1 0 14
m2 0 13
1 5 4
2 5 4
3 5 4
t 40 29
m0 0 9
m1 1 14
m2 0 14
1 4 4
2 4 4
3 4 4
t 39 29
m0 0 10
m1 0 14
m2 0 13
1 5 4
2 5 4
3 5 4
t 38 29
m0 1 10
m1 1 14
m2 0 14
1 4 4
2 4 4
3 4 4
f 3 5
t 37 29
m0 1 11
m1 0 14
m2 1 14
1 5 4
2 5 4
3 5 4
t 36 29
m0 1 11
m1 0 13
m2 1 14
1 4 4
2 4 4
3 4 4
t 35 29
m0 1 12
m1 0 14
m2 0 14
1 5 4
2 5 4
3 5 4
t 34 29
m0 1 13
m1 0 13
m2 0 14
1 4 4
2 4 4
3 4 4
t 33 29
m0 2 13
m1 0 13
m2 0 14
1 5 4
2 5 4
3 5 4
t 32 29
m0 1 13
m1 0 12
m2 0 13
1 4 4
2 4 4
3 4 4
t 31 29
m0 1 12
m1 0 12
m2 0 14
1 5 4
2 5 4
3 5 4
t 30 29
m0 1 13
m1 0 12
m2 0 14
1 4 4
2 4 4
3 4 4
t 29 29
m0 1 14
m1 0 13
m2 0 14
1 5 4
2 5 4
3 5 4
t 28 29
m0 1 14
m1 0 14
m2 0 14
1 4 4
2 4 4
3 4 4
t 27 29
m0 0 14
m1 0 14
m2 0 14
1 5 4
2 5 4
3 5 4
t 26 29
m0 0 14
m1 1 14
m2 0 14
1 4 4
2 4 4
3 4 4
t 25 29
m0 0 14
m1 0 14
m2 1 14
1 5 4
2 5 4
3 5 4
t 24 29
m0 0 14
m1 0 14
m2 0 14
1 4 4
2 4 4
3 4 4
t 23 29
m0 1 14
m1 0 14
m2 1 14
1 5 4
2 5 4
3 5 4
t 22 29
m0 1 13
m1 0 13
m2 0 14
1 4 4
2 4 4
3 4 4
t 21 29
m0 0 13
m1 0 14
m2 0 13
1 5 4
2 5 4
3 5 4
t 20 29
m0 0 12
m1 0 14
m2 0 14
1 4 4
2 4 4
3 4 4
t 19 29
m0 0 13
m1 1 14
m2 0 14
1 5 4
2 5 4
3 5 4
t 18 29
m0 1 13
m1 1 13
m2 0 14
1 4 4
2 4 4
3 4 4
t 17 29
m0 1 14
m1 1 14
m2 0 14
1 5 4
2 5 4
3 5 4
t 16 29
m0 1 13
m1 0 14
m2 0 14
1 4 4
2 4 4
3 4 4
t 15 29
m0 2 13
m1 0 13
m2 0 14
1 5 4
2 5 4
3 5 4
t 14 29
m0 1 13
m1 0 13
m2 0 14
1 4 4
2 4 4
3 4 4
t 13 29
m0 1 13
m1 0 13
m2 0 13
1 5 4
2 5 4
3 5 4
t 12 29
m0 0 13
m1 1 13
m2 0 13
1 4 4
2 4 4
3 4 4
t 11 29
m0 0 13
m1 0 13
m2 1 13
1 5 4
2 5 4
3 5 4
t 10 29
m0 1 13
m1 0 13
m2 0 13
1 4 4
2 4 4
3 4 4
t 9 29
m0 0 13
m1 0 12
m2 0 14
1 5 4
2 5 4
3 5 4
t 8 29
m0 0 13
m1 0 13
m2 0 14
1 4 4
2 4 4
3 4 4
t 7 29
m0 0 13
m1 0 14
m2 0 14
1 5 4
2 5 4
3 5 4
t 6 29
m0 0 14
m1 0 14
m2 0 13
1 4 4
2 4 4
3 4 4
t 5 29
m0 0 13
m1 1 14
m2 0 13
1 5 4
2 5 4
3 5 4
t 4 29
m0 1 13
m1 0 14
m2 0 14
1 4 4
2 4 4
3 4 4
t 3 29
m0 1 14
m1 0 14
m2 1 14
1 5 4
2 5 4
3 5 4
t 2 29
m0 1 14
m1 0 13
m2 1 13
1 4 4
2 4 4
3 4 4
t 1 29
m0 1 14
m1 0 14
m2 1 13
1 4 4
2 4 4
3 4 4
t 0 29
