10
15
w 7 3
w 6 9
w 6 6
w 7 12
w 4 12
w 8 5
w 1 2
w 3 10
w 4 13
w 5 0
w 3 6
w 5 4
w 9 14
w 3 13
w 5 11
w 1 13
w 5 2
w 6 0
w 2 10
w 9 10
w 0 5
w 1 9
w 8 7
w 4 2
w 5 3
w 2 7
w 7 8
w 8 3
w 9 13
w 7 0
w 3 12
w 1 12
w 7 13
w 3 1
w 6 13
w 3 4
w 2 4
p 5 9
p 4 7
p 8 13
p 9 1
p 3 0
p 2 8
p 9 8
p 5 6
p 5 13
p 0 7
p 7 7
p 8 9
p 6 2
p 1 6
p 9 4
p 7 11
p 0 3
p 5 8
p 4 0
p 8 14
p 5 5
p 5 12
p 6 10
p 1 14
p 6 3
p 2 13
p 9 11
p 9 7
p 8 2
p 7 1
p 4 5
p 8 11
p 4 14
p 1 4
p 7 5
p 0 8
p 9 6
p 2 14
p 3 5
p 7 9
p 5 10
p 4 6
p 6 8
p 8 12
p 9 2
p 6 1
p 2 11
p 0 13
p 3 8
p 0 6
p 5 14
p 8 8
p 4 3
p 1 7
p 0 9
p 9 5
m0 0 14
m1 0 14
m2 0 14
1 9 0
2 9 0
3 9 0
t 300 0
m0 1 14
m1 1 14
m2 1 14
1 8 0
2 9 1
3 8 0
t 299 1
m0 2 14
m1 2 14
m2 2 14
1 9 0
2 9 2
3 8 1
t 298 2
m0 2 13
m1 2 13
m2 2 13
1 8 0
2 8 2
3 7 1
f 7 2
t 297 3
m0 2 14
m1 2 14
m2 2 14
1 9 0
2 9 2
3 7 2
t 296 3
m0 1 14
m1 1 14
m2 1 14
1 8 0
2 9 3
3 6 2
t 295 3
m0 0 14
m1 0 14
m2 0 14
1 9 0
2 9 4
3 6 1
t 294 3
m0 0 13
m1 0 13
m2 0 13
1 9 1
2 8 4
3 5 1
t 293 4
m0 0 14
m1 0 14
m2 0 14
1 8 1
2 9 4
3 4 1
t 292 4
m0 0 14
m1 0 14
m2 0 14
1 7 1
2 9 3
3 4 0
t 291 4
m0 0 14
m1 0 14
m2 0 14
1 8 1
2 9 4
3 4 1
t 290 4
m0 0 14
m1 0 14
m2 0 14
1 9 1
2 9 5
3 4 0
t 289 4
m0 0 14
m1 0 14
m2 0 14
1 9 2
2 9 6
3 3 0
t 288 4
m0 0 14
m1 0 14
m2 0 14
1 9 1
2 9 7
3 2 0
t 287 4
m0 0 14
m1 0 14
m2 0 14
1 9 0
2 9 8
3 2 1
t 286 4
m0 0 14
m1 0 14
m2 0 14
1 8 0
2 9 7
3 1 1
t 285 4
m0 0 14
m1 0 14
m2 0 14
1 9 0
2 9 6
3 1 0
t 284 4
m0 0 14
m1 0 14
m2 0 14
1 8 0
2 9 7
3 1 1
t 283 4
m0 0 14
m1 0 14
m2 0 14
1 8 1
2 9 6
3 1 0
t 282 4
m0 0 14
m1 0 14
m2 0 14
1 7 1
2 9 7
3 0 0
t 281 4
m0 1 14
m1 1 14
m2 1 14
1 8 1
2 9 8
3 1 0
t 280 4
m0 0 14
m1 0 14
m2 0 14
1 7 1
2 9 9
3 1 1
t 279 4
m0 0 14
m1 0 14
m2 0 14
1 8 1
2 8 9
3 0 1
t 278 4
m0 0 14
m1 0 14
m2 0 14
1 8 0
2 8 10
3 0 0
t 277 4
m0 0 14
m1 0 14
m2 0 14
1 8 1
2 7 10
3 0 1
t 276 4
m0 0 14
m1 0 14
m2 0 14
1 7 1
2 6 10
3 0 0
t 275 4
m0 0 14
m1 0 14
m2 0 14
1 7 2
2 6 11
3 0 1
t 274 4
m0 0 14
m1 0 14
m2 0 14
1 7 1
2 6 12
3 1 1
t 273 4
m0 0 14
m1 0 14
m2 0 14
1 8 1
2 5 12
3 0 1
t 272 4
m0 0 14
m1 0 14
m2 0 14
1 8 2
2 5 13
3 0 2
t 271 4
m0 0 14
m1 0 14
m2 0 14
1 9 2
2 5 14
3 0 3
t 270 4
m0 0 13
m1 0 13
m2 0 13
1 9 1
2 4 14
3 0 4
t 269 4
m0 0 12
m1 0 12
m2 0 12
1 8 1
2 3 14
3 1 4
t 268 4
m0 0 11
m1 0 11
m2 0 11
1 7 1
2 2 14
3 0 4
t 267 4
m0 0 10
m1 0 10
m2 0 10
1 8 1
2 2 13
3 1 4
t 266 4
m0 0 9
m1 0 9
m2 0 9
1 8 2
2 2 12
3 0 4
t 265 5
m0 0 8
m1 0 8
m2 0 8
1 9 2
2 2 11
3 0 3
t 264 6
m0 0 7
m1 0 7
m2 0 7
1 8 2
2 1 11
3 1 3
t 263 7
m0 1 7
m1 1 7
m2 1 7
1 9 2
2 0 11
3 1 4
t 262 8
m0 1 6
m1 1 6
m2 1 6
1 9 1
2 1 11
3 1 5
t 261 9
m0 0 6
m1 0 6
m2 0 6
1 9 0
2 0 11
3 1 6
t 260 10
m0 0 7
m1 0 7
m2 0 7
1 8 0
2 0 10
3 1 7
t 259 10
m0 0 6
m1 0 6
m2 0 6
1 9 0
2 0 9
3 1 6
t 258 10
m0 0 7
m1 0 7
m2 0 7
1 8 0
2 0 8
3 0 6
t 257 10
m0 1 7
m1 1 7
m2 1 7
1 9 0
2 1 8
3 0 7
t 256 10
m0 1 6
m1 1 6
m2 1 6
1 8 0
2 2 8
3 0 6
t 255 10
m0 2 6
m1 2 6
m2 2 6
1 8 1
2 3 8
3 0 7
t 254 10
m0 2 5
m1 2 5
m2 2 5
1 7 1
2 4 8
3 0 6
t 253 10
m0 3 5
m1 3 5
m2 3 5
1 6 1
2 4 7
3 1 6
t 252 11
m0 4 5
m1 4 5
m2 4 5
1 7 1
2 4 8
3 1 5
t 251 12
m0 5 5
m1 5 5
m2 5 5
1 7 2
2 5 8
3 2 5
t 250 13
m0 5 6
m1 5 6
m2 5 6
1 6 2
2 6 8
3 2 6
t 249 14
m0 4 6
m1 4 6
m2 4 6
1 7 2
2 6 7
3 1 6
t 248 15
m0 4 7
m1 4 7
m2 4 7
1 8 2
2 6 8
3 2 6
t 247 16
m0 4 6
m1 4 6
m2 4 6
1 9 2
2 6 7
3 1 6
t 246 16
m0 4 5
m1 4 5
m2 4 5
1 9 1
2 5 7
3 1 5
t 245 16
m0 4 4
m1 4 4
m2 4 4
1 8 1
2 4 7
3 1 4
t 244 16
m0 4 3
m1 4 3
m2 4 3
1 7 1
2 4 6
3 1 3
t 243 17
m0 3 3
m1 3 3
m2 3 3
1 8 1
2 4 5
3 2 3
t 242 17
m0 4 3
m1 4 3
m2 4 3
1 9 1
2 4 4
3 3 3
t 241 17
m0 -5 -5
m1 -5 -5
m2 -5 -5
1 9 1
2 4 4
3 3 3
t 240 17
