10
15
w 6 6
w 3 0
w 2 8
w 9 8
w 4 12
w 1 6
w 1 11
w 5 8
w 4 0
w 1 2
w 3 10
w 6 10
w 6 3
w 4 13
w 0 11
w 9 11
w 2 13
w 5 0
w 2 2
w 8 6
w 9 14
w 8 11
w 1 4
w 4 2
w 1 0
w 6 5
w 7 9
w 9 13
w 7 0
w 3 12
w 4 6
w 5 10
w 9 9
w 0 6
w 1 8
w 2 0
w 6 13
p 5 9
p 4 7
p 7 3
p 8 13
p 9 1
p 4 8
p 7 12
p 5 6
p 5 13
p 3 11
p 6 2
p 2 12
p 7 11
p 2 5
p 7 2
p 3 14
p 6 14
p 8 14
p 4 9
p 5 5
p 3 3
p 5 12
p 4 4
p 7 10
p 1 10
p 1 1
p 4 10
p 3 2
p 0 0
p 7 14
p 8 2
p 5 4
p 7 1
p 4 5
p 6 11
p 1 13
p 9 3
p 4 14
p 2 10
p 9 10
p 7 5
p 2 14
p 4 11
p 3 5
p 0 1
p 2 7
p 1 12
p 8 12
p 7 13
p 0 13
p 5 7
p 3 8
p 7 4
p 4 3
p 7 8
p 9 12
m0 0 14
m1 0 14
m2 0 14
1 9 0
2 9 0
3 9 0
t 300 0
m0 0 13
m1 0 13
m2 0 13
1 8 0
2 8 0
3 8 0
t 299 1
m0 1 13
m1 1 13
m2 1 13
1 9 0
2 9 0
3 9 0
t 298 2
m0 1 12
m1 1 12
m2 1 12
1 8 0
2 8 0
3 8 0
t 297 3
m0 2 12
m1 2 12
m2 2 12
1 9 0
2 9 0
3 9 0
t 296 4
m0 2 11
m1 1 12
m2 2 12
1 8 0
2 8 0
3 8 0
t 295 4
m0 2 10
m1 1 13
m2 2 11
1 9 0
2 9 0
3 9 0
t 294 5
m0 1 10
m1 1 14
m2 3 11
1 8 0
2 8 0
3 8 0
t 293 7
m0 2 10
m1 2 14
m2 4 11
1 9 0
2 9 0
3 9 0
t 292 9
m0 2 10
m1 3 14
m2 4 10
1 8 0
2 8 0
3 8 0
t 291 11
m0 2 9
m1 4 14
m2 4 9
1 9 0
2 9 0
3 9 0
t 290 13
m0 3 9
m1 5 14
m2 5 9
1 8 0
2 8 0
3 8 0
t 289 14
m0 3 8
m1 5 13
m2 4 9
1 9 0
2 9 0
3 9 0
t 288 16
m0 4 8
m1 5 12
m2 4 8
1 8 0
2 8 0
3 8 0
t 287 18
m0 4 7
m1 5 11
m2 4 7
1 9 0
2 9 0
3 9 0
t 286 19
m0 5 7
m1 6 11
m2 5 7
1 8 0
2 8 0
3 8 0
t 285 21
m0 5 6
m1 7 11
m2 5 6
1 9 0
2 9 0
3 9 0
t 284 23
m0 5 5
m1 7 10
m2 5 5
1 8 0
2 8 0
3 8 0
f 5 3
t 283 25
m0 5 4
m1 8 10
m2 5 4
1 9 0
2 9 0
3 9 0
t 282 26
m0 4 4
m1 9 10
m2 4 4
1 8 0
2 8 0
3 8 0
t 281 28
m0 4 3
m1 8 10
m2 4 5
1 9 0
2 9 0
3 9 0
t 280 30
m0 3 3
m1 9 10
m2 3 5
1 8 0
2 8 0
3 8 0
t 279 32
m0 3 2
m1 9 10
m2 2 5
1 9 0
2 9 0
3 9 0
t 278 34
m0 3 1
m1 8 10
m2 2 6
1 8 0
2 8 0
3 8 0
t 277 34
m0 2 1
m1 9 10
m2 2 7
1 9 0
2 9 0
3 9 0
t 276 35
m0 1 1
m1 9 10
m2 3 7
1 8 0
2 8 0
3 8 0
t 275 36
m0 0 1
m1 8 10
m2 4 7
1 9 0
2 9 0
3 9 0
t 274 37
m0 0 0
m1 8 10
m2 4 8
1 8 0
2 8 0
3 8 0
t 273 38
m0 0 0
m1 8 10
m2 4 8
1 9 0
2 9 0
3 9 0
t 272 38
m0 0 0
m1 9 10
m2 3 8
1 8 0
2 8 0
3 8 0
t 271 38
m0 0 1
m1 9 10
m2 3 8
1 9 0
2 9 0
3 9 0
t 270 38
m0 0 2
m1 9 10
m2 4 8
1 8 0
2 8 0
3 8 0
t 269 38
m0 0 2
m1 8 10
m2 3 8
1 9 0
2 9 0
3 9 0
t 268 38
m0 0 2
m1 7 10
m2 4 8
1 8 0
2 8 0
3 8 0
t 267 38
m0 0 2
m1 7 11
m2 4 8
1 9 0
2 9 0
3 9 0
t 266 38
m0 0 2
m1 7 12
m2 4 8
1 8 0
2 8 0
3 8 0
t 265 39
m0 0 3
m1 8 12
m2 4 8
1 9 0
2 9 0
3 9 0
t 264 40
m0 0 2
m1 9 12
m2 4 8
1 8 0
2 8 0
3 8 0
t 263 41
m0 0 1
m1 8 12
m2 3 8
1 9 0
2 9 0
3 9 0
t 262 41
m0 0 2
m1 8 13
m2 4 8
1 8 0
2 8 0
3 8 0
t 261 42
m0 0 2
m1 7 13
m2 4 8
1 9 0
2 9 0
3 9 0
t 260 43
m0 0 2
m1 7 14
m2 4 8
1 8 0
2 8 0
3 8 0
t 259 44
m0 0 3
m1 6 14
m2 4 8
1 9 0
2 9 0
3 9 0
t 258 45
m0 1 3
m1 6 14
m2 4 8
1 8 0
2 8 0
3 8 0
t 257 45
m0 2 3
m1 6 14
m2 4 8
1 9 0
2 9 0
3 9 0
t 256 45
m0 3 3
m1 7 14
m2 4 8
1 8 0
2 8 0
3 8 0
t 255 45
m0 4 3
m1 8 14
m2 4 8
1 9 0
2 9 0
3 9 0
t 254 46
m0 5 3
m1 8 13
m2 4 8
1 8 0
2 8 0
3 8 0
t 253 56
m0 5 2
m1 8 12
m2 4 8
1 9 0
2 9 0
3 9 0
t 252 56
m0 6 2
m1 7 12
m2 4 8
1 8 0
2 8 0
3 8 0
t 251 57
m0 7 2
m1 7 11
m2 3 8
1 9 0
2 9 0
3 9 0
t 250 58
m0 7 1
m1 7 11
m2 4 8
1 8 0
2 8 0
3 8 0
t 249 59
m0 7 2
m1 7 10
m2 4 8
1 9 0
2 9 0
3 9 0
t 248 59
m0 7 3
m1 7 10
m2 3 8
1 8 0
2 8 0
3 8 0
f 8 4
t 247 60
m0 7 4
m1 7 10
m2 4 8
1 9 0
2 9 0
3 9 0
t 246 61
m0 7 5
m1 7 10
m2 4 8
1 8 0
2 8 0
3 8 0
t 245 62
m0 7 6
m1 7 10
m2 4 8
1 9 0
2 9 0
3 9 0
t 244 62
m0 7 7
m1 7 10
m2 4 8
1 8 0
2 8 0
3 8 0
t 243 62
m0 7 8
m1 7 10
m2 4 8
1 9 0
2 9 0
3 9 0
t 242 63
m0 8 8
m1 7 11
m2 4 7
1 8 0
2 8 0
3 8 0
t 241 63
m0 8 7
m1 7 11
m2 4 7
1 9 0
2 9 0
3 9 0
t 240 63
m0 9 7
m1 7 12
m2 4 8
1 8 0
2 8 0
3 8 0
t 239 63
m0 9 6
m1 8 12
m2 4 7
1 9 0
2 9 0
3 9 0
t 238 63
m0 9 5
m1 9 12
m2 4 7
1 8 0
2 8 0
3 8 0
t 237 63
m0 9 4
m1 9 12
m2 5 7
1 9 0
2 9 0
3 9 0
t 236 63
m0 9 3
m1 9 12
m2 6 7
1 8 0
2 8 0
3 8 0
t 235 64
m0 9 2
m1 8 12
m2 7 7
1 9 0
2 9 0
3 9 0
t 234 64
m0 8 2
m1 8 12
m2 8 7
1 8 0
2 8 0
3 8 0
t 233 65
m0 9 2
m1 9 12
m2 9 7
1 9 0
2 9 0
3 9 0
t 232 65
m0 9 1
m1 8 12
m2 9 6
1 9 0
2 9 0
3 9 0
t 231 143
