10
15
w 5 9
w 6 6
w 3 0
w 9 8
w 8 0
w 4 12
w 0 10
w 9 4
w 3 7
w 3 14
w 6 14
w 5 5
w 8 1
w 6 10
w 1 14
w 8 10
w 5 0
w 8 6
w 1 1
w 7 14
w 3 2
w 9 3
w 6 0
w 4 14
w 2 10
w 1 4
w 0 5
w 9 13
w 3 12
w 4 6
w 1 12
w 7 4
w 1 8
w 1 7
w 3 4
w 2 4
w 9 12
p 4 7
p 1 3
p 8 13
p 9 1
p 4 8
p 5 6
p 3 11
p 8 9
p 6 2
p 1 6
p 2 12
p 5 1
p 2 5
p 1 11
p 5 8
p 1 2
p 8 14
p 6 7
p 3 3
p 2 9
p 3 10
p 4 13
p 9 11
p 3 6
p 2 6
p 9 14
p 0 0
p 3 13
p 1 13
p 9 10
p 7 5
p 2 3
p 3 9
p 8 7
p 1 0
p 9 6
p 6 5
p 5 3
p 7 9
p 2 7
p 8 3
p 7 0
p 6 8
p 6 1
p 3 1
p 0 13
p 2 11
p 7 13
p 9 9
p 3 8
p 0 6
p 2 0
p 5 7
p 6 13
p 0 2
p 8 4
m0 0 14
m1 0 14
m2 0 14
1 9 0
2 9 0
3 9 0
t 300 0
m0 0 13
m1 0 14
m2 0 14
1 9 1
2 9 1
3 9 1
t 299 1
m0 0 12
m1 0 14
m2 0 13
1 9 0
2 9 0
3 9 0
t 298 1
m0 0 13
m1 0 14
m2 0 13
1 9 1
2 9 1
3 9 1
t 297 1
m0 1 13
m1 0 14
m2 0 12
1 9 0
2 9 0
3 9 0
t 296 2
m0 1 13
m1 0 13
m2 0 13
1 9 1
2 9 1
3 9 1
t 295 2
m0 0 13
m1 0 14
m2 0 12
1 9 0
2 9 0
3 9 0
t 294 2
m0 1 13
m1 0 13
m2 0 12
1 9 1
2 9 1
3 9 1
t 293 2
m0 0 13
m1 0 12
m2 0 13
1 9 0
2 9 0
3 9 0
t 292 2
m0 0 12
m1 0 11
m2 0 13
1 9 1
2 9 1
3 9 1
t 291 2
m0 0 12
m1 0 12
m2 0 12
1 9 0
2 9 0
3 9 0
t 290 2
m0 0 11
m1 0 13
m2 0 11
1 9 1
2 9 1
3 9 1
t 289 2
m0 1 11
m1 0 12
m2 1 11
1 9 0
2 9 0
3 9 0
t 288 3
m0 1 11
m1 0 11
m2 1 10
1 9 1
2 9 1
3 9 1
t 287 3
m0 0 11
m1 1 11
m2 1 9
1 9 0
2 9 0
3 9 0
t 286 3
m0 0 11
m1 1 10
m2 2 9
1 9 1
2 9 1
3 9 1
t 285 4
m0 1 11
m1 1 9
m2 2 8
1 9 0
2 9 0
3 9 0
t 284 4
m0 1 11
m1 1 10
m2 2 7
1 9 1
2 9 1
3 9 1
t 283 5
m0 2 11
m1 1 10
m2 2 8
1 9 0
2 9 0
3 9 0
t 282 6
m0 2 11
m1 1 9
m2 2 8
1 9 1
2 9 1
3 9 1
t 281 6
m0 2 11
m1 0 9
m2 3 8
1 9 0
2 9 0
3 9 0
t 280 7
m0 2 11
m1 0 9
m2 3 9
1 9 1
2 9 1
3 9 1
t 279 8
m0 1 11
m1 0 9
m2 3 10
1 9 0
2 9 0
3 9 0
t 278 9
m0 1 11
m1 1 9
m2 3 9
1 9 1
2 9 1
3 9 1
t 277 9
m0 1 11
m1 2 9
m2 2 9
1 9 0
2 9 0
3 9 0
t 276 9
m0 1 11
m1 2 8
m2 1 9
1 9 1
2 9 1
3 9 1
t 275 9
m0 1 11
m1 3 8
m2 2 9
1 9 0
2 9 0
3 9 0
t 274 9
m0 2 11
m1 3 8
m2 1 9
1 9 1
2 9 1
3 9 1
t 273 9
m0 2 12
m1 3 9
m2 1 9
1 9 0
2 9 0
3 9 0
t 272 10
m0 2 11
m1 3 10
m2 1 10
1 9 1
2 9 1
3 9 1
t 271 10
m0 1 11
m1 3 10
m2 1 10
1 9 0
2 9 0
3 9 0
t 270 10
m0 0 11
m1 4 10
m2 1 10
1 9 1
2 9 1
3 9 1
t 269 10
m0 1 11
m1 5 10
m2 1 10
1 9 0
2 9 0
3 9 0
f 7 12
t 268 10
m0 2 11
m1 5 11
m2 1 11
1 9 1
2 9 1
3 9 1
t 267 10
m0 2 12
m1 4 11
m2 2 11
1 9 0
2 9 0
3 9 0
t 266 10
m0 2 13
m1 4 10
m2 2 11
1 9 1
2 9 1
3 9 1
t 265 10
m0 1 13
m1 5 10
m2 1 11
1 9 0
2 9 0
3 9 0
t 264 10
m0 0 13
m1 5 11
m2 0 11
1 9 1
2 9 1
3 9 1
t 263 10
m0 0 12
m1 5 11
m2 0 12
1 9 0
2 9 0
3 9 0
t 262 10
m0 0 11
m1 6 11
m2 0 13
1 9 1
2 9 1
3 9 1
t 261 10
m0 0 11
m1 6 11
m2 1 13
1 9 0
2 9 0
3 9 0
t 260 10
m0 0 11
m1 5 11
m2 2 13
1 9 1
2 9 1
3 9 1
t 259 10
m0 0 12
m1 5 10
m2 2 14
1 9 0
2 9 0
3 9 0
t 258 10
m0 0 12
m1 4 10
m2 2 14
1 9 1
2 9 1
3 9 1
t 257 10
m0 0 12
m1 5 10
m2 2 14
1 9 0
2 9 0
3 9 0
t 256 10
m0 0 12
m1 5 10
m2 2 13
1 9 1
2 9 1
3 9 1
t 255 10
m0 0 12
m1 4 10
m2 2 13
1 9 0
2 9 0
3 9 0
t 254 10
m0 0 11
m1 5 10
m2 2 13
1 9 1
2 9 1
3 9 1
t 253 10
m0 0 11
m1 4 10
m2 2 13
1 9 0
2 9 0
3 9 0
t 252 10
m0 0 12
m1 5 10
m2 3 13
1 9 1
2 9 1
3 9 1
t 251 11
m0 0 12
m1 5 10
m2 3 13
1 9 0
2 9 0
3 9 0
t 250 11
m0 0 12
m1 5 10
m2 3 13
1 9 1
2 9 1
3 9 1
t 249 11
m0 0 11
m1 5 11
m2 2 13
1 9 0
2 9 0
3 9 0
t 248 11
m0 1 11
m1 5 10
m2 1 13
1 9 1
2 9 1
3 9 1
t 247 11
m0 2 11
m1 5 11
m2 1 13
1 9 0
2 9 0
3 9 0
t 246 11
m0 2 12
m1 5 10
m2 1 13
1 9 1
2 9 1
3 9 1
t 245 11
m0 2 13
m1 5 11
m2 2 13
1 9 0
2 9 0
3 9 0
t 244 11
m0 2 14
m1 4 11
m2 3 13
1 9 1
2 9 1
3 9 1
t 243 11
m0 2 13
m1 4 11
m2 4 13
1 9 0
2 9 0
3 9 0
t 242 12
m0 2 13
m1 5 11
m2 5 13
1 9 1
2 9 1
3 9 1
t 241 12
m0 2 12
m1 5 11
m2 5 14
1 9 0
2 9 0
3 9 0
t 240 12
m0 2 12
m1 6 11
m2 5 14
1 9 1
2 9 1
3 9 1
t 239 12
m0 2 12
m1 5 11
m2 5 13
1 9 0
2 9 0
3 9 0
t 238 12
m0 2 11
m1 6 11
m2 5 14
1 9 1
2 9 1
3 9 1
t 237 12
m0 1 11
m1 7 11
m2 5 14
1 9 0
2 9 0
3 9 0
t 236 12
m0 1 10
m1 8 11
m2 5 13
1 9 1
2 9 1
3 9 1
t 235 12
m0 1 9
m1 8 12
m2 5 14
1 9 0
2 9 0
3 9 0
t 234 12
m0 2 9
m1 8 12
m2 5 13
1 9 1
2 9 1
3 9 1
t 233 12
m0 3 9
m1 8 12
m2 5 14
1 9 0
2 9 0
3 9 0
t 232 12
m0 2 9
m1 8 11
m2 5 13
1 9 1
2 9 1
3 9 1
t 231 12
m0 3 9
m1 8 12
m2 6 13
1 9 0
2 9 0
3 9 0
t 230 13
m0 3 9
m1 8 11
m2 6 12
1 9 1
2 9 1
3 9 1
t 229 13
m0 2 9
m1 8 11
m2 6 12
1 9 0
2 9 0
3 9 0
t 228 13
m0 2 9
m1 9 11
m2 6 13
1 9 1
2 9 1
3 9 1
t 227 14
m0 2 9
m1 9 11
m2 5 13
1 9 0
2 9 0
3 9 0
t 226 14
m0 2 8
m1 9 10
m2 4 13
1 9 1
2 9 1
3 9 1
t 225 15
m0 2 8
m1 9 10
m2 4 13
1 9 0
2 9 0
3 9 0
t 224 15
m0 2 8
m1 9 11
m2 3 13
1 9 1
2 9 1
3 9 1
t 223 15
m0 2 8
m1 9 11
m2 2 13
1 9 0
2 9 0
3 9 0
t 222 15
m0 3 8
m1 9 11
m2 2 14
1 9 1
2 9 1
3 9 1
t 221 15
m0 2 8
m1 8 11
m2 2 14
1 9 0
2 9 0
3 9 0
t 220 15
m0 2 7
m1 9 11
m2 2 14
1 9 1
2 9 1
3 9 1
t 219 15
m0 2 8
m1 9 11
m2 2 13
1 9 0
2 9 0
3 9 0
t 218 15
m0 3 8
m1 9 11
m2 2 13
1 9 1
2 9 1
3 9 1
t 217 15
m0 4 8
m1 9 10
m2 1 13
1 9 0
2 9 0
3 9 0
t 216 16
m0 3 8
m1 9 11
m2 0 13
1 9 1
2 9 1
3 9 1
t 215 16
m0 3 8
m1 8 11
m2 0 13
1 9 0
2 9 0
3 9 0
t 214 16
m0 4 8
m1 9 11
m2 1 13
1 9 1
2 9 1
3 9 1
t 213 16
m0 4 8
m1 9 11
m2 1 13
1 9 0
2 9 0
3 9 0
t 212 16
m0 5 8
m1 9 10
m2 0 13
1 9 1
2 9 1
3 9 1
t 211 17
m0 4 8
m1 9 11
m2 0 14
1 9 0
2 9 0
3 9 0
t 210 17
m0 4 9
m1 8 11
m2 0 13
1 9 1
2 9 1
3 9 1
t 209 17
m0 4 9
m1 8 12
m2 0 14
1 9 0
2 9 0
3 9 0
t 208 17
m0 4 8
m1 7 12
m2 0 14
1 9 1
2 9 1
3 9 1
t 207 27
m0 4 9
m1 7 13
m2 0 13
1 9 0
2 9 0
3 9 0
t 206 28
m0 4 9
m1 7 12
m2 0 13
1 9 1
2 9 1
3 9 1
t 205 28
m0 4 9
m1 6 12
m2 0 14
1 9 0
2 9 0
3 9 0
t 204 28
m0 4 9
m1 6 12
m2 0 13
1 9 1
2 9 1
3 9 1
t 203 28
m0 4 10
m1 6 11
m2 0 14
1 9 0
2 9 0
3 9 0
t 202 28
m0 4 11
m1 7 11
m2 0 14
1 9 1
2 9 1
3 9 1
t 201 28
m0 4 11
m1 7 12
m2 0 13
1 9 0
2 9 0
3 9 0
t 200 28
m0 4 11
m1 6 12
m2 1 13
1 9 1
2 9 1
3 9 1
t 199 28
m0 4 11
m1 6 13
m2 2 13
1 9 0
2 9 0
3 9 0
t 198 28
m0 4 11
m1 6 13
m2 2 13
1 9 1
2 9 1
3 9 1
t 197 28
m0 5 11
m1 5 13
m2 2 14
1 9 0
2 9 0
3 9 0
t 196 28
m0 5 10
m1 4 13
m2 2 14
1 9 1
2 9 1
3 9 1
t 195 28
m0 4 10
m1 4 13
m2 2 14
1 9 0
2 9 0
3 9 0
t 194 28
m0 4 11
m1 4 13
m2 2 13
1 9 1
2 9 1
3 9 1
t 193 28
m0 3 11
m1 4 13
m2 2 12
1 9 0
2 9 0
3 9 0
t 192 29
m0 4 11
m1 3 13
m2 2 12
1 9 1
2 9 1
3 9 1
t 191 29
m0 3 11
m1 4 13
m2 2 13
1 9 0
2 9 0
3 9 0
t 190 29
m0 2 11
m1 3 13
m2 2 13
1 9 1
2 9 1
3 9 1
t 189 29
m0 2 12
m1 2 13
m2 3 13
1 9 0
2 9 0
3 9 0
t 188 29
m0 2 12
m1 3 13
m2 2 13
1 9 1
2 9 1
3 9 1
t 187 29
m0 2 12
m1 3 13
m2 2 13
1 9 0
2 9 0
3 9 0
t 186 29
m0 2 12
m1 4 13
m2 2 12
1 9 1
2 9 1
3 9 1
t 185 29
m0 2 12
m1 4 13
m2 2 13
1 9 0
2 9 0
3 9 0
t 184 29
m0 2 12
m1 4 13
m2 2 12
1 9 1
2 9 1
3 9 1
t 183 29
m0 2 13
m1 3 13
m2 2 11
1 9 0
2 9 0
3 9 0
t 182 29
m0 3 13
m1 3 13
m2 1 11
1 9 1
2 9 1
3 9 1
t 181 29
m0 2 13
m1 3 13
m2 1 10
1 9 0
2 9 0
3 9 0
t 180 29
m0 2 14
m1 2 13
m2 1 11
1 9 1
2 9 1
3 9 1
t 179 29
m0 2 13
m1 2 13
m2 1 10
1 9 0
2 9 0
3 9 0
t 178 29
m0 1 13
m1 3 13
m2 1 10
1 9 1
2 9 1
3 9 1
t 177 29
m0 0 13
m1 2 13
m2 1 11
1 9 0
2 9 0
3 9 0
t 176 29
m0 0 12
m1 1 13
m2 0 11
1 9 1
2 9 1
3 9 1
t 175 29
m0 0 12
m1 1 13
m2 0 11
1 9 0
2 9 0
3 9 0
t 174 29
m0 0 12
m1 0 13
m2 0 11
1 9 1
2 9 1
3 9 1
t 173 29
m0 0 13
m1 1 13
m2 0 12
1 9 0
2 9 0
3 9 0
t 172 29
m0 1 13
m1 1 13
m2 0 13
1 9 1
2 9 1
3 9 1
t 171 29
m0 2 13
m1 2 13
m2 0 12
1 9 0
2 9 0
3 9 0
t 170 29
m0 3 13
m1 2 14
m2 0 11
1 9 1
2 9 1
3 9 1
t 169 29
m0 2 13
m1 2 14
m2 0 11
1 9 0
2 9 0
3 9 0
t 168 29
m0 2 13
m1 2 13
m2 1 11
1 9 1
2 9 1
3 9 1
t 167 29
m0 2 12
m1 1 13
m2 1 10
1 9 0
2 9 0
3 9 0
f 4 8
t 166 29
m0 2 11
m1 0 13
m2 1 10
1 9 1
2 9 1
3 9 1
t 165 29
m0 2 12
m1 0 12
m2 1 10
1 9 0
2 9 0
3 9 0
t 164 29
m0 2 12
m1 0 13
m2 1 11
1 9 1
2 9 1
3 9 1
t 163 29
m0 2 13
m1 1 13
m2 1 10
1 9 0
2 9 0
3 9 0
t 162 29
m0 2 14
m1 1 13
m2 1 9
1 9 1
2 9 1
3 9 1
t 161 29
m0 2 13
m1 2 13
m2 0 9
1 9 0
2 9 0
3 9 0
t 160 29
m0 2 14
m1 2 12
m2 1 9
1 9 1
2 9 1
3 9 1
t 159 29
m0 2 14
m1 2 13
m2 0 9
1 9 0
2 9 0
3 9 0
t 158 29
m0 2 14
m1 2 13
m2 0 9
1 9 1
2 9 1
3 9 1
t 157 29
m0 2 14
m1 1 13
m2 0 9
1 9 0
2 9 0
3 9 0
t 156 29
m0 2 13
m1 0 13
m2 1 9
1 9 1
2 9 1
3 9 1
t 155 29
m0 3 13
m1 0 12
m2 2 9
1 9 0
2 9 0
3 9 0
t 154 29
m0 2 13
m1 0 11
m2 3 9
1 9 1
2 9 1
3 9 1
t 153 29
m0 3 13
m1 1 11
m2 4 9
1 9 0
2 9 0
3 9 0
t 152 29
m0 3 13
m1 0 11
m2 3 9
1 9 1
2 9 1
3 9 1
t 151 29
m0 2 13
m1 0 11
m2 3 8
1 9 0
2 9 0
3 9 0
t 150 29
m0 2 13
m1 1 11
m2 2 8
1 9 1
2 9 1
3 9 1
t 149 29
m0 3 13
m1 1 10
m2 3 8
1 9 0
2 9 0
3 9 0
t 148 29
m0 3 13
m1 1 9
m2 4 8
1 9 1
2 9 1
3 9 1
t 147 39
m0 3 13
m1 0 9
m2 5 8
1 9 0
2 9 0
3 9 0
t 146 39
m0 3 13
m1 1 9
m2 5 7
1 9 1
2 9 1
3 9 1
t 145 40
m0 3 13
m1 1 9
m2 5 7
1 9 0
2 9 0
3 9 0
t 144 40
m0 3 13
m1 1 10
m2 5 8
1 9 1
2 9 1
3 9 1
t 143 40
m0 4 13
m1 1 10
m2 4 8
1 9 0
2 9 0
3 9 0
t 142 40
m0 4 13
m1 1 10
m2 4 7
1 9 1
2 9 1
3 9 1
t 141 41
m0 4 13
m1 1 10
m2 5 7
1 9 0
2 9 0
3 9 0
t 140 41
m0 4 13
m1 1 9
m2 5 7
1 9 1
2 9 1
3 9 1
t 139 41
m0 3 13
m1 2 9
m2 5 8
1 9 0
2 9 0
3 9 0
t 138 41
m0 2 13
m1 3 9
m2 6 8
1 9 1
2 9 1
3 9 1
t 137 42
m0 1 13
m1 3 8
m2 6 8
1 9 0
2 9 0
3 9 0
t 136 42
m0 0 13
m1 2 8
m2 6 8
1 9 1
2 9 1
3 9 1
t 135 42
m0 1 13
m1 3 8
m2 7 8
1 9 0
2 9 0
3 9 0
t 134 42
m0 1 13
m1 3 9
m2 6 8
1 9 1
2 9 1
3 9 1
t 133 42
m0 1 13
m1 4 9
m2 6 7
1 9 0
2 9 0
3 9 0
t 132 43
m0 2 13
m1 3 9
m2 5 7
1 9 1
2 9 1
3 9 1
t 131 43
m0 2 14
m1 3 10
m2 4 7
1 9 0
2 9 0
3 9 0
t 130 43
m0 2 14
m1 3 9
m2 5 7
1 9 1
2 9 1
3 9 1
t 129 43
m0 2 14
m1 4 9
m2 5 6
1 9 0
2 9 0
3 9 0
t 128 44
m0 2 13
m1 4 10
m2 5 7
1 9 1
2 9 1
3 9 1
t 127 44
m0 1 13
m1 4 11
m2 5 8
1 9 0
2 9 0
3 9 0
t 126 44
m0 1 13
m1 4 11
m2 4 8
1 9 1
2 9 1
3 9 1
t 125 44
m0 1 13
m1 4 11
m2 4 8
1 9 0
2 9 0
3 9 0
t 124 44
m0 1 13
m1 3 11
m2 4 8
1 9 1
2 9 1
3 9 1
t 123 44
m0 1 13
m1 3 10
m2 3 8
1 9 0
2 9 0
3 9 0
t 122 44
m0 0 13
m1 4 10
m2 3 8
1 9 1
2 9 1
3 9 1
t 121 44
m0 1 13
m1 5 10
m2 3 8
1 9 0
2 9 0
3 9 0
f 3 5
t 120 44
m0 1 13
m1 5 11
m2 2 8
1 9 1
2 9 1
3 9 1
t 119 44
m0 0 13
m1 5 11
m2 2 9
1 9 0
2 9 0
3 9 0
t 118 44
m0 0 14
m1 4 11
m2 2 8
1 9 1
2 9 1
3 9 1
t 117 44
m0 0 14
m1 4 11
m2 2 7
1 9 0
2 9 0
3 9 0
t 116 44
m0 0 13
m1 5 11
m2 2 6
1 9 1
2 9 1
3 9 1
t 115 45
m0 0 14
m1 6 11
m2 2 7
1 9 0
2 9 0
3 9 0
t 114 45
m0 0 14
m1 5 11
m2 2 7
1 9 1
2 9 1
3 9 1
t 113 45
m0 0 14
m1 4 11
m2 2 6
1 9 0
2 9 0
3 9 0
t 112 45
m0 0 14
m1 5 11
m2 2 6
1 9 1
2 9 1
3 9 1
t 111 45
m0 0 13
m1 5 10
m2 2 6
1 9 0
2 9 0
3 9 0
t 110 45
m0 1 13
m1 5 10
m2 2 5
1 9 1
2 9 1
3 9 1
t 109 46
m0 1 13
m1 4 10
m2 3 5
1 9 0
2 9 0
3 9 0
t 108 56
m0 1 13
m1 4 11
m2 3 5
1 9 1
2 9 1
3 9 1
t 107 56
m0 1 13
m1 4 11
m2 3 5
1 9 0
2 9 0
3 9 0
t 106 56
m0 2 13
m1 3 11
m2 4 5
1 9 1
2 9 1
3 9 1
t 105 56
m0 1 13
m1 4 11
m2 4 5
1 9 0
2 9 0
3 9 0
t 104 56
m0 1 13
m1 3 11
m2 4 4
1 9 1
2 9 1
3 9 1
t 103 56
m0 0 13
m1 3 10
m2 5 4
1 9 0
2 9 0
3 9 0
t 102 56
m0 1 13
m1 3 9
m2 5 3
1 9 1
2 9 1
3 9 1
t 101 57
m0 0 13
m1 3 10
m2 5 4
1 9 0
2 9 0
3 9 0
t 100 57
m0 0 14
m1 3 9
m2 5 3
1 9 1
2 9 1
3 9 1
t 99 57
m0 0 14
m1 2 9
m2 6 3
1 9 0
2 9 0
3 9 0
t 98 57
m0 0 13
m1 2 9
m2 6 2
1 9 1
2 9 1
3 9 1
t 97 58
m0 0 12
m1 2 9
m2 6 1
1 9 0
2 9 0
3 9 0
t 96 59
m0 0 11
m1 1 9
m2 6 2
1 9 1
2 9 1
3 9 1
t 95 59
m0 0 12
m1 0 9
m2 6 2
1 9 0
2 9 0
3 9 0
t 94 59
m0 0 13
m1 1 9
m2 7 2
1 9 1
2 9 1
3 9 1
t 93 59
m0 1 13
m1 0 9
m2 7 2
1 9 0
2 9 0
3 9 0
t 92 59
m0 1 13
m1 0 9
m2 7 1
1 9 1
2 9 1
3 9 1
f 1 9
t 91 59
m0 0 13
m1 0 8
m2 7 1
1 9 0
2 9 0
3 9 0
t 90 59
m0 1 13
m1 0 8
m2 7 2
1 9 1
2 9 1
3 9 1
t 89 59
m0 0 13
m1 0 7
m2 7 2
1 9 0
2 9 0
3 9 0
t 88 59
m0 0 14
m1 0 6
m2 8 2
1 9 1
2 9 1
3 9 1
t 87 60
m0 0 14
m1 1 6
m2 9 2
1 9 0
2 9 0
3 9 0
t 86 61
m0 0 14
m1 1 6
m2 9 2
1 9 1
2 9 1
3 9 1
t 85 61
m0 0 14
m1 1 6
m2 -5 -5
1 9 0
2 9 0
3 9 0
t 84 62
m0 0 14
m1 2 6
m2 -5 -5
1 9 1
2 9 1
3 9 1
t 83 62
m0 0 13
m1 1 6
m2 -5 -5
1 9 0
2 9 0
3 9 0
t 82 62
m0 0 14
m1 1 5
m2 -5 -5
1 9 1
2 9 1
3 9 1
t 81 62
m0 0 14
m1 1 5
m2 -5 -5
1 9 0
2 9 0
3 9 0
t 80 62
m0 0 14
m1 2 5
m2 -5 -5
1 9 1
2 9 1
3 9 1
t 79 62
m0 0 14
m1 2 5
m2 -5 -5
1 9 0
2 9 0
3 9 0
t 78 62
m0 0 13
m1 2 5
m2 -5 -5
1 9 1
2 9 1
3 9 1
t 77 62
m0 0 13
m1 1 5
m2 -5 -5
1 9 0
2 9 0
3 9 0
t 76 62
m0 1 13
m1 1 6
m2 -5 -5
1 9 1
2 9 1
3 9 1
t 75 62
m0 0 13
m1 1 6
m2 -5 -5
1 9 0
2 9 0
3 9 0
t 74 62
m0 0 13
m1 1 5
m2 -5 -5
1 9 1
2 9 1
3 9 1
t 73 62
m0 0 13
m1 1 6
m2 -5 -5
1 9 0
2 9 0
3 9 0
t 72 62
m0 0 12
m1 2 6
m2 -5 -5
1 9 1
2 9 1
3 9 1
t 71 62
m0 0 12
m1 2 6
m2 -5 -5
1 9 0
2 9 0
3 9 0
t 70 62
m0 0 11
m1 1 6
m2 -5 -5
1 9 1
2 9 1
3 9 1
t 69 62
m0 0 12
m1 1 5
m2 -5 -5
1 9 0
2 9 0
3 9 0
t 68 62
m0 0 13
m1 1 5
m2 -5 -5
1 9 1
2 9 1
3 9 1
t 67 62
m0 1 13
m1 2 5
m2 -5 -5
1 9 0
2 9 0
3 9 0
t 66 62
m0 1 13
m1 3 5
m2 -5 -5
1 9 1
2 9 1
3 9 1
t 65 62
m0 0 13
m1 4 5
m2 -5 -5
1 9 0
2 9 0
3 9 0
t 64 62
m0 0 12
m1 4 4
m2 -5 -5
1 9 1
2 9 1
3 9 1
t 63 62
m0 0 13
m1 5 4
m2 -5 -5
1 9 0
2 9 0
3 9 0
t 62 62
m0 0 14
m1 6 4
m2 -5 -5
1 9 1
2 9 1
3 9 1
t 61 62
m0 0 14
m1 6 3
m2 -5 -5
1 9 0
2 9 0
3 9 0
t 60 62
m0 0 14
m1 6 2
m2 -5 -5
1 9 1
2 9 1
3 9 1
t 59 62
m0 0 13
m1 7 2
m2 -5 -5
1 9 0
2 9 0
3 9 0
t 58 62
m0 0 13
m1 7 2
m2 -5 -5
1 9 1
2 9 1
3 9 1
t 57 62
m0 0 12
m1 7 2
m2 -5 -5
1 9 0
2 9 0
3 9 0
t 56 62
m0 0 13
m1 7 1
m2 -5 -5
1 9 1
2 9 1
3 9 1
t 55 62
m0 0 12
m1 7 1
m2 -5 -5
1 9 0
2 9 0
3 9 0
t 54 62
m0 0 12
m1 7 2
m2 -5 -5
1 9 1
2 9 1
3 9 1
t 53 62
m0 0 11
m1 7 1
m2 -5 -5
1 9 0
2 9 0
3 9 0
t 52 62
m0 0 11
m1 7 0
m2 -5 -5
1 9 1
2 9 1
3 9 1
t 51 63
m0 0 11
m1 7 0
m2 -5 -5
1 9 0
2 9 0
3 9 0
t 50 63
m0 1 11
m1 7 1
m2 -5 -5
1 9 1
2 9 1
3 9 1
t 49 63
m0 0 11
m1 7 0
m2 -5 -5
1 9 0
2 9 0
3 9 0
t 48 63
m0 1 11
m1 7 0
m2 -5 -5
1 9 1
2 9 1
3 9 1
t 47 63
m0 1 10
m1 7 0
m2 -5 -5
1 9 0
2 9 0
3 9 0
t 46 63
m0 1 9
m1 7 0
m2 -5 -5
1 9 1
2 9 1
3 9 1
t 45 73
m0 1 10
m1 7 0
m2 -5 -5
1 9 0
2 9 0
3 9 0
t 44 73
m0 1 10
m1 7 1
m2 -5 -5
1 9 1
2 9 1
3 9 1
t 43 73
m0 1 10
m1 7 0
m2 -5 -5
1 9 0
2 9 0
3 9 0
f 0 7
t 42 73
m0 1 10
m1 7 0
m2 -5 -5
1 9 1
2 9 1
3 9 1
t 41 73
m0 1 9
m1 7 1
m2 -5 -5
1 9 0
2 9 0
3 9 0
t 40 73
m0 1 9
m1 7 0
m2 -5 -5
1 9 1
2 9 1
3 9 1
t 39 73
m0 0 9
m1 7 1
m2 -5 -5
1 9 0
2 9 0
3 9 0
t 38 73
m0 0 8
m1 7 0
m2 -5 -5
1 9 1
2 9 1
3 9 1
t 37 73
m0 0 9
m1 7 0
m2 -5 -5
1 9 0
2 9 0
3 9 0
t 36 73
m0 0 9
m1 7 0
m2 -5 -5
1 9 1
2 9 1
3 9 1
t 35 73
m0 0 9
m1 7 0
m2 -5 -5
1 9 0
2 9 0
3 9 0
t 34 73
m0 0 9
m1 7 0
m2 -5 -5
1 9 1
2 9 1
3 9 1
t 33 73
m0 1 9
m1 7 1
m2 -5 -5
1 9 0
2 9 0
3 9 0
t 32 73
m0 0 9
m1 7 0
m2 -5 -5
1 9 1
2 9 1
3 9 1
t 31 73
m0 0 8
m1 7 0
m2 -5 -5
1 9 0
2 9 0
3 9 0
t 30 73
m0 0 9
m1 7 1
m2 -5 -5
1 9 1
2 9 1
3 9 1
t 29 73
m0 0 9
m1 7 1
m2 -5 -5
1 9 0
2 9 0
3 9 0
t 28 73
m0 0 9
m1 7 1
m2 -5 -5
1 9 1
2 9 1
3 9 1
t 27 73
m0 0 9
m1 6 1
m2 -5 -5
1 9 0
2 9 0
3 9 0
t 26 73
m0 0 9
m1 7 1
m2 -5 -5
1 9 1
2 9 1
3 9 1
t 25 73
m0 1 9
m1 7 2
m2 -5 -5
1 9 0
2 9 0
3 9 0
t 24 73
m0 1 10
m1 8 2
m2 -5 -5
1 9 1
2 9 1
3 9 1
t 23 73
m0 1 9
m1 9 2
m2 -5 -5
1 9 0
2 9 0
3 9 0
t 22 73
m0 1 9
m1 8 2
m2 -5 -5
1 9 1
2 9 1
3 9 1
t 21 73
m0 1 10
m1 9 2
m2 -5 -5
1 9 0
2 9 0
3 9 0
t 20 73
m0 1 9
m1 -5 -5
m2 -5 -5
1 9 1
2 9 1
3 9 1
t 19 73
m0 2 9
m1 -5 -5
m2 -5 -5
1 9 0
2 9 0
3 9 0
t 18 73
m0 3 9
m1 -5 -5
m2 -5 -5
1 9 1
2 9 1
3 9 1
t 17 73
m0 4 9
m1 -5 -5
m2 -5 -5
1 9 0
2 9 0
3 9 0
t 16 73
m0 4 8
m1 -5 -5
m2 -5 -5
1 9 1
2 9 1
3 9 1
t 15 73
m0 5 8
m1 -5 -5
m2 -5 -5
1 9 0
2 9 0
3 9 0
t 14 73
m0 6 8
m1 -5 -5
m2 -5 -5
1 9 1
2 9 1
3 9 1
t 13 73
m0 7 8
m1 -5 -5
m2 -5 -5
1 9 0
2 9 0
3 9 0
t 12 73
m0 8 8
m1 -5 -5
m2 -5 -5
1 9 1
2 9 1
3 9 1
t 11 73
m0 8 7
m1 -5 -5
m2 -5 -5
1 9 0
2 9 0
3 9 0
t 10 74
m0 9 7
m1 -5 -5
m2 -5 -5
1 9 1
2 9 1
3 9 1
t 9 74
m0 9 6
m1 -5 -5
m2 -5 -5
1 9 0
2 9 0
3 9 0
t 8 75
m0 9 5
m1 -5 -5
m2 -5 -5
1 9 1
2 9 1
3 9 1
t 7 75
m0 8 5
m1 -5 -5
m2 -5 -5
1 9 0
2 9 0
3 9 0
t 6 75
m0 9 5
m1 -5 -5
m2 -5 -5
1 9 1
2 9 1
3 9 1
t 5 75
m0 8 5
m1 -5 -5
m2 -5 -5
1 9 0
2 9 0
3 9 0
t 4 75
m0 9 5
m1 -5 -5
m2 -5 -5
1 9 1
2 9 1
3 9 1
t 3 75
m0 8 5
m1 -5 -5
m2 -5 -5
1 9 0
2 9 0
3 9 0
t 2 75
m0 9 5
m1 -5 -5
m2 -5 -5
1 9 1
2 9 1
3 9 1
t 1 75
m0 8 5
m1 -5 -5
m2 -5 -5
1 9 1
2 9 1
3 9 1
t 0 75
