10
15
w 5 9
w 6 9
w 4 7
w 5 6
w 7 7
w 5 13
w 2 12
w 0 10
w 5 1
w 0 3
w 3 14
w 1 2
w 4 9
w 7 6
w 6 10
w 4 1
w 1 1
w 2 6
w 9 14
w 8 11
w 0 12
w 0 5
w 1 9
w 8 7
w 4 11
w 2 7
w 8 3
w 3 12
w 5 7
w 7 13
w 9 9
w 7 4
w 1 7
w 0 9
w 9 5
w 3 4
w 2 4
p 1 3
p 8 13
p 4 8
p 3 0
p 9 8
p 8 0
p 4 12
p 9 4
p 8 5
p 7 2
p 4 0
p 5 8
p 8 14
p 6 14
p 6 7
p 3 3
p 2 9
p 8 1
p 5 12
p 1 14
p 8 10
p 1 5
p 0 11
p 9 11
p 7 10
p 0 4
p 7 14
p 5 4
p 8 2
p 5 11
p 4 5
p 6 11
p 3 13
p 6 0
p 4 14
p 9 10
p 7 5
p 2 3
p 3 9
p 6 12
p 2 14
p 6 5
p 7 9
p 5 3
p 3 5
p 6 8
p 1 12
p 8 12
p 3 8
p 0 6
p 2 0
p 8 8
p 6 13
p 7 8
p 0 2
p 9 12
m0 0 14
m1 0 14
m2 0 14
1 9 0
2 9 0
3 9 0
t 300 0
m0 0 13
m1 0 13
m2 0 13
1 8 0
2 9 1
3 8 0
t 299 0
m0 0 13
m1 0 13
m2 0 13
1 7 0
2 9 2
3 8 1
t 298 0
m0 0 13
m1 0 13
m2 0 13
1 6 0
2 9 3
3 7 1
t 297 0
m0 0 13
m1 0 13
m2 0 13
1 5 0
2 9 4
3 7 2
t 296 0
m0 0 13
m1 0 13
m2 0 13
1 4 0
2 8 4
3 6 2
t 295 0
m0 0 13
m1 0 13
m2 0 13
1 3 0
2 8 5
3 5 2
t 294 0
m0 0 13
m1 0 13
m2 0 13
1 2 0
2 8 6
3 5 3
t 293 0
m0 0 13
m1 0 13
m2 0 13
1 1 0
2 9 6
3 4 3
t 292 0
m0 0 13
m1 0 13
m2 0 13
1 0 0
2 9 7
3 4 4
t 291 0
m0 0 13
m1 0 13
m2 0 13
1 0 1
2 9 8
3 4 5
t 290 0
m0 0 13
m1 0 13
m2 0 13
1 0 0
2 8 8
3 3 5
t 289 0
m0 0 13
m1 0 13
m2 0 13
1 0 1
2 8 9
3 3 6
t 288 0
m0 0 13
m1 0 13
m2 0 13
1 0 0
2 8 10
3 3 7
t 287 0
m0 0 13
m1 0 13
m2 0 13
1 0 1
2 9 10
3 3 8
t 286 0
m0 0 13
m1 0 13
m2 0 13
1 0 0
2 9 11
3 2 8
t 285 0
m0 0 13
m1 0 13
m2 0 13
1 0 1
2 9 12
3 2 9
t 284 0
m0 0 13
m1 0 13
m2 0 13
1 0 0
2 9 13
3 2 10
t 283 0
m0 0 13
m1 0 13
m2 0 13
1 0 1
2 8 13
3 1 10
t 282 0
m0 0 13
m1 0 13
m2 0 13
1 0 0
2 9 13
3 1 11
t 281 0
m0 0 13
m1 0 13
m2 0 13
1 0 1
2 8 13
3 0 11
t 280 0
m0 0 13
m1 0 13
m2 0 13
1 0 0
2 9 13
3 1 11
t 279 0
m0 0 13
m1 0 13
m2 0 13
1 0 1
2 8 13
3 0 11
t 278 0
m0 0 13
m1 0 13
m2 0 13
1 0 0
2 9 13
3 1 11
t 277 0
m0 0 13
m1 0 13
m2 0 13
1 0 1
2 8 13
3 0 11
t 276 0
m0 0 13
m1 0 13
m2 0 13
1 0 0
2 9 13
3 1 11
t 275 0
m0 0 13
m1 0 13
m2 0 13
1 0 1
2 8 13
3 0 11
t 274 0
m0 0 13
m1 0 13
m2 0 13
1 0 0
2 9 13
3 1 11
t 273 0
m0 0 13
m1 0 13
m2 0 13
1 0 1
2 8 13
3 0 11
t 272 0
m0 0 13
m1 0 13
m2 0 13
1 0 0
2 9 13
3 1 11
t 271 0
m0 0 14
m1 0 14
m2 0 14
1 0 1
2 8 13
3 0 11
f 7 0
t 270 0
m0 1 14
m1 1 14
m2 1 14
1 0 0
2 8 14
3 1 11
t 269 1
m0 2 14
m1 2 14
m2 2 14
1 1 0
2 7 14
3 2 11
t 268 2
m0 1 14
m1 1 14
m2 1 14
1 0 0
2 6 14
3 1 11
t 267 2
m0 2 14
m1 2 14
m2 2 14
1 1 0
2 5 14
3 2 11
t 266 2
m0 1 14
m1 1 14
m2 1 14
1 0 0
2 4 14
3 1 11
t 265 2
m0 0 14
m1 0 14
m2 0 14
1 0 1
2 5 14
3 0 11
t 264 2
m0 1 14
m1 1 14
m2 1 14
1 0 0
2 4 14
3 1 11
t 263 2
m0 0 14
m1 0 14
m2 0 14
1 0 1
2 5 14
3 0 11
t 262 2
m0 1 14
m1 1 14
m2 1 14
1 0 0
2 4 14
3 1 11
t 261 2
m0 0 14
m1 0 14
m2 0 14
1 0 1
2 5 14
3 0 11
t 260 2
m0 1 14
m1 1 14
m2 1 14
1 0 0
2 4 14
3 1 11
t 259 2
m0 0 14
m1 0 14
m2 0 14
1 0 1
2 5 14
3 0 11
t 258 2
m0 1 14
m1 1 14
m2 1 14
1 0 0
2 4 14
3 1 11
t 257 2
m0 0 14
m1 0 14
m2 0 14
1 0 1
2 5 14
3 0 11
t 256 2
m0 1 14
m1 1 14
m2 1 14
1 0 0
2 4 14
3 1 11
t 255 2
m0 0 14
m1 0 14
m2 0 14
1 0 1
2 5 14
3 0 11
t 254 2
m0 1 14
m1 1 14
m2 1 14
1 0 0
2 4 14
3 1 11
t 253 2
m0 0 14
m1 0 14
m2 0 14
1 0 1
2 5 14
3 0 11
t 252 2
m0 1 14
m1 1 14
m2 1 14
1 0 0
2 4 14
3 1 11
t 251 2
m0 0 14
m1 0 14
m2 0 14
1 0 1
2 5 14
3 0 11
t 250 2
m0 1 14
m1 1 14
m2 1 14
1 0 0
2 4 14
3 1 11
t 249 2
m0 0 14
m1 0 14
m2 0 14
1 0 1
2 5 14
3 0 11
t 248 2
m0 1 14
m1 1 14
m2 1 14
1 0 0
2 4 14
3 1 11
t 247 2
m0 0 14
m1 0 14
m2 0 14
1 0 1
2 5 14
3 0 11
t 246 2
m0 1 14
m1 1 14
m2 1 14
1 0 0
2 4 14
3 1 11
t 245 2
m0 0 14
m1 0 14
m2 0 14
1 0 1
2 5 14
3 0 11
t 244 2
m0 1 14
m1 1 14
m2 1 14
1 0 0
2 4 14
3 1 11
t 243 2
m0 0 14
m1 0 14
m2 0 14
1 0 1
2 5 14
3 0 11
t 242 2
m0 1 14
m1 1 14
m2 1 14
1 0 0
2 4 14
3 1 11
t 241 2
m0 0 14
m1 0 14
m2 0 14
1 0 1
2 5 14
3 0 11
t 240 2
m0 1 14
m1 1 14
m2 1 14
1 0 0
2 4 14
3 1 11
t 239 2
m0 0 14
m1 0 14
m2 0 14
1 0 1
2 5 14
3 0 11
t 238 2
m0 1 14
m1 1 14
m2 1 14
1 0 0
2 4 14
3 1 11
t 237 2
m0 0 14
m1 0 14
m2 0 14
1 0 1
2 5 14
3 0 11
t 236 2
m0 1 14
m1 1 14
m2 1 14
1 0 0
2 4 14
3 1 11
t 235 2
m0 0 14
m1 0 14
m2 0 14
1 0 1
2 5 14
3 0 11
t 234 2
m0 1 14
m1 1 14
m2 1 14
1 0 0
2 4 14
3 1 11
t 233 2
m0 0 14
m1 0 14
m2 0 14
1 0 1
2 5 14
3 0 11
t 232 2
m0 1 14
m1 1 14
m2 1 14
1 0 0
2 4 14
3 1 11
t 231 2
m0 0 14
m1 0 14
m2 0 14
1 0 1
2 5 14
3 0 11
t 230 2
m0 1 14
m1 1 14
m2 1 14
1 0 0
2 4 14
3 1 11
t 229 2
m0 0 14
m1 0 14
m2 0 14
1 0 1
2 5 14
3 0 11
t 228 2
m0 1 14
m1 1 14
m2 1 14
1 0 0
2 4 14
3 1 11
t 227 2
m0 0 14
m1 0 14
m2 0 14
1 0 1
2 5 14
3 0 11
t 226 2
m0 1 14
m1 1 14
m2 1 14
1 0 0
2 4 14
3 1 11
t 225 2
m0 0 14
m1 0 14
m2 0 14
1 0 1
2 5 14
3 0 11
t 224 2
m0 1 14
m1 1 14
m2 1 14
1 0 0
2 4 14
3 1 11
t 223 2
m0 0 14
m1 0 14
m2 0 14
1 0 1
2 5 14
3 0 11
t 222 2
m0 1 14
m1 1 14
m2 1 14
1 0 0
2 4 14
3 1 11
t 221 2
m0 0 14
m1 0 14
m2 0 14
1 0 1
2 5 14
3 0 11
t 220 2
m0 1 14
m1 1 14
m2 1 14
1 0 0
2 4 14
3 1 11
t 219 2
m0 0 14
m1 0 14
m2 0 14
1 0 1
2 5 14
3 0 11
t 218 2
m0 1 14
m1 1 14
m2 1 14
1 0 0
2 4 14
3 1 11
t 217 2
m0 0 14
m1 0 14
m2 0 14
1 0 1
2 5 14
3 0 11
t 216 2
m0 1 14
m1 1 14
m2 1 14
1 0 0
2 4 14
3 1 11
t 215 2
m0 0 14
m1 0 14
m2 0 14
1 0 1
2 5 14
3 0 11
t 214 2
m0 1 14
m1 1 14
m2 1 14
1 0 0
2 4 14
3 1 11
t 213 2
m0 0 14
m1 0 14
m2 0 14
1 0 1
2 5 14
3 0 11
t 212 2
m0 1 14
m1 1 14
m2 1 14
1 0 0
2 4 14
3 1 11
t 211 2
m0 0 14
m1 0 14
m2 0 14
1 0 1
2 5 14
3 0 11
t 210 2
m0 1 14
m1 1 14
m2 1 14
1 0 0
2 4 14
3 1 11
t 209 2
m0 0 14
m1 0 14
m2 0 14
1 0 1
2 5 14
3 0 11
t 208 2
m0 1 14
m1 1 14
m2 1 14
1 0 0
2 4 14
3 1 11
t 207 2
m0 0 14
m1 0 14
m2 0 14
1 0 1
2 5 14
3 0 11
t 206 2
m0 1 14
m1 1 14
m2 1 14
1 0 0
2 4 14
3 1 11
t 205 2
m0 0 14
m1 0 14
m2 0 14
1 0 1
2 5 14
3 0 11
t 204 2
m0 1 14
m1 1 14
m2 1 14
1 0 0
2 4 14
3 1 11
t 203 2
m0 0 14
m1 0 14
m2 0 14
1 0 1
2 5 14
3 0 11
t 202 2
m0 1 14
m1 1 14
m2 1 14
1 0 0
2 4 14
3 1 11
t 201 2
m0 0 14
m1 0 14
m2 0 14
1 0 1
2 5 14
3 0 11
t 200 2
m0 1 14
m1 1 14
m2 1 14
1 0 0
2 4 14
3 1 11
t 199 2
m0 0 14
m1 0 14
m2 0 14
1 0 1
2 5 14
3 0 11
t 198 2
m0 1 14
m1 1 14
m2 1 14
1 0 0
2 4 14
3 1 11
t 197 2
m0 0 14
m1 0 14
m2 0 14
1 0 1
2 5 14
3 0 11
t 196 2
m0 1 14
m1 1 14
m2 1 14
1 0 0
2 4 14
3 1 11
t 195 2
m0 0 14
m1 0 14
m2 0 14
1 0 1
2 5 14
3 0 11
t 194 2
m0 1 14
m1 1 14
m2 1 14
1 0 0
2 4 14
3 1 11
t 193 2
m0 0 14
m1 0 14
m2 0 14
1 0 1
2 5 14
3 0 11
t 192 2
m0 1 14
m1 1 14
m2 1 14
1 0 0
2 4 14
3 1 11
t 191 2
m0 0 14
m1 0 14
m2 0 14
1 0 1
2 5 14
3 0 11
t 190 2
m0 1 14
m1 1 14
m2 1 14
1 0 0
2 4 14
3 1 11
t 189 2
m0 0 14
m1 0 14
m2 0 14
1 0 1
2 5 14
3 0 11
t 188 2
m0 1 14
m1 1 14
m2 1 14
1 0 0
2 4 14
3 1 11
t 187 2
m0 0 14
m1 0 14
m2 0 14
1 0 1
2 5 14
3 0 11
t 186 2
m0 1 14
m1 1 14
m2 1 14
1 0 0
2 4 14
3 1 11
t 185 2
m0 0 14
m1 0 14
m2 0 14
1 0 1
2 5 14
3 0 11
t 184 2
m0 1 14
m1 1 14
m2 1 14
1 0 0
2 4 14
3 1 11
t 183 2
m0 0 14
m1 0 14
m2 0 14
1 0 1
2 5 14
3 0 11
t 182 2
m0 1 14
m1 1 14
m2 1 14
1 0 0
2 4 14
3 1 11
t 181 2
m0 0 14
m1 0 14
m2 0 14
1 0 1
2 5 14
3 0 11
t 180 2
m0 1 14
m1 1 14
m2 1 14
1 0 0
2 4 14
3 1 11
t 179 2
m0 0 14
m1 0 14
m2 0 14
1 0 1
2 5 14
3 0 11
t 178 2
m0 1 14
m1 1 14
m2 1 14
1 0 0
2 4 14
3 1 11
t 177 2
m0 0 14
m1 0 14
m2 0 14
1 0 1
2 5 14
3 0 11
t 176 2
m0 1 14
m1 1 14
m2 1 14
1 0 0
2 4 14
3 1 11
t 175 2
m0 0 14
m1 0 14
m2 0 14
1 0 1
2 5 14
3 0 11
t 174 2
m0 1 14
m1 1 14
m2 1 14
1 0 0
2 4 14
3 1 11
t 173 2
m0 0 14
m1 0 14
m2 0 14
1 0 1
2 5 14
3 0 11
t 172 2
m0 1 14
m1 1 14
m2 1 14
1 0 0
2 4 14
3 1 11
t 171 2
m0 0 14
m1 0 14
m2 0 14
1 0 1
2 5 14
3 0 11
t 170 2
m0 1 14
m1 1 14
m2 1 14
1 0 0
2 4 14
3 1 11
t 169 2
m0 0 14
m1 0 14
m2 0 14
1 0 1
2 5 14
3 0 11
t 168 2
m0 1 14
m1 1 14
m2 1 14
1 0 0
2 4 14
3 1 11
t 167 2
m0 0 14
m1 0 14
m2 0 14
1 0 1
2 5 14
3 0 11
t 166 2
m0 1 14
m1 1 14
m2 1 14
1 0 0
2 4 14
3 1 11
t 165 2
m0 0 14
m1 0 14
m2 0 14
1 0 1
2 5 14
3 0 11
t 164 2
m0 1 14
m1 1 14
m2 1 14
1 0 0
2 4 14
3 1 11
t 163 2
m0 0 14
m1 0 14
m2 0 14
1 0 1
2 5 14
3 0 11
t 162 2
m0 1 14
m1 1 14
m2 1 14
1 0 0
2 4 14
3 1 11
t 161 2
m0 0 14
m1 0 14
m2 0 14
1 0 1
2 5 14
3 0 11
t 160 2
m0 1 14
m1 1 14
m2 1 14
1 0 0
2 4 14
3 1 11
t 159 2
m0 0 14
m1 0 14
m2 0 14
1 0 1
2 5 14
3 0 11
t 158 2
m0 1 14
m1 1 14
m2 1 14
1 0 0
2 4 14
3 1 11
t 157 2
m0 0 14
m1 0 14
m2 0 14
1 0 1
2 5 14
3 0 11
t 156 2
m0 1 14
m1 1 14
m2 1 14
1 0 0
2 4 14
3 1 11
t 155 2
m0 0 14
m1 0 14
m2 0 14
1 0 1
2 5 14
3 0 11
t 154 2
m0 1 14
m1 1 14
m2 1 14
1 0 0
2 4 14
3 1 11
t 153 2
m0 0 14
m1 0 14
m2 0 14
1 0 1
2 5 14
3 0 11
t 152 2
m0 1 14
m1 1 14
m2 1 14
1 0 0
2 4 14
3 1 11
t 151 2
m0 0 14
m1 0 14
m2 0 14
1 0 1
2 5 14
3 0 11
t 150 2
m0 1 14
m1 1 14
m2 1 14
1 0 0
2 4 14
3 1 11
t 149 2
m0 0 14
m1 0 14
m2 0 14
1 0 1
2 5 14
3 0 11
t 148 2
m0 1 14
m1 1 14
m2 1 14
1 0 0
2 4 14
3 1 11
t 147 2
m0 0 14
m1 0 14
m2 0 14
1 0 1
2 5 14
3 0 11
t 146 2
m0 1 14
m1 1 14
m2 1 14
1 0 0
2 4 14
3 1 11
t 145 2
m0 0 14
m1 0 14
m2 0 14
1 0 1
2 5 14
3 0 11
t 144 2
m0 1 14
m1 1 14
m2 1 14
1 0 0
2 4 14
3 1 11
t 143 2
m0 0 14
m1 0 14
m2 0 14
1 0 1
2 5 14
3 0 11
t 142 2
m0 1 14
m1 1 14
m2 1 14
1 0 0
2 4 14
3 1 11
t 141 2
m0 0 14
m1 0 14
m2 0 14
1 0 1
2 5 14
3 0 11
t 140 2
m0 1 14
m1 1 14
m2 1 14
1 0 0
2 4 14
3 1 11
t 139 2
m0 0 14
m1 0 14
m2 0 14
1 0 1
2 5 14
3 0 11
t 138 2
m0 1 14
m1 1 14
m2 1 14
1 0 0
2 4 14
3 1 11
t 137 2
m0 0 14
m1 0 14
m2 0 14
1 0 1
2 5 14
3 0 11
t 136 2
m0 1 14
m1 1 14
m2 1 14
1 0 0
2 4 14
3 1 11
t 135 2
m0 0 14
m1 0 14
m2 0 14
1 0 1
2 5 14
3 0 11
t 134 2
m0 1 14
m1 1 14
m2 1 14
1 0 0
2 4 14
3 1 11
t 133 2
m0 0 14
m1 0 14
m2 0 14
1 0 1
2 5 14
3 0 11
t 132 2
m0 1 14
m1 1 14
m2 1 14
1 0 0
2 4 14
3 1 11
t 131 2
m0 0 14
m1 0 14
m2 0 14
1 0 1
2 5 14
3 0 11
t 130 2
m0 1 14
m1 1 14
m2 1 14
1 0 0
2 4 14
3 1 11
t 129 2
m0 0 14
m1 0 14
m2 0 14
1 0 1
2 5 14
3 0 11
t 128 2
m0 1 14
m1 1 14
m2 1 14
1 0 0
2 4 14
3 1 11
t 127 2
m0 0 14
m1 0 14
m2 0 14
1 0 1
2 5 14
3 0 11
t 126 2
m0 1 14
m1 1 14
m2 1 14
1 0 0
2 4 14
3 1 11
t 125 2
m0 0 14
m1 0 14
m2 0 14
1 0 1
2 5 14
3 0 11
t 124 2
m0 1 14
m1 1 14
m2 1 14
1 0 0
2 4 14
3 1 11
t 123 2
m0 0 14
m1 0 14
m2 0 14
1 0 1
2 5 14
3 0 11
t 122 2
m0 1 14
m1 1 14
m2 1 14
1 0 0
2 4 14
3 1 11
t 121 2
m0 0 14
m1 0 14
m2 0 14
1 0 1
2 5 14
3 0 11
t 120 2
m0 1 14
m1 1 14
m2 1 14
1 0 0
2 4 14
3 1 11
t 119 2
m0 0 14
m1 0 14
m2 0 14
1 0 1
2 5 14
3 0 11
t 118 2
m0 1 14
m1 1 14
m2 1 14
1 0 0
2 4 14
3 1 11
t 117 2
m0 0 14
m1 0 14
m2 0 14
1 0 1
2 5 14
3 0 11
t 116 2
m0 1 14
m1 1 14
m2 1 14
1 0 0
2 4 14
3 1 11
t 115 2
m0 0 14
m1 0 14
m2 0 14
1 0 1
2 5 14
3 0 11
t 114 2
m0 1 14
m1 1 14
m2 1 14
1 0 0
2 4 14
3 1 11
t 113 2
m0 0 14
m1 0 14
m2 0 14
1 0 1
2 5 14
3 0 11
t 112 2
m0 1 14
m1 1 14
m2 1 14
1 0 0
2 4 14
3 1 11
t 111 2
m0 0 14
m1 0 14
m2 0 14
1 0 1
2 5 14
3 0 11
t 110 2
m0 1 14
m1 1 14
m2 1 14
1 0 0
2 4 14
3 1 11
t 109 2
m0 0 14
m1 0 14
m2 0 14
1 0 1
2 5 14
3 0 11
t 108 2
m0 1 14
m1 1 14
m2 1 14
1 0 0
2 4 14
3 1 11
t 107 2
m0 0 14
m1 0 14
m2 0 14
1 0 1
2 5 14
3 0 11
t 106 2
m0 1 14
m1 1 14
m2 1 14
1 0 0
2 4 14
3 1 11
t 105 2
m0 0 14
m1 0 14
m2 0 14
1 0 1
2 5 14
3 0 11
t 104 2
m0 1 14
m1 1 14
m2 1 14
1 0 0
2 4 14
3 1 11
t 103 2
m0 0 14
m1 0 14
m2 0 14
1 0 1
2 5 14
3 0 11
t 102 2
m0 1 14
m1 1 14
m2 1 14
1 0 0
2 4 14
3 1 11
t 101 2
m0 0 14
m1 0 14
m2 0 14
1 0 1
2 5 14
3 0 11
t 100 2
m0 1 14
m1 1 14
m2 1 14
1 0 0
2 4 14
3 1 11
t 99 2
m0 0 14
m1 0 14
m2 0 14
1 0 1
2 5 14
3 0 11
t 98 2
m0 1 14
m1 1 14
m2 1 14
1 0 0
2 4 14
3 1 11
t 97 2
m0 0 14
m1 0 14
m2 0 14
1 0 1
2 5 14
3 0 11
t 96 2
m0 1 14
m1 1 14
m2 1 14
1 0 0
2 4 14
3 1 11
t 95 2
m0 0 14
m1 0 14
m2 0 14
1 0 1
2 5 14
3 0 11
t 94 2
m0 1 14
m1 1 14
m2 1 14
1 0 0
2 4 14
3 1 11
t 93 2
m0 0 14
m1 0 14
m2 0 14
1 0 1
2 5 14
3 0 11
t 92 2
m0 1 14
m1 1 14
m2 1 14
1 0 0
2 4 14
3 1 11
t 91 2
m0 0 14
m1 0 14
m2 0 14
1 0 1
2 5 14
3 0 11
t 90 2
m0 1 14
m1 1 14
m2 1 14
1 0 0
2 4 14
3 1 11
t 89 2
m0 0 14
m1 0 14
m2 0 14
1 0 1
2 5 14
3 0 11
t 88 2
m0 1 14
m1 1 14
m2 1 14
1 0 0
2 4 14
3 1 11
t 87 2
m0 0 14
m1 0 14
m2 0 14
1 0 1
2 5 14
3 0 11
t 86 2
m0 1 14
m1 1 14
m2 1 14
1 0 0
2 4 14
3 1 11
t 85 2
m0 0 14
m1 0 14
m2 0 14
1 0 1
2 5 14
3 0 11
t 84 2
m0 1 14
m1 1 14
m2 1 14
1 0 0
2 4 14
3 1 11
t 83 2
m0 0 14
m1 0 14
m2 0 14
1 0 1
2 5 14
3 0 11
t 82 2
m0 1 14
m1 1 14
m2 1 14
1 0 0
2 4 14
3 1 11
t 81 2
m0 0 14
m1 0 14
m2 0 14
1 0 1
2 5 14
3 0 11
t 80 2
m0 1 14
m1 1 14
m2 1 14
1 0 0
2 4 14
3 1 11
t 79 2
m0 0 14
m1 0 14
m2 0 14
1 0 1
2 5 14
3 0 11
t 78 2
m0 1 14
m1 1 14
m2 1 14
1 0 0
2 4 14
3 1 11
t 77 2
m0 0 14
m1 0 14
m2 0 14
1 0 1
2 5 14
3 0 11
t 76 2
m0 1 14
m1 1 14
m2 1 14
1 0 0
2 4 14
3 1 11
t 75 2
m0 0 14
m1 0 14
m2 0 14
1 0 1
2 5 14
3 0 11
t 74 2
m0 1 14
m1 1 14
m2 1 14
1 0 0
2 4 14
3 1 11
t 73 2
m0 0 14
m1 0 14
m2 0 14
1 0 1
2 5 14
3 0 11
t 72 2
m0 1 14
m1 1 14
m2 1 14
1 0 0
2 4 14
3 1 11
t 71 2
m0 0 14
m1 0 14
m2 0 14
1 0 1
2 5 14
3 0 11
t 70 2
m0 1 14
m1 1 14
m2 1 14
1 0 0
2 4 14
3 1 11
t 69 2
m0 0 14
m1 0 14
m2 0 14
1 0 1
2 5 14
3 0 11
t 68 2
m0 1 14
m1 1 14
m2 1 14
1 0 0
2 4 14
3 1 11
t 67 2
m0 0 14
m1 0 14
m2 0 14
1 0 1
2 5 14
3 0 11
t 66 2
m0 1 14
m1 1 14
m2 1 14
1 0 0
2 4 14
3 1 11
t 65 2
m0 0 14
m1 0 14
m2 0 14
1 0 1
2 5 14
3 0 11
t 64 2
m0 1 14
m1 1 14
m2 1 14
1 0 0
2 4 14
3 1 11
t 63 2
m0 0 14
m1 0 14
m2 0 14
1 0 1
2 5 14
3 0 11
t 62 2
m0 1 14
m1 1 14
m2 1 14
1 0 0
2 4 14
3 1 11
t 61 2
m0 0 14
m1 0 14
m2 0 14
1 0 1
2 5 14
3 0 11
t 60 2
m0 1 14
m1 1 14
m2 1 14
1 0 0
2 4 14
3 1 11
t 59 2
m0 0 14
m1 0 14
m2 0 14
1 0 1
2 5 14
3 0 11
t 58 2
m0 1 14
m1 1 14
m2 1 14
1 0 0
2 4 14
3 1 11
t 57 2
m0 0 14
m1 0 14
m2 0 14
1 0 1
2 5 14
3 0 11
t 56 2
m0 1 14
m1 1 14
m2 1 14
1 0 0
2 4 14
3 1 11
t 55 2
m0 0 14
m1 0 14
m2 0 14
1 0 1
2 5 14
3 0 11
t 54 2
m0 1 14
m1 1 14
m2 1 14
1 0 0
2 4 14
3 1 11
t 53 2
m0 0 14
m1 0 14
m2 0 14
1 0 1
2 5 14
3 0 11
t 52 2
m0 1 14
m1 1 14
m2 1 14
1 0 0
2 4 14
3 1 11
t 51 2
m0 0 14
m1 0 14
m2 0 14
1 0 1
2 5 14
3 0 11
t 50 2
m0 1 14
m1 1 14
m2 1 14
1 0 0
2 4 14
3 1 11
t 49 2
m0 0 14
m1 0 14
m2 0 14
1 0 1
2 5 14
3 0 11
t 48 2
m0 1 14
m1 1 14
m2 1 14
1 0 0
2 4 14
3 1 11
t 47 2
m0 0 14
m1 0 14
m2 0 14
1 0 1
2 5 14
3 0 11
t 46 2
m0 1 14
m1 1 14
m2 1 14
1 0 0
2 4 14
3 1 11
t 45 2
m0 0 14
m1 0 14
m2 0 14
1 0 1
2 5 14
3 0 11
t 44 2
m0 1 14
m1 1 14
m2 1 14
1 0 0
2 4 14
3 1 11
t 43 2
m0 0 14
m1 0 14
m2 0 14
1 0 1
2 5 14
3 0 11
t 42 2
m0 1 14
m1 1 14
m2 1 14
1 0 0
2 4 14
3 1 11
t 41 2
m0 0 14
m1 0 14
m2 0 14
1 0 1
2 5 14
3 0 11
t 40 2
m0 1 14
m1 1 14
m2 1 14
1 0 0
2 4 14
3 1 11
t 39 2
m0 0 14
m1 0 14
m2 0 14
1 0 1
2 5 14
3 0 11
t 38 2
m0 1 14
m1 1 14
m2 1 14
1 0 0
2 4 14
3 1 11
t 37 2
m0 0 14
m1 0 14
m2 0 14
1 0 1
2 5 14
3 0 11
t 36 2
m0 1 14
m1 1 14
m2 1 14
1 0 0
2 4 14
3 1 11
t 35 2
m0 0 14
m1 0 14
m2 0 14
1 0 1
2 5 14
3 0 11
t 34 2
m0 1 14
m1 1 14
m2 1 14
1 0 0
2 4 14
3 1 11
t 33 2
m0 0 14
m1 0 14
m2 0 14
1 0 1
2 5 14
3 0 11
t 32 2
m0 1 14
m1 1 14
m2 1 14
1 0 0
2 4 14
3 1 11
t 31 2
m0 0 14
m1 0 14
m2 0 14
1 0 1
2 5 14
3 0 11
t 30 2
m0 1 14
m1 1 14
m2 1 14
1 0 0
2 4 14
3 1 11
t 29 2
m0 0 14
m1 0 14
m2 0 14
1 0 1
2 5 14
3 0 11
t 28 2
m0 1 14
m1 1 14
m2 1 14
1 0 0
2 4 14
3 1 11
t 27 2
m0 0 14
m1 0 14
m2 0 14
1 0 1
2 5 14
3 0 11
t 26 2
m0 1 14
m1 1 14
m2 1 14
1 0 0
2 4 14
3 1 11
t 25 2
m0 0 14
m1 0 14
m2 0 14
1 0 1
2 5 14
3 0 11
t 24 2
m0 1 14
m1 1 14
m2 1 14
1 0 0
2 4 14
3 1 11
t 23 2
m0 0 14
m1 0 14
m2 0 14
1 0 1
2 5 14
3 0 11
t 22 2
m0 1 14
m1 1 14
m2 1 14
1 0 0
2 4 14
3 1 11
t 21 2
m0 0 14
m1 0 14
m2 0 14
1 0 1
2 5 14
3 0 11
t 20 2
m0 1 14
m1 1 14
m2 1 14
1 0 0
2 4 14
3 1 11
t 19 2
m0 0 14
m1 0 14
m2 0 14
1 0 1
2 5 14
3 0 11
t 18 2
m0 1 14
m1 1 14
m2 1 14
1 0 0
2 4 14
3 1 11
t 17 2
m0 0 14
m1 0 14
m2 0 14
1 0 1
2 5 14
3 0 11
t 16 2
m0 1 14
m1 1 14
m2 1 14
1 0 0
2 4 14
3 1 11
t 15 2
m0 0 14
m1 0 14
m2 0 14
1 0 1
2 5 14
3 0 11
t 14 2
m0 1 14
m1 1 14
m2 1 14
1 0 0
2 4 14
3 1 11
t 13 2
m0 0 14
m1 0 14
m2 0 14
1 0 1
2 5 14
3 0 11
t 12 2
m0 1 14
m1 1 14
m2 1 14
1 0 0
2 4 14
3 1 11
t 11 2
m0 0 14
m1 0 14
m2 0 14
1 0 1
2 5 14
3 0 11
t 10 2
m0 1 14
m1 1 14
m2 1 14
1 0 0
2 4 14
3 1 11
t 9 2
m0 0 14
m1 0 14
m2 0 14
1 0 1
2 5 14
3 0 11
t 8 2
m0 1 14
m1 1 14
m2 1 14
1 0 0
2 4 14
3 1 11
t 7 2
m0 0 14
m1 0 14
m2 0 14
1 0 1
2 5 14
3 0 11
t 6 2
m0 1 14
m1 1 14
m2 1 14
1 0 0
2 4 14
3 1 11
t 5 2
m0 0 14
m1 0 14
m2 0 14
1 0 1
2 5 14
3 0 11
t 4 2
m0 1 14
m1 1 14
m2 1 14
1 0 0
2 4 14
3 1 11
t 3 2
m0 0 14
m1 0 14
m2 0 14
1 0 1
2 5 14
3 0 11
t 2 2
m0 1 14
m1 1 14
m2 1 14
1 0 0
2 4 14
3 1 11
t 1 2
m0 0 14
m1 0 14
m2 0 14
1 0 0
2 4 14
3 1 11
t 0 2
