10
15
w 5 9
w 6 9
w 7 12
w 5 6
w 9 8
w 8 0
w 3 11
w 5 13
w 8 9
w 6 2
w 2 5
w 6 14
w 5 5
w 6 10
w 6 3
w 2 13
w 5 0
w 1 10
w 8 6
w 2 6
w 8 2
w 4 5
w 8 11
w 1 4
w 3 9
w 4 11
w 9 13
w 8 3
w 7 0
w 0 13
w 9 9
w 2 11
w 5 14
w 0 6
w 1 8
w 8 8
w 2 4
p 7 3
p 8 13
p 3 0
p 7 7
p 0 7
p 2 1
p 4 12
p 2 12
p 7 11
p 1 11
p 5 8
p 7 2
p 8 14
p 3 3
p 2 9
p 1 14
p 4 13
p 0 11
p 9 11
p 7 10
p 1 1
p 9 7
p 7 14
p 0 0
p 3 2
p 5 4
p 7 1
p 6 11
p 1 13
p 5 11
p 3 13
p 9 3
p 4 14
p 0 12
p 2 10
p 0 5
p 1 9
p 6 12
p 9 6
p 3 5
p 0 1
p 3 12
p 6 8
p 4 6
p 9 2
p 6 1
p 5 7
p 7 13
p 3 8
p 4 3
p 1 7
p 0 9
p 6 13
p 5 2
p 0 2
p 8 4
m0 0 14
m1 0 14
m2 0 14
1 9 0
2 9 0
3 9 0
t 300 0
m0 1 14
m1 1 14
m2 1 14
1 9 1
2 9 1
3 9 1
t 299 1
m0 1 13
m1 1 13
m2 1 13
1 9 0
2 9 0
3 9 0
t 298 2
m0 1 14
m1 1 12
m2 1 13
1 9 1
2 9 1
3 9 1
t 297 2
m0 2 14
m1 2 12
m2 1 13
1 9 0
2 9 0
3 9 0
t 296 3
m0 3 14
m1 3 12
m2 1 13
1 9 1
2 9 1
3 9 1
t 295 4
m0 4 14
m1 4 12
m2 1 12
1 9 0
2 9 0
3 9 0
t 294 6
m0 4 13
m1 4 13
m2 1 11
1 9 1
2 9 1
3 9 1
t 293 8
m0 3 13
m1 3 13
m2 0 11
1 9 0
2 9 0
3 9 0
t 292 10
m0 3 14
m1 3 12
m2 0 12
1 9 1
2 9 1
3 9 1
t 291 11
m0 2 14
m1 4 12
m2 0 11
1 9 0
2 9 0
3 9 0
t 290 11
m0 2 14
m1 5 12
m2 0 10
1 9 1
2 9 1
3 9 1
t 289 11
m0 1 14
m1 6 12
m2 0 9
1 9 0
2 9 0
3 9 0
t 288 13
m0 1 14
m1 6 11
m2 1 9
1 9 1
2 9 1
3 9 1
t 287 15
m0 0 14
m1 7 11
m2 2 9
1 9 0
2 9 0
3 9 0
t 286 17
m0 0 14
m1 7 10
m2 2 10
1 9 1
2 9 1
3 9 1
t 285 19
m0 0 14
m1 7 11
m2 2 9
1 9 0
2 9 0
3 9 0
t 284 19
m0 0 14
m1 7 11
m2 2 9
1 9 1
2 9 1
3 9 1
t 283 19
m0 0 14
m1 6 11
m2 2 8
1 9 0
2 9 0
3 9 0
t 282 19
m0 0 14
m1 5 11
m2 3 8
1 9 1
2 9 1
3 9 1
t 281 21
m0 0 14
m1 6 11
m2 4 8
1 9 0
2 9 0
3 9 0
t 280 21
m0 0 14
m1 7 11
m2 5 8
1 9 1
2 9 1
3 9 1
t 279 22
m0 1 14
m1 7 11
m2 6 8
1 9 0
2 9 0
3 9 0
t 278 23
m0 1 14
m1 7 11
m2 6 7
1 9 1
2 9 1
3 9 1
t 277 23
m0 1 13
m1 7 11
m2 7 7
1 9 0
2 9 0
3 9 0
t 276 24
m0 1 14
m1 6 11
m2 8 7
1 9 1
2 9 1
3 9 1
t 275 24
m0 0 14
m1 6 12
m2 9 7
1 9 0
2 9 0
3 9 0
t 274 25
m0 0 14
m1 6 13
m2 9 6
1 9 1
2 9 1
3 9 1
t 273 27
m0 0 14
m1 7 13
m2 9 7
1 9 0
2 9 0
3 9 0
t 272 28
m0 0 14
m1 8 13
m2 9 7
1 9 1
2 9 1
3 9 1
t 271 29
m0 0 14
m1 8 14
m2 9 6
1 9 0
2 9 0
3 9 0
t 270 30
m0 0 14
m1 7 14
m2 9 5
1 9 1
2 9 1
3 9 1
t 269 31
m0 0 14
m1 7 13
m2 9 4
1 9 0
2 9 0
3 9 0
t 268 31
m0 0 14
m1 7 13
m2 9 3
1 9 1
2 9 1
3 9 1
t 267 32
m0 0 14
m1 7 14
m2 9 2
1 9 0
2 9 0
3 9 0
t 266 33
m0 0 14
m1 7 13
m2 9 2
1 9 1
2 9 1
3 9 1
t 265 33
m0 0 14
m1 8 13
m2 9 3
1 9 0
2 9 0
3 9 0
t 264 33
m0 0 14
m1 8 12
m2 9 4
1 9 1
2 9 1
3 9 1
t 263 33
m0 0 14
m1 8 12
m2 8 4
1 9 0
2 9 0
3 9 0
t 262 34
m0 0 14
m1 9 12
m2 7 4
1 9 1
2 9 1
3 9 1
t 261 34
m0 0 14
m1 9 11
m2 7 3
1 9 0
2 9 0
3 9 0
t 260 36
m0 0 14
m1 9 11
m2 7 2
1 9 1
2 9 1
3 9 1
t 259 37
m0 0 14
m1 9 12
m2 7 1
1 9 0
2 9 0
3 9 0
t 258 38
m0 1 14
m1 9 11
m2 6 1
1 9 1
2 9 1
3 9 1
t 257 39
m0 0 14
m1 9 11
m2 5 1
1 9 0
2 9 0
3 9 0
t 256 39
m0 1 14
m1 9 11
m2 5 2
1 9 1
2 9 1
3 9 1
t 255 40
m0 0 14
m1 9 12
m2 4 2
1 9 0
2 9 0
3 9 0
t 254 40
m0 0 14
m1 9 11
m2 3 2
1 9 1
2 9 1
3 9 1
t 253 41
m0 0 14
m1 9 11
m2 3 3
1 9 0
2 9 0
3 9 0
f 3 14
t 252 42
m0 1 14
m1 9 10
m2 4 3
1 9 1
2 9 1
3 9 1
t 251 43
m0 0 14
m1 9 11
m2 5 3
1 9 0
2 9 0
3 9 0
t 250 43
m0 0 14
m1 9 11
m2 5 4
1 9 1
2 9 1
3 9 1
t 249 44
m0 0 14
m1 9 11
m2 5 4
1 9 0
2 9 0
3 9 0
t 248 44
m0 0 14
m1 9 12
m2 4 4
1 9 1
2 9 1
3 9 1
t 247 44
m0 0 14
m1 9 12
m2 3 4
1 9 0
2 9 0
3 9 0
t 246 44
m0 0 14
m1 9 12
m2 3 5
1 9 1
2 9 1
3 9 1
t 245 45
m0 0 14
m1 9 12
m2 3 4
1 9 0
2 9 0
3 9 0
t 244 45
m0 0 14
m1 9 11
m2 3 4
1 9 1
2 9 1
3 9 1
t 243 45
m0 1 14
m1 9 10
m2 3 4
1 9 0
2 9 0
3 9 0
t 242 45
m0 0 14
m1 8 10
m2 3 3
1 9 1
2 9 1
3 9 1
t 241 45
m0 1 14
m1 8 10
m2 2 3
1 9 0
2 9 0
3 9 0
t 240 45
m0 0 14
m1 8 10
m2 2 2
1 9 1
2 9 1
3 9 1
t 239 45
m0 0 14
m1 7 10
m2 2 1
1 9 0
2 9 0
3 9 0
t 238 46
m0 0 14
m1 7 9
m2 1 1
1 9 1
2 9 1
3 9 1
t 237 47
m0 1 14
m1 7 8
m2 0 1
1 9 0
2 9 0
3 9 0
t 236 48
m0 0 14
m1 7 7
m2 0 0
1 9 1
2 9 1
3 9 1
t 235 49
m0 0 14
m1 7 7
m2 0 1
1 9 0
2 9 0
3 9 0
t 234 49
m0 0 14
m1 6 7
m2 0 2
1 9 1
2 9 1
3 9 1
t 233 50
m0 1 14
m1 5 7
m2 0 1
1 9 0
2 9 0
3 9 0
t 232 51
m0 1 14
m1 4 7
m2 1 1
1 9 1
2 9 1
3 9 1
t 231 51
m0 1 14
m1 4 6
m2 2 1
1 9 0
2 9 0
3 9 0
t 230 52
m0 0 14
m1 4 7
m2 2 0
1 9 1
2 9 1
3 9 1
t 229 52
m0 0 14
m1 5 7
m2 3 0
1 9 0
2 9 0
3 9 0
t 228 53
m0 0 14
m1 5 8
m2 2 0
1 9 1
2 9 1
3 9 1
t 227 53
m0 0 14
m1 4 8
m2 1 0
1 9 0
2 9 0
3 9 0
t 226 53
m0 1 14
m1 3 8
m2 0 0
1 9 1
2 9 1
3 9 1
t 225 53
m0 0 14
m1 2 8
m2 1 0
1 9 0
2 9 0
3 9 0
t 224 53
m0 0 14
m1 2 7
m2 1 0
1 9 1
2 9 1
3 9 1
t 223 53
m0 1 14
m1 1 7
m2 0 0
1 9 0
2 9 0
3 9 0
t 222 54
m0 2 14
m1 0 7
m2 1 0
1 9 1
2 9 1
3 9 1
t 221 55
m0 3 14
m1 0 7
m2 1 0
1 9 0
2 9 0
3 9 0
t 220 65
m0 3 14
m1 1 7
m2 2 0
1 9 1
2 9 1
3 9 1
t 219 65
m0 4 14
m1 1 6
m2 3 0
1 9 0
2 9 0
3 9 0
t 218 65
m0 4 14
m1 1 5
m2 4 0
1 9 1
2 9 1
3 9 1
t 217 65
m0 4 14
m1 0 5
m2 4 0
1 9 1
2 9 1
3 9 1
t 216 138
