10
15
w 5 9
w 6 9
w 0 2
w 1 6
w 2 12
w 9 4
w 3 7
w 7 11
w 5 1
w 5 8
w 7 2
w 4 9
w 2 9
w 7 6
w 1 14
w 2 2
w 1 10
w 8 6
w 0 4
w 5 4
w 7 14
w 9 14
w 0 0
w 3 13
w 6 11
w 8 11
w 9 3
w 4 2
w 4 11
w 3 5
w 2 7
w 0 1
w 7 0
w 1 12
w 9 2
w 8 8
w 2 4
p 7 3
p 4 7
p 1 3
p 8 13
p 9 1
p 4 8
p 7 12
p 2 8
p 9 8
p 3 0
p 5 6
p 5 13
p 2 1
p 6 6
p 2 5
p 6 7
p 5 5
p 3 3
p 8 1
p 5 12
p 6 10
p 8 10
p 4 13
p 6 3
p 0 11
p 3 6
p 4 1
p 1 1
p 9 7
p 4 10
p 7 1
p 1 13
p 1 4
p 9 10
p 7 5
p 0 5
p 1 9
p 2 3
p 6 12
p 2 14
p 5 3
p 9 13
p 5 10
p 6 8
p 4 6
p 8 12
p 5 7
p 0 13
p 3 8
p 0 6
p 1 8
p 5 14
p 6 13
p 1 7
p 9 12
p 8 4
m0 0 14
m1 0 14
m2 0 14
1 9 0
2 9 0
3 9 0
t 300 0
m0 0 13
m1 0 13
m2 0 14
1 9 1
2 8 0
3 8 0
t 299 1
m0 1 13
m1 0 12
m2 0 14
1 9 0
2 8 1
3 9 0
t 298 2
m0 2 13
m1 0 11
m2 0 14
1 8 0
2 8 0
3 9 1
t 297 3
m0 2 13
m1 0 10
m2 0 14
1 8 1
2 9 0
3 9 0
t 296 3
m0 2 13
m1 0 9
m2 0 14
1 7 1
2 9 1
3 8 0
t 295 3
m0 2 13
m1 0 8
m2 0 14
1 8 1
2 9 0
3 9 0
t 294 3
m0 2 13
m1 0 7
m2 0 14
1 8 2
2 8 0
3 9 1
t 293 3
m0 2 13
m1 0 6
m2 0 14
1 8 1
2 9 0
3 8 1
t 292 4
m0 2 13
m1 0 5
m2 0 14
1 9 1
2 9 1
3 9 1
t 291 5
m0 2 13
m1 0 5
m2 0 14
1 8 1
2 8 1
3 8 1
t 290 5
m0 2 13
m1 0 5
m2 0 14
1 8 0
2 9 1
3 9 1
t 289 5
m0 2 13
m1 0 5
m2 0 14
1 8 1
2 9 0
3 9 0
t 288 5
m0 2 13
m1 0 5
m2 0 14
1 7 1
2 9 1
3 9 1
t 287 5
m0 2 13
m1 0 5
m2 0 14
1 6 1
2 8 1
3 8 1
t 286 5
m0 2 13
m1 0 5
m2 0 14
1 6 2
2 9 1
3 9 1
t 285 5
m0 2 13
m1 0 5
m2 0 14
1 6 1
2 9 0
3 8 1
t 284 5
m0 2 13
m1 0 5
m2 0 14
1 6 0
2 9 1
3 8 0
t 283 5
m0 2 13
m1 0 5
m2 0 14
1 5 0
2 8 1
3 9 0
t 282 5
m0 2 13
m1 0 5
m2 0 14
1 4 0
2 9 1
3 8 0
t 281 5
m0 2 13
m1 0 5
m2 0 14
1 4 1
2 8 1
3 9 0
t 280 5
m0 2 13
m1 0 6
m2 0 14
1 3 1
2 9 1
3 9 1
t 279 5
m0 2 13
m1 0 6
m2 0 14
1 3 0
2 9 0
3 8 1
f 3 14
t 278 5
m0 2 13
m1 0 5
m2 0 14
1 2 0
2 8 0
3 9 1
t 277 5
m0 2 13
m1 0 6
m2 0 14
1 1 0
2 8 1
3 9 0
t 276 5
m0 2 13
m1 0 7
m2 0 14
1 2 0
2 8 2
3 9 1
t 275 5
m0 2 13
m1 0 6
m2 0 14
1 1 0
2 8 1
3 8 1
t 274 5
m0 2 13
m1 0 7
m2 0 14
1 2 0
2 7 1
3 8 0
t 273 5
m0 2 13
m1 0 6
m2 0 14
1 1 0
2 6 1
3 9 0
t 272 5
m0 2 13
m1 0 7
m2 0 14
1 2 0
2 7 1
3 9 1
t 271 5
m0 2 13
m1 0 6
m2 0 14
1 3 0
2 8 1
3 9 0
t 270 5
m0 2 13
m1 0 5
m2 0 14
1 2 0
2 7 1
3 8 0
t 269 5
m0 2 13
m1 0 6
m2 0 14
1 1 0
2 8 1
3 9 0
t 268 5
m0 2 13
m1 0 7
m2 0 14
1 2 0
2 8 2
3 9 1
t 267 5
m0 2 13
m1 0 6
m2 0 14
1 1 0
2 8 1
3 9 0
t 266 5
m0 2 13
m1 0 7
m2 0 14
1 2 0
2 8 0
3 9 1
t 265 5
m0 2 13
m1 0 6
m2 0 14
1 3 0
2 8 1
3 8 1
t 264 5
m0 2 13
m1 0 5
m2 0 14
1 2 0
2 8 0
3 8 2
t 263 5
m0 2 13
m1 0 6
m2 0 14
1 1 0
2 8 1
3 8 1
t 262 5
m0 2 13
m1 0 7
m2 0 14
1 2 0
2 8 0
3 8 0
t 261 5
m0 2 13
m1 0 6
m2 0 14
1 1 0
2 9 0
3 8 1
t 260 5
m0 2 13
m1 0 7
m2 0 14
1 2 0
2 9 1
3 9 1
t 259 5
m0 2 13
m1 0 6
m2 0 14
1 1 0
2 8 1
3 9 0
t 258 5
m0 2 13
m1 0 7
m2 0 14
1 2 0
2 8 0
3 9 1
t 257 5
m0 2 13
m1 0 6
m2 0 14
1 1 0
2 8 1
3 8 1
t 256 5
m0 2 13
m1 0 7
m2 0 14
1 2 0
2 9 1
3 7 1
t 255 5
m0 2 13
m1 0 6
m2 0 14
1 1 0
2 9 0
3 6 1
t 254 5
m0 2 13
m1 0 7
m2 0 14
1 2 0
2 8 0
3 7 1
t 253 5
m0 2 13
m1 0 6
m2 0 14
1 1 0
2 8 1
3 6 1
t 252 5
m0 2 13
m1 0 7
m2 0 14
1 2 0
2 8 0
3 6 0
t 251 5
m0 2 13
m1 0 6
m2 0 14
1 2 1
2 8 1
3 5 0
t 250 5
m0 2 13
m1 0 7
m2 0 14
1 1 1
2 8 2
3 4 0
t 249 5
m0 2 13
m1 0 7
m2 0 14
1 1 2
2 8 3
3 5 0
t 248 5
m0 2 13
m1 0 8
m2 0 14
1 1 1
2 8 4
3 6 0
t 247 5
m0 2 13
m1 0 7
m2 0 14
1 1 2
2 8 5
3 6 1
t 246 5
m0 2 13
m1 0 8
m2 0 14
1 1 3
2 7 5
3 6 0
t 245 5
m0 2 13
m1 0 8
m2 0 14
1 0 3
2 7 4
3 6 1
t 244 5
m0 2 13
m1 1 8
m2 0 14
1 1 3
2 7 3
3 6 0
t 243 6
m0 2 13
m1 0 8
m2 0 14
1 1 2
2 8 3
3 6 1
t 242 6
m0 2 13
m1 0 7
m2 0 14
1 1 3
2 8 2
3 6 0
t 241 6
m0 2 13
m1 0 8
m2 0 14
1 1 4
2 8 1
3 6 1
t 240 6
m0 2 13
m1 0 9
m2 0 14
1 1 5
2 8 0
3 6 0
t 239 6
m0 2 13
m1 0 9
m2 0 14
1 0 5
2 9 0
3 5 0
t 238 6
m0 2 13
m1 1 9
m2 0 14
1 0 6
2 8 0
3 6 0
t 237 7
m0 2 13
m1 1 9
m2 0 14
1 0 7
2 8 1
3 5 0
t 236 7
m0 2 13
m1 1 9
m2 0 14
1 1 7
2 8 2
3 4 0
t 235 7
m0 2 13
m1 0 9
m2 0 14
1 1 8
2 8 1
3 3 0
t 234 7
m0 2 13
m1 0 10
m2 0 14
1 1 7
2 8 2
3 3 1
t 233 7
m0 2 13
m1 0 10
m2 0 14
1 1 8
2 8 3
3 3 0
t 232 7
m0 2 13
m1 0 11
m2 0 14
1 1 9
2 8 2
3 4 0
t 231 7
m0 2 13
m1 0 11
m2 0 14
1 0 9
2 8 1
3 4 1
t 230 7
m0 2 13
m1 1 11
m2 0 14
1 0 10
2 8 2
3 4 0
t 229 7
m0 2 13
m1 2 11
m2 0 14
1 0 11
2 8 3
3 5 0
t 228 7
m0 2 14
m1 3 11
m2 0 13
1 0 10
2 8 4
3 6 0
t 227 8
m0 3 14
m1 3 10
m2 1 13
1 0 11
2 8 3
3 5 0
t 226 18
m0 4 14
m1 3 9
m2 2 13
1 0 12
2 8 4
3 4 0
t 225 18
m0 5 14
m1 3 8
m2 2 14
1 0 11
2 8 5
3 3 0
f 8 9
t 224 20
m0 6 14
m1 4 8
m2 2 13
1 0 10
2 9 5
3 2 0
t 223 21
m0 6 14
m1 4 7
m2 2 13
1 0 9
2 9 6
3 3 0
t 222 22
m0 6 14
m1 4 7
m2 1 13
1 0 10
2 9 7
3 2 0
t 221 22
m0 6 14
m1 4 6
m2 2 13
1 0 11
2 8 7
3 2 1
t 220 23
m0 6 14
m1 4 5
m2 2 14
1 0 12
2 9 7
3 2 0
t 219 23
m0 6 13
m1 4 5
m2 3 14
1 0 13
2 9 8
3 1 0
t 218 24
m0 7 13
m1 4 5
m2 4 14
1 1 13
2 9 9
3 2 0
t 217 24
m0 8 13
m1 5 5
m2 5 14
1 0 13
2 9 8
3 3 0
t 216 26
m0 9 13
m1 5 5
m2 4 14
1 1 13
2 9 7
3 2 0
t 215 27
m0 9 13
m1 4 5
m2 5 14
1 0 13
2 9 8
3 1 0
t 214 27
m0 9 13
m1 4 5
m2 4 14
1 0 12
2 9 9
3 2 0
t 213 27
m0 8 13
m1 5 5
m2 3 14
1 0 13
2 9 8
3 1 0
t 212 27
m0 8 13
m1 4 5
m2 4 14
1 0 14
2 9 7
3 1 1
t 211 27
m0 9 13
m1 4 5
m2 5 14
1 0 13
2 9 8
3 1 0
t 210 27
m0 9 13
m1 4 5
m2 4 14
1 0 14
2 9 7
3 2 0
t 209 27
m0 9 13
m1 4 5
m2 5 14
1 0 13
2 9 8
3 2 1
t 208 27
m0 9 13
m1 5 5
m2 4 14
1 0 14
2 9 7
3 1 1
t 207 27
m0 9 13
m1 4 5
m2 5 14
1 0 13
2 9 6
3 1 0
t 206 27
m0 9 12
m1 4 4
m2 5 14
1 0 14
2 9 7
3 1 1
t 205 28
m0 8 12
m1 4 5
m2 5 14
1 0 13
2 8 7
3 1 0
t 204 29
m0 9 12
m1 4 4
m2 5 14
1 1 13
2 9 7
3 2 0
t 203 29
m0 8 12
m1 4 5
m2 5 14
1 2 13
2 9 8
3 1 0
t 202 29
m0 8 12
m1 4 5
m2 6 14
1 1 13
2 9 7
3 2 0
t 201 29
m0 9 12
m1 4 5
m2 5 14
1 2 13
2 9 6
3 3 0
t 200 29
m0 9 12
m1 4 5
m2 6 14
1 2 14
2 9 7
3 2 0
t 199 29
m0 9 12
m1 4 5
m2 6 13
1 3 14
2 8 7
3 1 0
t 198 29
m0 9 11
m1 4 4
m2 7 13
1 4 14
2 9 7
3 2 0
t 197 29
m0 9 11
m1 4 5
m2 7 13
1 4 13
2 9 6
3 1 0
t 196 29
m0 9 10
m1 4 4
m2 8 13
1 4 14
2 9 5
3 1 1
t 195 30
m0 9 9
m1 4 4
m2 8 13
1 4 13
2 9 6
3 1 0
t 194 30
m0 8 9
m1 4 4
m2 9 13
1 4 14
2 9 5
3 2 0
t 193 40
m0 7 9
m1 4 4
m2 9 13
1 5 14
2 9 6
3 1 0
t 192 40
m0 7 10
m1 4 4
m2 9 13
1 6 14
2 9 5
3 1 1
t 191 40
m0 7 9
m1 4 4
m2 9 12
1 5 14
2 9 6
3 1 2
t 190 40
m0 7 9
m1 4 5
m2 9 13
1 4 14
2 9 7
3 1 1
t 189 40
m0 7 10
m1 4 5
m2 9 13
1 3 14
2 9 6
3 1 2
t 188 40
m0 6 10
m1 4 5
m2 9 13
1 2 14
2 9 7
3 1 3
t 187 41
m0 5 10
m1 5 5
m2 8 13
1 3 14
2 9 8
3 0 3
t 186 42
m0 4 10
m1 6 5
m2 8 13
1 2 14
2 9 7
3 1 3
t 185 43
m0 5 10
m1 6 4
m2 9 13
1 3 14
2 9 8
3 0 3
t 184 43
m0 5 10
m1 6 4
m2 8 13
1 2 14
2 9 7
3 1 3
t 183 43
m0 4 10
m1 6 4
m2 8 13
1 2 13
2 9 6
3 1 2
t 182 43
m0 5 10
m1 6 3
m2 9 13
1 2 14
2 9 5
3 1 1
t 181 44
m0 5 10
m1 6 2
m2 9 13
1 3 14
2 9 6
3 1 0
t 180 44
m0 6 10
m1 6 2
m2 9 13
1 2 14
2 9 5
3 2 0
t 179 44
m0 5 10
m1 6 2
m2 9 13
1 3 14
2 9 6
3 1 0
t 178 44
m0 6 10
m1 6 2
m2 9 13
1 2 14
2 9 7
3 1 1
t 177 44
m0 5 10
m1 6 3
m2 8 13
1 3 14
2 9 6
3 1 0
t 176 44
m0 5 10
m1 6 2
m2 9 13
1 2 14
2 9 5
3 2 0
t 175 44
m0 5 10
m1 6 2
m2 9 13
1 3 14
2 8 5
3 1 0
t 174 44
m0 6 10
m1 6 1
m2 9 13
1 2 14
2 9 5
3 2 0
f 9 10
t 173 44
m0 5 10
m1 7 1
m2 9 13
1 3 14
2 9 6
3 1 0
t 172 45
m0 6 10
m1 7 1
m2 9 13
1 4 14
2 9 5
3 1 1
t 171 45
m0 6 10
m1 7 1
m2 9 13
1 3 14
2 9 6
3 1 0
t 170 45
m0 5 10
m1 7 1
m2 9 13
1 2 14
2 9 5
3 2 0
t 169 45
m0 5 10
m1 7 1
m2 9 13
1 2 13
2 9 6
3 1 0
t 168 45
m0 6 10
m1 7 1
m2 9 13
1 2 14
2 9 7
3 2 0
t 167 45
m0 5 10
m1 8 1
m2 8 13
1 2 13
2 9 6
3 1 0
t 166 46
m0 5 10
m1 8 0
m2 9 13
1 2 14
2 9 5
3 1 1
t 165 46
m0 5 10
m1 8 0
m2 9 13
1 3 14
2 9 6
3 1 0
t 164 46
m0 6 10
m1 8 0
m2 9 13
1 4 14
2 9 5
3 1 1
t 163 46
m0 6 10
m1 8 0
m2 9 13
1 5 14
2 9 6
3 1 2
t 162 46
m0 7 10
m1 8 0
m2 9 13
1 5 13
2 9 5
3 1 1
t 161 46
m0 7 9
m1 8 0
m2 9 12
1 4 13
2 9 6
3 1 0
t 160 46
m0 7 9
m1 8 0
m2 9 13
1 4 14
2 9 5
3 2 0
t 159 46
m0 7 9
m1 8 0
m2 9 13
1 3 14
2 9 6
3 1 0
t 158 46
m0 7 10
m1 8 0
m2 9 13
1 2 14
2 9 7
3 1 1
t 157 46
m0 6 10
m1 8 0
m2 9 13
1 3 14
2 9 6
3 1 0
t 156 46
m0 5 10
m1 8 0
m2 9 13
1 2 14
2 9 7
3 1 1
t 155 46
m0 5 10
m1 8 0
m2 8 13
1 2 13
2 8 7
3 1 0
t 154 46
m0 5 10
m1 9 0
m2 9 13
1 1 13
2 9 7
3 2 0
t 153 46
m0 5 10
m1 9 0
m2 8 13
1 0 13
2 9 8
3 1 0
t 152 46
m0 4 10
m1 9 0
m2 8 14
1 0 14
2 9 9
3 2 0
t 151 46
m0 3 10
m1 9 1
m2 8 14
1 0 13
2 9 8
3 3 0
t 150 47
m0 3 9
m1 9 1
m2 8 14
1 0 14
2 9 9
3 2 0
t 149 47
m0 3 8
m1 9 1
m2 8 14
1 0 13
2 9 10
3 3 0
t 148 47
m0 3 8
m1 9 1
m2 8 14
1 0 14
2 9 9
3 2 0
t 147 47
m0 2 8
m1 9 1
m2 8 14
1 0 13
2 9 8
3 3 0
t 146 48
m0 2 8
m1 9 1
m2 8 14
1 0 14
2 9 9
3 2 0
t 145 48
m0 2 8
m1 9 1
m2 8 14
1 0 13
2 9 8
3 3 0
t 144 48
m0 2 8
m1 9 1
m2 8 14
1 0 14
2 9 7
3 2 0
t 143 48
m0 2 8
m1 9 0
m2 8 14
1 0 13
2 9 8
3 2 1
t 142 48
m0 2 8
m1 9 0
m2 8 14
1 1 13
2 9 7
3 2 0
t 141 48
m0 3 8
m1 9 0
m2 8 14
1 0 13
2 9 6
3 3 0
t 140 48
m0 3 8
m1 9 0
m2 8 14
1 0 14
2 9 5
3 2 0
t 139 48
m0 3 8
m1 8 0
m2 8 13
1 0 13
2 9 6
3 1 0
t 138 48
m0 3 8
m1 8 0
m2 8 14
1 0 14
2 9 7
3 1 1
t 137 48
m0 2 8
m1 8 0
m2 8 14
1 0 13
2 9 8
3 2 1
t 136 48
m0 2 8
m1 9 0
m2 8 14
1 0 12
2 9 7
3 2 0
t 135 48
m0 3 8
m1 9 0
m2 8 14
1 0 11
2 9 6
3 3 0
t 134 48
m0 4 8
m1 9 0
m2 8 14
1 0 12
2 9 5
3 4 0
t 133 48
m0 4 8
m1 9 0
m2 8 14
1 0 13
2 9 6
3 3 0
t 132 48
m0 3 8
m1 9 0
m2 8 14
1 1 13
2 9 7
3 4 0
t 131 48
m0 3 8
m1 9 1
m2 8 14
1 2 13
2 9 8
3 5 0
t 130 48
m0 3 8
m1 9 1
m2 8 14
1 1 13
2 9 9
3 6 0
t 129 48
m0 3 8
m1 9 1
m2 8 14
1 0 13
2 8 9
3 5 0
t 128 48
m0 2 8
m1 9 1
m2 8 14
1 0 12
2 9 9
3 4 0
t 127 48
m0 3 8
m1 9 1
m2 8 14
1 0 13
2 9 10
3 4 1
t 126 48
m0 3 8
m1 9 0
m2 8 14
1 0 14
2 8 10
3 3 1
t 125 48
m0 2 8
m1 9 0
m2 8 14
1 0 13
2 8 9
3 2 1
t 124 48
m0 2 8
m1 9 0
m2 8 14
1 1 13
2 9 9
3 2 0
t 123 48
m0 3 8
m1 9 1
m2 8 14
1 0 13
2 9 8
3 1 0
t 122 48
m0 2 8
m1 9 0
m2 8 14
1 0 14
2 9 7
3 2 0
t 121 48
m0 2 8
m1 9 0
m2 8 14
1 0 13
2 9 8
3 1 0
t 120 48
m0 2 8
m1 9 0
m2 8 14
1 0 14
2 9 7
3 1 1
t 119 48
m0 2 8
m1 8 0
m2 8 14
1 0 13
2 9 8
3 2 1
t 118 48
m0 2 8
m1 9 0
m2 8 14
1 0 14
2 9 7
3 2 0
t 117 48
m0 2 8
m1 9 0
m2 8 14
1 0 13
2 9 8
3 1 0
t 116 48
m0 2 8
m1 9 0
m2 8 14
1 0 12
2 9 7
3 2 0
t 115 48
m0 3 8
m1 9 0
m2 8 14
1 0 13
2 9 8
3 1 0
t 114 48
m0 2 8
m1 9 0
m2 8 14
1 0 14
2 9 7
3 1 1
t 113 48
m0 2 8
m1 8 0
m2 8 14
1 0 13
2 9 8
3 1 0
t 112 48
m0 2 8
m1 9 0
m2 8 14
1 0 14
2 9 7
3 1 1
t 111 48
m0 2 8
m1 8 0
m2 8 14
1 0 13
2 9 8
3 1 0
t 110 48
m0 2 8
m1 9 0
m2 8 14
1 0 14
2 9 7
3 1 1
t 109 48
m0 2 8
m1 8 0
m2 8 14
1 0 13
2 9 8
3 2 1
t 108 48
m0 2 8
m1 9 0
m2 8 14
1 0 14
2 9 7
3 2 0
t 107 48
m0 2 8
m1 9 0
m2 8 14
1 0 13
2 9 8
3 1 0
t 106 48
m0 2 8
m1 9 0
m2 8 14
1 1 13
2 9 7
3 2 0
t 105 48
m0 3 8
m1 9 0
m2 8 14
1 0 13
2 9 8
3 3 0
t 104 48
m0 2 8
m1 9 1
m2 8 14
1 1 13
2 9 7
3 3 1
t 103 48
m0 3 8
m1 9 0
m2 8 14
1 0 13
2 9 8
3 4 1
t 102 48
m0 2 8
m1 9 0
m2 8 14
1 0 14
2 9 7
3 4 0
t 101 48
m0 2 8
m1 9 1
m2 8 14
1 0 13
2 9 8
3 3 0
t 100 48
m0 2 8
m1 9 1
m2 8 14
1 1 13
2 9 7
3 2 0
t 99 48
m0 3 8
m1 9 0
m2 8 14
1 0 13
2 9 8
3 1 0
t 98 48
m0 2 8
m1 9 0
m2 8 14
1 0 14
2 9 9
3 2 0
t 97 48
m0 2 8
m1 9 1
m2 8 14
1 0 13
2 9 8
3 2 1
t 96 48
m0 2 8
m1 9 0
m2 8 14
1 0 14
2 9 9
3 2 0
t 95 48
m0 2 8
m1 9 1
m2 8 14
1 0 13
2 9 10
3 3 0
t 94 48
m0 3 8
m1 9 1
m2 8 14
1 0 14
2 8 10
3 2 0
t 93 48
m0 2 8
m1 9 1
m2 8 14
1 0 13
2 8 9
3 1 0
t 92 48
m0 2 8
m1 9 1
m2 8 14
1 0 14
2 9 9
3 2 0
t 91 48
m0 2 8
m1 9 1
m2 8 14
1 0 13
2 9 8
3 3 0
t 90 48
m0 2 8
m1 9 1
m2 8 14
1 0 14
2 9 9
3 2 0
t 89 48
m0 2 8
m1 9 1
m2 8 14
1 0 13
2 9 8
3 2 1
t 88 48
m0 2 8
m1 9 0
m2 8 14
1 0 14
2 9 9
3 2 0
t 87 48
m0 2 8
m1 9 1
m2 8 14
1 0 13
2 8 9
3 3 0
t 86 48
m0 2 8
m1 9 1
m2 8 14
1 0 14
2 9 9
3 2 0
t 85 48
m0 2 8
m1 9 1
m2 8 14
1 0 13
2 9 8
3 1 0
t 84 48
m0 2 8
m1 9 0
m2 8 14
1 0 14
2 9 7
3 2 0
t 83 48
m0 2 8
m1 9 0
m2 8 14
1 0 13
2 9 6
3 1 0
t 82 48
m0 3 8
m1 8 0
m2 8 14
1 0 14
2 9 7
3 1 1
t 81 48
m0 2 8
m1 8 0
m2 8 14
1 0 13
2 9 8
3 2 1
t 80 48
m0 2 8
m1 9 0
m2 8 14
1 0 14
2 9 9
3 1 1
t 79 48
m0 2 8
m1 9 0
m2 8 14
1 0 13
2 9 8
3 1 0
t 78 48
m0 2 8
m1 9 0
m2 8 14
1 0 12
2 9 7
3 2 0
t 77 48
m0 3 8
m1 9 0
m2 8 14
1 0 13
2 9 6
3 1 0
t 76 48
m0 3 8
m1 8 0
m2 8 14
1 0 14
2 9 5
3 2 0
t 75 48
m0 3 8
m1 8 0
m2 8 13
1 0 13
2 8 5
3 1 0
t 74 48
m0 3 8
m1 9 0
m2 9 13
1 0 12
2 7 5
3 1 1
t 73 48
m0 3 8
m1 9 0
m2 9 13
1 0 13
2 7 4
3 1 0
t 72 48
m0 3 8
m1 9 0
m2 9 12
1 0 14
2 8 4
3 1 1
t 71 48
m0 3 8
m1 9 0
m2 9 13
1 0 13
2 8 5
3 1 0
t 70 48
m0 3 8
m1 9 0
m2 9 13
1 0 14
2 9 5
3 2 0
t 69 48
m0 3 8
m1 8 0
m2 8 13
1 0 13
2 9 6
3 1 0
t 68 48
m0 3 8
m1 8 0
m2 8 14
1 0 14
2 9 5
3 1 1
t 67 48
m0 3 8
m1 8 0
m2 8 13
1 0 13
2 9 6
3 1 0
t 66 48
m0 3 8
m1 8 0
m2 8 14
1 0 14
2 9 7
3 1 1
t 65 48
m0 2 8
m1 8 0
m2 8 14
1 0 13
2 8 7
3 1 2
t 64 48
m0 2 8
m1 9 0
m2 8 14
1 0 14
2 9 7
3 1 1
t 63 48
m0 2 8
m1 8 0
m2 8 14
1 0 13
2 9 8
3 1 0
t 62 48
m0 2 8
m1 9 0
m2 8 14
1 1 13
2 9 7
3 2 0
t 61 48
m0 3 8
m1 9 0
m2 8 14
1 2 13
2 9 8
3 3 0
t 60 48
m0 3 8
m1 9 1
m2 8 14
1 1 13
2 9 7
3 2 0
t 59 48
m0 3 8
m1 9 0
m2 8 14
1 2 13
2 9 8
3 1 0
t 58 48
m0 3 8
m1 9 0
m2 8 14
1 1 13
2 9 9
3 1 1
t 57 48
m0 3 8
m1 9 0
m2 8 14
1 0 13
2 9 8
3 2 1
t 56 48
m0 2 8
m1 9 0
m2 8 14
1 0 12
2 9 7
3 2 0
t 55 48
m0 3 8
m1 9 0
m2 8 14
1 0 13
2 8 7
3 1 0
t 54 48
m0 2 8
m1 9 0
m2 8 14
1 0 14
2 9 7
3 1 1
t 53 48
m0 2 8
m1 8 0
m2 8 14
1 0 13
2 9 8
3 1 0
t 52 48
m0 2 8
m1 9 0
m2 8 14
1 0 14
2 9 7
3 1 1
t 51 48
m0 2 8
m1 8 0
m2 8 14
1 0 13
2 9 8
3 2 1
t 50 48
m0 2 8
m1 9 0
m2 8 14
1 0 14
2 9 9
3 1 1
t 49 48
m0 2 8
m1 9 0
m2 8 14
1 0 13
2 9 10
3 1 0
t 48 48
m0 3 8
m1 9 1
m2 8 14
1 0 14
2 9 9
3 1 1
t 47 48
m0 2 8
m1 9 0
m2 8 14
1 0 13
2 9 10
3 2 1
t 46 48
m0 3 8
m1 9 0
m2 8 14
1 0 14
2 9 9
3 2 0
t 45 48
m0 2 8
m1 9 1
m2 8 14
1 0 13
2 9 8
3 1 0
t 44 48
m0 2 8
m1 9 0
m2 8 14
1 0 14
2 9 9
3 2 0
t 43 48
m0 2 8
m1 9 1
m2 8 14
1 0 13
2 8 9
3 1 0
t 42 48
m0 2 8
m1 9 1
m2 8 14
1 1 13
2 9 9
3 2 0
t 41 48
m0 3 8
m1 9 1
m2 8 14
1 0 13
2 9 10
3 3 0
t 40 48
m0 3 8
m1 9 1
m2 8 14
1 0 14
2 9 9
3 2 0
t 39 48
m0 2 8
m1 9 1
m2 8 14
1 0 13
2 9 8
3 2 1
t 38 48
m0 2 8
m1 9 0
m2 8 14
1 0 14
2 9 7
3 2 0
t 37 48
m0 2 8
m1 9 0
m2 8 14
1 0 13
2 9 8
3 3 0
t 36 48
m0 2 8
m1 9 1
m2 8 14
1 0 14
2 9 9
3 2 0
t 35 48
m0 2 8
m1 9 1
m2 8 14
1 0 13
2 9 8
3 1 0
t 34 48
m0 2 8
m1 9 0
m2 8 14
1 0 14
2 9 7
3 2 0
t 33 48
m0 2 8
m1 9 0
m2 8 14
1 0 13
2 9 8
3 3 0
t 32 48
m0 2 8
m1 9 1
m2 8 14
1 0 14
2 9 9
3 2 0
t 31 48
m0 2 8
m1 9 1
m2 8 14
1 0 13
2 9 8
3 1 0
t 30 48
m0 2 8
m1 9 0
m2 8 14
1 0 14
2 9 9
3 2 0
t 29 48
m0 2 8
m1 9 1
m2 8 14
1 0 13
2 9 8
3 3 0
t 28 48
m0 2 8
m1 9 1
m2 8 14
1 0 14
2 9 7
3 2 0
t 27 48
m0 2 8
m1 9 0
m2 8 14
1 0 13
2 9 8
3 1 0
t 26 48
m0 2 8
m1 9 0
m2 8 14
1 0 14
2 9 9
3 2 0
t 25 48
m0 2 8
m1 9 1
m2 8 14
1 0 13
2 9 8
3 3 0
t 24 48
m0 2 8
m1 9 1
m2 8 14
1 0 14
2 9 9
3 2 0
t 23 48
m0 2 8
m1 9 1
m2 8 14
1 0 13
2 9 8
3 3 0
t 22 48
m0 2 8
m1 9 1
m2 8 14
1 1 13
2 9 7
3 3 1
t 21 48
m0 3 8
m1 9 0
m2 8 14
1 0 13
2 9 8
3 3 0
t 20 48
m0 2 8
m1 9 1
m2 8 14
1 0 14
2 9 9
3 2 0
t 19 48
m0 2 8
m1 9 1
m2 8 14
1 0 13
2 9 8
3 3 0
t 18 48
m0 2 8
m1 9 1
m2 8 14
1 0 14
2 9 7
3 2 0
t 17 48
m0 2 8
m1 9 0
m2 8 14
1 0 13
2 9 8
3 2 1
t 16 48
m0 2 8
m1 9 0
m2 8 14
1 0 14
2 9 9
3 2 0
t 15 48
m0 2 8
m1 9 1
m2 8 14
1 0 13
2 9 8
3 3 0
t 14 48
m0 2 8
m1 9 1
m2 8 14
1 1 13
2 9 7
3 2 0
t 13 48
m0 3 8
m1 9 0
m2 8 14
1 0 13
2 9 6
3 1 0
t 12 48
m0 3 8
m1 8 0
m2 8 14
1 0 14
2 9 7
3 1 1
t 11 48
m0 2 8
m1 8 0
m2 8 14
1 0 13
2 9 8
3 2 1
t 10 48
m0 2 8
m1 9 0
m2 8 14
1 1 13
2 9 7
3 1 1
t 9 48
m0 3 8
m1 8 0
m2 8 14
1 0 13
2 9 6
3 1 0
t 8 48
m0 3 8
m1 8 0
m2 8 14
1 0 14
2 9 7
3 2 0
t 7 48
m0 2 8
m1 9 0
m2 8 14
1 0 13
2 8 7
3 1 0
t 6 48
m0 2 8
m1 9 0
m2 8 14
1 0 14
2 9 7
3 1 1
t 5 48
m0 2 8
m1 8 0
m2 8 14
1 0 13
2 9 8
3 1 0
t 4 48
m0 2 8
m1 9 0
m2 8 14
1 0 14
2 9 7
3 1 1
t 3 48
m0 2 8
m1 8 0
m2 8 14
1 0 13
2 9 8
3 1 0
t 2 48
m0 2 8
m1 9 0
m2 8 14
1 0 14
2 9 7
3 2 0
t 1 48
m0 2 8
m1 9 0
m2 8 14
1 0 14
2 9 7
3 2 0
t 0 48
