10
15
w 5 9
w 6 9
w 4 7
w 5 13
w 2 1
w 0 7
w 8 9
w 7 11
w 2 5
w 3 14
w 6 14
w 1 2
w 5 8
w 4 0
w 4 9
w 5 5
w 8 1
w 6 3
w 1 5
w 2 13
w 8 6
w 8 2
w 4 5
w 2 10
w 3 9
w 2 3
w 8 7
w 4 2
w 4 11
w 9 13
w 6 8
w 6 1
w 9 9
w 7 4
w 5 14
w 1 7
w 8 4
p 7 3
p 1 3
p 9 1
p 3 0
p 5 6
p 1 6
p 0 10
p 9 4
p 3 7
p 0 3
p 1 11
p 8 5
p 9 0
p 3 3
p 4 4
p 1 14
p 6 10
p 3 6
p 2 2
p 1 10
p 7 10
p 5 0
p 4 1
p 1 1
p 4 10
p 3 2
p 0 0
p 9 14
p 7 14
p 6 4
p 3 13
p 6 11
p 5 11
p 5 4
p 2 6
p 7 1
p 6 0
p 4 14
p 0 12
p 0 5
p 9 6
p 7 9
p 2 7
p 5 3
p 8 3
p 5 10
p 8 12
p 7 13
p 2 11
p 5 7
p 0 6
p 4 3
p 0 9
p 9 5
p 0 2
p 9 12
m0 0 14
m1 0 14
m2 0 14
1 9 0
2 9 0
3 9 0
t 300 0
m0 0 13
m1 1 14
m2 1 14
1 8 0
2 8 0
3 8 0
t 299 1
m0 1 13
m1 1 14
m2 2 14
1 7 0
2 7 0
3 7 0
t 298 1
m0 0 13
m1 0 14
m2 1 14
1 8 0
2 8 0
3 8 0
t 297 1
m0 0 12
m1 1 14
m2 1 14
1 9 0
2 9 0
3 9 0
t 296 2
m0 1 12
m1 1 13
m2 0 14
1 8 0
2 8 0
3 8 0
t 295 2
m0 1 13
m1 1 13
m2 0 13
1 9 0
2 9 0
3 9 0
t 294 2
m0 0 13
m1 1 13
m2 0 13
1 9 1
2 9 1
3 9 1
t 293 2
m0 1 13
m1 1 14
m2 0 12
1 9 2
2 9 2
3 9 2
t 292 2
m0 1 13
m1 0 14
m2 0 11
1 9 3
2 9 3
3 9 3
t 291 2
m0 1 14
m1 0 14
m2 0 12
1 9 4
2 9 4
3 9 4
t 290 2
m0 1 13
m1 0 14
m2 0 13
1 9 5
2 9 5
3 9 5
t 289 2
m0 0 13
m1 0 14
m2 0 13
1 8 5
2 8 5
3 8 5
f 5 1
t 288 2
m0 0 13
m1 1 14
m2 0 12
1 9 5
2 9 5
3 9 5
t 287 2
m0 1 13
m1 1 13
m2 0 11
1 8 5
2 8 5
3 8 5
t 286 2
m0 1 14
m1 1 14
m2 0 10
1 7 5
2 7 5
3 7 5
t 285 3
m0 1 14
m1 0 14
m2 0 9
1 7 6
2 7 6
3 7 6
t 284 4
m0 1 14
m1 1 14
m2 0 9
1 7 7
2 7 7
3 7 7
t 283 4
m0 2 14
m1 2 14
m2 0 10
1 6 7
2 6 7
3 6 7
t 282 4
m0 1 14
m1 1 14
m2 0 10
1 5 7
2 5 7
3 5 7
t 281 4
m0 0 14
m1 1 14
m2 0 10
1 5 6
2 5 6
3 5 6
t 280 4
m0 0 13
m1 1 14
m2 1 10
1 6 6
2 6 6
3 6 6
t 279 5
m0 0 12
m1 1 14
m2 1 9
1 7 6
2 7 6
3 7 6
t 278 5
m0 1 12
m1 1 14
m2 1 9
1 7 5
2 7 5
3 7 5
t 277 5
m0 0 12
m1 1 13
m2 1 10
1 7 6
2 7 6
3 7 6
t 276 5
m0 0 12
m1 1 13
m2 1 11
1 7 7
2 7 7
3 7 7
t 275 6
m0 0 13
m1 1 14
m2 1 11
1 7 8
2 7 8
3 7 8
t 274 6
m0 0 14
m1 1 14
m2 1 12
1 7 7
2 7 7
3 7 7
t 273 6
m0 0 14
m1 2 14
m2 1 13
1 7 6
2 7 6
3 7 6
t 272 6
m0 1 14
m1 1 14
m2 1 13
1 7 7
2 7 7
3 7 7
t 271 6
m0 1 14
m1 1 14
m2 1 14
1 7 6
2 7 6
3 7 6
t 270 6
m0 2 14
m1 1 14
m2 0 14
1 6 6
2 6 6
3 6 6
t 269 6
m0 1 14
m1 1 14
m2 0 13
1 6 5
2 6 5
3 6 5
t 268 6
m0 0 14
m1 1 14
m2 1 13
1 7 5
2 7 5
3 7 5
t 267 6
m0 0 14
m1 0 14
m2 1 12
1 6 5
2 6 5
3 6 5
t 266 6
m0 0 14
m1 1 14
m2 1 13
1 7 5
2 7 5
3 7 5
t 265 6
m0 0 14
m1 1 14
m2 0 13
1 8 5
2 8 5
3 8 5
t 264 6
m0 0 14
m1 0 14
m2 0 14
1 7 5
2 7 5
3 7 5
t 263 6
m0 1 14
m1 0 14
m2 1 14
1 7 6
2 7 6
3 7 6
t 262 6
m0 0 14
m1 0 13
m2 2 14
1 7 5
2 7 5
3 7 5
t 261 6
m0 1 14
m1 1 13
m2 2 14
1 8 5
2 8 5
3 8 5
t 260 6
m0 1 14
m1 0 13
m2 2 14
1 7 5
2 7 5
3 7 5
t 259 6
m0 1 14
m1 0 13
m2 1 14
1 8 5
2 8 5
3 8 5
t 258 6
m0 1 14
m1 0 12
m2 2 14
1 9 5
2 9 5
3 9 5
t 257 6
m0 2 14
m1 0 13
m2 2 14
1 9 4
2 9 4
3 9 4
t 256 6
m0 2 14
m1 0 14
m2 2 14
1 9 3
2 9 3
3 9 3
t 255 6
m0 2 14
m1 0 14
m2 2 14
1 9 2
2 9 2
3 9 2
t 254 6
m0 1 14
m1 0 13
m2 1 14
1 9 1
2 9 1
3 9 1
t 253 6
m0 0 14
m1 0 12
m2 2 14
1 9 0
2 9 0
3 9 0
t 252 6
m0 0 14
m1 0 13
m2 2 14
1 9 1
2 9 1
3 9 1
t 251 6
m0 0 14
m1 0 14
m2 1 14
1 9 0
2 9 0
3 9 0
t 250 6
m0 0 13
m1 0 13
m2 2 14
1 8 0
2 8 0
3 8 0
t 249 6
m0 0 14
m1 1 13
m2 1 14
1 9 0
2 9 0
3 9 0
t 248 6
m0 0 13
m1 1 12
m2 1 13
1 9 1
2 9 1
3 9 1
t 247 6
m0 0 14
m1 1 11
m2 1 14
1 9 0
2 9 0
3 9 0
t 246 6
m0 0 14
m1 1 12
m2 1 13
1 8 0
2 8 0
3 8 0
t 245 6
m0 0 14
m1 0 12
m2 0 13
1 9 0
2 9 0
3 9 0
t 244 6
m0 1 14
m1 0 12
m2 0 14
1 8 0
2 8 0
3 8 0
t 243 6
m0 2 14
m1 0 11
m2 0 14
1 9 0
2 9 0
3 9 0
t 242 6
m0 2 14
m1 1 11
m2 1 14
1 8 0
2 8 0
3 8 0
t 241 6
m0 2 14
m1 1 11
m2 0 14
1 7 0
2 7 0
3 7 0
t 240 6
m0 2 14
m1 1 12
m2 0 13
1 6 0
2 6 0
3 6 0
t 239 6
m0 1 14
m1 1 12
m2 0 12
1 5 0
2 5 0
3 5 0
t 238 6
m0 0 14
m1 1 13
m2 1 12
1 6 0
2 6 0
3 6 0
t 237 6
m0 1 14
m1 1 13
m2 1 13
1 5 0
2 5 0
3 5 0
t 236 6
m0 1 14
m1 1 13
m2 1 12
1 5 1
2 5 1
3 5 1
t 235 6
m0 0 14
m1 1 12
m2 0 12
1 5 2
2 5 2
3 5 2
t 234 6
m0 0 14
m1 1 12
m2 0 13
1 5 3
2 5 3
3 5 3
t 233 6
m0 1 14
m1 1 11
m2 0 12
1 5 2
2 5 2
3 5 2
t 232 6
m0 1 14
m1 1 11
m2 0 12
1 5 1
2 5 1
3 5 1
t 231 6
m0 0 14
m1 2 11
m2 0 12
1 4 1
2 4 1
3 4 1
t 230 7
m0 0 14
m1 2 12
m2 0 12
1 5 1
2 5 1
3 5 1
t 229 7
m0 0 14
m1 3 12
m2 0 11
1 5 0
2 5 0
3 5 0
t 228 7
m0 0 13
m1 4 12
m2 0 10
1 6 0
2 6 0
3 6 0
t 227 7
m0 0 13
m1 3 12
m2 0 9
1 5 0
2 5 0
3 5 0
t 226 7
m0 1 13
m1 4 12
m2 0 10
1 5 1
2 5 1
3 5 1
t 225 7
m0 1 12
m1 4 13
m2 0 9
1 4 1
2 4 1
3 4 1
t 224 7
m0 0 12
m1 3 13
m2 0 10
1 3 1
2 3 1
3 3 1
t 223 8
m0 0 11
m1 3 13
m2 1 10
1 4 1
2 4 1
3 4 1
t 222 8
m0 0 12
m1 4 13
m2 1 10
1 3 1
2 3 1
3 3 1
t 221 8
m0 0 12
m1 3 13
m2 0 10
1 3 2
2 3 2
3 3 2
t 220 8
m0 0 11
m1 4 13
m2 0 10
1 2 2
2 2 2
3 2 2
t 219 8
m0 0 10
m1 4 14
m2 0 10
1 3 2
2 3 2
3 3 2
t 218 9
m0 0 9
m1 4 13
m2 0 10
1 3 1
2 3 1
3 3 1
t 217 9
m0 0 10
m1 4 12
m2 1 10
1 3 2
2 3 2
3 3 2
t 216 9
m0 1 10
m1 4 12
m2 1 11
1 3 3
2 3 3
3 3 3
t 215 9
m0 1 10
m1 4 13
m2 1 10
1 4 3
2 4 3
3 4 3
t 214 9
m0 0 10
m1 4 13
m2 0 10
1 3 3
2 3 3
3 3 3
t 213 9
m0 0 10
m1 4 13
m2 1 10
1 3 2
2 3 2
3 3 2
t 212 9
m0 0 10
m1 4 13
m2 1 9
1 3 1
2 3 1
3 3 1
t 211 9
m0 0 9
m1 4 13
m2 1 10
1 4 1
2 4 1
3 4 1
t 210 9
m0 1 9
m1 4 14
m2 1 10
1 5 1
2 5 1
3 5 1
t 209 9
m0 1 10
m1 4 13
m2 0 10
1 4 1
2 4 1
3 4 1
t 208 9
m0 1 11
m1 4 13
m2 0 10
1 5 1
2 5 1
3 5 1
t 207 9
m0 1 10
m1 4 13
m2 0 9
1 5 2
2 5 2
3 5 2
t 206 9
m0 1 11
m1 4 12
m2 0 10
1 5 1
2 5 1
3 5 1
t 205 9
m0 1 11
m1 3 12
m2 1 10
1 5 0
2 5 0
3 5 0
t 204 9
m0 1 11
m1 2 12
m2 1 10
1 6 0
2 6 0
3 6 0
t 203 9
m0 0 11
m1 3 12
m2 1 9
1 7 0
2 7 0
3 7 0
t 202 9
m0 0 12
m1 3 11
m2 1 10
1 6 0
2 6 0
3 6 0
t 201 9
m0 1 12
m1 3 12
m2 0 10
1 7 0
2 7 0
3 7 0
t 200 9
m0 1 12
m1 3 12
m2 0 10
1 8 0
2 8 0
3 8 0
t 199 9
m0 1 13
m1 3 12
m2 0 11
1 7 0
2 7 0
3 7 0
t 198 9
m0 1 12
m1 3 12
m2 1 11
1 8 0
2 8 0
3 8 0
t 197 9
m0 1 11
m1 3 12
m2 0 11
1 7 0
2 7 0
3 7 0
t 196 9
m0 1 10
m1 4 12
m2 1 11
1 8 0
2 8 0
3 8 0
t 195 9
m0 1 10
m1 5 12
m2 1 11
1 7 0
2 7 0
3 7 0
t 194 9
m0 0 10
m1 6 12
m2 1 11
1 8 0
2 8 0
3 8 0
t 193 9
m0 0 9
m1 6 13
m2 0 11
1 7 0
2 7 0
3 7 0
t 192 9
m0 0 10
m1 7 13
m2 0 11
1 8 0
2 8 0
3 8 0
t 191 10
m0 0 9
m1 8 13
m2 0 10
1 7 0
2 7 0
3 7 0
t 190 10
m0 0 8
m1 8 14
m2 1 10
1 7 1
2 7 1
3 7 1
t 189 10
m0 0 8
m1 9 14
m2 0 10
1 7 0
2 7 0
3 7 0
t 188 11
m0 0 8
m1 9 14
m2 0 11
1 8 0
2 8 0
3 8 0
t 187 11
m0 1 8
m1 9 14
m2 0 11
1 9 0
2 9 0
3 9 0
t 186 11
m0 1 9
m1 9 14
m2 0 11
1 8 0
2 8 0
3 8 0
t 185 11
m0 1 8
m1 8 14
m2 0 12
1 7 0
2 7 0
3 7 0
t 184 11
m0 0 8
m1 7 14
m2 0 13
1 7 1
2 7 1
3 7 1
t 183 12
m0 0 8
m1 8 14
m2 0 12
1 7 2
2 7 2
3 7 2
t 182 12
m0 1 8
m1 9 14
m2 0 11
1 6 2
2 6 2
3 6 2
t 181 12
m0 0 8
m1 8 14
m2 0 12
1 7 2
2 7 2
3 7 2
t 180 12
m0 0 8
m1 9 14
m2 1 12
1 6 2
2 6 2
3 6 2
t 179 12
m0 0 9
m1 8 14
m2 1 11
1 5 2
2 5 2
3 5 2
t 178 12
m0 0 10
m1 8 14
m2 0 11
1 5 3
2 5 3
3 5 3
t 177 12
m0 1 10
m1 9 14
m2 0 11
1 4 3
2 4 3
3 4 3
t 176 12
m0 1 9
m1 9 14
m2 0 11
1 3 3
2 3 3
3 3 3
t 175 12
m0 1 8
m1 8 14
m2 0 12
1 3 2
2 3 2
3 3 2
t 174 12
m0 2 8
m1 8 14
m2 0 11
1 3 1
2 3 1
3 3 1
t 173 12
m0 2 8
m1 8 14
m2 0 11
1 3 2
2 3 2
3 3 2
t 172 12
m0 2 8
m1 9 14
m2 0 10
1 3 3
2 3 3
3 3 3
t 171 12
m0 2 8
m1 8 14
m2 1 10
1 3 2
2 3 2
3 3 2
t 170 12
m0 2 7
m1 9 14
m2 0 10
1 3 3
2 3 3
3 3 3
t 169 13
m0 2 8
m1 9 14
m2 0 11
1 3 2
2 3 2
3 3 2
t 168 13
m0 2 8
m1 9 14
m2 0 11
1 3 1
2 3 1
3 3 1
t 167 13
m0 2 8
m1 9 14
m2 0 10
1 3 2
2 3 2
3 3 2
t 166 13
m0 3 8
m1 9 14
m2 0 9
1 3 3
2 3 3
3 3 3
t 165 13
m0 2 8
m1 8 14
m2 0 10
1 3 2
2 3 2
3 3 2
t 164 13
m0 3 8
m1 9 14
m2 0 11
1 3 1
2 3 1
3 3 1
t 163 13
m0 2 8
m1 8 14
m2 1 11
1 3 0
2 3 0
3 3 0
t 162 13
m0 2 8
m1 8 14
m2 1 12
1 3 1
2 3 1
3 3 1
t 161 13
m0 3 8
m1 9 14
m2 0 12
1 3 2
2 3 2
3 3 2
t 160 13
m0 3 7
m1 8 14
m2 1 12
1 2 2
2 2 2
3 2 2
t 159 14
m0 3 6
m1 9 14
m2 1 11
1 3 2
2 3 2
3 3 2
t 158 15
m0 2 6
m1 8 14
m2 1 10
1 2 2
2 2 2
3 2 2
t 157 16
m0 1 6
m1 9 14
m2 0 10
1 3 2
2 3 2
3 3 2
t 156 17
m0 0 6
m1 9 14
m2 1 10
1 3 3
2 3 3
3 3 3
t 155 18
m0 0 5
m1 9 14
m2 0 10
1 4 3
2 4 3
3 4 3
t 154 19
m0 0 4
m1 9 14
m2 0 10
1 3 3
2 3 3
3 3 3
t 153 19
m0 0 3
m1 9 14
m2 0 10
1 3 4
2 3 4
3 3 4
t 152 20
m0 0 2
m1 9 14
m2 0 11
1 4 4
2 4 4
3 4 4
t 151 21
m0 0 1
m1 8 14
m2 1 11
1 5 4
2 5 4
3 5 4
t 150 21
m0 0 1
m1 8 14
m2 1 11
1 5 3
2 5 3
3 5 3
t 149 21
m0 0 0
m1 9 14
m2 1 11
1 4 3
2 4 3
3 4 3
t 148 22
m0 1 0
m1 8 14
m2 0 11
1 4 4
2 4 4
3 4 4
t 147 22
m0 0 0
m1 9 14
m2 0 11
1 5 4
2 5 4
3 5 4
t 146 22
m0 0 1
m1 8 14
m2 0 12
1 6 4
2 6 4
3 6 4
t 145 22
m0 0 1
m1 8 13
m2 0 13
1 5 4
2 5 4
3 5 4
t 144 22
m0 0 2
m1 8 14
m2 0 13
1 6 4
2 6 4
3 6 4
t 143 22
m0 0 3
m1 8 14
m2 1 13
1 6 5
2 6 5
3 6 5
t 142 22
m0 0 4
m1 9 14
m2 1 12
1 6 6
2 6 6
3 6 6
t 141 22
m0 0 3
m1 8 14
m2 1 12
1 5 6
2 5 6
3 5 6
t 140 22
m0 0 3
m1 9 14
m2 1 12
1 6 6
2 6 6
3 6 6
t 139 22
m0 0 3
m1 8 14
m2 0 12
1 6 7
2 6 7
3 6 7
t 138 22
m0 0 3
m1 8 14
m2 0 11
1 7 7
2 7 7
3 7 7
t 137 22
m0 1 3
m1 8 14
m2 0 11
1 6 7
2 6 7
3 6 7
t 136 23
m0 1 3
m1 9 14
m2 1 11
1 7 7
2 7 7
3 7 7
t 135 23
m0 0 3
m1 8 14
m2 1 12
1 7 8
2 7 8
3 7 8
t 134 23
m0 0 3
m1 8 14
m2 1 13
1 7 7
2 7 7
3 7 7
t 133 23
m0 0 2
m1 8 14
m2 1 12
1 7 8
2 7 8
3 7 8
t 132 23
m0 0 1
m1 9 14
m2 2 12
1 7 9
2 7 9
3 7 9
t 131 23
m0 0 0
m1 8 14
m2 1 12
1 7 8
2 7 8
3 7 8
t 130 23
m0 0 0
m1 9 14
m2 1 11
1 8 8
2 8 8
3 8 8
t 129 23
m0 1 0
m1 8 14
m2 1 11
1 9 8
2 9 8
3 9 8
t 128 23
m0 2 0
m1 7 14
m2 1 11
1 9 7
2 9 7
3 9 7
t 127 23
m0 1 0
m1 7 14
m2 2 11
1 9 6
2 9 6
3 9 6
t 126 23
m0 0 0
m1 7 13
m2 1 11
1 9 5
2 9 5
3 9 5
t 125 23
m0 1 0
m1 8 13
m2 0 11
1 9 6
2 9 6
3 9 6
t 124 23
m0 2 0
m1 8 12
m2 0 10
1 9 7
2 9 7
3 9 7
t 123 24
m0 1 0
m1 9 12
m2 1 10
1 9 8
2 9 8
3 9 8
t 122 25
m0 0 0
m1 8 12
m2 1 11
1 8 8
2 8 8
3 8 8
t 121 25
m0 1 0
m1 8 13
m2 0 11
1 7 8
2 7 8
3 7 8
t 120 25
m0 2 0
m1 8 12
m2 0 10
1 7 7
2 7 7
3 7 7
t 119 25
m0 3 0
m1 8 12
m2 1 10
1 6 7
2 6 7
3 6 7
t 118 26
m0 3 1
m1 8 12
m2 0 10
1 5 7
2 5 7
3 5 7
t 117 26
m0 3 2
m1 8 11
m2 0 10
1 5 6
2 5 6
3 5 6
t 116 27
m0 3 2
m1 8 11
m2 0 10
1 5 7
2 5 7
3 5 7
t 115 27
m0 3 1
m1 9 11
m2 0 10
1 6 7
2 6 7
3 6 7
t 114 27
m0 3 1
m1 9 11
m2 0 10
1 5 7
2 5 7
3 5 7
t 113 27
m0 3 0
m1 9 11
m2 0 10
1 6 7
2 6 7
3 6 7
t 112 27
m0 3 0
m1 9 10
m2 0 11
1 7 7
2 7 7
3 7 7
t 111 27
m0 3 1
m1 9 10
m2 0 12
1 7 8
2 7 8
3 7 8
t 110 27
m0 4 1
m1 9 11
m2 0 11
1 7 9
2 7 9
3 7 9
t 109 28
m0 5 1
m1 9 11
m2 0 12
1 7 8
2 7 8
3 7 8
t 108 38
m0 5 2
m1 9 12
m2 0 11
1 8 8
2 8 8
3 8 8
t 107 38
m0 5 1
m1 9 12
m2 0 10
1 7 8
2 7 8
3 7 8
t 106 38
m0 5 2
m1 9 12
m2 1 10
1 8 8
2 8 8
3 8 8
t 105 38
m0 5 2
m1 8 12
m2 1 11
1 7 8
2 7 8
3 7 8
t 104 38
m0 5 3
m1 8 11
m2 1 11
1 7 9
2 7 9
3 7 9
t 103 39
m0 4 3
m1 8 11
m2 0 11
1 7 8
2 7 8
3 7 8
t 102 40
m0 3 3
m1 8 10
m2 1 11
1 8 8
2 8 8
3 8 8
f 9 2
t 101 41
m0 4 3
m1 7 10
m2 1 11
1 7 8
2 7 8
3 7 8
t 100 42
m0 4 4
m1 6 10
m2 1 11
1 7 7
2 7 7
3 7 7
t 99 44
m0 3 4
m1 6 11
m2 1 11
1 6 7
2 6 7
3 6 7
t 98 45
m0 3 4
m1 5 11
m2 1 11
1 5 7
2 5 7
3 5 7
t 97 46
m0 3 4
m1 5 10
m2 1 12
1 5 6
2 5 6
3 5 6
t 96 47
m0 3 4
m1 5 11
m2 1 13
1 4 6
2 4 6
3 4 6
t 95 47
m0 3 4
m1 5 10
m2 1 12
1 5 6
2 5 6
3 5 6
t 94 47
m0 3 4
m1 4 10
m2 1 13
1 6 6
2 6 6
3 6 6
t 93 48
m0 3 4
m1 4 10
m2 1 13
1 6 5
2 6 5
3 6 5
t 92 48
m0 3 4
m1 5 10
m2 1 14
1 7 5
2 7 5
3 7 5
t 91 48
m0 3 4
m1 5 10
m2 0 14
1 7 6
2 7 6
3 7 6
t 90 48
m0 3 4
m1 6 10
m2 1 14
1 6 6
2 6 6
3 6 6
t 89 48
m0 3 4
m1 7 10
m2 1 14
1 7 6
2 7 6
3 7 6
t 88 48
m0 3 4
m1 7 10
m2 1 14
1 7 7
2 7 7
3 7 7
t 87 48
m0 3 4
m1 7 10
m2 1 14
1 7 8
2 7 8
3 7 8
t 86 48
m0 3 4
m1 7 10
m2 0 14
1 7 7
2 7 7
3 7 7
t 85 48
m0 3 4
m1 7 10
m2 1 14
1 7 6
2 7 6
3 7 6
t 84 48
m0 3 4
m1 7 10
m2 1 14
1 6 6
2 6 6
3 6 6
t 83 48
m0 3 3
m1 7 10
m2 0 14
1 5 6
2 5 6
3 5 6
t 82 48
m0 3 4
m1 7 10
m2 1 14
1 5 7
2 5 7
3 5 7
t 81 48
m0 3 4
m1 7 10
m2 0 14
1 6 7
2 6 7
3 6 7
t 80 48
m0 3 4
m1 7 10
m2 0 13
1 6 6
2 6 6
3 6 6
t 79 48
m0 3 4
m1 7 10
m2 0 13
1 5 6
2 5 6
3 5 6
t 78 48
m0 3 4
m1 7 10
m2 0 13
1 6 6
2 6 6
3 6 6
t 77 48
m0 3 3
m1 7 10
m2 1 13
1 6 7
2 6 7
3 6 7
t 76 48
m0 3 2
m1 7 10
m2 0 13
1 5 7
2 5 7
3 5 7
t 75 48
m0 2 2
m1 7 10
m2 0 14
1 5 6
2 5 6
3 5 6
t 74 49
m0 3 2
m1 7 10
m2 0 13
1 5 7
2 5 7
3 5 7
t 73 49
m0 3 1
m1 7 10
m2 1 13
1 6 7
2 6 7
3 6 7
t 72 49
m0 3 0
m1 7 10
m2 1 12
1 5 7
2 5 7
3 5 7
t 71 49
m0 3 0
m1 6 10
m2 0 12
1 5 6
2 5 6
3 5 6
t 70 49
m0 2 0
m1 7 10
m2 0 13
1 6 6
2 6 6
3 6 6
t 69 49
m0 1 0
m1 7 9
m2 0 12
1 7 6
2 7 6
3 7 6
t 68 50
m0 1 0
m1 7 8
m2 0 11
1 7 5
2 7 5
3 7 5
t 67 50
m0 1 0
m1 7 7
m2 0 12
1 8 5
2 8 5
3 8 5
t 66 50
m0 1 0
m1 7 7
m2 0 13
1 9 5
2 9 5
3 9 5
t 65 50
m0 1 0
m1 7 7
m2 0 13
1 9 4
2 9 4
3 9 4
t 64 50
m0 0 0
m1 7 7
m2 0 14
1 9 5
2 9 5
3 9 5
t 63 50
m0 0 0
m1 7 8
m2 0 13
1 9 4
2 9 4
3 9 4
t 62 50
m0 1 0
m1 7 7
m2 1 13
1 9 3
2 9 3
3 9 3
t 61 50
m0 1 0
m1 7 7
m2 0 13
1 9 4
2 9 4
3 9 4
t 60 50
m0 0 0
m1 6 7
m2 1 13
1 9 3
2 9 3
3 9 3
t 59 50
m0 1 0
m1 6 6
m2 1 14
1 9 4
2 9 4
3 9 4
t 58 50
m0 1 0
m1 6 6
m2 1 14
1 9 3
2 9 3
3 9 3
t 57 50
m0 1 0
m1 6 6
m2 1 14
1 9 4
2 9 4
3 9 4
t 56 50
m0 1 0
m1 5 6
m2 0 14
1 9 3
2 9 3
3 9 3
t 55 51
m0 0 0
m1 5 6
m2 0 14
1 9 4
2 9 4
3 9 4
t 54 51
m0 1 0
m1 6 6
m2 0 13
1 9 3
2 9 3
3 9 3
t 53 51
m0 0 0
m1 5 6
m2 0 12
1 9 4
2 9 4
3 9 4
t 52 51
m0 1 0
m1 5 7
m2 0 11
1 9 5
2 9 5
3 9 5
t 51 52
m0 1 0
m1 5 6
m2 1 11
1 9 4
2 9 4
3 9 4
t 50 52
m0 0 0
m1 6 6
m2 0 11
1 9 5
2 9 5
3 9 5
t 49 52
m0 1 0
m1 6 6
m2 1 11
1 9 4
2 9 4
3 9 4
t 48 52
m0 0 0
m1 7 6
m2 1 11
1 9 5
2 9 5
3 9 5
t 47 52
m0 1 0
m1 7 5
m2 1 11
1 9 6
2 9 6
3 9 6
t 46 52
m0 1 0
m1 7 6
m2 1 11
1 9 7
2 9 7
3 9 7
t 45 52
m0 0 0
m1 7 5
m2 1 11
1 9 6
2 9 6
3 9 6
t 44 52
m0 0 1
m1 8 5
m2 1 12
1 9 7
2 9 7
3 9 7
t 43 53
m0 0 0
m1 7 5
m2 1 11
1 9 8
2 9 8
3 9 8
t 42 53
m0 0 1
m1 6 5
m2 1 12
1 8 8
2 8 8
3 8 8
t 41 53
m0 0 0
m1 7 5
m2 1 12
1 9 8
2 9 8
3 9 8
t 40 53
m0 1 0
m1 6 5
m2 1 11
1 9 7
2 9 7
3 9 7
t 39 53
m0 0 0
m1 6 4
m2 1 11
1 9 6
2 9 6
3 9 6
t 38 54
m0 0 0
m1 5 4
m2 1 11
1 9 5
2 9 5
3 9 5
t 37 55
m0 0 1
m1 5 4
m2 0 11
1 8 5
2 8 5
3 8 5
t 36 55
m0 0 1
m1 6 4
m2 0 12
1 9 5
2 9 5
3 9 5
t 35 55
m0 0 1
m1 6 5
m2 0 12
1 8 5
2 8 5
3 8 5
t 34 55
m0 0 0
m1 6 6
m2 0 12
1 9 5
2 9 5
3 9 5
t 33 55
m0 0 1
m1 6 6
m2 1 12
1 9 6
2 9 6
3 9 6
t 32 55
m0 0 1
m1 6 6
m2 1 13
1 9 7
2 9 7
3 9 7
t 31 55
m0 0 0
m1 7 6
m2 1 12
1 9 8
2 9 8
3 9 8
t 30 55
m0 0 1
m1 6 6
m2 2 12
1 8 8
2 8 8
3 8 8
t 29 55
m0 0 0
m1 6 6
m2 1 12
1 7 8
2 7 8
3 7 8
t 28 55
m0 1 0
m1 6 6
m2 0 12
1 7 9
2 7 9
3 7 9
t 27 55
m0 1 0
m1 6 6
m2 0 13
1 7 10
2 7 10
3 7 10
t 26 55
m0 1 0
m1 6 7
m2 1 13
1 6 10
2 6 10
3 6 10
t 25 55
m0 1 0
m1 6 6
m2 0 13
1 5 10
2 5 10
3 5 10
t 24 55
m0 1 0
m1 7 6
m2 0 12
1 5 11
2 5 11
3 5 11
t 23 55
m0 1 0
m1 7 6
m2 0 11
1 6 11
2 6 11
3 6 11
t 22 55
m0 1 0
m1 6 6
m2 0 10
1 6 12
2 6 12
3 6 12
t 21 55
m0 1 0
m1 7 6
m2 0 10
1 7 12
2 7 12
3 7 12
t 20 55
m0 1 0
m1 7 5
m2 0 10
1 6 12
2 6 12
3 6 12
t 19 55
m0 1 0
m1 8 5
m2 0 10
1 5 12
2 5 12
3 5 12
t 18 55
m0 1 0
m1 9 5
m2 0 9
1 4 12
2 4 12
3 4 12
t 17 56
m0 1 0
m1 9 4
m2 0 9
1 5 12
2 5 12
3 5 12
t 16 57
m0 1 0
m1 9 4
m2 0 10
1 6 12
2 6 12
3 6 12
t 15 57
m0 1 0
m1 9 4
m2 0 9
1 6 11
2 6 11
3 6 11
t 14 57
m0 1 0
m1 9 3
m2 0 9
1 6 12
2 6 12
3 6 12
t 13 57
m0 1 0
m1 9 2
m2 0 9
1 5 12
2 5 12
3 5 12
t 12 67
m0 1 0
m1 9 3
m2 0 10
1 6 12
2 6 12
3 6 12
t 11 67
m0 2 0
m1 9 3
m2 0 11
1 6 13
2 6 13
3 6 13
t 10 67
m0 2 0
m1 9 2
m2 0 11
1 6 12
2 6 12
3 6 12
t 9 67
m0 3 0
m1 9 2
m2 0 10
1 7 12
2 7 12
3 7 12
t 8 67
m0 2 0
m1 9 2
m2 0 10
1 6 12
2 6 12
3 6 12
t 7 67
m0 1 0
m1 9 2
m2 1 10
1 6 13
2 6 13
3 6 13
t 6 67
m0 1 1
m1 9 2
m2 0 10
1 6 12
2 6 12
3 6 12
f 4 12
t 5 68
m0 0 1
m1 9 1
m2 0 9
1 7 12
2 7 12
3 7 12
t 4 69
m0 0 0
m1 9 1
m2 0 8
1 6 12
2 6 12
3 6 12
t 3 69
m0 0 0
m1 9 0
m2 1 8
1 6 11
2 6 11
3 6 11
t 2 70
m0 0 0
m1 8 0
m2 2 8
1 5 11
2 5 11
3 5 11
t 1 70
m0 1 0
m1 9 0
m2 2 8
1 5 11
2 5 11
3 5 11
t 0 70
