Use the setting in the following lines to re-create this experiment

{'result_folder_name': 'bonus_2d', 'plot_file_name': '', 'log_file_name': 'bonus_2d_log', 'n_run': 30, 'n_eval': 2000, 'n_pacman': 3, 'n_ghost': 3, 'size_tuple': (10, 15), 'wall_density': 0.25, 'replay_file_name': '0_replay', 'time_multiplier': 2, 'pills_density': 0.5, 'fruit_spawn_probability': 0.05, 'pill_value': 1, 'fruit_score': 10, 'grow_terminal_prob': 0.5, 'over_selection_x': 0.2, 'pacman_max_tree_height': 2, 'pacman_parent_selection': 'os', 'pacman_stable_population': 5, 'pacman_offspring_population': 50, 'n_pacman_parent': 4, 'pacman_survival_selection': 'trunc', 'pacman_survival_k': 15, 'pacman_parsimony_pressure': 2, 'pacman_share_controller': False, 'ghost_max_tree_height': 2, 'ghost_parent_selection': 'os', 'ghost_stable_population': 5, 'ghost_offspring_population': 50, 'n_ghost_parent': 2, 'ghost_survival_selection': 'trunc', 'ghost_survival_k': 15, 'ghost_parsimony_pressure': 2, 'ghost_share_controller': False, 'convergence_n_eval': None, 'seed': '2018-12-03 13:36:34.728622'}

Result Log

Run 0
2	0.0	0
19	4.278511404561824	41
36	3.702280912364945	22
53	4.893157262905161	27
70	2.645858343337334	18
87	3.990396158463385	27
104	3.529411764705882	14
121	3.342136854741897	36
138	5.651860744297719	36
155	2.905162064825931	23
172	3.8943577430972387	22
189	3.6734693877551012	21
206	4.264105642256903	17
223	3.8607442977190876	33
240	1.9495798319327728	24
257	2.007202881152461	16
274	3.159663865546218	16
291	4.024009603841536	21
308	1.6278511404561822	14
325	4.345738295318126	34
342	4.926770708283313	25
359	3.2941176470588234	21
376	5.435774309723889	36
393	4.912364945978392	23
410	3.3181272509003605	20
427	3.380552220888355	21
444	2.578631452581032	14
461	2.1272509003601434	16
478	4.585834333733494	20
495	2.7370948379351736	17
512	3.8271308523409355	19
529	4.845138055222089	70
546	3.6206482593037217	20
563	4.8979591836734695	23
580	1.6614645858343335	20
597	1.3013205282112845	27
614	4.292917166866745	20
631	1.5798319327731092	13
648	5.647058823529411	27
665	4.696278511404563	23
682	2.5066026410564217	23
699	3.33733493397359	32
716	3.409363745498198	20
733	4.753901560624249	31
750	3.2220888355342137	14
767	3.078031212484994	17
784	1.3541416566626647	13
801	3.390156062424969	15
818	3.7454981992797123	19
835	3.260504201680671	20
852	3.740696278511404	24
869	3.346938775510204	17
886	2.3721488595438176	18
903	4.4561824729891955	26
920	1.3589435774309722	12
937	3.5774309723889557	18
954	4.081632653061223	18
971	1.1524609843937572	22
988	3.8127250900360146	22
1005	1.5414165666266504	11
1022	5.450180072028811	29
1039	5.330132052821128	31
1056	3.3853541416566624	16
1073	3.4573829531812725	21
1090	2.785114045618247	26
1107	2.6602641056422565	15
1124	3.8559423769507797	27
1141	1.9591836734693875	18
1158	1.4069627851140452	12
1175	4.797118847539015	31
1192	6.56422569027611	34
1209	6.194477791116446	29
1226	1.6854741896758703	11
1243	2.914765906362545	27
1260	3.5966386554621845	25
1277	3.5918367346938775	21
1294	5.997599039615845	25
1311	3.375750300120048	17
1328	3.9039615846338536	30
1345	2.1368547418967583	20
1362	2.799519807923169	17
1379	2.021608643457383	14
1396	2.2569027611044414	19
1413	5.584633853541416	31
1430	1.1812725090036011	17
1447	3.462184873949579	21
1464	3.4909963985594232	41
1481	2.7707082833133247	37
1498	0.6434573829531812	8
1515	3.2797118847539006	17
1532	3.116446578631452	16
1549	4.273709483793517	18
1566	4.5858343337334935	15
1583	4.355342136854742	25
1600	4.691476590636255	23
1617	2.069627851140456	20
1634	3.1596638655462184	23
1651	1.3397358943577429	21
1668	4.470588235294116	20
1685	1.0996398559423768	19
1702	0.9171668667466986	21
1719	4.110444177671068	22
1736	5.440576230492197	22
1753	1.0420168067226891	17
1770	4.456182472989195	18
1787	3.1020408163265305	14
1804	6.031212484993996	33
1821	2.996398559423769	15
1838	3.9087635054021597	19
1855	1.3493397358943575	19
1872	3.466986794717887	30
1889	4.408163265306122	27
1906	2.621848739495798	15
1923	3.884753901560624	21
1940	2.218487394957983	14
1957	4.53781512605042	16
1974	2.7226890756302518	28
1991	3.8559423769507806	20
2008	5.320528211284514	17

Run 1
2	9.102040816326529	19
19	3.3997599039615842	36
36	0.6146458583433374	56
53	0.39375750300120044	28
70	0.1920768307322929	49
87	1.0420168067226891	27
104	1.0324129651860743	87
121	0.024009603841536616	22
138	2.83313325330132	31
155	1.6326530612244898	37
172	0.2160864345738295	36
189	0.6290516206482593	26
206	2.146458583433373	52
223	1.0372148859543817	60
240	0.4513805522208883	54
257	1.1044417767106842	62
274	1.387755102040816	63
291	0.4129651860744298	117
308	2.1656662665066024	48
325	1.1524609843937574	38
342	2.079231692677071	35
359	0.9747899159663864	40
376	2.9915966386554618	87
393	1.5846338535414164	42
410	0.44177671068427365	36
427	2.0648259303721486	43
444	0.7731092436974789	28
461	1.397358943577431	53
478	1.8439375750300118	22
495	0.9507803121248498	22
512	1.3061224489795915	51
529	2.573829531812725	46
546	1.2581032412965185	33
563	1.253301320528211	27
580	1.565426170468187	74
597	1.1716686674669867	47
614	0.9075630252100839	62
631	0.5570228091236494	43
648	0.15366146458583432	34
665	0.7539015606242496	49
682	1.430972388955582	37
699	2.487394957983193	73
716	2.031212484993997	38
733	0.6626650660264106	87
750	0.1920768307322929	38
767	2.4969987995198073	63
784	0.9651860744297719	29
801	1.9159663865546217	40
818	1.5606242496998797	27
835	3.457382953181272	36
852	0.6242496998799519	24
869	2.5210084033613445	50
886	0.1728691476590636	36
903	0.8163265306122447	33
920	2.2280912364945977	40
937	2.060024009603841	127
954	1.4501800720288112	97
971	1.2869147659063622	33
988	0.7346938775510203	25
1005	1.7478991596638653	60
1022	3.423769507803121	41
1039	0.7490996398559424	30
1056	1.0996398559423768	48
1073	0.2160864345738295	35
1090	0.35534213685474186	37
1107	1.1668667466986793	34
1124	0.0	51
1141	1.128451380552221	40
1158	0.46098439375750294	54
1175	0.6434573829531812	31
1192	2.7034813925570225	37
1209	0.9795918367346937	37
1226	0.0	96
1243	2.6746698679471783	58
1260	0.11044417767106841	27
1277	0.5714285714285714	46
1294	1.013205282112845	31
1311	0.12004801920768307	42
1328	0.4753901560624249	31
1345	2.276110444177671	32
1362	0.2352941176470588	31
1379	1.3589435774309724	62
1396	0.5762304921968786	36
1413	0.06722689075630252	25
1430	1.7334933973589435	31
1447	0.5570228091236494	46
1464	1.3445378151260503	32
1481	1.0180072028811527	29
1498	1.4549819927971186	55
1515	0.9123649459783914	74
1532	1.7863145258103241	66
1549	2.5114045618247296	44
1566	0.9363745498199278	38
1583	0.9891956782713085	55
1600	0.1680672268907563	33
1617	1.5366146458583434	44
1634	2.578631452581032	29
1651	0.8787515006002401	31
1668	1.7527010804321725	55
1685	0.0	59
1702	0.9507803121248498	29
1719	0.5522208883553421	35
1736	0.35054021608643454	25
1753	0.40816326530612246	68
1770	3.0252100840336134	121
1787	0.13445378151260504	65
1804	0.0	55
1821	1.2436974789915967	35
1838	0.2881152460984393	30
1855	1.9015606242496996	30
1872	3.0060024009603836	56
1889	2.7611044417767103	27
1906	1.1860744297719086	52
1923	0.5618247298919568	37
1940	0.5522208883553421	27
1957	1.2869147659063624	63
1974	0.13445378151260504	55
1991	2.204081632653061	40
2008	0.20168067226890754	58

Run 2
2	1.4285714285714284	35
19	1.7238895558223286	61
36	0.4033613445378151	28
53	1.0900360144057624	40
70	0.8691476590636255	49
87	0.998799519807923	34
104	0.5618247298919568	34
121	0.6626650660264105	44
138	0.6290516206482593	54
155	4.26890756302521	37
172	0.979591836734694	54
189	0.4993997599039615	42
206	0.0432172869147659	26
223	0.0	52
240	1.4693877551020407	42
257	1.0516206482593038	48
274	3.774309723889555	74
291	0.32172869147659056	29
308	0.5618247298919568	43
325	0.048019207683073224	30
342	0.43697478991596633	55
359	0.35534213685474186	70
376	1.6854741896758703	63
393	2.737094837935174	58
410	2.4921968787515003	53
427	0.8595438175270108	32
444	0.24969987995198076	39
461	2.3577430972388953	53
478	1.2340936374549818	57
495	1.0372148859543817	30
512	1.6710684273709484	45
529	0.8403361344537814	57
546	1.1716686674669867	55
563	0.9891956782713085	29
580	2.1368547418967587	33
597	0.0	53
614	0.0	55
631	1.0804321728691475	30
648	0.6194477791116446	123
665	3.635054021608643	48
682	0.2352941176470588	44
699	0.5618247298919568	51
716	2.2521008403361344	44
733	1.190876350540216	64
750	0.8115246098439375	40
767	0.9747899159663864	38
784	1.2388955582232892	46
801	0.5714285714285714	30
818	1.4693877551020407	26
835	1.41656662665066	56
852	3.202881152460984	55
869	0.1728691476590636	38
886	2.0168067226890756	76
903	0.30732292917166865	34
920	0.6050420168067226	53
937	0.25930372148859543	40
954	1.637454981992797	44
971	1.056422569027611	48
988	0.8595438175270108	58
1005	0.9891956782713085	60
1022	0.1680672268907563	40
1039	1.1956782713085232	25
1056	1.253301320528211	46
1073	2.482593037214886	61
1090	0.87875150060024	31
1107	1.5174069627851139	55
1124	1.3877551020408159	42
1141	0.3841536614645858	39
1158	1.8583433373349336	44
1175	1.4405762304921967	39
1192	0.8259303721488594	52
1209	1.7527010804321728	43
1226	0.22569027611044418	52
1243	1.2340936374549818	40
1260	2.1224489795918364	34
1277	0.9699879951980792	30
1294	0.7490996398559424	44
1311	0.46578631452581026	46
1328	2.847539015606242	41
1345	0.5378151260504201	35
1362	1.133253301320528	47
1379	0.432172869147659	51
1396	0.5858343337334934	32
1413	2.458583433373349	45
1430	1.6758703481392556	42
1447	1.531812725090036	48
1464	0.9747899159663864	50
1481	1.0180072028811524	53
1498	1.2869147659063624	34
1515	1.1668667466986793	43
1532	1.8823529411764703	44
1549	0.2016806722689075	32
1566	0.7490996398559424	27
1583	0.7106842737094837	50
1600	0.2737094837935174	40
1617	0.3841536614645858	44
1634	0.10084033613445376	51
1651	1.4165666266506602	37
1668	0.8691476590636255	43
1685	0.489795918367347	22
1702	0.432172869147659	43
1719	1.2388955582232892	57
1736	2.3769507803121246	39
1753	1.2917166866746697	34
1770	1.4069627851140454	40
1787	0.10084033613445377	31
1804	0.5186074429771909	46
1821	1.1140456182472989	42
1838	1.2388955582232892	33
1855	0.4225690276110444	41
1872	0.2160864345738295	25
1889	0.7010804321728691	50
1906	0.4705882352941176	39
1923	0.2929171668667467	36
1940	0.19687875150060022	38
1957	1.8151260504201678	25
1974	1.3013205282112843	33
1991	2.1992797118847536	26
2008	0.8883553421368546	56

Run 3
2	0.0	11
19	0.7635054021608642	25
36	0.45138055222088835	47
53	0.0	49
70	0.4561824729891957	51
87	0.28331332533013204	31
104	0.5762304921968787	20
121	0.6722689075630252	31
138	0.3601440576230492	34
155	0.3745498199279712	26
172	0.8115246098439375	43
189	0.7923169267707083	63
206	2.02641056422569	41
223	0.7683073229291716	30
240	1.4405762304921967	29
257	2.0648259303721486	70
274	0.31212484993997597	30
291	0.33133253301320525	49
308	0.7923169267707083	66
325	0.2160864345738295	38
342	0.35054021608643454	42
359	1.5846338535414164	27
376	0.5906362545018007	35
393	1.4501800720288114	56
410	0.3265306122448979	13
427	1.21968787515006	21
444	1.2100840336134453	36
461	0.8259303721488594	55
478	0.9603841536614643	51
495	0.9939975990396159	62
512	0.80672268907563	16
529	0.7731092436974789	48
546	0.49459783913565425	44
563	0.3889555822328931	27
580	0.893157262905162	16
597	1.373349339735894	86
614	1.8103241296518604	30
631	0.8211284513805521	48
648	3.3709483793517405	58
665	0.3361344537815126	81
682	0.7010804321728691	49
699	2.876350540216086	53
716	0.35054021608643454	20
733	3.4573829531812725	46
750	0.29771908763505406	35
767	1.5174069627851137	43
784	0.7923169267707083	34
801	3.034813925570228	51
818	1.5462184873949578	34
835	0.0	64
852	3.8415366146458574	46
869	1.2917166866746699	24
886	0.3601440576230492	62
903	0.35054021608643454	32
920	0.701080432172869	93
937	0.9315726290516205	31
954	0.32653061224489793	71
971	0.864345738295318	37
988	1.2677070828331332	73
1005	0.283313325330132	41
1022	0.18247298919567828	41
1039	0.2064825930372149	40
1056	4.292917166866746	104
1073	1.8823529411764706	29
1090	0.7058823529411765	31
1107	0.8403361344537813	33
1124	2.9003601440576228	57
1141	3.4813925570228093	37
1158	2.521008403361345	66
1175	0.46578631452581026	44
1192	1.296518607442977	25
1209	0.5186074429771909	48
1226	0.6914765906362546	68
1243	0.7058823529411765	34
1260	0.3169267707082833	20
1277	1.9255702280912363	57
1294	0.9411764705882352	73
1311	0.6002400960384153	22
1328	1.5894357743097238	35
1345	0.5234093637454981	73
1362	3.0444177671068426	40
1379	0.5762304921968786	63
1396	0.7683073229291717	33
1413	1.2533013205282113	16
1430	0.23529411764705882	28
1447	1.205282112845138	41
1464	1.3973589435774307	31
1481	2.2424969987995196	53
1498	0.5474189675870348	35
1515	1.872749099639856	57
1532	1.9447779111644659	57
1549	0.6914765906362546	23
1566	0.460984393757503	111
1583	1.3349339735894357	78
1600	0.460984393757503	25
1617	1.2148859543817527	38
1634	1.354141656662665	89
1651	1.085234093637455	25
1668	0.12004801920768304	24
1685	2.9147659063625446	104
1702	1.1956782713085234	35
1719	0.7875150060024009	39
1736	0.6002400960384152	39
1753	2.5738295318127244	68
1770	0.37935174069627847	55
1787	0.460984393757503	19
1804	2.0216086434573826	25
1821	1.0228091236494599	45
1838	0.6386554621848739	54
1855	0.22088835534213683	29
1872	0.6578631452581032	38
1889	1.0756302521008403	52
1906	0.46578631452581026	58
1923	2.127250900360144	31
1940	0.09603841536614645	31
1957	0.31212484993997597	38
1974	1.4837935174069627	54
1991	1.0084033613445378	32
2008	1.997599039615846	32

Run 4
2	0.0	42
19	5.16206482593037	43
36	2.9963985594237696	65
53	0.8259303721488594	47
70	0.4993997599039615	44
87	3.2893157262905155	49
104	1.9399759903961584	53
121	0.7971188475390155	81
138	0.36974789915966383	39
155	0.5378151260504201	42
172	0.15846338535414162	61
189	3.380552220888355	50
206	1.4213685474189675	49
223	1.9687875150060024	61
240	2.324129651860744	47
257	3.1692677070828332	57
274	0.048019207683073224	55
291	3.0108043217286915	68
308	1.4405762304921967	40
325	2.3145258103241293	75
342	2.7611044417767103	51
359	1.7671068427370948	61
376	5.637454981992796	57
393	1.133253301320528	52
410	0.729891956782713	60
427	0.7875150060024009	63
444	2.482593037214886	30
461	1.9159663865546217	57
478	0.7779111644657862	65
495	0.7875150060024009	55
512	2.5402160864345733	70
529	0.27370948379351734	67
546	0.12965186074429771	48
563	1.7527010804321728	73
580	1.7719087635054023	39
597	2.1368547418967587	46
614	1.0372148859543817	66
631	0.7683073229291716	70
648	2.458583433373349	34
665	1.8151260504201678	55
682	3.2076830732292914	54
699	1.7430972388955581	43
716	1.5174069627851139	44
733	3.0252100840336134	40
750	0.4801920768307322	40
767	1.9015606242496996	53
784	2.276110444177671	51
801	0.5234093637454981	62
818	3.8223289315726285	58
835	1.0516206482593036	82
852	0.3841536614645858	67
869	1.5894357743097236	58
886	1.4789915966386553	45
903	2.396158463385354	69
920	1.1956782713085232	65
937	1.5462184873949578	71
954	5.848739495798319	73
971	2.789915966386555	49
988	1.339735894357743	53
1005	1.6998799519807921	62
1022	0.0	54
1039	1.5222088835534213	78
1056	0.5954381752701081	55
1073	1.8535414165666264	44
1090	1.9015606242496996	46
1107	0.5570228091236494	65
1124	2.012004801920768	47
1141	0.432172869147659	70
1158	0.9747899159663864	58
1175	0.9075630252100839	46
1192	2.252100840336134	52
1209	4.014405762304922	64
1226	2.7130852340936373	64
1243	2.276110444177671	65
1260	2.794717887154862	60
1277	2.8811524609843935	45
1294	2.0888355342136853	39
1311	0.30732292917166865	31
1328	1.5606242496998797	54
1345	0.06722689075630252	62
1362	0.18727490996398558	60
1379	1.1428571428571428	46
1396	0.8835534213685473	56
1413	1.397358943577431	39
1430	0.3217286914765906	82
1447	2.641056422569027	67
1464	0.9747899159663864	49
1481	1.1236494597839135	43
1498	0.8163265306122449	87
1515	2.1752701080432173	46
1532	1.9255702280912363	72
1549	2.3337334933973586	37
1566	0.5378151260504201	40
1583	0.864345738295318	49
1600	2.7178871548619448	56
1617	1.7911164465786313	59
1634	1.296518607442977	83
1651	2.007202881152461	55
1668	2.2857142857142856	74
1685	3.337334933973589	47
1702	0.2737094837935174	49
1719	1.666266506602641	51
1736	2.1944777911164466	39
1753	2.36734693877551	62
1770	0.3841536614645858	48
1787	2.1416566626650657	50
1804	1.0180072028811527	50
1821	2.6650660264105643	82
1838	0.8883553421368546	54
1855	0.5378151260504201	58
1872	1.4405762304921967	61
1889	1.5222088835534213	56
1906	1.2629051620648257	36
1923	2.0312124849939974	46
1940	2.1992797118847536	56
1957	1.4453781512605042	45
1974	2.021608643457383	70
1991	0.26410564225690275	71
2008	1.1860744297719088	64

Run 5
2	8.448979591836734	23
19	5.382953181272507	46
36	1.6230492196878752	37
53	0.1920768307322929	33
70	0.09123649459783913	39
87	2.8091236494597833	35
104	0.6098439375750299	30
121	0.21128451380552218	37
138	0.39375750300120044	30
155	0.729891956782713	23
172	1.4789915966386553	28
189	1.978391356542617	40
206	1.1812725090036011	23
223	0.6482593037214885	29
240	0.03841536614645858	26
257	0.5714285714285714	36
274	0.7971188475390155	33
291	0.6434573829531811	28
308	0.6818727490996398	20
325	0.3841536614645858	31
342	2.559423769507803	31
359	1.1092436974789917	51
376	0.2785114045618247	26
393	0.2160864345738295	27
410	0.09603841536614645	31
427	1.6806722689075628	37
444	2.012004801920768	28
461	3.414165666266506	53
478	0.6530612244897959	36
495	2.621848739495798	34
512	0.7010804321728691	25
529	0.07683073229291716	34
546	0.9987995198079233	31
563	0.9219687875150059	26
580	1.2100840336134453	32
597	1.2292917166866746	35
614	0.1872749099639856	31
631	1.2725090036014404	40
648	0.17767106842737093	23
665	0.21128451380552218	18
682	2.593037214885954	26
699	0.6722689075630252	29
716	0.6914765906362544	54
733	0.2160864345738295	30
750	0.8211284513805521	26
767	0.148859543817527	32
784	2.0216086434573826	37
801	0.5042016806722689	28
818	0.3457382953181272	32
835	1.7478991596638653	33
852	0.028811524609843937	44
869	0.06722689075630252	31
886	0.004801920768307323	43
903	0.6770708283313324	42
920	1.0228091236494596	33
937	0.6674669867947179	23
954	0.7539015606242496	67
971	0.4801920768307323	29
988	1.6038415366146457	43
1005	1.6422569027611043	120
1022	0.6722689075630252	26
1039	1.2244897959183674	45
1056	2.1608643457382946	40
1073	1.9063625450180073	21
1090	0.6962785114045618	51
1107	0.6866746698679471	37
1124	0.21128451380552218	32
1141	0.1728691476590636	28
1158	0.8019207683073228	42
1175	1.9495798319327728	54
1192	1.6470588235294117	27
1209	1.5510204081632653	46
1226	0.20168067226890754	30
1243	1.5126050420168067	32
1260	1.8199279711884753	40
1277	3.975990396158463	46
1294	1.728691476590636	44
1311	0.20168067226890754	24
1328	0.0	39
1345	0.0	29
1362	1.2292917166866746	32
1379	0.715486194477791	33
1396	1.1284513805522207	30
1413	1.6902761104441775	42
1430	0.9075630252100839	37
1447	0.3841536614645858	25
1464	0.0	25
1481	0.9171668667466986	28
1498	1.1380552220888356	33
1515	2.794717887154862	45
1532	1.4213685474189675	24
1549	0.39855942376950776	33
1566	1.82953181272509	37
1583	0.21128451380552218	32
1600	0.9651860744297719	32
1617	0.297719087635054	24
1634	1.2869147659063622	45
1651	0.6722689075630252	35
1668	0.9555822328931571	43
1685	1.3541416566626647	33
1702	1.1668667466986795	23
1719	2.9003601440576228	34
1736	2.204081632653061	46
1753	2.895558223289316	35
1770	0.2160864345738295	36
1787	1.4597839135654258	42
1804	0.4273709483793517	22
1821	1.5702280912364943	35
1838	1.3733493397358942	45
1855	0.6386554621848739	30
1872	2.713085234093637	38
1889	1.1956782713085232	27
1906	0.11044417767106841	26
1923	0.03841536614645858	72
1940	0.3745498199279712	37
1957	1.1236494597839135	44
1974	0.3841536614645858	35
1991	1.8775510204081634	24
2008	0.8019207683073228	26

Run 6
2	2.9387755102040813	8
19	1.3685474189675868	19
36	0.28811524609843936	14
53	1.623049219687875	23
70	1.162064825930372	29
87	0.22569027611044418	22
104	2.17046818727491	22
121	1.5414165666266504	18
138	0.5618247298919568	11
155	1.6902761104441775	28
172	1.368547418967587	44
189	1.2196878751500597	35
206	0.6434573829531812	17
223	3.409363745498199	32
240	4.148859543817527	47
257	1.0996398559423768	20
274	2.2088835534213684	26
291	0.5042016806722689	40
308	2.9339735894357744	42
325	3.611044417767107	33
342	6.093637454981992	89
359	0.8307322929171668	31
376	1.7382953181272507	19
393	1.6374549819927968	23
410	1.5126050420168067	29
427	2.885954381752701	29
444	0.979591836734694	24
461	0.15366146458583432	43
478	1.4789915966386553	11
495	1.9495798319327728	72
512	2.0744297719087634	17
529	1.9111644657863143	45
546	0.24489795918367344	15
563	1.1956782713085234	34
580	0.5186074429771909	14
597	1.9879951980792314	13
614	1.9543817527010803	25
631	5.363745498199279	100
648	1.3013205282112843	20
665	1.1524609843937572	15
682	1.5558223289315725	59
699	0.0	27
716	0.01920768307322929	16
733	2.5018007202881147	31
750	1.5558223289315725	12
767	3.8463385354141657	48
784	1.7190876350540214	51
801	1.6470588235294115	29
818	0.8739495798319328	8
835	0.06242496998799519	25
852	3.918367346938776	55
869	0.3649459783913565	26
886	2.7226890756302518	35
903	1.8199279711884753	15
920	1.4357743097238893	47
937	3.65906362545018	55
954	2.4297719087635046	34
971	2.016806722689075	18
988	0.48979591836734687	38
1005	0.24489795918367344	51
1022	1.3685474189675868	14
1039	3.068427370948379	64
1056	2.050420168067227	15
1073	1.82953181272509	53
1090	0.25930372148859543	11
1107	1.9255702280912363	35
1124	0.39375750300120044	27
1141	1.133253301320528	17
1158	1.9255702280912363	20
1175	0.7346938775510203	24
1192	2.2713085234093637	33
1209	0.8403361344537814	12
1226	1.3397358943577429	31
1243	0.8211284513805521	19
1260	1.6902761104441775	31
1277	2.8523409363745493	27
1294	2.036014405762305	47
1311	1.7238895558223288	15
1328	2.6698679471788713	23
1345	0.715486194477791	19
1362	1.6902761104441775	18
1379	1.6998799519807921	27
1396	1.6710684273709482	16
1413	3.8991596638655457	56
1430	3.126050420168067	25
1447	1.7959183673469388	43
1464	2.1416566626650657	19
1481	0.13445378151260504	43
1498	2.2665066026410563	18
1515	3.068427370948379	25
1532	0.4513805522208883	30
1549	1.3061224489795917	43
1566	0.04801920768307323	72
1583	0.5858343337334934	46
1600	1.4549819927971186	28
1617	2.247298919567827	35
1634	2.7178871548619448	35
1651	1.387755102040816	76
1668	1.4693877551020407	8
1685	0.25930372148859543	54
1702	1.8535414165666264	34
1719	0.35534213685474186	16
1736	0.17767106842737093	18
1753	1.5318127250900357	18
1770	0.0	8
1787	1.2292917166866746	37
1804	1.013205282112845	20
1821	1.503001200480192	50
1838	2.2280912364945977	23
1855	1.2004801920768307	28
1872	1.5078031212484992	20
1889	1.3253301320528212	11
1906	2.007202881152461	18
1923	2.0888355342136853	42
1940	1.2725090036014404	36
1957	0.0	18
1974	1.3733493397358942	38
1991	0.057623049219687875	9
2008	0.0432172869147659	53

Run 7
2	0.0	29
19	4.571428571428572	71
36	0.9363745498199281	91
53	1.4021608643457382	49
70	0.0	64
87	1.387755102040816	112
104	0.40816326530612246	53
121	0.31692677070828335	73
138	0.09603841536614645	4
155	0.09603841536614645	53
172	0.5618247298919568	9
189	1.9207683073229291	57
206	0.7923169267707083	73
223	2.607442977190876	49
240	0.297719087635054	61
257	1.6758703481392554	63
274	0.6962785114045618	90
291	0.07683073229291716	37
308	2.372148859543817	67
325	0.009603841536614645	73
342	0.0	3
359	0.24969987995198076	52
376	0.0	20
393	3.6254501800720287	52
410	0.21128451380552218	61
427	0.729891956782713	53
444	0.40816326530612246	63
461	1.3829531812725089	93
478	2.213685474189676	46
495	0.4033613445378151	109
512	0.6482593037214885	55
529	0.8691476590636253	24
546	0.0	67
563	0.2304921968787515	43
580	3.0780312124849933	72
597	1.728691476590636	44
614	1.2581032412965185	67
631	0.09603841536614646	6
648	0.11524609843937575	81
665	0.0	56
682	0.48979591836734687	45
699	0.21128451380552218	40
716	4.542617046818727	85
733	0.9027611044417767	97
750	0.5186074429771909	115
767	3.9327731092436977	67
784	0.460984393757503	21
801	2.693877551020408	64
818	0.8451380552220887	50
835	1.9303721488595438	85
852	0.432172869147659	46
869	1.4405762304921967	59
886	0.3745498199279712	61
903	0.01920768307322929	25
920	1.4405762304921967	58
937	1.9543817527010803	37
954	0.048019207683073224	65
971	1.4981992797118846	60
988	1.3493397358943577	52
1005	1.1140456182472989	58
1022	0.25930372148859543	9
1039	0.3889555822328931	61
1056	0.9075630252100839	63
1073	0.06242496998799519	5
1090	0.8499399759903961	61
1107	0.01920768307322929	20
1124	1.2244897959183674	52
1141	0.0432172869147659	21
1158	1.1812725090036014	54
1175	1.5222088835534213	54
1192	0.0	64
1209	0.5474189675870348	61
1226	0.0	12
1243	0.24969987995198076	48
1260	1.1668667466986793	50
1277	0.6914765906362544	52
1294	0.3841536614645858	53
1311	1.0180072028811524	72
1328	0.5042016806722688	49
1345	0.42737094837935174	19
1362	0.595438175270108	21
1379	0.6722689075630253	18
1396	0.0432172869147659	5
1413	0.5714285714285714	51
1430	0.9651860744297719	121
1447	0.2400960384153661	52
1464	2.3097238895558223	42
1481	0.6290516206482594	45
1498	2.5210084033613445	36
1515	0.6914765906362544	65
1532	2.1080432172869146	47
1549	0.581032412965186	61
1566	0.2160864345738295	55
1583	0.8451380552220888	25
1600	2.3625450180072023	60
1617	3.995198079231693	72
1634	1.2581032412965185	99
1651	0.7683073229291716	61
1668	3.2316926770708285	116
1685	4.75390156062425	65
1702	1.459783913565426	53
1719	1.843937575030012	116
1736	1.0804321728691475	62
1753	0.921968787515006	62
1770	4.096038415366146	54
1787	0.16326530612244897	57
1804	0.2160864345738295	38
1821	0.048019207683073224	33
1838	0.004801920768307323	6
1855	1.3157262905162064	55
1872	0.21128451380552218	87
1889	0.09603841536614646	26
1906	0.03841536614645858	30
1923	0.07683073229291716	63
1940	0.40816326530612246	57
1957	3.8079231692677062	58
1974	0.0	53
1991	3.1692677070828332	35
2008	0.460984393757503	93

Run 8
2	0.6122448979591836	15
19	3.663865546218487	26
36	0.5282112845138054	22
53	0.15366146458583432	26
70	1.0372148859543817	16
87	0.864345738295318	18
104	0.4561824729891957	12
121	0.10084033613445377	14
138	0.057623049219687875	13
155	0.1680672268907563	8
172	0.12484993997599038	11
189	0.0	7
206	0.460984393757503	10
223	0.30732292917166865	16
240	0.3457382953181272	8
257	0.057623049219687875	15
274	0.024009603841536612	21
291	0.014405762304921969	16
308	0.11044417767106841	23
325	0.03841536614645858	2
342	0.581032412965186	10
359	0.0	13
376	0.11524609843937575	8
393	0.057623049219687875	17
410	0.0	10
427	0.9507803121248498	14
444	0.01920768307322929	35
461	0.0864345738295318	13
478	0.057623049219687875	8
495	0.2929171668667467	12
512	0.3217286914765906	6
529	0.7539015606242495	19
546	0.32653061224489793	12
563	0.0864345738295318	20
580	1.5990396158463385	32
597	0.22569027611044418	17
614	0.1728691476590636	4
631	0.0432172869147659	14
648	0.6050420168067226	7
665	0.057623049219687875	10
682	0.6050420168067226	17
699	0.4225690276110444	14
716	0.01920768307322929	13
733	0.3217286914765906	15
750	0.01920768307322929	12
767	0.3889555822328931	9
784	0.18727490996398558	9
801	0.0432172869147659	19
818	0.2304921968787515	14
835	0.0	43
852	0.39855942376950776	12
869	0.5762304921968786	8
886	0.0	13
903	0.31692677070828323	14
920	0.3457382953181272	8
937	0.148859543817527	4
954	0.48979591836734687	13
971	0.864345738295318	20
988	0.0	3
1005	1.3829531812725089	14
1022	0.0	5
1039	0.15366146458583432	7
1056	0.4993997599039615	70
1073	0.17767106842737093	28
1090	0.009603841536614645	9
1107	0.0624249699879952	3
1124	0.39375750300120044	10
1141	0.39855942376950776	22
1158	0.30732292917166865	34
1175	0.9555822328931571	20
1192	0.15366146458583432	13
1209	0.07202881152460984	13
1226	0.009603841536614645	3
1243	0.13445378151260504	15
1260	0.01920768307322929	14
1277	0.028811524609843934	5
1294	0.10564225690276109	12
1311	0.15366146458583432	18
1328	0.052821128451380546	14
1345	0.12965186074429771	31
1362	0.0	15
1379	0.028811524609843937	12
1396	0.01920768307322929	23
1413	0.297719087635054	10
1430	0.9939975990396157	11
1447	0.12965186074429771	8
1464	0.5618247298919568	31
1481	0.048019207683073224	9
1498	0.2160864345738295	27
1515	0.7539015606242496	37
1532	0.07683073229291716	11
1549	0.1728691476590636	3
1566	0.11524609843937574	15
1583	0.13925570228091236	12
1600	0.11524609843937575	11
1617	0.18727490996398558	8
1634	0.3217286914765906	12
1651	0.01920768307322929	6
1668	0.0	50
1685	0.80672268907563	9
1702	0.09603841536614645	11
1719	0.148859543817527	23
1736	0.024009603841536616	11
1753	0.5618247298919568	14
1770	0.01920768307322929	17
1787	0.13445378151260504	13
1804	0.40336134453781514	15
1821	0.16326530612244894	14
1838	0.36974789915966383	16
1855	0.009603841536614645	10
1872	0.057623049219687875	12
1889	0.03841536614645858	7
1906	0.3457382953181272	8
1923	0.0	53
1940	0.2400960384153661	13
1957	0.12965186074429771	11
1974	0.0	8
1991	0.5378151260504201	27
2008	0.5186074429771909	9

Run 9
2	3.4285714285714284	21
19	9.301320528211285	63
36	1.1236494597839135	78
53	2.847539015606242	81
70	4.7250900360144055	75
87	3.8319327731092434	54
104	3.8271308523409355	73
121	1.402160864345738	78
138	3.5630252100840334	80
155	0.864345738295318	59
172	0.8451380552220887	95
189	3.126050420168067	62
206	5.315726290516206	75
223	2.290516206482593	112
240	1.162064825930372	72
257	3.9375750300120047	72
274	1.3829531812725089	82
291	1.5462184873949578	83
308	2.2328931572629047	69
325	2.70828331332533	85
342	3.745498199279712	67
359	2.1656662665066024	61
376	1.9591836734693875	61
393	7.126050420168067	76
410	2.6650660264105643	87
427	3.1596638655462184	90
444	1.459783913565426	70
461	2.0168067226890756	63
478	6.333733493397357	79
495	2.828331332533013	68
512	0.5522208883553421	79
529	2.232893157262905	68
546	2.4681872749099636	73
563	3.721488595438175	65
580	0.18247298919567825	64
597	1.714285714285714	76
614	0.6194477791116446	85
631	1.7094837935174068	68
648	3.4333733493397354	73
665	0.1920768307322929	87
682	2.3529411764705883	64
699	2.1656662665066024	83
716	1.8007202881152458	70
733	4.605042016806722	75
750	2.031212484993997	75
767	1.0948379351740696	62
784	2.0696278511404564	87
801	0.09123649459783913	81
818	1.3925570228091235	76
835	4.216086434573829	70
852	4.019207683073228	84
869	3.2605042016806722	68
886	4.821128451380552	73
903	2.818727490996398	53
920	1.7046818727490995	57
937	5.997599039615846	72
954	5.243697478991597	84
971	1.1524609843937574	63
988	0.7106842737094837	67
1005	4.441776710684273	94
1022	3.65906362545018	78
1039	1.8679471788715483	62
1056	4.744297719087634	61
1073	0.4993997599039615	69
1090	3.8703481392557015	118
1107	1.983193277310924	74
1124	4.561824729891957	71
1141	2.3529411764705883	82
1158	2.8523409363745493	69
1175	0.7875150060024009	70
1192	1.8343337334933971	107
1209	5.358943577430972	89
1226	1.8055222088835534	87
1243	1.6710684273709482	80
1260	4.297719087635054	98
1277	0.3025210084033613	62
1294	1.565426170468187	82
1311	3.039615846338535	76
1328	4.643457382953181	68
1345	3.966386554621848	72
1362	3.913565426170468	84
1379	2.6554621848739495	83
1396	0.8979591836734694	52
1413	2.4921968787515008	73
1430	0.46098439375750294	61
1447	0.8259303721488596	60
1464	3.937575030012004	78
1481	1.6758703481392554	78
1498	0.14405762304921965	59
1515	5.34453781512605	61
1532	1.9351740696278508	87
1549	4.403361344537815	66
1566	1.0372148859543817	72
1583	3.3565426170468187	63
1600	3.298919567827131	82
1617	4.576230492196878	67
1634	0.3313325330132053	60
1651	2.4921968787515003	61
1668	1.82953181272509	73
1685	1.430972388955582	77
1702	1.5366146458583432	80
1719	4.331332533013204	72
1736	2.1512605042016806	82
1753	7.04921968787515	82
1770	3.37094837935174	75
1787	3.726290516206482	88
1804	3.039615846338535	59
1821	0.0	69
1838	1.8055222088835534	87
1855	4.614645858343337	64
1872	2.1560624249699876	70
1889	2.727490996398559	69
1906	1.9303721488595438	78
1923	0.979591836734694	73
1940	1.1092436974789914	69
1957	3.0348139255702278	69
1974	0.0	68
1991	2.857142857142857	74
2008	1.1668667466986793	59

Run 10
2	1.9591836734693877	17
19	2.929171668667467	41
36	0.998799519807923	63
53	0.9603841536614643	21
70	0.6050420168067226	48
87	0.8307322929171667	37
104	1.3157262905162064	37
121	0.7779111644657862	31
138	1.5702280912364945	37
155	0.7106842737094837	45
172	0.0864345738295318	16
189	0.004801920768307323	32
206	0.4033613445378151	39
223	0.3409363745498199	25
240	1.728691476590636	48
257	2.0840336134453783	43
274	0.8163265306122449	50
291	0.7106842737094837	46
308	0.7875150060024009	52
325	0.7346938775510203	36
342	1.1668667466986795	47
359	0.16326530612244894	42
376	0.2929171668667467	31
393	0.014405762304921969	37
410	1.5174069627851139	43
427	1.48859543817527	42
444	1.5030012004801918	40
461	0.12965186074429771	51
478	0.6242496998799519	42
495	1.354141656662665	44
512	0.9939975990396157	28
529	2.660264105642257	46
546	0.6818727490996398	42
563	0.1728691476590636	16
580	0.7346938775510203	46
597	0.2352941176470588	11
614	0.6050420168067226	55
631	0.1728691476590636	39
648	0.432172869147659	48
665	1.0804321728691475	42
682	0.2304921968787515	39
699	1.3349339735894357	19
716	0.3889555822328931	18
733	1.3301320528211285	27
750	0.2545018007202881	34
767	0.9507803121248498	22
784	0.0	40
801	0.33133253301320525	56
818	0.7827130852340937	27
835	1.1956782713085234	25
852	0.9603841536614646	50
869	0.6050420168067226	18
886	0.3025210084033613	28
903	0.60984393757503	34
920	0.44177671068427365	51
937	0.5234093637454982	23
954	0.17767106842737093	48
971	1.0804321728691475	39
988	0.35534213685474186	28
1005	0.25930372148859543	32
1022	0.23049219687875147	35
1039	0.8595438175270108	35
1056	1.1140456182472989	38
1073	0.5954381752701081	41
1090	0.12004801920768307	45
1107	0.5186074429771909	24
1124	1.8151260504201678	22
1141	1.0516206482593038	38
1158	0.5618247298919568	32
1175	0.06722689075630252	32
1192	0.3409363745498199	75
1209	0.30732292917166865	47
1226	0.4801920768307322	57
1243	0.3217286914765906	38
1260	0.3361344537815126	37
1277	1.2773109243697478	32
1294	0.0	39
1311	0.9075630252100839	44
1328	1.594237695078031	36
1345	1.7382953181272511	48
1362	0.3601440576230492	37
1379	0.7250900360144058	34
1396	0.5570228091236494	36
1413	0.3121248499399759	22
1430	0.0624249699879952	37
1447	1.1140456182472989	46
1464	3.414165666266506	30
1481	0.8643457382953181	43
1498	2.324129651860744	45
1515	0.5570228091236494	27
1532	0.9939975990396157	34
1549	1.738295318127251	33
1566	0.0	32
1583	1.9399759903961584	45
1600	0.24969987995198076	40
1617	0.15366146458583432	29
1634	0.4705882352941176	45
1651	0.057623049219687875	23
1668	0.9699879951980792	31
1685	0.12965186074429771	54
1702	0.9123649459783914	25
1719	2.3337334933973586	38
1736	0.12965186074429771	35
1753	0.595438175270108	32
1770	1.4069627851140454	25
1787	0.30732292917166865	20
1804	0.4129651860744298	17
1821	0.0	27
1838	0.004801920768307323	30
1855	0.45138055222088835	39
1872	1.0372148859543817	33
1889	0.12484993997599038	17
1906	0.12965186074429771	52
1923	0.49459783913565425	21
1940	1.0180072028811524	28
1957	0.8835534213685472	60
1974	1.8199279711884753	52
1991	3.063625450180072	35
2008	0.21128451380552218	34

Run 11
2	5.877551020408163	35
19	3.510204081632653	39
36	1.07563025210084	40
53	0.8403361344537814	57
70	0.1728691476590636	78
87	0.6866746698679471	50
104	0.3649459783913565	41
121	2.593037214885954	47
138	2.4489795918367347	62
155	0.9075630252100839	44
172	0.4129651860744297	57
189	3.4621848739495795	58
206	0.2448979591836735	44
223	1.9207683073229287	51
240	0.2160864345738295	38
257	1.6950780312124847	71
274	2.5402160864345738	72
291	1.1092436974789914	47
308	1.2436974789915964	36
325	0.39855942376950776	54
342	0.5762304921968787	40
359	1.82953181272509	38
376	0.5762304921968787	44
393	0.0	33
410	1.1716686674669867	59
427	2.1512605042016806	40
444	0.28811524609843936	46
461	1.7959183673469385	57
478	0.6770708283313325	66
495	0.0	49
512	0.25930372148859543	46
529	2.7322929171668666	52
546	0.979591836734694	51
563	0.7971188475390155	89
580	0.7875150060024008	37
597	1.503001200480192	45
614	2.2328931572629047	55
631	2.881152460984393	68
648	0.864345738295318	62
665	1.8055222088835534	46
682	2.506602641056422	49
699	0.5186074429771909	50
716	0.08163265306122448	44
733	3.49579831932773	42
750	0.9699879951980792	47
767	1.7815126050420167	54
784	1.771908763505402	37
801	2.0648259303721486	56
818	2.665066026410564	32
835	1.7334933973589435	49
852	0.6482593037214885	46
869	0.6098439375750299	63
886	2.036014405762305	53
903	0.7971188475390155	41
920	0.8307322929171668	39
937	1.1524609843937572	45
954	0.0	53
971	1.9495798319327733	45
988	0.0	45
1005	0.09603841536614645	53
1022	1.3685474189675868	50
1039	3.188475390156062	53
1056	2.607442977190876	41
1073	1.430972388955582	44
1090	0.6338535414165665	52
1107	1.8679471788715485	43
1124	1.0804321728691475	40
1141	1.4453781512605042	52
1158	0.9315726290516206	60
1175	1.4645858343337335	53
1192	0.9171668667466986	43
1209	1.5846338535414162	35
1226	4.014405762304922	51
1243	0.5714285714285714	49
1260	0.08163265306122448	45
1277	2.818727490996398	43
1294	0.0	51
1311	0.3217286914765906	45
1328	0.15366146458583432	78
1345	1.2292917166866746	59
1362	2.7515006002400955	53
1379	2.3433373349339734	57
1396	1.1668667466986793	48
1413	1.9735894357743096	45
1430	1.0324129651860743	53
1447	2.0168067226890756	56
1464	0.8595438175270108	66
1481	1.8775510204081631	45
1498	2.2617046818727484	40
1515	3.2076830732292914	59
1532	0.5138055222088835	80
1549	0.0	63
1566	0.6674669867947178	48
1583	1.963985594237695	59
1600	0.6338535414165665	46
1617	1.0612244897959182	37
1634	2.6938775510204076	32
1651	3.039615846338535	73
1668	2.7322929171668666	49
1685	0.3841536614645858	41
1702	1.133253301320528	46
1719	0.6338535414165666	39
1736	2.876350540216086	46
1753	0.5570228091236494	46
1770	1.339735894357743	45
1787	0.715486194477791	35
1804	0.7971188475390156	65
1821	1.296518607442977	60
1838	2.280912364945978	42
1855	2.108043217286915	33
1872	1.5990396158463385	37
1889	3.1740696278511398	55
1906	3.332533013205282	43
1923	0.936374549819928	56
1940	3.030012004801921	47
1957	0.7731092436974789	45
1974	1.4981992797118846	78
1991	2.1560624249699876	54
2008	1.3829531812725089	49

Run 12
2	2.36734693877551	14
19	1.863145258103241	40
36	5.080432172869147	69
53	5.109243697478991	54
70	5.771908763505401	59
87	7.250900360144057	61
104	2.7178871548619448	44
121	5.963985594237695	49
138	4.355342136854741	35
155	6.021608643457382	52
172	6.007202881152459	79
189	3.1644657863145254	55
206	3.2076830732292914	69
223	4.989195678271308	49
240	5.358943577430971	45
257	3.932773109243697	33
274	3.591836734693877	55
291	3.111644657863145	49
308	2.9435774309723888	31
325	8.993997599039615	43
342	3.030012004801921	47
359	4.240096038415366	56
376	2.9963985594237696	39
393	3.414165666266506	49
410	5.450180072028811	51
427	4.398559423769508	43
444	5.118847539015606	42
461	4.110444177671068	28
478	2.5018007202881147	52
495	2.4873949579831933	55
512	3.524609843937574	51
529	3.1308523409363747	80
546	5.507803121248499	50
563	6.905162064825929	51
580	5.402160864345738	37
597	1.7815126050420167	61
614	4.9603841536614635	56
631	1.963985594237695	76
648	4.355342136854741	43
665	6.228091236494598	57
682	3.7454981992797114	48
699	7.356542617046818	50
716	2.5114045618247296	34
733	3.990396158463385	33
750	3.7887154861944765	50
767	2.5546218487394956	46
784	3.548619447779112	47
801	6.007202881152461	41
818	3.0828331332533008	49
835	4.177671068427371	45
852	3.6734693877551017	37
869	4.144057623049219	43
886	1.8775510204081631	45
903	7.481392557022808	36
920	0.5858343337334934	25
937	2.751500600240096	60
954	4.172869147659064	66
971	7.073229291716687	49
988	2.554621848739495	48
1005	7.207683073229291	89
1022	6.146458583433373	53
1039	3.0588235294117645	34
1056	7.5294117647058805	63
1073	5.406962785114045	35
1090	5.59423769507803	26
1107	3.975990396158463	34
1124	4.2304921968787506	59
1141	4.648259303721488	42
1158	7.3373349339735885	42
1175	4.51860744297719	35
1192	2.4441776710684273	54
1209	7.308523409363746	63
1226	7.255702280912363	51
1243	4.0480192076830726	51
1260	4.235294117647059	59
1277	4.139255702280913	50
1294	1.8391356542617046	36
1311	3.6254501800720282	24
1328	5.719087635054021	49
1345	5.608643457382953	40
1362	4.744297719087634	42
1379	4.696278511404562	57
1396	4.614645858343336	63
1413	5.258103241296518	47
1430	0.9891956782713085	54
1447	5.152460984393757	67
1464	1.6038415366146457	37
1481	2.146458583433373	50
1498	1.9399759903961584	31
1515	4.05282112845138	38
1532	4.32172869147659	44
1549	4.456182472989195	33
1566	5.570228091236494	40
1583	3.6878751500600235	69
1600	4.845138055222089	56
1617	3.9423769507803117	59
1634	6.837935174069626	50
1651	4.7683073229291715	36
1668	4.158463385354141	47
1685	1.637454981992797	44
1702	8.081632653061222	48
1719	2.036014405762305	41
1736	4.292917166866747	63
1753	5.776710684273709	49
1770	9.214885954381751	57
1787	2.5882352941176467	60
1804	4.32172869147659	40
1821	2.535414165666266	52
1838	4.374549819927971	46
1855	5.190876350540216	39
1872	3.8079231692677062	44
1889	9.190876350540217	46
1906	2.472989195678271	40
1923	3.4669867947178865	34
1940	5.397358943577431	44
1957	3.097238895558223	55
1974	7.202881152460983	61
1991	0.9939975990396157	43
2008	3.884753901560624	48

Run 13
2	3.7551020408163263	29
19	5.248499399759903	53
36	1.027611044417767	40
53	1.4261704681872747	43
70	0.12965186074429771	34
87	1.6758703481392554	29
104	1.9927971188475386	38
121	1.2484993997599039	65
138	1.1236494597839135	35
155	0.18247298919567825	29
172	3.375750300120048	48
189	0.9987995198079233	35
206	0.729891956782713	42
223	0.2881152460984393	30
240	0.03361344537815126	34
257	0.28811524609843936	43
274	0.08163265306122448	32
291	0.0	33
308	2.036014405762305	45
325	0.057623049219687875	26
342	0.0432172869147659	29
359	1.2436974789915964	36
376	0.5186074429771909	30
393	2.1176470588235294	37
410	1.0660264105642256	33
427	0.6146458583433372	43
444	0.9267707082833132	33
461	0.25930372148859543	26
478	0.7106842737094837	64
495	0.10084033613445377	43
512	0.3649459783913565	55
529	3.5006002400960377	47
546	0.7827130852340936	25
563	1.75750300120048	51
580	1.282112845138055	37
597	1.3925570228091235	45
614	0.9891956782713085	33
631	1.1332533013205282	40
648	0.10564225690276109	42
665	1.2100840336134453	30
682	1.8391356542617046	62
699	0.1728691476590636	47
716	1.2292917166866744	55
733	0.9171668667466986	19
750	1.1236494597839135	25
767	0.864345738295318	39
784	1.1524609843937574	39
801	1.1524609843937572	43
818	0.6626650660264105	51
835	0.3841536614645858	33
852	0.0	64
869	1.1860744297719088	22
886	1.354141656662665	34
903	1.277310924369748	29
920	0.7635054021608643	33
937	0.7346938775510203	58
954	1.5222088835534213	41
971	1.1764705882352942	47
988	0.10084033613445377	31
1005	1.6182472989195678	37
1022	0.3649459783913565	25
1039	1.666266506602641	47
1056	1.5414165666266504	37
1073	0.3313325330132053	60
1090	0.46578631452581026	29
1107	1.6134453781512603	21
1124	1.339735894357743	29
1141	0.39855942376950776	25
1158	2.338535414165666	38
1175	2.1176470588235294	36
1192	1.1860744297719086	48
1209	1.3205282112845136	47
1226	1.3349339735894359	53
1243	0.5234093637454981	28
1260	0.8115246098439375	35
1277	1.5894357743097236	53
1294	1.0660264105642256	33
1311	1.3349339735894357	35
1328	1.5750300120048017	47
1345	1.2677070828331332	47
1362	2.4441776710684273	42
1379	0.09603841536614645	37
1396	0.42737094837935163	42
1413	0.864345738295318	32
1430	0.1920768307322929	37
1447	0.7923169267707083	48
1464	1.6278511404561822	73
1481	1.8103241296518604	52
1498	1.9879951980792314	50
1515	0.19687875150060025	21
1532	1.2388955582232892	44
1549	0.38895558223289317	14
1566	2.78031212484994	32
1583	5.186074429771908	97
1600	1.1716686674669867	32
1617	1.5030012004801918	40
1634	0.8739495798319327	49
1651	1.8151260504201678	33
1668	1.4213685474189675	55
1685	0.2064825930372149	26
1702	0.297719087635054	35
1719	1.5222088835534213	54
1736	0.12484993997599038	50
1753	0.2352941176470588	23
1770	0.7875150060024009	28
1787	0.46578631452581026	40
1804	1.1860744297719086	33
1821	0.921968787515006	36
1838	1.9831932773109244	45
1855	0.23049219687875147	40
1872	0.0	23
1889	2.1848739495798313	34
1906	0.25930372148859543	21
1923	0.3025210084033613	33
1940	0.13445378151260504	27
1957	2.8091236494597838	42
1974	0.7779111644657862	43
1991	2.1032412965186076	39
2008	1.6614645858343335	50

Run 14
2	2.6122448979591835	16
19	1.325330132052821	19
36	2.0888355342136853	70
53	1.0756302521008403	31
70	0.5522208883553422	33
87	3.380552220888355	64
104	0.4033613445378151	7
121	0.2737094837935174	11
138	1.1764705882352942	22
155	0.6050420168067226	9
172	0.31212484993997597	11
189	1.1092436974789917	13
206	2.593037214885954	28
223	0.057623049219687875	3
240	2.569027611044418	46
257	0.7635054021608642	44
274	0.2208883553421368	5
291	0.14405762304921968	8
308	0.7779111644657862	32
325	3.130852340936374	31
342	2.530612244897959	36
359	3.31812725090036	37
376	1.1668667466986793	43
393	0.1248499399759904	4
410	0.8883553421368546	34
427	0.9747899159663864	19
444	2.665066026410564	40
461	0.6146458583433374	24
478	2.352941176470588	31
495	0.6338535414165667	53
512	2.1992797118847536	32
529	1.1668667466986793	70
546	1.0996398559423768	29
563	2.8523409363745498	61
580	1.6998799519807921	37
597	0.2929171668667467	8
614	1.027611044417767	41
631	1.5654261704681873	27
648	0.7202881152460984	29
665	1.6614645858343335	48
682	2.7226890756302518	47
699	0.984393757503001	30
716	1.7046818727490998	37
733	2.069627851140456	42
750	0.009603841536614645	11
767	1.5894357743097238	56
784	2.597839135654261	50
801	1.517406962785114	37
818	0.40816326530612246	8
835	1.253301320528211	27
852	1.2388955582232892	31
869	1.6518607442977193	39
886	0.864345738295318	41
903	3.126050420168067	39
920	0.6674669867947178	42
937	2.0552220888355337	44
954	0.8259303721488594	47
971	2.0360144057623053	46
988	1.4261704681872747	23
1005	0.15366146458583432	11
1022	2.237695078031212	33
1039	2.4681872749099636	28
1056	2.751500600240096	35
1073	2.213685474189676	37
1090	0.028811524609843937	18
1107	3.178871548619447	22
1124	3.1884753901560616	51
1141	1.4789915966386555	40
1158	2.7178871548619443	35
1175	2.487394957983193	38
1192	2.9771908763505395	46
1209	0.5330132052821128	11
1226	1.3205282112845134	55
1243	2.588235294117647	34
1260	1.4453781512605042	47
1277	0.39855942376950776	42
1294	0.052821128451380546	5
1311	2.02641056422569	26
1328	0.5570228091236494	23
1345	0.4849939975990396	6
1362	1.8487394957983192	19
1379	1.7623049219687874	45
1396	2.957983193277311	36
1413	2.0168067226890756	43
1430	3.6302521008403357	39
1447	1.5366146458583432	34
1464	2.8715486194477786	48
1481	2.929171668667467	38
1498	0.15366146458583432	7
1515	0.148859543817527	4
1532	0.3649459783913565	22
1549	0.3841536614645858	5
1566	5.853541416566625	47
1583	0.9507803121248498	14
1600	0.4129651860744298	28
1617	1.8199279711884753	31
1634	1.2917166866746699	37
1651	2.060024009603841	35
1668	2.2953181272509	35
1685	1.3349339735894354	37
1702	1.2196878751500597	27
1719	2.1080432172869146	45
1736	1.6998799519807921	34
1753	2.6026410564225686	35
1770	0.28331332533013204	12
1787	0.4753901560624249	23
1804	1.5126050420168067	31
1821	1.2340936374549818	31
1838	0.8019207683073231	32
1855	1.2533013205282113	43
1872	3.4237695078031205	33
1889	3.539015606242497	55
1906	1.8967587034813926	39
1923	1.5894357743097236	50
1940	3.8559423769507797	52
1957	6.612244897959183	52
1974	0.10084033613445376	14
1991	2.5354141656662663	36
2008	0.22569027611044415	11

Run 15
2	0.0	24
19	6.17046818727491	50
36	1.3397358943577429	59
53	0.1728691476590636	34
70	1.3157262905162064	36
87	0.3025210084033613	29
104	1.118847539015606	53
121	1.2148859543817525	65
138	1.3349339735894357	28
155	1.2148859543817527	31
172	2.569027611044418	86
189	2.415366146458583	42
206	0.5234093637454981	26
223	0.0432172869147659	52
240	5.05642256902761	49
257	0.0	34
274	0.15366146458583432	50
291	2.141656662665066	54
308	0.19687875150060022	42
325	0.10564225690276109	17
342	0.3073229291716687	21
359	1.2581032412965185	63
376	0.2160864345738295	40
393	0.1728691476590636	32
410	0.1728691476590636	59
427	2.4681872749099636	84
444	0.3793517406962785	41
461	0.49459783913565425	50
478	0.9075630252100839	36
495	0.11044417767106841	29
512	1.565426170468187	38
529	1.0180072028811527	27
546	0.6434573829531811	50
563	2.785114045618247	44
580	0.9795918367346937	54
597	2.276110444177671	47
614	0.0432172869147659	68
631	0.893157262905162	40
648	3.5294117647058822	71
665	1.9447779111644659	74
682	0.10084033613445377	26
699	1.1284513805522207	29
716	1.579831932773109	60
733	2.24249699879952	56
750	0.11524609843937575	36
767	0.0	21
784	3.0924369747899156	46
801	0.26410564225690275	42
818	0.5714285714285714	53
835	0.0	28
852	1.503001200480192	44
869	1.9111644657863143	63
886	2.972388955582233	45
903	2.0744297719087634	37
920	0.07202881152460984	49
937	0.595438175270108	43
954	2.175270108043217	64
971	1.133253301320528	50
988	0.38415366146458585	44
1005	1.042016806722689	37
1022	4.043217286914765	49
1039	2.737094837935174	33
1056	0.46098439375750294	29
1073	2.4633853541416566	42
1090	4.105642256902761	95
1107	0.37454981992797115	21
1124	0.7875150060024009	27
1141	0.744297719087635	49
1158	0.36974789915966383	40
1175	0.7490996398559423	84
1192	0.864345738295318	34
1209	0.8211284513805521	41
1226	0.35534213685474186	34
1243	0.9555822328931574	37
1260	0.5138055222088835	30
1277	0.6146458583433373	24
1294	0.7539015606242496	42
1311	0.32653061224489793	37
1328	0.7779111644657862	38
1345	1.5702280912364943	22
1362	1.6710684273709484	37
1379	0.057623049219687875	24
1396	1.3253301320528212	48
1413	2.012004801920768	34
1430	1.0468187274909961	41
1447	0.14405762304921965	72
1464	4.03361344537815	51
1481	0.12965186074429771	36
1498	1.1284513805522207	44
1515	0.42256902761104437	33
1532	2.0504201680672267	78
1549	0.5714285714285714	35
1566	0.31212484993997597	27
1583	0.6626650660264105	21
1600	0.15366146458583432	35
1617	0.014405762304921969	41
1634	1.1668667466986793	48
1651	5.469387755102041	50
1668	0.2400960384153661	59
1685	0.6002400960384152	31
1702	2.1944777911164466	49
1719	0.42256902761104437	29
1736	0.0432172869147659	46
1753	0.6434573829531811	23
1770	1.3061224489795915	36
1787	0.0	64
1804	1.0036014405762306	53
1821	0.22088835534213683	37
1838	0.21128451380552218	45
1855	1.1956782713085232	66
1872	0.15846338535414164	37
1889	0.7779111644657862	41
1906	0.581032412965186	42
1923	0.32653061224489793	51
1940	3.5246098439375744	28
1957	0.7106842737094837	40
1974	0.0	36
1991	0.6242496998799519	30
2008	1.9015606242496996	44

Run 16
2	0.8163265306122448	20
19	1.0036014405762304	20
36	1.0180072028811524	20
53	1.5846338535414166	40
70	2.4009603841536613	17
87	5.690276110444177	39
104	1.3493397358943575	31
121	0.8163265306122449	56
138	1.0468187274909961	23
155	2.247298919567827	36
172	1.8535414165666264	27
189	1.4357743097238893	20
206	3.697478991596638	27
223	0.44177671068427365	61
240	1.5462184873949578	20
257	3.4381752701080432	41
274	2.8283313325330135	41
291	0.8259303721488596	25
308	2.0984393757502997	27
325	3.111644657863145	40
342	0.3025210084033613	23
359	0.998799519807923	28
376	1.3493397358943577	45
393	0.7539015606242496	22
410	0.8835534213685473	23
427	2.156062424969988	33
444	0.9651860744297719	25
461	3.0012004801920766	43
478	1.714285714285714	24
495	2.861944777911165	31
512	2.1896758703481387	25
529	1.3349339735894354	27
546	0.2689075630252101	19
563	1.430972388955582	52
580	1.8967587034813922	31
597	2.4585834333733487	24
614	3.31812725090036	33
631	1.5078031212484992	24
648	3.932773109243697	44
665	3.150060024009603	34
682	1.5462184873949578	31
699	3.332533013205282	61
716	1.4789915966386553	15
733	1.6758703481392556	26
750	1.262905162064826	27
767	0.6050420168067226	40
784	2.3961584633853543	23
801	1.1092436974789914	23
818	2.0744297719087634	41
835	1.5990396158463385	24
852	1.8487394957983192	28
869	0.7106842737094837	21
886	0.8835534213685473	16
903	2.5066026410564226	21
920	2.650660264105642	23
937	1.9399759903961584	59
954	1.8151260504201678	33
971	0.3457382953181272	31
988	2.6170468187274913	35
1005	1.7190876350540216	56
1022	2.1272509003601434	31
1039	2.4921968787515003	31
1056	2.4009603841536613	32
1073	1.4741896758703477	39
1090	1.0900360144057624	24
1107	4.033613445378151	44
1124	1.282112845138055	50
1141	2.7370948379351736	21
1158	0.432172869147659	27
1175	0.864345738295318	24
1192	1.5030012004801918	30
1209	1.2100840336134453	31
1226	0.5618247298919568	21
1243	1.282112845138055	30
1260	0.1920768307322929	24
1277	1.728691476590636	26
1294	0.9603841536614643	58
1311	2.621848739495798	26
1328	4.091236494597839	28
1345	2.0456182472989193	20
1362	1.594237695078031	13
1379	0.46578631452581026	28
1396	1.771908763505402	43
1413	3.46218487394958	35
1430	1.9015606242496996	43
1447	0.6482593037214885	26
1464	0.7971188475390155	27
1481	1.6614645858343335	24
1498	1.6134453781512603	15
1515	1.4837935174069627	24
1532	1.118847539015606	24
1549	0.7971188475390155	37
1566	1.9447779111644659	18
1583	0.20648259303721486	23
1600	0.9219687875150059	21
1617	1.0324129651860743	49
1634	1.3781512605042017	16
1651	1.728691476590636	21
1668	3.145258103241296	39
1685	2.3577430972388953	45
1702	0.2881152460984393	19
1719	0.3457382953181272	37
1736	0.2448979591836735	30
1753	1.5414165666266504	27
1770	4.096038415366146	31
1787	1.5702280912364945	37
1804	2.1512605042016806	22
1821	1.8391356542617046	23
1838	2.895558223289316	18
1855	1.9543817527010798	31
1872	2.290516206482593	22
1889	1.7382953181272507	24
1906	0.5426170468187275	32
1923	0.6482593037214885	46
1940	2.501800720288115	25
1957	1.75750300120048	17
1974	2.36734693877551	32
1991	3.0828331332533008	28
2008	2.204081632653061	54

Run 17
2	0.0	18
19	0.2785114045618247	9
36	2.4345738295318124	26
53	1.354141656662665	33
70	0.7635054021608642	17
87	0.47058823529411764	8
104	0.35054021608643454	32
121	0.0	21
138	0.13925570228091233	11
155	0.4705882352941176	20
172	0.24489795918367344	26
189	0.3697478991596639	36
206	0.489795918367347	24
223	1.4981992797118846	26
240	0.014405762304921969	7
257	0.4129651860744298	20
274	0.1680672268907563	22
291	0.12004801920768307	7
308	1.5510204081632653	19
325	0.4753901560624249	9
342	0.13445378151260504	6
359	0.9891956782713085	18
376	1.253301320528211	20
393	0.5378151260504201	17
410	0.4033613445378151	12
427	0.6338535414165665	26
444	0.297719087635054	26
461	0.9171668667466986	20
478	0.5858343337334934	24
495	0.6146458583433373	17
512	0.25930372148859543	25
529	0.03841536614645858	10
546	1.637454981992797	27
563	1.042016806722689	23
580	1.9783913565426166	23
597	0.09603841536614646	16
614	0.6770708283313325	28
631	0.6578631452581032	13
648	1.6038415366146457	49
665	0.09123649459783913	21
682	0.15366146458583432	22
699	0.4273709483793517	27
716	1.1236494597839135	34
733	0.2737094837935174	27
750	0.08163265306122448	15
767	0.13925570228091236	16
784	0.7683073229291716	38
801	0.004801920768307323	14
818	0.7731092436974789	31
835	0.03841536614645858	64
852	0.2689075630252101	28
869	0.25930372148859543	28
886	0.6674669867947179	27
903	0.13445378151260504	8
920	0.13445378151260504	14
937	0.5522208883553421	11
954	1.517406962785114	22
971	0.7971188475390154	30
988	0.49459783913565425	17
1005	0.7827130852340936	25
1022	1.085234093637455	40
1039	0.3025210084033613	10
1056	1.1236494597839135	15
1073	0.4225690276110443	21
1090	0.014405762304921969	7
1107	0.03841536614645858	8
1124	0.49459783913565425	23
1141	0.5618247298919568	22
1158	0.40816326530612246	18
1175	0.1728691476590636	25
1192	0.21128451380552218	31
1209	0.37935174069627847	18
1226	0.4225690276110445	29
1243	0.2064825930372149	25
1260	0.9123649459783914	27
1277	0.39375750300120044	51
1294	0.2304921968787515	10
1311	0.1968787515006002	9
1328	0.8355342136854741	39
1345	0.7923169267707082	24
1362	0.06722689075630252	24
1379	0.057623049219687875	9
1396	0.4801920768307323	16
1413	0.24969987995198076	32
1430	3.5102040816326525	30
1447	0.08163265306122448	19
1464	0.5714285714285714	26
1481	0.09123649459783913	8
1498	1.3109243697478992	24
1515	0.9027611044417766	23
1532	0.6482593037214885	16
1549	0.1920768307322929	11
1566	0.35054021608643454	22
1583	0.07202881152460984	7
1600	0.37935174069627847	22
1617	0.09123649459783914	8
1634	0.048019207683073224	11
1651	0.25930372148859543	32
1668	0.46578631452581026	60
1685	0.08163265306122448	11
1702	0.23529411764705882	38
1719	1.2100840336134453	18
1736	0.8547418967587034	22
1753	0.07683073229291716	8
1770	0.052821128451380546	20
1787	0.43217286914765896	26
1804	0.30732292917166865	60
1821	0.22569027611044418	20
1838	0.13925570228091236	16
1855	0.8499399759903961	27
1872	0.07683073229291716	9
1889	0.6050420168067226	12
1906	0.32653061224489793	20
1923	0.3409363745498199	24
1940	0.8979591836734693	20
1957	1.0228091236494599	33
1974	0.17286914765906364	13
1991	0.028811524609843937	8
2008	0.004801920768307323	7

Run 18
2	2.9387755102040813	8
19	3.0972388955582226	32
36	0.2545018007202881	17
53	0.08163265306122448	10
70	0.979591836734694	18
87	0.09603841536614645	16
104	0.0	20
121	1.4741896758703479	23
138	0.6050420168067226	28
155	0.6722689075630253	17
172	0.7923169267707083	24
189	0.39855942376950776	19
206	0.45138055222088835	22
223	0.45138055222088835	20
240	1.2004801920768307	18
257	0.12965186074429771	24
274	0.0	17
291	1.3589435774309724	18
308	0.6674669867947178	23
325	0.9411764705882352	31
342	0.595438175270108	27
359	0.744297719087635	22
376	0.6866746698679471	18
393	0.8019207683073228	21
410	0.5138055222088835	11
427	0.0	25
444	1.3733493397358942	19
461	0.6914765906362544	24
478	0.3889555822328931	17
495	0.0	19
512	0.3841536614645858	18
529	0.3841536614645858	13
546	1.133253301320528	18
563	0.15366146458583432	14
580	0.07683073229291716	23
597	0.3937575030012005	15
614	0.4801920768307323	21
631	0.6482593037214885	40
648	0.6626650660264106	15
665	0.7731092436974789	19
682	1.0084033613445376	23
699	0.8259303721488594	20
716	1.133253301320528	21
733	0.06242496998799519	13
750	0.936374549819928	37
767	0.024009603841536612	13
784	0.864345738295318	24
801	0.5522208883553421	21
818	0.460984393757503	21
835	0.5474189675870347	20
852	1.6182472989195678	22
869	1.1716686674669867	20
886	0.12965186074429771	16
903	0.09603841536614645	19
920	0.5282112845138055	20
937	0.1872749099639856	27
954	0.028811524609843937	19
971	0.14405762304921968	22
988	0.2689075630252101	41
1005	1.171668667466987	29
1022	0.5618247298919568	18
1039	1.0756302521008403	30
1056	1.2004801920768307	14
1073	0.024009603841536612	17
1090	0.0432172869147659	21
1107	0.4801920768307323	25
1124	0.36974789915966383	21
1141	1.0084033613445378	19
1158	0.4993997599039615	15
1175	0.07683073229291716	16
1192	0.7490996398559424	30
1209	0.01920768307322929	12
1226	0.6482593037214885	32
1243	0.148859543817527	19
1260	0.7827130852340937	29
1277	0.7971188475390155	19
1294	0.38415366146458585	27
1311	0.6530612244897958	22
1328	0.2352941176470588	16
1345	0.25930372148859543	19
1362	0.5522208883553421	27
1379	1.5174069627851139	24
1396	0.4657863145258103	21
1413	1.2100840336134453	12
1430	0.864345738295318	21
1447	1.162064825930372	15
1464	0.5618247298919568	23
1481	0.2737094837935174	11
1498	0.432172869147659	18
1515	0.7875150060024009	21
1532	0.8499399759903961	22
1549	0.08163265306122448	12
1566	0.2304921968787515	19
1583	0.6050420168067226	14
1600	0.0	20
1617	1.2917166866746697	23
1634	1.1860744297719086	24
1651	0.6674669867947178	19
1668	0.06242496998799519	14
1685	0.28811524609843936	27
1702	0.31212484993997597	17
1719	0.3169267707082833	26
1736	0.864345738295318	19
1753	0.6626650660264105	18
1770	0.3025210084033613	29
1787	0.06722689075630252	14
1804	0.3217286914765906	23
1821	0.3649459783913565	17
1838	0.14405762304921965	19
1855	0.7058823529411765	19
1872	0.3025210084033613	19
1889	0.1056422569027611	23
1906	0.7106842737094837	24
1923	1.1716686674669867	26
1940	0.23529411764705882	10
1957	0.0	15
1974	0.028811524609843937	19
1991	0.6434573829531812	12
2008	1.5510204081632653	31

Run 19
2	2.204081632653061	8
19	3.9423769507803117	45
36	0.22569027611044418	43
53	0.998799519807923	35
70	1.8439375750300118	53
87	2.5258103241296515	50
104	0.998799519807923	56
121	1.8583433373349338	56
138	1.3781512605042017	72
155	0.5762304921968787	58
172	0.8403361344537814	54
189	3.0156062424969985	47
206	1.4693877551020407	39
223	1.4837935174069627	60
240	1.3157262905162064	51
257	2.97719087635054	50
274	3.620648259303721	44
291	0.998799519807923	57
308	0.09123649459783913	56
325	1.0180072028811524	59
342	0.11524609843937575	57
359	0.5186074429771909	39
376	1.4357743097238895	50
393	0.0864345738295318	51
410	1.9591836734693875	45
427	3.543817527010804	47
444	2.612244897959183	61
461	0.8451380552220887	56
478	0.39375750300120044	69
495	1.262905162064826	51
512	0.4561824729891957	47
529	0.8115246098439376	44
546	1.1668667466986793	54
563	0.6338535414165666	47
580	1.6086434573829531	46
597	3.0732292917166864	41
614	1.2533013205282113	56
631	1.7334933973589433	55
648	2.3385354141656656	67
665	1.6470588235294115	44
682	1.0804321728691477	59
699	2.9339735894357744	48
716	0.0432172869147659	46
733	0.3889555822328931	51
750	1.1140456182472989	53
767	0.5042016806722689	74
784	2.516206482593037	52
801	3.606242496998799	48
818	0.8979591836734694	49
835	0.13445378151260504	53
852	1.4069627851140456	54
869	0.7779111644657862	72
886	1.0516206482593038	51
903	1.9255702280912363	59
920	1.3301320528211282	45
937	0.16326530612244897	40
954	1.9495798319327728	59
971	0.1728691476590636	57
988	3.404561824729892	36
1005	0.7875150060024009	46
1022	0.9603841536614646	50
1039	0.15846338535414164	71
1056	0.5474189675870348	45
1073	2.4537815126050417	55
1090	2.578631452581032	54
1107	1.579831932773109	52
1124	0.6722689075630253	52
1141	1.3493397358943575	57
1158	1.042016806722689	57
1175	0.18727490996398558	66
1192	2.084033613445378	54
1209	1.0804321728691475	52
1226	1.056422569027611	43
1243	1.565426170468187	50
1260	1.6614645858343335	57
1277	0.3457382953181272	54
1294	1.1716686674669867	61
1311	2.055222088835534	46
1328	0.7346938775510203	71
1345	3.073229291716687	58
1362	2.9195678271308525	51
1379	0.581032412965186	50
1396	0.6050420168067226	51
1413	3.0492196878751496	58
1430	4.153661464585833	59
1447	2.6218487394957983	48
1464	0.44177671068427365	39
1481	0.11524609843937575	59
1498	3.0444177671068426	46
1515	0.11524609843937575	64
1532	0.3457382953181272	46
1549	0.148859543817527	41
1566	2.1224489795918364	48
1583	2.8955582232893153	48
1600	3.4813925570228084	53
1617	0.8307322929171668	52
1634	1.469387755102041	48
1651	2.3769507803121246	50
1668	0.0	42
1685	0.32653061224489793	47
1702	2.9819927971188473	51
1719	1.6374549819927973	47
1736	0.6626650660264106	48
1753	0.9603841536614643	50
1770	1.5990396158463385	51
1787	1.771908763505402	49
1804	0.9843937575030012	59
1821	3.5582232893157264	66
1838	1.9399759903961584	55
1855	0.004801920768307323	53
1872	2.146458583433373	55
1889	0.8451380552220887	52
1906	1.579831932773109	54
1923	2.256902761104442	50
1940	0.9747899159663864	50
1957	2.1800720288115243	44
1974	2.1512605042016806	43
1991	2.588235294117647	58
2008	1.056422569027611	57

Run 20
2	4.938775510204081	13
19	5.109243697478991	16
36	0.09123649459783913	2
53	0.1920768307322929	3
70	0.052821128451380546	8
87	0.01920768307322929	4
104	0.5186074429771909	11
121	1.3829531812725089	20
138	0.5810324129651859	8
155	0.0	0
172	0.10084033613445377	3
189	0.2448979591836735	4
206	0.3025210084033613	12
223	0.595438175270108	12
240	0.12965186074429771	3
257	0.0	0
274	0.0	0
291	0.0	0
308	0.4849939975990396	6
325	0.009603841536614645	2
342	0.1920768307322929	4
359	0.12965186074429771	3
376	0.4801920768307323	25
393	0.2929171668667467	10
410	0.0432172869147659	1
427	0.01920768307322929	1
444	0.0432172869147659	1
461	0.052821128451380546	5
478	0.09123649459783913	4
495	0.3697478991596639	6
512	1.8775510204081631	21
529	0.22088835534213683	3
546	0.12965186074429771	3
563	0.2304921968787515	4
580	0.20168067226890754	4
597	0.01920768307322929	4
614	0.0	0
631	0.052821128451380546	2
648	0.3217286914765906	3
665	0.08163265306122447	2
682	0.2160864345738295	11
699	0.3505402160864345	7
716	0.2400960384153661	5
733	0.014405762304921969	3
750	0.6962785114045618	16
767	0.22088835534213683	3
784	0.3169267707082833	6
801	0.0432172869147659	1
818	0.7731092436974789	11
835	0.052821128451380546	2
852	0.39375750300120044	6
869	0.17767106842737093	4
886	0.0	0
903	0.0	0
920	0.0	0
937	0.048019207683073224	1
954	0.6914765906362544	10
971	0.6914765906362544	14
988	0.31212484993997597	4
1005	0.16806722689075632	23
1022	0.5378151260504201	5
1039	0.0	0
1056	0.22088835534213683	2
1073	0.0	0
1090	0.0	0
1107	0.1920768307322929	3
1124	0.004801920768307323	1
1141	0.0432172869147659	1
1158	0.0	0
1175	0.0	0
1192	0.0	0
1209	0.20648259303721486	4
1226	0.0	0
1243	0.7779111644657862	10
1260	0.9123649459783912	13
1277	0.1728691476590636	5
1294	0.1056422569027611	3
1311	0.0	0
1328	0.9171668667466986	12
1345	0.07202881152460983	5
1362	0.1728691476590636	3
1379	0.26410564225690275	4
1396	0.2160864345738295	3
1413	0.5618247298919568	13
1430	0.0	0
1447	0.25930372148859543	3
1464	0.46578631452581026	6
1481	0.23049219687875147	4
1498	0.40816326530612246	9
1515	0.0432172869147659	5
1532	0.12004801920768307	6
1549	0.15366146458583432	5
1566	0.20168067226890754	6
1583	0.8259303721488594	12
1600	0.5858343337334934	11
1617	0.998799519807923	11
1634	0.0	0
1651	1.1092436974789917	15
1668	0.009603841536614645	2
1685	0.7587034813925569	10
1702	0.8307322929171668	6
1719	0.03841536614645858	2
1736	0.0	0
1753	0.0	0
1770	0.3457382953181272	4
1787	0.0432172869147659	1
1804	0.0	0
1821	0.08163265306122447	2
1838	0.06242496998799519	4
1855	0.11044417767106841	5
1872	0.0432172869147659	1
1889	0.3841536614645858	12
1906	0.03841536614645858	5
1923	0.004801920768307323	1
1940	0.024009603841536612	4
1957	0.432172869147659	9
1974	0.0	0
1991	0.01920768307322929	1
2008	0.09123649459783913	1

Run 21
2	0.0	35
19	9.392557022809125	70
36	1.0468187274909961	78
53	2.612244897959183	66
70	4.432172869147658	86
87	0.7683073229291716	94
104	4.364945978391356	83
121	0.9795918367346937	61
138	7.404561824729892	119
155	0.7779111644657862	77
172	3.1068427370948375	63
189	2.4009603841536613	52
206	3.4141656662665065	74
223	1.997599039615846	104
240	5.205282112845137	101
257	2.3337334933973586	126
274	3.8991596638655457	70
291	2.876350540216086	59
308	4.60984393757503	73
325	4.436974789915966	57
342	2.799519807923169	89
359	1.2292917166866746	60
376	1.3013205282112843	58
393	3.971188475390156	85
410	2.775510204081632	49
427	0.9939975990396157	96
444	4.969987995198078	129
461	1.133253301320528	61
478	2.0216086434573826	58
495	1.771908763505402	87
512	2.895558223289316	93
529	0.49459783913565425	86
546	1.9063625450180068	99
563	2.204081632653061	67
580	7.135654261704681	83
597	1.397358943577431	106
614	0.979591836734694	92
631	6.218487394957982	101
648	2.9387755102040813	97
665	1.9495798319327728	61
682	1.0804321728691475	125
699	2.256902761104442	60
716	0.864345738295318	94
733	1.2436974789915964	78
750	3.5342136854741892	57
767	0.0	97
784	5.599039615846338	75
801	1.728691476590636	112
818	1.843937575030012	83
835	0.6338535414165666	59
852	1.863145258103241	73
869	0.31212484993997597	52
886	3.078031212484994	89
903	4.1872749099639845	80
920	4.873949579831932	87
937	3.9039615846338536	110
954	3.1548619447779105	66
971	1.771908763505402	56
988	2.4537815126050417	62
1005	2.237695078031212	61
1022	3.2509003601440574	85
1039	0.19687875150060022	61
1056	0.0	73
1073	0.1728691476590636	58
1090	3.1452581032412965	60
1107	0.0	78
1124	1.8487394957983194	108
1141	2.6266506602641053	83
1158	3.423769507803121	98
1175	0.4993997599039615	85
1192	4.288115246098439	90
1209	2.5834333733493398	95
1226	2.160864345738295	82
1243	2.5114045618247296	116
1260	5.123649459783913	83
1277	1.9879951980792314	81
1294	2.569027611044417	73
1311	3.563025210084033	100
1328	3.183673469387755	58
1345	1.579831932773109	84
1362	1.9687875150060024	96
1379	1.3301320528211285	76
1396	2.8139255702280908	89
1413	0.0	79
1430	0.8115246098439376	76
1447	3.0348139255702278	61
1464	0.9651860744297717	83
1481	0.8211284513805521	84
1498	1.162064825930372	107
1515	3.073229291716687	71
1532	5.570228091236494	126
1549	0.8547418967587035	69
1566	0.3697478991596639	85
1583	1.6182472989195678	157
1600	1.7527010804321728	71
1617	1.2340936374549818	57
1634	2.0936374549819927	89
1651	2.2521008403361344	82
1668	1.968787515006002	101
1685	2.7659063625450178	63
1702	4.096038415366146	92
1719	0.6482593037214885	75
1736	5.042016806722689	107
1753	3.0252100840336134	101
1770	2.2713085234093633	90
1787	3.380552220888355	88
1804	0.9891956782713085	58
1821	1.262905162064826	80
1838	0.0	59
1855	3.0108043217286915	131
1872	5.190876350540215	109
1889	0.729891956782713	93
1906	1.3013205282112843	87
1923	1.3157262905162062	90
1940	3.1068427370948375	89
1957	1.7671068427370946	89
1974	1.41656662665066	61
1991	1.085234093637455	91
2008	1.056422569027611	65

Run 22
2	8.816326530612244	24
19	0.8211284513805522	15
36	2.156062424969988	49
53	1.354141656662665	66
70	0.3361344537815126	57
87	0.057623049219687875	45
104	0.0	77
121	0.80672268907563	20
138	0.0864345738295318	28
155	0.4993997599039615	34
172	0.283313325330132	62
189	2.141656662665066	43
206	0.42256902761104437	66
223	0.4801920768307323	78
240	0.5138055222088835	17
257	1.0084033613445378	98
274	0.0	60
291	0.8979591836734693	38
308	0.4561824729891956	14
325	1.0036014405762306	40
342	0.014405762304921969	23
359	1.4933973589435772	53
376	0.4129651860744297	57
393	0.0864345738295318	44
410	1.5366146458583432	38
427	1.296518607442977	55
444	0.06242496998799519	40
461	2.0984393757502997	20
478	0.07683073229291716	13
495	0.7635054021608642	75
512	1.162064825930372	65
529	3.1308523409363747	50
546	0.43697478991596633	51
563	0.0	19
580	2.3001200480192074	39
597	1.8391356542617046	59
614	2.324129651860744	70
631	0.8403361344537814	30
648	0.1680672268907563	12
665	0.15366146458583432	41
682	1.1668667466986793	45
699	0.11524609843937575	16
716	0.2304921968787515	39
733	0.44177671068427365	16
750	1.190876350540216	41
767	1.3829531812725089	36
784	0.3457382953181272	19
801	0.6242496998799519	74
818	1.0900360144057621	78
835	0.12965186074429771	36
852	0.9555822328931574	80
869	0.3601440576230492	77
886	1.133253301320528	35
903	0.3649459783913565	11
920	0.19207683073229292	22
937	0.0624249699879952	35
954	1.1524609843937572	49
971	0.7394957983193278	52
988	0.5426170468187275	19
1005	0.3889555822328931	59
1022	1.027611044417767	22
1039	1.3445378151260503	53
1056	0.3217286914765906	30
1073	1.1428571428571428	45
1090	0.998799519807923	56
1107	0.1728691476590636	21
1124	0.8403361344537814	36
1141	0.715486194477791	20
1158	0.24969987995198076	11
1175	0.5762304921968787	19
1192	0.6098439375750299	49
1209	0.4129651860744297	56
1226	0.6674669867947178	39
1243	0.9315726290516205	41
1260	0.432172869147659	57
1277	3.2845138055222085	61
1294	0.7875150060024009	25
1311	0.0432172869147659	13
1328	0.5954381752701081	36
1345	0.12965186074429771	17
1362	0.024009603841536612	70
1379	0.42256902761104437	21
1396	1.5558223289315725	65
1413	0.7635054021608643	32
1430	1.282112845138055	11
1447	0.19207683073229292	13
1464	0.8259303721488596	25
1481	0.0	69
1498	0.1920768307322929	35
1515	0.6722689075630254	19
1532	1.872749099639856	50
1549	1.128451380552221	49
1566	0.12484993997599038	39
1583	0.25930372148859543	21
1600	0.7635054021608642	36
1617	0.42256902761104437	53
1634	2.2088835534213684	43
1651	0.31212484993997597	57
1668	0.4033613445378151	51
1685	0.7779111644657862	27
1702	0.7731092436974789	17
1719	0.0432172869147659	37
1736	0.8931572629051621	18
1753	0.3889555822328931	35
1770	1.042016806722689	49
1787	0.5474189675870348	21
1804	0.20168067226890757	14
1821	1.2244897959183674	36
1838	0.6242496998799519	14
1855	0.12965186074429771	14
1872	0.4225690276110444	54
1889	1.0900360144057621	15
1906	1.1428571428571428	32
1923	1.0180072028811524	39
1940	0.3217286914765906	88
1957	1.4165666266506602	57
1974	0.2737094837935174	16
1991	0.283313325330132	14
2008	0.2881152460984393	23

Run 23
2	0.0	13
19	0.30732292917166865	9
36	2.1848739495798317	37
53	2.410564225690276	20
70	1.8823529411764701	45
87	0.9411764705882352	26
104	1.128451380552221	19
121	0.8451380552220887	15
138	1.013205282112845	55
155	0.8163265306122449	16
172	1.5798319327731092	27
189	1.2244897959183674	29
206	0.921968787515006	25
223	0.5570228091236494	8
240	1.0228091236494596	33
257	0.32653061224489793	10
274	0.5522208883553421	20
291	1.2148859543817527	12
308	0.27851140456182466	24
325	0.7827130852340936	22
342	0.2689075630252101	33
359	0.5474189675870349	44
376	0.1920768307322929	11
393	1.4213685474189675	42
410	1.2821128451380552	31
427	0.7539015606242496	21
444	0.3217286914765906	58
461	0.3025210084033614	23
478	1.4405762304921967	46
495	1.0948379351740696	37
512	1.162064825930372	21
529	1.013205282112845	34
546	0.8979591836734694	21
563	1.6326530612244896	55
580	1.7527010804321728	23
597	1.594237695078031	30
614	1.4021608643457382	25
631	1.9255702280912368	50
648	0.715486194477791	44
665	0.6626650660264105	48
682	0.8403361344537814	26
699	0.2689075630252101	14
716	1.0804321728691475	41
733	0.787515006002401	10
750	0.1920768307322929	65
767	1.013205282112845	23
784	1.8679471788715483	25
801	1.1956782713085232	14
818	1.2148859543817525	37
835	1.5750300120048017	20
852	1.0036014405762306	13
869	0.6290516206482594	17
886	1.963985594237695	39
903	1.296518607442977	15
920	0.22088835534213683	14
937	0.3121248499399759	15
954	0.48979591836734687	35
971	0.4993997599039615	31
988	0.7346938775510203	13
1005	0.46098439375750294	24
1022	1.4021608643457382	23
1039	0.5570228091236494	31
1056	1.4213685474189677	26
1073	1.1812725090036014	37
1090	0.8115246098439375	32
1107	0.5522208883553421	35
1124	0.7635054021608644	11
1141	1.0996398559423768	31
1158	0.6194477791116446	31
1175	0.30732292917166865	21
1192	2.7370948379351736	28
1209	0.5426170468187275	13
1226	0.8307322929171668	15
1243	2.1368547418967587	53
1260	0.8067226890756302	20
1277	0.8499399759903962	12
1294	0.4849939975990396	25
1311	1.4933973589435772	13
1328	0.1728691476590636	9
1345	1.6566626650660263	47
1362	1.0948379351740696	18
1379	0.6578631452581032	14
1396	2.6074429771908756	28
1413	0.9507803121248498	18
1430	1.2677070828331332	24
1447	0.7731092436974789	37
1464	0.8739495798319327	23
1481	1.1956782713085232	20
1498	2.43937575030012	38
1515	1.205282112845138	20
1532	0.8259303721488594	58
1549	1.0468187274909961	30
1566	0.6962785114045619	17
1583	0.8739495798319327	22
1600	1.41656662665066	32
1617	0.2689075630252101	14
1634	0.4561824729891956	41
1651	1.430972388955582	15
1668	0.998799519807923	24
1685	0.7058823529411765	16
1702	2.5306122448979593	54
1719	1.9303721488595438	50
1736	0.5522208883553421	17
1753	0.3889555822328931	43
1770	1.3781512605042014	61
1787	0.5474189675870348	63
1804	0.715486194477791	44
1821	0.44657863145258103	12
1838	0.8067226890756302	18
1855	0.42256902761104437	16
1872	0.6962785114045618	11
1889	1.2244897959183674	63
1906	2.2088835534213684	43
1923	0.38415366146458585	10
1940	0.43697478991596633	12
1957	0.5618247298919568	22
1974	0.864345738295318	23
1991	0.40816326530612246	59
2008	0.21128451380552218	8

Run 24
2	10.897959183673468	27
19	3.2172869147659062	20
36	1.695078031212485	43
53	2.2472989195678275	42
70	1.963985594237695	48
87	1.7190876350540216	52
104	2.756302521008404	39
121	0.6242496998799519	42
138	0.297719087635054	38
155	1.5894357743097236	71
172	0.28331332533013204	17
189	3.111644657863145	41
206	1.4213685474189675	45
223	0.2881152460984393	41
240	0.25930372148859543	89
257	0.13925570228091236	44
274	0.9267707082833132	11
291	2.1176470588235294	41
308	0.24969987995198076	46
325	1.3013205282112845	48
342	1.8247298919567827	46
359	0.6242496998799519	55
376	1.5462184873949578	66
393	0.0	13
410	1.3013205282112843	26
427	0.729891956782713	55
444	1.0996398559423768	60
461	0.24969987995198076	44
478	1.0948379351740694	31
495	0.7010804321728691	38
512	0.5906362545018007	50
529	0.8067226890756302	40
546	0.9171668667466986	52
563	0.0	38
580	0.4753901560624249	17
597	0.3265306122448979	26
614	0.0	19
631	2.0168067226890756	51
648	0.3937575030012004	23
665	1.3397358943577429	60
682	0.5762304921968787	105
699	0.998799519807923	13
716	1.848739495798319	36
733	1.013205282112845	50
750	0.24009603841536614	57
767	0.24969987995198076	13
784	0.3889555822328931	30
801	0.24009603841536614	42
818	1.3301320528211285	52
835	0.4849939975990396	23
852	0.5378151260504201	38
869	0.1920768307322929	21
886	1.3253301320528212	36
903	0.37935174069627847	27
920	0.19687875150060022	21
937	0.0432172869147659	18
954	1.8583433373349338	72
971	3.7887154861944774	48
988	1.992797118847539	48
1005	1.2148859543817525	34
1022	0.6914765906362544	43
1039	1.6854741896758703	55
1056	1.1956782713085232	28
1073	2.5834333733493398	37
1090	3.0492196878751496	41
1107	1.3205282112845136	24
1124	0.921968787515006	62
1141	0.03361344537815126	69
1158	0.7875150060024009	45
1175	0.5762304921968786	30
1192	0.4705882352941176	44
1209	0.6626650660264105	50
1226	0.701080432172869	19
1243	0.864345738295318	21
1260	1.1908763505402158	51
1277	0.9267707082833132	61
1294	2.530612244897959	53
1311	1.4069627851140454	41
1328	1.4693877551020407	35
1345	0.3217286914765906	25
1362	0.22088835534213683	26
1379	1.3637454981992796	64
1396	0.21128451380552218	37
1413	0.5378151260504201	100
1430	1.5366146458583432	51
1447	0.024009603841536612	51
1464	1.6806722689075628	45
1481	2.530612244897959	47
1498	0.07683073229291716	62
1515	1.0804321728691475	19
1532	1.1428571428571428	32
1549	0.4033613445378151	14
1566	0.3217286914765906	17
1583	0.17767106842737093	14
1600	0.09123649459783913	29
1617	1.978391356542617	44
1634	0.6338535414165665	26
1651	0.1920768307322929	27
1668	0.8259303721488596	43
1685	1.3925570228091235	60
1702	0.7827130852340936	22
1719	0.1728691476590636	26
1736	2.2088835534213684	41
1753	1.262905162064826	20
1770	0.21128451380552218	39
1787	2.261704681872749	39
1804	5.704681872749099	61
1821	0.24969987995198076	28
1838	0.2881152460984393	63
1855	0.13925570228091236	39
1872	0.6482593037214885	60
1889	0.17767106842737093	11
1906	0.20168067226890754	59
1923	0.5714285714285714	17
1940	0.5618247298919568	17
1957	3.3421368547418964	59
1974	0.10564225690276109	19
1991	2.218487394957983	41
2008	0.42256902761104437	17

Run 25
2	0.0	4
19	0.6194477791116446	11
36	0.3025210084033613	7
53	0.12004801920768307	15
70	0.1920768307322929	7
87	0.3745498199279712	10
104	0.5042016806722688	35
121	0.5090036014405762	16
138	0.9459783913565424	19
155	0.22569027611044418	5
172	1.7815126050420165	25
189	0.7827130852340936	28
206	0.3025210084033613	25
223	0.24969987995198076	9
240	0.489795918367347	20
257	0.6098439375750299	7
274	1.983193277310924	26
291	1.0180072028811527	30
308	0.4417767106842737	29
325	0.03841536614645858	22
342	0.686674669867947	70
359	1.1284513805522207	22
376	0.8211284513805521	26
393	0.40816326530612246	23
410	0.23049219687875147	8
427	0.8403361344537814	21
444	1.594237695078031	39
461	0.24969987995198076	24
478	2.7418967587034806	28
495	0.6290516206482593	16
512	1.0804321728691475	24
529	0.4561824729891957	29
546	0.432172869147659	6
563	0.6482593037214885	29
580	0.26410564225690275	8
597	0.07683073229291716	32
614	0.9651860744297717	14
631	0.6290516206482593	23
648	0.3889555822328931	24
665	0.6530612244897959	11
682	1.728691476590636	56
699	0.297719087635054	24
716	1.253301320528211	42
733	2.3145258103241297	45
750	0.326530612244898	25
767	0.3841536614645858	40
784	0.5618247298919568	22
801	1.118847539015606	31
818	0.6338535414165666	28
835	0.5042016806722689	41
852	1.507803121248499	37
869	0.3457382953181273	17
886	1.0756302521008403	15
903	1.0324129651860743	27
920	0.3601440576230492	8
937	0.1920768307322929	20
954	0.6434573829531812	43
971	1.085234093637455	28
988	0.0	20
1005	2.8619447779111646	49
1022	1.9063625450180073	24
1039	0.46578631452581026	47
1056	0.20168067226890757	13
1073	0.715486194477791	19
1090	1.373349339735894	37
1107	2.6026410564225686	36
1124	0.6482593037214885	17
1141	0.1680672268907563	35
1158	0.3457382953181272	27
1175	0.3697478991596639	43
1192	0.3553421368547418	7
1209	1.2869147659063624	26
1226	0.1728691476590636	28
1243	0.5042016806722689	43
1260	0.12965186074429771	13
1277	1.3445378151260505	27
1294	0.15366146458583432	14
1311	0.9123649459783914	24
1328	1.1284513805522207	29
1345	2.0600240096038416	38
1362	1.3781512605042017	32
1379	1.411764705882353	26
1396	1.128451380552221	34
1413	0.3505402160864346	23
1430	0.2689075630252101	19
1447	0.5762304921968787	25
1464	0.38895558223289317	11
1481	0.7106842737094837	36
1498	1.2100840336134453	29
1515	0.8835534213685474	121
1532	0.45138055222088835	31
1549	1.6470588235294115	22
1566	1.7094837935174068	31
1583	0.8259303721488594	37
1600	0.6578631452581032	35
1617	0.2304921968787515	39
1634	0.7683073229291716	38
1651	0.5042016806722689	14
1668	0.4225690276110444	21
1685	0.35054021608643454	13
1702	0.936374549819928	46
1719	0.24489795918367344	8
1736	0.7683073229291716	23
1753	0.2112845138055222	30
1770	0.3361344537815126	7
1787	0.28811524609843936	33
1804	0.9507803121248498	54
1821	0.60984393757503	15
1838	1.4981992797118846	39
1855	0.864345738295318	24
1872	0.3745498199279712	21
1889	0.1728691476590636	29
1906	0.17767106842737093	15
1923	0.46098439375750294	28
1940	2.069627851140456	30
1957	0.432172869147659	6
1974	1.4021608643457382	29
1991	1.0084033613445378	14
2008	0.6434573829531812	52

Run 26
2	6.938775510204081	18
19	5.4549819927971175	30
36	0.9411764705882352	72
53	0.12004801920768304	32
70	1.5846338535414166	64
87	2.5498199279711886	55
104	0.7827130852340937	115
121	0.9747899159663864	31
138	3.8751500600240085	73
155	0.4753901560624249	30
172	3.3085234093637457	76
189	0.13925570228091236	111
206	1.3829531812725089	39
223	1.2773109243697478	38
240	0.0	40
257	0.7827130852340936	42
274	1.4021608643457384	50
291	0.3601440576230492	42
308	2.9627851140456185	50
325	0.0	83
342	3.0732292917166864	160
359	0.47058823529411764	37
376	1.0228091236494596	64
393	2.0888355342136853	47
410	1.6614645858343335	73
427	0.4561824729891957	42
444	1.3445378151260503	39
461	1.0612244897959182	54
478	1.253301320528211	49
495	0.49459783913565425	76
512	0.26410564225690275	88
529	2.237695078031212	34
546	2.9819927971188473	53
563	1.301320528211284	68
580	1.728691476590636	37
597	2.3673469387755097	124
614	0.5858343337334934	32
631	1.0324129651860743	85
648	3.346938775510204	79
665	0.7539015606242496	41
682	1.2148859543817527	38
699	0.9363745498199278	57
716	1.2292917166866746	49
733	0.6146458583433373	80
750	0.984393757503001	61
767	1.6758703481392556	56
784	0.1920768307322929	78
801	1.0084033613445376	30
818	2.530612244897959	121
835	0.3601440576230492	46
852	0.24969987995198076	78
869	1.565426170468187	73
886	1.9591836734693875	30
903	1.21968787515006	41
920	1.3349339735894354	70
937	0.0	54
954	0.4033613445378151	79
971	0.5714285714285714	38
988	1.8439375750300118	51
1005	0.595438175270108	48
1022	0.3025210084033613	42
1039	0.0	93
1056	1.3301320528211282	19
1073	0.8259303721488596	73
1090	0.5906362545018006	67
1107	1.4261704681872747	64
1124	0.864345738295318	47
1141	0.32653061224489793	31
1158	1.1812725090036014	51
1175	2.194477791116446	90
1192	1.9255702280912363	70
1209	0.3841536614645858	71
1226	1.1140456182472986	63
1243	0.0	75
1260	0.42256902761104437	42
1277	0.9219687875150059	65
1294	1.3013205282112845	47
1311	0.39855942376950776	76
1328	4.312124849939976	63
1345	2.304921968787515	38
1362	3.5246098439375744	59
1379	0.864345738295318	85
1396	0.6098439375750299	75
1413	0.8835534213685473	44
1430	2.3481392557022813	93
1447	1.2196878751500597	36
1464	0.36014405762304913	61
1481	1.8871548619447776	58
1498	1.2869147659063624	30
1515	1.8103241296518604	34
1532	2.669867947178872	95
1549	0.4129651860744298	86
1566	0.4801920768307322	53
1583	2.7466986794717885	76
1600	0.8307322929171667	67
1617	0.44177671068427365	23
1634	1.6038415366146457	28
1651	0.5186074429771909	93
1668	1.1716686674669867	61
1685	0.3025210084033613	32
1702	0.3457382953181272	46
1719	1.2869147659063624	67
1736	0.5138055222088835	49
1753	3.423769507803121	58
1770	1.3445378151260505	35
1787	0.9027611044417767	47
1804	0.7731092436974789	132
1821	3.298919567827131	123
1838	2.252100840336134	49
1855	1.0324129651860743	39
1872	0.7587034813925569	85
1889	2.36734693877551	52
1906	0.2064825930372149	49
1923	0.5906362545018006	70
1940	1.7959183673469385	81
1957	2.0696278511404564	56
1974	0.0	59
1991	0.7346938775510203	70
2008	0.6194477791116446	29

Run 27
2	0.7346938775510203	11
19	2.112845138055222	14
36	1.1092436974789914	13
53	1.848739495798319	19
70	1.6422569027611043	15
87	1.387755102040816	12
104	1.354141656662665	16
121	1.9879951980792314	18
138	0.6626650660264106	24
155	1.0372148859543817	18
172	0.4753901560624249	5
189	2.693877551020408	19
206	1.8919567827130852	18
223	2.4105642256902757	14
240	1.6998799519807921	14
257	1.7623049219687874	17
274	0.8067226890756302	16
291	1.0036014405762306	10
308	2.3961584633853543	10
325	0.9507803121248498	20
342	0.7731092436974789	8
359	3.198079231692677	13
376	1.7334933973589433	12
393	1.5558223289315725	20
410	1.14765906362545	9
427	1.0996398559423768	16
444	0.9651860744297719	41
461	2.2665066026410563	16
478	1.8199279711884753	12
495	1.75750300120048	26
512	1.1716686674669867	5
529	1.310924369747899	19
546	0.8211284513805521	11
563	1.3829531812725089	17
580	1.3589435774309724	9
597	0.4177671068427371	15
614	1.4549819927971188	14
631	0.6146458583433373	5
648	1.3445378151260503	24
665	0.8355342136854741	13
682	2.5066026410564217	19
699	2.6362545018007197	19
716	2.3577430972388953	12
733	1.6422569027611043	13
750	3.2316926770708276	21
767	1.7334933973589433	18
784	2.0504201680672267	17
801	0.893157262905162	12
818	2.0888355342136853	14
835	2.3769507803121246	13
852	2.1848739495798317	14
869	2.4633853541416566	14
886	3.2941176470588225	18
903	3.370948379351741	23
920	2.160864345738295	12
937	2.861944777911164	15
954	1.2292917166866746	10
971	1.8055222088835534	22
988	1.9207683073229287	26
1005	2.775510204081632	18
1022	1.2581032412965185	6
1039	0.489795918367347	21
1056	0.6194477791116446	3
1073	2.3769507803121246	16
1090	1.4837935174069627	9
1107	1.0084033613445376	10
1124	1.695078031212485	9
1141	2.1416566626650666	9
1158	1.296518607442977	18
1175	0.8019207683073228	15
1192	1.8775510204081631	19
1209	2.506602641056422	13
1226	1.738295318127251	13
1243	1.9831932773109235	14
1260	2.410564225690276	17
1277	1.8199279711884753	11
1294	1.474189675870348	13
1311	1.579831932773109	28
1328	0.6482593037214885	5
1345	1.6038415366146457	16
1362	2.780312124849939	23
1379	3.457382953181272	16
1396	2.7418967587034806	26
1413	0.7346938775510203	5
1430	0.7731092436974789	22
1447	1.8583433373349338	16
1464	1.8151260504201678	15
1481	1.0804321728691475	13
1498	1.190876350540216	16
1515	3.030012004801921	17
1532	1.7671068427370946	12
1549	1.3973589435774307	14
1566	2.0168067226890756	11
1583	2.679471788715486	20
1600	2.0072028811524607	13
1617	2.9675870348139255	16
1634	1.9879951980792314	23
1651	1.056422569027611	11
1668	2.857142857142857	12
1685	1.8775510204081631	13
1702	1.5558223289315725	11
1719	2.5354141656662663	17
1736	2.4873949579831933	17
1753	0.7779111644657862	6
1770	2.276110444177671	19
1787	1.0372148859543817	22
1804	2.3769507803121246	21
1821	2.6266506602641053	17
1838	1.013205282112845	28
1855	1.5990396158463385	15
1872	2.679471788715486	11
1889	1.1524609843937574	13
1906	1.2725090036014404	15
1923	1.8583433373349338	18
1940	1.2436974789915967	11
1957	1.0804321728691475	10
1974	2.516206482593037	32
1991	1.531812725090036	10
2008	3.2364945978391355	24

Run 28
2	4.244897959183673	26
19	0.5330132052821127	30
36	1.637454981992797	33
53	0.03841536614645858	18
70	0.028811524609843937	30
87	0.9747899159663864	42
104	0.3361344537815126	33
121	0.26890756302521	13
138	0.460984393757503	17
155	0.07683073229291716	22
172	0.01920768307322929	39
189	0.3745498199279712	19
206	0.6290516206482593	17
223	0.6290516206482593	19
240	0.11524609843937574	35
257	0.0	8
274	0.0	11
291	1.1572629051620646	26
308	0.18247298919567825	16
325	0.3025210084033613	11
342	1.8967587034813922	33
359	0.7683073229291717	23
376	0.3457382953181272	17
393	0.0	9
410	0.8451380552220887	26
427	0.2689075630252101	7
444	0.47058823529411764	14
461	0.9747899159663864	35
478	0.43697478991596633	8
495	0.9123649459783912	45
512	1.5462184873949578	14
529	0.07683073229291716	15
546	0.0	7
563	0.11524609843937575	21
580	0.5618247298919568	13
597	0.39855942376950776	32
614	0.004801920768307323	9
631	0.6146458583433373	26
648	0.2304921968787515	22
665	0.25930372148859543	29
682	0.0432172869147659	22
699	0.5906362545018007	11
716	0.28331332533013204	24
733	0.44657863145258103	16
750	0.1872749099639856	34
767	1.6710684273709484	38
784	1.5702280912364945	54
801	0.460984393757503	18
818	0.1728691476590636	47
835	0.8163265306122448	16
852	0.06242496998799519	34
869	0.8595438175270108	16
886	0.13445378151260504	13
903	0.40816326530612246	9
920	0.432172869147659	12
937	0.9651860744297719	31
954	0.43697478991596633	27
971	0.6050420168067226	13
988	0.0432172869147659	10
1005	0.4801920768307322	16
1022	0.4801920768307323	18
1039	1.4837935174069627	29
1056	0.1920768307322929	19
1073	0.7058823529411765	16
1090	0.3457382953181272	19
1107	0.16326530612244897	20
1124	0.6914765906362544	13
1141	0.5906362545018006	35
1158	0.3697478991596639	24
1175	0.6818727490996399	34
1192	0.3649459783913565	19
1209	0.8595438175270108	23
1226	0.2881152460984393	22
1243	0.15846338535414164	6
1260	0.8787515006002401	40
1277	0.15366146458583432	21
1294	0.729891956782713	35
1311	0.2304921968787515	10
1328	0.21128451380552218	17
1345	0.12004801920768304	27
1362	0.6434573829531812	33
1379	0.12965186074429771	13
1396	0.01920768307322929	20
1413	0.11524609843937575	10
1430	0.5186074429771909	9
1447	0.39855942376950776	11
1464	0.5138055222088835	17
1481	0.32653061224489793	17
1498	0.4177671068427371	20
1515	0.03841536614645858	12
1532	0.11524609843937575	26
1549	0.01920768307322929	27
1566	0.2064825930372149	41
1583	0.10084033613445377	43
1600	0.6722689075630252	51
1617	0.0	28
1634	0.03841536614645858	5
1651	2.060024009603841	37
1668	1.6566626650660263	37
1685	1.118847539015606	25
1702	0.052821128451380546	10
1719	0.4801920768307323	25
1736	0.60984393757503	27
1753	0.18247298919567825	11
1770	0.028811524609843934	13
1787	0.0	1
1804	0.09123649459783913	15
1821	0.3409363745498199	13
1838	1.032412965186074	23
1855	0.5714285714285714	10
1872	1.1764705882352942	28
1889	0.057623049219687875	16
1906	0.6434573829531812	33
1923	0.014405762304921969	23
1940	0.13445378151260504	12
1957	0.024009603841536612	7
1974	2.6170468187274913	53
1991	0.7490996398559424	35
2008	0.6050420168067226	18

Run 29
2	0.0	47
19	6.34813925570228	107
36	0.0	88
53	2.276110444177671	75
70	1.0516206482593038	75
87	3.5438175270108045	72
104	3.4669867947178874	57
121	1.4261704681872747	84
138	0.19687875150060022	21
155	5.32533013205282	60
172	0.3457382953181272	68
189	0.24969987995198076	84
206	1.738295318127251	84
223	1.056422569027611	56
240	0.7779111644657862	66
257	2.953181272509003	83
274	0.8259303721488594	88
291	2.1368547418967587	28
308	0.1920768307322929	81
325	1.656662665066026	26
342	1.5654261704681873	77
359	0.35054021608643454	75
376	1.7430972388955581	72
393	0.0	20
410	2.7659063625450178	73
427	0.0432172869147659	18
444	0.45138055222088835	55
461	0.0	71
478	0.7923169267707083	87
495	0.9795918367346937	93
512	1.8343337334933971	57
529	2.0408163265306123	76
546	0.7346938775510204	25
563	6.540216086434573	82
580	0.39375750300120044	63
597	0.19687875150060022	53
614	3.188475390156062	45
631	3.3085234093637457	69
648	1.4789915966386555	107
665	0.15366146458583432	57
682	3.8895558223289317	84
699	0.35054021608643454	20
716	1.3301320528211285	66
733	0.9891956782713085	56
750	0.7058823529411764	14
767	3.6110444177671064	81
784	0.979591836734694	27
801	0.0864345738295318	54
818	0.0	82
835	1.8823529411764706	75
852	0.595438175270108	42
869	1.5414165666266504	78
886	0.6002400960384153	64
903	0.8115246098439376	84
920	1.1428571428571428	64
937	2.7274909963985596	69
954	0.6914765906362544	62
971	2.4201680672268906	67
988	0.6530612244897958	36
1005	2.396158463385354	95
1022	2.9387755102040813	54
1039	1.2244897959183674	56
1056	0.2016806722689075	63
1073	0.7971188475390155	76
1090	0.4033613445378151	122
1107	1.997599039615846	111
1124	2.0936374549819923	26
1141	1.3829531812725089	78
1158	0.566626650660264	60
1175	2.732292917166866	67
1192	1.3925570228091235	61
1209	1.6326530612244896	59
1226	0.9027611044417767	90
1243	0.27370948379351734	51
1260	0.7731092436974789	125
1277	2.127250900360144	74
1294	0.12965186074429771	109
1311	2.400960384153661	74
1328	0.45138055222088835	27
1345	2.7370948379351736	65
1362	1.7767106842737093	61
1379	0.03361344537815126	13
1396	3.769507803121248	64
1413	0.893157262905162	66
1430	1.1284513805522207	68
1447	1.4261704681872749	53
1464	3.3229291716686675	92
1481	2.9003601440576228	72
1498	1.027611044417767	50
1515	0.06722689075630252	116
1532	1.0180072028811524	73
1549	1.5846338535414166	68
1566	2.881152460984393	78
1583	6.482593037214885	104
1600	0.0	62
1617	0.5042016806722689	20
1634	0.4801920768307322	93
1651	1.2292917166866746	85
1668	0.5570228091236494	17
1685	0.7250900360144057	77
1702	2.4201680672268906	63
1719	0.07683073229291716	13
1736	0.432172869147659	28
1753	0.0432172869147659	75
1770	0.06242496998799519	61
1787	2.9915966386554618	65
1804	0.42256902761104437	62
1821	0.864345738295318	85
1838	0.25930372148859543	72
1855	0.9603841536614646	38
1872	1.6326530612244898	72
1889	1.2196878751500597	61
1906	1.4213685474189675	65
1923	1.5846338535414164	71
1940	1.4645858343337335	74
1957	0.0	90
1974	5.032412965186075	74
1991	1.8823529411764703	73
2008	0.052821128451380546	87
