10
15
w 6 6
w 8 9
w 1 6
w 0 10
w 2 12
w 7 11
w 0 3
w 5 8
w 2 9
w 4 4
w 6 3
w 2 13
w 0 11
w 9 11
w 3 6
w 4 1
w 5 4
w 8 2
w 4 14
w 0 12
w 7 5
w 2 3
w 8 7
w 4 2
w 1 0
w 0 8
w 9 6
w 9 13
w 8 3
w 7 0
w 6 8
w 2 0
w 6 13
w 1 7
w 9 5
w 2 4
w 9 12
p 8 13
p 9 1
p 3 0
p 2 8
p 5 6
p 7 12
p 3 11
p 0 7
p 5 13
p 4 12
p 9 4
p 5 1
p 2 5
p 6 14
p 4 0
p 8 14
p 9 0
p 5 5
p 6 10
p 1 14
p 4 13
p 1 5
p 7 10
p 0 4
p 3 4
p 1 1
p 9 7
p 6 4
p 3 2
p 9 14
p 5 11
p 7 1
p 6 11
p 1 13
p 6 0
p 1 4
p 3 9
p 0 5
p 4 11
p 7 9
p 2 7
p 7 8
p 3 12
p 4 6
p 1 12
p 8 12
p 9 2
p 7 13
p 2 11
p 0 13
p 7 4
p 5 14
p 1 8
p 0 9
p 5 2
p 8 4
m0 0 14
m1 0 14
m2 0 14
1 9 0
2 9 0
3 9 0
t 300 0
m0 0 13
m1 0 14
m2 1 14
1 9 1
2 8 0
3 8 0
t 299 2
m0 1 13
m1 0 14
m2 1 13
1 9 0
2 8 1
3 8 1
t 298 3
m0 1 13
m1 0 13
m2 1 12
1 8 0
2 7 1
3 9 1
t 297 4
m0 1 12
m1 0 14
m2 1 11
1 9 0
2 7 2
3 8 1
t 296 4
m0 1 11
m1 0 14
m2 2 11
1 9 1
2 7 3
3 9 1
t 295 5
m0 2 11
m1 0 14
m2 3 11
1 9 0
2 7 4
3 9 0
t 294 6
m0 2 11
m1 0 14
m2 3 12
1 8 0
2 8 4
3 8 0
t 293 7
m0 2 11
m1 0 13
m2 4 12
1 8 1
2 8 5
3 8 1
t 292 8
m0 1 11
m1 1 13
m2 4 11
1 8 0
2 8 4
3 9 1
t 291 9
m0 1 12
m1 0 13
m2 5 11
1 8 1
2 8 5
3 9 0
t 290 10
m0 1 13
m1 0 14
m2 6 11
1 9 1
2 8 6
3 8 0
t 289 11
m0 0 13
m1 0 14
m2 6 10
1 9 0
2 7 6
3 8 1
t 288 12
m0 0 13
m1 0 14
m2 7 10
1 8 0
2 7 7
3 9 1
t 287 13
m0 0 13
m1 0 13
m2 7 9
1 9 0
2 6 7
3 8 1
t 286 14
m0 0 13
m1 0 13
m2 7 8
1 8 0
2 5 7
3 8 0
t 285 15
m0 0 13
m1 0 14
m2 7 9
1 9 0
2 5 6
3 9 0
t 284 15
m0 0 13
m1 0 14
m2 6 9
1 8 0
2 5 7
3 8 0
t 283 15
m0 0 13
m1 0 14
m2 5 9
1 9 0
2 6 7
3 9 0
t 282 15
m0 0 13
m1 1 14
m2 5 9
1 8 0
2 7 7
3 9 1
t 281 15
m0 1 13
m1 0 14
m2 5 9
1 8 1
2 6 7
3 9 2
t 280 15
m0 0 13
m1 1 14
m2 6 9
1 7 1
2 5 7
3 9 1
t 279 15
m0 1 13
m1 0 14
m2 6 9
1 7 2
2 6 7
3 8 1
t 278 15
m0 0 13
m1 0 13
m2 6 10
1 7 1
2 7 7
3 7 1
t 277 15
m0 0 13
m1 0 14
m2 6 9
1 7 2
2 7 6
3 8 1
t 276 15
m0 0 13
m1 0 14
m2 5 9
1 7 3
2 8 6
3 7 1
t 275 15
m0 0 13
m1 0 14
m2 6 9
1 7 4
2 7 6
3 7 2
t 274 15
m0 0 13
m1 1 14
m2 6 10
1 6 4
2 8 6
3 6 2
t 273 15
m0 1 13
m1 0 14
m2 5 10
1 6 5
2 8 5
3 7 2
t 272 15
m0 0 13
m1 1 14
m2 4 10
1 6 4
2 8 6
3 7 1
t 271 15
m0 1 13
m1 0 14
m2 4 9
1 6 5
2 7 6
3 6 1
t 270 15
m0 0 13
m1 0 14
m2 3 9
1 5 5
2 8 6
3 6 2
t 269 16
m0 0 13
m1 1 14
m2 3 8
1 6 5
2 8 5
3 5 2
t 268 16
m0 1 13
m1 0 14
m2 2 8
1 6 4
2 8 6
3 6 2
t 267 17
m0 0 13
m1 0 14
m2 2 7
1 7 4
2 7 6
3 5 2
t 266 18
m0 0 13
m1 0 14
m2 2 7
1 7 3
2 7 7
3 5 1
t 265 18
m0 0 13
m1 0 14
m2 2 7
1 7 4
2 6 7
3 5 0
t 264 18
m0 0 13
m1 0 14
m2 3 7
1 7 3
2 5 7
3 4 0
t 263 18
m0 0 13
m1 1 14
m2 4 7
1 7 4
2 6 7
3 3 0
t 262 18
m0 1 13
m1 1 14
m2 4 6
1 7 3
2 7 7
3 4 0
t 261 19
m0 1 12
m1 0 14
m2 5 6
1 7 4
2 6 7
3 3 0
t 260 20
m0 1 12
m1 0 14
m2 5 5
1 7 3
2 5 7
3 4 0
t 259 21
m0 1 12
m1 0 14
m2 4 5
1 7 2
2 5 6
3 3 0
t 258 21
m0 1 12
m1 0 14
m2 4 6
1 6 2
2 5 7
3 4 0
t 257 21
m0 1 12
m1 1 14
m2 4 5
1 6 1
2 6 7
3 3 0
t 256 21
m0 1 13
m1 0 14
m2 4 5
1 5 1
2 7 7
3 3 1
t 255 21
m0 0 13
m1 0 13
m2 5 5
1 6 1
2 6 7
3 2 1
t 254 21
m0 0 13
m1 0 14
m2 4 5
1 7 1
2 5 7
3 1 1
t 253 21
m0 0 13
m1 1 14
m2 3 5
1 7 2
2 5 6
3 0 1
t 252 21
m0 1 13
m1 0 14
m2 2 5
1 7 1
2 5 7
3 0 2
t 251 22
m0 0 13
m1 0 14
m2 1 5
1 6 1
2 6 7
3 0 1
t 250 23
m0 0 13
m1 1 14
m2 1 4
1 5 1
2 7 7
3 0 0
t 249 24
m0 1 13
m1 0 14
m2 0 4
1 5 2
2 7 6
3 0 1
t 248 25
m0 0 13
m1 0 14
m2 0 5
1 5 1
2 8 6
3 0 0
t 247 26
m0 0 13
m1 0 14
m2 0 6
1 5 0
2 8 5
3 0 1
t 246 26
m0 0 13
m1 1 14
m2 0 7
1 5 1
2 8 6
3 0 0
t 245 27
m0 1 13
m1 1 14
m2 0 7
1 5 2
2 7 6
3 0 1
t 244 27
m0 1 14
m1 1 14
m2 0 6
1 6 2
2 8 6
3 0 0
f 0 14
t 243 27
m0 0 14
m1 1 14
m2 0 6
1 7 2
2 7 6
3 0 1
t 242 37
m0 0 13
m1 2 14
m2 0 7
1 6 2
2 7 7
3 0 0
t 241 37
m0 1 13
m1 2 14
m2 0 7
1 5 2
2 7 6
3 0 1
t 240 37
m0 1 12
m1 1 14
m2 0 7
1 5 3
2 7 7
3 0 0
t 239 37
m0 1 13
m1 1 14
m2 0 6
1 4 3
2 7 8
3 0 1
t 238 37
m0 1 12
m1 1 14
m2 0 5
1 5 3
2 8 8
3 0 0
t 237 37
m0 1 13
m1 0 14
m2 0 6
1 5 2
2 9 8
3 0 1
t 236 37
m0 0 13
m1 1 14
m2 0 5
1 5 1
2 8 8
3 0 0
t 235 37
m0 1 13
m1 1 13
m2 0 5
1 5 0
2 7 8
3 0 1
t 234 37
m0 1 13
m1 1 14
m2 1 5
1 6 0
2 7 9
3 0 0
t 233 37
m0 1 12
m1 1 14
m2 1 4
1 6 1
2 7 10
3 0 1
t 232 37
m0 1 13
m1 0 14
m2 1 5
1 6 2
2 6 10
3 0 0
t 231 37
m0 0 13
m1 0 14
m2 2 5
1 6 1
2 6 9
3 0 1
t 230 37
m0 0 13
m1 0 14
m2 1 5
1 6 2
2 6 10
3 0 0
t 229 37
m0 0 13
m1 1 14
m2 0 5
1 7 2
2 6 11
3 0 1
t 228 37
m0 1 13
m1 0 14
m2 1 5
1 6 2
2 6 12
3 0 0
t 227 37
m0 0 13
m1 0 14
m2 0 5
1 7 2
2 7 12
3 0 1
t 226 37
m0 0 13
m1 1 14
m2 0 4
1 7 1
2 6 12
3 0 0
t 225 37
m0 1 13
m1 2 14
m2 0 5
1 7 2
2 6 11
3 0 1
t 224 37
m0 1 12
m1 1 14
m2 0 5
1 7 1
2 6 10
3 0 2
t 223 37
m0 1 13
m1 1 14
m2 0 6
1 8 1
2 5 10
3 1 2
t 222 37
m0 1 12
m1 0 14
m2 0 6
1 8 0
2 6 10
3 1 3
t 221 37
m0 1 12
m1 0 14
m2 0 6
1 8 1
2 5 10
3 1 2
t 220 37
m0 1 12
m1 0 14
m2 0 7
1 8 0
2 6 10
3 1 1
t 219 37
m0 1 12
m1 0 14
m2 0 6
1 8 1
2 6 11
3 1 2
t 218 37
m0 1 12
m1 0 14
m2 0 5
1 8 0
2 6 12
3 1 1
t 217 37
m0 1 12
m1 0 14
m2 0 6
1 9 0
2 7 12
3 1 2
t 216 37
m0 1 12
m1 0 14
m2 0 7
1 9 1
2 8 12
3 1 3
t 215 37
m0 1 12
m1 0 14
m2 0 6
1 9 2
2 8 13
3 1 4
t 214 37
m0 1 12
m1 0 14
m2 0 7
1 9 1
2 7 13
3 1 3
t 213 37
m0 1 12
m1 0 14
m2 0 6
1 8 1
2 7 14
3 1 4
t 212 37
m0 1 12
m1 0 14
m2 0 6
1 9 1
2 6 14
3 1 3
t 211 37
m0 1 12
m1 0 14
m2 0 7
1 9 0
2 7 14
3 1 2
t 210 37
m0 1 12
m1 0 14
m2 0 6
1 8 0
2 6 14
3 1 1
t 209 37
m0 1 12
m1 0 14
m2 0 6
1 8 1
2 5 14
3 1 2
t 208 37
m0 1 12
m1 0 14
m2 0 5
1 9 1
2 5 13
3 1 1
t 207 37
m0 1 12
m1 0 14
m2 1 5
1 9 2
2 5 12
3 1 2
t 206 37
m0 1 12
m1 0 14
m2 1 5
1 9 1
2 5 11
3 2 2
t 205 37
m0 1 12
m1 0 14
m2 0 5
1 9 2
2 5 12
3 1 2
t 204 37
m0 1 12
m1 0 14
m2 0 4
1 9 3
2 5 11
3 1 1
t 203 37
m0 1 12
m1 0 14
m2 0 4
1 9 4
2 5 12
3 2 1
t 202 37
m0 1 12
m1 1 14
m2 0 4
1 9 3
2 6 12
3 3 1
t 201 37
m0 1 13
m1 1 14
m2 0 5
1 9 4
2 7 12
3 3 0
t 200 37
m0 1 12
m1 0 14
m2 0 5
1 9 3
2 7 13
3 4 0
t 199 37
m0 1 12
m1 0 14
m2 0 5
1 9 2
2 7 12
3 5 0
t 198 37
m0 1 12
m1 0 14
m2 0 6
1 9 3
2 8 12
3 6 0
t 197 37
m0 1 12
m1 1 14
m2 0 5
1 9 4
2 7 12
3 6 1
t 196 37
m0 1 13
m1 0 14
m2 1 5
1 8 4
2 7 13
3 6 0
t 195 37
m0 0 13
m1 0 14
m2 0 5
1 8 5
2 7 12
3 5 0
t 194 37
m0 0 13
m1 1 14
m2 0 4
1 8 4
2 6 12
3 4 0
t 193 37
m0 1 13
m1 0 14
m2 0 5
1 7 4
2 7 12
3 5 0
t 192 37
m0 0 13
m1 0 14
m2 0 4
1 6 4
2 6 12
3 5 1
t 191 37
m0 0 13
m1 0 14
m2 0 5
1 7 4
2 6 11
3 5 2
t 190 37
m0 0 13
m1 0 14
m2 0 6
1 8 4
2 6 12
3 5 1
t 189 37
m0 0 13
m1 0 13
m2 0 7
1 9 4
2 5 12
3 6 1
t 188 37
m0 0 14
m1 0 13
m2 0 7
1 9 3
2 5 13
3 6 0
f 3 12
t 187 37
m0 1 14
m1 0 14
m2 0 6
1 9 4
2 5 14
3 5 0
t 186 37
m0 1 13
m1 0 13
m2 0 5
1 8 4
2 5 13
3 6 0
t 185 37
m0 1 14
m1 0 14
m2 0 5
1 9 4
2 4 13
3 5 0
t 184 37
m0 2 14
m1 0 14
m2 0 6
1 8 4
2 4 12
3 6 0
t 183 37
m0 1 14
m1 0 14
m2 0 6
1 8 5
2 5 12
3 5 0
t 182 37
m0 0 14
m1 1 14
m2 0 6
1 8 6
2 5 13
3 6 0
t 181 37
m0 1 14
m1 0 14
m2 0 7
1 7 6
2 5 14
3 5 0
t 180 37
m0 1 13
m1 0 13
m2 0 7
1 8 6
2 6 14
3 6 0
t 179 37
m0 1 14
m1 0 14
m2 0 7
1 7 6
2 7 14
3 5 0
t 178 37
m0 0 14
m1 0 14
m2 0 6
1 8 6
2 6 14
3 6 0
t 177 37
m0 1 14
m1 0 14
m2 0 5
1 8 5
2 5 14
3 5 0
t 176 37
m0 1 13
m1 0 14
m2 0 6
1 8 6
2 6 14
3 4 0
t 175 37
m0 1 14
m1 0 13
m2 0 5
1 7 6
2 5 14
3 5 0
t 174 37
m0 1 13
m1 0 14
m2 0 5
1 8 6
2 5 13
3 4 0
t 173 37
m0 1 14
m1 1 14
m2 0 5
1 7 6
2 5 14
3 5 0
t 172 37
m0 1 13
m1 0 14
m2 0 4
1 8 6
2 5 13
3 6 0
t 171 37
m0 1 14
m1 0 14
m2 0 4
1 7 6
2 5 14
3 5 0
t 170 37
m0 1 13
m1 0 14
m2 0 4
1 7 7
2 6 14
3 6 0
t 169 37
m0 1 14
m1 0 14
m2 0 4
1 7 8
2 5 14
3 5 0
t 168 37
m0 1 13
m1 0 14
m2 1 4
1 7 9
2 6 14
3 4 0
t 167 37
m0 1 14
m1 0 14
m2 0 4
1 6 9
2 7 14
3 3 0
t 166 37
m0 0 14
m1 0 13
m2 0 4
1 5 9
2 6 14
3 4 0
t 165 37
m0 1 14
m1 0 13
m2 0 5
1 4 9
2 7 14
3 5 0
t 164 37
m0 0 14
m1 0 14
m2 0 5
1 4 10
2 6 14
3 6 0
t 163 37
m0 1 14
m1 0 13
m2 1 5
1 4 11
2 7 14
3 6 1
t 162 37
m0 0 14
m1 0 13
m2 0 5
1 3 11
2 7 13
3 6 0
t 161 37
m0 1 14
m1 0 14
m2 0 4
1 4 11
2 7 14
3 5 0
t 160 37
m0 0 14
m1 0 14
m2 0 4
1 3 11
2 8 14
3 6 0
t 159 37
m0 1 14
m1 0 14
m2 0 4
1 3 10
2 8 13
3 6 1
t 158 37
m0 0 14
m1 0 13
m2 0 5
1 4 10
2 8 14
3 6 0
t 157 37
m0 1 14
m1 0 13
m2 0 6
1 4 9
2 9 14
3 6 1
t 156 37
m0 0 14
m1 0 13
m2 0 5
1 4 10
2 8 14
3 7 1
t 155 37
m0 1 14
m1 0 14
m2 0 4
1 4 9
2 9 14
3 8 1
t 154 37
m0 0 14
m1 1 14
m2 1 4
1 5 9
2 8 14
3 9 1
t 153 37
m0 1 14
m1 1 13
m2 1 5
1 4 9
2 9 14
3 9 0
t 152 37
m0 0 14
m1 0 13
m2 0 5
1 3 9
2 8 14
3 9 1
t 151 37
m0 1 14
m1 0 13
m2 0 6
1 3 8
2 9 14
3 9 0
t 150 37
m0 0 14
m1 0 14
m2 0 5
1 3 9
2 8 14
3 9 1
t 149 37
m0 1 14
m1 0 14
m2 0 5
1 3 10
2 9 14
3 9 0
t 148 37
m0 0 14
m1 0 14
m2 1 5
1 4 10
2 8 14
3 8 0
t 147 37
m0 1 14
m1 0 14
m2 1 5
1 5 10
2 9 14
3 9 0
t 146 37
m0 0 14
m1 0 14
m2 0 5
1 4 10
2 8 14
3 9 1
t 145 37
m0 1 14
m1 0 14
m2 0 4
1 4 11
2 9 14
3 9 0
t 144 37
m0 0 14
m1 0 14
m2 0 5
1 4 10
2 8 14
3 9 1
t 143 37
m0 1 14
m1 0 14
m2 0 4
1 3 10
2 8 13
3 9 0
t 142 37
m0 0 14
m1 0 13
m2 0 4
1 4 10
2 7 13
3 9 1
t 141 37
m0 1 14
m1 0 14
m2 0 5
1 4 9
2 8 13
3 9 0
t 140 37
m0 0 14
m1 0 14
m2 0 6
1 5 9
2 8 14
3 8 0
t 139 37
m0 1 14
m1 0 13
m2 0 6
1 5 10
2 7 14
3 9 0
t 138 37
m0 0 14
m1 0 13
m2 0 7
1 6 10
2 8 14
3 8 0
t 137 37
m0 1 14
m1 0 14
m2 0 6
1 6 9
2 8 13
3 9 0
t 136 37
m0 0 14
m1 1 14
m2 0 6
1 5 9
2 7 13
3 9 1
t 135 37
m0 1 14
m1 0 14
m2 0 5
1 5 10
2 7 14
3 9 0
t 134 37
m0 0 14
m1 0 13
m2 0 4
1 4 10
2 7 13
3 9 1
t 133 37
m0 1 14
m1 0 14
m2 1 4
1 4 9
2 7 14
3 9 0
t 132 37
m0 0 14
m1 0 14
m2 1 3
1 5 9
2 8 14
3 8 0
t 131 37
m0 1 14
m1 0 14
m2 1 3
1 4 9
2 9 14
3 9 0
t 130 37
m0 0 14
m1 0 14
m2 1 3
1 4 10
2 8 14
3 9 1
t 129 37
m0 1 14
m1 0 14
m2 1 3
1 4 9
2 9 14
3 9 0
t 128 37
m0 0 14
m1 0 14
m2 1 2
1 4 10
2 8 14
3 9 1
t 127 37
m0 1 14
m1 0 14
m2 1 1
1 3 10
2 8 13
3 8 1
t 126 38
m0 0 14
m1 0 14
m2 1 2
1 3 9
2 8 14
3 9 1
t 125 38
m0 1 14
m1 0 14
m2 0 2
1 3 8
2 9 14
3 8 1
t 124 38
m0 0 14
m1 0 14
m2 0 2
1 2 8
2 8 14
3 8 0
t 123 38
m0 1 14
m1 0 14
m2 0 1
1 3 8
2 7 14
3 8 1
t 122 38
m0 0 14
m1 0 13
m2 0 2
1 3 7
2 7 13
3 9 1
t 121 38
m0 1 14
m1 0 14
m2 0 2
1 2 7
2 7 14
3 9 0
t 120 38
m0 0 14
m1 0 13
m2 0 2
1 3 7
2 7 13
3 8 0
t 119 38
m0 1 14
m1 0 14
m2 0 2
1 4 7
2 7 12
3 9 0
t 118 38
m0 0 14
m1 0 14
m2 0 1
1 5 7
2 8 12
3 9 1
t 117 38
m0 1 14
m1 0 14
m2 0 0
1 5 6
2 8 11
3 9 0
t 116 38
m0 0 14
m1 0 13
m2 0 0
1 5 5
2 8 12
3 9 1
t 115 38
m0 1 14
m1 0 13
m2 0 1
1 6 5
2 8 13
3 9 0
t 114 38
m0 0 14
m1 0 13
m2 1 1
1 5 5
2 8 14
3 8 0
t 113 38
m0 1 14
m1 0 13
m2 0 1
1 6 5
2 8 13
3 9 0
t 112 38
m0 0 14
m1 0 14
m2 0 2
1 5 5
2 8 14
3 8 0
t 111 38
m0 1 14
m1 0 13
m2 0 2
1 4 5
2 7 14
3 9 0
t 110 38
m0 0 14
m1 0 13
m2 0 1
1 4 6
2 7 13
3 8 0
t 109 38
m0 1 14
m1 0 14
m2 0 1
1 4 7
2 7 12
3 9 0
t 108 38
m0 0 14
m1 0 14
m2 1 1
1 4 6
2 8 12
3 9 1
t 107 38
m0 1 14
m1 0 14
m2 1 1
1 5 6
2 8 11
3 9 0
t 106 38
m0 0 14
m1 0 14
m2 1 1
1 5 7
2 8 12
3 9 1
t 105 38
m0 1 14
m1 1 14
m2 1 1
1 5 6
2 8 13
3 9 0
t 104 38
m0 0 14
m1 1 13
m2 1 1
1 5 7
2 8 14
3 9 1
t 103 38
m0 1 14
m1 1 12
m2 0 1
1 5 6
2 9 14
3 9 0
t 102 38
m0 0 14
m1 1 12
m2 0 1
1 4 6
2 8 14
3 9 1
t 101 38
m0 1 14
m1 1 12
m2 0 0
1 4 5
2 9 14
3 9 2
t 100 38
m0 0 14
m1 1 12
m2 0 0
1 5 5
2 8 14
3 9 1
t 99 38
m0 1 14
m1 1 11
m2 0 0
1 5 6
2 9 14
3 9 0
t 98 38
m0 0 14
m1 1 12
m2 0 0
1 5 5
2 8 14
3 9 1
t 97 38
m0 1 14
m1 1 12
m2 0 0
1 4 5
2 9 14
3 9 2
t 96 38
m0 0 14
m1 1 13
m2 0 0
1 3 5
2 8 14
3 9 3
t 95 38
m0 1 14
m1 0 13
m2 0 0
1 4 5
2 8 13
3 9 4
t 94 38
m0 0 14
m1 0 14
m2 0 1
1 4 6
2 8 14
3 9 3
t 93 38
m0 1 14
m1 0 13
m2 0 0
1 4 5
2 7 14
3 9 4
t 92 38
m0 0 14
m1 0 13
m2 0 0
1 3 5
2 6 14
3 9 3
t 91 38
m0 1 14
m1 0 13
m2 0 0
1 4 5
2 7 14
3 9 2
t 90 38
m0 0 14
m1 0 13
m2 0 0
1 4 6
2 6 14
3 9 3
t 89 38
m0 1 14
m1 1 13
m2 0 1
1 5 6
2 7 14
3 9 4
t 88 38
m0 0 14
m1 1 12
m2 0 2
1 5 5
2 6 14
3 9 3
t 87 38
m0 1 14
m1 1 11
m2 0 1
1 5 6
2 7 14
3 9 2
t 86 38
m0 0 14
m1 1 12
m2 0 1
1 5 7
2 8 14
3 9 3
t 85 38
m0 1 14
m1 1 12
m2 0 0
1 6 7
2 8 13
3 9 2
t 84 38
m0 0 14
m1 1 11
m2 0 0
1 7 7
2 8 14
3 9 1
t 83 38
m0 1 14
m1 2 11
m2 0 0
1 6 7
2 9 14
3 9 2
t 82 38
m0 0 14
m1 2 11
m2 0 1
1 5 7
2 8 14
3 9 3
t 81 38
m0 1 14
m1 2 11
m2 0 0
1 6 7
2 9 14
3 9 2
t 80 38
m0 0 14
m1 2 11
m2 0 1
1 5 7
2 8 14
3 9 1
t 79 38
m0 1 14
m1 2 11
m2 0 1
1 6 7
2 9 14
3 9 0
t 78 38
m0 0 14
m1 2 11
m2 0 2
1 5 7
2 8 14
3 8 0
t 77 38
m0 1 14
m1 2 11
m2 0 2
1 6 7
2 8 13
3 9 0
t 76 38
m0 0 14
m1 2 11
m2 1 2
1 7 7
2 8 14
3 8 0
t 75 38
m0 1 14
m1 3 11
m2 2 2
1 6 7
2 9 14
3 9 0
t 74 38
m0 0 14
m1 2 11
m2 3 2
1 7 7
2 8 14
3 9 1
t 73 39
m0 1 14
m1 2 11
m2 3 1
1 6 7
2 9 14
3 9 2
t 72 39
m0 0 14
m1 2 11
m2 3 0
1 7 7
2 8 14
3 9 3
t 71 40
m0 1 14
m1 2 11
m2 4 0
1 6 7
2 7 14
3 9 2
t 70 41
m0 0 14
m1 1 11
m2 3 0
1 5 7
2 8 14
3 9 1
t 69 41
m0 1 14
m1 1 12
m2 4 0
1 5 6
2 9 14
3 9 2
t 68 41
m0 0 14
m1 1 12
m2 4 0
1 5 5
2 8 14
3 9 3
t 67 41
m0 1 14
m1 1 11
m2 5 0
1 5 6
2 9 14
3 9 2
t 66 41
m0 0 14
m1 1 12
m2 6 0
1 4 6
2 8 14
3 9 1
t 65 42
m0 1 14
m1 1 12
m2 6 0
1 4 7
2 7 14
3 8 1
t 64 42
m0 0 14
m1 1 12
m2 6 1
1 5 7
2 8 14
3 9 1
t 63 42
m0 1 14
m1 1 12
m2 7 1
1 5 6
2 7 14
3 9 0
t 62 43
m0 0 14
m1 1 11
m2 8 1
1 4 6
2 6 14
3 8 0
t 61 43
m0 1 14
m1 2 11
m2 9 1
1 4 7
2 5 14
3 8 1
t 60 44
m0 1 13
m1 2 11
m2 9 0
1 3 7
2 6 14
3 9 1
t 59 45
m0 1 14
m1 1 11
m2 8 0
1 4 7
2 5 14
3 9 2
t 58 45
m0 1 13
m1 1 12
m2 8 0
1 4 6
2 6 14
3 9 3
t 57 45
m0 1 14
m1 1 12
m2 9 0
1 4 5
2 5 14
3 9 4
t 56 45
m0 1 13
m1 1 11
m2 9 1
1 4 6
2 6 14
3 8 4
t 55 45
m0 1 14
m1 1 12
m2 9 2
1 5 6
2 5 14
3 9 4
t 54 46
m0 1 13
m1 1 11
m2 9 1
1 5 7
2 6 14
3 9 3
t 53 46
m0 1 14
m1 1 11
m2 8 1
1 5 6
2 7 14
3 9 2
t 52 46
m0 0 14
m1 2 11
m2 7 1
1 5 5
2 6 14
3 9 3
t 51 46
m0 1 14
m1 2 11
m2 7 1
1 5 6
2 7 14
3 9 4
t 50 46
m0 0 14
m1 2 11
m2 7 2
1 4 6
2 7 13
3 9 3
t 49 46
m0 1 14
m1 2 11
m2 7 1
1 4 7
2 7 14
3 9 2
t 48 46
m0 0 14
m1 1 11
m2 6 1
1 4 6
2 6 14
3 9 3
t 47 46
m0 1 14
m1 1 11
m2 5 1
1 5 6
2 5 14
3 9 4
t 46 47
m0 1 13
m1 1 11
m2 5 2
1 4 6
2 6 14
3 9 3
t 45 48
m0 1 14
m1 1 12
m2 5 1
1 5 6
2 5 14
3 9 2
t 44 48
m0 1 13
m1 1 11
m2 6 1
1 4 6
2 6 14
3 9 3
t 43 48
m0 1 14
m1 2 11
m2 6 0
1 5 6
2 7 14
3 9 2
t 42 48
m0 0 14
m1 2 11
m2 6 1
1 5 7
2 8 14
3 9 3
t 41 48
m0 1 14
m1 2 11
m2 7 1
1 5 6
2 8 13
3 9 4
t 40 48
m0 0 14
m1 2 11
m2 8 1
1 4 6
2 8 14
3 8 4
t 39 48
m0 1 14
m1 2 11
m2 9 1
1 4 5
2 7 14
3 9 4
t 38 48
m0 0 14
m1 1 11
m2 8 1
1 4 6
2 6 14
3 9 3
t 37 48
m0 1 14
m1 1 11
m2 8 0
1 5 6
2 7 14
3 9 2
t 36 48
m0 0 14
m1 1 12
m2 9 0
1 4 6
2 8 14
3 9 1
t 35 48
m0 1 14
m1 1 12
m2 -5 -5
1 5 6
2 8 13
3 9 0
t 34 48
m0 0 14
m1 1 12
m2 -5 -5
1 4 6
2 8 14
3 8 0
t 33 48
m0 1 14
m1 1 12
m2 -5 -5
1 4 5
2 8 13
3 8 1
t 32 48
m0 0 14
m1 1 11
m2 -5 -5
1 4 6
2 8 14
3 8 0
t 31 48
m0 1 14
m1 1 12
m2 -5 -5
1 5 6
2 8 13
3 9 0
t 30 48
m0 0 14
m1 1 12
m2 -5 -5
1 4 6
2 7 13
3 9 1
t 29 48
m0 1 14
m1 1 11
m2 -5 -5
1 5 6
2 7 12
3 9 0
t 28 48
m0 0 14
m1 2 11
m2 -5 -5
1 5 5
2 8 12
3 8 0
t 27 48
m0 1 14
m1 2 10
m2 -5 -5
1 4 5
2 7 12
3 9 0
t 26 48
m0 0 14
m1 3 10
m2 -5 -5
1 3 5
2 7 13
3 9 1
t 25 48
m0 1 14
m1 4 10
m2 -5 -5
1 2 5
2 8 13
3 9 0
t 24 48
m0 0 14
m1 4 9
m2 -5 -5
1 1 5
2 7 13
3 9 1
t 23 48
m0 1 14
m1 5 9
m2 -5 -5
1 0 5
2 8 13
3 9 0
t 22 48
m0 0 14
m1 4 9
m2 -5 -5
1 0 6
2 8 14
3 9 1
t 21 48
m0 1 14
m1 5 9
m2 -5 -5
1 0 5
2 8 13
3 9 0
t 20 48
m0 0 14
m1 4 9
m2 -5 -5
1 0 6
2 8 14
3 8 0
t 19 48
m0 1 14
m1 5 9
m2 -5 -5
1 0 7
2 8 13
3 9 0
t 18 48
m0 1 14
m1 5 9
m2 -5 -5
1 0 6
2 7 13
3 8 0
t 17 48
m0 0 14
m1 4 9
m2 -5 -5
1 0 5
2 8 13
3 9 0
t 16 48
m0 1 14
m1 4 9
m2 -5 -5
1 0 6
2 8 12
3 8 0
t 15 48
m0 1 14
m1 4 9
m2 -5 -5
1 0 7
2 8 11
3 9 0
t 14 48
m0 1 14
m1 4 9
m2 -5 -5
1 0 6
2 8 10
3 8 0
t 13 48
m0 1 14
m1 4 8
m2 -5 -5
1 0 5
2 7 10
3 9 0
t 12 48
m0 1 14
m1 4 7
m2 -5 -5
1 0 4
2 8 10
3 8 0
t 11 48
m0 1 14
m1 5 7
m2 -5 -5
1 0 5
2 9 10
3 9 0
t 10 48
m0 1 14
m1 5 7
m2 -5 -5
1 0 4
2 9 9
3 8 0
t 9 48
m0 1 14
m1 4 7
m2 -5 -5
1 0 5
2 9 8
3 8 1
t 8 48
m0 1 14
m1 5 7
m2 -5 -5
1 0 4
2 9 9
3 8 0
t 7 48
m0 1 14
m1 5 6
m2 -5 -5
1 0 5
2 9 8
3 9 0
t 6 48
m0 1 14
m1 5 6
m2 -5 -5
1 0 4
2 9 9
3 8 0
t 5 48
m0 1 14
m1 5 7
m2 -5 -5
1 1 4
2 9 8
3 9 0
t 4 48
m0 0 14
m1 5 6
m2 -5 -5
1 0 4
2 9 9
3 8 0
t 3 48
m0 1 14
m1 5 7
m2 -5 -5
1 0 5
2 9 10
3 9 0
t 2 48
m0 1 14
m1 6 7
m2 -5 -5
1 0 4
2 9 9
3 8 0
t 1 48
m0 1 14
m1 5 7
m2 -5 -5
1 0 4
2 9 9
3 8 0
t 0 48
