10
15
w 7 12
w 2 8
w 7 7
w 9 4
w 5 1
w 3 7
w 0 3
w 1 11
w 7 2
w 3 3
w 3 10
w 6 10
w 4 4
w 5 12
w 1 5
w 0 11
w 5 0
w 7 10
w 8 6
w 7 14
w 3 13
w 9 3
w 9 10
w 6 12
w 1 0
w 5 3
w 7 8
w 3 12
w 5 10
w 1 12
w 9 2
w 5 7
w 9 9
w 5 14
w 2 0
w 4 3
w 3 4
p 7 3
p 4 7
p 1 3
p 9 1
p 6 6
p 4 8
p 5 6
p 9 8
p 8 0
p 5 13
p 8 9
p 1 6
p 2 12
p 7 11
p 8 5
p 3 14
p 6 14
p 4 0
p 9 0
p 4 9
p 5 5
p 2 9
p 6 7
p 8 1
p 8 10
p 6 3
p 2 13
p 9 11
p 1 10
p 9 7
p 6 4
p 5 4
p 9 14
p 7 1
p 8 11
p 2 10
p 7 5
p 0 5
p 2 3
p 8 7
p 2 14
p 0 8
p 6 5
p 3 5
p 2 7
p 4 11
p 6 8
p 8 12
p 7 13
p 0 13
p 7 4
p 0 6
p 1 8
p 1 7
p 0 9
p 8 4
m0 0 14
m1 0 14
m2 0 14
1 9 0
2 9 0
3 9 0
t 300 0
m0 1 14
m1 1 14
m2 0 13
1 8 0
2 8 0
3 8 0
t 299 1
m0 2 14
m1 0 14
m2 1 13
1 9 0
2 8 1
3 9 0
t 298 2
m0 3 14
m1 0 14
m2 2 13
1 8 0
2 8 2
3 8 0
t 297 4
m0 4 14
m1 0 14
m2 2 12
1 9 0
2 8 3
3 9 0
t 296 5
m0 4 13
m1 0 14
m2 2 11
1 8 0
2 8 2
3 8 0
t 295 5
m0 5 13
m1 0 14
m2 2 10
1 9 0
2 8 3
3 9 0
t 294 7
m0 6 13
m1 0 14
m2 2 9
1 8 0
2 8 2
3 8 0
t 293 8
m0 7 13
m1 0 14
m2 3 9
1 9 0
2 8 3
3 9 0
t 292 9
m0 8 13
m1 0 14
m2 3 8
1 8 0
2 8 2
3 8 0
t 291 9
m0 9 13
m1 0 14
m2 4 8
1 9 0
2 8 1
3 9 0
t 290 10
m0 9 12
m1 0 14
m2 4 7
1 8 0
2 9 1
3 8 0
t 289 11
m0 9 11
m1 0 14
m2 4 6
1 9 0
2 8 1
3 9 0
t 288 12
m0 8 11
m1 0 14
m2 4 5
1 8 0
2 8 2
3 8 0
t 287 13
m0 9 11
m1 0 14
m2 3 5
1 9 0
2 8 1
3 9 0
t 286 14
m0 8 11
m1 0 14
m2 2 5
1 8 0
2 8 0
3 8 0
t 285 14
m0 9 11
m1 0 14
m2 3 5
1 9 0
2 9 0
3 9 0
t 284 14
m0 8 11
m1 0 14
m2 2 5
1 8 0
2 9 1
3 8 0
t 283 14
m0 9 11
m1 0 14
m2 3 5
1 9 0
2 9 0
3 9 0
f 6 1
t 282 14
m0 9 12
m1 0 14
m2 4 5
1 8 0
2 9 1
3 8 0
t 281 14
m0 9 13
m1 0 14
m2 4 5
1 9 0
2 9 0
3 9 0
t 280 14
m0 9 14
m1 0 14
m2 5 5
1 8 0
2 8 0
3 8 0
t 279 16
m0 9 14
m1 0 14
m2 5 4
1 9 0
2 9 0
3 9 0
t 278 17
m0 9 14
m1 0 14
m2 5 4
1 8 0
2 8 0
3 8 0
t 277 17
m0 9 14
m1 0 14
m2 5 4
1 9 0
2 8 1
3 9 0
t 276 17
m0 9 14
m1 0 14
m2 5 4
1 8 0
2 8 0
3 8 0
t 275 17
m0 9 14
m1 0 14
m2 5 4
1 9 0
2 9 0
3 9 0
t 274 17
m0 9 14
m1 0 14
m2 5 4
1 8 0
2 8 0
3 8 0
t 273 17
m0 9 14
m1 0 14
m2 5 4
1 9 0
2 9 0
3 9 0
t 272 17
m0 9 14
m1 0 14
m2 5 4
1 8 0
2 8 0
3 8 0
t 271 17
m0 9 14
m1 0 14
m2 5 4
1 9 0
2 9 0
3 9 0
t 270 17
m0 9 14
m1 0 14
m2 5 4
1 8 0
2 9 1
3 8 0
t 269 17
m0 9 14
m1 0 14
m2 5 4
1 9 0
2 9 0
3 9 0
t 268 17
m0 9 14
m1 0 14
m2 5 4
1 8 0
2 8 0
3 8 0
t 267 17
m0 9 14
m1 0 14
m2 5 4
1 9 0
2 7 0
3 9 0
t 266 17
m0 9 14
m1 0 14
m2 5 4
1 8 0
2 8 0
3 8 0
t 265 17
m0 9 14
m1 0 14
m2 5 4
1 9 0
2 9 0
3 9 0
t 264 17
m0 9 14
m1 0 14
m2 5 4
1 8 0
2 8 0
3 8 0
t 263 17
m0 9 14
m1 0 14
m2 5 4
1 9 0
2 7 0
3 9 0
t 262 17
m0 9 14
m1 0 14
m2 5 4
1 8 0
2 8 0
3 8 0
t 261 17
m0 9 14
m1 0 14
m2 5 4
1 9 0
2 9 0
3 9 0
t 260 17
m0 9 14
m1 0 14
m2 5 4
1 8 0
2 9 1
3 8 0
t 259 17
m0 9 14
m1 0 14
m2 5 4
1 9 0
2 8 1
3 9 0
t 258 17
m0 9 14
m1 0 14
m2 5 4
1 8 0
2 9 1
3 8 0
t 257 17
m0 9 14
m1 0 14
m2 5 4
1 9 0
2 9 0
3 9 0
t 256 17
m0 9 14
m1 0 14
m2 5 4
1 8 0
2 9 1
3 8 0
t 255 17
m0 9 14
m1 0 14
m2 5 4
1 9 0
2 9 0
3 9 0
t 254 17
m0 9 14
m1 0 14
m2 5 4
1 8 0
2 8 0
3 8 0
t 253 17
m0 9 14
m1 0 14
m2 5 4
1 9 0
2 9 0
3 9 0
t 252 17
m0 9 14
m1 0 14
m2 5 4
1 8 0
2 8 0
3 8 0
t 251 17
m0 9 14
m1 0 14
m2 5 4
1 9 0
2 7 0
3 9 0
t 250 17
m0 9 14
m1 0 14
m2 5 4
1 8 0
2 6 0
3 8 0
t 249 17
m0 9 14
m1 0 14
m2 5 4
1 9 0
2 6 1
3 9 0
t 248 17
m0 9 14
m1 0 14
m2 5 4
1 8 0
2 7 1
3 8 0
t 247 17
m0 9 14
m1 0 14
m2 5 4
1 9 0
2 7 0
3 9 0
t 246 17
m0 9 14
m1 0 14
m2 5 4
1 8 0
2 8 0
3 8 0
t 245 17
m0 9 14
m1 0 14
m2 5 4
1 9 0
2 9 0
3 9 0
t 244 17
m0 9 14
m1 0 14
m2 5 4
1 8 0
2 8 0
3 8 0
t 243 17
m0 9 14
m1 0 14
m2 5 4
1 9 0
2 9 0
3 9 0
t 242 17
m0 9 14
m1 0 14
m2 5 4
1 8 0
2 9 1
3 8 0
t 241 17
m0 9 14
m1 0 14
m2 5 4
1 9 0
2 9 0
3 9 0
t 240 17
m0 9 14
m1 0 14
m2 5 4
1 8 0
2 9 1
3 8 0
t 239 17
m0 9 14
m1 0 14
m2 5 4
1 9 0
2 9 0
3 9 0
t 238 17
m0 9 14
m1 0 14
m2 5 4
1 8 0
2 8 0
3 8 0
t 237 17
m0 9 14
m1 0 14
m2 5 4
1 9 0
2 9 0
3 9 0
t 236 17
m0 9 14
m1 0 14
m2 5 4
1 8 0
2 9 1
3 8 0
t 235 17
m0 9 14
m1 0 14
m2 5 4
1 9 0
2 9 0
3 9 0
t 234 17
m0 9 14
m1 0 14
m2 5 4
1 8 0
2 9 1
3 8 0
t 233 17
m0 9 14
m1 0 14
m2 5 4
1 9 0
2 9 0
3 9 0
t 232 17
m0 9 14
m1 0 14
m2 5 4
1 8 0
2 8 0
3 8 0
t 231 17
m0 9 14
m1 0 14
m2 5 4
1 9 0
2 9 0
3 9 0
t 230 17
m0 9 14
m1 0 14
m2 5 4
1 8 0
2 9 1
3 8 0
t 229 17
m0 9 14
m1 0 14
m2 5 4
1 9 0
2 9 0
3 9 0
t 228 17
m0 9 14
m1 0 14
m2 5 4
1 8 0
2 9 1
3 8 0
t 227 17
m0 9 14
m1 0 14
m2 5 4
1 9 0
2 9 0
3 9 0
t 226 17
m0 9 14
m1 0 14
m2 5 4
1 8 0
2 9 1
3 8 0
t 225 17
m0 9 14
m1 0 14
m2 5 4
1 9 0
2 9 0
3 9 0
t 224 17
m0 9 14
m1 0 14
m2 5 4
1 8 0
2 9 1
3 8 0
t 223 17
m0 9 14
m1 0 14
m2 5 4
1 9 0
2 9 0
3 9 0
t 222 17
m0 9 14
m1 0 14
m2 5 4
1 8 0
2 8 0
3 8 0
t 221 17
m0 9 14
m1 0 14
m2 5 4
1 9 0
2 9 0
3 9 0
t 220 17
m0 9 14
m1 0 14
m2 5 4
1 8 0
2 8 0
3 8 0
t 219 17
m0 9 14
m1 0 14
m2 5 4
1 9 0
2 9 0
3 9 0
t 218 17
m0 9 14
m1 0 14
m2 5 4
1 8 0
2 9 1
3 8 0
t 217 17
m0 9 14
m1 0 14
m2 5 4
1 9 0
2 9 0
3 9 0
t 216 17
m0 9 14
m1 0 14
m2 5 4
1 8 0
2 9 1
3 8 0
t 215 17
m0 9 14
m1 0 14
m2 5 4
1 9 0
2 9 0
3 9 0
t 214 17
m0 9 14
m1 0 14
m2 5 4
1 8 0
2 8 0
3 8 0
t 213 17
m0 9 14
m1 0 14
m2 5 4
1 9 0
2 9 0
3 9 0
t 212 17
m0 9 14
m1 0 14
m2 5 4
1 8 0
2 9 1
3 8 0
t 211 17
m0 9 14
m1 0 14
m2 5 4
1 9 0
2 8 1
3 9 0
t 210 17
m0 9 14
m1 0 14
m2 5 4
1 8 0
2 9 1
3 8 0
t 209 17
m0 9 14
m1 0 14
m2 5 4
1 9 0
2 9 0
3 9 0
t 208 17
m0 9 14
m1 0 14
m2 5 4
1 8 0
2 8 0
3 8 0
t 207 17
m0 9 14
m1 0 14
m2 5 4
1 9 0
2 9 0
3 9 0
t 206 17
m0 9 14
m1 0 14
m2 5 4
1 8 0
2 9 1
3 8 0
t 205 17
m0 9 14
m1 0 14
m2 5 4
1 9 0
2 9 0
3 9 0
t 204 17
m0 9 14
m1 0 14
m2 5 4
1 8 0
2 8 0
3 8 0
t 203 17
m0 9 14
m1 0 14
m2 5 4
1 9 0
2 7 0
3 9 0
t 202 17
m0 9 14
m1 0 14
m2 5 4
1 8 0
2 7 1
3 8 0
t 201 17
m0 9 14
m1 0 14
m2 5 4
1 9 0
2 7 0
3 9 0
t 200 17
m0 9 14
m1 0 14
m2 5 4
1 8 0
2 8 0
3 8 0
t 199 17
m0 9 14
m1 0 14
m2 5 4
1 9 0
2 9 0
3 9 0
t 198 17
m0 9 14
m1 0 14
m2 5 4
1 8 0
2 8 0
3 8 0
t 197 17
m0 9 14
m1 0 14
m2 5 4
1 9 0
2 9 0
3 9 0
t 196 17
m0 9 14
m1 0 14
m2 5 4
1 8 0
2 8 0
3 8 0
t 195 17
m0 9 14
m1 0 14
m2 5 4
1 9 0
2 9 0
3 9 0
t 194 17
m0 9 14
m1 0 14
m2 5 4
1 8 0
2 9 1
3 8 0
t 193 17
m0 9 14
m1 0 14
m2 5 4
1 9 0
2 9 0
3 9 0
t 192 17
m0 9 14
m1 0 14
m2 5 4
1 8 0
2 8 0
3 8 0
t 191 17
m0 9 14
m1 0 14
m2 5 4
1 9 0
2 9 0
3 9 0
t 190 17
m0 9 14
m1 0 14
m2 5 4
1 8 0
2 8 0
3 8 0
t 189 17
m0 9 14
m1 0 14
m2 5 4
1 9 0
2 9 0
3 9 0
t 188 17
m0 9 14
m1 0 14
m2 5 4
1 8 0
2 9 1
3 8 0
t 187 17
m0 9 14
m1 0 14
m2 5 4
1 9 0
2 9 0
3 9 0
t 186 17
m0 9 14
m1 0 14
m2 5 4
1 8 0
2 8 0
3 8 0
t 185 17
m0 9 14
m1 0 14
m2 5 4
1 9 0
2 9 0
3 9 0
t 184 17
m0 9 14
m1 0 14
m2 5 4
1 8 0
2 8 0
3 8 0
t 183 17
m0 9 14
m1 0 14
m2 5 4
1 9 0
2 9 0
3 9 0
t 182 17
m0 9 14
m1 0 14
m2 5 4
1 8 0
2 8 0
3 8 0
t 181 17
m0 9 14
m1 0 14
m2 5 4
1 9 0
2 9 0
3 9 0
t 180 17
m0 9 14
m1 0 14
m2 5 4
1 8 0
2 9 1
3 8 0
t 179 17
m0 9 14
m1 0 14
m2 5 4
1 9 0
2 9 0
3 9 0
t 178 17
m0 9 14
m1 0 14
m2 5 4
1 8 0
2 8 0
3 8 0
t 177 17
m0 9 14
m1 0 14
m2 5 4
1 9 0
2 9 0
3 9 0
t 176 17
m0 9 14
m1 0 14
m2 5 4
1 8 0
2 8 0
3 8 0
t 175 17
m0 9 14
m1 0 14
m2 5 4
1 9 0
2 9 0
3 9 0
t 174 17
m0 9 14
m1 0 14
m2 5 4
1 8 0
2 8 0
3 8 0
t 173 17
m0 9 14
m1 0 14
m2 5 4
1 9 0
2 7 0
3 9 0
t 172 17
m0 9 14
m1 0 14
m2 5 4
1 8 0
2 8 0
3 8 0
t 171 17
m0 9 14
m1 0 14
m2 5 4
1 9 0
2 9 0
3 9 0
t 170 17
m0 9 14
m1 0 14
m2 5 4
1 8 0
2 8 0
3 8 0
t 169 17
m0 9 14
m1 0 14
m2 5 4
1 9 0
2 9 0
3 9 0
t 168 17
m0 9 14
m1 0 14
m2 5 4
1 8 0
2 9 1
3 8 0
t 167 17
m0 9 14
m1 0 14
m2 5 4
1 9 0
2 9 0
3 9 0
t 166 17
m0 9 14
m1 0 14
m2 5 4
1 8 0
2 9 1
3 8 0
t 165 17
m0 9 14
m1 0 14
m2 5 4
1 9 0
2 8 1
3 9 0
t 164 17
m0 9 14
m1 0 14
m2 5 4
1 8 0
2 8 0
3 8 0
t 163 17
m0 9 14
m1 0 14
m2 5 4
1 9 0
2 9 0
3 9 0
t 162 17
m0 9 14
m1 0 14
m2 5 4
1 8 0
2 9 1
3 8 0
t 161 17
m0 9 14
m1 0 14
m2 5 4
1 9 0
2 9 0
3 9 0
t 160 17
m0 9 14
m1 0 14
m2 5 4
1 8 0
2 9 1
3 8 0
t 159 17
m0 9 14
m1 0 14
m2 5 4
1 9 0
2 8 1
3 9 0
t 158 17
m0 9 14
m1 0 14
m2 5 4
1 8 0
2 8 0
3 8 0
t 157 17
m0 9 14
m1 0 14
m2 5 4
1 9 0
2 8 1
3 9 0
t 156 17
m0 9 14
m1 0 14
m2 5 4
1 8 0
2 8 2
3 8 0
t 155 17
m0 9 14
m1 0 14
m2 5 4
1 9 0
2 8 3
3 9 0
t 154 17
m0 9 14
m1 0 14
m2 5 4
1 8 0
2 8 2
3 8 0
t 153 17
m0 9 14
m1 0 14
m2 5 4
1 9 0
2 8 3
3 9 0
t 152 17
m0 9 14
m1 0 14
m2 5 4
1 8 0
2 8 2
3 8 0
t 151 17
m0 9 14
m1 0 14
m2 5 4
1 9 0
2 8 1
3 9 0
t 150 17
m0 9 14
m1 0 14
m2 5 4
1 8 0
2 9 1
3 8 0
t 149 17
m0 9 14
m1 0 14
m2 5 4
1 9 0
2 9 0
3 9 0
t 148 17
m0 9 14
m1 0 14
m2 5 4
1 8 0
2 8 0
3 8 0
t 147 17
m0 9 14
m1 0 14
m2 5 4
1 9 0
2 9 0
3 9 0
t 146 17
m0 9 14
m1 0 14
m2 5 4
1 8 0
2 9 1
3 8 0
t 145 17
m0 9 14
m1 0 14
m2 5 4
1 9 0
2 8 1
3 9 0
t 144 17
m0 9 14
m1 0 14
m2 5 4
1 8 0
2 9 1
3 8 0
t 143 17
m0 9 14
m1 0 14
m2 5 4
1 9 0
2 8 1
3 9 0
t 142 17
m0 9 14
m1 0 14
m2 5 4
1 8 0
2 9 1
3 8 0
t 141 17
m0 9 14
m1 0 14
m2 5 4
1 9 0
2 8 1
3 9 0
t 140 17
m0 9 14
m1 0 14
m2 5 4
1 8 0
2 9 1
3 8 0
t 139 17
m0 9 14
m1 0 14
m2 5 4
1 9 0
2 8 1
3 9 0
t 138 17
m0 9 14
m1 0 14
m2 5 4
1 8 0
2 9 1
3 8 0
t 137 17
m0 9 14
m1 0 14
m2 5 4
1 9 0
2 9 0
3 9 0
t 136 17
m0 9 14
m1 0 14
m2 5 4
1 8 0
2 9 1
3 8 0
t 135 17
m0 9 14
m1 0 14
m2 5 4
1 9 0
2 9 0
3 9 0
t 134 17
m0 9 14
m1 0 14
m2 5 4
1 8 0
2 8 0
3 8 0
t 133 17
m0 9 14
m1 0 14
m2 5 4
1 9 0
2 9 0
3 9 0
t 132 17
m0 9 14
m1 0 14
m2 5 4
1 8 0
2 9 1
3 8 0
t 131 17
m0 9 14
m1 0 14
m2 5 4
1 9 0
2 9 0
3 9 0
t 130 17
m0 9 14
m1 0 14
m2 5 4
1 8 0
2 9 1
3 8 0
t 129 17
m0 9 14
m1 0 14
m2 5 4
1 9 0
2 9 0
3 9 0
t 128 17
m0 9 14
m1 0 14
m2 5 4
1 8 0
2 8 0
3 8 0
t 127 17
m0 9 14
m1 0 14
m2 5 4
1 9 0
2 7 0
3 9 0
t 126 17
m0 9 14
m1 0 14
m2 5 4
1 8 0
2 7 1
3 8 0
t 125 17
m0 9 14
m1 0 14
m2 5 4
1 9 0
2 7 0
3 9 0
t 124 17
m0 9 14
m1 0 14
m2 5 4
1 8 0
2 7 1
3 8 0
t 123 17
m0 9 14
m1 0 14
m2 5 4
1 9 0
2 8 1
3 9 0
t 122 17
m0 9 14
m1 0 14
m2 5 4
1 8 0
2 8 0
3 8 0
t 121 17
m0 9 14
m1 0 14
m2 5 4
1 9 0
2 9 0
3 9 0
t 120 17
m0 9 14
m1 0 14
m2 5 4
1 8 0
2 8 0
3 8 0
t 119 17
m0 9 14
m1 0 14
m2 5 4
1 9 0
2 9 0
3 9 0
t 118 17
m0 9 14
m1 0 14
m2 5 4
1 8 0
2 9 1
3 8 0
t 117 17
m0 9 14
m1 0 14
m2 5 4
1 9 0
2 9 0
3 9 0
t 116 17
m0 9 14
m1 0 14
m2 5 4
1 8 0
2 9 1
3 8 0
t 115 17
m0 9 14
m1 0 14
m2 5 4
1 9 0
2 9 0
3 9 0
t 114 17
m0 9 14
m1 0 14
m2 5 4
1 8 0
2 9 1
3 8 0
t 113 17
m0 9 14
m1 0 14
m2 5 4
1 9 0
2 9 0
3 9 0
t 112 17
m0 9 14
m1 0 14
m2 5 4
1 8 0
2 9 1
3 8 0
t 111 17
m0 9 14
m1 0 14
m2 5 4
1 9 0
2 9 0
3 9 0
t 110 17
m0 9 14
m1 0 14
m2 5 4
1 8 0
2 9 1
3 8 0
t 109 17
m0 9 14
m1 0 14
m2 5 4
1 9 0
2 9 0
3 9 0
t 108 17
m0 9 14
m1 0 14
m2 5 4
1 8 0
2 8 0
3 8 0
t 107 17
m0 9 14
m1 0 14
m2 5 4
1 9 0
2 9 0
3 9 0
t 106 17
m0 9 14
m1 0 14
m2 5 4
1 8 0
2 9 1
3 8 0
t 105 17
m0 9 14
m1 0 14
m2 5 4
1 9 0
2 9 0
3 9 0
t 104 17
m0 9 14
m1 0 14
m2 5 4
1 8 0
2 9 1
3 8 0
t 103 17
m0 9 14
m1 0 14
m2 5 4
1 9 0
2 8 1
3 9 0
t 102 17
m0 9 14
m1 0 14
m2 5 4
1 8 0
2 8 0
3 8 0
t 101 17
m0 9 14
m1 0 14
m2 5 4
1 9 0
2 7 0
3 9 0
t 100 17
m0 9 14
m1 0 14
m2 5 4
1 8 0
2 8 0
3 8 0
t 99 17
m0 9 14
m1 0 14
m2 5 4
1 9 0
2 9 0
3 9 0
t 98 17
m0 9 14
m1 0 14
m2 5 4
1 8 0
2 9 1
3 8 0
t 97 17
m0 9 14
m1 0 14
m2 5 4
1 9 0
2 8 1
3 9 0
t 96 17
m0 9 14
m1 0 14
m2 5 4
1 8 0
2 9 1
3 8 0
t 95 17
m0 9 14
m1 0 14
m2 5 4
1 9 0
2 9 0
3 9 0
t 94 17
m0 9 14
m1 0 14
m2 5 4
1 8 0
2 9 1
3 8 0
t 93 17
m0 9 14
m1 0 14
m2 5 4
1 9 0
2 9 0
3 9 0
t 92 17
m0 9 14
m1 0 14
m2 5 4
1 8 0
2 8 0
3 8 0
t 91 17
m0 9 14
m1 0 14
m2 5 4
1 9 0
2 9 0
3 9 0
t 90 17
m0 9 14
m1 0 14
m2 5 4
1 8 0
2 9 1
3 8 0
t 89 17
m0 9 14
m1 0 14
m2 5 4
1 9 0
2 9 0
3 9 0
t 88 17
m0 9 14
m1 0 14
m2 5 4
1 8 0
2 8 0
3 8 0
t 87 17
m0 9 14
m1 0 14
m2 5 4
1 9 0
2 9 0
3 9 0
t 86 17
m0 9 14
m1 0 14
m2 5 4
1 8 0
2 9 1
3 8 0
t 85 17
m0 9 14
m1 0 14
m2 5 4
1 9 0
2 8 1
3 9 0
t 84 17
m0 9 14
m1 0 14
m2 5 4
1 8 0
2 9 1
3 8 0
t 83 17
m0 9 14
m1 0 14
m2 5 4
1 9 0
2 8 1
3 9 0
t 82 17
m0 9 14
m1 0 14
m2 5 4
1 8 0
2 9 1
3 8 0
t 81 17
m0 9 14
m1 0 14
m2 5 4
1 9 0
2 9 0
3 9 0
t 80 17
m0 9 14
m1 0 14
m2 5 4
1 8 0
2 8 0
3 8 0
t 79 17
m0 9 14
m1 0 14
m2 5 4
1 9 0
2 9 0
3 9 0
t 78 17
m0 9 14
m1 0 14
m2 5 4
1 8 0
2 9 1
3 8 0
t 77 17
m0 9 14
m1 0 14
m2 5 4
1 9 0
2 9 0
3 9 0
t 76 17
m0 9 14
m1 0 14
m2 5 4
1 8 0
2 8 0
3 8 0
t 75 17
m0 9 14
m1 0 14
m2 5 4
1 9 0
2 8 1
3 9 0
t 74 17
m0 9 14
m1 0 14
m2 5 4
1 8 0
2 9 1
3 8 0
t 73 17
m0 9 14
m1 0 14
m2 5 4
1 9 0
2 9 0
3 9 0
t 72 17
m0 9 14
m1 0 14
m2 5 4
1 8 0
2 9 1
3 8 0
t 71 17
m0 9 14
m1 0 14
m2 5 4
1 9 0
2 9 0
3 9 0
t 70 17
m0 9 14
m1 0 14
m2 5 4
1 8 0
2 8 0
3 8 0
t 69 17
m0 9 14
m1 0 14
m2 5 4
1 9 0
2 7 0
3 9 0
t 68 17
m0 9 14
m1 0 14
m2 5 4
1 8 0
2 7 1
3 8 0
t 67 17
m0 9 14
m1 0 14
m2 5 4
1 9 0
2 8 1
3 9 0
t 66 17
m0 9 14
m1 0 14
m2 5 4
1 8 0
2 9 1
3 8 0
t 65 17
m0 9 14
m1 0 14
m2 5 4
1 9 0
2 9 0
3 9 0
t 64 17
m0 9 14
m1 0 14
m2 5 4
1 8 0
2 9 1
3 8 0
t 63 17
m0 9 14
m1 0 14
m2 5 4
1 9 0
2 9 0
3 9 0
t 62 17
m0 9 14
m1 0 14
m2 5 4
1 8 0
2 9 1
3 8 0
t 61 17
m0 9 14
m1 0 14
m2 5 4
1 9 0
2 9 0
3 9 0
t 60 17
m0 9 14
m1 0 14
m2 5 4
1 8 0
2 9 1
3 8 0
t 59 17
m0 9 14
m1 0 14
m2 5 4
1 9 0
2 9 0
3 9 0
t 58 17
m0 9 14
m1 0 14
m2 5 4
1 8 0
2 8 0
3 8 0
t 57 17
m0 9 14
m1 0 14
m2 5 4
1 9 0
2 8 1
3 9 0
t 56 17
m0 9 14
m1 0 14
m2 5 4
1 8 0
2 9 1
3 8 0
t 55 17
m0 9 14
m1 0 14
m2 5 4
1 9 0
2 8 1
3 9 0
t 54 17
m0 9 14
m1 0 14
m2 5 4
1 8 0
2 8 0
3 8 0
t 53 17
m0 9 14
m1 0 14
m2 5 4
1 9 0
2 8 1
3 9 0
t 52 17
m0 9 14
m1 0 14
m2 5 4
1 8 0
2 8 0
3 8 0
t 51 17
m0 9 14
m1 0 14
m2 5 4
1 9 0
2 9 0
3 9 0
t 50 17
m0 9 14
m1 0 14
m2 5 4
1 8 0
2 8 0
3 8 0
t 49 17
m0 9 14
m1 0 14
m2 5 4
1 9 0
2 9 0
3 9 0
t 48 17
m0 9 14
m1 0 14
m2 5 4
1 8 0
2 8 0
3 8 0
t 47 17
m0 9 14
m1 0 14
m2 5 4
1 9 0
2 9 0
3 9 0
t 46 17
m0 9 14
m1 0 14
m2 5 4
1 8 0
2 9 1
3 8 0
t 45 17
m0 9 14
m1 0 14
m2 5 4
1 9 0
2 8 1
3 9 0
t 44 17
m0 9 14
m1 0 14
m2 5 4
1 8 0
2 9 1
3 8 0
t 43 17
m0 9 14
m1 0 14
m2 5 4
1 9 0
2 9 0
3 9 0
t 42 17
m0 9 14
m1 0 14
m2 5 4
1 8 0
2 8 0
3 8 0
t 41 17
m0 9 14
m1 0 14
m2 5 4
1 9 0
2 8 1
3 9 0
t 40 17
m0 9 14
m1 0 14
m2 5 4
1 8 0
2 9 1
3 8 0
t 39 17
m0 9 14
m1 0 14
m2 5 4
1 9 0
2 9 0
3 9 0
t 38 17
m0 9 14
m1 0 14
m2 5 4
1 8 0
2 8 0
3 8 0
t 37 17
m0 9 14
m1 0 14
m2 5 4
1 9 0
2 9 0
3 9 0
t 36 17
m0 9 14
m1 0 14
m2 5 4
1 8 0
2 8 0
3 8 0
t 35 17
m0 9 14
m1 0 14
m2 5 4
1 9 0
2 9 0
3 9 0
t 34 17
m0 9 14
m1 0 14
m2 5 4
1 8 0
2 9 1
3 8 0
t 33 17
m0 9 14
m1 0 14
m2 5 4
1 9 0
2 9 0
3 9 0
t 32 17
m0 9 14
m1 0 14
m2 5 4
1 8 0
2 8 0
3 8 0
t 31 17
m0 9 14
m1 0 14
m2 5 4
1 9 0
2 7 0
3 9 0
t 30 17
m0 9 14
m1 0 14
m2 5 4
1 8 0
2 8 0
3 8 0
t 29 17
m0 9 14
m1 0 14
m2 5 4
1 9 0
2 8 1
3 9 0
t 28 17
m0 9 14
m1 0 14
m2 5 4
1 8 0
2 8 0
3 8 0
t 27 17
m0 9 14
m1 0 14
m2 5 4
1 9 0
2 9 0
3 9 0
t 26 17
m0 9 14
m1 0 14
m2 5 4
1 8 0
2 8 0
3 8 0
t 25 17
m0 9 14
m1 0 14
m2 5 4
1 9 0
2 7 0
3 9 0
t 24 17
m0 9 14
m1 0 14
m2 5 4
1 8 0
2 8 0
3 8 0
t 23 17
m0 9 14
m1 0 14
m2 5 4
1 9 0
2 9 0
3 9 0
t 22 17
m0 9 14
m1 0 14
m2 5 4
1 8 0
2 9 1
3 8 0
t 21 17
m0 9 14
m1 0 14
m2 5 4
1 9 0
2 8 1
3 9 0
t 20 17
m0 9 14
m1 0 14
m2 5 4
1 8 0
2 8 0
3 8 0
t 19 17
m0 9 14
m1 0 14
m2 5 4
1 9 0
2 9 0
3 9 0
t 18 17
m0 9 14
m1 0 14
m2 5 4
1 8 0
2 8 0
3 8 0
t 17 17
m0 9 14
m1 0 14
m2 5 4
1 9 0
2 7 0
3 9 0
t 16 17
m0 9 14
m1 0 14
m2 5 4
1 8 0
2 8 0
3 8 0
t 15 17
m0 9 14
m1 0 14
m2 5 4
1 9 0
2 9 0
3 9 0
t 14 17
m0 9 14
m1 0 14
m2 5 4
1 8 0
2 9 1
3 8 0
t 13 17
m0 9 14
m1 0 14
m2 5 4
1 9 0
2 9 0
3 9 0
t 12 17
m0 9 14
m1 0 14
m2 5 4
1 8 0
2 9 1
3 8 0
t 11 17
m0 9 14
m1 0 14
m2 5 4
1 9 0
2 9 0
3 9 0
t 10 17
m0 9 14
m1 0 14
m2 5 4
1 8 0
2 9 1
3 8 0
t 9 17
m0 9 14
m1 0 14
m2 5 4
1 9 0
2 9 0
3 9 0
t 8 17
m0 9 14
m1 0 14
m2 5 4
1 8 0
2 8 0
3 8 0
t 7 17
m0 9 14
m1 0 14
m2 5 4
1 9 0
2 7 0
3 9 0
t 6 17
m0 9 14
m1 0 14
m2 5 4
1 8 0
2 8 0
3 8 0
t 5 17
m0 9 14
m1 0 14
m2 5 4
1 9 0
2 9 0
3 9 0
t 4 17
m0 9 14
m1 0 14
m2 5 4
1 8 0
2 9 1
3 8 0
t 3 17
m0 9 14
m1 0 14
m2 5 4
1 9 0
2 9 0
3 9 0
t 2 17
m0 9 14
m1 0 14
m2 5 4
1 8 0
2 8 0
3 8 0
t 1 17
m0 9 14
m1 0 14
m2 5 4
1 8 0
2 8 0
3 8 0
t 0 17
