10
15
w 1 3
w 5 6
w 2 8
w 9 8
w 8 0
w 1 6
w 7 11
w 5 1
w 8 5
w 7 2
w 5 8
w 3 3
w 5 5
w 3 10
w 5 12
w 8 10
w 4 13
w 0 11
w 3 4
w 9 7
w 5 4
w 2 6
w 1 4
w 9 10
w 7 5
w 1 9
w 0 1
w 5 10
w 7 0
w 4 6
w 7 13
w 0 13
w 3 1
w 2 11
w 7 4
w 1 8
w 5 2
p 7 3
p 5 9
p 9 1
p 6 6
p 3 0
p 7 7
p 2 1
p 5 13
p 3 11
p 0 7
p 8 9
p 4 12
p 2 12
p 9 4
p 3 7
p 2 5
p 3 14
p 4 0
p 6 14
p 4 9
p 6 7
p 6 3
p 2 13
p 7 10
p 0 4
p 1 1
p 4 10
p 3 2
p 9 14
p 8 2
p 3 13
p 4 5
p 5 11
p 8 11
p 6 11
p 4 14
p 6 0
p 0 12
p 3 9
p 0 5
p 4 2
p 1 0
p 0 8
p 6 12
p 9 6
p 6 5
p 3 5
p 9 13
p 3 12
p 6 8
p 8 12
p 9 2
p 6 1
p 9 5
p 7 8
p 8 4
m0 0 14
m1 0 14
m2 0 14
1 9 0
2 9 0
3 9 0
t 300 0
m0 0 14
m1 0 14
m2 1 14
1 9 1
2 9 1
3 9 1
t 299 0
m0 1 14
m1 0 14
m2 2 14
1 9 0
2 9 0
3 9 0
t 298 0
m0 1 13
m1 0 14
m2 3 14
1 9 1
2 9 1
3 9 1
t 297 1
m0 2 13
m1 1 14
m2 2 14
1 9 0
2 9 0
3 9 0
t 296 2
m0 2 12
m1 0 14
m2 3 14
1 9 1
2 9 1
3 9 1
t 295 3
m0 3 12
m1 1 14
m2 2 14
1 9 0
2 9 0
3 9 0
t 294 4
m0 3 11
m1 0 14
m2 3 14
1 9 1
2 9 1
3 9 1
t 293 5
m0 3 12
m1 0 14
m2 2 14
1 9 0
2 9 0
3 9 0
t 292 5
m0 4 12
m1 1 14
m2 3 14
1 9 1
2 9 1
3 9 1
t 291 6
m0 3 12
m1 2 14
m2 2 14
1 9 0
2 9 0
3 9 0
t 290 6
m0 3 13
m1 2 13
m2 3 14
1 9 1
2 9 1
3 9 1
t 289 7
m0 2 13
m1 1 13
m2 2 14
1 9 0
2 9 0
3 9 0
t 288 7
m0 1 13
m1 2 13
m2 3 14
1 9 1
2 9 1
3 9 1
t 287 7
m0 1 14
m1 1 13
m2 2 14
1 9 0
2 9 0
3 9 0
t 286 7
m0 1 13
m1 1 14
m2 3 14
1 9 1
2 9 1
3 9 1
t 285 7
m0 1 14
m1 1 14
m2 2 14
1 9 0
2 9 0
3 9 0
t 284 7
m0 1 14
m1 0 14
m2 3 14
1 9 1
2 9 1
3 9 1
t 283 7
m0 0 14
m1 0 14
m2 2 14
1 9 0
2 9 0
3 9 0
t 282 7
m0 0 14
m1 1 14
m2 3 14
1 9 1
2 9 1
3 9 1
t 281 7
m0 1 14
m1 1 13
m2 2 14
1 9 0
2 9 0
3 9 0
t 280 7
m0 0 14
m1 2 13
m2 3 14
1 9 1
2 9 1
3 9 1
t 279 7
m0 0 14
m1 2 14
m2 2 14
1 9 0
2 9 0
3 9 0
t 278 7
m0 0 14
m1 1 14
m2 3 14
1 9 1
2 9 1
3 9 1
t 277 7
m0 0 14
m1 1 14
m2 2 14
1 9 0
2 9 0
3 9 0
t 276 7
m0 0 14
m1 1 13
m2 3 14
1 9 1
2 9 1
3 9 1
t 275 7
m0 0 14
m1 1 14
m2 2 14
1 9 0
2 9 0
3 9 0
t 274 7
m0 1 14
m1 1 13
m2 3 14
1 9 1
2 9 1
3 9 1
t 273 7
m0 1 13
m1 1 13
m2 2 14
1 9 0
2 9 0
3 9 0
t 272 7
m0 1 14
m1 1 14
m2 3 14
1 9 1
2 9 1
3 9 1
t 271 7
m0 1 14
m1 0 14
m2 2 14
1 9 0
2 9 0
3 9 0
t 270 7
m0 1 14
m1 1 14
m2 3 14
1 9 1
2 9 1
3 9 1
t 269 7
m0 1 14
m1 1 14
m2 2 14
1 9 0
2 9 0
3 9 0
t 268 7
m0 1 14
m1 1 13
m2 3 14
1 9 1
2 9 1
3 9 1
t 267 7
m0 1 13
m1 1 14
m2 2 14
1 9 0
2 9 0
3 9 0
t 266 7
m0 1 12
m1 0 14
m2 3 14
1 9 1
2 9 1
3 9 1
t 265 7
m0 0 12
m1 0 14
m2 2 14
1 9 0
2 9 0
3 9 0
t 264 8
m0 0 12
m1 1 14
m2 3 14
1 9 1
2 9 1
3 9 1
t 263 8
m0 1 12
m1 2 14
m2 2 14
1 9 0
2 9 0
3 9 0
t 262 8
m0 1 12
m1 2 13
m2 3 14
1 9 1
2 9 1
3 9 1
f 1 10
t 261 8
m0 2 12
m1 2 12
m2 2 14
1 9 0
2 9 0
3 9 0
t 260 8
m0 1 12
m1 2 13
m2 3 14
1 9 1
2 9 1
3 9 1
t 259 8
m0 2 12
m1 1 13
m2 2 14
1 9 0
2 9 0
3 9 0
t 258 8
m0 1 12
m1 1 14
m2 3 14
1 9 1
2 9 1
3 9 1
t 257 8
m0 2 12
m1 1 14
m2 2 14
1 9 0
2 9 0
3 9 0
t 256 8
m0 2 12
m1 1 14
m2 3 14
1 9 1
2 9 1
3 9 1
t 255 8
m0 3 12
m1 1 14
m2 2 14
1 9 0
2 9 0
3 9 0
t 254 8
m0 3 11
m1 0 14
m2 3 14
1 9 1
2 9 1
3 9 1
t 253 8
m0 4 11
m1 1 14
m2 2 14
1 9 0
2 9 0
3 9 0
t 252 8
m0 4 10
m1 1 14
m2 3 14
1 9 1
2 9 1
3 9 1
t 251 9
m0 4 9
m1 0 14
m2 2 14
1 9 0
2 9 0
3 9 0
t 250 10
m0 3 9
m1 0 14
m2 3 14
1 9 1
2 9 1
3 9 1
t 249 11
m0 2 9
m1 0 14
m2 2 14
1 9 0
2 9 0
3 9 0
t 248 11
m0 3 9
m1 1 14
m2 3 14
1 9 1
2 9 1
3 9 1
t 247 11
m0 3 8
m1 2 14
m2 2 14
1 9 0
2 9 0
3 9 0
t 246 11
m0 3 7
m1 1 14
m2 3 14
1 9 1
2 9 1
3 9 1
t 245 12
m0 3 7
m1 1 13
m2 2 14
1 9 0
2 9 0
3 9 0
t 244 12
m0 3 8
m1 1 13
m2 3 14
1 9 1
2 9 1
3 9 1
t 243 12
m0 3 9
m1 2 13
m2 2 14
1 9 0
2 9 0
3 9 0
t 242 12
m0 3 9
m1 2 12
m2 3 14
1 9 1
2 9 1
3 9 1
t 241 12
m0 3 9
m1 2 13
m2 2 14
1 9 0
2 9 0
3 9 0
t 240 12
m0 2 9
m1 2 12
m2 3 14
1 9 1
2 9 1
3 9 1
t 239 12
m0 2 9
m1 2 13
m2 2 14
1 9 0
2 9 0
3 9 0
t 238 12
m0 3 9
m1 1 13
m2 3 14
1 9 1
2 9 1
3 9 1
t 237 12
m0 3 8
m1 1 12
m2 2 14
1 9 0
2 9 0
3 9 0
t 236 12
m0 4 8
m1 1 11
m2 3 14
1 9 1
2 9 1
3 9 1
t 235 12
m0 3 8
m1 1 11
m2 2 14
1 9 0
2 9 0
3 9 0
t 234 12
m0 4 8
m1 1 10
m2 3 14
1 9 1
2 9 1
3 9 1
t 233 22
m0 4 9
m1 0 10
m2 2 14
1 9 0
2 9 0
3 9 0
t 232 22
m0 5 9
m1 0 9
m2 3 14
1 9 1
2 9 1
3 9 1
t 231 23
m0 6 9
m1 0 8
m2 2 14
1 9 0
2 9 0
3 9 0
t 230 24
m0 6 8
m1 0 7
m2 3 14
1 9 1
2 9 1
3 9 1
t 229 26
m0 6 7
m1 0 8
m2 2 14
1 9 0
2 9 0
3 9 0
t 228 27
m0 6 6
m1 0 8
m2 3 14
1 9 1
2 9 1
3 9 1
t 227 28
m0 6 5
m1 0 8
m2 2 14
1 9 0
2 9 0
3 9 0
t 226 29
m0 6 6
m1 0 9
m2 3 14
1 9 1
2 9 1
3 9 1
t 225 29
m0 6 6
m1 0 10
m2 2 14
1 9 0
2 9 0
3 9 0
f 1 2
t 224 29
m0 6 5
m1 0 10
m2 3 14
1 9 1
2 9 1
3 9 1
t 223 29
m0 6 6
m1 1 10
m2 2 14
1 9 0
2 9 0
3 9 0
t 222 29
m0 6 7
m1 0 10
m2 3 14
1 9 1
2 9 1
3 9 1
t 221 29
m0 7 7
m1 1 10
m2 2 14
1 9 0
2 9 0
3 9 0
t 220 30
m0 7 8
m1 0 10
m2 3 14
1 9 1
2 9 1
3 9 1
t 219 31
m0 7 9
m1 0 9
m2 2 14
1 9 0
2 9 0
3 9 0
t 218 31
m0 8 9
m1 0 9
m2 3 14
1 9 1
2 9 1
3 9 1
t 217 32
m0 8 9
m1 0 10
m2 2 14
1 9 0
2 9 0
3 9 0
t 216 32
m0 7 9
m1 0 10
m2 3 14
1 9 1
2 9 1
3 9 1
t 215 32
m0 7 10
m1 0 9
m2 2 14
1 9 0
2 9 0
3 9 0
t 214 33
m0 7 10
m1 0 10
m2 3 14
1 9 1
2 9 1
3 9 1
t 213 33
m0 6 10
m1 0 10
m2 2 14
1 9 0
2 9 0
3 9 0
t 212 33
m0 6 11
m1 0 9
m2 3 14
1 9 1
2 9 1
3 9 1
t 211 34
m0 5 11
m1 0 9
m2 2 14
1 9 0
2 9 0
3 9 0
t 210 35
m0 5 11
m1 0 9
m2 3 14
1 9 1
2 9 1
3 9 1
t 209 35
m0 4 11
m1 0 8
m2 2 14
1 9 0
2 9 0
3 9 0
t 208 35
m0 4 11
m1 0 7
m2 3 14
1 9 1
2 9 1
3 9 1
t 207 35
m0 4 12
m1 0 6
m2 2 14
1 9 0
2 9 0
3 9 0
t 206 35
m0 4 11
m1 0 5
m2 3 14
1 9 1
2 9 1
3 9 1
t 205 36
m0 4 11
m1 0 4
m2 2 14
1 9 0
2 9 0
3 9 0
t 204 37
m0 4 12
m1 0 5
m2 3 14
1 9 1
2 9 1
3 9 1
t 203 37
m0 4 11
m1 0 5
m2 2 14
1 9 0
2 9 0
3 9 0
t 202 37
m0 4 12
m1 0 5
m2 3 14
1 9 1
2 9 1
3 9 1
t 201 37
m0 4 12
m1 0 6
m2 2 14
1 9 0
2 9 0
3 9 0
t 200 37
m0 4 12
m1 0 5
m2 3 14
1 9 1
2 9 1
3 9 1
t 199 37
m0 4 11
m1 1 5
m2 2 14
1 9 0
2 9 0
3 9 0
t 198 37
m0 4 11
m1 2 5
m2 3 14
1 9 1
2 9 1
3 9 1
t 197 38
m0 4 12
m1 3 5
m2 2 14
1 9 0
2 9 0
3 9 0
t 196 39
m0 4 12
m1 4 5
m2 3 14
1 9 1
2 9 1
3 9 1
t 195 40
m0 3 12
m1 4 5
m2 2 14
1 9 0
2 9 0
3 9 0
t 194 40
m0 3 13
m1 3 5
m2 3 14
1 9 1
2 9 1
3 9 1
t 193 40
m0 3 13
m1 2 5
m2 2 14
1 9 0
2 9 0
3 9 0
t 192 40
m0 3 14
m1 2 4
m2 3 14
1 9 1
2 9 1
3 9 1
t 191 40
m0 4 14
m1 2 5
m2 2 14
1 9 0
2 9 0
3 9 0
t 190 41
m0 5 14
m1 2 5
m2 3 14
1 9 1
2 9 1
3 9 1
t 189 41
m0 5 13
m1 2 4
m2 2 14
1 9 0
2 9 0
3 9 0
t 188 42
m0 5 13
m1 2 5
m2 3 14
1 9 1
2 9 1
3 9 1
t 187 42
m0 6 13
m1 1 5
m2 2 14
1 9 0
2 9 0
3 9 0
t 186 42
m0 6 14
m1 1 5
m2 3 14
1 9 1
2 9 1
3 9 1
t 185 43
m0 7 14
m1 0 5
m2 2 14
1 9 0
2 9 0
3 9 0
t 184 43
m0 8 14
m1 0 6
m2 3 14
1 9 1
2 9 1
3 9 1
t 183 43
m0 9 14
m1 0 5
m2 2 14
1 9 0
2 9 0
3 9 0
t 182 44
m0 9 13
m1 0 5
m2 3 14
1 9 1
2 9 1
3 9 1
t 181 45
m0 9 12
m1 1 5
m2 2 14
1 9 0
2 9 0
3 9 0
t 180 45
m0 8 12
m1 1 5
m2 3 14
1 9 1
2 9 1
3 9 1
t 179 46
m0 8 11
m1 2 5
m2 2 14
1 9 0
2 9 0
3 9 0
t 178 47
m0 8 12
m1 3 5
m2 3 14
1 9 1
2 9 1
3 9 1
t 177 47
m0 8 13
m1 2 5
m2 2 14
1 9 0
2 9 0
3 9 0
t 176 47
m0 9 13
m1 1 5
m2 3 14
1 9 1
2 9 1
3 9 1
t 175 47
m0 9 13
m1 0 5
m2 2 14
1 9 0
2 9 0
3 9 0
t 174 47
m0 9 12
m1 1 5
m2 3 14
1 9 1
2 9 1
3 9 1
t 173 47
m0 9 12
m1 2 5
m2 2 14
1 9 0
2 9 0
3 9 0
t 172 47
m0 8 12
m1 3 5
m2 3 14
1 9 1
2 9 1
3 9 1
t 171 47
m0 8 11
m1 3 6
m2 2 14
1 9 0
2 9 0
3 9 0
t 170 47
m0 8 12
m1 3 6
m2 3 14
1 9 1
2 9 1
3 9 1
t 169 47
m0 7 12
m1 3 7
m2 2 14
1 9 0
2 9 0
3 9 0
t 168 47
m0 6 12
m1 3 7
m2 3 14
1 9 1
2 9 1
3 9 1
t 167 48
m0 6 13
m1 2 7
m2 2 14
1 9 0
2 9 0
3 9 0
t 166 48
m0 5 13
m1 2 7
m2 3 14
1 9 1
2 9 1
3 9 1
t 165 48
m0 5 13
m1 1 7
m2 2 14
1 9 0
2 9 0
3 9 0
t 164 48
m0 6 13
m1 1 7
m2 3 14
1 9 1
2 9 1
3 9 1
t 163 48
m0 6 12
m1 1 7
m2 2 14
1 9 0
2 9 0
3 9 0
t 162 48
m0 7 12
m1 2 7
m2 3 14
1 9 1
2 9 1
3 9 1
t 161 48
m0 8 12
m1 3 7
m2 2 14
1 9 0
2 9 0
3 9 0
t 160 48
m0 9 12
m1 2 7
m2 3 14
1 9 1
2 9 1
3 9 1
t 159 48
m0 9 13
m1 3 7
m2 2 14
1 9 0
2 9 0
3 9 0
t 158 48
m0 9 13
m1 3 6
m2 3 14
1 9 1
2 9 1
3 9 1
t 157 48
m0 9 14
m1 3 6
m2 2 14
1 9 0
2 9 0
3 9 0
t 156 48
m0 9 14
m1 3 7
m2 3 14
1 9 1
2 9 1
3 9 1
t 155 48
m0 8 14
m1 3 7
m2 2 14
1 9 0
2 9 0
3 9 0
t 154 48
m0 9 14
m1 3 6
m2 3 14
1 9 1
2 9 1
3 9 1
t 153 48
m0 8 14
m1 3 5
m2 2 14
1 9 0
2 9 0
3 9 0
t 152 48
m0 9 14
m1 3 5
m2 3 14
1 9 1
2 9 1
3 9 1
t 151 48
m0 8 14
m1 3 5
m2 2 14
1 9 0
2 9 0
3 9 0
t 150 48
m0 9 14
m1 2 5
m2 3 14
1 9 1
2 9 1
3 9 1
t 149 48
m0 9 13
m1 3 5
m2 2 14
1 9 0
2 9 0
3 9 0
t 148 48
m0 9 13
m1 3 6
m2 3 14
1 9 1
2 9 1
3 9 1
t 147 48
m0 9 14
m1 3 7
m2 2 14
1 9 0
2 9 0
3 9 0
t 146 48
m0 9 13
m1 3 6
m2 3 14
1 9 1
2 9 1
3 9 1
t 145 48
m0 8 13
m1 3 7
m2 2 14
1 9 0
2 9 0
3 9 0
t 144 48
m0 8 13
m1 3 6
m2 3 14
1 9 1
2 9 1
3 9 1
t 143 48
m0 8 12
m1 3 6
m2 2 14
1 9 0
2 9 0
3 9 0
t 142 48
m0 8 13
m1 3 6
m2 3 14
1 9 1
2 9 1
3 9 1
t 141 48
m0 8 14
m1 3 6
m2 2 14
1 9 0
2 9 0
3 9 0
t 140 48
m0 8 13
m1 3 5
m2 3 14
1 9 1
2 9 1
3 9 1
t 139 48
m0 8 13
m1 3 6
m2 2 14
1 9 0
2 9 0
3 9 0
t 138 48
m0 9 13
m1 3 7
m2 3 14
1 9 1
2 9 1
3 9 1
t 137 48
m0 9 13
m1 3 6
m2 2 14
1 9 0
2 9 0
3 9 0
t 136 48
m0 9 14
m1 3 5
m2 3 14
1 9 1
2 9 1
3 9 1
t 135 48
m0 9 14
m1 2 5
m2 2 14
1 9 0
2 9 0
3 9 0
t 134 48
m0 8 14
m1 1 5
m2 3 14
1 9 1
2 9 1
3 9 1
t 133 48
m0 8 14
m1 0 5
m2 2 14
1 9 0
2 9 0
3 9 0
t 132 48
m0 8 14
m1 1 5
m2 3 14
1 9 1
2 9 1
3 9 1
t 131 48
m0 7 14
m1 1 5
m2 2 14
1 9 0
2 9 0
3 9 0
t 130 48
m0 7 14
m1 0 5
m2 3 14
1 9 1
2 9 1
3 9 1
t 129 48
m0 8 14
m1 0 6
m2 2 14
1 9 0
2 9 0
3 9 0
t 128 48
m0 9 14
m1 0 6
m2 3 14
1 9 1
2 9 1
3 9 1
t 127 48
m0 9 14
m1 0 6
m2 2 14
1 9 0
2 9 0
3 9 0
t 126 48
m0 8 14
m1 0 5
m2 3 14
1 9 1
2 9 1
3 9 1
t 125 48
m0 9 14
m1 0 5
m2 2 14
1 9 0
2 9 0
3 9 0
t 124 48
m0 9 13
m1 0 5
m2 3 14
1 9 1
2 9 1
3 9 1
t 123 48
m0 9 12
m1 0 6
m2 2 14
1 9 0
2 9 0
3 9 0
t 122 48
m0 8 12
m1 0 5
m2 3 14
1 9 1
2 9 1
3 9 1
t 121 48
m0 8 12
m1 0 5
m2 2 14
1 9 0
2 9 0
3 9 0
t 120 48
m0 8 11
m1 0 4
m2 3 14
1 9 1
2 9 1
3 9 1
t 119 48
m0 8 11
m1 0 3
m2 2 14
1 9 0
2 9 0
3 9 0
t 118 48
m0 8 12
m1 0 3
m2 3 14
1 9 1
2 9 1
3 9 1
t 117 48
m0 8 13
m1 0 3
m2 2 14
1 9 0
2 9 0
3 9 0
t 116 48
m0 8 14
m1 0 2
m2 3 14
1 9 1
2 9 1
3 9 1
t 115 48
m0 9 14
m1 0 2
m2 2 14
1 9 0
2 9 0
3 9 0
t 114 48
m0 9 14
m1 0 2
m2 3 14
1 9 1
2 9 1
3 9 1
t 113 48
m0 9 13
m1 0 2
m2 2 14
1 9 0
2 9 0
3 9 0
t 112 48
m0 8 13
m1 1 2
m2 3 14
1 9 1
2 9 1
3 9 1
t 111 58
m0 9 13
m1 1 1
m2 2 14
1 9 0
2 9 0
3 9 0
t 110 59
m0 9 14
m1 1 0
m2 3 14
1 9 1
2 9 1
3 9 1
f 1 11
t 109 60
m0 9 13
m1 0 0
m2 2 14
1 9 2
2 9 2
3 9 2
t 108 60
m0 8 13
m1 1 0
m2 3 14
1 9 3
2 9 3
3 9 3
t 107 60
m0 9 13
m1 2 0
m2 2 14
1 9 2
2 9 2
3 9 2
t 106 60
m0 9 13
m1 3 0
m2 3 14
1 9 3
2 9 3
3 9 3
t 105 61
m0 9 12
m1 4 0
m2 2 14
1 9 4
2 9 4
3 9 4
t 104 62
m0 9 11
m1 5 0
m2 3 14
1 9 3
2 9 3
3 9 3
t 103 62
m0 9 11
m1 6 0
m2 2 14
1 9 4
2 9 4
3 9 4
t 102 63
m0 9 11
m1 6 1
m2 3 14
1 9 5
2 9 5
3 9 5
t 101 64
m0 8 11
m1 6 2
m2 2 14
1 9 6
2 9 6
3 9 6
t 100 64
m0 9 11
m1 6 3
m2 3 14
1 9 5
2 9 5
3 9 5
t 99 65
m0 8 11
m1 7 3
m2 2 14
1 9 6
2 9 6
3 9 6
t 98 66
m0 8 12
m1 7 3
m2 3 14
1 9 5
2 9 5
3 9 5
t 97 66
m0 9 12
m1 6 3
m2 2 14
1 9 6
2 9 6
3 9 6
t 96 66
m0 9 11
m1 5 3
m2 3 14
1 9 5
2 9 5
3 9 5
t 95 66
m0 8 11
m1 5 3
m2 2 14
1 9 6
2 9 6
3 9 6
t 94 66
m0 8 11
m1 4 3
m2 3 14
1 9 5
2 9 5
3 9 5
t 93 66
m0 9 11
m1 4 2
m2 2 14
1 9 4
2 9 4
3 9 4
t 92 67
m0 9 12
m1 3 2
m2 3 14
1 9 3
2 9 3
3 9 3
t 91 68
m0 9 11
m1 2 2
m2 2 14
1 9 2
2 9 2
3 9 2
t 90 68
m0 9 12
m1 2 1
m2 3 14
1 9 3
2 9 3
3 9 3
t 89 69
m0 9 11
m1 1 1
m2 2 14
1 9 2
2 9 2
3 9 2
t 88 69
m0 9 11
m1 2 1
m2 3 14
1 9 3
2 9 3
3 9 3
t 87 69
m0 8 11
m1 2 1
m2 2 14
1 9 2
2 9 2
3 9 2
t 86 69
m0 8 11
m1 2 0
m2 3 14
1 9 3
2 9 3
3 9 3
t 85 69
m0 8 11
m1 2 1
m2 2 14
1 9 2
2 9 2
3 9 2
t 84 69
m0 8 12
m1 2 0
m2 3 14
1 9 3
2 9 3
3 9 3
t 83 69
m0 8 12
m1 1 0
m2 2 14
1 9 2
2 9 2
3 9 2
t 82 69
m0 8 11
m1 2 0
m2 3 14
1 9 3
2 9 3
3 9 3
t 81 69
m0 8 12
m1 1 0
m2 2 14
1 9 2
2 9 2
3 9 2
t 80 69
m0 7 12
m1 2 0
m2 3 14
1 9 3
2 9 3
3 9 3
t 79 69
m0 6 12
m1 1 0
m2 2 14
1 9 4
2 9 4
3 9 4
t 78 69
m0 6 11
m1 1 0
m2 3 14
1 9 3
2 9 3
3 9 3
t 77 69
m0 6 12
m1 1 1
m2 2 14
1 9 4
2 9 4
3 9 4
t 76 69
m0 6 13
m1 1 0
m2 3 14
1 9 3
2 9 3
3 9 3
t 75 69
m0 6 13
m1 1 0
m2 2 14
1 9 4
2 9 4
3 9 4
t 74 69
m0 6 13
m1 1 1
m2 3 14
1 9 5
2 9 5
3 9 5
t 73 69
m0 6 12
m1 1 0
m2 2 14
1 9 4
2 9 4
3 9 4
t 72 69
m0 6 12
m1 1 0
m2 3 14
1 9 3
2 9 3
3 9 3
t 71 69
m0 7 12
m1 0 0
m2 2 14
1 9 2
2 9 2
3 9 2
t 70 69
m0 8 12
m1 1 0
m2 3 14
1 9 3
2 9 3
3 9 3
t 69 69
m0 8 13
m1 0 0
m2 2 14
1 9 2
2 9 2
3 9 2
t 68 69
m0 9 13
m1 1 0
m2 3 14
1 9 3
2 9 3
3 9 3
t 67 69
m0 8 13
m1 1 0
m2 2 14
1 9 2
2 9 2
3 9 2
t 66 69
m0 8 12
m1 2 0
m2 3 14
1 9 3
2 9 3
3 9 3
t 65 69
m0 8 12
m1 2 1
m2 2 14
1 9 4
2 9 4
3 9 4
t 64 69
m0 8 13
m1 2 2
m2 3 14
1 9 5
2 9 5
3 9 5
t 63 69
m0 9 13
m1 2 2
m2 2 14
1 9 4
2 9 4
3 9 4
t 62 69
m0 9 12
m1 2 1
m2 3 14
1 9 3
2 9 3
3 9 3
t 61 69
m0 9 11
m1 2 0
m2 2 14
1 9 2
2 9 2
3 9 2
t 60 69
m0 8 11
m1 3 0
m2 3 14
1 9 3
2 9 3
3 9 3
t 59 69
m0 8 11
m1 3 0
m2 2 14
1 9 2
2 9 2
3 9 2
t 58 69
m0 8 11
m1 4 0
m2 3 14
1 9 3
2 9 3
3 9 3
t 57 69
m0 8 11
m1 4 1
m2 2 14
1 9 4
2 9 4
3 9 4
t 56 69
m0 9 11
m1 4 2
m2 3 14
1 9 3
2 9 3
3 9 3
t 55 69
m0 8 11
m1 4 1
m2 2 14
1 9 4
2 9 4
3 9 4
t 54 69
m0 8 12
m1 4 0
m2 3 14
1 9 3
2 9 3
3 9 3
t 53 69
m0 8 13
m1 5 0
m2 2 14
1 9 4
2 9 4
3 9 4
t 52 69
m0 8 13
m1 6 0
m2 3 14
1 9 5
2 9 5
3 9 5
t 51 69
m0 9 13
m1 5 0
m2 2 14
1 9 4
2 9 4
3 9 4
t 50 69
m0 9 13
m1 6 0
m2 3 14
1 9 5
2 9 5
3 9 5
t 49 69
m0 9 12
m1 6 1
m2 2 14
1 9 4
2 9 4
3 9 4
t 48 69
m0 9 13
m1 7 1
m2 3 14
1 9 5
2 9 5
3 9 5
t 47 69
m0 9 12
m1 8 1
m2 2 14
1 9 6
2 9 6
3 9 6
t 46 69
m0 9 13
m1 8 2
m2 3 14
1 9 5
2 9 5
3 9 5
t 45 70
m0 9 12
m1 9 2
m2 2 14
1 9 6
2 9 6
3 9 6
t 44 71
m0 9 11
m1 9 1
m2 3 14
1 8 6
2 8 6
3 8 6
t 43 72
m0 9 12
m1 9 1
m2 2 14
1 7 6
2 7 6
3 7 6
t 42 72
m0 9 13
m1 9 2
m2 3 14
1 6 6
2 6 6
3 6 6
t 41 72
m0 9 14
m1 9 3
m2 2 14
1 6 7
2 6 7
3 6 7
t 40 72
m0 9 13
m1 9 4
m2 3 14
1 5 7
2 5 7
3 5 7
t 39 73
m0 9 13
m1 9 5
m2 2 14
1 4 7
2 4 7
3 4 7
t 38 74
m0 9 13
m1 9 6
m2 3 14
1 3 7
2 3 7
3 3 7
t 37 75
m0 9 14
m1 9 5
m2 2 14
1 4 7
2 4 7
3 4 7
t 36 75
m0 9 13
m1 9 4
m2 3 14
1 5 7
2 5 7
3 5 7
t 35 75
m0 8 13
m1 8 4
m2 2 14
1 5 7
2 5 7
3 5 7
t 34 87
