10
15
w 7 12
w 8 0
w 3 11
w 2 1
w 8 9
w 6 2
w 2 5
w 1 11
w 7 2
w 1 2
w 6 7
w 5 5
w 7 6
w 4 4
w 3 10
w 6 3
w 4 13
w 5 0
w 3 6
w 0 0
w 5 11
w 6 0
w 9 10
w 2 3
w 8 7
w 2 14
w 3 5
w 5 10
w 6 8
w 7 13
w 5 7
w 9 9
w 3 1
w 3 8
w 1 8
w 4 3
w 8 4
p 7 3
p 4 7
p 6 9
p 8 13
p 9 1
p 5 9
p 3 0
p 9 8
p 0 7
p 1 6
p 2 12
p 0 10
p 7 11
p 4 9
p 2 9
p 8 10
p 2 13
p 9 11
p 2 2
p 1 10
p 0 4
p 4 1
p 9 7
p 6 4
p 5 4
p 2 6
p 7 14
p 3 2
p 8 2
p 7 1
p 4 5
p 1 13
p 8 11
p 1 4
p 3 9
p 0 5
p 7 5
p 1 9
p 6 12
p 4 2
p 0 8
p 0 1
p 2 7
p 3 12
p 1 12
p 2 11
p 5 14
p 2 0
p 0 6
p 8 8
p 7 4
p 6 13
p 1 7
p 0 9
p 9 5
p 2 4
m0 0 14
m1 0 14
m2 0 14
1 9 0
2 9 0
3 9 0
t 300 0
m0 0 13
m1 0 14
m2 1 14
1 9 1
2 9 1
3 9 1
t 299 0
m0 0 12
m1 0 13
m2 1 13
1 9 0
2 9 0
3 9 0
t 298 1
m0 0 13
m1 0 12
m2 2 13
1 9 1
2 9 1
3 9 1
t 297 2
m0 0 14
m1 0 13
m2 2 12
1 9 0
2 9 0
3 9 0
t 296 3
m0 1 14
m1 0 14
m2 3 12
1 9 1
2 9 1
3 9 1
t 295 4
m0 1 13
m1 0 13
m2 4 12
1 9 0
2 9 0
3 9 0
t 294 4
m0 1 14
m1 1 13
m2 5 12
1 9 1
2 9 1
3 9 1
t 293 4
m0 0 14
m1 1 14
m2 6 12
1 9 0
2 9 0
3 9 0
t 292 5
m0 0 14
m1 1 13
m2 6 11
1 9 1
2 9 1
3 9 1
t 291 5
m0 0 13
m1 1 12
m2 7 11
1 9 0
2 9 0
3 9 0
t 290 7
m0 0 14
m1 2 12
m2 8 11
1 9 1
2 9 1
3 9 1
t 289 8
m0 0 14
m1 2 13
m2 9 11
1 9 0
2 9 0
3 9 0
f 4 6
t 288 9
m0 0 13
m1 3 13
m2 9 12
1 9 1
2 9 1
3 9 1
t 287 9
m0 0 14
m1 3 12
m2 9 13
1 9 0
2 9 0
3 9 0
t 286 9
m0 0 14
m1 4 12
m2 9 14
1 9 1
2 9 1
3 9 1
t 285 9
m0 0 13
m1 5 12
m2 9 14
1 9 0
2 9 0
3 9 0
t 284 9
m0 0 14
m1 4 12
m2 9 14
1 9 1
2 9 1
3 9 1
t 283 9
m0 1 14
m1 5 12
m2 9 14
1 9 0
2 9 0
3 9 0
t 282 9
m0 1 14
m1 5 13
m2 9 14
1 9 1
2 9 1
3 9 1
t 281 9
m0 0 14
m1 5 12
m2 9 14
1 9 0
2 9 0
3 9 0
t 280 9
m0 0 13
m1 5 13
m2 9 14
1 9 1
2 9 1
3 9 1
t 279 9
m0 0 14
m1 5 12
m2 9 14
1 9 0
2 9 0
3 9 0
t 278 9
m0 0 13
m1 5 12
m2 9 14
1 9 1
2 9 1
3 9 1
t 277 9
m0 1 13
m1 5 12
m2 9 14
1 9 0
2 9 0
3 9 0
t 276 9
m0 1 14
m1 5 12
m2 9 14
1 9 1
2 9 1
3 9 1
t 275 9
m0 1 13
m1 5 12
m2 9 14
1 9 0
2 9 0
3 9 0
t 274 9
m0 0 13
m1 5 12
m2 9 14
1 9 1
2 9 1
3 9 1
t 273 9
m0 1 13
m1 6 12
m2 9 14
1 9 0
2 9 0
3 9 0
t 272 9
m0 1 13
m1 6 11
m2 9 14
1 9 1
2 9 1
3 9 1
t 271 9
m0 0 13
m1 6 10
m2 9 14
1 9 0
2 9 0
3 9 0
t 270 9
m0 0 14
m1 6 9
m2 9 14
1 9 1
2 9 1
3 9 1
t 269 10
m0 0 14
m1 5 9
m2 9 14
1 9 0
2 9 0
3 9 0
t 268 11
m0 0 14
m1 5 9
m2 9 14
1 9 1
2 9 1
3 9 1
t 267 11
m0 0 14
m1 5 9
m2 9 14
1 9 0
2 9 0
3 9 0
t 266 11
m0 0 14
m1 5 9
m2 9 14
1 9 1
2 9 1
3 9 1
t 265 11
m0 0 14
m1 4 9
m2 9 13
1 9 0
2 9 0
3 9 0
t 264 12
m0 0 13
m1 4 8
m2 9 14
1 9 1
2 9 1
3 9 1
t 263 12
m0 0 12
m1 4 7
m2 9 14
1 9 0
2 9 0
3 9 0
t 262 13
m0 1 12
m1 4 7
m2 9 14
1 9 1
2 9 1
3 9 1
t 261 13
m0 0 12
m1 4 6
m2 9 14
1 9 0
2 9 0
3 9 0
t 260 23
m0 1 12
m1 5 6
m2 9 13
1 9 1
2 9 1
3 9 1
t 259 23
m0 2 12
m1 5 6
m2 9 14
1 9 0
2 9 0
3 9 0
t 258 23
m0 1 12
m1 6 6
m2 9 13
1 9 1
2 9 1
3 9 1
t 257 23
m0 1 12
m1 5 6
m2 9 14
1 9 0
2 9 0
3 9 0
t 256 23
m0 1 13
m1 6 6
m2 9 13
1 9 1
2 9 1
3 9 1
t 255 23
m0 1 14
m1 5 6
m2 9 12
1 9 0
2 9 0
3 9 0
t 254 23
m0 1 13
m1 5 6
m2 9 13
1 9 1
2 9 1
3 9 1
t 253 23
m0 0 13
m1 6 6
m2 9 14
1 9 0
2 9 0
3 9 0
t 252 23
m0 0 12
m1 5 6
m2 9 13
1 9 1
2 9 1
3 9 1
t 251 23
m0 0 12
m1 6 6
m2 9 14
1 9 0
2 9 0
3 9 0
t 250 23
m0 0 13
m1 6 6
m2 9 13
1 9 1
2 9 1
3 9 1
t 249 23
m0 1 13
m1 6 6
m2 9 12
1 9 0
2 9 0
3 9 0
t 248 23
m0 0 13
m1 5 6
m2 9 13
1 9 1
2 9 1
3 9 1
t 247 23
m0 0 13
m1 5 6
m2 9 12
1 9 0
2 9 0
3 9 0
t 246 23
m0 0 12
m1 5 6
m2 9 13
1 9 1
2 9 1
3 9 1
t 245 23
m0 1 12
m1 4 6
m2 9 14
1 9 0
2 9 0
3 9 0
t 244 23
m0 1 13
m1 5 6
m2 9 13
1 9 1
2 9 1
3 9 1
t 243 23
m0 1 14
m1 4 6
m2 9 12
1 9 0
2 9 0
3 9 0
t 242 23
m0 1 13
m1 4 5
m2 9 11
1 9 1
2 9 1
3 9 1
t 241 24
m0 0 13
m1 4 6
m2 8 11
1 9 0
2 9 0
3 9 0
t 240 24
m0 0 14
m1 4 5
m2 8 11
1 9 1
2 9 1
3 9 1
t 239 24
m0 1 14
m1 4 6
m2 8 11
1 9 0
2 9 0
3 9 0
t 238 24
m0 1 14
m1 4 5
m2 8 11
1 9 1
2 9 1
3 9 1
t 237 24
m0 1 14
m1 4 6
m2 8 11
1 9 0
2 9 0
3 9 0
t 236 24
m0 1 14
m1 5 6
m2 8 12
1 9 1
2 9 1
3 9 1
t 235 24
m0 1 13
m1 6 6
m2 9 12
1 9 0
2 9 0
3 9 0
t 234 24
m0 0 13
m1 5 6
m2 9 13
1 9 1
2 9 1
3 9 1
t 233 24
m0 0 12
m1 5 6
m2 9 14
1 9 0
2 9 0
3 9 0
t 232 24
m0 0 11
m1 5 6
m2 9 13
1 9 1
2 9 1
3 9 1
t 231 24
m0 0 12
m1 6 6
m2 9 14
1 9 0
2 9 0
3 9 0
t 230 24
m0 0 12
m1 6 5
m2 9 13
1 9 1
2 9 1
3 9 1
t 229 24
m0 0 12
m1 6 4
m2 9 14
1 9 0
2 9 0
3 9 0
t 228 25
m0 1 12
m1 5 4
m2 9 13
1 9 1
2 9 1
3 9 1
t 227 26
m0 1 12
m1 5 4
m2 9 14
1 9 0
2 9 0
3 9 0
t 226 26
m0 1 12
m1 5 4
m2 9 13
1 9 1
2 9 1
3 9 1
t 225 26
m0 1 13
m1 5 3
m2 9 12
1 9 0
2 9 0
3 9 0
t 224 26
m0 1 12
m1 5 3
m2 9 13
1 9 1
2 9 1
3 9 1
t 223 26
m0 1 13
m1 5 3
m2 9 12
1 9 0
2 9 0
3 9 0
t 222 26
m0 0 13
m1 5 3
m2 9 11
1 9 1
2 9 1
3 9 1
t 221 26
m0 1 13
m1 5 3
m2 8 11
1 9 0
2 9 0
3 9 0
t 220 26
m0 1 14
m1 5 4
m2 8 11
1 9 1
2 9 1
3 9 1
t 219 26
m0 0 14
m1 5 4
m2 8 11
1 9 0
2 9 0
3 9 0
t 218 26
m0 0 13
m1 5 3
m2 8 10
1 9 1
2 9 1
3 9 1
t 217 27
m0 0 12
m1 5 3
m2 8 10
1 9 0
2 9 0
3 9 0
t 216 27
m0 1 12
m1 5 3
m2 8 10
1 9 1
2 9 1
3 9 1
t 215 27
m0 1 12
m1 5 3
m2 8 10
1 9 0
2 9 0
3 9 0
t 214 27
m0 0 12
m1 5 2
m2 8 10
1 9 1
2 9 1
3 9 1
t 213 27
m0 0 12
m1 4 2
m2 8 10
1 9 0
2 9 0
3 9 0
t 212 28
m0 0 13
m1 4 1
m2 8 10
1 9 1
2 9 1
3 9 1
t 211 29
m0 0 12
m1 4 0
m2 8 10
1 9 0
2 9 0
3 9 0
t 210 29
m0 0 12
m1 4 1
m2 8 10
1 9 1
2 9 1
3 9 1
t 209 29
m0 0 13
m1 5 1
m2 8 11
1 9 0
2 9 0
3 9 0
f 3 14
t 208 29
m0 0 14
m1 5 2
m2 9 11
1 9 1
2 9 1
3 9 1
t 207 29
m0 1 14
m1 5 2
m2 8 11
1 9 0
2 9 0
3 9 0
t 206 29
m0 1 14
m1 4 2
m2 9 11
1 9 1
2 9 1
3 9 1
t 205 29
m0 0 14
m1 4 1
m2 8 11
1 9 0
2 9 0
3 9 0
t 204 29
m0 0 13
m1 4 1
m2 9 11
1 9 1
2 9 1
3 9 1
t 203 29
m0 0 12
m1 4 0
m2 8 11
1 9 0
2 9 0
3 9 0
t 202 29
m0 0 12
m1 4 0
m2 9 11
1 9 1
2 9 1
3 9 1
t 201 29
m0 0 12
m1 4 0
m2 8 11
1 9 0
2 9 0
3 9 0
t 200 29
m0 0 11
m1 4 0
m2 8 10
1 9 1
2 9 1
3 9 1
t 199 29
m0 0 10
m1 4 0
m2 8 11
1 9 0
2 9 0
3 9 0
t 198 30
m0 0 10
m1 3 0
m2 9 11
1 9 1
2 9 1
3 9 1
t 197 31
m0 0 10
m1 4 0
m2 9 12
1 9 0
2 9 0
3 9 0
t 196 31
m0 0 11
m1 4 1
m2 9 13
1 9 1
2 9 1
3 9 1
t 195 31
m0 0 11
m1 4 0
m2 9 13
1 9 0
2 9 0
3 9 0
t 194 31
m0 0 12
m1 3 0
m2 9 13
1 9 1
2 9 1
3 9 1
t 193 31
m0 0 11
m1 4 0
m2 9 13
1 9 0
2 9 0
3 9 0
t 192 31
m0 0 11
m1 4 1
m2 9 13
1 9 1
2 9 1
3 9 1
t 191 31
m0 0 11
m1 5 1
m2 9 13
1 9 0
2 9 0
3 9 0
t 190 31
m0 0 10
m1 6 1
m2 9 13
1 9 1
2 9 1
3 9 1
t 189 31
m0 0 11
m1 5 1
m2 9 13
1 9 0
2 9 0
3 9 0
t 188 31
m0 0 12
m1 6 1
m2 9 13
1 9 1
2 9 1
3 9 1
t 187 31
m0 0 13
m1 5 1
m2 9 12
1 9 0
2 9 0
3 9 0
t 186 31
m0 1 13
m1 5 1
m2 9 11
1 9 1
2 9 1
3 9 1
t 185 31
m0 0 13
m1 5 2
m2 8 11
1 9 0
2 9 0
3 9 0
t 184 31
m0 0 12
m1 4 2
m2 9 11
1 9 1
2 9 1
3 9 1
t 183 31
m0 0 13
m1 4 1
m2 8 11
1 9 0
2 9 0
3 9 0
t 182 31
m0 0 13
m1 4 0
m2 9 11
1 9 1
2 9 1
3 9 1
t 181 31
m0 0 14
m1 3 0
m2 8 11
1 9 0
2 9 0
3 9 0
t 180 31
m0 0 14
m1 3 0
m2 9 11
1 9 1
2 9 1
3 9 1
t 179 31
m0 0 14
m1 4 0
m2 8 11
1 9 0
2 9 0
3 9 0
t 178 31
m0 1 14
m1 4 0
m2 9 11
1 9 1
2 9 1
3 9 1
t 177 31
m0 1 13
m1 4 1
m2 8 11
1 9 0
2 9 0
3 9 0
t 176 31
m0 1 14
m1 4 2
m2 9 11
1 9 1
2 9 1
3 9 1
t 175 31
m0 1 14
m1 3 2
m2 8 11
1 9 0
2 9 0
3 9 0
t 174 32
m0 0 14
m1 2 2
m2 9 11
1 9 1
2 9 1
3 9 1
t 173 33
m0 1 14
m1 3 2
m2 8 11
1 9 0
2 9 0
3 9 0
t 172 33
m0 1 14
m1 2 2
m2 9 11
1 9 1
2 9 1
3 9 1
t 171 33
m0 0 14
m1 2 2
m2 8 11
1 9 0
2 9 0
3 9 0
t 170 33
m0 1 14
m1 3 2
m2 9 11
1 9 1
2 9 1
3 9 1
t 169 33
m0 0 14
m1 3 2
m2 8 11
1 9 0
2 9 0
3 9 0
t 168 33
m0 0 13
m1 3 2
m2 9 11
1 9 1
2 9 1
3 9 1
t 167 33
m0 0 14
m1 3 2
m2 8 11
1 9 0
2 9 0
3 9 0
t 166 33
m0 0 13
m1 2 2
m2 9 11
1 9 1
2 9 1
3 9 1
t 165 33
m0 0 13
m1 3 2
m2 8 11
1 9 0
2 9 0
3 9 0
t 164 33
m0 0 14
m1 2 2
m2 9 11
1 9 1
2 9 1
3 9 1
t 163 33
m0 0 14
m1 3 2
m2 8 11
1 9 0
2 9 0
3 9 0
t 162 33
m0 0 13
m1 2 2
m2 9 11
1 9 1
2 9 1
3 9 1
t 161 33
m0 0 12
m1 2 2
m2 8 11
1 9 0
2 9 0
3 9 0
t 160 33
m0 0 13
m1 2 2
m2 9 11
1 9 1
2 9 1
3 9 1
t 159 33
m0 1 13
m1 2 2
m2 8 11
1 9 0
2 9 0
3 9 0
t 158 33
m0 0 13
m1 3 2
m2 9 11
1 9 1
2 9 1
3 9 1
t 157 33
m0 0 12
m1 4 2
m2 8 11
1 9 0
2 9 0
3 9 0
t 156 33
m0 0 12
m1 4 1
m2 9 11
1 9 1
2 9 1
3 9 1
t 155 33
m0 0 11
m1 4 2
m2 9 12
1 9 0
2 9 0
3 9 0
t 154 33
m0 0 12
m1 4 1
m2 9 13
1 9 1
2 9 1
3 9 1
t 153 33
m0 0 12
m1 4 0
m2 9 13
1 9 0
2 9 0
3 9 0
t 152 33
m0 0 12
m1 4 0
m2 9 13
1 9 1
2 9 1
3 9 1
t 151 33
m0 0 12
m1 4 0
m2 9 13
1 9 0
2 9 0
3 9 0
t 150 33
m0 0 11
m1 4 1
m2 9 13
1 9 1
2 9 1
3 9 1
t 149 33
m0 0 12
m1 4 0
m2 9 13
1 9 0
2 9 0
3 9 0
t 148 33
m0 0 13
m1 4 1
m2 9 12
1 9 1
2 9 1
3 9 1
t 147 33
m0 0 13
m1 5 1
m2 9 11
1 9 0
2 9 0
3 9 0
t 146 33
m0 0 12
m1 4 1
m2 8 11
1 9 1
2 9 1
3 9 1
t 145 33
m0 1 12
m1 4 1
m2 8 10
1 9 0
2 9 0
3 9 0
t 144 33
m0 2 12
m1 4 0
m2 8 10
1 9 1
2 9 1
3 9 1
t 143 33
m0 2 13
m1 4 0
m2 8 10
1 9 0
2 9 0
3 9 0
t 142 33
m0 3 13
m1 4 0
m2 8 10
1 9 1
2 9 1
3 9 1
t 141 33
m0 3 12
m1 3 0
m2 8 10
1 9 0
2 9 0
3 9 0
t 140 33
m0 2 12
m1 4 0
m2 8 10
1 9 1
2 9 1
3 9 1
t 139 33
m0 1 12
m1 4 0
m2 8 10
1 9 0
2 9 0
3 9 0
t 138 33
m0 1 12
m1 4 1
m2 8 10
1 9 1
2 9 1
3 9 1
t 137 33
m0 0 12
m1 4 0
m2 8 11
1 9 0
2 9 0
3 9 0
t 136 33
m0 1 12
m1 4 1
m2 8 10
1 9 1
2 9 1
3 9 1
t 135 33
m0 1 13
m1 4 1
m2 8 11
1 9 0
2 9 0
3 9 0
t 134 33
m0 1 12
m1 4 1
m2 8 10
1 9 1
2 9 1
3 9 1
t 133 33
m0 1 13
m1 4 0
m2 8 11
1 9 0
2 9 0
3 9 0
t 132 33
m0 2 13
m1 3 0
m2 8 10
1 9 1
2 9 1
3 9 1
t 131 33
m0 1 13
m1 2 0
m2 8 11
1 9 0
2 9 0
3 9 0
t 130 34
m0 1 13
m1 1 0
m2 9 11
1 9 1
2 9 1
3 9 1
t 129 34
m0 1 14
m1 2 0
m2 8 11
1 9 0
2 9 0
3 9 0
t 128 34
m0 1 13
m1 2 0
m2 9 11
1 9 1
2 9 1
3 9 1
t 127 34
m0 2 13
m1 3 0
m2 8 11
1 9 0
2 9 0
3 9 0
t 126 34
m0 1 13
m1 2 0
m2 9 11
1 9 1
2 9 1
3 9 1
t 125 34
m0 1 13
m1 2 0
m2 8 11
1 9 0
2 9 0
3 9 0
t 124 34
m0 0 13
m1 2 0
m2 9 11
1 9 1
2 9 1
3 9 1
t 123 34
m0 0 12
m1 2 0
m2 8 11
1 9 0
2 9 0
3 9 0
t 122 34
m0 0 13
m1 1 0
m2 9 11
1 9 1
2 9 1
3 9 1
t 121 34
m0 0 14
m1 1 0
m2 8 11
1 9 0
2 9 0
3 9 0
t 120 34
m0 0 13
m1 2 0
m2 9 11
1 9 1
2 9 1
3 9 1
t 119 34
m0 0 14
m1 2 0
m2 8 11
1 9 0
2 9 0
3 9 0
t 118 34
m0 0 13
m1 2 0
m2 9 11
1 9 1
2 9 1
3 9 1
t 117 34
m0 0 13
m1 3 0
m2 8 11
1 9 0
2 9 0
3 9 0
t 116 34
m0 0 14
m1 4 0
m2 9 11
1 9 1
2 9 1
3 9 1
t 115 34
m0 0 13
m1 3 0
m2 8 11
1 9 0
2 9 0
3 9 0
t 114 34
m0 0 12
m1 3 0
m2 9 11
1 9 1
2 9 1
3 9 1
t 113 34
m0 0 13
m1 4 0
m2 8 11
1 9 0
2 9 0
3 9 0
t 112 34
m0 1 13
m1 3 0
m2 9 11
1 9 1
2 9 1
3 9 1
t 111 34
m0 0 13
m1 3 0
m2 8 11
1 9 0
2 9 0
3 9 0
t 110 34
m0 1 13
m1 3 0
m2 9 11
1 9 1
2 9 1
3 9 1
t 109 34
m0 0 13
m1 2 0
m2 8 11
1 9 0
2 9 0
3 9 0
t 108 34
m0 1 13
m1 3 0
m2 9 11
1 9 1
2 9 1
3 9 1
t 107 34
m0 0 13
m1 3 0
m2 8 11
1 9 0
2 9 0
3 9 0
t 106 34
m0 0 12
m1 4 0
m2 9 11
1 9 1
2 9 1
3 9 1
t 105 34
m0 0 13
m1 4 0
m2 8 11
1 9 0
2 9 0
3 9 0
t 104 34
m0 0 13
m1 3 0
m2 9 11
1 9 1
2 9 1
3 9 1
t 103 34
m0 0 14
m1 2 0
m2 8 11
1 9 0
2 9 0
3 9 0
t 102 34
m0 1 14
m1 3 0
m2 9 11
1 9 1
2 9 1
3 9 1
t 101 34
m0 0 14
m1 4 0
m2 8 11
1 9 0
2 9 0
3 9 0
t 100 34
m0 0 13
m1 3 0
m2 9 11
1 9 1
2 9 1
3 9 1
t 99 34
m0 0 13
m1 4 0
m2 8 11
1 9 0
2 9 0
3 9 0
t 98 34
m0 1 13
m1 4 0
m2 9 11
1 9 1
2 9 1
3 9 1
t 97 34
m0 1 12
m1 4 0
m2 8 11
1 9 0
2 9 0
3 9 0
t 96 34
m0 0 12
m1 4 1
m2 9 11
1 9 1
2 9 1
3 9 1
t 95 34
m0 0 11
m1 4 1
m2 9 12
1 9 0
2 9 0
3 9 0
t 94 34
m0 0 12
m1 4 0
m2 9 13
1 9 1
2 9 1
3 9 1
t 93 34
m0 0 13
m1 3 0
m2 9 12
1 9 0
2 9 0
3 9 0
t 92 34
m0 0 12
m1 2 0
m2 9 13
1 9 1
2 9 1
3 9 1
t 91 34
m0 0 13
m1 3 0
m2 9 12
1 9 0
2 9 0
3 9 0
t 90 34
m0 0 14
m1 4 0
m2 9 11
1 9 1
2 9 1
3 9 1
t 89 34
m0 0 14
m1 4 1
m2 8 11
1 9 0
2 9 0
3 9 0
t 88 34
m0 1 14
m1 4 2
m2 9 11
1 9 1
2 9 1
3 9 1
t 87 34
m0 1 13
m1 4 1
m2 8 11
1 9 0
2 9 0
3 9 0
t 86 34
m0 1 14
m1 5 1
m2 9 11
1 9 1
2 9 1
3 9 1
t 85 34
m0 1 13
m1 5 1
m2 8 11
1 9 0
2 9 0
3 9 0
t 84 34
m0 1 13
m1 4 1
m2 9 11
1 9 1
2 9 1
3 9 1
t 83 34
m0 0 13
m1 4 0
m2 8 11
1 9 0
2 9 0
3 9 0
t 82 34
m0 0 13
m1 4 0
m2 9 11
1 9 1
2 9 1
3 9 1
t 81 34
m0 0 14
m1 4 0
m2 8 11
1 9 0
2 9 0
3 9 0
t 80 34
m0 0 13
m1 4 1
m2 9 11
1 9 1
2 9 1
3 9 1
t 79 34
m0 0 13
m1 4 2
m2 8 11
1 9 0
2 9 0
3 9 0
t 78 34
m0 0 13
m1 3 2
m2 9 11
1 9 1
2 9 1
3 9 1
t 77 34
m0 0 13
m1 3 2
m2 8 11
1 9 0
2 9 0
3 9 0
t 76 34
m0 0 13
m1 4 2
m2 9 11
1 9 1
2 9 1
3 9 1
t 75 34
m0 1 13
m1 4 1
m2 8 11
1 9 0
2 9 0
3 9 0
t 74 34
m0 1 12
m1 5 1
m2 8 10
1 9 1
2 9 1
3 9 1
t 73 34
m0 1 13
m1 5 1
m2 8 11
1 9 0
2 9 0
3 9 0
t 72 34
m0 2 13
m1 4 1
m2 8 10
1 9 1
2 9 1
3 9 1
t 71 34
m0 2 12
m1 4 0
m2 8 10
1 9 0
2 9 0
3 9 0
t 70 34
m0 2 12
m1 4 0
m2 8 10
1 9 1
2 9 1
3 9 1
t 69 34
m0 2 11
m1 4 1
m2 8 10
1 9 0
2 9 0
3 9 0
t 68 35
m0 2 11
m1 4 0
m2 8 10
1 9 1
2 9 1
3 9 1
t 67 35
m0 2 10
m1 4 1
m2 8 11
1 9 0
2 9 0
3 9 0
t 66 35
m0 1 10
m1 4 0
m2 9 11
1 9 1
2 9 1
3 9 1
t 65 36
m0 1 10
m1 3 0
m2 9 12
1 9 0
2 9 0
3 9 0
t 64 36
m0 0 10
m1 3 0
m2 9 13
1 9 1
2 9 1
3 9 1
t 63 36
m0 0 10
m1 4 0
m2 9 13
1 9 0
2 9 0
3 9 0
t 62 36
m0 0 10
m1 4 1
m2 9 13
1 9 1
2 9 1
3 9 1
t 61 36
m0 0 10
m1 4 1
m2 9 13
1 9 0
2 9 0
3 9 0
t 60 36
m0 0 11
m1 5 1
m2 9 13
1 9 1
2 9 1
3 9 1
t 59 36
m0 0 10
m1 5 2
m2 9 13
1 9 0
2 9 0
3 9 0
t 58 36
m0 0 10
m1 5 3
m2 9 13
1 9 1
2 9 1
3 9 1
t 57 36
m0 0 11
m1 5 3
m2 9 13
1 9 0
2 9 0
3 9 0
t 56 36
m0 0 12
m1 5 4
m2 9 13
1 9 1
2 9 1
3 9 1
t 55 36
m0 0 12
m1 5 4
m2 9 13
1 9 0
2 9 0
3 9 0
t 54 36
m0 0 12
m1 5 3
m2 9 13
1 9 1
2 9 1
3 9 1
t 53 36
m0 1 12
m1 5 2
m2 9 13
1 9 0
2 9 0
3 9 0
t 52 36
m0 2 12
m1 5 2
m2 9 13
1 9 1
2 9 1
3 9 1
t 51 36
m0 2 13
m1 5 2
m2 9 12
1 9 0
2 9 0
3 9 0
t 50 36
m0 3 13
m1 5 2
m2 9 11
1 9 1
2 9 1
3 9 1
t 49 36
m0 3 14
m1 5 2
m2 8 11
1 9 0
2 9 0
3 9 0
t 48 46
m0 3 13
m1 5 1
m2 8 10
1 9 1
2 9 1
3 9 1
t 47 46
m0 3 14
m1 5 1
m2 8 10
1 9 0
2 9 0
3 9 0
t 46 46
m0 3 13
m1 5 2
m2 8 10
1 9 1
2 9 1
3 9 1
t 45 46
m0 3 13
m1 5 2
m2 8 10
1 9 0
2 9 0
3 9 0
t 44 46
m0 2 13
m1 5 2
m2 8 10
1 9 1
2 9 1
3 9 1
t 43 46
m0 1 13
m1 5 1
m2 8 10
1 9 0
2 9 0
3 9 0
t 42 46
m0 1 13
m1 5 1
m2 8 10
1 9 1
2 9 1
3 9 1
t 41 46
m0 0 13
m1 5 2
m2 8 10
1 9 0
2 9 0
3 9 0
t 40 46
m0 0 13
m1 5 1
m2 8 10
1 9 1
2 9 1
3 9 1
t 39 46
m0 0 13
m1 5 2
m2 8 10
1 9 0
2 9 0
3 9 0
t 38 46
m0 0 14
m1 4 2
m2 8 10
1 9 1
2 9 1
3 9 1
t 37 46
m0 0 14
m1 4 1
m2 8 10
1 9 0
2 9 0
3 9 0
t 36 46
m0 0 14
m1 4 0
m2 8 10
1 9 1
2 9 1
3 9 1
t 35 46
m0 0 13
m1 4 0
m2 8 10
1 9 0
2 9 0
3 9 0
t 34 46
m0 0 13
m1 3 0
m2 8 10
1 9 1
2 9 1
3 9 1
t 33 46
m0 0 12
m1 4 0
m2 8 11
1 9 0
2 9 0
3 9 0
f 3 3
t 32 46
m0 0 11
m1 3 0
m2 8 12
1 9 1
2 9 1
3 9 1
t 31 46
m0 0 10
m1 2 0
m2 8 13
1 9 0
2 9 0
3 9 0
t 30 47
m0 0 10
m1 3 0
m2 8 14
1 9 1
2 9 1
3 9 1
t 29 47
m0 0 9
m1 4 0
m2 9 14
1 9 0
2 9 0
3 9 0
t 28 48
m0 0 9
m1 3 0
m2 9 14
1 9 1
2 9 1
3 9 1
t 27 48
m0 0 10
m1 3 0
m2 9 14
1 9 0
2 9 0
3 9 0
t 26 48
m0 0 9
m1 4 0
m2 9 14
1 9 1
2 9 1
3 9 1
t 25 48
m0 0 8
m1 3 0
m2 9 14
1 9 0
2 9 0
3 9 0
t 24 49
m0 0 9
m1 3 0
m2 9 14
1 9 1
2 9 1
3 9 1
t 23 49
m0 0 10
m1 4 0
m2 9 14
1 9 0
2 9 0
3 9 0
t 22 49
m0 0 11
m1 4 0
m2 9 14
1 9 1
2 9 1
3 9 1
t 21 49
m0 0 11
m1 4 0
m2 9 14
1 9 0
2 9 0
3 9 0
t 20 49
m0 0 10
m1 3 0
m2 9 14
1 9 1
2 9 1
3 9 1
t 19 49
m0 0 11
m1 3 0
m2 9 14
1 9 0
2 9 0
3 9 0
t 18 49
m0 0 11
m1 2 0
m2 9 14
1 9 1
2 9 1
3 9 1
t 17 49
m0 0 12
m1 1 0
m2 9 14
1 9 0
2 9 0
3 9 0
t 16 49
m0 0 13
m1 2 0
m2 9 14
1 9 1
2 9 1
3 9 1
t 15 49
m0 1 13
m1 2 0
m2 9 14
1 9 0
2 9 0
3 9 0
t 14 49
m0 0 13
m1 3 0
m2 9 14
1 9 1
2 9 1
3 9 1
t 13 49
m0 0 13
m1 4 0
m2 9 14
1 9 0
2 9 0
3 9 0
t 12 49
m0 1 13
m1 4 1
m2 9 14
1 9 1
2 9 1
3 9 1
t 11 49
m0 1 13
m1 4 1
m2 9 14
1 9 0
2 9 0
3 9 0
t 10 49
m0 2 13
m1 5 1
m2 9 14
1 9 1
2 9 1
3 9 1
t 9 49
m0 3 13
m1 5 2
m2 9 14
1 9 0
2 9 0
3 9 0
t 8 49
m0 2 13
m1 5 1
m2 9 14
1 9 1
2 9 1
3 9 1
t 7 49
m0 3 13
m1 6 1
m2 9 14
1 9 0
2 9 0
3 9 0
t 6 49
m0 2 13
m1 5 1
m2 9 14
1 9 1
2 9 1
3 9 1
t 5 49
m0 1 13
m1 5 2
m2 9 14
1 9 0
2 9 0
3 9 0
t 4 49
m0 1 13
m1 5 1
m2 9 14
1 9 1
2 9 1
3 9 1
t 3 49
m0 1 12
m1 5 1
m2 9 14
1 9 0
2 9 0
3 9 0
t 2 49
m0 1 12
m1 4 1
m2 9 14
1 9 1
2 9 1
3 9 1
t 1 49
m0 1 12
m1 4 0
m2 9 14
1 9 1
2 9 1
3 9 1
t 0 49
