10
15
w 6 9
w 9 1
w 5 6
w 3 11
w 2 1
w 8 9
w 6 2
w 1 6
w 1 2
w 4 9
w 5 12
w 7 6
w 6 10
w 4 4
w 9 11
w 1 10
w 4 1
w 1 1
w 4 10
w 9 14
w 4 14
w 1 4
w 0 12
w 9 10
w 3 9
w 7 5
w 1 9
w 8 7
w 6 12
w 2 14
w 9 13
w 8 3
w 6 8
w 7 13
w 5 14
w 9 5
w 5 2
p 1 3
p 8 13
p 4 8
p 3 0
p 6 6
p 7 12
p 8 0
p 9 8
p 7 7
p 0 7
p 4 12
p 9 4
p 5 1
p 3 7
p 0 3
p 1 11
p 7 2
p 3 14
p 5 8
p 8 14
p 4 0
p 5 5
p 8 1
p 3 10
p 1 14
p 6 3
p 5 0
p 2 2
p 9 7
p 3 2
p 0 0
p 7 14
p 8 2
p 2 6
p 5 11
p 4 5
p 1 13
p 8 11
p 2 3
p 4 2
p 1 0
p 4 11
p 0 1
p 2 7
p 5 10
p 4 6
p 1 12
p 9 2
p 6 1
p 3 1
p 2 0
p 1 8
p 4 3
p 1 7
p 7 8
p 8 4
m0 0 14
m1 0 14
m2 0 14
1 9 0
2 9 0
3 9 0
t 300 0
m0 0 14
m1 0 13
m2 1 14
1 8 0
2 8 0
3 8 0
t 299 1
m0 0 13
m1 1 13
m2 1 13
1 9 0
2 9 0
3 9 0
t 298 2
m0 0 14
m1 1 12
m2 2 13
1 8 0
2 8 0
3 8 0
t 297 3
m0 0 14
m1 1 11
m2 3 13
1 9 0
2 9 0
3 9 0
t 296 4
m0 0 14
m1 0 11
m2 4 13
1 8 0
2 8 0
3 8 0
t 295 4
m0 0 13
m1 1 11
m2 5 13
1 9 0
2 9 0
3 9 0
t 294 4
m0 0 13
m1 2 11
m2 6 13
1 8 0
2 8 0
3 8 0
t 293 4
m0 0 14
m1 2 11
m2 5 13
1 9 0
2 9 0
3 9 0
t 292 4
m0 0 14
m1 2 10
m2 6 13
1 8 0
2 8 0
3 8 0
t 291 4
m0 1 14
m1 2 9
m2 5 13
1 9 0
2 9 0
3 9 0
t 290 4
m0 1 14
m1 2 10
m2 6 13
1 8 0
2 8 0
3 8 0
t 289 4
m0 1 13
m1 3 10
m2 5 13
1 9 0
2 9 0
3 9 0
t 288 5
m0 0 13
m1 2 10
m2 6 13
1 8 0
2 8 0
3 8 0
t 287 5
m0 1 13
m1 2 9
m2 5 13
1 9 0
2 9 0
3 9 0
t 286 5
m0 1 13
m1 2 10
m2 6 13
1 8 0
2 8 0
3 8 0
t 285 5
m0 0 13
m1 2 11
m2 5 13
1 9 0
2 9 0
3 9 0
t 284 5
m0 0 14
m1 2 11
m2 6 13
1 8 0
2 8 0
3 8 0
t 283 5
m0 0 13
m1 2 11
m2 5 13
1 9 0
2 9 0
3 9 0
t 282 5
m0 1 13
m1 2 11
m2 6 13
1 8 0
2 8 0
3 8 0
t 281 5
m0 0 13
m1 2 10
m2 5 13
1 9 0
2 9 0
3 9 0
t 280 5
m0 1 13
m1 3 10
m2 6 13
1 8 0
2 8 0
3 8 0
t 279 5
m0 1 12
m1 2 10
m2 5 13
1 9 0
2 9 0
3 9 0
t 278 5
m0 1 13
m1 2 11
m2 6 13
1 8 0
2 8 0
3 8 0
t 277 5
m0 1 13
m1 2 11
m2 5 13
1 9 0
2 9 0
3 9 0
t 276 5
m0 0 13
m1 2 11
m2 6 13
1 8 0
2 8 0
3 8 0
t 275 5
m0 0 13
m1 2 10
m2 5 13
1 9 0
2 9 0
3 9 0
t 274 5
m0 0 13
m1 2 10
m2 6 13
1 8 0
2 8 0
3 8 0
t 273 5
m0 1 13
m1 2 10
m2 5 13
1 9 0
2 9 0
3 9 0
t 272 5
m0 2 13
m1 2 10
m2 6 13
1 8 0
2 8 0
3 8 0
t 271 5
m0 2 13
m1 2 9
m2 5 13
1 9 0
2 9 0
3 9 0
f 0 4
t 270 5
m0 1 13
m1 2 9
m2 6 13
1 8 0
2 8 0
3 8 0
t 269 5
m0 1 14
m1 2 9
m2 5 13
1 9 0
2 9 0
3 9 0
t 268 5
m0 1 13
m1 2 9
m2 6 13
1 8 0
2 8 0
3 8 0
t 267 5
m0 2 13
m1 2 10
m2 5 13
1 9 0
2 9 0
3 9 0
t 266 5
m0 2 13
m1 2 11
m2 6 13
1 8 0
2 8 0
3 8 0
t 265 5
m0 1 13
m1 2 10
m2 5 13
1 9 0
2 9 0
3 9 0
t 264 5
m0 1 14
m1 2 9
m2 6 13
1 8 0
2 8 0
3 8 0
t 263 5
m0 0 14
m1 2 10
m2 5 13
1 9 0
2 9 0
3 9 0
t 262 5
m0 1 14
m1 3 10
m2 6 13
1 8 0
2 8 0
3 8 0
t 261 5
m0 1 14
m1 3 10
m2 5 13
1 9 0
2 9 0
3 9 0
t 260 5
m0 0 14
m1 2 10
m2 6 13
1 8 0
2 8 0
3 8 0
t 259 5
m0 0 13
m1 2 11
m2 5 13
1 9 0
2 9 0
3 9 0
t 258 5
m0 0 14
m1 2 10
m2 6 13
1 8 0
2 8 0
3 8 0
t 257 5
m0 1 14
m1 2 9
m2 5 13
1 9 0
2 9 0
3 9 0
t 256 5
m0 0 14
m1 2 8
m2 6 13
1 8 0
2 8 0
3 8 0
t 255 5
m0 1 14
m1 2 9
m2 5 13
1 9 0
2 9 0
3 9 0
t 254 5
m0 0 14
m1 2 8
m2 6 13
1 8 0
2 8 0
3 8 0
t 253 5
m0 1 14
m1 2 7
m2 5 13
1 9 0
2 9 0
3 9 0
t 252 6
m0 1 14
m1 1 7
m2 6 13
1 8 0
2 8 0
3 8 0
t 251 7
m0 1 13
m1 1 8
m2 5 13
1 9 0
2 9 0
3 9 0
t 250 8
m0 2 13
m1 1 8
m2 6 13
1 8 0
2 8 0
3 8 0
t 249 8
m0 3 13
m1 0 8
m2 5 13
1 9 0
2 9 0
3 9 0
t 248 8
m0 4 13
m1 0 9
m2 6 13
1 8 0
2 8 0
3 8 0
t 247 8
m0 5 13
m1 0 10
m2 5 13
1 9 0
2 9 0
3 9 0
t 246 8
m0 6 13
m1 0 9
m2 4 13
1 8 0
2 8 0
3 8 0
t 245 8
m0 6 13
m1 0 8
m2 4 12
1 9 0
2 9 0
3 9 0
t 244 9
m0 6 13
m1 1 8
m2 4 11
1 8 0
2 8 0
3 8 0
t 243 10
m0 6 14
m1 1 8
m2 4 11
1 9 0
2 9 0
3 9 0
t 242 10
m0 7 14
m1 1 7
m2 4 11
1 8 0
2 8 0
3 8 0
t 241 11
m0 7 14
m1 1 8
m2 4 11
1 9 0
2 9 0
3 9 0
t 240 11
m0 7 14
m1 2 8
m2 4 11
1 8 0
2 8 0
3 8 0
t 239 11
m0 8 14
m1 1 8
m2 4 11
1 9 0
2 9 0
3 9 0
t 238 12
m0 7 14
m1 2 8
m2 4 11
1 8 0
2 8 0
3 8 0
t 237 12
m0 6 14
m1 2 8
m2 4 11
1 9 0
2 9 0
3 9 0
t 236 12
m0 7 14
m1 2 7
m2 4 11
1 8 0
2 8 0
3 8 0
t 235 12
m0 6 14
m1 2 6
m2 4 11
1 9 0
2 9 0
3 9 0
t 234 13
m0 6 14
m1 2 5
m2 4 11
1 8 0
2 8 0
3 8 0
t 233 13
m0 7 14
m1 1 5
m2 4 11
1 9 0
2 9 0
3 9 0
t 232 13
m0 8 14
m1 1 5
m2 4 11
1 8 0
2 8 0
3 8 0
t 231 13
m0 8 14
m1 1 5
m2 4 11
1 9 0
2 9 0
3 9 0
t 230 13
m0 7 14
m1 2 5
m2 4 11
1 8 0
2 8 0
3 8 0
t 229 13
m0 8 14
m1 1 5
m2 4 11
1 9 0
2 9 0
3 9 0
t 228 13
m0 8 13
m1 0 5
m2 4 11
1 8 0
2 8 0
3 8 0
t 227 14
m0 8 13
m1 1 5
m2 4 11
1 9 0
2 9 0
3 9 0
t 226 14
m0 8 13
m1 0 5
m2 4 11
1 8 0
2 8 0
3 8 0
t 225 14
m0 8 12
m1 0 6
m2 4 11
1 9 0
2 9 0
3 9 0
t 224 14
m0 9 12
m1 0 6
m2 4 11
1 8 0
2 8 0
3 8 0
t 223 14
m0 8 12
m1 0 5
m2 4 11
1 9 0
2 9 0
3 9 0
t 222 14
m0 9 12
m1 0 4
m2 4 11
1 8 0
2 8 0
3 8 0
t 221 24
m0 9 12
m1 0 5
m2 5 11
1 9 0
2 9 0
3 9 0
t 220 25
m0 8 12
m1 0 4
m2 6 11
1 8 0
2 8 0
3 8 0
t 219 25
m0 8 13
m1 0 4
m2 7 11
1 9 0
2 9 0
3 9 0
t 218 25
m0 8 13
m1 0 4
m2 8 11
1 8 0
2 8 0
3 8 0
t 217 26
m0 8 13
m1 0 4
m2 8 10
1 9 0
2 9 0
3 9 0
t 216 26
m0 8 12
m1 0 4
m2 7 10
1 8 0
2 8 0
3 8 0
t 215 26
m0 8 12
m1 0 3
m2 8 10
1 9 0
2 9 0
3 9 0
t 214 27
m0 8 12
m1 0 4
m2 7 10
1 8 0
2 8 0
3 8 0
t 213 27
m0 8 11
m1 0 4
m2 8 10
1 9 0
2 9 0
3 9 0
t 212 27
m0 8 10
m1 0 4
m2 7 10
1 8 0
2 8 0
3 8 0
t 211 27
m0 8 10
m1 0 4
m2 8 10
1 9 0
2 9 0
3 9 0
t 210 27
m0 8 11
m1 0 5
m2 7 10
1 8 0
2 8 0
3 8 0
t 209 27
m0 7 11
m1 0 6
m2 8 10
1 9 0
2 9 0
3 9 0
t 208 27
m0 7 10
m1 0 6
m2 7 10
1 8 0
2 8 0
3 8 0
t 207 27
m0 7 11
m1 0 7
m2 8 10
1 9 0
2 9 0
3 9 0
t 206 28
m0 7 12
m1 0 8
m2 7 10
1 8 0
2 8 0
3 8 0
t 205 29
m0 7 11
m1 0 7
m2 8 10
1 9 0
2 9 0
3 9 0
t 204 29
m0 7 10
m1 0 8
m2 7 10
1 8 0
2 8 0
3 8 0
t 203 29
m0 7 9
m1 1 8
m2 8 10
1 9 0
2 9 0
3 9 0
t 202 29
m0 7 10
m1 1 8
m2 7 10
1 8 0
2 8 0
3 8 0
t 201 29
m0 7 11
m1 1 8
m2 8 10
1 9 0
2 9 0
3 9 0
t 200 29
m0 7 12
m1 1 7
m2 8 10
1 8 0
2 8 0
3 8 0
f 7 14
t 199 29
m0 7 12
m1 1 7
m2 8 10
1 9 0
2 9 0
3 9 0
t 198 29
m0 7 12
m1 2 7
m2 8 10
1 8 0
2 8 0
3 8 0
t 197 29
m0 7 12
m1 2 8
m2 8 10
1 9 0
2 9 0
3 9 0
t 196 29
m0 7 11
m1 3 8
m2 8 10
1 8 0
2 8 0
3 8 0
t 195 29
m0 8 11
m1 2 8
m2 7 10
1 9 0
2 9 0
3 9 0
t 194 29
m0 8 11
m1 1 8
m2 7 9
1 8 0
2 8 0
3 8 0
t 193 29
m0 8 11
m1 1 7
m2 7 9
1 9 0
2 9 0
3 9 0
t 192 29
m0 8 10
m1 0 7
m2 7 9
1 8 0
2 8 0
3 8 0
t 191 29
m0 7 10
m1 0 7
m2 7 9
1 9 0
2 9 0
3 9 0
t 190 29
m0 7 10
m1 0 6
m2 7 9
1 8 0
2 8 0
3 8 0
t 189 29
m0 7 9
m1 0 7
m2 7 10
1 9 0
2 9 0
3 9 0
t 188 29
m0 7 8
m1 0 7
m2 8 10
1 8 0
2 8 0
3 8 0
t 187 30
m0 7 9
m1 0 6
m2 8 11
1 9 0
2 9 0
3 9 0
t 186 30
m0 7 9
m1 0 6
m2 8 12
1 8 0
2 8 0
3 8 0
t 185 30
m0 7 8
m1 0 6
m2 8 13
1 9 0
2 9 0
3 9 0
t 184 30
m0 8 8
m1 0 7
m2 8 14
1 8 0
2 8 0
3 8 0
t 183 30
m0 9 8
m1 0 6
m2 7 14
1 7 0
2 7 0
3 7 0
t 182 41
m0 9 9
m1 0 7
m2 6 14
1 6 0
2 6 0
3 6 0
f 6 13
t 181 41
m0 9 9
m1 0 7
m2 6 13
1 5 0
2 5 0
3 5 0
t 180 51
m0 9 9
m1 0 8
m2 5 13
1 6 0
2 6 0
3 6 0
t 179 51
m0 9 9
m1 0 7
m2 6 13
1 5 0
2 5 0
3 5 0
t 178 51
m0 9 8
m1 0 7
m2 5 13
1 6 0
2 6 0
3 6 0
t 177 51
m0 9 9
m1 0 6
m2 6 13
1 7 0
2 7 0
3 7 0
t 176 51
m0 9 9
m1 0 7
m2 5 13
1 6 0
2 6 0
3 6 0
t 175 51
m0 9 9
m1 0 7
m2 6 13
1 5 0
2 5 0
3 5 0
t 174 51
m0 9 9
m1 1 7
m2 5 13
1 6 0
2 6 0
3 6 0
t 173 51
m0 9 8
m1 1 7
m2 6 13
1 5 0
2 5 0
3 5 0
t 172 51
m0 9 7
m1 1 7
m2 5 13
1 6 0
2 6 0
3 6 0
t 171 52
m0 9 6
m1 0 7
m2 6 13
1 5 0
2 5 0
3 5 0
t 170 52
m0 9 7
m1 0 6
m2 5 13
1 6 0
2 6 0
3 6 0
t 169 52
m0 9 8
m1 0 6
m2 6 13
1 5 0
2 5 0
3 5 0
t 168 52
m0 9 8
m1 0 6
m2 5 13
1 6 0
2 6 0
3 6 0
t 167 52
m0 8 8
m1 0 7
m2 6 13
1 5 0
2 5 0
3 5 0
t 166 52
m0 8 8
m1 0 7
m2 5 13
1 4 0
2 4 0
3 4 0
t 165 52
m0 7 8
m1 0 8
m2 6 13
1 3 0
2 3 0
3 3 0
t 164 52
m0 7 9
m1 1 8
m2 5 13
1 4 0
2 4 0
3 4 0
t 163 52
m0 7 9
m1 1 8
m2 6 13
1 5 0
2 5 0
3 5 0
t 162 52
m0 7 8
m1 0 8
m2 5 13
1 4 0
2 4 0
3 4 0
t 161 52
m0 8 8
m1 0 9
m2 6 13
1 3 0
2 3 0
3 3 0
t 160 52
m0 7 8
m1 0 9
m2 5 13
1 4 0
2 4 0
3 4 0
f 2 12
t 159 52
m0 7 7
m1 0 10
m2 5 13
1 3 0
2 3 0
3 3 0
t 158 53
m0 6 7
m1 0 11
m2 5 13
1 2 0
2 2 0
3 2 0
t 157 53
m0 6 6
m1 1 11
m2 6 13
1 1 0
2 1 0
3 1 0
t 156 54
m0 6 6
m1 2 11
m2 5 13
1 0 0
2 0 0
3 0 0
t 155 54
m0 6 6
m1 2 12
m2 6 13
1 1 0
2 1 0
3 1 0
t 154 64
m0 6 7
m1 2 13
m2 5 13
1 0 0
2 0 0
3 0 0
t 153 64
m0 7 7
m1 3 13
m2 6 13
1 1 0
2 1 0
3 1 0
f 7 3
t 152 64
m0 7 8
m1 3 13
m2 6 13
1 0 0
2 0 0
3 0 0
t 151 64
m0 8 8
m1 4 13
m2 6 13
1 1 0
2 1 0
3 1 0
t 150 64
m0 8 8
m1 5 13
m2 6 13
1 0 0
2 0 0
3 0 0
t 149 64
m0 8 8
m1 5 13
m2 6 13
1 1 0
2 1 0
3 1 0
t 148 64
m0 8 8
m1 6 13
m2 5 13
1 0 0
2 0 0
3 0 0
t 147 64
m0 9 8
m1 6 14
m2 6 13
1 1 0
2 1 0
3 1 0
t 146 64
m0 9 8
m1 7 14
m2 5 13
1 0 0
2 0 0
3 0 0
t 145 64
m0 9 7
m1 8 14
m2 6 13
1 1 0
2 1 0
3 1 0
t 144 64
m0 9 8
m1 8 13
m2 5 13
1 0 0
2 0 0
3 0 0
t 143 64
m0 9 7
m1 8 14
m2 6 13
1 1 0
2 1 0
3 1 0
t 142 64
m0 9 8
m1 8 14
m2 5 13
1 0 0
2 0 0
3 0 0
t 141 64
m0 9 7
m1 8 14
m2 6 13
1 1 0
2 1 0
3 1 0
t 140 64
m0 9 7
m1 8 13
m2 5 13
1 0 0
2 0 0
3 0 0
t 139 64
m0 9 7
m1 8 13
m2 6 13
1 1 0
2 1 0
3 1 0
t 138 64
m0 9 8
m1 8 14
m2 5 13
1 0 0
2 0 0
3 0 0
t 137 64
m0 9 8
m1 8 13
m2 6 13
1 1 0
2 1 0
3 1 0
t 136 64
m0 9 7
m1 8 13
m2 5 13
1 0 0
2 0 0
3 0 0
t 135 64
m0 9 7
m1 8 13
m2 6 13
1 1 0
2 1 0
3 1 0
t 134 64
m0 9 7
m1 8 12
m2 5 13
1 0 0
2 0 0
3 0 0
t 133 64
m0 9 8
m1 8 12
m2 6 13
1 1 0
2 1 0
3 1 0
t 132 64
m0 9 8
m1 8 11
m2 5 13
1 0 0
2 0 0
3 0 0
t 131 64
m0 9 9
m1 8 12
m2 6 13
1 1 0
2 1 0
3 1 0
t 130 64
m0 9 8
m1 8 12
m2 5 13
1 0 0
2 0 0
3 0 0
t 129 64
m0 9 8
m1 8 12
m2 6 13
1 1 0
2 1 0
3 1 0
t 128 64
m0 9 7
m1 7 12
m2 5 13
1 0 0
2 0 0
3 0 0
t 127 64
m0 9 7
m1 8 12
m2 6 13
1 1 0
2 1 0
3 1 0
t 126 64
m0 9 8
m1 8 13
m2 5 13
1 0 0
2 0 0
3 0 0
t 125 64
m0 9 7
m1 8 14
m2 6 13
1 1 0
2 1 0
3 1 0
t 124 64
m0 9 8
m1 7 14
m2 5 13
1 0 0
2 0 0
3 0 0
t 123 64
m0 9 9
m1 7 14
m2 6 13
1 1 0
2 1 0
3 1 0
t 122 64
m0 9 8
m1 8 14
m2 5 13
1 0 0
2 0 0
3 0 0
t 121 64
m0 9 7
m1 8 13
m2 6 13
1 1 0
2 1 0
3 1 0
t 120 64
m0 9 8
m1 8 13
m2 5 13
1 0 0
2 0 0
3 0 0
t 119 64
m0 9 9
m1 8 12
m2 6 13
1 1 0
2 1 0
3 1 0
t 118 64
m0 9 9
m1 9 12
m2 5 13
1 0 0
2 0 0
3 0 0
t 117 64
m0 9 8
m1 8 12
m2 6 13
1 1 0
2 1 0
3 1 0
t 116 64
m0 8 8
m1 9 12
m2 5 13
1 0 0
2 0 0
3 0 0
t 115 64
m0 9 8
m1 8 12
m2 6 13
1 1 0
2 1 0
3 1 0
t 114 64
m0 8 8
m1 8 13
m2 5 13
1 0 0
2 0 0
3 0 0
t 113 64
m0 9 8
m1 8 12
m2 6 13
1 1 0
2 1 0
3 1 0
t 112 64
m0 9 7
m1 9 12
m2 5 13
1 0 0
2 0 0
3 0 0
t 111 64
m0 9 7
m1 9 12
m2 6 13
1 1 0
2 1 0
3 1 0
t 110 64
m0 9 8
m1 8 12
m2 5 13
1 0 0
2 0 0
3 0 0
t 109 64
m0 9 7
m1 8 13
m2 6 13
1 1 0
2 1 0
3 1 0
t 108 64
m0 9 7
m1 8 13
m2 5 13
1 0 0
2 0 0
3 0 0
t 107 64
m0 9 6
m1 8 14
m2 6 13
1 1 0
2 1 0
3 1 0
t 106 64
m0 9 7
m1 8 13
m2 5 13
1 0 0
2 0 0
3 0 0
t 105 64
m0 9 6
m1 8 12
m2 6 13
1 1 0
2 1 0
3 1 0
t 104 64
m0 9 7
m1 8 13
m2 5 13
1 0 0
2 0 0
3 0 0
t 103 64
m0 9 6
m1 8 14
m2 6 13
1 1 0
2 1 0
3 1 0
t 102 64
m0 9 6
m1 7 14
m2 5 13
1 0 0
2 0 0
3 0 0
t 101 64
m0 8 6
m1 8 14
m2 6 13
1 1 0
2 1 0
3 1 0
t 100 64
m0 8 5
m1 7 14
m2 5 13
1 0 0
2 0 0
3 0 0
t 99 64
m0 8 6
m1 7 14
m2 6 13
1 1 0
2 1 0
3 1 0
t 98 64
m0 9 6
m1 7 14
m2 5 13
1 0 0
2 0 0
3 0 0
t 97 64
m0 9 7
m1 6 14
m2 6 13
1 1 0
2 1 0
3 1 0
t 96 64
m0 9 6
m1 6 13
m2 5 13
1 0 0
2 0 0
3 0 0
t 95 64
m0 9 7
m1 6 14
m2 6 13
1 1 0
2 1 0
3 1 0
t 94 64
m0 9 8
m1 6 13
m2 5 13
1 0 0
2 0 0
3 0 0
t 93 64
m0 9 9
m1 6 13
m2 6 13
1 1 0
2 1 0
3 1 0
t 92 64
m0 9 9
m1 6 14
m2 5 13
1 0 0
2 0 0
3 0 0
t 91 64
m0 9 8
m1 6 13
m2 6 13
1 1 0
2 1 0
3 1 0
t 90 64
m0 9 8
m1 6 13
m2 5 13
1 0 0
2 0 0
3 0 0
t 89 64
m0 9 7
m1 6 13
m2 6 13
1 1 0
2 1 0
3 1 0
t 88 64
m0 9 8
m1 6 13
m2 5 13
1 0 0
2 0 0
3 0 0
t 87 64
m0 9 8
m1 6 13
m2 6 13
1 1 0
2 1 0
3 1 0
t 86 64
m0 8 8
m1 5 13
m2 6 13
1 0 0
2 0 0
3 0 0
t 85 64
m0 8 8
m1 5 13
m2 6 13
1 1 0
2 1 0
3 1 0
t 84 64
m0 8 8
m1 6 13
m2 5 13
1 0 0
2 0 0
3 0 0
t 83 64
m0 7 8
m1 5 13
m2 6 13
1 1 0
2 1 0
3 1 0
t 82 64
m0 8 8
m1 4 13
m2 6 13
1 0 0
2 0 0
3 0 0
t 81 64
m0 8 8
m1 4 13
m2 6 13
1 1 0
2 1 0
3 1 0
t 80 64
m0 8 8
m1 4 13
m2 6 13
1 0 0
2 0 0
3 0 0
t 79 64
m0 7 8
m1 4 12
m2 6 13
1 1 0
2 1 0
3 1 0
t 78 64
m0 7 9
m1 4 12
m2 6 13
1 0 0
2 0 0
3 0 0
t 77 64
m0 7 9
m1 4 12
m2 6 13
1 1 0
2 1 0
3 1 0
t 76 64
m0 7 10
m1 4 13
m2 6 13
1 0 0
2 0 0
3 0 0
t 75 64
m0 8 10
m1 4 12
m2 6 13
1 1 0
2 1 0
3 1 0
t 74 64
m0 8 10
m1 4 12
m2 6 13
1 0 0
2 0 0
3 0 0
t 73 64
m0 8 11
m1 4 11
m2 6 13
1 1 0
2 1 0
3 1 0
t 72 64
m0 8 12
m1 4 12
m2 6 13
1 0 0
2 0 0
3 0 0
t 71 64
m0 9 12
m1 3 12
m2 6 13
1 1 0
2 1 0
3 1 0
t 70 64
m0 8 12
m1 3 12
m2 6 13
1 0 0
2 0 0
3 0 0
t 69 64
m0 8 11
m1 4 12
m2 6 13
1 1 0
2 1 0
3 1 0
t 68 64
m0 8 11
m1 4 12
m2 6 13
1 0 0
2 0 0
3 0 0
t 67 64
m0 8 10
m1 4 13
m2 6 13
1 1 0
2 1 0
3 1 0
t 66 64
m0 7 10
m1 3 13
m2 6 13
1 0 0
2 0 0
3 0 0
t 65 64
m0 8 10
m1 2 13
m2 6 13
1 1 0
2 1 0
3 1 0
t 64 64
m0 7 10
m1 1 13
m2 6 13
1 2 0
2 2 0
3 2 0
t 63 64
m0 8 10
m1 1 13
m2 6 13
1 3 0
2 3 0
3 3 0
t 62 64
m0 7 10
m1 1 14
m2 5 13
1 2 0
2 2 0
3 2 0
t 61 64
m0 7 10
m1 0 14
m2 6 13
1 1 0
2 1 0
3 1 0
t 60 64
m0 7 10
m1 0 14
m2 5 13
1 2 0
2 2 0
3 2 0
t 59 64
m0 8 10
m1 1 14
m2 6 13
1 3 0
2 3 0
3 3 0
t 58 64
m0 8 11
m1 1 14
m2 5 13
1 2 0
2 2 0
3 2 0
t 57 64
m0 8 12
m1 0 14
m2 6 13
1 3 0
2 3 0
3 3 0
t 56 64
m0 8 11
m1 0 14
m2 5 13
1 2 0
2 2 0
3 2 0
t 55 64
m0 8 11
m1 0 14
m2 6 13
1 3 0
2 3 0
3 3 0
t 54 64
m0 7 11
m1 1 14
m2 5 13
1 2 0
2 2 0
3 2 0
t 53 64
m0 8 11
m1 0 14
m2 6 13
1 3 0
2 3 0
3 3 0
t 52 64
m0 8 10
m1 1 14
m2 6 13
1 2 0
2 2 0
3 2 0
t 51 64
m0 8 10
m1 0 14
m2 5 13
1 3 0
2 3 0
3 3 0
t 50 64
m0 7 10
m1 1 14
m2 6 13
1 2 0
2 2 0
3 2 0
t 49 64
m0 7 10
m1 0 14
m2 5 13
1 1 0
2 1 0
3 1 0
t 48 64
m0 7 10
m1 0 13
m2 6 13
1 2 0
2 2 0
3 2 0
t 47 64
m0 7 10
m1 0 13
m2 5 13
1 3 0
2 3 0
3 3 0
t 46 64
m0 7 9
m1 1 13
m2 6 13
1 2 0
2 2 0
3 2 0
t 45 64
m0 7 9
m1 1 12
m2 6 13
1 3 0
2 3 0
3 3 0
t 44 64
m0 7 10
m1 1 11
m2 5 13
1 4 0
2 4 0
3 4 0
t 43 64
m0 8 10
m1 1 11
m2 6 13
1 5 0
2 5 0
3 5 0
t 42 64
m0 8 10
m1 2 11
m2 6 13
1 4 0
2 4 0
3 4 0
t 41 64
m0 8 11
m1 1 11
m2 5 13
1 5 0
2 5 0
3 5 0
t 40 64
m0 8 10
m1 2 11
m2 6 13
1 4 0
2 4 0
3 4 0
t 39 64
m0 8 10
m1 2 10
m2 5 13
1 5 0
2 5 0
3 5 0
t 38 64
m0 8 10
m1 2 11
m2 6 13
1 4 0
2 4 0
3 4 0
t 37 64
m0 7 10
m1 2 10
m2 5 13
1 5 0
2 5 0
3 5 0
t 36 64
m0 7 9
m1 2 11
m2 6 13
1 4 0
2 4 0
3 4 0
t 35 64
m0 7 9
m1 2 12
m2 6 13
1 3 0
2 3 0
3 3 0
t 34 64
m0 7 10
m1 3 12
m2 6 13
1 4 0
2 4 0
3 4 0
t 33 64
m0 8 10
m1 4 12
m2 6 13
1 5 0
2 5 0
3 5 0
t 32 64
m0 8 10
m1 3 12
m2 6 13
1 4 0
2 4 0
3 4 0
t 31 64
m0 8 11
m1 3 12
m2 6 13
1 5 0
2 5 0
3 5 0
t 30 64
m0 8 11
m1 2 12
m2 6 13
1 4 0
2 4 0
3 4 0
t 29 64
m0 8 10
m1 1 12
m2 6 13
1 3 0
2 3 0
3 3 0
t 28 64
m0 7 10
m1 1 13
m2 6 13
1 2 0
2 2 0
3 2 0
t 27 64
m0 7 10
m1 1 12
m2 5 13
1 3 0
2 3 0
3 3 0
t 26 64
m0 7 9
m1 1 12
m2 6 13
1 2 0
2 2 0
3 2 0
t 25 64
m0 7 8
m1 1 13
m2 6 13
1 1 0
2 1 0
3 1 0
t 24 64
m0 7 8
m1 1 14
m2 6 13
1 0 0
2 0 0
3 0 0
t 23 64
m0 7 8
m1 1 14
m2 6 13
1 1 0
2 1 0
3 1 0
t 22 64
m0 8 8
m1 1 13
m2 6 13
1 2 0
2 2 0
3 2 0
t 21 64
m0 9 8
m1 1 14
m2 6 13
1 3 0
2 3 0
3 3 0
t 20 64
m0 9 9
m1 0 14
m2 6 13
1 2 0
2 2 0
3 2 0
t 19 64
m0 9 8
m1 1 14
m2 6 13
1 3 0
2 3 0
3 3 0
t 18 64
m0 9 9
m1 1 14
m2 6 13
1 2 0
2 2 0
3 2 0
t 17 64
m0 9 9
m1 0 14
m2 6 13
1 3 0
2 3 0
3 3 0
t 16 64
m0 9 8
m1 1 14
m2 6 13
1 2 0
2 2 0
3 2 0
t 15 64
m0 8 8
m1 0 14
m2 6 13
1 1 0
2 1 0
3 1 0
t 14 64
m0 8 8
m1 0 13
m2 6 13
1 2 0
2 2 0
3 2 0
t 13 64
m0 8 8
m1 0 13
m2 6 13
1 1 0
2 1 0
3 1 0
t 12 64
m0 9 8
m1 0 14
m2 6 13
1 2 0
2 2 0
3 2 0
t 11 64
m0 9 9
m1 0 13
m2 6 13
1 3 0
2 3 0
3 3 0
t 10 64
m0 9 9
m1 1 13
m2 6 13
1 4 0
2 4 0
3 4 0
t 9 64
m0 9 9
m1 1 14
m2 6 13
1 3 0
2 3 0
3 3 0
t 8 64
m0 9 9
m1 1 14
m2 6 13
1 2 0
2 2 0
3 2 0
t 7 64
m0 9 9
m1 1 13
m2 6 13
1 3 0
2 3 0
3 3 0
t 6 64
m0 9 9
m1 1 13
m2 6 13
1 4 0
2 4 0
3 4 0
t 5 64
m0 9 9
m1 1 12
m2 6 13
1 3 0
2 3 0
3 3 0
t 4 64
m0 9 9
m1 1 13
m2 6 13
1 4 0
2 4 0
3 4 0
t 3 64
m0 9 9
m1 0 13
m2 6 13
1 3 0
2 3 0
3 3 0
t 2 64
m0 9 9
m1 1 13
m2 6 13
1 4 0
2 4 0
3 4 0
t 1 64
m0 9 9
m1 1 14
m2 6 13
1 4 0
2 4 0
3 4 0
t 0 64
