10
15
w 9 1
w 6 6
w 7 12
w 2 8
w 0 7
w 8 9
w 5 1
w 5 8
w 1 2
w 6 10
w 4 13
w 1 5
w 2 13
w 9 11
w 0 11
w 3 6
w 2 2
w 8 6
w 6 4
w 7 14
w 0 0
w 9 14
w 3 13
w 1 4
w 3 9
w 4 2
w 6 12
w 6 5
w 9 13
w 8 3
w 7 0
w 6 8
w 3 8
w 2 0
w 0 9
w 3 4
w 9 12
p 4 7
p 1 3
p 4 8
p 3 0
p 9 8
p 3 11
p 7 7
p 6 2
p 0 10
p 2 12
p 0 3
p 2 4
p 3 14
p 8 14
p 9 0
p 6 7
p 5 5
p 3 3
p 8 1
p 5 12
p 1 14
p 8 10
p 6 3
p 7 10
p 5 0
p 1 10
p 4 1
p 1 1
p 9 7
p 4 10
p 5 4
p 8 2
p 7 1
p 6 11
p 9 3
p 6 0
p 4 14
p 2 10
p 9 10
p 7 5
p 1 9
p 1 0
p 4 11
p 7 9
p 7 8
p 5 10
p 1 12
p 6 1
p 2 11
p 9 9
p 0 13
p 1 8
p 6 13
p 5 2
p 0 2
p 8 4
m0 0 14
m1 0 14
m2 0 14
1 9 0
2 9 0
3 9 0
t 300 0
m0 0 14
m1 0 14
m2 1 14
1 8 0
2 8 0
3 8 0
t 299 1
m0 1 14
m1 1 14
m2 2 14
1 9 0
2 8 1
3 9 0
t 298 11
m0 1 14
m1 1 14
m2 3 14
1 8 0
2 7 1
3 8 0
t 297 12
m0 1 14
m1 1 14
m2 4 14
1 9 0
2 6 1
3 8 1
t 296 13
m0 1 14
m1 1 14
m2 5 14
1 8 0
2 6 2
3 7 1
t 295 13
m0 1 14
m1 1 14
m2 6 14
1 9 0
2 5 2
3 8 1
t 294 13
m0 1 14
m1 1 14
m2 6 13
1 8 0
2 5 3
3 8 2
t 293 14
m0 1 14
m1 1 14
m2 7 13
1 9 0
2 4 3
3 7 2
t 292 14
m0 1 14
m1 1 14
m2 8 13
1 8 0
2 4 4
3 6 2
t 291 14
m0 1 14
m1 1 14
m2 8 12
1 9 0
2 4 5
3 5 2
t 290 14
m0 1 14
m1 1 14
m2 8 11
1 8 0
2 4 6
3 6 2
t 289 14
m0 1 14
m1 1 14
m2 8 10
1 9 0
2 4 7
3 6 3
t 288 15
m0 1 14
m1 1 14
m2 9 10
1 8 0
2 4 8
3 5 3
t 287 16
m0 1 14
m1 1 14
m2 9 9
1 9 0
2 4 9
3 6 3
t 286 17
m0 1 14
m1 1 14
m2 9 8
1 8 0
2 4 10
3 5 3
t 285 18
m0 1 14
m1 1 14
m2 9 7
1 9 0
2 3 10
3 5 2
t 284 19
m0 1 14
m1 1 14
m2 9 6
1 8 0
2 2 10
3 5 3
t 283 19
m0 1 14
m1 1 14
m2 9 5
1 9 0
2 2 11
3 4 3
t 282 19
m0 1 14
m1 1 14
m2 9 4
1 8 0
2 2 12
3 4 4
t 281 19
m0 1 14
m1 1 14
m2 9 3
1 9 0
2 1 12
3 5 4
t 280 20
m0 2 14
m1 2 14
m2 9 2
1 8 0
2 1 13
3 4 4
t 279 20
m0 3 14
m1 3 14
m2 8 2
1 9 0
2 1 14
3 4 5
t 278 21
m0 4 14
m1 4 14
m2 9 2
1 8 0
2 1 13
3 3 5
t 277 21
m0 4 14
m1 4 14
m2 8 2
1 9 0
2 0 13
3 4 5
t 276 31
m0 4 14
m1 4 14
m2 9 2
1 8 0
2 0 14
3 5 5
t 275 31
m0 4 14
m1 4 14
m2 8 2
1 9 0
2 0 13
3 5 6
t 274 31
m0 4 14
m1 4 14
m2 9 2
1 8 0
2 0 14
3 5 5
t 273 31
m0 4 14
m1 4 14
m2 8 2
1 8 1
2 1 14
3 4 5
t 272 31
m0 5 14
m1 4 14
m2 9 2
1 8 0
2 1 13
3 4 6
t 271 31
m0 6 14
m1 4 14
m2 8 2
1 9 0
2 0 13
3 5 6
t 270 31
m0 6 14
m1 4 14
m2 9 2
1 8 0
2 0 14
3 4 6
t 269 31
m0 6 13
m1 4 14
m2 8 2
1 9 0
2 1 14
3 4 7
t 268 31
m0 7 13
m1 4 14
m2 9 2
1 8 0
2 1 13
3 4 6
f 5 13
t 267 31
m0 7 13
m1 4 14
m2 8 2
1 9 0
2 1 14
3 4 5
t 266 31
m0 7 13
m1 4 14
m2 9 2
1 8 0
2 0 14
3 4 6
t 265 31
m0 7 13
m1 4 14
m2 8 2
1 9 0
2 1 14
3 4 7
t 264 31
m0 7 13
m1 4 14
m2 9 2
1 8 0
2 1 13
3 3 7
t 263 31
m0 7 13
m1 4 14
m2 8 2
1 9 0
2 1 12
3 4 7
t 262 31
m0 7 13
m1 4 14
m2 9 2
1 8 0
2 2 12
3 5 7
t 261 31
m0 7 13
m1 4 14
m2 8 2
1 9 0
2 2 11
3 5 6
t 260 31
m0 7 13
m1 4 14
m2 9 2
1 8 0
2 2 12
3 5 5
t 259 31
m0 7 13
m1 4 14
m2 8 2
1 9 0
2 1 12
3 4 5
t 258 31
m0 7 13
m1 4 14
m2 9 2
1 8 0
2 1 13
3 4 6
t 257 31
m0 7 13
m1 4 14
m2 8 2
1 9 0
2 0 13
3 4 5
t 256 31
m0 7 13
m1 4 14
m2 9 2
1 8 0
2 0 12
3 3 5
t 255 31
m0 7 13
m1 4 14
m2 8 2
1 8 1
2 0 13
3 2 5
t 254 31
m0 7 13
m1 4 14
m2 9 2
1 8 0
2 0 12
3 2 4
t 253 31
m0 7 13
m1 4 14
m2 8 2
1 9 0
2 1 12
3 2 3
t 252 31
m0 7 13
m1 4 14
m2 9 2
1 8 0
2 1 13
3 3 3
t 251 31
m0 7 13
m1 4 14
m2 8 2
1 9 0
2 0 13
3 3 2
t 250 31
m0 7 13
m1 4 14
m2 9 2
1 8 0
2 1 13
3 3 3
t 249 31
m0 7 13
m1 4 14
m2 8 2
1 9 0
2 1 14
3 2 3
t 248 31
m0 7 13
m1 4 14
m2 9 2
1 8 0
2 1 13
3 2 4
t 247 31
m0 7 13
m1 4 14
m2 8 2
1 8 1
2 1 14
3 2 5
t 246 31
m0 7 13
m1 4 14
m2 9 2
1 8 0
2 0 14
3 2 4
t 245 31
m0 7 13
m1 4 14
m2 8 2
1 8 1
2 0 13
3 2 3
t 244 31
m0 7 13
m1 4 14
m2 9 2
1 8 0
2 1 13
3 2 4
t 243 31
m0 7 13
m1 4 14
m2 8 2
1 8 1
2 0 13
3 2 3
t 242 31
m0 7 13
m1 4 14
m2 9 2
1 8 0
2 0 14
3 1 3
t 241 31
m0 7 13
m1 4 14
m2 8 2
1 9 0
2 1 14
3 0 3
t 240 31
m0 7 13
m1 4 14
m2 9 2
1 8 0
2 0 14
3 0 2
t 239 31
m0 7 13
m1 4 14
m2 8 2
1 9 0
2 0 13
3 0 1
t 238 31
m0 7 13
m1 4 14
m2 9 2
1 8 0
2 1 13
3 1 1
t 237 31
m0 7 13
m1 4 14
m2 8 2
1 9 0
2 0 13
3 2 1
t 236 31
m0 7 13
m1 4 14
m2 9 2
1 8 0
2 1 13
3 1 1
t 235 31
m0 7 13
m1 4 14
m2 8 2
1 9 0
2 0 13
3 0 1
t 234 31
m0 7 13
m1 4 14
m2 9 2
1 8 0
2 1 13
3 0 2
t 233 31
m0 7 13
m1 4 14
m2 8 2
1 9 0
2 1 14
3 0 1
t 232 31
m0 7 13
m1 4 14
m2 9 2
1 8 0
2 2 14
3 0 2
t 231 31
m0 7 13
m1 5 14
m2 8 2
1 9 0
2 1 14
3 0 3
t 230 31
m0 7 13
m1 6 14
m2 9 2
1 8 0
2 2 14
3 0 4
t 229 31
m0 7 13
m1 6 13
m2 8 2
1 9 0
2 3 14
3 0 5
t 228 31
m0 7 13
m1 7 13
m2 9 2
1 8 0
2 2 14
3 0 4
t 227 31
m0 7 13
m1 7 13
m2 8 2
1 9 0
2 3 14
3 0 5
t 226 31
m0 7 13
m1 7 13
m2 9 2
1 8 0
2 4 14
3 0 4
t 225 31
m0 7 13
m1 7 13
m2 8 2
1 8 1
2 5 14
3 0 5
t 224 31
m0 7 13
m1 7 13
m2 9 2
1 8 0
2 5 13
3 0 6
t 223 31
m0 8 13
m1 7 13
m2 8 2
1 8 1
2 6 13
3 0 5
t 222 31
m0 8 12
m1 8 13
m2 9 2
1 7 1
2 5 13
3 0 6
t 221 31
m0 8 11
m1 8 12
m2 8 2
1 6 1
2 6 13
3 0 5
t 220 31
m0 8 11
m1 8 11
m2 9 2
1 6 0
2 6 14
3 0 4
t 219 31
m0 8 11
m1 8 11
m2 8 2
1 6 1
2 5 14
3 0 3
t 218 31
m0 8 11
m1 8 11
m2 9 2
1 6 0
2 5 13
3 1 3
t 217 31
m0 8 11
m1 8 11
m2 8 2
1 5 0
2 6 13
3 0 3
t 216 31
m0 8 11
m1 8 11
m2 9 2
1 6 0
2 5 13
3 0 4
t 215 31
m0 8 11
m1 8 11
m2 8 2
1 6 1
2 5 12
3 0 5
t 214 31
m0 8 11
m1 8 11
m2 9 2
1 7 1
2 5 13
3 0 6
t 213 31
m0 8 11
m1 8 11
m2 8 2
1 8 1
2 5 14
3 0 5
t 212 31
m0 8 11
m1 8 11
m2 9 2
1 8 2
2 6 14
3 0 6
t 211 31
m0 8 11
m1 8 11
m2 -5 -5
1 9 2
2 5 14
3 0 5
t 210 31
m0 8 11
m1 8 11
m2 -5 -5
1 9 3
2 5 13
3 0 6
t 209 31
m0 8 11
m1 8 11
m2 -5 -5
1 9 4
2 5 14
3 0 5
t 208 31
m0 8 11
m1 8 11
m2 -5 -5
1 9 3
2 5 13
3 0 6
t 207 31
m0 8 11
m1 8 11
m2 -5 -5
1 9 4
2 6 13
3 0 5
t 206 31
m0 8 11
m1 8 11
m2 -5 -5
1 9 3
2 6 14
3 0 6
t 205 31
m0 8 11
m1 8 11
m2 -5 -5
1 9 2
2 6 13
3 1 6
t 204 31
m0 8 11
m1 8 11
m2 -5 -5
1 9 3
2 7 13
3 1 7
t 203 31
m0 8 11
m1 8 11
m2 -5 -5
1 9 2
2 8 13
3 2 7
t 202 31
m0 8 10
m1 8 11
m2 -5 -5
1 9 3
2 7 13
3 3 7
t 201 31
m0 9 10
m1 8 11
m2 -5 -5
1 9 2
2 8 13
3 2 7
t 200 31
m0 9 9
m1 8 11
m2 -5 -5
1 8 2
2 8 14
3 3 7
t 199 31
m0 9 8
m1 8 11
m2 -5 -5
1 9 2
2 8 13
3 2 7
t 198 31
m0 9 8
m1 8 11
m2 -5 -5
1 9 3
2 8 12
3 2 6
t 197 31
m0 9 8
m1 8 10
m2 -5 -5
1 9 2
2 8 13
3 2 7
t 196 31
m0 9 8
m1 9 10
m2 -5 -5
1 9 3
2 7 13
3 1 7
t 195 31
m0 9 9
m1 9 9
m2 -5 -5
1 9 2
2 6 13
3 1 6
t 194 31
m0 9 9
m1 9 9
m2 -5 -5
1 8 2
2 6 14
3 0 6
t 193 31
m0 9 9
m1 9 9
m2 -5 -5
1 8 1
2 5 14
3 1 6
t 192 31
m0 9 9
m1 9 9
m2 -5 -5
1 8 0
2 6 14
3 1 7
t 191 31
m0 9 8
m1 9 8
m2 -5 -5
1 9 0
2 6 13
3 1 8
t 190 31
m0 9 8
m1 9 8
m2 -5 -5
1 8 0
2 6 14
3 1 7
t 189 31
m0 9 8
m1 9 8
m2 -5 -5
1 8 1
2 5 14
3 2 7
t 188 31
m0 9 9
m1 9 9
m2 -5 -5
1 8 0
2 4 14
3 2 6
t 187 31
m0 9 9
m1 9 9
m2 -5 -5
1 9 0
2 5 14
3 1 6
t 186 31
m0 9 9
m1 9 9
m2 -5 -5
1 8 0
2 5 13
3 0 6
t 185 31
m0 9 8
m1 9 8
m2 -5 -5
1 8 1
2 5 14
3 1 6
t 184 31
m0 9 9
m1 9 9
m2 -5 -5
1 8 2
2 6 14
3 1 7
t 183 31
m0 9 9
m1 9 9
m2 -5 -5
1 8 1
2 6 13
3 1 6
t 182 31
m0 9 8
m1 9 8
m2 -5 -5
1 8 2
2 6 14
3 1 7
t 181 31
m0 9 9
m1 9 9
m2 -5 -5
1 7 2
2 6 13
3 2 7
t 180 31
m0 9 8
m1 9 8
m2 -5 -5
1 7 1
2 6 14
3 1 7
t 179 31
m0 9 8
m1 9 8
m2 -5 -5
1 8 1
2 6 13
3 1 6
t 178 31
m0 9 8
m1 9 8
m2 -5 -5
1 8 0
2 5 13
3 0 6
t 177 31
m0 9 8
m1 9 8
m2 -5 -5
1 9 0
2 5 14
3 0 5
t 176 31
m0 9 9
m1 9 9
m2 -5 -5
1 8 0
2 6 14
3 0 4
t 175 31
m0 9 8
m1 9 8
m2 -5 -5
1 9 0
2 5 14
3 0 3
t 174 31
m0 9 9
m1 9 9
m2 -5 -5
1 8 0
2 6 14
3 0 2
t 173 31
m0 9 8
m1 9 8
m2 -5 -5
1 8 1
2 5 14
3 0 1
t 172 31
m0 9 9
m1 9 9
m2 -5 -5
1 8 2
2 6 14
3 1 1
t 171 31
m0 9 9
m1 9 9
m2 -5 -5
1 9 2
2 5 14
3 0 1
t 170 31
m0 9 10
m1 9 10
m2 -5 -5
1 9 3
2 5 13
3 1 1
t 169 31
m0 9 10
m1 9 10
m2 -5 -5
1 9 4
2 5 14
3 0 1
t 168 31
m0 9 10
m1 9 10
m2 -5 -5
1 9 5
2 4 14
3 1 1
t 167 31
m0 9 10
m1 9 10
m2 -5 -5
1 8 5
2 3 14
3 0 1
t 166 31
m0 9 10
m1 9 10
m2 -5 -5
1 8 4
2 2 14
3 0 2
t 165 31
m0 9 10
m1 9 10
m2 -5 -5
1 8 5
2 3 14
3 0 1
t 164 31
m0 9 10
m1 9 10
m2 -5 -5
1 8 4
2 2 14
3 1 1
t 163 31
m0 9 10
m1 9 10
m2 -5 -5
1 8 5
2 3 14
3 1 0
t 162 31
m0 9 10
m1 9 10
m2 -5 -5
1 7 5
2 4 14
3 1 1
t 161 31
m0 9 10
m1 9 10
m2 -5 -5
1 7 4
2 3 14
3 0 1
t 160 31
m0 9 10
m1 9 10
m2 -5 -5
1 7 5
2 4 14
3 0 2
t 159 31
m0 9 10
m1 9 10
m2 -5 -5
1 8 5
2 5 14
3 0 1
t 158 31
m0 9 10
m1 9 10
m2 -5 -5
1 7 5
2 4 14
3 0 2
t 157 31
m0 9 10
m1 9 10
m2 -5 -5
1 8 5
2 5 14
3 0 1
t 156 31
m0 9 10
m1 9 10
m2 -5 -5
1 9 5
2 6 14
3 1 1
t 155 31
m0 9 10
m1 9 10
m2 -5 -5
1 9 6
2 5 14
3 1 0
t 154 31
m0 9 10
m1 9 10
m2 -5 -5
1 9 7
2 4 14
3 1 1
t 153 31
m0 9 10
m1 9 10
m2 -5 -5
1 8 7
2 3 14
3 1 0
t 152 31
m0 9 10
m1 9 10
m2 -5 -5
1 9 7
2 4 14
3 1 1
t 151 31
m0 9 10
m1 9 10
m2 -5 -5
1 9 8
2 3 14
3 0 1
t 150 31
m0 8 10
m1 9 10
m2 -5 -5
1 9 7
2 2 14
3 0 2
t 149 31
m0 8 11
m1 9 10
m2 -5 -5
1 9 8
2 3 14
3 0 1
t 148 31
m0 8 12
m1 9 10
m2 -5 -5
1 9 7
2 2 14
3 1 1
t 147 31
m0 8 12
m1 9 10
m2 -5 -5
1 8 7
2 1 14
3 2 1
t 146 31
m0 8 12
m1 9 10
m2 -5 -5
1 8 8
2 1 13
3 3 1
t 145 31
m0 8 12
m1 9 10
m2 -5 -5
1 9 8
2 1 14
3 4 1
t 144 31
m0 8 12
m1 9 10
m2 -5 -5
1 9 7
2 1 13
3 4 0
t 143 31
m0 8 12
m1 9 10
m2 -5 -5
1 9 8
2 0 13
3 3 0
t 142 31
m0 8 12
m1 9 10
m2 -5 -5
1 8 8
2 0 14
3 3 1
t 141 31
m0 8 12
m1 9 10
m2 -5 -5
1 9 8
2 0 13
3 2 1
t 140 31
m0 8 12
m1 9 10
m2 -5 -5
1 8 8
2 0 14
3 3 1
t 139 31
m0 8 12
m1 9 10
m2 -5 -5
1 8 7
2 0 13
3 4 1
t 138 31
m0 8 12
m1 9 10
m2 -5 -5
1 7 7
2 1 13
3 3 1
t 137 31
m0 8 12
m1 9 10
m2 -5 -5
1 6 7
2 1 12
3 3 0
t 136 31
m0 8 12
m1 9 10
m2 -5 -5
1 7 7
2 0 12
3 4 0
t 135 31
m0 8 12
m1 9 10
m2 -5 -5
1 7 8
2 1 12
3 4 1
t 134 31
m0 8 12
m1 9 10
m2 -5 -5
1 8 8
2 1 13
3 4 0
t 133 31
m0 8 12
m1 9 10
m2 -5 -5
1 9 8
2 1 14
3 4 1
t 132 31
m0 8 12
m1 9 10
m2 -5 -5
1 9 9
2 0 14
3 3 1
t 131 31
m0 8 12
m1 8 10
m2 -5 -5
1 9 10
2 1 14
3 4 1
t 130 31
m0 8 12
m1 8 11
m2 -5 -5
1 8 10
2 0 14
3 3 1
t 129 31
m0 8 13
m1 8 12
m2 -5 -5
1 9 10
2 1 14
3 2 1
t 128 31
m0 7 13
m1 8 12
m2 -5 -5
1 9 9
2 1 13
3 3 1
t 127 31
m0 7 13
m1 8 12
m2 -5 -5
1 9 8
2 1 14
3 2 1
t 126 31
m0 7 13
m1 8 12
m2 -5 -5
1 9 9
2 0 14
3 1 1
t 125 31
m0 6 13
m1 8 12
m2 -5 -5
1 9 8
2 0 13
3 0 1
t 124 31
m0 7 13
m1 8 12
m2 -5 -5
1 9 7
2 0 14
3 1 1
t 123 31
m0 7 13
m1 8 12
m2 -5 -5
1 9 8
2 0 13
3 1 0
t 122 31
m0 7 13
m1 8 12
m2 -5 -5
1 9 9
2 0 14
3 1 1
t 121 31
m0 6 13
m1 8 12
m2 -5 -5
1 9 10
2 1 14
3 2 1
t 120 31
m0 6 13
m1 8 12
m2 -5 -5
1 9 9
2 0 14
3 1 1
t 119 31
m0 6 13
m1 8 12
m2 -5 -5
1 9 8
2 1 14
3 2 1
t 118 31
m0 7 13
m1 8 12
m2 -5 -5
1 8 8
2 1 13
3 3 1
t 117 31
m0 7 13
m1 8 12
m2 -5 -5
1 9 8
2 1 12
3 3 0
t 116 31
m0 7 13
m1 8 12
m2 -5 -5
1 9 7
2 0 12
3 4 0
t 115 31
m0 7 13
m1 8 12
m2 -5 -5
1 9 8
2 0 13
3 5 0
t 114 31
m0 7 13
m1 8 12
m2 -5 -5
1 9 9
2 0 14
3 6 0
t 113 31
m0 6 13
m1 8 12
m2 -5 -5
1 9 10
2 0 13
3 6 1
t 112 31
m0 6 14
m1 8 12
m2 -5 -5
1 8 10
2 0 14
3 6 0
t 111 31
m0 6 14
m1 8 12
m2 -5 -5
1 7 10
2 0 13
3 6 1
t 110 31
m0 5 14
m1 8 12
m2 -5 -5
1 8 10
2 1 13
3 7 1
t 109 31
m0 6 14
m1 8 12
m2 -5 -5
1 8 11
2 1 14
3 8 1
t 108 31
m0 6 14
m1 8 13
m2 -5 -5
1 7 11
2 0 14
3 8 0
t 107 31
m0 5 14
m1 8 12
m2 -5 -5
1 6 11
2 0 13
3 8 1
t 106 31
m0 4 14
m1 8 12
m2 -5 -5
1 7 11
2 0 14
3 8 0
t 105 31
m0 4 14
m1 8 12
m2 -5 -5
1 8 11
2 1 14
3 9 0
t 104 31
m0 5 14
m1 8 13
m2 -5 -5
1 8 10
2 0 14
3 8 0
t 103 31
m0 6 14
m1 7 13
m2 -5 -5
1 7 10
2 0 13
3 8 1
t 102 31
m0 5 14
m1 6 13
m2 -5 -5
1 7 9
2 0 14
3 8 0
t 101 31
m0 6 14
m1 6 14
m2 -5 -5
1 6 9
2 0 13
3 9 0
t 100 31
m0 5 14
m1 5 14
m2 -5 -5
1 7 9
2 0 12
3 8 0
t 99 31
m0 4 14
m1 4 14
m2 -5 -5
1 6 9
2 0 13
3 8 1
t 98 31
m0 4 14
m1 4 14
m2 -5 -5
1 5 9
2 1 13
3 7 1
t 97 31
m0 4 14
m1 4 14
m2 -5 -5
1 6 9
2 1 14
3 8 1
t 96 31
m0 5 14
m1 4 14
m2 -5 -5
1 5 9
2 0 14
3 8 0
t 95 31
m0 6 14
m1 4 14
m2 -5 -5
1 4 9
2 0 13
3 9 0
t 94 31
m0 6 14
m1 4 14
m2 -5 -5
1 4 8
2 1 13
3 8 0
t 93 31
m0 6 14
m1 4 14
m2 -5 -5
1 4 9
2 0 13
3 8 1
t 92 31
m0 6 14
m1 4 14
m2 -5 -5
1 4 10
2 0 14
3 8 0
t 91 31
m0 6 14
m1 4 14
m2 -5 -5
1 4 9
2 1 14
3 9 0
t 90 31
m0 6 13
m1 4 14
m2 -5 -5
1 5 9
2 0 14
3 8 0
t 89 31
m0 7 13
m1 4 14
m2 -5 -5
1 6 9
2 1 14
3 8 1
t 88 31
m0 7 13
m1 4 14
m2 -5 -5
1 5 9
2 1 13
3 7 1
t 87 31
m0 7 13
m1 4 14
m2 -5 -5
1 6 9
2 1 14
3 7 2
t 86 31
m0 7 13
m1 4 14
m2 -5 -5
1 5 9
2 1 13
3 8 2
t 85 31
m0 7 13
m1 4 14
m2 -5 -5
1 4 9
2 1 14
3 8 1
t 84 31
m0 7 13
m1 4 14
m2 -5 -5
1 4 8
2 0 14
3 7 1
t 83 31
m0 7 13
m1 4 14
m2 -5 -5
1 4 9
2 0 13
3 8 1
t 82 31
m0 7 13
m1 4 14
m2 -5 -5
1 4 8
2 0 14
3 8 0
t 81 31
m0 7 13
m1 4 14
m2 -5 -5
1 4 7
2 1 14
3 9 0
t 80 31
m0 7 13
m1 4 14
m2 -5 -5
1 3 7
2 0 14
3 8 0
t 79 31
m0 7 13
m1 4 14
m2 -5 -5
1 4 7
2 0 13
3 9 0
t 78 31
m0 7 13
m1 4 14
m2 -5 -5
1 5 7
2 0 12
3 8 0
t 77 31
m0 7 13
m1 4 14
m2 -5 -5
1 4 7
2 0 13
3 9 0
t 76 31
m0 7 13
m1 4 14
m2 -5 -5
1 4 6
2 1 13
3 8 0
t 75 31
m0 7 13
m1 4 14
m2 -5 -5
1 4 7
2 1 14
3 9 0
t 74 31
m0 7 13
m1 4 14
m2 -5 -5
1 3 7
2 0 14
3 8 0
t 73 31
m0 7 13
m1 4 14
m2 -5 -5
1 2 7
2 0 13
3 8 1
t 72 31
m0 7 13
m1 4 14
m2 -5 -5
1 3 7
2 0 14
3 8 0
t 71 31
m0 7 13
m1 4 14
m2 -5 -5
1 4 7
2 1 14
3 9 0
t 70 31
m0 7 13
m1 4 14
m2 -5 -5
1 3 7
2 2 14
3 8 0
t 69 31
m0 7 13
m1 5 14
m2 -5 -5
1 2 7
2 3 14
3 8 1
t 68 31
m0 7 13
m1 6 14
m2 -5 -5
1 1 7
2 4 14
3 8 2
t 67 31
m0 7 13
m1 6 13
m2 -5 -5
1 1 6
2 5 14
3 8 1
t 66 31
m0 7 13
m1 7 13
m2 -5 -5
1 2 6
2 6 14
3 8 0
t 65 31
m0 8 13
m1 7 13
m2 -5 -5
1 1 6
2 5 14
3 8 1
t 64 31
m0 8 12
m1 7 13
m2 -5 -5
1 2 6
2 6 14
3 8 0
t 63 31
m0 8 11
m1 7 13
m2 -5 -5
1 1 6
2 5 14
3 8 1
t 62 31
m0 8 11
m1 7 13
m2 -5 -5
1 2 6
2 5 13
3 8 2
t 61 31
m0 8 11
m1 7 13
m2 -5 -5
1 1 6
2 6 13
3 7 2
t 60 31
m0 8 11
m1 8 13
m2 -5 -5
1 0 6
2 6 14
3 7 1
t 59 31
m0 8 11
m1 8 12
m2 -5 -5
1 0 5
2 5 14
3 6 1
t 58 31
m0 8 11
m1 8 11
m2 -5 -5
1 0 4
2 4 14
3 6 2
t 57 31
m0 8 11
m1 8 11
m2 -5 -5
1 0 3
2 3 14
3 7 2
t 56 31
m0 8 11
m1 8 11
m2 -5 -5
1 0 4
2 2 14
3 8 2
t 55 31
m0 8 11
m1 8 11
m2 -5 -5
1 0 5
2 3 14
3 9 2
t 54 31
m0 8 11
m1 8 11
m2 -5 -5
1 0 6
2 2 14
3 8 2
t 53 31
m0 8 11
m1 8 11
m2 -5 -5
1 1 6
2 1 14
3 8 1
t 52 31
m0 8 11
m1 8 11
m2 -5 -5
1 0 6
2 2 14
3 8 2
t 51 31
m0 8 11
m1 8 11
m2 -5 -5
1 0 5
2 1 14
3 8 1
t 50 31
m0 8 11
m1 8 11
m2 -5 -5
1 0 4
2 2 14
3 8 0
t 49 31
m0 8 11
m1 8 11
m2 -5 -5
1 0 5
2 3 14
3 9 0
t 48 31
m0 8 11
m1 8 11
m2 -5 -5
1 0 6
2 4 14
3 8 0
t 47 31
m0 8 11
m1 8 11
m2 -5 -5
1 0 5
2 5 14
3 9 0
t 46 31
m0 8 11
m1 8 11
m2 -5 -5
1 0 6
2 5 13
3 8 0
t 45 31
m0 8 11
m1 8 11
m2 -5 -5
1 0 5
2 5 14
3 8 1
t 44 31
m0 8 11
m1 8 11
m2 -5 -5
1 0 6
2 5 13
3 7 1
t 43 31
m0 8 11
m1 8 11
m2 -5 -5
1 0 5
2 6 13
3 8 1
t 42 31
m0 8 11
m1 8 11
m2 -5 -5
1 0 4
2 6 14
3 8 0
t 41 31
m0 8 11
m1 8 11
m2 -5 -5
1 0 3
2 6 13
3 9 0
t 40 31
m0 8 11
m1 8 11
m2 -5 -5
1 0 4
2 6 14
3 8 0
t 39 31
m0 8 11
m1 8 11
m2 -5 -5
1 0 5
2 5 14
3 9 0
t 38 31
m0 8 11
m1 8 11
m2 -5 -5
1 0 6
2 6 14
3 8 0
t 37 31
m0 8 11
m1 8 11
m2 -5 -5
1 0 5
2 6 13
3 9 0
t 36 31
m0 8 11
m1 8 11
m2 -5 -5
1 0 4
2 6 14
3 8 0
t 35 31
m0 8 11
m1 8 11
m2 -5 -5
1 0 5
2 5 14
3 8 1
t 34 31
m0 8 11
m1 8 11
m2 -5 -5
1 0 6
2 6 14
3 7 1
t 33 31
m0 8 11
m1 8 11
m2 -5 -5
1 0 5
2 5 14
3 8 1
t 32 31
m0 8 11
m1 8 11
m2 -5 -5
1 0 6
2 5 13
3 8 0
t 31 31
m0 8 11
m1 8 11
m2 -5 -5
1 0 5
2 5 14
3 9 0
t 30 31
m0 8 11
m1 8 11
m2 -5 -5
1 0 4
2 5 13
3 8 0
t 29 31
m0 8 11
m1 8 11
m2 -5 -5
1 0 3
2 6 13
3 8 1
t 28 31
m0 8 11
m1 8 11
m2 -5 -5
1 0 4
2 5 13
3 8 0
t 27 31
m0 8 11
m1 8 11
m2 -5 -5
1 0 5
2 5 14
3 9 0
t 26 31
m0 8 11
m1 8 11
m2 -5 -5
1 0 4
2 5 13
3 8 0
t 25 31
m0 8 11
m1 8 11
m2 -5 -5
1 0 5
2 5 14
3 9 0
t 24 31
m0 8 11
m1 8 11
m2 -5 -5
1 0 6
2 5 13
3 8 0
t 23 31
m0 8 11
m1 8 11
m2 -5 -5
1 1 6
2 6 13
3 9 0
t 22 31
m0 8 11
m1 8 11
m2 -5 -5
1 1 7
2 7 13
3 8 0
t 21 31
m0 8 11
m1 8 11
m2 -5 -5
1 1 6
2 6 13
3 9 0
t 20 31
m0 8 11
m1 8 11
m2 -5 -5
1 0 6
2 7 13
3 8 0
t 19 31
m0 8 11
m1 8 11
m2 -5 -5
1 1 6
2 6 13
3 9 0
t 18 31
m0 8 11
m1 8 11
m2 -5 -5
1 0 6
2 5 13
3 8 0
t 17 31
m0 8 11
m1 8 11
m2 -5 -5
1 0 5
2 5 12
3 8 1
t 16 31
m0 8 11
m1 8 11
m2 -5 -5
1 0 6
2 5 11
3 8 2
t 15 31
m0 8 12
m1 8 12
m2 -5 -5
1 1 6
2 5 10
3 8 1
t 14 31
m0 8 12
m1 8 12
m2 -5 -5
1 1 7
2 4 10
3 8 0
t 13 31
m0 8 12
m1 8 12
m2 -5 -5
1 2 7
2 4 11
3 9 0
t 12 31
m0 8 12
m1 8 12
m2 -5 -5
1 2 6
2 5 11
3 8 0
t 11 31
m0 8 12
m1 8 12
m2 -5 -5
1 1 6
2 5 10
3 9 0
t 10 31
m0 8 12
m1 8 12
m2 -5 -5
1 0 6
2 4 10
3 8 0
t 9 31
m0 8 12
m1 8 12
m2 -5 -5
1 1 6
2 4 11
3 8 1
t 8 31
m0 8 12
m1 8 12
m2 -5 -5
1 0 6
2 5 11
3 8 0
t 7 31
m0 8 12
m1 8 12
m2 -5 -5
1 0 5
2 6 11
3 8 1
t 6 31
m0 8 12
m1 8 12
m2 -5 -5
1 0 4
2 7 11
3 7 1
t 5 31
m0 8 13
m1 8 12
m2 -5 -5
1 0 5
2 8 11
3 6 1
t 4 31
m0 7 13
m1 8 13
m2 -5 -5
1 0 6
2 8 12
3 6 0
t 3 31
m0 6 13
m1 7 13
m2 -5 -5
1 1 6
2 8 13
3 6 1
t 2 31
m0 6 14
m1 6 13
m2 -5 -5
1 1 7
2 8 14
3 6 0
t 1 31
m0 6 13
m1 6 13
m2 -5 -5
1 1 7
2 8 14
3 6 0
t 0 31
