10
15
w 5 6
w 7 12
w 3 11
w 2 12
w 9 4
w 6 14
w 1 2
w 6 7
w 8 1
w 5 12
w 3 10
w 6 3
w 0 11
w 9 11
w 1 10
w 4 10
w 2 6
w 9 14
w 3 13
w 7 1
w 0 12
w 9 10
w 7 5
w 4 2
w 1 0
w 9 6
w 5 3
w 6 1
w 0 13
w 3 8
w 5 14
w 2 0
w 8 8
w 9 5
w 3 4
w 2 4
w 9 12
p 7 3
p 6 9
p 1 3
p 4 8
p 3 0
p 9 8
p 8 0
p 7 7
p 2 1
p 6 2
p 4 12
p 2 5
p 1 11
p 0 3
p 3 14
p 4 0
p 7 2
p 8 14
p 9 0
p 4 9
p 5 5
p 7 6
p 8 10
p 4 13
p 1 5
p 7 10
p 2 2
p 0 4
p 3 6
p 4 1
p 5 4
p 8 2
p 5 11
p 4 5
p 6 11
p 8 11
p 9 3
p 6 0
p 1 4
p 2 10
p 1 9
p 2 14
p 4 11
p 3 5
p 6 5
p 7 9
p 5 10
p 9 2
p 5 7
p 7 13
p 3 1
p 7 4
p 6 13
p 7 8
p 0 2
p 8 4
m0 0 14
m1 0 14
m2 0 14
1 9 0
2 9 0
3 9 0
t 300 0
m0 1 14
m1 1 14
m2 1 14
1 8 0
2 9 1
3 8 0
t 299 0
m0 0 14
m1 2 14
m2 2 14
1 9 0
2 9 2
3 9 0
t 298 1
m0 0 14
m1 3 14
m2 3 14
1 8 0
2 9 3
3 8 0
t 297 2
m0 1 14
m1 4 14
m2 4 14
1 9 0
2 8 3
3 9 0
t 296 2
m0 2 14
m1 4 13
m2 4 13
1 8 0
2 7 3
3 8 0
t 295 3
m0 1 14
m1 4 12
m2 4 12
1 9 0
2 7 4
3 9 0
t 294 4
m0 2 14
m1 4 11
m2 4 11
1 8 0
2 6 4
3 8 0
t 293 5
m0 3 14
m1 5 11
m2 5 11
1 9 0
2 5 4
3 9 0
t 292 6
m0 3 14
m1 6 11
m2 5 10
1 8 0
2 4 4
3 8 0
t 291 8
m0 2 14
m1 7 11
m2 5 9
1 9 0
2 4 5
3 9 0
t 290 8
m0 2 14
m1 8 11
m2 4 9
1 8 0
2 3 5
3 8 0
t 289 10
m0 3 14
m1 8 10
m2 4 8
1 9 0
2 2 5
3 9 0
t 288 12
m0 3 14
m1 7 10
m2 4 7
1 8 0
2 1 5
3 8 0
t 287 13
m0 3 14
m1 8 10
m2 4 6
1 9 0
2 0 5
3 9 0
t 286 13
m0 2 14
m1 8 11
m2 4 5
1 8 0
2 0 6
3 8 0
t 285 14
m0 3 14
m1 8 10
m2 4 4
1 9 0
2 0 7
3 9 0
t 284 14
m0 4 14
m1 8 9
m2 4 3
1 8 0
2 0 8
3 8 0
t 283 14
m0 4 14
m1 9 9
m2 3 3
1 9 0
2 0 9
3 9 0
t 282 14
m0 4 14
m1 9 8
m2 3 2
1 8 0
2 0 10
3 8 0
t 281 15
m0 4 13
m1 9 7
m2 3 1
1 9 0
2 0 9
3 9 0
t 280 16
m0 5 13
m1 9 7
m2 3 0
1 9 1
2 0 10
3 9 1
t 279 17
m0 5 13
m1 9 7
m2 3 0
1 9 0
2 0 9
3 9 0
t 278 17
m0 4 13
m1 9 7
m2 3 0
1 9 1
2 0 8
3 9 1
f 9 1
t 277 17
m0 5 13
m1 9 7
m2 3 0
1 9 0
2 0 9
3 9 0
t 276 17
m0 5 13
m1 9 7
m2 3 0
1 9 1
2 0 10
3 9 1
t 275 17
m0 5 13
m1 9 7
m2 3 0
1 9 0
2 0 9
3 9 0
t 274 17
m0 6 13
m1 9 7
m2 3 0
1 9 1
2 0 10
3 9 1
t 273 18
m0 6 13
m1 9 7
m2 3 0
1 9 0
2 0 9
3 9 0
t 272 18
m0 6 13
m1 9 7
m2 3 0
1 9 1
2 0 10
3 9 1
t 271 18
m0 7 13
m1 9 7
m2 3 0
1 9 0
2 0 9
3 9 0
t 270 19
m0 8 13
m1 9 7
m2 3 0
1 9 1
2 0 10
3 9 1
t 269 19
m0 8 14
m1 9 7
m2 3 0
1 9 0
2 0 9
3 9 0
t 268 20
m0 8 14
m1 9 7
m2 3 0
1 9 1
2 0 10
3 9 1
t 267 20
m0 8 14
m1 9 7
m2 3 0
1 9 0
2 0 9
3 9 0
t 266 20
m0 7 14
m1 9 7
m2 3 0
1 9 1
2 0 10
3 9 1
t 265 20
m0 7 14
m1 9 7
m2 3 0
1 9 0
2 0 9
3 9 0
t 264 20
m0 8 14
m1 9 7
m2 3 0
1 9 1
2 0 10
3 9 1
t 263 20
m0 8 14
m1 9 7
m2 3 0
1 9 0
2 0 9
3 9 0
t 262 20
m0 7 14
m1 9 7
m2 3 0
1 9 1
2 0 10
3 9 1
t 261 20
m0 8 14
m1 9 7
m2 3 0
1 9 0
2 0 9
3 9 0
t 260 20
m0 8 14
m1 9 7
m2 3 0
1 9 1
2 0 10
3 9 1
t 259 20
m0 8 14
m1 9 7
m2 3 0
1 9 0
2 0 9
3 9 0
t 258 20
m0 8 14
m1 9 7
m2 3 0
1 9 1
2 0 10
3 9 1
t 257 20
m0 8 13
m1 9 7
m2 3 0
1 9 0
2 0 9
3 9 0
t 256 20
m0 8 12
m1 9 7
m2 3 0
1 9 1
2 0 10
3 9 1
t 255 20
m0 8 13
m1 9 7
m2 3 0
1 9 0
2 0 9
3 9 0
t 254 20
m0 9 13
m1 8 7
m2 3 0
1 9 1
2 0 10
3 9 1
t 253 20
m0 8 13
m1 7 7
m2 3 0
1 9 2
2 0 9
3 9 2
t 252 21
m0 8 12
m1 7 6
m2 3 0
1 9 1
2 0 10
3 9 1
t 251 22
m0 8 12
m1 6 6
m2 3 0
1 9 2
2 0 9
3 9 2
t 250 22
m0 8 13
m1 6 6
m2 3 0
1 9 1
2 0 10
3 9 1
t 249 22
m0 8 14
m1 6 6
m2 3 0
1 9 2
2 0 9
3 9 2
t 248 22
m0 8 13
m1 6 6
m2 3 0
1 9 1
2 0 10
3 9 1
t 247 22
m0 8 14
m1 6 6
m2 3 0
1 9 2
2 0 9
3 9 2
t 246 22
m0 7 14
m1 6 6
m2 3 0
1 9 1
2 0 10
3 9 1
t 245 22
m0 7 13
m1 6 5
m2 3 0
1 9 0
2 0 9
3 9 0
t 244 23
m0 7 14
m1 6 6
m2 3 0
1 9 1
2 0 10
3 9 1
t 243 23
m0 8 14
m1 7 6
m2 3 0
1 9 0
2 0 9
3 9 0
t 242 23
m0 8 13
m1 6 6
m2 3 0
1 9 1
2 0 10
3 9 1
t 241 23
m0 8 12
m1 6 5
m2 3 0
1 9 0
2 0 9
3 9 0
t 240 23
m0 8 12
m1 6 5
m2 3 0
1 9 1
2 0 10
3 9 1
t 239 23
m0 8 13
m1 6 6
m2 3 0
1 9 2
2 0 9
3 9 2
t 238 23
m0 8 13
m1 6 6
m2 3 0
1 9 1
2 0 10
3 9 1
t 237 23
m0 8 14
m1 7 6
m2 3 0
1 9 0
2 0 9
3 9 0
t 236 23
m0 8 14
m1 7 6
m2 3 0
1 9 1
2 0 10
3 9 1
t 235 23
m0 7 14
m1 8 6
m2 3 0
1 9 0
2 0 9
3 9 0
t 234 23
m0 7 13
m1 8 5
m2 3 0
1 8 0
2 0 10
3 8 0
t 233 23
m0 7 13
m1 8 4
m2 3 0
1 9 0
2 0 9
3 9 0
t 232 24
m0 8 13
m1 8 4
m2 3 0
1 8 0
2 0 10
3 8 0
t 231 24
m0 8 13
m1 8 4
m2 3 0
1 9 0
2 0 9
3 9 0
t 230 24
m0 9 13
m1 8 4
m2 3 0
1 8 0
2 0 10
3 8 0
t 229 24
m0 9 13
m1 8 4
m2 3 0
1 9 0
2 0 9
3 9 0
t 228 24
m0 9 13
m1 8 4
m2 3 0
1 8 0
2 0 10
3 8 0
t 227 24
m0 8 13
m1 8 4
m2 3 0
1 9 0
2 0 9
3 9 0
t 226 24
m0 8 14
m1 8 4
m2 3 0
1 8 0
2 0 10
3 8 0
t 225 24
m0 8 13
m1 8 4
m2 3 0
1 9 0
2 0 9
3 9 0
t 224 24
m0 7 13
m1 8 4
m2 3 0
1 8 0
2 0 10
3 8 0
t 223 24
m0 7 14
m1 8 5
m2 3 0
1 9 0
2 0 9
3 9 0
t 222 24
m0 8 14
m1 8 4
m2 3 0
1 8 0
2 0 10
3 8 0
t 221 24
m0 8 13
m1 8 4
m2 3 0
1 9 0
2 0 9
3 9 0
t 220 24
m0 8 13
m1 8 4
m2 3 0
1 8 0
2 0 10
3 8 0
t 219 24
m0 8 12
m1 7 4
m2 3 0
1 9 0
2 0 9
3 9 0
t 218 25
m0 8 11
m1 7 4
m2 3 0
1 8 0
2 0 10
3 8 0
t 217 25
m0 8 12
m1 7 4
m2 3 0
1 9 0
2 0 9
3 9 0
t 216 25
m0 8 11
m1 7 4
m2 3 0
1 8 0
2 0 10
3 8 0
t 215 25
m0 8 10
m1 7 3
m2 3 0
1 9 0
2 0 9
3 9 0
t 214 26
m0 8 10
m1 8 3
m2 3 0
1 8 0
2 0 10
3 8 0
t 213 26
m0 8 9
m1 9 3
m2 3 0
1 7 0
2 0 9
3 7 0
t 212 27
m0 9 9
m1 9 2
m2 3 0
1 8 0
2 0 10
3 8 0
t 211 28
m0 9 8
m1 8 2
m2 3 0
1 9 0
2 0 9
3 9 0
t 210 29
m0 9 9
m1 8 2
m2 3 0
1 8 0
2 0 10
3 8 0
t 209 29
m0 9 9
m1 8 2
m2 3 0
1 9 0
2 0 9
3 9 0
t 208 29
m0 9 8
m1 8 2
m2 3 0
1 8 0
2 0 10
3 8 0
t 207 29
m0 9 8
m1 8 2
m2 3 0
1 9 0
2 0 9
3 9 0
t 206 29
m0 9 8
m1 8 2
m2 3 0
1 8 0
2 0 10
3 8 0
t 205 29
m0 9 8
m1 8 2
m2 3 0
1 9 0
2 0 9
3 9 0
t 204 29
m0 9 8
m1 8 2
m2 3 0
1 8 0
2 0 10
3 8 0
t 203 29
m0 9 8
m1 8 2
m2 3 0
1 9 0
2 0 9
3 9 0
t 202 29
m0 9 7
m1 7 2
m2 3 0
1 8 0
2 0 10
3 8 0
t 201 30
m0 9 7
m1 7 2
m2 3 0
1 9 0
2 0 9
3 9 0
t 200 30
m0 9 8
m1 8 2
m2 3 0
1 8 0
2 0 10
3 8 0
t 199 30
m0 9 8
m1 8 2
m2 3 0
1 9 0
2 0 9
3 9 0
t 198 30
m0 9 9
m1 9 2
m2 3 0
1 8 0
2 0 10
3 8 0
t 197 30
m0 9 9
m1 9 1
m2 3 0
1 7 0
2 0 9
3 7 0
t 196 40
m0 9 8
m1 9 1
m2 3 0
1 6 0
2 0 10
3 6 0
t 195 40
m0 9 8
m1 9 1
m2 3 0
1 7 0
2 0 9
3 7 0
f 3 7
t 194 40
m0 9 8
m1 9 1
m2 3 0
1 6 0
2 0 10
3 6 0
t 193 40
m0 9 8
m1 9 1
m2 3 0
1 7 0
2 0 9
3 7 0
t 192 40
m0 9 7
m1 9 0
m2 3 1
1 6 0
2 0 10
3 6 0
t 191 41
m0 9 8
m1 9 0
m2 2 1
1 5 0
2 0 9
3 5 0
t 190 42
m0 9 8
m1 9 0
m2 2 2
1 4 0
2 0 10
3 4 0
t 189 43
m0 9 7
m1 8 0
m2 2 3
1 3 0
2 0 9
3 3 0
t 188 44
m0 9 8
m1 8 0
m2 1 3
1 4 0
2 0 10
3 4 0
t 187 45
m0 9 7
m1 7 0
m2 0 3
1 3 0
2 0 9
3 3 0
t 186 46
m0 8 7
m1 6 0
m2 0 4
1 3 1
2 0 10
3 3 1
t 185 48
m0 8 7
m1 5 0
m2 0 5
1 2 1
2 0 9
3 2 1
t 184 48
m0 9 7
m1 5 0
m2 0 5
1 1 1
2 0 10
3 1 1
t 183 48
m0 9 7
m1 5 0
m2 0 5
1 2 1
2 0 9
3 2 1
t 182 48
m0 9 7
m1 5 0
m2 0 5
1 1 1
2 0 10
3 1 1
t 181 48
m0 9 8
m1 6 0
m2 0 5
1 2 1
2 0 9
3 2 1
t 180 48
m0 9 7
m1 5 0
m2 0 5
1 1 1
2 0 10
3 1 1
t 179 48
m0 9 7
m1 5 0
m2 0 5
1 2 1
2 0 9
3 2 1
t 178 48
m0 9 7
m1 5 0
m2 0 5
1 1 1
2 0 10
3 1 1
t 177 48
m0 9 7
m1 5 0
m2 0 5
1 2 1
2 0 9
3 2 1
t 176 48
m0 9 7
m1 5 0
m2 0 5
1 1 1
2 0 10
3 1 1
t 175 48
m0 9 7
m1 5 0
m2 0 5
1 2 1
2 0 9
3 2 1
t 174 48
m0 9 7
m1 5 0
m2 0 5
1 1 1
2 0 10
3 1 1
t 173 48
m0 8 7
m1 5 0
m2 0 5
1 2 1
2 0 9
3 2 1
t 172 48
m0 8 7
m1 5 0
m2 0 5
1 1 1
2 0 10
3 1 1
t 171 48
m0 8 7
m1 5 0
m2 0 5
1 2 1
2 0 9
3 2 1
t 170 48
m0 8 7
m1 5 0
m2 0 5
1 1 1
2 0 10
3 1 1
t 169 48
m0 7 7
m1 4 0
m2 0 5
1 0 1
2 0 9
3 0 1
t 168 49
m0 8 7
m1 5 0
m2 0 5
1 1 1
2 0 10
3 1 1
t 167 49
m0 8 6
m1 4 0
m2 0 5
1 0 1
2 0 9
3 0 1
t 166 49
m0 8 5
m1 4 0
m2 0 6
1 1 1
2 0 10
3 1 1
t 165 49
m0 8 6
m1 4 0
m2 0 5
1 0 1
2 0 9
3 0 1
t 164 49
m0 7 6
m1 4 0
m2 0 4
1 1 1
2 0 10
3 1 1
t 163 49
m0 7 7
m1 5 0
m2 0 4
1 2 1
2 0 9
3 2 1
t 162 49
m0 7 7
m1 5 0
m2 0 5
1 1 1
2 0 10
3 1 1
t 161 49
m0 8 7
m1 5 0
m2 0 5
1 2 1
2 0 9
3 2 1
t 160 49
m0 8 7
m1 5 0
m2 0 5
1 1 1
2 0 10
3 1 1
t 159 49
m0 8 6
m1 4 0
m2 0 5
1 0 1
2 0 9
3 0 1
t 158 49
m0 7 6
m1 4 0
m2 0 4
1 1 1
2 0 10
3 1 1
t 157 49
m0 6 6
m1 4 0
m2 0 4
1 2 1
2 0 9
3 2 1
t 156 49
m0 6 6
m1 4 0
m2 0 4
1 1 1
2 0 10
3 1 1
t 155 49
m0 7 6
m1 4 0
m2 0 4
1 2 1
2 0 9
3 2 1
t 154 49
m0 7 6
m1 4 0
m2 0 5
1 1 1
2 0 10
3 1 1
t 153 49
m0 7 6
m1 4 0
m2 0 4
1 2 1
2 0 9
3 2 1
t 152 49
m0 7 6
m1 4 0
m2 0 5
1 1 1
2 0 10
3 1 1
t 151 49
m0 7 6
m1 4 0
m2 0 4
1 2 1
2 0 9
3 2 1
t 150 49
m0 7 6
m1 4 0
m2 0 5
1 1 1
2 0 10
3 1 1
t 149 49
m0 7 6
m1 4 0
m2 0 4
1 2 1
2 0 9
3 2 1
t 148 49
m0 6 6
m1 4 0
m2 0 4
1 1 1
2 0 10
3 1 1
t 147 49
m0 7 6
m1 4 0
m2 0 4
1 2 1
2 0 9
3 2 1
t 146 49
m0 8 6
m1 5 0
m2 0 5
1 1 1
2 0 10
3 1 1
t 145 49
m0 8 6
m1 4 0
m2 0 5
1 0 1
2 0 9
3 0 1
t 144 49
m0 8 5
m1 4 0
m2 0 6
1 1 1
2 0 10
3 1 1
t 143 49
m0 8 5
m1 4 0
m2 0 7
1 0 1
2 0 9
3 0 1
t 142 49
m0 8 5
m1 3 0
m2 0 8
1 0 2
2 1 9
3 0 2
t 141 49
m0 8 6
m1 3 0
m2 0 9
1 0 3
2 2 9
3 0 3
t 140 49
m0 8 5
m1 3 0
m2 0 10
1 0 4
2 3 9
3 0 4
t 139 49
m0 8 5
m1 3 0
m2 0 10
1 1 4
2 4 9
3 1 4
t 138 49
m0 8 4
m1 3 0
m2 0 10
1 0 4
2 5 9
3 0 4
t 137 49
m0 8 3
m1 3 0
m2 0 10
1 1 4
2 6 9
3 1 4
t 136 49
m0 9 3
m1 3 0
m2 0 10
1 0 4
2 7 9
3 0 4
t 135 49
m0 9 2
m1 3 0
m2 0 10
1 1 4
2 8 9
3 1 4
t 134 49
m0 9 1
m1 3 0
m2 0 10
1 0 4
2 9 9
3 0 4
t 133 49
m0 9 2
m1 3 0
m2 0 10
1 1 4
2 8 9
3 1 4
t 132 49
m0 9 1
m1 3 0
m2 0 10
1 0 4
2 9 9
3 0 4
t 131 49
m0 9 0
m1 3 1
m2 0 10
1 1 4
2 8 9
3 1 4
t 130 49
m0 8 0
m1 2 1
m2 0 10
1 0 4
2 9 9
3 0 4
t 129 49
m0 8 0
m1 1 1
m2 0 10
1 0 5
2 9 8
3 0 5
t 128 49
m0 7 0
m1 0 1
m2 0 10
1 1 5
2 9 9
3 1 5
t 127 49
m0 7 0
m1 0 2
m2 0 10
1 2 5
2 9 8
3 2 5
t 126 50
m0 6 0
m1 0 2
m2 0 10
1 3 5
2 9 9
3 3 5
t 125 50
m0 5 0
m1 0 3
m2 0 10
1 4 5
2 9 8
3 4 5
t 124 50
m0 4 0
m1 0 3
m2 0 10
1 5 5
2 9 9
3 5 5
t 123 50
m0 3 0
m1 0 4
m2 0 9
1 6 5
2 9 8
3 6 5
t 122 50
m0 3 0
m1 1 4
m2 0 10
1 6 6
2 9 9
3 6 6
t 121 51
m0 4 0
m1 1 4
m2 0 10
1 7 6
2 9 8
3 7 6
t 120 51
m0 4 0
m1 1 4
m2 0 10
1 8 6
2 9 9
3 8 6
t 119 51
m0 3 0
m1 1 5
m2 0 9
1 8 7
2 9 8
3 8 7
t 118 52
m0 3 1
m1 2 5
m2 0 10
1 9 7
2 9 9
3 9 7
t 117 53
m0 2 1
m1 3 5
m2 0 10
1 9 8
2 8 9
3 9 8
t 116 54
m0 1 1
m1 3 6
m2 0 10
1 9 9
2 8 10
3 9 9
t 115 55
m0 1 1
m1 4 6
m2 0 10
1 9 8
2 8 11
3 9 8
t 114 55
m0 0 1
m1 4 5
m2 0 10
1 9 9
2 8 12
3 9 9
t 113 55
m0 0 0
m1 5 5
m2 0 10
1 9 8
2 8 13
3 9 8
t 112 56
m0 0 1
m1 6 5
m2 0 10
1 9 9
2 8 14
3 9 9
t 111 56
m0 0 1
m1 6 6
m2 0 10
1 9 8
2 7 14
3 9 8
t 110 56
m0 1 1
m1 7 6
m2 0 10
1 9 9
2 8 14
3 9 9
t 109 56
m0 1 1
m1 8 6
m2 0 10
1 9 8
2 7 14
3 9 8
t 108 56
m0 1 1
m1 8 6
m2 0 10
1 9 9
2 8 14
3 9 9
t 107 56
m0 2 1
m1 8 7
m2 0 10
1 9 8
2 7 14
3 9 8
t 106 56
m0 1 1
m1 -5 -5
m2 0 10
1 9 9
2 8 14
3 9 7
t 105 56
m0 0 1
m1 -5 -5
m2 0 10
1 8 9
2 7 14
3 8 7
t 104 56
m0 0 1
m1 -5 -5
m2 0 10
1 9 9
2 8 14
3 9 7
t 103 56
m0 0 2
m1 -5 -5
m2 0 10
1 8 9
2 7 14
3 8 7
t 102 56
m0 0 2
m1 -5 -5
m2 0 10
1 9 9
2 8 14
3 9 7
t 101 56
m0 0 3
m1 -5 -5
m2 0 10
1 8 9
2 7 14
3 8 7
t 100 56
m0 0 2
m1 -5 -5
m2 0 10
1 9 9
2 8 14
3 9 7
t 99 56
m0 0 1
m1 -5 -5
m2 0 10
1 8 9
2 7 14
3 8 7
t 98 56
m0 0 0
m1 -5 -5
m2 0 10
1 9 9
2 8 14
3 9 7
t 97 56
m0 0 0
m1 -5 -5
m2 0 10
1 8 9
2 7 14
3 8 7
t 96 56
m0 0 0
m1 -5 -5
m2 0 10
1 9 9
2 8 14
3 9 7
t 95 56
m0 0 0
m1 -5 -5
m2 0 10
1 8 9
2 7 14
3 8 7
t 94 56
m0 0 0
m1 -5 -5
m2 0 10
1 9 9
2 8 14
3 9 7
t 93 56
m0 0 0
m1 -5 -5
m2 0 10
1 8 9
2 7 14
3 8 7
t 92 56
m0 0 1
m1 -5 -5
m2 0 10
1 9 9
2 8 14
3 9 7
t 91 56
m0 0 0
m1 -5 -5
m2 0 10
1 8 9
2 7 14
3 8 7
t 90 56
m0 0 0
m1 -5 -5
m2 0 10
1 9 9
2 8 14
3 9 7
t 89 56
m0 0 1
m1 -5 -5
m2 0 10
1 8 9
2 7 14
3 8 7
t 88 56
m0 0 2
m1 -5 -5
m2 0 10
1 9 9
2 8 14
3 9 7
t 87 56
m0 0 2
m1 -5 -5
m2 0 10
1 8 9
2 7 14
3 8 7
t 86 56
m0 0 1
m1 -5 -5
m2 0 10
1 9 9
2 8 14
3 9 7
t 85 56
m0 0 2
m1 -5 -5
m2 0 10
1 8 9
2 7 14
3 8 7
t 84 56
m0 0 2
m1 -5 -5
m2 0 10
1 9 9
2 8 14
3 9 7
t 83 56
m0 0 2
m1 -5 -5
m2 0 10
1 8 9
2 7 14
3 8 7
t 82 56
m0 0 2
m1 -5 -5
m2 0 10
1 9 9
2 8 14
3 9 7
t 81 56
m0 0 1
m1 -5 -5
m2 0 10
1 8 9
2 7 14
3 8 7
t 80 56
m0 0 2
m1 -5 -5
m2 0 10
1 9 9
2 8 14
3 9 7
t 79 56
m0 0 2
m1 -5 -5
m2 0 10
1 8 9
2 7 14
3 8 7
t 78 56
m0 0 1
m1 -5 -5
m2 0 10
1 9 9
2 8 14
3 9 7
t 77 56
m0 0 0
m1 -5 -5
m2 0 10
1 8 9
2 7 14
3 8 7
t 76 56
m0 0 1
m1 -5 -5
m2 0 10
1 9 9
2 8 14
3 9 7
t 75 56
m0 0 1
m1 -5 -5
m2 0 10
1 8 9
2 7 14
3 8 7
t 74 56
m0 0 2
m1 -5 -5
m2 0 10
1 9 9
2 8 14
3 9 7
t 73 56
m0 0 2
m1 -5 -5
m2 0 10
1 8 9
2 7 14
3 8 7
t 72 56
m0 0 1
m1 -5 -5
m2 0 10
1 9 9
2 8 14
3 9 7
t 71 56
m0 0 2
m1 -5 -5
m2 0 10
1 8 9
2 7 14
3 8 7
t 70 56
m0 0 1
m1 -5 -5
m2 0 10
1 9 9
2 8 14
3 9 7
t 69 56
m0 0 0
m1 -5 -5
m2 0 10
1 8 9
2 7 14
3 8 7
t 68 56
m0 0 0
m1 -5 -5
m2 0 10
1 9 9
2 8 14
3 9 7
t 67 56
m0 0 1
m1 -5 -5
m2 0 10
1 8 9
2 7 14
3 8 7
t 66 56
m0 0 0
m1 -5 -5
m2 0 10
1 9 9
2 8 14
3 9 7
t 65 56
m0 0 1
m1 -5 -5
m2 0 10
1 8 9
2 7 14
3 8 7
t 64 56
m0 0 1
m1 -5 -5
m2 0 10
1 9 9
2 8 14
3 9 7
t 63 56
m0 1 1
m1 -5 -5
m2 0 10
1 8 9
2 7 14
3 8 7
t 62 56
m0 1 1
m1 -5 -5
m2 0 10
1 9 9
2 8 14
3 9 7
t 61 56
m0 0 1
m1 -5 -5
m2 0 10
1 8 9
2 7 14
3 8 7
t 60 56
m0 0 0
m1 -5 -5
m2 0 10
1 9 9
2 8 14
3 9 7
t 59 56
m0 0 0
m1 -5 -5
m2 0 10
1 8 9
2 7 14
3 8 7
t 58 56
m0 0 0
m1 -5 -5
m2 0 10
1 9 9
2 8 14
3 9 7
t 57 56
m0 0 1
m1 -5 -5
m2 0 10
1 8 9
2 7 14
3 8 7
t 56 56
m0 0 0
m1 -5 -5
m2 0 10
1 9 9
2 8 14
3 9 7
t 55 56
m0 0 1
m1 -5 -5
m2 0 10
1 8 9
2 7 14
3 8 7
t 54 56
m0 1 1
m1 -5 -5
m2 0 10
1 9 9
2 8 14
3 9 7
t 53 56
m0 2 1
m1 -5 -5
m2 0 10
1 8 9
2 7 14
3 8 7
t 52 56
m0 1 1
m1 -5 -5
m2 0 10
1 9 9
2 8 14
3 9 7
t 51 56
m0 0 1
m1 -5 -5
m2 0 10
1 8 9
2 7 14
3 8 7
t 50 56
m0 0 1
m1 -5 -5
m2 0 10
1 9 9
2 8 14
3 9 7
t 49 56
m0 1 1
m1 -5 -5
m2 0 10
1 8 9
2 7 14
3 8 7
t 48 56
m0 1 1
m1 -5 -5
m2 0 10
1 9 9
2 8 14
3 9 7
t 47 56
m0 2 1
m1 -5 -5
m2 0 10
1 8 9
2 7 14
3 8 7
t 46 56
m0 2 1
m1 -5 -5
m2 0 10
1 9 9
2 8 14
3 9 7
t 45 56
m0 1 1
m1 -5 -5
m2 0 10
1 8 9
2 7 14
3 8 7
t 44 56
m0 1 1
m1 -5 -5
m2 0 10
1 9 9
2 8 14
3 9 7
t 43 56
m0 0 1
m1 -5 -5
m2 0 10
1 8 9
2 7 14
3 8 7
t 42 56
m0 0 0
m1 -5 -5
m2 0 10
1 9 9
2 8 14
3 9 7
t 41 56
m0 0 1
m1 -5 -5
m2 0 10
1 8 9
2 7 14
3 8 7
t 40 56
m0 0 0
m1 -5 -5
m2 0 10
1 9 9
2 8 14
3 9 7
t 39 56
m0 0 1
m1 -5 -5
m2 0 10
1 8 9
2 7 14
3 8 7
t 38 56
m0 0 0
m1 -5 -5
m2 0 10
1 9 9
2 8 14
3 9 7
t 37 56
m0 0 0
m1 -5 -5
m2 0 10
1 8 9
2 7 14
3 8 7
t 36 56
m0 0 0
m1 -5 -5
m2 0 10
1 9 9
2 8 14
3 9 7
t 35 56
m0 0 0
m1 -5 -5
m2 0 10
1 8 9
2 7 14
3 8 7
t 34 56
m0 0 1
m1 -5 -5
m2 0 10
1 9 9
2 8 14
3 9 7
t 33 56
m0 0 0
m1 -5 -5
m2 0 10
1 8 9
2 7 14
3 8 7
t 32 56
m0 0 0
m1 -5 -5
m2 0 10
1 9 9
2 8 14
3 9 7
t 31 56
m0 0 1
m1 -5 -5
m2 0 10
1 8 9
2 7 14
3 8 7
t 30 56
m0 0 2
m1 -5 -5
m2 0 10
1 9 9
2 8 14
3 9 7
t 29 56
m0 0 1
m1 -5 -5
m2 0 10
1 8 9
2 7 14
3 8 7
t 28 56
m0 0 0
m1 -5 -5
m2 0 10
1 9 9
2 8 14
3 9 7
t 27 56
m0 0 1
m1 -5 -5
m2 0 10
1 8 9
2 7 14
3 8 7
t 26 56
m0 1 1
m1 -5 -5
m2 0 10
1 9 9
2 8 14
3 9 7
t 25 56
m0 0 1
m1 -5 -5
m2 0 10
1 8 9
2 7 14
3 8 7
t 24 56
m0 0 1
m1 -5 -5
m2 0 10
1 9 9
2 8 14
3 9 7
t 23 56
m0 0 1
m1 -5 -5
m2 0 10
1 8 9
2 7 14
3 8 7
t 22 56
m0 0 0
m1 -5 -5
m2 0 10
1 9 9
2 8 14
3 9 7
t 21 56
m0 0 0
m1 -5 -5
m2 0 10
1 8 9
2 7 14
3 8 7
t 20 56
m0 0 0
m1 -5 -5
m2 0 10
1 9 9
2 8 14
3 9 7
t 19 56
m0 0 0
m1 -5 -5
m2 0 10
1 8 9
2 7 14
3 8 7
t 18 56
m0 0 1
m1 -5 -5
m2 0 10
1 9 9
2 8 14
3 9 7
t 17 56
m0 1 1
m1 -5 -5
m2 0 10
1 8 9
2 7 14
3 8 7
t 16 56
m0 1 1
m1 -5 -5
m2 0 10
1 9 9
2 8 14
3 9 7
t 15 56
m0 1 1
m1 -5 -5
m2 0 10
1 8 9
2 7 14
3 8 7
t 14 56
m0 2 1
m1 -5 -5
m2 0 10
1 9 9
2 8 14
3 9 7
t 13 56
m0 1 1
m1 -5 -5
m2 0 10
1 8 9
2 7 14
3 8 7
t 12 56
m0 1 1
m1 -5 -5
m2 0 10
1 9 9
2 8 14
3 9 7
t 11 56
m0 0 1
m1 -5 -5
m2 0 10
1 8 9
2 7 14
3 8 7
t 10 56
m0 0 0
m1 -5 -5
m2 0 10
1 9 9
2 8 14
3 9 7
t 9 56
m0 0 0
m1 -5 -5
m2 0 10
1 8 9
2 7 14
3 8 7
t 8 56
m0 0 0
m1 -5 -5
m2 0 10
1 9 9
2 8 14
3 9 7
t 7 56
m0 0 0
m1 -5 -5
m2 0 10
1 8 9
2 7 14
3 8 7
t 6 56
m0 0 0
m1 -5 -5
m2 0 10
1 9 9
2 8 14
3 9 7
t 5 56
m0 0 0
m1 -5 -5
m2 0 10
1 8 9
2 7 14
3 8 7
t 4 56
m0 0 0
m1 -5 -5
m2 0 10
1 9 9
2 8 14
3 9 7
t 3 56
m0 0 1
m1 -5 -5
m2 0 10
1 8 9
2 7 14
3 8 7
t 2 56
m0 0 0
m1 -5 -5
m2 0 10
1 9 9
2 8 14
3 9 7
t 1 56
m0 0 0
m1 -5 -5
m2 0 10
1 9 9
2 8 14
3 9 7
t 0 56
