10
15
w 8 13
w 2 8
w 8 9
w 0 10
w 5 1
w 0 3
w 7 2
w 5 8
w 6 7
w 3 3
w 5 5
w 1 14
w 4 13
w 1 5
w 7 10
w 2 2
w 3 6
w 1 1
w 4 10
w 5 4
w 7 1
w 6 11
w 9 3
w 2 10
w 3 9
w 7 5
w 8 7
w 4 2
w 2 14
w 0 8
w 3 5
w 4 6
w 8 12
w 9 2
w 7 13
w 7 4
w 0 9
p 6 9
p 4 7
p 9 1
p 7 12
p 0 2
p 8 0
p 3 11
p 0 7
p 2 1
p 7 7
p 6 2
p 2 5
p 1 11
p 8 5
p 2 9
p 8 1
p 3 10
p 6 10
p 4 4
p 7 6
p 6 3
p 2 13
p 9 11
p 5 0
p 0 4
p 1 10
p 8 6
p 4 1
p 7 14
p 3 2
p 0 0
p 9 14
p 4 5
p 1 13
p 4 14
p 1 4
p 0 12
p 9 10
p 0 5
p 6 12
p 9 6
p 6 5
p 7 9
p 0 1
p 2 7
p 9 13
p 8 3
p 3 12
p 5 10
p 1 12
p 5 7
p 0 13
p 9 9
p 2 0
p 1 7
p 2 4
m0 0 14
m1 0 14
m2 0 14
1 9 0
2 9 0
3 9 0
t 300 0
m0 0 13
m1 0 13
m2 0 14
1 8 0
2 8 0
3 8 0
t 299 1
m0 1 13
m1 0 12
m2 0 14
1 9 0
2 9 0
3 9 0
t 298 3
m0 2 13
m1 0 11
m2 0 14
1 8 0
2 8 0
3 8 0
t 297 4
m0 3 13
m1 1 11
m2 0 14
1 9 0
2 9 0
3 9 0
t 296 5
m0 3 13
m1 0 11
m2 0 14
1 8 0
2 8 0
3 8 0
t 295 5
m0 3 12
m1 1 11
m2 0 14
1 9 0
2 9 0
3 9 0
t 294 6
m0 4 12
m1 1 11
m2 0 14
1 8 0
2 8 0
3 8 0
t 293 6
m0 5 12
m1 1 10
m2 0 14
1 9 0
2 9 0
3 9 0
t 292 7
m0 6 12
m1 1 10
m2 0 14
1 8 0
2 8 0
3 8 0
t 291 8
m0 7 12
m1 1 11
m2 0 14
1 9 0
2 9 0
3 9 0
t 290 9
m0 7 12
m1 1 11
m2 0 14
1 8 0
2 8 0
3 8 0
t 289 9
m0 7 12
m1 0 11
m2 0 14
1 9 0
2 9 0
3 9 0
t 288 9
m0 7 12
m1 1 11
m2 0 14
1 8 0
2 8 0
3 8 0
t 287 9
m0 7 12
m1 2 11
m2 0 14
1 9 0
2 9 0
3 9 0
t 286 9
m0 7 12
m1 2 12
m2 0 14
1 8 0
2 8 0
3 8 0
t 285 9
m0 7 11
m1 3 12
m2 0 14
1 9 0
2 9 0
3 9 0
t 284 9
m0 8 11
m1 3 11
m2 0 14
1 8 0
2 8 0
3 8 0
t 283 10
m0 9 11
m1 3 10
m2 0 14
1 9 0
2 9 0
3 9 0
t 282 12
m0 9 12
m1 3 10
m2 0 14
1 8 0
2 8 0
3 8 0
t 281 12
m0 9 13
m1 3 10
m2 0 14
1 9 0
2 9 0
3 9 0
t 280 13
m0 9 12
m1 3 11
m2 0 14
1 8 0
2 8 0
3 8 0
f 8 8
t 279 13
m0 9 11
m1 3 12
m2 0 14
1 9 0
2 9 0
3 9 0
t 278 13
m0 9 10
m1 3 11
m2 0 14
1 8 0
2 8 0
3 8 0
t 277 14
m0 9 9
m1 2 11
m2 0 14
1 9 0
2 9 0
3 9 0
t 276 15
m0 9 8
m1 2 12
m2 0 14
1 8 0
2 8 0
3 8 0
t 275 15
m0 8 8
m1 3 12
m2 0 14
1 9 0
2 9 0
3 9 0
t 274 25
m0 9 8
m1 3 11
m2 0 14
1 8 0
2 8 0
3 8 0
t 273 25
m0 9 7
m1 3 11
m2 0 14
1 9 0
2 9 0
3 9 0
t 272 25
m0 9 8
m1 3 11
m2 0 14
1 8 0
2 8 0
3 8 0
t 271 25
m0 8 8
m1 4 11
m2 0 14
1 9 0
2 9 0
3 9 0
t 270 35
m0 9 8
m1 5 11
m2 0 14
1 8 0
2 8 0
3 8 0
t 269 35
m0 9 7
m1 4 11
m2 0 14
1 9 0
2 9 0
3 9 0
t 268 35
m0 9 6
m1 4 11
m2 0 14
1 8 0
2 8 0
3 8 0
t 267 36
m0 9 5
m1 4 12
m2 0 14
1 9 0
2 9 0
3 9 0
t 266 36
m0 9 4
m1 4 11
m2 0 14
1 8 0
2 8 0
3 8 0
t 265 36
m0 9 4
m1 4 12
m2 0 14
1 9 0
2 9 0
3 9 0
t 264 36
m0 9 4
m1 5 12
m2 0 14
1 8 0
2 8 0
3 8 0
t 263 36
m0 9 4
m1 5 12
m2 0 14
1 9 0
2 9 0
3 9 0
t 262 36
m0 9 4
m1 6 12
m2 0 14
1 8 0
2 8 0
3 8 0
t 261 36
m0 9 5
m1 5 12
m2 0 14
1 9 0
2 9 0
3 9 0
f 9 13
t 260 36
m0 9 6
m1 5 11
m2 0 14
1 8 0
2 8 0
3 8 0
t 259 36
m0 9 7
m1 5 10
m2 0 14
1 9 0
2 9 0
3 9 0
t 258 37
m0 9 8
m1 5 10
m2 0 14
1 8 0
2 8 0
3 8 0
t 257 37
m0 9 9
m1 5 9
m2 0 14
1 9 0
2 9 0
3 9 0
t 256 37
m0 9 10
m1 4 9
m2 0 14
1 8 0
2 8 0
3 8 0
t 255 37
m0 9 11
m1 4 8
m2 0 14
1 9 0
2 9 0
3 9 0
t 254 37
m0 9 12
m1 4 7
m2 0 14
1 8 0
2 8 0
3 8 0
t 253 38
m0 9 13
m1 4 7
m2 0 14
1 9 0
2 9 0
3 9 0
t 252 48
m0 9 12
m1 5 7
m2 0 14
1 8 0
2 8 0
3 8 0
t 251 49
m0 9 13
m1 5 6
m2 0 14
1 9 0
2 9 0
3 9 0
t 250 49
m0 9 12
m1 6 6
m2 0 14
1 8 0
2 8 0
3 8 0
t 249 49
m0 9 13
m1 6 6
m2 0 14
1 9 0
2 9 0
3 9 0
t 248 49
m0 9 13
m1 5 6
m2 0 14
1 8 0
2 8 0
3 8 0
t 247 49
m0 9 12
m1 5 6
m2 0 14
1 9 0
2 9 0
3 9 0
t 246 49
m0 9 13
m1 6 6
m2 0 14
1 8 0
2 8 0
3 8 0
t 245 49
m0 9 13
m1 6 5
m2 0 14
1 9 0
2 9 0
3 9 0
t 244 50
m0 9 12
m1 6 4
m2 0 14
1 8 0
2 8 0
3 8 0
t 243 50
m0 9 12
m1 6 4
m2 0 14
1 9 0
2 9 0
3 9 0
t 242 50
m0 9 12
m1 6 4
m2 0 14
1 8 0
2 8 0
3 8 0
t 241 50
m0 9 12
m1 6 3
m2 0 14
1 9 0
2 9 0
3 9 0
t 240 51
m0 9 11
m1 5 3
m2 0 14
1 8 0
2 8 0
3 8 0
t 239 51
m0 9 11
m1 5 2
m2 0 14
1 9 0
2 9 0
3 9 0
t 238 51
m0 9 10
m1 5 3
m2 0 14
1 8 0
2 8 0
3 8 0
t 237 51
m0 9 11
m1 5 2
m2 0 14
1 9 0
2 9 0
3 9 0
t 236 51
m0 9 10
m1 6 2
m2 0 14
1 8 0
2 8 0
3 8 0
t 235 52
m0 9 11
m1 5 2
m2 0 14
1 9 0
2 9 0
3 9 0
t 234 52
m0 9 10
m1 5 3
m2 0 14
1 8 0
2 8 0
3 8 0
t 233 52
m0 9 11
m1 4 3
m2 0 14
1 9 0
2 9 0
3 9 0
t 232 52
m0 9 10
m1 4 4
m2 0 14
1 8 0
2 8 0
3 8 0
t 231 53
m0 9 11
m1 3 4
m2 0 14
1 9 0
2 9 0
3 9 0
t 230 53
m0 9 10
m1 3 4
m2 0 14
1 8 0
2 8 0
3 8 0
t 229 53
m0 9 11
m1 3 4
m2 0 14
1 9 0
2 9 0
3 9 0
t 228 53
m0 9 10
m1 2 4
m2 0 14
1 8 0
2 8 0
3 8 0
t 227 54
m0 9 10
m1 2 4
m2 0 14
1 9 0
2 9 0
3 9 0
t 226 54
m0 9 9
m1 2 4
m2 0 14
1 8 0
2 8 0
3 8 0
f 4 9
t 225 54
m0 9 9
m1 2 3
m2 0 14
1 9 0
2 9 0
3 9 0
t 224 54
m0 9 9
m1 1 3
m2 0 14
1 8 0
2 8 0
3 8 0
t 223 54
m0 9 9
m1 1 2
m2 0 14
1 9 0
2 9 0
3 9 0
t 222 54
m0 9 9
m1 0 2
m2 0 14
1 8 0
2 8 0
3 8 0
t 221 55
m0 9 9
m1 0 1
m2 0 14
1 9 0
2 9 0
3 9 0
t 220 56
m0 9 9
m1 0 0
m2 0 14
1 8 0
2 8 0
3 8 0
t 219 57
m0 9 9
m1 0 0
m2 0 14
1 9 0
2 9 0
3 9 0
t 218 57
m0 9 9
m1 0 0
m2 0 14
1 8 0
2 8 0
3 8 0
t 217 57
m0 9 9
m1 0 0
m2 0 14
1 9 0
2 9 0
3 9 0
t 216 57
m0 9 9
m1 0 0
m2 0 14
1 8 0
2 8 0
3 8 0
t 215 57
m0 9 9
m1 0 0
m2 0 14
1 9 0
2 9 0
3 9 0
t 214 57
m0 9 9
m1 0 0
m2 0 14
1 8 0
2 8 0
3 8 0
t 213 57
m0 9 9
m1 0 0
m2 0 14
1 9 0
2 9 0
3 9 0
t 212 57
m0 9 9
m1 1 0
m2 0 14
1 8 0
2 8 0
3 8 0
t 211 57
m0 9 9
m1 2 0
m2 0 14
1 9 0
2 9 0
3 9 0
t 210 58
m0 9 9
m1 2 0
m2 0 14
1 8 0
2 8 0
3 8 0
t 209 58
m0 9 9
m1 2 0
m2 0 14
1 9 0
2 9 0
3 9 0
t 208 58
m0 9 9
m1 2 0
m2 0 14
1 8 0
2 8 0
3 8 0
t 207 58
m0 9 9
m1 2 0
m2 0 14
1 9 0
2 9 0
3 9 0
t 206 58
m0 9 9
m1 2 0
m2 0 14
1 8 0
2 8 0
3 8 0
t 205 58
m0 9 9
m1 1 0
m2 0 14
1 9 0
2 9 0
3 9 0
t 204 58
m0 9 9
m1 2 0
m2 0 14
1 8 0
2 8 0
3 8 0
t 203 58
m0 9 9
m1 2 0
m2 0 14
1 9 0
2 9 0
3 9 0
t 202 58
m0 9 9
m1 1 0
m2 0 14
1 8 0
2 8 0
3 8 0
t 201 58
m0 9 9
m1 1 0
m2 0 14
1 9 0
2 9 0
3 9 0
t 200 58
m0 9 9
m1 1 0
m2 0 14
1 8 0
2 8 0
3 8 0
t 199 58
m0 9 9
m1 0 0
m2 0 14
1 9 0
2 9 0
3 9 0
t 198 58
m0 9 9
m1 0 0
m2 0 14
1 8 0
2 8 0
3 8 0
t 197 58
m0 9 9
m1 1 0
m2 0 14
1 9 0
2 9 0
3 9 0
t 196 58
m0 9 9
m1 0 0
m2 0 14
1 8 0
2 8 0
3 8 0
t 195 58
m0 9 9
m1 1 0
m2 0 14
1 9 0
2 9 0
3 9 0
t 194 58
m0 9 9
m1 0 0
m2 0 14
1 8 0
2 8 0
3 8 0
t 193 58
m0 9 9
m1 1 0
m2 0 14
1 9 0
2 9 0
3 9 0
t 192 58
m0 9 9
m1 0 0
m2 0 14
1 8 0
2 8 0
3 8 0
t 191 58
m0 9 9
m1 0 0
m2 0 14
1 9 0
2 9 0
3 9 0
t 190 58
m0 9 9
m1 0 0
m2 0 14
1 8 0
2 8 0
3 8 0
t 189 58
m0 9 9
m1 0 0
m2 0 14
1 9 0
2 9 0
3 9 0
t 188 58
m0 9 9
m1 1 0
m2 0 14
1 8 0
2 8 0
3 8 0
t 187 58
m0 9 9
m1 2 0
m2 0 14
1 9 0
2 9 0
3 9 0
t 186 58
m0 9 9
m1 1 0
m2 0 14
1 8 0
2 8 0
3 8 0
t 185 58
m0 9 9
m1 0 0
m2 0 14
1 9 0
2 9 0
3 9 0
t 184 58
m0 9 9
m1 1 0
m2 0 14
1 8 0
2 8 0
3 8 0
t 183 58
m0 9 9
m1 0 0
m2 0 14
1 9 0
2 9 0
3 9 0
t 182 58
m0 9 9
m1 1 0
m2 0 14
1 8 0
2 8 0
3 8 0
t 181 58
m0 9 9
m1 2 0
m2 0 14
1 9 0
2 9 0
3 9 0
t 180 58
m0 9 9
m1 1 0
m2 0 14
1 8 0
2 8 0
3 8 0
t 179 58
m0 9 9
m1 2 0
m2 0 14
1 9 0
2 9 0
3 9 0
t 178 58
m0 9 9
m1 2 0
m2 0 14
1 8 0
2 8 0
3 8 0
t 177 58
m0 9 9
m1 2 0
m2 0 14
1 9 0
2 9 0
3 9 0
t 176 58
m0 9 9
m1 2 0
m2 0 14
1 8 0
2 8 0
3 8 0
t 175 58
m0 9 9
m1 1 0
m2 0 14
1 9 0
2 9 0
3 9 0
t 174 58
m0 9 9
m1 0 0
m2 0 14
1 8 0
2 8 0
3 8 0
t 173 58
m0 9 9
m1 1 0
m2 0 14
1 9 0
2 9 0
3 9 0
t 172 58
m0 9 9
m1 2 0
m2 0 14
1 8 0
2 8 0
3 8 0
t 171 58
m0 9 9
m1 2 0
m2 0 14
1 9 0
2 9 0
3 9 0
t 170 58
m0 9 9
m1 1 0
m2 0 14
1 8 0
2 8 0
3 8 0
t 169 58
m0 9 9
m1 1 0
m2 0 14
1 9 0
2 9 0
3 9 0
t 168 58
m0 9 9
m1 1 0
m2 0 14
1 8 0
2 8 0
3 8 0
t 167 58
m0 9 9
m1 0 0
m2 0 14
1 9 0
2 9 0
3 9 0
t 166 58
m0 9 9
m1 0 0
m2 0 14
1 8 0
2 8 0
3 8 0
t 165 58
m0 9 9
m1 0 0
m2 0 14
1 9 0
2 9 0
3 9 0
t 164 58
m0 9 9
m1 1 0
m2 0 14
1 8 0
2 8 0
3 8 0
t 163 58
m0 9 9
m1 0 0
m2 0 14
1 9 0
2 9 0
3 9 0
t 162 58
m0 9 9
m1 0 0
m2 0 14
1 8 0
2 8 0
3 8 0
t 161 58
m0 9 9
m1 0 0
m2 0 14
1 9 0
2 9 0
3 9 0
t 160 58
m0 9 9
m1 1 0
m2 0 14
1 8 0
2 8 0
3 8 0
t 159 58
m0 9 9
m1 0 0
m2 0 14
1 9 0
2 9 0
3 9 0
t 158 58
m0 9 9
m1 1 0
m2 0 14
1 8 0
2 8 0
3 8 0
t 157 58
m0 9 9
m1 0 0
m2 0 14
1 9 0
2 9 0
3 9 0
t 156 58
m0 9 9
m1 0 0
m2 0 14
1 8 0
2 8 0
3 8 0
t 155 58
m0 9 9
m1 0 0
m2 0 14
1 9 0
2 9 0
3 9 0
t 154 58
m0 9 9
m1 0 0
m2 0 14
1 8 0
2 8 0
3 8 0
t 153 58
m0 9 9
m1 1 0
m2 0 14
1 9 0
2 9 0
3 9 0
t 152 58
m0 9 9
m1 0 0
m2 0 14
1 8 0
2 8 0
3 8 0
t 151 58
m0 9 9
m1 1 0
m2 0 14
1 9 0
2 9 0
3 9 0
t 150 58
m0 9 9
m1 1 0
m2 0 14
1 8 0
2 8 0
3 8 0
t 149 58
m0 9 9
m1 1 0
m2 0 14
1 9 0
2 9 0
3 9 0
t 148 58
m0 9 9
m1 2 0
m2 0 14
1 8 0
2 8 0
3 8 0
t 147 58
m0 9 9
m1 2 0
m2 0 14
1 9 0
2 9 0
3 9 0
t 146 58
m0 9 9
m1 2 0
m2 0 14
1 8 0
2 8 0
3 8 0
t 145 58
m0 9 9
m1 1 0
m2 0 14
1 9 0
2 9 0
3 9 0
t 144 58
m0 9 9
m1 2 0
m2 0 14
1 8 0
2 8 0
3 8 0
t 143 58
m0 9 9
m1 2 0
m2 0 14
1 9 0
2 9 0
3 9 0
t 142 58
m0 9 9
m1 1 0
m2 0 14
1 8 0
2 8 0
3 8 0
t 141 58
m0 9 9
m1 0 0
m2 0 14
1 9 0
2 9 0
3 9 0
t 140 58
m0 9 9
m1 0 0
m2 0 14
1 8 0
2 8 0
3 8 0
t 139 58
m0 9 9
m1 0 0
m2 0 14
1 9 0
2 9 0
3 9 0
t 138 58
m0 9 9
m1 1 0
m2 0 14
1 8 0
2 8 0
3 8 0
t 137 58
m0 9 9
m1 1 0
m2 0 14
1 9 0
2 9 0
3 9 0
t 136 58
m0 9 9
m1 2 0
m2 0 14
1 8 0
2 8 0
3 8 0
t 135 58
m0 9 9
m1 1 0
m2 0 14
1 9 0
2 9 0
3 9 0
t 134 58
m0 9 9
m1 1 0
m2 0 14
1 8 0
2 8 0
3 8 0
t 133 58
m0 9 9
m1 2 0
m2 0 14
1 9 0
2 9 0
3 9 0
t 132 58
m0 9 9
m1 1 0
m2 0 14
1 8 0
2 8 0
3 8 0
t 131 58
m0 9 9
m1 2 0
m2 0 14
1 9 0
2 9 0
3 9 0
t 130 58
m0 9 9
m1 1 0
m2 0 14
1 8 0
2 8 0
3 8 0
t 129 58
m0 9 9
m1 2 0
m2 0 14
1 9 0
2 9 0
3 9 0
t 128 58
m0 9 9
m1 1 0
m2 0 14
1 8 0
2 8 0
3 8 0
t 127 58
m0 9 9
m1 1 0
m2 0 14
1 9 0
2 9 0
3 9 0
t 126 58
m0 9 9
m1 2 0
m2 0 14
1 8 0
2 8 0
3 8 0
t 125 58
m0 9 9
m1 1 0
m2 0 14
1 9 0
2 9 0
3 9 0
t 124 58
m0 9 9
m1 0 0
m2 0 14
1 8 0
2 8 0
3 8 0
t 123 58
m0 9 9
m1 0 0
m2 0 14
1 9 0
2 9 0
3 9 0
t 122 58
m0 9 9
m1 0 0
m2 0 14
1 8 0
2 8 0
3 8 0
t 121 58
m0 9 9
m1 1 0
m2 0 14
1 9 0
2 9 0
3 9 0
t 120 58
m0 9 9
m1 0 0
m2 0 14
1 8 0
2 8 0
3 8 0
t 119 58
m0 9 9
m1 1 0
m2 0 14
1 9 0
2 9 0
3 9 0
t 118 58
m0 9 9
m1 1 0
m2 0 14
1 8 0
2 8 0
3 8 0
t 117 58
m0 9 9
m1 0 0
m2 0 14
1 9 0
2 9 0
3 9 0
t 116 58
m0 9 9
m1 0 0
m2 0 14
1 8 0
2 8 0
3 8 0
t 115 58
m0 9 9
m1 0 0
m2 0 14
1 9 0
2 9 0
3 9 0
t 114 58
m0 9 9
m1 1 0
m2 0 14
1 8 0
2 8 0
3 8 0
t 113 58
m0 9 9
m1 2 0
m2 0 14
1 9 0
2 9 0
3 9 0
t 112 58
m0 9 9
m1 2 0
m2 0 14
1 8 0
2 8 0
3 8 0
t 111 58
m0 9 9
m1 1 0
m2 0 14
1 9 0
2 9 0
3 9 0
t 110 58
m0 9 9
m1 2 0
m2 0 14
1 8 0
2 8 0
3 8 0
t 109 58
m0 9 9
m1 2 0
m2 0 14
1 9 0
2 9 0
3 9 0
t 108 58
m0 9 9
m1 1 0
m2 0 14
1 8 0
2 8 0
3 8 0
t 107 58
m0 9 9
m1 2 0
m2 0 14
1 9 0
2 9 0
3 9 0
t 106 58
m0 9 9
m1 1 0
m2 0 14
1 8 0
2 8 0
3 8 0
t 105 58
m0 9 9
m1 0 0
m2 0 14
1 9 0
2 9 0
3 9 0
t 104 58
m0 9 9
m1 1 0
m2 0 14
1 8 0
2 8 0
3 8 0
t 103 58
m0 9 9
m1 2 0
m2 0 14
1 9 0
2 9 0
3 9 0
t 102 58
m0 9 9
m1 1 0
m2 0 14
1 8 0
2 8 0
3 8 0
t 101 58
m0 9 9
m1 2 0
m2 0 14
1 9 0
2 9 0
3 9 0
t 100 58
m0 9 9
m1 1 0
m2 0 14
1 8 0
2 8 0
3 8 0
t 99 58
m0 9 9
m1 0 0
m2 0 14
1 9 0
2 9 0
3 9 0
t 98 58
m0 9 9
m1 1 0
m2 0 14
1 8 0
2 8 0
3 8 0
t 97 58
m0 9 9
m1 1 0
m2 0 14
1 9 0
2 9 0
3 9 0
t 96 58
m0 9 9
m1 1 0
m2 0 14
1 8 0
2 8 0
3 8 0
t 95 58
m0 9 9
m1 2 0
m2 0 14
1 9 0
2 9 0
3 9 0
t 94 58
m0 9 9
m1 1 0
m2 0 14
1 8 0
2 8 0
3 8 0
t 93 58
m0 9 9
m1 0 0
m2 0 14
1 9 0
2 9 0
3 9 0
t 92 58
m0 9 9
m1 1 0
m2 0 14
1 8 0
2 8 0
3 8 0
t 91 58
m0 9 9
m1 1 0
m2 0 14
1 9 0
2 9 0
3 9 0
t 90 58
m0 9 9
m1 1 0
m2 0 14
1 8 0
2 8 0
3 8 0
t 89 58
m0 9 9
m1 2 0
m2 0 14
1 9 0
2 9 0
3 9 0
t 88 58
m0 9 9
m1 2 0
m2 0 14
1 8 0
2 8 0
3 8 0
t 87 58
m0 9 9
m1 2 0
m2 0 14
1 9 0
2 9 0
3 9 0
t 86 58
m0 9 9
m1 2 0
m2 0 14
1 8 0
2 8 0
3 8 0
t 85 58
m0 9 9
m1 2 0
m2 0 14
1 9 0
2 9 0
3 9 0
t 84 58
m0 9 9
m1 2 0
m2 0 14
1 8 0
2 8 0
3 8 0
t 83 58
m0 9 9
m1 1 0
m2 0 14
1 9 0
2 9 0
3 9 0
t 82 58
m0 9 9
m1 0 0
m2 0 14
1 8 0
2 8 0
3 8 0
t 81 58
m0 9 9
m1 0 0
m2 0 14
1 9 0
2 9 0
3 9 0
t 80 58
m0 9 9
m1 0 0
m2 0 14
1 8 0
2 8 0
3 8 0
t 79 58
m0 9 9
m1 0 0
m2 0 14
1 9 0
2 9 0
3 9 0
t 78 58
m0 9 9
m1 0 0
m2 0 14
1 8 0
2 8 0
3 8 0
t 77 58
m0 9 9
m1 1 0
m2 0 14
1 9 0
2 9 0
3 9 0
t 76 58
m0 9 9
m1 1 0
m2 0 14
1 8 0
2 8 0
3 8 0
t 75 58
m0 9 9
m1 2 0
m2 0 14
1 9 0
2 9 0
3 9 0
t 74 58
m0 9 9
m1 2 0
m2 0 14
1 8 0
2 8 0
3 8 0
t 73 58
m0 9 9
m1 2 0
m2 0 14
1 9 0
2 9 0
3 9 0
t 72 58
m0 9 9
m1 1 0
m2 0 14
1 8 0
2 8 0
3 8 0
t 71 58
m0 9 9
m1 2 0
m2 0 14
1 9 0
2 9 0
3 9 0
t 70 58
m0 9 9
m1 1 0
m2 0 14
1 8 0
2 8 0
3 8 0
t 69 58
m0 9 9
m1 1 0
m2 0 14
1 9 0
2 9 0
3 9 0
t 68 58
m0 9 9
m1 2 0
m2 0 14
1 8 0
2 8 0
3 8 0
t 67 58
m0 9 9
m1 2 0
m2 0 14
1 9 0
2 9 0
3 9 0
t 66 58
m0 9 9
m1 1 0
m2 0 14
1 8 0
2 8 0
3 8 0
t 65 58
m0 9 9
m1 1 0
m2 0 14
1 9 0
2 9 0
3 9 0
t 64 58
m0 9 9
m1 2 0
m2 0 14
1 8 0
2 8 0
3 8 0
t 63 58
m0 9 9
m1 1 0
m2 0 14
1 9 0
2 9 0
3 9 0
t 62 58
m0 9 9
m1 2 0
m2 0 14
1 8 0
2 8 0
3 8 0
t 61 58
m0 9 9
m1 1 0
m2 0 14
1 9 0
2 9 0
3 9 0
t 60 58
m0 9 9
m1 1 0
m2 0 14
1 8 0
2 8 0
3 8 0
t 59 58
m0 9 9
m1 0 0
m2 0 14
1 9 0
2 9 0
3 9 0
t 58 58
m0 9 9
m1 0 0
m2 0 14
1 8 0
2 8 0
3 8 0
t 57 58
m0 9 9
m1 0 0
m2 0 14
1 9 0
2 9 0
3 9 0
t 56 58
m0 9 9
m1 0 0
m2 0 14
1 8 0
2 8 0
3 8 0
t 55 58
m0 9 9
m1 0 0
m2 0 14
1 9 0
2 9 0
3 9 0
t 54 58
m0 9 9
m1 0 0
m2 0 14
1 8 0
2 8 0
3 8 0
t 53 58
m0 9 9
m1 1 0
m2 0 14
1 9 0
2 9 0
3 9 0
t 52 58
m0 9 9
m1 0 0
m2 0 14
1 8 0
2 8 0
3 8 0
t 51 58
m0 9 9
m1 1 0
m2 0 14
1 9 0
2 9 0
3 9 0
t 50 58
m0 9 9
m1 1 0
m2 0 14
1 8 0
2 8 0
3 8 0
t 49 58
m0 9 9
m1 1 0
m2 0 14
1 9 0
2 9 0
3 9 0
t 48 58
m0 9 9
m1 0 0
m2 0 14
1 8 0
2 8 0
3 8 0
t 47 58
m0 9 9
m1 1 0
m2 0 14
1 9 0
2 9 0
3 9 0
t 46 58
m0 9 9
m1 1 0
m2 0 14
1 8 0
2 8 0
3 8 0
t 45 58
m0 9 9
m1 2 0
m2 0 14
1 9 0
2 9 0
3 9 0
t 44 58
m0 9 9
m1 2 0
m2 0 14
1 8 0
2 8 0
3 8 0
t 43 58
m0 9 9
m1 1 0
m2 0 14
1 9 0
2 9 0
3 9 0
t 42 58
m0 9 9
m1 0 0
m2 0 14
1 8 0
2 8 0
3 8 0
t 41 58
m0 9 9
m1 1 0
m2 0 14
1 9 0
2 9 0
3 9 0
t 40 58
m0 9 9
m1 1 0
m2 0 14
1 8 0
2 8 0
3 8 0
t 39 58
m0 9 9
m1 0 0
m2 0 14
1 9 0
2 9 0
3 9 0
t 38 58
m0 9 9
m1 0 0
m2 0 14
1 8 0
2 8 0
3 8 0
t 37 58
m0 9 9
m1 0 0
m2 0 14
1 9 0
2 9 0
3 9 0
t 36 58
m0 9 9
m1 1 0
m2 0 14
1 8 0
2 8 0
3 8 0
t 35 58
m0 9 9
m1 1 0
m2 0 14
1 9 0
2 9 0
3 9 0
t 34 58
m0 9 9
m1 2 0
m2 0 14
1 8 0
2 8 0
3 8 0
t 33 58
m0 9 9
m1 1 0
m2 0 14
1 9 0
2 9 0
3 9 0
t 32 58
m0 9 9
m1 0 0
m2 0 14
1 8 0
2 8 0
3 8 0
t 31 58
m0 9 9
m1 0 0
m2 0 14
1 9 0
2 9 0
3 9 0
t 30 58
m0 9 9
m1 1 0
m2 0 14
1 8 0
2 8 0
3 8 0
t 29 58
m0 9 9
m1 0 0
m2 0 14
1 9 0
2 9 0
3 9 0
t 28 58
m0 9 9
m1 0 0
m2 0 14
1 8 0
2 8 0
3 8 0
t 27 58
m0 9 9
m1 1 0
m2 0 14
1 9 0
2 9 0
3 9 0
t 26 58
m0 9 9
m1 2 0
m2 0 14
1 8 0
2 8 0
3 8 0
t 25 58
m0 9 9
m1 1 0
m2 0 14
1 9 0
2 9 0
3 9 0
t 24 58
m0 9 9
m1 1 0
m2 0 14
1 8 0
2 8 0
3 8 0
t 23 58
m0 9 9
m1 0 0
m2 0 14
1 9 0
2 9 0
3 9 0
t 22 58
m0 9 9
m1 1 0
m2 0 14
1 8 0
2 8 0
3 8 0
t 21 58
m0 9 9
m1 1 0
m2 0 14
1 9 0
2 9 0
3 9 0
t 20 58
m0 9 9
m1 0 0
m2 0 14
1 8 0
2 8 0
3 8 0
t 19 58
m0 9 9
m1 0 0
m2 0 14
1 9 0
2 9 0
3 9 0
t 18 58
m0 9 9
m1 1 0
m2 0 14
1 8 0
2 8 0
3 8 0
t 17 58
m0 9 9
m1 0 0
m2 0 14
1 9 0
2 9 0
3 9 0
t 16 58
m0 9 9
m1 1 0
m2 0 14
1 8 0
2 8 0
3 8 0
t 15 58
m0 9 9
m1 0 0
m2 0 14
1 9 0
2 9 0
3 9 0
t 14 58
m0 9 9
m1 0 0
m2 0 14
1 8 0
2 8 0
3 8 0
t 13 58
m0 9 9
m1 1 0
m2 0 14
1 9 0
2 9 0
3 9 0
t 12 58
m0 9 9
m1 1 0
m2 0 14
1 8 0
2 8 0
3 8 0
t 11 58
m0 9 9
m1 2 0
m2 0 14
1 9 0
2 9 0
3 9 0
t 10 58
m0 9 9
m1 1 0
m2 0 14
1 8 0
2 8 0
3 8 0
t 9 58
m0 9 9
m1 2 0
m2 0 14
1 9 0
2 9 0
3 9 0
t 8 58
m0 9 9
m1 1 0
m2 0 14
1 8 0
2 8 0
3 8 0
t 7 58
m0 9 9
m1 1 0
m2 0 14
1 9 0
2 9 0
3 9 0
t 6 58
m0 9 9
m1 0 0
m2 0 14
1 8 0
2 8 0
3 8 0
t 5 58
m0 9 9
m1 1 0
m2 0 14
1 9 0
2 9 0
3 9 0
t 4 58
m0 9 9
m1 2 0
m2 0 14
1 8 0
2 8 0
3 8 0
t 3 58
m0 9 9
m1 1 0
m2 0 14
1 9 0
2 9 0
3 9 0
t 2 58
m0 9 9
m1 1 0
m2 0 14
1 8 0
2 8 0
3 8 0
t 1 58
m0 9 9
m1 1 0
m2 0 14
1 8 0
2 8 0
3 8 0
t 0 58
