10
15
w 1 3
w 5 6
w 9 8
w 0 7
w 4 12
w 0 10
w 2 12
w 5 1
w 2 5
w 4 0
w 8 14
w 2 9
w 8 1
w 8 10
w 2 13
w 5 0
w 2 2
w 8 6
w 9 7
w 5 4
w 0 0
w 9 14
w 4 5
w 1 13
w 8 11
w 6 11
w 6 12
w 0 8
w 9 6
w 4 11
w 6 1
w 5 7
w 0 6
w 8 8
w 4 3
w 0 9
w 9 5
p 7 3
p 4 7
p 9 1
p 4 8
p 6 6
p 2 8
p 7 7
p 2 1
p 3 11
p 8 9
p 6 2
p 1 6
p 7 11
p 3 7
p 0 3
p 1 11
p 8 5
p 3 14
p 6 14
p 1 2
p 4 9
p 3 3
p 3 10
p 5 12
p 1 14
p 4 4
p 3 6
p 1 10
p 4 10
p 7 14
p 3 2
p 3 13
p 5 11
p 7 1
p 9 3
p 4 14
p 2 10
p 9 10
p 0 12
p 3 9
p 1 9
p 8 7
p 1 0
p 6 5
p 7 9
p 5 3
p 9 13
p 7 0
p 6 8
p 1 12
p 3 1
p 9 9
p 3 8
p 1 8
p 7 8
p 9 12
m0 0 14
m1 0 14
m2 0 14
1 9 0
2 9 0
3 9 0
t 300 0
m0 0 14
m1 1 14
m2 0 14
1 8 0
2 9 1
3 8 0
t 299 1
m0 0 14
m1 2 14
m2 1 14
1 9 0
2 9 2
3 7 0
t 298 1
m0 0 14
m1 3 14
m2 0 14
1 8 0
2 9 3
3 6 0
t 297 2
m0 0 14
m1 3 13
m2 1 14
1 9 0
2 8 3
3 7 0
t 296 3
m0 0 14
m1 3 12
m2 2 14
1 9 1
2 8 4
3 6 0
t 295 3
m0 0 14
m1 3 11
m2 1 14
1 9 0
2 8 5
3 7 0
t 294 4
m0 0 14
m1 3 12
m2 2 14
1 9 1
2 7 5
3 6 0
t 293 4
m0 0 14
m1 3 12
m2 1 14
1 9 2
2 7 6
3 7 0
t 292 4
m0 0 14
m1 3 12
m2 2 14
1 9 3
2 6 6
3 6 0
t 291 4
m0 0 14
m1 3 12
m2 2 14
1 9 2
2 6 7
3 7 0
t 290 4
m0 0 14
m1 3 12
m2 1 14
1 9 3
2 6 8
3 6 0
f 5 9
t 289 4
m0 0 14
m1 3 12
m2 1 14
1 9 4
2 5 8
3 7 0
t 288 4
m0 0 14
m1 3 11
m2 1 14
1 9 3
2 4 8
3 6 0
t 287 4
m0 0 14
m1 3 10
m2 0 14
1 9 4
2 3 8
3 7 0
t 286 5
m0 0 14
m1 3 9
m2 0 14
1 9 3
2 2 8
3 6 0
t 285 6
m0 0 14
m1 4 9
m2 1 14
1 9 4
2 1 8
3 7 0
t 284 7
m0 0 14
m1 4 8
m2 0 14
1 9 3
2 1 9
3 6 0
t 283 8
m0 0 14
m1 4 7
m2 1 14
1 9 4
2 1 10
3 7 0
t 282 9
m0 0 14
m1 4 6
m2 0 14
1 9 3
2 1 11
3 6 0
t 281 9
m0 0 14
m1 3 6
m2 0 14
1 9 4
2 0 11
3 7 0
t 280 10
m0 1 14
m1 4 6
m2 1 14
1 9 3
2 0 12
3 6 0
t 279 10
m0 2 14
m1 3 6
m2 2 14
1 9 4
2 0 13
3 7 0
t 278 10
m0 2 14
m1 3 5
m2 3 14
1 9 3
2 0 14
3 6 0
t 277 10
m0 2 14
m1 3 5
m2 3 13
1 9 4
2 1 14
3 7 0
t 276 10
m0 3 14
m1 3 5
m2 4 13
1 9 3
2 0 14
3 6 0
t 275 10
m0 3 13
m1 3 5
m2 3 13
1 9 4
2 1 14
3 7 0
t 274 10
m0 3 12
m1 3 5
m2 3 12
1 9 3
2 0 14
3 6 0
t 273 10
m0 3 11
m1 3 4
m2 3 13
1 9 4
2 1 14
3 7 0
t 272 10
m0 3 11
m1 4 4
m2 3 12
1 9 3
2 0 14
3 6 0
t 271 11
m0 3 11
m1 4 4
m2 3 13
1 9 4
2 1 14
3 7 0
t 270 11
m0 3 11
m1 4 4
m2 3 12
1 9 3
2 0 14
3 6 0
t 269 11
m0 3 11
m1 4 4
m2 3 11
1 9 4
2 1 14
3 7 0
t 268 11
m0 3 11
m1 4 4
m2 3 11
1 9 3
2 0 14
3 6 0
t 267 11
m0 3 11
m1 4 4
m2 3 12
1 9 4
2 1 14
3 7 0
t 266 11
m0 3 11
m1 4 4
m2 3 12
1 9 3
2 0 14
3 6 0
t 265 11
m0 3 11
m1 4 4
m2 3 11
1 9 4
2 1 14
3 7 0
t 264 11
m0 3 11
m1 4 4
m2 3 10
1 9 3
2 0 14
3 6 0
t 263 11
m0 3 11
m1 4 4
m2 3 9
1 9 4
2 1 14
3 7 0
t 262 11
m0 3 11
m1 4 4
m2 3 9
1 9 3
2 0 14
3 6 0
t 261 11
m0 3 11
m1 4 4
m2 3 9
1 9 4
2 1 14
3 7 0
t 260 11
m0 3 11
m1 4 4
m2 4 9
1 9 3
2 0 14
3 6 0
t 259 11
m0 3 11
m1 4 4
m2 5 9
1 9 4
2 1 14
3 7 0
t 258 21
m0 3 11
m1 4 4
m2 5 9
1 9 3
2 0 14
3 6 0
t 257 21
m0 3 11
m1 4 4
m2 5 9
1 9 4
2 1 14
3 7 0
t 256 21
m0 3 11
m1 4 4
m2 5 9
1 9 3
2 0 14
3 6 0
t 255 21
m0 3 11
m1 4 4
m2 5 9
1 9 4
2 1 14
3 7 0
t 254 21
m0 3 11
m1 4 4
m2 5 9
1 9 3
2 0 14
3 6 0
t 253 21
m0 3 11
m1 4 4
m2 5 9
1 9 4
2 1 14
3 7 0
t 252 21
m0 3 11
m1 4 4
m2 5 9
1 9 3
2 0 14
3 6 0
t 251 21
m0 3 11
m1 4 4
m2 5 9
1 9 4
2 1 14
3 7 0
t 250 21
m0 3 11
m1 4 4
m2 5 9
1 9 3
2 0 14
3 6 0
t 249 21
m0 3 11
m1 4 4
m2 5 9
1 9 4
2 1 14
3 7 0
t 248 21
m0 3 11
m1 4 4
m2 5 9
1 9 3
2 0 14
3 6 0
t 247 21
m0 3 11
m1 4 4
m2 5 9
1 9 4
2 1 14
3 7 0
t 246 21
m0 3 11
m1 4 4
m2 5 9
1 9 3
2 0 14
3 6 0
t 245 21
m0 3 11
m1 4 4
m2 5 9
1 9 4
2 1 14
3 7 0
t 244 21
m0 3 11
m1 4 4
m2 5 9
1 9 3
2 0 14
3 6 0
t 243 21
m0 3 11
m1 4 4
m2 5 9
1 9 4
2 1 14
3 7 0
t 242 21
m0 3 11
m1 4 4
m2 5 9
1 9 3
2 0 14
3 6 0
t 241 21
m0 3 11
m1 4 4
m2 5 9
1 9 4
2 1 14
3 7 0
t 240 21
m0 3 11
m1 4 4
m2 5 9
1 9 3
2 0 14
3 6 0
t 239 21
m0 3 11
m1 4 4
m2 5 9
1 9 4
2 1 14
3 7 0
t 238 21
m0 3 11
m1 4 4
m2 5 9
1 9 3
2 0 14
3 6 0
t 237 21
m0 3 11
m1 4 4
m2 5 9
1 9 4
2 1 14
3 7 0
t 236 21
m0 3 11
m1 4 4
m2 5 9
1 9 3
2 0 14
3 6 0
t 235 21
m0 3 11
m1 4 4
m2 5 8
1 9 4
2 1 14
3 7 0
f 4 6
t 234 21
m0 3 11
m1 4 4
m2 5 9
1 9 3
2 0 14
3 6 0
t 233 21
m0 3 11
m1 4 4
m2 5 9
1 9 4
2 1 14
3 7 0
t 232 21
m0 3 11
m1 4 4
m2 5 9
1 9 3
2 0 14
3 6 0
t 231 21
m0 3 11
m1 4 4
m2 5 9
1 9 4
2 1 14
3 7 0
t 230 21
m0 3 11
m1 4 4
m2 5 9
1 9 3
2 0 14
3 6 0
t 229 21
m0 3 11
m1 4 4
m2 5 9
1 9 4
2 1 14
3 7 0
t 228 21
m0 3 11
m1 4 4
m2 4 9
1 9 3
2 0 14
3 6 0
t 227 21
m0 3 11
m1 4 4
m2 5 9
1 9 4
2 1 14
3 7 0
t 226 21
m0 3 11
m1 4 4
m2 5 9
1 9 3
2 0 14
3 6 0
t 225 21
m0 3 11
m1 4 4
m2 5 9
1 9 4
2 1 14
3 7 0
t 224 21
m0 3 11
m1 4 4
m2 5 9
1 9 3
2 0 14
3 6 0
t 223 21
m0 3 11
m1 4 4
m2 5 9
1 9 4
2 1 14
3 7 0
t 222 21
m0 3 11
m1 4 4
m2 5 9
1 9 3
2 0 14
3 6 0
t 221 21
m0 3 11
m1 4 4
m2 5 9
1 9 4
2 1 14
3 7 0
t 220 21
m0 3 11
m1 4 4
m2 5 9
1 9 3
2 0 14
3 6 0
t 219 21
m0 3 11
m1 4 4
m2 5 9
1 9 4
2 1 14
3 7 0
t 218 21
m0 3 11
m1 3 4
m2 5 9
1 9 3
2 0 14
3 6 0
t 217 21
m0 3 11
m1 4 4
m2 5 9
1 9 4
2 1 14
3 7 0
t 216 21
m0 3 11
m1 4 4
m2 5 9
1 9 3
2 0 14
3 6 0
t 215 21
m0 3 11
m1 4 4
m2 5 9
1 9 4
2 1 14
3 7 0
t 214 21
m0 3 11
m1 4 4
m2 5 9
1 9 3
2 0 14
3 6 0
t 213 21
m0 3 11
m1 4 4
m2 5 9
1 9 4
2 1 14
3 7 0
t 212 21
m0 3 11
m1 3 4
m2 5 9
1 9 3
2 0 14
3 6 0
t 211 21
m0 3 11
m1 3 3
m2 5 9
1 9 4
2 1 14
3 7 0
t 210 22
m0 3 11
m1 3 3
m2 5 9
1 9 3
2 0 14
3 6 0
t 209 22
m0 3 11
m1 2 3
m2 5 9
1 9 4
2 1 14
3 7 0
t 208 22
m0 3 11
m1 2 3
m2 5 9
1 9 3
2 0 14
3 6 0
t 207 22
m0 3 11
m1 2 3
m2 5 9
1 9 4
2 1 14
3 7 0
t 206 22
m0 3 11
m1 2 3
m2 5 9
1 9 3
2 0 14
3 6 0
t 205 22
m0 3 11
m1 3 3
m2 5 9
1 9 4
2 1 14
3 7 0
t 204 22
m0 3 11
m1 3 2
m2 5 10
1 9 3
2 0 14
3 6 0
t 203 23
m0 3 11
m1 3 2
m2 5 9
1 9 4
2 1 14
3 7 0
t 202 23
m0 3 11
m1 3 2
m2 5 9
1 9 3
2 0 14
3 6 0
t 201 23
m0 3 11
m1 3 2
m2 5 10
1 9 4
2 1 14
3 7 0
t 200 23
m0 3 11
m1 4 2
m2 6 10
1 9 3
2 0 14
3 6 0
t 199 23
m0 3 11
m1 4 1
m2 6 10
1 9 4
2 1 14
3 7 0
t 198 23
m0 3 11
m1 3 1
m2 6 10
1 9 3
2 0 14
3 6 0
t 197 24
m0 3 11
m1 2 1
m2 6 10
1 9 4
2 1 14
3 7 0
t 196 25
m0 3 11
m1 1 1
m2 6 10
1 9 3
2 0 14
3 6 0
t 195 25
m0 3 11
m1 1 2
m2 6 10
1 9 4
2 1 14
3 7 0
t 194 26
m0 3 11
m1 1 1
m2 6 10
1 9 3
2 0 14
3 6 0
t 193 26
m0 3 11
m1 1 0
m2 6 10
1 9 4
2 1 14
3 7 0
t 192 27
m0 3 11
m1 1 1
m2 5 10
1 9 3
2 0 14
3 6 0
t 191 27
m0 3 11
m1 0 1
m2 5 10
1 9 4
2 1 14
3 7 0
t 190 27
m0 3 11
m1 0 2
m2 6 10
1 9 3
2 0 14
3 6 0
t 189 27
m0 3 11
m1 0 2
m2 6 10
1 9 4
2 1 14
3 7 0
t 188 27
m0 3 11
m1 1 2
m2 6 10
1 9 3
2 0 14
3 6 0
t 187 27
m0 3 11
m1 1 2
m2 7 10
1 9 4
2 1 14
3 7 0
t 186 27
m0 3 11
m1 1 2
m2 7 10
1 9 3
2 0 14
3 6 0
t 185 27
m0 3 11
m1 1 2
m2 6 10
1 9 4
2 1 14
3 7 0
t 184 27
m0 3 11
m1 1 1
m2 6 10
1 9 3
2 0 14
3 6 0
t 183 27
m0 3 11
m1 0 1
m2 6 10
1 9 4
2 1 14
3 7 0
t 182 27
m0 3 11
m1 1 1
m2 6 10
1 9 3
2 0 14
3 6 0
t 181 27
m0 3 11
m1 0 1
m2 7 10
1 9 4
2 1 14
3 7 0
t 180 27
m0 3 11
m1 0 1
m2 7 10
1 9 3
2 0 14
3 6 0
t 179 27
m0 3 11
m1 0 1
m2 6 10
1 9 4
2 1 14
3 7 0
t 178 27
m0 3 11
m1 0 2
m2 6 10
1 9 3
2 0 14
3 6 0
t 177 27
m0 3 11
m1 0 3
m2 6 10
1 9 4
2 1 14
3 7 0
t 176 28
m0 3 11
m1 0 2
m2 6 9
1 9 3
2 0 14
3 6 0
t 175 28
m0 3 11
m1 1 2
m2 5 9
1 9 4
2 1 14
3 7 0
t 174 28
m0 3 11
m1 1 1
m2 5 9
1 9 3
2 0 14
3 6 0
t 173 28
m0 3 11
m1 1 2
m2 6 9
1 9 4
2 1 14
3 7 0
t 172 28
m0 3 11
m1 1 1
m2 5 9
1 9 3
2 0 14
3 6 0
t 171 28
m0 3 11
m1 0 1
m2 5 9
1 9 4
2 1 14
3 7 0
t 170 28
m0 3 11
m1 0 1
m2 5 9
1 9 3
2 0 14
3 6 0
t 169 28
m0 3 11
m1 1 1
m2 5 9
1 9 4
2 1 14
3 7 0
t 168 28
m0 3 11
m1 1 2
m2 5 10
1 9 3
2 0 14
3 6 0
t 167 28
m0 3 11
m1 0 2
m2 6 10
1 9 4
2 1 14
3 7 0
t 166 28
m0 3 11
m1 0 3
m2 6 10
1 9 3
2 0 14
3 6 0
t 165 28
m0 3 11
m1 0 4
m2 6 10
1 9 4
2 1 14
3 7 0
t 164 28
m0 3 11
m1 0 3
m2 6 10
1 9 3
2 0 14
3 6 0
t 163 28
m0 3 11
m1 0 4
m2 6 10
1 9 4
2 1 14
3 7 0
t 162 28
m0 3 11
m1 0 5
m2 7 10
1 9 3
2 0 14
3 6 0
t 161 28
m0 3 11
m1 1 5
m2 6 10
1 9 4
2 1 14
3 7 0
t 160 28
m0 3 11
m1 1 6
m2 6 9
1 9 3
2 0 14
3 6 0
t 159 29
m0 3 11
m1 2 6
m2 6 10
1 9 4
2 1 14
3 7 0
t 158 29
m0 3 11
m1 2 6
m2 6 9
1 9 3
2 0 14
3 6 0
t 157 29
m0 3 11
m1 2 7
m2 6 10
1 9 4
2 1 14
3 7 0
t 156 29
m0 3 11
m1 2 7
m2 6 10
1 9 3
2 0 14
3 6 0
t 155 29
m0 3 11
m1 3 7
m2 6 10
1 9 4
2 1 14
3 7 0
t 154 30
m0 3 11
m1 2 7
m2 6 10
1 9 3
2 0 14
3 6 0
t 153 30
m0 3 11
m1 1 7
m2 6 10
1 9 4
2 1 14
3 7 0
t 152 30
m0 3 11
m1 1 6
m2 6 10
1 9 3
2 0 14
3 6 0
t 151 30
m0 3 11
m1 1 5
m2 6 10
1 9 4
2 1 14
3 7 0
t 150 30
m0 3 11
m1 1 6
m2 5 10
1 9 3
2 0 14
3 6 0
t 149 30
m0 3 11
m1 1 6
m2 6 10
1 9 4
2 1 14
3 7 0
t 148 30
m0 3 11
m1 1 6
m2 6 10
1 9 3
2 0 14
3 6 0
t 147 30
m0 3 11
m1 2 6
m2 6 10
1 9 4
2 1 14
3 7 0
t 146 30
m0 3 11
m1 2 6
m2 5 10
1 9 3
2 0 14
3 6 0
t 145 30
m0 3 11
m1 2 6
m2 6 10
1 9 4
2 1 14
3 7 0
t 144 30
m0 3 11
m1 1 6
m2 6 10
1 9 3
2 0 14
3 6 0
t 143 30
m0 3 11
m1 1 6
m2 6 10
1 9 4
2 1 14
3 7 0
t 142 30
m0 3 11
m1 1 6
m2 6 10
1 9 3
2 0 14
3 6 0
t 141 30
m0 3 11
m1 1 5
m2 6 10
1 9 4
2 1 14
3 7 0
t 140 30
m0 3 11
m1 1 4
m2 6 10
1 9 3
2 0 14
3 6 0
t 139 30
m0 3 11
m1 1 5
m2 6 10
1 9 4
2 1 14
3 7 0
t 138 30
m0 3 11
m1 1 5
m2 6 10
1 9 3
2 0 14
3 6 0
t 137 30
m0 3 11
m1 1 4
m2 6 10
1 9 4
2 1 14
3 7 0
t 136 30
m0 3 11
m1 1 5
m2 6 10
1 9 3
2 0 14
3 6 0
t 135 30
m0 3 11
m1 1 6
m2 6 10
1 9 4
2 1 14
3 7 0
t 134 30
m0 3 11
m1 1 7
m2 6 10
1 9 3
2 0 14
3 6 0
t 133 30
m0 3 11
m1 1 6
m2 6 10
1 9 4
2 1 14
3 7 0
t 132 30
m0 3 11
m1 1 7
m2 7 10
1 9 3
2 0 14
3 6 0
t 131 30
m0 3 11
m1 1 6
m2 6 10
1 9 4
2 1 14
3 7 0
t 130 30
m0 3 11
m1 1 7
m2 6 10
1 9 3
2 0 14
3 6 0
t 129 30
m0 3 11
m1 1 7
m2 6 10
1 9 4
2 1 14
3 7 0
t 128 30
m0 3 11
m1 1 6
m2 6 10
1 9 3
2 0 14
3 6 0
t 127 30
m0 3 11
m1 2 6
m2 6 10
1 9 4
2 1 14
3 7 0
t 126 30
m0 3 11
m1 2 7
m2 6 9
1 9 3
2 0 14
3 6 0
t 125 30
m0 3 11
m1 1 7
m2 5 9
1 9 4
2 1 14
3 7 0
t 124 30
m0 3 11
m1 1 6
m2 5 9
1 9 3
2 0 14
3 6 0
t 123 30
m0 3 11
m1 2 6
m2 5 9
1 9 4
2 1 14
3 7 0
t 122 30
m0 3 11
m1 1 6
m2 6 9
1 9 3
2 0 14
3 6 0
t 121 30
m0 3 11
m1 1 6
m2 6 9
1 9 4
2 1 14
3 7 0
t 120 30
m0 3 11
m1 1 6
m2 6 10
1 9 3
2 0 14
3 6 0
t 119 30
m0 3 11
m1 1 5
m2 6 10
1 9 4
2 1 14
3 7 0
t 118 30
m0 3 11
m1 1 6
m2 6 10
1 9 3
2 0 14
3 6 0
t 117 30
m0 3 11
m1 1 5
m2 6 10
1 9 4
2 1 14
3 7 0
t 116 30
m0 3 11
m1 1 5
m2 6 9
1 9 3
2 0 14
3 6 0
t 115 30
m0 3 11
m1 1 4
m2 5 9
1 9 4
2 1 14
3 7 0
t 114 30
m0 3 11
m1 0 4
m2 6 9
1 9 3
2 0 14
3 6 0
t 113 30
m0 3 11
m1 0 4
m2 5 9
1 9 4
2 1 14
3 7 0
t 112 30
m0 3 11
m1 1 4
m2 5 9
1 9 3
2 0 14
3 6 0
t 111 30
m0 3 11
m1 1 4
m2 5 9
1 9 4
2 1 14
3 7 0
t 110 30
m0 3 11
m1 2 4
m2 4 9
1 9 3
2 0 14
3 6 0
t 109 30
m0 3 11
m1 2 3
m2 5 9
1 9 4
2 1 14
3 7 0
t 108 30
m0 3 11
m1 3 3
m2 5 9
1 9 3
2 0 14
3 6 0
t 107 30
m0 3 11
m1 2 3
m2 5 9
1 9 4
2 1 14
3 7 0
t 106 30
m0 3 11
m1 2 3
m2 5 8
1 9 3
2 0 14
3 6 0
t 105 30
m0 3 11
m1 2 3
m2 5 9
1 9 4
2 1 14
3 7 0
t 104 30
m0 3 11
m1 2 3
m2 5 9
1 9 3
2 0 14
3 6 0
t 103 30
m0 3 11
m1 2 3
m2 4 9
1 9 4
2 1 14
3 7 0
t 102 30
m0 3 11
m1 2 3
m2 5 9
1 9 3
2 0 14
3 6 0
t 101 30
m0 3 11
m1 2 3
m2 5 10
1 9 4
2 1 14
3 7 0
t 100 30
m0 3 11
m1 3 3
m2 5 9
1 9 3
2 0 14
3 6 0
t 99 30
m0 3 11
m1 3 3
m2 5 9
1 9 4
2 1 14
3 7 0
t 98 30
m0 3 11
m1 3 2
m2 5 9
1 9 3
2 0 14
3 6 0
t 97 30
m0 3 11
m1 3 2
m2 5 9
1 9 4
2 1 14
3 7 0
t 96 30
m0 3 11
m1 3 1
m2 5 10
1 9 3
2 0 14
3 6 0
t 95 30
m0 3 11
m1 3 2
m2 5 9
1 9 4
2 1 14
3 7 0
t 94 30
m0 3 11
m1 3 3
m2 5 9
1 9 3
2 0 14
3 6 0
t 93 30
m0 3 11
m1 2 3
m2 5 9
1 9 4
2 1 14
3 7 0
t 92 30
m0 3 11
m1 2 3
m2 5 9
1 9 3
2 0 14
3 6 0
t 91 30
m0 3 11
m1 2 3
m2 5 9
1 9 4
2 1 14
3 7 0
t 90 30
m0 3 11
m1 2 3
m2 5 9
1 9 3
2 0 14
3 6 0
t 89 30
m0 3 11
m1 2 3
m2 5 9
1 9 4
2 1 14
3 7 0
t 88 30
m0 3 11
m1 2 3
m2 5 9
1 9 3
2 0 14
3 6 0
t 87 30
m0 3 11
m1 2 3
m2 5 10
1 9 4
2 1 14
3 7 0
t 86 30
m0 3 11
m1 2 3
m2 6 10
1 9 3
2 0 14
3 6 0
t 85 30
m0 3 11
m1 2 3
m2 6 10
1 9 4
2 1 14
3 7 0
t 84 30
m0 3 11
m1 2 3
m2 6 10
1 9 3
2 0 14
3 6 0
t 83 30
m0 3 11
m1 2 3
m2 6 10
1 9 4
2 1 14
3 7 0
t 82 30
m0 3 11
m1 2 3
m2 5 10
1 9 3
2 0 14
3 6 0
t 81 30
m0 3 11
m1 2 3
m2 5 9
1 9 4
2 1 14
3 7 0
t 80 30
m0 3 11
m1 2 3
m2 5 8
1 9 3
2 0 14
3 6 0
t 79 30
m0 3 11
m1 2 3
m2 5 9
1 9 4
2 1 14
3 7 0
t 78 30
m0 3 11
m1 3 3
m2 5 9
1 9 3
2 0 14
3 6 0
t 77 30
m0 3 11
m1 2 3
m2 5 9
1 9 4
2 1 14
3 7 0
t 76 30
m0 3 11
m1 2 3
m2 5 9
1 9 3
2 0 14
3 6 0
t 75 30
m0 3 11
m1 2 3
m2 5 9
1 9 4
2 1 14
3 7 0
t 74 30
m0 3 11
m1 3 3
m2 5 9
1 9 3
2 0 14
3 6 0
t 73 30
m0 3 11
m1 2 3
m2 5 9
1 9 4
2 1 14
3 7 0
t 72 30
m0 3 11
m1 2 3
m2 5 9
1 9 3
2 0 14
3 6 0
t 71 30
m0 3 11
m1 2 3
m2 5 10
1 9 4
2 1 14
3 7 0
t 70 30
m0 3 11
m1 2 3
m2 6 10
1 9 3
2 0 14
3 6 0
t 69 30
m0 3 11
m1 3 3
m2 6 10
1 9 4
2 1 14
3 7 0
t 68 30
m0 3 11
m1 2 3
m2 6 10
1 9 3
2 0 14
3 6 0
t 67 30
m0 3 11
m1 2 3
m2 5 10
1 9 4
2 1 14
3 7 0
t 66 30
m0 3 11
m1 3 3
m2 5 9
1 9 3
2 0 14
3 6 0
t 65 30
m0 3 11
m1 3 3
m2 5 9
1 9 4
2 1 14
3 7 0
t 64 30
m0 3 11
m1 2 3
m2 5 9
1 9 3
2 0 14
3 6 0
t 63 30
m0 3 11
m1 2 3
m2 5 9
1 9 4
2 1 14
3 7 0
t 62 30
m0 3 11
m1 2 3
m2 5 9
1 9 3
2 0 14
3 6 0
t 61 30
m0 3 11
m1 2 3
m2 5 9
1 9 4
2 1 14
3 7 0
t 60 30
m0 3 11
m1 2 3
m2 5 10
1 9 3
2 0 14
3 6 0
t 59 30
m0 3 11
m1 2 3
m2 6 10
1 9 4
2 1 14
3 7 0
t 58 30
m0 3 11
m1 2 3
m2 6 10
1 9 3
2 0 14
3 6 0
t 57 30
m0 3 11
m1 2 3
m2 6 10
1 9 4
2 1 14
3 7 0
t 56 30
m0 3 11
m1 2 3
m2 6 10
1 9 3
2 0 14
3 6 0
t 55 30
m0 3 11
m1 2 3
m2 6 10
1 9 4
2 1 14
3 7 0
t 54 30
m0 3 11
m1 3 3
m2 6 10
1 9 3
2 0 14
3 6 0
t 53 30
m0 3 11
m1 3 3
m2 6 10
1 9 4
2 1 14
3 7 0
t 52 30
m0 3 11
m1 2 3
m2 6 9
1 9 3
2 0 14
3 6 0
t 51 30
m0 3 11
m1 2 3
m2 6 10
1 9 4
2 1 14
3 7 0
t 50 30
m0 3 11
m1 2 3
m2 6 10
1 9 3
2 0 14
3 6 0
t 49 30
m0 3 11
m1 2 3
m2 6 10
1 9 4
2 1 14
3 7 0
t 48 30
m0 3 11
m1 2 3
m2 6 10
1 9 3
2 0 14
3 6 0
t 47 30
m0 3 11
m1 3 3
m2 6 10
1 9 4
2 1 14
3 7 0
t 46 30
m0 3 11
m1 3 3
m2 6 10
1 9 3
2 0 14
3 6 0
t 45 30
m0 3 11
m1 2 3
m2 6 10
1 9 4
2 1 14
3 7 0
t 44 30
m0 3 11
m1 2 3
m2 6 10
1 9 3
2 0 14
3 6 0
t 43 30
m0 3 11
m1 2 3
m2 6 10
1 9 4
2 1 14
3 7 0
t 42 30
m0 3 11
m1 2 3
m2 6 10
1 9 3
2 0 14
3 6 0
t 41 30
m0 3 11
m1 2 3
m2 6 10
1 9 4
2 1 14
3 7 0
t 40 30
m0 3 11
m1 3 3
m2 6 10
1 9 3
2 0 14
3 6 0
t 39 30
m0 3 11
m1 3 2
m2 6 10
1 9 4
2 1 14
3 7 0
t 38 30
m0 3 11
m1 4 2
m2 6 10
1 9 3
2 0 14
3 6 0
t 37 30
m0 3 11
m1 4 1
m2 6 10
1 9 4
2 1 14
3 7 0
t 36 30
m0 3 11
m1 4 1
m2 6 10
1 9 3
2 0 14
3 6 0
t 35 30
m0 3 11
m1 4 2
m2 6 10
1 9 4
2 1 14
3 7 0
t 34 30
m0 3 11
m1 4 2
m2 6 10
1 9 3
2 0 14
3 6 0
t 33 30
m0 3 11
m1 4 1
m2 6 10
1 9 4
2 1 14
3 7 0
t 32 30
m0 3 11
m1 4 1
m2 6 10
1 9 3
2 0 14
3 6 0
t 31 30
m0 3 11
m1 4 1
m2 6 10
1 9 4
2 1 14
3 7 0
t 30 30
m0 3 11
m1 3 1
m2 6 10
1 9 3
2 0 14
3 6 0
t 29 30
m0 3 11
m1 4 1
m2 6 10
1 9 4
2 1 14
3 7 0
t 28 30
m0 3 11
m1 4 1
m2 7 10
1 9 3
2 0 14
3 6 0
t 27 30
m0 3 11
m1 4 2
m2 7 11
1 9 4
2 1 14
3 7 0
t 26 31
m0 3 11
m1 4 1
m2 7 12
1 9 3
2 0 14
3 6 0
t 25 31
m0 3 11
m1 4 1
m2 7 11
1 9 4
2 1 14
3 7 0
t 24 31
m0 3 11
m1 4 2
m2 7 12
1 9 3
2 0 14
3 6 0
t 23 31
m0 3 11
m1 4 2
m2 7 11
1 9 4
2 1 14
3 7 0
t 22 31
m0 3 11
m1 4 1
m2 7 11
1 9 3
2 0 14
3 6 0
t 21 31
m0 3 11
m1 4 1
m2 7 11
1 9 4
2 1 14
3 7 0
t 20 31
m0 3 11
m1 4 1
m2 7 12
1 9 3
2 0 14
3 6 0
t 19 31
m0 3 11
m1 4 1
m2 7 11
1 9 4
2 1 14
3 7 0
t 18 31
m0 3 11
m1 4 2
m2 7 12
1 9 3
2 0 14
3 6 0
t 17 31
m0 3 11
m1 5 2
m2 7 12
1 9 4
2 1 14
3 7 0
t 16 31
m0 3 11
m1 6 2
m2 7 11
1 9 3
2 0 14
3 6 0
t 15 32
m0 3 11
m1 7 2
m2 7 11
1 9 4
2 1 14
3 7 0
t 14 32
m0 3 11
m1 7 1
m2 7 11
1 9 3
2 0 14
3 6 0
t 13 33
m0 3 11
m1 7 1
m2 7 12
1 9 4
2 1 14
3 7 0
t 12 33
m0 3 11
m1 -5 -5
m2 7 11
1 9 3
2 0 14
3 6 0
t 11 34
m0 3 11
m1 -5 -5
m2 7 11
1 9 4
2 1 14
3 7 0
t 10 34
m0 3 11
m1 -5 -5
m2 7 12
1 9 3
2 0 14
3 6 0
t 9 34
m0 3 11
m1 -5 -5
m2 7 11
1 9 4
2 1 14
3 7 0
t 8 34
m0 3 11
m1 -5 -5
m2 7 11
1 9 3
2 0 14
3 6 0
t 7 34
m0 3 11
m1 -5 -5
m2 7 11
1 9 4
2 1 14
3 7 0
t 6 34
m0 3 11
m1 -5 -5
m2 7 11
1 9 3
2 0 14
3 6 0
t 5 34
m0 3 11
m1 -5 -5
m2 7 12
1 9 4
2 1 14
3 7 0
t 4 34
m0 3 11
m1 -5 -5
m2 7 12
1 9 3
2 0 14
3 6 0
t 3 34
m0 3 11
m1 -5 -5
m2 7 12
1 9 4
2 1 14
3 7 0
t 2 34
m0 3 11
m1 -5 -5
m2 7 12
1 9 3
2 0 14
3 6 0
t 1 34
m0 3 11
m1 -5 -5
m2 7 11
1 9 3
2 0 14
3 6 0
t 0 34
