10
15
w 5 9
w 4 7
w 6 9
w 8 9
w 1 6
w 2 12
w 7 11
w 4 0
w 8 14
w 5 12
w 0 11
w 5 0
w 2 2
w 9 7
w 4 10
w 7 14
w 0 0
w 2 6
w 9 14
w 3 13
w 7 1
w 1 13
w 8 11
w 1 4
w 3 9
w 7 5
w 9 6
w 6 5
w 2 7
w 8 3
w 4 6
w 5 14
w 2 0
w 1 8
w 8 8
w 4 3
w 5 2
p 1 3
p 9 1
p 3 0
p 2 8
p 7 12
p 9 8
p 5 13
p 7 7
p 6 2
p 9 4
p 3 7
p 2 5
p 0 3
p 8 5
p 5 8
p 6 14
p 9 0
p 4 9
p 3 3
p 5 5
p 2 9
p 8 1
p 7 6
p 3 10
p 1 14
p 8 10
p 4 13
p 1 5
p 2 13
p 9 11
p 3 6
p 0 4
p 1 10
p 8 6
p 6 4
p 5 4
p 5 11
p 9 3
p 0 5
p 1 0
p 2 14
p 0 8
p 4 11
p 5 3
p 7 0
p 5 10
p 6 1
p 3 1
p 0 13
p 3 8
p 7 4
p 6 13
p 1 7
p 0 9
p 3 4
p 9 12
m0 0 14
m1 0 14
m2 0 14
1 9 0
2 9 0
3 9 0
t 300 0
m0 1 14
m1 1 14
m2 1 14
1 8 0
2 9 1
3 8 0
t 299 1
m0 2 14
m1 2 14
m2 2 14
1 9 0
2 9 2
3 9 0
t 298 2
m0 3 14
m1 3 14
m2 3 14
1 8 0
2 9 3
3 8 0
t 297 2
m0 4 14
m1 4 14
m2 4 14
1 9 0
2 9 4
3 9 0
t 296 2
m0 4 13
m1 4 13
m2 4 13
1 8 0
2 9 5
3 8 0
t 295 3
m0 5 13
m1 5 13
m2 5 13
1 9 0
2 8 5
3 9 0
t 294 4
m0 6 13
m1 6 13
m2 6 13
1 8 0
2 8 6
3 8 0
t 293 5
m0 7 13
m1 7 13
m2 7 13
1 9 0
2 7 6
3 9 0
t 292 5
m0 8 13
m1 8 13
m2 8 13
1 8 0
2 6 6
3 8 0
t 291 5
m0 9 13
m1 9 13
m2 9 13
1 7 0
2 5 6
3 7 0
t 290 5
m0 9 12
m1 9 12
m2 9 12
1 6 0
2 5 7
3 6 0
t 289 6
m0 9 11
m1 9 11
m2 9 11
1 7 0
2 5 8
3 7 0
t 288 7
m0 9 10
m1 9 10
m2 9 10
1 6 0
2 4 8
3 6 0
t 287 7
m0 9 9
m1 9 9
m2 9 9
1 7 0
2 3 8
3 7 0
t 286 7
m0 9 8
m1 9 8
m2 9 8
1 6 0
2 2 8
3 6 0
f 6 11
t 285 8
m0 9 8
m1 9 8
m2 9 8
1 7 0
2 2 9
3 7 0
t 284 8
m0 9 8
m1 9 8
m2 9 8
1 6 0
2 1 9
3 6 0
t 283 8
m0 9 8
m1 9 8
m2 9 8
1 7 0
2 0 9
3 7 0
t 282 8
m0 9 8
m1 9 8
m2 9 8
1 6 0
2 0 10
3 6 0
t 281 8
m0 9 8
m1 9 8
m2 9 8
1 7 0
2 1 10
3 7 0
t 280 8
m0 9 8
m1 9 8
m2 9 8
1 6 0
2 0 10
3 6 0
t 279 8
m0 9 8
m1 9 8
m2 9 8
1 7 0
2 1 10
3 7 0
t 278 8
m0 9 8
m1 9 8
m2 9 8
1 6 0
2 0 10
3 6 0
t 277 8
m0 9 8
m1 9 8
m2 9 8
1 7 0
2 1 10
3 7 0
t 276 8
m0 9 8
m1 9 8
m2 9 8
1 6 0
2 0 10
3 6 0
t 275 8
m0 9 8
m1 9 8
m2 9 8
1 7 0
2 1 10
3 7 0
t 274 8
m0 9 8
m1 9 8
m2 9 8
1 6 0
2 0 10
3 6 0
t 273 8
m0 9 8
m1 9 8
m2 9 8
1 7 0
2 1 10
3 7 0
t 272 8
m0 9 8
m1 9 8
m2 9 8
1 6 0
2 0 10
3 6 0
t 271 8
m0 9 8
m1 9 8
m2 9 8
1 7 0
2 1 10
3 7 0
t 270 8
m0 9 8
m1 9 8
m2 9 8
1 6 0
2 0 10
3 6 0
t 269 8
m0 9 8
m1 9 8
m2 9 8
1 7 0
2 1 10
3 7 0
t 268 8
m0 9 8
m1 9 8
m2 9 8
1 6 0
2 0 10
3 6 0
t 267 8
m0 9 8
m1 9 8
m2 9 8
1 7 0
2 1 10
3 7 0
t 266 8
m0 9 8
m1 9 8
m2 9 8
1 6 0
2 0 10
3 6 0
t 265 8
m0 9 8
m1 9 8
m2 9 8
1 7 0
2 1 10
3 7 0
t 264 8
m0 9 8
m1 9 8
m2 9 8
1 6 0
2 0 10
3 6 0
t 263 8
m0 9 8
m1 9 8
m2 9 8
1 7 0
2 1 10
3 7 0
t 262 8
m0 9 8
m1 9 8
m2 9 8
1 6 0
2 0 10
3 6 0
t 261 8
m0 9 8
m1 9 8
m2 9 8
1 7 0
2 1 10
3 7 0
t 260 8
m0 9 8
m1 9 8
m2 9 8
1 6 0
2 0 10
3 6 0
t 259 8
m0 9 8
m1 9 8
m2 9 8
1 7 0
2 1 10
3 7 0
t 258 8
m0 9 8
m1 9 8
m2 9 8
1 6 0
2 0 10
3 6 0
t 257 8
m0 9 8
m1 9 8
m2 9 8
1 7 0
2 1 10
3 7 0
t 256 8
m0 9 8
m1 9 8
m2 9 8
1 6 0
2 0 10
3 6 0
t 255 8
m0 9 8
m1 9 8
m2 9 8
1 7 0
2 1 10
3 7 0
t 254 8
m0 9 8
m1 9 8
m2 9 8
1 6 0
2 0 10
3 6 0
t 253 8
m0 9 8
m1 9 8
m2 9 8
1 7 0
2 1 10
3 7 0
t 252 8
m0 9 8
m1 9 8
m2 9 8
1 6 0
2 0 10
3 6 0
t 251 8
m0 9 8
m1 9 8
m2 9 8
1 7 0
2 1 10
3 7 0
t 250 8
m0 9 8
m1 9 8
m2 9 8
1 6 0
2 0 10
3 6 0
t 249 8
m0 9 8
m1 9 8
m2 9 8
1 7 0
2 1 10
3 7 0
t 248 8
m0 9 8
m1 9 8
m2 9 8
1 6 0
2 0 10
3 6 0
t 247 8
m0 9 8
m1 9 8
m2 9 8
1 7 0
2 1 10
3 7 0
t 246 8
m0 9 8
m1 9 8
m2 9 8
1 6 0
2 0 10
3 6 0
t 245 8
m0 9 8
m1 9 8
m2 9 8
1 7 0
2 1 10
3 7 0
t 244 8
m0 9 8
m1 9 8
m2 9 8
1 6 0
2 0 10
3 6 0
t 243 8
m0 9 8
m1 9 8
m2 9 8
1 7 0
2 1 10
3 7 0
t 242 8
m0 9 8
m1 9 8
m2 9 8
1 6 0
2 0 10
3 6 0
t 241 8
m0 9 8
m1 9 8
m2 9 8
1 7 0
2 1 10
3 7 0
t 240 8
m0 9 8
m1 9 8
m2 9 8
1 6 0
2 0 10
3 6 0
t 239 8
m0 9 8
m1 9 8
m2 9 8
1 7 0
2 1 10
3 7 0
t 238 8
m0 9 8
m1 9 8
m2 9 8
1 6 0
2 0 10
3 6 0
t 237 8
m0 9 8
m1 9 8
m2 9 8
1 7 0
2 1 10
3 7 0
t 236 8
m0 9 8
m1 9 8
m2 9 8
1 6 0
2 0 10
3 6 0
t 235 8
m0 9 8
m1 9 8
m2 9 8
1 7 0
2 1 10
3 7 0
t 234 8
m0 9 8
m1 9 8
m2 9 8
1 6 0
2 0 10
3 6 0
t 233 8
m0 9 8
m1 9 8
m2 9 8
1 7 0
2 1 10
3 7 0
t 232 8
m0 9 8
m1 9 8
m2 9 8
1 6 0
2 0 10
3 6 0
t 231 8
m0 9 8
m1 9 8
m2 9 8
1 7 0
2 1 10
3 7 0
t 230 8
m0 9 8
m1 9 8
m2 9 8
1 6 0
2 0 10
3 6 0
t 229 8
m0 9 8
m1 9 8
m2 9 8
1 7 0
2 1 10
3 7 0
t 228 8
m0 9 8
m1 9 8
m2 9 8
1 6 0
2 0 10
3 6 0
t 227 8
m0 9 8
m1 9 8
m2 9 8
1 7 0
2 1 10
3 7 0
t 226 8
m0 9 8
m1 9 8
m2 9 8
1 6 0
2 0 10
3 6 0
t 225 8
m0 9 8
m1 9 8
m2 9 8
1 7 0
2 1 10
3 7 0
t 224 8
m0 9 8
m1 9 8
m2 9 8
1 6 0
2 0 10
3 6 0
t 223 8
m0 9 8
m1 9 8
m2 9 8
1 7 0
2 1 10
3 7 0
t 222 8
m0 9 8
m1 9 8
m2 9 8
1 6 0
2 0 10
3 6 0
t 221 8
m0 9 8
m1 9 8
m2 9 8
1 7 0
2 1 10
3 7 0
t 220 8
m0 9 8
m1 9 8
m2 9 8
1 6 0
2 0 10
3 6 0
t 219 8
m0 9 8
m1 9 8
m2 9 8
1 7 0
2 1 10
3 7 0
t 218 8
m0 9 8
m1 9 8
m2 9 8
1 6 0
2 0 10
3 6 0
t 217 8
m0 9 8
m1 9 8
m2 9 8
1 7 0
2 1 10
3 7 0
t 216 8
m0 9 8
m1 9 8
m2 9 8
1 6 0
2 0 10
3 6 0
t 215 8
m0 9 8
m1 9 8
m2 9 8
1 7 0
2 1 10
3 7 0
t 214 8
m0 9 8
m1 9 8
m2 9 8
1 6 0
2 0 10
3 6 0
t 213 8
m0 9 8
m1 9 8
m2 9 8
1 7 0
2 1 10
3 7 0
t 212 8
m0 9 8
m1 9 8
m2 9 8
1 6 0
2 0 10
3 6 0
t 211 8
m0 9 8
m1 9 8
m2 9 8
1 7 0
2 1 10
3 7 0
t 210 8
m0 9 8
m1 9 8
m2 9 8
1 6 0
2 0 10
3 6 0
t 209 8
m0 9 8
m1 9 8
m2 9 8
1 7 0
2 1 10
3 7 0
t 208 8
m0 9 8
m1 9 8
m2 9 8
1 6 0
2 0 10
3 6 0
t 207 8
m0 9 8
m1 9 8
m2 9 8
1 7 0
2 1 10
3 7 0
t 206 8
m0 9 8
m1 9 8
m2 9 8
1 6 0
2 0 10
3 6 0
t 205 8
m0 9 8
m1 9 8
m2 9 8
1 7 0
2 1 10
3 7 0
t 204 8
m0 9 8
m1 9 8
m2 9 8
1 6 0
2 0 10
3 6 0
t 203 8
m0 9 8
m1 9 8
m2 9 8
1 7 0
2 1 10
3 7 0
t 202 8
m0 9 8
m1 9 8
m2 9 8
1 6 0
2 0 10
3 6 0
t 201 8
m0 9 8
m1 9 8
m2 9 8
1 7 0
2 1 10
3 7 0
t 200 8
m0 9 8
m1 9 8
m2 9 8
1 6 0
2 0 10
3 6 0
t 199 8
m0 9 8
m1 9 8
m2 9 8
1 7 0
2 1 10
3 7 0
t 198 8
m0 9 8
m1 9 8
m2 9 8
1 6 0
2 0 10
3 6 0
t 197 8
m0 9 8
m1 9 8
m2 9 8
1 7 0
2 1 10
3 7 0
t 196 8
m0 9 8
m1 9 8
m2 9 8
1 6 0
2 0 10
3 6 0
t 195 8
m0 9 8
m1 9 8
m2 9 8
1 7 0
2 1 10
3 7 0
t 194 8
m0 9 8
m1 9 8
m2 9 8
1 6 0
2 0 10
3 6 0
t 193 8
m0 9 8
m1 9 8
m2 9 8
1 7 0
2 1 10
3 7 0
t 192 8
m0 9 8
m1 9 8
m2 9 8
1 6 0
2 0 10
3 6 0
t 191 8
m0 9 8
m1 9 8
m2 9 8
1 7 0
2 1 10
3 7 0
t 190 8
m0 9 8
m1 9 8
m2 9 8
1 6 0
2 0 10
3 6 0
t 189 8
m0 9 8
m1 9 8
m2 9 8
1 7 0
2 1 10
3 7 0
t 188 8
m0 9 8
m1 9 8
m2 9 8
1 6 0
2 0 10
3 6 0
t 187 8
m0 9 8
m1 9 8
m2 9 8
1 7 0
2 1 10
3 7 0
t 186 8
m0 9 8
m1 9 8
m2 9 8
1 6 0
2 0 10
3 6 0
t 185 8
m0 9 8
m1 9 8
m2 9 8
1 7 0
2 1 10
3 7 0
t 184 8
m0 9 8
m1 9 8
m2 9 8
1 6 0
2 0 10
3 6 0
t 183 8
m0 9 8
m1 9 8
m2 9 8
1 7 0
2 1 10
3 7 0
t 182 8
m0 9 8
m1 9 8
m2 9 8
1 6 0
2 0 10
3 6 0
t 181 8
m0 9 8
m1 9 8
m2 9 8
1 7 0
2 1 10
3 7 0
t 180 8
m0 9 8
m1 9 8
m2 9 8
1 6 0
2 0 10
3 6 0
t 179 8
m0 9 8
m1 9 8
m2 9 8
1 7 0
2 1 10
3 7 0
t 178 8
m0 9 8
m1 9 8
m2 9 8
1 6 0
2 0 10
3 6 0
t 177 8
m0 9 8
m1 9 8
m2 9 8
1 7 0
2 1 10
3 7 0
t 176 8
m0 9 8
m1 9 8
m2 9 8
1 6 0
2 0 10
3 6 0
t 175 8
m0 9 8
m1 9 8
m2 9 8
1 7 0
2 1 10
3 7 0
t 174 8
m0 9 8
m1 9 8
m2 9 8
1 6 0
2 0 10
3 6 0
t 173 8
m0 9 8
m1 9 8
m2 9 8
1 7 0
2 1 10
3 7 0
t 172 8
m0 9 8
m1 9 8
m2 9 8
1 6 0
2 0 10
3 6 0
t 171 8
m0 9 8
m1 9 8
m2 9 8
1 7 0
2 1 10
3 7 0
t 170 8
m0 9 8
m1 9 8
m2 9 8
1 6 0
2 0 10
3 6 0
t 169 8
m0 9 8
m1 9 8
m2 9 8
1 7 0
2 1 10
3 7 0
t 168 8
m0 9 8
m1 9 8
m2 9 8
1 6 0
2 0 10
3 6 0
t 167 8
m0 9 8
m1 9 8
m2 9 8
1 7 0
2 1 10
3 7 0
t 166 8
m0 9 8
m1 9 8
m2 9 8
1 6 0
2 0 10
3 6 0
t 165 8
m0 9 8
m1 9 8
m2 9 8
1 7 0
2 1 10
3 7 0
t 164 8
m0 9 8
m1 9 8
m2 9 8
1 6 0
2 0 10
3 6 0
t 163 8
m0 9 8
m1 9 8
m2 9 8
1 7 0
2 1 10
3 7 0
t 162 8
m0 9 8
m1 9 8
m2 9 8
1 6 0
2 0 10
3 6 0
t 161 8
m0 9 8
m1 9 8
m2 9 8
1 7 0
2 1 10
3 7 0
t 160 8
m0 9 8
m1 9 8
m2 9 8
1 6 0
2 0 10
3 6 0
t 159 8
m0 9 8
m1 9 8
m2 9 8
1 7 0
2 1 10
3 7 0
t 158 8
m0 9 8
m1 9 8
m2 9 8
1 6 0
2 0 10
3 6 0
t 157 8
m0 9 8
m1 9 8
m2 9 8
1 7 0
2 1 10
3 7 0
t 156 8
m0 9 8
m1 9 8
m2 9 8
1 6 0
2 0 10
3 6 0
t 155 8
m0 9 8
m1 9 8
m2 9 8
1 7 0
2 1 10
3 7 0
t 154 8
m0 9 8
m1 9 8
m2 9 8
1 6 0
2 0 10
3 6 0
t 153 8
m0 9 8
m1 9 8
m2 9 8
1 7 0
2 1 10
3 7 0
t 152 8
m0 9 8
m1 9 8
m2 9 8
1 6 0
2 0 10
3 6 0
t 151 8
m0 9 8
m1 9 8
m2 9 8
1 7 0
2 1 10
3 7 0
t 150 8
m0 9 8
m1 9 8
m2 9 8
1 6 0
2 0 10
3 6 0
t 149 8
m0 9 8
m1 9 8
m2 9 8
1 7 0
2 1 10
3 7 0
t 148 8
m0 9 8
m1 9 8
m2 9 8
1 6 0
2 0 10
3 6 0
t 147 8
m0 9 8
m1 9 8
m2 9 8
1 7 0
2 1 10
3 7 0
t 146 8
m0 9 8
m1 9 8
m2 9 8
1 6 0
2 0 10
3 6 0
t 145 8
m0 9 8
m1 9 8
m2 9 8
1 7 0
2 1 10
3 7 0
t 144 8
m0 9 8
m1 9 8
m2 9 8
1 6 0
2 0 10
3 6 0
t 143 8
m0 9 8
m1 9 8
m2 9 8
1 7 0
2 1 10
3 7 0
t 142 8
m0 9 8
m1 9 8
m2 9 8
1 6 0
2 0 10
3 6 0
t 141 8
m0 9 8
m1 9 8
m2 9 8
1 7 0
2 1 10
3 7 0
t 140 8
m0 9 8
m1 9 8
m2 9 8
1 6 0
2 0 10
3 6 0
t 139 8
m0 9 8
m1 9 8
m2 9 8
1 7 0
2 1 10
3 7 0
t 138 8
m0 9 8
m1 9 8
m2 9 8
1 6 0
2 0 10
3 6 0
t 137 8
m0 9 8
m1 9 8
m2 9 8
1 7 0
2 1 10
3 7 0
t 136 8
m0 9 8
m1 9 8
m2 9 8
1 6 0
2 0 10
3 6 0
t 135 8
m0 9 8
m1 9 8
m2 9 8
1 7 0
2 1 10
3 7 0
t 134 8
m0 9 8
m1 9 8
m2 9 8
1 6 0
2 0 10
3 6 0
t 133 8
m0 9 8
m1 9 8
m2 9 8
1 7 0
2 1 10
3 7 0
t 132 8
m0 9 8
m1 9 8
m2 9 8
1 6 0
2 0 10
3 6 0
t 131 8
m0 9 8
m1 9 8
m2 9 8
1 7 0
2 1 10
3 7 0
t 130 8
m0 9 8
m1 9 8
m2 9 8
1 6 0
2 0 10
3 6 0
t 129 8
m0 9 8
m1 9 8
m2 9 8
1 7 0
2 1 10
3 7 0
t 128 8
m0 9 8
m1 9 8
m2 9 8
1 6 0
2 0 10
3 6 0
t 127 8
m0 9 8
m1 9 8
m2 9 8
1 7 0
2 1 10
3 7 0
t 126 8
m0 9 8
m1 9 8
m2 9 8
1 6 0
2 0 10
3 6 0
t 125 8
m0 9 8
m1 9 8
m2 9 8
1 7 0
2 1 10
3 7 0
t 124 8
m0 9 8
m1 9 8
m2 9 8
1 6 0
2 0 10
3 6 0
t 123 8
m0 9 8
m1 9 8
m2 9 8
1 7 0
2 1 10
3 7 0
t 122 8
m0 9 8
m1 9 8
m2 9 8
1 6 0
2 0 10
3 6 0
t 121 8
m0 9 8
m1 9 8
m2 9 8
1 7 0
2 1 10
3 7 0
t 120 8
m0 9 8
m1 9 8
m2 9 8
1 6 0
2 0 10
3 6 0
t 119 8
m0 9 8
m1 9 8
m2 9 8
1 7 0
2 1 10
3 7 0
t 118 8
m0 9 8
m1 9 8
m2 9 8
1 6 0
2 0 10
3 6 0
t 117 8
m0 9 8
m1 9 8
m2 9 8
1 7 0
2 1 10
3 7 0
t 116 8
m0 9 8
m1 9 8
m2 9 8
1 6 0
2 0 10
3 6 0
t 115 8
m0 9 8
m1 9 8
m2 9 8
1 7 0
2 1 10
3 7 0
t 114 8
m0 9 8
m1 9 8
m2 9 8
1 6 0
2 0 10
3 6 0
t 113 8
m0 9 8
m1 9 8
m2 9 8
1 7 0
2 1 10
3 7 0
t 112 8
m0 9 8
m1 9 8
m2 9 8
1 6 0
2 0 10
3 6 0
t 111 8
m0 9 8
m1 9 8
m2 9 8
1 7 0
2 1 10
3 7 0
t 110 8
m0 9 8
m1 9 8
m2 9 8
1 6 0
2 0 10
3 6 0
t 109 8
m0 9 8
m1 9 8
m2 9 8
1 7 0
2 1 10
3 7 0
t 108 8
m0 9 8
m1 9 8
m2 9 8
1 6 0
2 0 10
3 6 0
t 107 8
m0 9 8
m1 9 8
m2 9 8
1 7 0
2 1 10
3 7 0
t 106 8
m0 9 8
m1 9 8
m2 9 8
1 6 0
2 0 10
3 6 0
t 105 8
m0 9 8
m1 9 8
m2 9 8
1 7 0
2 1 10
3 7 0
t 104 8
m0 9 8
m1 9 8
m2 9 8
1 6 0
2 0 10
3 6 0
t 103 8
m0 9 8
m1 9 8
m2 9 8
1 7 0
2 1 10
3 7 0
t 102 8
m0 9 8
m1 9 8
m2 9 8
1 6 0
2 0 10
3 6 0
t 101 8
m0 9 8
m1 9 8
m2 9 8
1 7 0
2 1 10
3 7 0
t 100 8
m0 9 8
m1 9 8
m2 9 8
1 6 0
2 0 10
3 6 0
t 99 8
m0 9 8
m1 9 8
m2 9 8
1 7 0
2 1 10
3 7 0
t 98 8
m0 9 8
m1 9 8
m2 9 8
1 6 0
2 0 10
3 6 0
t 97 8
m0 9 8
m1 9 8
m2 9 8
1 7 0
2 1 10
3 7 0
t 96 8
m0 9 8
m1 9 8
m2 9 8
1 6 0
2 0 10
3 6 0
t 95 8
m0 9 8
m1 9 8
m2 9 8
1 7 0
2 1 10
3 7 0
t 94 8
m0 9 8
m1 9 8
m2 9 8
1 6 0
2 0 10
3 6 0
t 93 8
m0 9 8
m1 9 8
m2 9 8
1 7 0
2 1 10
3 7 0
t 92 8
m0 9 8
m1 9 8
m2 9 8
1 6 0
2 0 10
3 6 0
t 91 8
m0 9 8
m1 9 8
m2 9 8
1 7 0
2 1 10
3 7 0
t 90 8
m0 9 8
m1 9 8
m2 9 8
1 6 0
2 0 10
3 6 0
t 89 8
m0 9 8
m1 9 8
m2 9 8
1 7 0
2 1 10
3 7 0
t 88 8
m0 9 8
m1 9 8
m2 9 8
1 6 0
2 0 10
3 6 0
t 87 8
m0 9 8
m1 9 8
m2 9 8
1 7 0
2 1 10
3 7 0
t 86 8
m0 9 8
m1 9 8
m2 9 8
1 6 0
2 0 10
3 6 0
t 85 8
m0 9 8
m1 9 8
m2 9 8
1 7 0
2 1 10
3 7 0
t 84 8
m0 9 8
m1 9 8
m2 9 8
1 6 0
2 0 10
3 6 0
t 83 8
m0 9 8
m1 9 8
m2 9 8
1 7 0
2 1 10
3 7 0
t 82 8
m0 9 8
m1 9 8
m2 9 8
1 6 0
2 0 10
3 6 0
t 81 8
m0 9 8
m1 9 8
m2 9 8
1 7 0
2 1 10
3 7 0
t 80 8
m0 9 8
m1 9 8
m2 9 8
1 6 0
2 0 10
3 6 0
t 79 8
m0 9 8
m1 9 8
m2 9 8
1 7 0
2 1 10
3 7 0
t 78 8
m0 9 8
m1 9 8
m2 9 8
1 6 0
2 0 10
3 6 0
t 77 8
m0 9 8
m1 9 8
m2 9 8
1 7 0
2 1 10
3 7 0
t 76 8
m0 9 8
m1 9 8
m2 9 8
1 6 0
2 0 10
3 6 0
t 75 8
m0 9 8
m1 9 8
m2 9 8
1 7 0
2 1 10
3 7 0
t 74 8
m0 9 8
m1 9 8
m2 9 8
1 6 0
2 0 10
3 6 0
t 73 8
m0 9 8
m1 9 8
m2 9 8
1 7 0
2 1 10
3 7 0
t 72 8
m0 9 8
m1 9 8
m2 9 8
1 6 0
2 0 10
3 6 0
t 71 8
m0 9 8
m1 9 8
m2 9 8
1 7 0
2 1 10
3 7 0
t 70 8
m0 9 8
m1 9 8
m2 9 8
1 6 0
2 0 10
3 6 0
t 69 8
m0 9 8
m1 9 8
m2 9 8
1 7 0
2 1 10
3 7 0
t 68 8
m0 9 8
m1 9 8
m2 9 8
1 6 0
2 0 10
3 6 0
t 67 8
m0 9 8
m1 9 8
m2 9 8
1 7 0
2 1 10
3 7 0
t 66 8
m0 9 8
m1 9 8
m2 9 8
1 6 0
2 0 10
3 6 0
t 65 8
m0 9 8
m1 9 8
m2 9 8
1 7 0
2 1 10
3 7 0
t 64 8
m0 9 8
m1 9 8
m2 9 8
1 6 0
2 0 10
3 6 0
t 63 8
m0 9 8
m1 9 8
m2 9 8
1 7 0
2 1 10
3 7 0
t 62 8
m0 9 8
m1 9 8
m2 9 8
1 6 0
2 0 10
3 6 0
t 61 8
m0 9 8
m1 9 8
m2 9 8
1 7 0
2 1 10
3 7 0
t 60 8
m0 9 8
m1 9 8
m2 9 8
1 6 0
2 0 10
3 6 0
t 59 8
m0 9 8
m1 9 8
m2 9 8
1 7 0
2 1 10
3 7 0
t 58 8
m0 9 8
m1 9 8
m2 9 8
1 6 0
2 0 10
3 6 0
t 57 8
m0 9 8
m1 9 8
m2 9 8
1 7 0
2 1 10
3 7 0
t 56 8
m0 9 8
m1 9 8
m2 9 8
1 6 0
2 0 10
3 6 0
t 55 8
m0 9 8
m1 9 8
m2 9 8
1 7 0
2 1 10
3 7 0
t 54 8
m0 9 8
m1 9 8
m2 9 8
1 6 0
2 0 10
3 6 0
t 53 8
m0 9 8
m1 9 8
m2 9 8
1 7 0
2 1 10
3 7 0
t 52 8
m0 9 8
m1 9 8
m2 9 8
1 6 0
2 0 10
3 6 0
t 51 8
m0 9 8
m1 9 8
m2 9 8
1 7 0
2 1 10
3 7 0
t 50 8
m0 9 8
m1 9 8
m2 9 8
1 6 0
2 0 10
3 6 0
t 49 8
m0 9 8
m1 9 8
m2 9 8
1 7 0
2 1 10
3 7 0
t 48 8
m0 9 8
m1 9 8
m2 9 8
1 6 0
2 0 10
3 6 0
t 47 8
m0 9 8
m1 9 8
m2 9 8
1 7 0
2 1 10
3 7 0
t 46 8
m0 9 8
m1 9 8
m2 9 8
1 6 0
2 0 10
3 6 0
t 45 8
m0 9 8
m1 9 8
m2 9 8
1 7 0
2 1 10
3 7 0
t 44 8
m0 9 8
m1 9 8
m2 9 8
1 6 0
2 0 10
3 6 0
t 43 8
m0 9 8
m1 9 8
m2 9 8
1 7 0
2 1 10
3 7 0
t 42 8
m0 9 8
m1 9 8
m2 9 8
1 6 0
2 0 10
3 6 0
t 41 8
m0 9 8
m1 9 8
m2 9 8
1 7 0
2 1 10
3 7 0
t 40 8
m0 9 8
m1 9 8
m2 9 8
1 6 0
2 0 10
3 6 0
t 39 8
m0 9 8
m1 9 8
m2 9 8
1 7 0
2 1 10
3 7 0
t 38 8
m0 9 8
m1 9 8
m2 9 8
1 6 0
2 0 10
3 6 0
t 37 8
m0 9 8
m1 9 8
m2 9 8
1 7 0
2 1 10
3 7 0
t 36 8
m0 9 8
m1 9 8
m2 9 8
1 6 0
2 0 10
3 6 0
t 35 8
m0 9 8
m1 9 8
m2 9 8
1 7 0
2 1 10
3 7 0
t 34 8
m0 9 8
m1 9 8
m2 9 8
1 6 0
2 0 10
3 6 0
t 33 8
m0 9 8
m1 9 8
m2 9 8
1 7 0
2 1 10
3 7 0
t 32 8
m0 9 8
m1 9 8
m2 9 8
1 6 0
2 0 10
3 6 0
t 31 8
m0 9 8
m1 9 8
m2 9 8
1 7 0
2 1 10
3 7 0
t 30 8
m0 9 8
m1 9 8
m2 9 8
1 6 0
2 0 10
3 6 0
t 29 8
m0 9 8
m1 9 8
m2 9 8
1 7 0
2 1 10
3 7 0
t 28 8
m0 9 8
m1 9 8
m2 9 8
1 6 0
2 0 10
3 6 0
t 27 8
m0 9 8
m1 9 8
m2 9 8
1 7 0
2 1 10
3 7 0
t 26 8
m0 9 8
m1 9 8
m2 9 8
1 6 0
2 0 10
3 6 0
t 25 8
m0 9 8
m1 9 8
m2 9 8
1 7 0
2 1 10
3 7 0
t 24 8
m0 9 8
m1 9 8
m2 9 8
1 6 0
2 0 10
3 6 0
t 23 8
m0 9 8
m1 9 8
m2 9 8
1 7 0
2 1 10
3 7 0
t 22 8
m0 9 8
m1 9 8
m2 9 8
1 6 0
2 0 10
3 6 0
t 21 8
m0 9 8
m1 9 8
m2 9 8
1 7 0
2 1 10
3 7 0
t 20 8
m0 9 8
m1 9 8
m2 9 8
1 6 0
2 0 10
3 6 0
t 19 8
m0 9 8
m1 9 8
m2 9 8
1 7 0
2 1 10
3 7 0
t 18 8
m0 9 8
m1 9 8
m2 9 8
1 6 0
2 0 10
3 6 0
t 17 8
m0 9 8
m1 9 8
m2 9 8
1 7 0
2 1 10
3 7 0
t 16 8
m0 9 8
m1 9 8
m2 9 8
1 6 0
2 0 10
3 6 0
t 15 8
m0 9 8
m1 9 8
m2 9 8
1 7 0
2 1 10
3 7 0
t 14 8
m0 9 8
m1 9 8
m2 9 8
1 6 0
2 0 10
3 6 0
t 13 8
m0 9 8
m1 9 8
m2 9 8
1 7 0
2 1 10
3 7 0
t 12 8
m0 9 8
m1 9 8
m2 9 8
1 6 0
2 0 10
3 6 0
t 11 8
m0 9 8
m1 9 8
m2 9 8
1 7 0
2 1 10
3 7 0
t 10 8
m0 9 8
m1 9 8
m2 9 8
1 6 0
2 0 10
3 6 0
t 9 8
m0 9 8
m1 9 8
m2 9 8
1 7 0
2 1 10
3 7 0
t 8 8
m0 9 8
m1 9 8
m2 9 8
1 6 0
2 0 10
3 6 0
t 7 8
m0 9 8
m1 9 8
m2 9 8
1 7 0
2 1 10
3 7 0
t 6 8
m0 9 8
m1 9 8
m2 9 8
1 6 0
2 0 10
3 6 0
t 5 8
m0 9 8
m1 9 8
m2 9 8
1 7 0
2 1 10
3 7 0
t 4 8
m0 9 8
m1 9 8
m2 9 8
1 6 0
2 0 10
3 6 0
t 3 8
m0 9 8
m1 9 8
m2 9 8
1 7 0
2 1 10
3 7 0
t 2 8
m0 9 8
m1 9 8
m2 9 8
1 6 0
2 0 10
3 6 0
t 1 8
m0 9 8
m1 9 8
m2 9 8
1 6 0
2 0 10
3 6 0
t 0 8
