10
15
w 6 9
w 8 13
w 5 6
w 9 8
w 8 0
w 3 11
w 8 9
w 6 2
w 1 6
w 3 7
w 3 14
w 7 2
w 1 2
w 4 9
w 7 6
w 3 6
w 7 10
w 1 10
w 4 1
w 1 1
w 9 7
w 5 4
w 5 11
w 7 5
w 8 7
w 0 8
w 8 3
w 1 12
w 8 12
w 3 1
w 5 7
w 9 9
w 4 3
w 1 7
w 6 13
w 9 5
w 2 4
p 7 3
p 1 3
p 9 1
p 6 6
p 3 0
p 2 8
p 7 12
p 5 13
p 2 1
p 0 10
p 7 11
p 2 5
p 0 3
p 5 8
p 6 14
p 9 0
p 6 7
p 3 3
p 5 5
p 2 9
p 8 1
p 5 12
p 4 4
p 6 10
p 8 10
p 4 13
p 2 13
p 0 4
p 2 2
p 9 14
p 3 13
p 4 5
p 6 11
p 4 14
p 2 10
p 0 12
p 9 10
p 3 9
p 0 5
p 6 12
p 1 0
p 5 3
p 3 5
p 9 13
p 6 8
p 9 2
p 6 1
p 7 13
p 2 11
p 3 8
p 7 4
p 1 8
p 5 14
p 0 9
p 0 2
p 9 12
m0 0 14
m1 0 14
m2 0 14
1 9 0
2 9 0
3 9 0
t 300 0
m0 1 14
m1 0 14
m2 0 13
1 9 1
2 9 1
3 9 1
t 299 0
m0 1 14
m1 0 14
m2 0 12
1 8 1
2 8 1
3 9 2
t 298 1
m0 1 14
m1 0 14
m2 0 11
1 7 1
2 7 1
3 9 3
t 297 1
m0 1 13
m1 0 14
m2 0 10
1 6 1
2 6 1
3 9 4
t 296 2
m0 0 13
m1 0 14
m2 0 9
1 5 1
2 5 1
3 8 4
t 295 3
m0 0 12
m1 0 14
m2 1 9
1 5 2
2 5 2
3 8 5
t 294 3
m0 0 12
m1 0 14
m2 2 9
1 4 2
2 4 2
3 8 6
t 293 4
m0 0 13
m1 0 14
m2 3 9
1 3 2
2 3 2
3 9 6
t 292 5
m0 0 12
m1 0 14
m2 3 8
1 3 3
2 3 3
3 8 6
t 291 6
m0 0 13
m1 0 14
m2 4 8
1 3 4
2 3 4
3 9 6
t 290 6
m0 1 13
m1 0 14
m2 4 7
1 4 4
2 4 4
3 8 6
t 289 6
m0 0 13
m1 0 14
m2 4 6
1 4 5
2 4 5
3 9 6
t 288 6
m0 0 14
m1 0 14
m2 -5 -5
1 3 5
2 3 5
3 8 6
t 287 7
m0 0 14
m1 0 14
m2 -5 -5
1 2 5
2 2 5
3 9 6
t 286 7
m0 0 13
m1 0 14
m2 -5 -5
1 1 5
2 1 5
3 8 6
f 4 12
t 285 7
m0 0 12
m1 0 14
m2 -5 -5
1 0 5
2 0 5
3 9 6
t 284 7
m0 0 12
m1 0 14
m2 -5 -5
1 0 6
2 0 6
3 8 6
t 283 7
m0 0 13
m1 0 14
m2 -5 -5
1 0 7
2 0 7
3 9 6
t 282 7
m0 1 13
m1 0 14
m2 -5 -5
1 0 6
2 0 6
3 8 6
t 281 7
m0 2 13
m1 0 14
m2 -5 -5
1 0 7
2 0 7
3 9 6
t 280 8
m0 2 12
m1 0 14
m2 -5 -5
1 0 6
2 0 6
3 8 6
t 279 8
m0 3 12
m1 0 14
m2 -5 -5
1 0 7
2 0 7
3 9 6
t 278 8
m0 3 13
m1 0 14
m2 -5 -5
1 0 6
2 0 6
3 8 6
t 277 9
m0 3 12
m1 0 14
m2 -5 -5
1 0 7
2 0 7
3 9 6
t 276 9
m0 4 12
m1 0 14
m2 -5 -5
1 0 6
2 0 6
3 8 6
t 275 19
m0 4 12
m1 1 14
m2 -5 -5
1 0 7
2 0 7
3 9 6
t 274 19
m0 3 12
m1 2 14
m2 -5 -5
1 0 6
2 0 6
3 8 6
t 273 19
m0 3 12
m1 2 14
m2 -5 -5
1 0 7
2 0 7
3 9 6
t 272 19
m0 3 13
m1 2 14
m2 -5 -5
1 0 6
2 0 6
3 8 6
t 271 19
m0 3 13
m1 2 14
m2 -5 -5
1 0 7
2 0 7
3 9 6
t 270 19
m0 3 13
m1 2 14
m2 -5 -5
1 0 6
2 0 6
3 8 6
t 269 19
m0 4 13
m1 2 14
m2 -5 -5
1 0 7
2 0 7
3 9 6
t 268 20
m0 4 12
m1 2 14
m2 -5 -5
1 0 6
2 0 6
3 8 6
t 267 20
m0 5 12
m1 2 14
m2 -5 -5
1 0 7
2 0 7
3 9 6
t 266 21
m0 6 12
m1 2 14
m2 -5 -5
1 0 6
2 0 6
3 8 6
t 265 22
m0 6 12
m1 2 14
m2 -5 -5
1 0 7
2 0 7
3 9 6
t 264 22
m0 6 12
m1 2 14
m2 -5 -5
1 0 6
2 0 6
3 8 6
t 263 22
m0 5 12
m1 2 14
m2 -5 -5
1 0 7
2 0 7
3 9 6
t 262 22
m0 5 12
m1 2 14
m2 -5 -5
1 0 6
2 0 6
3 8 6
t 261 22
m0 4 12
m1 2 14
m2 -5 -5
1 0 7
2 0 7
3 9 6
t 260 22
m0 3 12
m1 2 14
m2 -5 -5
1 0 6
2 0 6
3 8 6
t 259 22
m0 3 12
m1 2 14
m2 -5 -5
1 0 7
2 0 7
3 9 6
t 258 22
m0 4 12
m1 2 14
m2 -5 -5
1 0 6
2 0 6
3 8 6
t 257 22
m0 4 12
m1 2 14
m2 -5 -5
1 0 7
2 0 7
3 9 6
t 256 22
m0 5 12
m1 2 14
m2 -5 -5
1 0 6
2 0 6
3 8 6
t 255 22
m0 5 12
m1 2 14
m2 -5 -5
1 0 7
2 0 7
3 9 6
t 254 22
m0 6 12
m1 2 14
m2 -5 -5
1 0 6
2 0 6
3 8 6
t 253 22
m0 6 12
m1 2 14
m2 -5 -5
1 0 7
2 0 7
3 9 6
t 252 22
m0 7 12
m1 2 14
m2 -5 -5
1 0 6
2 0 6
3 8 6
t 251 23
m0 7 11
m1 2 14
m2 -5 -5
1 0 7
2 0 7
3 9 6
t 250 24
m0 6 11
m1 2 14
m2 -5 -5
1 0 6
2 0 6
3 8 6
t 249 25
m0 6 12
m1 2 14
m2 -5 -5
1 0 7
2 0 7
3 9 6
t 248 25
m0 6 11
m1 2 14
m2 -5 -5
1 0 6
2 0 6
3 8 6
t 247 25
m0 6 10
m1 2 14
m2 -5 -5
1 0 7
2 0 7
3 9 6
t 246 26
m0 6 10
m1 2 14
m2 -5 -5
1 0 6
2 0 6
3 8 6
t 245 26
m0 6 10
m1 2 14
m2 -5 -5
1 0 7
2 0 7
3 9 6
t 244 26
m0 5 10
m1 2 14
m2 -5 -5
1 0 6
2 0 6
3 8 6
t 243 26
m0 4 10
m1 2 14
m2 -5 -5
1 0 7
2 0 7
3 9 6
t 242 26
m0 4 11
m1 2 14
m2 -5 -5
1 0 6
2 0 6
3 8 6
t 241 26
m0 4 10
m1 2 14
m2 -5 -5
1 0 7
2 0 7
3 9 6
t 240 26
m0 3 10
m1 2 14
m2 -5 -5
1 0 6
2 0 6
3 8 6
t 239 26
m0 3 9
m1 2 14
m2 -5 -5
1 0 7
2 0 7
3 9 6
t 238 26
m0 3 9
m1 2 14
m2 -5 -5
1 0 6
2 0 6
3 8 6
t 237 26
m0 3 8
m1 2 14
m2 -5 -5
1 0 7
2 0 7
3 9 6
t 236 26
m0 3 8
m1 2 14
m2 -5 -5
1 0 6
2 0 6
3 8 6
t 235 26
m0 3 8
m1 2 14
m2 -5 -5
1 0 7
2 0 7
3 9 6
t 234 26
m0 3 9
m1 2 14
m2 -5 -5
1 0 6
2 0 6
3 8 6
t 233 26
m0 2 9
m1 2 14
m2 -5 -5
1 0 7
2 0 7
3 9 6
t 232 26
m0 1 9
m1 2 14
m2 -5 -5
1 0 6
2 0 6
3 8 6
t 231 26
m0 0 9
m1 2 14
m2 -5 -5
1 0 7
2 0 7
3 9 6
t 230 26
m0 1 9
m1 2 14
m2 -5 -5
1 0 6
2 0 6
3 8 6
t 229 26
m0 2 9
m1 2 14
m2 -5 -5
1 0 7
2 0 7
3 9 6
t 228 26
m0 3 9
m1 2 14
m2 -5 -5
1 0 6
2 0 6
3 8 6
t 227 26
m0 3 10
m1 2 14
m2 -5 -5
1 0 7
2 0 7
3 9 6
t 226 26
m0 4 10
m1 2 14
m2 -5 -5
1 0 6
2 0 6
3 8 6
t 225 26
m0 3 10
m1 2 14
m2 -5 -5
1 0 7
2 0 7
3 9 6
t 224 26
m0 3 9
m1 2 14
m2 -5 -5
1 0 6
2 0 6
3 8 6
t 223 26
m0 3 8
m1 2 14
m2 -5 -5
1 0 7
2 0 7
3 9 6
t 222 26
m0 2 8
m1 2 14
m2 -5 -5
1 0 6
2 0 6
3 8 6
t 221 27
m0 2 9
m1 2 14
m2 -5 -5
1 0 7
2 0 7
3 9 6
t 220 27
m0 2 9
m1 2 14
m2 -5 -5
1 0 6
2 0 6
3 8 6
t 219 27
m0 3 9
m1 2 14
m2 -5 -5
1 0 7
2 0 7
3 9 6
t 218 27
m0 2 9
m1 2 14
m2 -5 -5
1 0 6
2 0 6
3 8 6
t 217 27
m0 2 8
m1 2 14
m2 -5 -5
1 0 7
2 0 7
3 9 6
t 216 27
m0 2 8
m1 2 14
m2 -5 -5
1 0 6
2 0 6
3 8 6
t 215 27
m0 2 7
m1 2 14
m2 -5 -5
1 0 7
2 0 7
3 9 6
t 214 27
m0 2 6
m1 2 14
m2 -5 -5
1 0 6
2 0 6
3 8 6
t 213 27
m0 2 7
m1 2 14
m2 -5 -5
1 0 7
2 0 7
3 9 6
t 212 27
m0 2 8
m1 2 14
m2 -5 -5
1 0 6
2 0 6
3 8 6
t 211 27
m0 1 8
m1 2 14
m2 -5 -5
1 0 7
2 0 7
3 9 6
t 210 28
m0 1 9
m1 2 14
m2 -5 -5
1 0 6
2 0 6
3 8 6
t 209 28
m0 2 9
m1 2 14
m2 -5 -5
1 0 7
2 0 7
3 9 6
t 208 28
m0 2 10
m1 2 14
m2 -5 -5
1 0 6
2 0 6
3 8 6
t 207 29
m0 2 11
m1 1 14
m2 -5 -5
1 0 7
2 0 7
3 9 6
f 9 3
t 206 30
m0 2 12
m1 0 14
m2 -5 -5
1 0 6
2 0 6
3 8 6
t 205 30
m0 2 11
m1 0 14
m2 -5 -5
1 0 7
2 0 7
3 9 6
t 204 30
m0 2 11
m1 0 14
m2 -5 -5
1 0 6
2 0 6
3 8 6
t 203 30
m0 2 10
m1 0 14
m2 -5 -5
1 0 7
2 0 7
3 9 6
t 202 30
m0 3 10
m1 0 14
m2 -5 -5
1 0 6
2 0 6
3 8 6
t 201 30
m0 3 9
m1 0 14
m2 -5 -5
1 0 7
2 0 7
3 9 6
t 200 30
m0 3 8
m1 0 14
m2 -5 -5
1 0 6
2 0 6
3 8 6
t 199 30
m0 4 8
m1 0 14
m2 -5 -5
1 0 7
2 0 7
3 9 6
t 198 30
m0 4 7
m1 0 14
m2 -5 -5
1 0 6
2 0 6
3 8 6
t 197 30
m0 4 6
m1 0 14
m2 -5 -5
1 0 5
2 0 5
3 9 6
t 196 30
m0 4 5
m1 0 14
m2 -5 -5
1 1 5
2 1 5
3 8 6
t 195 30
m0 5 5
m1 0 14
m2 -5 -5
1 2 5
2 2 5
3 9 6
t 194 31
m0 6 5
m1 0 14
m2 -5 -5
1 3 5
2 3 5
3 8 6
t 193 31
m0 6 5
m1 0 14
m2 -5 -5
1 4 5
2 4 5
3 9 6
t 192 31
m0 6 6
m1 0 14
m2 -5 -5
1 5 5
2 5 5
3 8 6
t 191 32
m0 -5 -5
m1 0 14
m2 -5 -5
1 6 5
2 6 5
3 9 6
t 190 32
m0 -5 -5
m1 0 14
m2 -5 -5
1 5 5
2 5 5
3 8 6
t 189 32
m0 -5 -5
m1 0 14
m2 -5 -5
1 4 5
2 4 5
3 9 6
t 188 32
m0 -5 -5
m1 0 14
m2 -5 -5
1 3 5
2 3 5
3 8 6
t 187 32
m0 -5 -5
m1 0 14
m2 -5 -5
1 2 5
2 2 5
3 9 6
t 186 32
m0 -5 -5
m1 0 14
m2 -5 -5
1 1 5
2 1 5
3 8 6
t 185 32
m0 -5 -5
m1 0 14
m2 -5 -5
1 0 5
2 0 5
3 9 6
t 184 32
m0 -5 -5
m1 0 14
m2 -5 -5
1 0 6
2 0 6
3 8 6
t 183 32
m0 -5 -5
m1 0 14
m2 -5 -5
1 0 7
2 0 7
3 9 6
t 182 32
m0 -5 -5
m1 0 14
m2 -5 -5
1 0 6
2 0 6
3 8 6
t 181 32
m0 -5 -5
m1 0 14
m2 -5 -5
1 0 7
2 0 7
3 9 6
t 180 32
m0 -5 -5
m1 0 14
m2 -5 -5
1 0 6
2 0 6
3 8 6
t 179 32
m0 -5 -5
m1 0 14
m2 -5 -5
1 0 7
2 0 7
3 9 6
t 178 32
m0 -5 -5
m1 0 14
m2 -5 -5
1 0 6
2 0 6
3 8 6
t 177 32
m0 -5 -5
m1 0 14
m2 -5 -5
1 0 7
2 0 7
3 9 6
t 176 32
m0 -5 -5
m1 0 14
m2 -5 -5
1 0 6
2 0 6
3 8 6
t 175 32
m0 -5 -5
m1 0 14
m2 -5 -5
1 0 7
2 0 7
3 9 6
t 174 32
m0 -5 -5
m1 0 14
m2 -5 -5
1 0 6
2 0 6
3 8 6
t 173 32
m0 -5 -5
m1 0 14
m2 -5 -5
1 0 7
2 0 7
3 9 6
t 172 32
m0 -5 -5
m1 0 14
m2 -5 -5
1 0 6
2 0 6
3 8 6
t 171 32
m0 -5 -5
m1 0 14
m2 -5 -5
1 0 7
2 0 7
3 9 6
t 170 32
m0 -5 -5
m1 0 14
m2 -5 -5
1 0 6
2 0 6
3 8 6
t 169 32
m0 -5 -5
m1 0 14
m2 -5 -5
1 0 7
2 0 7
3 9 6
t 168 32
m0 -5 -5
m1 0 14
m2 -5 -5
1 0 6
2 0 6
3 8 6
t 167 32
m0 -5 -5
m1 0 14
m2 -5 -5
1 0 7
2 0 7
3 9 6
t 166 32
m0 -5 -5
m1 0 14
m2 -5 -5
1 0 6
2 0 6
3 8 6
t 165 32
m0 -5 -5
m1 0 14
m2 -5 -5
1 0 7
2 0 7
3 9 6
t 164 32
m0 -5 -5
m1 0 14
m2 -5 -5
1 0 6
2 0 6
3 8 6
t 163 32
m0 -5 -5
m1 0 14
m2 -5 -5
1 0 7
2 0 7
3 9 6
t 162 32
m0 -5 -5
m1 0 14
m2 -5 -5
1 0 6
2 0 6
3 8 6
t 161 32
m0 -5 -5
m1 0 14
m2 -5 -5
1 0 7
2 0 7
3 9 6
t 160 32
m0 -5 -5
m1 0 14
m2 -5 -5
1 0 6
2 0 6
3 8 6
t 159 32
m0 -5 -5
m1 0 14
m2 -5 -5
1 0 7
2 0 7
3 9 6
t 158 32
m0 -5 -5
m1 0 14
m2 -5 -5
1 0 6
2 0 6
3 8 6
t 157 32
m0 -5 -5
m1 0 14
m2 -5 -5
1 0 7
2 0 7
3 9 6
t 156 32
m0 -5 -5
m1 0 14
m2 -5 -5
1 0 6
2 0 6
3 8 6
t 155 32
m0 -5 -5
m1 0 14
m2 -5 -5
1 0 7
2 0 7
3 9 6
t 154 32
m0 -5 -5
m1 0 14
m2 -5 -5
1 0 6
2 0 6
3 8 6
t 153 32
m0 -5 -5
m1 0 14
m2 -5 -5
1 0 7
2 0 7
3 9 6
t 152 32
m0 -5 -5
m1 0 14
m2 -5 -5
1 0 6
2 0 6
3 8 6
t 151 32
m0 -5 -5
m1 0 14
m2 -5 -5
1 0 7
2 0 7
3 9 6
t 150 32
m0 -5 -5
m1 0 14
m2 -5 -5
1 0 6
2 0 6
3 8 6
t 149 32
m0 -5 -5
m1 0 14
m2 -5 -5
1 0 7
2 0 7
3 9 6
t 148 32
m0 -5 -5
m1 0 14
m2 -5 -5
1 0 6
2 0 6
3 8 6
t 147 32
m0 -5 -5
m1 0 14
m2 -5 -5
1 0 7
2 0 7
3 9 6
t 146 32
m0 -5 -5
m1 0 14
m2 -5 -5
1 0 6
2 0 6
3 8 6
t 145 32
m0 -5 -5
m1 0 14
m2 -5 -5
1 0 7
2 0 7
3 9 6
t 144 32
m0 -5 -5
m1 0 14
m2 -5 -5
1 0 6
2 0 6
3 8 6
t 143 32
m0 -5 -5
m1 0 14
m2 -5 -5
1 0 7
2 0 7
3 9 6
t 142 32
m0 -5 -5
m1 0 14
m2 -5 -5
1 0 6
2 0 6
3 8 6
t 141 32
m0 -5 -5
m1 0 14
m2 -5 -5
1 0 7
2 0 7
3 9 6
t 140 32
m0 -5 -5
m1 0 14
m2 -5 -5
1 0 6
2 0 6
3 8 6
t 139 32
m0 -5 -5
m1 0 14
m2 -5 -5
1 0 7
2 0 7
3 9 6
t 138 32
m0 -5 -5
m1 0 14
m2 -5 -5
1 0 6
2 0 6
3 8 6
t 137 32
m0 -5 -5
m1 0 14
m2 -5 -5
1 0 7
2 0 7
3 9 6
t 136 32
m0 -5 -5
m1 0 14
m2 -5 -5
1 0 6
2 0 6
3 8 6
t 135 32
m0 -5 -5
m1 0 14
m2 -5 -5
1 0 7
2 0 7
3 9 6
t 134 32
m0 -5 -5
m1 0 14
m2 -5 -5
1 0 6
2 0 6
3 8 6
t 133 32
m0 -5 -5
m1 0 14
m2 -5 -5
1 0 7
2 0 7
3 9 6
t 132 32
m0 -5 -5
m1 0 14
m2 -5 -5
1 0 6
2 0 6
3 8 6
t 131 32
m0 -5 -5
m1 0 14
m2 -5 -5
1 0 7
2 0 7
3 9 6
t 130 32
m0 -5 -5
m1 0 14
m2 -5 -5
1 0 6
2 0 6
3 8 6
t 129 32
m0 -5 -5
m1 0 14
m2 -5 -5
1 0 7
2 0 7
3 9 6
t 128 32
m0 -5 -5
m1 0 14
m2 -5 -5
1 0 6
2 0 6
3 8 6
t 127 32
m0 -5 -5
m1 0 14
m2 -5 -5
1 0 7
2 0 7
3 9 6
t 126 32
m0 -5 -5
m1 0 14
m2 -5 -5
1 0 6
2 0 6
3 8 6
t 125 32
m0 -5 -5
m1 0 14
m2 -5 -5
1 0 7
2 0 7
3 9 6
t 124 32
m0 -5 -5
m1 0 14
m2 -5 -5
1 0 6
2 0 6
3 8 6
t 123 32
m0 -5 -5
m1 0 14
m2 -5 -5
1 0 7
2 0 7
3 9 6
t 122 32
m0 -5 -5
m1 0 14
m2 -5 -5
1 0 6
2 0 6
3 8 6
t 121 32
m0 -5 -5
m1 0 14
m2 -5 -5
1 0 7
2 0 7
3 9 6
t 120 32
m0 -5 -5
m1 0 14
m2 -5 -5
1 0 6
2 0 6
3 8 6
t 119 32
m0 -5 -5
m1 0 14
m2 -5 -5
1 0 7
2 0 7
3 9 6
t 118 32
m0 -5 -5
m1 0 14
m2 -5 -5
1 0 6
2 0 6
3 8 6
t 117 32
m0 -5 -5
m1 0 14
m2 -5 -5
1 0 7
2 0 7
3 9 6
t 116 32
m0 -5 -5
m1 0 14
m2 -5 -5
1 0 6
2 0 6
3 8 6
t 115 32
m0 -5 -5
m1 0 14
m2 -5 -5
1 0 7
2 0 7
3 9 6
t 114 32
m0 -5 -5
m1 0 14
m2 -5 -5
1 0 6
2 0 6
3 8 6
t 113 32
m0 -5 -5
m1 0 14
m2 -5 -5
1 0 7
2 0 7
3 9 6
t 112 32
m0 -5 -5
m1 0 14
m2 -5 -5
1 0 6
2 0 6
3 8 6
t 111 32
m0 -5 -5
m1 0 14
m2 -5 -5
1 0 7
2 0 7
3 9 6
t 110 32
m0 -5 -5
m1 0 14
m2 -5 -5
1 0 6
2 0 6
3 8 6
t 109 32
m0 -5 -5
m1 0 14
m2 -5 -5
1 0 7
2 0 7
3 9 6
t 108 32
m0 -5 -5
m1 0 14
m2 -5 -5
1 0 6
2 0 6
3 8 6
t 107 32
m0 -5 -5
m1 0 14
m2 -5 -5
1 0 7
2 0 7
3 9 6
t 106 32
m0 -5 -5
m1 0 14
m2 -5 -5
1 0 6
2 0 6
3 8 6
t 105 32
m0 -5 -5
m1 0 14
m2 -5 -5
1 0 7
2 0 7
3 9 6
t 104 32
m0 -5 -5
m1 0 14
m2 -5 -5
1 0 6
2 0 6
3 8 6
t 103 32
m0 -5 -5
m1 0 14
m2 -5 -5
1 0 7
2 0 7
3 9 6
t 102 32
m0 -5 -5
m1 0 14
m2 -5 -5
1 0 6
2 0 6
3 8 6
t 101 32
m0 -5 -5
m1 0 14
m2 -5 -5
1 0 7
2 0 7
3 9 6
t 100 32
m0 -5 -5
m1 0 14
m2 -5 -5
1 0 6
2 0 6
3 8 6
t 99 32
m0 -5 -5
m1 0 14
m2 -5 -5
1 0 7
2 0 7
3 9 6
t 98 32
m0 -5 -5
m1 0 14
m2 -5 -5
1 0 6
2 0 6
3 8 6
t 97 32
m0 -5 -5
m1 0 14
m2 -5 -5
1 0 7
2 0 7
3 9 6
t 96 32
m0 -5 -5
m1 0 14
m2 -5 -5
1 0 6
2 0 6
3 8 6
t 95 32
m0 -5 -5
m1 0 14
m2 -5 -5
1 0 7
2 0 7
3 9 6
t 94 32
m0 -5 -5
m1 0 14
m2 -5 -5
1 0 6
2 0 6
3 8 6
t 93 32
m0 -5 -5
m1 0 14
m2 -5 -5
1 0 7
2 0 7
3 9 6
t 92 32
m0 -5 -5
m1 0 14
m2 -5 -5
1 0 6
2 0 6
3 8 6
t 91 32
m0 -5 -5
m1 0 14
m2 -5 -5
1 0 7
2 0 7
3 9 6
t 90 32
m0 -5 -5
m1 0 14
m2 -5 -5
1 0 6
2 0 6
3 8 6
t 89 32
m0 -5 -5
m1 0 14
m2 -5 -5
1 0 7
2 0 7
3 9 6
t 88 32
m0 -5 -5
m1 0 14
m2 -5 -5
1 0 6
2 0 6
3 8 6
t 87 32
m0 -5 -5
m1 0 14
m2 -5 -5
1 0 7
2 0 7
3 9 6
t 86 32
m0 -5 -5
m1 0 14
m2 -5 -5
1 0 6
2 0 6
3 8 6
t 85 32
m0 -5 -5
m1 0 14
m2 -5 -5
1 0 7
2 0 7
3 9 6
t 84 32
m0 -5 -5
m1 0 14
m2 -5 -5
1 0 6
2 0 6
3 8 6
t 83 32
m0 -5 -5
m1 0 14
m2 -5 -5
1 0 7
2 0 7
3 9 6
t 82 32
m0 -5 -5
m1 0 14
m2 -5 -5
1 0 6
2 0 6
3 8 6
t 81 32
m0 -5 -5
m1 0 14
m2 -5 -5
1 0 7
2 0 7
3 9 6
t 80 32
m0 -5 -5
m1 0 14
m2 -5 -5
1 0 6
2 0 6
3 8 6
t 79 32
m0 -5 -5
m1 0 14
m2 -5 -5
1 0 7
2 0 7
3 9 6
t 78 32
m0 -5 -5
m1 0 14
m2 -5 -5
1 0 6
2 0 6
3 8 6
t 77 32
m0 -5 -5
m1 0 14
m2 -5 -5
1 0 7
2 0 7
3 9 6
t 76 32
m0 -5 -5
m1 0 14
m2 -5 -5
1 0 6
2 0 6
3 8 6
t 75 32
m0 -5 -5
m1 0 14
m2 -5 -5
1 0 7
2 0 7
3 9 6
t 74 32
m0 -5 -5
m1 0 14
m2 -5 -5
1 0 6
2 0 6
3 8 6
t 73 32
m0 -5 -5
m1 0 14
m2 -5 -5
1 0 7
2 0 7
3 9 6
t 72 32
m0 -5 -5
m1 0 14
m2 -5 -5
1 0 6
2 0 6
3 8 6
t 71 32
m0 -5 -5
m1 0 14
m2 -5 -5
1 0 7
2 0 7
3 9 6
t 70 32
m0 -5 -5
m1 0 14
m2 -5 -5
1 0 6
2 0 6
3 8 6
t 69 32
m0 -5 -5
m1 0 14
m2 -5 -5
1 0 7
2 0 7
3 9 6
t 68 32
m0 -5 -5
m1 0 14
m2 -5 -5
1 0 6
2 0 6
3 8 6
t 67 32
m0 -5 -5
m1 0 14
m2 -5 -5
1 0 7
2 0 7
3 9 6
t 66 32
m0 -5 -5
m1 0 14
m2 -5 -5
1 0 6
2 0 6
3 8 6
t 65 32
m0 -5 -5
m1 0 14
m2 -5 -5
1 0 7
2 0 7
3 9 6
t 64 32
m0 -5 -5
m1 0 14
m2 -5 -5
1 0 6
2 0 6
3 8 6
t 63 32
m0 -5 -5
m1 0 14
m2 -5 -5
1 0 7
2 0 7
3 9 6
t 62 32
m0 -5 -5
m1 0 14
m2 -5 -5
1 0 6
2 0 6
3 8 6
t 61 32
m0 -5 -5
m1 0 14
m2 -5 -5
1 0 7
2 0 7
3 9 6
t 60 32
m0 -5 -5
m1 0 14
m2 -5 -5
1 0 6
2 0 6
3 8 6
t 59 32
m0 -5 -5
m1 0 14
m2 -5 -5
1 0 7
2 0 7
3 9 6
t 58 32
m0 -5 -5
m1 0 14
m2 -5 -5
1 0 6
2 0 6
3 8 6
t 57 32
m0 -5 -5
m1 0 14
m2 -5 -5
1 0 7
2 0 7
3 9 6
t 56 32
m0 -5 -5
m1 0 14
m2 -5 -5
1 0 6
2 0 6
3 8 6
t 55 32
m0 -5 -5
m1 0 14
m2 -5 -5
1 0 7
2 0 7
3 9 6
t 54 32
m0 -5 -5
m1 0 14
m2 -5 -5
1 0 6
2 0 6
3 8 6
t 53 32
m0 -5 -5
m1 0 14
m2 -5 -5
1 0 7
2 0 7
3 9 6
t 52 32
m0 -5 -5
m1 0 14
m2 -5 -5
1 0 6
2 0 6
3 8 6
t 51 32
m0 -5 -5
m1 0 14
m2 -5 -5
1 0 7
2 0 7
3 9 6
t 50 32
m0 -5 -5
m1 0 14
m2 -5 -5
1 0 6
2 0 6
3 8 6
t 49 32
m0 -5 -5
m1 0 14
m2 -5 -5
1 0 7
2 0 7
3 9 6
t 48 32
m0 -5 -5
m1 0 14
m2 -5 -5
1 0 6
2 0 6
3 8 6
t 47 32
m0 -5 -5
m1 0 14
m2 -5 -5
1 0 7
2 0 7
3 9 6
t 46 32
m0 -5 -5
m1 0 14
m2 -5 -5
1 0 6
2 0 6
3 8 6
t 45 32
m0 -5 -5
m1 0 14
m2 -5 -5
1 0 7
2 0 7
3 9 6
t 44 32
m0 -5 -5
m1 0 14
m2 -5 -5
1 0 6
2 0 6
3 8 6
t 43 32
m0 -5 -5
m1 0 14
m2 -5 -5
1 0 7
2 0 7
3 9 6
t 42 32
m0 -5 -5
m1 0 14
m2 -5 -5
1 0 6
2 0 6
3 8 6
t 41 32
m0 -5 -5
m1 0 14
m2 -5 -5
1 0 7
2 0 7
3 9 6
t 40 32
m0 -5 -5
m1 0 14
m2 -5 -5
1 0 6
2 0 6
3 8 6
t 39 32
m0 -5 -5
m1 0 14
m2 -5 -5
1 0 7
2 0 7
3 9 6
t 38 32
m0 -5 -5
m1 0 14
m2 -5 -5
1 0 6
2 0 6
3 8 6
t 37 32
m0 -5 -5
m1 0 14
m2 -5 -5
1 0 7
2 0 7
3 9 6
t 36 32
m0 -5 -5
m1 0 14
m2 -5 -5
1 0 6
2 0 6
3 8 6
t 35 32
m0 -5 -5
m1 0 14
m2 -5 -5
1 0 7
2 0 7
3 9 6
t 34 32
m0 -5 -5
m1 0 14
m2 -5 -5
1 0 6
2 0 6
3 8 6
t 33 32
m0 -5 -5
m1 0 14
m2 -5 -5
1 0 7
2 0 7
3 9 6
t 32 32
m0 -5 -5
m1 0 14
m2 -5 -5
1 0 6
2 0 6
3 8 6
t 31 32
m0 -5 -5
m1 0 14
m2 -5 -5
1 0 7
2 0 7
3 9 6
t 30 32
m0 -5 -5
m1 0 14
m2 -5 -5
1 0 6
2 0 6
3 8 6
t 29 32
m0 -5 -5
m1 0 14
m2 -5 -5
1 0 7
2 0 7
3 9 6
t 28 32
m0 -5 -5
m1 0 14
m2 -5 -5
1 0 6
2 0 6
3 8 6
t 27 32
m0 -5 -5
m1 0 14
m2 -5 -5
1 0 7
2 0 7
3 9 6
t 26 32
m0 -5 -5
m1 0 14
m2 -5 -5
1 0 6
2 0 6
3 8 6
t 25 32
m0 -5 -5
m1 0 14
m2 -5 -5
1 0 7
2 0 7
3 9 6
t 24 32
m0 -5 -5
m1 0 14
m2 -5 -5
1 0 6
2 0 6
3 8 6
t 23 32
m0 -5 -5
m1 0 14
m2 -5 -5
1 0 7
2 0 7
3 9 6
t 22 32
m0 -5 -5
m1 0 14
m2 -5 -5
1 0 6
2 0 6
3 8 6
t 21 32
m0 -5 -5
m1 0 14
m2 -5 -5
1 0 7
2 0 7
3 9 6
t 20 32
m0 -5 -5
m1 0 14
m2 -5 -5
1 0 6
2 0 6
3 8 6
t 19 32
m0 -5 -5
m1 0 14
m2 -5 -5
1 0 7
2 0 7
3 9 6
t 18 32
m0 -5 -5
m1 0 14
m2 -5 -5
1 0 6
2 0 6
3 8 6
t 17 32
m0 -5 -5
m1 0 14
m2 -5 -5
1 0 7
2 0 7
3 9 6
t 16 32
m0 -5 -5
m1 0 14
m2 -5 -5
1 0 6
2 0 6
3 8 6
t 15 32
m0 -5 -5
m1 0 14
m2 -5 -5
1 0 7
2 0 7
3 9 6
t 14 32
m0 -5 -5
m1 0 14
m2 -5 -5
1 0 6
2 0 6
3 8 6
t 13 32
m0 -5 -5
m1 0 14
m2 -5 -5
1 0 7
2 0 7
3 9 6
t 12 32
m0 -5 -5
m1 0 14
m2 -5 -5
1 0 6
2 0 6
3 8 6
t 11 32
m0 -5 -5
m1 0 14
m2 -5 -5
1 0 7
2 0 7
3 9 6
t 10 32
m0 -5 -5
m1 0 14
m2 -5 -5
1 0 6
2 0 6
3 8 6
t 9 32
m0 -5 -5
m1 0 14
m2 -5 -5
1 0 7
2 0 7
3 9 6
t 8 32
m0 -5 -5
m1 0 14
m2 -5 -5
1 0 6
2 0 6
3 8 6
t 7 32
m0 -5 -5
m1 0 14
m2 -5 -5
1 0 7
2 0 7
3 9 6
t 6 32
m0 -5 -5
m1 0 14
m2 -5 -5
1 0 6
2 0 6
3 8 6
t 5 32
m0 -5 -5
m1 0 14
m2 -5 -5
1 0 7
2 0 7
3 9 6
t 4 32
m0 -5 -5
m1 0 14
m2 -5 -5
1 0 6
2 0 6
3 8 6
t 3 32
m0 -5 -5
m1 0 14
m2 -5 -5
1 0 7
2 0 7
3 9 6
t 2 32
m0 -5 -5
m1 0 14
m2 -5 -5
1 0 6
2 0 6
3 8 6
t 1 32
m0 -5 -5
m1 0 14
m2 -5 -5
1 0 6
2 0 6
3 8 6
t 0 32
