10
15
w 7 3
w 3 0
w 2 1
w 2 12
w 8 5
w 7 2
w 3 14
w 6 14
w 4 9
w 5 5
w 2 9
w 7 6
w 6 10
w 8 10
w 7 14
w 0 0
w 9 14
w 6 11
w 1 13
w 8 11
w 6 0
w 2 10
w 7 5
w 2 3
w 0 8
w 3 5
w 9 13
w 8 3
w 3 12
w 6 8
w 1 12
w 5 14
w 3 8
w 4 3
w 1 7
w 3 4
w 0 2
p 6 9
p 4 7
p 6 6
p 4 8
p 2 8
p 9 8
p 5 6
p 3 11
p 7 7
p 4 12
p 5 1
p 3 7
p 2 5
p 1 11
p 0 3
p 5 8
p 8 14
p 6 7
p 5 12
p 4 4
p 1 14
p 1 5
p 0 11
p 9 11
p 7 10
p 2 2
p 3 6
p 5 0
p 4 10
p 3 2
p 6 4
p 8 2
p 7 1
p 4 5
p 5 11
p 9 3
p 0 12
p 9 10
p 1 9
p 6 12
p 6 5
p 7 9
p 0 1
p 5 3
p 7 8
p 7 0
p 4 6
p 8 12
p 5 7
p 2 11
p 7 4
p 2 0
p 0 9
p 9 5
p 5 2
p 9 12
m0 0 14
m1 0 14
m2 0 14
1 9 0
2 9 0
3 9 0
t 300 0
m0 1 14
m1 0 14
m2 0 13
1 8 0
2 9 1
3 9 1
t 299 1
m0 2 14
m1 0 14
m2 0 13
1 9 0
2 9 2
3 9 0
t 298 1
m0 2 13
m1 0 14
m2 0 13
1 9 1
2 8 2
3 9 1
t 297 1
m0 3 13
m1 0 14
m2 0 12
1 9 0
2 8 1
3 9 2
t 296 2
m0 4 13
m1 0 14
m2 0 13
1 9 1
2 8 2
3 9 3
t 295 2
m0 5 13
m1 0 14
m2 0 13
1 9 0
2 8 1
3 9 2
t 294 2
m0 6 13
m1 0 14
m2 0 12
1 9 1
2 8 0
3 9 3
t 293 2
m0 7 13
m1 0 14
m2 0 12
1 9 2
2 8 1
3 9 4
f 9 1
t 292 2
m0 8 13
m1 0 14
m2 0 11
1 9 1
2 8 0
3 9 5
t 291 3
m0 8 12
m1 0 14
m2 0 12
1 9 0
2 7 0
3 9 6
t 290 4
m0 9 12
m1 0 14
m2 0 12
1 9 1
2 7 1
3 8 6
t 289 5
m0 9 11
m1 0 14
m2 0 12
1 9 2
2 6 1
3 9 6
t 288 6
m0 9 10
m1 0 14
m2 0 12
1 9 3
2 5 1
3 9 5
t 287 7
m0 9 9
m1 0 14
m2 0 13
1 9 2
2 5 0
3 9 6
t 286 7
m0 9 8
m1 0 14
m2 0 12
1 8 2
2 4 0
3 8 6
t 285 8
m0 9 7
m1 0 14
m2 0 13
1 8 1
2 5 0
3 8 7
t 284 8
m0 9 6
m1 0 14
m2 0 14
1 7 1
2 4 0
3 8 8
t 283 8
m0 9 5
m1 0 14
m2 0 13
1 8 1
2 5 0
3 7 8
t 282 9
m0 9 4
m1 0 14
m2 0 12
1 8 0
2 4 0
3 7 9
t 281 9
m0 9 3
m1 0 14
m2 0 13
1 8 1
2 4 1
3 6 9
t 280 10
m0 9 2
m1 0 14
m2 0 14
1 7 1
2 4 0
3 5 9
t 279 10
m0 9 1
m1 0 14
m2 0 14
1 8 1
2 4 1
3 5 8
t 278 20
m0 9 0
m1 0 14
m2 1 14
1 8 2
2 4 0
3 5 9
t 277 20
m0 9 0
m1 0 14
m2 1 14
1 9 2
2 4 1
3 6 9
t 276 20
m0 9 0
m1 0 14
m2 2 14
1 9 3
2 3 1
3 5 9
t 275 20
m0 9 0
m1 0 14
m2 1 14
1 9 2
2 3 2
3 5 8
t 274 20
m0 9 0
m1 0 14
m2 2 14
1 9 3
2 4 2
3 5 9
t 273 20
m0 9 0
m1 0 14
m2 2 14
1 9 2
2 3 2
3 6 9
t 272 20
m0 9 0
m1 0 14
m2 2 14
1 8 2
2 3 3
3 5 9
t 271 20
m0 9 0
m1 0 14
m2 1 14
1 8 1
2 3 2
3 6 9
t 270 20
m0 9 0
m1 0 14
m2 2 14
1 7 1
2 2 2
3 5 9
t 269 20
m0 9 0
m1 0 14
m2 1 14
1 8 1
2 1 2
3 6 9
t 268 20
m0 9 0
m1 0 14
m2 2 14
1 7 1
2 1 3
3 7 9
t 267 20
m0 9 0
m1 0 14
m2 2 13
1 7 0
2 0 3
3 8 9
t 266 20
m0 9 0
m1 0 14
m2 3 13
1 7 1
2 1 3
3 9 9
t 265 20
m0 9 0
m1 0 14
m2 3 13
1 7 0
2 1 2
3 9 10
t 264 20
m0 9 0
m1 0 14
m2 3 13
1 8 0
2 1 1
3 9 9
t 263 20
m0 9 0
m1 0 14
m2 4 13
1 7 0
2 1 2
3 8 9
t 262 20
m0 9 0
m1 0 14
m2 5 13
1 7 1
2 1 1
3 8 8
t 261 20
m0 9 0
m1 0 14
m2 6 13
1 7 0
2 0 1
3 8 7
t 260 20
m0 9 0
m1 0 14
m2 7 13
1 7 1
2 1 1
3 9 7
t 259 20
m0 9 0
m1 0 14
m2 7 12
1 6 1
2 0 1
3 9 6
t 258 20
m0 9 0
m1 0 14
m2 8 12
1 5 1
2 1 1
3 9 7
t 257 20
m0 9 0
m1 0 14
m2 9 12
1 5 0
2 0 1
3 9 8
t 256 20
m0 8 0
m1 0 14
m2 9 12
1 5 1
2 1 1
3 9 7
f 6 13
t 255 20
m0 7 0
m1 0 14
m2 9 12
1 4 1
2 1 0
3 8 7
t 254 21
m0 7 0
m1 0 14
m2 9 11
1 4 2
2 1 1
3 9 7
t 253 21
m0 7 0
m1 0 14
m2 9 11
1 5 2
2 0 1
3 8 7
t 252 21
m0 7 0
m1 0 14
m2 9 11
1 4 2
2 1 1
3 9 7
t 251 21
m0 7 0
m1 0 14
m2 9 10
1 5 2
2 1 2
3 9 8
t 250 21
m0 7 0
m1 0 14
m2 9 9
1 5 3
2 2 2
3 8 8
t 249 21
m0 7 0
m1 0 14
m2 9 10
1 6 3
2 1 2
3 8 7
t 248 21
m0 7 0
m1 0 14
m2 9 9
1 5 3
2 1 1
3 8 8
t 247 21
m0 7 0
m1 0 14
m2 9 8
1 5 4
2 0 1
3 8 7
t 246 21
m0 7 0
m1 0 14
m2 9 8
1 4 4
2 1 1
3 7 7
t 245 21
m0 7 0
m1 0 14
m2 9 7
1 4 5
2 1 0
3 7 8
t 244 21
m0 7 0
m1 0 14
m2 9 6
1 4 6
2 2 0
3 8 8
t 243 21
m0 7 0
m1 0 14
m2 8 6
1 3 6
2 1 0
3 8 9
t 242 21
m0 7 0
m1 0 14
m2 8 7
1 3 7
2 1 1
3 9 9
t 241 21
m0 7 0
m1 0 14
m2 9 7
1 3 6
2 1 0
3 8 9
t 240 21
m0 7 0
m1 0 14
m2 9 6
1 2 6
2 1 1
3 7 9
t 239 21
m0 7 0
m1 0 14
m2 9 7
1 1 6
2 1 0
3 7 10
t 238 21
m0 7 0
m1 0 14
m2 9 7
1 1 5
2 2 0
3 7 11
t 237 21
m0 7 0
m1 0 14
m2 9 6
1 1 4
2 1 0
3 7 10
t 236 21
m0 7 0
m1 0 14
m2 9 6
1 1 5
2 2 0
3 7 11
t 235 21
m0 7 0
m1 0 14
m2 9 6
1 0 5
2 1 0
3 7 12
t 234 21
m0 7 0
m1 0 14
m2 9 7
1 1 5
2 2 0
3 7 13
t 233 21
m0 7 0
m1 0 14
m2 9 8
1 1 4
2 1 0
3 7 12
t 232 21
m0 7 0
m1 0 14
m2 9 8
1 2 4
2 1 1
3 7 13
t 231 21
m0 7 0
m1 0 14
m2 9 9
1 2 5
2 0 1
3 7 12
t 230 21
m0 7 0
m1 0 14
m2 9 10
1 1 5
2 1 1
3 6 12
t 229 21
m0 7 0
m1 0 14
m2 9 10
1 0 5
2 0 1
3 6 13
t 228 21
m0 7 0
m1 0 14
m2 9 11
1 0 6
2 1 1
3 5 13
t 227 21
m0 7 0
m1 0 14
m2 9 10
1 1 6
2 0 1
3 4 13
t 226 21
m0 7 0
m1 0 14
m2 9 11
1 1 5
2 1 1
3 5 13
t 225 21
m0 7 0
m1 0 14
m2 9 10
1 0 5
2 0 1
3 6 13
t 224 21
m0 7 0
m1 0 14
m2 9 11
1 0 6
2 1 1
3 5 13
t 223 21
m0 7 0
m1 0 14
m2 9 11
1 1 6
2 0 1
3 4 13
t 222 21
m0 7 0
m1 0 14
m2 9 10
1 1 5
2 1 1
3 3 13
t 221 21
m0 7 0
m1 0 14
m2 9 11
1 2 5
2 0 1
3 4 13
t 220 21
m0 7 0
m1 0 14
m2 9 12
1 2 4
2 1 1
3 5 13
t 219 21
m0 7 0
m1 0 14
m2 9 11
1 1 4
2 1 0
3 6 13
t 218 21
m0 7 0
m1 0 14
m2 9 11
1 1 3
2 2 0
3 5 13
t 217 21
m0 7 0
m1 0 14
m2 9 12
1 0 3
2 1 0
3 4 13
t 216 21
m0 7 0
m1 0 14
m2 9 12
1 1 3
2 2 0
3 5 13
t 215 21
m0 7 0
m1 0 14
m2 9 11
1 1 2
2 1 0
3 6 13
t 214 21
m0 7 0
m1 0 14
m2 9 11
1 1 3
2 1 1
3 5 13
t 213 21
m0 7 0
m1 0 14
m2 9 12
1 0 3
2 1 0
3 6 13
t 212 21
m0 7 0
m1 0 14
m2 9 12
1 0 4
2 2 0
3 5 13
t 211 21
m0 7 0
m1 0 14
m2 8 12
1 0 5
2 1 0
3 6 13
t 210 21
m0 7 0
m1 0 14
m2 9 12
1 0 6
2 2 0
3 7 13
t 209 21
m0 7 0
m1 0 14
m2 9 12
1 0 5
2 1 0
3 6 13
t 208 21
m0 7 0
m1 0 14
m2 9 12
1 0 6
2 2 0
3 5 13
t 207 21
m0 7 0
m1 0 14
m2 9 11
1 0 5
2 1 0
3 5 12
t 206 21
m0 7 0
m1 0 14
m2 9 11
1 0 4
2 2 0
3 5 13
t 205 21
m0 7 0
m1 0 14
m2 9 11
1 0 3
2 1 0
3 4 13
t 204 21
m0 7 0
m1 0 14
m2 9 11
1 1 3
2 2 0
3 3 13
t 203 21
m0 7 0
m1 0 14
m2 9 12
1 0 3
2 1 0
3 4 13
t 202 21
m0 7 0
m1 0 14
m2 9 12
1 0 4
2 2 0
3 5 13
t 201 21
m0 7 0
m1 0 14
m2 8 12
1 1 4
2 1 0
3 4 13
t 200 21
m0 7 0
m1 0 14
m2 9 12
1 1 5
2 1 1
3 3 13
t 199 21
m0 7 0
m1 0 14
m2 9 12
1 0 5
2 1 0
3 2 13
t 198 21
m0 7 0
m1 0 14
m2 9 11
1 1 5
2 2 0
3 3 13
t 197 21
m0 7 0
m1 0 14
m2 9 12
1 2 5
2 1 0
3 2 13
t 196 21
m0 7 0
m1 0 14
m2 9 12
1 2 6
2 1 1
3 2 14
t 195 21
m0 7 0
m1 0 14
m2 9 12
1 1 6
2 0 1
3 2 13
t 194 21
m0 7 0
m1 0 14
m2 9 12
1 1 5
2 1 1
3 3 13
t 193 21
m0 7 0
m1 0 14
m2 9 11
1 0 5
2 1 2
3 4 13
t 192 21
m0 7 0
m1 0 14
m2 9 12
1 0 4
2 2 2
3 4 12
t 191 21
m0 7 0
m1 0 14
m2 9 11
1 1 4
2 1 2
3 4 13
t 190 21
m0 7 0
m1 0 14
m2 9 11
1 2 4
2 1 1
3 4 12
t 189 21
m0 7 0
m1 0 14
m2 9 10
1 2 5
2 0 1
3 4 11
t 188 21
m0 7 0
m1 0 14
m2 9 10
1 2 4
2 1 1
3 3 11
t 187 21
m0 7 0
m1 0 14
m2 9 9
1 1 4
2 1 0
3 4 11
t 186 21
m0 7 0
m1 0 14
m2 8 9
1 0 4
2 2 0
3 5 11
t 185 21
m0 7 0
m1 0 14
m2 9 9
1 0 5
2 1 0
3 5 10
t 184 21
m0 7 0
m1 0 14
m2 8 9
1 0 4
2 2 0
3 5 11
t 183 21
m0 7 0
m1 0 14
m2 9 9
1 0 5
2 1 0
3 5 12
t 182 21
m0 7 0
m1 0 14
m2 9 8
1 0 6
2 1 1
3 5 13
t 181 21
m0 7 0
m1 0 14
m2 9 9
1 0 7
2 1 0
3 5 12
t 180 21
m0 7 0
m1 0 14
m2 9 10
1 0 6
2 1 1
3 5 13
t 179 21
m0 7 0
m1 0 14
m2 9 11
1 0 5
2 1 0
3 6 13
t 178 21
m0 7 0
m1 0 14
m2 9 12
1 1 5
2 1 1
3 7 13
t 177 21
m0 7 0
m1 0 14
m2 9 11
1 2 5
2 1 0
3 8 13
t 176 21
m0 7 0
m1 0 14
m2 9 10
1 2 6
2 1 1
3 8 12
t 175 21
m0 7 0
m1 0 14
m2 9 10
1 1 6
2 1 0
3 8 13
t 174 21
m0 7 0
m1 0 14
m2 9 9
1 0 6
2 2 0
3 8 14
t 173 21
m0 7 0
m1 0 14
m2 9 10
1 0 5
2 1 0
3 8 13
t 172 21
m0 7 0
m1 0 14
m2 9 11
1 0 6
2 2 0
3 8 14
t 171 21
m0 7 0
m1 0 14
m2 9 10
1 0 7
2 1 0
3 8 13
t 170 21
m0 7 0
m1 0 14
m2 9 11
1 0 6
2 1 1
3 7 13
t 169 21
m0 7 0
m1 0 14
m2 9 11
1 0 7
2 1 2
3 8 13
t 168 21
m0 7 0
m1 0 14
m2 9 12
1 0 6
2 2 2
3 8 14
t 167 21
m0 7 0
m1 0 14
m2 9 12
1 0 7
2 1 2
3 8 13
t 166 21
m0 7 0
m1 0 14
m2 9 12
1 0 6
2 2 2
3 7 13
t 165 21
m0 7 0
m1 0 14
m2 9 12
1 1 6
2 3 2
3 8 13
t 164 21
m0 7 0
m1 0 14
m2 9 11
1 0 6
2 2 2
3 8 14
t 163 21
m0 7 0
m1 0 14
m2 9 11
1 1 6
2 1 2
3 8 13
t 162 21
m0 7 0
m1 0 14
m2 9 11
1 2 6
2 2 2
3 8 14
t 161 21
m0 7 0
m1 0 14
m2 9 10
1 3 6
2 1 2
3 8 13
t 160 21
m0 7 0
m1 0 14
m2 9 11
1 2 6
2 1 1
3 8 14
t 159 21
m0 7 0
m1 0 14
m2 9 12
1 2 7
2 0 1
3 8 13
t 158 21
m0 7 0
m1 0 14
m2 9 12
1 3 7
2 1 1
3 8 14
t 157 21
m0 7 0
m1 0 14
m2 8 12
1 3 6
2 1 0
3 8 13
t 156 21
m0 7 0
m1 0 14
m2 8 12
1 4 6
2 1 1
3 8 14
t 155 21
m0 7 0
m1 0 14
m2 8 12
1 5 6
2 1 0
3 8 13
t 154 21
m0 7 0
m1 0 14
m2 9 12
1 5 7
2 1 1
3 8 14
t 153 21
m0 7 0
m1 0 14
m2 9 12
1 4 7
2 0 1
3 8 13
t 152 21
m0 7 0
m1 0 14
m2 9 12
1 4 6
2 1 1
3 8 14
t 151 21
m0 7 0
m1 0 14
m2 9 12
1 5 6
2 1 2
3 8 13
t 150 21
m0 7 0
m1 0 14
m2 9 11
1 4 6
2 1 1
3 8 14
t 149 21
m0 7 0
m1 0 14
m2 9 11
1 5 6
2 1 2
3 8 13
t 148 21
m0 7 0
m1 0 14
m2 9 10
1 6 6
2 1 1
3 8 14
t 147 21
m0 7 0
m1 0 14
m2 9 10
1 6 5
2 0 1
3 8 13
t 146 21
m0 7 0
m1 0 14
m2 9 11
1 6 4
2 1 1
3 7 13
t 145 21
m0 7 0
m1 0 14
m2 9 10
1 6 5
2 0 1
3 7 12
t 144 21
m0 7 0
m1 0 14
m2 9 10
1 6 4
2 1 1
3 8 12
t 143 21
m0 7 0
m1 0 14
m2 9 10
1 7 4
2 0 1
3 8 13
t 142 21
m0 7 0
m1 0 14
m2 9 11
1 6 4
2 1 1
3 8 14
t 141 21
m0 7 0
m1 0 14
m2 9 11
1 7 4
2 0 1
3 8 13
t 140 21
m0 7 0
m1 0 14
m2 9 10
1 6 4
2 1 1
3 7 13
t 139 21
m0 7 0
m1 0 14
m2 9 11
1 5 4
2 1 2
3 6 13
t 138 21
m0 7 0
m1 0 14
m2 9 12
1 6 4
2 1 3
3 5 13
t 137 21
m0 7 0
m1 0 14
m2 8 12
1 7 4
2 0 3
3 4 13
t 136 21
m0 7 0
m1 0 14
m2 9 12
1 8 4
2 1 3
3 4 12
t 135 21
m0 7 0
m1 0 14
m2 8 12
1 9 4
2 0 3
3 4 13
t 134 21
m0 7 0
m1 0 14
m2 9 12
1 9 3
2 0 4
3 4 12
t 133 21
m0 7 0
m1 0 14
m2 9 11
1 9 2
2 0 5
3 4 13
t 132 21
m0 7 0
m1 0 14
m2 9 11
1 9 1
2 0 4
3 5 13
t 131 21
m0 7 0
m1 0 14
m2 9 11
1 9 2
2 0 5
3 6 13
t 130 21
m0 7 0
m1 0 14
m2 9 11
1 9 3
2 0 6
3 5 13
t 129 21
m0 7 0
m1 0 14
m2 9 11
1 9 2
2 0 5
3 5 12
t 128 21
m0 7 0
m1 0 14
m2 9 10
1 8 2
2 0 4
3 5 13
t 127 21
m0 7 0
m1 0 14
m2 9 11
1 9 2
2 1 4
3 4 13
t 126 21
m0 7 0
m1 0 14
m2 9 11
1 8 2
2 0 4
3 5 13
t 125 21
m0 7 0
m1 0 14
m2 9 11
1 9 2
2 0 3
3 6 13
t 124 21
m0 7 0
m1 0 14
m2 9 12
1 9 3
2 0 4
3 5 13
t 123 21
m0 7 0
m1 0 14
m2 9 12
1 9 4
2 0 3
3 4 13
t 122 21
m0 7 0
m1 0 14
m2 8 12
1 9 5
2 1 3
3 4 14
t 121 21
m0 7 0
m1 0 14
m2 8 12
1 9 4
2 1 2
3 4 13
t 120 21
m0 7 0
m1 0 14
m2 9 12
1 8 4
2 1 1
3 3 13
t 119 21
m0 7 0
m1 0 14
m2 9 11
1 9 4
2 0 1
3 2 13
t 118 21
m0 7 0
m1 0 14
m2 9 10
1 9 3
2 1 1
3 3 13
t 117 21
m0 7 0
m1 0 14
m2 9 10
1 9 2
2 1 0
3 2 13
t 116 21
m0 7 0
m1 0 14
m2 9 10
1 9 3
2 1 1
3 3 13
t 115 21
m0 7 0
m1 0 14
m2 9 9
1 9 4
2 1 2
3 2 13
t 114 21
m0 7 0
m1 0 14
m2 9 10
1 9 5
2 1 3
3 3 13
t 113 21
m0 7 0
m1 0 14
m2 9 9
1 9 6
2 0 3
3 4 13
t 112 21
m0 7 0
m1 0 14
m2 9 10
1 9 5
2 0 4
3 4 14
t 111 21
m0 7 0
m1 0 14
m2 9 11
1 9 6
2 1 4
3 4 13
t 110 21
m0 7 0
m1 0 14
m2 9 11
1 8 6
2 1 3
3 4 14
t 109 21
m0 7 0
m1 0 14
m2 9 12
1 8 7
2 0 3
3 4 13
t 108 21
m0 7 0
m1 0 14
m2 9 12
1 9 7
2 1 3
3 3 13
t 107 21
m0 7 0
m1 0 14
m2 9 11
1 9 6
2 0 3
3 4 13
t 106 21
m0 7 0
m1 0 14
m2 9 11
1 8 6
2 0 4
3 5 13
t 105 21
m0 7 0
m1 0 14
m2 9 12
1 8 7
2 0 3
3 6 13
t 104 21
m0 7 0
m1 0 14
m2 9 11
1 9 7
2 1 3
3 6 12
t 103 21
m0 7 0
m1 0 14
m2 9 11
1 9 6
2 1 4
3 6 13
t 102 21
m0 7 0
m1 0 14
m2 9 11
1 9 5
2 1 5
3 6 12
t 101 21
m0 7 0
m1 0 14
m2 9 10
1 9 6
2 1 4
3 6 13
t 100 21
m0 7 0
m1 0 14
m2 9 11
1 8 6
2 1 3
3 5 13
t 99 21
m0 7 0
m1 0 14
m2 9 10
1 8 7
2 0 3
3 5 12
t 98 21
m0 7 0
m1 0 14
m2 9 9
1 8 6
2 0 4
3 5 13
t 97 21
m0 7 0
m1 0 14
m2 9 9
1 8 7
2 0 3
3 6 13
t 96 21
m0 7 0
m1 0 14
m2 9 9
1 8 6
2 1 3
3 7 13
t 95 21
m0 7 0
m1 0 14
m2 9 8
1 9 6
2 0 3
3 8 13
t 94 21
m0 7 0
m1 0 14
m2 9 7
1 9 5
2 1 3
3 8 14
t 93 21
m0 7 0
m1 0 14
m2 8 7
1 9 4
2 1 4
3 8 13
t 92 21
m0 7 0
m1 0 14
m2 8 8
1 9 3
2 1 5
3 7 13
t 91 21
m0 7 0
m1 0 14
m2 9 8
1 9 2
2 0 5
3 6 13
t 90 21
m0 7 0
m1 0 14
m2 9 9
1 9 1
2 0 6
3 5 13
t 89 21
m0 7 0
m1 0 14
m2 9 10
1 8 1
2 0 5
3 6 13
t 88 21
m0 7 0
m1 0 14
m2 9 11
1 8 2
2 0 6
3 5 13
t 87 21
m0 7 0
m1 0 14
m2 9 12
1 9 2
2 0 5
3 4 13
t 86 21
m0 7 0
m1 0 14
m2 9 12
1 9 3
2 0 4
3 3 13
t 85 21
m0 7 0
m1 0 14
m2 9 11
1 9 4
2 0 5
3 4 13
t 84 21
m0 7 0
m1 0 14
m2 9 12
1 9 3
2 1 5
3 4 14
t 83 21
m0 7 0
m1 0 14
m2 9 11
1 9 4
2 2 5
3 4 13
t 82 21
m0 7 0
m1 0 14
m2 9 12
1 9 3
2 2 4
3 4 14
t 81 21
m0 7 0
m1 0 14
m2 9 12
1 9 2
2 2 5
3 4 13
t 80 21
m0 7 0
m1 0 14
m2 9 11
1 9 1
2 1 5
3 5 13
t 79 21
m0 7 0
m1 0 14
m2 9 12
1 9 2
2 1 4
3 5 12
t 78 21
m0 7 0
m1 0 14
m2 8 12
1 9 1
2 0 4
3 5 11
t 77 21
m0 7 0
m1 0 14
m2 9 12
1 9 0
2 0 3
3 5 10
t 76 21
m0 7 0
m1 0 14
m2 9 11
1 9 1
2 0 4
3 5 11
t 75 21
m0 7 0
m1 0 14
m2 9 12
1 9 2
2 0 5
3 5 12
t 74 21
m0 7 0
m1 0 14
m2 9 12
1 9 1
2 1 5
3 5 13
t 73 21
m0 7 0
m1 0 14
m2 9 12
1 9 2
2 2 5
3 4 13
t 72 21
m0 7 0
m1 0 14
m2 9 11
1 8 2
2 2 6
3 4 12
t 71 21
m0 7 0
m1 0 14
m2 9 11
1 9 2
2 2 5
3 5 12
t 70 21
m0 7 0
m1 0 14
m2 9 11
1 8 2
2 2 6
3 5 13
t 69 21
m0 7 0
m1 0 14
m2 9 12
1 9 2
2 2 5
3 4 13
t 68 21
m0 7 0
m1 0 14
m2 8 12
1 9 1
2 2 6
3 4 14
t 67 21
m0 7 0
m1 0 14
m2 8 12
1 9 2
2 2 5
3 4 13
t 66 21
m0 7 0
m1 0 14
m2 9 12
1 8 2
2 1 5
3 5 13
t 65 21
m0 7 0
m1 0 14
m2 8 12
1 9 2
2 2 5
3 4 13
t 64 21
m0 7 0
m1 0 14
m2 9 12
1 9 1
2 1 5
3 5 13
t 63 21
m0 7 0
m1 0 14
m2 9 12
1 9 2
2 2 5
3 6 13
t 62 21
m0 7 0
m1 0 14
m2 8 12
1 9 1
2 2 6
3 7 13
t 61 21
m0 7 0
m1 0 14
m2 8 13
1 9 2
2 1 6
3 6 13
t 60 21
m0 7 0
m1 0 14
m2 8 13
1 8 2
2 0 6
3 5 13
t 59 21
m0 7 0
m1 0 14
m2 7 13
1 8 1
2 1 6
3 5 12
t 58 21
m0 8 0
m1 0 14
m2 6 13
1 8 2
2 2 6
3 5 11
t 57 31
m0 9 0
m1 0 14
m2 7 13
1 9 2
2 2 5
3 5 10
t 56 31
m0 9 0
m1 0 14
m2 7 12
1 9 3
2 1 5
3 5 11
t 55 31
m0 9 0
m1 0 14
m2 7 11
1 9 4
2 0 5
3 5 12
t 54 31
m0 9 0
m1 0 14
m2 7 12
1 8 4
2 0 6
3 4 12
t 53 31
m0 9 0
m1 0 14
m2 6 12
1 9 4
2 0 5
3 4 11
t 52 32
m0 9 0
m1 0 14
m2 7 12
1 9 5
2 0 4
3 5 11
t 51 32
m0 9 0
m1 0 14
m2 7 11
1 9 6
2 1 4
3 4 11
t 50 32
m0 9 0
m1 0 14
m2 7 10
1 9 7
2 1 3
3 3 11
t 49 33
m0 9 0
m1 0 14
m2 7 9
1 9 6
2 0 3
3 3 10
t 48 34
m0 9 0
m1 0 14
m2 7 10
1 9 5
2 0 4
3 3 11
t 47 34
m0 9 0
m1 0 14
m2 7 11
1 9 6
2 1 4
3 2 11
f 9 7
t 46 34
m0 9 0
m1 0 14
m2 7 10
1 9 7
2 1 3
3 1 11
t 45 34
m0 9 0
m1 0 14
m2 7 9
1 8 7
2 0 3
3 1 10
t 44 34
m0 9 0
m1 0 14
m2 7 9
1 9 7
2 0 4
3 0 10
t 43 34
m0 9 0
m1 0 14
m2 7 9
1 9 6
2 0 3
3 1 10
t 42 34
m0 9 0
m1 0 14
m2 8 9
1 9 5
2 1 3
3 1 11
t 41 34
m0 9 0
m1 0 14
m2 8 8
1 9 4
2 0 3
3 1 10
t 40 34
m0 9 0
m1 0 14
m2 9 8
1 8 4
2 0 4
3 1 9
t 39 34
m0 8 0
m1 0 14
m2 9 7
1 9 4
2 0 3
3 1 8
t 38 44
m0 7 0
m1 0 14
m2 9 6
1 9 3
2 1 3
3 2 8
t 37 44
m0 7 0
m1 0 14
m2 9 7
1 9 2
2 0 3
3 2 7
t 36 44
m0 7 0
m1 0 14
m2 9 6
1 8 2
2 1 3
3 3 7
t 35 44
m0 7 0
m1 0 14
m2 9 6
1 9 2
2 1 4
3 4 7
t 34 44
m0 7 0
m1 0 14
m2 9 5
1 9 1
2 0 4
3 4 6
t 33 44
m0 7 0
m1 0 14
m2 9 5
1 9 0
2 1 4
3 4 5
t 32 44
m0 7 0
m1 0 14
m2 9 6
1 9 1
2 0 4
3 4 4
t 31 44
m0 7 0
m1 0 14
m2 9 5
1 9 0
2 0 3
3 4 5
t 30 44
m0 7 0
m1 0 14
m2 9 5
1 9 1
2 0 4
3 4 4
t 29 44
m0 7 0
m1 0 14
m2 9 6
1 9 2
2 0 3
3 5 4
t 28 44
m0 7 0
m1 0 14
m2 9 7
1 9 1
2 1 3
3 6 4
t 27 44
m0 7 0
m1 0 14
m2 9 7
1 9 0
2 0 3
3 5 4
t 26 44
m0 7 0
m1 0 14
m2 9 6
1 9 1
2 1 3
3 4 4
t 25 44
m0 7 0
m1 0 14
m2 9 5
1 9 2
2 0 3
3 5 4
t 24 44
m0 7 0
m1 0 14
m2 9 6
1 9 3
2 0 4
3 5 3
t 23 44
m0 7 0
m1 0 14
m2 9 6
1 9 2
2 0 3
3 5 4
t 22 44
m0 7 0
m1 0 14
m2 9 7
1 9 3
2 0 4
3 4 4
t 21 44
m0 7 0
m1 0 14
m2 9 6
1 9 2
2 0 5
3 4 5
t 20 44
m0 7 0
m1 0 14
m2 9 7
1 8 2
2 0 4
3 4 4
t 19 44
m0 7 0
m1 0 14
m2 9 6
1 9 2
2 0 3
3 4 5
f 8 8
t 18 44
m0 7 0
m1 0 14
m2 9 5
1 8 2
2 1 3
3 4 4
t 17 44
m0 7 0
m1 0 14
m2 9 6
1 9 2
2 1 2
3 4 5
t 16 44
m0 7 0
m1 0 14
m2 9 5
1 9 1
2 1 1
3 4 6
t 15 44
m0 7 0
m1 0 14
m2 9 6
1 9 0
2 1 0
3 4 7
t 14 44
m0 7 0
m1 0 14
m2 9 6
1 9 1
2 1 1
3 3 7
t 13 44
m0 7 0
m1 0 14
m2 9 6
1 9 2
2 0 1
3 3 6
t 12 44
m0 7 0
m1 0 14
m2 9 6
1 9 3
2 1 1
3 2 6
t 11 44
m0 7 0
m1 0 14
m2 9 7
1 9 2
2 0 1
3 3 6
t 10 44
m0 7 0
m1 0 14
m2 9 7
1 9 3
2 1 1
3 4 6
t 9 44
m0 7 0
m1 0 14
m2 9 8
1 9 2
2 0 1
3 3 6
t 8 44
m0 7 0
m1 0 14
m2 9 9
1 9 3
2 1 1
3 2 6
t 7 44
m0 7 0
m1 0 14
m2 9 10
1 9 4
2 1 2
3 2 5
t 6 44
m0 7 0
m1 0 14
m2 9 10
1 8 4
2 2 2
3 2 4
t 5 44
m0 7 0
m1 0 14
m2 9 10
1 9 4
2 1 2
3 2 5
t 4 44
m0 7 0
m1 0 14
m2 9 10
1 9 5
2 1 1
3 1 5
t 3 44
m0 7 0
m1 0 14
m2 9 11
1 9 4
2 1 0
3 0 5
t 2 44
m0 7 0
m1 0 14
m2 9 10
1 8 4
2 2 0
3 0 4
t 1 44
m0 7 0
m1 0 14
m2 9 11
1 8 4
2 2 0
3 0 4
t 0 44
