10
15
w 9 1
w 6 6
w 2 8
w 9 8
w 4 12
w 2 12
w 0 3
w 5 8
w 3 14
w 3 10
w 6 10
w 5 12
w 1 14
w 3 6
w 2 2
w 1 10
w 8 6
w 4 1
w 4 10
w 5 4
w 0 0
w 7 1
w 6 11
w 8 11
w 9 3
w 5 2
w 6 0
w 4 14
w 2 14
w 0 1
w 1 12
w 5 7
w 9 9
w 7 4
w 1 8
w 7 8
w 0 2
p 5 9
p 6 9
p 4 8
p 3 0
p 8 0
p 7 7
p 0 7
p 2 1
p 0 10
p 3 7
p 7 11
p 5 1
p 8 5
p 7 2
p 4 0
p 8 14
p 9 0
p 4 4
p 8 10
p 1 5
p 5 0
p 0 4
p 7 10
p 1 1
p 9 7
p 3 2
p 2 6
p 9 14
p 8 2
p 7 14
p 5 11
p 1 13
p 0 12
p 9 10
p 2 10
p 3 9
p 2 3
p 1 9
p 4 2
p 0 8
p 9 6
p 3 5
p 7 9
p 9 13
p 3 12
p 4 6
p 6 8
p 8 12
p 6 1
p 3 1
p 7 13
p 3 8
p 8 8
p 1 7
p 3 4
p 2 4
m0 0 14
m1 0 14
m2 0 14
1 9 0
2 9 0
3 9 0
t 300 0
m0 0 14
m1 0 13
m2 0 13
1 8 0
2 8 0
3 8 0
t 299 0
m0 0 14
m1 0 13
m2 0 12
1 9 0
2 9 0
3 9 0
t 298 1
m0 0 14
m1 0 13
m2 0 11
1 8 0
2 8 0
3 8 0
t 297 1
m0 0 14
m1 0 13
m2 0 10
1 9 0
2 9 0
3 9 0
t 296 2
m0 0 14
m1 0 13
m2 0 9
1 8 0
2 8 0
3 8 0
t 295 2
m0 0 14
m1 0 13
m2 0 8
1 9 0
2 9 0
3 9 0
t 294 3
m0 0 14
m1 0 13
m2 0 7
1 8 0
2 8 0
3 8 0
t 293 4
m0 0 14
m1 0 13
m2 0 6
1 9 0
2 9 0
3 9 0
f 6 2
t 292 4
m0 0 14
m1 0 13
m2 1 6
1 8 0
2 8 0
3 8 0
t 291 4
m0 0 14
m1 0 13
m2 1 5
1 9 0
2 9 0
3 9 0
t 290 5
m0 0 14
m1 0 13
m2 2 5
1 8 0
2 8 0
3 8 0
t 289 5
m0 0 14
m1 0 13
m2 2 4
1 9 0
2 9 0
3 9 0
t 288 6
m0 0 14
m1 0 13
m2 3 4
1 8 0
2 8 0
3 8 0
t 287 7
m0 0 14
m1 0 13
m2 3 3
1 9 0
2 9 0
3 9 0
t 286 7
m0 0 14
m1 0 13
m2 4 3
1 8 0
2 8 0
3 8 0
t 285 7
m0 0 14
m1 0 13
m2 4 3
1 9 0
2 9 0
3 9 0
t 284 7
m0 0 14
m1 0 13
m2 4 3
1 8 0
2 8 0
3 8 0
t 283 7
m0 0 14
m1 0 13
m2 4 3
1 9 0
2 9 0
3 9 0
t 282 7
m0 0 14
m1 0 13
m2 4 3
1 8 0
2 8 0
3 8 0
t 281 7
m0 0 14
m1 0 13
m2 4 3
1 9 0
2 9 0
3 9 0
t 280 7
m0 0 14
m1 0 13
m2 4 3
1 8 0
2 8 0
3 8 0
t 279 7
m0 0 14
m1 0 13
m2 4 3
1 9 0
2 9 0
3 9 0
t 278 7
m0 0 14
m1 0 13
m2 4 3
1 8 0
2 8 0
3 8 0
t 277 7
m0 0 14
m1 0 13
m2 4 3
1 9 0
2 9 0
3 9 0
t 276 7
m0 0 14
m1 0 13
m2 4 3
1 8 0
2 8 0
3 8 0
t 275 7
m0 0 14
m1 0 13
m2 4 3
1 9 0
2 9 0
3 9 0
t 274 7
m0 0 14
m1 0 13
m2 4 3
1 8 0
2 8 0
3 8 0
t 273 7
m0 0 14
m1 0 13
m2 4 3
1 9 0
2 9 0
3 9 0
t 272 7
m0 0 14
m1 0 13
m2 4 3
1 8 0
2 8 0
3 8 0
t 271 7
m0 0 14
m1 0 13
m2 4 3
1 9 0
2 9 0
3 9 0
t 270 7
m0 0 14
m1 0 13
m2 4 3
1 8 0
2 8 0
3 8 0
t 269 7
m0 0 14
m1 0 13
m2 4 3
1 9 0
2 9 0
3 9 0
t 268 7
m0 0 14
m1 0 13
m2 4 3
1 8 0
2 8 0
3 8 0
t 267 7
m0 0 14
m1 0 13
m2 4 3
1 9 0
2 9 0
3 9 0
t 266 7
m0 0 14
m1 0 13
m2 4 3
1 8 0
2 8 0
3 8 0
t 265 7
m0 0 14
m1 0 13
m2 4 3
1 9 0
2 9 0
3 9 0
t 264 7
m0 0 14
m1 0 13
m2 4 3
1 8 0
2 8 0
3 8 0
t 263 7
m0 0 14
m1 0 13
m2 4 3
1 9 0
2 9 0
3 9 0
t 262 7
m0 0 14
m1 0 13
m2 4 3
1 8 0
2 8 0
3 8 0
t 261 7
m0 0 14
m1 0 13
m2 4 3
1 9 0
2 9 0
3 9 0
t 260 7
m0 0 14
m1 0 13
m2 4 3
1 8 0
2 8 0
3 8 0
t 259 7
m0 0 14
m1 0 13
m2 4 3
1 9 0
2 9 0
3 9 0
t 258 7
m0 0 14
m1 0 13
m2 4 3
1 8 0
2 8 0
3 8 0
t 257 7
m0 0 14
m1 0 13
m2 4 3
1 9 0
2 9 0
3 9 0
t 256 7
m0 0 14
m1 0 13
m2 4 3
1 8 0
2 8 0
3 8 0
t 255 7
m0 0 14
m1 0 13
m2 4 3
1 9 0
2 9 0
3 9 0
t 254 7
m0 0 14
m1 0 13
m2 4 3
1 8 0
2 8 0
3 8 0
t 253 7
m0 0 14
m1 0 13
m2 4 3
1 9 0
2 9 0
3 9 0
t 252 7
m0 0 14
m1 0 13
m2 4 3
1 8 0
2 8 0
3 8 0
t 251 7
m0 0 14
m1 0 13
m2 4 3
1 9 0
2 9 0
3 9 0
t 250 7
m0 0 14
m1 0 13
m2 4 3
1 8 0
2 8 0
3 8 0
t 249 7
m0 0 14
m1 0 13
m2 4 3
1 9 0
2 9 0
3 9 0
t 248 7
m0 0 14
m1 0 13
m2 4 3
1 8 0
2 8 0
3 8 0
t 247 7
m0 0 14
m1 0 13
m2 4 3
1 9 0
2 9 0
3 9 0
t 246 7
m0 0 14
m1 0 13
m2 4 3
1 8 0
2 8 0
3 8 0
t 245 7
m0 0 14
m1 0 13
m2 4 3
1 9 0
2 9 0
3 9 0
t 244 7
m0 0 14
m1 0 13
m2 4 3
1 8 0
2 8 0
3 8 0
t 243 7
m0 0 14
m1 0 13
m2 4 3
1 9 0
2 9 0
3 9 0
t 242 7
m0 0 14
m1 0 13
m2 4 3
1 8 0
2 8 0
3 8 0
t 241 7
m0 0 14
m1 0 13
m2 4 3
1 9 0
2 9 0
3 9 0
t 240 7
m0 0 14
m1 0 13
m2 4 3
1 8 0
2 8 0
3 8 0
t 239 7
m0 0 14
m1 0 13
m2 4 3
1 9 0
2 9 0
3 9 0
t 238 7
m0 0 14
m1 0 13
m2 4 3
1 8 0
2 8 0
3 8 0
t 237 7
m0 0 14
m1 0 13
m2 4 3
1 9 0
2 9 0
3 9 0
t 236 7
m0 0 14
m1 0 13
m2 4 3
1 8 0
2 8 0
3 8 0
t 235 7
m0 0 14
m1 0 13
m2 4 3
1 9 0
2 9 0
3 9 0
t 234 7
m0 0 14
m1 0 13
m2 4 3
1 8 0
2 8 0
3 8 0
t 233 7
m0 0 14
m1 0 13
m2 4 3
1 9 0
2 9 0
3 9 0
t 232 7
m0 0 14
m1 0 13
m2 4 3
1 8 0
2 8 0
3 8 0
t 231 7
m0 0 14
m1 0 13
m2 4 3
1 9 0
2 9 0
3 9 0
t 230 7
m0 0 14
m1 0 13
m2 4 3
1 8 0
2 8 0
3 8 0
t 229 7
m0 0 14
m1 0 13
m2 4 3
1 9 0
2 9 0
3 9 0
t 228 7
m0 0 14
m1 0 13
m2 4 3
1 8 0
2 8 0
3 8 0
t 227 7
m0 0 14
m1 0 13
m2 4 3
1 9 0
2 9 0
3 9 0
t 226 7
m0 0 14
m1 0 13
m2 4 3
1 8 0
2 8 0
3 8 0
t 225 7
m0 0 14
m1 0 13
m2 4 3
1 9 0
2 9 0
3 9 0
t 224 7
m0 0 14
m1 0 13
m2 4 3
1 8 0
2 8 0
3 8 0
t 223 7
m0 0 14
m1 0 13
m2 4 3
1 9 0
2 9 0
3 9 0
t 222 7
m0 0 14
m1 0 13
m2 4 3
1 8 0
2 8 0
3 8 0
t 221 7
m0 0 14
m1 0 13
m2 4 3
1 9 0
2 9 0
3 9 0
t 220 7
m0 0 14
m1 0 13
m2 4 3
1 8 0
2 8 0
3 8 0
t 219 7
m0 0 14
m1 0 13
m2 4 3
1 9 0
2 9 0
3 9 0
t 218 7
m0 0 14
m1 0 13
m2 4 3
1 8 0
2 8 0
3 8 0
t 217 7
m0 0 14
m1 0 13
m2 4 3
1 9 0
2 9 0
3 9 0
t 216 7
m0 0 14
m1 0 13
m2 4 3
1 8 0
2 8 0
3 8 0
t 215 7
m0 0 14
m1 0 13
m2 4 3
1 9 0
2 9 0
3 9 0
t 214 7
m0 0 14
m1 0 13
m2 4 3
1 8 0
2 8 0
3 8 0
t 213 7
m0 0 14
m1 0 13
m2 4 3
1 9 0
2 9 0
3 9 0
t 212 7
m0 0 14
m1 0 13
m2 4 3
1 8 0
2 8 0
3 8 0
t 211 7
m0 0 14
m1 0 13
m2 4 3
1 9 0
2 9 0
3 9 0
t 210 7
m0 0 14
m1 0 13
m2 4 3
1 8 0
2 8 0
3 8 0
t 209 7
m0 0 14
m1 0 13
m2 4 3
1 9 0
2 9 0
3 9 0
t 208 7
m0 0 14
m1 0 13
m2 4 3
1 8 0
2 8 0
3 8 0
t 207 7
m0 0 14
m1 0 13
m2 4 3
1 9 0
2 9 0
3 9 0
t 206 7
m0 0 14
m1 0 13
m2 4 3
1 8 0
2 8 0
3 8 0
t 205 7
m0 0 14
m1 0 13
m2 4 3
1 9 0
2 9 0
3 9 0
t 204 7
m0 0 14
m1 0 13
m2 4 3
1 8 0
2 8 0
3 8 0
t 203 7
m0 0 14
m1 0 13
m2 4 3
1 9 0
2 9 0
3 9 0
t 202 7
m0 0 14
m1 0 13
m2 4 3
1 8 0
2 8 0
3 8 0
t 201 7
m0 0 14
m1 0 13
m2 4 3
1 9 0
2 9 0
3 9 0
t 200 7
m0 0 14
m1 0 13
m2 4 3
1 8 0
2 8 0
3 8 0
t 199 7
m0 0 14
m1 0 13
m2 4 3
1 9 0
2 9 0
3 9 0
t 198 7
m0 0 14
m1 0 13
m2 4 3
1 8 0
2 8 0
3 8 0
t 197 7
m0 0 14
m1 0 13
m2 4 3
1 9 0
2 9 0
3 9 0
t 196 7
m0 0 14
m1 0 13
m2 4 3
1 8 0
2 8 0
3 8 0
t 195 7
m0 0 14
m1 0 13
m2 4 3
1 9 0
2 9 0
3 9 0
t 194 7
m0 0 14
m1 0 13
m2 4 3
1 8 0
2 8 0
3 8 0
t 193 7
m0 0 14
m1 0 13
m2 4 3
1 9 0
2 9 0
3 9 0
t 192 7
m0 0 14
m1 0 13
m2 4 3
1 8 0
2 8 0
3 8 0
t 191 7
m0 0 14
m1 0 13
m2 4 3
1 9 0
2 9 0
3 9 0
t 190 7
m0 0 14
m1 0 13
m2 4 3
1 8 0
2 8 0
3 8 0
t 189 7
m0 0 14
m1 0 13
m2 4 3
1 9 0
2 9 0
3 9 0
t 188 7
m0 0 14
m1 0 13
m2 4 3
1 8 0
2 8 0
3 8 0
t 187 7
m0 0 14
m1 0 13
m2 4 3
1 9 0
2 9 0
3 9 0
t 186 7
m0 0 14
m1 0 13
m2 4 3
1 8 0
2 8 0
3 8 0
t 185 7
m0 0 14
m1 0 13
m2 4 3
1 9 0
2 9 0
3 9 0
t 184 7
m0 0 14
m1 0 13
m2 4 3
1 8 0
2 8 0
3 8 0
t 183 7
m0 0 14
m1 0 13
m2 4 3
1 9 0
2 9 0
3 9 0
t 182 7
m0 0 14
m1 0 13
m2 4 3
1 8 0
2 8 0
3 8 0
t 181 7
m0 0 14
m1 0 13
m2 4 3
1 9 0
2 9 0
3 9 0
t 180 7
m0 0 14
m1 0 13
m2 4 3
1 8 0
2 8 0
3 8 0
t 179 7
m0 0 14
m1 0 13
m2 4 3
1 9 0
2 9 0
3 9 0
t 178 7
m0 0 14
m1 0 13
m2 4 3
1 8 0
2 8 0
3 8 0
t 177 7
m0 0 14
m1 0 13
m2 4 3
1 9 0
2 9 0
3 9 0
t 176 7
m0 0 14
m1 0 13
m2 4 3
1 8 0
2 8 0
3 8 0
t 175 7
m0 0 14
m1 0 13
m2 4 3
1 9 0
2 9 0
3 9 0
t 174 7
m0 0 14
m1 0 13
m2 4 3
1 8 0
2 8 0
3 8 0
t 173 7
m0 0 14
m1 0 13
m2 4 3
1 9 0
2 9 0
3 9 0
t 172 7
m0 0 14
m1 0 13
m2 4 3
1 8 0
2 8 0
3 8 0
t 171 7
m0 0 14
m1 0 13
m2 4 3
1 9 0
2 9 0
3 9 0
t 170 7
m0 0 14
m1 0 13
m2 4 3
1 8 0
2 8 0
3 8 0
t 169 7
m0 0 14
m1 0 13
m2 4 3
1 9 0
2 9 0
3 9 0
t 168 7
m0 0 14
m1 0 13
m2 4 3
1 8 0
2 8 0
3 8 0
t 167 7
m0 0 14
m1 0 13
m2 4 3
1 9 0
2 9 0
3 9 0
t 166 7
m0 0 14
m1 0 13
m2 4 3
1 8 0
2 8 0
3 8 0
t 165 7
m0 0 14
m1 0 13
m2 4 3
1 9 0
2 9 0
3 9 0
t 164 7
m0 0 14
m1 0 13
m2 4 3
1 8 0
2 8 0
3 8 0
t 163 7
m0 0 14
m1 0 13
m2 4 3
1 9 0
2 9 0
3 9 0
t 162 7
m0 0 14
m1 0 13
m2 4 3
1 8 0
2 8 0
3 8 0
t 161 7
m0 0 14
m1 0 13
m2 4 3
1 9 0
2 9 0
3 9 0
t 160 7
m0 0 14
m1 0 13
m2 4 3
1 8 0
2 8 0
3 8 0
t 159 7
m0 0 14
m1 0 13
m2 4 3
1 9 0
2 9 0
3 9 0
t 158 7
m0 0 14
m1 0 13
m2 4 3
1 8 0
2 8 0
3 8 0
t 157 7
m0 0 14
m1 0 13
m2 4 3
1 9 0
2 9 0
3 9 0
t 156 7
m0 0 14
m1 0 13
m2 4 3
1 8 0
2 8 0
3 8 0
t 155 7
m0 0 14
m1 0 13
m2 4 3
1 9 0
2 9 0
3 9 0
t 154 7
m0 0 14
m1 0 13
m2 4 3
1 8 0
2 8 0
3 8 0
t 153 7
m0 0 14
m1 0 13
m2 4 3
1 9 0
2 9 0
3 9 0
t 152 7
m0 0 14
m1 0 13
m2 4 3
1 8 0
2 8 0
3 8 0
t 151 7
m0 0 14
m1 0 13
m2 4 3
1 9 0
2 9 0
3 9 0
t 150 7
m0 0 14
m1 0 13
m2 4 3
1 8 0
2 8 0
3 8 0
t 149 7
m0 0 14
m1 0 13
m2 4 3
1 9 0
2 9 0
3 9 0
t 148 7
m0 0 14
m1 0 13
m2 4 3
1 8 0
2 8 0
3 8 0
t 147 7
m0 0 14
m1 0 13
m2 4 3
1 9 0
2 9 0
3 9 0
t 146 7
m0 0 14
m1 0 13
m2 4 3
1 8 0
2 8 0
3 8 0
t 145 7
m0 0 14
m1 0 13
m2 4 3
1 9 0
2 9 0
3 9 0
t 144 7
m0 0 14
m1 0 13
m2 4 3
1 8 0
2 8 0
3 8 0
t 143 7
m0 0 14
m1 0 13
m2 4 3
1 9 0
2 9 0
3 9 0
t 142 7
m0 0 14
m1 0 13
m2 4 3
1 8 0
2 8 0
3 8 0
t 141 7
m0 0 14
m1 0 13
m2 4 3
1 9 0
2 9 0
3 9 0
t 140 7
m0 0 14
m1 0 13
m2 4 3
1 8 0
2 8 0
3 8 0
t 139 7
m0 0 14
m1 0 13
m2 4 3
1 9 0
2 9 0
3 9 0
t 138 7
m0 0 14
m1 0 13
m2 4 3
1 8 0
2 8 0
3 8 0
t 137 7
m0 0 14
m1 0 13
m2 4 3
1 9 0
2 9 0
3 9 0
t 136 7
m0 0 14
m1 0 13
m2 4 3
1 8 0
2 8 0
3 8 0
t 135 7
m0 0 14
m1 0 13
m2 4 3
1 9 0
2 9 0
3 9 0
t 134 7
m0 0 14
m1 0 13
m2 4 3
1 8 0
2 8 0
3 8 0
t 133 7
m0 0 14
m1 0 13
m2 4 3
1 9 0
2 9 0
3 9 0
t 132 7
m0 0 14
m1 0 13
m2 4 3
1 8 0
2 8 0
3 8 0
t 131 7
m0 0 14
m1 0 13
m2 4 3
1 9 0
2 9 0
3 9 0
t 130 7
m0 0 14
m1 0 13
m2 4 3
1 8 0
2 8 0
3 8 0
t 129 7
m0 0 14
m1 0 13
m2 4 3
1 9 0
2 9 0
3 9 0
t 128 7
m0 0 14
m1 0 13
m2 4 3
1 8 0
2 8 0
3 8 0
t 127 7
m0 0 14
m1 0 13
m2 4 3
1 9 0
2 9 0
3 9 0
t 126 7
m0 0 14
m1 0 13
m2 4 3
1 8 0
2 8 0
3 8 0
t 125 7
m0 0 14
m1 0 13
m2 4 3
1 9 0
2 9 0
3 9 0
t 124 7
m0 0 14
m1 0 13
m2 4 3
1 8 0
2 8 0
3 8 0
t 123 7
m0 0 14
m1 0 13
m2 4 3
1 9 0
2 9 0
3 9 0
t 122 7
m0 0 14
m1 0 13
m2 4 3
1 8 0
2 8 0
3 8 0
t 121 7
m0 0 14
m1 0 13
m2 4 3
1 9 0
2 9 0
3 9 0
t 120 7
m0 0 14
m1 0 13
m2 4 3
1 8 0
2 8 0
3 8 0
t 119 7
m0 0 14
m1 0 13
m2 4 3
1 9 0
2 9 0
3 9 0
t 118 7
m0 0 14
m1 0 13
m2 4 3
1 8 0
2 8 0
3 8 0
t 117 7
m0 0 14
m1 0 13
m2 4 3
1 9 0
2 9 0
3 9 0
t 116 7
m0 0 14
m1 0 13
m2 4 3
1 8 0
2 8 0
3 8 0
t 115 7
m0 0 14
m1 0 13
m2 4 3
1 9 0
2 9 0
3 9 0
t 114 7
m0 0 14
m1 0 13
m2 4 3
1 8 0
2 8 0
3 8 0
t 113 7
m0 0 14
m1 0 13
m2 4 3
1 9 0
2 9 0
3 9 0
t 112 7
m0 0 14
m1 0 13
m2 4 3
1 8 0
2 8 0
3 8 0
t 111 7
m0 0 14
m1 0 13
m2 4 3
1 9 0
2 9 0
3 9 0
t 110 7
m0 0 14
m1 0 13
m2 4 3
1 8 0
2 8 0
3 8 0
t 109 7
m0 0 14
m1 0 13
m2 4 3
1 9 0
2 9 0
3 9 0
t 108 7
m0 0 14
m1 0 13
m2 4 3
1 8 0
2 8 0
3 8 0
t 107 7
m0 0 14
m1 0 13
m2 4 3
1 9 0
2 9 0
3 9 0
t 106 7
m0 0 14
m1 0 13
m2 4 3
1 8 0
2 8 0
3 8 0
t 105 7
m0 0 14
m1 0 13
m2 4 3
1 9 0
2 9 0
3 9 0
t 104 7
m0 0 14
m1 0 13
m2 4 3
1 8 0
2 8 0
3 8 0
t 103 7
m0 0 14
m1 0 13
m2 4 3
1 9 0
2 9 0
3 9 0
t 102 7
m0 0 14
m1 0 13
m2 4 3
1 8 0
2 8 0
3 8 0
t 101 7
m0 0 14
m1 0 13
m2 4 3
1 9 0
2 9 0
3 9 0
t 100 7
m0 0 14
m1 0 13
m2 4 3
1 8 0
2 8 0
3 8 0
t 99 7
m0 0 14
m1 0 13
m2 4 3
1 9 0
2 9 0
3 9 0
t 98 7
m0 0 14
m1 0 13
m2 4 3
1 8 0
2 8 0
3 8 0
t 97 7
m0 0 14
m1 0 13
m2 4 3
1 9 0
2 9 0
3 9 0
t 96 7
m0 0 14
m1 0 13
m2 4 3
1 8 0
2 8 0
3 8 0
t 95 7
m0 0 14
m1 0 13
m2 4 3
1 9 0
2 9 0
3 9 0
t 94 7
m0 0 14
m1 0 13
m2 4 3
1 8 0
2 8 0
3 8 0
t 93 7
m0 0 14
m1 0 13
m2 4 3
1 9 0
2 9 0
3 9 0
t 92 7
m0 0 14
m1 0 13
m2 4 3
1 8 0
2 8 0
3 8 0
t 91 7
m0 0 14
m1 0 13
m2 4 3
1 9 0
2 9 0
3 9 0
t 90 7
m0 0 14
m1 0 13
m2 4 3
1 8 0
2 8 0
3 8 0
t 89 7
m0 0 14
m1 0 13
m2 4 3
1 9 0
2 9 0
3 9 0
t 88 7
m0 0 14
m1 0 13
m2 4 3
1 8 0
2 8 0
3 8 0
t 87 7
m0 0 14
m1 0 13
m2 4 3
1 9 0
2 9 0
3 9 0
t 86 7
m0 0 14
m1 0 13
m2 4 3
1 8 0
2 8 0
3 8 0
t 85 7
m0 0 14
m1 0 13
m2 4 3
1 9 0
2 9 0
3 9 0
t 84 7
m0 0 14
m1 0 13
m2 4 3
1 8 0
2 8 0
3 8 0
t 83 7
m0 0 14
m1 0 13
m2 4 3
1 9 0
2 9 0
3 9 0
t 82 7
m0 0 14
m1 0 13
m2 4 3
1 8 0
2 8 0
3 8 0
t 81 7
m0 0 14
m1 0 13
m2 4 3
1 9 0
2 9 0
3 9 0
t 80 7
m0 0 14
m1 0 13
m2 4 3
1 8 0
2 8 0
3 8 0
t 79 7
m0 0 14
m1 0 13
m2 4 3
1 9 0
2 9 0
3 9 0
t 78 7
m0 0 14
m1 0 13
m2 4 3
1 8 0
2 8 0
3 8 0
t 77 7
m0 0 14
m1 0 13
m2 4 3
1 9 0
2 9 0
3 9 0
t 76 7
m0 0 14
m1 0 13
m2 4 3
1 8 0
2 8 0
3 8 0
t 75 7
m0 0 14
m1 0 13
m2 4 3
1 9 0
2 9 0
3 9 0
t 74 7
m0 0 14
m1 0 13
m2 4 3
1 8 0
2 8 0
3 8 0
t 73 7
m0 0 14
m1 0 13
m2 4 3
1 9 0
2 9 0
3 9 0
t 72 7
m0 0 14
m1 0 13
m2 4 3
1 8 0
2 8 0
3 8 0
t 71 7
m0 0 14
m1 0 13
m2 4 3
1 9 0
2 9 0
3 9 0
t 70 7
m0 0 14
m1 0 13
m2 4 3
1 8 0
2 8 0
3 8 0
t 69 7
m0 0 14
m1 0 13
m2 4 3
1 9 0
2 9 0
3 9 0
t 68 7
m0 0 14
m1 0 13
m2 4 3
1 8 0
2 8 0
3 8 0
t 67 7
m0 0 14
m1 0 13
m2 4 3
1 9 0
2 9 0
3 9 0
t 66 7
m0 0 14
m1 0 13
m2 4 3
1 8 0
2 8 0
3 8 0
t 65 7
m0 0 14
m1 0 13
m2 4 3
1 9 0
2 9 0
3 9 0
t 64 7
m0 0 14
m1 0 13
m2 4 3
1 8 0
2 8 0
3 8 0
t 63 7
m0 0 14
m1 0 13
m2 4 3
1 9 0
2 9 0
3 9 0
t 62 7
m0 0 14
m1 0 13
m2 4 3
1 8 0
2 8 0
3 8 0
t 61 7
m0 0 14
m1 0 13
m2 4 3
1 9 0
2 9 0
3 9 0
t 60 7
m0 0 14
m1 0 13
m2 4 3
1 8 0
2 8 0
3 8 0
t 59 7
m0 0 14
m1 0 13
m2 4 3
1 9 0
2 9 0
3 9 0
t 58 7
m0 0 14
m1 0 13
m2 4 3
1 8 0
2 8 0
3 8 0
t 57 7
m0 0 14
m1 0 13
m2 4 3
1 9 0
2 9 0
3 9 0
t 56 7
m0 0 14
m1 0 13
m2 4 3
1 8 0
2 8 0
3 8 0
t 55 7
m0 0 14
m1 0 13
m2 4 3
1 9 0
2 9 0
3 9 0
t 54 7
m0 0 14
m1 0 13
m2 4 3
1 8 0
2 8 0
3 8 0
t 53 7
m0 0 14
m1 0 13
m2 4 3
1 9 0
2 9 0
3 9 0
t 52 7
m0 0 14
m1 0 13
m2 4 3
1 8 0
2 8 0
3 8 0
t 51 7
m0 0 14
m1 0 13
m2 4 3
1 9 0
2 9 0
3 9 0
t 50 7
m0 0 14
m1 0 13
m2 4 3
1 8 0
2 8 0
3 8 0
t 49 7
m0 0 14
m1 0 13
m2 4 3
1 9 0
2 9 0
3 9 0
t 48 7
m0 0 14
m1 0 13
m2 4 3
1 8 0
2 8 0
3 8 0
t 47 7
m0 0 14
m1 0 13
m2 4 3
1 9 0
2 9 0
3 9 0
t 46 7
m0 0 14
m1 0 13
m2 4 3
1 8 0
2 8 0
3 8 0
t 45 7
m0 0 14
m1 0 13
m2 4 3
1 9 0
2 9 0
3 9 0
t 44 7
m0 0 14
m1 0 13
m2 4 3
1 8 0
2 8 0
3 8 0
t 43 7
m0 0 14
m1 0 13
m2 4 3
1 9 0
2 9 0
3 9 0
t 42 7
m0 0 14
m1 0 13
m2 4 3
1 8 0
2 8 0
3 8 0
t 41 7
m0 0 14
m1 0 13
m2 4 3
1 9 0
2 9 0
3 9 0
t 40 7
m0 0 14
m1 0 13
m2 4 3
1 8 0
2 8 0
3 8 0
t 39 7
m0 0 14
m1 0 13
m2 4 3
1 9 0
2 9 0
3 9 0
t 38 7
m0 0 14
m1 0 13
m2 4 3
1 8 0
2 8 0
3 8 0
t 37 7
m0 0 14
m1 0 13
m2 4 3
1 9 0
2 9 0
3 9 0
t 36 7
m0 0 14
m1 0 13
m2 4 3
1 8 0
2 8 0
3 8 0
t 35 7
m0 0 14
m1 0 13
m2 4 3
1 9 0
2 9 0
3 9 0
t 34 7
m0 0 14
m1 0 13
m2 4 3
1 8 0
2 8 0
3 8 0
t 33 7
m0 0 14
m1 0 13
m2 4 3
1 9 0
2 9 0
3 9 0
t 32 7
m0 0 14
m1 0 13
m2 4 3
1 8 0
2 8 0
3 8 0
t 31 7
m0 0 14
m1 0 13
m2 4 3
1 9 0
2 9 0
3 9 0
t 30 7
m0 0 14
m1 0 13
m2 4 3
1 8 0
2 8 0
3 8 0
t 29 7
m0 0 14
m1 0 13
m2 4 3
1 9 0
2 9 0
3 9 0
t 28 7
m0 0 14
m1 0 13
m2 4 3
1 8 0
2 8 0
3 8 0
t 27 7
m0 0 14
m1 0 13
m2 4 3
1 9 0
2 9 0
3 9 0
t 26 7
m0 0 14
m1 0 13
m2 4 3
1 8 0
2 8 0
3 8 0
t 25 7
m0 0 14
m1 0 13
m2 4 3
1 9 0
2 9 0
3 9 0
t 24 7
m0 0 14
m1 0 13
m2 4 3
1 8 0
2 8 0
3 8 0
t 23 7
m0 0 14
m1 0 13
m2 4 3
1 9 0
2 9 0
3 9 0
t 22 7
m0 0 14
m1 0 13
m2 4 3
1 8 0
2 8 0
3 8 0
t 21 7
m0 0 14
m1 0 13
m2 4 3
1 9 0
2 9 0
3 9 0
t 20 7
m0 0 14
m1 0 13
m2 4 3
1 8 0
2 8 0
3 8 0
t 19 7
m0 0 14
m1 0 13
m2 4 3
1 9 0
2 9 0
3 9 0
t 18 7
m0 0 14
m1 0 13
m2 4 3
1 8 0
2 8 0
3 8 0
t 17 7
m0 0 14
m1 0 13
m2 4 3
1 9 0
2 9 0
3 9 0
t 16 7
m0 0 14
m1 0 13
m2 4 3
1 8 0
2 8 0
3 8 0
t 15 7
m0 0 14
m1 0 13
m2 4 3
1 9 0
2 9 0
3 9 0
t 14 7
m0 0 14
m1 0 13
m2 4 3
1 8 0
2 8 0
3 8 0
t 13 7
m0 0 14
m1 0 13
m2 4 3
1 9 0
2 9 0
3 9 0
t 12 7
m0 0 14
m1 0 13
m2 4 3
1 8 0
2 8 0
3 8 0
t 11 7
m0 0 14
m1 0 13
m2 4 3
1 9 0
2 9 0
3 9 0
t 10 7
m0 0 14
m1 0 13
m2 4 3
1 8 0
2 8 0
3 8 0
t 9 7
m0 0 14
m1 0 13
m2 4 3
1 9 0
2 9 0
3 9 0
t 8 7
m0 0 14
m1 0 13
m2 4 3
1 8 0
2 8 0
3 8 0
t 7 7
m0 0 14
m1 0 13
m2 4 3
1 9 0
2 9 0
3 9 0
t 6 7
m0 0 14
m1 0 13
m2 4 3
1 8 0
2 8 0
3 8 0
t 5 7
m0 0 14
m1 0 13
m2 4 3
1 9 0
2 9 0
3 9 0
t 4 7
m0 0 14
m1 0 13
m2 4 3
1 8 0
2 8 0
3 8 0
t 3 7
m0 0 14
m1 0 13
m2 4 3
1 9 0
2 9 0
3 9 0
t 2 7
m0 0 14
m1 0 13
m2 4 3
1 8 0
2 8 0
3 8 0
t 1 7
m0 0 14
m1 0 13
m2 4 3
1 8 0
2 8 0
3 8 0
t 0 7
