10
15
w 7 3
w 6 6
w 5 6
w 2 8
w 5 13
w 2 1
w 8 9
w 2 5
w 1 11
w 8 5
w 3 14
w 5 5
w 8 1
w 5 12
w 1 14
w 2 13
w 9 11
w 0 4
w 4 1
w 4 10
w 0 0
w 8 2
w 8 11
w 6 0
w 3 9
w 2 3
w 7 5
w 0 5
w 0 8
w 2 14
w 6 5
w 5 3
w 4 6
w 6 8
w 6 1
w 7 13
w 0 9
p 5 9
p 4 7
p 9 1
p 4 8
p 3 0
p 7 12
p 9 8
p 8 0
p 7 7
p 0 7
p 5 1
p 2 4
p 7 2
p 4 0
p 8 14
p 9 0
p 6 7
p 2 9
p 7 6
p 4 4
p 6 10
p 1 5
p 0 11
p 5 0
p 7 10
p 1 10
p 1 1
p 3 2
p 3 13
p 6 11
p 1 13
p 9 3
p 5 2
p 2 10
p 9 10
p 4 2
p 1 0
p 9 6
p 7 9
p 0 1
p 9 13
p 8 12
p 9 2
p 3 1
p 2 11
p 0 13
p 9 9
p 5 14
p 2 0
p 1 8
p 3 8
p 6 13
p 1 7
p 9 5
p 3 4
p 0 2
m0 0 14
m1 0 14
m2 0 14
1 9 0
2 9 0
3 9 0
t 300 0
m0 0 14
m1 0 13
m2 0 14
1 8 0
2 8 0
3 8 0
t 299 1
m0 0 14
m1 1 13
m2 0 14
1 9 0
2 9 0
3 9 0
t 298 2
m0 0 14
m1 1 12
m2 0 14
1 8 0
2 8 0
3 8 0
f 2 12
t 297 2
m0 0 14
m1 2 12
m2 0 14
1 9 0
2 9 0
3 9 0
t 296 12
m0 0 14
m1 3 12
m2 0 14
1 8 0
2 8 0
3 8 0
t 295 12
m0 0 14
m1 4 12
m2 0 14
1 9 0
2 9 0
3 9 0
t 294 12
m0 0 14
m1 4 11
m2 0 14
1 8 0
2 8 0
3 8 0
t 293 12
m0 0 14
m1 5 11
m2 0 14
1 9 0
2 9 0
3 9 0
t 292 12
m0 0 14
m1 6 11
m2 0 14
1 8 0
2 8 0
3 8 0
t 291 13
m0 0 14
m1 7 11
m2 0 14
1 9 0
2 9 0
3 9 0
t 290 13
m0 0 14
m1 7 10
m2 0 14
1 8 0
2 8 0
3 8 0
t 289 14
m0 0 14
m1 8 10
m2 0 14
1 9 0
2 9 0
3 9 0
t 288 14
m0 0 14
m1 9 10
m2 0 14
1 8 0
2 8 0
3 8 0
t 287 15
m0 0 14
m1 9 9
m2 0 14
1 7 0
2 7 0
3 7 0
t 286 16
m0 0 14
m1 9 8
m2 0 14
1 8 0
2 8 0
3 8 0
t 285 17
m0 0 14
m1 9 7
m2 0 14
1 7 0
2 7 0
3 7 0
t 284 17
m0 0 14
m1 9 6
m2 0 14
1 8 0
2 8 0
3 8 0
t 283 18
m0 0 14
m1 9 5
m2 0 14
1 7 0
2 7 0
3 7 0
t 282 19
m0 0 14
m1 9 4
m2 0 14
1 8 0
2 8 0
3 8 0
t 281 19
m0 0 14
m1 9 3
m2 0 14
1 7 0
2 7 0
3 7 0
t 280 20
m0 0 14
m1 9 2
m2 0 14
1 8 0
2 8 0
3 8 0
t 279 21
m0 0 14
m1 9 1
m2 0 14
1 7 0
2 7 0
3 7 0
t 278 22
m0 0 14
m1 9 0
m2 0 14
1 7 1
2 7 1
3 7 1
t 277 23
m0 0 14
m1 8 0
m2 0 14
1 7 2
2 7 2
3 7 2
t 276 24
m0 0 14
m1 9 0
m2 0 14
1 6 2
2 6 2
3 6 2
t 275 24
m0 0 14
m1 8 0
m2 0 14
1 5 2
2 5 2
3 5 2
t 274 24
m0 0 14
m1 9 0
m2 0 14
1 4 2
2 4 2
3 4 2
t 273 24
m0 0 14
m1 8 0
m2 0 14
1 3 2
2 3 2
3 3 2
t 272 24
m0 0 14
m1 9 0
m2 0 14
1 2 2
2 2 2
3 2 2
t 271 24
m0 0 14
m1 8 0
m2 0 14
1 1 2
2 1 2
3 1 2
t 270 24
m0 0 14
m1 9 0
m2 0 14
1 0 2
2 0 2
3 0 2
t 269 24
m0 0 14
m1 8 0
m2 0 14
1 0 3
2 0 3
3 0 3
t 268 24
m0 0 14
m1 9 0
m2 0 14
1 1 3
2 1 3
3 1 3
t 267 24
m0 0 14
m1 8 0
m2 0 14
1 0 3
2 0 3
3 0 3
t 266 24
m0 0 14
m1 9 0
m2 0 14
1 1 3
2 1 3
3 1 3
t 265 24
m0 0 14
m1 8 0
m2 0 14
1 0 3
2 0 3
3 0 3
t 264 24
m0 0 14
m1 9 0
m2 0 14
1 1 3
2 1 3
3 1 3
t 263 24
m0 0 14
m1 8 0
m2 0 14
1 0 3
2 0 3
3 0 3
t 262 24
m0 0 14
m1 9 0
m2 0 14
1 1 3
2 1 3
3 1 3
t 261 24
m0 0 14
m1 8 0
m2 0 14
1 0 3
2 0 3
3 0 3
t 260 24
m0 0 14
m1 9 0
m2 0 14
1 1 3
2 1 3
3 1 3
t 259 24
m0 0 14
m1 8 0
m2 0 14
1 0 3
2 0 3
3 0 3
t 258 24
m0 0 14
m1 9 0
m2 0 14
1 1 3
2 1 3
3 1 3
f 6 12
t 257 24
m0 0 14
m1 8 0
m2 0 14
1 0 3
2 0 3
3 0 3
t 256 24
m0 0 14
m1 9 0
m2 0 14
1 1 3
2 1 3
3 1 3
t 255 24
m0 0 14
m1 8 0
m2 0 14
1 0 3
2 0 3
3 0 3
t 254 24
m0 0 14
m1 9 0
m2 0 14
1 1 3
2 1 3
3 1 3
t 253 24
m0 0 14
m1 8 0
m2 0 14
1 0 3
2 0 3
3 0 3
t 252 24
m0 0 14
m1 9 0
m2 0 14
1 1 3
2 1 3
3 1 3
t 251 24
m0 0 14
m1 8 0
m2 0 14
1 0 3
2 0 3
3 0 3
t 250 24
m0 0 14
m1 9 0
m2 0 14
1 1 3
2 1 3
3 1 3
t 249 24
m0 0 14
m1 8 0
m2 0 14
1 0 3
2 0 3
3 0 3
t 248 24
m0 0 14
m1 9 0
m2 0 14
1 1 3
2 1 3
3 1 3
t 247 24
m0 0 14
m1 8 0
m2 0 14
1 0 3
2 0 3
3 0 3
t 246 24
m0 0 14
m1 9 0
m2 0 14
1 1 3
2 1 3
3 1 3
t 245 24
m0 0 14
m1 8 0
m2 0 14
1 0 3
2 0 3
3 0 3
t 244 24
m0 0 14
m1 9 0
m2 0 14
1 1 3
2 1 3
3 1 3
t 243 24
m0 0 14
m1 8 0
m2 0 14
1 0 3
2 0 3
3 0 3
t 242 24
m0 0 14
m1 9 0
m2 0 14
1 1 3
2 1 3
3 1 3
t 241 24
m0 0 14
m1 8 0
m2 0 14
1 0 3
2 0 3
3 0 3
t 240 24
m0 0 14
m1 9 0
m2 0 14
1 1 3
2 1 3
3 1 3
t 239 24
m0 0 14
m1 8 0
m2 0 14
1 0 3
2 0 3
3 0 3
t 238 24
m0 0 14
m1 9 0
m2 0 14
1 1 3
2 1 3
3 1 3
t 237 24
m0 0 14
m1 8 0
m2 0 14
1 0 3
2 0 3
3 0 3
t 236 24
m0 0 14
m1 9 0
m2 0 14
1 1 3
2 1 3
3 1 3
t 235 24
m0 0 14
m1 8 0
m2 0 14
1 0 3
2 0 3
3 0 3
t 234 24
m0 0 14
m1 9 0
m2 0 14
1 1 3
2 1 3
3 1 3
t 233 24
m0 0 14
m1 8 0
m2 0 14
1 0 3
2 0 3
3 0 3
t 232 24
m0 0 14
m1 9 0
m2 0 14
1 1 3
2 1 3
3 1 3
t 231 24
m0 0 14
m1 8 0
m2 0 14
1 0 3
2 0 3
3 0 3
t 230 24
m0 0 14
m1 9 0
m2 0 14
1 1 3
2 1 3
3 1 3
t 229 24
m0 0 14
m1 8 0
m2 0 14
1 0 3
2 0 3
3 0 3
t 228 24
m0 0 14
m1 9 0
m2 0 14
1 1 3
2 1 3
3 1 3
t 227 24
m0 0 14
m1 8 0
m2 0 14
1 0 3
2 0 3
3 0 3
t 226 24
m0 0 14
m1 9 0
m2 0 14
1 1 3
2 1 3
3 1 3
t 225 24
m0 0 14
m1 8 0
m2 0 14
1 0 3
2 0 3
3 0 3
t 224 24
m0 0 14
m1 9 0
m2 0 14
1 1 3
2 1 3
3 1 3
t 223 24
m0 0 14
m1 8 0
m2 0 14
1 0 3
2 0 3
3 0 3
t 222 24
m0 0 14
m1 9 0
m2 0 14
1 1 3
2 1 3
3 1 3
t 221 24
m0 0 14
m1 8 0
m2 0 14
1 0 3
2 0 3
3 0 3
t 220 24
m0 0 14
m1 9 0
m2 0 14
1 1 3
2 1 3
3 1 3
t 219 24
m0 0 14
m1 8 0
m2 0 14
1 0 3
2 0 3
3 0 3
t 218 24
m0 0 14
m1 9 0
m2 0 14
1 1 3
2 1 3
3 1 3
t 217 24
m0 0 14
m1 8 0
m2 0 14
1 0 3
2 0 3
3 0 3
t 216 24
m0 0 14
m1 9 0
m2 0 14
1 1 3
2 1 3
3 1 3
t 215 24
m0 0 14
m1 8 0
m2 0 14
1 0 3
2 0 3
3 0 3
t 214 24
m0 0 14
m1 9 0
m2 0 14
1 1 3
2 1 3
3 1 3
t 213 24
m0 0 14
m1 8 0
m2 0 14
1 0 3
2 0 3
3 0 3
t 212 24
m0 0 14
m1 9 0
m2 0 14
1 1 3
2 1 3
3 1 3
t 211 24
m0 0 14
m1 8 0
m2 0 14
1 0 3
2 0 3
3 0 3
t 210 24
m0 0 14
m1 9 0
m2 0 14
1 1 3
2 1 3
3 1 3
t 209 24
m0 0 14
m1 8 0
m2 0 14
1 0 3
2 0 3
3 0 3
t 208 24
m0 0 14
m1 9 0
m2 0 14
1 1 3
2 1 3
3 1 3
t 207 24
m0 0 14
m1 8 0
m2 0 14
1 0 3
2 0 3
3 0 3
t 206 24
m0 0 14
m1 9 0
m2 0 14
1 1 3
2 1 3
3 1 3
t 205 24
m0 0 14
m1 8 0
m2 0 14
1 0 3
2 0 3
3 0 3
t 204 24
m0 0 14
m1 9 0
m2 0 14
1 1 3
2 1 3
3 1 3
t 203 24
m0 0 14
m1 8 0
m2 0 14
1 0 3
2 0 3
3 0 3
t 202 24
m0 0 14
m1 9 0
m2 0 14
1 1 3
2 1 3
3 1 3
t 201 24
m0 0 14
m1 8 0
m2 0 14
1 0 3
2 0 3
3 0 3
t 200 24
m0 0 14
m1 9 0
m2 0 14
1 1 3
2 1 3
3 1 3
t 199 24
m0 0 14
m1 8 0
m2 0 14
1 0 3
2 0 3
3 0 3
t 198 24
m0 0 14
m1 9 0
m2 0 14
1 1 3
2 1 3
3 1 3
t 197 24
m0 0 14
m1 8 0
m2 0 14
1 0 3
2 0 3
3 0 3
t 196 24
m0 0 14
m1 9 0
m2 0 14
1 1 3
2 1 3
3 1 3
t 195 24
m0 0 14
m1 8 0
m2 0 14
1 0 3
2 0 3
3 0 3
t 194 24
m0 0 14
m1 9 0
m2 0 14
1 1 3
2 1 3
3 1 3
t 193 24
m0 0 14
m1 8 0
m2 0 14
1 0 3
2 0 3
3 0 3
t 192 24
m0 0 14
m1 9 0
m2 0 14
1 1 3
2 1 3
3 1 3
t 191 24
m0 0 14
m1 8 0
m2 0 14
1 0 3
2 0 3
3 0 3
t 190 24
m0 0 14
m1 9 0
m2 0 14
1 1 3
2 1 3
3 1 3
t 189 24
m0 0 14
m1 8 0
m2 0 14
1 0 3
2 0 3
3 0 3
t 188 24
m0 0 14
m1 9 0
m2 0 14
1 1 3
2 1 3
3 1 3
t 187 24
m0 0 14
m1 8 0
m2 0 14
1 0 3
2 0 3
3 0 3
t 186 24
m0 0 14
m1 9 0
m2 0 14
1 1 3
2 1 3
3 1 3
t 185 24
m0 0 14
m1 8 0
m2 0 14
1 0 3
2 0 3
3 0 3
t 184 24
m0 0 14
m1 9 0
m2 0 14
1 1 3
2 1 3
3 1 3
t 183 24
m0 0 14
m1 8 0
m2 0 14
1 0 3
2 0 3
3 0 3
t 182 24
m0 0 14
m1 9 0
m2 0 14
1 1 3
2 1 3
3 1 3
t 181 24
m0 0 14
m1 8 0
m2 0 14
1 0 3
2 0 3
3 0 3
t 180 24
m0 0 14
m1 9 0
m2 0 14
1 1 3
2 1 3
3 1 3
t 179 24
m0 0 14
m1 8 0
m2 0 14
1 0 3
2 0 3
3 0 3
t 178 24
m0 0 14
m1 9 0
m2 0 14
1 1 3
2 1 3
3 1 3
t 177 24
m0 0 14
m1 8 0
m2 0 14
1 0 3
2 0 3
3 0 3
t 176 24
m0 0 14
m1 9 0
m2 0 14
1 1 3
2 1 3
3 1 3
t 175 24
m0 0 14
m1 8 0
m2 0 14
1 0 3
2 0 3
3 0 3
t 174 24
m0 0 14
m1 9 0
m2 0 14
1 1 3
2 1 3
3 1 3
t 173 24
m0 0 14
m1 8 0
m2 0 14
1 0 3
2 0 3
3 0 3
t 172 24
m0 0 14
m1 9 0
m2 0 14
1 1 3
2 1 3
3 1 3
t 171 24
m0 0 14
m1 8 0
m2 0 14
1 0 3
2 0 3
3 0 3
t 170 24
m0 0 14
m1 9 0
m2 0 14
1 1 3
2 1 3
3 1 3
t 169 24
m0 0 14
m1 8 0
m2 0 14
1 0 3
2 0 3
3 0 3
t 168 24
m0 0 14
m1 9 0
m2 0 14
1 1 3
2 1 3
3 1 3
t 167 24
m0 0 14
m1 8 0
m2 0 14
1 0 3
2 0 3
3 0 3
t 166 24
m0 0 14
m1 9 0
m2 0 14
1 1 3
2 1 3
3 1 3
t 165 24
m0 0 14
m1 8 0
m2 0 14
1 0 3
2 0 3
3 0 3
t 164 24
m0 0 14
m1 9 0
m2 0 14
1 1 3
2 1 3
3 1 3
t 163 24
m0 0 14
m1 8 0
m2 0 14
1 0 3
2 0 3
3 0 3
t 162 24
m0 0 14
m1 9 0
m2 0 14
1 1 3
2 1 3
3 1 3
t 161 24
m0 0 14
m1 8 0
m2 0 14
1 0 3
2 0 3
3 0 3
t 160 24
m0 0 14
m1 9 0
m2 0 14
1 1 3
2 1 3
3 1 3
t 159 24
m0 0 14
m1 8 0
m2 0 14
1 0 3
2 0 3
3 0 3
t 158 24
m0 0 14
m1 9 0
m2 0 14
1 1 3
2 1 3
3 1 3
t 157 24
m0 0 14
m1 8 0
m2 0 14
1 0 3
2 0 3
3 0 3
t 156 24
m0 0 14
m1 9 0
m2 0 14
1 1 3
2 1 3
3 1 3
t 155 24
m0 0 14
m1 8 0
m2 0 14
1 0 3
2 0 3
3 0 3
t 154 24
m0 0 14
m1 9 0
m2 0 14
1 1 3
2 1 3
3 1 3
t 153 24
m0 0 14
m1 8 0
m2 0 14
1 0 3
2 0 3
3 0 3
t 152 24
m0 0 14
m1 9 0
m2 0 14
1 1 3
2 1 3
3 1 3
t 151 24
m0 0 14
m1 8 0
m2 0 14
1 0 3
2 0 3
3 0 3
t 150 24
m0 0 14
m1 9 0
m2 0 14
1 1 3
2 1 3
3 1 3
t 149 24
m0 0 14
m1 8 0
m2 0 14
1 0 3
2 0 3
3 0 3
t 148 24
m0 0 14
m1 9 0
m2 0 14
1 1 3
2 1 3
3 1 3
t 147 24
m0 0 14
m1 8 0
m2 0 14
1 0 3
2 0 3
3 0 3
t 146 24
m0 0 14
m1 9 0
m2 0 14
1 1 3
2 1 3
3 1 3
t 145 24
m0 0 14
m1 8 0
m2 0 14
1 0 3
2 0 3
3 0 3
t 144 24
m0 0 14
m1 9 0
m2 0 14
1 1 3
2 1 3
3 1 3
t 143 24
m0 0 14
m1 8 0
m2 0 14
1 0 3
2 0 3
3 0 3
t 142 24
m0 0 14
m1 9 0
m2 0 14
1 1 3
2 1 3
3 1 3
t 141 24
m0 0 14
m1 8 0
m2 0 14
1 0 3
2 0 3
3 0 3
t 140 24
m0 0 14
m1 9 0
m2 0 14
1 1 3
2 1 3
3 1 3
t 139 24
m0 0 14
m1 8 0
m2 0 14
1 0 3
2 0 3
3 0 3
t 138 24
m0 0 14
m1 9 0
m2 0 14
1 1 3
2 1 3
3 1 3
t 137 24
m0 0 14
m1 8 0
m2 0 14
1 0 3
2 0 3
3 0 3
t 136 24
m0 0 14
m1 9 0
m2 0 14
1 1 3
2 1 3
3 1 3
t 135 24
m0 0 14
m1 8 0
m2 0 14
1 0 3
2 0 3
3 0 3
t 134 24
m0 0 14
m1 9 0
m2 0 14
1 1 3
2 1 3
3 1 3
t 133 24
m0 0 14
m1 8 0
m2 0 14
1 0 3
2 0 3
3 0 3
t 132 24
m0 0 14
m1 9 0
m2 0 14
1 1 3
2 1 3
3 1 3
t 131 24
m0 0 14
m1 8 0
m2 0 14
1 0 3
2 0 3
3 0 3
t 130 24
m0 0 14
m1 9 0
m2 0 14
1 1 3
2 1 3
3 1 3
t 129 24
m0 0 14
m1 8 0
m2 0 14
1 0 3
2 0 3
3 0 3
t 128 24
m0 0 14
m1 9 0
m2 0 14
1 1 3
2 1 3
3 1 3
t 127 24
m0 0 14
m1 8 0
m2 0 14
1 0 3
2 0 3
3 0 3
t 126 24
m0 0 14
m1 9 0
m2 0 14
1 1 3
2 1 3
3 1 3
t 125 24
m0 0 14
m1 8 0
m2 0 14
1 0 3
2 0 3
3 0 3
t 124 24
m0 0 14
m1 9 0
m2 0 14
1 1 3
2 1 3
3 1 3
t 123 24
m0 0 14
m1 8 0
m2 0 14
1 0 3
2 0 3
3 0 3
t 122 24
m0 0 14
m1 9 0
m2 0 14
1 1 3
2 1 3
3 1 3
t 121 24
m0 0 14
m1 8 0
m2 0 14
1 0 3
2 0 3
3 0 3
t 120 24
m0 0 14
m1 9 0
m2 0 14
1 1 3
2 1 3
3 1 3
t 119 24
m0 0 14
m1 8 0
m2 0 14
1 0 3
2 0 3
3 0 3
t 118 24
m0 0 14
m1 9 0
m2 0 14
1 1 3
2 1 3
3 1 3
t 117 24
m0 0 14
m1 8 0
m2 0 14
1 0 3
2 0 3
3 0 3
t 116 24
m0 0 14
m1 9 0
m2 0 14
1 1 3
2 1 3
3 1 3
t 115 24
m0 0 14
m1 8 0
m2 0 14
1 0 3
2 0 3
3 0 3
t 114 24
m0 0 14
m1 9 0
m2 0 14
1 1 3
2 1 3
3 1 3
t 113 24
m0 0 14
m1 8 0
m2 0 14
1 0 3
2 0 3
3 0 3
t 112 24
m0 0 14
m1 9 0
m2 0 14
1 1 3
2 1 3
3 1 3
t 111 24
m0 0 14
m1 8 0
m2 0 14
1 0 3
2 0 3
3 0 3
t 110 24
m0 0 14
m1 9 0
m2 0 14
1 1 3
2 1 3
3 1 3
t 109 24
m0 0 14
m1 8 0
m2 0 14
1 0 3
2 0 3
3 0 3
t 108 24
m0 0 14
m1 9 0
m2 0 14
1 1 3
2 1 3
3 1 3
t 107 24
m0 0 14
m1 8 0
m2 0 14
1 0 3
2 0 3
3 0 3
t 106 24
m0 0 14
m1 9 0
m2 0 14
1 1 3
2 1 3
3 1 3
t 105 24
m0 0 14
m1 8 0
m2 0 14
1 0 3
2 0 3
3 0 3
t 104 24
m0 0 14
m1 9 0
m2 0 14
1 1 3
2 1 3
3 1 3
t 103 24
m0 0 14
m1 8 0
m2 0 14
1 0 3
2 0 3
3 0 3
t 102 24
m0 0 14
m1 9 0
m2 0 14
1 1 3
2 1 3
3 1 3
t 101 24
m0 0 14
m1 8 0
m2 0 14
1 0 3
2 0 3
3 0 3
t 100 24
m0 0 14
m1 9 0
m2 0 14
1 1 3
2 1 3
3 1 3
t 99 24
m0 0 14
m1 8 0
m2 0 14
1 0 3
2 0 3
3 0 3
t 98 24
m0 0 14
m1 9 0
m2 0 14
1 1 3
2 1 3
3 1 3
t 97 24
m0 0 14
m1 8 0
m2 0 14
1 0 3
2 0 3
3 0 3
t 96 24
m0 0 14
m1 9 0
m2 0 14
1 1 3
2 1 3
3 1 3
t 95 24
m0 0 14
m1 8 0
m2 0 14
1 0 3
2 0 3
3 0 3
t 94 24
m0 0 14
m1 9 0
m2 0 14
1 1 3
2 1 3
3 1 3
t 93 24
m0 0 14
m1 8 0
m2 0 14
1 0 3
2 0 3
3 0 3
t 92 24
m0 0 14
m1 9 0
m2 0 14
1 1 3
2 1 3
3 1 3
t 91 24
m0 0 14
m1 8 0
m2 0 14
1 0 3
2 0 3
3 0 3
t 90 24
m0 0 14
m1 9 0
m2 0 14
1 1 3
2 1 3
3 1 3
t 89 24
m0 0 14
m1 8 0
m2 0 14
1 0 3
2 0 3
3 0 3
t 88 24
m0 0 14
m1 9 0
m2 0 14
1 1 3
2 1 3
3 1 3
t 87 24
m0 0 14
m1 8 0
m2 0 14
1 0 3
2 0 3
3 0 3
t 86 24
m0 0 14
m1 9 0
m2 0 14
1 1 3
2 1 3
3 1 3
t 85 24
m0 0 14
m1 8 0
m2 0 14
1 0 3
2 0 3
3 0 3
t 84 24
m0 0 14
m1 9 0
m2 0 14
1 1 3
2 1 3
3 1 3
t 83 24
m0 0 14
m1 8 0
m2 0 14
1 0 3
2 0 3
3 0 3
t 82 24
m0 0 14
m1 9 0
m2 0 14
1 1 3
2 1 3
3 1 3
t 81 24
m0 0 14
m1 8 0
m2 0 14
1 0 3
2 0 3
3 0 3
t 80 24
m0 0 14
m1 9 0
m2 0 14
1 1 3
2 1 3
3 1 3
t 79 24
m0 0 14
m1 8 0
m2 0 14
1 0 3
2 0 3
3 0 3
t 78 24
m0 0 14
m1 9 0
m2 0 14
1 1 3
2 1 3
3 1 3
t 77 24
m0 0 14
m1 8 0
m2 0 14
1 0 3
2 0 3
3 0 3
t 76 24
m0 0 14
m1 9 0
m2 0 14
1 1 3
2 1 3
3 1 3
t 75 24
m0 0 14
m1 8 0
m2 0 14
1 0 3
2 0 3
3 0 3
t 74 24
m0 0 14
m1 9 0
m2 0 14
1 1 3
2 1 3
3 1 3
t 73 24
m0 0 14
m1 8 0
m2 0 14
1 0 3
2 0 3
3 0 3
t 72 24
m0 0 14
m1 9 0
m2 0 14
1 1 3
2 1 3
3 1 3
t 71 24
m0 0 14
m1 8 0
m2 0 14
1 0 3
2 0 3
3 0 3
t 70 24
m0 0 14
m1 9 0
m2 0 14
1 1 3
2 1 3
3 1 3
t 69 24
m0 0 14
m1 8 0
m2 0 14
1 0 3
2 0 3
3 0 3
t 68 24
m0 0 14
m1 9 0
m2 0 14
1 1 3
2 1 3
3 1 3
t 67 24
m0 0 14
m1 8 0
m2 0 14
1 0 3
2 0 3
3 0 3
t 66 24
m0 0 14
m1 9 0
m2 0 14
1 1 3
2 1 3
3 1 3
t 65 24
m0 0 14
m1 8 0
m2 0 14
1 0 3
2 0 3
3 0 3
t 64 24
m0 0 14
m1 9 0
m2 0 14
1 1 3
2 1 3
3 1 3
t 63 24
m0 0 14
m1 8 0
m2 0 14
1 0 3
2 0 3
3 0 3
t 62 24
m0 0 14
m1 9 0
m2 0 14
1 1 3
2 1 3
3 1 3
t 61 24
m0 0 14
m1 8 0
m2 0 14
1 0 3
2 0 3
3 0 3
t 60 24
m0 0 14
m1 9 0
m2 0 14
1 1 3
2 1 3
3 1 3
t 59 24
m0 0 14
m1 8 0
m2 0 14
1 0 3
2 0 3
3 0 3
t 58 24
m0 0 14
m1 9 0
m2 0 14
1 1 3
2 1 3
3 1 3
t 57 24
m0 0 14
m1 8 0
m2 0 14
1 0 3
2 0 3
3 0 3
t 56 24
m0 0 14
m1 9 0
m2 0 14
1 1 3
2 1 3
3 1 3
t 55 24
m0 0 14
m1 8 0
m2 0 14
1 0 3
2 0 3
3 0 3
t 54 24
m0 0 14
m1 9 0
m2 0 14
1 1 3
2 1 3
3 1 3
t 53 24
m0 0 14
m1 8 0
m2 0 14
1 0 3
2 0 3
3 0 3
t 52 24
m0 0 14
m1 9 0
m2 0 14
1 1 3
2 1 3
3 1 3
t 51 24
m0 0 14
m1 8 0
m2 0 14
1 0 3
2 0 3
3 0 3
t 50 24
m0 0 14
m1 9 0
m2 0 14
1 1 3
2 1 3
3 1 3
t 49 24
m0 0 14
m1 8 0
m2 0 14
1 0 3
2 0 3
3 0 3
t 48 24
m0 0 14
m1 9 0
m2 0 14
1 1 3
2 1 3
3 1 3
t 47 24
m0 0 14
m1 8 0
m2 0 14
1 0 3
2 0 3
3 0 3
t 46 24
m0 0 14
m1 9 0
m2 0 14
1 1 3
2 1 3
3 1 3
t 45 24
m0 0 14
m1 8 0
m2 0 14
1 0 3
2 0 3
3 0 3
t 44 24
m0 0 14
m1 9 0
m2 0 14
1 1 3
2 1 3
3 1 3
t 43 24
m0 0 14
m1 8 0
m2 0 14
1 0 3
2 0 3
3 0 3
t 42 24
m0 0 14
m1 9 0
m2 0 14
1 1 3
2 1 3
3 1 3
t 41 24
m0 0 14
m1 8 0
m2 0 14
1 0 3
2 0 3
3 0 3
t 40 24
m0 0 14
m1 9 0
m2 0 14
1 1 3
2 1 3
3 1 3
t 39 24
m0 0 14
m1 8 0
m2 0 14
1 0 3
2 0 3
3 0 3
t 38 24
m0 0 14
m1 9 0
m2 0 14
1 1 3
2 1 3
3 1 3
t 37 24
m0 0 14
m1 8 0
m2 0 14
1 0 3
2 0 3
3 0 3
t 36 24
m0 0 14
m1 9 0
m2 0 14
1 1 3
2 1 3
3 1 3
t 35 24
m0 0 14
m1 8 0
m2 0 14
1 0 3
2 0 3
3 0 3
t 34 24
m0 0 14
m1 9 0
m2 0 14
1 1 3
2 1 3
3 1 3
t 33 24
m0 0 14
m1 8 0
m2 0 14
1 0 3
2 0 3
3 0 3
t 32 24
m0 0 14
m1 9 0
m2 0 14
1 1 3
2 1 3
3 1 3
t 31 24
m0 0 14
m1 8 0
m2 0 14
1 0 3
2 0 3
3 0 3
t 30 24
m0 0 14
m1 9 0
m2 0 14
1 1 3
2 1 3
3 1 3
t 29 24
m0 0 14
m1 8 0
m2 0 14
1 0 3
2 0 3
3 0 3
t 28 24
m0 0 14
m1 9 0
m2 0 14
1 1 3
2 1 3
3 1 3
t 27 24
m0 0 14
m1 8 0
m2 0 14
1 0 3
2 0 3
3 0 3
t 26 24
m0 0 14
m1 9 0
m2 0 14
1 1 3
2 1 3
3 1 3
t 25 24
m0 0 14
m1 8 0
m2 0 14
1 0 3
2 0 3
3 0 3
t 24 24
m0 0 14
m1 9 0
m2 0 14
1 1 3
2 1 3
3 1 3
t 23 24
m0 0 14
m1 8 0
m2 0 14
1 0 3
2 0 3
3 0 3
t 22 24
m0 0 14
m1 9 0
m2 0 14
1 1 3
2 1 3
3 1 3
t 21 24
m0 0 14
m1 8 0
m2 0 14
1 0 3
2 0 3
3 0 3
t 20 24
m0 0 14
m1 9 0
m2 0 14
1 1 3
2 1 3
3 1 3
t 19 24
m0 0 14
m1 8 0
m2 0 14
1 0 3
2 0 3
3 0 3
t 18 24
m0 0 14
m1 9 0
m2 0 14
1 1 3
2 1 3
3 1 3
t 17 24
m0 0 14
m1 8 0
m2 0 14
1 0 3
2 0 3
3 0 3
t 16 24
m0 0 14
m1 9 0
m2 0 14
1 1 3
2 1 3
3 1 3
t 15 24
m0 0 14
m1 8 0
m2 0 14
1 0 3
2 0 3
3 0 3
t 14 24
m0 0 14
m1 9 0
m2 0 14
1 1 3
2 1 3
3 1 3
t 13 24
m0 0 14
m1 8 0
m2 0 14
1 0 3
2 0 3
3 0 3
t 12 24
m0 0 14
m1 9 0
m2 0 14
1 1 3
2 1 3
3 1 3
t 11 24
m0 0 14
m1 8 0
m2 0 14
1 0 3
2 0 3
3 0 3
t 10 24
m0 0 14
m1 9 0
m2 0 14
1 1 3
2 1 3
3 1 3
t 9 24
m0 0 14
m1 8 0
m2 0 14
1 0 3
2 0 3
3 0 3
t 8 24
m0 0 14
m1 9 0
m2 0 14
1 1 3
2 1 3
3 1 3
t 7 24
m0 0 14
m1 8 0
m2 0 14
1 0 3
2 0 3
3 0 3
t 6 24
m0 0 14
m1 9 0
m2 0 14
1 1 3
2 1 3
3 1 3
t 5 24
m0 0 14
m1 8 0
m2 0 14
1 0 3
2 0 3
3 0 3
t 4 24
m0 0 14
m1 9 0
m2 0 14
1 1 3
2 1 3
3 1 3
t 3 24
m0 0 14
m1 8 0
m2 0 14
1 0 3
2 0 3
3 0 3
t 2 24
m0 0 14
m1 9 0
m2 0 14
1 1 3
2 1 3
3 1 3
t 1 24
m0 0 14
m1 8 0
m2 0 14
1 1 3
2 1 3
3 1 3
t 0 24
