10
15
w 9 1
w 3 11
w 8 9
w 6 2
w 0 10
w 2 5
w 4 9
w 2 9
w 8 1
w 6 10
w 1 14
w 0 11
w 4 1
w 6 4
w 7 14
w 0 0
w 9 14
w 3 2
w 5 4
w 5 11
w 4 5
w 8 2
w 8 11
w 6 0
w 1 4
w 1 0
w 2 14
w 9 13
w 6 8
w 3 1
w 2 11
w 3 8
w 8 8
w 6 13
w 1 7
w 0 9
w 7 8
p 7 3
p 6 9
p 5 6
p 2 8
p 9 8
p 8 0
p 3 0
p 1 6
p 2 12
p 7 11
p 3 7
p 0 3
p 8 5
p 7 2
p 1 2
p 8 14
p 9 0
p 6 7
p 3 3
p 5 12
p 4 4
p 6 3
p 1 5
p 2 13
p 5 0
p 7 10
p 1 10
p 8 6
p 3 4
p 1 1
p 3 13
p 7 1
p 1 13
p 6 11
p 9 3
p 4 14
p 0 12
p 2 3
p 0 5
p 8 7
p 0 8
p 7 9
p 2 7
p 8 3
p 7 0
p 3 12
p 1 12
p 9 2
p 6 1
p 0 13
p 5 14
p 1 8
p 4 3
p 5 2
p 2 4
p 8 4
m0 0 14
m1 0 14
m2 0 14
1 9 0
2 9 0
3 9 0
t 300 0
m0 0 14
m1 0 14
m2 0 14
1 8 0
2 8 0
3 8 0
t 299 0
m0 0 14
m1 0 14
m2 0 13
1 9 0
2 9 0
3 7 0
t 298 1
m0 0 13
m1 0 13
m2 0 14
1 8 0
2 8 0
3 7 1
t 297 1
m0 0 14
m1 0 14
m2 0 13
1 9 0
2 9 0
3 6 1
t 296 1
m0 0 14
m1 0 13
m2 1 13
1 8 0
2 8 0
3 5 1
t 295 2
m0 0 14
m1 1 13
m2 1 13
1 9 0
2 9 0
3 5 2
t 294 2
m0 0 14
m1 1 13
m2 1 13
1 8 0
2 8 0
3 4 2
t 293 2
m0 0 13
m1 1 13
m2 1 13
1 9 0
2 9 0
3 4 3
t 292 2
m0 0 14
m1 1 13
m2 2 13
1 8 0
2 8 0
3 3 3
t 291 3
m0 0 13
m1 0 13
m2 2 12
1 9 0
2 9 0
3 2 3
t 290 4
m0 0 12
m1 0 12
m2 3 12
1 8 0
2 8 0
3 1 3
t 289 6
m0 0 13
m1 0 13
m2 3 13
1 9 0
2 9 0
3 0 3
t 288 7
m0 0 14
m1 0 14
m2 3 13
1 8 0
2 8 0
3 0 4
f 7 6
t 287 7
m0 0 13
m1 0 13
m2 3 12
1 9 0
2 9 0
3 0 5
t 286 7
m0 0 14
m1 0 14
m2 3 12
1 8 0
2 8 0
3 0 6
t 285 7
m0 0 13
m1 0 13
m2 4 12
1 9 0
2 9 0
3 0 7
t 284 7
m0 0 14
m1 0 14
m2 5 12
1 8 0
2 8 0
3 0 8
t 283 8
m0 0 13
m1 0 13
m2 5 12
1 9 0
2 9 0
3 1 8
t 282 8
m0 0 14
m1 0 14
m2 4 12
1 8 0
2 8 0
3 0 8
t 281 8
m0 0 14
m1 0 14
m2 4 11
1 9 0
2 9 0
3 1 8
t 280 8
m0 0 13
m1 0 13
m2 4 10
1 8 0
2 8 0
3 0 8
t 279 8
m0 0 14
m1 0 14
m2 5 10
1 9 0
2 9 0
3 1 8
t 278 8
m0 0 13
m1 0 13
m2 4 10
1 8 0
2 8 0
3 0 8
t 277 8
m0 0 14
m1 0 14
m2 3 10
1 9 0
2 9 0
3 1 8
t 276 8
m0 0 13
m1 0 13
m2 3 10
1 8 0
2 8 0
3 0 8
t 275 8
m0 0 14
m1 0 14
m2 2 10
1 9 0
2 9 0
3 1 8
t 274 8
m0 0 13
m1 0 13
m2 3 10
1 8 0
2 8 0
3 0 8
t 273 8
m0 0 12
m1 0 12
m2 3 9
1 9 0
2 9 0
3 1 8
t 272 8
m0 0 13
m1 0 13
m2 3 10
1 8 0
2 8 0
3 0 8
t 271 8
m0 1 13
m1 1 13
m2 4 10
1 9 0
2 9 0
3 1 8
t 270 8
m0 2 13
m1 2 13
m2 4 10
1 8 0
2 8 0
3 0 8
t 269 8
m0 3 13
m1 3 13
m2 4 10
1 9 0
2 9 0
3 1 8
t 268 8
m0 3 12
m1 3 12
m2 5 10
1 8 0
2 8 0
3 0 8
t 267 8
m0 3 13
m1 3 13
m2 4 10
1 9 0
2 9 0
3 1 8
t 266 8
m0 2 13
m1 2 13
m2 4 10
1 8 0
2 8 0
3 0 8
t 265 8
m0 3 13
m1 3 13
m2 5 10
1 9 0
2 9 0
3 1 8
t 264 8
m0 3 12
m1 3 12
m2 5 10
1 8 0
2 8 0
3 0 8
t 263 8
m0 3 12
m1 3 12
m2 4 10
1 9 0
2 9 0
3 1 8
t 262 8
m0 3 13
m1 3 13
m2 4 10
1 8 0
2 8 0
3 0 8
t 261 8
m0 2 13
m1 2 13
m2 4 10
1 9 0
2 9 0
3 1 8
t 260 8
m0 3 13
m1 3 13
m2 5 10
1 8 0
2 8 0
3 0 8
t 259 8
m0 3 12
m1 3 12
m2 5 9
1 9 0
2 9 0
3 1 8
t 258 8
m0 2 12
m1 2 12
m2 5 9
1 8 0
2 8 0
3 0 8
t 257 8
m0 3 12
m1 3 12
m2 5 10
1 9 0
2 9 0
3 1 8
t 256 8
m0 3 12
m1 3 12
m2 5 9
1 8 0
2 8 0
3 0 8
t 255 8
m0 3 13
m1 3 13
m2 5 8
1 9 0
2 9 0
3 1 8
t 254 8
m0 3 13
m1 3 13
m2 4 8
1 8 0
2 8 0
3 0 8
t 253 8
m0 3 13
m1 3 13
m2 5 8
1 9 0
2 9 0
3 1 8
t 252 8
m0 2 13
m1 2 13
m2 5 8
1 8 0
2 8 0
3 0 8
t 251 8
m0 3 13
m1 3 13
m2 5 7
1 9 0
2 9 0
3 1 8
t 250 8
m0 3 12
m1 3 12
m2 5 6
1 8 0
2 8 0
3 0 8
t 249 9
m0 3 13
m1 3 13
m2 6 6
1 9 0
2 9 0
3 1 8
t 248 9
m0 3 13
m1 3 13
m2 7 6
1 8 0
2 8 0
3 0 8
t 247 19
m0 2 13
m1 2 13
m2 7 7
1 9 0
2 9 0
3 1 8
t 246 19
m0 3 13
m1 3 13
m2 7 7
1 8 0
2 8 0
3 0 8
t 245 19
m0 3 13
m1 3 13
m2 7 6
1 9 0
2 9 0
3 1 8
t 244 19
m0 3 12
m1 3 12
m2 7 7
1 8 0
2 8 0
3 0 8
t 243 19
m0 3 13
m1 3 13
m2 7 6
1 9 0
2 9 0
3 1 8
t 242 19
m0 2 13
m1 2 13
m2 8 6
1 8 0
2 8 0
3 0 8
t 241 20
m0 1 13
m1 1 13
m2 9 6
1 9 0
2 9 0
3 1 8
t 240 20
m0 2 13
m1 2 13
m2 9 6
1 8 0
2 8 0
3 0 8
t 239 20
m0 2 13
m1 2 13
m2 9 7
1 9 0
2 9 0
3 1 8
t 238 20
m0 3 13
m1 3 13
m2 9 8
1 8 0
2 8 0
3 0 8
t 237 21
m0 2 13
m1 2 13
m2 9 7
1 9 0
2 9 0
3 1 8
t 236 21
m0 2 12
m1 2 12
m2 9 6
1 8 0
2 8 0
3 0 8
t 235 21
m0 2 13
m1 2 13
m2 9 5
1 9 0
2 9 0
3 1 8
t 234 21
m0 3 13
m1 3 13
m2 9 5
1 8 0
2 8 0
3 0 8
t 233 21
m0 2 13
m1 2 13
m2 9 4
1 9 0
2 9 0
3 1 8
t 232 21
m0 2 13
m1 2 13
m2 9 5
1 8 0
2 8 0
3 0 8
t 231 21
m0 2 13
m1 2 13
m2 8 5
1 9 0
2 9 0
3 1 8
t 230 22
m0 2 12
m1 2 12
m2 9 5
1 8 0
2 8 0
3 0 8
t 229 22
m0 2 13
m1 2 13
m2 8 5
1 9 0
2 9 0
3 1 8
t 228 22
m0 3 13
m1 3 13
m2 9 5
1 8 0
2 8 0
3 0 8
t 227 22
m0 2 13
m1 2 13
m2 9 4
1 9 0
2 9 0
3 1 8
t 226 22
m0 1 13
m1 1 13
m2 9 5
1 8 0
2 8 0
3 0 8
t 225 22
m0 2 13
m1 2 13
m2 9 6
1 9 0
2 9 0
3 1 8
t 224 22
m0 3 13
m1 3 13
m2 8 6
1 8 0
2 8 0
3 0 8
t 223 22
m0 3 13
m1 3 13
m2 8 6
1 9 0
2 9 0
3 1 8
f 6 12
t 222 22
m0 3 12
m1 3 12
m2 9 6
1 8 0
2 8 0
3 0 8
t 221 22
m0 3 13
m1 3 13
m2 9 6
1 9 0
2 9 0
3 1 8
t 220 22
m0 3 13
m1 3 13
m2 9 7
1 8 0
2 8 0
3 0 8
t 219 22
m0 3 13
m1 3 13
m2 9 6
1 9 0
2 9 0
3 1 8
t 218 22
m0 3 12
m1 3 12
m2 9 7
1 8 0
2 8 0
3 0 8
t 217 22
m0 4 12
m1 4 12
m2 9 7
1 9 0
2 9 0
3 1 8
t 216 22
m0 5 12
m1 5 12
m2 9 7
1 8 0
2 8 0
3 0 8
t 215 22
m0 6 12
m1 6 12
m2 9 7
1 9 0
2 9 0
3 1 8
t 214 32
m0 5 12
m1 5 12
m2 9 8
1 8 0
2 8 0
3 0 8
t 213 32
m0 5 12
m1 5 12
m2 9 7
1 9 0
2 9 0
3 1 8
t 212 32
m0 5 12
m1 5 12
m2 9 7
1 8 0
2 8 0
3 0 8
t 211 32
m0 4 12
m1 4 12
m2 9 6
1 9 0
2 9 0
3 1 8
f 3 9
t 210 32
m0 3 12
m1 3 12
m2 9 6
1 8 0
2 8 0
3 0 8
t 209 32
m0 3 13
m1 3 13
m2 9 5
1 9 0
2 9 0
3 1 8
t 208 32
m0 2 13
m1 2 13
m2 9 4
1 8 0
2 8 0
3 0 8
t 207 32
m0 3 13
m1 3 13
m2 8 4
1 9 0
2 9 0
3 1 8
t 206 33
m0 2 13
m1 2 13
m2 7 4
1 8 0
2 8 0
3 0 8
t 205 33
m0 3 13
m1 3 13
m2 7 4
1 9 0
2 9 0
3 1 8
t 204 33
m0 3 12
m1 3 12
m2 7 5
1 8 0
2 8 0
3 0 8
t 203 33
m0 3 13
m1 3 13
m2 7 4
1 9 0
2 9 0
3 1 8
t 202 33
m0 2 13
m1 2 13
m2 7 4
1 8 0
2 8 0
3 0 8
t 201 33
m0 2 12
m1 2 12
m2 7 3
1 9 0
2 9 0
3 1 8
t 200 34
m0 2 13
m1 2 13
m2 7 3
1 8 0
2 8 0
3 0 8
t 199 34
m0 1 13
m1 1 13
m2 7 2
1 9 0
2 9 0
3 1 8
t 198 35
m0 0 13
m1 0 13
m2 7 1
1 8 0
2 8 0
3 0 8
t 197 36
m0 0 13
m1 0 13
m2 7 1
1 9 0
2 9 0
3 1 8
t 196 36
m0 0 14
m1 0 14
m2 6 1
1 8 0
2 8 0
3 0 8
t 195 37
m0 0 13
m1 0 13
m2 5 1
1 9 0
2 9 0
3 1 8
t 194 37
m0 0 14
m1 0 14
m2 5 1
1 8 0
2 8 0
3 0 8
t 193 37
m0 0 13
m1 0 13
m2 6 1
1 9 0
2 9 0
3 1 8
t 192 37
m0 0 14
m1 0 14
m2 5 1
1 8 0
2 8 0
3 0 8
t 191 37
m0 0 14
m1 0 14
m2 5 0
1 9 0
2 9 0
3 1 8
t 190 38
m0 0 13
m1 0 13
m2 5 1
1 8 0
2 8 0
3 0 8
t 189 38
m0 0 13
m1 0 13
m2 5 1
1 9 0
2 9 0
3 1 8
t 188 38
m0 0 13
m1 0 13
m2 6 1
1 8 0
2 8 0
3 0 8
t 187 38
m0 0 12
m1 0 12
m2 5 1
1 9 0
2 9 0
3 1 8
t 186 38
m0 0 13
m1 0 13
m2 5 0
1 8 0
2 8 0
3 0 8
t 185 38
m0 0 14
m1 0 14
m2 5 0
1 9 0
2 9 0
3 1 8
t 184 38
m0 0 13
m1 0 13
m2 4 0
1 8 0
2 8 0
3 0 8
t 183 38
m0 0 14
m1 0 14
m2 3 0
1 9 0
2 9 0
3 1 8
t 182 39
m0 0 13
m1 0 13
m2 3 0
1 8 0
2 8 0
3 0 8
t 181 39
m0 0 14
m1 0 14
m2 4 0
1 9 0
2 9 0
3 1 8
t 180 39
m0 0 14
m1 0 14
m2 4 0
1 8 0
2 8 0
3 0 8
t 179 39
m0 0 14
m1 0 14
m2 3 0
1 9 0
2 9 0
3 1 8
t 178 39
m0 0 14
m1 0 14
m2 3 0
1 8 0
2 8 0
3 0 8
t 177 39
m0 0 14
m1 0 14
m2 2 0
1 9 0
2 9 0
3 1 8
t 176 39
m0 0 13
m1 0 13
m2 3 0
1 8 0
2 8 0
3 0 8
t 175 39
m0 0 14
m1 0 14
m2 4 0
1 9 0
2 9 0
3 1 8
t 174 39
m0 0 13
m1 0 13
m2 3 0
1 8 0
2 8 0
3 0 8
t 173 39
m0 0 14
m1 0 14
m2 4 0
1 9 0
2 9 0
3 1 8
t 172 39
m0 0 14
m1 0 14
m2 3 0
1 8 0
2 8 0
3 0 8
t 171 39
m0 0 13
m1 0 13
m2 4 0
1 9 0
2 9 0
3 1 8
t 170 39
m0 0 14
m1 0 14
m2 4 0
1 8 0
2 8 0
3 0 8
t 169 39
m0 0 13
m1 0 13
m2 5 0
1 9 0
2 9 0
3 1 8
t 168 39
m0 0 14
m1 0 14
m2 5 1
1 8 0
2 8 0
3 0 8
t 167 39
m0 0 13
m1 0 13
m2 5 2
1 9 0
2 9 0
3 1 8
t 166 40
m0 0 14
m1 0 14
m2 5 1
1 8 0
2 8 0
3 0 8
t 165 40
m0 0 14
m1 0 14
m2 5 0
1 9 0
2 9 0
3 1 8
t 164 40
m0 0 14
m1 0 14
m2 4 0
1 8 0
2 8 0
3 0 8
t 163 40
m0 0 13
m1 0 13
m2 3 0
1 9 0
2 9 0
3 1 8
t 162 40
m0 0 14
m1 0 14
m2 2 0
1 8 0
2 8 0
3 0 8
t 161 40
m0 0 14
m1 0 14
m2 2 0
1 9 0
2 9 0
3 1 8
t 160 40
m0 0 14
m1 0 14
m2 3 0
1 8 0
2 8 0
3 0 8
t 159 40
m0 0 13
m1 0 13
m2 4 0
1 9 0
2 9 0
3 1 8
t 158 40
m0 0 14
m1 0 14
m2 5 0
1 8 0
2 8 0
3 0 8
t 157 40
m0 0 14
m1 0 14
m2 5 1
1 9 0
2 9 0
3 1 8
t 156 40
m0 0 14
m1 0 14
m2 5 1
1 8 0
2 8 0
3 0 8
t 155 40
m0 0 13
m1 0 13
m2 5 1
1 9 0
2 9 0
3 1 8
t 154 40
m0 0 12
m1 0 12
m2 5 0
1 8 0
2 8 0
3 0 8
t 153 40
m0 0 13
m1 0 13
m2 4 0
1 9 0
2 9 0
3 1 8
t 152 40
m0 0 14
m1 0 14
m2 4 0
1 8 0
2 8 0
3 0 8
t 151 40
m0 0 13
m1 0 13
m2 4 0
1 9 0
2 9 0
3 1 8
t 150 40
m0 1 13
m1 1 13
m2 4 0
1 8 0
2 8 0
3 0 8
t 149 40
m0 2 13
m1 2 13
m2 5 0
1 9 0
2 9 0
3 1 8
t 148 40
m0 2 13
m1 2 13
m2 4 0
1 8 0
2 8 0
3 0 8
t 147 40
m0 3 13
m1 3 13
m2 5 0
1 9 0
2 9 0
3 1 8
t 146 40
m0 3 12
m1 3 12
m2 5 0
1 8 0
2 8 0
3 0 8
t 145 40
m0 4 12
m1 4 12
m2 5 1
1 9 0
2 9 0
3 1 8
t 144 40
m0 4 12
m1 4 12
m2 5 1
1 8 0
2 8 0
3 0 8
t 143 40
m0 4 11
m1 4 11
m2 5 1
1 9 0
2 9 0
3 1 8
t 142 40
m0 4 10
m1 4 10
m2 5 0
1 8 0
2 8 0
3 0 8
t 141 40
m0 3 10
m1 3 10
m2 4 0
1 9 0
2 9 0
3 1 8
t 140 40
m0 3 9
m1 3 9
m2 3 0
1 8 0
2 8 0
3 0 8
t 139 50
m0 3 10
m1 3 10
m2 2 0
1 9 0
2 9 0
3 1 8
t 138 50
m0 3 9
m1 3 9
m2 2 0
1 8 0
2 8 0
3 0 8
t 137 50
m0 3 10
m1 3 10
m2 3 0
1 9 0
2 9 0
3 1 8
t 136 50
m0 4 10
m1 4 10
m2 3 0
1 8 0
2 8 0
3 0 8
t 135 50
m0 4 10
m1 4 10
m2 2 0
1 9 0
2 9 0
3 1 8
t 134 50
m0 3 10
m1 3 10
m2 2 0
1 8 0
2 8 0
3 0 8
f 7 3
t 133 50
m0 4 10
m1 4 10
m2 2 1
1 9 0
2 9 0
3 1 8
t 132 50
m0 4 10
m1 4 10
m2 1 1
1 8 0
2 8 0
3 0 8
t 131 51
m0 4 10
m1 4 10
m2 2 1
1 9 0
2 9 0
3 1 8
t 130 51
m0 3 10
m1 3 10
m2 2 1
1 8 0
2 8 0
3 0 8
t 129 51
m0 4 10
m1 4 10
m2 2 0
1 9 0
2 9 0
3 1 8
t 128 51
m0 4 10
m1 4 10
m2 2 0
1 8 0
2 8 0
3 0 8
t 127 51
m0 4 10
m1 4 10
m2 2 1
1 9 0
2 9 0
3 1 8
t 126 51
m0 4 11
m1 4 11
m2 1 1
1 8 0
2 8 0
3 0 8
t 125 51
m0 4 11
m1 4 11
m2 0 1
1 9 0
2 9 0
3 1 8
t 124 51
m0 4 12
m1 4 12
m2 1 1
1 8 0
2 8 0
3 0 8
t 123 51
m0 4 11
m1 4 11
m2 2 1
1 9 0
2 9 0
3 1 8
t 122 51
m0 4 10
m1 4 10
m2 2 0
1 8 0
2 8 0
3 0 8
t 121 51
m0 3 10
m1 3 10
m2 2 0
1 9 0
2 9 0
3 1 8
t 120 51
m0 3 9
m1 3 9
m2 2 0
1 8 0
2 8 0
3 0 8
t 119 51
m0 3 9
m1 3 9
m2 2 1
1 9 0
2 9 0
3 1 8
t 118 51
m0 3 10
m1 3 10
m2 2 2
1 8 0
2 8 0
3 0 8
t 117 51
m0 3 9
m1 3 9
m2 2 1
1 9 0
2 9 0
3 1 8
t 116 51
m0 3 10
m1 3 10
m2 2 1
1 8 0
2 8 0
3 0 8
t 115 51
m0 3 9
m1 3 9
m2 2 1
1 9 0
2 9 0
3 1 8
t 114 51
m0 3 10
m1 3 10
m2 2 2
1 8 0
2 8 0
3 0 8
t 113 51
m0 4 10
m1 4 10
m2 2 1
1 9 0
2 9 0
3 1 8
t 112 51
m0 5 10
m1 5 10
m2 1 1
1 8 0
2 8 0
3 0 8
t 111 51
m0 4 10
m1 4 10
m2 2 1
1 9 0
2 9 0
3 1 8
t 110 51
m0 4 10
m1 4 10
m2 2 0
1 8 0
2 8 0
3 0 8
t 109 51
m0 4 10
m1 4 10
m2 3 0
1 9 0
2 9 0
3 1 8
t 108 51
m0 4 10
m1 4 10
m2 3 0
1 8 0
2 8 0
3 0 8
t 107 51
m0 3 10
m1 3 10
m2 2 0
1 9 0
2 9 0
3 1 8
t 106 51
m0 4 10
m1 4 10
m2 3 0
1 8 0
2 8 0
3 0 8
t 105 51
m0 4 10
m1 4 10
m2 2 0
1 9 0
2 9 0
3 1 8
t 104 51
m0 4 10
m1 4 10
m2 3 0
1 8 0
2 8 0
3 0 8
t 103 51
m0 3 10
m1 3 10
m2 4 0
1 9 0
2 9 0
3 1 8
t 102 51
m0 2 10
m1 2 10
m2 4 0
1 8 0
2 8 0
3 0 8
t 101 51
m0 3 10
m1 3 10
m2 5 0
1 9 0
2 9 0
3 1 8
t 100 51
m0 3 9
m1 3 9
m2 5 1
1 8 0
2 8 0
3 0 8
t 99 51
m0 3 10
m1 3 10
m2 5 0
1 9 0
2 9 0
3 1 8
t 98 51
m0 4 10
m1 4 10
m2 5 0
1 8 0
2 8 0
3 0 8
t 97 51
m0 4 11
m1 4 11
m2 5 0
1 9 0
2 9 0
3 1 8
t 96 51
m0 4 10
m1 4 10
m2 4 0
1 8 0
2 8 0
3 0 8
t 95 51
m0 5 10
m1 5 10
m2 5 0
1 9 0
2 9 0
3 1 8
t 94 51
m0 4 10
m1 4 10
m2 5 0
1 8 0
2 8 0
3 0 8
t 93 51
m0 5 10
m1 5 10
m2 5 0
1 9 0
2 9 0
3 1 8
t 92 51
m0 4 10
m1 4 10
m2 5 1
1 8 0
2 8 0
3 0 8
t 91 51
m0 4 10
m1 4 10
m2 5 2
1 9 0
2 9 0
3 1 8
t 90 51
m0 4 11
m1 4 11
m2 5 3
1 8 0
2 8 0
3 0 8
t 89 51
m0 4 12
m1 4 12
m2 6 3
1 9 0
2 9 0
3 1 8
t 88 52
m0 5 12
m1 5 12
m2 7 3
1 8 0
2 8 0
3 0 8
t 87 62
m0 5 13
m1 5 13
m2 6 3
1 9 0
2 9 0
3 1 8
t 86 62
m0 5 12
m1 5 12
m2 6 3
1 8 0
2 8 0
3 0 8
t 85 62
m0 4 12
m1 4 12
m2 5 3
1 9 0
2 9 0
3 1 8
t 84 62
m0 4 12
m1 4 12
m2 5 2
1 8 0
2 8 0
3 0 8
t 83 62
m0 4 11
m1 4 11
m2 5 3
1 9 0
2 9 0
3 1 8
t 82 62
m0 4 12
m1 4 12
m2 5 2
1 8 0
2 8 0
3 0 8
t 81 62
m0 4 12
m1 4 12
m2 5 3
1 9 0
2 9 0
3 1 8
t 80 62
m0 4 11
m1 4 11
m2 6 3
1 8 0
2 8 0
3 0 8
t 79 62
m0 4 12
m1 4 12
m2 7 3
1 9 0
2 9 0
3 1 8
t 78 62
m0 3 12
m1 3 12
m2 7 4
1 8 0
2 8 0
3 0 8
t 77 62
m0 3 13
m1 3 13
m2 7 4
1 9 0
2 9 0
3 1 8
t 76 62
m0 3 12
m1 3 12
m2 7 4
1 8 0
2 8 0
3 0 8
t 75 62
m0 2 12
m1 2 12
m2 8 4
1 9 0
2 9 0
3 1 8
t 74 62
m0 3 12
m1 3 12
m2 8 3
1 8 0
2 8 0
3 0 8
t 73 63
m0 3 13
m1 3 13
m2 8 3
1 9 0
2 9 0
3 1 8
t 72 63
m0 3 12
m1 3 12
m2 8 4
1 8 0
2 8 0
3 0 8
t 71 63
m0 3 13
m1 3 13
m2 7 4
1 9 0
2 9 0
3 1 8
t 70 63
m0 3 14
m1 3 14
m2 7 4
1 8 0
2 8 0
3 0 8
t 69 63
m0 3 13
m1 3 13
m2 7 3
1 9 0
2 9 0
3 1 8
t 68 63
m0 2 13
m1 2 13
m2 8 3
1 8 0
2 8 0
3 0 8
t 67 63
m0 2 12
m1 2 12
m2 9 3
1 9 0
2 9 0
3 1 8
t 66 64
m0 2 13
m1 2 13
m2 8 3
1 8 0
2 8 0
3 0 8
t 65 64
m0 2 13
m1 2 13
m2 8 4
1 9 0
2 9 0
3 1 8
t 64 64
m0 3 13
m1 3 13
m2 9 4
1 8 0
2 8 0
3 0 8
t 63 64
m0 2 13
m1 2 13
m2 8 4
1 9 0
2 9 0
3 1 8
t 62 64
m0 1 13
m1 1 13
m2 8 4
1 8 0
2 8 0
3 0 8
t 61 64
m0 2 13
m1 2 13
m2 9 4
1 9 0
2 9 0
3 1 8
t 60 64
m0 3 13
m1 3 13
m2 9 3
1 8 0
2 8 0
3 0 8
f 2 2
t 59 64
m0 3 14
m1 3 14
m2 8 3
1 9 0
2 9 0
3 1 8
t 58 64
m0 3 13
m1 3 13
m2 9 3
1 8 0
2 8 0
3 0 8
t 57 64
m0 2 13
m1 2 13
m2 9 3
1 9 0
2 9 0
3 1 8
t 56 64
m0 2 12
m1 2 12
m2 9 2
1 8 0
2 8 0
3 0 8
t 55 65
m0 3 12
m1 3 12
m2 9 2
1 9 0
2 9 0
3 1 8
t 54 65
m0 3 13
m1 3 13
m2 9 2
1 8 0
2 8 0
3 0 8
t 53 65
m0 2 13
m1 2 13
m2 9 2
1 9 0
2 9 0
3 1 8
t 52 65
m0 2 12
m1 2 12
m2 9 2
1 8 0
2 8 0
3 0 8
t 51 65
m0 2 12
m1 2 12
m2 9 3
1 9 0
2 9 0
3 1 8
t 50 65
m0 3 12
m1 3 12
m2 9 4
1 8 0
2 8 0
3 0 8
t 49 65
m0 4 12
m1 4 12
m2 9 3
1 9 0
2 9 0
3 1 8
t 48 65
m0 3 12
m1 3 12
m2 9 3
1 8 0
2 8 0
3 0 8
t 47 65
m0 4 12
m1 4 12
m2 8 3
1 9 0
2 9 0
3 1 8
t 46 65
m0 5 12
m1 5 12
m2 8 3
1 8 0
2 8 0
3 0 8
t 45 65
m0 5 13
m1 5 13
m2 9 3
1 9 0
2 9 0
3 1 8
t 44 65
m0 5 13
m1 5 13
m2 9 4
1 8 0
2 8 0
3 0 8
t 43 65
m0 4 13
m1 4 13
m2 9 3
1 9 0
2 9 0
3 1 8
t 42 65
m0 3 13
m1 3 13
m2 9 4
1 8 0
2 8 0
3 0 8
t 41 65
m0 2 13
m1 2 13
m2 9 3
1 9 0
2 9 0
3 1 8
t 40 65
m0 3 13
m1 3 13
m2 9 3
1 8 0
2 8 0
3 0 8
t 39 65
m0 3 14
m1 3 14
m2 8 3
1 9 0
2 9 0
3 1 8
t 38 65
m0 3 13
m1 3 13
m2 7 3
1 8 0
2 8 0
3 0 8
t 37 65
m0 3 14
m1 3 14
m2 7 2
1 9 0
2 9 0
3 1 8
t 36 65
m0 3 13
m1 3 13
m2 7 2
1 8 0
2 8 0
3 0 8
t 35 65
m0 4 13
m1 4 13
m2 7 2
1 9 0
2 9 0
3 1 8
t 34 65
m0 3 13
m1 3 13
m2 7 3
1 8 0
2 8 0
3 0 8
t 33 65
m0 2 13
m1 2 13
m2 7 4
1 9 0
2 9 0
3 1 8
t 32 65
m0 2 12
m1 2 12
m2 7 5
1 8 0
2 8 0
3 0 8
t 31 65
m0 3 12
m1 3 12
m2 7 5
1 9 0
2 9 0
3 1 8
t 30 65
m0 3 13
m1 3 13
m2 7 6
1 8 0
2 8 0
3 0 8
t 29 65
m0 3 12
m1 3 12
m2 8 6
1 9 0
2 9 0
3 1 8
t 28 65
m0 4 12
m1 4 12
m2 8 5
1 8 0
2 8 0
3 0 8
t 27 65
m0 5 12
m1 5 12
m2 8 6
1 9 0
2 9 0
3 1 8
t 26 65
m0 4 12
m1 4 12
m2 7 6
1 8 0
2 8 0
3 0 8
t 25 65
m0 5 12
m1 5 12
m2 7 5
1 9 0
2 9 0
3 1 8
t 24 65
m0 6 12
m1 6 12
m2 7 4
1 8 0
2 8 0
3 0 8
t 23 65
m0 5 12
m1 5 12
m2 8 4
1 9 0
2 9 0
3 1 8
t 22 65
m0 5 12
m1 5 12
m2 8 3
1 8 0
2 8 0
3 0 8
t 21 65
m0 5 13
m1 5 13
m2 9 3
1 9 0
2 9 0
3 1 8
t 20 65
m0 5 12
m1 5 12
m2 9 4
1 8 0
2 8 0
3 0 8
t 19 65
m0 5 13
m1 5 13
m2 9 4
1 9 0
2 9 0
3 1 8
t 18 65
m0 4 13
m1 4 13
m2 9 4
1 8 0
2 8 0
3 0 8
t 17 65
m0 3 13
m1 3 13
m2 9 4
1 9 0
2 9 0
3 1 8
t 16 65
m0 2 13
m1 2 13
m2 9 3
1 8 0
2 8 0
3 0 8
t 15 65
m0 1 13
m1 1 13
m2 9 3
1 9 0
2 9 0
3 1 8
t 14 65
m0 2 13
m1 2 13
m2 9 3
1 8 0
2 8 0
3 0 8
t 13 65
m0 2 13
m1 2 13
m2 9 4
1 9 0
2 9 0
3 1 8
t 12 65
m0 2 13
m1 2 13
m2 9 3
1 8 0
2 8 0
3 0 8
t 11 65
m0 3 13
m1 3 13
m2 9 3
1 9 0
2 9 0
3 1 8
t 10 65
m0 2 13
m1 2 13
m2 9 4
1 8 0
2 8 0
3 0 8
t 9 65
m0 3 13
m1 3 13
m2 9 3
1 9 0
2 9 0
3 1 8
t 8 65
m0 2 13
m1 2 13
m2 9 2
1 8 0
2 8 0
3 0 8
t 7 65
m0 2 12
m1 2 12
m2 9 2
1 9 0
2 9 0
3 1 8
t 6 65
m0 2 13
m1 2 13
m2 9 3
1 8 0
2 8 0
3 0 8
t 5 65
m0 3 13
m1 3 13
m2 9 2
1 9 0
2 9 0
3 1 8
t 4 65
m0 2 13
m1 2 13
m2 9 2
1 8 0
2 8 0
3 0 8
t 3 65
m0 3 13
m1 3 13
m2 9 2
1 9 0
2 9 0
3 1 8
t 2 65
m0 3 12
m1 3 12
m2 9 2
1 8 0
2 8 0
3 0 8
t 1 65
m0 3 13
m1 3 13
m2 9 3
1 8 0
2 8 0
3 0 8
t 0 65
