10
15
w 5 9
w 7 3
w 8 13
w 9 1
w 5 13
w 0 7
w 4 12
w 1 6
w 0 10
w 5 1
w 8 5
w 3 14
w 4 4
w 1 14
w 7 10
w 2 2
w 8 6
w 4 1
w 9 7
w 2 6
w 4 5
w 9 3
w 5 2
w 1 4
w 3 9
w 2 3
w 1 9
w 7 0
w 5 10
w 6 8
w 1 12
w 2 11
w 3 8
w 2 0
w 6 13
w 0 9
w 7 8
p 6 9
p 1 3
p 3 0
p 8 9
p 6 2
p 2 12
p 9 4
p 7 11
p 5 8
p 6 14
p 7 2
p 8 14
p 9 0
p 4 0
p 3 3
p 8 1
p 3 10
p 4 13
p 1 5
p 9 11
p 5 0
p 1 10
p 1 1
p 6 4
p 3 2
p 4 10
p 9 14
p 5 4
p 5 11
p 8 11
p 6 0
p 4 14
p 2 10
p 9 10
p 8 7
p 4 2
p 6 12
p 0 8
p 2 14
p 6 5
p 3 5
p 0 1
p 5 3
p 2 7
p 7 9
p 6 1
p 7 13
p 0 13
p 9 9
p 3 1
p 0 6
p 8 8
p 9 5
p 2 4
p 9 12
p 8 4
m0 0 14
m1 0 14
m2 0 14
1 9 0
2 9 0
3 9 0
t 300 0
m0 0 14
m1 0 13
m2 0 13
1 8 0
2 8 0
3 8 0
t 299 1
m0 0 14
m1 1 13
m2 0 14
1 9 0
2 9 0
3 8 1
f 7 12
t 298 1
m0 0 14
m1 2 13
m2 0 14
1 8 0
2 8 0
3 8 2
t 297 1
m0 0 14
m1 2 13
m2 0 14
1 8 1
2 9 0
3 9 2
t 296 1
m0 0 14
m1 2 12
m2 0 14
1 8 2
2 8 0
3 8 2
t 295 2
m0 0 14
m1 2 12
m2 0 14
1 9 2
2 9 0
3 8 1
t 294 2
m0 0 14
m1 2 12
m2 0 14
1 8 2
2 8 0
3 7 1
t 293 2
m0 0 14
m1 2 13
m2 0 14
1 9 2
2 9 0
3 6 1
t 292 2
m0 0 14
m1 2 13
m2 0 14
1 8 2
2 8 0
3 6 2
t 291 2
m0 0 14
m1 2 13
m2 0 14
1 8 3
2 9 0
3 6 1
t 290 2
m0 0 14
m1 3 13
m2 0 14
1 8 4
2 8 0
3 6 2
t 289 2
m0 0 14
m1 4 13
m2 0 14
1 9 4
2 9 0
3 7 2
t 288 3
m0 0 14
m1 4 13
m2 0 14
1 9 5
2 8 0
3 7 1
t 287 3
m0 0 14
m1 4 13
m2 0 14
1 9 6
2 9 0
3 7 2
t 286 3
m0 0 14
m1 4 14
m2 0 14
1 9 5
2 8 0
3 6 2
t 285 4
m0 0 14
m1 5 14
m2 0 14
1 9 6
2 9 0
3 6 1
t 284 4
m0 0 14
m1 6 14
m2 0 14
1 9 5
2 8 0
3 7 1
t 283 5
m0 0 14
m1 7 14
m2 0 14
1 9 4
2 9 0
3 8 1
t 282 5
m0 0 14
m1 6 14
m2 0 14
1 9 5
2 8 0
3 8 2
t 281 5
m0 0 14
m1 6 14
m2 0 14
1 9 6
2 9 0
3 7 2
t 280 5
m0 0 14
m1 7 14
m2 0 14
1 9 5
2 8 0
3 6 2
t 279 5
m0 0 14
m1 7 14
m2 0 14
1 9 6
2 9 0
3 7 2
t 278 5
m0 0 14
m1 7 13
m2 0 14
1 9 5
2 8 0
3 6 2
t 277 6
m0 0 14
m1 7 14
m2 0 14
1 9 4
2 9 0
3 7 2
t 276 6
m0 0 14
m1 8 14
m2 0 14
1 9 5
2 8 0
3 6 2
t 275 7
m0 0 14
m1 9 14
m2 0 14
1 9 4
2 9 0
3 6 3
t 274 8
m0 0 14
m1 9 14
m2 0 14
1 8 4
2 8 0
3 5 3
t 273 8
m0 0 14
m1 9 13
m2 0 14
1 9 4
2 9 0
3 4 3
t 272 8
m0 0 14
m1 9 12
m2 0 14
1 8 4
2 8 0
3 5 3
t 271 9
m0 0 14
m1 9 12
m2 0 14
1 8 3
2 9 0
3 4 3
t 270 9
m0 0 14
m1 9 11
m2 0 14
1 8 2
2 8 0
3 5 3
t 269 10
m0 0 14
m1 9 10
m2 0 14
1 8 3
2 9 0
3 5 4
t 268 11
m0 0 14
m1 9 9
m2 0 14
1 8 2
2 8 0
3 5 5
t 267 12
m0 0 14
m1 9 8
m2 0 14
1 8 3
2 9 0
3 5 6
t 266 12
m0 0 14
m1 9 8
m2 0 14
1 8 4
2 8 0
3 5 5
t 265 12
m0 0 14
m1 8 8
m2 0 14
1 9 4
2 9 0
3 5 6
t 264 13
m0 0 14
m1 8 7
m2 0 14
1 8 4
2 8 0
3 4 6
t 263 14
m0 0 14
m1 8 7
m2 0 14
1 7 4
2 9 0
3 3 6
t 262 14
m0 0 14
m1 8 8
m2 0 14
1 6 4
2 8 0
3 3 7
t 261 14
m0 0 14
m1 8 8
m2 0 14
1 5 4
2 9 0
3 2 7
t 260 14
m0 0 14
m1 8 9
m2 0 14
1 5 3
2 8 0
3 1 7
t 259 15
m0 0 14
m1 8 10
m2 0 14
1 5 4
2 9 0
3 1 8
t 258 15
m0 0 14
m1 8 9
m2 0 14
1 5 3
2 8 0
3 0 8
t 257 15
m0 0 14
m1 7 9
m2 0 14
1 4 3
2 9 0
3 1 8
t 256 16
m0 0 14
m1 6 9
m2 0 14
1 3 3
2 8 0
3 0 8
t 255 17
m0 0 14
m1 6 9
m2 0 14
1 3 2
2 9 0
3 1 8
t 254 17
m0 0 14
m1 6 10
m2 0 14
1 4 2
2 8 0
3 0 8
t 253 17
m0 0 14
m1 6 10
m2 0 14
1 3 2
2 9 0
3 1 8
t 252 17
m0 0 14
m1 6 10
m2 0 14
1 3 1
2 8 0
3 1 7
t 251 17
m0 0 14
m1 6 9
m2 0 14
1 2 1
2 9 0
3 1 8
t 250 17
m0 0 14
m1 6 9
m2 0 14
1 1 1
2 8 0
3 0 8
t 249 17
m0 0 14
m1 7 9
m2 0 14
1 1 2
2 9 0
3 1 8
t 248 17
m0 0 14
m1 7 9
m2 0 14
1 0 2
2 8 0
3 1 7
t 247 17
m0 0 14
m1 6 9
m2 0 14
1 0 1
2 9 0
3 2 7
t 246 17
m0 0 14
m1 7 9
m2 0 14
1 0 0
2 8 0
3 2 8
t 245 17
m0 0 14
m1 7 9
m2 0 14
1 0 1
2 9 0
3 1 8
t 244 17
m0 0 14
m1 8 9
m2 0 14
1 1 1
2 8 0
3 0 8
t 243 17
m0 0 14
m1 8 10
m2 0 14
1 1 2
2 9 0
3 1 8
t 242 17
m0 0 14
m1 8 11
m2 0 14
1 0 2
2 8 0
3 2 8
t 241 18
m0 0 14
m1 9 11
m2 0 14
1 0 1
2 9 0
3 2 7
t 240 18
m0 0 14
m1 9 10
m2 0 14
1 0 0
2 8 0
3 3 7
t 239 18
m0 0 14
m1 8 10
m2 0 14
1 1 0
2 9 0
3 2 7
t 238 18
m0 0 14
m1 9 10
m2 0 14
1 0 0
2 8 0
3 3 7
t 237 18
m0 0 14
m1 9 11
m2 0 14
1 0 1
2 9 0
3 3 6
t 236 18
m0 0 14
m1 9 11
m2 0 14
1 0 2
2 8 0
3 3 7
t 235 18
m0 0 14
m1 8 11
m2 0 14
1 0 1
2 9 0
3 4 7
t 234 18
m0 0 14
m1 8 12
m2 0 14
1 1 1
2 8 0
3 5 7
t 233 18
m0 0 14
m1 7 12
m2 0 14
1 2 1
2 9 0
3 6 7
t 232 28
m0 0 14
m1 7 12
m2 0 13
1 1 1
2 8 0
3 5 7
t 231 28
m0 0 14
m1 7 11
m2 1 13
1 0 1
2 9 0
3 5 6
t 230 29
m0 0 14
m1 7 12
m2 2 13
1 0 0
2 8 0
3 4 6
t 229 29
m0 0 14
m1 6 12
m2 3 13
1 0 1
2 9 0
3 5 6
t 228 30
m0 0 14
m1 6 11
m2 4 13
1 0 2
2 8 0
3 4 6
t 227 30
m0 0 14
m1 6 11
m2 4 13
1 1 2
2 9 0
3 5 6
t 226 30
m0 0 14
m1 6 10
m2 4 13
1 1 1
2 8 0
3 5 7
t 225 30
m0 0 14
m1 6 11
m2 4 13
1 0 1
2 9 0
3 4 7
t 224 30
m0 0 14
m1 6 11
m2 4 13
1 0 0
2 8 0
3 3 7
t 223 30
m0 0 14
m1 6 10
m2 3 13
1 1 0
2 9 0
3 2 7
t 222 30
m0 0 14
m1 6 9
m2 3 12
1 1 1
2 8 0
3 3 7
t 221 30
m0 0 14
m1 6 9
m2 3 11
1 0 1
2 9 0
3 2 7
t 220 30
m0 0 14
m1 6 9
m2 3 10
1 1 1
2 8 0
3 2 8
t 219 31
m0 0 14
m1 6 9
m2 2 10
1 0 1
2 9 0
3 1 8
t 218 32
m0 0 14
m1 7 9
m2 2 9
1 0 0
2 8 0
3 1 7
t 217 32
m0 0 14
m1 6 9
m2 2 8
1 1 0
2 9 0
3 1 8
t 216 32
m0 0 14
m1 6 10
m2 2 8
1 0 0
2 8 0
3 1 7
t 215 32
m0 0 14
m1 6 10
m2 2 7
1 0 1
2 9 0
3 1 8
t 214 33
m0 0 14
m1 6 11
m2 1 7
1 0 0
2 8 0
3 2 8
t 213 33
m0 0 14
m1 6 11
m2 2 7
1 0 1
2 9 0
3 2 9
t 212 33
m0 0 14
m1 7 11
m2 2 8
1 0 0
2 8 0
3 2 10
t 211 33
m0 0 14
m1 7 11
m2 2 9
1 1 0
2 9 0
3 3 10
t 210 33
m0 0 14
m1 7 11
m2 2 10
1 0 0
2 8 0
3 4 10
t 209 33
m0 0 14
m1 7 11
m2 2 9
1 0 1
2 9 0
3 4 9
f 7 13
t 208 33
m0 0 14
m1 7 12
m2 2 8
1 0 0
2 8 0
3 4 10
t 207 33
m0 0 13
m1 7 11
m2 2 7
1 0 1
2 9 0
3 4 9
t 206 33
m0 0 12
m1 6 11
m2 1 7
1 0 0
2 8 0
3 4 8
t 205 33
m0 0 11
m1 6 11
m2 1 7
1 0 1
2 9 0
3 5 8
t 204 33
m0 0 11
m1 7 11
m2 1 7
1 0 2
2 8 0
3 4 8
t 203 33
m0 0 11
m1 6 11
m2 1 7
1 0 1
2 9 0
3 4 9
t 202 33
m0 0 11
m1 6 12
m2 1 7
1 0 2
2 8 0
3 4 10
t 201 33
m0 0 11
m1 6 12
m2 1 7
1 0 3
2 9 0
3 4 9
t 200 33
m0 0 11
m1 7 12
m2 1 7
1 0 2
2 8 0
3 4 8
t 199 33
m0 0 11
m1 6 12
m2 1 7
1 0 1
2 9 0
3 5 8
t 198 33
m0 0 11
m1 5 12
m2 1 7
1 1 1
2 8 0
3 4 8
t 197 33
m0 0 11
m1 6 12
m2 1 7
1 1 2
2 9 0
3 4 9
t 196 33
m0 0 11
m1 6 12
m2 1 7
1 0 2
2 8 0
3 4 10
t 195 33
m0 0 11
m1 7 12
m2 1 7
1 1 2
2 9 0
3 4 9
t 194 33
m0 0 11
m1 7 13
m2 1 7
1 1 1
2 8 0
3 4 10
t 193 43
m0 0 12
m1 7 12
m2 2 7
1 0 1
2 9 0
3 4 11
t 192 43
m0 0 13
m1 8 12
m2 3 7
1 0 2
2 8 0
3 4 10
t 191 43
m0 0 14
m1 8 11
m2 4 7
1 0 3
2 9 0
3 3 10
t 190 43
m0 0 14
m1 8 12
m2 3 7
1 0 2
2 8 0
3 2 10
t 189 43
m0 0 14
m1 7 12
m2 2 7
1 0 1
2 9 0
3 3 10
t 188 43
m0 0 14
m1 7 12
m2 3 7
1 0 0
2 8 0
3 4 10
t 187 43
m0 0 14
m1 7 12
m2 3 6
1 0 1
2 9 0
3 4 11
f 6 9
t 186 43
m0 0 14
m1 6 12
m2 3 5
1 0 0
2 8 0
3 3 11
t 185 44
m0 0 14
m1 6 11
m2 3 4
1 0 1
2 9 0
3 3 10
t 184 44
m0 0 14
m1 5 11
m2 3 4
1 0 0
2 8 0
3 2 10
t 183 45
m0 0 14
m1 4 11
m2 3 4
1 1 0
2 9 0
3 3 10
t 182 45
m0 0 14
m1 4 11
m2 3 4
1 0 0
2 8 0
3 2 10
t 181 45
m0 0 14
m1 4 10
m2 3 4
1 0 1
2 9 0
3 1 10
t 180 46
m0 0 14
m1 4 9
m2 3 5
1 0 0
2 8 0
3 1 11
t 179 46
m0 0 14
m1 4 10
m2 3 5
1 0 1
2 9 0
3 0 11
t 178 46
m0 0 14
m1 4 11
m2 3 6
1 0 0
2 8 0
3 0 12
t 177 46
m0 0 14
m1 3 11
m2 4 6
1 0 1
2 9 0
3 0 11
t 176 46
m0 0 14
m1 3 10
m2 5 6
1 0 0
2 8 0
3 0 12
t 175 46
m0 0 14
m1 2 10
m2 4 6
1 0 1
2 9 0
3 0 11
t 174 46
m0 0 14
m1 2 10
m2 5 6
1 0 0
2 8 0
3 1 11
t 173 46
m0 0 14
m1 1 10
m2 5 6
1 1 0
2 9 0
3 0 11
t 172 47
m0 0 14
m1 2 10
m2 5 6
1 0 0
2 8 0
3 0 12
t 171 47
m0 0 14
m1 2 9
m2 4 6
1 0 1
2 9 0
3 0 11
t 170 47
m0 0 14
m1 2 8
m2 5 6
1 0 0
2 8 0
3 0 12
t 169 47
m0 0 14
m1 2 9
m2 4 6
1 0 1
2 9 0
3 0 11
t 168 47
m0 0 14
m1 2 10
m2 5 6
1 0 0
2 8 0
3 1 11
t 167 47
m0 0 14
m1 2 9
m2 5 6
1 1 0
2 9 0
3 1 10
t 166 47
m0 0 14
m1 2 8
m2 5 5
1 0 0
2 8 0
3 2 10
t 165 47
m0 0 14
m1 2 8
m2 5 5
1 0 1
2 9 0
3 1 10
t 164 47
m0 0 14
m1 1 8
m2 5 5
1 0 0
2 8 0
3 2 10
t 163 47
m0 0 14
m1 1 8
m2 5 5
1 0 1
2 9 0
3 3 10
t 162 47
m0 0 14
m1 0 8
m2 5 4
1 0 2
2 8 0
3 3 11
t 161 49
m0 0 14
m1 0 8
m2 5 5
1 0 3
2 9 0
3 3 12
t 160 49
m0 0 14
m1 0 8
m2 6 5
1 0 2
2 8 0
3 3 13
t 159 50
m0 0 14
m1 1 8
m2 5 5
1 0 1
2 9 0
3 2 13
t 158 50
m0 0 14
m1 0 8
m2 5 6
1 0 0
2 8 0
3 2 14
t 157 50
m0 0 13
m1 1 8
m2 4 6
1 0 1
2 9 0
3 2 13
t 156 50
m0 0 12
m1 1 8
m2 5 6
1 0 0
2 8 0
3 2 12
t 155 50
m0 0 11
m1 2 8
m2 5 6
1 0 1
2 9 0
3 3 12
t 154 50
m0 0 11
m1 2 8
m2 5 5
1 0 2
2 8 0
3 2 12
t 153 50
m0 0 11
m1 2 8
m2 5 6
1 0 1
2 9 0
3 3 12
t 152 50
m0 0 11
m1 2 8
m2 5 5
1 0 0
2 8 0
3 3 13
t 151 50
m0 0 11
m1 2 7
m2 5 6
1 0 1
2 9 0
3 4 13
t 150 50
m0 0 11
m1 1 7
m2 5 5
1 0 2
2 8 0
3 4 14
t 149 50
m0 0 11
m1 2 7
m2 5 6
1 0 3
2 9 0
3 5 14
t 148 50
m0 0 11
m1 2 7
m2 6 6
1 0 2
2 8 0
3 6 14
t 147 50
m0 0 11
m1 1 7
m2 5 6
1 0 1
2 9 0
3 5 14
t 146 50
m0 0 11
m1 1 8
m2 5 5
1 0 0
2 8 0
3 6 14
t 145 50
m0 0 11
m1 1 7
m2 5 6
1 0 1
2 9 0
3 7 14
t 144 50
m0 0 11
m1 1 7
m2 5 6
1 0 0
2 8 0
3 8 14
t 143 50
m0 0 11
m1 1 7
m2 4 6
1 0 1
2 9 0
3 9 14
t 142 50
m0 1 11
m1 1 7
m2 5 6
1 0 0
2 8 0
3 8 14
t 141 50
m0 1 10
m1 1 7
m2 4 6
1 0 1
2 9 0
3 9 14
t 140 50
m0 1 11
m1 1 7
m2 5 6
1 1 1
2 8 0
3 8 14
t 139 50
m0 0 11
m1 1 7
m2 5 7
1 0 1
2 9 0
3 9 14
t 138 50
m0 1 11
m1 1 7
m2 5 7
1 0 0
2 8 0
3 9 13
t 137 50
m0 1 10
m1 1 7
m2 4 7
1 0 1
2 9 0
3 9 14
t 136 50
m0 1 11
m1 1 7
m2 5 7
1 0 0
2 8 0
3 9 13
t 135 50
m0 1 10
m1 1 7
m2 4 7
1 0 1
2 9 0
3 9 14
t 134 50
m0 1 11
m1 1 7
m2 5 7
1 0 0
2 8 0
3 9 13
t 133 50
m0 1 10
m1 1 7
m2 4 7
1 0 1
2 9 0
3 9 14
t 132 50
m0 1 11
m1 1 7
m2 5 7
1 0 2
2 8 0
3 9 13
t 131 50
m0 1 11
m1 1 7
m2 5 7
1 0 3
2 9 0
3 9 14
t 130 50
m0 1 11
m1 1 7
m2 6 7
1 0 2
2 8 0
3 9 13
t 129 50
m0 1 11
m1 1 7
m2 5 7
1 0 3
2 9 0
3 9 14
t 128 50
m0 1 11
m1 1 7
m2 6 7
1 0 2
2 8 0
3 8 14
t 127 50
m0 1 11
m1 1 7
m2 5 7
1 0 1
2 9 0
3 7 14
t 126 50
m0 1 10
m1 1 7
m2 5 6
1 0 0
2 8 0
3 8 14
t 125 50
m0 1 10
m1 1 7
m2 4 6
1 0 1
2 9 0
3 7 14
t 124 50
m0 1 10
m1 1 7
m2 5 6
1 0 0
2 8 0
3 8 14
t 123 50
m0 1 10
m1 1 7
m2 4 6
1 0 1
2 9 0
3 7 14
t 122 50
m0 1 10
m1 1 7
m2 5 6
1 0 0
2 8 0
3 8 14
t 121 50
m0 1 10
m1 1 7
m2 4 6
1 0 1
2 9 0
3 9 14
t 120 50
m0 1 11
m1 1 7
m2 5 6
1 0 0
2 8 0
3 9 13
t 119 50
m0 1 10
m1 2 7
m2 4 6
1 0 1
2 9 0
3 9 14
t 118 50
m0 2 10
m1 1 7
m2 5 6
1 0 2
2 8 0
3 8 14
t 117 50
m0 1 10
m1 2 7
m2 5 7
1 1 2
2 9 0
3 9 14
t 116 50
m0 2 10
m1 1 7
m2 6 7
1 1 3
2 8 0
3 9 13
t 115 50
m0 1 10
m1 1 7
m2 6 7
1 0 3
2 9 0
3 9 14
t 114 50
m0 1 11
m1 1 7
m2 6 7
1 0 2
2 8 0
3 9 13
t 113 50
m0 1 11
m1 1 7
m2 5 7
1 0 1
2 9 0
3 9 14
t 112 50
m0 1 11
m1 1 7
m2 5 7
1 0 0
2 8 0
3 8 14
t 111 50
m0 1 10
m1 1 7
m2 4 7
1 0 1
2 9 0
3 9 14
t 110 50
m0 1 11
m1 1 7
m2 5 7
1 0 0
2 8 0
3 8 14
t 109 50
m0 1 10
m1 1 7
m2 4 7
1 0 1
2 9 0
3 9 14
t 108 50
m0 1 11
m1 1 7
m2 5 7
1 1 1
2 8 0
3 9 13
t 107 50
m0 0 11
m1 1 7
m2 5 7
1 1 2
2 9 0
3 9 14
t 106 50
m0 0 12
m1 1 7
m2 6 7
1 1 1
2 8 0
3 8 14
t 105 50
m0 0 11
m1 1 7
m2 5 7
1 0 1
2 9 0
3 9 14
t 104 50
m0 1 11
m1 1 7
m2 5 7
1 0 2
2 8 0
3 9 13
t 103 50
m0 1 11
m1 1 7
m2 5 7
1 0 1
2 9 0
3 9 14
t 102 50
m0 1 11
m1 1 7
m2 5 7
1 0 0
2 8 0
3 8 14
t 101 50
m0 1 10
m1 1 7
m2 4 7
1 0 1
2 9 0
3 9 14
t 100 50
m0 1 11
m1 1 7
m2 5 7
1 0 2
2 8 0
3 9 13
t 99 50
m0 1 11
m1 1 7
m2 5 7
1 0 1
2 9 0
3 9 14
t 98 50
m0 1 11
m1 1 7
m2 5 7
1 0 2
2 8 0
3 8 14
t 97 50
m0 1 11
m1 1 7
m2 5 7
1 0 3
2 9 0
3 9 14
t 96 50
m0 1 11
m1 1 7
m2 6 7
1 0 4
2 8 0
3 9 13
t 95 50
m0 1 11
m1 1 7
m2 6 7
1 0 3
2 9 0
3 9 14
t 94 50
m0 1 11
m1 1 7
m2 6 7
1 0 2
2 8 0
3 9 13
t 93 50
m0 1 11
m1 2 7
m2 5 7
1 0 1
2 9 0
3 9 14
t 92 50
m0 1 11
m1 2 8
m2 5 7
1 0 2
2 8 0
3 8 14
t 91 50
m0 1 11
m1 2 8
m2 5 7
1 0 1
2 9 0
3 7 14
t 90 50
m0 1 10
m1 2 7
m2 5 6
1 0 2
2 8 0
3 8 14
t 89 50
m0 2 10
m1 1 7
m2 5 7
1 0 1
2 9 0
3 9 14
t 88 50
m0 1 10
m1 1 7
m2 5 7
1 0 0
2 8 0
3 9 13
t 87 50
m0 1 10
m1 1 7
m2 4 7
1 0 1
2 9 0
3 9 14
t 86 50
m0 1 11
m1 1 7
m2 5 7
1 0 0
2 8 0
3 9 13
t 85 50
m0 1 10
m1 1 7
m2 4 7
1 0 1
2 9 0
3 9 14
t 84 50
m0 1 11
m1 1 7
m2 5 7
1 0 0
2 8 0
3 9 13
t 83 50
m0 1 10
m1 1 7
m2 4 7
1 0 1
2 9 0
3 9 14
t 82 50
m0 1 11
m1 1 7
m2 5 7
1 0 0
2 8 0
3 8 14
t 81 50
m0 1 10
m1 1 7
m2 4 7
1 0 1
2 9 0
3 9 14
t 80 50
m0 1 11
m1 1 7
m2 5 7
1 1 1
2 8 0
3 8 14
t 79 50
m0 0 11
m1 1 7
m2 5 7
1 0 1
2 9 0
3 7 14
t 78 50
m0 0 11
m1 1 7
m2 5 6
1 0 0
2 8 0
3 6 14
t 77 50
m0 0 11
m1 1 7
m2 4 6
1 0 1
2 9 0
3 5 14
t 76 50
m0 0 11
m1 1 8
m2 4 6
1 0 0
2 8 0
3 4 14
t 75 50
m0 0 11
m1 0 8
m2 3 6
1 0 1
2 9 0
3 4 13
t 74 50
m0 0 11
m1 1 8
m2 3 6
1 0 2
2 8 0
3 4 14
t 73 50
m0 0 11
m1 1 7
m2 4 6
1 0 3
2 9 0
3 5 14
t 72 50
m0 0 11
m1 1 8
m2 5 6
1 0 2
2 8 0
3 4 14
t 71 50
m0 0 11
m1 1 7
m2 5 6
1 0 1
2 9 0
3 5 14
t 70 50
m0 0 11
m1 2 7
m2 5 5
1 0 0
2 8 0
3 6 14
t 69 50
m0 0 11
m1 2 7
m2 5 6
1 0 1
2 9 0
3 5 14
t 68 50
m0 0 11
m1 1 7
m2 5 5
1 0 0
2 8 0
3 6 14
t 67 50
m0 0 11
m1 2 7
m2 5 6
1 0 1
2 9 0
3 7 14
t 66 50
m0 0 11
m1 1 7
m2 5 6
1 0 0
2 8 0
3 8 14
t 65 50
m0 0 11
m1 1 7
m2 4 6
1 0 1
2 9 0
3 9 14
t 64 50
m0 1 11
m1 1 7
m2 5 6
1 0 0
2 8 0
3 8 14
t 63 50
m0 1 10
m1 1 7
m2 4 6
1 0 1
2 9 0
3 9 14
t 62 50
m0 1 11
m1 1 7
m2 5 6
1 0 0
2 8 0
3 9 13
t 61 50
m0 1 10
m1 2 7
m2 4 6
1 0 1
2 9 0
3 9 14
t 60 50
m0 2 10
m1 1 7
m2 5 6
1 0 2
2 8 0
3 9 13
t 59 50
m0 1 10
m1 1 7
m2 5 7
1 0 1
2 9 0
3 9 14
t 58 50
m0 1 11
m1 1 7
m2 5 7
1 0 0
2 8 0
3 8 14
t 57 50
m0 1 10
m1 1 7
m2 4 7
1 0 1
2 9 0
3 9 14
t 56 50
m0 1 11
m1 1 7
m2 5 7
1 0 0
2 8 0
3 9 13
t 55 50
m0 1 10
m1 1 7
m2 4 7
1 0 1
2 9 0
3 9 14
t 54 50
m0 1 11
m1 1 7
m2 5 7
1 1 1
2 8 0
3 9 13
t 53 50
m0 0 11
m1 1 7
m2 5 7
1 0 1
2 9 0
3 9 14
t 52 50
m0 1 11
m1 1 7
m2 5 7
1 1 1
2 8 0
3 8 14
t 51 50
m0 0 11
m1 1 7
m2 5 7
1 0 1
2 9 0
3 7 14
t 50 50
m0 0 11
m1 1 7
m2 5 6
1 0 0
2 8 0
3 8 14
t 49 50
m0 0 11
m1 1 7
m2 4 6
1 0 1
2 9 0
3 7 14
t 48 50
m0 0 11
m1 1 7
m2 5 6
1 0 2
2 8 0
3 6 14
t 47 50
m0 0 11
m1 1 8
m2 5 6
1 0 1
2 9 0
3 5 14
t 46 50
m0 0 11
m1 1 7
m2 5 5
1 0 2
2 8 0
3 6 14
t 45 50
m0 0 11
m1 2 7
m2 5 6
1 0 1
2 9 0
3 5 14
t 44 50
m0 0 11
m1 1 7
m2 5 5
1 0 0
2 8 0
3 4 14
t 43 50
m0 0 11
m1 1 7
m2 5 6
1 0 1
2 9 0
3 5 14
t 42 50
m0 0 11
m1 1 7
m2 5 5
1 0 0
2 8 0
3 6 14
t 41 50
m0 0 11
m1 1 7
m2 5 6
1 0 1
2 9 0
3 7 14
t 40 50
m0 0 11
m1 1 7
m2 5 6
1 0 0
2 8 0
3 6 14
t 39 50
m0 0 11
m1 1 8
m2 4 6
1 0 1
2 9 0
3 5 14
t 38 50
m0 0 11
m1 1 7
m2 4 6
1 0 0
2 8 0
3 6 14
t 37 50
m0 0 11
m1 1 7
m2 4 6
1 0 1
2 9 0
3 5 14
t 36 50
m0 0 11
m1 1 7
m2 4 6
1 0 0
2 8 0
3 6 14
t 35 50
m0 0 11
m1 1 7
m2 4 6
1 0 1
2 9 0
3 7 14
t 34 50
m0 0 11
m1 1 8
m2 5 6
1 0 0
2 8 0
3 6 14
t 33 50
m0 0 11
m1 1 7
m2 4 6
1 0 1
2 9 0
3 5 14
t 32 50
m0 0 11
m1 1 8
m2 4 6
1 0 0
2 8 0
3 6 14
t 31 50
m0 0 11
m1 1 7
m2 4 6
1 0 1
2 9 0
3 5 14
t 30 50
m0 0 11
m1 1 7
m2 4 6
1 0 0
2 8 0
3 6 14
t 29 50
m0 0 11
m1 1 7
m2 4 6
1 0 1
2 9 0
3 7 14
t 28 50
m0 0 11
m1 1 7
m2 5 6
1 0 0
2 8 0
3 7 13
t 27 50
m0 0 11
m1 1 7
m2 4 6
1 0 1
2 9 0
3 7 14
t 26 50
m0 0 11
m1 1 7
m2 5 6
1 1 1
2 8 0
3 8 14
t 25 50
m0 0 11
m1 1 7
m2 5 7
1 0 1
2 9 0
3 9 14
t 24 50
m0 1 11
m1 1 7
m2 5 7
1 0 2
2 8 0
3 9 13
t 23 50
m0 1 11
m1 1 7
m2 5 7
1 0 1
2 9 0
3 9 14
t 22 50
m0 1 11
m1 1 7
m2 5 7
1 0 2
2 8 0
3 9 13
t 21 50
m0 1 11
m1 1 7
m2 5 7
1 0 1
2 9 0
3 9 14
t 20 50
m0 1 11
m1 1 7
m2 5 7
1 0 2
2 8 0
3 8 14
t 19 50
m0 1 11
m1 1 7
m2 5 7
1 0 3
2 9 0
3 9 14
t 18 50
m0 1 11
m1 1 7
m2 6 7
1 0 2
2 8 0
3 8 14
t 17 50
m0 1 11
m1 1 7
m2 5 7
1 0 1
2 9 0
3 7 14
t 16 50
m0 1 10
m1 1 7
m2 5 6
1 0 2
2 8 0
3 8 14
t 15 50
m0 1 11
m1 1 7
m2 5 7
1 0 1
2 9 0
3 9 14
t 14 50
m0 1 11
m1 1 7
m2 5 7
1 0 0
2 8 0
3 8 14
t 13 50
m0 1 10
m1 1 7
m2 4 7
1 0 1
2 9 0
3 7 14
t 12 50
m0 1 10
m1 1 7
m2 4 7
1 0 0
2 8 0
3 7 13
t 11 50
m0 1 10
m1 1 7
m2 4 6
1 0 1
2 9 0
3 7 14
t 10 50
m0 1 10
m1 1 7
m2 5 6
1 0 0
2 8 0
3 8 14
t 9 50
m0 1 10
m1 1 7
m2 4 6
1 0 1
2 9 0
3 9 14
t 8 50
m0 1 11
m1 1 7
m2 5 6
1 0 2
2 8 0
3 9 13
t 7 50
m0 1 11
m1 1 7
m2 5 7
1 0 1
2 9 0
3 9 14
t 6 50
m0 1 11
m1 1 7
m2 5 7
1 0 2
2 8 0
3 9 13
t 5 50
m0 1 11
m1 1 7
m2 5 7
1 0 1
2 9 0
3 9 12
t 4 50
m0 1 10
m1 1 7
m2 5 6
1 0 0
2 8 0
3 9 13
t 3 50
m0 1 10
m1 2 7
m2 4 6
1 0 1
2 9 0
3 9 14
t 2 50
m0 2 10
m1 1 7
m2 5 6
1 0 2
2 8 0
3 9 13
t 1 50
m0 1 10
m1 1 7
m2 5 7
1 0 2
2 8 0
3 9 13
t 0 50
