10
15
w 5 9
w 7 12
w 2 8
w 5 13
w 2 1
w 3 11
w 6 2
w 1 6
w 9 4
w 3 7
w 1 11
w 3 14
w 1 2
w 5 5
w 7 6
w 4 4
w 8 10
w 1 5
w 7 10
w 8 6
w 4 1
w 6 4
w 0 0
w 8 2
w 6 0
w 3 9
w 1 9
w 6 12
w 2 14
w 3 12
w 5 7
w 0 13
w 3 8
w 8 8
w 4 3
w 2 4
w 8 4
p 7 3
p 4 7
p 9 1
p 4 8
p 3 0
p 6 6
p 8 0
p 0 7
p 8 9
p 2 12
p 0 10
p 5 1
p 2 5
p 0 3
p 8 5
p 5 8
p 4 0
p 8 14
p 9 0
p 3 10
p 6 10
p 1 14
p 4 13
p 2 13
p 2 2
p 1 10
p 0 4
p 1 1
p 9 7
p 4 10
p 5 4
p 2 6
p 5 11
p 6 11
p 1 13
p 8 11
p 4 14
p 9 10
p 2 3
p 1 0
p 4 11
p 7 9
p 2 7
p 9 2
p 6 1
p 3 1
p 2 11
p 9 9
p 5 14
p 2 0
p 1 8
p 0 6
p 9 5
p 5 2
p 0 2
p 9 12
m0 0 14
m1 0 14
m2 0 14
1 9 0
2 9 0
3 9 0
t 300 0
m0 1 14
m1 1 14
m2 1 14
1 8 0
2 8 0
3 8 0
t 299 1
m0 1 14
m1 1 13
m2 0 14
1 9 0
2 9 0
3 9 0
t 298 2
m0 1 13
m1 1 12
m2 0 14
1 8 0
2 8 0
3 8 0
t 297 2
m0 1 12
m1 1 12
m2 0 14
1 9 0
2 9 0
3 9 0
f 6 13
t 296 2
m0 1 13
m1 1 12
m2 0 14
1 8 0
2 8 0
3 8 0
t 295 2
m0 2 13
m1 1 13
m2 1 14
1 9 0
2 9 0
3 9 0
t 294 3
m0 1 13
m1 1 12
m2 1 14
1 8 0
2 8 0
3 8 0
t 293 3
m0 1 12
m1 0 12
m2 0 14
1 9 0
2 9 0
3 9 0
t 292 3
m0 0 12
m1 1 12
m2 0 14
1 8 0
2 8 0
3 8 0
t 291 3
m0 0 11
m1 0 12
m2 0 14
1 9 0
2 9 0
3 9 0
t 290 3
m0 0 10
m1 0 12
m2 1 14
1 8 0
2 8 0
3 8 0
t 289 4
m0 0 10
m1 1 12
m2 1 13
1 9 0
2 9 0
3 9 0
t 288 4
m0 0 10
m1 0 12
m2 2 13
1 8 0
2 8 0
3 8 0
t 287 4
m0 0 10
m1 0 12
m2 2 12
1 9 0
2 9 0
3 9 0
t 286 5
m0 0 10
m1 0 12
m2 1 12
1 8 0
2 8 0
3 8 0
t 285 5
m0 0 10
m1 0 11
m2 1 12
1 9 0
2 9 0
3 9 0
t 284 5
m0 0 10
m1 0 10
m2 1 12
1 8 0
2 8 0
3 8 0
t 283 5
m0 0 10
m1 0 10
m2 0 12
1 9 0
2 9 0
3 9 0
t 282 5
m0 0 10
m1 0 10
m2 0 11
1 8 0
2 8 0
3 8 0
t 281 5
m0 0 10
m1 0 10
m2 0 12
1 9 0
2 9 0
3 9 0
t 280 5
m0 0 10
m1 0 10
m2 0 11
1 8 0
2 8 0
3 8 0
t 279 5
m0 0 10
m1 0 10
m2 0 11
1 9 0
2 9 0
3 9 0
t 278 5
m0 0 10
m1 0 10
m2 0 10
1 8 0
2 8 0
3 8 0
t 277 5
m0 0 10
m1 0 10
m2 0 9
1 9 0
2 9 0
3 9 0
t 276 5
m0 0 10
m1 0 10
m2 0 9
1 8 0
2 8 0
3 8 0
t 275 5
m0 0 10
m1 0 10
m2 0 10
1 9 0
2 9 0
3 9 0
t 274 5
m0 0 10
m1 0 10
m2 0 10
1 8 0
2 8 0
3 8 0
t 273 5
m0 0 10
m1 0 10
m2 1 10
1 9 0
2 9 0
3 9 0
t 272 6
m0 0 10
m1 0 10
m2 0 10
1 8 0
2 8 0
3 8 0
t 271 6
m0 0 10
m1 0 10
m2 0 9
1 9 0
2 9 0
3 9 0
t 270 6
m0 0 10
m1 0 10
m2 0 9
1 8 0
2 8 0
3 8 0
t 269 6
m0 0 10
m1 0 10
m2 0 8
1 9 0
2 9 0
3 9 0
t 268 6
m0 0 10
m1 0 10
m2 0 7
1 8 0
2 8 0
3 8 0
t 267 7
m0 0 10
m1 0 10
m2 0 7
1 9 0
2 9 0
3 9 0
t 266 7
m0 0 10
m1 0 10
m2 1 7
1 8 0
2 8 0
3 8 0
t 265 7
m0 0 10
m1 0 10
m2 1 7
1 9 0
2 9 0
3 9 0
t 264 7
m0 0 10
m1 0 10
m2 1 7
1 8 0
2 8 0
3 8 0
t 263 7
m0 0 10
m1 0 10
m2 0 7
1 9 0
2 9 0
3 9 0
t 262 7
m0 0 10
m1 0 10
m2 0 7
1 8 0
2 8 0
3 8 0
t 261 7
m0 0 10
m1 0 10
m2 1 7
1 9 0
2 9 0
3 9 0
t 260 7
m0 0 10
m1 0 10
m2 1 7
1 8 0
2 8 0
3 8 0
t 259 7
m0 0 10
m1 0 10
m2 1 7
1 9 0
2 9 0
3 9 0
t 258 7
m0 0 10
m1 0 10
m2 1 8
1 8 0
2 8 0
3 8 0
t 257 8
m0 0 10
m1 0 10
m2 1 7
1 9 0
2 9 0
3 9 0
t 256 8
m0 0 10
m1 0 10
m2 0 7
1 8 0
2 8 0
3 8 0
t 255 8
m0 0 10
m1 0 10
m2 1 7
1 9 0
2 9 0
3 9 0
t 254 8
m0 0 10
m1 0 10
m2 0 7
1 8 0
2 8 0
3 8 0
t 253 8
m0 0 10
m1 0 10
m2 0 7
1 9 0
2 9 0
3 9 0
t 252 8
m0 0 10
m1 0 10
m2 0 8
1 8 0
2 8 0
3 8 0
t 251 8
m0 0 10
m1 0 10
m2 0 8
1 9 0
2 9 0
3 9 0
t 250 8
m0 0 10
m1 0 10
m2 0 8
1 8 0
2 8 0
3 8 0
t 249 8
m0 0 10
m1 0 10
m2 0 7
1 9 0
2 9 0
3 9 0
t 248 8
m0 0 10
m1 0 10
m2 0 6
1 8 0
2 8 0
3 8 0
t 247 9
m0 0 10
m1 0 10
m2 0 6
1 9 0
2 9 0
3 9 0
t 246 9
m0 0 10
m1 0 10
m2 0 7
1 8 0
2 8 0
3 8 0
t 245 9
m0 0 10
m1 0 10
m2 0 8
1 9 0
2 9 0
3 9 0
t 244 9
m0 0 10
m1 0 10
m2 0 7
1 8 0
2 8 0
3 8 0
t 243 9
m0 0 10
m1 0 10
m2 0 6
1 9 0
2 9 0
3 9 0
t 242 9
m0 0 10
m1 0 10
m2 0 7
1 8 0
2 8 0
3 8 0
t 241 9
m0 0 10
m1 0 10
m2 1 7
1 9 0
2 9 0
3 9 0
t 240 9
m0 0 10
m1 0 10
m2 0 7
1 8 0
2 8 0
3 8 0
t 239 9
m0 0 10
m1 0 10
m2 0 6
1 9 0
2 9 0
3 9 0
t 238 9
m0 0 10
m1 0 10
m2 0 5
1 8 0
2 8 0
3 8 0
t 237 9
m0 0 10
m1 0 10
m2 0 5
1 9 0
2 9 0
3 9 0
t 236 9
m0 0 10
m1 0 10
m2 0 5
1 8 0
2 8 0
3 8 0
t 235 9
m0 0 10
m1 0 10
m2 0 4
1 9 0
2 9 0
3 9 0
t 234 10
m0 0 10
m1 0 10
m2 1 4
1 8 0
2 8 0
3 8 0
t 233 10
m0 0 10
m1 0 10
m2 1 3
1 9 0
2 9 0
3 9 0
t 232 10
m0 0 10
m1 0 10
m2 2 3
1 8 0
2 8 0
3 8 0
t 231 11
m0 0 10
m1 0 10
m2 3 3
1 9 0
2 9 0
3 9 0
t 230 11
m0 0 10
m1 0 10
m2 3 2
1 8 0
2 8 0
3 8 0
t 229 11
m0 0 10
m1 0 10
m2 2 2
1 9 0
2 9 0
3 9 0
t 228 12
m0 0 10
m1 0 10
m2 3 2
1 8 0
2 8 0
3 8 0
t 227 12
m0 0 10
m1 0 10
m2 4 2
1 9 0
2 9 0
3 9 0
t 226 12
m0 0 10
m1 0 10
m2 3 2
1 8 0
2 8 0
3 8 0
t 225 12
m0 0 10
m1 0 10
m2 2 2
1 9 0
2 9 0
3 9 0
t 224 12
m0 0 10
m1 0 10
m2 2 2
1 8 0
2 8 0
3 8 0
t 223 12
m0 0 10
m1 0 10
m2 2 3
1 9 0
2 9 0
3 9 0
t 222 12
m0 0 10
m1 0 10
m2 2 3
1 8 0
2 8 0
3 8 0
t 221 12
m0 0 10
m1 0 10
m2 2 2
1 9 0
2 9 0
3 9 0
t 220 12
m0 0 10
m1 0 10
m2 3 2
1 8 0
2 8 0
3 8 0
t 219 12
m0 0 10
m1 0 10
m2 2 2
1 9 0
2 9 0
3 9 0
t 218 12
m0 0 10
m1 0 10
m2 3 2
1 8 0
2 8 0
3 8 0
t 217 12
m0 0 10
m1 0 10
m2 3 3
1 9 0
2 9 0
3 9 0
t 216 12
m0 0 10
m1 0 10
m2 3 4
1 8 0
2 8 0
3 8 0
t 215 12
m0 0 10
m1 0 10
m2 3 4
1 9 0
2 9 0
3 9 0
t 214 12
m0 0 10
m1 0 10
m2 3 5
1 8 0
2 8 0
3 8 0
t 213 12
m0 0 10
m1 0 10
m2 2 5
1 9 0
2 9 0
3 9 0
t 212 13
m0 0 10
m1 0 10
m2 2 6
1 8 0
2 8 0
3 8 0
t 211 14
m0 0 10
m1 0 10
m2 2 5
1 9 0
2 9 0
3 9 0
t 210 14
m0 0 10
m1 0 10
m2 2 6
1 8 0
2 8 0
3 8 0
t 209 14
m0 0 10
m1 0 10
m2 2 5
1 9 0
2 9 0
3 9 0
t 208 14
m0 0 10
m1 0 10
m2 2 6
1 8 0
2 8 0
3 8 0
t 207 14
m0 0 10
m1 0 10
m2 3 6
1 9 0
2 9 0
3 9 0
t 206 14
m0 0 10
m1 0 10
m2 3 6
1 8 0
2 8 0
3 8 0
t 205 14
m0 0 10
m1 0 10
m2 4 6
1 9 0
2 9 0
3 9 0
t 204 14
m0 0 10
m1 0 10
m2 4 5
1 8 0
2 8 0
3 8 0
t 203 14
m0 0 10
m1 0 10
m2 4 6
1 9 0
2 9 0
3 9 0
t 202 14
m0 0 10
m1 0 10
m2 3 6
1 8 0
2 8 0
3 8 0
t 201 14
m0 0 10
m1 0 10
m2 2 6
1 9 0
2 9 0
3 9 0
t 200 14
m0 0 10
m1 0 10
m2 2 6
1 8 0
2 8 0
3 8 0
t 199 14
m0 0 10
m1 0 10
m2 2 7
1 9 0
2 9 0
3 9 0
t 198 15
m0 0 10
m1 0 10
m2 1 7
1 8 0
2 8 0
3 8 0
t 197 15
m0 0 10
m1 0 10
m2 1 7
1 9 0
2 9 0
3 9 0
t 196 15
m0 0 10
m1 0 10
m2 1 7
1 8 0
2 8 0
3 8 0
t 195 15
m0 0 10
m1 0 10
m2 1 7
1 9 0
2 9 0
3 9 0
t 194 15
m0 0 10
m1 0 10
m2 2 7
1 8 0
2 8 0
3 8 0
t 193 15
m0 0 10
m1 0 10
m2 1 7
1 9 0
2 9 0
3 9 0
t 192 15
m0 0 10
m1 0 10
m2 1 8
1 8 0
2 8 0
3 8 0
t 191 15
m0 0 10
m1 0 10
m2 0 8
1 9 0
2 9 0
3 9 0
t 190 15
m0 0 10
m1 0 10
m2 0 7
1 8 0
2 8 0
3 8 0
t 189 15
m0 0 10
m1 0 10
m2 0 8
1 9 0
2 9 0
3 9 0
t 188 15
m0 0 10
m1 0 10
m2 0 8
1 8 0
2 8 0
3 8 0
t 187 15
m0 0 10
m1 0 10
m2 0 7
1 9 0
2 9 0
3 9 0
t 186 15
m0 0 10
m1 0 10
m2 0 7
1 8 0
2 8 0
3 8 0
t 185 15
m0 0 10
m1 0 10
m2 0 7
1 9 0
2 9 0
3 9 0
t 184 15
m0 0 10
m1 0 10
m2 0 8
1 8 0
2 8 0
3 8 0
t 183 15
m0 0 10
m1 0 10
m2 0 9
1 9 0
2 9 0
3 9 0
t 182 15
m0 0 10
m1 0 10
m2 0 9
1 8 0
2 8 0
3 8 0
t 181 15
m0 0 10
m1 0 10
m2 0 8
1 9 0
2 9 0
3 9 0
t 180 15
m0 0 10
m1 0 10
m2 0 8
1 8 0
2 8 0
3 8 0
t 179 15
m0 0 10
m1 0 10
m2 0 8
1 9 0
2 9 0
3 9 0
t 178 15
m0 0 10
m1 0 10
m2 1 8
1 8 0
2 8 0
3 8 0
t 177 15
m0 0 10
m1 0 10
m2 1 7
1 9 0
2 9 0
3 9 0
t 176 15
m0 0 10
m1 0 10
m2 1 8
1 8 0
2 8 0
3 8 0
t 175 15
m0 0 10
m1 0 10
m2 0 8
1 9 0
2 9 0
3 9 0
t 174 15
m0 0 10
m1 0 10
m2 1 8
1 8 0
2 8 0
3 8 0
t 173 15
m0 0 10
m1 0 10
m2 1 7
1 9 0
2 9 0
3 9 0
t 172 15
m0 0 10
m1 0 10
m2 1 7
1 8 0
2 8 0
3 8 0
t 171 15
m0 0 10
m1 0 10
m2 1 7
1 9 0
2 9 0
3 9 0
t 170 15
m0 0 10
m1 0 10
m2 0 7
1 8 0
2 8 0
3 8 0
t 169 15
m0 0 10
m1 0 10
m2 1 7
1 9 0
2 9 0
3 9 0
t 168 15
m0 0 10
m1 0 10
m2 0 7
1 8 0
2 8 0
3 8 0
t 167 15
m0 0 10
m1 0 10
m2 0 8
1 9 0
2 9 0
3 9 0
t 166 15
m0 0 10
m1 0 10
m2 0 9
1 8 0
2 8 0
3 8 0
t 165 15
m0 0 10
m1 0 10
m2 0 8
1 9 0
2 9 0
3 9 0
t 164 15
m0 0 10
m1 0 10
m2 0 9
1 8 0
2 8 0
3 8 0
t 163 15
m0 0 10
m1 0 10
m2 0 9
1 9 0
2 9 0
3 9 0
t 162 15
m0 0 10
m1 0 10
m2 0 8
1 8 0
2 8 0
3 8 0
t 161 15
m0 0 10
m1 0 10
m2 0 7
1 9 0
2 9 0
3 9 0
t 160 15
m0 0 10
m1 0 10
m2 1 7
1 8 0
2 8 0
3 8 0
t 159 15
m0 0 10
m1 0 10
m2 1 8
1 9 0
2 9 0
3 9 0
t 158 15
m0 0 10
m1 0 10
m2 1 7
1 8 0
2 8 0
3 8 0
t 157 15
m0 0 10
m1 0 10
m2 0 7
1 9 0
2 9 0
3 9 0
t 156 15
m0 0 10
m1 0 10
m2 0 8
1 8 0
2 8 0
3 8 0
t 155 15
m0 0 10
m1 0 10
m2 0 7
1 9 0
2 9 0
3 9 0
t 154 15
m0 0 10
m1 0 10
m2 0 7
1 8 0
2 8 0
3 8 0
t 153 15
m0 0 10
m1 0 10
m2 1 7
1 9 0
2 9 0
3 9 0
t 152 15
m0 0 10
m1 0 10
m2 0 7
1 8 0
2 8 0
3 8 0
t 151 15
m0 0 10
m1 0 10
m2 0 7
1 9 0
2 9 0
3 9 0
t 150 15
m0 0 10
m1 0 10
m2 0 8
1 8 0
2 8 0
3 8 0
t 149 15
m0 0 10
m1 0 10
m2 0 7
1 9 0
2 9 0
3 9 0
t 148 15
m0 0 10
m1 0 10
m2 0 8
1 8 0
2 8 0
3 8 0
t 147 15
m0 0 10
m1 0 10
m2 0 8
1 9 0
2 9 0
3 9 0
t 146 15
m0 0 10
m1 0 10
m2 1 8
1 8 0
2 8 0
3 8 0
t 145 15
m0 0 10
m1 0 10
m2 1 8
1 9 0
2 9 0
3 9 0
t 144 15
m0 0 10
m1 0 10
m2 1 8
1 8 0
2 8 0
3 8 0
t 143 15
m0 0 10
m1 0 10
m2 1 7
1 9 0
2 9 0
3 9 0
t 142 15
m0 0 10
m1 0 10
m2 1 8
1 8 0
2 8 0
3 8 0
t 141 15
m0 0 10
m1 0 10
m2 0 8
1 9 0
2 9 0
3 9 0
t 140 15
m0 0 10
m1 0 10
m2 1 8
1 8 0
2 8 0
3 8 0
t 139 15
m0 0 10
m1 0 10
m2 1 8
1 9 0
2 9 0
3 9 0
t 138 15
m0 0 10
m1 0 10
m2 1 7
1 8 0
2 8 0
3 8 0
t 137 15
m0 0 10
m1 0 10
m2 1 7
1 9 0
2 9 0
3 9 0
t 136 15
m0 0 10
m1 0 10
m2 1 7
1 8 0
2 8 0
3 8 0
t 135 15
m0 0 10
m1 0 10
m2 0 7
1 9 0
2 9 0
3 9 0
t 134 15
m0 0 10
m1 0 10
m2 0 8
1 8 0
2 8 0
3 8 0
t 133 15
m0 0 10
m1 0 10
m2 0 8
1 9 0
2 9 0
3 9 0
t 132 15
m0 0 10
m1 0 10
m2 0 7
1 8 0
2 8 0
3 8 0
t 131 15
m0 0 10
m1 0 10
m2 0 6
1 9 0
2 9 0
3 9 0
t 130 15
m0 0 10
m1 0 10
m2 0 6
1 8 0
2 8 0
3 8 0
t 129 15
m0 0 10
m1 0 10
m2 0 6
1 9 0
2 9 0
3 9 0
t 128 15
m0 0 10
m1 0 10
m2 0 5
1 8 0
2 8 0
3 8 0
t 127 15
m0 0 10
m1 0 10
m2 0 4
1 9 0
2 9 0
3 9 0
t 126 15
m0 0 10
m1 0 10
m2 0 3
1 8 0
2 8 0
3 8 0
t 125 16
m0 0 10
m1 0 10
m2 0 2
1 9 0
2 9 0
3 9 0
t 124 17
m0 0 10
m1 0 10
m2 0 1
1 8 0
2 8 0
3 8 0
t 123 17
m0 0 10
m1 0 10
m2 0 2
1 9 0
2 9 0
3 9 0
t 122 17
m0 0 10
m1 0 10
m2 0 2
1 8 0
2 8 0
3 8 0
t 121 17
m0 0 10
m1 0 10
m2 0 2
1 9 0
2 9 0
3 9 0
t 120 17
m0 0 10
m1 0 10
m2 0 3
1 8 0
2 8 0
3 8 0
t 119 17
m0 0 10
m1 0 10
m2 1 3
1 9 0
2 9 0
3 9 0
t 118 17
m0 0 10
m1 0 10
m2 1 3
1 8 0
2 8 0
3 8 0
t 117 17
m0 0 10
m1 0 10
m2 0 3
1 9 0
2 9 0
3 9 0
t 116 17
m0 0 10
m1 0 10
m2 0 3
1 8 0
2 8 0
3 8 0
t 115 17
m0 0 10
m1 0 10
m2 0 4
1 9 0
2 9 0
3 9 0
t 114 17
m0 0 10
m1 0 10
m2 0 3
1 8 0
2 8 0
3 8 0
t 113 17
m0 0 10
m1 0 10
m2 1 3
1 9 0
2 9 0
3 9 0
t 112 17
m0 0 10
m1 0 10
m2 1 4
1 8 0
2 8 0
3 8 0
t 111 17
m0 0 10
m1 0 10
m2 1 4
1 9 0
2 9 0
3 9 0
t 110 17
m0 0 10
m1 0 10
m2 1 3
1 8 0
2 8 0
3 8 0
t 109 17
m0 0 10
m1 0 10
m2 1 3
1 9 0
2 9 0
3 9 0
t 108 17
m0 0 10
m1 0 10
m2 2 3
1 8 0
2 8 0
3 8 0
t 107 17
m0 0 10
m1 0 10
m2 2 2
1 9 0
2 9 0
3 9 0
t 106 17
m0 0 10
m1 0 10
m2 3 2
1 8 0
2 8 0
3 8 0
t 105 17
m0 0 10
m1 0 10
m2 3 3
1 9 0
2 9 0
3 9 0
t 104 17
m0 0 10
m1 0 10
m2 3 3
1 8 0
2 8 0
3 8 0
t 103 17
m0 0 10
m1 0 10
m2 3 3
1 9 0
2 9 0
3 9 0
t 102 17
m0 0 10
m1 0 10
m2 3 2
1 8 0
2 8 0
3 8 0
t 101 17
m0 0 10
m1 0 10
m2 3 1
1 9 0
2 9 0
3 9 0
t 100 18
m0 0 10
m1 0 10
m2 3 0
1 8 0
2 8 0
3 8 0
t 99 19
m0 0 10
m1 0 10
m2 2 0
1 9 0
2 9 0
3 9 0
t 98 20
m0 0 10
m1 0 10
m2 1 0
1 8 0
2 8 0
3 8 0
t 97 21
m0 0 10
m1 0 10
m2 1 0
1 9 0
2 9 0
3 9 0
t 96 21
m0 0 10
m1 0 10
m2 2 0
1 8 0
2 8 0
3 8 0
t 95 21
m0 0 10
m1 0 10
m2 2 0
1 9 0
2 9 0
3 9 0
t 94 21
m0 0 10
m1 0 10
m2 1 0
1 8 0
2 8 0
3 8 0
t 93 21
m0 0 10
m1 0 10
m2 1 1
1 9 0
2 9 0
3 9 0
t 92 22
m0 0 10
m1 0 10
m2 1 1
1 8 0
2 8 0
3 8 0
t 91 22
m0 0 10
m1 0 10
m2 1 0
1 9 0
2 9 0
3 9 0
t 90 22
m0 0 10
m1 0 10
m2 2 0
1 8 0
2 8 0
3 8 0
t 89 22
m0 0 10
m1 0 10
m2 1 0
1 9 0
2 9 0
3 9 0
t 88 22
m0 0 10
m1 0 10
m2 1 1
1 8 0
2 8 0
3 8 0
t 87 22
m0 0 10
m1 0 10
m2 0 1
1 9 0
2 9 0
3 9 0
t 86 22
m0 0 10
m1 0 10
m2 1 1
1 8 0
2 8 0
3 8 0
t 85 22
m0 0 10
m1 0 10
m2 1 1
1 9 0
2 9 0
3 9 0
t 84 22
m0 0 10
m1 0 10
m2 1 0
1 8 0
2 8 0
3 8 0
t 83 22
m0 0 10
m1 0 10
m2 1 1
1 9 0
2 9 0
3 9 0
t 82 22
m0 0 10
m1 0 10
m2 1 0
1 8 0
2 8 0
3 8 0
t 81 22
m0 0 10
m1 0 10
m2 1 0
1 9 0
2 9 0
3 9 0
t 80 22
m0 0 10
m1 0 10
m2 1 0
1 8 0
2 8 0
3 8 0
t 79 22
m0 0 10
m1 0 10
m2 1 1
1 9 0
2 9 0
3 9 0
t 78 22
m0 0 10
m1 0 10
m2 1 0
1 8 0
2 8 0
3 8 0
t 77 22
m0 0 10
m1 0 10
m2 1 1
1 9 0
2 9 0
3 9 0
t 76 22
m0 0 10
m1 0 10
m2 1 0
1 8 0
2 8 0
3 8 0
t 75 22
m0 0 10
m1 0 10
m2 1 1
1 9 0
2 9 0
3 9 0
t 74 22
m0 0 10
m1 0 10
m2 0 1
1 8 0
2 8 0
3 8 0
t 73 22
m0 0 10
m1 0 10
m2 1 1
1 9 0
2 9 0
3 9 0
t 72 22
m0 0 10
m1 0 10
m2 0 1
1 8 0
2 8 0
3 8 0
t 71 22
m0 0 10
m1 0 10
m2 1 1
1 9 0
2 9 0
3 9 0
t 70 22
m0 0 10
m1 0 10
m2 1 0
1 8 0
2 8 0
3 8 0
t 69 22
m0 0 10
m1 0 10
m2 1 1
1 9 0
2 9 0
3 9 0
t 68 22
m0 0 10
m1 0 10
m2 1 1
1 8 0
2 8 0
3 8 0
t 67 22
m0 0 10
m1 0 10
m2 1 0
1 9 0
2 9 0
3 9 0
t 66 22
m0 0 10
m1 0 10
m2 2 0
1 8 0
2 8 0
3 8 0
t 65 22
m0 0 10
m1 0 10
m2 1 0
1 9 0
2 9 0
3 9 0
t 64 22
m0 0 10
m1 0 10
m2 1 1
1 8 0
2 8 0
3 8 0
t 63 22
m0 0 10
m1 0 10
m2 1 0
1 9 0
2 9 0
3 9 0
t 62 22
m0 0 10
m1 0 10
m2 1 0
1 8 0
2 8 0
3 8 0
t 61 22
m0 0 10
m1 0 10
m2 1 0
1 9 0
2 9 0
3 9 0
t 60 22
m0 0 10
m1 0 10
m2 1 0
1 8 0
2 8 0
3 8 0
t 59 22
m0 0 10
m1 0 10
m2 1 0
1 9 0
2 9 0
3 9 0
t 58 22
m0 0 10
m1 0 10
m2 1 1
1 8 0
2 8 0
3 8 0
t 57 22
m0 0 10
m1 0 10
m2 1 0
1 9 0
2 9 0
3 9 0
t 56 22
m0 0 10
m1 0 10
m2 1 1
1 8 0
2 8 0
3 8 0
t 55 22
m0 0 10
m1 0 10
m2 1 1
1 9 0
2 9 0
3 9 0
t 54 22
m0 0 10
m1 0 10
m2 1 0
1 8 0
2 8 0
3 8 0
t 53 22
m0 0 10
m1 0 10
m2 1 1
1 9 0
2 9 0
3 9 0
t 52 22
m0 0 10
m1 0 10
m2 1 1
1 8 0
2 8 0
3 8 0
t 51 22
m0 0 10
m1 0 10
m2 0 1
1 9 0
2 9 0
3 9 0
t 50 22
m0 0 10
m1 0 10
m2 0 2
1 8 0
2 8 0
3 8 0
t 49 22
m0 0 10
m1 0 10
m2 0 2
1 9 0
2 9 0
3 9 0
t 48 22
m0 0 10
m1 0 10
m2 0 1
1 8 0
2 8 0
3 8 0
t 47 22
m0 0 10
m1 0 10
m2 0 2
1 9 0
2 9 0
3 9 0
t 46 22
m0 0 10
m1 0 10
m2 0 1
1 8 0
2 8 0
3 8 0
t 45 22
m0 0 10
m1 0 10
m2 0 2
1 9 0
2 9 0
3 9 0
t 44 22
m0 0 10
m1 0 10
m2 0 1
1 8 0
2 8 0
3 8 0
t 43 22
m0 0 10
m1 0 10
m2 0 1
1 9 0
2 9 0
3 9 0
t 42 22
m0 0 10
m1 0 10
m2 0 2
1 8 0
2 8 0
3 8 0
t 41 22
m0 0 10
m1 0 10
m2 0 3
1 9 0
2 9 0
3 9 0
t 40 22
m0 0 10
m1 0 10
m2 0 4
1 8 0
2 8 0
3 8 0
t 39 22
m0 0 10
m1 0 10
m2 0 5
1 9 0
2 9 0
3 9 0
t 38 22
m0 0 10
m1 0 10
m2 0 5
1 8 0
2 8 0
3 8 0
t 37 22
m0 0 10
m1 0 10
m2 0 4
1 9 0
2 9 0
3 9 0
t 36 22
m0 0 10
m1 0 10
m2 0 4
1 8 0
2 8 0
3 8 0
t 35 22
m0 0 10
m1 0 10
m2 0 3
1 9 0
2 9 0
3 9 0
t 34 22
m0 0 10
m1 0 10
m2 0 4
1 8 0
2 8 0
3 8 0
t 33 22
m0 0 10
m1 0 10
m2 0 4
1 9 0
2 9 0
3 9 0
t 32 22
m0 0 10
m1 0 10
m2 1 4
1 8 0
2 8 0
3 8 0
t 31 22
m0 0 10
m1 0 10
m2 1 4
1 9 0
2 9 0
3 9 0
t 30 22
m0 0 10
m1 0 10
m2 1 3
1 8 0
2 8 0
3 8 0
t 29 22
m0 0 10
m1 0 10
m2 1 3
1 9 0
2 9 0
3 9 0
t 28 22
m0 0 10
m1 0 10
m2 1 3
1 8 0
2 8 0
3 8 0
t 27 22
m0 0 10
m1 0 10
m2 0 3
1 9 0
2 9 0
3 9 0
t 26 22
m0 0 10
m1 0 10
m2 0 2
1 8 0
2 8 0
3 8 0
t 25 22
m0 0 10
m1 0 10
m2 0 2
1 9 0
2 9 0
3 9 0
t 24 22
m0 0 10
m1 0 10
m2 0 3
1 8 0
2 8 0
3 8 0
t 23 22
m0 0 10
m1 0 10
m2 0 4
1 9 0
2 9 0
3 9 0
t 22 22
m0 0 10
m1 0 10
m2 1 4
1 8 0
2 8 0
3 8 0
t 21 22
m0 0 10
m1 0 10
m2 0 4
1 9 0
2 9 0
3 9 0
t 20 22
m0 0 10
m1 0 10
m2 0 3
1 8 0
2 8 0
3 8 0
t 19 22
m0 0 10
m1 0 10
m2 0 2
1 9 0
2 9 0
3 9 0
t 18 22
m0 0 10
m1 0 10
m2 0 1
1 8 0
2 8 0
3 8 0
t 17 22
m0 0 10
m1 0 10
m2 1 1
1 9 0
2 9 0
3 9 0
t 16 22
m0 0 10
m1 0 10
m2 0 1
1 8 0
2 8 0
3 8 0
t 15 22
m0 0 10
m1 0 10
m2 1 1
1 9 0
2 9 0
3 9 0
t 14 22
m0 0 10
m1 0 10
m2 1 1
1 8 0
2 8 0
3 8 0
t 13 22
m0 0 10
m1 0 10
m2 1 1
1 9 0
2 9 0
3 9 0
t 12 22
m0 0 10
m1 0 10
m2 0 1
1 8 0
2 8 0
3 8 0
t 11 22
m0 0 10
m1 0 10
m2 1 1
1 9 0
2 9 0
3 9 0
t 10 22
m0 0 10
m1 0 10
m2 0 1
1 8 0
2 8 0
3 8 0
t 9 22
m0 0 10
m1 0 10
m2 0 2
1 9 0
2 9 0
3 9 0
t 8 22
m0 0 10
m1 0 10
m2 0 3
1 8 0
2 8 0
3 8 0
t 7 22
m0 0 10
m1 0 10
m2 1 3
1 9 0
2 9 0
3 9 0
t 6 22
m0 0 10
m1 0 10
m2 2 3
1 8 0
2 8 0
3 8 0
t 5 22
m0 0 10
m1 0 10
m2 2 2
1 9 0
2 9 0
3 9 0
t 4 22
m0 0 10
m1 0 10
m2 3 2
1 8 0
2 8 0
3 8 0
t 3 22
m0 0 10
m1 0 10
m2 4 2
1 9 0
2 9 0
3 9 0
t 2 22
m0 0 10
m1 0 10
m2 5 2
1 8 0
2 8 0
3 8 0
t 1 23
m0 0 10
m1 0 10
m2 5 3
1 8 0
2 8 0
3 8 0
t 0 23
