10
15
w 5 9
w 6 6
w 7 12
w 8 0
w 8 9
w 4 12
w 1 6
w 2 12
w 3 7
w 8 5
w 3 14
w 2 9
w 3 10
w 1 14
w 6 3
w 0 11
w 9 11
w 2 2
w 4 1
w 6 4
w 7 14
w 0 0
w 6 0
w 0 12
w 0 5
w 8 7
w 6 12
w 1 0
w 2 14
w 8 3
w 7 0
w 4 6
w 6 8
w 9 2
w 0 6
w 1 7
w 2 4
p 7 3
p 6 9
p 1 3
p 4 7
p 9 1
p 9 8
p 5 13
p 7 7
p 0 10
p 9 4
p 7 11
p 5 1
p 1 11
p 5 8
p 7 2
p 1 2
p 8 14
p 4 0
p 6 7
p 4 9
p 8 1
p 5 12
p 4 4
p 6 10
p 8 10
p 7 10
p 0 4
p 1 10
p 1 1
p 9 7
p 5 4
p 5 11
p 6 11
p 3 13
p 7 1
p 4 5
p 4 14
p 2 10
p 1 9
p 0 8
p 4 11
p 3 5
p 2 7
p 5 10
p 3 12
p 1 12
p 8 12
p 6 1
p 9 9
p 7 4
p 1 8
p 8 8
p 6 13
p 7 8
p 0 2
p 9 12
m0 0 14
m1 0 14
m2 0 14
1 9 0
2 9 0
3 9 0
t 300 0
m0 0 13
m1 0 13
m2 0 14
1 9 1
2 9 1
3 9 1
t 299 0
m0 1 13
m1 0 13
m2 0 14
1 8 1
2 8 1
3 9 0
t 298 0
m0 2 13
m1 1 13
m2 0 14
1 7 1
2 8 2
3 9 1
t 297 0
m0 1 13
m1 2 13
m2 0 14
1 6 1
2 7 2
3 9 0
t 296 0
m0 2 13
m1 3 13
m2 0 14
1 5 1
2 7 3
3 9 1
t 295 1
m0 3 13
m1 4 13
m2 0 14
1 5 0
2 7 4
3 8 1
t 294 1
m0 4 13
m1 5 13
m2 0 14
1 4 0
2 7 5
3 9 1
t 293 2
m0 3 13
m1 5 14
m2 0 14
1 3 0
2 6 5
3 8 1
t 292 2
m0 3 13
m1 5 13
m2 0 14
1 2 0
2 5 5
3 9 1
t 291 2
m0 3 12
m1 5 14
m2 0 14
1 3 0
2 5 6
3 8 1
t 290 3
m0 3 12
m1 5 13
m2 0 14
1 2 0
2 5 7
3 8 2
t 289 3
m0 3 13
m1 5 14
m2 0 14
1 3 0
2 5 8
3 7 2
t 288 3
m0 3 13
m1 5 13
m2 0 14
1 2 0
2 4 8
3 7 3
t 287 3
m0 3 13
m1 5 14
m2 0 14
1 3 0
2 4 9
3 7 4
t 286 3
m0 2 13
m1 5 13
m2 0 14
1 2 0
2 4 10
3 8 4
t 285 3
m0 1 13
m1 5 14
m2 0 14
1 2 1
2 4 11
3 9 4
t 284 3
m0 1 12
m1 5 13
m2 0 14
1 1 1
2 5 11
3 8 4
t 283 4
m0 1 12
m1 5 14
m2 0 14
1 0 1
2 5 12
3 9 4
t 282 4
m0 1 11
m1 -5 -5
m2 0 14
1 1 1
2 5 13
3 9 5
t 281 5
m0 1 11
m1 -5 -5
m2 0 14
1 0 1
2 4 13
3 9 6
t 280 5
m0 1 11
m1 -5 -5
m2 0 14
1 1 1
2 3 13
3 8 6
t 279 5
m0 1 10
m1 -5 -5
m2 0 14
1 0 1
2 2 13
3 9 6
t 278 6
m0 2 10
m1 -5 -5
m2 0 14
1 1 1
2 1 13
3 9 7
t 277 7
m0 2 10
m1 -5 -5
m2 0 14
1 2 1
2 0 13
3 9 8
t 276 7
m0 2 10
m1 -5 -5
m2 -5 -5
1 2 0
2 0 14
3 8 8
f 0 9
t 275 7
m0 2 10
m1 -5 -5
m2 -5 -5
1 2 1
2 0 13
3 9 8
t 274 7
m0 1 10
m1 -5 -5
m2 -5 -5
1 2 0
2 1 13
3 9 7
t 273 7
m0 2 10
m1 -5 -5
m2 -5 -5
1 2 1
2 2 13
3 9 8
t 272 7
m0 2 11
m1 -5 -5
m2 -5 -5
1 3 1
2 1 13
3 8 8
t 271 7
m0 2 10
m1 -5 -5
m2 -5 -5
1 2 1
2 2 13
3 9 8
t 270 7
m0 1 10
m1 -5 -5
m2 -5 -5
1 1 1
2 1 13
3 9 7
t 269 7
m0 0 10
m1 -5 -5
m2 -5 -5
1 0 1
2 1 12
3 9 6
t 268 8
m0 0 9
m1 -5 -5
m2 -5 -5
1 0 2
2 1 11
3 8 6
t 267 18
m0 1 9
m1 -5 -5
m2 -5 -5
1 1 2
2 2 11
3 9 6
t 266 19
m0 1 8
m1 -5 -5
m2 -5 -5
1 1 1
2 2 10
3 9 5
t 265 20
m0 0 8
m1 -5 -5
m2 -5 -5
1 0 1
2 1 10
3 9 6
t 264 21
m0 0 7
m1 -5 -5
m2 -5 -5
1 0 2
2 2 10
3 9 5
t 263 21
m0 0 8
m1 -5 -5
m2 -5 -5
1 0 1
2 1 10
3 9 6
t 262 21
m0 0 8
m1 -5 -5
m2 -5 -5
1 0 2
2 2 10
3 9 5
t 261 21
m0 0 7
m1 -5 -5
m2 -5 -5
1 0 1
2 1 10
3 9 6
t 260 21
m0 0 7
m1 -5 -5
m2 -5 -5
1 0 2
2 2 10
3 9 5
t 259 21
m0 0 7
m1 -5 -5
m2 -5 -5
1 0 1
2 1 10
3 9 6
t 258 21
m0 0 8
m1 -5 -5
m2 -5 -5
1 0 2
2 2 10
3 9 5
t 257 21
m0 0 7
m1 -5 -5
m2 -5 -5
1 0 1
2 1 10
3 9 6
t 256 21
m0 0 7
m1 -5 -5
m2 -5 -5
1 0 2
2 2 10
3 9 5
t 255 21
m0 0 7
m1 -5 -5
m2 -5 -5
1 0 1
2 1 10
3 9 6
t 254 21
m0 0 7
m1 -5 -5
m2 -5 -5
1 0 2
2 2 10
3 9 5
t 253 21
m0 0 8
m1 -5 -5
m2 -5 -5
1 0 1
2 1 10
3 9 6
t 252 21
m0 0 8
m1 -5 -5
m2 -5 -5
1 0 2
2 2 10
3 9 5
t 251 21
m0 0 7
m1 -5 -5
m2 -5 -5
1 0 1
2 1 10
3 9 6
t 250 21
m0 0 7
m1 -5 -5
m2 -5 -5
1 0 2
2 2 10
3 9 5
t 249 21
m0 0 8
m1 -5 -5
m2 -5 -5
1 0 1
2 1 10
3 9 6
t 248 21
m0 0 8
m1 -5 -5
m2 -5 -5
1 0 2
2 2 10
3 9 5
t 247 21
m0 0 8
m1 -5 -5
m2 -5 -5
1 0 1
2 1 10
3 9 6
f 5 5
t 246 21
m0 0 9
m1 -5 -5
m2 -5 -5
1 0 2
2 2 10
3 9 5
t 245 21
m0 0 9
m1 -5 -5
m2 -5 -5
1 0 1
2 1 10
3 9 6
t 244 21
m0 0 9
m1 -5 -5
m2 -5 -5
1 0 2
2 2 10
3 9 5
t 243 21
m0 0 8
m1 -5 -5
m2 -5 -5
1 0 1
2 1 10
3 9 6
t 242 21
m0 1 8
m1 -5 -5
m2 -5 -5
1 1 1
2 2 10
3 9 5
t 241 21
m0 0 8
m1 -5 -5
m2 -5 -5
1 0 1
2 1 10
3 9 6
t 240 21
m0 0 9
m1 -5 -5
m2 -5 -5
1 0 2
2 2 10
3 9 5
t 239 21
m0 0 8
m1 -5 -5
m2 -5 -5
1 0 1
2 1 10
3 9 6
t 238 21
m0 1 8
m1 -5 -5
m2 -5 -5
1 1 1
2 2 10
3 9 5
t 237 21
m0 2 8
m1 -5 -5
m2 -5 -5
1 2 1
2 1 10
3 9 6
t 236 21
m0 3 8
m1 -5 -5
m2 -5 -5
1 3 1
2 2 10
3 8 6
t 235 21
m0 3 9
m1 -5 -5
m2 -5 -5
1 3 0
2 1 10
3 9 6
t 234 21
m0 3 9
m1 -5 -5
m2 -5 -5
1 3 1
2 2 10
3 8 6
t 233 21
m0 3 9
m1 -5 -5
m2 -5 -5
1 3 0
2 1 10
3 9 6
t 232 21
m0 4 9
m1 -5 -5
m2 -5 -5
1 4 0
2 2 10
3 8 6
t 231 22
m0 4 9
m1 -5 -5
m2 -5 -5
1 3 0
2 1 10
3 9 6
t 230 22
m0 4 10
m1 -5 -5
m2 -5 -5
1 4 0
2 2 10
3 8 6
t 229 22
m0 4 9
m1 -5 -5
m2 -5 -5
1 3 0
2 1 10
3 9 6
t 228 22
m0 4 9
m1 -5 -5
m2 -5 -5
1 4 0
2 2 10
3 8 6
t 227 22
m0 3 9
m1 -5 -5
m2 -5 -5
1 3 0
2 1 10
3 9 6
t 226 22
m0 3 9
m1 -5 -5
m2 -5 -5
1 3 1
2 2 10
3 8 6
t 225 22
m0 3 8
m1 -5 -5
m2 -5 -5
1 3 0
2 1 10
3 9 6
t 224 22
m0 3 9
m1 -5 -5
m2 -5 -5
1 3 1
2 2 10
3 8 6
t 223 22
m0 4 9
m1 -5 -5
m2 -5 -5
1 3 0
2 1 10
3 9 6
t 222 22
m0 3 9
m1 -5 -5
m2 -5 -5
1 3 1
2 2 10
3 8 6
t 221 22
m0 4 9
m1 -5 -5
m2 -5 -5
1 3 0
2 1 10
3 9 6
t 220 22
m0 3 9
m1 -5 -5
m2 -5 -5
1 3 1
2 2 10
3 8 6
t 219 22
m0 4 9
m1 -5 -5
m2 -5 -5
1 3 0
2 1 10
3 9 6
t 218 22
m0 4 9
m1 -5 -5
m2 -5 -5
1 4 0
2 2 10
3 8 6
t 217 22
m0 4 8
m1 -5 -5
m2 -5 -5
1 3 0
2 1 10
3 9 6
t 216 22
m0 5 8
m1 -5 -5
m2 -5 -5
1 4 0
2 2 10
3 8 6
t 215 23
m0 5 7
m1 -5 -5
m2 -5 -5
1 5 0
2 1 10
3 9 6
t 214 23
m0 5 7
m1 -5 -5
m2 -5 -5
1 4 0
2 2 10
3 8 6
t 213 23
m0 5 6
m1 -5 -5
m2 -5 -5
1 5 0
2 1 10
3 9 6
t 212 23
m0 5 7
m1 -5 -5
m2 -5 -5
1 4 0
2 2 10
3 8 6
t 211 23
m0 4 7
m1 -5 -5
m2 -5 -5
1 3 0
2 1 10
3 9 6
t 210 24
m0 5 7
m1 -5 -5
m2 -5 -5
1 4 0
2 2 10
3 8 6
t 209 24
m0 4 7
m1 -5 -5
m2 -5 -5
1 3 0
2 1 10
3 9 6
t 208 24
m0 4 7
m1 -5 -5
m2 -5 -5
1 4 0
2 2 10
3 8 6
t 207 24
m0 4 8
m1 -5 -5
m2 -5 -5
1 3 0
2 1 10
3 9 6
t 206 24
m0 4 9
m1 -5 -5
m2 -5 -5
1 4 0
2 2 10
3 8 6
t 205 24
m0 4 9
m1 -5 -5
m2 -5 -5
1 3 0
2 1 10
3 9 6
t 204 24
m0 4 8
m1 -5 -5
m2 -5 -5
1 4 0
2 2 10
3 8 6
t 203 24
m0 4 9
m1 -5 -5
m2 -5 -5
1 3 0
2 1 10
3 9 6
t 202 24
m0 4 9
m1 -5 -5
m2 -5 -5
1 4 0
2 2 10
3 8 6
t 201 24
m0 4 9
m1 -5 -5
m2 -5 -5
1 3 0
2 1 10
3 9 6
t 200 24
m0 4 8
m1 -5 -5
m2 -5 -5
1 4 0
2 2 10
3 8 6
t 199 24
m0 3 8
m1 -5 -5
m2 -5 -5
1 3 0
2 1 10
3 9 6
t 198 24
m0 4 8
m1 -5 -5
m2 -5 -5
1 4 0
2 2 10
3 8 6
t 197 24
m0 5 8
m1 -5 -5
m2 -5 -5
1 5 0
2 1 10
3 9 6
t 196 24
m0 5 7
m1 -5 -5
m2 -5 -5
1 4 0
2 2 10
3 8 6
t 195 24
m0 4 7
m1 -5 -5
m2 -5 -5
1 3 0
2 1 10
3 9 6
t 194 24
m0 4 7
m1 -5 -5
m2 -5 -5
1 4 0
2 2 10
3 8 6
t 193 24
m0 5 7
m1 -5 -5
m2 -5 -5
1 5 0
2 1 10
3 9 6
t 192 24
m0 6 7
m1 -5 -5
m2 -5 -5
1 4 0
2 2 10
3 8 6
t 191 25
m0 6 7
m1 -5 -5
m2 -5 -5
1 5 0
2 1 10
3 9 6
t 190 25
m0 5 7
m1 -5 -5
m2 -5 -5
1 4 0
2 2 10
3 8 6
t 189 25
m0 6 7
m1 -5 -5
m2 -5 -5
1 5 0
2 1 10
3 9 6
t 188 25
m0 5 7
m1 -5 -5
m2 -5 -5
1 4 0
2 2 10
3 8 6
t 187 25
m0 5 7
m1 -5 -5
m2 -5 -5
1 5 0
2 1 10
3 9 6
t 186 25
m0 5 8
m1 -5 -5
m2 -5 -5
1 4 0
2 2 10
3 8 6
t 185 25
m0 5 8
m1 -5 -5
m2 -5 -5
1 5 0
2 1 10
3 9 6
t 184 25
m0 5 7
m1 -5 -5
m2 -5 -5
1 4 0
2 2 10
3 8 6
t 183 25
m0 5 7
m1 -5 -5
m2 -5 -5
1 5 0
2 1 10
3 9 6
t 182 25
m0 5 7
m1 -5 -5
m2 -5 -5
1 4 0
2 2 10
3 8 6
t 181 25
m0 5 7
m1 -5 -5
m2 -5 -5
1 5 0
2 1 10
3 9 6
t 180 25
m0 4 7
m1 -5 -5
m2 -5 -5
1 4 0
2 2 10
3 8 6
t 179 25
m0 5 7
m1 -5 -5
m2 -5 -5
1 5 0
2 1 10
3 9 6
t 178 25
m0 6 7
m1 -5 -5
m2 -5 -5
1 4 0
2 2 10
3 8 6
t 177 25
m0 7 7
m1 -5 -5
m2 -5 -5
1 5 0
2 1 10
3 9 6
t 176 26
m0 6 7
m1 -5 -5
m2 -5 -5
1 4 0
2 2 10
3 8 6
t 175 26
m0 5 7
m1 -5 -5
m2 -5 -5
1 5 0
2 1 10
3 9 6
t 174 26
m0 5 8
m1 -5 -5
m2 -5 -5
1 4 0
2 2 10
3 8 6
t 173 26
m0 5 7
m1 -5 -5
m2 -5 -5
1 5 0
2 1 10
3 9 6
t 172 26
m0 4 7
m1 -5 -5
m2 -5 -5
1 4 0
2 2 10
3 8 6
t 171 26
m0 5 7
m1 -5 -5
m2 -5 -5
1 5 0
2 1 10
3 9 6
t 170 26
m0 4 7
m1 -5 -5
m2 -5 -5
1 4 0
2 2 10
3 8 6
t 169 26
m0 4 7
m1 -5 -5
m2 -5 -5
1 3 0
2 1 10
3 9 6
t 168 26
m0 5 7
m1 -5 -5
m2 -5 -5
1 4 0
2 2 10
3 8 6
t 167 26
m0 6 7
m1 -5 -5
m2 -5 -5
1 5 0
2 1 10
3 9 6
t 166 26
m0 5 7
m1 -5 -5
m2 -5 -5
1 4 0
2 2 10
3 8 6
t 165 26
m0 5 7
m1 -5 -5
m2 -5 -5
1 5 0
2 1 10
3 9 6
t 164 26
m0 5 6
m1 -5 -5
m2 -5 -5
1 4 0
2 2 10
3 8 6
t 163 26
m0 5 6
m1 -5 -5
m2 -5 -5
1 5 0
2 1 10
3 9 6
t 162 26
m0 5 5
m1 -5 -5
m2 -5 -5
1 4 0
2 2 10
3 9 5
t 161 36
m0 5 5
m1 -5 -5
m2 -5 -5
1 5 0
2 1 10
3 9 6
f 3 4
t 160 36
m0 5 5
m1 -5 -5
m2 -5 -5
1 4 0
2 2 10
3 9 5
t 159 36
m0 5 5
m1 -5 -5
m2 -5 -5
1 5 0
2 1 10
3 9 6
t 158 36
m0 6 5
m1 -5 -5
m2 -5 -5
1 4 0
2 2 10
3 9 5
t 157 36
m0 6 5
m1 -5 -5
m2 -5 -5
1 5 0
2 1 10
3 9 6
t 156 36
m0 5 5
m1 -5 -5
m2 -5 -5
1 4 0
2 2 10
3 9 5
t 155 36
m0 5 6
m1 -5 -5
m2 -5 -5
1 5 0
2 1 10
3 9 6
t 154 36
m0 5 7
m1 -5 -5
m2 -5 -5
1 4 0
2 2 10
3 8 6
t 153 36
m0 5 8
m1 -5 -5
m2 -5 -5
1 5 0
2 1 10
3 9 6
t 152 36
m0 5 7
m1 -5 -5
m2 -5 -5
1 4 0
2 2 10
3 8 6
t 151 36
m0 6 7
m1 -5 -5
m2 -5 -5
1 5 0
2 1 10
3 9 6
t 150 36
m0 5 7
m1 -5 -5
m2 -5 -5
1 4 0
2 2 10
3 8 6
t 149 36
m0 4 7
m1 -5 -5
m2 -5 -5
1 3 0
2 1 10
3 9 6
t 148 36
m0 4 7
m1 -5 -5
m2 -5 -5
1 4 0
2 2 10
3 8 6
t 147 36
m0 4 7
m1 -5 -5
m2 -5 -5
1 3 0
2 1 10
3 9 6
t 146 36
m0 4 8
m1 -5 -5
m2 -5 -5
1 4 0
2 2 10
3 8 6
t 145 36
m0 4 8
m1 -5 -5
m2 -5 -5
1 3 0
2 1 10
3 9 6
t 144 36
m0 4 8
m1 -5 -5
m2 -5 -5
1 4 0
2 2 10
3 8 6
t 143 36
m0 3 8
m1 -5 -5
m2 -5 -5
1 3 0
2 1 10
3 9 6
t 142 36
m0 3 8
m1 -5 -5
m2 -5 -5
1 3 1
2 2 10
3 8 6
t 141 36
m0 3 8
m1 -5 -5
m2 -5 -5
1 3 0
2 1 10
3 9 6
t 140 36
m0 4 8
m1 -5 -5
m2 -5 -5
1 4 0
2 2 10
3 8 6
t 139 36
m0 4 7
m1 -5 -5
m2 -5 -5
1 3 0
2 1 10
3 9 6
t 138 36
m0 4 8
m1 -5 -5
m2 -5 -5
1 4 0
2 2 10
3 8 6
t 137 36
m0 4 8
m1 -5 -5
m2 -5 -5
1 3 0
2 1 10
3 9 6
t 136 36
m0 4 9
m1 -5 -5
m2 -5 -5
1 4 0
2 2 10
3 8 6
t 135 36
m0 4 10
m1 -5 -5
m2 -5 -5
1 3 0
2 1 10
3 9 6
t 134 36
m0 4 10
m1 -5 -5
m2 -5 -5
1 4 0
2 2 10
3 8 6
t 133 36
m0 4 10
m1 -5 -5
m2 -5 -5
1 3 0
2 1 10
3 9 6
t 132 36
m0 4 9
m1 -5 -5
m2 -5 -5
1 4 0
2 2 10
3 8 6
t 131 36
m0 4 9
m1 -5 -5
m2 -5 -5
1 3 0
2 1 10
3 9 6
t 130 36
m0 3 9
m1 -5 -5
m2 -5 -5
1 3 1
2 2 10
3 8 6
t 129 36
m0 3 8
m1 -5 -5
m2 -5 -5
1 3 0
2 1 10
3 9 6
t 128 36
m0 4 8
m1 -5 -5
m2 -5 -5
1 4 0
2 2 10
3 8 6
t 127 36
m0 4 8
m1 -5 -5
m2 -5 -5
1 3 0
2 1 10
3 9 6
t 126 36
m0 4 7
m1 -5 -5
m2 -5 -5
1 4 0
2 2 10
3 8 6
t 125 36
m0 4 7
m1 -5 -5
m2 -5 -5
1 3 0
2 1 10
3 9 6
t 124 36
m0 4 7
m1 -5 -5
m2 -5 -5
1 4 0
2 2 10
3 8 6
t 123 36
m0 4 7
m1 -5 -5
m2 -5 -5
1 3 0
2 1 10
3 9 6
t 122 36
m0 4 8
m1 -5 -5
m2 -5 -5
1 4 0
2 2 10
3 8 6
t 121 36
m0 4 9
m1 -5 -5
m2 -5 -5
1 3 0
2 1 10
3 9 6
t 120 36
m0 3 9
m1 -5 -5
m2 -5 -5
1 3 1
2 2 10
3 8 6
t 119 36
m0 3 9
m1 -5 -5
m2 -5 -5
1 3 0
2 1 10
3 9 6
t 118 36
m0 3 8
m1 -5 -5
m2 -5 -5
1 3 1
2 2 10
3 8 6
t 117 36
m0 3 9
m1 -5 -5
m2 -5 -5
1 3 0
2 1 10
3 9 6
t 116 36
m0 4 9
m1 -5 -5
m2 -5 -5
1 4 0
2 2 10
3 8 6
t 115 36
m0 3 9
m1 -5 -5
m2 -5 -5
1 3 0
2 1 10
3 9 6
t 114 36
m0 4 9
m1 -5 -5
m2 -5 -5
1 4 0
2 2 10
3 8 6
t 113 36
m0 3 9
m1 -5 -5
m2 -5 -5
1 3 0
2 1 10
3 9 6
t 112 36
m0 4 9
m1 -5 -5
m2 -5 -5
1 4 0
2 2 10
3 8 6
t 111 36
m0 3 9
m1 -5 -5
m2 -5 -5
1 3 0
2 1 10
3 9 6
t 110 36
m0 4 9
m1 -5 -5
m2 -5 -5
1 4 0
2 2 10
3 8 6
t 109 36
m0 4 10
m1 -5 -5
m2 -5 -5
1 3 0
2 1 10
3 9 6
t 108 36
m0 4 10
m1 -5 -5
m2 -5 -5
1 4 0
2 2 10
3 8 6
t 107 36
m0 4 10
m1 -5 -5
m2 -5 -5
1 3 0
2 1 10
3 9 6
t 106 36
m0 4 9
m1 -5 -5
m2 -5 -5
1 4 0
2 2 10
3 8 6
t 105 36
m0 4 8
m1 -5 -5
m2 -5 -5
1 3 0
2 1 10
3 9 6
t 104 36
m0 4 7
m1 -5 -5
m2 -5 -5
1 4 0
2 2 10
3 8 6
t 103 36
m0 5 7
m1 -5 -5
m2 -5 -5
1 5 0
2 1 10
3 9 6
t 102 36
m0 5 6
m1 -5 -5
m2 -5 -5
1 4 0
2 2 10
3 8 6
t 101 36
m0 5 7
m1 -5 -5
m2 -5 -5
1 5 0
2 1 10
3 9 6
t 100 36
m0 5 6
m1 -5 -5
m2 -5 -5
1 4 0
2 2 10
3 8 6
t 99 36
m0 5 7
m1 -5 -5
m2 -5 -5
1 5 0
2 1 10
3 9 6
t 98 36
m0 5 6
m1 -5 -5
m2 -5 -5
1 4 0
2 2 10
3 8 6
t 97 36
m0 5 5
m1 -5 -5
m2 -5 -5
1 5 0
2 1 10
3 9 6
t 96 36
m0 5 6
m1 -5 -5
m2 -5 -5
1 4 0
2 2 10
3 8 6
t 95 36
m0 5 6
m1 -5 -5
m2 -5 -5
1 5 0
2 1 10
3 9 6
t 94 36
m0 5 7
m1 -5 -5
m2 -5 -5
1 4 0
2 2 10
3 8 6
t 93 36
m0 5 7
m1 -5 -5
m2 -5 -5
1 5 0
2 1 10
3 9 6
t 92 36
m0 5 7
m1 -5 -5
m2 -5 -5
1 4 0
2 2 10
3 8 6
t 91 36
m0 6 7
m1 -5 -5
m2 -5 -5
1 5 0
2 1 10
3 9 6
t 90 36
m0 5 7
m1 -5 -5
m2 -5 -5
1 4 0
2 2 10
3 8 6
t 89 36
m0 5 6
m1 -5 -5
m2 -5 -5
1 5 0
2 1 10
3 9 6
t 88 36
m0 5 5
m1 -5 -5
m2 -5 -5
1 4 0
2 2 10
3 9 5
t 87 36
m0 4 5
m1 -5 -5
m2 -5 -5
1 3 0
2 1 10
3 9 6
t 86 37
m0 3 5
m1 -5 -5
m2 -5 -5
1 3 1
2 2 10
3 9 5
t 85 38
m0 4 5
m1 -5 -5
m2 -5 -5
1 3 0
2 1 10
3 9 6
t 84 38
m0 4 4
m1 -5 -5
m2 -5 -5
1 4 0
2 2 10
3 9 5
t 83 39
m0 4 3
m1 -5 -5
m2 -5 -5
1 3 0
2 1 10
3 9 4
t 82 39
m0 5 3
m1 -5 -5
m2 -5 -5
1 4 0
2 2 10
3 9 3
t 81 39
m0 4 3
m1 -5 -5
m2 -5 -5
1 3 0
2 1 10
3 9 4
t 80 39
m0 3 3
m1 -5 -5
m2 -5 -5
1 2 0
2 2 10
3 9 3
t 79 39
m0 3 4
m1 -5 -5
m2 -5 -5
1 3 0
2 1 10
3 9 4
t 78 49
m0 3 4
m1 -5 -5
m2 -5 -5
1 2 0
2 2 10
3 8 4
t 77 49
m0 3 3
m1 -5 -5
m2 -5 -5
1 3 0
2 1 10
3 9 4
t 76 49
m0 2 3
m1 -5 -5
m2 -5 -5
1 2 0
2 2 10
3 9 3
t 75 49
m0 1 3
m1 -5 -5
m2 -5 -5
1 2 1
2 1 10
3 9 4
t 74 50
m0 1 2
m1 -5 -5
m2 -5 -5
1 2 0
2 1 9
3 9 3
t 73 51
m0 1 3
m1 -5 -5
m2 -5 -5
1 2 1
2 1 8
3 9 4
t 72 51
m0 0 3
m1 -5 -5
m2 -5 -5
1 3 1
2 0 8
3 9 3
t 71 51
m0 0 2
m1 -5 -5
m2 -5 -5
1 2 1
2 0 7
3 9 4
t 70 52
m0 0 2
m1 -5 -5
m2 -5 -5
1 3 1
2 0 8
3 9 3
t 69 52
m0 0 3
m1 -5 -5
m2 -5 -5
1 2 1
2 0 7
3 9 4
t 68 52
m0 0 4
m1 -5 -5
m2 -5 -5
1 3 1
2 0 8
3 8 4
t 67 53
m0 1 4
m1 -5 -5
m2 -5 -5
1 2 1
2 1 8
3 9 4
t 66 53
m0 1 5
m1 -5 -5
m2 -5 -5
1 3 1
2 0 8
3 9 5
t 65 53
m0 1 4
m1 -5 -5
m2 -5 -5
1 3 0
2 1 8
3 9 4
t 64 53
m0 1 4
m1 -5 -5
m2 -5 -5
1 2 0
2 0 8
3 8 4
t 63 53
m0 1 3
m1 -5 -5
m2 -5 -5
1 2 1
2 1 8
3 9 4
t 62 53
m0 0 3
m1 -5 -5
m2 -5 -5
1 3 1
2 0 8
3 9 3
t 61 53
m0 0 3
m1 -5 -5
m2 -5 -5
1 2 1
2 0 7
3 9 4
t 60 53
m0 1 3
m1 -5 -5
m2 -5 -5
1 3 1
2 0 8
3 9 3
t 59 53
m0 1 2
m1 -5 -5
m2 -5 -5
1 2 1
2 1 8
3 9 4
t 58 53
m0 1 1
m1 -5 -5
m2 -5 -5
1 3 1
2 0 8
3 9 3
t 57 54
m0 1 1
m1 -5 -5
m2 -5 -5
1 2 1
2 1 8
3 9 4
t 56 54
m0 1 1
m1 -5 -5
m2 -5 -5
1 3 1
2 0 8
3 9 3
t 55 54
m0 0 1
m1 -5 -5
m2 -5 -5
1 2 1
2 0 7
3 9 4
t 54 54
m0 0 2
m1 -5 -5
m2 -5 -5
1 3 1
2 0 8
3 9 3
t 53 54
m0 0 1
m1 -5 -5
m2 -5 -5
1 2 1
2 0 7
3 9 4
t 52 54
m0 0 1
m1 -5 -5
m2 -5 -5
1 3 1
2 0 8
3 9 3
t 51 54
m0 1 1
m1 -5 -5
m2 -5 -5
1 2 1
2 1 8
3 9 4
t 50 54
m0 -5 -5
m1 -5 -5
m2 -5 -5
1 2 1
2 1 8
3 9 4
t 49 54
