10
15
w 1 3
w 6 6
w 2 8
w 9 8
w 8 0
w 5 13
w 0 7
w 6 2
w 9 4
w 0 3
w 5 8
w 5 5
w 7 6
w 8 10
w 1 5
w 2 13
w 5 0
w 3 6
w 4 10
w 9 14
w 8 2
w 5 11
w 6 11
w 3 13
w 8 11
w 1 13
w 6 0
w 2 10
w 1 0
w 0 8
w 5 3
w 3 1
w 7 13
w 3 8
w 7 4
w 7 8
w 0 2
p 5 9
p 4 7
p 8 13
p 9 1
p 7 7
p 3 11
p 8 9
p 4 12
p 0 10
p 5 1
p 7 11
p 2 5
p 3 14
p 1 2
p 8 14
p 9 0
p 6 7
p 5 12
p 1 14
p 6 3
p 0 11
p 7 10
p 1 1
p 6 4
p 3 2
p 0 0
p 7 14
p 7 1
p 4 5
p 1 4
p 0 12
p 9 10
p 2 3
p 1 9
p 6 12
p 4 2
p 9 6
p 6 5
p 7 9
p 2 7
p 7 0
p 4 6
p 6 8
p 8 12
p 9 2
p 5 7
p 2 11
p 9 9
p 5 14
p 0 6
p 1 8
p 6 13
p 1 7
p 0 9
p 3 4
p 8 4
m0 0 14
m1 0 14
m2 0 14
1 9 0
2 9 0
3 9 0
t 300 0
m0 1 14
m1 0 13
m2 0 14
1 9 1
2 9 1
3 9 1
t 299 1
m0 2 14
m1 0 13
m2 0 14
1 9 2
2 8 1
3 9 0
t 298 1
m0 3 14
m1 0 13
m2 0 14
1 9 1
2 7 1
3 9 1
t 297 2
m0 4 14
m1 0 13
m2 0 14
1 9 2
2 7 0
3 9 0
t 296 2
m0 5 14
m1 0 13
m2 0 14
1 9 3
2 7 1
3 9 1
t 295 3
m0 6 14
m1 0 13
m2 0 14
1 8 3
2 7 2
3 9 0
t 294 3
m0 6 13
m1 0 13
m2 0 14
1 9 3
2 7 1
3 9 1
t 293 4
m0 6 12
m1 0 13
m2 0 14
1 8 3
2 7 0
3 9 0
t 292 5
m0 5 12
m1 0 13
m2 0 14
1 8 4
2 7 1
3 9 1
t 291 6
m0 5 12
m1 0 13
m2 0 14
1 8 5
2 7 0
3 9 2
t 290 6
m0 5 12
m1 0 13
m2 0 14
1 8 4
2 7 1
3 9 3
t 289 6
m0 5 12
m1 0 13
m2 0 14
1 8 5
2 6 1
3 9 2
t 288 6
m0 5 12
m1 0 13
m2 0 14
1 7 5
2 5 1
3 9 3
t 287 6
m0 5 12
m1 0 13
m2 0 14
1 8 5
2 4 1
3 8 3
t 286 6
m0 5 12
m1 0 13
m2 0 14
1 8 6
2 4 0
3 7 3
t 285 6
m0 5 12
m1 0 13
m2 0 14
1 9 6
2 4 1
3 7 2
t 284 6
m0 5 12
m1 0 13
m2 0 14
1 9 7
2 4 0
3 7 3
t 283 6
m0 5 12
m1 0 13
m2 0 14
1 9 6
2 3 0
3 6 3
t 282 6
m0 5 12
m1 0 13
m2 0 14
1 9 5
2 2 0
3 6 4
t 281 6
m0 5 12
m1 0 13
m2 0 14
1 8 5
2 2 1
3 5 4
t 280 6
m0 5 12
m1 0 13
m2 0 14
1 9 5
2 1 1
3 4 4
t 279 6
m0 5 12
m1 0 13
m2 0 14
1 8 5
2 2 1
3 4 3
t 278 6
m0 5 12
m1 0 13
m2 0 14
1 9 5
2 2 0
3 3 3
t 277 6
m0 5 12
m1 0 13
m2 0 14
1 8 5
2 2 1
3 3 4
t 276 6
m0 5 12
m1 0 13
m2 0 14
1 8 4
2 2 0
3 2 4
t 275 6
m0 5 12
m1 0 13
m2 0 14
1 8 3
2 3 0
3 1 4
t 274 6
m0 5 12
m1 0 13
m2 0 14
1 9 3
2 4 0
3 2 4
t 273 6
m0 5 12
m1 0 13
m2 0 14
1 9 2
2 3 0
3 1 4
t 272 6
m0 5 12
m1 0 13
m2 0 14
1 9 1
2 4 0
3 0 4
t 271 6
m0 5 12
m1 0 13
m2 1 14
1 8 1
2 3 0
3 1 4
t 270 6
m0 5 12
m1 0 13
m2 2 14
1 9 1
2 2 0
3 2 4
t 269 6
m0 5 12
m1 0 13
m2 3 14
1 9 0
2 3 0
3 2 5
t 268 6
m0 5 12
m1 0 13
m2 4 14
1 9 1
2 4 0
3 3 5
t 267 6
m0 5 12
m1 0 13
m2 5 14
1 9 0
2 4 1
3 3 4
t 266 6
m0 5 12
m1 0 13
m2 6 14
1 9 1
2 4 0
3 2 4
t 265 6
m0 5 12
m1 0 13
m2 7 14
1 9 0
2 4 1
3 2 5
t 264 7
m0 5 12
m1 0 13
m2 8 14
1 9 1
2 4 0
3 2 6
t 263 8
m0 5 12
m1 0 13
m2 8 14
1 8 1
2 3 0
3 1 6
t 262 8
m0 5 12
m1 0 13
m2 7 14
1 9 1
2 2 0
3 1 7
t 261 8
m0 5 12
m1 0 13
m2 8 14
1 9 0
2 2 1
3 1 6
t 260 8
m0 5 12
m1 0 13
m2 8 14
1 9 1
2 2 0
3 1 7
t 259 8
m0 5 12
m1 0 13
m2 8 14
1 9 2
2 3 0
3 2 7
t 258 8
m0 5 12
m1 0 13
m2 8 14
1 9 1
2 2 0
3 3 7
t 257 8
m0 5 12
m1 0 13
m2 8 14
1 9 0
2 2 1
3 2 7
t 256 8
m0 5 12
m1 0 13
m2 8 14
1 9 1
2 1 1
3 3 7
t 255 8
m0 5 12
m1 0 13
m2 8 14
1 8 1
2 1 2
3 4 7
t 254 8
m0 5 12
m1 0 13
m2 8 14
1 9 1
2 1 1
3 4 8
t 253 8
m0 5 12
m1 0 13
m2 8 14
1 9 2
2 1 2
3 4 7
t 252 8
m0 4 12
m1 0 13
m2 8 14
1 9 3
2 1 1
3 3 7
f 9 12
t 251 9
m0 4 11
m1 0 13
m2 8 14
1 9 2
2 2 1
3 2 7
t 250 9
m0 3 11
m1 0 13
m2 8 14
1 9 1
2 2 0
3 1 7
t 249 10
m0 2 11
m1 0 13
m2 8 14
1 9 2
2 2 1
3 1 8
t 248 11
m0 1 11
m1 0 13
m2 8 14
1 9 3
2 2 0
3 1 7
t 247 11
m0 0 11
m1 0 13
m2 7 14
1 8 3
2 2 1
3 2 7
t 246 12
m0 0 10
m1 0 13
m2 7 14
1 8 4
2 1 1
3 3 7
t 245 13
m0 0 9
m1 0 13
m2 7 14
1 8 3
2 0 1
3 4 7
t 244 14
m0 1 9
m1 0 13
m2 8 14
1 9 3
2 1 1
3 5 7
t 243 15
m0 1 8
m1 0 13
m2 8 14
1 9 2
2 0 1
3 6 7
t 242 16
m0 1 7
m1 0 13
m2 8 14
1 9 1
2 0 0
3 6 8
t 241 17
m0 2 7
m1 0 13
m2 8 14
1 9 0
2 0 1
3 6 9
t 240 18
m0 3 7
m1 0 13
m2 8 14
1 9 1
2 1 1
3 6 10
t 239 18
m0 4 7
m1 0 13
m2 8 14
1 9 0
2 0 1
3 5 10
t 238 19
m0 5 7
m1 0 13
m2 8 14
1 9 1
2 0 0
3 6 10
t 237 20
m0 6 7
m1 0 13
m2 8 14
1 9 0
2 0 1
3 5 10
t 236 21
m0 7 7
m1 0 13
m2 8 14
1 9 1
2 1 1
3 6 10
t 235 22
m0 6 7
m1 0 13
m2 8 14
1 9 0
2 2 1
3 5 10
t 234 22
m0 6 8
m1 0 13
m2 8 14
1 9 1
2 1 1
3 6 10
t 233 23
m0 6 8
m1 0 13
m2 8 14
1 9 2
2 0 1
3 5 10
t 232 23
m0 6 8
m1 0 13
m2 8 14
1 9 1
2 0 0
3 6 10
t 231 23
m0 6 8
m1 0 13
m2 8 14
1 9 0
2 0 1
3 7 10
t 230 23
m0 6 8
m1 0 13
m2 8 14
1 9 1
2 0 0
3 7 11
t 229 23
m0 6 8
m1 0 13
m2 8 14
1 9 0
2 0 1
3 7 12
t 228 23
m0 6 8
m1 0 13
m2 8 14
1 9 1
2 1 1
3 6 12
t 227 23
m0 6 8
m1 0 13
m2 8 14
1 9 0
2 1 2
3 5 12
t 226 23
m0 6 8
m1 0 13
m2 8 14
1 9 1
2 2 2
3 6 12
t 225 23
m0 6 8
m1 0 13
m2 8 14
1 9 0
2 1 2
3 5 12
t 224 23
m0 6 8
m1 0 13
m2 8 14
1 9 1
2 1 1
3 6 12
t 223 23
m0 6 8
m1 0 13
m2 8 14
1 9 0
2 1 2
3 6 13
t 222 23
m0 6 8
m1 0 13
m2 8 14
1 9 1
2 1 1
3 6 12
t 221 23
m0 6 8
m1 0 13
m2 8 14
1 9 0
2 1 2
3 5 12
t 220 23
m0 6 8
m1 0 13
m2 8 14
1 9 1
2 1 1
3 6 12
t 219 23
m0 6 8
m1 0 13
m2 8 14
1 9 0
2 1 2
3 5 12
t 218 23
m0 6 8
m1 0 13
m2 8 14
1 9 1
2 1 1
3 6 12
t 217 23
m0 6 8
m1 0 13
m2 8 14
1 9 0
2 0 1
3 6 13
t 216 23
m0 6 8
m1 0 13
m2 8 14
1 9 1
2 0 0
3 6 12
t 215 23
m0 6 8
m1 0 13
m2 8 14
1 8 1
2 0 1
3 5 12
t 214 23
m0 6 8
m1 0 13
m2 8 14
1 7 1
2 1 1
3 6 12
t 213 23
m0 6 8
m1 0 13
m2 8 14
1 7 0
2 1 2
3 5 12
t 212 23
m0 6 8
m1 0 13
m2 8 14
1 7 1
2 2 2
3 4 12
t 211 23
m0 6 8
m1 0 13
m2 8 14
1 7 0
2 2 3
3 5 12
t 210 23
m0 6 8
m1 0 13
m2 8 14
1 7 1
2 3 3
3 6 12
t 209 23
m0 6 8
m1 0 13
m2 8 14
1 7 0
2 3 2
3 5 12
t 208 23
m0 6 8
m1 0 13
m2 8 14
1 7 1
2 2 2
3 4 12
t 207 23
m0 6 8
m1 0 13
m2 8 14
1 7 0
2 1 2
3 5 12
t 206 23
m0 6 8
m1 0 13
m2 8 14
1 7 1
2 2 2
3 4 12
t 205 23
m0 6 8
m1 0 13
m2 8 14
1 8 1
2 2 3
3 4 11
t 204 23
m0 6 8
m1 0 13
m2 8 14
1 9 1
2 3 3
3 4 12
t 203 23
m0 6 8
m1 0 13
m2 8 14
1 9 0
2 2 3
3 4 11
t 202 23
m0 6 8
m1 0 13
m2 8 14
1 9 1
2 2 2
3 4 12
t 201 23
m0 6 8
m1 0 13
m2 8 14
1 9 0
2 3 2
3 5 12
t 200 23
m0 6 8
m1 0 13
m2 8 14
1 9 1
2 3 3
3 6 12
t 199 23
m0 6 8
m1 0 13
m2 8 14
1 9 0
2 2 3
3 5 12
t 198 23
m0 6 8
m1 0 13
m2 8 14
1 9 1
2 2 4
3 6 12
t 197 23
m0 6 8
m1 0 13
m2 8 14
1 8 1
2 2 5
3 5 12
t 196 23
m0 6 8
m1 0 13
m2 8 14
1 9 1
2 2 4
3 4 12
t 195 23
m0 6 8
m1 0 13
m2 8 14
1 9 2
2 2 5
3 5 12
t 194 23
m0 6 8
m1 0 13
m2 8 14
1 9 3
2 3 5
3 6 12
t 193 23
m0 6 8
m1 0 13
m2 8 14
1 8 3
2 2 5
3 5 12
t 192 23
m0 6 8
m1 0 13
m2 8 14
1 8 4
2 2 6
3 6 12
t 191 23
m0 6 8
m1 0 13
m2 8 14
1 8 3
2 2 7
3 7 12
t 190 23
m0 6 8
m1 0 13
m2 8 14
1 8 4
2 1 7
3 7 11
t 189 23
m0 6 8
m1 0 13
m2 8 14
1 8 3
2 1 6
3 7 12
t 188 23
m0 6 8
m1 0 13
m2 8 14
1 9 3
2 0 6
3 6 12
t 187 23
m0 6 8
m1 0 13
m2 8 14
1 9 2
2 0 5
3 6 13
t 186 23
m0 6 8
m1 0 13
m2 8 14
1 9 1
2 0 6
3 6 14
t 185 23
m0 6 8
m1 0 13
m2 8 13
1 8 1
2 1 6
3 5 14
t 184 24
m0 6 8
m1 0 13
m2 9 13
1 9 1
2 0 6
3 6 14
t 183 24
m0 6 8
m1 0 13
m2 9 12
1 9 0
2 0 5
3 5 14
t 182 34
m0 6 9
m1 0 13
m2 9 11
1 9 1
2 0 6
3 6 14
t 181 34
m0 7 9
m1 0 13
m2 9 10
1 9 0
2 1 6
3 7 14
f 8 8
t 180 36
m0 8 9
m1 0 13
m2 9 9
1 9 1
2 2 6
3 6 14
t 179 38
m0 8 8
m1 0 13
m2 9 9
1 9 2
2 1 6
3 5 14
t 178 48
m0 8 7
m1 0 13
m2 8 9
1 9 1
2 0 6
3 6 14
t 177 48
m0 9 7
m1 0 13
m2 8 8
1 9 0
2 1 6
3 7 14
f 8 1
t 176 48
m0 9 6
m1 0 13
m2 8 7
1 9 1
2 1 7
3 8 14
t 175 49
m0 9 5
m1 0 13
m2 7 7
1 8 1
2 1 6
3 7 14
t 174 49
m0 9 5
m1 0 13
m2 7 7
1 7 1
2 0 6
3 8 14
t 173 49
m0 9 5
m1 0 13
m2 6 7
1 7 0
2 0 5
3 8 13
t 172 49
m0 9 5
m1 0 13
m2 6 7
1 7 1
2 0 4
3 8 14
t 171 49
m0 9 5
m1 0 13
m2 6 8
1 8 1
2 1 4
3 8 13
t 170 49
m0 9 5
m1 0 13
m2 6 7
1 9 1
2 0 4
3 8 12
t 169 49
m0 9 5
m1 0 13
m2 5 7
1 8 1
2 1 4
3 8 13
t 168 49
m0 9 5
m1 0 13
m2 6 7
1 9 1
2 0 4
3 8 14
t 167 49
m0 9 5
m1 0 13
m2 6 7
1 9 0
2 0 5
3 7 14
t 166 49
m0 9 5
m1 0 13
m2 6 7
1 9 1
2 0 6
3 8 14
t 165 49
m0 9 5
m1 0 13
m2 7 7
1 9 0
2 0 5
3 7 14
t 164 49
m0 9 5
m1 0 13
m2 6 7
1 9 1
2 0 6
3 8 14
t 163 49
m0 9 5
m1 0 13
m2 7 7
1 9 0
2 1 6
3 8 13
t 162 49
m0 9 5
m1 0 13
m2 7 7
1 9 1
2 0 6
3 8 14
t 161 49
m0 9 5
m1 0 13
m2 7 7
1 9 0
2 0 5
3 7 14
t 160 49
m0 9 5
m1 0 13
m2 6 7
1 9 1
2 0 6
3 6 14
t 159 49
m0 9 5
m1 0 13
m2 7 7
1 9 2
2 0 5
3 6 13
t 158 49
m0 9 5
m1 0 13
m2 7 7
1 9 1
2 0 4
3 6 14
t 157 49
m0 9 5
m1 0 13
m2 7 7
1 9 0
2 1 4
3 7 14
t 156 49
m0 9 5
m1 0 13
m2 6 7
1 9 1
2 0 4
3 8 14
t 155 49
m0 9 5
m1 0 13
m2 6 7
1 8 1
2 1 4
3 8 13
t 154 49
m0 9 5
m1 0 13
m2 6 7
1 9 1
2 0 4
3 8 14
t 153 49
m0 9 5
m1 0 13
m2 6 7
1 9 0
2 1 4
3 7 14
t 152 49
m0 9 5
m1 0 13
m2 6 7
1 9 1
2 0 4
3 8 14
t 151 49
m0 9 5
m1 0 13
m2 6 7
1 8 1
2 0 5
3 7 14
t 150 49
m0 9 5
m1 0 13
m2 6 7
1 7 1
2 0 4
3 8 14
t 149 49
m0 9 5
m1 0 13
m2 6 8
1 6 1
2 1 4
3 8 13
t 148 49
m0 9 5
m1 0 13
m2 6 8
1 5 1
2 2 4
3 9 13
t 147 49
m0 9 5
m1 0 13
m2 6 8
1 6 1
2 2 3
3 8 13
t 146 49
m0 9 5
m1 0 13
m2 6 8
1 7 1
2 2 4
3 8 14
t 145 49
m0 9 5
m1 0 13
m2 6 8
1 7 0
2 1 4
3 8 13
t 144 49
m0 9 5
m1 0 13
m2 6 7
1 7 1
2 0 4
3 8 14
t 143 49
m0 9 5
m1 0 13
m2 6 8
1 6 1
2 1 4
3 7 14
t 142 49
m0 9 5
m1 0 13
m2 6 8
1 5 1
2 0 4
3 6 14
t 141 49
m0 9 5
m1 0 13
m2 6 7
1 6 1
2 0 5
3 5 14
t 140 49
m0 9 5
m1 0 13
m2 7 7
1 7 1
2 0 4
3 6 14
t 139 49
m0 9 5
m1 0 13
m2 6 7
1 7 0
2 0 5
3 5 14
t 138 49
m0 9 5
m1 0 13
m2 6 7
1 7 1
2 0 6
3 4 14
t 137 49
m0 9 5
m1 0 13
m2 6 8
1 7 2
2 0 5
3 5 14
t 136 49
m0 9 5
m1 0 13
m2 6 8
1 7 1
2 0 4
3 6 14
t 135 49
m0 9 5
m1 0 13
m2 6 7
1 6 1
2 1 4
3 7 14
t 134 49
m0 9 5
m1 0 13
m2 7 7
1 5 1
2 0 4
3 8 14
t 133 49
m0 9 5
m1 0 13
m2 7 7
1 4 1
2 1 4
3 8 13
t 132 49
m0 9 5
m1 0 13
m2 6 7
1 5 1
2 0 4
3 8 14
t 131 49
m0 9 5
m1 0 13
m2 7 7
1 4 1
2 0 5
3 8 13
t 130 49
m0 9 5
m1 0 13
m2 6 7
1 4 2
2 0 4
3 9 13
t 129 49
m0 9 5
m1 0 13
m2 7 7
1 5 2
2 0 5
3 9 12
t 128 49
m0 9 5
m1 0 13
m2 7 7
1 5 1
2 0 4
3 9 13
t 127 49
m0 9 5
m1 0 13
m2 7 7
1 6 1
2 1 4
3 9 12
t 126 49
m0 9 5
m1 0 13
m2 7 7
1 7 1
2 0 4
3 8 12
t 125 49
m0 9 5
m1 0 13
m2 6 7
1 8 1
2 1 4
3 9 12
t 124 49
m0 9 5
m1 0 13
m2 6 7
1 9 1
2 2 4
3 9 13
t 123 49
m0 9 5
m1 0 13
m2 7 7
1 8 1
2 2 5
3 8 13
t 122 49
m0 9 5
m1 0 13
m2 7 7
1 9 1
2 2 6
3 9 13
t 121 49
m0 9 5
m1 0 13
m2 8 7
1 9 0
2 1 6
3 9 12
t 120 49
m0 9 5
m1 0 13
m2 7 7
1 9 1
2 0 6
3 9 13
t 119 49
m0 9 5
m1 0 13
m2 7 7
1 9 0
2 1 6
3 8 13
t 118 49
m0 9 5
m1 0 13
m2 7 7
1 9 1
2 0 6
3 9 13
t 117 49
m0 9 5
m1 0 13
m2 7 7
1 8 1
2 0 5
3 8 13
t 116 49
m0 9 5
m1 0 13
m2 6 7
1 7 1
2 0 6
3 8 14
t 115 49
m0 9 5
m1 0 13
m2 6 8
1 7 0
2 1 6
3 7 14
t 114 49
m0 9 5
m1 0 13
m2 6 8
1 7 1
2 0 6
3 6 14
t 113 49
m0 9 5
m1 0 13
m2 6 7
1 7 0
2 0 5
3 7 14
t 112 49
m0 9 5
m1 0 13
m2 6 7
1 7 1
2 0 4
3 8 14
t 111 49
m0 9 5
m1 0 13
m2 6 8
1 7 0
2 1 4
3 8 13
t 110 49
m0 9 5
m1 0 13
m2 6 7
1 7 1
2 2 4
3 8 14
t 109 49
m0 9 5
m1 0 13
m2 6 8
1 6 1
2 1 4
3 7 14
t 108 49
m0 9 5
m1 0 13
m2 6 8
1 5 1
2 2 4
3 6 14
t 107 49
m0 9 5
m1 0 13
m2 6 7
1 4 1
2 1 4
3 7 14
t 106 49
m0 9 5
m1 0 13
m2 6 7
1 4 2
2 0 4
3 6 14
t 105 49
m0 9 5
m1 0 13
m2 7 7
1 4 1
2 0 5
3 7 14
t 104 49
m0 9 5
m1 0 13
m2 6 7
1 4 0
2 0 4
3 8 14
t 103 49
m0 9 5
m1 0 13
m2 6 7
1 3 0
2 0 5
3 7 14
t 102 49
m0 9 5
m1 0 13
m2 6 7
1 4 0
2 0 6
3 8 14
t 101 49
m0 9 5
m1 0 13
m2 7 7
1 3 0
2 0 5
3 8 13
t 100 49
m0 9 5
m1 0 13
m2 6 7
1 2 0
2 0 6
3 8 14
t 99 49
m0 9 5
m1 0 13
m2 7 7
1 3 0
2 0 5
3 7 14
t 98 49
m0 9 5
m1 0 13
m2 6 7
1 4 0
2 0 4
3 8 14
t 97 49
m0 9 5
m1 0 13
m2 6 7
1 3 0
2 0 5
3 8 13
t 96 49
m0 9 5
m1 0 13
m2 6 7
1 4 0
2 0 4
3 8 14
t 95 49
m0 9 5
m1 0 13
m2 6 7
1 4 1
2 0 5
3 8 13
t 94 49
m0 9 5
m1 0 13
m2 6 7
1 5 1
2 0 4
3 8 14
t 93 49
m0 9 5
m1 0 13
m2 7 7
1 6 1
2 0 5
3 8 13
t 92 49
m0 9 5
m1 0 13
m2 7 7
1 5 1
2 0 4
3 8 14
t 91 49
m0 9 5
m1 0 13
m2 7 7
1 4 1
2 1 4
3 8 13
t 90 49
m0 9 5
m1 0 13
m2 6 7
1 5 1
2 2 4
3 8 14
t 89 49
m0 9 5
m1 0 13
m2 7 7
1 5 2
2 1 4
3 7 14
t 88 49
m0 9 5
m1 0 13
m2 8 7
1 5 1
2 0 4
3 8 14
t 87 49
m0 9 5
m1 0 13
m2 7 7
1 6 1
2 1 4
3 7 14
t 86 49
m0 9 5
m1 0 13
m2 8 7
1 5 1
2 0 4
3 8 14
t 85 49
m0 9 5
m1 0 13
m2 7 7
1 4 1
2 0 5
3 7 14
t 84 49
m0 9 5
m1 0 13
m2 6 7
1 4 0
2 0 6
3 8 14
t 83 49
m0 9 5
m1 0 13
m2 7 7
1 4 1
2 0 5
3 7 14
t 82 49
m0 9 5
m1 0 13
m2 6 7
1 4 0
2 0 6
3 6 14
t 81 49
m0 9 5
m1 0 13
m2 7 7
1 3 0
2 0 5
3 7 14
t 80 49
m0 9 5
m1 0 13
m2 6 7
1 4 0
2 0 6
3 6 14
t 79 49
m0 9 5
m1 0 13
m2 7 7
1 4 1
2 0 5
3 6 13
t 78 49
m0 9 5
m1 0 13
m2 8 7
1 4 0
2 0 6
3 6 12
t 77 49
m0 9 5
m1 0 13
m2 9 7
1 3 0
2 0 5
3 5 12
t 76 49
m0 9 5
m1 0 13
m2 9 6
1 4 0
2 0 6
3 6 12
t 75 49
m0 9 5
m1 0 13
m2 9 5
1 3 0
2 0 5
3 5 12
t 74 49
m0 9 5
m1 0 13
m2 9 6
1 4 0
2 0 6
3 6 12
t 73 49
m0 9 5
m1 0 13
m2 9 5
1 4 1
2 0 5
3 6 13
t 72 49
m0 9 5
m1 0 13
m2 9 6
1 4 0
2 0 4
3 6 12
t 71 49
m0 9 5
m1 0 13
m2 9 5
1 4 1
2 0 5
3 7 12
t 70 49
m0 9 5
m1 0 13
m2 9 5
1 5 1
2 0 6
3 8 12
t 69 49
m0 9 5
m1 0 13
m2 9 5
1 4 1
2 0 5
3 9 12
t 68 49
m0 9 5
m1 0 13
m2 8 5
1 4 0
2 0 4
3 9 11
t 67 49
m0 9 5
m1 0 13
m2 8 4
1 4 1
2 0 5
3 9 12
t 66 50
m0 9 5
m1 0 13
m2 8 5
1 4 0
2 0 6
3 9 13
t 65 50
m0 9 5
m1 0 13
m2 8 4
1 3 0
2 0 5
3 8 13
t 64 50
m0 9 5
m1 0 13
m2 8 4
1 2 0
2 0 6
3 8 12
t 63 50
m0 9 5
m1 0 13
m2 8 3
1 3 0
2 0 5
3 8 13
t 62 50
m0 9 5
m1 0 13
m2 8 4
1 4 0
2 0 4
3 8 14
t 61 50
m0 9 5
m1 0 13
m2 8 5
1 4 1
2 0 5
3 8 13
t 60 50
m0 9 5
m1 0 13
m2 9 5
1 4 0
2 0 6
3 9 13
t 59 50
m0 9 5
m1 0 13
m2 8 5
1 4 1
2 1 6
3 9 12
t 58 50
m0 9 5
m1 0 13
m2 8 4
1 5 1
2 0 6
3 9 11
t 57 50
m0 9 5
m1 0 13
m2 8 5
1 4 1
2 1 6
3 9 12
t 56 50
m0 9 5
m1 0 13
m2 8 4
1 4 0
2 1 7
3 9 11
t 55 50
m0 9 5
m1 0 13
m2 8 4
1 3 0
2 2 7
3 9 10
t 54 50
m0 9 5
m1 0 13
m2 8 3
1 2 0
2 3 7
3 9 11
t 53 50
m0 9 5
m1 0 13
m2 8 3
1 3 0
2 2 7
3 9 12
t 52 50
m0 9 5
m1 0 13
m2 8 4
1 2 0
2 3 7
3 9 13
t 51 50
m0 9 5
m1 0 13
m2 8 3
1 3 0
2 4 7
3 8 13
t 50 50
m0 9 5
m1 0 13
m2 9 3
1 4 0
2 5 7
3 8 12
t 49 50
m0 9 5
m1 0 13
m2 9 3
1 3 0
2 4 7
3 7 12
t 48 50
m0 9 5
m1 0 13
m2 9 3
1 2 0
2 3 7
3 6 12
t 47 50
m0 9 5
m1 0 13
m2 9 3
1 3 0
2 2 7
3 7 12
t 46 50
m0 9 5
m1 0 13
m2 9 3
1 2 0
2 3 7
3 8 12
t 45 50
m0 9 5
m1 0 13
m2 9 3
1 2 1
2 4 7
3 7 12
t 44 50
m0 9 5
m1 0 13
m2 9 3
1 2 0
2 4 6
3 7 11
t 43 50
m0 9 5
m1 0 13
m2 9 2
1 3 0
2 4 7
3 7 10
t 42 51
m0 9 5
m1 0 13
m2 9 3
1 4 0
2 3 7
3 7 9
t 41 51
m0 9 5
m1 0 13
m2 9 3
1 3 0
2 2 7
3 7 10
t 40 51
m0 9 5
m1 0 13
m2 9 3
1 4 0
2 3 7
3 7 11
t 39 51
m0 9 5
m1 0 13
m2 9 3
1 4 1
2 2 7
3 7 12
t 38 51
m0 9 5
m1 0 13
m2 9 3
1 4 0
2 2 6
3 8 12
t 37 51
m0 9 5
m1 0 13
m2 9 3
1 3 0
2 2 7
3 9 12
t 36 51
m0 9 5
m1 0 13
m2 9 3
1 4 0
2 2 6
3 9 11
t 35 51
m0 9 5
m1 0 13
m2 9 3
1 3 0
2 1 6
3 9 12
t 34 51
m0 9 5
m1 0 13
m2 9 3
1 2 0
2 1 7
3 8 12
t 33 51
m0 9 5
m1 0 13
m2 9 3
1 2 1
2 2 7
3 8 13
t 32 51
m0 9 5
m1 0 13
m2 9 3
1 2 0
2 3 7
3 9 13
t 31 51
m0 9 5
m1 0 13
m2 9 3
1 2 1
2 4 7
3 8 13
t 30 51
m0 9 5
m1 0 13
m2 9 3
1 1 1
2 4 8
3 8 12
t 29 51
m0 9 5
m1 0 13
m2 9 3
1 0 1
2 4 7
3 9 12
t 28 51
m0 9 5
m1 0 13
m2 9 2
1 1 1
2 4 6
3 8 12
t 27 51
m0 9 5
m1 0 13
m2 9 2
1 0 1
2 4 7
3 7 12
t 26 51
m0 9 5
m1 0 13
m2 9 2
1 1 1
2 3 7
3 7 11
t 25 51
m0 9 5
m1 0 13
m2 9 3
1 0 1
2 2 7
3 7 12
t 24 51
m0 9 5
m1 0 13
m2 9 3
1 0 0
2 1 7
3 6 12
t 23 51
m0 9 5
m1 0 13
m2 9 3
1 0 1
2 2 7
3 7 12
t 22 51
m0 9 5
m1 0 13
m2 9 3
1 1 1
2 3 7
3 7 11
t 21 51
m0 9 5
m1 0 13
m2 9 3
1 0 1
2 4 7
3 7 10
t 20 51
m0 9 5
m1 0 13
m2 9 2
1 1 1
2 4 8
3 7 11
t 19 51
m0 9 5
m1 0 13
m2 9 3
1 0 1
2 4 7
3 7 10
t 18 51
m0 9 5
m1 0 13
m2 9 2
1 0 0
2 3 7
3 7 11
t 17 51
m0 9 5
m1 0 13
m2 9 2
1 0 1
2 4 7
3 7 10
t 16 51
m0 9 5
m1 0 13
m2 9 2
1 1 1
2 4 8
3 6 10
t 15 51
m0 9 5
m1 0 13
m2 9 3
1 0 1
2 4 9
3 7 10
t 14 51
m0 9 5
m1 0 13
m2 9 2
1 0 0
2 4 8
3 7 11
t 13 51
m0 9 5
m1 0 13
m2 9 2
1 0 1
2 4 9
3 7 12
t 12 51
m0 9 5
m1 0 13
m2 9 3
1 1 1
2 5 9
3 8 12
t 11 51
m0 9 5
m1 0 13
m2 9 3
1 0 1
2 5 10
3 9 12
t 10 51
m0 9 5
m1 0 13
m2 9 2
1 0 0
2 5 9
3 9 13
t 9 51
m0 9 5
m1 0 13
m2 9 2
1 0 1
2 4 9
3 8 13
t 8 51
m0 9 5
m1 0 13
m2 9 3
1 1 1
2 4 8
3 8 14
t 7 51
m0 9 5
m1 0 13
m2 9 3
1 0 1
2 4 7
3 8 13
t 6 51
m0 9 5
m1 0 13
m2 9 2
1 0 0
2 4 8
3 8 12
t 5 51
m0 9 5
m1 0 13
m2 9 2
1 0 1
2 4 9
3 9 12
t 4 51
m0 9 5
m1 0 13
m2 9 2
1 1 1
2 4 8
3 9 13
t 3 51
m0 9 5
m1 0 13
m2 9 3
1 0 1
2 4 7
3 8 13
t 2 51
m0 9 5
m1 0 13
m2 9 2
1 0 0
2 4 6
3 9 13
t 1 51
m0 9 5
m1 0 13
m2 9 1
1 0 0
2 4 6
3 9 13
t 0 52
