10
15
w 7 3
w 4 8
w 5 6
w 0 2
w 7 7
w 1 6
w 5 8
w 4 0
w 1 2
w 4 4
w 5 0
w 8 6
w 4 10
w 5 4
w 0 0
w 3 2
w 7 1
w 3 13
w 5 11
w 8 11
w 6 11
w 5 2
w 6 0
w 1 4
w 2 10
w 2 14
w 4 11
w 7 0
w 1 12
w 7 13
w 9 9
w 5 14
w 3 8
w 0 9
w 7 8
w 2 4
w 8 4
p 5 9
p 4 7
p 1 3
p 3 0
p 0 7
p 8 9
p 4 12
p 0 10
p 3 7
p 1 11
p 8 5
p 3 14
p 7 2
p 8 14
p 9 0
p 6 7
p 3 3
p 2 9
p 4 9
p 3 10
p 6 10
p 1 14
p 4 13
p 2 13
p 0 11
p 7 10
p 3 6
p 0 4
p 1 10
p 4 1
p 9 7
p 2 6
p 9 14
p 4 5
p 9 3
p 9 10
p 7 5
p 0 5
p 1 9
p 6 12
p 0 8
p 9 6
p 6 5
p 9 13
p 6 8
p 4 6
p 8 12
p 5 7
p 7 4
p 2 0
p 8 8
p 4 3
p 6 13
p 9 5
p 3 4
p 9 12
m0 0 14
m1 0 14
m2 0 14
1 9 0
2 9 0
3 9 0
t 300 0
m0 0 13
m1 1 14
m2 0 14
1 8 0
2 8 0
3 8 0
t 299 1
m0 1 13
m1 1 14
m2 0 13
1 9 0
2 9 0
3 9 0
t 298 1
m0 2 13
m1 1 14
m2 0 12
1 8 0
2 8 0
3 8 0
t 297 2
m0 2 13
m1 1 13
m2 0 12
1 9 0
2 9 0
3 9 0
t 296 2
m0 2 12
m1 1 13
m2 0 11
1 8 0
2 8 0
3 8 0
t 295 3
m0 2 11
m1 2 13
m2 0 10
1 9 0
2 9 0
3 9 0
t 294 4
m0 3 11
m1 2 13
m2 0 10
1 8 0
2 8 0
3 8 0
t 293 4
m0 3 11
m1 1 13
m2 1 10
1 9 0
2 9 0
3 9 0
t 292 5
m0 3 12
m1 1 14
m2 1 9
1 8 0
2 8 0
3 8 0
t 291 6
m0 3 11
m1 1 14
m2 2 9
1 9 0
2 9 0
3 9 0
t 290 7
m0 3 12
m1 1 14
m2 1 9
1 8 0
2 8 0
3 8 0
t 289 7
m0 4 12
m1 1 14
m2 1 9
1 9 0
2 9 0
3 9 0
t 288 8
m0 4 12
m1 0 14
m2 1 8
1 8 0
2 8 0
3 8 0
t 287 8
m0 5 12
m1 0 13
m2 1 9
1 9 0
2 9 0
3 9 0
t 286 8
m0 5 12
m1 0 13
m2 2 9
1 8 0
2 8 0
3 8 0
f 0 12
t 285 8
m0 4 12
m1 0 14
m2 1 9
1 9 0
2 9 0
3 9 0
t 284 8
m0 4 12
m1 1 14
m2 2 9
1 8 0
2 8 0
3 8 0
t 283 8
m0 5 12
m1 1 13
m2 2 9
1 9 0
2 9 0
3 9 0
t 282 8
m0 4 12
m1 2 13
m2 2 8
1 8 0
2 8 0
3 8 0
t 281 8
m0 3 12
m1 1 13
m2 2 7
1 9 0
2 9 0
3 9 0
t 280 8
m0 3 12
m1 0 13
m2 3 7
1 8 0
2 8 0
3 8 0
t 279 9
m0 3 11
m1 1 13
m2 4 7
1 9 0
2 9 0
3 9 0
t 278 10
m0 3 10
m1 1 13
m2 4 6
1 8 0
2 8 0
3 8 0
t 277 12
m0 3 9
m1 1 14
m2 4 5
1 9 0
2 9 0
3 9 0
t 276 13
m0 3 9
m1 0 14
m2 4 6
1 8 0
2 8 0
3 8 0
t 275 13
m0 2 9
m1 0 13
m2 4 7
1 9 0
2 9 0
3 9 0
t 274 13
m0 2 8
m1 0 13
m2 5 7
1 8 0
2 8 0
3 8 0
t 273 14
m0 2 8
m1 1 13
m2 5 7
1 9 0
2 9 0
3 9 0
t 272 14
m0 2 9
m1 0 13
m2 5 7
1 8 0
2 8 0
3 8 0
t 271 14
m0 2 9
m1 0 14
m2 5 7
1 9 0
2 9 0
3 9 0
t 270 14
m0 2 9
m1 0 13
m2 6 7
1 8 0
2 8 0
3 8 0
t 269 15
m0 1 9
m1 0 14
m2 5 7
1 9 0
2 9 0
3 9 0
t 268 15
m0 2 9
m1 1 14
m2 5 7
1 8 0
2 8 0
3 8 0
t 267 15
m0 1 9
m1 1 13
m2 6 7
1 9 0
2 9 0
3 9 0
t 266 15
m0 1 8
m1 2 13
m2 6 6
1 8 0
2 8 0
3 8 0
t 265 15
m0 1 7
m1 2 13
m2 6 6
1 9 0
2 9 0
3 9 0
t 264 15
m0 2 7
m1 2 12
m2 6 5
1 8 0
2 8 0
3 8 0
t 263 16
m0 2 6
m1 2 13
m2 6 4
1 9 0
2 9 0
3 9 0
t 262 17
m0 3 6
m1 1 13
m2 7 4
1 8 0
2 8 0
3 8 0
t 261 19
m0 2 6
m1 2 13
m2 7 4
1 9 0
2 9 0
3 9 0
t 260 19
m0 2 5
m1 2 13
m2 7 5
1 8 0
2 8 0
3 8 0
t 259 20
m0 2 6
m1 1 13
m2 8 5
1 9 0
2 9 0
3 9 0
t 258 21
m0 2 5
m1 2 13
m2 9 5
1 8 0
2 8 0
3 8 0
t 257 22
m0 2 6
m1 1 13
m2 9 4
1 9 0
2 9 0
3 9 0
t 256 22
m0 2 6
m1 0 13
m2 9 3
1 8 0
2 8 0
3 8 0
t 255 23
m0 2 6
m1 0 13
m2 9 2
1 9 0
2 9 0
3 9 0
t 254 23
m0 3 6
m1 1 13
m2 9 2
1 8 0
2 8 0
3 8 0
t 253 23
m0 3 6
m1 1 13
m2 8 2
1 9 0
2 9 0
3 9 0
t 252 23
m0 3 6
m1 1 13
m2 8 2
1 8 0
2 8 0
3 8 0
t 251 23
m0 3 5
m1 2 13
m2 8 1
1 9 0
2 9 0
3 9 0
t 250 23
m0 3 5
m1 1 13
m2 9 1
1 8 0
2 8 0
3 8 0
t 249 23
m0 3 4
m1 0 13
m2 8 1
1 9 0
2 9 0
3 9 0
t 248 24
m0 3 3
m1 0 13
m2 8 0
1 9 1
2 9 1
3 9 1
t 247 25
m0 2 3
m1 0 13
m2 9 0
1 8 1
2 8 1
3 8 1
t 246 26
m0 2 2
m1 0 12
m2 8 0
1 9 1
2 9 1
3 9 1
t 245 36
m0 2 2
m1 0 12
m2 8 1
1 9 0
2 9 0
3 9 0
t 244 36
m0 2 1
m1 0 12
m2 8 0
1 9 1
2 9 1
3 9 1
t 243 36
m0 1 1
m1 0 13
m2 9 0
1 8 1
2 8 1
3 8 1
t 242 36
m0 0 1
m1 0 13
m2 9 1
1 8 0
2 8 0
3 8 0
f 7 11
t 241 36
m0 0 1
m1 0 12
m2 9 0
1 8 1
2 8 1
3 8 1
t 240 36
m0 1 1
m1 0 13
m2 8 0
1 9 1
2 9 1
3 9 1
t 239 36
m0 2 1
m1 0 14
m2 9 0
1 8 1
2 8 1
3 8 1
t 238 36
m0 2 2
m1 0 14
m2 9 1
1 8 0
2 8 0
3 8 0
t 237 36
m0 2 1
m1 0 14
m2 8 1
1 9 0
2 9 0
3 9 0
t 236 36
m0 1 1
m1 1 14
m2 8 0
1 9 1
2 9 1
3 9 1
t 235 36
m0 1 0
m1 1 14
m2 8 1
1 9 0
2 9 0
3 9 0
t 234 36
m0 1 0
m1 0 14
m2 9 1
1 8 0
2 8 0
3 8 0
t 233 36
m0 2 0
m1 0 13
m2 9 0
1 8 1
2 8 1
3 8 1
t 232 37
m0 2 0
m1 1 13
m2 9 1
1 8 0
2 8 0
3 8 0
t 231 37
m0 1 0
m1 1 14
m2 9 0
1 8 1
2 8 1
3 8 1
t 230 37
m0 1 0
m1 0 14
m2 9 1
1 8 0
2 8 0
3 8 0
t 229 37
m0 2 0
m1 0 13
m2 9 1
1 9 0
2 9 0
3 9 0
t 228 37
m0 2 0
m1 0 12
m2 -5 -5
1 9 1
2 9 1
3 9 1
t 227 37
m0 2 1
m1 0 12
m2 -5 -5
1 9 0
2 9 0
3 9 0
t 226 37
m0 3 1
m1 0 11
m2 -5 -5
1 8 0
2 8 0
3 8 0
t 225 37
m0 3 1
m1 0 12
m2 -5 -5
1 9 0
2 9 0
3 9 0
t 224 37
m0 2 1
m1 0 12
m2 -5 -5
1 8 0
2 8 0
3 8 0
t 223 37
m0 2 0
m1 0 11
m2 -5 -5
1 9 0
2 9 0
3 9 0
t 222 37
m0 2 0
m1 0 12
m2 -5 -5
1 9 1
2 9 1
3 9 1
t 221 37
m0 3 0
m1 0 13
m2 -5 -5
1 9 2
2 9 2
3 9 2
t 220 38
m0 3 0
m1 0 12
m2 -5 -5
1 9 3
2 9 3
3 9 3
t 219 38
m0 3 0
m1 0 13
m2 -5 -5
1 9 4
2 9 4
3 9 4
t 218 38
m0 2 0
m1 0 13
m2 -5 -5
1 9 5
2 9 5
3 9 5
t 217 38
m0 2 0
m1 0 12
m2 -5 -5
1 9 6
2 9 6
3 9 6
t 216 38
m0 2 1
m1 0 12
m2 -5 -5
1 9 7
2 9 7
3 9 7
t 215 38
m0 3 1
m1 0 13
m2 -5 -5
1 9 8
2 9 8
3 9 8
t 214 38
m0 3 1
m1 1 13
m2 -5 -5
1 9 7
2 9 7
3 9 7
t 213 38
m0 4 1
m1 1 14
m2 -5 -5
1 9 8
2 9 8
3 9 8
t 212 39
m0 5 1
m1 0 14
m2 -5 -5
1 9 7
2 9 7
3 9 7
t 211 39
m0 4 1
m1 1 14
m2 -5 -5
1 9 8
2 9 8
3 9 8
t 210 39
m0 5 1
m1 0 14
m2 -5 -5
1 9 7
2 9 7
3 9 7
t 209 39
m0 6 1
m1 0 13
m2 -5 -5
1 9 8
2 9 8
3 9 8
t 208 39
m0 6 1
m1 0 12
m2 -5 -5
1 9 7
2 9 7
3 9 7
t 207 39
m0 5 1
m1 0 13
m2 -5 -5
1 9 8
2 9 8
3 9 8
t 206 39
m0 5 1
m1 0 12
m2 -5 -5
1 9 7
2 9 7
3 9 7
t 205 39
m0 6 1
m1 0 12
m2 -5 -5
1 9 8
2 9 8
3 9 8
t 204 39
m0 6 2
m1 0 11
m2 -5 -5
1 9 7
2 9 7
3 9 7
t 203 39
m0 7 2
m1 0 12
m2 -5 -5
1 9 8
2 9 8
3 9 8
t 202 40
m0 8 2
m1 0 11
m2 -5 -5
1 9 7
2 9 7
3 9 7
t 201 40
m0 9 2
m1 0 12
m2 -5 -5
1 8 7
2 8 7
3 8 7
t 200 40
m0 8 2
m1 0 12
m2 -5 -5
1 9 7
2 9 7
3 9 7
t 199 40
m0 7 2
m1 0 13
m2 -5 -5
1 9 8
2 9 8
3 9 8
t 198 40
m0 6 2
m1 0 12
m2 -5 -5
1 9 7
2 9 7
3 9 7
t 197 40
m0 7 2
m1 0 13
m2 -5 -5
1 9 8
2 9 8
3 9 8
t 196 40
m0 8 2
m1 1 13
m2 -5 -5
1 9 7
2 9 7
3 9 7
t 195 40
m0 9 2
m1 1 13
m2 -5 -5
1 8 7
2 8 7
3 8 7
t 194 40
m0 9 3
m1 0 13
m2 -5 -5
1 8 8
2 8 8
3 8 8
t 193 40
m0 8 3
m1 1 13
m2 -5 -5
1 9 8
2 9 8
3 9 8
t 192 40
m0 8 3
m1 2 13
m2 -5 -5
1 9 7
2 9 7
3 9 7
t 191 40
m0 9 3
m1 2 13
m2 -5 -5
1 8 7
2 8 7
3 8 7
t 190 40
m0 8 3
m1 1 13
m2 -5 -5
1 9 7
2 9 7
3 9 7
t 189 40
m0 9 3
m1 0 13
m2 -5 -5
1 8 7
2 8 7
3 8 7
t 188 40
m0 9 3
m1 0 13
m2 -5 -5
1 8 8
2 8 8
3 8 8
t 187 40
m0 9 4
m1 0 14
m2 -5 -5
1 8 9
2 8 9
3 8 9
t 186 40
m0 9 5
m1 0 14
m2 -5 -5
1 7 9
2 7 9
3 7 9
t 185 40
m0 9 6
m1 0 13
m2 -5 -5
1 6 9
2 6 9
3 6 9
t 184 41
m0 9 5
m1 0 12
m2 -5 -5
1 5 9
2 5 9
3 5 9
t 183 41
m0 9 6
m1 0 11
m2 -5 -5
1 6 9
2 6 9
3 6 9
t 182 41
m0 9 6
m1 0 12
m2 -5 -5
1 5 9
2 5 9
3 5 9
t 181 41
m0 9 6
m1 0 12
m2 -5 -5
1 4 9
2 4 9
3 4 9
t 180 41
m0 9 7
m1 0 13
m2 -5 -5
1 3 9
2 3 9
3 3 9
t 179 42
m0 8 7
m1 0 12
m2 -5 -5
1 4 9
2 4 9
3 4 9
t 178 42
m0 8 8
m1 0 11
m2 -5 -5
1 3 9
2 3 9
3 3 9
t 177 43
m0 8 9
m1 0 12
m2 -5 -5
1 2 9
2 2 9
3 2 9
t 176 44
m0 7 9
m1 0 12
m2 -5 -5
1 2 8
2 2 8
3 2 8
t 175 44
m0 6 9
m1 0 13
m2 -5 -5
1 2 7
2 2 7
3 2 7
t 174 44
m0 7 9
m1 0 12
m2 -5 -5
1 2 6
2 2 6
3 2 6
t 173 44
m0 7 9
m1 0 12
m2 -5 -5
1 2 5
2 2 5
3 2 5
t 172 44
m0 6 9
m1 0 12
m2 -5 -5
1 1 5
2 1 5
3 1 5
t 171 44
m0 7 9
m1 0 11
m2 -5 -5
1 2 5
2 2 5
3 2 5
t 170 44
m0 7 10
m1 0 11
m2 -5 -5
1 3 5
2 3 5
3 3 5
t 169 45
m0 7 11
m1 0 10
m2 -5 -5
1 4 5
2 4 5
3 4 5
t 168 55
m0 7 10
m1 1 10
m2 -5 -5
1 5 5
2 5 5
3 5 5
t 167 55
m0 7 9
m1 1 11
m2 -5 -5
1 4 5
2 4 5
3 4 5
t 166 56
m0 7 10
m1 2 11
m2 -5 -5
1 5 5
2 5 5
3 5 5
t 165 56
m0 7 9
m1 2 11
m2 -5 -5
1 4 5
2 4 5
3 4 5
t 164 56
m0 7 9
m1 1 11
m2 -5 -5
1 3 5
2 3 5
3 3 5
t 163 56
m0 7 10
m1 0 11
m2 -5 -5
1 3 4
2 3 4
3 3 4
t 162 56
m0 7 9
m1 1 11
m2 -5 -5
1 3 3
2 3 3
3 3 3
t 161 56
m0 7 9
m1 0 11
m2 -5 -5
1 2 3
2 2 3
3 2 3
t 160 56
m0 7 9
m1 0 12
m2 -5 -5
1 2 2
2 2 2
3 2 2
t 159 56
m0 7 9
m1 0 13
m2 -5 -5
1 2 1
2 2 1
3 2 1
t 158 56
m0 6 9
m1 0 13
m2 -5 -5
1 2 0
2 2 0
3 2 0
t 157 56
m0 6 10
m1 0 14
m2 -5 -5
1 1 0
2 1 0
3 1 0
t 156 57
m0 7 10
m1 0 13
m2 -5 -5
1 2 0
2 2 0
3 2 0
t 155 57
m0 6 10
m1 0 12
m2 -5 -5
1 3 0
2 3 0
3 3 0
t 154 57
m0 7 10
m1 0 12
m2 -5 -5
1 2 0
2 2 0
3 2 0
t 153 57
m0 6 10
m1 0 12
m2 -5 -5
1 3 0
2 3 0
3 3 0
t 152 57
m0 6 9
m1 0 11
m2 -5 -5
1 2 0
2 2 0
3 2 0
t 151 57
m0 6 9
m1 0 12
m2 -5 -5
1 1 0
2 1 0
3 1 0
t 150 57
m0 6 8
m1 0 12
m2 -5 -5
1 2 0
2 2 0
3 2 0
t 149 58
m0 6 8
m1 0 13
m2 -5 -5
1 1 0
2 1 0
3 1 0
t 148 58
m0 6 8
m1 1 13
m2 -5 -5
1 2 0
2 2 0
3 2 0
t 147 58
m0 6 7
m1 2 13
m2 -5 -5
1 1 0
2 1 0
3 1 0
t 146 58
m0 5 7
m1 2 13
m2 -5 -5
1 2 0
2 2 0
3 2 0
t 145 58
m0 6 7
m1 2 13
m2 -5 -5
1 1 0
2 1 0
3 1 0
t 144 58
m0 5 7
m1 1 13
m2 -5 -5
1 2 0
2 2 0
3 2 0
t 143 58
m0 4 7
m1 0 13
m2 -5 -5
1 1 0
2 1 0
3 1 0
t 142 58
m0 4 6
m1 0 13
m2 -5 -5
1 2 0
2 2 0
3 2 0
t 141 58
m0 4 6
m1 0 13
m2 -5 -5
1 1 0
2 1 0
3 1 0
t 140 58
m0 4 5
m1 1 13
m2 -5 -5
1 2 0
2 2 0
3 2 0
t 139 58
m0 5 5
m1 1 14
m2 -5 -5
1 1 0
2 1 0
3 1 0
t 138 58
m0 4 5
m1 1 13
m2 -5 -5
1 2 0
2 2 0
3 2 0
t 137 58
m0 4 5
m1 1 14
m2 -5 -5
1 1 0
2 1 0
3 1 0
t 136 58
m0 3 5
m1 1 13
m2 -5 -5
1 2 0
2 2 0
3 2 0
t 135 58
m0 3 4
m1 1 13
m2 -5 -5
1 1 0
2 1 0
3 1 0
t 134 58
m0 3 4
m1 2 13
m2 -5 -5
1 2 0
2 2 0
3 2 0
t 133 58
m0 3 4
m1 1 13
m2 -5 -5
1 1 0
2 1 0
3 1 0
t 132 58
m0 3 3
m1 1 13
m2 -5 -5
1 2 0
2 2 0
3 2 0
t 131 58
m0 3 3
m1 2 13
m2 -5 -5
1 1 0
2 1 0
3 1 0
t 130 58
m0 2 3
m1 1 13
m2 -5 -5
1 2 0
2 2 0
3 2 0
t 129 58
m0 2 2
m1 1 13
m2 -5 -5
1 3 0
2 3 0
3 3 0
t 128 58
m0 2 1
m1 1 13
m2 -5 -5
1 2 0
2 2 0
3 2 0
t 127 58
m0 -5 -5
m1 2 13
m2 -5 -5
1 3 0
2 3 0
3 3 0
t 126 58
m0 -5 -5
m1 2 12
m2 -5 -5
1 2 0
2 2 0
3 2 0
t 125 58
m0 -5 -5
m1 2 12
m2 -5 -5
1 3 0
2 3 0
3 3 0
t 124 58
m0 -5 -5
m1 2 13
m2 -5 -5
1 2 0
2 2 0
3 2 0
t 123 58
m0 -5 -5
m1 2 13
m2 -5 -5
1 3 0
2 3 0
3 3 0
t 122 58
m0 -5 -5
m1 1 13
m2 -5 -5
1 2 0
2 2 0
3 2 0
t 121 58
m0 -5 -5
m1 0 13
m2 -5 -5
1 3 0
2 3 0
3 3 0
t 120 58
m0 -5 -5
m1 0 14
m2 -5 -5
1 2 0
2 2 0
3 2 0
t 119 58
m0 -5 -5
m1 1 14
m2 -5 -5
1 3 0
2 3 0
3 3 0
t 118 58
m0 -5 -5
m1 1 13
m2 -5 -5
1 2 0
2 2 0
3 2 0
t 117 58
m0 -5 -5
m1 2 13
m2 -5 -5
1 3 0
2 3 0
3 3 0
t 116 58
m0 -5 -5
m1 2 12
m2 -5 -5
1 2 0
2 2 0
3 2 0
t 115 58
m0 -5 -5
m1 2 11
m2 -5 -5
1 3 0
2 3 0
3 3 0
t 114 58
m0 -5 -5
m1 1 11
m2 -5 -5
1 2 0
2 2 0
3 2 0
t 113 58
m0 -5 -5
m1 2 11
m2 -5 -5
1 3 0
2 3 0
3 3 0
t 112 58
m0 -5 -5
m1 2 12
m2 -5 -5
1 2 0
2 2 0
3 2 0
t 111 58
m0 -5 -5
m1 2 11
m2 -5 -5
1 3 0
2 3 0
3 3 0
t 110 58
m0 -5 -5
m1 2 11
m2 -5 -5
1 2 0
2 2 0
3 2 0
t 109 58
m0 -5 -5
m1 2 11
m2 -5 -5
1 3 0
2 3 0
3 3 0
t 108 58
m0 -5 -5
m1 1 11
m2 -5 -5
1 2 0
2 2 0
3 2 0
t 107 58
m0 -5 -5
m1 2 11
m2 -5 -5
1 3 0
2 3 0
3 3 0
t 106 58
m0 -5 -5
m1 3 11
m2 -5 -5
1 2 0
2 2 0
3 2 0
t 105 58
m0 -5 -5
m1 3 11
m2 -5 -5
1 1 0
2 1 0
3 1 0
t 104 58
m0 -5 -5
m1 3 11
m2 -5 -5
1 2 0
2 2 0
3 2 0
t 103 58
m0 -5 -5
m1 2 11
m2 -5 -5
1 3 0
2 3 0
3 3 0
t 102 58
m0 -5 -5
m1 3 11
m2 -5 -5
1 2 0
2 2 0
3 2 0
t 101 58
m0 -5 -5
m1 3 10
m2 -5 -5
1 1 0
2 1 0
3 1 0
t 100 58
m0 -5 -5
m1 3 11
m2 -5 -5
1 2 0
2 2 0
3 2 0
t 99 58
m0 -5 -5
m1 3 11
m2 -5 -5
1 1 0
2 1 0
3 1 0
t 98 58
m0 -5 -5
m1 2 11
m2 -5 -5
1 2 0
2 2 0
3 2 0
t 97 58
m0 -5 -5
m1 2 11
m2 -5 -5
1 3 0
2 3 0
3 3 0
t 96 58
m0 -5 -5
m1 2 11
m2 -5 -5
1 2 0
2 2 0
3 2 0
t 95 58
m0 -5 -5
m1 2 11
m2 -5 -5
1 3 0
2 3 0
3 3 0
t 94 58
m0 -5 -5
m1 2 12
m2 -5 -5
1 2 0
2 2 0
3 2 0
t 93 58
m0 -5 -5
m1 2 12
m2 -5 -5
1 3 0
2 3 0
3 3 0
t 92 58
m0 -5 -5
m1 2 11
m2 -5 -5
1 2 0
2 2 0
3 2 0
t 91 58
m0 -5 -5
m1 2 11
m2 -5 -5
1 3 0
2 3 0
3 3 0
t 90 58
m0 -5 -5
m1 1 11
m2 -5 -5
1 2 0
2 2 0
3 2 0
t 89 58
m0 -5 -5
m1 2 11
m2 -5 -5
1 3 0
2 3 0
3 3 0
t 88 58
m0 -5 -5
m1 2 11
m2 -5 -5
1 2 0
2 2 0
3 2 0
t 87 58
m0 -5 -5
m1 2 12
m2 -5 -5
1 3 0
2 3 0
3 3 0
t 86 58
m0 -5 -5
m1 3 12
m2 -5 -5
1 2 0
2 2 0
3 2 0
t 85 58
m0 -5 -5
m1 4 12
m2 -5 -5
1 1 0
2 1 0
3 1 0
t 84 58
m0 -5 -5
m1 4 12
m2 -5 -5
1 2 0
2 2 0
3 2 0
t 83 58
m0 -5 -5
m1 4 12
m2 -5 -5
1 1 0
2 1 0
3 1 0
f 3 1
t 82 58
m0 -5 -5
m1 4 12
m2 -5 -5
1 2 0
2 2 0
3 2 0
t 81 58
m0 -5 -5
m1 4 12
m2 -5 -5
1 1 0
2 1 0
3 1 0
t 80 58
m0 -5 -5
m1 4 12
m2 -5 -5
1 2 0
2 2 0
3 2 0
t 79 58
m0 -5 -5
m1 4 12
m2 -5 -5
1 1 0
2 1 0
3 1 0
t 78 58
m0 -5 -5
m1 3 12
m2 -5 -5
1 2 0
2 2 0
3 2 0
t 77 58
m0 -5 -5
m1 4 12
m2 -5 -5
1 1 0
2 1 0
3 1 0
t 76 58
m0 -5 -5
m1 5 12
m2 -5 -5
1 2 0
2 2 0
3 2 0
t 75 58
m0 -5 -5
m1 4 12
m2 -5 -5
1 1 0
2 1 0
3 1 0
t 74 58
m0 -5 -5
m1 3 12
m2 -5 -5
1 2 0
2 2 0
3 2 0
t 73 58
m0 -5 -5
m1 3 12
m2 -5 -5
1 1 0
2 1 0
3 1 0
t 72 58
m0 -5 -5
m1 2 12
m2 -5 -5
1 2 0
2 2 0
3 2 0
t 71 58
m0 -5 -5
m1 2 13
m2 -5 -5
1 3 0
2 3 0
3 3 0
t 70 58
m0 -5 -5
m1 1 13
m2 -5 -5
1 2 0
2 2 0
3 2 0
t 69 58
m0 -5 -5
m1 1 14
m2 -5 -5
1 3 0
2 3 0
3 3 0
t 68 58
m0 -5 -5
m1 1 14
m2 -5 -5
1 2 0
2 2 0
3 2 0
t 67 58
m0 -5 -5
m1 1 13
m2 -5 -5
1 3 0
2 3 0
3 3 0
t 66 58
m0 -5 -5
m1 1 14
m2 -5 -5
1 2 0
2 2 0
3 2 0
t 65 58
m0 -5 -5
m1 1 13
m2 -5 -5
1 3 0
2 3 0
3 3 0
t 64 58
m0 -5 -5
m1 1 14
m2 -5 -5
1 2 0
2 2 0
3 2 0
t 63 58
m0 -5 -5
m1 0 14
m2 -5 -5
1 3 0
2 3 0
3 3 0
t 62 58
m0 -5 -5
m1 0 14
m2 -5 -5
1 2 0
2 2 0
3 2 0
t 61 58
m0 -5 -5
m1 0 13
m2 -5 -5
1 3 0
2 3 0
3 3 0
t 60 58
m0 -5 -5
m1 0 14
m2 -5 -5
1 2 0
2 2 0
3 2 0
t 59 58
m0 -5 -5
m1 0 13
m2 -5 -5
1 3 0
2 3 0
3 3 0
t 58 58
m0 -5 -5
m1 0 14
m2 -5 -5
1 2 0
2 2 0
3 2 0
t 57 58
m0 -5 -5
m1 1 14
m2 -5 -5
1 3 0
2 3 0
3 3 0
t 56 58
m0 -5 -5
m1 1 13
m2 -5 -5
1 2 0
2 2 0
3 2 0
t 55 58
m0 -5 -5
m1 1 14
m2 -5 -5
1 3 0
2 3 0
3 3 0
t 54 58
m0 -5 -5
m1 1 14
m2 -5 -5
1 2 0
2 2 0
3 2 0
t 53 58
m0 -5 -5
m1 1 14
m2 -5 -5
1 3 0
2 3 0
3 3 0
t 52 58
m0 -5 -5
m1 1 13
m2 -5 -5
1 2 0
2 2 0
3 2 0
t 51 58
m0 -5 -5
m1 1 13
m2 -5 -5
1 3 0
2 3 0
3 3 0
t 50 58
m0 -5 -5
m1 2 13
m2 -5 -5
1 2 0
2 2 0
3 2 0
t 49 58
m0 -5 -5
m1 2 13
m2 -5 -5
1 3 0
2 3 0
3 3 0
t 48 58
m0 -5 -5
m1 2 13
m2 -5 -5
1 2 0
2 2 0
3 2 0
t 47 58
m0 -5 -5
m1 2 12
m2 -5 -5
1 3 0
2 3 0
3 3 0
t 46 58
m0 -5 -5
m1 2 11
m2 -5 -5
1 2 0
2 2 0
3 2 0
t 45 58
m0 -5 -5
m1 2 11
m2 -5 -5
1 3 0
2 3 0
3 3 0
t 44 58
m0 -5 -5
m1 2 11
m2 -5 -5
1 2 0
2 2 0
3 2 0
t 43 58
m0 -5 -5
m1 2 12
m2 -5 -5
1 3 0
2 3 0
3 3 0
t 42 58
m0 -5 -5
m1 2 12
m2 -5 -5
1 2 0
2 2 0
3 2 0
t 41 58
m0 -5 -5
m1 3 12
m2 -5 -5
1 1 0
2 1 0
3 1 0
t 40 58
m0 -5 -5
m1 2 12
m2 -5 -5
1 2 0
2 2 0
3 2 0
t 39 58
m0 -5 -5
m1 2 11
m2 -5 -5
1 3 0
2 3 0
3 3 0
t 38 58
m0 -5 -5
m1 1 11
m2 -5 -5
1 2 0
2 2 0
3 2 0
t 37 58
m0 -5 -5
m1 2 11
m2 -5 -5
1 3 0
2 3 0
3 3 0
t 36 58
m0 -5 -5
m1 3 11
m2 -5 -5
1 2 0
2 2 0
3 2 0
t 35 58
m0 -5 -5
m1 3 10
m2 -5 -5
1 1 0
2 1 0
3 1 0
t 34 58
m0 -5 -5
m1 3 10
m2 -5 -5
1 2 0
2 2 0
3 2 0
t 33 58
m0 -5 -5
m1 3 11
m2 -5 -5
1 1 0
2 1 0
3 1 0
t 32 58
m0 -5 -5
m1 3 11
m2 -5 -5
1 2 0
2 2 0
3 2 0
t 31 58
m0 -5 -5
m1 3 12
m2 -5 -5
1 1 0
2 1 0
3 1 0
t 30 58
m0 -5 -5
m1 4 12
m2 -5 -5
1 2 0
2 2 0
3 2 0
t 29 58
m0 -5 -5
m1 5 12
m2 -5 -5
1 1 0
2 1 0
3 1 0
t 28 58
m0 -5 -5
m1 5 12
m2 -5 -5
1 2 0
2 2 0
3 2 0
t 27 58
m0 -5 -5
m1 5 13
m2 -5 -5
1 1 0
2 1 0
3 1 0
t 26 58
m0 -5 -5
m1 4 13
m2 -5 -5
1 2 0
2 2 0
3 2 0
t 25 59
m0 -5 -5
m1 4 12
m2 -5 -5
1 1 0
2 1 0
3 1 0
t 24 59
m0 -5 -5
m1 3 12
m2 -5 -5
1 2 0
2 2 0
3 2 0
t 23 59
m0 -5 -5
m1 2 12
m2 -5 -5
1 3 0
2 3 0
3 3 0
t 22 59
m0 -5 -5
m1 3 12
m2 -5 -5
1 2 0
2 2 0
3 2 0
t 21 59
m0 -5 -5
m1 3 12
m2 -5 -5
1 1 0
2 1 0
3 1 0
t 20 59
m0 -5 -5
m1 3 11
m2 -5 -5
1 2 0
2 2 0
3 2 0
t 19 59
m0 -5 -5
m1 2 11
m2 -5 -5
1 3 0
2 3 0
3 3 0
t 18 59
m0 -5 -5
m1 3 11
m2 -5 -5
1 2 0
2 2 0
3 2 0
t 17 59
m0 -5 -5
m1 3 10
m2 -5 -5
1 1 0
2 1 0
3 1 0
t 16 59
m0 -5 -5
m1 3 11
m2 -5 -5
1 2 0
2 2 0
3 2 0
t 15 59
m0 -5 -5
m1 2 11
m2 -5 -5
1 3 0
2 3 0
3 3 0
t 14 59
m0 -5 -5
m1 3 11
m2 -5 -5
1 2 0
2 2 0
3 2 0
t 13 59
m0 -5 -5
m1 3 10
m2 -5 -5
1 1 0
2 1 0
3 1 0
t 12 59
m0 -5 -5
m1 3 10
m2 -5 -5
1 2 0
2 2 0
3 2 0
t 11 59
m0 -5 -5
m1 3 10
m2 -5 -5
1 1 0
2 1 0
3 1 0
t 10 59
m0 -5 -5
m1 3 9
m2 -5 -5
1 2 0
2 2 0
3 2 0
t 9 59
m0 -5 -5
m1 3 9
m2 -5 -5
1 1 0
2 1 0
3 1 0
t 8 59
m0 -5 -5
m1 3 9
m2 -5 -5
1 2 0
2 2 0
3 2 0
t 7 59
m0 -5 -5
m1 3 9
m2 -5 -5
1 1 0
2 1 0
3 1 0
t 6 59
m0 -5 -5
m1 3 9
m2 -5 -5
1 2 0
2 2 0
3 2 0
t 5 59
m0 -5 -5
m1 3 10
m2 -5 -5
1 1 0
2 1 0
3 1 0
t 4 59
m0 -5 -5
m1 3 11
m2 -5 -5
1 2 0
2 2 0
3 2 0
t 3 59
m0 -5 -5
m1 3 11
m2 -5 -5
1 1 0
2 1 0
3 1 0
t 2 59
m0 -5 -5
m1 2 11
m2 -5 -5
1 2 0
2 2 0
3 2 0
t 1 59
m0 -5 -5
m1 2 12
m2 -5 -5
1 2 0
2 2 0
3 2 0
t 0 59
