10
15
w 6 9
w 1 3
w 2 8
w 3 11
w 7 11
w 2 5
w 1 11
w 6 7
w 2 9
w 8 1
w 4 4
w 4 13
w 2 13
w 4 1
w 1 1
w 3 2
w 8 2
w 7 1
w 6 11
w 9 10
w 7 5
w 0 5
w 3 9
w 8 7
w 1 9
w 4 11
w 3 5
w 4 6
w 8 12
w 5 7
w 2 11
w 9 9
w 7 4
w 6 13
w 9 5
w 3 4
w 2 4
p 5 9
p 4 7
p 6 6
p 7 12
p 5 6
p 4 8
p 5 13
p 2 1
p 0 7
p 8 9
p 6 2
p 1 6
p 2 12
p 9 4
p 3 7
p 5 1
p 0 3
p 7 2
p 4 0
p 6 14
p 8 14
p 4 9
p 6 10
p 1 14
p 8 10
p 6 3
p 0 11
p 7 10
p 2 2
p 0 4
p 8 6
p 9 7
p 7 14
p 9 14
p 5 11
p 4 5
p 1 13
p 2 3
p 6 12
p 9 6
p 6 5
p 7 9
p 0 1
p 9 13
p 8 3
p 7 0
p 6 8
p 1 12
p 0 13
p 5 14
p 3 8
p 1 8
p 0 6
p 8 8
p 7 8
p 9 12
m0 0 14
m1 0 14
m2 0 14
1 9 0
2 9 0
3 9 0
t 300 0
m0 1 14
m1 1 14
m2 1 14
1 8 0
2 8 0
3 8 0
t 299 1
m0 1 13
m1 1 13
m2 1 13
1 9 0
2 9 0
3 9 0
t 298 2
m0 1 12
m1 1 13
m2 1 13
1 8 0
2 8 0
3 8 0
t 297 3
m0 2 12
m1 1 13
m2 1 13
1 9 0
2 9 0
3 9 0
f 9 0
t 296 4
m0 1 12
m1 1 13
m2 1 13
1 8 0
2 8 0
3 8 0
t 295 4
m0 0 12
m1 1 13
m2 1 13
1 9 0
2 9 0
3 9 0
t 294 4
m0 0 11
m1 1 13
m2 1 13
1 8 0
2 8 0
3 8 0
t 293 5
m0 0 12
m1 1 13
m2 1 13
1 9 0
2 9 0
3 9 0
t 292 5
m0 0 13
m1 1 13
m2 1 13
1 8 0
2 8 0
3 8 0
t 291 6
m0 1 13
m1 1 13
m2 1 13
1 9 0
2 9 0
3 9 0
t 290 6
m0 1 14
m1 1 13
m2 1 13
1 8 0
2 8 0
3 8 0
t 289 6
m0 0 14
m1 1 13
m2 1 13
1 9 0
2 9 0
3 9 0
t 288 6
m0 0 14
m1 1 13
m2 1 13
1 8 0
2 8 0
3 8 0
t 287 6
m0 1 14
m1 1 13
m2 1 13
1 9 0
2 9 0
3 9 0
t 286 6
m0 2 14
m1 1 13
m2 1 13
1 8 0
2 8 0
3 8 0
t 285 6
m0 3 14
m1 1 13
m2 1 13
1 9 0
2 9 0
3 9 0
t 284 6
m0 4 14
m1 1 13
m2 1 13
1 8 0
2 8 0
3 8 0
t 283 6
m0 5 14
m1 1 13
m2 1 13
1 9 0
2 9 0
3 9 0
t 282 7
m0 6 14
m1 1 13
m2 1 13
1 8 0
2 8 0
3 8 0
t 281 8
m0 7 14
m1 1 13
m2 1 13
1 9 0
2 9 0
3 9 0
t 280 9
m0 8 14
m1 1 13
m2 1 13
1 8 0
2 8 0
3 8 0
t 279 10
m0 9 14
m1 1 13
m2 1 13
1 7 0
2 7 0
3 7 0
t 278 11
m0 9 13
m1 1 13
m2 1 13
1 6 0
2 6 0
3 6 0
t 277 12
m0 9 12
m1 1 13
m2 1 13
1 5 0
2 5 0
3 5 0
t 276 13
m0 9 12
m1 1 13
m2 1 13
1 4 0
2 4 0
3 4 0
t 275 13
m0 9 12
m1 1 13
m2 1 13
1 5 0
2 5 0
3 5 0
t 274 13
m0 9 11
m1 1 13
m2 1 13
1 4 0
2 4 0
3 4 0
t 273 13
m0 9 12
m1 1 13
m2 1 13
1 5 0
2 5 0
3 5 0
t 272 13
m0 9 11
m1 1 13
m2 1 13
1 4 0
2 4 0
3 4 0
t 271 13
m0 8 11
m1 1 13
m2 1 13
1 3 0
2 3 0
3 3 0
t 270 13
m0 8 10
m1 1 13
m2 1 13
1 4 0
2 4 0
3 4 0
t 269 14
m0 8 9
m1 1 13
m2 1 13
1 3 0
2 3 0
3 3 0
t 268 15
m0 8 8
m1 1 13
m2 1 13
1 2 0
2 2 0
3 2 0
t 267 16
m0 7 8
m1 1 13
m2 1 13
1 1 0
2 1 0
3 1 0
t 266 17
m0 6 8
m1 1 13
m2 1 13
1 0 0
2 0 0
3 0 0
t 265 18
m0 5 8
m1 1 13
m2 1 13
1 1 0
2 1 0
3 1 0
t 264 18
m0 4 8
m1 1 13
m2 1 13
1 0 0
2 0 0
3 0 0
t 263 19
m0 4 7
m1 1 13
m2 1 13
1 1 0
2 1 0
3 1 0
t 262 20
m0 3 7
m1 1 13
m2 1 13
1 0 0
2 0 0
3 0 0
t 261 21
m0 3 8
m1 1 13
m2 1 13
1 1 0
2 1 0
3 1 0
t 260 22
m0 4 8
m1 1 13
m2 1 13
1 0 0
2 0 0
3 0 0
t 259 22
m0 4 9
m1 1 13
m2 1 13
1 1 0
2 1 0
3 1 0
t 258 23
m0 5 9
m1 1 13
m2 1 13
1 0 0
2 0 0
3 0 0
t 257 24
m0 5 10
m1 1 13
m2 1 13
1 1 0
2 1 0
3 1 0
t 256 24
m0 6 10
m1 1 13
m2 1 13
1 2 0
2 2 0
3 2 0
t 255 25
m0 7 10
m1 1 13
m2 1 13
1 3 0
2 3 0
3 3 0
t 254 26
m0 7 9
m1 1 13
m2 1 13
1 2 0
2 2 0
3 2 0
t 253 27
m0 7 10
m1 1 13
m2 1 13
1 3 0
2 3 0
3 3 0
t 252 27
m0 7 10
m1 1 13
m2 1 13
1 2 0
2 2 0
3 2 0
t 251 27
m0 7 10
m1 1 13
m2 1 13
1 3 0
2 3 0
3 3 0
t 250 27
m0 8 10
m1 1 13
m2 1 13
1 4 0
2 4 0
3 4 0
t 249 27
m0 8 11
m1 1 13
m2 1 13
1 3 0
2 3 0
3 3 0
t 248 27
m0 8 10
m1 1 13
m2 1 13
1 4 0
2 4 0
3 4 0
t 247 27
m0 8 10
m1 1 13
m2 1 13
1 3 0
2 3 0
3 3 0
t 246 27
m0 8 9
m1 1 13
m2 1 13
1 2 0
2 2 0
3 2 0
t 245 27
m0 8 10
m1 1 13
m2 1 13
1 3 0
2 3 0
3 3 0
t 244 27
m0 8 11
m1 1 13
m2 1 13
1 4 0
2 4 0
3 4 0
t 243 27
m0 8 11
m1 1 13
m2 1 13
1 3 0
2 3 0
3 3 0
t 242 27
m0 8 11
m1 1 13
m2 1 13
1 4 0
2 4 0
3 4 0
t 241 27
m0 9 11
m1 1 13
m2 1 13
1 5 0
2 5 0
3 5 0
t 240 27
m0 9 12
m1 1 13
m2 1 13
1 4 0
2 4 0
3 4 0
t 239 27
m0 9 11
m1 1 13
m2 1 13
1 5 0
2 5 0
3 5 0
t 238 27
m0 8 11
m1 1 13
m2 1 13
1 4 0
2 4 0
3 4 0
t 237 27
m0 8 11
m1 1 13
m2 1 13
1 3 0
2 3 0
3 3 0
t 236 27
m0 9 11
m1 1 13
m2 1 13
1 4 0
2 4 0
3 4 0
t 235 27
m0 9 11
m1 1 13
m2 1 13
1 5 0
2 5 0
3 5 0
t 234 27
m0 8 11
m1 1 13
m2 1 13
1 4 0
2 4 0
3 4 0
t 233 27
m0 8 11
m1 1 13
m2 1 13
1 3 0
2 3 0
3 3 0
t 232 27
m0 8 11
m1 1 13
m2 1 13
1 4 0
2 4 0
3 4 0
t 231 27
m0 8 10
m1 1 13
m2 1 13
1 3 0
2 3 0
3 3 0
t 230 27
m0 8 9
m1 1 13
m2 1 13
1 2 0
2 2 0
3 2 0
t 229 27
m0 8 8
m1 1 13
m2 1 13
1 3 0
2 3 0
3 3 0
t 228 27
m0 9 8
m1 1 13
m2 1 13
1 2 0
2 2 0
3 2 0
t 227 27
m0 9 7
m1 1 13
m2 1 13
1 3 0
2 3 0
3 3 0
t 226 28
m0 9 6
m1 1 13
m2 1 13
1 2 0
2 2 0
3 2 0
t 225 29
m0 8 6
m1 1 13
m2 1 13
1 1 0
2 1 0
3 1 0
t 224 30
m0 7 6
m1 1 13
m2 1 13
1 0 0
2 0 0
3 0 0
t 223 30
m0 6 6
m1 1 13
m2 1 13
1 1 0
2 1 0
3 1 0
t 222 31
m0 6 5
m1 1 13
m2 1 13
1 0 0
2 0 0
3 0 0
t 221 32
m0 6 6
m1 1 13
m2 1 13
1 1 0
2 1 0
3 1 0
t 220 32
m0 5 6
m1 1 13
m2 1 13
1 0 0
2 0 0
3 0 0
t 219 33
m0 5 5
m1 1 13
m2 1 13
1 1 0
2 1 0
3 1 0
t 218 33
m0 4 5
m1 1 13
m2 1 13
1 0 0
2 0 0
3 0 0
t 217 34
m0 5 5
m1 1 13
m2 1 13
1 1 0
2 1 0
3 1 0
t 216 34
m0 5 4
m1 1 13
m2 1 13
1 0 0
2 0 0
3 0 0
t 215 34
m0 6 4
m1 1 13
m2 1 13
1 1 0
2 1 0
3 1 0
t 214 34
m0 6 3
m1 1 13
m2 1 13
1 0 0
2 0 0
3 0 0
t 213 35
m0 6 2
m1 1 13
m2 1 13
1 1 0
2 1 0
3 1 0
t 212 36
m0 7 2
m1 1 13
m2 1 13
1 0 0
2 0 0
3 0 0
t 211 37
m0 7 3
m1 1 13
m2 1 13
1 1 0
2 1 0
3 1 0
t 210 37
m0 8 3
m1 1 13
m2 1 13
1 0 0
2 0 0
3 0 0
t 209 38
m0 8 4
m1 1 13
m2 1 13
1 1 0
2 1 0
3 1 0
t 208 38
m0 9 4
m1 1 13
m2 1 13
1 0 0
2 0 0
3 0 0
t 207 39
m0 8 4
m1 1 13
m2 1 13
1 1 0
2 1 0
3 1 0
t 206 39
m0 8 4
m1 1 13
m2 1 13
1 0 0
2 0 0
3 0 0
t 205 39
m0 8 3
m1 1 13
m2 1 13
1 1 0
2 1 0
3 1 0
t 204 39
m0 7 3
m1 1 13
m2 1 13
1 0 0
2 0 0
3 0 0
t 203 39
m0 7 2
m1 1 13
m2 1 13
1 1 0
2 1 0
3 1 0
t 202 39
m0 6 2
m1 1 13
m2 1 13
1 0 0
2 0 0
3 0 0
t 201 39
m0 6 1
m1 1 13
m2 1 13
1 1 0
2 1 0
3 1 0
t 200 39
m0 5 1
m1 1 13
m2 1 13
1 0 0
2 0 0
3 0 0
t 199 40
m0 5 0
m1 1 13
m2 1 13
1 0 1
2 0 1
3 0 1
t 198 40
m0 4 0
m1 1 13
m2 1 13
1 0 2
2 0 2
3 0 2
t 197 41
m0 5 0
m1 1 13
m2 1 13
1 0 3
2 0 3
3 0 3
t 196 41
m0 6 0
m1 1 13
m2 1 13
1 0 4
2 0 4
3 0 4
t 195 41
m0 7 0
m1 1 13
m2 1 13
1 0 3
2 0 3
3 0 3
t 194 42
m0 7 0
m1 1 13
m2 1 13
1 0 4
2 0 4
3 0 4
t 193 42
m0 7 0
m1 1 13
m2 1 13
1 0 3
2 0 3
3 0 3
t 192 42
m0 6 0
m1 1 13
m2 1 13
1 0 4
2 0 4
3 0 4
t 191 42
m0 6 0
m1 1 13
m2 1 13
1 1 4
2 1 4
3 1 4
t 190 42
m0 6 1
m1 1 13
m2 1 13
1 0 4
2 0 4
3 0 4
t 189 42
m0 5 1
m1 1 13
m2 1 13
1 1 4
2 1 4
3 1 4
t 188 42
m0 6 1
m1 1 13
m2 1 13
1 0 4
2 0 4
3 0 4
t 187 42
m0 6 2
m1 1 13
m2 1 13
1 1 4
2 1 4
3 1 4
t 186 42
m0 6 1
m1 1 13
m2 1 13
1 0 4
2 0 4
3 0 4
t 185 42
m0 5 1
m1 1 13
m2 1 13
1 1 4
2 1 4
3 1 4
t 184 42
m0 5 2
m1 1 13
m2 1 13
1 0 4
2 0 4
3 0 4
t 183 42
m0 5 3
m1 1 13
m2 1 13
1 1 4
2 1 4
3 1 4
t 182 42
m0 4 3
m1 1 13
m2 1 13
1 0 4
2 0 4
3 0 4
t 181 42
m0 3 3
m1 1 13
m2 1 13
1 1 4
2 1 4
3 1 4
t 180 42
m0 2 3
m1 1 13
m2 1 13
1 0 4
2 0 4
3 0 4
t 179 43
m0 2 2
m1 1 13
m2 1 13
1 1 4
2 1 4
3 1 4
t 178 44
m0 2 1
m1 1 13
m2 1 13
1 0 4
2 0 4
3 0 4
t 177 45
m0 2 1
m1 1 13
m2 1 13
1 1 4
2 1 4
3 1 4
t 176 45
m0 3 1
m1 1 13
m2 1 13
1 0 4
2 0 4
3 0 4
t 175 45
m0 2 1
m1 1 13
m2 1 13
1 1 4
2 1 4
3 1 4
t 174 45
m0 3 1
m1 1 13
m2 1 13
1 0 4
2 0 4
3 0 4
t 173 45
m0 2 1
m1 1 13
m2 1 13
1 1 4
2 1 4
3 1 4
t 172 45
m0 2 2
m1 1 13
m2 1 13
1 0 4
2 0 4
3 0 4
t 171 45
m0 2 1
m1 1 13
m2 1 13
1 1 4
2 1 4
3 1 4
t 170 45
m0 2 1
m1 1 13
m2 1 13
1 0 4
2 0 4
3 0 4
t 169 45
m0 2 2
m1 1 13
m2 1 13
1 1 4
2 1 4
3 1 4
t 168 45
m0 2 3
m1 1 13
m2 1 13
1 0 4
2 0 4
3 0 4
t 167 45
m0 2 3
m1 1 13
m2 1 13
1 1 4
2 1 4
3 1 4
t 166 45
m0 2 3
m1 1 13
m2 1 13
1 0 4
2 0 4
3 0 4
t 165 45
m0 2 2
m1 1 13
m2 1 13
1 1 4
2 1 4
3 1 4
t 164 45
m0 1 2
m1 1 13
m2 1 13
1 0 4
2 0 4
3 0 4
t 163 45
m0 0 2
m1 1 13
m2 1 13
1 1 4
2 1 4
3 1 4
t 162 45
m0 0 1
m1 1 13
m2 1 13
1 1 5
2 1 5
3 1 5
t 161 46
m0 0 2
m1 1 13
m2 1 13
1 1 6
2 1 6
3 1 6
t 160 46
m0 0 3
m1 1 13
m2 1 13
1 2 6
2 2 6
3 2 6
t 159 47
m0 0 4
m1 1 13
m2 1 13
1 3 6
2 3 6
3 3 6
t 158 48
m0 0 4
m1 1 13
m2 1 13
1 3 7
2 3 7
3 3 7
t 157 48
m0 0 4
m1 1 13
m2 1 13
1 4 7
2 4 7
3 4 7
t 156 48
m0 0 4
m1 1 13
m2 1 13
1 4 8
2 4 8
3 4 8
t 155 48
m0 0 4
m1 1 13
m2 1 13
1 5 8
2 5 8
3 5 8
t 154 48
m0 0 4
m1 1 13
m2 1 13
1 6 8
2 6 8
3 6 8
t 153 48
m0 0 3
m1 1 13
m2 1 13
1 7 8
2 7 8
3 7 8
t 152 48
m0 0 3
m1 1 13
m2 1 13
1 8 8
2 8 8
3 8 8
t 151 48
m0 0 4
m1 1 13
m2 1 13
1 9 8
2 9 8
3 9 8
t 150 48
m0 0 4
m1 1 13
m2 1 13
1 9 7
2 9 7
3 9 7
t 149 48
m0 0 3
m1 1 13
m2 1 13
1 9 8
2 9 8
3 9 8
t 148 48
m0 0 4
m1 1 13
m2 1 13
1 9 7
2 9 7
3 9 7
t 147 48
m0 0 4
m1 1 13
m2 1 13
1 9 8
2 9 8
3 9 8
t 146 48
m0 0 4
m1 1 13
m2 1 13
1 9 7
2 9 7
3 9 7
t 145 48
m0 0 4
m1 1 13
m2 1 13
1 9 8
2 9 8
3 9 8
t 144 48
m0 1 4
m1 1 13
m2 1 13
1 9 7
2 9 7
3 9 7
t 143 48
m0 1 5
m1 1 13
m2 1 13
1 9 8
2 9 8
3 9 8
t 142 48
m0 1 6
m1 1 13
m2 1 13
1 9 7
2 9 7
3 9 7
t 141 49
m0 0 6
m1 1 13
m2 1 13
1 9 8
2 9 8
3 9 8
t 140 50
m0 0 7
m1 1 13
m2 1 13
1 9 7
2 9 7
3 9 7
t 139 51
m0 0 8
m1 1 13
m2 1 13
1 9 6
2 9 6
3 9 6
t 138 51
m0 1 8
m1 1 13
m2 1 13
1 8 6
2 8 6
3 8 6
t 137 52
m0 1 7
m1 1 13
m2 1 13
1 9 6
2 9 6
3 9 6
t 136 52
m0 1 8
m1 1 13
m2 1 13
1 8 6
2 8 6
3 8 6
t 135 52
m0 1 8
m1 1 13
m2 1 13
1 9 6
2 9 6
3 9 6
t 134 52
m0 1 8
m1 1 13
m2 1 13
1 8 6
2 8 6
3 8 6
t 133 52
m0 1 8
m1 1 13
m2 1 13
1 9 6
2 9 6
3 9 6
t 132 52
m0 1 8
m1 1 13
m2 1 13
1 8 6
2 8 6
3 8 6
t 131 52
m0 1 8
m1 1 13
m2 1 13
1 9 6
2 9 6
3 9 6
t 130 52
m0 1 8
m1 1 13
m2 1 13
1 8 6
2 8 6
3 8 6
t 129 52
m0 1 7
m1 1 13
m2 1 13
1 9 6
2 9 6
3 9 6
t 128 52
m0 2 7
m1 1 13
m2 1 13
1 8 6
2 8 6
3 8 6
t 127 52
m0 3 7
m1 1 13
m2 1 13
1 9 6
2 9 6
3 9 6
t 126 52
m0 3 7
m1 1 13
m2 1 13
1 8 6
2 8 6
3 8 6
t 125 52
m0 3 8
m1 1 13
m2 1 13
1 9 6
2 9 6
3 9 6
t 124 52
m0 4 8
m1 1 13
m2 1 13
1 8 6
2 8 6
3 8 6
t 123 52
m0 4 9
m1 1 13
m2 1 13
1 9 6
2 9 6
3 9 6
t 122 52
m0 4 10
m1 1 13
m2 1 13
1 8 6
2 8 6
3 8 6
t 121 52
m0 5 10
m1 1 13
m2 1 13
1 9 6
2 9 6
3 9 6
t 120 52
m0 5 11
m1 1 13
m2 1 13
1 8 6
2 8 6
3 8 6
t 119 53
m0 5 12
m1 1 13
m2 1 13
1 9 6
2 9 6
3 9 6
t 118 53
m0 6 12
m1 1 13
m2 1 13
1 8 6
2 8 6
3 8 6
t 117 54
m0 7 12
m1 1 13
m2 1 13
1 9 6
2 9 6
3 9 6
t 116 55
m0 6 12
m1 1 13
m2 1 13
1 8 6
2 8 6
3 8 6
t 115 55
m0 5 12
m1 1 13
m2 1 13
1 9 6
2 9 6
3 9 6
t 114 55
m0 5 13
m1 1 13
m2 1 13
1 9 6
2 9 6
3 9 6
t 113 93
