10
15
w 1 3
w 9 1
w 4 8
w 7 12
w 5 6
w 9 8
w 2 8
w 7 7
w 2 1
w 1 6
w 1 11
w 8 5
w 5 8
w 6 14
w 4 9
w 6 10
w 8 10
w 1 5
w 2 13
w 5 0
w 7 14
w 9 14
w 7 1
w 3 13
w 5 2
w 1 9
w 6 12
w 6 5
w 4 11
w 0 1
w 8 3
w 3 1
w 0 13
w 1 8
w 4 3
w 7 8
w 8 4
p 5 9
p 4 7
p 8 13
p 3 11
p 2 12
p 3 7
p 7 11
p 5 1
p 0 3
p 3 14
p 1 2
p 8 14
p 6 7
p 3 3
p 5 12
p 7 6
p 3 10
p 1 14
p 4 13
p 9 11
p 1 10
p 1 1
p 9 7
p 2 6
p 8 2
p 5 11
p 4 5
p 8 11
p 6 0
p 9 10
p 3 9
p 1 0
p 2 14
p 0 8
p 3 5
p 7 9
p 9 13
p 5 3
p 2 7
p 5 10
p 7 0
p 3 12
p 4 6
p 5 7
p 9 9
p 5 14
p 7 4
p 3 8
p 2 0
p 6 13
p 1 7
p 0 9
p 9 5
p 3 4
p 2 4
p 9 12
m0 0 14
m1 0 14
m2 0 14
1 9 0
2 9 0
3 9 0
t 300 0
m0 0 14
m1 0 14
m2 1 14
1 8 0
2 8 0
3 8 0
t 299 1
m0 0 14
m1 0 14
m2 2 14
1 9 0
2 9 0
3 7 0
t 298 2
m0 0 14
m1 0 14
m2 3 14
1 8 0
2 8 0
3 6 0
t 297 3
m0 0 14
m1 0 14
m2 4 14
1 9 0
2 9 0
3 6 1
t 296 3
m0 0 14
m1 0 14
m2 5 14
1 8 0
2 8 0
3 5 1
t 295 4
m0 0 14
m1 0 14
m2 5 13
1 9 0
2 9 0
3 4 1
t 294 4
m0 0 14
m1 0 14
m2 6 13
1 8 0
2 8 0
3 4 2
t 293 5
m0 0 14
m1 0 14
m2 7 13
1 9 0
2 9 0
3 3 2
t 292 5
m0 0 14
m1 0 14
m2 8 13
1 8 0
2 8 0
3 2 2
t 291 6
m0 0 14
m1 0 14
m2 9 13
1 7 0
2 9 0
3 1 2
t 290 7
m0 0 14
m1 0 14
m2 9 12
1 8 0
2 8 0
3 0 2
t 289 8
m0 1 14
m1 0 14
m2 9 11
1 7 0
2 9 0
3 0 3
t 288 9
m0 0 14
m1 0 14
m2 9 10
1 8 0
2 8 0
3 0 2
t 287 10
m0 1 14
m1 0 14
m2 9 9
1 7 0
2 9 0
3 0 3
t 286 11
m0 0 14
m1 0 14
m2 8 9
1 8 0
2 8 0
3 0 2
t 285 11
m0 1 14
m1 0 14
m2 9 9
1 7 0
2 9 0
3 0 3
t 284 11
m0 0 14
m1 0 14
m2 8 9
1 8 0
2 8 0
3 0 2
t 283 11
m0 1 14
m1 0 14
m2 9 9
1 7 0
2 9 0
3 0 3
t 282 11
m0 0 14
m1 0 14
m2 8 9
1 8 0
2 8 0
3 0 2
t 281 11
m0 1 14
m1 0 14
m2 9 9
1 7 0
2 9 0
3 0 3
t 280 11
m0 0 14
m1 0 14
m2 8 9
1 8 0
2 8 0
3 0 2
t 279 11
m0 1 14
m1 0 14
m2 9 9
1 7 0
2 9 0
3 0 3
t 278 11
m0 0 14
m1 0 14
m2 8 9
1 8 0
2 8 0
3 0 2
t 277 11
m0 1 14
m1 0 14
m2 9 9
1 7 0
2 9 0
3 0 3
t 276 11
m0 0 14
m1 0 14
m2 8 9
1 8 0
2 8 0
3 0 2
t 275 11
m0 1 14
m1 0 14
m2 9 9
1 7 0
2 9 0
3 0 3
f 4 1
t 274 11
m0 0 14
m1 0 14
m2 8 9
1 8 0
2 8 0
3 0 2
t 273 11
m0 1 14
m1 0 14
m2 9 9
1 7 0
2 9 0
3 0 3
t 272 11
m0 0 14
m1 0 14
m2 8 9
1 8 0
2 8 0
3 0 2
t 271 11
m0 1 14
m1 0 14
m2 9 9
1 7 0
2 9 0
3 0 3
t 270 11
m0 0 14
m1 0 14
m2 8 9
1 8 0
2 8 0
3 0 2
t 269 11
m0 1 14
m1 0 14
m2 9 9
1 7 0
2 9 0
3 0 3
t 268 11
m0 0 14
m1 0 14
m2 8 9
1 8 0
2 8 0
3 0 2
t 267 11
m0 1 14
m1 0 14
m2 9 9
1 7 0
2 9 0
3 0 3
t 266 11
m0 0 14
m1 0 14
m2 8 9
1 8 0
2 8 0
3 0 2
t 265 11
m0 1 14
m1 0 14
m2 9 9
1 7 0
2 9 0
3 0 3
t 264 11
m0 0 14
m1 0 14
m2 8 9
1 8 0
2 8 0
3 0 2
t 263 11
m0 1 14
m1 0 14
m2 9 9
1 7 0
2 9 0
3 0 3
t 262 11
m0 0 14
m1 0 14
m2 8 9
1 8 0
2 8 0
3 0 2
t 261 11
m0 1 14
m1 0 14
m2 9 9
1 7 0
2 9 0
3 0 3
t 260 11
m0 0 14
m1 0 14
m2 8 9
1 8 0
2 8 0
3 0 2
t 259 11
m0 1 14
m1 0 14
m2 9 9
1 7 0
2 9 0
3 0 3
t 258 11
m0 0 14
m1 0 14
m2 8 9
1 8 0
2 8 0
3 0 2
t 257 11
m0 1 14
m1 0 14
m2 9 9
1 7 0
2 9 0
3 0 3
t 256 11
m0 0 14
m1 0 14
m2 8 9
1 8 0
2 8 0
3 0 2
t 255 11
m0 1 14
m1 0 14
m2 9 9
1 7 0
2 9 0
3 0 3
t 254 11
m0 0 14
m1 0 14
m2 8 9
1 8 0
2 8 0
3 0 2
t 253 11
m0 1 14
m1 0 14
m2 9 9
1 7 0
2 9 0
3 0 3
t 252 11
m0 0 14
m1 0 14
m2 8 9
1 8 0
2 8 0
3 0 2
t 251 11
m0 1 14
m1 0 14
m2 9 9
1 7 0
2 9 0
3 0 3
t 250 11
m0 0 14
m1 0 14
m2 8 9
1 8 0
2 8 0
3 0 2
t 249 11
m0 1 14
m1 0 14
m2 9 9
1 7 0
2 9 0
3 0 3
t 248 11
m0 0 14
m1 0 14
m2 8 9
1 8 0
2 8 0
3 0 2
t 247 11
m0 1 14
m1 0 14
m2 9 9
1 7 0
2 9 0
3 0 3
t 246 11
m0 0 14
m1 0 14
m2 8 9
1 8 0
2 8 0
3 0 2
t 245 11
m0 1 14
m1 0 14
m2 9 9
1 7 0
2 9 0
3 0 3
t 244 11
m0 0 14
m1 0 14
m2 8 9
1 8 0
2 8 0
3 0 2
t 243 11
m0 1 14
m1 0 14
m2 9 9
1 7 0
2 9 0
3 0 3
t 242 11
m0 0 14
m1 0 14
m2 8 9
1 8 0
2 8 0
3 0 2
t 241 11
m0 1 14
m1 0 14
m2 9 9
1 7 0
2 9 0
3 0 3
t 240 11
m0 0 14
m1 0 14
m2 8 9
1 8 0
2 8 0
3 0 2
t 239 11
m0 1 14
m1 0 14
m2 9 9
1 7 0
2 9 0
3 0 3
t 238 11
m0 0 14
m1 0 14
m2 8 9
1 8 0
2 8 0
3 0 2
t 237 11
m0 1 14
m1 0 14
m2 9 9
1 7 0
2 9 0
3 0 3
t 236 11
m0 0 14
m1 0 14
m2 8 9
1 8 0
2 8 0
3 0 2
t 235 11
m0 1 14
m1 0 14
m2 9 9
1 7 0
2 9 0
3 0 3
t 234 11
m0 0 14
m1 0 14
m2 8 9
1 8 0
2 8 0
3 0 2
t 233 11
m0 1 14
m1 0 14
m2 9 9
1 7 0
2 9 0
3 0 3
t 232 11
m0 0 14
m1 0 14
m2 8 9
1 8 0
2 8 0
3 0 2
t 231 11
m0 1 14
m1 0 14
m2 9 9
1 7 0
2 9 0
3 0 3
t 230 11
m0 0 14
m1 0 14
m2 8 9
1 8 0
2 8 0
3 0 2
t 229 11
m0 1 14
m1 0 14
m2 9 9
1 7 0
2 9 0
3 0 3
t 228 11
m0 0 14
m1 0 14
m2 8 9
1 8 0
2 8 0
3 0 2
t 227 11
m0 1 14
m1 0 14
m2 9 9
1 7 0
2 9 0
3 0 3
t 226 11
m0 0 14
m1 0 14
m2 8 9
1 8 0
2 8 0
3 0 2
t 225 11
m0 1 14
m1 0 14
m2 9 9
1 7 0
2 9 0
3 0 3
t 224 11
m0 0 14
m1 0 14
m2 8 9
1 8 0
2 8 0
3 0 2
t 223 11
m0 1 14
m1 0 14
m2 9 9
1 7 0
2 9 0
3 0 3
t 222 11
m0 0 14
m1 0 14
m2 8 9
1 8 0
2 8 0
3 0 2
t 221 11
m0 1 14
m1 0 14
m2 9 9
1 7 0
2 9 0
3 0 3
t 220 11
m0 0 14
m1 0 14
m2 8 9
1 8 0
2 8 0
3 0 2
t 219 11
m0 1 14
m1 0 14
m2 9 9
1 7 0
2 9 0
3 0 3
t 218 11
m0 0 14
m1 0 14
m2 8 9
1 8 0
2 8 0
3 0 2
t 217 11
m0 1 14
m1 0 14
m2 9 9
1 7 0
2 9 0
3 0 3
t 216 11
m0 0 14
m1 0 14
m2 8 9
1 8 0
2 8 0
3 0 2
t 215 11
m0 1 14
m1 0 14
m2 9 9
1 7 0
2 9 0
3 0 3
t 214 11
m0 0 14
m1 0 14
m2 8 9
1 8 0
2 8 0
3 0 2
t 213 11
m0 1 14
m1 0 14
m2 9 9
1 7 0
2 9 0
3 0 3
t 212 11
m0 0 14
m1 0 14
m2 8 9
1 8 0
2 8 0
3 0 2
t 211 11
m0 1 14
m1 0 14
m2 9 9
1 7 0
2 9 0
3 0 3
t 210 11
m0 0 14
m1 0 14
m2 8 9
1 8 0
2 8 0
3 0 2
t 209 11
m0 1 14
m1 0 14
m2 9 9
1 7 0
2 9 0
3 0 3
t 208 11
m0 0 14
m1 0 14
m2 8 9
1 8 0
2 8 0
3 0 2
t 207 11
m0 1 14
m1 0 14
m2 9 9
1 7 0
2 9 0
3 0 3
t 206 11
m0 0 14
m1 0 14
m2 8 9
1 8 0
2 8 0
3 0 2
t 205 11
m0 1 14
m1 0 14
m2 9 9
1 7 0
2 9 0
3 0 3
t 204 11
m0 0 14
m1 0 14
m2 8 9
1 8 0
2 8 0
3 0 2
t 203 11
m0 1 14
m1 0 14
m2 9 9
1 7 0
2 9 0
3 0 3
t 202 11
m0 0 14
m1 0 14
m2 8 9
1 8 0
2 8 0
3 0 2
t 201 11
m0 1 14
m1 0 14
m2 9 9
1 7 0
2 9 0
3 0 3
t 200 11
m0 0 14
m1 0 14
m2 8 9
1 8 0
2 8 0
3 0 2
t 199 11
m0 1 14
m1 0 14
m2 9 9
1 7 0
2 9 0
3 0 3
t 198 11
m0 0 14
m1 0 14
m2 8 9
1 8 0
2 8 0
3 0 2
t 197 11
m0 1 14
m1 0 14
m2 9 9
1 7 0
2 9 0
3 0 3
t 196 11
m0 0 14
m1 0 14
m2 8 9
1 8 0
2 8 0
3 0 2
t 195 11
m0 1 14
m1 0 14
m2 9 9
1 7 0
2 9 0
3 0 3
t 194 11
m0 0 14
m1 0 14
m2 8 9
1 8 0
2 8 0
3 0 2
t 193 11
m0 1 14
m1 0 14
m2 9 9
1 7 0
2 9 0
3 0 3
t 192 11
m0 0 14
m1 0 14
m2 8 9
1 8 0
2 8 0
3 0 2
t 191 11
m0 1 14
m1 0 14
m2 9 9
1 7 0
2 9 0
3 0 3
t 190 11
m0 0 14
m1 0 14
m2 8 9
1 8 0
2 8 0
3 0 2
t 189 11
m0 1 14
m1 0 14
m2 9 9
1 7 0
2 9 0
3 0 3
t 188 11
m0 0 14
m1 0 14
m2 8 9
1 8 0
2 8 0
3 0 2
t 187 11
m0 1 14
m1 0 14
m2 9 9
1 7 0
2 9 0
3 0 3
t 186 11
m0 0 14
m1 0 14
m2 8 9
1 8 0
2 8 0
3 0 2
t 185 11
m0 1 14
m1 0 14
m2 9 9
1 7 0
2 9 0
3 0 3
t 184 11
m0 0 14
m1 0 14
m2 8 9
1 8 0
2 8 0
3 0 2
t 183 11
m0 1 14
m1 0 14
m2 9 9
1 7 0
2 9 0
3 0 3
t 182 11
m0 0 14
m1 0 14
m2 8 9
1 8 0
2 8 0
3 0 2
t 181 11
m0 1 14
m1 0 14
m2 9 9
1 7 0
2 9 0
3 0 3
t 180 11
m0 0 14
m1 0 14
m2 8 9
1 8 0
2 8 0
3 0 2
t 179 11
m0 1 14
m1 0 14
m2 9 9
1 7 0
2 9 0
3 0 3
t 178 11
m0 0 14
m1 0 14
m2 8 9
1 8 0
2 8 0
3 0 2
t 177 11
m0 1 14
m1 0 14
m2 9 9
1 7 0
2 9 0
3 0 3
t 176 11
m0 0 14
m1 0 14
m2 8 9
1 8 0
2 8 0
3 0 2
t 175 11
m0 1 14
m1 0 14
m2 9 9
1 7 0
2 9 0
3 0 3
t 174 11
m0 0 14
m1 0 14
m2 8 9
1 8 0
2 8 0
3 0 2
t 173 11
m0 1 14
m1 0 14
m2 9 9
1 7 0
2 9 0
3 0 3
t 172 11
m0 0 14
m1 0 14
m2 8 9
1 8 0
2 8 0
3 0 2
t 171 11
m0 1 14
m1 0 14
m2 9 9
1 7 0
2 9 0
3 0 3
t 170 11
m0 0 14
m1 0 14
m2 8 9
1 8 0
2 8 0
3 0 2
t 169 11
m0 1 14
m1 0 14
m2 9 9
1 7 0
2 9 0
3 0 3
t 168 11
m0 0 14
m1 0 14
m2 8 9
1 8 0
2 8 0
3 0 2
t 167 11
m0 1 14
m1 0 14
m2 9 9
1 7 0
2 9 0
3 0 3
t 166 11
m0 0 14
m1 0 14
m2 8 9
1 8 0
2 8 0
3 0 2
t 165 11
m0 1 14
m1 0 14
m2 9 9
1 7 0
2 9 0
3 0 3
t 164 11
m0 0 14
m1 0 14
m2 8 9
1 8 0
2 8 0
3 0 2
t 163 11
m0 1 14
m1 0 14
m2 9 9
1 7 0
2 9 0
3 0 3
t 162 11
m0 0 14
m1 0 14
m2 8 9
1 8 0
2 8 0
3 0 2
t 161 11
m0 1 14
m1 0 14
m2 9 9
1 7 0
2 9 0
3 0 3
t 160 11
m0 0 14
m1 0 14
m2 8 9
1 8 0
2 8 0
3 0 2
t 159 11
m0 1 14
m1 0 14
m2 9 9
1 7 0
2 9 0
3 0 3
t 158 11
m0 0 14
m1 0 14
m2 8 9
1 8 0
2 8 0
3 0 2
t 157 11
m0 1 14
m1 0 14
m2 9 9
1 7 0
2 9 0
3 0 3
t 156 11
m0 0 14
m1 0 14
m2 8 9
1 8 0
2 8 0
3 0 2
t 155 11
m0 1 14
m1 0 14
m2 9 9
1 7 0
2 9 0
3 0 3
t 154 11
m0 0 14
m1 0 14
m2 8 9
1 8 0
2 8 0
3 0 2
t 153 11
m0 1 14
m1 0 14
m2 9 9
1 7 0
2 9 0
3 0 3
t 152 11
m0 0 14
m1 0 14
m2 8 9
1 8 0
2 8 0
3 0 2
t 151 11
m0 1 14
m1 0 14
m2 9 9
1 7 0
2 9 0
3 0 3
t 150 11
m0 0 14
m1 0 14
m2 8 9
1 8 0
2 8 0
3 0 2
t 149 11
m0 1 14
m1 0 14
m2 9 9
1 7 0
2 9 0
3 0 3
t 148 11
m0 0 14
m1 0 14
m2 8 9
1 8 0
2 8 0
3 0 2
t 147 11
m0 1 14
m1 0 14
m2 9 9
1 7 0
2 9 0
3 0 3
t 146 11
m0 0 14
m1 0 14
m2 8 9
1 8 0
2 8 0
3 0 2
t 145 11
m0 1 14
m1 0 14
m2 9 9
1 7 0
2 9 0
3 0 3
t 144 11
m0 0 14
m1 0 14
m2 8 9
1 8 0
2 8 0
3 0 2
t 143 11
m0 1 14
m1 0 14
m2 9 9
1 7 0
2 9 0
3 0 3
t 142 11
m0 0 14
m1 0 14
m2 8 9
1 8 0
2 8 0
3 0 2
t 141 11
m0 1 14
m1 0 14
m2 9 9
1 7 0
2 9 0
3 0 3
t 140 11
m0 0 14
m1 0 14
m2 8 9
1 8 0
2 8 0
3 0 2
t 139 11
m0 1 14
m1 0 14
m2 9 9
1 7 0
2 9 0
3 0 3
t 138 11
m0 0 14
m1 0 14
m2 8 9
1 8 0
2 8 0
3 0 2
t 137 11
m0 1 14
m1 0 14
m2 9 9
1 7 0
2 9 0
3 0 3
t 136 11
m0 0 14
m1 0 14
m2 8 9
1 8 0
2 8 0
3 0 2
t 135 11
m0 1 14
m1 0 14
m2 9 9
1 7 0
2 9 0
3 0 3
t 134 11
m0 0 14
m1 0 14
m2 8 9
1 8 0
2 8 0
3 0 2
t 133 11
m0 1 14
m1 0 14
m2 9 9
1 7 0
2 9 0
3 0 3
t 132 11
m0 0 14
m1 0 14
m2 8 9
1 8 0
2 8 0
3 0 2
t 131 11
m0 1 14
m1 0 14
m2 9 9
1 7 0
2 9 0
3 0 3
t 130 11
m0 0 14
m1 0 14
m2 8 9
1 8 0
2 8 0
3 0 2
t 129 11
m0 1 14
m1 0 14
m2 9 9
1 7 0
2 9 0
3 0 3
t 128 11
m0 0 14
m1 0 14
m2 8 9
1 8 0
2 8 0
3 0 2
t 127 11
m0 1 14
m1 0 14
m2 9 9
1 7 0
2 9 0
3 0 3
t 126 11
m0 0 14
m1 0 14
m2 8 9
1 8 0
2 8 0
3 0 2
t 125 11
m0 1 14
m1 0 14
m2 9 9
1 7 0
2 9 0
3 0 3
t 124 11
m0 0 14
m1 0 14
m2 8 9
1 8 0
2 8 0
3 0 2
t 123 11
m0 1 14
m1 0 14
m2 9 9
1 7 0
2 9 0
3 0 3
t 122 11
m0 0 14
m1 0 14
m2 8 9
1 8 0
2 8 0
3 0 2
t 121 11
m0 1 14
m1 0 14
m2 9 9
1 7 0
2 9 0
3 0 3
t 120 11
m0 0 14
m1 0 14
m2 8 9
1 8 0
2 8 0
3 0 2
t 119 11
m0 1 14
m1 0 14
m2 9 9
1 7 0
2 9 0
3 0 3
t 118 11
m0 0 14
m1 0 14
m2 8 9
1 8 0
2 8 0
3 0 2
t 117 11
m0 1 14
m1 0 14
m2 9 9
1 7 0
2 9 0
3 0 3
t 116 11
m0 0 14
m1 0 14
m2 8 9
1 8 0
2 8 0
3 0 2
t 115 11
m0 1 14
m1 0 14
m2 9 9
1 7 0
2 9 0
3 0 3
t 114 11
m0 0 14
m1 0 14
m2 8 9
1 8 0
2 8 0
3 0 2
t 113 11
m0 1 14
m1 0 14
m2 9 9
1 7 0
2 9 0
3 0 3
t 112 11
m0 0 14
m1 0 14
m2 8 9
1 8 0
2 8 0
3 0 2
t 111 11
m0 1 14
m1 0 14
m2 9 9
1 7 0
2 9 0
3 0 3
t 110 11
m0 0 14
m1 0 14
m2 8 9
1 8 0
2 8 0
3 0 2
t 109 11
m0 1 14
m1 0 14
m2 9 9
1 7 0
2 9 0
3 0 3
t 108 11
m0 0 14
m1 0 14
m2 8 9
1 8 0
2 8 0
3 0 2
t 107 11
m0 1 14
m1 0 14
m2 9 9
1 7 0
2 9 0
3 0 3
t 106 11
m0 0 14
m1 0 14
m2 8 9
1 8 0
2 8 0
3 0 2
t 105 11
m0 1 14
m1 0 14
m2 9 9
1 7 0
2 9 0
3 0 3
t 104 11
m0 0 14
m1 0 14
m2 8 9
1 8 0
2 8 0
3 0 2
t 103 11
m0 1 14
m1 0 14
m2 9 9
1 7 0
2 9 0
3 0 3
t 102 11
m0 0 14
m1 0 14
m2 8 9
1 8 0
2 8 0
3 0 2
t 101 11
m0 1 14
m1 0 14
m2 9 9
1 7 0
2 9 0
3 0 3
t 100 11
m0 0 14
m1 0 14
m2 8 9
1 8 0
2 8 0
3 0 2
t 99 11
m0 1 14
m1 0 14
m2 9 9
1 7 0
2 9 0
3 0 3
t 98 11
m0 0 14
m1 0 14
m2 8 9
1 8 0
2 8 0
3 0 2
t 97 11
m0 1 14
m1 0 14
m2 9 9
1 7 0
2 9 0
3 0 3
t 96 11
m0 0 14
m1 0 14
m2 8 9
1 8 0
2 8 0
3 0 2
t 95 11
m0 1 14
m1 0 14
m2 9 9
1 7 0
2 9 0
3 0 3
t 94 11
m0 0 14
m1 0 14
m2 8 9
1 8 0
2 8 0
3 0 2
t 93 11
m0 1 14
m1 0 14
m2 9 9
1 7 0
2 9 0
3 0 3
t 92 11
m0 0 14
m1 0 14
m2 8 9
1 8 0
2 8 0
3 0 2
t 91 11
m0 1 14
m1 0 14
m2 9 9
1 7 0
2 9 0
3 0 3
t 90 11
m0 0 14
m1 0 14
m2 8 9
1 8 0
2 8 0
3 0 2
t 89 11
m0 1 14
m1 0 14
m2 9 9
1 7 0
2 9 0
3 0 3
t 88 11
m0 0 14
m1 0 14
m2 8 9
1 8 0
2 8 0
3 0 2
t 87 11
m0 1 14
m1 0 14
m2 9 9
1 7 0
2 9 0
3 0 3
t 86 11
m0 0 14
m1 0 14
m2 8 9
1 8 0
2 8 0
3 0 2
t 85 11
m0 1 14
m1 0 14
m2 9 9
1 7 0
2 9 0
3 0 3
t 84 11
m0 0 14
m1 0 14
m2 8 9
1 8 0
2 8 0
3 0 2
t 83 11
m0 1 14
m1 0 14
m2 9 9
1 7 0
2 9 0
3 0 3
t 82 11
m0 0 14
m1 0 14
m2 8 9
1 8 0
2 8 0
3 0 2
t 81 11
m0 1 14
m1 0 14
m2 9 9
1 7 0
2 9 0
3 0 3
t 80 11
m0 0 14
m1 0 14
m2 8 9
1 8 0
2 8 0
3 0 2
t 79 11
m0 1 14
m1 0 14
m2 9 9
1 7 0
2 9 0
3 0 3
t 78 11
m0 0 14
m1 0 14
m2 8 9
1 8 0
2 8 0
3 0 2
t 77 11
m0 1 14
m1 0 14
m2 9 9
1 7 0
2 9 0
3 0 3
t 76 11
m0 0 14
m1 0 14
m2 8 9
1 8 0
2 8 0
3 0 2
t 75 11
m0 1 14
m1 0 14
m2 9 9
1 7 0
2 9 0
3 0 3
t 74 11
m0 0 14
m1 0 14
m2 8 9
1 8 0
2 8 0
3 0 2
t 73 11
m0 1 14
m1 0 14
m2 9 9
1 7 0
2 9 0
3 0 3
t 72 11
m0 0 14
m1 0 14
m2 8 9
1 8 0
2 8 0
3 0 2
t 71 11
m0 1 14
m1 0 14
m2 9 9
1 7 0
2 9 0
3 0 3
t 70 11
m0 0 14
m1 0 14
m2 8 9
1 8 0
2 8 0
3 0 2
t 69 11
m0 1 14
m1 0 14
m2 9 9
1 7 0
2 9 0
3 0 3
t 68 11
m0 0 14
m1 0 14
m2 8 9
1 8 0
2 8 0
3 0 2
t 67 11
m0 1 14
m1 0 14
m2 9 9
1 7 0
2 9 0
3 0 3
t 66 11
m0 0 14
m1 0 14
m2 8 9
1 8 0
2 8 0
3 0 2
t 65 11
m0 1 14
m1 0 14
m2 9 9
1 7 0
2 9 0
3 0 3
t 64 11
m0 0 14
m1 0 14
m2 8 9
1 8 0
2 8 0
3 0 2
t 63 11
m0 1 14
m1 0 14
m2 9 9
1 7 0
2 9 0
3 0 3
t 62 11
m0 0 14
m1 0 14
m2 8 9
1 8 0
2 8 0
3 0 2
t 61 11
m0 1 14
m1 0 14
m2 9 9
1 7 0
2 9 0
3 0 3
t 60 11
m0 0 14
m1 0 14
m2 8 9
1 8 0
2 8 0
3 0 2
t 59 11
m0 1 14
m1 0 14
m2 9 9
1 7 0
2 9 0
3 0 3
t 58 11
m0 0 14
m1 0 14
m2 8 9
1 8 0
2 8 0
3 0 2
t 57 11
m0 1 14
m1 0 14
m2 9 9
1 7 0
2 9 0
3 0 3
t 56 11
m0 0 14
m1 0 14
m2 8 9
1 8 0
2 8 0
3 0 2
t 55 11
m0 1 14
m1 0 14
m2 9 9
1 7 0
2 9 0
3 0 3
t 54 11
m0 0 14
m1 0 14
m2 8 9
1 8 0
2 8 0
3 0 2
t 53 11
m0 1 14
m1 0 14
m2 9 9
1 7 0
2 9 0
3 0 3
t 52 11
m0 0 14
m1 0 14
m2 8 9
1 8 0
2 8 0
3 0 2
t 51 11
m0 1 14
m1 0 14
m2 9 9
1 7 0
2 9 0
3 0 3
t 50 11
m0 0 14
m1 0 14
m2 8 9
1 8 0
2 8 0
3 0 2
t 49 11
m0 1 14
m1 0 14
m2 9 9
1 7 0
2 9 0
3 0 3
t 48 11
m0 0 14
m1 0 14
m2 8 9
1 8 0
2 8 0
3 0 2
t 47 11
m0 1 14
m1 0 14
m2 9 9
1 7 0
2 9 0
3 0 3
t 46 11
m0 0 14
m1 0 14
m2 8 9
1 8 0
2 8 0
3 0 2
t 45 11
m0 1 14
m1 0 14
m2 9 9
1 7 0
2 9 0
3 0 3
t 44 11
m0 0 14
m1 0 14
m2 8 9
1 8 0
2 8 0
3 0 2
t 43 11
m0 1 14
m1 0 14
m2 9 9
1 7 0
2 9 0
3 0 3
t 42 11
m0 0 14
m1 0 14
m2 8 9
1 8 0
2 8 0
3 0 2
t 41 11
m0 1 14
m1 0 14
m2 9 9
1 7 0
2 9 0
3 0 3
t 40 11
m0 0 14
m1 0 14
m2 8 9
1 8 0
2 8 0
3 0 2
t 39 11
m0 1 14
m1 0 14
m2 9 9
1 7 0
2 9 0
3 0 3
t 38 11
m0 0 14
m1 0 14
m2 8 9
1 8 0
2 8 0
3 0 2
t 37 11
m0 1 14
m1 0 14
m2 9 9
1 7 0
2 9 0
3 0 3
t 36 11
m0 0 14
m1 0 14
m2 8 9
1 8 0
2 8 0
3 0 2
t 35 11
m0 1 14
m1 0 14
m2 9 9
1 7 0
2 9 0
3 0 3
t 34 11
m0 0 14
m1 0 14
m2 8 9
1 8 0
2 8 0
3 0 2
t 33 11
m0 1 14
m1 0 14
m2 9 9
1 7 0
2 9 0
3 0 3
t 32 11
m0 0 14
m1 0 14
m2 8 9
1 8 0
2 8 0
3 0 2
t 31 11
m0 1 14
m1 0 14
m2 9 9
1 7 0
2 9 0
3 0 3
t 30 11
m0 0 14
m1 0 14
m2 8 9
1 8 0
2 8 0
3 0 2
t 29 11
m0 1 14
m1 0 14
m2 9 9
1 7 0
2 9 0
3 0 3
t 28 11
m0 0 14
m1 0 14
m2 8 9
1 8 0
2 8 0
3 0 2
t 27 11
m0 1 14
m1 0 14
m2 9 9
1 7 0
2 9 0
3 0 3
t 26 11
m0 0 14
m1 0 14
m2 8 9
1 8 0
2 8 0
3 0 2
t 25 11
m0 1 14
m1 0 14
m2 9 9
1 7 0
2 9 0
3 0 3
t 24 11
m0 0 14
m1 0 14
m2 8 9
1 8 0
2 8 0
3 0 2
t 23 11
m0 1 14
m1 0 14
m2 9 9
1 7 0
2 9 0
3 0 3
t 22 11
m0 0 14
m1 0 14
m2 8 9
1 8 0
2 8 0
3 0 2
t 21 11
m0 1 14
m1 0 14
m2 9 9
1 7 0
2 9 0
3 0 3
t 20 11
m0 0 14
m1 0 14
m2 8 9
1 8 0
2 8 0
3 0 2
t 19 11
m0 1 14
m1 0 14
m2 9 9
1 7 0
2 9 0
3 0 3
t 18 11
m0 0 14
m1 0 14
m2 8 9
1 8 0
2 8 0
3 0 2
t 17 11
m0 1 14
m1 0 14
m2 9 9
1 7 0
2 9 0
3 0 3
t 16 11
m0 0 14
m1 0 14
m2 8 9
1 8 0
2 8 0
3 0 2
t 15 11
m0 1 14
m1 0 14
m2 9 9
1 7 0
2 9 0
3 0 3
t 14 11
m0 0 14
m1 0 14
m2 8 9
1 8 0
2 8 0
3 0 2
t 13 11
m0 1 14
m1 0 14
m2 9 9
1 7 0
2 9 0
3 0 3
t 12 11
m0 0 14
m1 0 14
m2 8 9
1 8 0
2 8 0
3 0 2
t 11 11
m0 1 14
m1 0 14
m2 9 9
1 7 0
2 9 0
3 0 3
t 10 11
m0 0 14
m1 0 14
m2 8 9
1 8 0
2 8 0
3 0 2
t 9 11
m0 1 14
m1 0 14
m2 9 9
1 7 0
2 9 0
3 0 3
t 8 11
m0 0 14
m1 0 14
m2 8 9
1 8 0
2 8 0
3 0 2
t 7 11
m0 1 14
m1 0 14
m2 9 9
1 7 0
2 9 0
3 0 3
t 6 11
m0 0 14
m1 0 14
m2 8 9
1 8 0
2 8 0
3 0 2
t 5 11
m0 1 14
m1 0 14
m2 9 9
1 7 0
2 9 0
3 0 3
t 4 11
m0 0 14
m1 0 14
m2 8 9
1 8 0
2 8 0
3 0 2
t 3 11
m0 1 14
m1 0 14
m2 9 9
1 7 0
2 9 0
3 0 3
t 2 11
m0 0 14
m1 0 14
m2 8 9
1 8 0
2 8 0
3 0 2
t 1 11
m0 1 14
m1 0 14
m2 9 9
1 8 0
2 8 0
3 0 2
t 0 11
