10
15
w 8 13
w 5 6
w 3 11
w 1 6
w 9 4
w 5 1
w 2 4
w 6 7
w 5 12
w 4 4
w 1 14
w 2 13
w 3 6
w 2 2
w 1 10
w 4 1
w 9 7
w 6 4
w 2 6
w 8 2
w 7 1
w 3 13
w 5 11
w 0 12
w 3 9
w 8 7
w 6 12
w 4 2
w 1 0
w 9 6
w 6 5
w 8 3
w 8 12
w 1 8
w 8 8
w 5 2
w 0 2
p 6 9
p 6 6
p 7 12
p 4 8
p 9 8
p 7 7
p 0 7
p 4 12
p 0 10
p 7 11
p 2 5
p 8 5
p 8 14
p 9 0
p 3 3
p 2 9
p 7 6
p 6 10
p 8 10
p 4 13
p 6 3
p 9 11
p 7 10
p 5 0
p 7 14
p 3 2
p 5 4
p 0 0
p 1 13
p 8 11
p 9 3
p 6 0
p 1 4
p 2 10
p 9 10
p 2 3
p 1 9
p 0 8
p 2 7
p 0 1
p 3 12
p 6 8
p 1 12
p 5 7
p 3 1
p 7 13
p 0 13
p 3 8
p 0 6
p 6 13
p 1 7
p 0 9
p 9 5
p 3 4
p 9 12
p 8 4
m0 0 14
m1 0 14
m2 0 14
1 9 0
2 9 0
3 9 0
t 300 0
m0 0 13
m1 0 13
m2 0 14
1 8 0
2 8 0
3 9 1
t 299 1
m0 1 13
m1 0 13
m2 0 14
1 7 0
2 9 0
3 8 1
t 298 2
m0 1 12
m1 0 13
m2 0 14
1 6 0
2 8 0
3 9 1
t 297 3
m0 2 12
m1 1 13
m2 0 14
1 5 0
2 9 0
3 8 1
t 296 3
m0 3 12
m1 1 13
m2 0 14
1 4 0
2 8 0
3 9 1
t 295 4
m0 4 12
m1 1 12
m2 0 14
1 3 0
2 9 0
3 8 1
t 294 5
m0 4 13
m1 1 11
m2 0 14
1 2 0
2 8 0
3 9 1
t 293 6
m0 5 13
m1 1 11
m2 0 14
1 2 1
2 9 0
3 8 1
t 292 6
m0 5 14
m1 1 11
m2 0 14
1 1 1
2 8 0
3 9 1
t 291 6
m0 6 14
m1 2 11
m2 0 14
1 1 2
2 9 0
3 8 1
t 290 6
m0 5 14
m1 2 12
m2 0 14
1 1 3
2 8 0
3 9 1
t 289 6
m0 6 14
m1 3 12
m2 0 14
1 1 4
2 9 0
3 8 1
t 288 6
m0 6 14
m1 4 12
m2 0 14
1 0 4
2 8 0
3 9 1
t 287 6
m0 7 14
m1 4 13
m2 0 14
1 0 5
2 9 0
3 8 1
t 286 7
m0 8 14
m1 5 13
m2 0 14
1 0 6
2 8 0
3 9 1
t 285 8
m0 9 14
m1 6 13
m2 0 14
1 0 7
2 9 0
3 8 1
t 284 9
m0 9 14
m1 6 13
m2 0 13
1 0 8
2 8 0
3 9 1
t 283 9
m0 9 14
m1 6 13
m2 1 13
1 0 9
2 9 0
3 8 1
t 282 9
m0 9 14
m1 7 13
m2 1 13
1 0 10
2 8 0
3 9 1
t 281 10
m0 9 14
m1 7 12
m2 1 12
1 0 11
2 9 0
3 8 1
f 7 9
t 280 11
m0 9 14
m1 7 12
m2 2 12
1 1 11
2 8 0
3 9 1
t 279 11
m0 9 14
m1 7 12
m2 3 12
1 1 12
2 9 0
3 8 1
t 278 11
m0 9 14
m1 7 11
m2 4 12
1 2 12
2 8 0
3 9 1
t 277 12
m0 9 14
m1 7 10
m2 4 11
1 3 12
2 9 0
3 8 1
t 276 13
m0 9 14
m1 7 9
m2 4 10
1 4 12
2 8 0
3 9 1
t 275 23
m0 9 13
m1 8 9
m2 5 10
1 4 11
2 9 0
3 8 1
t 274 23
m0 9 14
m1 9 9
m2 6 10
1 4 10
2 8 0
3 9 1
t 273 24
m0 9 14
m1 9 8
m2 7 10
1 5 10
2 7 0
3 9 2
t 272 25
m0 9 14
m1 9 8
m2 8 10
1 6 10
2 6 0
3 9 3
t 271 26
m0 9 14
m1 9 8
m2 9 10
1 7 10
2 5 0
3 9 2
t 270 27
m0 9 14
m1 9 8
m2 9 9
1 8 10
2 4 0
3 9 3
t 269 27
m0 9 13
m1 9 8
m2 9 9
1 9 10
2 3 0
3 9 2
t 268 27
m0 9 12
m1 9 8
m2 9 8
1 9 11
2 2 0
3 9 1
t 267 28
m0 -5 -5
m1 9 9
m2 9 8
1 9 10
2 3 0
3 9 2
t 266 29
m0 -5 -5
m1 9 8
m2 -5 -5
1 9 9
2 2 0
3 9 1
t 265 29
m0 -5 -5
m1 -5 -5
m2 -5 -5
1 9 9
2 2 0
3 9 1
t 264 29
