10
15
w 5 9
w 8 13
w 9 8
w 8 0
w 3 11
w 2 1
w 6 2
w 0 10
w 3 7
w 7 2
w 4 0
w 5 5
w 7 6
w 1 5
w 5 0
w 7 10
w 3 6
w 4 1
w 9 7
w 0 0
w 8 2
w 5 11
w 6 11
w 1 13
w 6 0
w 4 14
w 2 10
w 2 3
w 2 14
w 8 12
w 5 7
w 9 9
w 3 8
w 2 0
w 1 8
w 4 3
w 9 5
p 7 3
p 4 7
p 1 3
p 9 1
p 6 6
p 3 0
p 2 8
p 7 7
p 1 6
p 2 12
p 0 3
p 3 14
p 9 0
p 4 9
p 2 9
p 8 1
p 5 12
p 4 4
p 1 14
p 6 10
p 4 13
p 6 3
p 0 11
p 2 2
p 0 4
p 1 10
p 1 1
p 3 2
p 7 14
p 5 4
p 8 11
p 9 3
p 1 4
p 0 12
p 9 10
p 3 9
p 0 5
p 1 0
p 4 11
p 7 9
p 0 1
p 3 5
p 8 3
p 6 5
p 5 10
p 6 8
p 3 12
p 7 0
p 9 2
p 3 1
p 0 13
p 2 11
p 5 14
p 7 4
p 8 8
p 9 12
m0 0 14
m1 0 14
m2 0 14
1 9 0
2 9 0
3 9 0
t 300 0
m0 0 14
m1 0 14
m2 0 14
1 9 1
2 9 1
3 9 1
t 299 0
m0 0 14
m1 0 14
m2 0 14
1 8 1
2 9 0
3 9 0
t 298 0
m0 0 14
m1 0 14
m2 0 14
1 7 1
2 9 1
3 9 1
t 297 0
m0 0 14
m1 0 14
m2 0 14
1 6 1
2 9 0
3 9 0
t 296 0
m0 0 14
m1 0 14
m2 0 14
1 5 1
2 9 1
3 9 1
t 295 0
m0 0 14
m1 0 14
m2 0 14
1 5 2
2 9 0
3 9 0
t 294 0
m0 0 14
m1 0 14
m2 0 14
1 4 2
2 9 1
3 9 1
t 293 0
m0 0 14
m1 0 14
m2 0 14
1 3 2
2 9 0
3 9 0
t 292 0
m0 0 14
m1 0 14
m2 0 14
1 2 2
2 9 1
3 9 1
t 291 0
m0 0 14
m1 0 14
m2 0 14
1 1 2
2 9 0
3 9 0
t 290 0
m0 0 14
m1 0 14
m2 0 14
1 0 2
2 9 1
3 9 1
t 289 0
m0 0 14
m1 1 14
m2 0 14
1 0 3
2 9 0
3 9 0
t 288 1
m0 1 14
m1 1 14
m2 1 14
1 0 4
2 9 1
3 9 1
t 287 1
m0 1 14
m1 1 14
m2 1 14
1 0 5
2 9 0
3 9 0
t 286 1
m0 1 14
m1 1 14
m2 1 14
1 0 6
2 9 1
3 9 1
t 285 1
m0 1 14
m1 1 14
m2 1 14
1 0 7
2 9 0
3 9 0
t 284 1
m0 1 14
m1 1 14
m2 1 14
1 0 8
2 9 1
3 9 1
t 283 1
m0 1 14
m1 1 14
m2 1 14
1 0 9
2 9 0
3 9 0
t 282 1
m0 1 14
m1 1 14
m2 1 14
1 1 9
2 9 1
3 9 1
t 281 1
m0 1 14
m1 0 14
m2 1 14
1 1 10
2 9 0
3 9 0
t 280 1
m0 1 14
m1 0 14
m2 1 14
1 1 11
2 9 1
3 9 1
t 279 1
m0 1 14
m1 0 14
m2 1 14
1 1 12
2 9 0
3 9 0
t 278 1
m0 1 14
m1 0 14
m2 1 14
1 0 12
2 9 1
3 9 1
t 277 1
m0 1 14
m1 1 14
m2 1 14
1 0 13
2 9 0
3 9 0
t 276 1
m0 1 14
m1 1 14
m2 1 14
1 0 14
2 9 1
3 9 1
t 275 1
m0 -5 -5
m1 -5 -5
m2 -5 -5
1 1 14
2 9 0
3 9 0
t 274 1
