10
15
w 5 9
w 1 3
w 9 1
w 6 6
w 3 0
w 2 8
w 8 9
w 4 12
w 1 6
w 2 12
w 0 3
w 3 14
w 4 0
w 6 3
w 0 11
w 0 4
w 2 2
w 4 1
w 5 4
w 0 0
w 9 14
w 4 14
w 1 4
w 9 10
w 3 9
w 8 7
w 9 6
w 8 3
w 6 8
w 4 6
w 6 1
w 7 13
w 2 11
w 9 9
w 6 13
w 0 9
w 9 5
p 7 3
p 4 7
p 4 8
p 5 6
p 9 8
p 7 7
p 0 7
p 0 10
p 9 4
p 7 11
p 1 11
p 8 5
p 7 2
p 6 14
p 8 14
p 6 7
p 2 9
p 8 1
p 5 12
p 4 4
p 8 10
p 4 13
p 9 11
p 3 6
p 1 10
p 8 6
p 9 7
p 6 4
p 3 2
p 2 6
p 8 2
p 4 5
p 6 11
p 6 0
p 1 9
p 6 12
p 1 0
p 2 14
p 0 8
p 4 11
p 2 7
p 7 0
p 8 12
p 3 1
p 0 13
p 7 4
p 2 0
p 1 8
p 8 8
p 3 8
p 5 14
p 4 3
p 1 7
p 5 2
p 0 2
p 9 12
m0 0 14
m1 0 14
m2 0 14
1 9 0
2 9 0
3 9 0
t 300 0
m0 0 14
m1 0 13
m2 0 13
1 8 0
2 8 0
3 8 0
t 299 1
m0 0 13
m1 0 14
m2 0 14
1 9 0
2 9 0
3 9 0
t 298 1
m0 0 14
m1 1 14
m2 1 14
1 8 0
2 8 0
3 8 0
t 297 1
m0 1 14
m1 2 14
m2 2 14
1 9 0
2 9 0
3 9 0
t 296 2
m0 2 14
m1 2 13
m2 2 13
1 8 0
2 8 0
3 8 0
t 295 2
m0 2 13
m1 3 13
m2 3 13
1 7 0
2 7 0
3 7 0
t 294 2
m0 3 13
m1 4 13
m2 4 13
1 6 0
2 6 0
3 6 0
t 293 3
m0 4 13
m1 5 13
m2 5 13
1 5 0
2 5 0
3 5 0
t 292 3
m0 5 13
m1 5 14
m2 5 14
1 5 1
2 5 1
3 5 1
t 291 4
m0 5 14
m1 6 14
m2 6 14
1 5 2
2 5 2
3 5 2
t 290 5
m0 6 14
m1 7 14
m2 7 14
1 5 1
2 5 1
3 5 1
f 4 9
t 289 5
m0 7 14
m1 8 14
m2 8 14
1 5 2
2 5 2
3 5 2
t 288 6
m0 8 14
m1 8 13
m2 8 13
1 5 3
2 5 3
3 5 3
t 287 6
m0 8 13
m1 8 12
m2 8 12
1 4 3
2 4 3
3 4 3
t 286 7
m0 8 12
m1 9 12
m2 9 12
1 4 2
2 4 2
3 4 2
t 285 8
m0 9 12
m1 8 12
m2 8 12
1 3 2
2 3 2
3 3 2
t 284 8
m0 8 12
m1 9 12
m2 9 12
1 4 2
2 4 2
3 4 2
t 283 8
m0 9 12
m1 9 11
m2 9 11
1 3 2
2 3 2
3 3 2
t 282 9
m0 9 11
m1 9 12
m2 9 12
1 3 1
2 3 1
3 3 1
t 281 9
m0 9 12
m1 8 12
m2 8 12
1 2 1
2 2 1
3 2 1
t 280 9
m0 8 12
m1 8 11
m2 8 11
1 2 0
2 2 0
3 2 0
t 279 9
m0 8 11
m1 7 11
m2 7 11
1 1 0
2 1 0
3 1 0
t 278 10
m0 7 11
m1 6 11
m2 6 11
1 2 0
2 2 0
3 2 0
t 277 11
m0 6 11
m1 5 11
m2 5 11
1 1 0
2 1 0
3 1 0
t 276 11
m0 5 11
m1 5 12
m2 5 12
1 1 1
2 1 1
3 1 1
t 275 12
m0 5 12
m1 5 11
m2 5 11
1 1 2
2 1 2
3 1 2
t 274 12
m0 5 11
m1 6 11
m2 6 11
1 0 2
2 0 2
3 0 2
t 273 12
m0 6 11
m1 7 11
m2 7 11
1 1 2
2 1 2
3 1 2
t 272 12
m0 7 11
m1 6 11
m2 6 11
1 1 1
2 1 1
3 1 1
t 271 12
m0 6 11
m1 6 12
m2 6 12
1 1 0
2 1 0
3 1 0
t 270 13
m0 6 12
m1 6 11
m2 6 11
1 2 0
2 2 0
3 2 0
t 269 13
m0 6 11
m1 5 11
m2 5 11
1 2 1
2 2 1
3 2 1
t 268 13
m0 5 11
m1 4 11
m2 4 11
1 2 0
2 2 0
3 2 0
t 267 14
m0 4 11
m1 4 10
m2 4 10
1 1 0
2 1 0
3 1 0
t 266 14
m0 4 10
m1 4 11
m2 4 11
1 2 0
2 2 0
3 2 0
t 265 14
m0 4 11
m1 5 11
m2 5 11
1 2 1
2 2 1
3 2 1
t 264 14
m0 5 11
m1 5 10
m2 5 10
1 1 1
2 1 1
3 1 1
t 263 14
m0 5 10
m1 6 10
m2 6 10
1 0 1
2 0 1
3 0 1
t 262 14
m0 6 10
m1 7 10
m2 7 10
1 1 1
2 1 1
3 1 1
t 261 14
m0 7 10
m1 6 10
m2 6 10
1 2 1
2 2 1
3 2 1
t 260 14
m0 6 10
m1 7 10
m2 7 10
1 1 1
2 1 1
3 1 1
t 259 14
m0 7 10
m1 8 10
m2 8 10
1 1 2
2 1 2
3 1 2
t 258 15
m0 8 10
m1 7 10
m2 7 10
1 0 2
2 0 2
3 0 2
t 257 15
m0 7 10
m1 6 10
m2 6 10
1 0 1
2 0 1
3 0 1
t 256 15
m0 6 10
m1 6 11
m2 6 11
1 1 1
2 1 1
3 1 1
t 255 15
m0 6 11
m1 6 10
m2 6 10
1 0 1
2 0 1
3 0 1
t 254 15
m0 6 10
m1 6 11
m2 6 11
1 0 2
2 0 2
3 0 2
t 253 15
m0 6 11
m1 5 11
m2 5 11
1 1 2
2 1 2
3 1 2
t 252 15
m0 5 11
m1 6 11
m2 6 11
1 0 2
2 0 2
3 0 2
t 251 15
m0 6 11
m1 7 11
m2 7 11
1 1 2
2 1 2
3 1 2
t 250 15
m0 7 11
m1 7 10
m2 7 10
1 0 2
2 0 2
3 0 2
t 249 15
m0 7 10
m1 7 11
m2 7 11
1 0 1
2 0 1
3 0 1
t 248 15
m0 7 11
m1 8 11
m2 8 11
1 1 1
2 1 1
3 1 1
t 247 15
m0 8 11
m1 8 12
m2 8 12
1 2 1
2 2 1
3 2 1
t 246 15
m0 8 12
m1 9 12
m2 9 12
1 3 1
2 3 1
3 3 1
t 245 15
m0 9 12
m1 9 11
m2 9 11
1 3 2
2 3 2
3 3 2
t 244 15
m0 9 11
m1 8 11
m2 8 11
1 3 1
2 3 1
3 3 1
t 243 15
m0 8 11
m1 8 12
m2 8 12
1 3 2
2 3 2
3 3 2
t 242 15
m0 8 12
m1 8 11
m2 8 11
1 3 1
2 3 1
3 3 1
t 241 15
m0 8 11
m1 7 11
m2 7 11
1 3 2
2 3 2
3 3 2
t 240 15
m0 7 11
m1 6 11
m2 6 11
1 4 2
2 4 2
3 4 2
t 239 15
m0 6 11
m1 5 11
m2 5 11
1 4 3
2 4 3
3 4 3
t 238 15
m0 5 11
m1 4 11
m2 4 11
1 5 3
2 5 3
3 5 3
t 237 15
m0 4 11
m1 3 11
m2 3 11
1 5 2
2 5 2
3 5 2
t 236 15
m0 3 11
m1 4 11
m2 4 11
1 6 2
2 6 2
3 6 2
t 235 15
m0 4 11
m1 5 11
m2 5 11
1 7 2
2 7 2
3 7 2
t 234 15
m0 5 11
m1 6 11
m2 6 11
1 7 3
2 7 3
3 7 3
t 233 15
m0 6 11
m1 6 11
m2 6 11
1 7 2
2 7 2
3 7 2
t 232 15
m0 6 11
m1 6 10
m2 6 10
1 7 3
2 7 3
3 7 3
t 231 15
m0 6 10
m1 6 11
m2 6 11
1 7 4
2 7 4
3 7 4
t 230 15
m0 6 11
m1 6 10
m2 6 10
1 7 5
2 7 5
3 7 5
t 229 15
m0 6 10
m1 6 11
m2 6 11
1 6 5
2 6 5
3 6 5
t 228 15
m0 6 11
m1 6 10
m2 6 10
1 7 5
2 7 5
3 7 5
t 227 15
m0 6 10
m1 7 10
m2 7 10
1 8 5
2 8 5
3 8 5
t 226 15
m0 7 10
m1 7 10
m2 7 10
1 7 5
2 7 5
3 7 5
t 225 15
m0 7 10
m1 7 11
m2 7 11
1 7 4
2 7 4
3 7 4
t 224 15
m0 7 11
m1 7 10
m2 7 10
1 7 3
2 7 3
3 7 3
t 223 15
m0 7 10
m1 7 11
m2 7 11
1 7 4
2 7 4
3 7 4
t 222 15
m0 7 11
m1 7 11
m2 7 11
1 8 4
2 8 4
3 8 4
t 221 15
m0 7 11
m1 6 11
m2 6 11
1 8 5
2 8 5
3 8 5
t 220 15
m0 6 11
m1 5 11
m2 5 11
1 8 6
2 8 6
3 8 6
t 219 15
m0 5 11
m1 5 11
m2 5 11
1 8 5
2 8 5
3 8 5
t 218 15
m0 5 11
m1 5 10
m2 5 10
1 8 6
2 8 6
3 8 6
t 217 15
m0 5 10
m1 4 10
m2 4 10
1 7 6
2 7 6
3 7 6
t 216 15
m0 4 10
m1 4 9
m2 4 9
1 7 7
2 7 7
3 7 7
t 215 25
m0 4 9
m1 4 8
m2 4 8
1 7 8
2 7 8
3 7 8
t 214 26
m0 4 8
m1 4 7
m2 4 7
1 8 8
2 8 8
3 8 8
t 213 27
m0 4 7
m1 4 8
m2 4 8
1 9 8
2 9 8
3 9 8
t 212 27
m0 4 8
m1 4 8
m2 4 8
1 8 8
2 8 8
3 8 8
t 211 27
m0 4 8
m1 3 8
m2 3 8
1 9 8
2 9 8
3 9 8
t 210 28
m0 3 8
m1 3 7
m2 3 7
1 8 8
2 8 8
3 8 8
t 209 28
m0 3 7
m1 3 6
m2 3 6
1 9 8
2 9 8
3 9 8
t 208 29
m0 3 6
m1 3 7
m2 3 7
1 8 8
2 8 8
3 8 8
t 207 29
m0 3 7
m1 2 7
m2 2 7
1 9 8
2 9 8
3 9 8
t 206 30
m0 2 7
m1 2 6
m2 2 6
1 9 7
2 9 7
3 9 7
t 205 31
m0 2 6
m1 2 5
m2 2 5
1 9 8
2 9 8
3 9 8
t 204 31
m0 2 5
m1 3 5
m2 3 5
1 8 8
2 8 8
3 8 8
t 203 31
m0 3 5
m1 4 5
m2 4 5
1 7 8
2 7 8
3 7 8
t 202 32
m0 4 5
m1 4 4
m2 4 4
1 7 7
2 7 7
3 7 7
t 201 33
m0 4 4
m1 4 3
m2 4 3
1 7 8
2 7 8
3 7 8
t 200 34
m0 4 3
m1 3 3
m2 3 3
1 7 9
2 7 9
3 7 9
t 199 34
m0 3 3
m1 3 2
m2 3 2
1 7 8
2 7 8
3 7 8
f 0 5
t 198 35
m0 3 2
m1 3 3
m2 3 3
1 7 9
2 7 9
3 7 9
t 197 35
m0 3 3
m1 3 4
m2 3 4
1 6 9
2 6 9
3 6 9
t 196 35
m0 3 4
m1 4 4
m2 4 4
1 6 10
2 6 10
3 6 10
t 195 35
m0 4 4
m1 4 3
m2 4 3
1 5 10
2 5 10
3 5 10
t 194 35
m0 4 3
m1 4 2
m2 4 2
1 5 11
2 5 11
3 5 11
t 193 35
m0 4 2
m1 5 2
m2 5 2
1 4 11
2 4 11
3 4 11
t 192 36
m0 5 2
m1 5 2
m2 5 2
1 5 11
2 5 11
3 5 11
t 191 36
m0 5 2
m1 6 2
m2 6 2
1 4 11
2 4 11
3 4 11
t 190 36
m0 6 2
m1 7 2
m2 7 2
1 4 10
2 4 10
3 4 10
t 189 37
m0 7 2
m1 7 3
m2 7 3
1 5 10
2 5 10
3 5 10
t 188 38
m0 7 3
m1 7 4
m2 7 4
1 5 11
2 5 11
3 5 11
t 187 39
m0 7 4
m1 7 5
m2 7 5
1 4 11
2 4 11
3 4 11
t 186 39
m0 7 5
m1 8 5
m2 8 5
1 4 10
2 4 10
3 4 10
t 185 40
m0 8 5
m1 7 5
m2 7 5
1 5 10
2 5 10
3 5 10
t 184 40
m0 7 5
m1 7 4
m2 7 4
1 6 10
2 6 10
3 6 10
t 183 40
m0 7 4
m1 7 5
m2 7 5
1 7 10
2 7 10
3 7 10
t 182 40
m0 7 5
m1 7 4
m2 7 4
1 7 11
2 7 11
3 7 11
t 181 40
m0 7 4
m1 6 4
m2 6 4
1 6 11
2 6 11
3 6 11
t 180 41
m0 6 4
m1 6 5
m2 6 5
1 6 12
2 6 12
3 6 12
t 179 41
m0 6 5
m1 5 5
m2 5 5
1 7 12
2 7 12
3 7 12
t 178 41
m0 5 5
m1 4 5
m2 4 5
1 6 12
2 6 12
3 6 12
t 177 41
m0 4 5
m1 5 5
m2 5 5
1 5 12
2 5 12
3 5 12
t 176 41
m0 5 5
m1 5 6
m2 5 6
1 6 12
2 6 12
3 6 12
t 175 42
m0 5 6
m1 5 7
m2 5 7
1 7 12
2 7 12
3 7 12
t 174 42
m0 5 7
m1 5 7
m2 5 7
1 7 11
2 7 11
3 7 11
t 173 42
m0 5 7
m1 6 7
m2 6 7
1 7 12
2 7 12
3 7 12
t 172 43
m0 6 7
m1 7 7
m2 7 7
1 7 11
2 7 11
3 7 11
t 171 44
m0 7 7
m1 7 6
m2 7 6
1 7 10
2 7 10
3 7 10
t 170 44
m0 7 6
m1 7 5
m2 7 5
1 8 10
2 8 10
3 8 10
t 169 44
m0 7 5
m1 7 4
m2 7 4
1 8 11
2 8 11
3 8 11
t 168 44
m0 7 4
m1 8 4
m2 8 4
1 8 10
2 8 10
3 8 10
t 167 44
m0 8 4
m1 9 4
m2 9 4
1 8 11
2 8 11
3 8 11
t 166 45
m0 9 4
m1 9 3
m2 9 3
1 9 11
2 9 11
3 9 11
t 165 45
m0 9 3
m1 9 2
m2 9 2
1 8 11
2 8 11
3 8 11
t 164 45
m0 9 2
m1 8 2
m2 8 2
1 8 10
2 8 10
3 8 10
t 163 46
m0 8 2
m1 8 1
m2 8 1
1 8 11
2 8 11
3 8 11
t 162 47
m0 8 1
m1 8 0
m2 8 0
1 7 11
2 7 11
3 7 11
t 161 47
m0 8 0
m1 7 0
m2 7 0
1 8 11
2 8 11
3 8 11
t 160 48
m0 7 0
m1 6 0
m2 6 0
1 8 10
2 8 10
3 8 10
t 159 49
m0 6 0
m1 5 0
m2 5 0
1 8 11
2 8 11
3 8 11
t 158 49
m0 5 0
m1 6 0
m2 6 0
1 8 10
2 8 10
3 8 10
t 157 49
m0 6 0
m1 5 0
m2 5 0
1 7 10
2 7 10
3 7 10
t 156 49
m0 5 0
m1 5 1
m2 5 1
1 6 10
2 6 10
3 6 10
t 155 49
m0 5 1
m1 5 0
m2 5 0
1 5 10
2 5 10
3 5 10
t 154 49
m0 5 0
m1 5 1
m2 5 1
1 4 10
2 4 10
3 4 10
t 153 49
m0 5 1
m1 5 2
m2 5 2
1 5 10
2 5 10
3 5 10
t 152 49
m0 5 2
m1 4 2
m2 4 2
1 6 10
2 6 10
3 6 10
t 151 49
m0 4 2
m1 3 2
m2 3 2
1 5 10
2 5 10
3 5 10
t 150 49
m0 3 2
m1 4 2
m2 4 2
1 4 10
2 4 10
3 4 10
t 149 49
m0 4 2
m1 5 2
m2 5 2
1 3 10
2 3 10
3 3 10
t 148 49
m0 5 2
m1 4 2
m2 4 2
1 3 11
2 3 11
3 3 11
t 147 49
m0 4 2
m1 4 3
m2 4 3
1 4 11
2 4 11
3 4 11
t 146 49
m0 4 3
m1 4 2
m2 4 2
1 4 10
2 4 10
3 4 10
t 145 49
m0 4 2
m1 3 2
m2 3 2
1 4 9
2 4 9
3 4 9
t 144 49
m0 3 2
m1 3 1
m2 3 1
1 4 8
2 4 8
3 4 8
t 143 50
m0 3 1
m1 2 1
m2 2 1
1 4 7
2 4 7
3 4 7
t 142 50
m0 2 1
m1 2 0
m2 2 0
1 3 7
2 3 7
3 3 7
t 141 51
m0 2 0
m1 1 0
m2 1 0
1 4 7
2 4 7
3 4 7
t 140 52
m0 1 0
m1 1 1
m2 1 1
1 4 8
2 4 8
3 4 8
t 139 52
m0 1 1
m1 0 1
m2 0 1
1 3 8
2 3 8
3 3 8
t 138 52
m0 0 1
m1 1 1
m2 1 1
1 4 8
2 4 8
3 4 8
t 137 52
m0 1 1
m1 0 1
m2 0 1
1 5 8
2 5 8
3 5 8
t 136 52
m0 0 1
m1 0 2
m2 0 2
1 5 7
2 5 7
3 5 7
t 135 53
m0 0 2
m1 1 2
m2 1 2
1 5 6
2 5 6
3 5 6
t 134 53
m0 1 2
m1 0 2
m2 0 2
1 5 5
2 5 5
3 5 5
t 133 53
m0 0 2
m1 1 2
m2 1 2
1 6 5
2 6 5
3 6 5
t 132 53
m0 1 2
m1 1 1
m2 1 1
1 7 5
2 7 5
3 7 5
t 131 53
m0 1 1
m1 2 1
m2 2 1
1 8 5
2 8 5
3 8 5
t 130 53
m0 2 1
m1 2 0
m2 2 0
1 8 4
2 8 4
3 8 4
t 129 53
m0 2 0
m1 1 0
m2 1 0
1 8 5
2 8 5
3 8 5
t 128 53
m0 1 0
m1 2 0
m2 2 0
1 7 5
2 7 5
3 7 5
t 127 53
m0 2 0
m1 2 1
m2 2 1
1 7 6
2 7 6
3 7 6
t 126 53
m0 2 1
m1 1 1
m2 1 1
1 8 6
2 8 6
3 8 6
t 125 53
m0 1 1
m1 0 1
m2 0 1
1 7 6
2 7 6
3 7 6
t 124 53
m0 0 1
m1 0 2
m2 0 2
1 8 6
2 8 6
3 8 6
t 123 53
m0 0 2
m1 1 2
m2 1 2
1 8 5
2 8 5
3 8 5
t 122 53
m0 1 2
m1 0 2
m2 0 2
1 8 4
2 8 4
3 8 4
t 121 53
m0 0 2
m1 0 1
m2 0 1
1 8 5
2 8 5
3 8 5
t 120 53
m0 0 1
m1 1 1
m2 1 1
1 8 6
2 8 6
3 8 6
t 119 53
m0 1 1
m1 2 1
m2 2 1
1 8 5
2 8 5
3 8 5
t 118 53
m0 2 1
m1 1 1
m2 1 1
1 7 5
2 7 5
3 7 5
t 117 53
m0 1 1
m1 1 0
m2 1 0
1 7 4
2 7 4
3 7 4
t 116 53
m0 1 0
m1 2 0
m2 2 0
1 7 3
2 7 3
3 7 3
t 115 53
m0 2 0
m1 2 0
m2 2 0
1 7 4
2 7 4
3 7 4
t 114 53
m0 2 0
m1 1 0
m2 1 0
1 8 4
2 8 4
3 8 4
t 113 53
m0 1 0
m1 2 0
m2 2 0
1 9 4
2 9 4
3 9 4
t 112 53
m0 2 0
m1 1 0
m2 1 0
1 8 4
2 8 4
3 8 4
t 111 53
m0 1 0
m1 1 1
m2 1 1
1 9 4
2 9 4
3 9 4
t 110 53
m0 1 1
m1 2 1
m2 2 1
1 8 4
2 8 4
3 8 4
t 109 53
m0 2 1
m1 1 1
m2 1 1
1 9 4
2 9 4
3 9 4
t 108 53
m0 1 1
m1 1 2
m2 1 2
1 8 4
2 8 4
3 8 4
t 107 53
m0 1 2
m1 0 2
m2 0 2
1 9 4
2 9 4
3 9 4
t 106 53
m0 0 2
m1 0 1
m2 0 1
1 8 4
2 8 4
3 8 4
t 105 53
m0 0 1
m1 0 2
m2 0 2
1 8 5
2 8 5
3 8 5
t 104 53
m0 0 2
m1 0 2
m2 0 2
1 7 5
2 7 5
3 7 5
t 103 53
m0 0 2
m1 1 2
m2 1 2
1 6 5
2 6 5
3 6 5
t 102 53
m0 1 2
m1 0 2
m2 0 2
1 5 5
2 5 5
3 5 5
t 101 53
m0 0 2
m1 0 2
m2 0 2
1 4 5
2 4 5
3 4 5
t 100 53
m0 0 2
m1 1 2
m2 1 2
1 5 5
2 5 5
3 5 5
t 99 53
m0 1 2
m1 1 1
m2 1 1
1 5 6
2 5 6
3 5 6
t 98 53
m0 1 1
m1 0 1
m2 0 1
1 5 7
2 5 7
3 5 7
t 97 53
m0 0 1
m1 0 2
m2 0 2
1 5 6
2 5 6
3 5 6
t 96 53
m0 0 2
m1 0 2
m2 0 2
1 5 5
2 5 5
3 5 5
t 95 53
m0 0 2
m1 0 1
m2 0 1
1 4 5
2 4 5
3 4 5
t 94 53
m0 0 1
m1 0 2
m2 0 2
1 3 5
2 3 5
3 3 5
t 93 53
m0 0 2
m1 0 2
m2 0 2
1 3 6
2 3 6
3 3 6
t 92 53
m0 0 2
m1 1 2
m2 1 2
1 2 6
2 2 6
3 2 6
t 91 53
m0 1 2
m1 0 2
m2 0 2
1 2 7
2 2 7
3 2 7
t 90 53
m0 0 2
m1 0 2
m2 0 2
1 3 7
2 3 7
3 3 7
t 89 53
m0 0 2
m1 1 2
m2 1 2
1 3 8
2 3 8
3 3 8
t 88 53
m0 1 2
m1 1 1
m2 1 1
1 4 8
2 4 8
3 4 8
t 87 53
m0 1 1
m1 1 1
m2 1 1
1 5 8
2 5 8
3 5 8
t 86 53
m0 1 1
m1 2 1
m2 2 1
1 5 7
2 5 7
3 5 7
t 85 53
m0 2 1
m1 1 1
m2 1 1
1 4 7
2 4 7
3 4 7
t 84 53
m0 1 1
m1 0 1
m2 0 1
1 4 8
2 4 8
3 4 8
t 83 53
m0 0 1
m1 0 2
m2 0 2
1 4 9
2 4 9
3 4 9
t 82 53
m0 0 2
m1 0 1
m2 0 1
1 4 8
2 4 8
3 4 8
t 81 53
m0 0 1
m1 1 1
m2 1 1
1 3 8
2 3 8
3 3 8
t 80 53
m0 1 1
m1 1 1
m2 1 1
1 3 7
2 3 7
3 3 7
t 79 53
m0 1 1
m1 1 1
m2 1 1
1 4 7
2 4 7
3 4 7
t 78 53
m0 1 1
m1 1 2
m2 1 2
1 3 7
2 3 7
3 3 7
t 77 53
m0 1 2
m1 1 1
m2 1 1
1 4 7
2 4 7
3 4 7
t 76 53
m0 1 1
m1 0 1
m2 0 1
1 4 8
2 4 8
3 4 8
t 75 53
m0 0 1
m1 0 2
m2 0 2
1 5 8
2 5 8
3 5 8
t 74 53
m0 0 2
m1 1 2
m2 1 2
1 5 7
2 5 7
3 5 7
t 73 53
m0 1 2
m1 0 2
m2 0 2
1 5 8
2 5 8
3 5 8
t 72 53
m0 0 2
m1 0 1
m2 0 1
1 4 8
2 4 8
3 4 8
t 71 53
m0 0 1
m1 1 1
m2 1 1
1 4 9
2 4 9
3 4 9
t 70 53
m0 1 1
m1 0 1
m2 0 1
1 4 10
2 4 10
3 4 10
t 69 53
m0 0 1
m1 0 2
m2 0 2
1 4 11
2 4 11
3 4 11
t 68 53
m0 0 2
m1 0 1
m2 0 1
1 5 11
2 5 11
3 5 11
t 67 53
m0 0 1
m1 1 1
m2 1 1
1 5 10
2 5 10
3 5 10
t 66 53
m0 1 1
m1 1 1
m2 1 1
1 4 10
2 4 10
3 4 10
t 65 53
m0 1 1
m1 0 1
m2 0 1
1 4 9
2 4 9
3 4 9
t 64 53
m0 0 1
m1 1 1
m2 1 1
1 4 10
2 4 10
3 4 10
t 63 53
m0 1 1
m1 1 0
m2 1 0
1 4 11
2 4 11
3 4 11
t 62 53
m0 1 0
m1 2 0
m2 2 0
1 5 11
2 5 11
3 5 11
t 61 53
m0 2 0
m1 2 1
m2 2 1
1 5 12
2 5 12
3 5 12
t 60 53
m0 2 1
m1 2 1
m2 2 1
1 6 12
2 6 12
3 6 12
t 59 53
m0 2 1
m1 1 1
m2 1 1
1 7 12
2 7 12
3 7 12
t 58 53
m0 1 1
m1 0 1
m2 0 1
1 7 11
2 7 11
3 7 11
t 57 53
m0 0 1
m1 0 1
m2 0 1
1 6 11
2 6 11
3 6 11
t 56 53
m0 0 1
m1 1 1
m2 1 1
1 5 11
2 5 11
3 5 11
t 55 53
m0 1 1
m1 1 0
m2 1 0
1 5 10
2 5 10
3 5 10
t 54 53
m0 1 0
m1 1 1
m2 1 1
1 6 10
2 6 10
3 6 10
t 53 53
m0 1 1
m1 0 1
m2 0 1
1 5 10
2 5 10
3 5 10
t 52 53
m0 0 1
m1 0 2
m2 0 2
1 6 10
2 6 10
3 6 10
t 51 53
m0 0 2
m1 1 2
m2 1 2
1 5 10
2 5 10
3 5 10
t 50 53
m0 1 2
m1 1 2
m2 1 2
1 6 10
2 6 10
3 6 10
t 49 53
m0 1 2
m1 0 2
m2 0 2
1 5 10
2 5 10
3 5 10
t 48 53
m0 0 2
m1 0 1
m2 0 1
1 4 10
2 4 10
3 4 10
t 47 53
m0 0 1
m1 1 1
m2 1 1
1 4 11
2 4 11
3 4 11
t 46 53
m0 1 1
m1 1 1
m2 1 1
1 5 11
2 5 11
3 5 11
t 45 53
m0 1 1
m1 0 1
m2 0 1
1 5 10
2 5 10
3 5 10
t 44 53
m0 0 1
m1 0 2
m2 0 2
1 6 10
2 6 10
3 6 10
t 43 53
m0 0 2
m1 0 2
m2 0 2
1 5 10
2 5 10
3 5 10
t 42 53
m0 0 2
m1 0 1
m2 0 1
1 6 10
2 6 10
3 6 10
t 41 53
m0 0 1
m1 1 1
m2 1 1
1 5 10
2 5 10
3 5 10
t 40 53
m0 1 1
m1 1 1
m2 1 1
1 5 11
2 5 11
3 5 11
t 39 53
m0 1 1
m1 1 1
m2 1 1
1 4 11
2 4 11
3 4 11
t 38 53
m0 1 1
m1 0 1
m2 0 1
1 4 10
2 4 10
3 4 10
t 37 53
m0 0 1
m1 1 1
m2 1 1
1 4 11
2 4 11
3 4 11
t 36 53
m0 1 1
m1 1 2
m2 1 2
1 4 10
2 4 10
3 4 10
t 35 53
m0 1 2
m1 0 2
m2 0 2
1 4 9
2 4 9
3 4 9
t 34 53
m0 0 2
m1 0 1
m2 0 1
1 4 8
2 4 8
3 4 8
t 33 53
m0 0 1
m1 1 1
m2 1 1
1 4 7
2 4 7
3 4 7
t 32 53
m0 1 1
m1 2 1
m2 2 1
1 3 7
2 3 7
3 3 7
t 31 53
m0 2 1
m1 2 0
m2 2 0
1 3 6
2 3 6
3 3 6
t 30 53
m0 2 0
m1 1 0
m2 1 0
1 3 5
2 3 5
3 3 5
t 29 53
m0 1 0
m1 1 1
m2 1 1
1 3 6
2 3 6
3 3 6
t 28 53
m0 1 1
m1 1 0
m2 1 0
1 2 6
2 2 6
3 2 6
t 27 53
m0 1 0
m1 2 0
m2 2 0
1 2 7
2 2 7
3 2 7
t 26 53
m0 2 0
m1 2 1
m2 2 1
1 2 6
2 2 6
3 2 6
t 25 53
m0 2 1
m1 1 1
m2 1 1
1 2 5
2 2 5
3 2 5
t 24 53
m0 1 1
m1 1 1
m2 1 1
1 2 6
2 2 6
3 2 6
t 23 53
m0 1 1
m1 1 2
m2 1 2
1 2 5
2 2 5
3 2 5
t 22 53
m0 1 2
m1 0 2
m2 0 2
1 2 4
2 2 4
3 2 4
t 21 53
m0 0 2
m1 0 1
m2 0 1
1 2 3
2 2 3
3 2 3
t 20 53
m0 0 1
m1 1 1
m2 1 1
1 3 3
2 3 3
3 3 3
t 19 53
m0 1 1
m1 0 1
m2 0 1
1 2 3
2 2 3
3 2 3
t 18 53
m0 0 1
m1 0 2
m2 0 2
1 3 3
2 3 3
3 3 3
t 17 53
m0 0 2
m1 1 2
m2 1 2
1 3 2
2 3 2
3 3 2
t 16 53
m0 1 2
m1 0 2
m2 0 2
1 4 2
2 4 2
3 4 2
t 15 53
m0 0 2
m1 0 1
m2 0 1
1 4 3
2 4 3
3 4 3
t 14 53
m0 0 1
m1 1 1
m2 1 1
1 4 4
2 4 4
3 4 4
t 13 53
m0 1 1
m1 1 0
m2 1 0
1 4 3
2 4 3
3 4 3
t 12 53
m0 1 0
m1 1 1
m2 1 1
1 4 4
2 4 4
3 4 4
t 11 53
m0 1 1
m1 0 1
m2 0 1
1 4 5
2 4 5
3 4 5
t 10 53
m0 0 1
m1 0 2
m2 0 2
1 3 5
2 3 5
3 3 5
t 9 53
m0 0 2
m1 0 1
m2 0 1
1 3 6
2 3 6
3 3 6
t 8 53
m0 0 1
m1 1 1
m2 1 1
1 3 7
2 3 7
3 3 7
t 7 53
m0 1 1
m1 1 2
m2 1 2
1 3 8
2 3 8
3 3 8
t 6 53
m0 1 2
m1 1 2
m2 1 2
1 4 8
2 4 8
3 4 8
t 5 53
m0 1 2
m1 0 2
m2 0 2
1 5 8
2 5 8
3 5 8
t 4 53
m0 0 2
m1 1 2
m2 1 2
1 4 8
2 4 8
3 4 8
t 3 53
m0 1 2
m1 1 1
m2 1 1
1 4 9
2 4 9
3 4 9
t 2 53
m0 1 1
m1 1 0
m2 1 0
1 4 10
2 4 10
3 4 10
t 1 53
m0 1 0
m1 2 0
m2 2 0
1 4 10
2 4 10
3 4 10
t 0 53
