10
15
w 7 3
w 6 9
w 4 7
w 8 13
w 6 6
w 2 8
w 8 9
w 1 6
w 2 12
w 5 1
w 7 11
w 2 5
w 1 11
w 8 5
w 4 0
w 1 2
w 4 9
w 3 10
w 4 4
w 8 10
w 4 13
w 0 4
w 8 6
w 2 6
w 8 2
w 5 11
w 2 3
w 8 7
w 6 12
w 1 0
w 6 5
w 5 3
w 4 6
w 6 1
w 0 13
w 6 13
w 0 9
p 1 3
p 9 1
p 9 8
p 2 1
p 0 3
p 5 8
p 7 2
p 3 14
p 8 14
p 6 14
p 5 5
p 7 6
p 5 12
p 6 10
p 1 5
p 5 0
p 1 10
p 1 1
p 9 7
p 3 2
p 0 0
p 9 14
p 5 4
p 7 1
p 6 11
p 3 13
p 4 14
p 0 12
p 9 10
p 3 9
p 7 5
p 1 9
p 0 8
p 4 11
p 3 5
p 7 9
p 8 3
p 3 12
p 6 8
p 1 12
p 7 0
p 3 1
p 2 11
p 5 7
p 7 13
p 7 4
p 0 6
p 2 0
p 5 14
p 4 3
p 1 7
p 9 5
p 3 4
p 0 2
p 9 12
p 8 4
m0 0 14
m1 0 14
m2 0 14
1 9 0
2 9 0
3 9 0
t 300 0
m0 0 14
m1 0 14
m2 0 14
1 8 0
2 9 1
3 8 0
t 299 0
m0 1 14
m1 1 14
m2 0 14
1 9 0
2 9 2
3 7 0
t 298 0
m0 2 14
m1 1 13
m2 0 14
1 8 0
2 9 3
3 6 0
t 297 0
m0 1 14
m1 2 13
m2 0 14
1 9 0
2 8 3
3 5 0
t 296 0
m0 0 14
m1 1 13
m2 0 14
1 8 0
2 9 3
3 6 0
t 295 0
m0 0 14
m1 1 14
m2 0 14
1 9 0
2 9 4
3 5 0
t 294 0
m0 0 14
m1 1 14
m2 0 14
1 8 0
2 9 5
3 6 0
t 293 0
m0 1 14
m1 1 13
m2 0 14
1 9 0
2 9 6
3 5 0
t 292 0
m0 0 14
m1 2 13
m2 0 14
1 9 1
2 9 7
3 6 0
t 291 0
m0 0 14
m1 2 14
m2 0 14
1 9 0
2 9 8
3 5 0
t 290 0
m0 0 14
m1 2 13
m2 0 14
1 9 1
2 8 8
3 6 0
t 289 0
m0 1 14
m1 3 13
m2 0 14
1 9 0
2 9 8
3 5 0
t 288 1
m0 0 14
m1 2 13
m2 0 14
1 9 1
2 9 9
3 6 0
t 287 1
m0 1 14
m1 2 13
m2 0 14
1 9 0
2 9 10
3 5 0
t 286 1
m0 1 13
m1 2 13
m2 0 14
1 9 1
2 9 9
3 6 0
t 285 1
m0 2 13
m1 1 13
m2 0 14
1 9 0
2 9 10
3 5 0
t 284 1
m0 2 14
m1 1 12
m2 0 14
1 9 1
2 9 11
3 6 0
t 283 2
m0 2 13
m1 1 12
m2 0 14
1 9 0
2 9 12
3 5 0
t 282 2
m0 1 13
m1 0 12
m2 0 14
1 9 1
2 9 13
3 6 0
t 281 3
m0 1 14
m1 1 12
m2 0 14
1 9 0
2 9 14
3 5 0
t 280 3
m0 1 13
m1 1 13
m2 0 14
1 9 1
2 8 14
3 6 0
t 279 3
m0 1 14
m1 1 12
m2 0 14
1 9 0
2 9 14
3 5 0
t 278 3
m0 0 14
m1 0 12
m2 0 14
1 9 1
2 9 13
3 6 0
t 277 3
m0 0 14
m1 0 12
m2 0 14
1 9 0
2 9 12
3 5 0
t 276 3
m0 0 14
m1 0 12
m2 0 14
1 9 1
2 9 11
3 6 0
t 275 3
m0 0 14
m1 0 11
m2 0 14
1 9 0
2 8 11
3 5 0
t 274 3
m0 1 14
m1 0 10
m2 0 14
1 9 1
2 9 11
3 6 0
t 273 3
m0 0 14
m1 0 10
m2 0 14
1 9 0
2 9 12
3 5 0
t 272 3
m0 0 14
m1 0 10
m2 0 14
1 9 1
2 8 12
3 6 0
t 271 3
m0 0 14
m1 1 10
m2 0 14
1 9 0
2 7 12
3 5 0
t 270 4
m0 0 14
m1 2 10
m2 0 14
1 9 1
2 7 13
3 6 0
t 269 4
m0 0 14
m1 2 9
m2 0 14
1 9 0
2 7 14
3 5 0
t 268 4
m0 0 14
m1 1 9
m2 0 14
1 9 1
2 6 14
3 6 0
t 267 5
m0 1 14
m1 1 8
m2 0 14
1 9 0
2 5 14
3 5 0
t 266 5
m0 0 14
m1 0 8
m2 0 14
1 9 1
2 6 14
3 6 0
t 265 6
m0 0 14
m1 0 7
m2 0 14
1 9 0
2 5 14
3 5 0
t 264 6
m0 1 14
m1 0 8
m2 0 14
1 9 1
2 6 14
3 6 0
t 263 6
m0 1 13
m1 0 7
m2 0 14
1 9 0
2 7 14
3 5 0
t 262 6
m0 1 13
m1 0 6
m2 0 14
1 9 1
2 6 14
3 6 0
t 261 7
m0 1 12
m1 0 6
m2 0 14
1 9 0
2 5 14
3 5 0
t 260 7
m0 1 12
m1 0 7
m2 0 14
1 9 1
2 5 13
3 6 0
t 259 7
m0 1 12
m1 0 7
m2 0 14
1 9 0
2 5 14
3 5 0
t 258 7
m0 1 13
m1 0 7
m2 0 14
1 9 1
2 4 14
3 6 0
t 257 7
m0 1 13
m1 0 7
m2 0 14
1 9 0
2 3 14
3 5 0
t 256 7
m0 1 12
m1 0 6
m2 0 14
1 9 1
2 3 13
3 6 0
f 0 10
t 255 7
m0 1 12
m1 0 5
m2 0 14
1 9 0
2 3 12
3 5 0
t 254 7
m0 1 13
m1 1 5
m2 0 14
1 9 1
2 3 13
3 6 0
t 253 8
m0 1 13
m1 0 5
m2 0 14
1 9 0
2 2 13
3 5 0
t 252 8
m0 1 12
m1 0 5
m2 0 14
1 9 1
2 2 14
3 6 0
t 251 8
m0 1 12
m1 1 5
m2 0 14
1 9 0
2 1 14
3 5 0
t 250 8
m0 1 12
m1 1 5
m2 -5 -5
1 9 1
2 0 14
3 6 0
t 249 8
m0 1 12
m1 0 5
m2 -5 -5
1 9 0
2 1 14
3 5 0
t 248 8
m0 1 12
m1 1 5
m2 -5 -5
1 9 1
2 1 13
3 6 0
t 247 8
m0 0 12
m1 0 5
m2 -5 -5
1 9 0
2 2 13
3 5 0
t 246 8
m0 1 12
m1 0 5
m2 -5 -5
1 9 1
2 1 13
3 6 0
t 245 8
m0 0 12
m1 0 5
m2 -5 -5
1 9 0
2 1 12
3 5 0
t 244 8
m0 0 11
m1 1 5
m2 -5 -5
1 9 1
2 0 12
3 6 0
t 243 8
m0 0 11
m1 1 4
m2 -5 -5
1 9 0
2 1 12
3 5 0
t 242 8
m0 0 10
m1 1 3
m2 -5 -5
1 9 1
2 1 13
3 6 0
t 241 19
m0 1 10
m1 0 3
m2 -5 -5
1 9 0
2 1 12
3 5 0
f 7 10
t 240 20
m0 1 9
m1 0 3
m2 -5 -5
1 9 1
2 0 12
3 6 0
t 239 20
m0 1 8
m1 1 3
m2 -5 -5
1 9 0
2 0 11
3 5 0
t 238 20
m0 1 7
m1 0 3
m2 -5 -5
1 9 1
2 0 10
3 6 0
t 237 21
m0 1 8
m1 0 2
m2 -5 -5
1 9 0
2 1 10
3 5 0
t 236 22
m0 0 8
m1 0 2
m2 -5 -5
1 9 1
2 0 10
3 6 0
t 235 22
m0 0 7
m1 0 2
m2 -5 -5
1 9 0
2 0 11
3 5 0
t 234 22
m0 0 6
m1 0 2
m2 -5 -5
1 9 1
2 0 12
3 6 0
t 233 22
m0 0 5
m1 0 1
m2 -5 -5
1 9 2
2 1 12
3 5 0
t 232 22
m0 1 5
m1 0 2
m2 -5 -5
1 9 3
2 0 12
3 6 0
t 231 22
m0 1 4
m1 0 2
m2 -5 -5
1 9 4
2 1 12
3 5 0
t 230 22
m0 1 3
m1 0 2
m2 -5 -5
1 9 5
2 1 13
3 6 0
t 229 22
m0 1 3
m1 0 1
m2 -5 -5
1 9 6
2 1 12
3 5 0
t 228 22
m0 1 3
m1 0 2
m2 -5 -5
1 9 7
2 1 13
3 6 0
t 227 22
m0 1 3
m1 0 3
m2 -5 -5
1 9 8
2 1 14
3 5 0
t 226 22
m0 0 3
m1 0 2
m2 -5 -5
1 9 9
2 2 14
3 6 0
t 225 22
m0 1 3
m1 0 3
m2 -5 -5
1 9 10
2 1 14
3 5 0
t 224 22
m0 0 3
m1 0 3
m2 -5 -5
1 9 9
2 0 14
3 6 0
t 223 22
m0 0 3
m1 1 3
m2 -5 -5
1 9 10
2 1 14
3 5 0
t 222 22
m0 0 3
m1 0 3
m2 -5 -5
1 9 9
2 1 13
3 6 0
t 221 22
m0 0 2
m1 1 3
m2 -5 -5
1 9 10
2 2 13
3 5 0
t 220 22
m0 0 3
m1 0 3
m2 -5 -5
1 9 9
2 2 14
3 6 0
t 219 22
m0 1 3
m1 0 3
m2 -5 -5
1 9 10
2 3 14
3 5 0
t 218 22
m0 0 3
m1 0 3
m2 -5 -5
1 9 9
2 4 14
3 6 0
t 217 22
m0 0 3
m1 0 2
m2 -5 -5
1 9 8
2 5 14
3 5 0
t 216 22
m0 0 2
m1 0 1
m2 -5 -5
1 9 7
2 4 14
3 6 0
t 215 22
m0 0 1
m1 0 2
m2 -5 -5
1 9 8
2 3 14
3 5 0
t 214 22
m0 1 1
m1 0 1
m2 -5 -5
1 9 9
2 2 14
3 6 0
t 213 23
m0 0 1
m1 1 1
m2 -5 -5
1 9 10
2 2 13
3 5 0
t 212 23
m0 0 2
m1 2 1
m2 -5 -5
1 9 9
2 1 13
3 6 0
t 211 24
m0 0 3
m1 2 1
m2 -5 -5
1 9 10
2 1 14
3 5 0
t 210 24
m0 0 3
m1 2 2
m2 -5 -5
1 9 9
2 1 13
3 6 0
t 209 24
m0 0 2
m1 2 2
m2 -5 -5
1 9 10
2 2 13
3 5 0
t 208 24
m0 0 3
m1 2 1
m2 -5 -5
1 9 9
2 3 13
3 6 0
t 207 24
m0 1 3
m1 1 1
m2 -5 -5
1 9 8
2 3 14
3 5 0
t 206 24
m0 1 4
m1 1 1
m2 -5 -5
1 9 9
2 2 14
3 6 0
t 205 24
m0 1 3
m1 1 1
m2 -5 -5
1 9 10
2 3 14
3 5 0
t 204 24
m0 0 3
m1 0 1
m2 -5 -5
1 9 9
2 3 13
3 6 0
t 203 24
m0 0 2
m1 0 1
m2 -5 -5
1 9 8
2 2 13
3 5 0
t 202 24
m0 0 1
m1 0 0
m2 -5 -5
1 9 9
2 2 14
3 6 0
t 201 25
m0 0 0
m1 0 1
m2 -5 -5
1 9 10
2 1 14
3 5 0
t 200 25
m0 0 1
m1 0 1
m2 -5 -5
1 9 9
2 0 14
3 6 0
t 199 25
m0 0 1
m1 0 1
m2 -5 -5
1 9 10
2 1 14
3 5 0
t 198 25
m0 1 1
m1 0 2
m2 -5 -5
1 9 9
2 2 14
3 6 0
t 197 25
m0 1 1
m1 0 2
m2 -5 -5
1 9 10
2 1 14
3 5 0
t 196 25
m0 1 1
m1 0 1
m2 -5 -5
1 9 9
2 2 14
3 6 0
t 195 25
m0 2 1
m1 0 1
m2 -5 -5
1 9 10
2 1 14
3 5 0
t 194 25
m0 1 1
m1 0 1
m2 -5 -5
1 9 9
2 0 14
3 6 0
t 193 25
m0 0 1
m1 0 2
m2 -5 -5
1 9 10
2 1 14
3 5 0
t 192 25
m0 0 1
m1 0 3
m2 -5 -5
1 9 9
2 0 14
3 6 0
t 191 25
m0 0 2
m1 0 3
m2 -5 -5
1 9 10
2 1 14
3 5 0
t 190 25
m0 0 3
m1 0 3
m2 -5 -5
1 9 9
2 0 14
3 6 0
t 189 25
m0 0 3
m1 0 2
m2 -5 -5
1 9 10
2 1 14
3 5 0
t 188 25
m0 0 3
m1 0 3
m2 -5 -5
1 9 9
2 0 14
3 6 0
t 187 25
m0 0 3
m1 0 3
m2 -5 -5
1 9 10
2 1 14
3 5 0
t 186 25
m0 0 3
m1 0 2
m2 -5 -5
1 9 9
2 0 14
3 6 0
t 185 25
m0 0 2
m1 0 2
m2 -5 -5
1 9 10
2 1 14
3 5 0
t 184 25
m0 0 3
m1 0 2
m2 -5 -5
1 9 9
2 0 14
3 6 0
t 183 25
m0 0 2
m1 0 3
m2 -5 -5
1 9 10
2 1 14
3 5 0
t 182 25
m0 0 1
m1 0 3
m2 -5 -5
1 9 9
2 2 14
3 6 0
t 181 25
m0 1 1
m1 0 3
m2 -5 -5
1 9 10
2 1 14
3 5 0
t 180 25
m0 1 1
m1 0 3
m2 -5 -5
1 9 9
2 2 14
3 6 0
t 179 25
m0 0 1
m1 0 2
m2 -5 -5
1 9 10
2 1 14
3 5 0
t 178 25
m0 0 2
m1 0 3
m2 -5 -5
1 9 9
2 2 14
3 6 0
t 177 25
m0 0 1
m1 0 2
m2 -5 -5
1 9 10
2 1 14
3 5 0
t 176 25
m0 0 0
m1 0 1
m2 -5 -5
1 9 9
2 1 13
3 6 0
t 175 25
m0 0 0
m1 0 0
m2 -5 -5
1 9 10
2 1 14
3 5 0
t 174 25
m0 0 0
m1 0 1
m2 -5 -5
1 9 9
2 0 14
3 6 0
t 173 25
m0 0 1
m1 0 2
m2 -5 -5
1 9 10
2 1 14
3 5 0
t 172 25
m0 0 1
m1 0 2
m2 -5 -5
1 9 9
2 1 13
3 6 0
t 171 25
m0 0 2
m1 0 2
m2 -5 -5
1 9 10
2 2 13
3 5 0
t 170 25
m0 0 3
m1 0 3
m2 -5 -5
1 9 9
2 1 13
3 6 0
t 169 25
m0 0 3
m1 0 3
m2 -5 -5
1 9 10
2 1 14
3 5 0
t 168 25
m0 0 2
m1 1 3
m2 -5 -5
1 9 9
2 0 14
3 6 0
t 167 25
m0 0 3
m1 0 3
m2 -5 -5
1 9 10
2 1 14
3 5 0
t 166 25
m0 0 2
m1 0 2
m2 -5 -5
1 9 9
2 0 14
3 6 0
t 165 25
m0 0 2
m1 0 3
m2 -5 -5
1 9 10
2 1 14
3 5 0
t 164 25
m0 0 3
m1 0 2
m2 -5 -5
1 9 9
2 0 14
3 6 0
t 163 25
m0 1 3
m1 0 3
m2 -5 -5
1 9 10
2 1 14
3 5 0
t 162 25
m0 0 3
m1 0 3
m2 -5 -5
1 9 9
2 0 14
3 6 0
t 161 25
m0 1 3
m1 0 3
m2 -5 -5
1 9 10
2 1 14
3 5 0
t 160 25
m0 1 4
m1 0 3
m2 -5 -5
1 9 9
2 0 14
3 6 0
t 159 25
m0 1 3
m1 0 2
m2 -5 -5
1 9 10
2 1 14
3 5 0
t 158 25
m0 0 3
m1 0 2
m2 -5 -5
1 9 9
2 0 14
3 6 0
t 157 25
m0 0 3
m1 0 1
m2 -5 -5
1 9 10
2 1 14
3 5 0
t 156 25
m0 0 2
m1 0 2
m2 -5 -5
1 9 9
2 2 14
3 6 0
t 155 25
m0 0 1
m1 0 2
m2 -5 -5
1 9 10
2 2 13
3 5 0
t 154 25
m0 1 1
m1 0 3
m2 -5 -5
1 9 9
2 2 14
3 6 0
t 153 25
m0 1 1
m1 1 3
m2 -5 -5
1 9 10
2 2 13
3 5 0
t 152 25
m0 0 1
m1 1 3
m2 -5 -5
1 9 9
2 2 14
3 6 0
t 151 25
m0 0 1
m1 0 3
m2 -5 -5
1 9 10
2 2 13
3 5 0
t 150 25
m0 0 1
m1 0 2
m2 -5 -5
1 9 9
2 2 14
3 6 0
t 149 25
m0 0 2
m1 0 3
m2 -5 -5
1 9 10
2 1 14
3 5 0
t 148 25
m0 0 1
m1 0 3
m2 -5 -5
1 9 9
2 0 14
3 6 0
t 147 25
m0 0 0
m1 0 3
m2 -5 -5
1 9 10
2 1 14
3 5 0
t 146 25
m0 0 0
m1 1 3
m2 -5 -5
1 9 9
2 0 14
3 6 0
t 145 25
m0 0 1
m1 0 3
m2 -5 -5
1 9 10
2 1 14
3 5 0
t 144 25
m0 0 0
m1 1 3
m2 -5 -5
1 9 9
2 1 13
3 6 0
t 143 25
m0 0 0
m1 1 4
m2 -5 -5
1 9 10
2 2 13
3 5 0
t 142 25
m0 0 0
m1 1 4
m2 -5 -5
1 9 9
2 1 13
3 6 0
t 141 25
m0 0 1
m1 1 4
m2 -5 -5
1 9 10
2 1 14
3 5 0
t 140 25
m0 0 0
m1 2 4
m2 -5 -5
1 9 9
2 2 14
3 6 0
t 139 25
m0 0 0
m1 1 4
m2 -5 -5
1 9 10
2 1 14
3 5 0
t 138 25
m0 0 1
m1 1 5
m2 -5 -5
1 9 9
2 0 14
3 6 0
t 137 25
m0 0 2
m1 1 4
m2 -5 -5
1 9 10
2 1 14
3 5 0
t 136 25
m0 0 1
m1 1 5
m2 -5 -5
1 9 9
2 0 14
3 6 0
t 135 25
m0 0 2
m1 1 5
m2 -5 -5
1 9 10
2 1 14
3 5 0
t 134 25
m0 0 2
m1 1 5
m2 -5 -5
1 9 9
2 0 14
3 6 0
t 133 25
m0 0 2
m1 0 5
m2 -5 -5
1 9 10
2 1 14
3 5 0
t 132 25
m0 0 3
m1 1 5
m2 -5 -5
1 9 9
2 1 13
3 6 0
t 131 25
m0 0 2
m1 0 5
m2 -5 -5
1 9 10
2 2 13
3 5 0
t 130 25
m0 0 1
m1 0 6
m2 -5 -5
1 9 9
2 2 14
3 6 0
t 129 25
m0 0 2
m1 0 6
m2 -5 -5
1 9 10
2 3 14
3 5 0
t 128 25
m0 0 3
m1 0 6
m2 -5 -5
1 9 9
2 4 14
3 6 0
t 127 25
m0 0 2
m1 0 7
m2 -5 -5
1 9 8
2 5 14
3 5 0
t 126 25
m0 0 3
m1 0 7
m2 -5 -5
1 9 7
2 6 14
3 6 0
t 125 25
m0 0 3
m1 0 6
m2 -5 -5
1 9 8
2 7 14
3 5 0
t 124 25
m0 0 2
m1 0 7
m2 -5 -5
1 9 7
2 6 14
3 6 0
t 123 25
m0 0 3
m1 0 8
m2 -5 -5
1 9 6
2 5 14
3 5 0
t 122 25
m0 0 3
m1 0 7
m2 -5 -5
1 9 5
2 4 14
3 6 0
t 121 25
m0 1 3
m1 0 8
m2 -5 -5
1 9 6
2 3 14
3 5 0
t 120 25
m0 1 4
m1 0 8
m2 -5 -5
1 9 7
2 2 14
3 6 0
t 119 25
m0 1 5
m1 0 7
m2 -5 -5
1 9 8
2 3 14
3 5 0
t 118 25
m0 1 4
m1 1 7
m2 -5 -5
1 9 9
2 2 14
3 6 0
t 117 25
m0 1 3
m1 1 7
m2 -5 -5
1 9 10
2 2 13
3 5 0
t 116 25
m0 0 3
m1 0 7
m2 -5 -5
1 9 9
2 1 13
3 6 0
t 115 25
m0 0 3
m1 0 6
m2 -5 -5
1 9 10
2 1 12
3 5 0
t 114 25
m0 0 2
m1 0 6
m2 -5 -5
1 9 9
2 0 12
3 6 0
t 113 25
m0 0 3
m1 0 7
m2 -5 -5
1 9 10
2 1 12
3 5 0
t 112 25
m0 0 3
m1 0 6
m2 -5 -5
1 9 9
2 1 13
3 6 0
t 111 25
m0 0 3
m1 0 5
m2 -5 -5
1 9 10
2 2 13
3 5 0
t 110 25
m0 0 3
m1 0 6
m2 -5 -5
1 9 9
2 2 14
3 6 0
t 109 25
m0 0 2
m1 0 5
m2 -5 -5
1 9 10
2 3 14
3 5 0
t 108 25
m0 0 1
m1 1 5
m2 -5 -5
1 9 9
2 2 14
3 6 0
t 107 25
m0 0 2
m1 1 4
m2 -5 -5
1 9 10
2 1 14
3 5 0
t 106 25
m0 0 1
m1 1 5
m2 -5 -5
1 9 9
2 2 14
3 6 0
t 105 25
m0 0 0
m1 1 5
m2 -5 -5
1 9 10
2 1 14
3 5 0
t 104 25
m0 0 1
m1 1 4
m2 -5 -5
1 9 9
2 0 14
3 6 0
t 103 25
m0 0 1
m1 2 4
m2 -5 -5
1 9 10
2 1 14
3 5 0
t 102 25
m0 0 1
m1 3 4
m2 -5 -5
1 9 9
2 0 14
3 6 0
t 101 26
m0 0 1
m1 2 4
m2 -5 -5
1 9 10
2 1 14
3 5 0
t 100 26
m0 0 2
m1 1 4
m2 -5 -5
1 9 9
2 0 14
3 6 0
t 99 26
m0 0 2
m1 2 4
m2 -5 -5
1 9 10
2 1 14
3 5 0
t 98 26
m0 0 3
m1 2 4
m2 -5 -5
1 9 9
2 0 14
3 6 0
t 97 26
m0 0 3
m1 3 4
m2 -5 -5
1 9 10
2 1 14
3 5 0
t 96 26
m0 1 3
m1 2 4
m2 -5 -5
1 9 9
2 2 14
3 6 0
t 95 26
m0 0 3
m1 1 4
m2 -5 -5
1 9 10
2 2 13
3 5 0
t 94 26
m0 0 3
m1 1 4
m2 -5 -5
1 9 9
2 2 14
3 6 0
t 93 26
m0 0 2
m1 1 3
m2 -5 -5
1 9 10
2 3 14
3 5 0
t 92 26
m0 0 1
m1 0 3
m2 -5 -5
1 9 9
2 4 14
3 6 0
t 91 26
m0 0 2
m1 1 3
m2 -5 -5
1 9 8
2 3 14
3 5 0
t 90 26
m0 0 1
m1 0 3
m2 -5 -5
1 9 9
2 2 14
3 6 0
t 89 26
m0 0 0
m1 0 2
m2 -5 -5
1 9 10
2 1 14
3 5 0
t 88 26
m0 0 1
m1 0 2
m2 -5 -5
1 9 9
2 2 14
3 6 0
t 87 26
m0 0 1
m1 0 3
m2 -5 -5
1 9 10
2 2 13
3 5 0
t 86 26
m0 0 2
m1 0 3
m2 -5 -5
1 9 9
2 1 13
3 6 0
t 85 26
m0 0 1
m1 1 3
m2 -5 -5
1 9 10
2 1 12
3 5 0
t 84 26
m0 0 1
m1 0 3
m2 -5 -5
1 9 9
2 1 13
3 6 0
t 83 26
m0 0 0
m1 0 2
m2 -5 -5
1 9 10
2 1 14
3 5 0
t 82 26
m0 0 0
m1 0 2
m2 -5 -5
1 9 9
2 1 13
3 6 0
t 81 26
m0 0 0
m1 0 3
m2 -5 -5
1 9 10
2 1 14
3 5 0
t 80 26
m0 0 1
m1 0 3
m2 -5 -5
1 9 9
2 1 13
3 6 0
t 79 26
m0 0 1
m1 1 3
m2 -5 -5
1 9 10
2 1 14
3 5 0
t 78 26
m0 0 1
m1 0 3
m2 -5 -5
1 9 9
2 2 14
3 6 0
t 77 26
m0 0 0
m1 0 2
m2 -5 -5
1 9 10
2 1 14
3 5 0
t 76 26
m0 0 0
m1 0 1
m2 -5 -5
1 9 9
2 0 14
3 6 0
t 75 26
m0 0 0
m1 0 0
m2 -5 -5
1 9 10
2 1 14
3 5 0
t 74 26
m0 0 1
m1 0 0
m2 -5 -5
1 9 9
2 0 14
3 6 0
t 73 26
m0 0 2
m1 0 1
m2 -5 -5
1 9 10
2 1 14
3 5 0
t 72 26
m0 0 1
m1 0 2
m2 -5 -5
1 9 9
2 0 14
3 6 0
t 71 26
m0 0 2
m1 0 1
m2 -5 -5
1 9 10
2 1 14
3 5 0
t 70 26
m0 0 2
m1 0 2
m2 -5 -5
1 9 9
2 0 14
3 6 0
t 69 26
m0 0 3
m1 0 2
m2 -5 -5
1 9 10
2 1 14
3 5 0
t 68 26
m0 1 3
m1 0 1
m2 -5 -5
1 9 9
2 0 14
3 6 0
t 67 26
m0 0 3
m1 0 2
m2 -5 -5
1 9 10
2 1 14
3 5 0
t 66 26
m0 0 3
m1 0 2
m2 -5 -5
1 9 9
2 0 14
3 6 0
t 65 26
m0 1 3
m1 0 1
m2 -5 -5
1 9 10
2 1 14
3 5 0
t 64 26
m0 1 3
m1 0 2
m2 -5 -5
1 9 9
2 2 14
3 6 0
t 63 26
m0 0 3
m1 0 2
m2 -5 -5
1 9 10
2 1 14
3 5 0
t 62 26
m0 0 2
m1 0 3
m2 -5 -5
1 9 9
2 0 14
3 6 0
t 61 26
m0 0 2
m1 0 2
m2 -5 -5
1 9 10
2 1 14
3 5 0
t 60 26
m0 0 2
m1 0 2
m2 -5 -5
1 9 9
2 0 14
3 6 0
t 59 26
m0 0 1
m1 0 1
m2 -5 -5
1 9 10
2 1 14
3 5 0
t 58 26
m0 0 1
m1 0 1
m2 -5 -5
1 9 9
2 0 14
3 6 0
t 57 26
m0 1 1
m1 0 0
m2 -5 -5
1 9 10
2 1 14
3 5 0
t 56 26
m0 1 1
m1 0 1
m2 -5 -5
1 9 9
2 0 14
3 6 0
t 55 26
m0 0 1
m1 0 2
m2 -5 -5
1 9 10
2 1 14
3 5 0
t 54 26
m0 0 2
m1 0 2
m2 -5 -5
1 9 9
2 2 14
3 6 0
t 53 26
m0 0 3
m1 0 3
m2 -5 -5
1 9 10
2 1 14
3 5 0
t 52 26
m0 0 2
m1 0 3
m2 -5 -5
1 9 9
2 2 14
3 6 0
t 51 26
m0 0 3
m1 0 3
m2 -5 -5
1 9 10
2 1 14
3 5 0
t 50 26
m0 0 3
m1 0 2
m2 -5 -5
1 9 9
2 1 13
3 6 0
t 49 26
m0 0 3
m1 0 1
m2 -5 -5
1 9 10
2 1 12
3 5 0
t 48 26
m0 0 3
m1 0 1
m2 -5 -5
1 9 9
2 0 12
3 6 0
t 47 26
m0 0 2
m1 0 1
m2 -5 -5
1 9 10
2 0 11
3 5 0
t 46 26
m0 0 3
m1 1 1
m2 -5 -5
1 9 9
2 0 12
3 6 0
t 45 26
m0 0 2
m1 1 1
m2 -5 -5
1 9 10
2 1 12
3 5 0
t 44 26
m0 0 1
m1 0 1
m2 -5 -5
1 9 9
2 1 13
3 6 0
t 43 26
m0 0 2
m1 0 1
m2 -5 -5
1 9 10
2 1 14
3 5 0
t 42 26
m0 0 1
m1 0 2
m2 -5 -5
1 9 9
2 2 14
3 6 0
t 41 26
m0 0 2
m1 0 2
m2 -5 -5
1 9 10
2 3 14
3 5 0
t 40 26
m0 0 2
m1 0 3
m2 -5 -5
1 9 9
2 2 14
3 6 0
t 39 26
m0 0 3
m1 0 3
m2 -5 -5
1 9 10
2 1 14
3 5 0
t 38 26
m0 1 3
m1 1 3
m2 -5 -5
1 9 9
2 0 14
3 6 0
t 37 26
m0 0 3
m1 0 3
m2 -5 -5
1 9 10
2 1 14
3 5 0
t 36 26
m0 0 3
m1 0 3
m2 -5 -5
1 9 9
2 0 14
3 6 0
t 35 26
m0 1 3
m1 0 2
m2 -5 -5
1 9 10
2 1 14
3 5 0
t 34 26
m0 1 4
m1 0 1
m2 -5 -5
1 9 9
2 1 13
3 6 0
t 33 26
m0 1 5
m1 0 0
m2 -5 -5
1 9 10
2 1 14
3 5 0
t 32 26
m0 0 5
m1 0 1
m2 -5 -5
1 9 9
2 1 13
3 6 0
t 31 26
m0 1 5
m1 0 1
m2 -5 -5
1 9 10
2 1 12
3 5 0
t 30 26
m0 1 4
m1 0 2
m2 -5 -5
1 9 9
2 0 12
3 6 0
t 29 26
m0 1 3
m1 0 2
m2 -5 -5
1 9 10
2 1 12
3 5 0
t 28 26
m0 0 3
m1 0 3
m2 -5 -5
1 9 9
2 1 13
3 6 0
t 27 26
m0 0 3
m1 0 2
m2 -5 -5
1 9 10
2 1 14
3 5 0
t 26 26
m0 1 3
m1 0 3
m2 -5 -5
1 9 9
2 0 14
3 6 0
t 25 26
m0 1 4
m1 1 3
m2 -5 -5
1 9 10
2 1 14
3 5 0
t 24 26
m0 1 4
m1 0 3
m2 -5 -5
1 9 9
2 0 14
3 6 0
t 23 26
m0 1 5
m1 0 2
m2 -5 -5
1 9 10
2 1 14
3 5 0
t 22 26
m0 1 5
m1 0 3
m2 -5 -5
1 9 9
2 2 14
3 6 0
t 21 26
m0 0 5
m1 0 2
m2 -5 -5
1 9 10
2 1 14
3 5 0
t 20 26
m0 0 5
m1 0 2
m2 -5 -5
1 9 9
2 1 13
3 6 0
t 19 26
m0 1 5
m1 0 1
m2 -5 -5
1 9 10
2 1 14
3 5 0
t 18 26
m0 0 5
m1 0 0
m2 -5 -5
1 9 9
2 0 14
3 6 0
t 17 26
m0 0 6
m1 0 1
m2 -5 -5
1 9 10
2 1 14
3 5 0
t 16 26
m0 0 6
m1 0 2
m2 -5 -5
1 9 9
2 1 13
3 6 0
t 15 26
m0 0 5
m1 0 3
m2 -5 -5
1 9 10
2 1 14
3 5 0
t 14 26
m0 0 5
m1 0 3
m2 -5 -5
1 9 9
2 2 14
3 6 0
t 13 26
m0 0 5
m1 1 3
m2 -5 -5
1 9 10
2 3 14
3 5 0
t 12 26
m0 0 6
m1 1 4
m2 -5 -5
1 9 9
2 2 14
3 6 0
t 11 26
m0 0 6
m1 1 4
m2 -5 -5
1 9 10
2 3 14
3 5 0
t 10 26
m0 0 5
m1 1 5
m2 -5 -5
1 9 9
2 2 14
3 6 0
t 9 26
m0 0 5
m1 0 5
m2 -5 -5
1 9 10
2 1 14
3 5 0
t 8 26
m0 0 5
m1 1 5
m2 -5 -5
1 9 9
2 1 13
3 6 0
t 7 26
m0 0 5
m1 1 4
m2 -5 -5
1 9 10
2 1 14
3 5 0
t 6 26
m0 0 6
m1 1 4
m2 -5 -5
1 9 9
2 0 14
3 6 0
t 5 26
m0 0 5
m1 2 4
m2 -5 -5
1 9 10
2 1 14
3 5 0
t 4 26
m0 0 5
m1 2 4
m2 -5 -5
1 9 9
2 2 14
3 6 0
t 3 26
m0 0 5
m1 1 4
m2 -5 -5
1 9 10
2 1 14
3 5 0
t 2 26
m0 0 5
m1 2 4
m2 -5 -5
1 9 9
2 0 14
3 6 0
t 1 26
m0 0 5
m1 1 4
m2 -5 -5
1 9 9
2 0 14
3 6 0
t 0 26
