10
15
w 8 13
w 9 1
w 6 2
w 3 7
w 2 5
w 0 3
w 4 0
w 4 9
w 2 9
w 8 1
w 7 6
w 6 10
w 4 13
w 5 0
w 0 4
w 7 10
w 4 10
w 6 4
w 8 2
w 6 0
w 0 12
w 8 7
w 6 5
w 2 7
w 6 8
w 4 6
w 9 2
w 7 13
w 3 1
w 5 14
w 0 6
w 8 8
w 4 3
w 0 9
w 9 5
w 9 12
w 8 4
p 5 9
p 6 9
p 1 3
p 7 3
p 5 6
p 3 0
p 2 8
p 8 0
p 0 2
p 3 11
p 5 13
p 0 7
p 8 9
p 7 7
p 1 6
p 2 12
p 1 11
p 5 8
p 1 2
p 9 0
p 5 12
p 1 14
p 8 10
p 0 11
p 9 11
p 2 2
p 1 1
p 9 7
p 0 0
p 2 6
p 9 14
p 3 13
p 6 11
p 4 5
p 9 3
p 4 14
p 1 4
p 2 10
p 3 9
p 2 3
p 5 3
p 0 1
p 9 13
p 8 3
p 5 10
p 3 12
p 1 12
p 5 7
p 2 11
p 0 13
p 3 8
p 2 0
p 1 8
p 6 13
p 1 7
p 2 4
m0 0 14
m1 0 14
m2 0 14
1 9 0
2 9 0
3 9 0
t 300 0
m0 1 14
m1 0 13
m2 0 14
1 8 0
2 8 0
3 8 0
t 299 2
m0 2 14
m1 0 14
m2 1 14
1 9 0
2 7 0
3 9 0
t 298 2
m0 3 14
m1 0 13
m2 1 14
1 8 0
2 7 1
3 8 0
t 297 2
m0 2 14
m1 0 14
m2 2 14
1 9 0
2 6 1
3 7 0
t 296 2
m0 1 14
m1 0 13
m2 1 14
1 8 0
2 5 1
3 7 1
t 295 2
m0 0 14
m1 0 14
m2 0 14
1 9 0
2 4 1
3 7 2
t 294 2
m0 1 14
m1 1 14
m2 0 13
1 8 0
2 5 1
3 7 3
t 293 2
m0 0 14
m1 0 14
m2 0 14
1 9 0
2 4 1
3 7 4
t 292 2
m0 0 14
m1 0 13
m2 0 14
1 8 0
2 5 1
3 7 5
t 291 2
m0 1 14
m1 0 14
m2 0 13
1 9 0
2 4 1
3 8 5
f 1 9
t 290 2
m0 2 14
m1 0 14
m2 0 14
1 8 0
2 4 2
3 7 5
t 289 2
m0 3 14
m1 0 14
m2 0 14
1 9 0
2 4 1
3 8 5
t 288 2
m0 3 13
m1 0 13
m2 1 14
1 8 0
2 4 2
3 7 5
t 287 3
m0 3 12
m1 0 14
m2 0 14
1 9 0
2 4 1
3 8 5
t 286 4
m0 3 11
m1 0 13
m2 0 14
1 8 0
2 4 2
3 7 5
t 285 5
m0 4 11
m1 0 14
m2 0 13
1 9 0
2 3 2
3 8 5
t 284 5
m0 4 11
m1 0 14
m2 0 14
1 8 0
2 2 2
3 7 5
t 283 5
m0 5 11
m1 0 14
m2 0 13
1 9 0
2 2 1
3 8 5
t 282 5
m0 4 11
m1 0 14
m2 1 13
1 8 0
2 1 1
3 7 5
t 281 5
m0 5 11
m1 0 14
m2 1 12
1 9 0
2 0 1
3 8 5
t 280 6
m0 5 11
m1 0 14
m2 1 11
1 8 0
2 0 0
3 7 5
t 279 7
m0 5 11
m1 0 14
m2 1 10
1 9 0
2 0 1
3 8 5
t 278 7
m0 6 11
m1 0 14
m2 1 9
1 8 0
2 0 0
3 7 5
t 277 18
m0 7 11
m1 0 14
m2 1 9
1 9 0
2 0 1
3 8 5
t 276 18
m0 8 11
m1 0 14
m2 1 9
1 8 0
2 0 0
3 7 5
t 275 18
m0 9 11
m1 0 14
m2 1 9
1 9 0
2 0 1
3 7 4
t 274 19
m0 9 10
m1 0 14
m2 1 9
1 8 0
2 0 0
3 7 3
t 273 19
m0 9 11
m1 0 14
m2 1 8
1 9 0
2 0 1
3 6 3
t 272 20
m0 9 10
m1 1 14
m2 2 8
1 8 0
2 0 0
3 5 3
t 271 21
m0 9 11
m1 0 14
m2 1 8
1 9 0
2 1 0
3 6 3
t 270 21
m0 9 10
m1 0 14
m2 1 7
1 8 0
2 0 0
3 5 3
t 269 22
m0 9 10
m1 0 14
m2 1 8
1 7 0
2 0 1
3 6 3
t 268 22
m0 8 10
m1 0 14
m2 2 8
1 8 0
2 0 0
3 5 3
t 267 23
m0 8 11
m1 1 14
m2 2 8
1 9 0
2 1 0
3 6 3
t 266 23
m0 8 10
m1 0 14
m2 2 8
1 8 0
2 0 0
3 5 3
t 265 23
m0 9 10
m1 0 14
m2 2 8
1 7 0
2 0 1
3 6 3
t 264 23
m0 9 10
m1 0 13
m2 3 8
1 8 0
2 0 0
3 7 3
t 263 24
m0 9 9
m1 0 14
m2 2 8
1 9 0
2 0 1
3 6 3
t 262 24
m0 9 10
m1 0 14
m2 2 8
1 8 0
2 0 0
3 5 3
t 261 24
m0 9 10
m1 1 14
m2 1 8
1 7 0
2 0 1
3 6 3
t 260 24
m0 9 11
m1 1 14
m2 1 7
1 8 0
2 0 0
3 7 3
t 259 24
m0 9 11
m1 0 14
m2 1 6
1 9 0
2 0 1
3 7 2
t 258 25
m0 9 11
m1 0 14
m2 1 7
1 8 0
2 0 0
3 7 3
t 257 25
m0 9 11
m1 1 14
m2 1 8
1 9 0
2 0 1
3 6 3
t 256 25
m0 9 10
m1 0 14
m2 2 8
1 8 0
2 0 0
3 5 3
t 255 25
m0 9 9
m1 0 14
m2 2 8
1 7 0
2 0 1
3 6 3
t 254 25
m0 9 10
m1 0 13
m2 2 8
1 8 0
2 0 0
3 5 3
t 253 25
m0 9 10
m1 0 13
m2 3 8
1 7 0
2 0 1
3 6 3
t 252 25
m0 9 10
m1 0 14
m2 2 8
1 8 0
2 0 0
3 5 3
t 251 25
m0 9 11
m1 1 14
m2 2 8
1 9 0
2 1 0
3 6 3
t 250 25
m0 9 11
m1 0 14
m2 3 8
1 8 0
2 0 0
3 7 3
t 249 25
m0 8 11
m1 0 14
m2 2 8
1 9 0
2 0 1
3 6 3
t 248 25
m0 9 11
m1 0 14
m2 2 8
1 8 0
2 0 0
3 7 3
t 247 25
m0 9 10
m1 0 14
m2 2 8
1 9 0
2 0 1
3 6 3
t 246 25
m0 8 10
m1 0 14
m2 2 8
1 8 0
2 0 0
3 5 3
t 245 25
m0 8 11
m1 0 14
m2 1 8
1 9 0
2 1 0
3 6 3
t 244 25
m0 8 10
m1 0 13
m2 1 7
1 8 0
2 0 0
3 5 3
t 243 25
m0 9 10
m1 0 14
m2 1 8
1 7 0
2 0 1
3 6 3
t 242 25
m0 9 9
m1 0 14
m2 1 8
1 8 0
2 0 0
3 5 3
f 6 7
t 241 25
m0 9 10
m1 0 14
m2 1 7
1 7 0
2 0 1
3 6 3
t 240 25
m0 9 9
m1 0 14
m2 1 6
1 8 0
2 0 0
3 5 3
t 239 25
m0 9 8
m1 1 14
m2 2 6
1 7 0
2 0 1
3 6 3
t 238 26
m0 9 9
m1 0 14
m2 1 6
1 8 0
2 0 0
3 5 3
t 237 26
m0 9 9
m1 0 14
m2 1 5
1 7 0
2 0 1
3 6 3
t 236 26
m0 9 10
m1 0 13
m2 0 5
1 8 0
2 0 0
3 7 3
t 235 26
m0 9 11
m1 0 14
m2 1 5
1 9 0
2 0 1
3 8 3
t 234 26
m0 9 11
m1 0 14
m2 1 4
1 8 0
2 0 0
3 9 3
t 233 27
m0 9 10
m1 0 14
m2 1 3
1 7 0
2 0 1
3 9 4
t 232 28
m0 8 10
m1 0 13
m2 1 3
1 8 0
2 0 0
3 9 3
t 231 28
m0 8 9
m1 0 14
m2 2 3
1 7 0
2 0 1
3 9 4
t 230 30
m0 9 9
m1 1 14
m2 2 2
1 8 0
2 0 0
3 9 3
t 229 31
m0 9 9
m1 1 13
m2 2 2
1 7 0
2 0 1
3 8 3
t 228 31
m0 9 9
m1 1 13
m2 1 2
1 8 0
2 0 0
3 7 3
t 227 32
m0 9 10
m1 0 13
m2 2 2
1 9 0
2 0 1
3 7 4
t 226 32
m0 9 9
m1 0 14
m2 2 1
1 8 0
2 0 2
3 7 5
t 225 32
m0 9 9
m1 0 14
m2 2 2
1 9 0
2 0 1
3 7 4
t 224 32
m0 9 10
m1 1 14
m2 1 2
1 8 0
2 0 0
3 7 5
t 223 32
m0 9 10
m1 0 14
m2 1 3
1 9 0
2 0 1
3 7 4
t 222 32
m0 9 9
m1 0 14
m2 1 3
1 8 0
2 0 0
3 7 5
t 221 32
m0 8 9
m1 0 14
m2 2 3
1 9 0
2 0 1
3 7 4
t 220 32
m0 9 9
m1 0 14
m2 2 3
1 8 0
2 0 0
3 7 5
t 219 32
m0 9 9
m1 0 13
m2 2 4
1 9 0
2 0 1
3 8 5
t 218 33
m0 8 9
m1 1 13
m2 2 3
1 8 0
2 0 0
3 7 5
t 217 33
m0 8 10
m1 1 14
m2 1 3
1 9 0
2 0 1
3 7 4
t 216 33
m0 8 10
m1 0 14
m2 1 2
1 8 0
2 0 0
3 7 5
t 215 33
m0 8 11
m1 0 13
m2 2 2
1 9 0
2 0 1
3 7 4
t 214 33
m0 8 12
m1 0 14
m2 2 2
1 8 0
2 0 0
3 7 5
t 213 33
m0 7 12
m1 1 14
m2 1 2
1 9 0
2 0 1
3 8 5
t 212 33
m0 7 12
m1 0 14
m2 0 2
1 8 0
2 1 1
3 7 5
t 211 34
m0 8 12
m1 1 14
m2 0 2
1 9 0
2 2 1
3 7 4
t 210 34
m0 8 11
m1 0 14
m2 0 1
1 8 0
2 2 2
3 7 3
t 209 35
m0 8 10
m1 0 14
m2 0 0
1 9 0
2 3 2
3 7 2
t 208 36
m0 9 10
m1 0 13
m2 0 1
1 8 0
2 3 3
3 7 3
t 207 36
m0 9 10
m1 0 13
m2 0 1
1 9 0
2 3 4
3 8 3
t 206 36
m0 9 9
m1 0 14
m2 0 0
1 8 0
2 3 5
3 7 3
t 205 36
m0 9 8
m1 0 13
m2 1 0
1 9 0
2 3 6
3 6 3
t 204 36
m0 9 7
m1 0 14
m2 1 0
1 8 0
2 2 6
3 5 3
t 203 37
m0 9 6
m1 1 14
m2 1 0
1 9 0
2 1 6
3 6 3
t 202 37
m0 9 7
m1 2 14
m2 0 0
1 8 0
2 1 7
3 5 3
t 201 37
m0 9 7
m1 2 14
m2 0 1
1 9 0
2 1 8
3 5 4
t 200 37
m0 9 7
m1 3 14
m2 1 1
1 8 0
2 0 8
3 4 4
t 199 38
m0 9 8
m1 3 14
m2 0 1
1 9 0
2 1 8
3 5 4
t 198 38
m0 9 8
m1 3 13
m2 0 1
1 8 0
2 0 8
3 4 4
t 197 38
m0 9 8
m1 2 13
m2 0 0
1 9 0
2 0 7
3 5 4
t 196 38
m0 9 9
m1 1 13
m2 1 0
1 8 0
2 0 8
3 5 5
t 195 38
m0 8 9
m1 1 14
m2 0 0
1 9 0
2 0 7
3 5 4
t 194 38
m0 8 10
m1 0 14
m2 0 0
1 8 0
2 1 7
3 5 3
t 193 38
m0 8 11
m1 1 14
m2 0 0
1 9 0
2 0 7
3 5 4
t 192 38
m0 8 10
m1 0 14
m2 0 1
1 8 0
2 1 7
3 5 5
t 191 38
m0 8 11
m1 0 14
m2 0 2
1 9 0
2 1 8
3 5 4
t 190 38
m0 8 11
m1 0 14
m2 0 2
1 8 0
2 2 8
3 5 5
t 189 38
m0 8 10
m1 0 14
m2 0 2
1 9 0
2 1 8
3 5 4
t 188 38
m0 8 11
m1 0 13
m2 0 2
1 8 0
2 2 8
3 5 5
t 187 38
m0 8 10
m1 0 14
m2 0 2
1 9 0
2 1 8
3 5 4
t 186 38
m0 9 10
m1 1 14
m2 0 2
1 8 0
2 2 8
3 5 5
t 185 38
m0 9 10
m1 0 14
m2 1 2
1 9 0
2 3 8
3 5 6
t 184 38
m0 8 10
m1 0 13
m2 1 1
1 8 0
2 2 8
3 5 5
t 183 38
m0 8 9
m1 0 14
m2 1 0
1 9 0
2 1 8
3 5 4
t 182 38
m0 8 9
m1 0 13
m2 1 0
1 8 0
2 2 8
3 5 3
t 181 38
m0 9 9
m1 1 13
m2 1 0
1 9 0
2 3 8
3 6 3
t 180 38
m0 9 9
m1 1 14
m2 2 0
1 8 0
2 2 8
3 7 3
t 179 39
m0 9 9
m1 0 14
m2 2 1
1 9 0
2 1 8
3 7 4
t 178 39
m0 9 10
m1 0 14
m2 2 0
1 8 0
2 2 8
3 7 5
t 177 39
m0 9 11
m1 0 13
m2 1 0
1 9 0
2 3 8
3 7 4
t 176 39
m0 9 10
m1 0 14
m2 2 0
1 8 0
2 2 8
3 7 5
t 175 39
m0 9 11
m1 0 13
m2 3 0
1 9 0
2 3 8
3 7 4
t 174 40
m0 9 10
m1 1 13
m2 2 0
1 8 0
2 4 8
3 7 5
t 173 40
m0 8 10
m1 0 13
m2 2 0
1 9 0
2 3 8
3 7 4
t 172 40
m0 8 11
m1 0 13
m2 1 0
1 8 0
2 2 8
3 7 3
t 171 40
m0 8 10
m1 0 14
m2 0 0
1 9 0
2 1 8
3 6 3
t 170 40
m0 8 11
m1 0 14
m2 1 0
1 8 0
2 2 8
3 7 3
t 169 40
m0 8 12
m1 1 14
m2 0 0
1 9 0
2 3 8
3 6 3
t 168 40
m0 8 11
m1 0 14
m2 0 0
1 8 0
2 2 8
3 5 3
t 167 40
m0 8 10
m1 1 14
m2 1 0
1 9 0
2 3 8
3 6 3
t 166 40
m0 9 10
m1 0 14
m2 0 0
1 8 0
2 2 8
3 5 3
t 165 40
m0 9 10
m1 0 14
m2 0 0
1 9 0
2 3 8
3 6 3
t 164 40
m0 9 10
m1 0 14
m2 0 0
1 8 0
2 2 8
3 5 3
t 163 40
m0 9 9
m1 0 14
m2 0 0
1 9 0
2 1 8
3 5 4
t 162 40
m0 8 9
m1 0 14
m2 0 0
1 8 0
2 1 7
3 5 3
t 161 40
m0 9 9
m1 0 13
m2 0 0
1 9 0
2 1 6
3 6 3
t 160 40
m0 9 9
m1 0 14
m2 0 0
1 8 0
2 1 7
3 5 3
t 159 40
m0 8 9
m1 0 13
m2 1 0
1 9 0
2 0 7
3 5 4
t 158 40
m0 8 9
m1 0 14
m2 0 0
1 8 0
2 1 7
3 5 3
t 157 40
m0 7 9
m1 0 13
m2 1 0
1 9 0
2 0 7
3 5 4
t 156 40
m0 8 9
m1 0 13
m2 0 0
1 8 0
2 1 7
3 5 3
t 155 40
m0 8 10
m1 0 13
m2 1 0
1 9 0
2 0 7
3 5 4
t 154 40
m0 8 10
m1 0 14
m2 0 0
1 8 0
2 1 7
3 5 3
t 153 40
m0 8 10
m1 1 14
m2 0 0
1 9 0
2 0 7
3 5 4
t 152 40
m0 8 10
m1 0 14
m2 0 0
1 8 0
2 1 7
3 5 3
t 151 40
m0 8 11
m1 0 14
m2 0 0
1 9 0
2 0 7
3 5 4
t 150 40
m0 8 12
m1 0 13
m2 1 0
1 8 0
2 1 7
3 5 5
t 149 40
m0 8 11
m1 0 14
m2 1 0
1 9 0
2 0 7
3 5 4
t 148 40
m0 9 11
m1 0 14
m2 0 0
1 8 0
2 1 7
3 5 5
t 147 40
m0 9 10
m1 1 14
m2 0 0
1 9 0
2 0 7
3 5 4
t 146 40
m0 8 10
m1 1 14
m2 1 0
1 8 0
2 0 8
3 5 5
t 145 40
m0 8 9
m1 2 14
m2 0 0
1 9 0
2 1 8
3 5 4
t 144 40
m0 9 9
m1 2 13
m2 0 0
1 8 0
2 0 8
3 4 4
t 143 40
m0 9 8
m1 2 14
m2 0 0
1 9 0
2 1 8
3 5 4
t 142 40
m0 9 9
m1 2 14
m2 1 0
1 8 0
2 0 8
3 5 5
t 141 40
m0 9 10
m1 1 14
m2 0 0
1 9 0
2 0 7
3 5 4
t 140 40
m0 9 10
m1 2 14
m2 0 0
1 8 0
2 0 8
3 5 5
t 139 40
m0 9 10
m1 2 14
m2 0 0
1 9 0
2 1 8
3 5 4
t 138 40
m0 9 9
m1 1 14
m2 1 0
1 8 0
2 0 8
3 5 5
t 137 40
m0 8 9
m1 0 14
m2 0 0
1 9 0
2 1 8
3 5 4
t 136 40
m0 8 9
m1 1 14
m2 0 0
1 8 0
2 0 8
3 4 4
t 135 40
m0 9 9
m1 0 14
m2 1 0
1 9 0
2 1 8
3 5 4
t 134 40
m0 8 9
m1 0 14
m2 1 0
1 8 0
2 2 8
3 5 3
t 133 40
m0 7 9
m1 0 14
m2 0 0
1 9 0
2 1 8
3 5 4
t 132 40
m0 6 9
m1 1 14
m2 0 0
1 8 0
2 0 8
3 4 4
t 131 41
m0 6 9
m1 0 14
m2 1 0
1 9 0
2 0 7
3 5 4
t 130 41
m0 6 9
m1 0 14
m2 0 0
1 8 0
2 1 7
3 5 3
t 129 41
m0 7 9
m1 0 14
m2 1 0
1 9 0
2 0 7
3 5 4
t 128 41
m0 7 8
m1 0 13
m2 1 0
1 8 0
2 1 7
3 5 3
t 127 41
m0 7 8
m1 0 14
m2 1 0
1 9 0
2 0 7
3 5 4
t 126 41
m0 7 7
m1 1 14
m2 1 1
1 8 0
2 0 8
3 4 4
t 125 42
m0 6 7
m1 1 14
m2 0 1
1 9 0
2 1 8
3 3 4
t 124 52
m0 5 7
m1 0 14
m2 0 0
1 8 0
2 0 8
3 3 3
t 123 53
m0 5 6
m1 0 13
m2 1 0
1 9 0
2 1 8
3 3 2
t 122 54
m0 5 7
m1 0 14
m2 0 0
1 8 0
2 0 8
3 3 3
t 121 54
m0 5 7
m1 0 14
m2 0 0
1 9 0
2 1 8
3 3 2
t 120 54
m0 6 7
m1 1 14
m2 1 0
1 8 0
2 0 8
3 3 3
t 119 54
m0 5 7
m1 1 14
m2 0 0
1 9 0
2 1 8
3 3 2
t 118 54
m0 5 6
m1 0 14
m2 1 0
1 8 0
2 0 8
3 3 3
t 117 54
m0 5 7
m1 0 14
m2 0 0
1 9 0
2 1 8
3 3 2
t 116 54
m0 5 6
m1 0 14
m2 0 0
1 8 0
2 0 8
3 3 3
t 115 54
m0 5 7
m1 0 14
m2 0 0
1 9 0
2 1 8
3 3 2
t 114 54
m0 4 7
m1 1 14
m2 0 0
1 8 0
2 0 8
3 3 3
t 113 54
m0 5 7
m1 0 14
m2 0 0
1 9 0
2 1 8
3 3 2
t 112 54
m0 6 7
m1 0 14
m2 1 0
1 8 0
2 0 8
3 3 3
t 111 54
m0 7 7
m1 1 14
m2 0 0
1 9 0
2 0 7
3 3 4
t 110 54
m0 7 7
m1 0 14
m2 1 0
1 8 0
2 0 8
3 4 4
t 109 54
m0 6 7
m1 0 13
m2 0 0
1 9 0
2 1 8
3 3 4
t 108 54
m0 6 6
m1 0 13
m2 1 0
1 8 0
2 2 8
3 3 3
t 107 54
m0 6 6
m1 0 14
m2 0 0
1 9 0
2 1 8
3 3 2
t 106 54
m0 6 7
m1 0 14
m2 1 0
1 8 0
2 0 8
3 3 3
t 105 54
m0 6 6
m1 0 14
m2 1 0
1 9 0
2 1 8
3 3 4
t 104 54
m0 6 7
m1 1 14
m2 1 0
1 8 0
2 0 8
3 4 4
t 103 54
m0 7 7
m1 1 13
m2 1 0
1 9 0
2 0 7
3 3 4
t 102 54
m0 7 8
m1 0 13
m2 0 0
1 8 0
2 1 7
3 4 4
t 101 54
m0 7 9
m1 1 13
m2 0 0
1 9 0
2 0 7
3 5 4
t 100 54
m0 7 8
m1 1 13
m2 1 0
1 8 0
2 0 8
3 4 4
t 99 54
m0 7 8
m1 1 14
m2 1 1
1 9 0
2 0 7
3 5 4
f 3 5
t 98 54
m0 7 7
m1 0 14
m2 1 0
1 8 0
2 0 8
3 4 4
t 97 54
m0 7 8
m1 1 14
m2 1 0
1 9 0
2 0 7
3 5 4
t 96 54
m0 7 8
m1 0 14
m2 1 0
1 8 0
2 1 7
3 5 3
t 95 54
m0 7 8
m1 0 14
m2 0 0
1 9 0
2 0 7
3 5 2
t 94 54
m0 7 8
m1 0 14
m2 1 0
1 8 0
2 1 7
3 5 3
t 93 54
m0 7 8
m1 0 14
m2 0 0
1 9 0
2 0 7
3 5 2
t 92 54
m0 7 7
m1 0 13
m2 0 1
1 8 0
2 1 7
3 5 3
t 91 54
m0 7 7
m1 0 14
m2 0 0
1 9 0
2 0 7
3 5 2
t 90 54
m0 7 7
m1 0 13
m2 0 0
1 8 0
2 1 7
3 4 2
t 89 54
m0 6 7
m1 0 14
m2 0 0
1 9 0
2 0 7
3 5 2
t 88 54
m0 6 6
m1 1 14
m2 0 0
1 8 0
2 0 8
3 4 2
t 87 54
m0 6 6
m1 1 14
m2 0 0
1 9 0
2 0 7
3 3 2
t 86 54
m0 6 6
m1 1 14
m2 1 0
1 8 0
2 0 8
3 3 3
t 85 54
m0 6 6
m1 1 14
m2 0 0
1 9 0
2 0 7
3 3 2
t 84 54
m0 6 6
m1 2 14
m2 1 0
1 8 0
2 0 8
3 3 3
t 83 54
m0 6 7
m1 2 14
m2 0 0
1 9 0
2 1 8
3 3 4
t 82 54
m0 5 7
m1 1 14
m2 0 1
1 8 0
2 0 8
3 3 3
t 81 54
m0 6 7
m1 0 14
m2 1 1
1 9 0
2 1 8
3 3 4
t 80 54
m0 7 7
m1 0 13
m2 1 0
1 8 0
2 2 8
3 4 4
t 79 54
m0 7 7
m1 0 13
m2 0 0
1 9 0
2 1 8
3 3 4
t 78 54
m0 7 8
m1 1 13
m2 1 0
1 8 0
2 0 8
3 4 4
t 77 54
m0 7 7
m1 2 13
m2 0 0
1 9 0
2 0 7
3 3 4
t 76 54
m0 7 7
m1 2 12
m2 1 0
1 8 0
2 0 8
3 4 4
t 75 55
m0 6 7
m1 2 11
m2 1 0
1 9 0
2 0 7
3 3 4
t 74 56
m0 6 7
m1 1 11
m2 1 0
1 8 0
2 0 8
3 4 4
t 73 56
m0 6 7
m1 0 11
m2 2 0
1 9 0
2 1 8
3 3 4
t 72 57
m0 7 7
m1 0 11
m2 1 0
1 8 0
2 2 8
3 4 4
t 71 57
m0 7 8
m1 1 11
m2 0 0
1 9 0
2 3 8
3 5 4
t 70 57
m0 7 8
m1 1 11
m2 0 0
1 8 0
2 2 8
3 5 3
t 69 57
m0 7 9
m1 0 11
m2 0 0
1 9 0
2 3 8
3 6 3
t 68 57
m0 8 9
m1 0 10
m2 1 0
1 8 0
2 4 8
3 5 3
t 67 57
m0 9 9
m1 0 11
m2 1 0
1 9 0
2 3 8
3 6 3
t 66 57
m0 9 8
m1 0 10
m2 1 0
1 8 0
2 4 8
3 5 3
t 65 57
m0 9 9
m1 0 11
m2 1 0
1 9 0
2 3 8
3 6 3
t 64 57
m0 9 8
m1 0 11
m2 1 0
1 8 0
2 2 8
3 5 3
t 63 57
m0 9 7
m1 0 11
m2 1 0
1 9 0
2 3 8
3 6 3
t 62 57
m0 9 8
m1 0 11
m2 0 0
1 8 0
2 2 8
3 5 3
t 61 57
m0 9 8
m1 0 10
m2 0 0
1 9 0
2 3 8
3 6 3
t 60 57
m0 9 7
m1 0 11
m2 1 0
1 8 0
2 4 8
3 5 3
t 59 57
m0 9 6
m1 0 10
m2 0 0
1 9 0
2 5 8
3 5 2
t 58 57
m0 8 6
m1 0 11
m2 0 0
1 8 0
2 4 8
3 4 2
t 57 57
m0 8 6
m1 0 11
m2 1 0
1 9 0
2 3 8
3 5 2
t 56 57
m0 8 6
m1 0 11
m2 0 0
1 8 0
2 4 8
3 4 2
t 55 57
m0 8 5
m1 1 11
m2 0 0
1 9 0
2 5 8
3 5 2
t 54 57
m0 8 5
m1 2 11
m2 0 0
1 8 0
2 4 8
3 4 2
t 53 57
m0 7 5
m1 1 11
m2 0 0
1 9 0
2 5 8
3 3 2
t 52 57
m0 8 5
m1 1 11
m2 1 0
1 8 0
2 5 9
3 3 3
t 51 57
m0 8 6
m1 0 11
m2 0 0
1 9 0
2 5 10
3 3 4
t 50 57
m0 8 6
m1 0 11
m2 1 0
1 8 0
2 5 9
3 4 4
t 49 57
m0 9 6
m1 0 11
m2 1 0
1 9 0
2 6 9
3 3 4
t 48 57
m0 9 6
m1 1 11
m2 1 0
1 8 0
2 5 9
3 4 4
t 47 57
m0 9 6
m1 1 11
m2 1 0
1 9 0
2 6 9
3 3 4
t 46 57
m0 9 7
m1 0 11
m2 1 0
1 8 0
2 5 9
3 4 4
t 45 57
m0 9 6
m1 0 11
m2 1 0
1 9 0
2 6 9
3 3 4
t 44 57
m0 8 6
m1 1 11
m2 0 0
1 8 0
2 5 9
3 3 3
t 43 57
m0 8 5
m1 2 11
m2 0 0
1 9 0
2 6 9
3 3 4
t 42 57
m0 7 5
m1 1 11
m2 1 0
1 8 0
2 5 9
3 3 3
t 41 57
m0 8 5
m1 1 12
m2 1 0
1 9 0
2 6 9
3 3 4
t 40 57
m0 8 5
m1 1 13
m2 0 0
1 8 0
2 5 9
3 3 3
t 39 57
m0 8 6
m1 0 13
m2 0 0
1 9 0
2 5 10
3 3 4
t 38 57
m0 8 5
m1 1 13
m2 0 0
1 8 0
2 5 9
3 3 3
t 37 57
m0 8 5
m1 1 14
m2 0 0
1 9 0
2 5 10
3 3 4
t 36 57
m0 7 5
m1 1 13
m2 0 0
1 8 0
2 5 11
3 2 4
t 35 57
m0 7 4
m1 0 13
m2 0 0
1 9 0
2 6 11
3 1 4
t 34 57
m0 7 4
m1 0 13
m2 1 0
1 8 0
2 6 12
3 1 5
t 33 57
m0 7 4
m1 0 13
m2 0 0
1 9 0
2 7 12
3 1 6
t 32 57
m0 7 5
m1 0 13
m2 0 0
1 8 0
2 8 12
3 1 7
t 31 57
m0 7 4
m1 0 13
m2 0 0
1 9 0
2 8 11
3 1 6
t 30 57
m0 7 5
m1 0 14
m2 0 1
1 8 0
2 9 11
3 1 7
t 29 57
m0 8 5
m1 0 13
m2 1 1
1 7 0
2 9 10
3 0 7
t 28 57
m0 8 5
m1 0 13
m2 1 0
1 8 0
2 9 11
3 1 7
t 27 57
m0 8 5
m1 0 13
m2 2 0
1 9 0
2 8 11
3 1 6
t 26 57
m0 7 5
m1 0 14
m2 2 0
1 8 0
2 9 11
3 1 7
t 25 57
m0 7 5
m1 0 13
m2 1 0
1 9 0
2 8 11
3 1 6
t 24 57
m0 8 5
m1 0 13
m2 1 0
1 8 0
2 9 11
3 2 6
t 23 57
m0 8 5
m1 0 13
m2 1 0
1 9 0
2 8 11
3 1 6
t 22 57
m0 8 6
m1 0 13
m2 0 0
1 8 0
2 9 11
3 1 7
t 21 57
m0 8 5
m1 0 13
m2 1 0
1 7 0
2 9 10
3 1 6
t 20 57
m0 7 5
m1 0 13
m2 0 0
1 8 0
2 9 11
3 1 7
t 19 57
m0 7 4
m1 0 13
m2 0 0
1 9 0
2 8 11
3 1 6
t 18 57
m0 7 5
m1 1 13
m2 1 0
1 8 0
2 9 11
3 2 6
t 17 57
m0 8 5
m1 0 13
m2 0 0
1 9 0
2 8 11
3 1 6
t 16 57
m0 7 5
m1 0 13
m2 0 0
1 8 0
2 9 11
3 1 7
t 15 57
m0 8 5
m1 0 13
m2 1 0
1 7 0
2 9 10
3 1 6
t 14 57
m0 8 5
m1 0 13
m2 0 0
1 8 0
2 9 11
3 2 6
t 13 57
m0 8 6
m1 0 13
m2 1 0
1 9 0
2 8 11
3 1 6
t 12 57
m0 8 6
m1 0 13
m2 0 0
1 8 0
2 9 11
3 1 7
t 11 57
m0 8 5
m1 0 13
m2 1 0
1 7 0
2 9 10
3 1 6
t 10 57
m0 8 5
m1 0 13
m2 1 0
1 8 0
2 9 11
3 2 6
t 9 57
m0 8 5
m1 0 13
m2 1 0
1 9 0
2 8 11
3 1 6
t 8 57
m0 8 6
m1 0 14
m2 1 0
1 8 0
2 9 11
3 1 7
t 7 57
m0 9 6
m1 0 13
m2 0 0
1 7 0
2 8 11
3 1 6
t 6 57
m0 9 6
m1 0 13
m2 0 0
1 8 0
2 8 12
3 2 6
t 5 57
m0 9 6
m1 0 13
m2 1 0
1 9 0
2 7 12
3 1 6
t 4 57
m0 9 6
m1 0 13
m2 0 0
1 8 0
2 8 12
3 2 6
t 3 57
m0 9 6
m1 0 14
m2 0 0
1 7 0
2 7 12
3 1 6
t 2 57
m0 9 6
m1 0 13
m2 1 0
1 8 0
2 8 12
3 2 6
t 1 57
m0 9 6
m1 0 13
m2 1 0
1 8 0
2 8 12
3 2 6
t 0 57
